{
  "frames": [
    {
      "file_path": "/media/NFS/ttao/scannet/posed_images/scene0024_00/00003.jpg",
      "transform_matrix": [
        [
          0.468431,
          0.309409,
          -0.82755,
          2.722082
        ],
        [
          0.883026,
          -0.133283,
          0.45,
          3.167839
        ],
        [
          0.028935,
          -0.941542,
          -0.33565,
          1.441818
        ],
        [
          0.0,
          0.0,
          0.0,
          1.0
        ]
      ]
    },
    {
      "file_path": "/media/NFS/ttao/scannet/posed_images/scene0024_00/00010.jpg",
      "transform_matrix": [
        [
          0.478572,
          0.305601,
          -0.823151,
          2.709726
        ],
        [
          0.877201,
          -0.125214,
          0.463509,
          3.165858
        ],
        [
          0.038578,
          -0.943891,
          -0.327997,
          1.460932
        ],
        [
          0.0,
          0.0,
          0.0,
          1.0
        ]
      ]
    },
    {
      "file_path": "/media/NFS/ttao/scannet/posed_images/scene0024_00/00024.jpg",
      "transform_matrix": [
        [
          0.46972,
          0.363398,
          -0.804553,
          2.692917
        ],
        [
          0.882519,
          -0.216905,
          0.417269,
          3.12152
        ],
        [
          -0.022877,
          -0.906032,
          -0.42259,
          1.378428
        ],
        [
          0.0,
          0.0,
          0.0,
          1.0
        ]
      ]
    },
    {
      "file_path": "/media/NFS/ttao/scannet/posed_images/scene0024_00/00037.jpg",
      "transform_matrix": [
        [
          0.403302,
          0.438383,
          -0.803224,
          2.701806
        ],
        [
          0.913909,
          -0.237115,
          0.329465,
          3.094852
        ],
        [
          -0.046025,
          -0.866947,
          -0.496271,
          1.338233
        ],
        [
          0.0,
          0.0,
          0.0,
          1.0
        ]
      ]
    },
    {
      "file_path": "/media/NFS/ttao/scannet/posed_images/scene0024_00/00051.jpg",
      "transform_matrix": [
        [
          0.419428,
          0.428747,
          -0.80016,
          2.752266
        ],
        [
          0.907729,
          -0.208166,
          0.364273,
          3.119905
        ],
        [
          -0.010385,
          -0.879115,
          -0.476497,
          1.383571
        ],
        [
          0.0,
          0.0,
          0.0,
          1.0
        ]
      ]
    },
    {
      "file_path": "/media/NFS/ttao/scannet/posed_images/scene0024_00/00061.jpg",
      "transform_matrix": [
        [
          0.423523,
          0.356654,
          -0.832722,
          2.802239
        ],
        [
          0.9057,
          -0.148109,
          0.397205,
          3.146766
        ],
        [
          0.018332,
          -0.922422,
          -0.385749,
          1.435956
        ],
        [
          0.0,
          0.0,
          0.0,
          1.0
        ]
      ]
    },
    {
      "file_path": "/media/NFS/ttao/scannet/posed_images/scene0024_00/00065.jpg",
      "transform_matrix": [
        [
          0.430435,
          0.343096,
          -0.834872,
          2.814195
        ],
        [
          0.902579,
          -0.154647,
          0.40179,
          3.157341
        ],
        [
          0.008742,
          -0.926482,
          -0.376237,
          1.450629
        ],
        [
          0.0,
          0.0,
          0.0,
          1.0
        ]
      ]
    },
    {
      "file_path": "/media/NFS/ttao/scannet/posed_images/scene0024_00/00082.jpg",
      "transform_matrix": [
        [
          0.456713,
          0.308796,
          -0.834301,
          2.918382
        ],
        [
          0.889613,
          -0.159903,
          0.427808,
          3.295789
        ],
        [
          -0.001302,
          -0.937591,
          -0.347739,
          1.458303
        ],
        [
          0.0,
          0.0,
          0.0,
          1.0
        ]
      ]
    },
    {
      "file_path": "/media/NFS/ttao/scannet/posed_images/scene0024_00/00092.jpg",
      "transform_matrix": [
        [
          0.463365,
          0.32496,
          -0.824436,
          2.916816
        ],
        [
          0.8861,
          -0.181432,
          0.426509,
          3.392287
        ],
        [
          -0.01098,
          -0.928162,
          -0.372016,
          1.438022
        ],
        [
          0.0,
          0.0,
          0.0,
          1.0
        ]
      ]
    },
    {
      "file_path": "/media/NFS/ttao/scannet/posed_images/scene0024_00/00109.jpg",
      "transform_matrix": [
        [
          0.315844,
          0.351379,
          -0.881349,
          2.931397
        ],
        [
          0.948402,
          -0.144207,
          0.282381,
          3.53444
        ],
        [
          -0.027874,
          -0.925061,
          -0.378795,
          1.448333
        ],
        [
          0.0,
          0.0,
          0.0,
          1.0
        ]
      ]
    },
    {
      "file_path": "/media/NFS/ttao/scannet/posed_images/scene0024_00/00112.jpg",
      "transform_matrix": [
        [
          0.276611,
          0.351333,
          -0.894456,
          2.955621
        ],
        [
          0.960535,
          -0.129457,
          0.246197,
          3.576237
        ],
        [
          -0.029296,
          -0.927257,
          -0.373277,
          1.442009
        ],
        [
          0.0,
          0.0,
          0.0,
          1.0
        ]
      ]
    },
    {
      "file_path": "/media/NFS/ttao/scannet/posed_images/scene0024_00/00122.jpg",
      "transform_matrix": [
        [
          0.120218,
          0.394281,
          -0.911093,
          3.074162
        ],
        [
          0.992317,
          -0.02071,
          0.121973,
          3.725612
        ],
        [
          0.029223,
          -0.918757,
          -0.393742,
          1.437689
        ],
        [
          0.0,
          0.0,
          0.0,
          1.0
        ]
      ]
    },
    {
      "file_path": "/media/NFS/ttao/scannet/posed_images/scene0024_00/00133.jpg",
      "transform_matrix": [
        [
          0.059866,
          0.333512,
          -0.940843,
          3.142579
        ],
        [
          0.998168,
          -0.011701,
          0.059366,
          3.783247
        ],
        [
          0.00879,
          -0.942673,
          -0.333602,
          1.490224
        ],
        [
          0.0,
          0.0,
          0.0,
          1.0
        ]
      ]
    },
    {
      "file_path": "/media/NFS/ttao/scannet/posed_images/scene0024_00/00146.jpg",
      "transform_matrix": [
        [
          0.018262,
          0.23634,
          -0.971499,
          3.137512
        ],
        [
          0.999723,
          0.010138,
          0.021259,
          3.707935
        ],
        [
          0.014873,
          -0.971618,
          -0.236089,
          1.541823
        ],
        [
          0.0,
          0.0,
          0.0,
          1.0
        ]
      ]
    },
    {
      "file_path": "/media/NFS/ttao/scannet/posed_images/scene0024_00/00160.jpg",
      "transform_matrix": [
        [
          -0.068932,
          0.312931,
          -0.947271,
          3.064392
        ],
        [
          0.997595,
          0.014738,
          -0.067725,
          3.501114
        ],
        [
          -0.007233,
          -0.949661,
          -0.313195,
          1.468188
        ],
        [
          0.0,
          0.0,
          0.0,
          1.0
        ]
      ]
    },
    {
      "file_path": "/media/NFS/ttao/scannet/posed_images/scene0024_00/00170.jpg",
      "transform_matrix": [
        [
          -0.130168,
          0.363569,
          -0.922428,
          3.01743
        ],
        [
          0.991331,
          0.064459,
          -0.114485,
          3.374427
        ],
        [
          0.017835,
          -0.929334,
          -0.368808,
          1.418754
        ],
        [
          0.0,
          0.0,
          0.0,
          1.0
        ]
      ]
    },
    {
      "file_path": "/media/NFS/ttao/scannet/posed_images/scene0024_00/00180.jpg",
      "transform_matrix": [
        [
          -0.190945,
          0.331594,
          -0.923897,
          2.967707
        ],
        [
          0.981226,
          0.090495,
          -0.170314,
          3.339289
        ],
        [
          0.027133,
          -0.939072,
          -0.342648,
          1.462865
        ],
        [
          0.0,
          0.0,
          0.0,
          1.0
        ]
      ]
    },
    {
      "file_path": "/media/NFS/ttao/scannet/posed_images/scene0024_00/00194.jpg",
      "transform_matrix": [
        [
          -0.258258,
          0.173722,
          -0.950328,
          2.912269
        ],
        [
          0.966075,
          0.044843,
          -0.25434,
          3.292444
        ],
        [
          -0.001569,
          -0.983773,
          -0.179409,
          1.580238
        ],
        [
          0.0,
          0.0,
          0.0,
          1.0
        ]
      ]
    },
    {
      "file_path": "/media/NFS/ttao/scannet/posed_images/scene0024_00/00200.jpg",
      "transform_matrix": [
        [
          -0.283806,
          0.137059,
          -0.949036,
          2.914763
        ],
        [
          0.958801,
          0.027709,
          -0.282724,
          3.276631
        ],
        [
          -0.012453,
          -0.990175,
          -0.139277,
          1.57026
        ],
        [
          0.0,
          0.0,
          0.0,
          1.0
        ]
      ]
    },
    {
      "file_path": "/media/NFS/ttao/scannet/posed_images/scene0024_00/00214.jpg",
      "transform_matrix": [
        [
          -0.265468,
          0.083589,
          -0.960489,
          2.942523
        ],
        [
          0.96408,
          0.013952,
          -0.265246,
          3.171624
        ],
        [
          -0.008771,
          -0.996403,
          -0.08429,
          1.649636
        ],
        [
          0.0,
          0.0,
          0.0,
          1.0
        ]
      ]
    },
    {
      "file_path": "/media/NFS/ttao/scannet/posed_images/scene0024_00/00231.jpg",
      "transform_matrix": [
        [
          -0.318545,
          0.25101,
          -0.914069,
          2.976908
        ],
        [
          0.947509,
          0.056341,
          -0.314727,
          3.105052
        ],
        [
          -0.0275,
          -0.966344,
          -0.255781,
          1.505693
        ],
        [
          0.0,
          0.0,
          0.0,
          1.0
        ]
      ]
    },
    {
      "file_path": "/media/NFS/ttao/scannet/posed_images/scene0024_00/00234.jpg",
      "transform_matrix": [
        [
          -0.315338,
          0.281008,
          -0.906419,
          2.973829
        ],
        [
          0.948371,
          0.059122,
          -0.311604,
          3.094007
        ],
        [
          -0.033974,
          -0.957883,
          -0.285143,
          1.486303
        ],
        [
          0.0,
          0.0,
          0.0,
          1.0
        ]
      ]
    },
    {
      "file_path": "/media/NFS/ttao/scannet/posed_images/scene0024_00/00251.jpg",
      "transform_matrix": [
        [
          -0.283155,
          0.442635,
          -0.850821,
          2.927789
        ],
        [
          0.95838,
          0.096839,
          -0.268571,
          3.117328
        ],
        [
          -0.036486,
          -0.891457,
          -0.451633,
          1.387433
        ],
        [
          0.0,
          0.0,
          0.0,
          1.0
        ]
      ]
    },
    {
      "file_path": "/media/NFS/ttao/scannet/posed_images/scene0024_00/00258.jpg",
      "transform_matrix": [
        [
          -0.189402,
          0.441147,
          -0.877221,
          2.905697
        ],
        [
          0.981639,
          0.064479,
          -0.179521,
          3.150127
        ],
        [
          -0.022633,
          -0.895115,
          -0.445259,
          1.389071
        ],
        [
          0.0,
          0.0,
          0.0,
          1.0
        ]
      ]
    },
    {
      "file_path": "/media/NFS/ttao/scannet/posed_images/scene0024_00/00275.jpg",
      "transform_matrix": [
        [
          0.100121,
          0.50663,
          -0.85633,
          2.915436
        ],
        [
          0.994967,
          -0.047394,
          0.08829,
          3.176198
        ],
        [
          0.004146,
          -0.86086,
          -0.508825,
          1.337007
        ],
        [
          0.0,
          0.0,
          0.0,
          1.0
        ]
      ]
    },
    {
      "file_path": "/media/NFS/ttao/scannet/posed_images/scene0024_00/00289.jpg",
      "transform_matrix": [
        [
          -0.046291,
          0.524795,
          -0.849969,
          2.907291
        ],
        [
          0.998922,
          0.021251,
          -0.041282,
          2.994382
        ],
        [
          -0.003602,
          -0.850963,
          -0.525213,
          1.352357
        ],
        [
          0.0,
          0.0,
          0.0,
          1.0
        ]
      ]
    },
    {
      "file_path": "/media/NFS/ttao/scannet/posed_images/scene0024_00/00299.jpg",
      "transform_matrix": [
        [
          -0.156726,
          0.524864,
          -0.836633,
          2.905999
        ],
        [
          0.987607,
          0.090473,
          -0.128249,
          2.8977
        ],
        [
          0.00838,
          -0.846364,
          -0.532539,
          1.340114
        ],
        [
          0.0,
          0.0,
          0.0,
          1.0
        ]
      ]
    },
    {
      "file_path": "/media/NFS/ttao/scannet/posed_images/scene0024_00/00309.jpg",
      "transform_matrix": [
        [
          -0.124779,
          0.501443,
          -0.856146,
          2.874943
        ],
        [
          0.992181,
          0.060902,
          -0.108936,
          2.815932
        ],
        [
          -0.002484,
          -0.863045,
          -0.505122,
          1.371616
        ],
        [
          0.0,
          0.0,
          0.0,
          1.0
        ]
      ]
    },
    {
      "file_path": "/media/NFS/ttao/scannet/posed_images/scene0024_00/00319.jpg",
      "transform_matrix": [
        [
          -0.211846,
          0.481483,
          -0.850467,
          2.858257
        ],
        [
          0.973946,
          0.031948,
          -0.224516,
          2.890722
        ],
        [
          -0.08093,
          -0.875873,
          -0.475707,
          1.405296
        ],
        [
          0.0,
          0.0,
          0.0,
          1.0
        ]
      ]
    },
    {
      "file_path": "/media/NFS/ttao/scannet/posed_images/scene0024_00/00333.jpg",
      "transform_matrix": [
        [
          -0.483058,
          0.427964,
          -0.763873,
          2.8197
        ],
        [
          0.875354,
          0.215845,
          -0.432628,
          3.055882
        ],
        [
          -0.020271,
          -0.877643,
          -0.478886,
          1.388789
        ],
        [
          0.0,
          0.0,
          0.0,
          1.0
        ]
      ]
    },
    {
      "file_path": "/media/NFS/ttao/scannet/posed_images/scene0024_00/00347.jpg",
      "transform_matrix": [
        [
          -0.558018,
          0.384528,
          -0.73536,
          2.643969
        ],
        [
          0.829247,
          0.22521,
          -0.511498,
          3.189559
        ],
        [
          -0.031075,
          -0.89522,
          -0.44454,
          1.380589
        ],
        [
          0.0,
          0.0,
          0.0,
          1.0
        ]
      ]
    },
    {
      "file_path": "/media/NFS/ttao/scannet/posed_images/scene0024_00/00357.jpg",
      "transform_matrix": [
        [
          -0.567644,
          0.37482,
          -0.733,
          2.489554
        ],
        [
          0.821993,
          0.208391,
          -0.53,
          3.288504
        ],
        [
          -0.045904,
          -0.903373,
          -0.426392,
          1.401525
        ],
        [
          0.0,
          0.0,
          0.0,
          1.0
        ]
      ]
    },
    {
      "file_path": "/media/NFS/ttao/scannet/posed_images/scene0024_00/00364.jpg",
      "transform_matrix": [
        [
          -0.622687,
          0.336896,
          -0.706231,
          2.410022
        ],
        [
          0.782212,
          0.244802,
          -0.572901,
          3.354601
        ],
        [
          -0.020121,
          -0.909161,
          -0.415959,
          1.413562
        ],
        [
          0.0,
          0.0,
          0.0,
          1.0
        ]
      ]
    },
    {
      "file_path": "/media/NFS/ttao/scannet/posed_images/scene0024_00/00377.jpg",
      "transform_matrix": [
        [
          -0.719281,
          0.296356,
          -0.628337,
          2.271067
        ],
        [
          0.694623,
          0.291751,
          -0.657557,
          3.467548
        ],
        [
          -0.011553,
          -0.909425,
          -0.415707,
          1.434152
        ],
        [
          0.0,
          0.0,
          0.0,
          1.0
        ]
      ]
    },
    {
      "file_path": "/media/NFS/ttao/scannet/posed_images/scene0024_00/00387.jpg",
      "transform_matrix": [
        [
          -0.760336,
          0.306159,
          -0.572849,
          2.170666
        ],
        [
          0.649044,
          0.323982,
          -0.688315,
          3.526692
        ],
        [
          -0.025142,
          -0.895155,
          -0.445045,
          1.376597
        ],
        [
          0.0,
          0.0,
          0.0,
          1.0
        ]
      ]
    },
    {
      "file_path": "/media/NFS/ttao/scannet/posed_images/scene0024_00/00401.jpg",
      "transform_matrix": [
        [
          -0.861313,
          0.25703,
          -0.438263,
          2.00531
        ],
        [
          0.506168,
          0.359454,
          -0.783956,
          3.601886
        ],
        [
          -0.043965,
          -0.897066,
          -0.439703,
          1.359811
        ],
        [
          0.0,
          0.0,
          0.0,
          1.0
        ]
      ]
    },
    {
      "file_path": "/media/NFS/ttao/scannet/posed_images/scene0024_00/00404.jpg",
      "transform_matrix": [
        [
          -0.866007,
          0.267169,
          -0.422673,
          1.973763
        ],
        [
          0.496386,
          0.357455,
          -0.791092,
          3.609013
        ],
        [
          -0.060269,
          -0.8949,
          -0.442178,
          1.353015
        ],
        [
          0.0,
          0.0,
          0.0,
          1.0
        ]
      ]
    },
    {
      "file_path": "/media/NFS/ttao/scannet/posed_images/scene0024_00/00421.jpg",
      "transform_matrix": [
        [
          -0.945544,
          0.221126,
          -0.23885,
          1.88412
        ],
        [
          0.30612,
          0.354735,
          -0.883433,
          3.657419
        ],
        [
          -0.110621,
          -0.908442,
          -0.403109,
          1.344205
        ],
        [
          0.0,
          0.0,
          0.0,
          1.0
        ]
      ]
    },
    {
      "file_path": "/media/NFS/ttao/scannet/posed_images/scene0024_00/00432.jpg",
      "transform_matrix": [
        [
          -0.93468,
          0.215676,
          -0.28259,
          1.881327
        ],
        [
          0.343165,
          0.339906,
          -0.875615,
          3.654576
        ],
        [
          -0.092795,
          -0.915395,
          -0.391715,
          1.36648
        ],
        [
          0.0,
          0.0,
          0.0,
          1.0
        ]
      ]
    },
    {
      "file_path": "/media/NFS/ttao/scannet/posed_images/scene0024_00/00445.jpg",
      "transform_matrix": [
        [
          -0.946696,
          0.125295,
          -0.296761,
          2.029713
        ],
        [
          0.319101,
          0.238785,
          -0.917146,
          3.580877
        ],
        [
          -0.044052,
          -0.962955,
          -0.266038,
          1.48278
        ],
        [
          0.0,
          0.0,
          0.0,
          1.0
        ]
      ]
    },
    {
      "file_path": "/media/NFS/ttao/scannet/posed_images/scene0024_00/00452.jpg",
      "transform_matrix": [
        [
          -0.916994,
          0.102493,
          -0.385509,
          2.115841
        ],
        [
          0.398527,
          0.193541,
          -0.896503,
          3.539247
        ],
        [
          -0.017273,
          -0.975724,
          -0.218322,
          1.493916
        ],
        [
          0.0,
          0.0,
          0.0,
          1.0
        ]
      ]
    },
    {
      "file_path": "/media/NFS/ttao/scannet/posed_images/scene0024_00/00469.jpg",
      "transform_matrix": [
        [
          -0.865541,
          0.059836,
          -0.497251,
          2.323874
        ],
        [
          0.50075,
          0.122053,
          -0.856944,
          3.408976
        ],
        [
          0.009415,
          -0.990718,
          -0.135605,
          1.578731
        ],
        [
          0.0,
          0.0,
          0.0,
          1.0
        ]
      ]
    },
    {
      "file_path": "/media/NFS/ttao/scannet/posed_images/scene0024_00/00472.jpg",
      "transform_matrix": [
        [
          -0.862725,
          0.030919,
          -0.504727,
          2.343623
        ],
        [
          0.504337,
          0.125124,
          -0.854393,
          3.389455
        ],
        [
          0.036737,
          -0.991659,
          -0.123541,
          1.55259
        ],
        [
          0.0,
          0.0,
          0.0,
          1.0
        ]
      ]
    },
    {
      "file_path": "/media/NFS/ttao/scannet/posed_images/scene0024_00/00486.jpg",
      "transform_matrix": [
        [
          -0.86996,
          0.105758,
          -0.481648,
          2.438169
        ],
        [
          0.493079,
          0.173593,
          -0.85249,
          3.266791
        ],
        [
          -0.006547,
          -0.979122,
          -0.203166,
          1.471166
        ],
        [
          0.0,
          0.0,
          0.0,
          1.0
        ]
      ]
    },
    {
      "file_path": "/media/NFS/ttao/scannet/posed_images/scene0024_00/00496.jpg",
      "transform_matrix": [
        [
          -0.873583,
          0.154874,
          -0.461375,
          2.494597
        ],
        [
          0.486631,
          0.290762,
          -0.823801,
          3.167127
        ],
        [
          0.006564,
          -0.944178,
          -0.329371,
          1.41026
        ],
        [
          0.0,
          0.0,
          0.0,
          1.0
        ]
      ]
    },
    {
      "file_path": "/media/NFS/ttao/scannet/posed_images/scene0024_00/00516.jpg",
      "transform_matrix": [
        [
          -0.809489,
          0.272624,
          -0.520003,
          2.754041
        ],
        [
          0.58712,
          0.382201,
          -0.713592,
          2.980452
        ],
        [
          0.004203,
          -0.882949,
          -0.46945,
          1.356103
        ],
        [
          0.0,
          0.0,
          0.0,
          1.0
        ]
      ]
    },
    {
      "file_path": "/media/NFS/ttao/scannet/posed_images/scene0024_00/00527.jpg",
      "transform_matrix": [
        [
          -0.796575,
          0.320496,
          -0.512591,
          2.842882
        ],
        [
          0.603569,
          0.373621,
          -0.704351,
          2.844451
        ],
        [
          -0.034227,
          -0.870454,
          -0.491059,
          1.32346
        ],
        [
          0.0,
          0.0,
          0.0,
          1.0
        ]
      ]
    },
    {
      "file_path": "/media/NFS/ttao/scannet/posed_images/scene0024_00/00530.jpg",
      "transform_matrix": [
        [
          -0.770904,
          0.347438,
          -0.533847,
          2.846651
        ],
        [
          0.636181,
          0.378802,
          -0.672148,
          2.787545
        ],
        [
          -0.031308,
          -0.857786,
          -0.513053,
          1.341109
        ],
        [
          0.0,
          0.0,
          0.0,
          1.0
        ]
      ]
    },
    {
      "file_path": "/media/NFS/ttao/scannet/posed_images/scene0024_00/00550.jpg",
      "transform_matrix": [
        [
          -0.660448,
          0.362043,
          -0.657825,
          2.941925
        ],
        [
          0.7495,
          0.370791,
          -0.548419,
          2.58584
        ],
        [
          0.045364,
          -0.855242,
          -0.51624,
          1.348117
        ],
        [
          0.0,
          0.0,
          0.0,
          1.0
        ]
      ]
    },
    {
      "file_path": "/media/NFS/ttao/scannet/posed_images/scene0024_00/00557.jpg",
      "transform_matrix": [
        [
          -0.608987,
          0.396237,
          -0.687118,
          3.01386
        ],
        [
          0.792998,
          0.322744,
          -0.516711,
          2.527958
        ],
        [
          0.017023,
          -0.859554,
          -0.510762,
          1.363552
        ],
        [
          0.0,
          0.0,
          0.0,
          1.0
        ]
      ]
    },
    {
      "file_path": "/media/NFS/ttao/scannet/posed_images/scene0024_00/00567.jpg",
      "transform_matrix": [
        [
          -0.533817,
          0.421422,
          -0.733105,
          3.093161
        ],
        [
          0.845561,
          0.274342,
          -0.457998,
          2.445654
        ],
        [
          0.008111,
          -0.864373,
          -0.502786,
          1.346968
        ],
        [
          0.0,
          0.0,
          0.0,
          1.0
        ]
      ]
    },
    {
      "file_path": "/media/NFS/ttao/scannet/posed_images/scene0024_00/00578.jpg",
      "transform_matrix": [
        [
          -0.545628,
          0.448275,
          -0.708053,
          3.129017
        ],
        [
          0.837658,
          0.316815,
          -0.444923,
          2.366245
        ],
        [
          0.024874,
          -0.835869,
          -0.548365,
          1.270171
        ],
        [
          0.0,
          0.0,
          0.0,
          1.0
        ]
      ]
    },
    {
      "file_path": "/media/NFS/ttao/scannet/posed_images/scene0024_00/00595.jpg",
      "transform_matrix": [
        [
          -0.53607,
          0.45961,
          -0.708087,
          3.131879
        ],
        [
          0.843457,
          0.326152,
          -0.426854,
          2.272076
        ],
        [
          0.034758,
          -0.826065,
          -0.562502,
          1.280949
        ],
        [
          0.0,
          0.0,
          0.0,
          1.0
        ]
      ]
    },
    {
      "file_path": "/media/NFS/ttao/scannet/posed_images/scene0024_00/00605.jpg",
      "transform_matrix": [
        [
          -0.495171,
          0.435482,
          -0.751772,
          3.136699
        ],
        [
          0.864972,
          0.3282,
          -0.379615,
          2.23175
        ],
        [
          0.081416,
          -0.838236,
          -0.539195,
          1.303766
        ],
        [
          0.0,
          0.0,
          0.0,
          1.0
        ]
      ]
    },
    {
      "file_path": "/media/NFS/ttao/scannet/posed_images/scene0024_00/00608.jpg",
      "transform_matrix": [
        [
          -0.489853,
          0.42569,
          -0.76081,
          3.143293
        ],
        [
          0.868382,
          0.315502,
          -0.382584,
          2.210171
        ],
        [
          0.077175,
          -0.848084,
          -0.524211,
          1.302396
        ],
        [
          0.0,
          0.0,
          0.0,
          1.0
        ]
      ]
    },
    {
      "file_path": "/media/NFS/ttao/scannet/posed_images/scene0024_00/00625.jpg",
      "transform_matrix": [
        [
          -0.41741,
          0.510331,
          -0.751885,
          3.180957
        ],
        [
          0.907907,
          0.269159,
          -0.321338,
          2.026636
        ],
        [
          0.038387,
          -0.816772,
          -0.575683,
          1.276557
        ],
        [
          0.0,
          0.0,
          0.0,
          1.0
        ]
      ]
    },
    {
      "file_path": "/media/NFS/ttao/scannet/posed_images/scene0024_00/00639.jpg",
      "transform_matrix": [
        [
          -0.30273,
          0.521633,
          -0.797655,
          3.241203
        ],
        [
          0.950231,
          0.229811,
          -0.21035,
          1.91118
        ],
        [
          0.073585,
          -0.821636,
          -0.565243,
          1.276174
        ],
        [
          0.0,
          0.0,
          0.0,
          1.0
        ]
      ]
    },
    {
      "file_path": "/media/NFS/ttao/scannet/posed_images/scene0024_00/00642.jpg",
      "transform_matrix": [
        [
          -0.312311,
          0.519215,
          -0.795536,
          3.263057
        ],
        [
          0.946127,
          0.245352,
          -0.211298,
          1.878109
        ],
        [
          0.085477,
          -0.818669,
          -0.567869,
          1.276213
        ],
        [
          0.0,
          0.0,
          0.0,
          1.0
        ]
      ]
    },
    {
      "file_path": "/media/NFS/ttao/scannet/posed_images/scene0024_00/00663.jpg",
      "transform_matrix": [
        [
          -0.582917,
          0.409208,
          -0.701966,
          3.24774
        ],
        [
          0.808895,
          0.373909,
          -0.453742,
          2.058582
        ],
        [
          0.076797,
          -0.83231,
          -0.548965,
          1.312553
        ],
        [
          0.0,
          0.0,
          0.0,
          1.0
        ]
      ]
    },
    {
      "file_path": "/media/NFS/ttao/scannet/posed_images/scene0024_00/00673.jpg",
      "transform_matrix": [
        [
          -0.645245,
          0.388729,
          -0.657684,
          3.230517
        ],
        [
          0.763969,
          0.324729,
          -0.557586,
          2.167193
        ],
        [
          -0.003181,
          -0.86223,
          -0.506507,
          1.375062
        ],
        [
          0.0,
          0.0,
          0.0,
          1.0
        ]
      ]
    },
    {
      "file_path": "/media/NFS/ttao/scannet/posed_images/scene0024_00/00683.jpg",
      "transform_matrix": [
        [
          -0.694568,
          0.32909,
          -0.639746,
          3.239022
        ],
        [
          0.719403,
          0.310475,
          -0.621341,
          2.268645
        ],
        [
          -0.005852,
          -0.891799,
          -0.452395,
          1.408213
        ],
        [
          0.0,
          0.0,
          0.0,
          1.0
        ]
      ]
    },
    {
      "file_path": "/media/NFS/ttao/scannet/posed_images/scene0024_00/00690.jpg",
      "transform_matrix": [
        [
          -0.737375,
          0.27932,
          -0.615027,
          3.234232
        ],
        [
          0.675483,
          0.306224,
          -0.670783,
          2.353016
        ],
        [
          0.000973,
          -0.910059,
          -0.414478,
          1.409968
        ],
        [
          0.0,
          0.0,
          0.0,
          1.0
        ]
      ]
    },
    {
      "file_path": "/media/NFS/ttao/scannet/posed_images/scene0024_00/00707.jpg",
      "transform_matrix": [
        [
          -0.854601,
          0.20359,
          -0.477712,
          3.086442
        ],
        [
          0.51907,
          0.308409,
          -0.797151,
          2.467
        ],
        [
          -0.014961,
          -0.929212,
          -0.369244,
          1.444436
        ],
        [
          0.0,
          0.0,
          0.0,
          1.0
        ]
      ]
    },
    {
      "file_path": "/media/NFS/ttao/scannet/posed_images/scene0024_00/00710.jpg",
      "transform_matrix": [
        [
          -0.860204,
          0.210267,
          -0.464582,
          3.044525
        ],
        [
          0.509186,
          0.304314,
          -0.805061,
          2.495803
        ],
        [
          -0.027899,
          -0.929075,
          -0.368837,
          1.444162
        ],
        [
          0.0,
          0.0,
          0.0,
          1.0
        ]
      ]
    },
    {
      "file_path": "/media/NFS/ttao/scannet/posed_images/scene0024_00/00727.jpg",
      "transform_matrix": [
        [
          -0.902628,
          0.163506,
          -0.398157,
          3.001254
        ],
        [
          0.429179,
          0.271648,
          -0.861402,
          2.628038
        ],
        [
          -0.032686,
          -0.948406,
          -0.31537,
          1.482635
        ],
        [
          0.0,
          0.0,
          0.0,
          1.0
        ]
      ]
    },
    {
      "file_path": "/media/NFS/ttao/scannet/posed_images/scene0024_00/00737.jpg",
      "transform_matrix": [
        [
          -0.932113,
          0.099069,
          -0.348353,
          2.990061
        ],
        [
          0.362063,
          0.277911,
          -0.889762,
          2.727148
        ],
        [
          0.008664,
          -0.955485,
          -0.294914,
          1.489764
        ],
        [
          0.0,
          0.0,
          0.0,
          1.0
        ]
      ]
    },
    {
      "file_path": "/media/NFS/ttao/scannet/posed_images/scene0024_00/00744.jpg",
      "transform_matrix": [
        [
          -0.941539,
          0.087373,
          -0.325377,
          2.973319
        ],
        [
          0.336902,
          0.241323,
          -0.910088,
          2.750096
        ],
        [
          -0.000996,
          -0.966504,
          -0.256651,
          1.545979
        ],
        [
          0.0,
          0.0,
          0.0,
          1.0
        ]
      ]
    },
    {
      "file_path": "/media/NFS/ttao/scannet/posed_images/scene0024_00/00758.jpg",
      "transform_matrix": [
        [
          -0.967696,
          0.04025,
          -0.248887,
          2.823998
        ],
        [
          0.252097,
          0.141066,
          -0.957365,
          2.766102
        ],
        [
          -0.003424,
          -0.989182,
          -0.146656,
          1.588891
        ],
        [
          0.0,
          0.0,
          0.0,
          1.0
        ]
      ]
    },
    {
      "file_path": "/media/NFS/ttao/scannet/posed_images/scene0024_00/00775.jpg",
      "transform_matrix": [
        [
          -0.979117,
          0.064885,
          -0.192665,
          2.723773
        ],
        [
          0.203089,
          0.269197,
          -0.941428,
          2.775833
        ],
        [
          -0.00922,
          -0.960897,
          -0.276753,
          1.467583
        ],
        [
          0.0,
          0.0,
          0.0,
          1.0
        ]
      ]
    },
    {
      "file_path": "/media/NFS/ttao/scannet/posed_images/scene0024_00/00785.jpg",
      "transform_matrix": [
        [
          -0.979758,
          0.083356,
          -0.182004,
          2.719248
        ],
        [
          0.199868,
          0.356213,
          -0.912779,
          2.759373
        ],
        [
          -0.011253,
          -0.930679,
          -0.365663,
          1.406739
        ],
        [
          0.0,
          0.0,
          0.0,
          1.0
        ]
      ]
    },
    {
      "file_path": "/media/NFS/ttao/scannet/posed_images/scene0024_00/00799.jpg",
      "transform_matrix": [
        [
          -0.98638,
          0.094303,
          -0.134765,
          2.721338
        ],
        [
          0.163439,
          0.469764,
          -0.867531,
          2.710753
        ],
        [
          -0.018503,
          -0.877741,
          -0.478778,
          1.376529
        ],
        [
          0.0,
          0.0,
          0.0,
          1.0
        ]
      ]
    },
    {
      "file_path": "/media/NFS/ttao/scannet/posed_images/scene0024_00/00805.jpg",
      "transform_matrix": [
        [
          -0.989963,
          0.090883,
          -0.108227,
          2.689427
        ],
        [
          0.138704,
          0.478013,
          -0.867332,
          2.698725
        ],
        [
          -0.027091,
          -0.873638,
          -0.485821,
          1.367795
        ],
        [
          0.0,
          0.0,
          0.0,
          1.0
        ]
      ]
    },
    {
      "file_path": "/media/NFS/ttao/scannet/posed_images/scene0024_00/00812.jpg",
      "transform_matrix": [
        [
          -0.993798,
          0.067893,
          -0.088073,
          2.597578
        ],
        [
          0.110386,
          0.506418,
          -0.855193,
          2.68639
        ],
        [
          -0.01346,
          -0.859611,
          -0.510772,
          1.346831
        ],
        [
          0.0,
          0.0,
          0.0,
          1.0
        ]
      ]
    },
    {
      "file_path": "/media/NFS/ttao/scannet/posed_images/scene0024_00/00826.jpg",
      "transform_matrix": [
        [
          -0.999509,
          -0.019601,
          0.024447,
          2.406422
        ],
        [
          -0.031278,
          0.577327,
          -0.815913,
          2.671544
        ],
        [
          0.001879,
          -0.816277,
          -0.577657,
          1.288164
        ],
        [
          0.0,
          0.0,
          0.0,
          1.0
        ]
      ]
    },
    {
      "file_path": "/media/NFS/ttao/scannet/posed_images/scene0024_00/00843.jpg",
      "transform_matrix": [
        [
          -0.9773,
          -0.16151,
          0.137108,
          2.238943
        ],
        [
          -0.206731,
          0.585491,
          -0.783877,
          2.542774
        ],
        [
          0.046328,
          -0.794427,
          -0.60559,
          1.283059
        ],
        [
          0.0,
          0.0,
          0.0,
          1.0
        ]
      ]
    },
    {
      "file_path": "/media/NFS/ttao/scannet/posed_images/scene0024_00/00853.jpg",
      "transform_matrix": [
        [
          -0.946765,
          -0.201601,
          0.250982,
          2.126457
        ],
        [
          -0.321508,
          0.552535,
          -0.768985,
          2.478065
        ],
        [
          0.016352,
          -0.808741,
          -0.587938,
          1.303183
        ],
        [
          0.0,
          0.0,
          0.0,
          1.0
        ]
      ]
    },
    {
      "file_path": "/media/NFS/ttao/scannet/posed_images/scene0024_00/00866.jpg",
      "transform_matrix": [
        [
          -0.890501,
          -0.247218,
          0.381958,
          1.894117
        ],
        [
          -0.454761,
          0.509777,
          -0.730288,
          2.394743
        ],
        [
          -0.014173,
          -0.824021,
          -0.566382,
          1.335635
        ],
        [
          0.0,
          0.0,
          0.0,
          1.0
        ]
      ]
    },
    {
      "file_path": "/media/NFS/ttao/scannet/posed_images/scene0024_00/00870.jpg",
      "transform_matrix": [
        [
          -0.880873,
          -0.259207,
          0.396073,
          1.861549
        ],
        [
          -0.473317,
          0.47215,
          -0.74367,
          2.384237
        ],
        [
          0.005758,
          -0.842547,
          -0.538592,
