{
  "frames": [
    {
      "file_path": "/media/NFS/ttao/scannet/posed_images/scene0361_02/00000.jpg",
      "transform_matrix": [
        [
          0.970488,
          0.152319,
          -0.186957,
          2.160369
        ],
        [
          0.240703,
          -0.659104,
          0.712492,
          1.118527
        ],
        [
          -0.014698,
          -0.736466,
          -0.676315,
          1.366578
        ],
        [
          0.0,
          0.0,
          0.0,
          1.0
        ]
      ]
    },
    {
      "file_path": "/media/NFS/ttao/scannet/posed_images/scene0361_02/00004.jpg",
      "transform_matrix": [
        [
          0.959728,
          0.179832,
          -0.215832,
          2.19956
        ],
        [
          0.280693,
          -0.64556,
          0.710256,
          1.09334
        ],
        [
          -0.011606,
          -0.742235,
          -0.67004,
          1.364907
        ],
        [
          0.0,
          0.0,
          0.0,
          1.0
        ]
      ]
    },
    {
      "file_path": "/media/NFS/ttao/scannet/posed_images/scene0361_02/00007.jpg",
      "transform_matrix": [
        [
          0.951918,
          0.194194,
          -0.236939,
          2.228182
        ],
        [
          0.306068,
          -0.636173,
          0.708242,
          1.073579
        ],
        [
          -0.013198,
          -0.746708,
          -0.665022,
          1.363281
        ],
        [
          0.0,
          0.0,
          0.0,
          1.0
        ]
      ]
    },
    {
      "file_path": "/media/NFS/ttao/scannet/posed_images/scene0361_02/00008.jpg",
      "transform_matrix": [
        [
          0.950199,
          0.197718,
          -0.240893,
          2.237305
        ],
        [
          0.311371,
          -0.634696,
          0.707255,
          1.068963
        ],
        [
          -0.013057,
          -0.74704,
          -0.664651,
          1.364366
        ],
        [
          0.0,
          0.0,
          0.0,
          1.0
        ]
      ]
    },
    {
      "file_path": "/media/NFS/ttao/scannet/posed_images/scene0361_02/00011.jpg",
      "transform_matrix": [
        [
          0.94915,
          0.201164,
          -0.242173,
          2.25844
        ],
        [
          0.3148,
          -0.616069,
          0.722053,
          1.056681
        ],
        [
          -0.003944,
          -0.761573,
          -0.648068,
          1.37281
        ],
        [
          0.0,
          0.0,
          0.0,
          1.0
        ]
      ]
    },
    {
      "file_path": "/media/NFS/ttao/scannet/posed_images/scene0361_02/00014.jpg",
      "transform_matrix": [
        [
          0.952371,
          0.183185,
          -0.243788,
          2.283842
        ],
        [
          0.304936,
          -0.577074,
          0.757628,
          1.044751
        ],
        [
          -0.001897,
          -0.795882,
          -0.605448,
          1.383267
        ],
        [
          0.0,
          0.0,
          0.0,
          1.0
        ]
      ]
    },
    {
      "file_path": "/media/NFS/ttao/scannet/posed_images/scene0361_02/00018.jpg",
      "transform_matrix": [
        [
          0.960092,
          0.148096,
          -0.237255,
          2.308225
        ],
        [
          0.279635,
          -0.523991,
          0.804511,
          1.036786
        ],
        [
          -0.005175,
          -0.83875,
          -0.544492,
          1.397447
        ],
        [
          0.0,
          0.0,
          0.0,
          1.0
        ]
      ]
    },
    {
      "file_path": "/media/NFS/ttao/scannet/posed_images/scene0361_02/00021.jpg",
      "transform_matrix": [
        [
          0.962585,
          0.12048,
          -0.242726,
          2.326302
        ],
        [
          0.269867,
          -0.507354,
          0.818391,
          1.034847
        ],
        [
          -0.024548,
          -0.853274,
          -0.520885,
          1.403074
        ],
        [
          0.0,
          0.0,
          0.0,
          1.0
        ]
      ]
    },
    {
      "file_path": "/media/NFS/ttao/scannet/posed_images/scene0361_02/00022.jpg",
      "transform_matrix": [
        [
          0.962717,
          0.113111,
          -0.24573,
          2.331175
        ],
        [
          0.268825,
          -0.501356,
          0.822421,
          1.035058
        ],
        [
          -0.030173,
          -0.857816,
          -0.51307,
          1.406456
        ],
        [
          0.0,
          0.0,
          0.0,
          1.0
        ]
      ]
    },
    {
      "file_path": "/media/NFS/ttao/scannet/posed_images/scene0361_02/00027.jpg",
      "transform_matrix": [
        [
          0.960609,
          0.081372,
          -0.265723,
          2.353056
        ],
        [
          0.271955,
          -0.472026,
          0.83859,
          1.036645
        ],
        [
          -0.05719,
          -0.877821,
          -0.475562,
          1.419302
        ],
        [
          0.0,
          0.0,
          0.0,
          1.0
        ]
      ]
    },
    {
      "file_path": "/media/NFS/ttao/scannet/posed_images/scene0361_02/00030.jpg",
      "transform_matrix": [
        [
          0.960818,
          0.068219,
          -0.268656,
          2.362123
        ],
        [
          0.269291,
          -0.459363,
          0.846445,
          1.038463
        ],
        [
          -0.065667,
          -0.885625,
          -0.459734,
          1.424031
        ],
        [
          0.0,
          0.0,
          0.0,
          1.0
        ]
      ]
    },
    {
      "file_path": "/media/NFS/ttao/scannet/posed_images/scene0361_02/00031.jpg",
      "transform_matrix": [
        [
          0.960204,
          0.06426,
          -0.271806,
          2.366616
        ],
        [
          0.270493,
          -0.45639,
          0.847668,
          1.04171
        ],
        [
          -0.069578,
          -0.887456,
          -0.45561,
          1.42678
        ],
        [
          0.0,
          0.0,
          0.0,
          1.0
        ]
      ]
    },
    {
      "file_path": "/media/NFS/ttao/scannet/posed_images/scene0361_02/00035.jpg",
      "transform_matrix": [
        [
          0.95726,
          0.050726,
          -0.284746,
          2.377083
        ],
        [
          0.277562,
          -0.437925,
          0.855092,
          1.051867
        ],
        [
          -0.081322,
          -0.89758,
          -0.433287,
          1.435829
        ],
        [
          0.0,
          0.0,
          0.0,
          1.0
        ]
      ]
    },
    {
      "file_path": "/media/NFS/ttao/scannet/posed_images/scene0361_02/00037.jpg",
      "transform_matrix": [
        [
          0.955856,
          0.046684,
          -0.290105,
          2.384314
        ],
        [
          0.281949,
          -0.423703,
          0.860802,
          1.055588
        ],
        [
          -0.082733,
          -0.904597,
          -0.418162,
          1.436538
        ],
        [
          0.0,
          0.0,
          0.0,
          1.0
        ]
      ]
    },
    {
      "file_path": "/media/NFS/ttao/scannet/posed_images/scene0361_02/00039.jpg",
      "transform_matrix": [
        [
          0.955437,
          0.047998,
          -0.291266,
          2.387093
        ],
        [
          0.284521,
          -0.412671,
          0.865304,
          1.060083
        ],
        [
          -0.078664,
          -0.909615,
          -0.407937,
          1.43967
        ],
        [
          0.0,
          0.0,
          0.0,
          1.0
        ]
      ]
    },
    {
      "file_path": "/media/NFS/ttao/scannet/posed_images/scene0361_02/00042.jpg",
      "transform_matrix": [
        [
          0.953438,
          0.052269,
          -0.297026,
          2.397344
        ],
        [
          0.29322,
          -0.39107,
          0.872403,
          1.069242
        ],
        [
          -0.070559,
          -0.918875,
          -0.388187,
          1.44453
        ],
        [
          0.0,
          0.0,
          0.0,
          1.0
        ]
      ]
    },
    {
      "file_path": "/media/NFS/ttao/scannet/posed_images/scene0361_02/00046.jpg",
      "transform_matrix": [
        [
          0.95099,
          0.057737,
          -0.303784,
          2.408823
        ],
        [
          0.303999,
          -0.354389,
          0.884304,
          1.074342
        ],
        [
          -0.0566,
          -0.933314,
          -0.354572,
          1.446695
        ],
        [
          0.0,
          0.0,
          0.0,
          1.0
        ]
      ]
    },
    {
      "file_path": "/media/NFS/ttao/scannet/posed_images/scene0361_02/00048.jpg",
      "transform_matrix": [
        [
          0.949699,
          0.06059,
          -0.307246,
          2.415289
        ],
        [
          0.30921,
          -0.336835,
          0.889343,
          1.077621
        ],
        [
          -0.049605,
          -0.939612,
          -0.338627,
          1.445943
        ],
        [
          0.0,
          0.0,
          0.0,
          1.0
        ]
      ]
    },
    {
      "file_path": "/media/NFS/ttao/scannet/posed_images/scene0361_02/00051.jpg",
      "transform_matrix": [
        [
          0.945782,
          0.068921,
          -0.317407,
          2.418898
        ],
        [
          0.322775,
          -0.308486,
          0.894792,
          1.086844
        ],
        [
          -0.036245,
          -0.948729,
          -0.314006,
          1.447523
        ],
        [
          0.0,
          0.0,
          0.0,
          1.0
        ]
      ]
    },
    {
      "file_path": "/media/NFS/ttao/scannet/posed_images/scene0361_02/00055.jpg",
      "transform_matrix": [
        [
          0.941169,
          0.060683,
          -0.332443,
          2.430891
        ],
        [
          0.335107,
          -0.294626,
          0.89493,
          1.10156
        ],
        [
          -0.043639,
          -0.953684,
          -0.297628,
          1.441296
        ],
        [
          0.0,
          0.0,
          0.0,
          1.0
        ]
      ]
    },
    {
      "file_path": "/media/NFS/ttao/scannet/posed_images/scene0361_02/00058.jpg",
      "transform_matrix": [
        [
          0.937844,
          0.061544,
          -0.341558,
          2.435864
        ],
        [
          0.343532,
          -0.304556,
          0.888387,
          1.124401
        ],
        [
          -0.049349,
          -0.950504,
          -0.306769,
          1.433847
        ],
        [
          0.0,
          0.0,
          0.0,
          1.0
        ]
      ]
    },
    {
      "file_path": "/media/NFS/ttao/scannet/posed_images/scene0361_02/00061.jpg",
      "transform_matrix": [
        [
          0.934298,
          0.072394,
          -0.349065,
          2.440797
        ],
        [
          0.352747,
          -0.329306,
          0.875858,
          1.15753
        ],
        [
          -0.051543,
          -0.941444,
          -0.333207,
          1.416955
        ],
        [
          0.0,
          0.0,
          0.0,
          1.0
        ]
      ]
    },
    {
      "file_path": "/media/NFS/ttao/scannet/posed_images/scene0361_02/00062.jpg",
      "transform_matrix": [
        [
          0.933818,
          0.081225,
          -0.348406,
          2.444444
        ],
        [
          0.354575,
          -0.339587,
          0.871182,
          1.171319
        ],
        [
          -0.047552,
          -0.937061,
          -0.345913,
          1.408366
        ],
        [
          0.0,
          0.0,
          0.0,
          1.0
        ]
      ]
    },
    {
      "file_path": "/media/NFS/ttao/scannet/posed_images/scene0361_02/00067.jpg",
      "transform_matrix": [
        [
          0.93755,
          0.144542,
          -0.316398,
          2.443237
        ],
        [
          0.347379,
          -0.436415,
          0.829982,
          1.238892
        ],
        [
          -0.018113,
          -0.888059,
          -0.459372,
          1.369598
        ],
        [
          0.0,
          0.0,
          0.0,
          1.0
        ]
      ]
    },
    {
      "file_path": "/media/NFS/ttao/scannet/posed_images/scene0361_02/00070.jpg",
      "transform_matrix": [
        [
          0.9381,
          0.178307,
          -0.296942,
          2.458356
        ],
        [
          0.346016,
          -0.520872,
          0.780363,
          1.289212
        ],
        [
          -0.015524,
          -0.834805,
          -0.550327,
          1.348561
        ],
        [
          0.0,
          0.0,
          0.0,
          1.0
        ]
      ]
    },
    {
      "file_path": "/media/NFS/ttao/scannet/posed_images/scene0361_02/00071.jpg",
      "transform_matrix": [
        [
          0.938432,
          0.189303,
          -0.288982,
          2.458716
        ],
        [
          0.345267,
          -0.54224,
          0.766007,
          1.30365
        ],
        [
          -0.01169,
          -0.818621,
          -0.574215,
          1.340682
        ],
        [
          0.0,
          0.0,
          0.0,
          1.0
        ]
      ]
    },
    {
      "file_path": "/media/NFS/ttao/scannet/posed_images/scene0361_02/00075.jpg",
      "transform_matrix": [
        [
          0.936945,
          0.227237,
          -0.265514,
          2.468152
        ],
        [
          0.349437,
          -0.597689,
          0.721569,
          1.345252
        ],
        [
          0.005272,
          -0.768851,
          -0.639406,
          1.299066
        ],
        [
          0.0,
          0.0,
          0.0,
          1.0
        ]
      ]
    },
    {
      "file_path": "/media/NFS/ttao/scannet/posed_images/scene0361_02/00076.jpg",
      "transform_matrix": [
        [
          0.933721,
          0.23721,
          -0.268134,
          2.472171
        ],
        [
          0.357998,
          -0.61619,
          0.701531,
          1.354821
        ],
        [
          0.001189,
          -0.751026,
          -0.660271,
          1.288872
        ],
        [
          0.0,
          0.0,
          0.0,
          1.0
        ]
      ]
    },
    {
      "file_path": "/media/NFS/ttao/scannet/posed_images/scene0361_02/00081.jpg",
      "transform_matrix": [
        [
          0.908073,
          0.290457,
          -0.301726,
          2.493898
        ],
        [
          0.418449,
          -0.659243,
          0.62474,
          1.401696
        ],
        [
          -0.01745,
          -0.693566,
          -0.720182,
          1.257759
        ],
        [
          0.0,
          0.0,
          0.0,
          1.0
        ]
      ]
    },
    {
      "file_path": "/media/NFS/ttao/scannet/posed_images/scene0361_02/00082.jpg",
      "transform_matrix": [
        [
          0.903157,
          0.29622,
          -0.310743,
          2.503036
        ],
        [
          0.428694,
          -0.661054,
          0.615816,
          1.408903
        ],
        [
          -0.023001,
          -0.689392,
          -0.724023,
          1.250334
        ],
        [
          0.0,
          0.0,
          0.0,
          1.0
        ]
      ]
    },
    {
      "file_path": "/media/NFS/ttao/scannet/posed_images/scene0361_02/00085.jpg",
      "transform_matrix": [
        [
          0.891744,
          0.315847,
          -0.324088,
          2.530705
        ],
        [
          0.451242,
          -0.674803,
          0.58397,
          1.432178
        ],
        [
          -0.03425,
          -0.666994,
          -0.744276,
          1.226968
        ],
        [
          0.0,
          0.0,
          0.0,
          1.0
        ]
      ]
    },
    {
      "file_path": "/media/NFS/ttao/scannet/posed_images/scene0361_02/00089.jpg",
      "transform_matrix": [
        [
          0.880192,
          0.343483,
          -0.327537,
          2.576064
        ],
        [
          0.474103,
          -0.66842,
          0.573097,
          1.465958
        ],
        [
          -0.022083,
          -0.659722,
          -0.751185,
          1.218
        ],
        [
          0.0,
          0.0,
          0.0,
          1.0
        ]
      ]
    },
    {
      "file_path": "/media/NFS/ttao/scannet/posed_images/scene0361_02/00092.jpg",
      "transform_matrix": [
        [
          0.872265,
          0.363384,
          -0.327271,
          2.61165
        ],
        [
          0.489021,
          -0.653017,
          0.578297,
          1.493996
        ],
        [
          -0.00357,
          -0.66447,
          -0.747306,
          1.220187
        ],
        [
          0.0,
          0.0,
          0.0,
          1.0
        ]
      ]
    },
    {
      "file_path": "/media/NFS/ttao/scannet/posed_images/scene0361_02/00095.jpg",
      "transform_matrix": [
        [
          0.863193,
          0.358158,
          -0.355837,
          2.650433
        ],
        [
          0.504864,
          -0.616843,
          0.603836,
          1.521452
        ],
        [
          -0.003227,
          -0.700876,
          -0.713275,
          1.2299
        ],
        [
          0.0,
          0.0,
          0.0,
          1.0
        ]
      ]
    },
    {
      "file_path": "/media/NFS/ttao/scannet/posed_images/scene0361_02/00097.jpg",
      "transform_matrix": [
        [
          0.857913,
          0.353855,
          -0.372521,
          2.674479
        ],
        [
          0.513706,
          -0.604234,
          0.609104,
          1.539656
        ],
        [
          -0.009555,
          -0.713924,
          -0.700158,
          1.238628
        ],
        [
          0.0,
          0.0,
          0.0,
          1.0
        ]
      ]
    },
    {
      "file_path": "/media/NFS/ttao/scannet/posed_images/scene0361_02/00099.jpg",
      "transform_matrix": [
        [
          0.852004,
          0.356001,
          -0.383865,
          2.693707
        ],
        [
          0.523477,
          -0.590228,
          0.614494,
          1.558642
        ],
        [
          -0.007808,
          -0.724496,
          -0.689235,
          1.248966
        ],
        [
          0.0,
          0.0,
          0.0,
          1.0
        ]
      ]
    },
    {
      "file_path": "/media/NFS/ttao/scannet/posed_images/scene0361_02/00103.jpg",
      "transform_matrix": [
        [
          0.854969,
          0.332272,
          -0.398276,
          2.729941
        ],
        [
          0.518453,
          -0.570172,
          0.637268,
          1.59216
        ],
        [
          -0.01534,
          -0.751331,
          -0.659747,
          1.256744
        ],
        [
          0.0,
          0.0,
          0.0,
          1.0
        ]
      ]
    },
    {
      "file_path": "/media/NFS/ttao/scannet/posed_images/scene0361_02/00105.jpg",
      "transform_matrix": [
        [
          0.854693,
          0.324489,
          -0.405224,
          2.741037
        ],
        [
          0.518452,
          -0.573512,
          0.634265,
          1.615931
        ],
        [
          -0.026589,
          -0.752191,
          -0.658409,
          1.262178
        ],
        [
          0.0,
          0.0,
          0.0,
          1.0
        ]
      ]
    },
    {
      "file_path": "/media/NFS/ttao/scannet/posed_images/scene0361_02/00108.jpg",
      "transform_matrix": [
        [
          0.857741,
          0.323228,
          -0.399756,
          2.75473
        ],
        [
          0.513411,
          -0.578341,
          0.63398,
          1.652804
        ],
        [
          -0.026276,
          -0.749029,
          -0.662016,
          1.264404
        ],
        [
          0.0,
          0.0,
          0.0,
          1.0
        ]
      ]
    },
    {
      "file_path": "/media/NFS/ttao/scannet/posed_images/scene0361_02/00112.jpg",
      "transform_matrix": [
        [
          0.860418,
          0.330314,
          -0.388037,
          2.768666
        ],
        [
          0.509573,
          -0.563625,
          0.650125,
          1.701355
        ],
        [
          -0.003962,
          -0.757113,
          -0.653273,
          1.258186
        ],
        [
          0.0,
          0.0,
          0.0,
          1.0
        ]
      ]
    },
    {
      "file_path": "/media/NFS/ttao/scannet/posed_images/scene0361_02/00113.jpg",
      "transform_matrix": [
        [
          0.859529,
          0.334821,
          -0.38614,
          2.773009
        ],
        [
          0.511075,
          -0.557997,
          0.653791,
          1.716195
        ],
        [
          0.003438,
          -0.759299,
          -0.650733,
          1.256305
        ],
        [
          0.0,
          0.0,
          0.0,
          1.0
        ]
      ]
    },
    {
      "file_path": "/media/NFS/ttao/scannet/posed_images/scene0361_02/00118.jpg",
      "transform_matrix": [
        [
          0.876048,
          0.350099,
          -0.331618,
          2.780694
        ],
        [
          0.48059,
          -0.577302,
          0.660118,
          1.818331
        ],
        [
          0.039663,
          -0.737668,
          -0.673998,
          1.245882
        ],
        [
          0.0,
          0.0,
          0.0,
          1.0
        ]
      ]
    },
    {
      "file_path": "/media/NFS/ttao/scannet/posed_images/scene0361_02/00119.jpg",
      "transform_matrix": [
        [
          0.878457,
          0.348192,
          -0.327225,
          2.781592
        ],
        [
          0.476113,
          -0.579981,
          0.661013,
          1.836294
        ],
        [
          0.040375,
          -0.736468,
          -0.675267,
          1.246461
        ],
        [
          0.0,
          0.0,
          0.0,
          1.0
        ]
      ]
    },
    {
      "file_path": "/media/NFS/ttao/scannet/posed_images/scene0361_02/00122.jpg",
      "transform_matrix": [
        [
          0.885585,
          0.346362,
          -0.30947,
          2.788698
        ],
        [
          0.461761,
          -0.584579,
          0.667117,
          1.892175
        ],
        [
          0.050155,
          -0.73369,
          -0.677631,
          1.240258
        ],
        [
          0.0,
          0.0,
          0.0,
          1.0
        ]
      ]
    },
    {
      "file_path": "/media/NFS/ttao/scannet/posed_images/scene0361_02/00126.jpg",
      "transform_matrix": [
        [
          0.895505,
          0.327622,
          -0.301222,
          2.803109
        ],
        [
          0.444869,
          -0.639542,
          0.626959,
          1.963006
        ],
        [
          0.012762,
          -0.69545,
          -0.718462,
          1.220768
        ],
        [
          0.0,
          0.0,
          0.0,
          1.0
        ]
      ]
    },
    {
      "file_path": "/media/NFS/ttao/scannet/posed_images/scene0361_02/00129.jpg",
      "transform_matrix": [
        [
          0.889672,
          0.326232,
          -0.319463,
          2.811451
        ],
        [
          0.456548,
          -0.646255,
          0.611489,
          2.005943
        ],
        [
          -0.006968,
          -0.689874,
          -0.723896,
          1.217428
        ],
        [
          0.0,
          0.0,
          0.0,
          1.0
        ]
      ]
    },
    {
      "file_path": "/media/NFS/ttao/scannet/posed_images/scene0361_02/00130.jpg",
      "transform_matrix": [
        [
          0.888512,
          0.329738,
          -0.319092,
          2.810483
        ],
        [
          0.458822,
          -0.64668,
          0.609334,
          2.021735
        ],
        [
          -0.00543,
          -0.687806,
          -0.725874,
          1.215285
        ],
        [
          0.0,
          0.0,
          0.0,
          1.0
        ]
      ]
    },
    {
      "file_path": "/media/NFS/ttao/scannet/posed_images/scene0361_02/00133.jpg",
      "transform_matrix": [
        [
          0.882355,
          0.328934,
          -0.336529,
          2.812043
        ],
        [
          0.47051,
          -0.629332,
          0.618516,
          2.067365
        ],
        [
          -0.008337,
          -0.704091,
          -0.710061,
          1.215712
        ],
        [
          0.0,
          0.0,
          0.0,
          1.0
        ]
      ]
    },
    {
      "file_path": "/media/NFS/ttao/scannet/posed_images/scene0361_02/00138.jpg",
      "transform_matrix": [
        [
          0.854013,
          0.341637,
          -0.39236,
          2.844638
        ],
        [
          0.520249,
          -0.558425,
          0.646144,
          2.149806
        ],
        [
          0.001643,
          -0.755941,
          -0.654638,
          1.22786
        ],
        [
          0.0,
          0.0,
          0.0,
          1.0
        ]
      ]
    },
    {
      "file_path": "/media/NFS/ttao/scannet/posed_images/scene0361_02/00139.jpg",
      "transform_matrix": [
        [
          0.846497,
          0.350399,
          -0.400828,
          2.853149
        ],
        [
          0.532383,
          -0.552515,
          0.641322,
          2.165538
        ],
        [
          0.003256,
          -0.756272,
          -0.65425,
          1.229093
        ],
        [
          0.0,
          0.0,
          0.0,
          1.0
        ]
      ]
    },
    {
      "file_path": "/media/NFS/ttao/scannet/posed_images/scene0361_02/00142.jpg",
      "transform_matrix": [
        [
          0.827093,
          0.378677,
          -0.415356,
          2.864302
        ],
        [
          0.56167,
          -0.529133,
          0.636039,
          2.215942
        ],
        [
          0.021074,
          -0.759356,
          -0.650334,
          1.240533
        ],
        [
          0.0,
          0.0,
          0.0,
          1.0
        ]
      ]
    },
    {
      "file_path": "/media/NFS/ttao/scannet/posed_images/scene0361_02/00146.jpg",
      "transform_matrix": [
        [
          0.809108,
          0.3866,
          -0.442589,
          2.888852
        ],
        [
          0.585677,
          -0.468668,
          0.661312,
          2.271743
        ],
        [
          0.048236,
          -0.794287,
          -0.605626,
          1.250763
        ],
        [
          0.0,
          0.0,
          0.0,
          1.0
        ]
      ]
    },
    {
      "file_path": "/media/NFS/ttao/scannet/posed_images/scene0361_02/00147.jpg",
      "transform_matrix": [
        [
          0.806085,
          0.388486,
          -0.446436,
          2.894015
        ],
        [
          0.589682,
          -0.463505,
          0.661391,
          2.283803
        ],
        [
          0.050015,
          -0.796393,
          -0.602708,
          1.251567
        ],
        [
          0.0,
          0.0,
          0.0,
          1.0
        ]
      ]
    },
    {
      "file_path": "/media/NFS/ttao/scannet/posed_images/scene0361_02/00152.jpg",
      "transform_matrix": [
        [
          0.809102,
          0.375781,
          -0.451821,
          2.902935
        ],
        [
          0.584867,
          -0.439933,
          0.681461,
          2.343158
        ],
        [
          0.057309,
          -0.815627,
          -0.575733,
          1.263383
        ],
        [
          0.0,
          0.0,
          0.0,
          1.0
        ]
      ]
    },
    {
      "file_path": "/media/NFS/ttao/scannet/posed_images/scene0361_02/00153.jpg",
      "transform_matrix": [
        [
          0.810809,
          0.371489,
          -0.45231,
          2.90692
        ],
        [
          0.582777,
          -0.440561,
          0.682845,
          2.355778
        ],
        [
          0.054399,
          -0.817253,
          -0.573706,
          1.260291
        ],
        [
          0.0,
          0.0,
          0.0,
          1.0
        ]
      ]
    },
    {
      "file_path": "/media/NFS/ttao/scannet/posed_images/scene0361_02/00156.jpg",
      "transform_matrix": [
        [
          0.814881,
          0.370025,
          -0.446151,
          2.910233
        ],
        [
          0.578072,
          -0.462443,
          0.672294,
          2.400305
        ],
        [
          0.042446,
          -0.805747,
          -0.590737,
          1.250765
        ],
        [
          0.0,
          0.0,
          0.0,
          1.0
        ]
      ]
    },
    {
      "file_path": "/media/NFS/ttao/scannet/posed_images/scene0361_02/00159.jpg",
      "transform_matrix": [
        [
          0.823035,
          0.373852,
          -0.427607,
          2.913533
        ],
        [
          0.566774,
          -0.491313,
          0.661346,
          2.452481
        ],
        [
          0.037157,
          -0.786668,
          -0.616257,
          1.235085
        ],
        [
          0.0,
          0.0,
          0.0,
          1.0
        ]
      ]
    },
    {
      "file_path": "/media/NFS/ttao/scannet/posed_images/scene0361_02/00161.jpg",
      "transform_matrix": [
        [
          0.826538,
          0.387503,
          -0.408259,
          2.913359
        ],
        [
          0.560888,
          -0.506033,
          0.655237,
          2.490146
        ],
        [
          0.047314,
          -0.770566,
          -0.635602,
          1.223273
        ],
        [
          0.0,
          0.0,
          0.0,
          1.0
        ]
      ]
    },
    {
      "file_path": "/media/NFS/ttao/scannet/posed_images/scene0361_02/00166.jpg",
      "transform_matrix": [
        [
          0.850024,
          0.397245,
          -0.345913,
          2.912308
        ],
        [
          0.523881,
          -0.569185,
          0.633701,
          2.586002
        ],
        [
          0.054847,
          -0.719878,
          -0.69193,
          1.199477
        ],
        [
          0.0,
          0.0,
          0.0,
          1.0
        ]
      ]
    },
    {
      "file_path": "/media/NFS/ttao/scannet/posed_images/scene0361_02/00168.jpg",
      "transform_matrix": [
        [
          0.862457,
          0.385246,
          -0.328257,
          2.910968
        ],
        [
          0.50376,
          -0.590708,
          0.630309,
          2.624943
        ],
        [
          0.048921,
          -0.708978,
          -0.703532,
          1.193082
        ],
        [
          0.0,
          0.0,
          0.0,
          1.0
        ]
      ]
    },
    {
      "file_path": "/media/NFS/ttao/scannet/posed_images/scene0361_02/00171.jpg",
      "transform_matrix": [
        [
          0.876931,
          0.376567,
          -0.298644,
          2.90893
        ],
        [
          0.478232,
          -0.621864,
          0.620145,
          2.688118
        ],
        [
          0.04781,
          -0.686645,
          -0.725419,
          1.189897
        ],
        [
          0.0,
          0.0,
          0.0,
          1.0
        ]
      ]
    },
    {
      "file_path": "/media/NFS/ttao/scannet/posed_images/scene0361_02/00175.jpg",
      "transform_matrix": [
        [
          0.891582,
          0.35678,
          -0.278906,
          2.910031
        ],
        [
          0.451519,
          -0.653018,
          0.608028,
          2.754425
        ],
        [
          0.034802,
          -0.668038,
          -0.743313,
          1.191921
        ],
        [
          0.0,
          0.0,
          0.0,
          1.0
        ]
      ]
    },
    {
      "file_path": "/media/NFS/ttao/scannet/posed_images/scene0361_02/00177.jpg",
      "transform_matrix": [
        [
          0.89057,
          0.353007,
          -0.286829,
          2.91602
        ],
        [
          0.453844,
          -0.647815,
          0.611851,
          2.788073
        ],
        [
          0.030175,
          -0.675072,
          -0.737135,
          1.194198
        ],
        [
          0.0,
          0.0,
          0.0,
          1.0
        ]
      ]
    },
    {
      "file_path": "/media/NFS/ttao/scannet/posed_images/scene0361_02/00178.jpg",
      "transform_matrix": [
        [
          0.88901,
          0.355785,
          -0.288232,
          2.918537
        ],
        [
          0.456749,
          -0.644708,
          0.61297,
          2.806997
        ],
        [
          0.03226,
          -0.676586,
          -0.735656,
          1.194925
        ],
        [
          0.0,
          0.0,
          0.0,
          1.0
        ]
      ]
    },
    {
      "file_path": "/media/NFS/ttao/scannet/posed_images/scene0361_02/00181.jpg",
      "transform_matrix": [
        [
          0.885234,
          0.359184,
          -0.295546,
          2.918436
        ],
        [
          0.463345,
          -0.625061,
          0.628181,
          2.86537
        ],
        [
          0.040898,
          -0.693027,
          -0.719751,
          1.204343
        ],
        [
          0.0,
          0.0,
          0.0,
          1.0
        ]
      ]
    },
    {
      "file_path": "/media/NFS/ttao/scannet/posed_images/scene0361_02/00186.jpg",
      "transform_matrix": [
        [
          0.853371,
          0.393843,
          -0.341533,
          2.944227
        ],
        [
          0.517939,
          -0.566247,
          0.641174,
          2.95806
        ],
        [
          0.05913,
          -0.724052,
          -0.687206,
          1.229951
        ],
        [
          0.0,
          0.0,
          0.0,
          1.0
        ]
      ]
    },
    {
      "file_path": "/media/NFS/ttao/scannet/posed_images/scene0361_02/00187.jpg",
      "transform_matrix": [
        [
          0.846412,
          0.402699,
          -0.348454,
          2.949266
        ],
        [
          0.528662,
          -0.556706,
          0.640777,
          2.975528
        ],
        [
          0.064054,
          -0.726576,
          -0.684094,
          1.234778
        ],
        [
          0.0,
          0.0,
          0.0,
          1.0
        ]
      ]
    },
    {
      "file_path": "/media/NFS/ttao/scannet/posed_images/scene0361_02/00192.jpg",
      "transform_matrix": [
        [
          0.815294,
          0.416106,
          -0.40268,
          2.981543
        ],
        [
          0.573362,
          -0.482912,
          0.661855,
          3.050805
        ],
        [
          0.080943,
          -0.770488,
          -0.632295,
          1.25162
        ],
        [
          0.0,
          0.0,
          0.0,
          1.0
        ]
      ]
    },
    {
      "file_path": "/media/NFS/ttao/scannet/posed_images/scene0361_02/00194.jpg",
      "transform_matrix": [
        [
          0.803692,
          0.426556,
          -0.414885,
          2.993225
        ],
        [
          0.590117,
          -0.481797,
          0.647791,
          3.077673
        ],
        [
          0.076429,
          -0.765455,
          -0.638934,
          1.254398
        ],
        [
          0.0,
          0.0,
          0.0,
          1.0
        ]
      ]
    },
    {
      "file_path": "/media/NFS/ttao/scannet/posed_images/scene0361_02/00197.jpg",
      "transform_matrix": [
        [
          0.78752,
          0.427633,
          -0.443783,
          3.006418
        ],
        [
          0.613487,
          -0.475365,
          0.630605,
          3.127921
        ],
        [
          0.058708,
          -0.768869,
          -0.636706,
          1.266913
        ],
        [
          0.0,
          0.0,
          0.0,
          1.0
        ]
      ]
    },
    {
      "file_path": "/media/NFS/ttao/scannet/posed_images/scene0361_02/00198.jpg",
      "transform_matrix": [
        [
          0.78268,
          0.425848,
          -0.453943,
          3.013139
        ],
        [
          0.620241,
          -0.472582,
          0.626073,
          3.142495
        ],
        [
          0.052086,
          -0.771569,
          -0.634009,
          1.265007
        ],
        [
          0.0,
          0.0,
          0.0,
          1.0
        ]
      ]
    },
    {
      "file_path": "/media/NFS/ttao/scannet/posed_images/scene0361_02/00201.jpg",
      "transform_matrix": [
        [
          0.771486,
          0.429919,
          -0.469019,
          3.030685
        ],
        [
          0.63493,
          -0.472837,
          0.610974,
          3.184719
        ],
        [
          0.0409,
          -0.769152,
          -0.637756,
          1.243614
        ],
        [
          0.0,
          0.0,
          0.0,
          1.0
        ]
      ]
    },
    {
      "file_path": "/media/NFS/ttao/scannet/posed_images/scene0361_02/00204.jpg",
      "transform_matrix": [
        [
          0.777931,
          0.455498,
          -0.432833,
          3.040437
        ],
        [
          0.626926,
          -0.516316,
          0.583422,
          3.27036
        ],
        [
          0.042269,
          -0.725217,
          -0.687222,
          1.216424
        ],
        [
          0.0,
          0.0,
          0.0,
          1.0
        ]
      ]
    },
    {
      "file_path": "/media/NFS/ttao/scannet/posed_images/scene0361_02/00207.jpg",
      "transform_matrix": [
        [
          0.776387,
          0.481685,
          -0.406451,
          3.047155
        ],
        [
          0.627347,
          -0.528731,
          0.571734,
          3.332608
        ],
        [
          0.060493,
          -0.698873,
          -0.712683,
          1.199942
        ],
        [
          0.0,
          0.0,
          0.0,
          1.0
        ]
      ]
    },
    {
      "file_path": "/media/NFS/ttao/scannet/posed_images/scene0361_02/00211.jpg",
      "transform_matrix": [
        [
          0.776814,
          0.519923,
          -0.355303,
          3.051106
        ],
        [
          0.626365,
          -0.579683,
          0.521186,
          3.421916
        ],
        [
          0.065013,
          -0.627414,
          -0.775967,
          1.190059
        ],
        [
          0.0,
          0.0,
          0.0,
          1.0
        ]
      ]
    },
    {
      "file_path": "/media/NFS/ttao/scannet/posed_images/scene0361_02/00214.jpg",
      "transform_matrix": [
        [
          0.776752,
          0.538761,
          -0.326179,
          3.064217
        ],
        [
          0.627331,
          -0.615979,
          0.476473,
          3.479594
        ],
        [
          0.055785,
          -0.574724,
          -0.816444,
          1.174829
        ],
        [
          0.0,
          0.0,
          0.0,
          1.0
        ]
      ]
    },
    {
      "file_path": "/media/NFS/ttao/scannet/posed_images/scene0361_02/00217.jpg",
      "transform_matrix": [
        [
          0.788177,
          0.527506,
          -0.317041,
          3.074136
        ],
        [
          0.614591,
          -0.647417,
          0.4507,
          3.527549
        ],
        [
          0.032489,
          -0.550081,
          -0.834479,
          1.166756
        ],
        [
          0.0,
          0.0,
          0.0,
          1.0
        ]
      ]
    },
    {
      "file_path": "/media/NFS/ttao/scannet/posed_images/scene0361_02/00218.jpg",
      "transform_matrix": [
        [
          0.783608,
          0.530761,
          -0.322879,
          3.078417
        ],
        [
          0.620702,
          -0.646927,
          0.442961,
          3.545424
        ],
        [
          0.026227,
          -0.54752,
          -0.836382,
          1.165598
        ],
        [
          0.0,
          0.0,
