{
  "frames": [
    {
      "file_path": "/media/NFS/ttao/scannet/posed_images/scene0234_00/00000.jpg",
      "transform_matrix": [
        [
          -0.960959,
          -0.170253,
          0.218108,
          0.863333
        ],
        [
          -0.274911,
          0.498235,
          -0.822306,
          4.27113
        ],
        [
          0.031331,
          -0.850162,
          -0.525588,
          1.57226
        ],
        [
          0.0,
          0.0,
          0.0,
          1.0
        ]
      ]
    },
    {
      "file_path": "/media/NFS/ttao/scannet/posed_images/scene0234_00/00001.jpg",
      "transform_matrix": [
        [
          -0.957699,
          -0.182943,
          0.222138,
          0.872355
        ],
        [
          -0.285014,
          0.496345,
          -0.820005,
          4.241349
        ],
        [
          0.039757,
          -0.848631,
          -0.52749,
          1.567753
        ],
        [
          0.0,
          0.0,
          0.0,
          1.0
        ]
      ]
    },
    {
      "file_path": "/media/NFS/ttao/scannet/posed_images/scene0234_00/00003.jpg",
      "transform_matrix": [
        [
          -0.953466,
          -0.204186,
          0.221836,
          0.871308
        ],
        [
          -0.296649,
          0.50385,
          -0.811255,
          4.212757
        ],
        [
          0.053875,
          -0.839312,
          -0.540975,
          1.550999
        ],
        [
          0.0,
          0.0,
          0.0,
          1.0
        ]
      ]
    },
    {
      "file_path": "/media/NFS/ttao/scannet/posed_images/scene0234_00/00006.jpg",
      "transform_matrix": [
        [
          -0.953937,
          -0.221038,
          0.202844,
          0.884774
        ],
        [
          -0.291846,
          0.527101,
          -0.798117,
          4.163798
        ],
        [
          0.069495,
          -0.820553,
          -0.56733,
          1.541001
        ],
        [
          0.0,
          0.0,
          0.0,
          1.0
        ]
      ]
    },
    {
      "file_path": "/media/NFS/ttao/scannet/posed_images/scene0234_00/00008.jpg",
      "transform_matrix": [
        [
          -0.951823,
          -0.214335,
          0.219303,
          0.90125
        ],
        [
          -0.300707,
          0.512294,
          -0.804444,
          4.123207
        ],
        [
          0.060073,
          -0.831634,
          -0.552065,
          1.540581
        ],
        [
          0.0,
          0.0,
          0.0,
          1.0
        ]
      ]
    },
    {
      "file_path": "/media/NFS/ttao/scannet/posed_images/scene0234_00/00010.jpg",
      "transform_matrix": [
        [
          -0.952265,
          -0.215229,
          0.216488,
          0.932939
        ],
        [
          -0.299562,
          0.522315,
          -0.798404,
          4.100952
        ],
        [
          0.058764,
          -0.825144,
          -0.561857,
          1.545486
        ],
        [
          0.0,
          0.0,
          0.0,
          1.0
        ]
      ]
    },
    {
      "file_path": "/media/NFS/ttao/scannet/posed_images/scene0234_00/00012.jpg",
      "transform_matrix": [
        [
          -0.946885,
          -0.223635,
          0.231076,
          0.949059
        ],
        [
          -0.317178,
          0.531106,
          -0.7857,
          4.064725
        ],
        [
          0.052985,
          -0.81726,
          -0.573828,
          1.537677
        ],
        [
          0.0,
          0.0,
          0.0,
          1.0
        ]
      ]
    },
    {
      "file_path": "/media/NFS/ttao/scannet/posed_images/scene0234_00/00013.jpg",
      "transform_matrix": [
        [
          -0.944871,
          -0.22364,
          0.239171,
          0.952321
        ],
        [
          -0.323848,
          0.53034,
          -0.783493,
          4.055686
        ],
        [
          0.048378,
          -0.817756,
          -0.573529,
          1.535352
        ],
        [
          0.0,
          0.0,
          0.0,
          1.0
        ]
      ]
    },
    {
      "file_path": "/media/NFS/ttao/scannet/posed_images/scene0234_00/00016.jpg",
      "transform_matrix": [
        [
          -0.938858,
          -0.238976,
          0.247861,
          0.960714
        ],
        [
          -0.341168,
          0.548774,
          -0.763185,
          4.029613
        ],
        [
          0.046363,
          -0.801085,
          -0.596753,
          1.527064
        ],
        [
          0.0,
          0.0,
          0.0,
          1.0
        ]
      ]
    },
    {
      "file_path": "/media/NFS/ttao/scannet/posed_images/scene0234_00/00017.jpg",
      "transform_matrix": [
        [
          -0.937714,
          -0.244035,
          0.247262,
          0.96191
        ],
        [
          -0.343922,
          0.551512,
          -0.759969,
          4.022789
        ],
        [
          0.049091,
          -0.797672,
          -0.60109,
          1.523669
        ],
        [
          0.0,
          0.0,
          0.0,
          1.0
        ]
      ]
    },
    {
      "file_path": "/media/NFS/ttao/scannet/posed_images/scene0234_00/00020.jpg",
      "transform_matrix": [
        [
          -0.935134,
          -0.26215,
          0.238332,
          0.963117
        ],
        [
          -0.349016,
          0.56593,
          -0.746934,
          3.998358
        ],
        [
          0.060929,
          -0.781665,
          -0.620715,
          1.516279
        ],
        [
          0.0,
          0.0,
          0.0,
          1.0
        ]
      ]
    },
    {
      "file_path": "/media/NFS/ttao/scannet/posed_images/scene0234_00/00021.jpg",
      "transform_matrix": [
        [
          -0.933911,
          -0.266102,
          0.238745,
          0.964171
        ],
        [
          -0.351848,
          0.565813,
          -0.745693,
          3.990353
        ],
        [
          0.063345,
          -0.780413,
          -0.622047,
          1.517802
        ],
        [
          0.0,
          0.0,
          0.0,
          1.0
        ]
      ]
    },
    {
      "file_path": "/media/NFS/ttao/scannet/posed_images/scene0234_00/00024.jpg",
      "transform_matrix": [
        [
          -0.921085,
          -0.292556,
          0.256932,
          0.957694
        ],
        [
          -0.383526,
          0.567879,
          -0.7283,
          3.983655
        ],
        [
          0.067163,
          -0.769366,
          -0.635268,
          1.509531
        ],
        [
          0.0,
          0.0,
          0.0,
          1.0
        ]
      ]
    },
    {
      "file_path": "/media/NFS/ttao/scannet/posed_images/scene0234_00/00025.jpg",
      "transform_matrix": [
        [
          -0.915491,
          -0.30061,
          0.267413,
          0.956965
        ],
        [
          -0.396945,
          0.566385,
          -0.722248,
          3.981333
        ],
        [
          0.065656,
          -0.767361,
          -0.637846,
          1.510361
        ],
        [
          0.0,
          0.0,
          0.0,
          1.0
        ]
      ]
    },
    {
      "file_path": "/media/NFS/ttao/scannet/posed_images/scene0234_00/00027.jpg",
      "transform_matrix": [
        [
          -0.909744,
          -0.307869,
          0.278537,
          0.955793
        ],
        [
          -0.409886,
          0.559332,
          -0.720514,
          3.979516
        ],
        [
          0.066029,
          -0.769652,
          -0.63504,
          1.507964
        ],
        [
          0.0,
          0.0,
          0.0,
          1.0
        ]
      ]
    },
    {
      "file_path": "/media/NFS/ttao/scannet/posed_images/scene0234_00/00028.jpg",
      "transform_matrix": [
        [
          -0.906926,
          -0.313326,
          0.281625,
          0.95128
        ],
        [
          -0.415791,
          0.558039,
          -0.718129,
          3.978743
        ],
        [
          0.067851,
          -0.768387,
          -0.636378,
          1.506261
        ],
        [
          0.0,
          0.0,
          0.0,
          1.0
        ]
      ]
    },
    {
      "file_path": "/media/NFS/ttao/scannet/posed_images/scene0234_00/00031.jpg",
      "transform_matrix": [
        [
          -0.883815,
          -0.346561,
          0.31427,
          0.940044
        ],
        [
          -0.462777,
          0.549108,
          -0.69593,
          3.977827
        ],
        [
          0.068615,
          -0.76051,
          -0.645691,
          1.49985
        ],
        [
          0.0,
          0.0,
          0.0,
          1.0
        ]
      ]
    },
    {
      "file_path": "/media/NFS/ttao/scannet/posed_images/scene0234_00/00033.jpg",
      "transform_matrix": [
        [
          -0.863898,
          -0.365374,
          0.346672,
          0.932452
        ],
        [
          -0.500317,
          0.543285,
          -0.674185,
          3.982703
        ],
        [
          0.057988,
          -0.755873,
          -0.652146,
          1.491046
        ],
        [
          0.0,
          0.0,
          0.0,
          1.0
        ]
      ]
    },
    {
      "file_path": "/media/NFS/ttao/scannet/posed_images/scene0234_00/00034.jpg",
      "transform_matrix": [
        [
          -0.859582,
          -0.366509,
          0.356077,
          0.933105
        ],
        [
          -0.508415,
          0.543438,
          -0.667974,
          3.982906
        ],
        [
          0.051313,
          -0.755213,
          -0.653468,
          1.491835
        ],
        [
          0.0,
          0.0,
          0.0,
          1.0
        ]
      ]
    },
    {
      "file_path": "/media/NFS/ttao/scannet/posed_images/scene0234_00/00036.jpg",
      "transform_matrix": [
        [
          -0.846324,
          -0.370788,
          0.382428,
          0.928636
        ],
        [
          -0.531412,
          0.538453,
          -0.653964,
          3.984896
        ],
        [
          0.036562,
          -0.756693,
          -0.652748,
          1.492263
        ],
        [
          0.0,
          0.0,
          0.0,
          1.0
        ]
      ]
    },
    {
      "file_path": "/media/NFS/ttao/scannet/posed_images/scene0234_00/00038.jpg",
      "transform_matrix": [
        [
          -0.828446,
          -0.382978,
          0.408661,
          0.923441
        ],
        [
          -0.559348,
          0.528781,
          -0.638373,
          3.991061
        ],
        [
          0.028391,
          -0.757442,
          -0.652285,
          1.489
        ],
        [
          0.0,
          0.0,
          0.0,
          1.0
        ]
      ]
    },
    {
      "file_path": "/media/NFS/ttao/scannet/posed_images/scene0234_00/00041.jpg",
      "transform_matrix": [
        [
          -0.801291,
          -0.40482,
          0.440515,
          0.929638
        ],
        [
          -0.597912,
          0.516214,
          -0.613208,
          4.001173
        ],
        [
          0.020839,
          -0.754748,
          -0.655684,
          1.488725
        ],
        [
          0.0,
          0.0,
          0.0,
          1.0
        ]
      ]
    },
    {
      "file_path": "/media/NFS/ttao/scannet/posed_images/scene0234_00/00042.jpg",
      "transform_matrix": [
        [
          -0.791524,
          -0.410404,
          0.452834,
          0.927924
        ],
        [
          -0.610924,
          0.511739,
          -0.604065,
          4.001045
        ],
        [
          0.016178,
          -0.754779,
          -0.65578,
          1.490835
        ],
        [
          0.0,
          0.0,
          0.0,
          1.0
        ]
      ]
    },
    {
      "file_path": "/media/NFS/ttao/scannet/posed_images/scene0234_00/00045.jpg",
      "transform_matrix": [
        [
          -0.761997,
          -0.420582,
          0.492413,
          0.927408
        ],
        [
          -0.647562,
          0.489093,
          -0.584339,
          4.006728
        ],
        [
          0.004926,
          -0.764133,
          -0.64504,
          1.498266
        ],
        [
          0.0,
          0.0,
          0.0,
          1.0
        ]
      ]
    },
    {
      "file_path": "/media/NFS/ttao/scannet/posed_images/scene0234_00/00046.jpg",
      "transform_matrix": [
        [
          -0.750601,
          -0.425337,
          0.505654,
          0.925229
        ],
        [
          -0.660751,
          0.480127,
          -0.576963,
          4.009814
        ],
        [
          0.002626,
          -0.767181,
          -0.641426,
          1.49871
        ],
        [
          0.0,
          0.0,
          0.0,
          1.0
        ]
      ]
    },
    {
      "file_path": "/media/NFS/ttao/scannet/posed_images/scene0234_00/00048.jpg",
      "transform_matrix": [
        [
          -0.728309,
          -0.442972,
          0.52282,
          0.92387
        ],
        [
          -0.685208,
          0.46244,
          -0.562707,
          4.020885
        ],
        [
          0.00749,
          -0.768065,
          -0.640328,
          1.494011
        ],
        [
          0.0,
          0.0,
          0.0,
          1.0
        ]
      ]
    },
    {
      "file_path": "/media/NFS/ttao/scannet/posed_images/scene0234_00/00050.jpg",
      "transform_matrix": [
        [
          -0.707853,
          -0.456794,
          0.538779,
          0.922581
        ],
        [
          -0.706314,
          0.449078,
          -0.54722,
          4.027472
        ],
        [
          0.008013,
          -0.767899,
          -0.640521,
          1.493924
        ],
        [
          0.0,
          0.0,
          0.0,
          1.0
        ]
      ]
    },
    {
      "file_path": "/media/NFS/ttao/scannet/posed_images/scene0234_00/00052.jpg",
      "transform_matrix": [
        [
          -0.692965,
          -0.461572,
          0.553851,
          0.925326
        ],
        [
          -0.720962,
          0.439858,
          -0.535479,
          4.040433
        ],
        [
          0.003546,
          -0.770374,
          -0.637582,
          1.487472
        ],
        [
          0.0,
          0.0,
          0.0,
          1.0
        ]
      ]
    },
    {
      "file_path": "/media/NFS/ttao/scannet/posed_images/scene0234_00/00053.jpg",
      "transform_matrix": [
        [
          -0.686244,
          -0.464064,
          0.560101,
          0.924992
        ],
        [
          -0.727369,
          0.439572,
          -0.526982,
          4.039567
        ],
        [
          -0.001652,
          -0.769039,
          -0.6392,
          1.490177
        ],
        [
          0.0,
          0.0,
          0.0,
          1.0
        ]
      ]
    },
    {
      "file_path": "/media/NFS/ttao/scannet/posed_images/scene0234_00/00056.jpg",
      "transform_matrix": [
        [
          -0.662339,
          -0.461188,
          0.590434,
          0.929283
        ],
        [
          -0.748804,
          0.433256,
          -0.50158,
          4.042309
        ],
        [
          -0.024487,
          -0.774335,
          -0.632302,
          1.49331
        ],
        [
          0.0,
          0.0,
          0.0,
          1.0
        ]
      ]
    },
    {
      "file_path": "/media/NFS/ttao/scannet/posed_images/scene0234_00/00057.jpg",
      "transform_matrix": [
        [
          -0.655825,
          -0.462433,
          0.596699,
          0.928568
        ],
        [
          -0.754438,
          0.429505,
          -0.496335,
          4.042723
        ],
        [
          -0.026764,
          -0.775681,
          -0.630557,
          1.491509
        ],
        [
          0.0,
          0.0,
          0.0,
          1.0
        ]
      ]
    },
    {
      "file_path": "/media/NFS/ttao/scannet/posed_images/scene0234_00/00060.jpg",
      "transform_matrix": [
        [
          -0.646731,
          -0.473501,
          0.597943,
          0.934667
        ],
        [
          -0.762414,
          0.423502,
          -0.489256,
          4.039685
        ],
        [
          -0.021567,
          -0.772297,
          -0.634896,
          1.488906
        ],
        [
          0.0,
          0.0,
          0.0,
          1.0
        ]
      ]
    },
    {
      "file_path": "/media/NFS/ttao/scannet/posed_images/scene0234_00/00062.jpg",
      "transform_matrix": [
        [
          -0.642888,
          -0.477622,
          0.598809,
          0.943365
        ],
        [
          -0.765825,
          0.415526,
          -0.490766,
          4.037354
        ],
        [
          -0.01442,
          -0.77409,
          -0.632911,
          1.489694
        ],
        [
          0.0,
          0.0,
          0.0,
          1.0
        ]
      ]
    },
    {
      "file_path": "/media/NFS/ttao/scannet/posed_images/scene0234_00/00063.jpg",
      "transform_matrix": [
        [
          -0.642625,
          -0.478099,
          0.59871,
          0.95035
        ],
        [
          -0.766082,
          0.413485,
          -0.492086,
          4.035118
        ],
        [
          -0.012291,
          -0.774888,
          -0.631979,
          1.490331
        ],
        [
          0.0,
          0.0,
          0.0,
          1.0
        ]
      ]
    },
    {
      "file_path": "/media/NFS/ttao/scannet/posed_images/scene0234_00/00066.jpg",
      "transform_matrix": [
        [
          -0.649305,
          -0.472341,
          0.596068,
          0.972894
        ],
        [
          -0.760471,
          0.41279,
          -0.501286,
          4.032308
        ],
        [
          -0.009273,
          -0.77878,
          -0.627228,
          1.489694
        ],
        [
          0.0,
          0.0,
          0.0,
          1.0
        ]
      ]
    },
    {
      "file_path": "/media/NFS/ttao/scannet/posed_images/scene0234_00/00067.jpg",
      "transform_matrix": [
        [
          -0.651714,
          -0.472977,
          0.592927,
          0.983826
        ],
        [
          -0.758408,
          0.416003,
          -0.501756,
          4.029635
        ],
        [
          -0.00934,
          -0.776682,
          -0.629824,
          1.490042
        ],
        [
          0.0,
          0.0,
          0.0,
          1.0
        ]
      ]
    },
    {
      "file_path": "/media/NFS/ttao/scannet/posed_images/scene0234_00/00069.jpg",
      "transform_matrix": [
        [
          -0.656469,
          -0.475221,
          0.585844,
          1.001294
        ],
        [
          -0.754332,
          0.419392,
          -0.505069,
          4.022188
        ],
        [
          -0.005679,
          -0.773483,
          -0.633792,
          1.488635
        ],
        [
          0.0,
          0.0,
          0.0,
          1.0
        ]
      ]
    },
    {
      "file_path": "/media/NFS/ttao/scannet/posed_images/scene0234_00/00071.jpg",
      "transform_matrix": [
        [
          -0.655591,
          -0.480682,
          0.582361,
          1.026804
        ],
        [
          -0.755113,
          0.419494,
          -0.503814,
          4.01924
        ],
        [
          -0.002123,
          -0.770045,
          -0.637986,
          1.486241
        ],
        [
          0.0,
          0.0,
          0.0,
          1.0
        ]
      ]
    },
    {
      "file_path": "/media/NFS/ttao/scannet/posed_images/scene0234_00/00074.jpg",
      "transform_matrix": [
        [
          -0.644116,
          -0.477167,
          0.59785,
          1.06868
        ],
        [
          -0.764853,
          0.412667,
          -0.494678,
          4.013619
        ],
        [
          -0.010669,
          -0.775898,
          -0.630769,
          1.490371
        ],
        [
          0.0,
          0.0,
          0.0,
          1.0
        ]
      ]
    },
    {
      "file_path": "/media/NFS/ttao/scannet/posed_images/scene0234_00/00075.jpg",
      "transform_matrix": [
        [
          -0.644143,
          -0.474072,
          0.600279,
          1.076439
        ],
        [
          -0.764852,
          0.408363,
          -0.498237,
          4.019099
        ],
        [
          -0.008931,
          -0.780061,
          -0.625639,
          1.482803
        ],
        [
          0.0,
          0.0,
          0.0,
          1.0
        ]
      ]
    },
    {
      "file_path": "/media/NFS/ttao/scannet/posed_images/scene0234_00/00077.jpg",
      "transform_matrix": [
        [
          -0.636611,
          -0.485914,
          0.598844,
          1.106348
        ],
        [
          -0.771175,
          0.405107,
          -0.491098,
          4.017136
        ],
        [
          -0.003965,
          -0.774452,
          -0.632621,
          1.482561
        ],
        [
          0.0,
          0.0,
          0.0,
          1.0
        ]
      ]
    },
    {
      "file_path": "/media/NFS/ttao/scannet/posed_images/scene0234_00/00079.jpg",
      "transform_matrix": [
        [
          -0.622054,
          -0.493273,
          0.608054,
          1.135824
        ],
        [
          -0.782953,
          0.397546,
          -0.478477,
          4.018285
        ],
        [
          -0.005709,
          -0.773717,
          -0.633506,
          1.482844
        ],
        [
          0.0,
          0.0,
          0.0,
          1.0
        ]
      ]
    },
    {
      "file_path": "/media/NFS/ttao/scannet/posed_images/scene0234_00/00080.jpg",
      "transform_matrix": [
        [
          -0.614516,
          -0.495919,
          0.613543,
          1.154811
        ],
        [
          -0.78888,
          0.392392,
          -0.472966,
          4.024026
        ],
        [
          -0.006197,
          -0.774657,
          -0.632352,
          1.479412
        ],
        [
          0.0,
          0.0,
          0.0,
          1.0
        ]
      ]
    },
    {
      "file_path": "/media/NFS/ttao/scannet/posed_images/scene0234_00/00082.jpg",
      "transform_matrix": [
        [
          -0.605322,
          -0.497955,
          0.620988,
          1.187298
        ],
        [
          -0.795964,
          0.383816,
          -0.46811,
          4.034453
        ],
        [
          -0.005247,
          -0.777642,
          -0.628686,
          1.473925
        ],
        [
          0.0,
          0.0,
          0.0,
          1.0
        ]
      ]
    },
    {
      "file_path": "/media/NFS/ttao/scannet/posed_images/scene0234_00/00085.jpg",
      "transform_matrix": [
        [
          -0.584807,
          -0.498843,
          0.639653,
          1.226882
        ],
        [
          -0.811142,
          0.366403,
          -0.455847,
          4.033484
        ],
        [
          -0.006974,
          -0.785433,
          -0.618908,
          1.472285
        ],
        [
          0.0,
          0.0,
          0.0,
          1.0
        ]
      ]
    },
    {
      "file_path": "/media/NFS/ttao/scannet/posed_images/scene0234_00/00086.jpg",
      "transform_matrix": [
        [
          -0.57934,
          -0.503017,
          0.641356,
          1.237405
        ],
        [
          -0.815083,
          0.359694,
          -0.454159,
          4.034809
        ],
        [
          -0.002242,
          -0.785871,
          -0.618386,
          1.469355
        ],
        [
          0.0,
          0.0,
          0.0,
          1.0
        ]
      ]
    },
    {
      "file_path": "/media/NFS/ttao/scannet/posed_images/scene0234_00/00088.jpg",
      "transform_matrix": [
        [
          -0.567779,
          -0.515418,
          0.641849,
          1.265875
        ],
        [
          -0.82316,
          0.349948,
          -0.447151,
          4.037254
        ],
        [
          0.005855,
          -0.782228,
          -0.622965,
          1.465201
        ],
        [
          0.0,
          0.0,
          0.0,
          1.0
        ]
      ]
    },
    {
      "file_path": "/media/NFS/ttao/scannet/posed_images/scene0234_00/00091.jpg",
      "transform_matrix": [
        [
          -0.537637,
          -0.530002,
          0.655778,
          1.300051
        ],
        [
          -0.843172,
          0.335478,
          -0.420137,
          4.029848
        ],
        [
          0.002674,
          -0.778815,
          -0.627248,
          1.465731
        ],
        [
          0.0,
          0.0,
          0.0,
          1.0
        ]
      ]
    },
    {
      "file_path": "/media/NFS/ttao/scannet/posed_images/scene0234_00/00092.jpg",
      "transform_matrix": [
        [
          -0.528439,
          -0.530996,
          0.662417,
          1.305327
        ],
        [
          -0.84897,
          0.329098,
          -0.413454,
          4.030464
        ],
        [
          0.001542,
          -0.780857,
          -0.624708,
          1.460087
        ],
        [
          0.0,
          0.0,
          0.0,
          1.0
        ]
      ]
    },
    {
      "file_path": "/media/NFS/ttao/scannet/posed_images/scene0234_00/00094.jpg",
      "transform_matrix": [
        [
          -0.507921,
          -0.550961,
          0.662162,
          1.322489
        ],
        [
          -0.861373,
          0.318302,
          -0.39588,
          4.030536
        ],
        [
          0.007346,
          -0.771444,
          -0.636255,
          1.447353
        ],
        [
          0.0,
          0.0,
          0.0,
          1.0
        ]
      ]
    },
    {
      "file_path": "/media/NFS/ttao/scannet/posed_images/scene0234_00/00097.jpg",
      "transform_matrix": [
        [
          -0.475167,
          -0.577327,
          0.664011,
          1.352519
        ],
        [
          -0.87975,
          0.297984,
          -0.370467,
          4.019886
        ],
        [
          0.016016,
          -0.760197,
          -0.649495,
          1.445788
        ],
        [
          0.0,
          0.0,
          0.0,
          1.0
        ]
      ]
    },
    {
      "file_path": "/media/NFS/ttao/scannet/posed_images/scene0234_00/00098.jpg",
      "transform_matrix": [
        [
          -0.460124,
          -0.583506,
          0.669183,
          1.362046
        ],
        [
          -0.887769,
          0.291896,
          -0.355898,
          4.011476
        ],
        [
          0.012337,
          -0.757838,
          -0.652327,
          1.45037
        ],
        [
          0.0,
          0.0,
          0.0,
          1.0
        ]
      ]
    },
    {
      "file_path": "/media/NFS/ttao/scannet/posed_images/scene0234_00/00100.jpg",
      "transform_matrix": [
        [
          -0.422566,
          -0.586294,
          0.691156,
          1.384673
        ],
        [
          -0.906326,
          0.276131,
          -0.319883,
          3.999797
        ],
        [
          -0.003304,
          -0.761585,
          -0.648057,
          1.458368
        ],
        [
          0.0,
          0.0,
          0.0,
          1.0
        ]
      ]
    },
    {
      "file_path": "/media/NFS/ttao/scannet/posed_images/scene0234_00/00102.jpg",
      "transform_matrix": [
        [
          -0.386179,
          -0.579523,
          0.717648,
          1.39835
        ],
        [
          -0.9222,
          0.259679,
          -0.286554,
          3.998197
        ],
        [
          -0.020293,
          -0.772477,
          -0.634719,
          1.458712
        ],
        [
          0.0,
          0.0,
          0.0,
          1.0
        ]
      ]
    },
    {
      "file_path": "/media/NFS/ttao/scannet/posed_images/scene0234_00/00104.jpg",
      "transform_matrix": [
        [
          -0.339893,
          -0.585972,
          0.735602,
          1.412268
        ],
        [
          -0.939945,
          0.237645,
          -0.245006,
          3.990824
        ],
        [
          -0.031246,
          -0.774701,
          -0.631555,
          1.464447
        ],
        [
          0.0,
          0.0,
          0.0,
          1.0
        ]
      ]
    },
    {
      "file_path": "/media/NFS/ttao/scannet/posed_images/scene0234_00/00105.jpg",
      "transform_matrix": [
        [
          -0.315896,
          -0.584356,
          0.747487,
          1.411503
        ],
        [
          -0.948254,
          0.221012,
          -0.227963,
          3.987553
        ],
        [
          -0.031992,
          -0.780821,
          -0.623935,
          1.461014
        ],
        [
          0.0,
          0.0,
          0.0,
          1.0
        ]
      ]
    },
    {
      "file_path": "/media/NFS/ttao/scannet/posed_images/scene0234_00/00108.jpg",
      "transform_matrix": [
        [
          -0.254688,
          -0.597037,
          0.76071,
          1.431512
        ],
        [
          -0.966692,
          0.177758,
          -0.18414,
          3.985789
        ],
        [
          -0.025284,
          -0.782271,
          -0.622425,
          1.463487
        ],
        [
          0.0,
          0.0,
          0.0,
          1.0
        ]
      ]
    },
    {
      "file_path": "/media/NFS/ttao/scannet/posed_images/scene0234_00/00109.jpg",
      "transform_matrix": [
        [
          -0.234889,
          -0.598105,
          0.766222,
          1.441084
        ],
        [
          -0.971667,
          0.165787,
          -0.168458,
          3.98476
        ],
        [
          -0.026274,
          -0.784082,
          -0.620101,
          1.469317
        ],
        [
          0.0,
          0.0,
          0.0,
          1.0
        ]
      ]
    },
    {
      "file_path": "/media/NFS/ttao/scannet/posed_images/scene0234_00/00111.jpg",
      "transform_matrix": [
        [
          -0.194557,
          -0.584501,
          0.787722,
          1.45563
        ],
        [
          -0.980664,
          0.133202,
          -0.143374,
          3.997515
        ],
        [
          -0.021124,
          -0.800385,
          -0.599114,
          1.461287
        ],
        [
          0.0,
          0.0,
          0.0,
          1.0
        ]
      ]
    },
    {
      "file_path": "/media/NFS/ttao/scannet/posed_images/scene0234_00/00113.jpg",
      "transform_matrix": [
        [
          -0.157003,
          -0.58631,
          0.794727,
          1.462268
        ],
        [
          -0.987426,
          0.108212,
          -0.115238,
          3.997503
        ],
        [
          -0.018434,
          -0.802827,
          -0.595927,
          1.457627
        ],
        [
          0.0,
          0.0,
          0.0,
          1.0
        ]
      ]
    },
    {
      "file_path": "/media/NFS/ttao/scannet/posed_images/scene0234_00/00116.jpg",
      "transform_matrix": [
        [
          -0.105812,
          -0.590465,
          0.800097,
          1.479464
        ],
        [
          -0.994092,
          0.082384,
          -0.070668,
          3.998172
        ],
        [
          -0.024188,
          -0.802848,
          -0.595694,
          1.463222
        ],
        [
          0.0,
          0.0,
          0.0,
          1.0
        ]
      ]
    },
    {
      "file_path": "/media/NFS/ttao/scannet/posed_images/scene0234_00/00118.jpg",
      "transform_matrix": [
        [
          -0.075928,
          -0.582775,
          0.809078,
          1.486639
        ],
        [
          -0.996733,
          0.066766,
          -0.045446,
          3.993521
        ],
        [
          -0.027534,
          -0.809886,
          -0.585941,
          1.458138
        ],
        [
          0.0,
          0.0,
          0.0,
          1.0
        ]
      ]
    },
    {
      "file_path": "/media/NFS/ttao/scannet/posed_images/scene0234_00/00119.jpg",
      "transform_matrix": [
        [
          -0.06883,
          -0.584264,
          0.80864,
          1.497087
        ],
        [
          -0.997297,
          0.061194,
          -0.040674,
          3.995913
        ],
        [
          -0.025719,
          -0.809253,
          -0.586897,
          1.456608
        ],
        [
          0.0,
          0.0,
          0.0,
          1.0
        ]
      ]
    },
    {
      "file_path": "/media/NFS/ttao/scannet/posed_images/scene0234_00/00122.jpg",
      "transform_matrix": [
        [
          -0.05142,
          -0.580432,
          0.812684,
          1.528827
        ],
        [
          -0.998326,
          0.05144,
          -0.026426,
          4.001699
        ],
        [
          -0.026466,
          -0.812683,
          -0.582106,
          1.456738
        ],
        [
          0.0,
          0.0,
          0.0,
          1.0
        ]
      ]
    },
    {
      "file_path": "/media/NFS/ttao/scannet/posed_images/scene0234_00/00123.jpg",
      "transform_matrix": [
        [
          -0.044017,
          -0.579341,
          0.813896,
          1.535586
        ],
        [
          -0.998708,
          0.046234,
          -0.021102,
          4.001962
        ],
        [
          -0.025404,
          -0.813773,
          -0.580627,
          1.45306
        ],
        [
          0.0,
          0.0,
          0.0,
          1.0
        ]
      ]
    },
    {
      "file_path": "/media/NFS/ttao/scannet/posed_images/scene0234_00/00125.jpg",
      "transform_matrix": [
        [
          -0.035167,
          -0.581087,
          0.813081,
          1.559238
        ],
        [
          -0.999157,
          0.037702,
          -0.016271,
          4.00421
        ],
        [
          -0.0212,
          -0.812968,
          -0.581923,
          1.454344
        ],
        [
          0.0,
          0.0,
          0.0,
          1.0
        ]
      ]
    },
    {
      "file_path": "/media/NFS/ttao/scannet/posed_images/scene0234_00/00127.jpg",
      "transform_matrix": [
        [
          -0.022266,
          -0.580877,
          0.813687,
          1.58216
        ],
        [
          -0.999619,
          0.026199,
          -0.008651,
          4.00724
        ],
        [
          -0.016293,
          -0.81357,
          -0.581239,
          1.459782
        ],
        [
          0.0,
          0.0,
          0.0,
          1.0
        ]
      ]
    },
    {
      "file_path": "/media/NFS/ttao/scannet/posed_images/scene0234_00/00130.jpg",
      "transform_matrix": [
        [
          -0.008718,
          -0.569175,
          0.82217,
          1.616754
        ],
        [
          -0.999962,
          0.005012,
          -0.007133,
          4.018904
        ],
        [
          -6.1e-05,
          -0.822201,
          -0.569197,
          1.459378
        ],
        [
          0.0,
          0.0,
          0.0,
          1.0
        ]
      ]
    },
    {
      "file_path": "/media/NFS/ttao/scannet/posed_images/scene0234_00/00131.jpg",
      "transform_matrix": [
        [
          -0.007405,
          -0.570567,
          0.821217,
          1.626327
        ],
        [
          -0.99996,
          0.000148,
          -0.008913,
          4.019984
        ],
        [
          0.004964,
          -0.821251,
          -0.570546,
          1.458738
        ],
        [
          0.0,
          0.0,
          0.0,
          1.0
        ]
      ]
    },
    {
      "file_path": "/media/NFS/ttao/scannet/posed_images/scene0234_00/00132.jpg",
      "transform_matrix": [
        [
          -0.007275,
          -0.571625,
          0.820483,
          1.637199
        ],
        [
          -0.999937,
          -0.002882,
          -0.010873,
          4.023357
        ],
        [
          0.00858,
          -0.82051,
          -0.571568,
          1.463507
        ],
        [
          0.0,
          0.0,
          0.0,
          1.0
        ]
      ]
    },
    {
      "file_path": "/media/NFS/ttao/scannet/posed_images/scene0234_00/00134.jpg",
      "transform_matrix": [
        [
          -0.003811,
          -0.563804,
          0.8259,
          1.666527
        ],
        [
          -0.999934,
          -0.006781,
          -0.009243,
          4.036575
        ],
        [
          0.010812,
          -0.825881,
          -0.563741,
          1.470359
        ],
        [
          0.0,
          0.0,
          0.0,
          1.0
        ]
      ]
    },
    {
      "file_path": "/media/NFS/ttao/scannet/posed_images/scene0234_00/00137.jpg",
      "transform_matrix": [
        [
          0.022196,
          -0.548637,
          0.835766,
          1.693457
        ],
        [
          -0.99959,
          -0.027323,
          0.00861,
          4.050819
        ],
        [
          0.018112,
          -0.835614,
          -0.549018,
          1.4688
        ],
        [
          0.0,
          0.0,
          0.0,
          1.0
        ]
      ]
    },
    {
      "file_path": "/media/NFS/ttao/scannet/posed_images/scene0234_00/00138.jpg",
      "transform_matrix": [
        [
          0.031945,
          -0.547125,
          0.836441,
          1.702004
        ],
        [
          -0.99929,
          -0.034209,
          0.015788,
          4.055004
        ],
        [
          0.019976,
          -0.836351,
          -0.54783,
          1.471704
        ],
        [
          0.0,
          0.0,
          0.0,
          1.0
        ]
      ]
    },
    {
      "file_path": "/media/NFS/ttao/scannet/posed_images/scene0234_00/00141.jpg",
      "transform_matrix": [
        [
          0.049369,
          -0.533841,
          0.844142,
          1.719119
        ],
        [
          -0.998676,
          -0.0386,
          0.033997,
          4.066564
        ],
        [
          0.014435,
          -0.844703,
          -0.53504,
          1.470587
        ],
        [
          0.0,
          0.0,
          0.0,
          1.0
        ]
      ]
    },
    {
      "file_path": "/media/NFS/ttao/scannet/posed_images/scene0234_00/00143.jpg",
      "transform_matrix": [
        [
          0.0659,
          -0.531838,
          0.844278,
          1.724055
        ],
        [
          -0.997812,
          -0.039642,
          0.052913,
          4.069018
        ],
        [
          0.005327,
          -0.845918,
          -0.533286,
          1.467615
        ],
        [
          0.0,
          0.0,
          0.0,
          1.0
        ]
      ]
    },
    {
      "file_path": "/media/NFS/ttao/scannet/posed_images/scene0234_00/00145.jpg",
      "transform_matrix": [
        [
          0.099132,
          -0.532321,
          0.840718,
          1.733388
        ],
        [
          -0.995074,
          -0.053386,
          0.083529,
          4.072431
        ],
        [
          0.000418,
          -0.844858,
          -0.534991,
          1.47227
        ],
        [
          0.0,
          0.0,
          0.0,
          1.0
        ]
      ]
    },
    {
      "file_path": "/media/NFS/ttao/scannet/posed_images/scene0234_00/00146.jpg",
      "transform_matrix": [
        [
          0.118126,
          -0.527513,
          0.841295,
          1.733098
        ],
        [
          -0.992998,
          -0.061991,
          0.100556,
          4.068274
        ],
        [
          -0.000892,
          -0.847283,
          -0.531142,
          1.474593
        ],
        [
          0.0,
          0.0,
          0.0,
          1.0
        ]
      ]
    },
    {
      "file_path": "/media/NFS/ttao/scannet/posed_images/scene0234_00/00149.jpg",
      "transform_matrix": [
        [
          0.153137,
          -0.504771,
          0.849562,
          1.737571
        ],
        [
          -0.988182,
          -0.07238,
          0.135119,
          4.061532
