{
  "frames": [
    {
      "file_path": "/media/NFS/ttao/scannet/posed_images/scene0384_00/00000.jpg",
      "transform_matrix": [
        [
          -0.326149,
          -0.501441,
          0.801364,
          4.201622
        ],
        [
          -0.945315,
          0.170635,
          -0.277963,
          4.377739
        ],
        [
          0.002642,
          -0.848199,
          -0.529672,
          1.401286
        ],
        [
          0.0,
          0.0,
          0.0,
          1.0
        ]
      ]
    },
    {
      "file_path": "/media/NFS/ttao/scannet/posed_images/scene0384_00/00004.jpg",
      "transform_matrix": [
        [
          -0.324302,
          -0.501789,
          0.801895,
          4.201898
        ],
        [
          -0.94595,
          0.17425,
          -0.273523,
          4.382685
        ],
        [
          -0.002479,
          -0.847257,
          -0.531177,
          1.398706
        ],
        [
          0.0,
          0.0,
          0.0,
          1.0
        ]
      ]
    },
    {
      "file_path": "/media/NFS/ttao/scannet/posed_images/scene0384_00/00009.jpg",
      "transform_matrix": [
        [
          -0.326469,
          -0.504774,
          0.799138,
          4.201317
        ],
        [
          -0.945204,
          0.176825,
          -0.274449,
          4.382842
        ],
        [
          -0.002773,
          -0.844947,
          -0.534843,
          1.393827
        ],
        [
          0.0,
          0.0,
          0.0,
          1.0
        ]
      ]
    },
    {
      "file_path": "/media/NFS/ttao/scannet/posed_images/scene0384_00/00012.jpg",
      "transform_matrix": [
        [
          -0.322074,
          -0.508545,
          0.79853,
          4.197654
        ],
        [
          -0.946686,
          0.179573,
          -0.267468,
          4.377623
        ],
        [
          -0.007375,
          -0.842102,
          -0.539268,
          1.386447
        ],
        [
          0.0,
          0.0,
          0.0,
          1.0
        ]
      ]
    },
    {
      "file_path": "/media/NFS/ttao/scannet/posed_images/scene0384_00/00018.jpg",
      "transform_matrix": [
        [
          -0.306165,
          -0.567686,
          0.764197,
          4.192486
        ],
        [
          -0.951458,
          0.209013,
          -0.225922,
          4.373201
        ],
        [
          -0.031474,
          -0.79627,
          -0.604122,
          1.351892
        ],
        [
          0.0,
          0.0,
          0.0,
          1.0
        ]
      ]
    },
    {
      "file_path": "/media/NFS/ttao/scannet/posed_images/scene0384_00/00023.jpg",
      "transform_matrix": [
        [
          -0.297343,
          -0.638503,
          0.709859,
          4.185056
        ],
        [
          -0.954114,
          0.226292,
          -0.19611,
          4.384789
        ],
        [
          -0.035419,
          -0.735598,
          -0.676491,
          1.29728
        ],
        [
          0.0,
          0.0,
          0.0,
          1.0
        ]
      ]
    },
    {
      "file_path": "/media/NFS/ttao/scannet/posed_images/scene0384_00/00028.jpg",
      "transform_matrix": [
        [
          -0.300975,
          -0.674747,
          0.673892,
          4.190734
        ],
        [
          -0.952742,
          0.243283,
          -0.181924,
          4.369062
        ],
        [
          -0.041194,
          -0.696799,
          -0.716082,
          1.290934
        ],
        [
          0.0,
          0.0,
          0.0,
          1.0
        ]
      ]
    },
    {
      "file_path": "/media/NFS/ttao/scannet/posed_images/scene0384_00/00029.jpg",
      "transform_matrix": [
        [
          -0.307078,
          -0.670931,
          0.674948,
          4.188447
        ],
        [
          -0.950793,
          0.246979,
          -0.187068,
          4.368745
        ],
        [
          -0.041188,
          -0.69918,
          -0.713759,
          1.291462
        ],
        [
          0.0,
          0.0,
          0.0,
          1.0
        ]
      ]
    },
    {
      "file_path": "/media/NFS/ttao/scannet/posed_images/scene0384_00/00036.jpg",
      "transform_matrix": [
        [
          -0.386641,
          -0.630959,
          0.672606,
          4.17976
        ],
        [
          -0.922204,
          0.25898,
          -0.287175,
          4.34729
        ],
        [
          0.007005,
          -0.731314,
          -0.682005,
          1.316847
        ],
        [
          0.0,
          0.0,
          0.0,
          1.0
        ]
      ]
    },
    {
      "file_path": "/media/NFS/ttao/scannet/posed_images/scene0384_00/00038.jpg",
      "transform_matrix": [
        [
          -0.407969,
          -0.614929,
          0.674851,
          4.177792
        ],
        [
          -0.912784,
          0.258776,
          -0.316008,
          4.340729
        ],
        [
          0.019688,
          -0.744914,
          -0.66687,
          1.330106
        ],
        [
          0.0,
          0.0,
          0.0,
          1.0
        ]
      ]
    },
    {
      "file_path": "/media/NFS/ttao/scannet/posed_images/scene0384_00/00045.jpg",
      "transform_matrix": [
        [
          -0.468255,
          -0.53886,
          0.700263,
          4.176752
        ],
        [
          -0.88313,
          0.259736,
          -0.390665,
          4.318473
        ],
        [
          0.028631,
          -0.801354,
          -0.597505,
          1.396378
        ],
        [
          0.0,
          0.0,
          0.0,
          1.0
        ]
      ]
    },
    {
      "file_path": "/media/NFS/ttao/scannet/posed_images/scene0384_00/00046.jpg",
      "transform_matrix": [
        [
          -0.475507,
          -0.524324,
          0.706384,
          4.174545
        ],
        [
          -0.879219,
          0.25636,
          -0.401564,
          4.317854
        ],
        [
          0.029461,
          -0.812012,
          -0.582896,
          1.401317
        ],
        [
          0.0,
          0.0,
          0.0,
          1.0
        ]
      ]
    },
    {
      "file_path": "/media/NFS/ttao/scannet/posed_images/scene0384_00/00050.jpg",
      "transform_matrix": [
        [
          -0.507483,
          -0.480707,
          0.715109,
          4.168301
        ],
        [
          -0.861183,
          0.255306,
          -0.439525,
          4.292864
        ],
        [
          0.028711,
          -0.838892,
          -0.543541,
          1.425747
        ],
        [
          0.0,
          0.0,
          0.0,
          1.0
        ]
      ]
    },
    {
      "file_path": "/media/NFS/ttao/scannet/posed_images/scene0384_00/00058.jpg",
      "transform_matrix": [
        [
          -0.542385,
          -0.394843,
          0.741564,
          4.161386
        ],
        [
          -0.839826,
          0.23108,
          -0.491217,
          4.209893
        ],
        [
          0.022593,
          -0.889214,
          -0.456934,
          1.47053
        ],
        [
          0.0,
          0.0,
          0.0,
          1.0
        ]
      ]
    },
    {
      "file_path": "/media/NFS/ttao/scannet/posed_images/scene0384_00/00061.jpg",
      "transform_matrix": [
        [
          -0.518701,
          -0.38368,
          0.764028,
          4.166732
        ],
        [
          -0.854843,
          0.21824,
          -0.47076,
          4.170369
        ],
        [
          0.013879,
          -0.897308,
          -0.441187,
          1.499473
        ],
        [
          0.0,
          0.0,
          0.0,
          1.0
        ]
      ]
    },
    {
      "file_path": "/media/NFS/ttao/scannet/posed_images/scene0384_00/00067.jpg",
      "transform_matrix": [
        [
          -0.513229,
          -0.356626,
          0.780649,
          4.15586
        ],
        [
          -0.858248,
          0.210862,
          -0.467917,
          4.070049
        ],
        [
          0.002262,
          -0.91014,
          -0.414294,
          1.511421
        ],
        [
          0.0,
          0.0,
          0.0,
          1.0
        ]
      ]
    },
    {
      "file_path": "/media/NFS/ttao/scannet/posed_images/scene0384_00/00068.jpg",
      "transform_matrix": [
        [
          -0.508574,
          -0.356583,
          0.78371,
          4.153762
        ],
        [
          -0.861008,
          0.215129,
          -0.460852,
          4.057842
        ],
        [
          -0.004267,
          -0.909158,
          -0.41643,
          1.514251
        ],
        [
          0.0,
          0.0,
          0.0,
          1.0
        ]
      ]
    },
    {
      "file_path": "/media/NFS/ttao/scannet/posed_images/scene0384_00/00072.jpg",
      "transform_matrix": [
        [
          -0.472448,
          -0.344042,
          0.811436,
          4.148446
        ],
        [
          -0.881237,
          0.199688,
          -0.428423,
          4.007339
        ],
        [
          -0.014638,
          -0.917475,
          -0.397524,
          1.539559
        ],
        [
          0.0,
          0.0,
          0.0,
          1.0
        ]
      ]
    },
    {
      "file_path": "/media/NFS/ttao/scannet/posed_images/scene0384_00/00079.jpg",
      "transform_matrix": [
        [
          -0.479037,
          -0.283492,
          0.830756,
          4.13111
        ],
        [
          -0.877792,
          0.156904,
          -0.452617,
          3.949765
        ],
        [
          -0.002036,
          -0.946052,
          -0.32401,
          1.576484
        ],
        [
          0.0,
          0.0,
          0.0,
          1.0
        ]
      ]
    },
    {
      "file_path": "/media/NFS/ttao/scannet/posed_images/scene0384_00/00082.jpg",
      "transform_matrix": [
        [
          -0.466636,
          -0.260943,
          0.845079,
          4.120402
        ],
        [
          -0.884425,
          0.144806,
          -0.443649,
          3.953076
        ],
        [
          -0.006606,
          -0.954432,
          -0.298356,
          1.572256
        ],
        [
          0.0,
          0.0,
          0.0,
          1.0
        ]
      ]
    },
    {
      "file_path": "/media/NFS/ttao/scannet/posed_images/scene0384_00/00087.jpg",
      "transform_matrix": [
        [
          -0.435499,
          -0.231103,
          0.870018,
          4.121689
        ],
        [
          -0.900151,
          0.120622,
          -0.418542,
          3.962448
        ],
        [
          -0.008217,
          -0.965423,
          -0.260559,
          1.58934
        ],
        [
          0.0,
          0.0,
          0.0,
          1.0
        ]
      ]
    },
    {
      "file_path": "/media/NFS/ttao/scannet/posed_images/scene0384_00/00090.jpg",
      "transform_matrix": [
        [
          -0.402958,
          -0.20112,
          0.892847,
          4.112067
        ],
        [
          -0.915094,
          0.104608,
          -0.389435,
          3.970183
        ],
        [
          -0.015075,
          -0.973965,
          -0.226196,
          1.575654
        ],
        [
          0.0,
          0.0,
          0.0,
          1.0
        ]
      ]
    },
    {
      "file_path": "/media/NFS/ttao/scannet/posed_images/scene0384_00/00096.jpg",
      "transform_matrix": [
        [
          -0.339392,
          -0.174432,
          0.92433,
          4.124331
        ],
        [
          -0.940616,
          0.07061,
          -0.332047,
          4.045047
        ],
        [
          -0.007347,
          -0.982134,
          -0.188038,
          1.598173
        ],
        [
          0.0,
          0.0,
          0.0,
          1.0
        ]
      ]
    },
    {
      "file_path": "/media/NFS/ttao/scannet/posed_images/scene0384_00/00100.jpg",
      "transform_matrix": [
        [
          -0.270957,
          -0.162672,
          0.948747,
          4.115686
        ],
        [
          -0.962573,
          0.051867,
          -0.266013,
          4.094418
        ],
        [
          -0.005936,
          -0.985316,
          -0.170638,
          1.576062
        ],
        [
          0.0,
          0.0,
          0.0,
          1.0
        ]
      ]
    },
    {
      "file_path": "/media/NFS/ttao/scannet/posed_images/scene0384_00/00101.jpg",
      "transform_matrix": [
        [
          -0.262701,
          -0.169026,
          0.949957,
          4.122304
        ],
        [
          -0.964872,
          0.049367,
          -0.258042,
          4.122545
        ],
        [
          -0.003281,
          -0.984374,
          -0.176057,
          1.588482
        ],
        [
          0.0,
          0.0,
          0.0,
          1.0
        ]
      ]
    },
    {
      "file_path": "/media/NFS/ttao/scannet/posed_images/scene0384_00/00109.jpg",
      "transform_matrix": [
        [
          -0.17845,
          -0.156602,
          0.971407,
          4.121712
        ],
        [
          -0.98373,
          0.007553,
          -0.179496,
          4.251439
        ],
        [
          0.020772,
          -0.987633,
          -0.155402,
          1.596549
        ],
        [
          0.0,
          0.0,
          0.0,
          1.0
        ]
      ]
    },
    {
      "file_path": "/media/NFS/ttao/scannet/posed_images/scene0384_00/00113.jpg",
      "transform_matrix": [
        [
          -0.147865,
          -0.141343,
          0.978856,
          4.108675
        ],
        [
          -0.988781,
          -6.4e-05,
          -0.149373,
          4.307422
        ],
        [
          0.021175,
          -0.989961,
          -0.139748,
          1.593732
        ],
        [
          0.0,
          0.0,
          0.0,
          1.0
        ]
      ]
    },
    {
      "file_path": "/media/NFS/ttao/scannet/posed_images/scene0384_00/00117.jpg",
      "transform_matrix": [
        [
          -0.118836,
          -0.151536,
          0.981282,
          4.097866
        ],
        [
          -0.992816,
          0.004288,
          -0.119571,
          4.352141
        ],
        [
          0.013912,
          -0.988443,
          -0.150957,
          1.591106
        ],
        [
          0.0,
          0.0,
          0.0,
          1.0
        ]
      ]
    },
    {
      "file_path": "/media/NFS/ttao/scannet/posed_images/scene0384_00/00120.jpg",
      "transform_matrix": [
        [
          -0.109221,
          -0.167932,
          0.979729,
          4.086558
        ],
        [
          -0.993895,
          0.002964,
          -0.110292,
          4.370183
        ],
        [
          0.015618,
          -0.985794,
          -0.16723,
          1.572716
        ],
        [
          0.0,
          0.0,
          0.0,
          1.0
        ]
      ]
    },
    {
      "file_path": "/media/NFS/ttao/scannet/posed_images/scene0384_00/00123.jpg",
      "transform_matrix": [
        [
          -0.123687,
          -0.189442,
          0.97407,
          4.081443
        ],
        [
          -0.992208,
          0.008779,
          -0.124283,
          4.388363
        ],
        [
          0.014993,
          -0.981853,
          -0.189052,
          1.555135
        ],
        [
          0.0,
          0.0,
          0.0,
          1.0
        ]
      ]
    },
    {
      "file_path": "/media/NFS/ttao/scannet/posed_images/scene0384_00/00131.jpg",
      "transform_matrix": [
        [
          -0.188488,
          -0.27422,
          0.943014,
          4.06941
        ],
        [
          -0.981892,
          0.071177,
          -0.175561,
          4.402889
        ],
        [
          -0.018979,
          -0.959029,
          -0.282671,
          1.508715
        ],
        [
          0.0,
          0.0,
          0.0,
          1.0
        ]
      ]
    },
    {
      "file_path": "/media/NFS/ttao/scannet/posed_images/scene0384_00/00132.jpg",
      "transform_matrix": [
        [
          -0.193989,
          -0.280234,
          0.940126,
          4.066646
        ],
        [
          -0.980684,
          0.079871,
          -0.17855,
          4.401366
        ],
        [
          -0.025053,
          -0.956603,
          -0.290315,
          1.499088
        ],
        [
          0.0,
          0.0,
          0.0,
          1.0
        ]
      ]
    },
    {
      "file_path": "/media/NFS/ttao/scannet/posed_images/scene0384_00/00136.jpg",
      "transform_matrix": [
        [
          -0.224612,
          -0.326304,
          0.918191,
          4.063175
        ],
        [
          -0.973988,
          0.104133,
          -0.201255,
          4.388932
        ],
        [
          -0.029944,
          -0.939512,
          -0.341206,
          1.481734
        ],
        [
          0.0,
          0.0,
          0.0,
          1.0
        ]
      ]
    },
    {
      "file_path": "/media/NFS/ttao/scannet/posed_images/scene0384_00/00143.jpg",
      "transform_matrix": [
        [
          -0.322341,
          -0.368763,
          0.871843,
          4.062296
        ],
        [
          -0.945426,
          0.171726,
          -0.276911,
          4.345181
        ],
        [
          -0.047604,
          -0.913523,
          -0.403992,
          1.468252
        ],
        [
          0.0,
          0.0,
          0.0,
          1.0
        ]
      ]
    },
    {
      "file_path": "/media/NFS/ttao/scannet/posed_images/scene0384_00/00147.jpg",
      "transform_matrix": [
        [
          -0.357883,
          -0.381391,
          0.852326,
          4.055635
        ],
        [
          -0.932214,
          0.198539,
          -0.302587,
          4.324539
        ],
        [
          -0.053816,
          -0.902842,
          -0.426592,
          1.451976
        ],
        [
          0.0,
          0.0,
          0.0,
          1.0
        ]
      ]
    },
    {
      "file_path": "/media/NFS/ttao/scannet/posed_images/scene0384_00/00149.jpg",
      "transform_matrix": [
        [
          -0.386228,
          -0.407737,
          0.827393,
          4.053307
        ],
        [
          -0.920597,
          0.226502,
          -0.318117,
          4.296329
        ],
        [
          -0.057698,
          -0.884561,
          -0.462843,
          1.43898
        ],
        [
          0.0,
          0.0,
          0.0,
          1.0
        ]
      ]
    },
    {
      "file_path": "/media/NFS/ttao/scannet/posed_images/scene0384_00/00156.jpg",
      "transform_matrix": [
        [
          -0.45941,
          -0.429947,
          0.777231,
          4.048781
        ],
        [
          -0.88325,
          0.313611,
          -0.348593,
          4.22269
        ],
        [
          -0.093872,
          -0.846637,
          -0.523827,
          1.411791
        ],
        [
          0.0,
          0.0,
          0.0,
          1.0
        ]
      ]
    },
    {
      "file_path": "/media/NFS/ttao/scannet/posed_images/scene0384_00/00158.jpg",
      "transform_matrix": [
        [
          -0.470681,
          -0.430015,
          0.77042,
          4.042433
        ],
        [
          -0.876117,
          0.331017,
          -0.350496,
          4.199175
        ],
        [
          -0.104304,
          -0.83995,
          -0.532546,
          1.404604
        ],
        [
          0.0,
          0.0,
          0.0,
          1.0
        ]
      ]
    },
    {
      "file_path": "/media/NFS/ttao/scannet/posed_images/scene0384_00/00164.jpg",
      "transform_matrix": [
        [
          -0.520798,
          -0.440635,
          0.731171,
          4.023116
        ],
        [
          -0.847835,
          0.367032,
          -0.382706,
          4.146945
        ],
        [
          -0.099729,
          -0.819225,
          -0.564735,
          1.374887
        ],
        [
          0.0,
          0.0,
          0.0,
          1.0
        ]
      ]
    },
    {
      "file_path": "/media/NFS/ttao/scannet/posed_images/scene0384_00/00167.jpg",
      "transform_matrix": [
        [
          -0.535752,
          -0.453656,
          0.712156,
          4.01503
        ],
        [
          -0.839738,
          0.374535,
          -0.393145,
          4.138889
        ],
        [
          -0.088375,
          -0.808653,
          -0.58161,
          1.357678
        ],
        [
          0.0,
          0.0,
          0.0,
          1.0
        ]
      ]
    },
    {
      "file_path": "/media/NFS/ttao/scannet/posed_images/scene0384_00/00173.jpg",
      "transform_matrix": [
        [
          -0.557539,
          -0.473141,
          0.68212,
          3.992063
        ],
        [
          -0.82668,
          0.391492,
          -0.404145,
          4.111417
        ],
        [
          -0.075827,
          -0.789222,
          -0.609409,
          1.335832
        ],
        [
          0.0,
          0.0,
          0.0,
          1.0
        ]
      ]
    },
    {
      "file_path": "/media/NFS/ttao/scannet/posed_images/scene0384_00/00174.jpg",
      "transform_matrix": [
        [
          -0.560059,
          -0.473791,
          0.679599,
          3.994097
        ],
        [
          -0.824854,
          0.39528,
          -0.40419,
          4.105198
        ],
        [
          -0.077131,
          -0.786941,
          -0.612189,
          1.336225
        ],
        [
          0.0,
          0.0,
          0.0,
          1.0
        ]
      ]
    },
    {
      "file_path": "/media/NFS/ttao/scannet/posed_images/scene0384_00/00181.jpg",
      "transform_matrix": [
        [
          -0.595715,
          -0.45755,
          0.66013,
          3.988592
        ],
        [
          -0.799992,
          0.411341,
          -0.43682,
          4.014095
        ],
        [
          -0.071671,
          -0.788319,
          -0.611079,
          1.354092
        ],
        [
          0.0,
          0.0,
          0.0,
          1.0
        ]
      ]
    },
    {
      "file_path": "/media/NFS/ttao/scannet/posed_images/scene0384_00/00184.jpg",
      "transform_matrix": [
        [
          -0.605756,
          -0.442535,
          0.661229,
          3.992579
        ],
        [
          -0.793422,
          0.398134,
          -0.460403,
          3.977003
        ],
        [
          -0.059514,
          -0.803525,
          -0.592289,
          1.363376
        ],
        [
          0.0,
          0.0,
          0.0,
          1.0
        ]
      ]
    },
    {
      "file_path": "/media/NFS/ttao/scannet/posed_images/scene0384_00/00188.jpg",
      "transform_matrix": [
        [
          -0.606478,
          -0.427251,
          0.670553,
          3.999299
        ],
        [
          -0.793559,
          0.377745,
          -0.477046,
          3.937347
        ],
        [
          -0.049479,
          -0.821441,
          -0.568143,
          1.371863
        ],
        [
          0.0,
          0.0,
          0.0,
          1.0
        ]
      ]
    },
    {
      "file_path": "/media/NFS/ttao/scannet/posed_images/scene0384_00/00195.jpg",
      "transform_matrix": [
        [
          -0.578381,
          -0.429807,
          0.693355,
          4.02563
        ],
        [
          -0.815227,
          0.335439,
          -0.472108,
          3.873376
        ],
        [
          -0.029663,
          -0.8383,
          -0.544402,
          1.392037
        ],
        [
          0.0,
          0.0,
          0.0,
          1.0
        ]
      ]
    },
    {
      "file_path": "/media/NFS/ttao/scannet/posed_images/scene0384_00/00197.jpg",
      "transform_matrix": [
        [
          -0.572379,
          -0.429509,
          0.698501,
          4.038908
        ],
        [
          -0.819816,
          0.317283,
          -0.47669,
          3.856329
        ],
        [
          -0.01688,
          -0.84549,
          -0.533725,
          1.396695
        ],
        [
          0.0,
          0.0,
          0.0,
          1.0
        ]
      ]
    },
    {
      "file_path": "/media/NFS/ttao/scannet/posed_images/scene0384_00/00200.jpg",
      "transform_matrix": [
        [
          -0.564824,
          -0.428681,
          0.705129,
          4.050304
        ],
        [
          -0.825126,
          0.305707,
          -0.47509,
          3.826325
        ],
        [
          -0.011901,
          -0.850162,
          -0.526386,
          1.404572
        ],
        [
          0.0,
          0.0,
          0.0,
          1.0
        ]
      ]
    },
    {
      "file_path": "/media/NFS/ttao/scannet/posed_images/scene0384_00/00204.jpg",
      "transform_matrix": [
        [
          -0.569862,
          -0.422477,
          0.704819,
          4.071583
        ],
        [
          -0.821736,
          0.29583,
          -0.487068,
          3.791912
        ],
        [
          -0.002731,
          -0.856737,
          -0.515747,
          1.407546
        ],
        [
          0.0,
          0.0,
          0.0,
          1.0
        ]
      ]
    },
    {
      "file_path": "/media/NFS/ttao/scannet/posed_images/scene0384_00/00211.jpg",
      "transform_matrix": [
        [
          -0.585721,
          -0.401804,
          0.703906,
          4.128481
        ],
        [
          -0.810356,
          0.273251,
          -0.518321,
          3.711409
        ],
        [
          0.01592,
          -0.874007,
          -0.485653,
          1.42202
        ],
        [
          0.0,
          0.0,
          0.0,
          1.0
        ]
      ]
    },
    {
      "file_path": "/media/NFS/ttao/scannet/posed_images/scene0384_00/00214.jpg",
      "transform_matrix": [
        [
          -0.574688,
          -0.406754,
          0.71013,
          4.157258
        ],
        [
          -0.818153,
          0.265465,
          -0.510054,
          3.674541
        ],
        [
          0.018952,
          -0.874117,
          -0.485346,
          1.434126
        ],
        [
          0.0,
          0.0,
          0.0,
          1.0
        ]
      ]
    },
    {
      "file_path": "/media/NFS/ttao/scannet/posed_images/scene0384_00/00219.jpg",
      "transform_matrix": [
        [
          -0.575882,
          -0.389576,
          0.718742,
          4.19671
        ],
        [
          -0.817468,
          0.263309,
          -0.512264,
          3.631485
        ],
        [
          0.010314,
          -0.882553,
          -0.470101,
          1.439349
        ],
        [
          0.0,
          0.0,
          0.0,
          1.0
        ]
      ]
    },
    {
      "file_path": "/media/NFS/ttao/scannet/posed_images/scene0384_00/00222.jpg",
      "transform_matrix": [
        [
          -0.568061,
          -0.396458,
          0.721199,
          4.206711
        ],
        [
          -0.822979,
          0.269971,
          -0.49982,
          3.61651
        ],
        [
          0.003455,
          -0.87746,
          -0.479637,
          1.439147
        ],
        [
          0.0,
          0.0,
          0.0,
          1.0
        ]
      ]
    },
    {
      "file_path": "/media/NFS/ttao/scannet/posed_images/scene0384_00/00225.jpg",
      "transform_matrix": [
        [
          -0.545046,
          -0.416617,
          0.727568,
          4.21137
        ],
        [
          -0.838361,
          0.261762,
          -0.478155,
          3.597424
        ],
        [
          0.008758,
          -0.870581,
          -0.491947,
          1.432212
        ],
        [
          0.0,
          0.0,
          0.0,
          1.0
        ]
      ]
    },
    {
      "file_path": "/media/NFS/ttao/scannet/posed_images/scene0384_00/00232.jpg",
      "transform_matrix": [
        [
          -0.494439,
          -0.419092,
          0.761507,
          4.221965
        ],
        [
          -0.869058,
          0.25489,
          -0.423993,
          3.522653
        ],
        [
          -0.016409,
          -0.871432,
          -0.490243,
          1.460059
        ],
        [
          0.0,
          0.0,
          0.0,
          1.0
        ]
      ]
    },
    {
      "file_path": "/media/NFS/ttao/scannet/posed_images/scene0384_00/00237.jpg",
      "transform_matrix": [
        [
          -0.480204,
          -0.39469,
          0.783341,
          4.210174
        ],
        [
          -0.87709,
          0.227096,
          -0.42325,
          3.440878
        ],
        [
          -0.010841,
          -0.890307,
          -0.455231,
          1.482937
        ],
        [
          0.0,
          0.0,
          0.0,
          1.0
        ]
      ]
    },
    {
      "file_path": "/media/NFS/ttao/scannet/posed_images/scene0384_00/00241.jpg",
      "transform_matrix": [
        [
          -0.476823,
          -0.353282,
          0.80488,
          4.202288
        ],
        [
          -0.878997,
          0.193699,
          -0.435711,
          3.37858
        ],
        [
          -0.001975,
          -0.915245,
          -0.402894,
          1.504928
        ],
        [
          0.0,
          0.0,
          0.0,
          1.0
        ]
      ]
    },
    {
      "file_path": "/media/NFS/ttao/scannet/posed_images/scene0384_00/00246.jpg",
      "transform_matrix": [
        [
          -0.447231,
          -0.316403,
          0.836585,
          4.202413
        ],
        [
          -0.894275,
          0.174917,
          -0.411917,
          3.326754
        ],
        [
          -0.016002,
          -0.932359,
          -0.36118,
          1.520047
        ],
        [
          0.0,
          0.0,
          0.0,
          1.0
        ]
      ]
    },
    {
      "file_path": "/media/NFS/ttao/scannet/posed_images/scene0384_00/00250.jpg",
      "transform_matrix": [
        [
          -0.452308,
          -0.28866,
          0.843856,
          4.211184
        ],
        [
          -0.891831,
          0.154236,
          -0.425263,
          3.300714
        ],
        [
          -0.007397,
          -0.944927,
          -0.327198,
          1.513033
        ],
        [
          0.0,
          0.0,
          0.0,
          1.0
        ]
      ]
    },
    {
      "file_path": "/media/NFS/ttao/scannet/posed_images/scene0384_00/00252.jpg",
      "transform_matrix": [
        [
          -0.449955,
          -0.285983,
          0.846022,
          4.219538
        ],
        [
          -0.893051,
          0.144658,
          -0.426068,
          3.265895
        ],
        [
          -0.000536,
          -0.947253,
          -0.320487,
          1.536448
        ],
        [
          0.0,
          0.0,
          0.0,
          1.0
        ]
      ]
    },
    {
      "file_path": "/media/NFS/ttao/scannet/posed_images/scene0384_00/00255.jpg",
      "transform_matrix": [
        [
          -0.45703,
          -0.274364,
          0.846078,
          4.237936
        ],
        [
          -0.889394,
          0.130124,
          -0.438231,
          3.256792
        ],
        [
          0.01014,
          -0.952781,
          -0.303488,
          1.546157
        ],
        [
          0.0,
          0.0,
          0.0,
          1.0
        ]
      ]
    },
    {
      "file_path": "/media/NFS/ttao/scannet/posed_images/scene0384_00/00261.jpg",
      "transform_matrix": [
        [
          -0.485995,
          -0.257595,
          0.835137,
          4.287439
        ],
        [
          -0.87334,
          0.107109,
          -0.475189,
          3.23748
        ],
        [
          0.032956,
          -0.960298,
          -0.277022,
          1.541639
        ],
        [
          0.0,
          0.0,
          0.0,
          1.0
        ]
      ]
    },
    {
      "file_path": "/media/NFS/ttao/scannet/posed_images/scene0384_00/00265.jpg",
      "transform_matrix": [
        [
          -0.492942,
          -0.239591,
          0.836424,
          4.333834
        ],
        [
          -0.869401,
          0.098165,
          -0.484258,
          3.219864
        ],
        [
          0.033916,
          -0.965899,
          -0.25669,
          1.549589
        ],
        [
          0.0,
          0.0,
          0.0,
          1.0
        ]
      ]
    },
    {
      "file_path": "/media/NFS/ttao/scannet/posed_images/scene0384_00/00269.jpg",
      "transform_matrix": [
        [
          -0.489448,
          -0.212484,
          0.845749,
          4.380569
        ],
        [
          -0.871442,
          0.083505,
          -0.483338,
          3.20685
        ],
        [
          0.032078,
          -0.97359,
          -0.226039,
          1.565998
        ],
        [
          0.0,
          0.0,
          0.0,
          1.0
        ]
      ]
    },
    {
      "file_path": "/media/NFS/ttao/scannet/posed_images/scene0384_00/00275.jpg",
      "transform_matrix": [
        [
          -0.524336,
          -0.191045,
          0.829803,
          4.428273
        ],
        [
          -0.851298,
          0.095818,
          -0.515859,
          3.176517
        ],
        [
          0.019042,
          -0.976894,
          -0.212877,
          1.584728
        ],
        [
          0.0,
          0.0,
          0.0,
          1.0
        ]
      ]
    },
    {
      "file_path": "/media/NFS/ttao/scannet/posed_images/scene0384_00/00278.jpg",
      "transform_matrix": [
        [
          -0.538621,
          -0.198417,
          0.818852,
          4.443518
        ],
        [
          -0.842274,
          0.10199,
          -0.529314,
          3.168975
        ],
        [
          0.021509,
          -0.974797,
          -0.222055,
          1.581954
        ],
        [
          0.0,
          0.0,
          0.0,
          1.0
        ]
      ]
    },
    {
      "file_path": "/media/NFS/ttao/scannet/posed_images/scene0384_00/00283.jpg",
      "transform_matrix": [
        [
          -0.571238,
          -0.250582,
          0.781598,
          4.459737
        ],
        [
          -0.820583,
          0.15324,
          -0.550601,
          3.14088
        ],
        [
          0.018199,
          -0.95589,
          -0.29316,
          1.538218
        ],
        [
          0.0,
          0.0,
          0.0,
          1.0
        ]
      ]
    },
    {
      "file_path": "/media/NFS/ttao/scannet/posed_images/scene0384_00/00286.jpg",
      "transform_matrix": [
        [
          -0.604407,
          -0.29587,
          0.739698,
          4.469418
        ],
        [
          -0.796248,
          0.19393,
          -0.573045,
          3.113707
        ],
        [
          0.026097,
          -0.935335,
          -0.352799,
          1.517349
        ],
        [
          0.0,
          0.0,
          0.0,
          1.0
        ]
      ]
    },
    {
      "file_path": "/media/NFS/ttao/scannet/posed_images/scene0384_00/00291.jpg",
      "transform_matrix": [
        [
          -0.652411,
          -0.330967,
          0.681777,
          4.480807
        ],
        [
          -0.757549,
          0.258838,
          -0.599268,
          3.091527
        ],
        [
          0.021868,
          -0.907449,
          -0.419593,
          1.467001
        ],
        [
          0.0,
          0.0,
          0.0,
          1.0
        ]
      ]
    },
    {
      "file_path": "/media/NFS/ttao/scannet/posed_images/scene0384_00/00296.jpg",
      "transform_matrix": [
        [
          -0.64477,
          -0.34658,
          0.681288,
          4.49407
        ],
        [
          -0.764252,
          0.276238,
          -0.582761,
          3.057135
        ],
        [
          0.013776,
          -0.896423,
          -0.442985,
          1.45469
        ],
        [
          0.0,
          0.0,
          0.0,
          1.0
        ]
      ]
    },
    {
      "file_path": "/media/NFS/ttao/scannet/posed_images/scene0384_00/00300.jpg",
      "transform_matrix": [
        [
          -0.650165,
          -0.339789,
          0.67958,
          4.498264
        ],
        [
          -0.759792,
          0.291642,
          -0.581086,
          3.01797
        ],
        [
          -0.000748,
          -0.894141,
          -0.447784,
          1.45199
        ],
        [
          0.0,
          0.0,
          0.0,
          1.0
        ]
      ]
    },
    {
      "file_path": "/media/NFS/ttao/scannet/posed_images/scene0384_00/00302.jpg",
      "transform_matrix": [
        [
          -0.648316,
          -0.345401,
          0.678516,
          4.501394
        ],
        [
          -0.761367,
          0.29117,
          -0.579258,
          3.015278
        ],
        [
          0.002513,
          -0.892143,
          -0.451747,
          1.443192
        ],
        [
          0.0,
          0.0,
          0.0,
          1.0
        ]
      ]
    },
    {
      "file_path": "/media/NFS/ttao/scannet/posed_images/scene0384_00/00309.jpg",
      "transform_matrix": [
        [
          -0.64657,
          -0.363109,
          0.670895,
          4.528956
        ],
        [
          -0.762821,
          0.299436,
          -0.573099,
          3.025094
        ],
        [
          0.007207,
          -0.882321,
          -0.470594,
          1.445139
        ],
        [
          0.0,
          0.0,
          0.0,
          1.0
        ]
      ]
    },
    {
      "file_path": "/media/NFS/ttao/scannet/posed_images/scene0384_00/00311.jpg",
      "transform_matrix": [
        [
          -0.658844,
          -0.36205,
          0.659427,
          4.536848
        ],
        [
          -0.752025,
          0.294173,
          -0.589848,
          3.040761
        ],
        [
          0.019569,
          -0.884524,
          -0.466085,
          1.445844
        ],
        [
          0.0,
          0.0,
          0.0,
          1.0
        ]
      ]
    },
    {
      "file_path": "/media/NFS/ttao/scannet/posed_images/scene0384_00/00318.jpg",
      "transform_matrix": [
        [
          -0.719847,
          -0.335865,
          0.607466,
          4.562836
        ],
        [
          -0.693298,
          0.304974,
          -0.652938,
          3.141569
        ],
        [
          0.034038,
          -0.891171,
          -0.452389,
          1.433084
        ],
        [
          0.0,
          0.0,
          0.0,
          1.0
        ]
      ]
    },
    {
      "file_path": "/media/NFS/ttao/scannet/posed_images/scene0384_00/00319.jpg",
      "transform_matrix": [
        [
          -0.731247,
          -0.328541,
          0.597778,
          4.563962
        ],
        [
          -0.681439,
          0.312922,
          -0.661605,
          3.158236
        ],
        [
          0.030307,
          -0.891146,
          -0.452704,
          1.425148
        ],
        [
          0.0,
          0.0,
          0.0,
          1.0
        ]
      ]
    },
    {
      "file_path": "/media/NFS/ttao/scannet/posed_images/scene0384_00/00327.jpg",
      "transform_matrix": [
        [
          -0.818424,
          -0.288301,
          0.497057,
          4.592211
        ],
        [
          -0.57437,
          0.385174,
          -0.722316,
          3.28273
        ],
        [
          0.016791,
          -0.876655,
          -0.480827,
          1.417226
        ],
        [
          0.0,
          0.0,
          0.0,
          1.0
        ]
      ]
    },
    {
      "file_path": "/media/NFS/ttao/scannet/posed_images/scene0384_00/00330.jpg",
      "transform_matrix": [
        [
          -0.832713,
          -0.27923,
          0.478141,
          4.593949
        ],
        [
          -0.553574,
          0.401058,
          -0.729869,
          3.316542
