{
  "frames": [
    {
      "file_path": "/media/NFS/ttao/scannet/posed_images/scene0250_01/00003.jpg",
      "transform_matrix": [
        [
          -0.358931,
          0.381102,
          -0.852015,
          3.831062
        ],
        [
          0.933297,
          0.135582,
          -0.332527,
          4.744857
        ],
        [
          -0.011209,
          -0.914538,
          -0.404346,
          1.309948
        ],
        [
          0.0,
          0.0,
          0.0,
          1.0
        ]
      ]
    },
    {
      "file_path": "/media/NFS/ttao/scannet/posed_images/scene0250_01/00010.jpg",
      "transform_matrix": [
        [
          -0.354364,
          0.387323,
          -0.851121,
          3.825991
        ],
        [
          0.935072,
          0.138861,
          -0.326125,
          4.740435
        ],
        [
          -0.008128,
          -0.911427,
          -0.411382,
          1.312939
        ],
        [
          0.0,
          0.0,
          0.0,
          1.0
        ]
      ]
    },
    {
      "file_path": "/media/NFS/ttao/scannet/posed_images/scene0250_01/00019.jpg",
      "transform_matrix": [
        [
          -0.368751,
          0.399654,
          -0.839226,
          3.825206
        ],
        [
          0.92943,
          0.145378,
          -0.339154,
          4.737148
        ],
        [
          -0.013539,
          -0.905065,
          -0.425058,
          1.305552
        ],
        [
          0.0,
          0.0,
          0.0,
          1.0
        ]
      ]
    },
    {
      "file_path": "/media/NFS/ttao/scannet/posed_images/scene0250_01/00036.jpg",
      "transform_matrix": [
        [
          -0.334563,
          0.480816,
          -0.810484,
          3.814647
        ],
        [
          0.941921,
          0.14396,
          -0.303416,
          4.714603
        ],
        [
          -0.02921,
          -0.864923,
          -0.501054,
          1.275623
        ],
        [
          0.0,
          0.0,
          0.0,
          1.0
        ]
      ]
    },
    {
      "file_path": "/media/NFS/ttao/scannet/posed_images/scene0250_01/00042.jpg",
      "transform_matrix": [
        [
          -0.293275,
          0.477857,
          -0.828036,
          3.811446
        ],
        [
          0.955655,
          0.122336,
          -0.267876,
          4.707248
        ],
        [
          -0.026707,
          -0.869878,
          -0.492544,
          1.282746
        ],
        [
          0.0,
          0.0,
          0.0,
          1.0
        ]
      ]
    },
    {
      "file_path": "/media/NFS/ttao/scannet/posed_images/scene0250_01/00055.jpg",
      "transform_matrix": [
        [
          -0.235398,
          0.406958,
          -0.882595,
          3.807657
        ],
        [
          0.97115,
          0.06283,
          -0.230046,
          4.701739
        ],
        [
          -0.038165,
          -0.911283,
          -0.410007,
          1.317428
        ],
        [
          0.0,
          0.0,
          0.0,
          1.0
        ]
      ]
    },
    {
      "file_path": "/media/NFS/ttao/scannet/posed_images/scene0250_01/00071.jpg",
      "transform_matrix": [
        [
          -0.179272,
          0.307794,
          -0.934411,
          3.809756
        ],
        [
          0.982236,
          0.002463,
          -0.187636,
          4.714832
        ],
        [
          -0.055452,
          -0.95145,
          -0.302768,
          1.372539
        ],
        [
          0.0,
          0.0,
          0.0,
          1.0
        ]
      ]
    },
    {
      "file_path": "/media/NFS/ttao/scannet/posed_images/scene0250_01/00075.jpg",
      "transform_matrix": [
        [
          -0.173955,
          0.288582,
          -0.94152,
          3.812029
        ],
        [
          0.983678,
          0.006241,
          -0.179831,
          4.714016
        ],
        [
          -0.04602,
          -0.957435,
          -0.284958,
          1.378124
        ],
        [
          0.0,
          0.0,
          0.0,
          1.0
        ]
      ]
    },
    {
      "file_path": "/media/NFS/ttao/scannet/posed_images/scene0250_01/00088.jpg",
      "transform_matrix": [
        [
          -0.165059,
          0.226081,
          -0.960022,
          3.824001
        ],
        [
          0.985544,
          0.000127,
          -0.169417,
          4.713027
        ],
        [
          -0.03818,
          -0.974108,
          -0.222834,
          1.400394
        ],
        [
          0.0,
          0.0,
          0.0,
          1.0
        ]
      ]
    },
    {
      "file_path": "/media/NFS/ttao/scannet/posed_images/scene0250_01/00094.jpg",
      "transform_matrix": [
        [
          -0.156571,
          0.216567,
          -0.963631,
          3.82559
        ],
        [
          0.986947,
          -0.002922,
          -0.161017,
          4.714632
        ],
        [
          -0.037687,
          -0.976264,
          -0.213283,
          1.4085
        ],
        [
          0.0,
          0.0,
          0.0,
          1.0
        ]
      ]
    },
    {
      "file_path": "/media/NFS/ttao/scannet/posed_images/scene0250_01/00110.jpg",
      "transform_matrix": [
        [
          -0.126132,
          0.123783,
          -0.98426,
          3.832333
        ],
        [
          0.991892,
          0.000243,
          -0.12708,
          4.721282
        ],
        [
          -0.015491,
          -0.992309,
          -0.122811,
          1.438259
        ],
        [
          0.0,
          0.0,
          0.0,
          1.0
        ]
      ]
    },
    {
      "file_path": "/media/NFS/ttao/scannet/posed_images/scene0250_01/00120.jpg",
      "transform_matrix": [
        [
          -0.107036,
          0.056501,
          -0.992648,
          3.840085
        ],
        [
          0.994143,
          -0.008912,
          -0.107704,
          4.728194
        ],
        [
          -0.014932,
          -0.998363,
          -0.055216,
          1.460801
        ],
        [
          0.0,
          0.0,
          0.0,
          1.0
        ]
      ]
    },
    {
      "file_path": "/media/NFS/ttao/scannet/posed_images/scene0250_01/00136.jpg",
      "transform_matrix": [
        [
          -0.083585,
          -0.005443,
          -0.996486,
          3.852068
        ],
        [
          0.996457,
          -0.009837,
          -0.083529,
          4.741745
        ],
        [
          -0.009348,
          -0.999937,
          0.006246,
          1.483537
        ],
        [
          0.0,
          0.0,
          0.0,
          1.0
        ]
      ]
    },
    {
      "file_path": "/media/NFS/ttao/scannet/posed_images/scene0250_01/00139.jpg",
      "transform_matrix": [
        [
          -0.084395,
          -0.011505,
          -0.996366,
          3.854334
        ],
        [
          0.996402,
          -0.008816,
          -0.084296,
          4.741825
        ],
        [
          -0.007814,
          -0.999895,
          0.012208,
          1.483385
        ],
        [
          0.0,
          0.0,
          0.0,
          1.0
        ]
      ]
    },
    {
      "file_path": "/media/NFS/ttao/scannet/posed_images/scene0250_01/00156.jpg",
      "transform_matrix": [
        [
          -0.079492,
          0.035793,
          -0.996193,
          3.851465
        ],
        [
          0.996684,
          -0.014549,
          -0.080053,
          4.753868
        ],
        [
          -0.017359,
          -0.999253,
          -0.034517,
          1.467014
        ],
        [
          0.0,
          0.0,
          0.0,
          1.0
        ]
      ]
    },
    {
      "file_path": "/media/NFS/ttao/scannet/posed_images/scene0250_01/00169.jpg",
      "transform_matrix": [
        [
          -0.072906,
          0.223148,
          -0.972054,
          3.824127
        ],
        [
          0.99684,
          -0.014511,
          -0.078096,
          4.752453
        ],
        [
          -0.031532,
          -0.974676,
          -0.221385,
          1.398377
        ],
        [
          0.0,
          0.0,
          0.0,
          1.0
        ]
      ]
    },
    {
      "file_path": "/media/NFS/ttao/scannet/posed_images/scene0250_01/00172.jpg",
      "transform_matrix": [
        [
          -0.078425,
          0.26603,
          -0.960769,
          3.816557
        ],
        [
          0.995638,
          -0.027958,
          -0.089013,
          4.760453
        ],
        [
          -0.050542,
          -0.963559,
          -0.262677,
          1.383358
        ],
        [
          0.0,
          0.0,
          0.0,
          1.0
        ]
      ]
    },
    {
      "file_path": "/media/NFS/ttao/scannet/posed_images/scene0250_01/00188.jpg",
      "transform_matrix": [
        [
          -0.224419,
          0.408368,
          -0.8848,
          3.8165
        ],
        [
          0.974017,
          0.06563,
          -0.216757,
          4.739075
        ],
        [
          -0.030447,
          -0.910455,
          -0.412486,
          1.330141
        ],
        [
          0.0,
          0.0,
          0.0,
          1.0
        ]
      ]
    },
    {
      "file_path": "/media/NFS/ttao/scannet/posed_images/scene0250_01/00201.jpg",
      "transform_matrix": [
        [
          -0.34317,
          0.455867,
          -0.821231,
          3.822917
        ],
        [
          0.938572,
          0.132648,
          -0.31857,
          4.742542
        ],
        [
          -0.036291,
          -0.880108,
          -0.473384,
          1.294003
        ],
        [
          0.0,
          0.0,
          0.0,
          1.0
        ]
      ]
    },
    {
      "file_path": "/media/NFS/ttao/scannet/posed_images/scene0250_01/00204.jpg",
      "transform_matrix": [
        [
          -0.365015,
          0.459723,
          -0.80958,
          3.822164
        ],
        [
          0.93047,
          0.150753,
          -0.333915,
          4.748758
        ],
        [
          -0.031462,
          -0.875173,
          -0.482785,
          1.289979
        ],
        [
          0.0,
          0.0,
          0.0,
          1.0
        ]
      ]
    },
    {
      "file_path": "/media/NFS/ttao/scannet/posed_images/scene0250_01/00214.jpg",
      "transform_matrix": [
        [
          -0.432765,
          0.490431,
          -0.756434,
          3.806743
        ],
        [
          0.901002,
          0.207229,
          -0.381118,
          4.793453
        ],
        [
          -0.030157,
          -0.846483,
          -0.531561,
          1.268335
        ],
        [
          0.0,
          0.0,
          0.0,
          1.0
        ]
      ]
    },
    {
      "file_path": "/media/NFS/ttao/scannet/posed_images/scene0250_01/00233.jpg",
      "transform_matrix": [
        [
          -0.511317,
          0.559241,
          -0.652537,
          3.789774
        ],
        [
          0.857249,
          0.27831,
          -0.433207,
          4.846886
        ],
        [
          -0.060659,
          -0.780892,
          -0.621713,
          1.24066
        ],
        [
          0.0,
          0.0,
          0.0,
          1.0
        ]
      ]
    },
    {
      "file_path": "/media/NFS/ttao/scannet/posed_images/scene0250_01/00237.jpg",
      "transform_matrix": [
        [
          -0.531011,
          0.548697,
          -0.645724,
          3.797195
        ],
        [
          0.846125,
          0.302127,
          -0.439082,
          4.850843
        ],
        [
          -0.045832,
          -0.77952,
          -0.624699,
          1.237663
        ],
        [
          0.0,
          0.0,
          0.0,
          1.0
        ]
      ]
    },
    {
      "file_path": "/media/NFS/ttao/scannet/posed_images/scene0250_01/00250.jpg",
      "transform_matrix": [
        [
          -0.550121,
          0.49868,
          -0.66984,
          3.808447
        ],
        [
          0.834846,
          0.309196,
          -0.455446,
          4.860139
        ],
        [
          -0.02001,
          -0.809763,
          -0.586416,
          1.250466
        ],
        [
          0.0,
          0.0,
          0.0,
          1.0
        ]
      ]
    },
    {
      "file_path": "/media/NFS/ttao/scannet/posed_images/scene0250_01/00266.jpg",
      "transform_matrix": [
        [
          -0.580538,
          0.412931,
          -0.701758,
          3.803642
        ],
        [
          0.814192,
          0.303106,
          -0.495195,
          4.859089
        ],
        [
          0.008226,
          -0.858845,
          -0.512169,
          1.280323
        ],
        [
          0.0,
          0.0,
          0.0,
          1.0
        ]
      ]
    },
    {
      "file_path": "/media/NFS/ttao/scannet/posed_images/scene0250_01/00276.jpg",
      "transform_matrix": [
        [
          -0.610206,
          0.362738,
          -0.704322,
          3.776651
        ],
        [
          0.790896,
          0.330729,
          -0.51488,
          4.845387
        ],
        [
          0.046173,
          -0.871229,
          -0.488701,
          1.278938
        ],
        [
          0.0,
          0.0,
          0.0,
          1.0
        ]
      ]
    },
    {
      "file_path": "/media/NFS/ttao/scannet/posed_images/scene0250_01/00279.jpg",
      "transform_matrix": [
        [
          -0.620327,
          0.353933,
          -0.699947,
          3.760939
        ],
        [
          0.782552,
          0.339562,
          -0.521833,
          4.838374
        ],
        [
          0.052982,
          -0.871452,
          -0.487611,
          1.277521
        ],
        [
          0.0,
          0.0,
          0.0,
          1.0
        ]
      ]
    },
    {
      "file_path": "/media/NFS/ttao/scannet/posed_images/scene0250_01/00289.jpg",
      "transform_matrix": [
        [
          -0.670438,
          0.306669,
          -0.675623,
          3.681875
        ],
        [
          0.738349,
          0.365551,
          -0.566756,
          4.822814
        ],
        [
          0.073168,
          -0.878821,
          -0.471509,
          1.292705
        ],
        [
          0.0,
          0.0,
          0.0,
          1.0
        ]
      ]
    },
    {
      "file_path": "/media/NFS/ttao/scannet/posed_images/scene0250_01/00305.jpg",
      "transform_matrix": [
        [
          -0.780335,
          0.265451,
          -0.566226,
          3.559228
        ],
        [
          0.622453,
          0.416914,
          -0.66237,
          4.840803
        ],
        [
          0.060241,
          -0.869321,
          -0.490564,
          1.304393
        ],
        [
          0.0,
          0.0,
          0.0,
          1.0
        ]
      ]
    },
    {
      "file_path": "/media/NFS/ttao/scannet/posed_images/scene0250_01/00318.jpg",
      "transform_matrix": [
        [
          -0.888535,
          0.192914,
          -0.416281,
          3.437296
        ],
        [
          0.456181,
          0.468431,
          -0.756618,
          4.943039
        ],
        [
          0.049037,
          -0.862181,
          -0.504221,
          1.299472
        ],
        [
          0.0,
          0.0,
          0.0,
          1.0
        ]
      ]
    },
    {
      "file_path": "/media/NFS/ttao/scannet/posed_images/scene0250_01/00321.jpg",
      "transform_matrix": [
        [
          -0.900027,
          0.195451,
          -0.389551,
          3.417694
        ],
        [
          0.434567,
          0.470552,
          -0.767941,
          4.962604
        ],
        [
          0.033209,
          -0.860453,
          -0.508446,
          1.30393
        ],
        [
          0.0,
          0.0,
          0.0,
          1.0
        ]
      ]
    },
    {
      "file_path": "/media/NFS/ttao/scannet/posed_images/scene0250_01/00337.jpg",
      "transform_matrix": [
        [
          -0.92484,
          0.1867,
          -0.331382,
          3.4248
        ],
        [
          0.380353,
          0.457725,
          -0.803629,
          5.010682
        ],
        [
          0.001644,
          -0.869271,
          -0.494334,
          1.28935
        ],
        [
          0.0,
          0.0,
          0.0,
          1.0
        ]
      ]
    },
    {
      "file_path": "/media/NFS/ttao/scannet/posed_images/scene0250_01/00350.jpg",
      "transform_matrix": [
        [
          -0.96455,
          0.112452,
          -0.238742,
          3.412291
        ],
        [
          0.263097,
          0.480285,
          -0.836724,
          5.050281
        ],
        [
          0.020573,
          -0.869874,
          -0.492845,
          1.272792
        ],
        [
          0.0,
          0.0,
          0.0,
          1.0
        ]
      ]
    },
    {
      "file_path": "/media/NFS/ttao/scannet/posed_images/scene0250_01/00357.jpg",
      "transform_matrix": [
        [
          -0.987722,
          0.07485,
          -0.137125,
          3.346562
        ],
        [
          0.15622,
          0.479405,
          -0.863577,
          5.085984
        ],
        [
          0.001099,
          -0.874396,
          -0.485212,
          1.279401
        ],
        [
          0.0,
          0.0,
          0.0,
          1.0
        ]
      ]
    },
    {
      "file_path": "/media/NFS/ttao/scannet/posed_images/scene0250_01/00366.jpg",
      "transform_matrix": [
        [
          -0.995614,
          0.06605,
          -0.066251,
          3.294904
        ],
        [
          0.090249,
          0.49164,
          -0.866109,
          5.117329
        ],
        [
          -0.024635,
          -0.86829,
          -0.495445,
          1.277951
        ],
        [
          0.0,
          0.0,
          0.0,
          1.0
        ]
      ]
    },
    {
      "file_path": "/media/NFS/ttao/scannet/posed_images/scene0250_01/00376.jpg",
      "transform_matrix": [
        [
          -0.998324,
          0.02217,
          -0.053464,
          3.266263
        ],
        [
          0.057208,
          0.518215,
          -0.853335,
          5.133059
        ],
        [
          0.008787,
          -0.854963,
          -0.518615,
          1.251816
        ],
        [
          0.0,
          0.0,
          0.0,
          1.0
        ]
      ]
    },
    {
      "file_path": "/media/NFS/ttao/scannet/posed_images/scene0250_01/00392.jpg",
      "transform_matrix": [
        [
          -0.999664,
          -0.002159,
          -0.025842,
          3.258113
        ],
        [
          0.021007,
          0.516848,
          -0.85582,
          5.105579
        ],
        [
          0.015204,
          -0.856075,
          -0.516628,
          1.258954
        ],
        [
          0.0,
          0.0,
          0.0,
          1.0
        ]
      ]
    },
    {
      "file_path": "/media/NFS/ttao/scannet/posed_images/scene0250_01/00402.jpg",
      "transform_matrix": [
        [
          -0.999568,
          -0.016917,
          -0.024046,
          3.260816
        ],
        [
          0.012322,
          0.501552,
          -0.86504,
          5.037666
        ],
        [
          0.026694,
          -0.864962,
          -0.501126,
          1.254801
        ],
        [
          0.0,
          0.0,
          0.0,
          1.0
        ]
      ]
    },
    {
      "file_path": "/media/NFS/ttao/scannet/posed_images/scene0250_01/00412.jpg",
      "transform_matrix": [
        [
          -0.998921,
          -0.046441,
          0.00014,
          3.283256
        ],
        [
          -0.023259,
          0.497682,
          -0.867048,
          4.93997
        ],
        [
          0.040197,
          -0.866115,
          -0.498225,
          1.264536
        ],
        [
          0.0,
          0.0,
          0.0,
          1.0
        ]
      ]
    },
    {
      "file_path": "/media/NFS/ttao/scannet/posed_images/scene0250_01/00422.jpg",
      "transform_matrix": [
        [
          -0.998578,
          -0.036163,
          0.039183,
          3.284317
        ],
        [
          -0.052089,
          0.504605,
          -0.861778,
          4.877628
        ],
        [
          0.011393,
          -0.862593,
          -0.505771,
          1.278601
        ],
        [
          0.0,
          0.0,
          0.0,
          1.0
        ]
      ]
    },
    {
      "file_path": "/media/NFS/ttao/scannet/posed_images/scene0250_01/00438.jpg",
      "transform_matrix": [
        [
          -0.990972,
          -0.009301,
          0.133745,
          3.224052
        ],
        [
          -0.122343,
          0.470721,
          -0.873759,
          4.766278
        ],
        [
          -0.05483,
          -0.882233,
          -0.467609,
          1.312785
        ],
        [
          0.0,
          0.0,
          0.0,
          1.0
        ]
      ]
    },
    {
      "file_path": "/media/NFS/ttao/scannet/posed_images/scene0250_01/00448.jpg",
      "transform_matrix": [
        [
          -0.980635,
          -0.030799,
          0.193407,
          3.179784
        ],
        [
          -0.184578,
          0.475471,
          -0.86015,
          4.679681
        ],
        [
          -0.065468,
          -0.879192,
          -0.471949,
          1.332413
        ],
        [
          0.0,
          0.0,
          0.0,
          1.0
        ]
      ]
    },
    {
      "file_path": "/media/NFS/ttao/scannet/posed_images/scene0250_01/00461.jpg",
      "transform_matrix": [
        [
          -0.981864,
          -0.067838,
          0.177036,
          3.159827
        ],
        [
          -0.186982,
          0.500807,
          -0.845122,
          4.576606
        ],
        [
          -0.03133,
          -0.862897,
          -0.504408,
          1.330341
        ],
        [
          0.0,
          0.0,
          0.0,
          1.0
        ]
      ]
    },
    {
      "file_path": "/media/NFS/ttao/scannet/posed_images/scene0250_01/00464.jpg",
      "transform_matrix": [
        [
          -0.97953,
          -0.073871,
          0.187254,
          3.15951
        ],
        [
          -0.19866,
          0.504842,
          -0.840041,
          4.562238
        ],
        [
          -0.032479,
          -0.860045,
          -0.509183,
          1.331857
        ],
        [
          0.0,
          0.0,
          0.0,
          1.0
        ]
      ]
    },
    {
      "file_path": "/media/NFS/ttao/scannet/posed_images/scene0250_01/00477.jpg",
      "transform_matrix": [
        [
          -0.963847,
          -0.106719,
          0.244154,
          3.170056
        ],
        [
          -0.265692,
          0.454378,
          -0.850264,
          4.542278
        ],
        [
          -0.020199,
          -0.884393,
          -0.466305,
          1.350871
        ],
        [
          0.0,
          0.0,
          0.0,
          1.0
        ]
      ]
    },
    {
      "file_path": "/media/NFS/ttao/scannet/posed_images/scene0250_01/00483.jpg",
      "transform_matrix": [
        [
          -0.956792,
          -0.105555,
          0.270938,
          3.173313
        ],
        [
          -0.288828,
          0.452612,
          -0.843636,
          4.541031
        ],
        [
          -0.03358,
          -0.885438,
          -0.463543,
          1.360678
        ],
        [
          0.0,
          0.0,
          0.0,
          1.0
        ]
      ]
    },
    {
      "file_path": "/media/NFS/ttao/scannet/posed_images/scene0250_01/00496.jpg",
      "transform_matrix": [
        [
          -0.934704,
          -0.104264,
          0.33979,
          3.188709
        ],
        [
          -0.351929,
          0.405289,
          -0.843734,
          4.572597
        ],
        [
          -0.049742,
          -0.908224,
          -0.415519,
          1.385345
        ],
        [
          0.0,
          0.0,
          0.0,
          1.0
        ]
      ]
    },
    {
      "file_path": "/media/NFS/ttao/scannet/posed_images/scene0250_01/00509.jpg",
      "transform_matrix": [
        [
          -0.902589,
          -0.146884,
          0.40467,
          3.221376
        ],
        [
          -0.430258,
          0.339465,
          -0.836446,
          4.636277
        ],
        [
          -0.014511,
          -0.929079,
          -0.369596,
          1.382327
        ],
        [
          0.0,
          0.0,
          0.0,
          1.0
        ]
      ]
    },
    {
      "file_path": "/media/NFS/ttao/scannet/posed_images/scene0250_01/00522.jpg",
      "transform_matrix": [
        [
          -0.893118,
          -0.141251,
          0.427069,
          3.230335
        ],
        [
          -0.449822,
          0.279855,
          -0.84814,
          4.716669
        ],
        [
          0.000284,
          -0.949594,
          -0.313481,
          1.399939
        ],
        [
          0.0,
          0.0,
          0.0,
          1.0
        ]
      ]
    },
    {
      "file_path": "/media/NFS/ttao/scannet/posed_images/scene0250_01/00529.jpg",
      "transform_matrix": [
        [
          -0.885846,
          -0.129716,
          0.445477,
          3.222035
        ],
        [
          -0.463979,
          0.248278,
          -0.850342,
          4.750121
        ],
        [
          -0.000299,
          -0.959964,
          -0.280122,
          1.41082
        ],
        [
          0.0,
          0.0,
          0.0,
          1.0
        ]
      ]
    },
    {
      "file_path": "/media/NFS/ttao/scannet/posed_images/scene0250_01/00545.jpg",
      "transform_matrix": [
        [
          -0.80728,
          -0.144149,
          0.572294,
          3.206038
        ],
        [
          -0.590168,
          0.1951,
          -0.783351,
          4.693712
        ],
        [
          0.001265,
          -0.970133,
          -0.242572,
          1.418714
        ],
        [
          0.0,
          0.0,
          0.0,
          1.0
        ]
      ]
    },
    {
      "file_path": "/media/NFS/ttao/scannet/posed_images/scene0250_01/00555.jpg",
      "transform_matrix": [
        [
          -0.748829,
          -0.182065,
          0.637265,
          3.186673
        ],
        [
          -0.662658,
          0.188605,
          -0.724784,
          4.618626
        ],
        [
          0.011767,
          -0.965029,
          -0.26188,
          1.416976
        ],
        [
          0.0,
          0.0,
          0.0,
          1.0
        ]
      ]
    },
    {
      "file_path": "/media/NFS/ttao/scannet/posed_images/scene0250_01/00561.jpg",
      "transform_matrix": [
        [
          -0.725103,
          -0.185793,
          0.663104,
          3.174251
        ],
        [
          -0.688594,
          0.184375,
          -0.701316,
          4.596679
        ],
        [
          0.00804,
          -0.965136,
          -0.261627,
          1.420382
        ],
        [
          0.0,
          0.0,
          0.0,
          1.0
        ]
      ]
    },
    {
      "file_path": "/media/NFS/ttao/scannet/posed_images/scene0250_01/00571.jpg",
      "transform_matrix": [
        [
          -0.651188,
          -0.17074,
          0.73946,
          3.161674
        ],
        [
          -0.758804,
          0.163255,
          -0.630527,
          4.610193
        ],
        [
          -0.013064,
          -0.971697,
          -0.235868,
          1.442349
        ],
        [
          0.0,
          0.0,
          0.0,
          1.0
        ]
      ]
    },
    {
      "file_path": "/media/NFS/ttao/scannet/posed_images/scene0250_01/00587.jpg",
      "transform_matrix": [
        [
          -0.607672,
          -0.131863,
          0.783165,
          3.138035
        ],
        [
          -0.794148,
          0.110783,
          -0.597542,
          4.646711
        ],
        [
          -0.007967,
          -0.985058,
          -0.172038,
          1.456284
        ],
        [
          0.0,
          0.0,
          0.0,
          1.0
        ]
      ]
    },
    {
      "file_path": "/media/NFS/ttao/scannet/posed_images/scene0250_01/00593.jpg",
      "transform_matrix": [
        [
          -0.602374,
          -0.114408,
          0.789972,
          3.129805
        ],
        [
          -0.798088,
          0.103892,
          -0.593517,
          4.65436
        ],
        [
          -0.014169,
          -0.987987,
          -0.153889,
          1.460719
        ],
        [
          0.0,
          0.0,
          0.0,
          1.0
        ]
      ]
    },
    {
      "file_path": "/media/NFS/ttao/scannet/posed_images/scene0250_01/00610.jpg",
      "transform_matrix": [
        [
          -0.585953,
          -0.07885,
          0.806499,
          3.122807
        ],
        [
          -0.810256,
          0.042325,
          -0.584545,
          4.671778
        ],
        [
          0.011957,
          -0.995988,
          -0.088689,
          1.481818
        ],
        [
          0.0,
          0.0,
          0.0,
          1.0
        ]
      ]
    },
    {
      "file_path": "/media/NFS/ttao/scannet/posed_images/scene0250_01/00619.jpg",
      "transform_matrix": [
        [
          -0.571486,
          -0.074953,
          0.817181,
          3.124125
        ],
        [
          -0.820401,
          0.02965,
          -0.571018,
          4.677866
        ],
        [
          0.01857,
          -0.996746,
          -0.078436,
          1.486747
        ],
        [
          0.0,
          0.0,
          0.0,
          1.0
        ]
      ]
    },
    {
      "file_path": "/media/NFS/ttao/scannet/posed_images/scene0250_01/00632.jpg",
      "transform_matrix": [
        [
          -0.577711,
          -0.147324,
          0.802836,
          3.13255
        ],
        [
          -0.816174,
          0.09162,
          -0.570496,
          4.669346
        ],
        [
          0.010492,
          -0.984836,
          -0.173172,
          1.445294
        ],
        [
          0.0,
          0.0,
          0.0,
          1.0
        ]
      ]
    },
    {
      "file_path": "/media/NFS/ttao/scannet/posed_images/scene0250_01/00642.jpg",
      "transform_matrix": [
        [
          -0.591248,
          -0.231522,
          0.772544,
          3.145249
        ],
        [
          -0.805316,
          0.117823,
          -0.581019,
          4.6778
        ],
        [
          0.043495,
          -0.965668,
          -0.256111,
          1.4059
        ],
        [
          0.0,
          0.0,
          0.0,
          1.0
        ]
      ]
    },
    {
      "file_path": "/media/NFS/ttao/scannet/posed_images/scene0250_01/00645.jpg",
      "transform_matrix": [
        [
          -0.586293,
          -0.247262,
          0.771441,
          3.144815
        ],
        [
          -0.808708,
          0.12287,
          -0.575233,
          4.681023
        ],
        [
          0.047446,
          -0.961127,
          -0.272001,
          1.401431
        ],
        [
          0.0,
          0.0,
          0.0,
          1.0
        ]
      ]
    },
    {
      "file_path": "/media/NFS/ttao/scannet/posed_images/scene0250_01/00665.jpg",
      "transform_matrix": [
        [
          -0.562194,
          -0.309781,
          0.766795,
          3.143791
        ],
        [
          -0.824937,
          0.144522,
          -0.546437,
          4.700766
        ],
        [
          0.058457,
          -0.93976,
          -0.336799,
          1.366581
        ],
        [
          0.0,
          0.0,
          0.0,
          1.0
        ]
      ]
    },
    {
      "file_path": "/media/NFS/ttao/scannet/posed_images/scene0250_01/00668.jpg",
      "transform_matrix": [
        [
          -0.564885,
          -0.310406,
          0.764561,
          3.143237
        ],
        [
          -0.823324,
          0.150084,
          -0.547368,
          4.693787
        ],
        [
          0.055158,
          -0.938681,
          -0.340345,
          1.363911
        ],
        [
          0.0,
          0.0,
          0.0,
          1.0
        ]
      ]
    },
    {
      "file_path": "/media/NFS/ttao/scannet/posed_images/scene0250_01/00678.jpg",
      "transform_matrix": [
        [
          -0.581745,
          -0.329629,
          0.743584,
          3.142942
        ],
        [
          -0.812715,
          0.198868,
          -0.547673,
          4.63625
        ],
        [
          0.032654,
          -0.922928,
          -0.383584,
          1.349783
        ],
        [
          0.0,
          0.0,
          0.0,
          1.0
        ]
      ]
    },
    {
      "file_path": "/media/NFS/ttao/scannet/posed_images/scene0250_01/00697.jpg",
      "transform_matrix": [
        [
          -0.479194,
          -0.480673,
          0.734389,
          3.100625
        ],
        [
          -0.877616,
          0.250258,
          -0.408853,
          4.482161
        ],
        [
          0.012738,
          -0.840431,
          -0.541768,
          1.302309
        ],
        [
          0.0,
          0.0,
          0.0,
          1.0
        ]
      ]
    },
    {
      "file_path": "/media/NFS/ttao/scannet/posed_images/scene0250_01/00707.jpg",
      "transform_matrix": [
        [
          -0.482879,
          -0.500498,
          0.71856,
          3.088384
        ],
        [
          -0.875589,
          0.263666,
          -0.404753,
          4.477053
        ],
        [
          0.013118,
          -0.82461,
          -0.565549,
          1.285996
        ],
        [
          0.0,
          0.0,
          0.0,
          1.0
        ]
      ]
    },
    {
      "file_path": "/media/NFS/ttao/scannet/posed_images/scene0250_01/00713.jpg",
      "transform_matrix": [
        [
          -0.506058,
          -0.507149,
          0.697643,
          3.094589
        ],
        [
          -0.861785,
          0.264406,
          -0.432915,
          4.484776
        ],
        [
          0.035092,
          -0.820298,
          -0.570858,
          1.282044
        ],
        [
          0.0,
          0.0,
          0.0,
          1.0
        ]
      ]
    },
    {
      "file_path": "/media/NFS/ttao/scannet/posed_images/scene0250_01/00726.jpg",
      "transform_matrix": [
        [
          -0.534185,
          -0.499392,
          0.682095,
          3.098306
        ],
        [
          -0.843271,
          0.257993,
          -0.471522,
          4.480719
        ],
        [
          0.059499,
          -0.827071,
          -0.558939,
          1.28667
        ],
        [
          0.0,
          0.0,
          0.0,
          1.0
        ]
      ]
    },
    {
      "file_path": "/media/NFS/ttao/scannet/posed_images/scene0250_01/00733.jpg",
      "transform_matrix": [
        [
          -0.457563,
          -0.54447,
          0.702986,
          3.096448
        ],
        [
          -0.886296,
          0.215677,
          -0.409832,
          4.46277
        ],
        [
          0.071523,
          -0.810578,
          -0.581247,
          1.274209
        ],
        [
          0.0,
          0.0,
          0.0,
          1.0
        ]
      ]
    },
    {
      "file_path": "/media/NFS/ttao/scannet/posed_images/scene0250_01/00752.jpg",
      "transform_matrix": [
        [
          -0.226862,
          -0.702234,
          0.674834,
          3.056568
        ],
        [
          -0.971418,
          0.113451,
          -0.208509,
          4.382701
        ],
        [
          0.069862,
          -0.702848,
          -0.707901,
          1.235142
        ],
        [
          0.0,
          0.0,
          0.0,
          1.0
        ]
      ]
    },
    {
      "file_path": "/media/NFS/ttao/scannet/posed_images/scene0250_01/00759.jpg",
      "transform_matrix": [
        [
          -0.179669,
          -0.715654,
          0.674951,
          3.040485
        ],
        [
          -0.981704,
          0.086456,
          -0.169656,
          4.370433
        ],
        [
          0.063061,
          -0.693084,
          -0.718093,
          1.238512
        ],
        [
          0.0,
          0.0,
          0.0,
          1.0
        ]
      ]
    },
    {
      "file_path": "/media/NFS/ttao/scannet/posed_images/scene0250_01/00769.jpg",
      "transform_matrix": [
        [
          -0.133238,
          -0.73034,
          0.669964,
          3.017443
        ],
        [
          -0.988803,
          0.052118,
          -0.139832,
          4.358012
        ],
        [
          0.067208,
          -0.681093,
          -0.729106,
          1.236623
        ],
        [
          0.0,
          0.0,
          0.0,
          1.0
        ]
      ]
    },
    {
      "file_path": "/media/NFS/ttao/scannet/posed_images/scene0250_01/00785.jpg",
      "transform_matrix": [
        [
          -0.070843,
          -0.735086,
          0.674262,
          3.013696
        ],
        [
          -0.99615,
          0.01715,
          -0.085966,
          4.3596
        ],
        [
          0.051629,
          -0.677757,
          -0.733472,
          1.23951
        ],
        [
          0.0,
          0.0,
          0.0,
          1.0
        ]
      ]
    },
    {
      "file_path": "/media/NFS/ttao/scannet/posed_images/scene0250_01/00791.jpg",
      "transform_matrix": [
        [
          -0.064569,
          -0.733708,
          0.67639,
          3.015235
        ],
        [
          -0.996025,
          0.005704,
          -0.088895,
          4.367226
        ],
        [
          0.061364,
          -0.679441,
          -0.73116,
          1.235482
        ],
        [
          0.0,
          0.0,
          0.0,
          1.0
        ]
      ]
    },
    {
      "file_path": "/media/NFS/ttao/scannet/posed_images/scene0250_01/00798.jpg",
      "transform_matrix": [
        [
          -0.0647,
          -0.734331,
          0.675701,
          3.025204
        ],
        [
          -0.994079,
          -0.011807,
          -0.108017,
          4.386397
        ],
        [
          0.087298,
          -0.678689,
          -0.729219,
          1.233186
        ],
        [
          0.0,
          0.0,
          0.0,
          1.0
        ]
      ]
    },
    {
      "file_path": "/media/NFS/ttao/scannet/posed_images/scene0250_01/00817.jpg",
      "transform_matrix": [
        [
          -0.228855,
          -0.69086,
          0.685812,
          3.045854
        ],
        [
          -0.956273,
          0.027747,
          -0.291156,
          4.421161
        ],
        [
          0.182118,
          -0.722456,
          -0.667001,
          1.261173
        ],
        [
          0.0,
          0.0,
          0.0,
          1.0
        ]
      ]
    },
    {
      "file_path": "/media/NFS/ttao/scannet/posed_images/scene0250_01/00827.jpg",
      "transform_matrix": [
        [
          -0.174969,
          -0.69435,
          0.698043,
          3.023556
        ],
        [
          -0.962951,
          -0.027087,
          -0.268313,
          4.432016
        ],
        [
          0.205211,
          -0.719128,
          -0.663885,
          1.270023
        ],
        [
          0.0,
          0.0,
          0.0,
          1.0
        ]
      ]
    },
    {
      "file_path": "/media/NFS/ttao/scannet/posed_images/scene0250_01/00830.jpg",
      "transform_matrix": [
        [
          -0.175253,
          -0.689246,
          0.703013,
          3.018668
        ],
        [
          -0.962782,
          -0.029254,
          -0.268692,
          4.428861
        ],
        [
