{
  "frames": [
    {
      "file_path": "/media/NFS/ttao/scannet/posed_images/scene0098_00/00001.jpg",
      "transform_matrix": [
        [
          0.263009,
          -0.220134,
          0.939344,
          0.925807
        ],
        [
          -0.962729,
          0.003779,
          0.270443,
          4.784041
        ],
        [
          -0.063084,
          -0.975462,
          -0.210935,
          1.498483
        ],
        [
          0.0,
          0.0,
          0.0,
          1.0
        ]
      ]
    },
    {
      "file_path": "/media/NFS/ttao/scannet/posed_images/scene0098_00/00004.jpg",
      "transform_matrix": [
        [
          0.253006,
          -0.222602,
          0.941507,
          0.928139
        ],
        [
          -0.965684,
          0.00092,
          0.259721,
          4.78494
        ],
        [
          -0.058681,
          -0.974909,
          -0.21473,
          1.499076
        ],
        [
          0.0,
          0.0,
          0.0,
          1.0
        ]
      ]
    },
    {
      "file_path": "/media/NFS/ttao/scannet/posed_images/scene0098_00/00012.jpg",
      "transform_matrix": [
        [
          0.218733,
          -0.236406,
          0.946714,
          0.930808
        ],
        [
          -0.973544,
          0.01284,
          0.228139,
          4.808226
        ],
        [
          -0.06609,
          -0.971569,
          -0.227343,
          1.505269
        ],
        [
          0.0,
          0.0,
          0.0,
          1.0
        ]
      ]
    },
    {
      "file_path": "/media/NFS/ttao/scannet/posed_images/scene0098_00/00013.jpg",
      "transform_matrix": [
        [
          0.218062,
          -0.237065,
          0.946704,
          0.931297
        ],
        [
          -0.973739,
          0.012183,
          0.22734,
          4.808448
        ],
        [
          -0.065428,
          -0.971417,
          -0.228183,
          1.503777
        ],
        [
          0.0,
          0.0,
          0.0,
          1.0
        ]
      ]
    },
    {
      "file_path": "/media/NFS/ttao/scannet/posed_images/scene0098_00/00019.jpg",
      "transform_matrix": [
        [
          0.204203,
          -0.262258,
          0.943144,
          0.938214
        ],
        [
          -0.977047,
          0.005099,
          0.212962,
          4.80509
        ],
        [
          -0.06066,
          -0.964984,
          -0.255198,
          1.492755
        ],
        [
          0.0,
          0.0,
          0.0,
          1.0
        ]
      ]
    },
    {
      "file_path": "/media/NFS/ttao/scannet/posed_images/scene0098_00/00027.jpg",
      "transform_matrix": [
        [
          0.133579,
          -0.362438,
          0.922386,
          0.96243
        ],
        [
          -0.988459,
          0.018387,
          0.150372,
          4.798831
        ],
        [
          -0.071461,
          -0.931826,
          -0.355799,
          1.450476
        ],
        [
          0.0,
          0.0,
          0.0,
          1.0
        ]
      ]
    },
    {
      "file_path": "/media/NFS/ttao/scannet/posed_images/scene0098_00/00033.jpg",
      "transform_matrix": [
        [
          0.087836,
          -0.423631,
          0.901566,
          0.969874
        ],
        [
          -0.992716,
          0.037694,
          0.114428,
          4.804908
        ],
        [
          -0.082458,
          -0.90505,
          -0.417234,
          1.409948
        ],
        [
          0.0,
          0.0,
          0.0,
          1.0
        ]
      ]
    },
    {
      "file_path": "/media/NFS/ttao/scannet/posed_images/scene0098_00/00037.jpg",
      "transform_matrix": [
        [
          0.073479,
          -0.461249,
          0.884223,
          0.972723
        ],
        [
          -0.992567,
          0.052423,
          0.109829,
          4.80091
        ],
        [
          -0.097012,
          -0.885721,
          -0.453969,
          1.390586
        ],
        [
          0.0,
          0.0,
          0.0,
          1.0
        ]
      ]
    },
    {
      "file_path": "/media/NFS/ttao/scannet/posed_images/scene0098_00/00042.jpg",
      "transform_matrix": [
        [
          0.048896,
          -0.49778,
          0.865924,
          0.977001
        ],
        [
          -0.994376,
          0.05728,
          0.089077,
          4.786439
        ],
        [
          -0.093941,
          -0.86541,
          -0.49218,
          1.376075
        ],
        [
          0.0,
          0.0,
          0.0,
          1.0
        ]
      ]
    },
    {
      "file_path": "/media/NFS/ttao/scannet/posed_images/scene0098_00/00046.jpg",
      "transform_matrix": [
        [
          0.009108,
          -0.509221,
          0.860587,
          0.977374
        ],
        [
          -0.995218,
          0.079085,
          0.057329,
          4.782816
        ],
        [
          -0.097253,
          -0.856994,
          -0.506066,
          1.364396
        ],
        [
          0.0,
          0.0,
          0.0,
          1.0
        ]
      ]
    },
    {
      "file_path": "/media/NFS/ttao/scannet/posed_images/scene0098_00/00051.jpg",
      "transform_matrix": [
        [
          -0.047627,
          -0.521224,
          0.852089,
          0.984605
        ],
        [
          -0.993075,
          0.116425,
          0.015711,
          4.765821
        ],
        [
          -0.107393,
          -0.845441,
          -0.52316,
          1.363462
        ],
        [
          0.0,
          0.0,
          0.0,
          1.0
        ]
      ]
    },
    {
      "file_path": "/media/NFS/ttao/scannet/posed_images/scene0098_00/00057.jpg",
      "transform_matrix": [
        [
          -0.057469,
          -0.490695,
          0.869434,
          0.974608
        ],
        [
          -0.990236,
          0.138803,
          0.012884,
          4.725111
        ],
        [
          -0.127002,
          -0.860205,
          -0.493881,
          1.368608
        ],
        [
          0.0,
          0.0,
          0.0,
          1.0
        ]
      ]
    },
    {
      "file_path": "/media/NFS/ttao/scannet/posed_images/scene0098_00/00060.jpg",
      "transform_matrix": [
        [
          -0.076004,
          -0.474454,
          0.876993,
          0.964371
        ],
        [
          -0.988108,
          0.153742,
          -0.002459,
          4.685396
        ],
        [
          -0.133664,
          -0.86675,
          -0.480497,
          1.351732
        ],
        [
          0.0,
          0.0,
          0.0,
          1.0
        ]
      ]
    },
    {
      "file_path": "/media/NFS/ttao/scannet/posed_images/scene0098_00/00067.jpg",
      "transform_matrix": [
        [
          -0.166514,
          -0.485109,
          0.858453,
          0.953004
        ],
        [
          -0.976392,
          0.202602,
          -0.074901,
          4.611845
        ],
        [
          -0.13759,
          -0.850659,
          -0.507393,
          1.341534
        ],
        [
          0.0,
          0.0,
          0.0,
          1.0
        ]
      ]
    },
    {
      "file_path": "/media/NFS/ttao/scannet/posed_images/scene0098_00/00068.jpg",
      "transform_matrix": [
        [
          -0.178003,
          -0.488773,
          0.854058,
          0.951571
        ],
        [
          -0.975607,
          0.200972,
          -0.088321,
          4.596358
        ],
        [
          -0.128473,
          -0.848947,
          -0.512624,
          1.341692
        ],
        [
          0.0,
          0.0,
          0.0,
          1.0
        ]
      ]
    },
    {
      "file_path": "/media/NFS/ttao/scannet/posed_images/scene0098_00/00073.jpg",
      "transform_matrix": [
        [
          -0.203656,
          -0.485242,
          0.850332,
          0.943875
        ],
        [
          -0.969776,
          0.2192,
          -0.107177,
          4.554756
        ],
        [
          -0.134386,
          -0.846458,
          -0.515218,
          1.338266
        ],
        [
          0.0,
          0.0,
          0.0,
          1.0
        ]
      ]
    },
    {
      "file_path": "/media/NFS/ttao/scannet/posed_images/scene0098_00/00082.jpg",
      "transform_matrix": [
        [
          -0.300046,
          -0.435008,
          0.848964,
          0.937382
        ],
        [
          -0.944376,
          0.261063,
          -0.199999,
          4.508775
        ],
        [
          -0.134632,
          -0.861751,
          -0.489142,
          1.353359
        ],
        [
          0.0,
          0.0,
          0.0,
          1.0
        ]
      ]
    },
    {
      "file_path": "/media/NFS/ttao/scannet/posed_images/scene0098_00/00086.jpg",
      "transform_matrix": [
        [
          -0.3429,
          -0.415162,
          0.84265,
          0.938873
        ],
        [
          -0.930819,
          0.27094,
          -0.245291,
          4.496346
        ],
        [
          -0.126472,
          -0.868465,
          -0.479346,
          1.362503
        ],
        [
          0.0,
          0.0,
          0.0,
          1.0
        ]
      ]
    },
    {
      "file_path": "/media/NFS/ttao/scannet/posed_images/scene0098_00/00092.jpg",
      "transform_matrix": [
        [
          -0.400009,
          -0.375058,
          0.836256,
          0.951245
        ],
        [
          -0.91048,
          0.26712,
          -0.315711,
          4.486678
        ],
        [
          -0.104971,
          -0.887682,
          -0.448333,
          1.366691
        ],
        [
          0.0,
          0.0,
          0.0,
          1.0
        ]
      ]
    },
    {
      "file_path": "/media/NFS/ttao/scannet/posed_images/scene0098_00/00097.jpg",
      "transform_matrix": [
        [
          -0.431713,
          -0.350556,
          0.831104,
          0.97545
        ],
        [
          -0.897821,
          0.255708,
          -0.358512,
          4.49889
        ],
        [
          -0.086841,
          -0.900957,
          -0.425129,
          1.380717
        ],
        [
          0.0,
          0.0,
          0.0,
          1.0
        ]
      ]
    },
    {
      "file_path": "/media/NFS/ttao/scannet/posed_images/scene0098_00/00100.jpg",
      "transform_matrix": [
        [
          -0.433432,
          -0.340705,
          0.8343,
          0.990022
        ],
        [
          -0.897713,
          0.244429,
          -0.366559,
          4.49804
        ],
        [
          -0.079039,
          -0.907841,
          -0.411799,
          1.395153
        ],
        [
          0.0,
          0.0,
          0.0,
          1.0
        ]
      ]
    },
    {
      "file_path": "/media/NFS/ttao/scannet/posed_images/scene0098_00/00104.jpg",
      "transform_matrix": [
        [
          -0.448328,
          -0.323269,
          0.833366,
          1.018401
        ],
        [
          -0.891454,
          0.230188,
          -0.390286,
          4.508441
        ],
        [
          -0.065664,
          -0.917884,
          -0.391379,
          1.403749
        ],
        [
          0.0,
          0.0,
          0.0,
          1.0
        ]
      ]
    },
    {
      "file_path": "/media/NFS/ttao/scannet/posed_images/scene0098_00/00112.jpg",
      "transform_matrix": [
        [
          -0.507597,
          -0.299678,
          0.807798,
          1.096671
        ],
        [
          -0.86059,
          0.221592,
          -0.458564,
          4.523197
        ],
        [
          -0.04158,
          -0.927949,
          -0.370379,
          1.423925
        ],
        [
          0.0,
          0.0,
          0.0,
          1.0
        ]
      ]
    },
    {
      "file_path": "/media/NFS/ttao/scannet/posed_images/scene0098_00/00116.jpg",
      "transform_matrix": [
        [
          -0.529701,
          -0.284875,
          0.798914,
          1.13175
        ],
        [
          -0.846998,
          0.227465,
          -0.480473,
          4.531343
        ],
        [
          -0.044851,
          -0.931185,
          -0.361777,
          1.43289
        ],
        [
          0.0,
          0.0,
          0.0,
          1.0
        ]
      ]
    },
    {
      "file_path": "/media/NFS/ttao/scannet/posed_images/scene0098_00/00122.jpg",
      "transform_matrix": [
        [
          -0.544832,
          -0.263268,
          0.796146,
          1.166552
        ],
        [
          -0.837155,
          0.225409,
          -0.498359,
          4.54396
        ],
        [
          -0.048257,
          -0.93802,
          -0.343206,
          1.449839
        ],
        [
          0.0,
          0.0,
          0.0,
          1.0
        ]
      ]
    },
    {
      "file_path": "/media/NFS/ttao/scannet/posed_images/scene0098_00/00127.jpg",
      "transform_matrix": [
        [
          -0.543492,
          -0.271422,
          0.794322,
          1.185505
        ],
        [
          -0.838509,
          0.219493,
          -0.498724,
          4.55138
        ],
        [
          -0.038984,
          -0.937098,
          -0.346882,
          1.455465
        ],
        [
          0.0,
          0.0,
          0.0,
          1.0
        ]
      ]
    },
    {
      "file_path": "/media/NFS/ttao/scannet/posed_images/scene0098_00/00131.jpg",
      "transform_matrix": [
        [
          -0.541903,
          -0.271631,
          0.795334,
          1.19342
        ],
        [
          -0.840057,
          0.203645,
          -0.502825,
          4.553844
        ],
        [
          -0.025383,
          -0.940609,
          -0.338542,
          1.460946
        ],
        [
          0.0,
          0.0,
          0.0,
          1.0
        ]
      ]
    },
    {
      "file_path": "/media/NFS/ttao/scannet/posed_images/scene0098_00/00133.jpg",
      "transform_matrix": [
        [
          -0.543448,
          -0.271972,
          0.794163,
          1.193936
        ],
        [
          -0.839167,
          0.200263,
          -0.505661,
          4.554432
        ],
        [
          -0.021516,
          -0.941236,
          -0.337062,
          1.461524
        ],
        [
          0.0,
          0.0,
          0.0,
          1.0
        ]
      ]
    },
    {
      "file_path": "/media/NFS/ttao/scannet/posed_images/scene0098_00/00138.jpg",
      "transform_matrix": [
        [
          -0.546865,
          -0.272616,
          0.791593,
          1.194127
        ],
        [
          -0.837039,
          0.197715,
          -0.510171,
          4.554312
        ],
        [
          -0.017429,
          -0.941589,
          -0.336313,
          1.465577
        ],
        [
          0.0,
          0.0,
          0.0,
          1.0
        ]
      ]
    },
    {
      "file_path": "/media/NFS/ttao/scannet/posed_images/scene0098_00/00146.jpg",
      "transform_matrix": [
        [
          -0.553783,
          -0.256481,
          0.792175,
          1.186039
        ],
        [
          -0.832633,
          0.178443,
          -0.524291,
          4.557441
        ],
        [
          -0.006887,
          -0.949934,
          -0.312373,
          1.475805
        ],
        [
          0.0,
          0.0,
          0.0,
          1.0
        ]
      ]
    },
    {
      "file_path": "/media/NFS/ttao/scannet/posed_images/scene0098_00/00149.jpg",
      "transform_matrix": [
        [
          -0.551376,
          -0.248321,
          0.796443,
          1.182719
        ],
        [
          -0.834244,
          0.169544,
          -0.524683,
          4.560069
        ],
        [
          -0.004742,
          -0.953725,
          -0.300642,
          1.479407
        ],
        [
          0.0,
          0.0,
          0.0,
          1.0
        ]
      ]
    },
    {
      "file_path": "/media/NFS/ttao/scannet/posed_images/scene0098_00/00153.jpg",
      "transform_matrix": [
        [
          -0.545796,
          -0.233527,
          0.804718,
          1.177441
        ],
        [
          -0.837884,
          0.16074,
          -0.521644,
          4.552689
        ],
        [
          -0.007533,
          -0.958972,
          -0.2834,
          1.491464
        ],
        [
          0.0,
          0.0,
          0.0,
          1.0
        ]
      ]
    },
    {
      "file_path": "/media/NFS/ttao/scannet/posed_images/scene0098_00/00158.jpg",
      "transform_matrix": [
        [
          -0.577115,
          -0.216593,
          0.787417,
          1.174065
        ],
        [
          -0.816644,
          0.159626,
          -0.554628,
          4.551835
        ],
        [
          -0.005563,
          -0.963123,
          -0.269002,
          1.502517
        ],
        [
          0.0,
          0.0,
          0.0,
          1.0
        ]
      ]
    },
    {
      "file_path": "/media/NFS/ttao/scannet/posed_images/scene0098_00/00167.jpg",
      "transform_matrix": [
        [
          -0.656299,
          -0.201693,
          0.727042,
          1.165616
        ],
        [
          -0.754499,
          0.173534,
          -0.632943,
          4.538959
        ],
        [
          0.001494,
          -0.963953,
          -0.266067,
          1.500968
        ],
        [
          0.0,
          0.0,
          0.0,
          1.0
        ]
      ]
    },
    {
      "file_path": "/media/NFS/ttao/scannet/posed_images/scene0098_00/00168.jpg",
      "transform_matrix": [
        [
          -0.663883,
          -0.198826,
          0.720921,
          1.165252
        ],
        [
          -0.747835,
          0.178082,
          -0.639554,
          4.536682
        ],
        [
          -0.001223,
          -0.963719,
          -0.266914,
          1.498418
        ],
        [
          0.0,
          0.0,
          0.0,
          1.0
        ]
      ]
    },
    {
      "file_path": "/media/NFS/ttao/scannet/posed_images/scene0098_00/00176.jpg",
      "transform_matrix": [
        [
          -0.709599,
          -0.191911,
          0.677967,
          1.151617
        ],
        [
          -0.704478,
          0.211556,
          -0.677462,
          4.509994
        ],
        [
          -0.013415,
          -0.958339,
          -0.285317,
          1.490131
        ],
        [
          0.0,
          0.0,
          0.0,
          1.0
        ]
      ]
    },
    {
      "file_path": "/media/NFS/ttao/scannet/posed_images/scene0098_00/00177.jpg",
      "transform_matrix": [
        [
          -0.715155,
          -0.192698,
          0.671878,
          1.153123
        ],
        [
          -0.698837,
          0.215519,
          -0.68204,
          4.506381
        ],
        [
          -0.013375,
          -0.957298,
          -0.288794,
          1.490151
        ],
        [
          0.0,
          0.0,
          0.0,
          1.0
        ]
      ]
    },
    {
      "file_path": "/media/NFS/ttao/scannet/posed_images/scene0098_00/00186.jpg",
      "transform_matrix": [
        [
          -0.757238,
          -0.196525,
          0.622871,
          1.121428
        ],
        [
          -0.652896,
          0.253729,
          -0.713686,
          4.481591
        ],
        [
          -0.017783,
          -0.947101,
          -0.320443,
          1.479269
        ],
        [
          0.0,
          0.0,
          0.0,
          1.0
        ]
      ]
    },
    {
      "file_path": "/media/NFS/ttao/scannet/posed_images/scene0098_00/00188.jpg",
      "transform_matrix": [
        [
          -0.762946,
          -0.197527,
          0.615546,
          1.112455
        ],
        [
          -0.646193,
          0.260476,
          -0.717347,
          4.479381
        ],
        [
          -0.018639,
          -0.945058,
          -0.32637,
          1.471957
        ],
        [
          0.0,
          0.0,
          0.0,
          1.0
        ]
      ]
    },
    {
      "file_path": "/media/NFS/ttao/scannet/posed_images/scene0098_00/00197.jpg",
      "transform_matrix": [
        [
          -0.774043,
          -0.215495,
          0.595331,
          1.057788
        ],
        [
          -0.632563,
          0.303106,
          -0.712734,
          4.4627
        ],
        [
          -0.026858,
          -0.928272,
          -0.370931,
          1.448685
        ],
        [
          0.0,
          0.0,
          0.0,
          1.0
        ]
      ]
    },
    {
      "file_path": "/media/NFS/ttao/scannet/posed_images/scene0098_00/00200.jpg",
      "transform_matrix": [
        [
          -0.764933,
          -0.226846,
          0.602841,
          1.032506
        ],
        [
          -0.643352,
          0.314462,
          -0.698006,
          4.461022
        ],
        [
          -0.031231,
          -0.921767,
          -0.386485,
          1.434304
        ],
        [
          0.0,
          0.0,
          0.0,
          1.0
        ]
      ]
    },
    {
      "file_path": "/media/NFS/ttao/scannet/posed_images/scene0098_00/00203.jpg",
      "transform_matrix": [
        [
          -0.747427,
          -0.243812,
          0.617987,
          1.010182
        ],
        [
          -0.663495,
          0.320953,
          -0.675843,
          4.459871
        ],
        [
          -0.033566,
          -0.915175,
          -0.401657,
          1.417065
        ],
        [
          0.0,
          0.0,
          0.0,
          1.0
        ]
      ]
    },
    {
      "file_path": "/media/NFS/ttao/scannet/posed_images/scene0098_00/00207.jpg",
      "transform_matrix": [
        [
          -0.710624,
          -0.276982,
          0.646757,
          0.988247
        ],
        [
          -0.702745,
          0.323993,
          -0.633386,
          4.467653
        ],
        [
          -0.034108,
          -0.904604,
          -0.424885,
          1.399625
        ],
        [
          0.0,
          0.0,
          0.0,
          1.0
        ]
      ]
    },
    {
      "file_path": "/media/NFS/ttao/scannet/posed_images/scene0098_00/00216.jpg",
      "transform_matrix": [
        [
          -0.61027,
          -0.350035,
          0.710666,
          0.954926
        ],
        [
          -0.791275,
          0.31252,
          -0.525561,
          4.512666
        ],
        [
          -0.038132,
          -0.883066,
          -0.467696,
          1.365396
        ],
        [
          0.0,
          0.0,
          0.0,
          1.0
        ]
      ]
    },
    {
      "file_path": "/media/NFS/ttao/scannet/posed_images/scene0098_00/00220.jpg",
      "transform_matrix": [
        [
          -0.565103,
          -0.368272,
          0.738264,
          0.960858
        ],
        [
          -0.82388,
          0.298939,
          -0.481516,
          4.554646
        ],
        [
          -0.043368,
          -0.880347,
          -0.472343,
          1.369966
        ],
        [
          0.0,
          0.0,
          0.0,
          1.0
        ]
      ]
    },
    {
      "file_path": "/media/NFS/ttao/scannet/posed_images/scene0098_00/00222.jpg",
      "transform_matrix": [
        [
          -0.526852,
          -0.373365,
          0.763561,
          0.957869
        ],
        [
          -0.848774,
          0.278485,
          -0.449475,
          4.56482
        ],
        [
          -0.044822,
          -0.884898,
          -0.463623,
          1.369148
        ],
        [
          0.0,
          0.0,
          0.0,
          1.0
        ]
      ]
    },
    {
      "file_path": "/media/NFS/ttao/scannet/posed_images/scene0098_00/00228.jpg",
      "transform_matrix": [
        [
          -0.392617,
          -0.370606,
          0.841726,
          0.951789
        ],
        [
          -0.918661,
          0.201564,
          -0.339755,
          4.604631
        ],
        [
          -0.043747,
          -0.906655,
          -0.419599,
          1.377303
        ],
        [
          0.0,
          0.0,
          0.0,
          1.0
        ]
      ]
    },
    {
      "file_path": "/media/NFS/ttao/scannet/posed_images/scene0098_00/00235.jpg",
      "transform_matrix": [
        [
          -0.212582,
          -0.363252,
          0.907114,
          0.948392
        ],
        [
          -0.976662,
          0.108103,
          -0.185591,
          4.662521
        ],
        [
          -0.030645,
          -0.925398,
          -0.377756,
          1.389067
        ],
        [
          0.0,
          0.0,
          0.0,
          1.0
        ]
      ]
    },
    {
      "file_path": "/media/NFS/ttao/scannet/posed_images/scene0098_00/00237.jpg",
      "transform_matrix": [
        [
          -0.161095,
          -0.358651,
          0.919466,
          0.947888
        ],
        [
          -0.986493,
          0.0865,
          -0.139098,
          4.668548
        ],
        [
          -0.029646,
          -0.929455,
          -0.367742,
          1.39212
        ],
        [
          0.0,
          0.0,
          0.0,
          1.0
        ]
      ]
    },
    {
      "file_path": "/media/NFS/ttao/scannet/posed_images/scene0098_00/00246.jpg",
      "transform_matrix": [
        [
          0.017979,
          -0.331681,
          0.94322,
          0.954825
        ],
        [
          -0.999716,
          0.008821,
          0.022158,
          4.716186
        ],
        [
          -0.01567,
          -0.94335,
          -0.331428,
          1.41541
        ],
        [
          0.0,
          0.0,
          0.0,
          1.0
        ]
      ]
    },
    {
      "file_path": "/media/NFS/ttao/scannet/posed_images/scene0098_00/00247.jpg",
      "transform_matrix": [
        [
          0.035422,
          -0.327369,
          0.944232,
          0.954543
        ],
        [
          -0.999255,
          0.002877,
          0.038483,
          4.718339
        ],
        [
          -0.015314,
          -0.944892,
          -0.327023,
          1.413415
        ],
        [
          0.0,
          0.0,
          0.0,
          1.0
        ]
      ]
    },
    {
      "file_path": "/media/NFS/ttao/scannet/posed_images/scene0098_00/00252.jpg",
      "transform_matrix": [
        [
          0.112117,
          -0.311457,
          0.943623,
          0.95281
        ],
        [
          -0.993603,
          -0.022201,
          0.110728,
          4.730556
        ],
        [
          -0.013538,
          -0.950001,
          -0.311954,
          1.419077
        ],
        [
          0.0,
          0.0,
          0.0,
          1.0
        ]
      ]
    },
    {
      "file_path": "/media/NFS/ttao/scannet/posed_images/scene0098_00/00258.jpg",
      "transform_matrix": [
        [
          0.187536,
          -0.288023,
          0.939081,
          0.955132
        ],
        [
          -0.982169,
          -0.042115,
          0.183223,
          4.734724
        ],
        [
          -0.013224,
          -0.956697,
          -0.290785,
          1.429124
        ],
        [
          0.0,
          0.0,
          0.0,
          1.0
        ]
      ]
    },
    {
      "file_path": "/media/NFS/ttao/scannet/posed_images/scene0098_00/00265.jpg",
      "transform_matrix": [
        [
          0.241562,
          -0.242947,
          0.939481,
          0.960507
        ],
        [
          -0.970201,
          -0.041587,
          0.238706,
          4.726683
        ],
        [
          -0.018922,
          -0.969148,
          -0.245753,
          1.449702
        ],
        [
          0.0,
          0.0,
          0.0,
          1.0
        ]
      ]
    },
    {
      "file_path": "/media/NFS/ttao/scannet/posed_images/scene0098_00/00271.jpg",
      "transform_matrix": [
        [
          0.192021,
          -0.220994,
          0.956185,
          0.97922
        ],
        [
          -0.98077,
          -0.008569,
          0.194977,
          4.70838
        ],
        [
          -0.034895,
          -0.975238,
          -0.218389,
          1.477818
        ],
        [
          0.0,
          0.0,
          0.0,
          1.0
        ]
      ]
    },
    {
      "file_path": "/media/NFS/ttao/scannet/posed_images/scene0098_00/00274.jpg",
      "transform_matrix": [
        [
          0.120953,
          -0.215392,
          0.969008,
          0.996009
        ],
        [
          -0.991698,
          0.016708,
          0.127499,
          4.695181
        ],
        [
          -0.043652,
          -0.976385,
          -0.211583,
          1.491843
        ],
        [
          0.0,
          0.0,
          0.0,
          1.0
        ]
      ]
    },
    {
      "file_path": "/media/NFS/ttao/scannet/posed_images/scene0098_00/00280.jpg",
      "transform_matrix": [
        [
          -0.042179,
          -0.222047,
          0.974123,
          1.033163
        ],
        [
          -0.998385,
          0.046509,
          -0.032628,
          4.641211
        ],
        [
          -0.03806,
          -0.973926,
          -0.22365,
          1.477346
        ],
        [
          0.0,
          0.0,
          0.0,
          1.0
        ]
      ]
    },
    {
      "file_path": "/media/NFS/ttao/scannet/posed_images/scene0098_00/00283.jpg",
      "transform_matrix": [
        [
          -0.117203,
          -0.232142,
          0.965595,
          1.055699
        ],
        [
          -0.99255,
          0.059979,
          -0.106056,
          4.635211
        ],
        [
          -0.033295,
          -0.970831,
          -0.237442,
          1.479371
        ],
        [
          0.0,
          0.0,
          0.0,
          1.0
        ]
      ]
    },
    {
      "file_path": "/media/NFS/ttao/scannet/posed_images/scene0098_00/00290.jpg",
      "transform_matrix": [
        [
          -0.299688,
          -0.261147,
          0.9176,
          1.10904
        ],
        [
          -0.953436,
          0.116133,
          -0.27834,
          4.588938
        ],
        [
          -0.033876,
          -0.958288,
          -0.283791,
          1.466993
        ],
        [
          0.0,
          0.0,
          0.0,
          1.0
        ]
      ]
    },
    {
      "file_path": "/media/NFS/ttao/scannet/posed_images/scene0098_00/00295.jpg",
      "transform_matrix": [
        [
          -0.391333,
          -0.279896,
          0.876651,
          1.142433
        ],
        [
          -0.919809,
          0.148438,
          -0.363206,
          4.568686
        ],
        [
          -0.028468,
          -0.948485,
          -0.315539,
          1.460345
        ],
        [
          0.0,
          0.0,
          0.0,
          1.0
        ]
      ]
    },
    {
      "file_path": "/media/NFS/ttao/scannet/posed_images/scene0098_00/00301.jpg",
      "transform_matrix": [
        [
          -0.483195,
          -0.280533,
          0.829351,
          1.179387
        ],
        [
          -0.874685,
          0.19585,
          -0.44336,
          4.535675
        ],
        [
          -0.038052,
          -0.939651,
          -0.340012,
          1.45591
        ],
        [
          0.0,
          0.0,
          0.0,
          1.0
        ]
      ]
    },
    {
      "file_path": "/media/NFS/ttao/scannet/posed_images/scene0098_00/00302.jpg",
      "transform_matrix": [
        [
          -0.498305,
          -0.277693,
          0.821328,
          1.183958
        ],
        [
          -0.866008,
          0.204768,
          -0.45618,
          4.531669
        ],
        [
          -0.041504,
          -0.938593,
          -0.342521,
          1.453851
        ],
        [
          0.0,
          0.0,
          0.0,
          1.0
        ]
      ]
    },
    {
      "file_path": "/media/NFS/ttao/scannet/posed_images/scene0098_00/00310.jpg",
      "transform_matrix": [
        [
          -0.609997,
          -0.270354,
          0.744857,
          1.212405
        ],
        [
          -0.790706,
          0.269185,
          -0.54984,
          4.477864
        ],
        [
          -0.051853,
          -0.924363,
          -0.377973,
          1.448889
        ],
        [
          0.0,
          0.0,
          0.0,
          1.0
        ]
      ]
    },
    {
      "file_path": "/media/NFS/ttao/scannet/posed_images/scene0098_00/00313.jpg",
      "transform_matrix": [
        [
          -0.638438,
          -0.264965,
          0.722627,
          1.21616
        ],
        [
          -0.768207,
          0.277279,
          -0.577038,
          4.467184
        ],
        [
          -0.047475,
          -0.923531,
          -0.380574,
          1.443951
        ],
        [
          0.0,
          0.0,
          0.0,
          1.0
        ]
      ]
    },
    {
      "file_path": "/media/NFS/ttao/scannet/posed_images/scene0098_00/00320.jpg",
      "transform_matrix": [
        [
          -0.665052,
          -0.266107,
          0.697777,
          1.211044
        ],
        [
          -0.745195,
          0.297633,
          -0.59674,
          4.42071
        ],
        [
          -0.048885,
          -0.916843,
          -0.396243,
          1.438069
        ],
        [
          0.0,
          0.0,
          0.0,
          1.0
        ]
      ]
    },
    {
      "file_path": "/media/NFS/ttao/scannet/posed_images/scene0098_00/00325.jpg",
      "transform_matrix": [
        [
          -0.667374,
          -0.259922,
          0.697891,
          1.192987
        ],
        [
          -0.742338,
          0.307117,
          -0.595495,
          4.375737
        ],
        [
          -0.059552,
          -0.915489,
          -0.397912,
          1.429409
        ],
        [
          0.0,
          0.0,
          0.0,
          1.0
        ]
      ]
    },
    {
      "file_path": "/media/NFS/ttao/scannet/posed_images/scene0098_00/00326.jpg",
      "transform_matrix": [
        [
          -0.667178,
          -0.259626,
          0.698189,
          1.189226
        ],
        [
          -0.742393,
          0.308562,
          -0.594679,
          4.365575
        ],
        [
          -0.06104,
          -0.915087,
          -0.39861,
          1.428561
        ],
        [
          0.0,
          0.0,
          0.0,
          1.0
        ]
      ]
    },
    {
      "file_path": "/media/NFS/ttao/scannet/posed_images/scene0098_00/00332.jpg",
      "transform_matrix": [
        [
          -0.688246,
          -0.250819,
          0.68074,
          1.161854
        ],
        [
          -0.722502,
          0.321868,
          -0.611876,
          4.296838
        ],
        [
          -0.065638,
          -0.912957,
          -0.402741,
          1.419686
        ],
        [
          0.0,
          0.0,
          0.0,
          1.0
        ]
      ]
    },
    {
      "file_path": "/media/NFS/ttao/scannet/posed_images/scene0098_00/00337.jpg",
      "transform_matrix": [
        [
          -0.715157,
          -0.253109,
          0.651525,
          1.143304
        ],
        [
          -0.696735,
          0.332511,
          -0.635607,
          4.244861
        ],
        [
          -0.055762,
          -0.9085,
          -0.414148,
          1.418321
        ],
        [
          0.0,
          0.0,
          0.0,
          1.0
        ]
      ]
    },
    {
      "file_path": "/media/NFS/ttao/scannet/posed_images/scene0098_00/00345.jpg",
      "transform_matrix": [
        [
          -0.766478,
          -0.236606,
          0.5971,
          1.116732
        ],
        [
          -0.641023,
          0.339729,
          -0.68824,
          4.158356
        ],
        [
          -0.04001,
          -0.910276,
          -0.412065,
          1.424422
        ],
        [
          0.0,
          0.0,
          0.0,
          1.0
        ]
      ]
    },
    {
      "file_path": "/media/NFS/ttao/scannet/posed_images/scene0098_00/00347.jpg",
      "transform_matrix": [
        [
          -0.780149,
          -0.23138,
          0.581232,
          1.117232
        ],
        [
          -0.624384,
          0.345753,
          -0.700429,
          4.146967
        ],
        [
          -0.038898,
          -0.90935,
          -0.414208,
          1.424596
        ],
        [
          0.0,
          0.0,
          0.0,
          1.0
        ]
      ]
    },
    {
      "file_path": "/media/NFS/ttao/scannet/posed_images/scene0098_00/00351.jpg",
      "transform_matrix": [
        [
          -0.799156,
          -0.214569,
          0.561524,
          1.111025
        ],
        [
          -0.599848,
          0.345456,
          -0.721694,
          4.123136
        ],
        [
          -0.039129,
          -0.913575,
          -0.404782,
          1.420179
        ],
        [
          0.0,
          0.0,
          0.0,
          1.0
        ]
      ]
    },
    {
      "file_path": "/media/NFS/ttao/scannet/posed_images/scene0098_00/00356.jpg",
      "transform_matrix": [
        [
          -0.829693,
          -0.20145,
          0.520602,
          1.118109
        ],
        [
          -0.557154,
          0.356431,
          -0.750024,
          4.095328
        ],
        [
          -0.034467,
          -0.912346,
          -0.407967,
          1.43664
        ],
        [
          0.0,
          0.0,
          0.0,
          1.0
        ]
      ]
    },
    {
      "file_path": "/media/NFS/ttao/scannet/posed_images/scene0098_00/00363.jpg",
      "transform_matrix": [
        [
          -0.85847,
          -0.170106,
          0.483831,
          1.142684
        ],
        [
          -0.512585,
          0.315657,
          -0.798509,
          4.084784
        ],
        [
          -0.016894,
          -0.933501,
          -0.358176,
          1.448651
        ],
        [
          0.0,
          0.0,
          0.0,
          1.0
        ]
      ]
    },
    {
      "file_path": "/media/NFS/ttao/scannet/posed_images/scene0098_00/00368.jpg",
      "transform_matrix": [
        [
          -0.874684,
          -0.158748,
          0.457959,
          1.176531
        ],
        [
          -0.484647,
          0.299423,
          -0.821866,
          4.068941
        ],
        [
          -0.006654,
          -0.940821,
          -0.338837,
          1.450576
        ],
        [
          0.0,
          0.0,
          0.0,
          1.0
        ]
      ]
    },
    {
      "file_path": "/media/NFS/ttao/scannet/posed_images/scene0098_00/00374.jpg",
      "transform_matrix": [
        [
          -0.900053,
          -0.149512,
          0.40933,
          1.227751
        ],
        [
          -0.435761,
          0.317828,
          -0.84208,
          4.038206
        ],
        [
          -0.004195,
          -0.936286,
          -0.351213,
          1.464078
        ],
        [
          0.0,
          0.0,
          0.0,
          1.0
        ]
      ]
    },
    {
      "file_path": "/media/NFS/ttao/scannet/posed_images/scene0098_00/00380.jpg",
      "transform_matrix": [
        [
          -0.916646,
          -0.123438,
          0.380161,
          1.253686
        ],
        [
          -0.399434,
          0.317555,
          -0.860007,
          4.017753
        ],
        [
          -0.014564,
          -0.940171,
          -0.340391,
          1.468214
        ],
        [
          0.0,
          0.0,
          0.0,
          1.0
        ]
      ]
    },
    {
      "file_path": "/media/NFS/ttao/scannet/posed_images/scene0098_00/00381.jpg",
      "transform_matrix": [
        [
          -0.920373,
          -0.120397,
          0.372046,
          1.259521
        ],
        [
          -0.390761,
          0.319186,
          -0.86338,
