{
  "frames": [
    {
      "file_path": "/media/NFS/ttao/scannet/posed_images/scene0473_00/00001.jpg",
      "transform_matrix": [
        [
          0.149946,
          -0.263966,
          0.952806,
          1.246624
        ],
        [
          -0.988623,
          -0.028392,
          0.147717,
          2.140041
        ],
        [
          -0.01194,
          -0.964114,
          -0.26522,
          1.427696
        ],
        [
          0.0,
          0.0,
          0.0,
          1.0
        ]
      ]
    },
    {
      "file_path": "/media/NFS/ttao/scannet/posed_images/scene0473_00/00003.jpg",
      "transform_matrix": [
        [
          0.143468,
          -0.269856,
          0.952153,
          1.247055
        ],
        [
          -0.989609,
          -0.029814,
          0.140662,
          2.166039
        ],
        [
          -0.009571,
          -0.962439,
          -0.271329,
          1.423577
        ],
        [
          0.0,
          0.0,
          0.0,
          1.0
        ]
      ]
    },
    {
      "file_path": "/media/NFS/ttao/scannet/posed_images/scene0473_00/00009.jpg",
      "transform_matrix": [
        [
          0.135026,
          -0.278554,
          0.950882,
          1.259449
        ],
        [
          -0.990348,
          -0.007636,
          0.138393,
          2.234266
        ],
        [
          -0.031289,
          -0.96039,
          -0.276896,
          1.413276
        ],
        [
          0.0,
          0.0,
          0.0,
          1.0
        ]
      ]
    },
    {
      "file_path": "/media/NFS/ttao/scannet/posed_images/scene0473_00/00013.jpg",
      "transform_matrix": [
        [
          0.127158,
          -0.289671,
          0.948642,
          1.273281
        ],
        [
          -0.990971,
          0.00389,
          0.134019,
          2.279445
        ],
        [
          -0.042512,
          -0.957118,
          -0.286561,
          1.421011
        ],
        [
          0.0,
          0.0,
          0.0,
          1.0
        ]
      ]
    },
    {
      "file_path": "/media/NFS/ttao/scannet/posed_images/scene0473_00/00014.jpg",
      "transform_matrix": [
        [
          0.122486,
          -0.290622,
          0.948966,
          1.27809
        ],
        [
          -0.991517,
          0.006074,
          0.129839,
          2.289048
        ],
        [
          -0.043498,
          -0.956819,
          -0.287413,
          1.41736
        ],
        [
          0.0,
          0.0,
          0.0,
          1.0
        ]
      ]
    },
    {
      "file_path": "/media/NFS/ttao/scannet/posed_images/scene0473_00/00020.jpg",
      "transform_matrix": [
        [
          0.073136,
          -0.318163,
          0.945211,
          1.320048
        ],
        [
          -0.996427,
          0.016832,
          0.082765,
          2.360941
        ],
        [
          -0.042243,
          -0.947887,
          -0.315795,
          1.410697
        ],
        [
          0.0,
          0.0,
          0.0,
          1.0
        ]
      ]
    },
    {
      "file_path": "/media/NFS/ttao/scannet/posed_images/scene0473_00/00022.jpg",
      "transform_matrix": [
        [
          0.069548,
          -0.316335,
          0.946095,
          1.336108
        ],
        [
          -0.997036,
          0.009247,
          0.076384,
          2.376693
        ],
        [
          -0.032912,
          -0.948602,
          -0.314754,
          1.405465
        ],
        [
          0.0,
          0.0,
          0.0,
          1.0
        ]
      ]
    },
    {
      "file_path": "/media/NFS/ttao/scannet/posed_images/scene0473_00/00025.jpg",
      "transform_matrix": [
        [
          0.079042,
          -0.315229,
          0.945718,
          1.372792
        ],
        [
          -0.996534,
          -0.000304,
          0.083188,
          2.394911
        ],
        [
          -0.025935,
          -0.949016,
          -0.31416,
          1.400627
        ],
        [
          0.0,
          0.0,
          0.0,
          1.0
        ]
      ]
    },
    {
      "file_path": "/media/NFS/ttao/scannet/posed_images/scene0473_00/00031.jpg",
      "transform_matrix": [
        [
          0.118761,
          -0.29785,
          0.947197,
          1.458575
        ],
        [
          -0.991856,
          0.008626,
          0.127073,
          2.411865
        ],
        [
          -0.046019,
          -0.954573,
          -0.2944,
          1.390864
        ],
        [
          0.0,
          0.0,
          0.0,
          1.0
        ]
      ]
    },
    {
      "file_path": "/media/NFS/ttao/scannet/posed_images/scene0473_00/00034.jpg",
      "transform_matrix": [
        [
          0.105823,
          -0.292598,
          0.950362,
          1.509721
        ],
        [
          -0.993538,
          0.008345,
          0.1132,
          2.429564
        ],
        [
          -0.041052,
          -0.956199,
          -0.289824,
          1.395908
        ],
        [
          0.0,
          0.0,
          0.0,
          1.0
        ]
      ]
    },
    {
      "file_path": "/media/NFS/ttao/scannet/posed_images/scene0473_00/00037.jpg",
      "transform_matrix": [
        [
          0.087386,
          -0.305453,
          0.948189,
          1.557658
        ],
        [
          -0.995618,
          0.005057,
          0.093386,
          2.455672
        ],
        [
          -0.03332,
          -0.952194,
          -0.303672,
          1.396601
        ],
        [
          0.0,
          0.0,
          0.0,
          1.0
        ]
      ]
    },
    {
      "file_path": "/media/NFS/ttao/scannet/posed_images/scene0473_00/00040.jpg",
      "transform_matrix": [
        [
          0.082106,
          -0.306619,
          0.948285,
          1.597997
        ],
        [
          -0.99549,
          0.020154,
          0.09271,
          2.46739
        ],
        [
          -0.047538,
          -0.951619,
          -0.303581,
          1.39744
        ],
        [
          0.0,
          0.0,
          0.0,
          1.0
        ]
      ]
    },
    {
      "file_path": "/media/NFS/ttao/scannet/posed_images/scene0473_00/00044.jpg",
      "transform_matrix": [
        [
          0.063052,
          -0.31777,
          0.946069,
          1.644707
        ],
        [
          -0.99716,
          0.019076,
          0.072864,
          2.495194
        ],
        [
          -0.041201,
          -0.947976,
          -0.315664,
          1.39292
        ],
        [
          0.0,
          0.0,
          0.0,
          1.0
        ]
      ]
    },
    {
      "file_path": "/media/NFS/ttao/scannet/posed_images/scene0473_00/00049.jpg",
      "transform_matrix": [
        [
          0.014536,
          -0.318352,
          0.947861,
          1.701891
        ],
        [
          -0.998709,
          0.041537,
          0.029267,
          2.541573
        ],
        [
          -0.048688,
          -0.947062,
          -0.317337,
          1.399711
        ],
        [
          0.0,
          0.0,
          0.0,
          1.0
        ]
      ]
    },
    {
      "file_path": "/media/NFS/ttao/scannet/posed_images/scene0473_00/00051.jpg",
      "transform_matrix": [
        [
          -0.013099,
          -0.317205,
          0.948267,
          1.722693
        ],
        [
          -0.998613,
          0.05252,
          0.003774,
          2.561197
        ],
        [
          -0.051,
          -0.946901,
          -0.317453,
          1.404234
        ],
        [
          0.0,
          0.0,
          0.0,
          1.0
        ]
      ]
    },
    {
      "file_path": "/media/NFS/ttao/scannet/posed_images/scene0473_00/00058.jpg",
      "transform_matrix": [
        [
          -0.094979,
          -0.312988,
          0.944996,
          1.780085
        ],
        [
          -0.994362,
          0.074799,
          -0.075167,
          2.622353
        ],
        [
          -0.047159,
          -0.946807,
          -0.318327,
          1.416371
        ],
        [
          0.0,
          0.0,
          0.0,
          1.0
        ]
      ]
    },
    {
      "file_path": "/media/NFS/ttao/scannet/posed_images/scene0473_00/00059.jpg",
      "transform_matrix": [
        [
          -0.107798,
          -0.312668,
          0.943726,
          1.78639
        ],
        [
          -0.992994,
          0.080075,
          -0.086896,
          2.632683
        ],
        [
          -0.048399,
          -0.946481,
          -0.31911,
          1.417689
        ],
        [
          0.0,
          0.0,
          0.0,
          1.0
        ]
      ]
    },
    {
      "file_path": "/media/NFS/ttao/scannet/posed_images/scene0473_00/00062.jpg",
      "transform_matrix": [
        [
          -0.132314,
          -0.321457,
          0.937635,
          1.804264
        ],
        [
          -0.989612,
          0.096501,
          -0.106565,
          2.651464
        ],
        [
          -0.056226,
          -0.941994,
          -0.330886,
          1.417767
        ],
        [
          0.0,
          0.0,
          0.0,
          1.0
        ]
      ]
    },
    {
      "file_path": "/media/NFS/ttao/scannet/posed_images/scene0473_00/00066.jpg",
      "transform_matrix": [
        [
          -0.177245,
          -0.313323,
          0.932959,
          1.822181
        ],
        [
          -0.982285,
          0.114917,
          -0.148023,
          2.676948
        ],
        [
          -0.060834,
          -0.942668,
          -0.32814,
          1.417836
        ],
        [
          0.0,
          0.0,
          0.0,
          1.0
        ]
      ]
    },
    {
      "file_path": "/media/NFS/ttao/scannet/posed_images/scene0473_00/00072.jpg",
      "transform_matrix": [
        [
          -0.231894,
          -0.346599,
          0.908897,
          1.852865
        ],
        [
          -0.970863,
          0.1405,
          -0.194126,
          2.695466
        ],
        [
          -0.060416,
          -0.927431,
          -0.369081,
          1.416428
        ],
        [
          0.0,
          0.0,
          0.0,
          1.0
        ]
      ]
    },
    {
      "file_path": "/media/NFS/ttao/scannet/posed_images/scene0473_00/00073.jpg",
      "transform_matrix": [
        [
          -0.231673,
          -0.348531,
          0.908215,
          1.856796
        ],
        [
          -0.971142,
          0.137245,
          -0.195056,
          2.695455
        ],
        [
          -0.056665,
          -0.927195,
          -0.370269,
          1.422423
        ],
        [
          0.0,
          0.0,
          0.0,
          1.0
        ]
      ]
    },
    {
      "file_path": "/media/NFS/ttao/scannet/posed_images/scene0473_00/00076.jpg",
      "transform_matrix": [
        [
          -0.230153,
          -0.337727,
          0.912672,
          1.868392
        ],
        [
          -0.971989,
          0.125673,
          -0.198606,
          2.700243
        ],
        [
          -0.047623,
          -0.932816,
          -0.357191,
          1.439719
        ],
        [
          0.0,
          0.0,
          0.0,
          1.0
        ]
      ]
    },
    {
      "file_path": "/media/NFS/ttao/scannet/posed_images/scene0473_00/00083.jpg",
      "transform_matrix": [
        [
          -0.236647,
          -0.335883,
          0.911691,
          1.894001
        ],
        [
          -0.970546,
          0.125345,
          -0.205744,
          2.703066
        ],
        [
          -0.04517,
          -0.933526,
          -0.355653,
          1.51797
        ],
        [
          0.0,
          0.0,
          0.0,
          1.0
        ]
      ]
    },
    {
      "file_path": "/media/NFS/ttao/scannet/posed_images/scene0473_00/00086.jpg",
      "transform_matrix": [
        [
          -0.219836,
          -0.358071,
          0.907446,
          1.900275
        ],
        [
          -0.973979,
          0.133122,
          -0.183426,
          2.68998
        ],
        [
          -0.055121,
          -0.924156,
          -0.378018,
          1.550525
        ],
        [
          0.0,
          0.0,
          0.0,
          1.0
        ]
      ]
    },
    {
      "file_path": "/media/NFS/ttao/scannet/posed_images/scene0473_00/00091.jpg",
      "transform_matrix": [
        [
          -0.216134,
          -0.310402,
          0.925709,
          1.897883
        ],
        [
          -0.975441,
          0.109862,
          -0.190908,
          2.679984
        ],
        [
          -0.042442,
          -0.944236,
          -0.326524,
          1.597098
        ],
        [
          0.0,
          0.0,
          0.0,
          1.0
        ]
      ]
    },
    {
      "file_path": "/media/NFS/ttao/scannet/posed_images/scene0473_00/00092.jpg",
      "transform_matrix": [
        [
          -0.214492,
          -0.314205,
          0.924807,
          1.900252
        ],
        [
          -0.975927,
          0.107225,
          -0.189918,
          2.677955
        ],
        [
          -0.039489,
          -0.94328,
          -0.32964,
          1.610207
        ],
        [
          0.0,
          0.0,
          0.0,
          1.0
        ]
      ]
    },
    {
      "file_path": "/media/NFS/ttao/scannet/posed_images/scene0473_00/00096.jpg",
      "transform_matrix": [
        [
          -0.197997,
          -0.323947,
          0.925125,
          1.905022
        ],
        [
          -0.978847,
          0.114967,
          -0.169237,
          2.666579
        ],
        [
          -0.051535,
          -0.939064,
          -0.339858,
          1.644362
        ],
        [
          0.0,
          0.0,
          0.0,
          1.0
        ]
      ]
    },
    {
      "file_path": "/media/NFS/ttao/scannet/posed_images/scene0473_00/00100.jpg",
      "transform_matrix": [
        [
          -0.218666,
          -0.298323,
          0.929079,
          1.901982
        ],
        [
          -0.974064,
          0.123504,
          -0.189597,
          2.645829
        ],
        [
          -0.058183,
          -0.946441,
          -0.317592,
          1.66418
        ],
        [
          0.0,
          0.0,
          0.0,
          1.0
        ]
      ]
    },
    {
      "file_path": "/media/NFS/ttao/scannet/posed_images/scene0473_00/00104.jpg",
      "transform_matrix": [
        [
          -0.249823,
          -0.285115,
          0.925364,
          1.897964
        ],
        [
          -0.967069,
          0.121479,
          -0.223653,
          2.633203
        ],
        [
          -0.048646,
          -0.950764,
          -0.306074,
          1.673145
        ],
        [
          0.0,
          0.0,
          0.0,
          1.0
        ]
      ]
    },
    {
      "file_path": "/media/NFS/ttao/scannet/posed_images/scene0473_00/00108.jpg",
      "transform_matrix": [
        [
          -0.266159,
          -0.281092,
          0.922034,
          1.885984
        ],
        [
          -0.962873,
          0.122296,
          -0.240664,
          2.618289
        ],
        [
          -0.045112,
          -0.951857,
          -0.303206,
          1.652634
        ],
        [
          0.0,
          0.0,
          0.0,
          1.0
        ]
      ]
    },
    {
      "file_path": "/media/NFS/ttao/scannet/posed_images/scene0473_00/00110.jpg",
      "transform_matrix": [
        [
          -0.276923,
          -0.283706,
          0.918055,
          1.887846
        ],
        [
          -0.959916,
          0.124743,
          -0.251,
          2.625733
        ],
        [
          -0.04331,
          -0.950763,
          -0.306878,
          1.652212
        ],
        [
          0.0,
          0.0,
          0.0,
          1.0
        ]
      ]
    },
    {
      "file_path": "/media/NFS/ttao/scannet/posed_images/scene0473_00/00116.jpg",
      "transform_matrix": [
        [
          -0.275997,
          -0.312813,
          0.908831,
          1.876379
        ],
        [
          -0.9599,
          0.13808,
          -0.243979,
          2.629282
        ],
        [
          -0.049171,
          -0.939724,
          -0.338379,
          1.594664
        ],
        [
          0.0,
          0.0,
          0.0,
          1.0
        ]
      ]
    },
    {
      "file_path": "/media/NFS/ttao/scannet/posed_images/scene0473_00/00118.jpg",
      "transform_matrix": [
        [
          -0.283179,
          -0.323669,
          0.9028,
          1.875555
        ],
        [
          -0.957864,
          0.142594,
          -0.249328,
          2.638697
        ],
        [
          -0.048034,
          -0.935363,
          -0.350411,
          1.574319
        ],
        [
          0.0,
          0.0,
          0.0,
          1.0
        ]
      ]
    },
    {
      "file_path": "/media/NFS/ttao/scannet/posed_images/scene0473_00/00122.jpg",
      "transform_matrix": [
        [
          -0.29855,
          -0.34484,
          0.889918,
          1.881413
        ],
        [
          -0.953253,
          0.153332,
          -0.260382,
          2.636983
        ],
        [
          -0.046663,
          -0.926053,
          -0.374497,
          1.545019
        ],
        [
          0.0,
          0.0,
          0.0,
          1.0
        ]
      ]
    },
    {
      "file_path": "/media/NFS/ttao/scannet/posed_images/scene0473_00/00127.jpg",
      "transform_matrix": [
        [
          -0.33618,
          -0.347743,
          0.875247,
          1.877258
        ],
        [
          -0.940125,
          0.179269,
          -0.289874,
          2.660361
        ],
        [
          -0.056103,
          -0.920292,
          -0.387189,
          1.496422
        ],
        [
          0.0,
          0.0,
          0.0,
          1.0
        ]
      ]
    },
    {
      "file_path": "/media/NFS/ttao/scannet/posed_images/scene0473_00/00131.jpg",
      "transform_matrix": [
        [
          -0.369753,
          -0.339415,
          0.864916,
          1.874072
        ],
        [
          -0.926533,
          0.204246,
          -0.315943,
          2.67539
        ],
        [
          -0.06942,
          -0.918194,
          -0.39,
          1.463504
        ],
        [
          0.0,
          0.0,
          0.0,
          1.0
        ]
      ]
    },
    {
      "file_path": "/media/NFS/ttao/scannet/posed_images/scene0473_00/00133.jpg",
      "transform_matrix": [
        [
          -0.373635,
          -0.335816,
          0.864653,
          1.870772
        ],
        [
          -0.924265,
          0.213476,
          -0.316484,
          2.67846
        ],
        [
          -0.078302,
          -0.917418,
          -0.390145,
          1.457358
        ],
        [
          0.0,
          0.0,
          0.0,
          1.0
        ]
      ]
    },
    {
      "file_path": "/media/NFS/ttao/scannet/posed_images/scene0473_00/00136.jpg",
      "transform_matrix": [
        [
          -0.392116,
          -0.32664,
          0.859972,
          1.862726
        ],
        [
          -0.917297,
          0.209321,
          -0.338749,
          2.690788
        ],
        [
          -0.069361,
          -0.921678,
          -0.381704,
          1.453101
        ],
        [
          0.0,
          0.0,
          0.0,
          1.0
        ]
      ]
    },
    {
      "file_path": "/media/NFS/ttao/scannet/posed_images/scene0473_00/00139.jpg",
      "transform_matrix": [
        [
          -0.428452,
          -0.302725,
          0.851344,
          1.849529
        ],
        [
          -0.901132,
          0.212255,
          -0.378034,
          2.688832
        ],
        [
          -0.066262,
          -0.929142,
          -0.363736,
          1.457953
        ],
        [
          0.0,
          0.0,
          0.0,
          1.0
        ]
      ]
    },
    {
      "file_path": "/media/NFS/ttao/scannet/posed_images/scene0473_00/00146.jpg",
      "transform_matrix": [
        [
          -0.545464,
          -0.212791,
          0.810672,
          1.795226
        ],
        [
          -0.837645,
          0.171437,
          -0.518614,
          2.683571
        ],
        [
          -0.028623,
          -0.96194,
          -0.271756,
          1.451228
        ],
        [
          0.0,
          0.0,
          0.0,
          1.0
        ]
      ]
    },
    {
      "file_path": "/media/NFS/ttao/scannet/posed_images/scene0473_00/00149.jpg",
      "transform_matrix": [
        [
          -0.596412,
          -0.176835,
          0.782957,
          1.767557
        ],
        [
          -0.801984,
          0.171864,
          -0.572089,
          2.687948
        ],
        [
          -0.033397,
          -0.969119,
          -0.24432,
          1.443572
        ],
        [
          0.0,
          0.0,
          0.0,
          1.0
        ]
      ]
    },
    {
      "file_path": "/media/NFS/ttao/scannet/posed_images/scene0473_00/00153.jpg",
      "transform_matrix": [
        [
          -0.583699,
          -0.169572,
          0.794066,
          1.674315
        ],
        [
          -0.81154,
          0.15366,
          -0.563729,
          2.571747
        ],
        [
          -0.026424,
          -0.973465,
          -0.227306,
          1.44271
        ],
        [
          0.0,
          0.0,
          0.0,
          1.0
        ]
      ]
    },
    {
      "file_path": "/media/NFS/ttao/scannet/posed_images/scene0473_00/00155.jpg",
      "transform_matrix": [
        [
          -0.602969,
          -0.161617,
          0.781222,
          1.653301
        ],
        [
          -0.797118,
          0.161475,
          -0.581832,
          2.563102
        ],
        [
          -0.032114,
          -0.973553,
          -0.226193,
          1.445236
        ],
        [
          0.0,
          0.0,
          0.0,
          1.0
        ]
      ]
    },
    {
      "file_path": "/media/NFS/ttao/scannet/posed_images/scene0473_00/00161.jpg",
      "transform_matrix": [
        [
          -0.637371,
          -0.153712,
          0.75507,
          1.559686
        ],
        [
          -0.769461,
          0.179217,
          -0.613035,
          2.520049
        ],
        [
          -0.04109,
          -0.971727,
          -0.232503,
          1.444908
        ],
        [
          0.0,
          0.0,
          0.0,
          1.0
        ]
      ]
    },
    {
      "file_path": "/media/NFS/ttao/scannet/posed_images/scene0473_00/00162.jpg",
      "transform_matrix": [
        [
          -0.644664,
          -0.152394,
          0.749123,
          1.551545
        ],
        [
          -0.76327,
          0.183125,
          -0.619585,
          2.522673
        ],
        [
          -0.042762,
          -0.971206,
          -0.234371,
          1.445613
        ],
        [
          0.0,
          0.0,
          0.0,
          1.0
        ]
      ]
    },
    {
      "file_path": "/media/NFS/ttao/scannet/posed_images/scene0473_00/00168.jpg",
      "transform_matrix": [
        [
          -0.684021,
          -0.127284,
          0.718272,
          1.509152
        ],
        [
          -0.726794,
          0.203067,
          -0.656151,
          2.526026
        ],
        [
          -0.06234,
          -0.970857,
          -0.231411,
          1.451448
        ],
        [
          0.0,
          0.0,
          0.0,
          1.0
        ]
      ]
    },
    {
      "file_path": "/media/NFS/ttao/scannet/posed_images/scene0473_00/00172.jpg",
      "transform_matrix": [
        [
          -0.702765,
          -0.12293,
          0.700721,
          1.481845
        ],
        [
          -0.708333,
          0.212604,
          -0.673101,
          2.521837
        ],
        [
          -0.066231,
          -0.969375,
          -0.236486,
          1.442705
        ],
        [
          0.0,
          0.0,
          0.0,
          1.0
        ]
      ]
    },
    {
      "file_path": "/media/NFS/ttao/scannet/posed_images/scene0473_00/00173.jpg",
      "transform_matrix": [
        [
          -0.708529,
          -0.121209,
          0.695195,
          1.483669
        ],
        [
          -0.702468,
          0.215061,
          -0.678445,
          2.521872
        ],
        [
          -0.067276,
          -0.96905,
          -0.237522,
          1.450972
        ],
        [
          0.0,
          0.0,
          0.0,
          1.0
        ]
      ]
    },
    {
      "file_path": "/media/NFS/ttao/scannet/posed_images/scene0473_00/00178.jpg",
      "transform_matrix": [
        [
          -0.726593,
          -0.103661,
          0.679203,
          1.471483
        ],
        [
          -0.683697,
          0.206896,
          -0.699824,
          2.532275
        ],
        [
          -0.06798,
          -0.972856,
          -0.221202,
          1.442906
        ],
        [
          0.0,
          0.0,
          0.0,
          1.0
        ]
      ]
    },
    {
      "file_path": "/media/NFS/ttao/scannet/posed_images/scene0473_00/00180.jpg",
      "transform_matrix": [
        [
          -0.734639,
          -0.109358,
          0.669586,
          1.476679
        ],
        [
          -0.676155,
          0.199264,
          -0.709302,
          2.551558
        ],
        [
          -0.055857,
          -0.973825,
          -0.22033,
          1.42807
        ],
        [
          0.0,
          0.0,
          0.0,
          1.0
        ]
      ]
    },
    {
      "file_path": "/media/NFS/ttao/scannet/posed_images/scene0473_00/00184.jpg",
      "transform_matrix": [
        [
          -0.749745,
          -0.11489,
          0.651676,
          1.477831
        ],
        [
          -0.659464,
          0.211087,
          -0.721491,
          2.551232
        ],
        [
          -0.054668,
          -0.970692,
          -0.234028,
          1.414912
        ],
        [
          0.0,
          0.0,
          0.0,
          1.0
        ]
      ]
    },
    {
      "file_path": "/media/NFS/ttao/scannet/posed_images/scene0473_00/00189.jpg",
      "transform_matrix": [
        [
          -0.770359,
          -0.125973,
          0.625043,
          1.493183
        ],
        [
          -0.635337,
          0.23438,
          -0.735808,
          2.561733
        ],
        [
          -0.053806,
          -0.963948,
          -0.260592,
          1.404591
        ],
        [
          0.0,
          0.0,
          0.0,
          1.0
        ]
      ]
    },
    {
      "file_path": "/media/NFS/ttao/scannet/posed_images/scene0473_00/00194.jpg",
      "transform_matrix": [
        [
          -0.790292,
          -0.145264,
          0.595262,
          1.533515
        ],
        [
          -0.611172,
          0.256122,
          -0.748913,
          2.58286
        ],
        [
          -0.04367,
          -0.955667,
          -0.291193,
          1.393942
        ],
        [
          0.0,
          0.0,
          0.0,
          1.0
        ]
      ]
    },
    {
      "file_path": "/media/NFS/ttao/scannet/posed_images/scene0473_00/00197.jpg",
      "transform_matrix": [
        [
          -0.791622,
          -0.149009,
          0.592564,
          1.54353
        ],
        [
          -0.609308,
          0.264888,
          -0.747381,
          2.588564
        ],
        [
          -0.045597,
          -0.952697,
          -0.300483,
          1.391057
        ],
        [
          0.0,
          0.0,
          0.0,
          1.0
        ]
      ]
    },
    {
      "file_path": "/media/NFS/ttao/scannet/posed_images/scene0473_00/00200.jpg",
      "transform_matrix": [
        [
          -0.792684,
          -0.150636,
          0.590729,
          1.559135
        ],
        [
          -0.607801,
          0.270337,
          -0.746657,
          2.598421
        ],
        [
          -0.047223,
          -0.950908,
          -0.305849,
          1.393761
        ],
        [
          0.0,
          0.0,
          0.0,
          1.0
        ]
      ]
    },
    {
      "file_path": "/media/NFS/ttao/scannet/posed_images/scene0473_00/00203.jpg",
      "transform_matrix": [
        [
          -0.788838,
          -0.152176,
          0.595463,
          1.566555
        ],
        [
          -0.612679,
          0.271266,
          -0.74232,
          2.607307
        ],
        [
          -0.048565,
          -0.950398,
          -0.30722,
          1.386838
        ],
        [
          0.0,
          0.0,
          0.0,
          1.0
        ]
      ]
    },
    {
      "file_path": "/media/NFS/ttao/scannet/posed_images/scene0473_00/00207.jpg",
      "transform_matrix": [
        [
          -0.785741,
          -0.162657,
          0.596787,
          1.574428
        ],
        [
          -0.616909,
          0.276445,
          -0.736887,
          2.615571
        ],
        [
          -0.045119,
          -0.947165,
          -0.317559,
          1.374726
        ],
        [
          0.0,
          0.0,
          0.0,
          1.0
        ]
      ]
    },
    {
      "file_path": "/media/NFS/ttao/scannet/posed_images/scene0473_00/00210.jpg",
      "transform_matrix": [
        [
          -0.788124,
          -0.171483,
          0.591147,
          1.578984
        ],
        [
          -0.614105,
          0.284077,
          -0.736326,
          2.612157
        ],
        [
          -0.041663,
          -0.943342,
          -0.329196,
          1.365705
        ],
        [
          0.0,
          0.0,
          0.0,
          1.0
        ]
      ]
    },
    {
      "file_path": "/media/NFS/ttao/scannet/posed_images/scene0473_00/00216.jpg",
      "transform_matrix": [
        [
          -0.79044,
          -0.202316,
          0.578163,
          1.584679
        ],
        [
          -0.612028,
          0.299421,
          -0.731963,
          2.622798
        ],
        [
          -0.025026,
          -0.932424,
          -0.360497,
          1.331846
        ],
        [
          0.0,
          0.0,
          0.0,
          1.0
        ]
      ]
    },
    {
      "file_path": "/media/NFS/ttao/scannet/posed_images/scene0473_00/00219.jpg",
      "transform_matrix": [
        [
          -0.792017,
          -0.211742,
          0.572603,
          1.590925
        ],
        [
          -0.610024,
          0.311462,
          -0.728603,
          2.624841
        ],
        [
          -0.024068,
          -0.926368,
          -0.37585,
          1.323862
        ],
        [
          0.0,
          0.0,
          0.0,
          1.0
        ]
      ]
    },
    {
      "file_path": "/media/NFS/ttao/scannet/posed_images/scene0473_00/00224.jpg",
      "transform_matrix": [
        [
          -0.791882,
          -0.228965,
          0.566125,
          1.601318
        ],
        [
          -0.610567,
          0.314208,
          -0.726968,
          2.629223
        ],
        [
          -0.011431,
          -0.92133,
          -0.388614,
          1.314587
        ],
        [
          0.0,
          0.0,
          0.0,
          1.0
        ]
      ]
    },
    {
      "file_path": "/media/NFS/ttao/scannet/posed_images/scene0473_00/00226.jpg",
      "transform_matrix": [
        [
          -0.790696,
          -0.23225,
          0.566445,
          1.602249
        ],
        [
          -0.612132,
          0.314619,
          -0.725472,
          2.629102
        ],
        [
          -0.009723,
          -0.920367,
          -0.390936,
          1.311995
        ],
        [
          0.0,
          0.0,
          0.0,
          1.0
        ]
      ]
    },
    {
      "file_path": "/media/NFS/ttao/scannet/posed_images/scene0473_00/00229.jpg",
      "transform_matrix": [
        [
          -0.790752,
          -0.244704,
          0.561098,
          1.605242
        ],
        [
          -0.612136,
          0.317514,
          -0.724206,
          2.637479
        ],
        [
          -0.000941,
          -0.916136,
          -0.400867,
          1.295738
        ],
        [
          0.0,
          0.0,
          0.0,
          1.0
        ]
      ]
    },
    {
      "file_path": "/media/NFS/ttao/scannet/posed_images/scene0473_00/00234.jpg",
      "transform_matrix": [
        [
          -0.79482,
          -0.260699,
          0.547994,
          1.617487
        ],
        [
          -0.606831,
          0.335086,
          -0.720745,
          2.627669
        ],
        [
          0.004272,
          -0.905402,
          -0.424533,
          1.300729
        ],
        [
          0.0,
          0.0,
          0.0,
          1.0
        ]
      ]
    },
    {
      "file_path": "/media/NFS/ttao/scannet/posed_images/scene0473_00/00236.jpg",
      "transform_matrix": [
        [
          -0.799693,
          -0.256343,
          0.542936,
          1.626085
        ],
        [
          -0.600401,
          0.336606,
          -0.725407,
          2.625
        ],
        [
          0.003198,
          -0.906082,
          -0.42309,
          1.305738
        ],
        [
          0.0,
          0.0,
          0.0,
          1.0
        ]
      ]
    },
    {
      "file_path": "/media/NFS/ttao/scannet/posed_images/scene0473_00/00239.jpg",
      "transform_matrix": [
        [
          -0.807802,
          -0.241825,
          0.537565,
          1.641288
        ],
        [
          -0.589453,
          0.332632,
          -0.73614,
          2.623572
        ],
        [
          -0.000794,
          -0.911524,
          -0.411245,
          1.322176
        ],
        [
          0.0,
          0.0,
          0.0,
          1.0
        ]
      ]
    },
    {
      "file_path": "/media/NFS/ttao/scannet/posed_images/scene0473_00/00242.jpg",
      "transform_matrix": [
        [
          -0.814404,
          -0.21721,
          0.538113,
          1.655847
        ],
        [
          -0.580243,
          0.317626,
          -0.749955,
          2.624042
        ],
        [
          -0.008021,
          -0.923003,
          -0.38471,
          1.344636
        ],
        [
          0.0,
          0.0,
          0.0,
          1.0
        ]
      ]
    },
    {
      "file_path": "/media/NFS/ttao/scannet/posed_images/scene0473_00/00247.jpg",
      "transform_matrix": [
        [
          -0.829657,
          -0.171374,
          0.531319,
          1.674836
        ],
        [
          -0.557773,
          0.294757,
          -0.775892,
          2.620907
        ],
        [
          -0.023643,
          -0.940079,
          -0.340135,
          1.377412
        ],
        [
          0.0,
          0.0,
          0.0,
          1.0
        ]
      ]
    },
    {
      "file_path": "/media/NFS/ttao/scannet/posed_images/scene0473_00/00252.jpg",
      "transform_matrix": [
        [
          -0.848337,
          -0.133946,
          0.512234,
          1.683738
        ],
        [
          -0.528668,
          0.267098,
          -0.80571,
          2.620138
        ],
        [
          -0.028895,
          -0.954315,
          -0.297402,
          1.380369
        ],
        [
          0.0,
          0.0,
          0.0,
          1.0
        ]
      ]
    },
    {
      "file_path": "/media/NFS/ttao/scannet/posed_images/scene0473_00/00255.jpg",
      "transform_matrix": [
        [
          -0.854003,
          -0.125355,
          0.50494,
          1.686247
        ],
        [
          -0.519269,
          0.265499,
          -0.812325,
          2.603538
        ],
        [
          -0.032232,
          -0.955927,
          -0.29183,
          1.401878
        ],
        [
          0.0,
          0.0,
          0.0,
          1.0
        ]
      ]
    },
    {
      "file_path": "/media/NFS/ttao/scannet/posed_images/scene0473_00/00258.jpg",
      "transform_matrix": [
        [
          -0.855868,
          -0.119414,
          0.50322,
          1.682114
        ],
        [
          -0.516319,
          0.253858,
          -0.817907,
          2.592082
        ],
        [
          -0.030077,
          -0.959842,
          -0.278925,
          1.404528
        ],
        [
          0.0,
          0.0,
          0.0,
          1.0
        ]
      ]
    },
    {
      "file_path": "/media/NFS/ttao/scannet/posed_images/scene0473_00/00261.jpg",
      "transform_matrix": [
        [
          -0.863484,
          -0.125338,
          0.488554,
          1.692687
        ],
        [
          -0.503968,
          0.253338,
          -0.825734,
          2.588977
        ],
        [
          -0.020273,
          -0.959224,
          -0.28192,
          1.408036
        ],
        [
          0.0,
          0.0,
          0.0,
          1.0
        ]
      ]
    },
    {
      "file_path": "/media/NFS/ttao/scannet/posed_images/scene0473_00/00268.jpg",
      "transform_matrix": [
        [
          -0.879784,
          -0.102558,
          0.46418,
          1.67707
        ],
        [
          -0.474662,
          0.242988,
          -0.845963,
          2.553711
        ],
        [
          -0.02603,
          -0.964592,
          -0.262457,
          1.415729
        ],
        [
          0.0,
          0.0,
          0.0,
          1.0
        ]
      ]
    },
    {
      "file_path": "/media/NFS/ttao/scannet/posed_images/scene0473_00/00269.jpg",
      "transform_matrix": [
        [
          -0.883721,
          -0.102611,
          0.456628,
          1.68054
        ],
        [
          -0.467399,
          0.24354,
          -0.849839,
          2.550426
        ],
        [
          -0.024004,
          -0.964448,
          -0.263181,
          1.410842
        ],
        [
          0.0,
          0.0,
          0.0,
          1.0
        ]
      ]
    },
    {
      "file_path": "/media/NFS/ttao/scannet/posed_images/scene0473_00/00275.jpg",
      "transform_matrix": [
        [
          -0.909708,
          -0.119306,
          0.39774,
          1.684997
        ],
        [
          -0.415068,
          0.289473,
          -0.86251,
          2.538755
        ],
        [
          -0.012233,
          -0.949722,
          -0.312856,
          1.384255
        ],
        [
          0.0,
          0.0,
          0.0,
          1.0
        ]
      ]
    },
    {
      "file_path": "/media/NFS/ttao/scannet/posed_images/scene0473_00/00277.jpg",
      "transform_matrix": [
        [
          -0.921293,
          -0.119569,
          0.37003,
          1.691659
        ],
        [
          -0.388781,
          0.303395,
          -0.869943,
          2.528304
        ],
        [
          -0.008247,
          -0.945333,
          -0.326002,
          1.384868
        ],
        [
          0.0,
          0.0,
          0.0,
          1.0
        ]
      ]
    },
    {
      "file_path": "/media/NFS/ttao/scannet/posed_images/scene0473_00/00280.jpg",
      "transform_matrix": [
        [
          -0.935933,
          -0.116075,
          0.332499,
          1.678185
        ],
        [
          -0.352162,
          0.317542,
          -0.880426,
          2.521263
        ],
        [
          -0.003387,
          -0.941113,
          -0.338075,
          1.351949
        ],
        [
          0.0,
          0.0,
          0.0,
          1.0
        ]
      ]
    },
    {
      "file_path": "/media/NFS/ttao/scannet/posed_images/scene0473_00/00286.jpg",
      "transform_matrix": [
        [
          -0.962212,
          -0.11068,
          0.248794,
          1.732832
        ],
        [
          -0.272247,
          0.372584,
          -0.887166,
