{
  "frames": [
    {
      "file_path": "/media/NFS/ttao/scannet/posed_images/scene0701_00/00002.jpg",
      "transform_matrix": [
        [
          0.182389,
          0.604117,
          -0.775743,
          3.396886
        ],
        [
          0.983027,
          -0.127957,
          0.131476,
          4.251779
        ],
        [
          -0.019835,
          -0.786556,
          -0.617201,
          1.263447
        ],
        [
          0.0,
          0.0,
          0.0,
          1.0
        ]
      ]
    },
    {
      "file_path": "/media/NFS/ttao/scannet/posed_images/scene0701_00/00004.jpg",
      "transform_matrix": [
        [
          0.178813,
          0.587494,
          -0.789225,
          3.389745
        ],
        [
          0.983843,
          -0.114003,
          0.138044,
          4.25357
        ],
        [
          -0.008874,
          -0.801158,
          -0.598388,
          1.268857
        ],
        [
          0.0,
          0.0,
          0.0,
          1.0
        ]
      ]
    },
    {
      "file_path": "/media/NFS/ttao/scannet/posed_images/scene0701_00/00008.jpg",
      "transform_matrix": [
        [
          0.188018,
          0.603197,
          -0.775115,
          3.383118
        ],
        [
          0.982007,
          -0.101277,
          0.15939,
          4.252917
        ],
        [
          0.017642,
          -0.791136,
          -0.611385,
          1.256471
        ],
        [
          0.0,
          0.0,
          0.0,
          1.0
        ]
      ]
    },
    {
      "file_path": "/media/NFS/ttao/scannet/posed_images/scene0701_00/00012.jpg",
      "transform_matrix": [
        [
          0.180311,
          0.61838,
          -0.764915,
          3.356389
        ],
        [
          0.98336,
          -0.095792,
          0.154363,
          4.275793
        ],
        [
          0.022182,
          -0.78002,
          -0.625362,
          1.26864
        ],
        [
          0.0,
          0.0,
          0.0,
          1.0
        ]
      ]
    },
    {
      "file_path": "/media/NFS/ttao/scannet/posed_images/scene0701_00/00013.jpg",
      "transform_matrix": [
        [
          0.181527,
          0.616525,
          -0.766123,
          3.354507
        ],
        [
          0.983188,
          -0.098147,
          0.153977,
          4.276152
        ],
        [
          0.019738,
          -0.781194,
          -0.623976,
          1.268388
        ],
        [
          0.0,
          0.0,
          0.0,
          1.0
        ]
      ]
    },
    {
      "file_path": "/media/NFS/ttao/scannet/posed_images/scene0701_00/00018.jpg",
      "transform_matrix": [
        [
          0.185908,
          0.609038,
          -0.771045,
          3.336863
        ],
        [
          0.982473,
          -0.104374,
          0.154442,
          4.281853
        ],
        [
          0.013584,
          -0.786243,
          -0.617768,
          1.27454
        ],
        [
          0.0,
          0.0,
          0.0,
          1.0
        ]
      ]
    },
    {
      "file_path": "/media/NFS/ttao/scannet/posed_images/scene0701_00/00021.jpg",
      "transform_matrix": [
        [
          0.188194,
          0.605901,
          -0.77296,
          3.326777
        ],
        [
          0.982111,
          -0.110916,
          0.152173,
          4.286973
        ],
        [
          0.006468,
          -0.78777,
          -0.615935,
          1.283163
        ],
        [
          0.0,
          0.0,
          0.0,
          1.0
        ]
      ]
    },
    {
      "file_path": "/media/NFS/ttao/scannet/posed_images/scene0701_00/00023.jpg",
      "transform_matrix": [
        [
          0.18802,
          0.596128,
          -0.780564,
          3.319954
        ],
        [
          0.982136,
          -0.107979,
          0.154109,
          4.292442
        ],
        [
          0.007584,
          -0.795596,
          -0.605781,
          1.290893
        ],
        [
          0.0,
          0.0,
          0.0,
          1.0
        ]
      ]
    },
    {
      "file_path": "/media/NFS/ttao/scannet/posed_images/scene0701_00/00026.jpg",
      "transform_matrix": [
        [
          0.191538,
          0.580886,
          -0.791129,
          3.314715
        ],
        [
          0.981473,
          -0.109347,
          0.157334,
          4.292183
        ],
        [
          0.004886,
          -0.806607,
          -0.591068,
          1.299276
        ],
        [
          0.0,
          0.0,
          0.0,
          1.0
        ]
      ]
    },
    {
      "file_path": "/media/NFS/ttao/scannet/posed_images/scene0701_00/00032.jpg",
      "transform_matrix": [
        [
          0.185999,
          0.550271,
          -0.814007,
          3.311123
        ],
        [
          0.98255,
          -0.104223,
          0.154056,
          4.298138
        ],
        [
          -6.6e-05,
          -0.828456,
          -0.560054,
          1.3151
        ],
        [
          0.0,
          0.0,
          0.0,
          1.0
        ]
      ]
    },
    {
      "file_path": "/media/NFS/ttao/scannet/posed_images/scene0701_00/00035.jpg",
      "transform_matrix": [
        [
          0.181549,
          0.53875,
          -0.822671,
          3.309013
        ],
        [
          0.983382,
          -0.099007,
          0.152177,
          4.299046
        ],
        [
          0.000535,
          -0.836627,
          -0.547772,
          1.321389
        ],
        [
          0.0,
          0.0,
          0.0,
          1.0
        ]
      ]
    },
    {
      "file_path": "/media/NFS/ttao/scannet/posed_images/scene0701_00/00038.jpg",
      "transform_matrix": [
        [
          0.176275,
          0.529964,
          -0.829497,
          3.308259
        ],
        [
          0.984335,
          -0.092048,
          0.15037,
          4.298291
        ],
        [
          0.003337,
          -0.84301,
          -0.537888,
          1.32399
        ],
        [
          0.0,
          0.0,
          0.0,
          1.0
        ]
      ]
    },
    {
      "file_path": "/media/NFS/ttao/scannet/posed_images/scene0701_00/00039.jpg",
      "transform_matrix": [
        [
          0.173927,
          0.528921,
          -0.830658,
          3.307701
        ],
        [
          0.98475,
          -0.089906,
          0.148944,
          4.297894
        ],
        [
          0.004098,
          -0.843896,
          -0.536492,
          1.325373
        ],
        [
          0.0,
          0.0,
          0.0,
          1.0
        ]
      ]
    },
    {
      "file_path": "/media/NFS/ttao/scannet/posed_images/scene0701_00/00045.jpg",
      "transform_matrix": [
        [
          0.159852,
          0.506851,
          -0.847083,
          3.306381
        ],
        [
          0.987131,
          -0.085988,
          0.13483,
          4.298385
        ],
        [
          -0.0045,
          -0.857734,
          -0.514074,
          1.336522
        ],
        [
          0.0,
          0.0,
          0.0,
          1.0
        ]
      ]
    },
    {
      "file_path": "/media/NFS/ttao/scannet/posed_images/scene0701_00/00049.jpg",
      "transform_matrix": [
        [
          0.155535,
          0.494203,
          -0.85532,
          3.305914
        ],
        [
          0.987809,
          -0.083561,
          0.131345,
          4.298738
        ],
        [
          -0.00656,
          -0.865321,
          -0.501175,
          1.3428
        ],
        [
          0.0,
          0.0,
          0.0,
          1.0
        ]
      ]
    },
    {
      "file_path": "/media/NFS/ttao/scannet/posed_images/scene0701_00/00053.jpg",
      "transform_matrix": [
        [
          0.147261,
          0.489691,
          -0.85937,
          3.309798
        ],
        [
          0.989067,
          -0.079729,
          0.124054,
          4.296784
        ],
        [
          -0.007769,
          -0.868243,
          -0.496078,
          1.340299
        ],
        [
          0.0,
          0.0,
          0.0,
          1.0
        ]
      ]
    },
    {
      "file_path": "/media/NFS/ttao/scannet/posed_images/scene0701_00/00054.jpg",
      "transform_matrix": [
        [
          0.144074,
          0.490594,
          -0.859395,
          3.309793
        ],
        [
          0.989544,
          -0.077357,
          0.121734,
          4.295751
        ],
        [
          -0.006758,
          -0.867948,
          -0.49661,
          1.339018
        ],
        [
          0.0,
          0.0,
          0.0,
          1.0
        ]
      ]
    },
    {
      "file_path": "/media/NFS/ttao/scannet/posed_images/scene0701_00/00057.jpg",
      "transform_matrix": [
        [
          0.130209,
          0.496146,
          -0.85842,
          3.308608
        ],
        [
          0.99145,
          -0.072625,
          0.108412,
          4.290663
        ],
        [
          -0.008554,
          -0.865196,
          -0.50136,
          1.336967
        ],
        [
          0.0,
          0.0,
          0.0,
          1.0
        ]
      ]
    },
    {
      "file_path": "/media/NFS/ttao/scannet/posed_images/scene0701_00/00061.jpg",
      "transform_matrix": [
        [
          0.092356,
          0.502648,
          -0.859544,
          3.307084
        ],
        [
          0.995612,
          -0.059699,
          0.072066,
          4.285035
        ],
        [
          -0.01509,
          -0.862428,
          -0.505956,
          1.338225
        ],
        [
          0.0,
          0.0,
          0.0,
          1.0
        ]
      ]
    },
    {
      "file_path": "/media/NFS/ttao/scannet/posed_images/scene0701_00/00064.jpg",
      "transform_matrix": [
        [
          0.055587,
          0.504279,
          -0.86175,
          3.305354
        ],
        [
          0.998299,
          -0.0433,
          0.039057,
          4.278664
        ],
        [
          -0.017618,
          -0.862455,
          -0.505827,
          1.340307
        ],
        [
          0.0,
          0.0,
          0.0,
          1.0
        ]
      ]
    },
    {
      "file_path": "/media/NFS/ttao/scannet/posed_images/scene0701_00/00069.jpg",
      "transform_matrix": [
        [
          -0.02095,
          0.502358,
          -0.864406,
          3.302339
        ],
        [
          0.999371,
          -0.014236,
          -0.032494,
          4.26493
        ],
        [
          -0.028629,
          -0.864543,
          -0.501743,
          1.341203
        ],
        [
          0.0,
          0.0,
          0.0,
          1.0
        ]
      ]
    },
    {
      "file_path": "/media/NFS/ttao/scannet/posed_images/scene0701_00/00073.jpg",
      "transform_matrix": [
        [
          -0.080549,
          0.504203,
          -0.859821,
          3.298134
        ],
        [
          0.996466,
          0.020125,
          -0.081548,
          4.251604
        ],
        [
          -0.023813,
          -0.863351,
          -0.504042,
          1.331304
        ],
        [
          0.0,
          0.0,
          0.0,
          1.0
        ]
      ]
    },
    {
      "file_path": "/media/NFS/ttao/scannet/posed_images/scene0701_00/00074.jpg",
      "transform_matrix": [
        [
          -0.089611,
          0.506925,
          -0.857319,
          3.295318
        ],
        [
          0.995805,
          0.029592,
          -0.086588,
          4.245512
        ],
        [
          -0.018524,
          -0.861482,
          -0.507451,
          1.32663
        ],
        [
          0.0,
          0.0,
          0.0,
          1.0
        ]
      ]
    },
    {
      "file_path": "/media/NFS/ttao/scannet/posed_images/scene0701_00/00077.jpg",
      "transform_matrix": [
        [
          -0.108964,
          0.519086,
          -0.847748,
          3.278962
        ],
        [
          0.993932,
          0.043986,
          -0.10082,
          4.225451
        ],
        [
          -0.015045,
          -0.853589,
          -0.520729,
          1.326043
        ],
        [
          0.0,
          0.0,
          0.0,
          1.0
        ]
      ]
    },
    {
      "file_path": "/media/NFS/ttao/scannet/posed_images/scene0701_00/00081.jpg",
      "transform_matrix": [
        [
          -0.132396,
          0.515711,
          -0.846471,
          3.24691
        ],
        [
          0.991103,
          0.057138,
          -0.120207,
          4.202875
        ],
        [
          -0.013626,
          -0.854856,
          -0.518687,
          1.328446
        ],
        [
          0.0,
          0.0,
          0.0,
          1.0
        ]
      ]
    },
    {
      "file_path": "/media/NFS/ttao/scannet/posed_images/scene0701_00/00086.jpg",
      "transform_matrix": [
        [
          -0.131683,
          0.505601,
          -0.852659,
          3.21751
        ],
        [
          0.990949,
          0.044521,
          -0.126641,
          4.151582
        ],
        [
          -0.026069,
          -0.861618,
          -0.506888,
          1.336277
        ],
        [
          0.0,
          0.0,
          0.0,
          1.0
        ]
      ]
    },
    {
      "file_path": "/media/NFS/ttao/scannet/posed_images/scene0701_00/00087.jpg",
      "transform_matrix": [
        [
          -0.136629,
          0.503649,
          -0.853036,
          3.211344
        ],
        [
          0.990261,
          0.046172,
          -0.131348,
          4.145145
        ],
        [
          -0.026767,
          -0.862674,
          -0.505052,
          1.339035
        ],
        [
          0.0,
          0.0,
          0.0,
          1.0
        ]
      ]
    },
    {
      "file_path": "/media/NFS/ttao/scannet/posed_images/scene0701_00/00093.jpg",
      "transform_matrix": [
        [
          -0.143897,
          0.493537,
          -0.857739,
          3.173038
        ],
        [
          0.988965,
          0.04085,
          -0.142407,
          4.100034
        ],
        [
          -0.035245,
          -0.868765,
          -0.493969,
          1.339676
        ],
        [
          0.0,
          0.0,
          0.0,
          1.0
        ]
      ]
    },
    {
      "file_path": "/media/NFS/ttao/scannet/posed_images/scene0701_00/00094.jpg",
      "transform_matrix": [
        [
          -0.145048,
          0.497058,
          -0.855508,
          3.166315
        ],
        [
          0.988717,
          0.040125,
          -0.14432,
          4.091958
        ],
        [
          -0.037409,
          -0.866789,
          -0.49727,
          1.338199
        ],
        [
          0.0,
          0.0,
          0.0,
          1.0
        ]
      ]
    },
    {
      "file_path": "/media/NFS/ttao/scannet/posed_images/scene0701_00/00099.jpg",
      "transform_matrix": [
        [
          -0.162414,
          0.511183,
          -0.843987,
          3.138234
        ],
        [
          0.986121,
          0.054229,
          -0.156921,
          4.046697
        ],
        [
          -0.034447,
          -0.85776,
          -0.512896,
          1.331475
        ],
        [
          0.0,
          0.0,
          0.0,
          1.0
        ]
      ]
    },
    {
      "file_path": "/media/NFS/ttao/scannet/posed_images/scene0701_00/00100.jpg",
      "transform_matrix": [
        [
          -0.164647,
          0.517892,
          -0.839452,
          3.135259
        ],
        [
          0.985865,
          0.059638,
          -0.156571,
          4.033489
        ],
        [
          -0.031024,
          -0.853365,
          -0.52039,
          1.329652
        ],
        [
          0.0,
          0.0,
          0.0,
          1.0
        ]
      ]
    },
    {
      "file_path": "/media/NFS/ttao/scannet/posed_images/scene0701_00/00104.jpg",
      "transform_matrix": [
        [
          -0.193263,
          0.525427,
          -0.828599,
          3.107267
        ],
        [
          0.980745,
          0.079273,
          -0.178481,
          4.017004
        ],
        [
          -0.028093,
          -0.847138,
          -0.53063,
          1.325237
        ],
        [
          0.0,
          0.0,
          0.0,
          1.0
        ]
      ]
    },
    {
      "file_path": "/media/NFS/ttao/scannet/posed_images/scene0701_00/00107.jpg",
      "transform_matrix": [
        [
          -0.216913,
          0.530751,
          -0.8193,
          3.080526
        ],
        [
          0.975549,
          0.087418,
          -0.201651,
          4.011473
        ],
        [
          -0.035405,
          -0.843008,
          -0.536735,
          1.326346
        ],
        [
          0.0,
          0.0,
          0.0,
          1.0
        ]
      ]
    },
    {
      "file_path": "/media/NFS/ttao/scannet/posed_images/scene0701_00/00110.jpg",
      "transform_matrix": [
        [
          -0.255482,
          0.519742,
          -0.815228,
          3.050467
        ],
        [
          0.966188,
          0.106923,
          -0.234622,
          4.001611
        ],
        [
          -0.034776,
          -0.847606,
          -0.529486,
          1.325906
        ],
        [
          0.0,
          0.0,
          0.0,
          1.0
        ]
      ]
    },
    {
      "file_path": "/media/NFS/ttao/scannet/posed_images/scene0701_00/00116.jpg",
      "transform_matrix": [
        [
          -0.298477,
          0.47324,
          -0.828828,
          2.985135
        ],
        [
          0.954127,
          0.126549,
          -0.271344,
          4.002409
        ],
        [
          -0.023524,
          -0.871797,
          -0.489303,
          1.347951
        ],
        [
          0.0,
          0.0,
          0.0,
          1.0
        ]
      ]
    },
    {
      "file_path": "/media/NFS/ttao/scannet/posed_images/scene0701_00/00118.jpg",
      "transform_matrix": [
        [
          -0.31547,
          0.461819,
          -0.828976,
          2.975261
        ],
        [
          0.94861,
          0.130597,
          -0.288243,
          4.005359
        ],
        [
          -0.024854,
          -0.877307,
          -0.479285,
          1.336123
        ],
        [
          0.0,
          0.0,
          0.0,
          1.0
        ]
      ]
    },
    {
      "file_path": "/media/NFS/ttao/scannet/posed_images/scene0701_00/00123.jpg",
      "transform_matrix": [
        [
          -0.347662,
          0.471767,
          -0.810288,
          2.93608
        ],
        [
          0.937203,
          0.149069,
          -0.315325,
          4.009933
        ],
        [
          -0.027972,
          -0.869031,
          -0.493967,
          1.332495
        ],
        [
          0.0,
          0.0,
          0.0,
          1.0
        ]
      ]
    },
    {
      "file_path": "/media/NFS/ttao/scannet/posed_images/scene0701_00/00126.jpg",
      "transform_matrix": [
        [
          -0.353381,
          0.485025,
          -0.79992,
          2.914225
        ],
        [
          0.93517,
          0.16115,
          -0.315419,
          4.005919
        ],
        [
          -0.024079,
          -0.859524,
          -0.510528,
          1.331577
        ],
        [
          0.0,
          0.0,
          0.0,
          1.0
        ]
      ]
    },
    {
      "file_path": "/media/NFS/ttao/scannet/posed_images/scene0701_00/00127.jpg",
      "transform_matrix": [
        [
          -0.350962,
          0.487891,
          -0.799242,
          2.907802
        ],
        [
          0.936053,
          0.159917,
          -0.313418,
          4.000653
        ],
        [
          -0.025101,
          -0.858131,
          -0.512817,
          1.331813
        ],
        [
          0.0,
          0.0,
          0.0,
          1.0
        ]
      ]
    },
    {
      "file_path": "/media/NFS/ttao/scannet/posed_images/scene0701_00/00133.jpg",
      "transform_matrix": [
        [
          -0.335202,
          0.50233,
          -0.79706,
          2.869161
        ],
        [
          0.941831,
          0.156771,
          -0.297284,
          3.962009
        ],
        [
          -0.024379,
          -0.850346,
          -0.52566,
          1.329312
        ],
        [
          0.0,
          0.0,
          0.0,
          1.0
        ]
      ]
    },
    {
      "file_path": "/media/NFS/ttao/scannet/posed_images/scene0701_00/00136.jpg",
      "transform_matrix": [
        [
          -0.325186,
          0.492612,
          -0.807209,
          2.858606
        ],
        [
          0.945401,
          0.149783,
          -0.28945,
          3.940717
        ],
        [
          -0.021681,
          -0.857262,
          -0.514424,
          1.333449
        ],
        [
          0.0,
          0.0,
          0.0,
          1.0
        ]
      ]
    },
    {
      "file_path": "/media/NFS/ttao/scannet/posed_images/scene0701_00/00137.jpg",
      "transform_matrix": [
        [
          -0.323423,
          0.492251,
          -0.808137,
          2.856346
        ],
        [
          0.946073,
          0.15149,
          -0.286351,
          3.931172
        ],
        [
          -0.018531,
          -0.85717,
          -0.514701,
          1.331572
        ],
        [
          0.0,
          0.0,
          0.0,
          1.0
        ]
      ]
    },
    {
      "file_path": "/media/NFS/ttao/scannet/posed_images/scene0701_00/00144.jpg",
      "transform_matrix": [
        [
          -0.310266,
          0.498401,
          -0.809525,
          2.83491
        ],
        [
          0.950207,
          0.1366,
          -0.280085,
          3.886067
        ],
        [
          -0.029013,
          -0.856118,
          -0.515966,
          1.334546
        ],
        [
          0.0,
          0.0,
          0.0,
          1.0
        ]
      ]
    },
    {
      "file_path": "/media/NFS/ttao/scannet/posed_images/scene0701_00/00147.jpg",
      "transform_matrix": [
        [
          -0.306247,
          0.495653,
          -0.812737,
          2.829
        ],
        [
          0.951568,
          0.135149,
          -0.276139,
          3.865319
        ],
        [
          -0.027028,
          -0.857941,
          -0.513037,
          1.334298
        ],
        [
          0.0,
          0.0,
          0.0,
          1.0
        ]
      ]
    },
    {
      "file_path": "/media/NFS/ttao/scannet/posed_images/scene0701_00/00148.jpg",
      "transform_matrix": [
        [
          -0.303829,
          0.495877,
          -0.813508,
          2.827884
        ],
        [
          0.952371,
          0.134741,
          -0.273559,
          3.858401
        ],
        [
          -0.026039,
          -0.857876,
          -0.513197,
          1.332901
        ],
        [
          0.0,
          0.0,
          0.0,
          1.0
        ]
      ]
    },
    {
      "file_path": "/media/NFS/ttao/scannet/posed_images/scene0701_00/00152.jpg",
      "transform_matrix": [
        [
          -0.299129,
          0.497766,
          -0.814096,
          2.821226
        ],
        [
          0.953891,
          0.13384,
          -0.26866,
          3.832477
        ],
        [
          -0.024771,
          -0.856923,
          -0.51485,
          1.33145
        ],
        [
          0.0,
          0.0,
          0.0,
          1.0
        ]
      ]
    },
    {
      "file_path": "/media/NFS/ttao/scannet/posed_images/scene0701_00/00155.jpg",
      "transform_matrix": [
        [
          -0.299384,
          0.505632,
          -0.809138,
          2.819056
        ],
        [
          0.953799,
          0.136176,
          -0.267813,
          3.818649
        ],
        [
          -0.025229,
          -0.851934,
          -0.523041,
          1.324112
        ],
        [
          0.0,
          0.0,
          0.0,
          1.0
        ]
      ]
    },
    {
      "file_path": "/media/NFS/ttao/scannet/posed_images/scene0701_00/00158.jpg",
      "transform_matrix": [
        [
          -0.314285,
          0.508193,
          -0.801851,
          2.808036
        ],
        [
          0.948978,
          0.145218,
          -0.279915,
          3.805434
        ],
        [
          -0.025808,
          -0.848912,
          -0.527904,
          1.327977
        ],
        [
          0.0,
          0.0,
          0.0,
          1.0
        ]
      ]
    },
    {
      "file_path": "/media/NFS/ttao/scannet/posed_images/scene0701_00/00161.jpg",
      "transform_matrix": [
        [
          -0.341044,
          0.500217,
          -0.795909,
          2.802439
        ],
        [
          0.939668,
          0.157349,
          -0.303753,
          3.793087
        ],
        [
          -0.026707,
          -0.851484,
          -0.523701,
          1.327876
        ],
        [
          0.0,
          0.0,
          0.0,
          1.0
        ]
      ]
    },
    {
      "file_path": "/media/NFS/ttao/scannet/posed_images/scene0701_00/00165.jpg",
      "transform_matrix": [
        [
          -0.406082,
          0.485182,
          -0.7744,
          2.792267
        ],
        [
          0.913035,
          0.179921,
          -0.366055,
          3.79348
        ],
        [
          -0.038272,
          -0.855703,
          -0.516051,
          1.323555
        ],
        [
          0.0,
          0.0,
          0.0,
          1.0
        ]
      ]
    },
    {
      "file_path": "/media/NFS/ttao/scannet/posed_images/scene0701_00/00169.jpg",
      "transform_matrix": [
        [
          -0.470738,
          0.466406,
          -0.748914,
          2.770444
        ],
        [
          0.881309,
          0.208898,
          -0.423859,
          3.789521
        ],
        [
          -0.041244,
          -0.859551,
          -0.509384,
          1.33638
        ],
        [
          0.0,
          0.0,
          0.0,
          1.0
        ]
      ]
    },
    {
      "file_path": "/media/NFS/ttao/scannet/posed_images/scene0701_00/00174.jpg",
      "transform_matrix": [
        [
          -0.535792,
          0.41468,
          -0.735505,
          2.748678
        ],
        [
          0.844065,
          0.240418,
          -0.479326,
          3.783542
        ],
        [
          -0.021938,
          -0.877633,
          -0.478831,
          1.344597
        ],
        [
          0.0,
          0.0,
          0.0,
          1.0
        ]
      ]
    },
    {
      "file_path": "/media/NFS/ttao/scannet/posed_images/scene0701_00/00175.jpg",
      "transform_matrix": [
        [
          -0.544589,
          0.407468,
          -0.73307,
          2.74512
        ],
        [
          0.838525,
          0.246531,
          -0.485899,
          3.780543
        ],
        [
          -0.017263,
          -0.879313,
          -0.475931,
          1.346605
        ],
        [
          0.0,
          0.0,
          0.0,
          1.0
        ]
      ]
    },
    {
      "file_path": "/media/NFS/ttao/scannet/posed_images/scene0701_00/00180.jpg",
      "transform_matrix": [
        [
          -0.587511,
          0.381881,
          -0.713441,
          2.726391
        ],
        [
          0.808998,
          0.256739,
          -0.528778,
          3.773751
        ],
        [
          -0.018762,
          -0.887836,
          -0.459778,
          1.35394
        ],
        [
          0.0,
          0.0,
          0.0,
          1.0
        ]
      ]
    },
    {
      "file_path": "/media/NFS/ttao/scannet/posed_images/scene0701_00/00184.jpg",
      "transform_matrix": [
        [
          -0.625143,
          0.368628,
          -0.687975,
          2.712091
        ],
        [
          0.780047,
          0.264727,
          -0.566962,
          3.781595
        ],
        [
          -0.026872,
          -0.891086,
          -0.453039,
          1.356567
        ],
        [
          0.0,
          0.0,
          0.0,
          1.0
        ]
      ]
    },
    {
      "file_path": "/media/NFS/ttao/scannet/posed_images/scene0701_00/00185.jpg",
      "transform_matrix": [
        [
          -0.634585,
          0.366023,
          -0.680682,
          2.708441
        ],
        [
          0.772333,
          0.268042,
          -0.575895,
          3.782748
        ],
        [
          -0.02834,
          -0.891168,
          -0.452787,
          1.358008
        ],
        [
          0.0,
          0.0,
          0.0,
          1.0
        ]
      ]
    },
    {
      "file_path": "/media/NFS/ttao/scannet/posed_images/scene0701_00/00190.jpg",
      "transform_matrix": [
        [
          -0.678139,
          0.346103,
          -0.648336,
          2.707788
        ],
        [
          0.734368,
          0.284515,
          -0.616242,
          3.776453
        ],
        [
          -0.028822,
          -0.894016,
          -0.447108,
          1.361212
        ],
        [
          0.0,
          0.0,
          0.0,
          1.0
        ]
      ]
    },
    {
      "file_path": "/media/NFS/ttao/scannet/posed_images/scene0701_00/00194.jpg",
      "transform_matrix": [
        [
          -0.716296,
          0.33547,
          -0.611866,
          2.70382
        ],
        [
          0.697173,
          0.306988,
          -0.647849,
          3.783251
        ],
        [
          -0.029499,
          -0.890628,
          -0.453775,
          1.353588
        ],
        [
          0.0,
          0.0,
          0.0,
          1.0
        ]
      ]
    },
    {
      "file_path": "/media/NFS/ttao/scannet/posed_images/scene0701_00/00195.jpg",
      "transform_matrix": [
        [
          -0.724699,
          0.333588,
          -0.602934,
          2.703106
        ],
        [
          0.688475,
          0.31432,
          -0.65361,
          3.783247
        ],
        [
          -0.028523,
          -0.888776,
          -0.457455,
          1.353434
        ],
        [
          0.0,
          0.0,
          0.0,
          1.0
        ]
      ]
    },
    {
      "file_path": "/media/NFS/ttao/scannet/posed_images/scene0701_00/00200.jpg",
      "transform_matrix": [
        [
          -0.758466,
          0.323834,
          -0.565563,
          2.717392
        ],
        [
          0.651127,
          0.339733,
          -0.678687,
          3.7725
        ],
        [
          -0.027642,
          -0.883013,
          -0.468533,
          1.351077
        ],
        [
          0.0,
          0.0,
          0.0,
          1.0
        ]
      ]
    },
    {
      "file_path": "/media/NFS/ttao/scannet/posed_images/scene0701_00/00204.jpg",
      "transform_matrix": [
        [
          -0.79666,
          0.299266,
          -0.525141,
          2.723218
        ],
        [
          0.604248,
          0.37317,
          -0.704009,
          3.775406
        ],
        [
          -0.014719,
          -0.878171,
          -0.478121,
          1.345492
        ],
        [
          0.0,
          0.0,
          0.0,
          1.0
        ]
      ]
    },
    {
      "file_path": "/media/NFS/ttao/scannet/posed_images/scene0701_00/00206.jpg",
      "transform_matrix": [
        [
          -0.807178,
          0.290121,
          -0.514095,
          2.726284
        ],
        [
          0.590257,
          0.385136,
          -0.709414,
          3.774991
        ],
        [
          -0.00782,
          -0.876071,
          -0.482119,
          1.344045
        ],
        [
          0.0,
          0.0,
          0.0,
          1.0
        ]
      ]
    },
    {
      "file_path": "/media/NFS/ttao/scannet/posed_images/scene0701_00/00208.jpg",
      "transform_matrix": [
        [
          -0.813291,
          0.285213,
          -0.50716,
          2.732512
        ],
        [
          0.58185,
          0.394321,
          -0.71131,
          3.773994
        ],
        [
          -0.002891,
          -0.873593,
          -0.486648,
          1.342903
        ],
        [
          0.0,
          0.0,
          0.0,
          1.0
        ]
      ]
    },
    {
      "file_path": "/media/NFS/ttao/scannet/posed_images/scene0701_00/00212.jpg",
      "transform_matrix": [
        [
          -0.819776,
          0.281122,
          -0.498936,
          2.750435
        ],
        [
          0.572681,
          0.399508,
          -0.715843,
          3.76764
        ],
        [
          -0.001911,
          -0.872562,
          -0.4885,
          1.347348
        ],
        [
          0.0,
          0.0,
          0.0,
          1.0
        ]
      ]
    },
    {
      "file_path": "/media/NFS/ttao/scannet/posed_images/scene0701_00/00217.jpg",
      "transform_matrix": [
        [
          -0.829128,
          0.27643,
          -0.485935,
          2.772598
        ],
        [
          0.559059,
          0.410034,
          -0.720642,
          3.767866
        ],
        [
          4.3e-05,
          -0.869171,
          -0.494512,
          1.344527
        ],
        [
          0.0,
          0.0,
          0.0,
          1.0
        ]
      ]
    },
    {
      "file_path": "/media/NFS/ttao/scannet/posed_images/scene0701_00/00218.jpg",
      "transform_matrix": [
        [
          -0.830875,
          0.274408,
          -0.484094,
          2.777864
        ],
        [
          0.556459,
          0.411038,
          -0.722081,
          3.766846
        ],
        [
          0.000837,
          -0.869338,
          -0.494218,
          1.344452
        ],
        [
          0.0,
          0.0,
          0.0,
          1.0
        ]
      ]
    },
    {
      "file_path": "/media/NFS/ttao/scannet/posed_images/scene0701_00/00223.jpg",
      "transform_matrix": [
        [
          -0.841691,
          0.263692,
          -0.471194,
          2.818185
        ],
        [
          0.539932,
          0.402209,
          -0.739393,
          3.762582
        ],
        [
          -0.005453,
          -0.876753,
          -0.480911,
          1.345656
        ],
        [
          0.0,
          0.0,
          0.0,
          1.0
        ]
      ]
    },
    {
      "file_path": "/media/NFS/ttao/scannet/posed_images/scene0701_00/00227.jpg",
      "transform_matrix": [
        [
          -0.864124,
          0.240764,
          -0.441952,
          2.841274
        ],
        [
          0.503257,
          0.421488,
          -0.754374,
          3.761653
        ],
        [
          0.004652,
          -0.874289,
          -0.485384,
          1.344394
        ],
        [
          0.0,
          0.0,
          0.0,
          1.0
        ]
      ]
    },
    {
      "file_path": "/media/NFS/ttao/scannet/posed_images/scene0701_00/00231.jpg",
      "transform_matrix": [
        [
          -0.871987,
          0.229926,
          -0.432172,
          2.88789
        ],
        [
          0.489392,
          0.430352,
          -0.758481,
          3.746553
        ],
        [
          0.011592,
          -0.872887,
          -0.487785,
          1.344316
        ],
        [
          0.0,
          0.0,
          0.0,
          1.0
        ]
      ]
    },
    {
      "file_path": "/media/NFS/ttao/scannet/posed_images/scene0701_00/00234.jpg",
      "transform_matrix": [
        [
          -0.881262,
          0.222452,
          -0.417005,
          2.902926
        ],
        [
          0.472519,
          0.433675,
          -0.767236,
          3.742128
        ],
        [
          0.010172,
          -0.873179,
          -0.487294,
          1.345886
        ],
        [
          0.0,
          0.0,
          0.0,
          1.0
        ]
      ]
    },
    {
      "file_path": "/media/NFS/ttao/scannet/posed_images/scene0701_00/00238.jpg",
      "transform_matrix": [
        [
          -0.894054,
          0.205474,
          -0.398055,
          2.916983
        ],
        [
          0.447634,
          0.443628,
          -0.776414,
          3.734954
        ],
        [
          0.017055,
          -0.872339,
          -0.488604,
          1.341414
        ],
        [
          0.0,
          0.0,
          0.0,
          1.0
        ]
      ]
    },
    {
      "file_path": "/media/NFS/ttao/scannet/posed_images/scene0701_00/00239.jpg",
      "transform_matrix": [
        [
          -0.896668,
          0.203411,
          -0.393204,
          2.922303
        ],
        [
          0.442353,
          0.446954,
          -0.777532,
          3.733682
        ],
        [
          0.017586,
          -0.871123,
          -0.490749,
          1.341777
        ],
        [
          0.0,
          0.0,
          0.0,
          1.0
        ]
      ]
    },
    {
      "file_path": "/media/NFS/ttao/scannet/posed_images/scene0701_00/00244.jpg",
      "transform_matrix": [
        [
          -0.909774,
          0.186206,
          -0.370997,
          2.944988
        ],
        [
          0.414457,
          0.457359,
          -0.786796,
          3.721858
        ],
        [
          0.023173,
          -0.869569,
          -0.493268,
          1.335966
        ],
        [
          0.0,
          0.0,
          0.0,
          1.0
        ]
      ]
    },
    {
      "file_path": "/media/NFS/ttao/scannet/posed_images/scene0701_00/00246.jpg",
      "transform_matrix": [
        [
          -0.913785,
          0.182551,
          -0.362867,
          2.952017
        ],
        [
          0.405439,
          0.464501,
          -0.78731,
          3.716501
        ],
        [
          0.024828,
          -0.866553,
          -0.498468,
          1.332659
        ],
        [
          0.0,
          0.0,
          0.0,
          1.0
        ]
      ]
    },
    {
      "file_path": "/media/NFS/ttao/scannet/posed_images/scene0701_00/00251.jpg",
      "transform_matrix": [
        [
          -0.924145,
          0.178861,
          -0.337586,
          2.95236
        ],
        [
          0.381238,
          0.489044,
          -0.784534,
          3.700048
        ],
        [
          0.024772,
          -0.853724,
          -0.520137,
          1.326001
        ],
        [
          0.0,
          0.0,
          0.0,
          1.0
        ]
      ]
    },
    {
      "file_path": "/media/NFS/ttao/scannet/posed_images/scene0701_00/00255.jpg",
      "transform_matrix": [
        [
          -0.939281,
          0.161037,
          -0.303016,
          2.931718
        ],
        [
          0.342628,
          0.48879,
          -0.802303,
          3.682431
        ],
        [
          0.018911,
          -0.85741,
          -0.514287,
          1.33208
        ],
        [
          0.0,
          0.0,
          0.0,
          1.0
        ]
      ]
    },
    {
      "file_path": "/media/NFS/ttao/scannet/posed_images/scene0701_00/00257.jpg",
      "transform_matrix": [
        [
          -0.947285,
          0.15297,
          -0.281516,
          2.916709
        ],
        [
          0.320203,
          0.482257,
          -0.815413,
          3.677174
        ],
        [
          0.01103,
          -0.862571,
          -0.505817,
          1.328812
        ],
        [
          0.0,
          0.0,
          0.0,
          1.0
        ]
      ]
    },
    {
      "file_path": "/media/NFS/ttao/scannet/posed_images/scene0701_00/00261.jpg",
      "transform_matrix": [
        [
          -0.963923,
          0.142068,
          -0.225099,
          2.86821
        ],
        [
          0.266044,
          0.486957,
          -0.831922,
          3.663373
        ],
        [
          -0.008576,
          -0.861795,
          -0.507185,
