{
  "frames": [
    {
      "file_path": "/media/NFS/ttao/scannet/posed_images/scene0617_00/00000.jpg",
      "transform_matrix": [
        [
          -0.960461,
          -0.160312,
          0.22763,
          1.51378
        ],
        [
          -0.270024,
          0.337146,
          -0.901898,
          4.176693
        ],
        [
          0.067841,
          -0.927703,
          -0.367104,
          1.358683
        ],
        [
          0.0,
          0.0,
          0.0,
          1.0
        ]
      ]
    },
    {
      "file_path": "/media/NFS/ttao/scannet/posed_images/scene0617_00/00007.jpg",
      "transform_matrix": [
        [
          -0.947183,
          -0.186517,
          0.260877,
          1.502891
        ],
        [
          -0.309044,
          0.313587,
          -0.897861,
          4.156941
        ],
        [
          0.085658,
          -0.931061,
          -0.354666,
          1.364737
        ],
        [
          0.0,
          0.0,
          0.0,
          1.0
        ]
      ]
    },
    {
      "file_path": "/media/NFS/ttao/scannet/posed_images/scene0617_00/00010.jpg",
      "transform_matrix": [
        [
          -0.945112,
          -0.19333,
          0.263414,
          1.500459
        ],
        [
          -0.31262,
          0.300542,
          -0.901079,
          4.147011
        ],
        [
          0.095039,
          -0.933969,
          -0.344485,
          1.360446
        ],
        [
          0.0,
          0.0,
          0.0,
          1.0
        ]
      ]
    },
    {
      "file_path": "/media/NFS/ttao/scannet/posed_images/scene0617_00/00013.jpg",
      "transform_matrix": [
        [
          -0.946111,
          -0.187969,
          0.263707,
          1.501902
        ],
        [
          -0.310821,
          0.298488,
          -0.902383,
          4.13182
        ],
        [
          0.090907,
          -0.93572,
          -0.340828,
          1.359092
        ],
        [
          0.0,
          0.0,
          0.0,
          1.0
        ]
      ]
    },
    {
      "file_path": "/media/NFS/ttao/scannet/posed_images/scene0617_00/00020.jpg",
      "transform_matrix": [
        [
          -0.953814,
          -0.171668,
          0.246515,
          1.545563
        ],
        [
          -0.285348,
          0.261263,
          -0.922127,
          4.08188
        ],
        [
          0.093895,
          -0.94988,
          -0.298181,
          1.356883
        ],
        [
          0.0,
          0.0,
          0.0,
          1.0
        ]
      ]
    },
    {
      "file_path": "/media/NFS/ttao/scannet/posed_images/scene0617_00/00021.jpg",
      "transform_matrix": [
        [
          -0.955071,
          -0.173252,
          0.240465,
          1.552965
        ],
        [
          -0.279591,
          0.257496,
          -0.924946,
          4.072923
        ],
        [
          0.09833,
          -0.950621,
          -0.294367,
          1.356032
        ],
        [
          0.0,
          0.0,
          0.0,
          1.0
        ]
      ]
    },
    {
      "file_path": "/media/NFS/ttao/scannet/posed_images/scene0617_00/00029.jpg",
      "transform_matrix": [
        [
          -0.971864,
          -0.163265,
          0.169778,
          1.643098
        ],
        [
          -0.203898,
          0.222276,
          -0.953425,
          3.998994
        ],
        [
          0.117924,
          -0.961217,
          -0.249312,
          1.389694
        ],
        [
          0.0,
          0.0,
          0.0,
          1.0
        ]
      ]
    },
    {
      "file_path": "/media/NFS/ttao/scannet/posed_images/scene0617_00/00030.jpg",
      "transform_matrix": [
        [
          -0.973882,
          -0.150966,
          0.169599,
          1.649514
        ],
        [
          -0.199935,
          0.216166,
          -0.955666,
          3.992369
        ],
        [
          0.107612,
          -0.964615,
          -0.240703,
          1.386809
        ],
        [
          0.0,
          0.0,
          0.0,
          1.0
        ]
      ]
    },
    {
      "file_path": "/media/NFS/ttao/scannet/posed_images/scene0617_00/00035.jpg",
      "transform_matrix": [
        [
          -0.974552,
          -0.138323,
          0.176394,
          1.682484
        ],
        [
          -0.200148,
          0.182605,
          -0.962599,
          3.956764
        ],
        [
          0.100939,
          -0.973407,
          -0.205644,
          1.384555
        ],
        [
          0.0,
          0.0,
          0.0,
          1.0
        ]
      ]
    },
    {
      "file_path": "/media/NFS/ttao/scannet/posed_images/scene0617_00/00042.jpg",
      "transform_matrix": [
        [
          -0.970877,
          -0.141405,
          0.193397,
          1.708654
        ],
        [
          -0.220585,
          0.212606,
          -0.951914,
          3.892155
        ],
        [
          0.093488,
          -0.966852,
          -0.237606,
          1.375531
        ],
        [
          0.0,
          0.0,
          0.0,
          1.0
        ]
      ]
    },
    {
      "file_path": "/media/NFS/ttao/scannet/posed_images/scene0617_00/00043.jpg",
      "transform_matrix": [
        [
          -0.97051,
          -0.141175,
          0.195397,
          1.711703
        ],
        [
          -0.223078,
          0.218775,
          -0.949933,
          3.880032
        ],
        [
          0.091359,
          -0.965509,
          -0.243817,
          1.372318
        ],
        [
          0.0,
          0.0,
          0.0,
          1.0
        ]
      ]
    },
    {
      "file_path": "/media/NFS/ttao/scannet/posed_images/scene0617_00/00048.jpg",
      "transform_matrix": [
        [
          -0.961572,
          -0.136653,
          0.23813,
          1.71691
        ],
        [
          -0.264858,
          0.233234,
          -0.935656,
          3.811469
        ],
        [
          0.07232,
          -0.962771,
          -0.260465,
          1.379688
        ],
        [
          0.0,
          0.0,
          0.0,
          1.0
        ]
      ]
    },
    {
      "file_path": "/media/NFS/ttao/scannet/posed_images/scene0617_00/00055.jpg",
      "transform_matrix": [
        [
          -0.943689,
          -0.136682,
          0.301279,
          1.705955
        ],
        [
          -0.326011,
          0.229267,
          -0.917144,
          3.707064
        ],
        [
          0.056284,
          -0.963719,
          -0.260916,
          1.379276
        ],
        [
          0.0,
          0.0,
          0.0,
          1.0
        ]
      ]
    },
    {
      "file_path": "/media/NFS/ttao/scannet/posed_images/scene0617_00/00059.jpg",
      "transform_matrix": [
        [
          -0.929456,
          -0.172093,
          0.326336,
          1.699745
        ],
        [
          -0.360987,
          0.241632,
          -0.900723,
          3.646988
        ],
        [
          0.076155,
          -0.954986,
          -0.286709,
          1.388305
        ],
        [
          0.0,
          0.0,
          0.0,
          1.0
        ]
      ]
    },
    {
      "file_path": "/media/NFS/ttao/scannet/posed_images/scene0617_00/00060.jpg",
      "transform_matrix": [
        [
          -0.927777,
          -0.174595,
          0.329768,
          1.707245
        ],
        [
          -0.364644,
          0.236768,
          -0.900542,
          3.636777
        ],
        [
          0.079152,
          -0.95575,
          -0.283333,
          1.39202
        ],
        [
          0.0,
          0.0,
          0.0,
          1.0
        ]
      ]
    },
    {
      "file_path": "/media/NFS/ttao/scannet/posed_images/scene0617_00/00066.jpg",
      "transform_matrix": [
        [
          -0.911967,
          -0.191552,
          0.362802,
          1.701329
        ],
        [
          -0.405706,
          0.289602,
          -0.86691,
          3.560151
        ],
        [
          0.06099,
          -0.937784,
          -0.341821,
          1.386549
        ],
        [
          0.0,
          0.0,
          0.0,
          1.0
        ]
      ]
    },
    {
      "file_path": "/media/NFS/ttao/scannet/posed_images/scene0617_00/00072.jpg",
      "transform_matrix": [
        [
          -0.906512,
          -0.197668,
          0.373047,
          1.70431
        ],
        [
          -0.419562,
          0.323527,
          -0.848114,
          3.475032
        ],
        [
          0.046954,
          -0.925342,
          -0.376215,
          1.37893
        ],
        [
          0.0,
          0.0,
          0.0,
          1.0
        ]
      ]
    },
    {
      "file_path": "/media/NFS/ttao/scannet/posed_images/scene0617_00/00074.jpg",
      "transform_matrix": [
        [
          -0.908525,
          -0.19874,
          0.36754,
          1.712698
        ],
        [
          -0.414822,
          0.323647,
          -0.850397,
          3.445073
        ],
        [
          0.050055,
          -0.925071,
          -0.376483,
          1.379822
        ],
        [
          0.0,
          0.0,
          0.0,
          1.0
        ]
      ]
    },
    {
      "file_path": "/media/NFS/ttao/scannet/posed_images/scene0617_00/00081.jpg",
      "transform_matrix": [
        [
          -0.888766,
          -0.230648,
          0.396103,
          1.74523
        ],
        [
          -0.451601,
          0.292749,
          -0.842825,
          3.331054
        ],
        [
          0.078437,
          -0.927954,
          -0.364346,
          1.373149
        ],
        [
          0.0,
          0.0,
          0.0,
          1.0
        ]
      ]
    },
    {
      "file_path": "/media/NFS/ttao/scannet/posed_images/scene0617_00/00082.jpg",
      "transform_matrix": [
        [
          -0.885065,
          -0.233478,
          0.402677,
          1.749106
        ],
        [
          -0.458763,
          0.291239,
          -0.839474,
          3.314666
        ],
        [
          0.078724,
          -0.927722,
          -0.364876,
          1.377918
        ],
        [
          0.0,
          0.0,
          0.0,
          1.0
        ]
      ]
    },
    {
      "file_path": "/media/NFS/ttao/scannet/posed_images/scene0617_00/00087.jpg",
      "transform_matrix": [
        [
          -0.870537,
          -0.227049,
          0.436594,
          1.774011
        ],
        [
          -0.485241,
          0.248398,
          -0.838355,
          3.258382
        ],
        [
          0.081899,
          -0.941672,
          -0.326414,
          1.371004
        ],
        [
          0.0,
          0.0,
          0.0,
          1.0
        ]
      ]
    },
    {
      "file_path": "/media/NFS/ttao/scannet/posed_images/scene0617_00/00091.jpg",
      "transform_matrix": [
        [
          -0.849497,
          -0.245089,
          0.467212,
          1.791475
        ],
        [
          -0.522395,
          0.266724,
          -0.809915,
          3.213983
        ],
        [
          0.073884,
          -0.932089,
          -0.354615,
          1.383062
        ],
        [
          0.0,
          0.0,
          0.0,
          1.0
        ]
      ]
    },
    {
      "file_path": "/media/NFS/ttao/scannet/posed_images/scene0617_00/00095.jpg",
      "transform_matrix": [
        [
          -0.81569,
          -0.259053,
          0.517245,
          1.791421
        ],
        [
          -0.575116,
          0.266711,
          -0.773373,
          3.173725
        ],
        [
          0.06239,
          -0.928309,
          -0.366539,
          1.359444
        ],
        [
          0.0,
          0.0,
          0.0,
          1.0
        ]
      ]
    },
    {
      "file_path": "/media/NFS/ttao/scannet/posed_images/scene0617_00/00100.jpg",
      "transform_matrix": [
        [
          -0.762571,
          -0.303435,
          0.571326,
          1.810046
        ],
        [
          -0.644881,
          0.28675,
          -0.708451,
          3.11821
        ],
        [
          0.051142,
          -0.908681,
          -0.414347,
          1.367784
        ],
        [
          0.0,
          0.0,
          0.0,
          1.0
        ]
      ]
    },
    {
      "file_path": "/media/NFS/ttao/scannet/posed_images/scene0617_00/00107.jpg",
      "transform_matrix": [
        [
          -0.664874,
          -0.373476,
          0.646884,
          1.797859
        ],
        [
          -0.745853,
          0.284911,
          -0.602103,
          3.028129
        ],
        [
          0.040567,
          -0.882803,
          -0.467988,
          1.3681
        ],
        [
          0.0,
          0.0,
          0.0,
          1.0
        ]
      ]
    },
    {
      "file_path": "/media/NFS/ttao/scannet/posed_images/scene0617_00/00108.jpg",
      "transform_matrix": [
        [
          -0.648068,
          -0.382392,
          0.658623,
          1.794145
        ],
        [
          -0.760393,
          0.276567,
          -0.587634,
          3.016233
        ],
        [
          0.042552,
          -0.881639,
          -0.470002,
          1.367332
        ],
        [
          0.0,
          0.0,
          0.0,
          1.0
        ]
      ]
    },
    {
      "file_path": "/media/NFS/ttao/scannet/posed_images/scene0617_00/00112.jpg",
      "transform_matrix": [
        [
          -0.59111,
          -0.41566,
          0.691242,
          1.790668
        ],
        [
          -0.80569,
          0.263793,
          -0.530355,
          2.993975
        ],
        [
          0.038103,
          -0.870425,
          -0.490824,
          1.369883
        ],
        [
          0.0,
          0.0,
          0.0,
          1.0
        ]
      ]
    },
    {
      "file_path": "/media/NFS/ttao/scannet/posed_images/scene0617_00/00117.jpg",
      "transform_matrix": [
        [
          -0.498811,
          -0.446744,
          0.742703,
          1.774963
        ],
        [
          -0.866609,
          0.243996,
          -0.435263,
          2.956937
        ],
        [
          0.013234,
          -0.860747,
          -0.508861,
          1.365487
        ],
        [
          0.0,
          0.0,
          0.0,
          1.0
        ]
      ]
    },
    {
      "file_path": "/media/NFS/ttao/scannet/posed_images/scene0617_00/00124.jpg",
      "transform_matrix": [
        [
          -0.398583,
          -0.484485,
          0.77872,
          1.781597
        ],
        [
          -0.91675,
          0.234961,
          -0.32305,
          2.927879
        ],
        [
          -0.026456,
          -0.842655,
          -0.537804,
          1.368509
        ],
        [
          0.0,
          0.0,
          0.0,
          1.0
        ]
      ]
    },
    {
      "file_path": "/media/NFS/ttao/scannet/posed_images/scene0617_00/00127.jpg",
      "transform_matrix": [
        [
          -0.362873,
          -0.498867,
          0.787055,
          1.791296
        ],
        [
          -0.93133,
          0.22207,
          -0.288634,
          2.912528
        ],
        [
          -0.030791,
          -0.837745,
          -0.545193,
          1.364225
        ],
        [
          0.0,
          0.0,
          0.0,
          1.0
        ]
      ]
    },
    {
      "file_path": "/media/NFS/ttao/scannet/posed_images/scene0617_00/00131.jpg",
      "transform_matrix": [
        [
          -0.324017,
          -0.548428,
          0.77087,
          1.811806
        ],
        [
          -0.94604,
          0.1918,
          -0.261191,
          2.889525
        ],
        [
          -0.004609,
          -0.813904,
          -0.580981,
          1.35915
        ],
        [
          0.0,
          0.0,
          0.0,
          1.0
        ]
      ]
    },
    {
      "file_path": "/media/NFS/ttao/scannet/posed_images/scene0617_00/00137.jpg",
      "transform_matrix": [
        [
          -0.273607,
          -0.574989,
          0.771056,
          1.851495
        ],
        [
          -0.961553,
          0.1439,
          -0.233896,
          2.835749
        ],
        [
          0.023532,
          -0.805407,
          -0.592255,
          1.359968
        ],
        [
          0.0,
          0.0,
          0.0,
          1.0
        ]
      ]
    },
    {
      "file_path": "/media/NFS/ttao/scannet/posed_images/scene0617_00/00138.jpg",
      "transform_matrix": [
        [
          -0.268545,
          -0.586149,
          0.764404,
          1.860748
        ],
        [
          -0.962776,
          0.137992,
          -0.232423,
          2.824996
        ],
        [
          0.030752,
          -0.798366,
          -0.601387,
          1.362268
        ],
        [
          0.0,
          0.0,
          0.0,
          1.0
        ]
      ]
    },
    {
      "file_path": "/media/NFS/ttao/scannet/posed_images/scene0617_00/00143.jpg",
      "transform_matrix": [
        [
          -0.237842,
          -0.594538,
          0.768086,
          1.906568
        ],
        [
          -0.969562,
          0.097993,
          -0.224379,
          2.780312
        ],
        [
          0.058135,
          -0.798074,
          -0.599749,
          1.376016
        ],
        [
          0.0,
          0.0,
          0.0,
          1.0
        ]
      ]
    },
    {
      "file_path": "/media/NFS/ttao/scannet/posed_images/scene0617_00/00150.jpg",
      "transform_matrix": [
        [
          -0.162169,
          -0.63324,
          0.756775,
          1.967081
        ],
        [
          -0.986037,
          0.074572,
          -0.148898,
          2.723363
        ],
        [
          0.037854,
          -0.770354,
          -0.636492,
          1.381457
        ],
        [
          0.0,
          0.0,
          0.0,
          1.0
        ]
      ]
    },
    {
      "file_path": "/media/NFS/ttao/scannet/posed_images/scene0617_00/00154.jpg",
      "transform_matrix": [
        [
          -0.117916,
          -0.664457,
          0.737966,
          1.988815
        ],
        [
          -0.992972,
          0.071317,
          -0.094449,
          2.69401
        ],
        [
          0.010128,
          -0.743916,
          -0.668196,
          1.378178
        ],
        [
          0.0,
          0.0,
          0.0,
          1.0
        ]
      ]
    },
    {
      "file_path": "/media/NFS/ttao/scannet/posed_images/scene0617_00/00156.jpg",
      "transform_matrix": [
        [
          -0.101417,
          -0.672598,
          0.733025,
          1.99637
        ],
        [
          -0.994831,
          0.064835,
          -0.078149,
          2.680426
        ],
        [
          0.005037,
          -0.737162,
          -0.675697,
          1.377803
        ],
        [
          0.0,
          0.0,
          0.0,
          1.0
        ]
      ]
    },
    {
      "file_path": "/media/NFS/ttao/scannet/posed_images/scene0617_00/00163.jpg",
      "transform_matrix": [
        [
          -0.00704,
          -0.699665,
          0.714437,
          2.000399
        ],
        [
          -0.999948,
          -0.000345,
          -0.010191,
          2.633402
        ],
        [
          0.007376,
          -0.714472,
          -0.699626,
          1.373966
        ],
        [
          0.0,
          0.0,
          0.0,
          1.0
        ]
      ]
    },
    {
      "file_path": "/media/NFS/ttao/scannet/posed_images/scene0617_00/00167.jpg",
      "transform_matrix": [
        [
          0.038336,
          -0.715724,
          0.697331,
          1.995932
        ],
        [
          -0.998969,
          -0.044417,
          0.00933,
          2.606081
        ],
        [
          0.024296,
          -0.69697,
          -0.716689,
          1.374382
        ],
        [
          0.0,
          0.0,
          0.0,
          1.0
        ]
      ]
    },
    {
      "file_path": "/media/NFS/ttao/scannet/posed_images/scene0617_00/00168.jpg",
      "transform_matrix": [
        [
          0.044752,
          -0.715751,
          0.69692,
          1.994013
        ],
        [
          -0.998656,
          -0.050313,
          0.012455,
          2.599372
        ],
        [
          0.026149,
          -0.696541,
          -0.717041,
          1.375259
        ],
        [
          0.0,
          0.0,
          0.0,
          1.0
        ]
      ]
    },
    {
      "file_path": "/media/NFS/ttao/scannet/posed_images/scene0617_00/00173.jpg",
      "transform_matrix": [
        [
          0.064636,
          -0.71738,
          0.693677,
          1.975298
        ],
        [
          -0.997357,
          -0.069561,
          0.020996,
          2.571078
        ],
        [
          0.033191,
          -0.693201,
          -0.71998,
          1.371918
        ],
        [
          0.0,
          0.0,
          0.0,
          1.0
        ]
      ]
    },
    {
      "file_path": "/media/NFS/ttao/scannet/posed_images/scene0617_00/00180.jpg",
      "transform_matrix": [
        [
          0.082823,
          -0.75219,
          0.653721,
          1.951919
        ],
        [
          -0.996554,
          -0.065413,
          0.050993,
          2.545459
        ],
        [
          0.004405,
          -0.655692,
          -0.755016,
          1.352866
        ],
        [
          0.0,
          0.0,
          0.0,
          1.0
        ]
      ]
    },
    {
      "file_path": "/media/NFS/ttao/scannet/posed_images/scene0617_00/00183.jpg",
      "transform_matrix": [
        [
          0.089362,
          -0.7556,
          0.64891,
          1.944828
        ],
        [
          -0.995966,
          -0.07309,
          0.052049,
          2.539925
        ],
        [
          0.008101,
          -0.650943,
          -0.759083,
          1.349176
        ],
        [
          0.0,
          0.0,
          0.0,
          1.0
        ]
      ]
    },
    {
      "file_path": "/media/NFS/ttao/scannet/posed_images/scene0617_00/00186.jpg",
      "transform_matrix": [
        [
          0.09792,
          -0.751284,
          0.652674,
          1.937743
        ],
        [
          -0.995052,
          -0.085013,
          0.05143,
          2.537974
        ],
        [
          0.016847,
          -0.654481,
          -0.755891,
          1.348174
        ],
        [
          0.0,
          0.0,
          0.0,
          1.0
        ]
      ]
    },
    {
      "file_path": "/media/NFS/ttao/scannet/posed_images/scene0617_00/00193.jpg",
      "transform_matrix": [
        [
          0.089668,
          -0.770606,
          0.630972,
          1.922758
        ],
        [
          -0.995963,
          -0.072044,
          0.053549,
          2.531938
        ],
        [
          0.004193,
          -0.633227,
          -0.773955,
          1.334174
        ],
        [
          0.0,
          0.0,
          0.0,
          1.0
        ]
      ]
    },
    {
      "file_path": "/media/NFS/ttao/scannet/posed_images/scene0617_00/00196.jpg",
      "transform_matrix": [
        [
          0.085001,
          -0.778633,
          0.621695,
          1.921918
        ],
        [
          -0.996326,
          -0.072957,
          0.044847,
          2.530399
        ],
        [
          0.010437,
          -0.623223,
          -0.781974,
          1.332957
        ],
        [
          0.0,
          0.0,
          0.0,
          1.0
        ]
      ]
    },
    {
      "file_path": "/media/NFS/ttao/scannet/posed_images/scene0617_00/00200.jpg",
      "transform_matrix": [
        [
          0.081567,
          -0.76866,
          0.634435,
          1.92897
        ],
        [
          -0.996368,
          -0.078507,
          0.032983,
          2.52868
        ],
        [
          0.024455,
          -0.634821,
          -0.772272,
          1.344735
        ],
        [
          0.0,
          0.0,
          0.0,
          1.0
        ]
      ]
    },
    {
      "file_path": "/media/NFS/ttao/scannet/posed_images/scene0617_00/00204.jpg",
      "transform_matrix": [
        [
          0.079412,
          -0.747842,
          0.65911,
          1.934823
        ],
        [
          -0.995896,
          -0.088313,
          0.019787,
          2.528335
        ],
        [
          0.04341,
          -0.657976,
          -0.751787,
          1.355436
        ],
        [
          0.0,
          0.0,
          0.0,
          1.0
        ]
      ]
    },
    {
      "file_path": "/media/NFS/ttao/scannet/posed_images/scene0617_00/00211.jpg",
      "transform_matrix": [
        [
          0.079255,
          -0.71443,
          0.695204,
          1.948086
        ],
        [
          -0.993608,
          -0.112852,
          -0.0027,
          2.527957
        ],
        [
          0.080384,
          -0.690546,
          -0.718808,
          1.375818
        ],
        [
          0.0,
          0.0,
          0.0,
          1.0
        ]
      ]
    },
    {
      "file_path": "/media/NFS/ttao/scannet/posed_images/scene0617_00/00212.jpg",
      "transform_matrix": [
        [
          0.07797,
          -0.710964,
          0.698892,
          1.949925
        ],
        [
          -0.993372,
          -0.114792,
          -0.005953,
          2.528399
        ],
        [
          0.084459,
          -0.693796,
          -0.715202,
          1.377133
        ],
        [
          0.0,
          0.0,
          0.0,
          1.0
        ]
      ]
    },
    {
      "file_path": "/media/NFS/ttao/scannet/posed_images/scene0617_00/00219.jpg",
      "transform_matrix": [
        [
          0.075458,
          -0.6739,
          0.734959,
          1.962026
        ],
        [
          -0.990996,
          -0.132438,
          -0.019691,
          2.52678
        ],
        [
          0.110606,
          -0.726856,
          -0.677825,
          1.39436
        ],
        [
          0.0,
          0.0,
          0.0,
          1.0
        ]
      ]
    },
    {
      "file_path": "/media/NFS/ttao/scannet/posed_images/scene0617_00/00220.jpg",
      "transform_matrix": [
        [
          0.076371,
          -0.670406,
          0.738054,
          1.964866
        ],
        [
          -0.990443,
          -0.136268,
          -0.021291,
          2.525635
        ],
        [
          0.114847,
          -0.729374,
          -0.674406,
          1.396794
        ],
        [
          0.0,
          0.0,
          0.0,
          1.0
        ]
      ]
    },
    {
      "file_path": "/media/NFS/ttao/scannet/posed_images/scene0617_00/00225.jpg",
      "transform_matrix": [
        [
          0.089997,
          -0.637492,
          0.765183,
          1.978263
        ],
        [
          -0.985629,
          -0.167291,
          -0.023449,
          2.523822
        ],
        [
          0.142957,
          -0.752076,
          -0.643386,
          1.409905
        ],
        [
          0.0,
          0.0,
          0.0,
          1.0
        ]
      ]
    },
    {
      "file_path": "/media/NFS/ttao/scannet/posed_images/scene0617_00/00232.jpg",
      "transform_matrix": [
        [
          0.078483,
          -0.580854,
          0.810215,
          1.994359
        ],
        [
          -0.982645,
          -0.182094,
          -0.035359,
          2.527597
        ],
        [
          0.168073,
          -0.793379,
          -0.585065,
          1.430094
        ],
        [
          0.0,
          0.0,
          0.0,
          1.0
        ]
      ]
    },
    {
      "file_path": "/media/NFS/ttao/scannet/posed_images/scene0617_00/00237.jpg",
      "transform_matrix": [
        [
          0.090665,
          -0.55194,
          0.82894,
          2.00676
        ],
        [
          -0.982029,
          -0.187898,
          -0.017701,
          2.527189
        ],
        [
          0.165526,
          -0.812438,
          -0.559057,
          1.443803
        ],
        [
          0.0,
          0.0,
          0.0,
          1.0
        ]
      ]
    },
    {
      "file_path": "/media/NFS/ttao/scannet/posed_images/scene0617_00/00238.jpg",
      "transform_matrix": [
        [
          0.091348,
          -0.548096,
          0.831412,
          2.010406
        ],
        [
          -0.981546,
          -0.190407,
          -0.01768,
          2.527864
        ],
        [
          0.167996,
          -0.814454,
          -0.555375,
          1.447985
        ],
        [
          0.0,
          0.0,
          0.0,
          1.0
        ]
      ]
    },
    {
      "file_path": "/media/NFS/ttao/scannet/posed_images/scene0617_00/00245.jpg",
      "transform_matrix": [
        [
          0.074852,
          -0.483916,
          0.871907,
          2.024222
        ],
        [
          -0.981654,
          -0.18952,
          -0.020911,
          2.537042
        ],
        [
          0.175363,
          -0.854346,
          -0.489225,
          1.471889
        ],
        [
          0.0,
          0.0,
          0.0,
          1.0
        ]
      ]
    },
    {
      "file_path": "/media/NFS/ttao/scannet/posed_images/scene0617_00/00250.jpg",
      "transform_matrix": [
        [
          0.044588,
          -0.431838,
          0.900849,
          2.03196
        ],
        [
          -0.987098,
          -0.15786,
          -0.026816,
          2.542816
        ],
        [
          0.153788,
          -0.888029,
          -0.433305,
          1.484657
        ],
        [
          0.0,
          0.0,
          0.0,
          1.0
        ]
      ]
    },
    {
      "file_path": "/media/NFS/ttao/scannet/posed_images/scene0617_00/00252.jpg",
      "transform_matrix": [
        [
          0.040847,
          -0.424203,
          0.904646,
          2.033691
        ],
        [
          -0.987714,
          -0.153828,
          -0.027535,
          2.547031
        ],
        [
          0.15084,
          -0.892407,
          -0.425274,
          1.484149
        ],
        [
          0.0,
          0.0,
          0.0,
          1.0
        ]
      ]
    },
    {
      "file_path": "/media/NFS/ttao/scannet/posed_images/scene0617_00/00256.jpg",
      "transform_matrix": [
        [
          0.027519,
          -0.404396,
          0.91417,
          2.037565
        ],
        [
          -0.988685,
          -0.145921,
          -0.034788,
          2.558132
        ],
        [
          0.147465,
          -0.902868,
          -0.403835,
          1.489283
        ],
        [
          0.0,
          0.0,
          0.0,
          1.0
        ]
      ]
    },
    {
      "file_path": "/media/NFS/ttao/scannet/posed_images/scene0617_00/00263.jpg",
      "transform_matrix": [
        [
          -0.032628,
          -0.346654,
          0.937426,
          2.032025
        ],
        [
          -0.993774,
          -0.08872,
          -0.067397,
          2.58779
        ],
        [
          0.106531,
          -0.933788,
          -0.341601,
          1.482281
        ],
        [
          0.0,
          0.0,
          0.0,
          1.0
        ]
      ]
    },
    {
      "file_path": "/media/NFS/ttao/scannet/posed_images/scene0617_00/00267.jpg",
      "transform_matrix": [
        [
          -0.06217,
          -0.338818,
          0.938796,
          2.031083
        ],
        [
          -0.994393,
          -0.059591,
          -0.087359,
          2.610552
        ],
        [
          0.085543,
          -0.938963,
          -0.333214,
          1.472863
        ],
        [
          0.0,
          0.0,
          0.0,
          1.0
        ]
      ]
    },
    {
      "file_path": "/media/NFS/ttao/scannet/posed_images/scene0617_00/00269.jpg",
      "transform_matrix": [
        [
          -0.06859,
          -0.337004,
          0.939002,
          2.030916
        ],
        [
          -0.994826,
          -0.047602,
          -0.089752,
          2.61847
        ],
        [
          0.074945,
          -0.940299,
          -0.331995,
          1.468215
        ],
        [
          0.0,
          0.0,
          0.0,
          1.0
        ]
      ]
    },
    {
      "file_path": "/media/NFS/ttao/scannet/posed_images/scene0617_00/00275.jpg",
      "transform_matrix": [
        [
          -0.103893,
          -0.351837,
          0.930278,
          2.032573
        ],
        [
          -0.993341,
          -0.010132,
          -0.114768,
          2.653948
        ],
        [
          0.049806,
          -0.936006,
          -0.348441,
          1.452194
        ],
        [
          0.0,
          0.0,
          0.0,
          1.0
        ]
      ]
    },
    {
      "file_path": "/media/NFS/ttao/scannet/posed_images/scene0617_00/00280.jpg",
      "transform_matrix": [
        [
          -0.134168,
          -0.372816,
          0.918154,
          2.007602
        ],
        [
          -0.990865,
          0.037719,
          -0.129478,
          2.688503
        ],
        [
          0.01364,
          -0.927138,
          -0.374471,
          1.419236
        ],
        [
          0.0,
          0.0,
          0.0,
          1.0
        ]
      ]
    },
    {
      "file_path": "/media/NFS/ttao/scannet/posed_images/scene0617_00/00281.jpg",
      "transform_matrix": [
        [
          -0.137297,
          -0.374619,
          0.916957,
          2.001477
        ],
        [
          -0.990515,
          0.046881,
          -0.129157,
          2.695049
        ],
        [
          0.005397,
          -0.925993,
          -0.377502,
          1.414401
        ],
        [
          0.0,
          0.0,
          0.0,
          1.0
        ]
      ]
    },
    {
      "file_path": "/media/NFS/ttao/scannet/posed_images/scene0617_00/00285.jpg",
      "transform_matrix": [
        [
          -0.137883,
          -0.425222,
          0.894525,
          1.967166
        ],
        [
          -0.990447,
          0.060662,
          -0.123832,
          2.731393
        ],
        [
          -0.001608,
          -0.903054,
          -0.429524,
          1.383786
        ],
        [
          0.0,
          0.0,
          0.0,
          1.0
        ]
      ]
    },
    {
      "file_path": "/media/NFS/ttao/scannet/posed_images/scene0617_00/00293.jpg",
      "transform_matrix": [
        [
          -0.128726,
          -0.585196,
          0.80061,
          1.886914
        ],
        [
          -0.99166,
          0.081143,
          -0.100133,
          2.80931
        ],
        [
          -0.006366,
          -0.806822,
          -0.59076,
          1.351375
        ],
        [
          0.0,
          0.0,
          0.0,
          1.0
        ]
      ]
    },
    {
      "file_path": "/media/NFS/ttao/scannet/posed_images/scene0617_00/00294.jpg",
      "transform_matrix": [
        [
          -0.125721,
          -0.602791,
          0.787932,
          1.878681
        ],
        [
          -0.992046,
          0.081316,
          -0.096079,
          2.819319
        ],
        [
          -0.006156,
          -0.793744,
          -0.60822,
          1.347709
        ],
        [
          0.0,
          0.0,
          0.0,
          1.0
        ]
      ]
    },
    {
      "file_path": "/media/NFS/ttao/scannet/posed_images/scene0617_00/00298.jpg",
      "transform_matrix": [
        [
          -0.083512,
          -0.657211,
          0.749065,
          1.842463
        ],
        [
          -0.996471,
          0.061403,
          -0.057221,
          2.862894
        ],
        [
          -0.008389,
          -0.751201,
          -0.66002,
          1.33139
        ],
        [
          0.0,
          0.0,
          0.0,
          1.0
        ]
      ]
    },
    {
      "file_path": "/media/NFS/ttao/scannet/posed_images/scene0617_00/00306.jpg",
      "transform_matrix": [
        [
          -0.003873,
          -0.675492,
          0.737358,
          1.791202
        ],
        [
          -0.998675,
          -0.035217,
          -0.037508,
          2.970641
        ],
        [
          0.051303,
          -0.736526,
          -0.674461,
          1.354353
        ],
        [
          0.0,
          0.0,
          0.0,
          1.0
        ]
      ]
    },
    {
      "file_path": "/media/NFS/ttao/scannet/posed_images/scene0617_00/00307.jpg",
      "transform_matrix": [
        [
          0.001784,
          -0.676914,
          0.73606,
          1.784128
        ],
        [
          -0.99779,
          -0.050096,
          -0.043651,
          2.985839
        ],
        [
          0.066422,
          -0.734356,
          -0.675507,
          1.356358
        ],
        [
          0.0,
          0.0,
          0.0,
          1.0
        ]
      ]
    },
    {
      "file_path": "/media/NFS/ttao/scannet/posed_images/scene0617_00/00311.jpg",
      "transform_matrix": [
        [
          0.018359,
          -0.659707,
          0.751299,
          1.76263
        ],
        [
          -0.994825,
          -0.087154,
          -0.052219,
          3.057894
        ],
        [
          0.099928,
          -0.746452,
          -0.657893,
          1.368194
        ],
        [
          0.0,
          0.0,
          0.0,
          1.0
        ]
      ]
    },
    {
      "file_path": "/media/NFS/ttao/scannet/posed_images/scene0617_00/00319.jpg",
      "transform_matrix": [
        [
          0.100749,
          -0.668397,
          0.73695,
          1.696957
        ],
        [
          -0.989348,
          -0.145531,
          0.003262,
          3.218023
        ],
        [
          0.105069,
          -0.729429,
          -0.67594,
          1.352459
        ],
        [
          0.0,
          0.0,
          0.0,
          1.0
        ]
      ]
    },
    {
      "file_path": "/media/NFS/ttao/scannet/posed_images/scene0617_00/00321.jpg",
      "transform_matrix": [
        [
          0.11778,
          -0.672784,
          0.730404,
          1.678846
        ],
        [
          -0.985974,
          -0.166816,
          0.005335,
          3.270626
        ],
        [
          0.118254,
          -0.720788,
          -0.682994,
          1.345417
        ],
        [
          0.0,
          0.0,
          0.0,
          1.0
        ]
      ]
    },
    {
      "file_path": "/media/NFS/ttao/scannet/posed_images/scene0617_00/00327.jpg",
      "transform_matrix": [
        [
          0.174369,
          -0.665789,
          0.72548,
          1.636091
        ],
        [
          -0.978425,
          -0.200064,
          0.051562,
          3.373923
        ],
        [
          0.110813,
          -0.718818,
          -0.68631,
          1.330559
        ],
        [
          0.0,
          0.0,
          0.0,
          1.0
        ]
      ]
    },
    {
      "file_path": "/media/NFS/ttao/scannet/posed_images/scene0617_00/00332.jpg",
      "transform_matrix": [
        [
          0.258374,
          -0.671406,
          0.694591,
          1.608709
        ],
        [
          -0.962309,
          -0.242049,
          0.12399,
          3.456847
        ],
        [
          0.084877,
          -0.700447,
          -0.70864,
          1.32217
        ],
        [
          0.0,
          0.0,
          0.0,
          1.0
        ]
      ]
    },
    {
      "file_path": "/media/NFS/ttao/scannet/posed_images/scene0617_00/00336.jpg",
      "transform_matrix": [
        [
          0.316174,
          -0.655342,
          0.685975,
          1.597212
        ],
        [
          -0.94283,
          -0.297371,
          0.15047,
          3.499314
        ],
        [
          0.105379,
