{
  "frames": [
    {
      "file_path": "/media/NFS/ttao/scannet/posed_images/scene0087_01/00000.jpg",
      "transform_matrix": [
        [
          -0.96491,
          0.1173,
          -0.234926,
          3.566339
        ],
        [
          0.262455,
          0.402889,
          -0.876811,
          3.207043
        ],
        [
          -0.008201,
          -0.907701,
          -0.419538,
          1.473611
        ],
        [
          0.0,
          0.0,
          0.0,
          1.0
        ]
      ]
    },
    {
      "file_path": "/media/NFS/ttao/scannet/posed_images/scene0087_01/00003.jpg",
      "transform_matrix": [
        [
          -0.957831,
          0.101899,
          -0.268658,
          3.605876
        ],
        [
          0.286173,
          0.422256,
          -0.860119,
          3.151125
        ],
        [
          0.025797,
          -0.900731,
          -0.43361,
          1.457038
        ],
        [
          0.0,
          0.0,
          0.0,
          1.0
        ]
      ]
    },
    {
      "file_path": "/media/NFS/ttao/scannet/posed_images/scene0087_01/00008.jpg",
      "transform_matrix": [
        [
          -0.95703,
          0.116099,
          -0.265734,
          3.640725
        ],
        [
          0.289636,
          0.42787,
          -0.856177,
          3.083386
        ],
        [
          0.014298,
          -0.896353,
          -0.443111,
          1.43255
        ],
        [
          0.0,
          0.0,
          0.0,
          1.0
        ]
      ]
    },
    {
      "file_path": "/media/NFS/ttao/scannet/posed_images/scene0087_01/00010.jpg",
      "transform_matrix": [
        [
          -0.955496,
          0.126513,
          -0.266498,
          3.663146
        ],
        [
          0.294943,
          0.42786,
          -0.854368,
          3.057338
        ],
        [
          0.005935,
          -0.894947,
          -0.446133,
          1.412097
        ],
        [
          0.0,
          0.0,
          0.0,
          1.0
        ]
      ]
    },
    {
      "file_path": "/media/NFS/ttao/scannet/posed_images/scene0087_01/00015.jpg",
      "transform_matrix": [
        [
          -0.942564,
          0.189948,
          -0.274759,
          3.690182
        ],
        [
          0.332046,
          0.443427,
          -0.832537,
          2.983623
        ],
        [
          -0.036303,
          -0.875952,
          -0.48103,
          1.396236
        ],
        [
          0.0,
          0.0,
          0.0,
          1.0
        ]
      ]
    },
    {
      "file_path": "/media/NFS/ttao/scannet/posed_images/scene0087_01/00018.jpg",
      "transform_matrix": [
        [
          -0.925714,
          0.213039,
          -0.312519,
          3.70602
        ],
        [
          0.377123,
          0.456902,
          -0.805617,
          2.955775
        ],
        [
          -0.028837,
          -0.863629,
          -0.503303,
          1.378596
        ],
        [
          0.0,
          0.0,
          0.0,
          1.0
        ]
      ]
    },
    {
      "file_path": "/media/NFS/ttao/scannet/posed_images/scene0087_01/00025.jpg",
      "transform_matrix": [
        [
          -0.79958,
          0.36325,
          -0.478249,
          3.805108
        ],
        [
          0.600376,
          0.463738,
          -0.651533,
          2.933027
        ],
        [
          -0.014887,
          -0.808082,
          -0.588882,
          1.339817
        ],
        [
          0.0,
          0.0,
          0.0,
          1.0
        ]
      ]
    },
    {
      "file_path": "/media/NFS/ttao/scannet/posed_images/scene0087_01/00026.jpg",
      "transform_matrix": [
        [
          -0.78329,
          0.379241,
          -0.492579,
          3.812991
        ],
        [
          0.621438,
          0.456662,
          -0.636612,
          2.932622
        ],
        [
          -0.016487,
          -0.804758,
          -0.593374,
          1.348073
        ],
        [
          0.0,
          0.0,
          0.0,
          1.0
        ]
      ]
    },
    {
      "file_path": "/media/NFS/ttao/scannet/posed_images/scene0087_01/00032.jpg",
      "transform_matrix": [
        [
          -0.712256,
          0.398389,
          -0.577908,
          3.837408
        ],
        [
          0.701854,
          0.392996,
          -0.5941,
          2.962375
        ],
        [
          -0.009567,
          -0.828758,
          -0.559525,
          1.390444
        ],
        [
          0.0,
          0.0,
          0.0,
          1.0
        ]
      ]
    },
    {
      "file_path": "/media/NFS/ttao/scannet/posed_images/scene0087_01/00035.jpg",
      "transform_matrix": [
        [
          -0.706958,
          0.398927,
          -0.584011,
          3.841439
        ],
        [
          0.707157,
          0.38491,
          -0.593105,
          2.987573
        ],
        [
          -0.011814,
          -0.832287,
          -0.554219,
          1.391211
        ],
        [
          0.0,
          0.0,
          0.0,
          1.0
        ]
      ]
    },
    {
      "file_path": "/media/NFS/ttao/scannet/posed_images/scene0087_01/00040.jpg",
      "transform_matrix": [
        [
          -0.690225,
          0.412499,
          -0.594502,
          3.830548
        ],
        [
          0.72344,
          0.376418,
          -0.578744,
          3.033034
        ],
        [
          -0.01495,
          -0.829551,
          -0.558232,
          1.388384
        ],
        [
          0.0,
          0.0,
          0.0,
          1.0
        ]
      ]
    },
    {
      "file_path": "/media/NFS/ttao/scannet/posed_images/scene0087_01/00041.jpg",
      "transform_matrix": [
        [
          -0.686088,
          0.416056,
          -0.596809,
          3.825812
        ],
        [
          0.727397,
          0.377305,
          -0.573179,
          3.048625
        ],
        [
          -0.013296,
          -0.827369,
          -0.561502,
          1.381757
        ],
        [
          0.0,
          0.0,
          0.0,
          1.0
        ]
      ]
    },
    {
      "file_path": "/media/NFS/ttao/scannet/posed_images/scene0087_01/00048.jpg",
      "transform_matrix": [
        [
          -0.711923,
          0.394128,
          -0.581231,
          3.768735
        ],
        [
          0.702243,
          0.404916,
          -0.585575,
          3.141444
        ],
        [
          0.004559,
          -0.825049,
          -0.565043,
          1.404392
        ],
        [
          0.0,
          0.0,
          0.0,
          1.0
        ]
      ]
    },
    {
      "file_path": "/media/NFS/ttao/scannet/posed_images/scene0087_01/00051.jpg",
      "transform_matrix": [
        [
          -0.740049,
          0.363785,
          -0.565675,
          3.747294
        ],
        [
          0.672484,
          0.412311,
          -0.614626,
          3.189389
        ],
        [
          0.009642,
          -0.835261,
          -0.54977,
          1.418392
        ],
        [
          0.0,
          0.0,
          0.0,
          1.0
        ]
      ]
    },
    {
      "file_path": "/media/NFS/ttao/scannet/posed_images/scene0087_01/00053.jpg",
      "transform_matrix": [
        [
          -0.756354,
          0.354667,
          -0.549673,
          3.726818
        ],
        [
          0.654155,
          0.406045,
          -0.638128,
          3.218369
        ],
        [
          -0.003131,
          -0.842222,
          -0.539121,
          1.425403
        ],
        [
          0.0,
          0.0,
          0.0,
          1.0
        ]
      ]
    },
    {
      "file_path": "/media/NFS/ttao/scannet/posed_images/scene0087_01/00059.jpg",
      "transform_matrix": [
        [
          -0.762988,
          0.36765,
          -0.53168,
          3.631015
        ],
        [
          0.645725,
          0.395563,
          -0.653123,
          3.296137
        ],
        [
          -0.029808,
          -0.841644,
          -0.53921,
          1.429605
        ],
        [
          0.0,
          0.0,
          0.0,
          1.0
        ]
      ]
    },
    {
      "file_path": "/media/NFS/ttao/scannet/posed_images/scene0087_01/00060.jpg",
      "transform_matrix": [
        [
          -0.767154,
          0.36977,
          -0.524161,
          3.611799
        ],
        [
          0.640299,
          0.392222,
          -0.660439,
          3.306487
        ],
        [
          -0.038623,
          -0.842278,
          -0.537658,
          1.43089
        ],
        [
          0.0,
          0.0,
          0.0,
          1.0
        ]
      ]
    },
    {
      "file_path": "/media/NFS/ttao/scannet/posed_images/scene0087_01/00066.jpg",
      "transform_matrix": [
        [
          -0.775638,
          0.350645,
          -0.524818,
          3.492696
        ],
        [
          0.630872,
          0.404809,
          -0.661914,
          3.353555
        ],
        [
          -0.019645,
          -0.844499,
          -0.535197,
          1.425279
        ],
        [
          0.0,
          0.0,
          0.0,
          1.0
        ]
      ]
    },
    {
      "file_path": "/media/NFS/ttao/scannet/posed_images/scene0087_01/00068.jpg",
      "transform_matrix": [
        [
          -0.786324,
          0.333325,
          -0.520182,
          3.4571
        ],
        [
          0.617811,
          0.421747,
          -0.663656,
          3.36429
        ],
        [
          -0.001828,
          -0.843223,
          -0.537561,
          1.426411
        ],
        [
          0.0,
          0.0,
          0.0,
          1.0
        ]
      ]
    },
    {
      "file_path": "/media/NFS/ttao/scannet/posed_images/scene0087_01/00074.jpg",
      "transform_matrix": [
        [
          -0.814853,
          0.305562,
          -0.492592,
          3.329955
        ],
        [
          0.579597,
          0.442726,
          -0.68415,
          3.39085
        ],
        [
          0.009033,
          -0.842986,
          -0.53786,
          1.444636
        ],
        [
          0.0,
          0.0,
          0.0,
          1.0
        ]
      ]
    },
    {
      "file_path": "/media/NFS/ttao/scannet/posed_images/scene0087_01/00076.jpg",
      "transform_matrix": [
        [
          -0.822091,
          0.299501,
          -0.484216,
          3.29969
        ],
        [
          0.569355,
          0.431305,
          -0.699865,
          3.398001
        ],
        [
          -0.000766,
          -0.851044,
          -0.525094,
          1.454245
        ],
        [
          0.0,
          0.0,
          0.0,
          1.0
        ]
      ]
    },
    {
      "file_path": "/media/NFS/ttao/scannet/posed_images/scene0087_01/00082.jpg",
      "transform_matrix": [
        [
          -0.878236,
          0.262484,
          -0.399753,
          3.212137
        ],
        [
          0.477156,
          0.425043,
          -0.769195,
          3.425818
        ],
        [
          -0.031989,
          -0.86628,
          -0.498534,
          1.458886
        ],
        [
          0.0,
          0.0,
          0.0,
          1.0
        ]
      ]
    },
    {
      "file_path": "/media/NFS/ttao/scannet/posed_images/scene0087_01/00085.jpg",
      "transform_matrix": [
        [
          -0.897938,
          0.257331,
          -0.357054,
          3.163292
        ],
        [
          0.438097,
          0.444877,
          -0.781124,
          3.432475
        ],
        [
          -0.042163,
          -0.857826,
          -0.512208,
          1.4543
        ],
        [
          0.0,
          0.0,
          0.0,
          1.0
        ]
      ]
    },
    {
      "file_path": "/media/NFS/ttao/scannet/posed_images/scene0087_01/00086.jpg",
      "transform_matrix": [
        [
          -0.900547,
          0.255443,
          -0.351801,
          3.153742
        ],
        [
          0.43287,
          0.451484,
          -0.780247,
          3.428456
        ],
        [
          -0.040477,
          -0.854933,
          -0.517156,
          1.456164
        ],
        [
          0.0,
          0.0,
          0.0,
          1.0
        ]
      ]
    },
    {
      "file_path": "/media/NFS/ttao/scannet/posed_images/scene0087_01/00093.jpg",
      "transform_matrix": [
        [
          -0.932906,
          0.200126,
          -0.299391,
          3.056836
        ],
        [
          0.359378,
          0.464092,
          -0.809609,
          3.423985
        ],
        [
          -0.023079,
          -0.862884,
          -0.504875,
          1.473969
        ],
        [
          0.0,
          0.0,
          0.0,
          1.0
        ]
      ]
    },
    {
      "file_path": "/media/NFS/ttao/scannet/posed_images/scene0087_01/00096.jpg",
      "transform_matrix": [
        [
          -0.943508,
          0.190031,
          -0.271441,
          3.024421
        ],
        [
          0.329506,
          0.451825,
          -0.829024,
          3.423343
        ],
        [
          -0.034896,
          -0.871632,
          -0.488917,
          1.471457
        ],
        [
          0.0,
          0.0,
          0.0,
          1.0
        ]
      ]
    },
    {
      "file_path": "/media/NFS/ttao/scannet/posed_images/scene0087_01/00100.jpg",
      "transform_matrix": [
        [
          -0.956719,
          0.190193,
          -0.22026,
          2.963391
        ],
        [
          0.283673,
          0.440592,
          -0.851709,
          3.406773
        ],
        [
          -0.064944,
          -0.877328,
          -0.475476,
          1.474846
        ],
        [
          0.0,
          0.0,
          0.0,
          1.0
        ]
      ]
    },
    {
      "file_path": "/media/NFS/ttao/scannet/posed_images/scene0087_01/00101.jpg",
      "transform_matrix": [
        [
          -0.957907,
          0.18916,
          -0.215946,
          2.950151
        ],
        [
          0.279419,
          0.441738,
          -0.852522,
          3.398243
        ],
        [
          -0.065871,
          -0.876976,
          -0.475999,
          1.477339
        ],
        [
          0.0,
          0.0,
          0.0,
          1.0
        ]
      ]
    },
    {
      "file_path": "/media/NFS/ttao/scannet/posed_images/scene0087_01/00106.jpg",
      "transform_matrix": [
        [
          -0.958529,
          0.178163,
          -0.222441,
          2.902845
        ],
        [
          0.277391,
          0.404141,
          -0.871622,
          3.346975
        ],
        [
          -0.065393,
          -0.897178,
          -0.436802,
          1.489404
        ],
        [
          0.0,
          0.0,
          0.0,
          1.0
        ]
      ]
    },
    {
      "file_path": "/media/NFS/ttao/scannet/posed_images/scene0087_01/00111.jpg",
      "transform_matrix": [
        [
          -0.959135,
          0.152447,
          -0.23837,
          2.875816
        ],
        [
          0.27858,
          0.361299,
          -0.889863,
          3.288846
        ],
        [
          -0.049534,
          -0.919904,
          -0.389003,
          1.505527
        ],
        [
          0.0,
          0.0,
          0.0,
          1.0
        ]
      ]
    },
    {
      "file_path": "/media/NFS/ttao/scannet/posed_images/scene0087_01/00116.jpg",
      "transform_matrix": [
        [
          -0.968797,
          0.121341,
          -0.216124,
          2.859036
        ],
        [
          0.244413,
          0.322838,
          -0.914351,
          3.244334
        ],
        [
          -0.041176,
          -0.938644,
          -0.342421,
          1.515392
        ],
        [
          0.0,
          0.0,
          0.0,
          1.0
        ]
      ]
    },
    {
      "file_path": "/media/NFS/ttao/scannet/posed_images/scene0087_01/00118.jpg",
      "transform_matrix": [
        [
          -0.9683,
          0.11482,
          -0.221839,
          2.852169
        ],
        [
          0.247182,
          0.312383,
          -0.917234,
          3.232903
        ],
        [
          -0.036018,
          -0.942991,
          -0.330862,
          1.519409
        ],
        [
          0.0,
          0.0,
          0.0,
          1.0
        ]
      ]
    },
    {
      "file_path": "/media/NFS/ttao/scannet/posed_images/scene0087_01/00122.jpg",
      "transform_matrix": [
        [
          -0.964303,
          0.116628,
          -0.237736,
          2.818665
        ],
        [
          0.262576,
          0.304967,
          -0.91545,
          3.220815
        ],
        [
          -0.034265,
          -0.945195,
          -0.324704,
          1.53446
        ],
        [
          0.0,
          0.0,
          0.0,
          1.0
        ]
      ]
    },
    {
      "file_path": "/media/NFS/ttao/scannet/posed_images/scene0087_01/00124.jpg",
      "transform_matrix": [
        [
          -0.964106,
          0.116872,
          -0.238411,
          2.80805
        ],
        [
          0.26312,
          0.300168,
          -0.916879,
          3.221743
        ],
        [
          -0.035595,
          -0.9467,
          -0.320145,
          1.536947
        ],
        [
          0.0,
          0.0,
          0.0,
          1.0
        ]
      ]
    },
    {
      "file_path": "/media/NFS/ttao/scannet/posed_images/scene0087_01/00128.jpg",
      "transform_matrix": [
        [
          -0.971744,
          0.110658,
          -0.208492,
          2.79176
        ],
        [
          0.232112,
          0.287555,
          -0.929213,
          3.233786
        ],
        [
          -0.042872,
          -0.95135,
          -0.305115,
          1.551829
        ],
        [
          0.0,
          0.0,
          0.0,
          1.0
        ]
      ]
    },
    {
      "file_path": "/media/NFS/ttao/scannet/posed_images/scene0087_01/00134.jpg",
      "transform_matrix": [
        [
          -0.96766,
          0.134993,
          -0.213099,
          2.760192
        ],
        [
          0.240936,
          0.244343,
          -0.93928,
          3.258809
        ],
        [
          -0.074727,
          -0.960247,
          -0.268965,
          1.571481
        ],
        [
          0.0,
          0.0,
          0.0,
          1.0
        ]
      ]
    },
    {
      "file_path": "/media/NFS/ttao/scannet/posed_images/scene0087_01/00139.jpg",
      "transform_matrix": [
        [
          -0.944107,
          0.168851,
          -0.28311,
          2.737133
        ],
        [
          0.317894,
          0.239153,
          -0.917469,
          3.265925
        ],
        [
          -0.087209,
          -0.956188,
          -0.279463,
          1.569753
        ],
        [
          0.0,
          0.0,
          0.0,
          1.0
        ]
      ]
    },
    {
      "file_path": "/media/NFS/ttao/scannet/posed_images/scene0087_01/00140.jpg",
      "transform_matrix": [
        [
          -0.935704,
          0.178494,
          -0.304299,
          2.74294
        ],
        [
          0.341237,
          0.239028,
          -0.909078,
          3.262476
        ],
        [
          -0.089529,
          -0.954466,
          -0.284568,
          1.571015
        ],
        [
          0.0,
          0.0,
          0.0,
          1.0
        ]
      ]
    },
    {
      "file_path": "/media/NFS/ttao/scannet/posed_images/scene0087_01/00146.jpg",
      "transform_matrix": [
        [
          -0.906936,
          0.190944,
          -0.37551,
          2.765626
        ],
        [
          0.415584,
          0.259594,
          -0.871723,
          3.257309
        ],
        [
          -0.06897,
          -0.946653,
          -0.314788,
          1.546437
        ],
        [
          0.0,
          0.0,
          0.0,
          1.0
        ]
      ]
    },
    {
      "file_path": "/media/NFS/ttao/scannet/posed_images/scene0087_01/00147.jpg",
      "transform_matrix": [
        [
          -0.899835,
          0.197103,
          -0.389162,
          2.770951
        ],
        [
          0.430812,
          0.261357,
          -0.863767,
          3.25412
        ],
        [
          -0.068541,
          -0.944904,
          -0.320092,
          1.543968
        ],
        [
          0.0,
          0.0,
          0.0,
          1.0
        ]
      ]
    },
    {
      "file_path": "/media/NFS/ttao/scannet/posed_images/scene0087_01/00153.jpg",
      "transform_matrix": [
        [
          -0.843461,
          0.245623,
          -0.477748,
          2.826755
        ],
        [
          0.533053,
          0.272521,
          -0.800991,
          3.221073
        ],
        [
          -0.066546,
          -0.93027,
          -0.360791,
          1.509671
        ],
        [
          0.0,
          0.0,
          0.0,
          1.0
        ]
      ]
    },
    {
      "file_path": "/media/NFS/ttao/scannet/posed_images/scene0087_01/00155.jpg",
      "transform_matrix": [
        [
          -0.836568,
          0.249877,
          -0.487561,
          2.844644
        ],
        [
          0.544581,
          0.28199,
          -0.789882,
          3.212514
        ],
        [
          -0.059886,
          -0.926306,
          -0.371983,
          1.496819
        ],
        [
          0.0,
          0.0,
          0.0,
          1.0
        ]
      ]
    },
    {
      "file_path": "/media/NFS/ttao/scannet/posed_images/scene0087_01/00160.jpg",
      "transform_matrix": [
        [
          -0.816915,
          0.26763,
          -0.510906,
          2.888273
        ],
        [
          0.575145,
          0.311789,
          -0.756305,
          3.18839
        ],
        [
          -0.043115,
          -0.911681,
          -0.408631,
          1.484125
        ],
        [
          0.0,
          0.0,
          0.0,
          1.0
        ]
      ]
    },
    {
      "file_path": "/media/NFS/ttao/scannet/posed_images/scene0087_01/00165.jpg",
      "transform_matrix": [
        [
          -0.794966,
          0.287064,
          -0.534437,
          2.911519
        ],
        [
          0.60567,
          0.325408,
          -0.726136,
          3.172818
        ],
        [
          -0.034537,
          -0.900946,
          -0.432554,
          1.476874
        ],
        [
          0.0,
          0.0,
          0.0,
          1.0
        ]
      ]
    },
    {
      "file_path": "/media/NFS/ttao/scannet/posed_images/scene0087_01/00168.jpg",
      "transform_matrix": [
        [
          -0.782211,
          0.279115,
          -0.556992,
          2.9214
        ],
        [
          0.622872,
          0.331302,
          -0.708711,
          3.162578
        ],
        [
          -0.01328,
          -0.901296,
          -0.433001,
          1.474977
        ],
        [
          0.0,
          0.0,
          0.0,
          1.0
        ]
      ]
    },
    {
      "file_path": "/media/NFS/ttao/scannet/posed_images/scene0087_01/00169.jpg",
      "transform_matrix": [
        [
          -0.778148,
          0.277156,
          -0.563622,
          2.923519
        ],
        [
          0.628044,
          0.333658,
          -0.703017,
          3.159497
        ],
        [
          -0.006788,
          -0.901031,
          -0.433701,
          1.476614
        ],
        [
          0.0,
          0.0,
          0.0,
          1.0
        ]
      ]
    },
    {
      "file_path": "/media/NFS/ttao/scannet/posed_images/scene0087_01/00176.jpg",
      "transform_matrix": [
        [
          -0.759196,
          0.275094,
          -0.589869,
          2.939325
        ],
        [
          0.650633,
          0.344832,
          -0.676585,
          3.157794
        ],
        [
          0.017282,
          -0.897449,
          -0.44078,
          1.460908
        ],
        [
          0.0,
          0.0,
          0.0,
          1.0
        ]
      ]
    },
    {
      "file_path": "/media/NFS/ttao/scannet/posed_images/scene0087_01/00179.jpg",
      "transform_matrix": [
        [
          -0.759329,
          0.280786,
          -0.587009,
          2.933224
        ],
        [
          0.650301,
          0.359306,
          -0.669334,
          3.156984
        ],
        [
          0.022977,
          -0.889977,
          -0.455427,
          1.455874
        ],
        [
          0.0,
          0.0,
          0.0,
          1.0
        ]
      ]
    },
    {
      "file_path": "/media/NFS/ttao/scannet/posed_images/scene0087_01/00184.jpg",
      "transform_matrix": [
        [
          -0.770353,
          0.294356,
          -0.565607,
          2.903014
        ],
        [
          0.637605,
          0.361221,
          -0.680426,
          3.175106
        ],
        [
          0.004022,
          -0.884802,
          -0.46595,
          1.445652
        ],
        [
          0.0,
          0.0,
          0.0,
          1.0
        ]
      ]
    },
    {
      "file_path": "/media/NFS/ttao/scannet/posed_images/scene0087_01/00188.jpg",
      "transform_matrix": [
        [
          -0.779365,
          0.291593,
          -0.554584,
          2.850994
        ],
        [
          0.626483,
          0.347935,
          -0.697467,
          3.216232
        ],
        [
          -0.010417,
          -0.891019,
          -0.453847,
          1.445878
        ],
        [
          0.0,
          0.0,
          0.0,
          1.0
        ]
      ]
    },
    {
      "file_path": "/media/NFS/ttao/scannet/posed_images/scene0087_01/00189.jpg",
      "transform_matrix": [
        [
          -0.783609,
          0.293055,
          -0.547792,
          2.833433
        ],
        [
          0.62104,
          0.346346,
          -0.703103,
          3.228146
        ],
        [
          -0.016322,
          -0.891158,
          -0.453399,
          1.447201
        ],
        [
          0.0,
          0.0,
          0.0,
          1.0
        ]
      ]
    },
    {
      "file_path": "/media/NFS/ttao/scannet/posed_images/scene0087_01/00196.jpg",
      "transform_matrix": [
        [
          -0.853131,
          0.25216,
          -0.45671,
          2.694355
        ],
        [
          0.52141,
          0.383073,
          -0.762488,
          3.34721
        ],
        [
          -0.017316,
          -0.888634,
          -0.45829,
          1.440597
        ],
        [
          0.0,
          0.0,
          0.0,
          1.0
        ]
      ]
    },
    {
      "file_path": "/media/NFS/ttao/scannet/posed_images/scene0087_01/00197.jpg",
      "transform_matrix": [
        [
          -0.863356,
          0.244409,
          -0.441453,
          2.675526
        ],
        [
          0.504292,
          0.387612,
          -0.771651,
          3.364639
        ],
        [
          -0.017486,
          -0.888831,
          -0.457901,
          1.439295
        ],
        [
          0.0,
          0.0,
          0.0,
          1.0
        ]
      ]
    },
    {
      "file_path": "/media/NFS/ttao/scannet/posed_images/scene0087_01/00200.jpg",
      "transform_matrix": [
        [
          -0.888333,
          0.242876,
          -0.389711,
          2.610554
        ],
        [
          0.458196,
          0.412749,
          -0.787207,
          3.406212
        ],
        [
          -0.03034,
          -0.877867,
          -0.477943,
          1.451231
        ],
        [
          0.0,
          0.0,
          0.0,
          1.0
        ]
      ]
    },
    {
      "file_path": "/media/NFS/ttao/scannet/posed_images/scene0087_01/00204.jpg",
      "transform_matrix": [
        [
          -0.926969,
          0.200794,
          -0.316877,
          2.544485
        ],
        [
          0.373639,
          0.418732,
          -0.827682,
          3.44676
        ],
        [
          -0.033507,
          -0.885633,
          -0.463176,
          1.457661
        ],
        [
          0.0,
          0.0,
          0.0,
          1.0
        ]
      ]
    },
    {
      "file_path": "/media/NFS/ttao/scannet/posed_images/scene0087_01/00208.jpg",
      "transform_matrix": [
        [
          -0.968621,
          0.123597,
          -0.215632,
          2.47846
        ],
        [
          0.247654,
          0.406676,
          -0.879365,
          3.496586
        ],
        [
          -0.020994,
          -0.905173,
          -0.424524,
          1.446805
        ],
        [
          0.0,
          0.0,
          0.0,
          1.0
        ]
      ]
    },
    {
      "file_path": "/media/NFS/ttao/scannet/posed_images/scene0087_01/00213.jpg",
      "transform_matrix": [
        [
          -0.99169,
          0.050549,
          -0.118306,
          2.36693
        ],
        [
          0.128506,
          0.433145,
          -0.892116,
          3.53845
        ],
        [
          0.006148,
          -0.899906,
          -0.436042,
          1.420964
        ],
        [
          0.0,
          0.0,
          0.0,
          1.0
        ]
      ]
    },
    {
      "file_path": "/media/NFS/ttao/scannet/posed_images/scene0087_01/00217.jpg",
      "transform_matrix": [
        [
          -0.997899,
          0.032206,
          -0.056214,
          2.272368
        ],
        [
          0.064731,
          0.459772,
          -0.885675,
          3.559199
        ],
        [
          -0.002678,
          -0.887453,
          -0.460891,
          1.427005
        ],
        [
          0.0,
          0.0,
          0.0,
          1.0
        ]
      ]
    },
    {
      "file_path": "/media/NFS/ttao/scannet/posed_images/scene0087_01/00219.jpg",
      "transform_matrix": [
        [
          -0.998684,
          0.036237,
          -0.036285,
          2.227761
        ],
        [
          0.049135,
          0.47365,
          -0.879341,
          3.566595
        ],
        [
          -0.014678,
          -0.879967,
          -0.474808,
          1.428981
        ],
        [
          0.0,
          0.0,
          0.0,
          1.0
        ]
      ]
    },
    {
      "file_path": "/media/NFS/ttao/scannet/posed_images/scene0087_01/00225.jpg",
      "transform_matrix": [
        [
          -0.999005,
          0.022765,
          0.038339,
          2.103635
        ],
        [
          -0.023511,
          0.461656,
          -0.886748,
          3.556632
        ],
        [
          -0.037886,
          -0.886767,
          -0.460661,
          1.444723
        ],
        [
          0.0,
          0.0,
          0.0,
          1.0
        ]
      ]
    },
    {
      "file_path": "/media/NFS/ttao/scannet/posed_images/scene0087_01/00226.jpg",
      "transform_matrix": [
        [
          -0.998623,
          0.021982,
          0.047626,
          2.08571
        ],
        [
          -0.032156,
          0.46079,
          -0.886927,
          3.554075
        ],
        [
          -0.041442,
          -0.887237,
          -0.459449,
          1.439622
        ],
        [
          0.0,
          0.0,
          0.0,
          1.0
        ]
      ]
    },
    {
      "file_path": "/media/NFS/ttao/scannet/posed_images/scene0087_01/00233.jpg",
      "transform_matrix": [
        [
          -0.99329,
          -0.013676,
          0.11484,
          1.926594
        ],
        [
          -0.108061,
          0.463568,
          -0.879447,
          3.505558
        ],
        [
          -0.041209,
          -0.885956,
          -0.461935,
          1.423385
        ],
        [
          0.0,
          0.0,
          0.0,
          1.0
        ]
      ]
    },
    {
      "file_path": "/media/NFS/ttao/scannet/posed_images/scene0087_01/00234.jpg",
      "transform_matrix": [
        [
          -0.991931,
          -0.023556,
          0.124574,
          1.905528
        ],
        [
          -0.120906,
          0.471434,
          -0.873575,
          3.496345
        ],
        [
          -0.038151,
          -0.881587,
          -0.470477,
          1.421145
        ],
        [
          0.0,
          0.0,
          0.0,
          1.0
        ]
      ]
    },
    {
      "file_path": "/media/NFS/ttao/scannet/posed_images/scene0087_01/00241.jpg",
      "transform_matrix": [
        [
          -0.974666,
          -0.06963,
          0.212553,
          1.776152
        ],
        [
          -0.219801,
          0.474111,
          -0.852588,
          3.407881
        ],
        [
          -0.041408,
          -0.877708,
          -0.477404,
          1.422533
        ],
        [
          0.0,
          0.0,
          0.0,
          1.0
        ]
      ]
    },
    {
      "file_path": "/media/NFS/ttao/scannet/posed_images/scene0087_01/00242.jpg",
      "transform_matrix": [
        [
          -0.970488,
          -0.074777,
          0.229262,
          1.757867
        ],
        [
          -0.236733,
          0.476539,
          -0.846681,
          3.391997
        ],
        [
          -0.04594,
          -0.875968,
          -0.480177,
          1.425081
        ],
        [
          0.0,
          0.0,
          0.0,
          1.0
        ]
      ]
    },
    {
      "file_path": "/media/NFS/ttao/scannet/posed_images/scene0087_01/00246.jpg",
      "transform_matrix": [
        [
          -0.9573,
          -0.078891,
          0.278125,
          1.691018
        ],
        [
          -0.282602,
          0.458155,
          -0.842752,
          3.336442
        ],
        [
          -0.060939,
          -0.885365,
          -0.460886,
          1.41819
        ],
        [
          0.0,
          0.0,
          0.0,
          1.0
        ]
      ]
    },
    {
      "file_path": "/media/NFS/ttao/scannet/posed_images/scene0087_01/00251.jpg",
      "transform_matrix": [
        [
          -0.944018,
          -0.10867,
          0.31148,
          1.583981
        ],
        [
          -0.325872,
          0.454152,
          -0.829189,
          3.239553
        ],
        [
          -0.051351,
          -0.884272,
          -0.46414,
          1.399215
        ],
        [
          0.0,
          0.0,
          0.0,
          1.0
        ]
      ]
    },
    {
      "file_path": "/media/NFS/ttao/scannet/posed_images/scene0087_01/00256.jpg",
      "transform_matrix": [
        [
          -0.905794,
          -0.126534,
          0.404384,
          1.494356
        ],
        [
          -0.418169,
          0.420909,
          -0.804966,
          3.159317
        ],
        [
          -0.068353,
          -0.898234,
          -0.434169,
          1.406539
        ],
        [
          0.0,
          0.0,
          0.0,
          1.0
        ]
      ]
    },
    {
      "file_path": "/media/NFS/ttao/scannet/posed_images/scene0087_01/00258.jpg",
      "transform_matrix": [
        [
          -0.889867,
          -0.124637,
          0.438865,
          1.457067
        ],
        [
          -0.448535,
          0.414835,
          -0.791661,
          3.124547
        ],
        [
          -0.083386,
          -0.90132,
          -0.425052,
          1.412447
        ],
        [
          0.0,
          0.0,
          0.0,
          1.0
        ]
      ]
    },
    {
      "file_path": "/media/NFS/ttao/scannet/posed_images/scene0087_01/00264.jpg",
      "transform_matrix": [
        [
          -0.863743,
          -0.112847,
          0.491135,
          1.29188
        ],
        [
          -0.491651,
          0.402566,
          -0.772153,
          2.964992
        ],
        [
          -0.110579,
          -0.908409,
          -0.403195,
          1.36537
        ],
        [
          0.0,
          0.0,
          0.0,
          1.0
        ]
      ]
    },
    {
      "file_path": "/media/NFS/ttao/scannet/posed_images/scene0087_01/00266.jpg",
      "transform_matrix": [
        [
          -0.861696,
          -0.116769,
          0.493806,
          1.256289
        ],
        [
          -0.495057,
          0.407007,
          -0.767635,
          2.92249
        ],
        [
          -0.111347,
          -0.905931,
          -0.408524,
          1.360341
        ],
        [
          0.0,
          0.0,
          0.0,
          1.0
        ]
      ]
    },
    {
      "file_path": "/media/NFS/ttao/scannet/posed_images/scene0087_01/00268.jpg",
      "transform_matrix": [
        [
          -0.856182,
          -0.120992,
          0.502308,
          1.233881
        ],
        [
          -0.5049,
          0.402301,
          -0.763695,
          2.894524
        ],
        [
          -0.109678,
          -0.907477,
          -0.405532,
          1.3458
        ],
        [
          0.0,
          0.0,
          0.0,
          1.0
        ]
      ]
    },
    {
      "file_path": "/media/NFS/ttao/scannet/posed_images/scene0087_01/00273.jpg",
      "transform_matrix": [
        [
          -0.839195,
          -0.134427,
          0.526955,
          1.186257
        ],
        [
          -0.532773,
          0.397624,
          -0.747026,
          2.830678
        ],
        [
          -0.109109,
          -0.907648,
          -0.405303,
          1.321016
        ],
        [
          0.0,
          0.0,
          0.0,
          1.0
        ]
      ]
    },
    {
      "file_path": "/media/NFS/ttao/scannet/posed_images/scene0087_01/00279.jpg",
      "transform_matrix": [
        [
          -0.826338,
          -0.140549,
          0.545355,
          1.143893
        ],
        [
          -0.549713,
          0.411756,
          -0.726823,
          2.7755
        ],
        [
          -0.122399,
          -0.90039,
          -0.417511,
          1.289288
        ],
        [
          0.0,
          0.0,
          0.0,
          1.0
        ]
      ]
    },
    {
      "file_path": "/media/NFS/ttao/scannet/posed_images/scene0087_01/00281.jpg",
      "transform_matrix": [
        [
          -0.81796,
          -0.141093,
          0.557704,
          1.130276
        ],
        [
          -0.56023,
          0.415634,
          -0.716513,
          2.760148
        ],
        [
          -0.130706,
          -0.898522,
          -0.419016,
          1.28344
        ],
        [
          0.0,
          0.0,
          0.0,
          1.0
        ]
      ]
    },
    {
      "file_path": "/media/NFS/ttao/scannet/posed_images/scene0087_01/00283.jpg",
      "transform_matrix": [
        [
          -0.813276,
          -0.137555,
          0.565386,
          1.119245
        ],
        [
          -0.565853,
          0.41343,
          -0.713363,
          2.750052
        ],
        [
          -0.135621,
          -0.900086,
          -0.414069,
          1.280486
        ],
        [
          0.0,
          0.0,
          0.0,
          1.0
        ]
      ]
    },
    {
      "file_path": "/media/NFS/ttao/scannet/posed_images/scene0087_01/00289.jpg",
      "transform_matrix": [
        [
          -0.826729,
          -0.129997,
          0.547375,
          1.100173
        ],
        [
          -0.548548,
          0.402347,
          -0.732947,
          2.742791
        ],
        [
          -0.124954,
          -0.906211,
          -0.403942,
          1.276986
        ],
        [
          0.0,
          0.0,
          0.0,
          1.0
        ]
      ]
    },
    {
      "file_path": "/media/NFS/ttao/scannet/posed_images/scene0087_01/00293.jpg",
      "transform_matrix": [
        [
          -0.815336,
          -0.132398,
          0.563647,
          1.096347
        ],
        [
          -0.565825,
          0.388609,
          -0.727204,
          2.74839
        ],
        [
          -0.122758,
