{
  "frames": [
    {
      "file_path": "/media/NFS/ttao/scannet/posed_images/scene0636_00/00000.jpg",
      "transform_matrix": [
        [
          0.322983,
          -0.897929,
          0.299006,
          0.358211
        ],
        [
          -0.946161,
          -0.299195,
          0.123536,
          0.73114
        ],
        [
          -0.021466,
          -0.322808,
          -0.946221,
          1.784089
        ],
        [
          0.0,
          0.0,
          0.0,
          1.0
        ]
      ]
    },
    {
      "file_path": "/media/NFS/ttao/scannet/posed_images/scene0636_00/00001.jpg",
      "transform_matrix": [
        [
          0.326176,
          -0.896625,
          0.299453,
          0.356351
        ],
        [
          -0.945082,
          -0.302365,
          0.124075,
          0.730662
        ],
        [
          -0.020704,
          -0.323478,
          -0.946009,
          1.783672
        ],
        [
          0.0,
          0.0,
          0.0,
          1.0
        ]
      ]
    },
    {
      "file_path": "/media/NFS/ttao/scannet/posed_images/scene0636_00/00002.jpg",
      "transform_matrix": [
        [
          0.337768,
          -0.889167,
          0.3087,
          0.352774
        ],
        [
          -0.941163,
          -0.315166,
          0.121997,
          0.728001
        ],
        [
          -0.011184,
          -0.331743,
          -0.943304,
          1.782679
        ],
        [
          0.0,
          0.0,
          0.0,
          1.0
        ]
      ]
    },
    {
      "file_path": "/media/NFS/ttao/scannet/posed_images/scene0636_00/00003.jpg",
      "transform_matrix": [
        [
          0.341439,
          -0.886853,
          0.311306,
          0.352246
        ],
        [
          -0.939872,
          -0.319406,
          0.120917,
          0.727899
        ],
        [
          -0.007803,
          -0.333873,
          -0.942586,
          1.78202
        ],
        [
          0.0,
          0.0,
          0.0,
          1.0
        ]
      ]
    },
    {
      "file_path": "/media/NFS/ttao/scannet/posed_images/scene0636_00/00004.jpg",
      "transform_matrix": [
        [
          0.34591,
          -0.884358,
          0.313461,
          0.350284
        ],
        [
          -0.938249,
          -0.323948,
          0.121432,
          0.727561
        ],
        [
          -0.005845,
          -0.336109,
          -0.941805,
          1.78121
        ],
        [
          0.0,
          0.0,
          0.0,
          1.0
        ]
      ]
    },
    {
      "file_path": "/media/NFS/ttao/scannet/posed_images/scene0636_00/00005.jpg",
      "transform_matrix": [
        [
          0.35141,
          -0.88222,
          0.313367,
          0.349251
        ],
        [
          -0.936203,
          -0.329047,
          0.123495,
          0.72805
        ],
        [
          -0.005837,
          -0.336773,
          -0.941568,
          1.780776
        ],
        [
          0.0,
          0.0,
          0.0,
          1.0
        ]
      ]
    },
    {
      "file_path": "/media/NFS/ttao/scannet/posed_images/scene0636_00/00006.jpg",
      "transform_matrix": [
        [
          0.358426,
          -0.87924,
          0.313797,
          0.347786
        ],
        [
          -0.933531,
          -0.334992,
          0.127671,
          0.729584
        ],
        [
          -0.007133,
          -0.3387,
          -0.940867,
          1.780569
        ],
        [
          0.0,
          0.0,
          0.0,
          1.0
        ]
      ]
    },
    {
      "file_path": "/media/NFS/ttao/scannet/posed_images/scene0636_00/00007.jpg",
      "transform_matrix": [
        [
          0.366728,
          -0.875148,
          0.315637,
          0.345119
        ],
        [
          -0.930281,
          -0.341539,
          0.133899,
          0.73084
        ],
        [
          -0.00938,
          -0.342735,
          -0.939385,
          1.779878
        ],
        [
          0.0,
          0.0,
          0.0,
          1.0
        ]
      ]
    },
    {
      "file_path": "/media/NFS/ttao/scannet/posed_images/scene0636_00/00008.jpg",
      "transform_matrix": [
        [
          0.375485,
          -0.870746,
          0.31751,
          0.341054
        ],
        [
          -0.926747,
          -0.348185,
          0.141093,
          0.731593
        ],
        [
          -0.012304,
          -0.34723,
          -0.937699,
          1.778805
        ],
        [
          0.0,
          0.0,
          0.0,
          1.0
        ]
      ]
    },
    {
      "file_path": "/media/NFS/ttao/scannet/posed_images/scene0636_00/00009.jpg",
      "transform_matrix": [
        [
          0.383718,
          -0.86684,
          0.318354,
          0.337573
        ],
        [
          -0.923329,
          -0.354558,
          0.147487,
          0.732837
        ],
        [
          -0.014973,
          -0.350539,
          -0.936429,
          1.777664
        ],
        [
          0.0,
          0.0,
          0.0,
          1.0
        ]
      ]
    },
    {
      "file_path": "/media/NFS/ttao/scannet/posed_images/scene0636_00/00010.jpg",
      "transform_matrix": [
        [
          0.391336,
          -0.862511,
          0.320829,
          0.332385
        ],
        [
          -0.920102,
          -0.360531,
          0.153065,
          0.733844
        ],
        [
          -0.016351,
          -0.355096,
          -0.934687,
          1.775539
        ],
        [
          0.0,
          0.0,
          0.0,
          1.0
        ]
      ]
    },
    {
      "file_path": "/media/NFS/ttao/scannet/posed_images/scene0636_00/00011.jpg",
      "transform_matrix": [
        [
          0.396734,
          -0.859911,
          0.321176,
          0.328572
        ],
        [
          -0.917789,
          -0.365395,
          0.1554,
          0.736326
        ],
        [
          -0.016274,
          -0.356425,
          -0.934182,
          1.774372
        ],
        [
          0.0,
          0.0,
          0.0,
          1.0
        ]
      ]
    },
    {
      "file_path": "/media/NFS/ttao/scannet/posed_images/scene0636_00/00012.jpg",
      "transform_matrix": [
        [
          0.401129,
          -0.857351,
          0.322559,
          0.324627
        ],
        [
          -0.915884,
          -0.369272,
          0.157463,
          0.73898
        ],
        [
          -0.015889,
          -0.358589,
          -0.93336,
          1.773505
        ],
        [
          0.0,
          0.0,
          0.0,
          1.0
        ]
      ]
    },
    {
      "file_path": "/media/NFS/ttao/scannet/posed_images/scene0636_00/00013.jpg",
      "transform_matrix": [
        [
          0.404459,
          -0.854849,
          0.325033,
          0.319372
        ],
        [
          -0.91445,
          -0.372601,
          0.157953,
          0.741777
        ],
        [
          -0.013918,
          -0.361112,
          -0.932419,
          1.772354
        ],
        [
          0.0,
          0.0,
          0.0,
          1.0
        ]
      ]
    },
    {
      "file_path": "/media/NFS/ttao/scannet/posed_images/scene0636_00/00014.jpg",
      "transform_matrix": [
        [
          0.406236,
          -0.85092,
          0.333027,
          0.30871
        ],
        [
          -0.913762,
          -0.376965,
          0.151447,
          0.748183
        ],
        [
          -0.00333,
          -0.365831,
          -0.930676,
          1.770155
        ],
        [
          0.0,
          0.0,
          0.0,
          1.0
        ]
      ]
    },
    {
      "file_path": "/media/NFS/ttao/scannet/posed_images/scene0636_00/00015.jpg",
      "transform_matrix": [
        [
          0.402545,
          -0.850565,
          0.338373,
          0.304422
        ],
        [
          -0.915391,
          -0.375673,
          0.144667,
          0.751108
        ],
        [
          0.004069,
          -0.367979,
          -0.929825,
          1.769453
        ],
        [
          0.0,
          0.0,
          0.0,
          1.0
        ]
      ]
    },
    {
      "file_path": "/media/NFS/ttao/scannet/posed_images/scene0636_00/00016.jpg",
      "transform_matrix": [
        [
          0.395277,
          -0.851374,
          0.344844,
          0.3
        ],
        [
          -0.918499,
          -0.370744,
          0.137511,
          0.755295
        ],
        [
          0.010775,
          -0.371094,
          -0.928533,
          1.769152
        ],
        [
          0.0,
          0.0,
          0.0,
          1.0
        ]
      ]
    },
    {
      "file_path": "/media/NFS/ttao/scannet/posed_images/scene0636_00/00017.jpg",
      "transform_matrix": [
        [
          0.386673,
          -0.852399,
          0.351993,
          0.295292
        ],
        [
          -0.922091,
          -0.363656,
          0.132296,
          0.758908
        ],
        [
          0.015236,
          -0.375725,
          -0.926606,
          1.7689
        ],
        [
          0.0,
          0.0,
          0.0,
          1.0
        ]
      ]
    },
    {
      "file_path": "/media/NFS/ttao/scannet/posed_images/scene0636_00/00018.jpg",
      "transform_matrix": [
        [
          0.367157,
          -0.856222,
          0.363427,
          0.285462
        ],
        [
          -0.929903,
          -0.347047,
          0.121817,
          0.767771
        ],
        [
          0.021824,
          -0.382678,
          -0.923624,
          1.767843
        ],
        [
          0.0,
          0.0,
          0.0,
          1.0
        ]
      ]
    },
    {
      "file_path": "/media/NFS/ttao/scannet/posed_images/scene0636_00/00019.jpg",
      "transform_matrix": [
        [
          0.356328,
          -0.858935,
          0.367778,
          0.280859
        ],
        [
          -0.934031,
          -0.337906,
          0.115782,
          0.773493
        ],
        [
          0.024825,
          -0.384773,
          -0.922677,
          1.767513
        ],
        [
          0.0,
          0.0,
          0.0,
          1.0
        ]
      ]
    },
    {
      "file_path": "/media/NFS/ttao/scannet/posed_images/scene0636_00/00020.jpg",
      "transform_matrix": [
        [
          0.346984,
          -0.861269,
          0.371239,
          0.2765
        ],
        [
          -0.937461,
          -0.330213,
          0.110122,
          0.78003
        ],
        [
          0.027744,
          -0.386232,
          -0.921984,
          1.76719
        ],
        [
          0.0,
          0.0,
          0.0,
          1.0
        ]
      ]
    },
    {
      "file_path": "/media/NFS/ttao/scannet/posed_images/scene0636_00/00021.jpg",
      "transform_matrix": [
        [
          0.336181,
          -0.864291,
          0.374145,
          0.271131
        ],
        [
          -0.941323,
          -0.320973,
          0.104346,
          0.786668
        ],
        [
          0.029905,
          -0.387271,
          -0.921481,
          1.766811
        ],
        [
          0.0,
          0.0,
          0.0,
          1.0
        ]
      ]
    },
    {
      "file_path": "/media/NFS/ttao/scannet/posed_images/scene0636_00/00022.jpg",
      "transform_matrix": [
        [
          0.324554,
          -0.868181,
          0.375403,
          0.266597
        ],
        [
          -0.945364,
          -0.310682,
          0.098809,
          0.793969
        ],
        [
          0.030847,
          -0.386961,
          -0.92158,
          1.766803
        ],
        [
          0.0,
          0.0,
          0.0,
          1.0
        ]
      ]
    },
    {
      "file_path": "/media/NFS/ttao/scannet/posed_images/scene0636_00/00023.jpg",
      "transform_matrix": [
        [
          0.311677,
          -0.871658,
          0.378246,
          0.261352
        ],
        [
          -0.949685,
          -0.298724,
          0.094142,
          0.802573
        ],
        [
          0.030931,
          -0.388556,
          -0.920906,
          1.767089
        ],
        [
          0.0,
          0.0,
          0.0,
          1.0
        ]
      ]
    },
    {
      "file_path": "/media/NFS/ttao/scannet/posed_images/scene0636_00/00024.jpg",
      "transform_matrix": [
        [
          0.297252,
          -0.874372,
          0.383554,
          0.255066
        ],
        [
          -0.95434,
          -0.284539,
          0.090956,
          0.810839
        ],
        [
          0.029607,
          -0.393078,
          -0.919028,
          1.767088
        ],
        [
          0.0,
          0.0,
          0.0,
          1.0
        ]
      ]
    },
    {
      "file_path": "/media/NFS/ttao/scannet/posed_images/scene0636_00/00025.jpg",
      "transform_matrix": [
        [
          0.280827,
          -0.878047,
          0.387516,
          0.248864
        ],
        [
          -0.95938,
          -0.268155,
          0.087654,
          0.819848
        ],
        [
          0.02695,
          -0.396391,
          -0.917686,
          1.767277
        ],
        [
          0.0,
          0.0,
          0.0,
          1.0
        ]
      ]
    },
    {
      "file_path": "/media/NFS/ttao/scannet/posed_images/scene0636_00/00026.jpg",
      "transform_matrix": [
        [
          0.262172,
          -0.881755,
          0.39214,
          0.241207
        ],
        [
          -0.964691,
          -0.250097,
          0.0826,
          0.830658
        ],
        [
          0.02524,
          -0.39995,
          -0.91619,
          1.767195
        ],
        [
          0.0,
          0.0,
          0.0,
          1.0
        ]
      ]
    },
    {
      "file_path": "/media/NFS/ttao/scannet/posed_images/scene0636_00/00027.jpg",
      "transform_matrix": [
        [
          0.242679,
          -0.88499,
          0.397366,
          0.234271
        ],
        [
          -0.969809,
          -0.231461,
          0.076784,
          0.841764
        ],
        [
          0.024022,
          -0.404003,
          -0.914442,
          1.767721
        ],
        [
          0.0,
          0.0,
          0.0,
          1.0
        ]
      ]
    },
    {
      "file_path": "/media/NFS/ttao/scannet/posed_images/scene0636_00/00028.jpg",
      "transform_matrix": [
        [
          0.219297,
          -0.887586,
          0.405093,
          0.226932
        ],
        [
          -0.975355,
          -0.209792,
          0.06834,
          0.854094
        ],
        [
          0.024328,
          -0.410096,
          -0.911718,
          1.768775
        ],
        [
          0.0,
          0.0,
          0.0,
          1.0
        ]
      ]
    },
    {
      "file_path": "/media/NFS/ttao/scannet/posed_images/scene0636_00/00029.jpg",
      "transform_matrix": [
        [
          0.196258,
          -0.889166,
          0.413359,
          0.218974
        ],
        [
          -0.980275,
          -0.187939,
          0.061152,
          0.865363
        ],
        [
          0.023312,
          -0.417207,
          -0.908512,
          1.769642
        ],
        [
          0.0,
          0.0,
          0.0,
          1.0
        ]
      ]
    },
    {
      "file_path": "/media/NFS/ttao/scannet/posed_images/scene0636_00/00030.jpg",
      "transform_matrix": [
        [
          0.174075,
          -0.891535,
          0.418168,
          0.210753
        ],
        [
          -0.984484,
          -0.167095,
          0.053574,
          0.8769
        ],
        [
          0.02211,
          -0.421005,
          -0.906789,
          1.769863
        ],
        [
          0.0,
          0.0,
          0.0,
          1.0
        ]
      ]
    },
    {
      "file_path": "/media/NFS/ttao/scannet/posed_images/scene0636_00/00031.jpg",
      "transform_matrix": [
        [
          0.150828,
          -0.895837,
          0.418003,
          0.20367
        ],
        [
          -0.988336,
          -0.145657,
          0.044459,
          0.889483
        ],
        [
          0.021057,
          -0.419833,
          -0.907357,
          1.771102
        ],
        [
          0.0,
          0.0,
          0.0,
          1.0
        ]
      ]
    },
    {
      "file_path": "/media/NFS/ttao/scannet/posed_images/scene0636_00/00032.jpg",
      "transform_matrix": [
        [
          0.127563,
          -0.899793,
          0.417253,
          0.195681
        ],
        [
          -0.991641,
          -0.123922,
          0.035933,
          0.901433
        ],
        [
          0.019374,
          -0.418349,
          -0.90808,
          1.772825
        ],
        [
          0.0,
          0.0,
          0.0,
          1.0
        ]
      ]
    },
    {
      "file_path": "/media/NFS/ttao/scannet/posed_images/scene0636_00/00033.jpg",
      "transform_matrix": [
        [
          0.103069,
          -0.904601,
          0.413611,
          0.189452
        ],
        [
          -0.994537,
          -0.100615,
          0.02778,
          0.913875
        ],
        [
          0.016486,
          -0.414215,
          -0.91003,
          1.776348
        ],
        [
          0.0,
          0.0,
          0.0,
          1.0
        ]
      ]
    },
    {
      "file_path": "/media/NFS/ttao/scannet/posed_images/scene0636_00/00034.jpg",
      "transform_matrix": [
        [
          0.077453,
          -0.906555,
          0.414921,
          0.184267
        ],
        [
          -0.996913,
          -0.075782,
          0.020518,
          0.926826
        ],
        [
          0.012843,
          -0.41523,
          -0.909626,
          1.782261
        ],
        [
          0.0,
          0.0,
          0.0,
          1.0
        ]
      ]
    },
    {
      "file_path": "/media/NFS/ttao/scannet/posed_images/scene0636_00/00035.jpg",
      "transform_matrix": [
        [
          0.051351,
          -0.903698,
          0.42508,
          0.177645
        ],
        [
          -0.998642,
          -0.050188,
          0.013941,
          0.93886
        ],
        [
          0.008736,
          -0.425219,
          -0.905048,
          1.787363
        ],
        [
          0.0,
          0.0,
          0.0,
          1.0
        ]
      ]
    },
    {
      "file_path": "/media/NFS/ttao/scannet/posed_images/scene0636_00/00036.jpg",
      "transform_matrix": [
        [
          0.027431,
          -0.900863,
          0.433236,
          0.168912
        ],
        [
          -0.999617,
          -0.026315,
          0.008573,
          0.948979
        ],
        [
          0.003677,
          -0.433306,
          -0.90124,
          1.789705
        ],
        [
          0.0,
          0.0,
          0.0,
          1.0
        ]
      ]
    },
    {
      "file_path": "/media/NFS/ttao/scannet/posed_images/scene0636_00/00037.jpg",
      "transform_matrix": [
        [
          0.007202,
          -0.903225,
          0.429106,
          0.162616
        ],
        [
          -0.999974,
          -0.006782,
          0.002507,
          0.959999
        ],
        [
          0.000646,
          -0.429113,
          -0.90325,
          1.792403
        ],
        [
          0.0,
          0.0,
          0.0,
          1.0
        ]
      ]
    },
    {
      "file_path": "/media/NFS/ttao/scannet/posed_images/scene0636_00/00038.jpg",
      "transform_matrix": [
        [
          -0.009292,
          -0.906545,
          0.422006,
          0.158509
        ],
        [
          -0.999956,
          0.008092,
          -0.004635,
          0.971629
        ],
        [
          0.000787,
          -0.422031,
          -0.906581,
          1.797031
        ],
        [
          0.0,
          0.0,
          0.0,
          1.0
        ]
      ]
    },
    {
      "file_path": "/media/NFS/ttao/scannet/posed_images/scene0636_00/00039.jpg",
      "transform_matrix": [
        [
          -0.023225,
          -0.906583,
          0.421389,
          0.154786
        ],
        [
          -0.999719,
          0.019105,
          -0.013996,
          0.982038
        ],
        [
          0.004638,
          -0.421596,
          -0.906772,
          1.802226
        ],
        [
          0.0,
          0.0,
          0.0,
          1.0
        ]
      ]
    },
    {
      "file_path": "/media/NFS/ttao/scannet/posed_images/scene0636_00/00040.jpg",
      "transform_matrix": [
        [
          -0.040152,
          -0.904401,
          0.42479,
          0.151232
        ],
        [
          -0.99913,
          0.03157,
          -0.027226,
          0.990821
        ],
        [
          0.011212,
          -0.425514,
          -0.904882,
          1.807012
        ],
        [
          0.0,
          0.0,
          0.0,
          1.0
        ]
      ]
    },
    {
      "file_path": "/media/NFS/ttao/scannet/posed_images/scene0636_00/00041.jpg",
      "transform_matrix": [
        [
          -0.054114,
          -0.901879,
          0.428586,
          0.149356
        ],
        [
          -0.998337,
          0.040324,
          -0.041197,
          1.001738
        ],
        [
          0.019872,
          -0.430103,
          -0.902561,
          1.809354
        ],
        [
          0.0,
          0.0,
          0.0,
          1.0
        ]
      ]
    },
    {
      "file_path": "/media/NFS/ttao/scannet/posed_images/scene0636_00/00042.jpg",
      "transform_matrix": [
        [
          -0.068256,
          -0.899027,
          0.432542,
          0.146636
        ],
        [
          -0.997356,
          0.050658,
          -0.052092,
          1.011889
        ],
        [
          0.02492,
          -0.434954,
          -0.900108,
          1.810504
        ],
        [
          0.0,
          0.0,
          0.0,
          1.0
        ]
      ]
    },
    {
      "file_path": "/media/NFS/ttao/scannet/posed_images/scene0636_00/00043.jpg",
      "transform_matrix": [
        [
          -0.081028,
          -0.896193,
          0.436202,
          0.14477
        ],
        [
          -0.996452,
          0.062846,
          -0.055979,
          1.021261
        ],
        [
          0.022755,
          -0.43919,
          -0.898106,
          1.811496
        ],
        [
          0.0,
          0.0,
          0.0,
          1.0
        ]
      ]
    },
    {
      "file_path": "/media/NFS/ttao/scannet/posed_images/scene0636_00/00044.jpg",
      "transform_matrix": [
        [
          -0.0923,
          -0.894218,
          0.438012,
          0.144183
        ],
        [
          -0.995587,
          0.0754,
          -0.055862,
          1.029881
        ],
        [
          0.016927,
          -0.441235,
          -0.897232,
          1.812658
        ],
        [
          0.0,
          0.0,
          0.0,
          1.0
        ]
      ]
    },
    {
      "file_path": "/media/NFS/ttao/scannet/posed_images/scene0636_00/00045.jpg",
      "transform_matrix": [
        [
          -0.103149,
          -0.892023,
          0.440062,
          0.14488
        ],
        [
          -0.994621,
          0.088293,
          -0.054162,
          1.038236
        ],
        [
          0.00946,
          -0.443282,
          -0.896332,
          1.814448
        ],
        [
          0.0,
          0.0,
          0.0,
          1.0
        ]
      ]
    },
    {
      "file_path": "/media/NFS/ttao/scannet/posed_images/scene0636_00/00046.jpg",
      "transform_matrix": [
        [
          -0.113179,
          -0.888713,
          0.444275,
          0.146623
        ],
        [
          -0.993569,
          0.099787,
          -0.053502,
          1.047228
        ],
        [
          0.003214,
          -0.447473,
          -0.894292,
          1.816252
        ],
        [
          0.0,
          0.0,
          0.0,
          1.0
        ]
      ]
    },
    {
      "file_path": "/media/NFS/ttao/scannet/posed_images/scene0636_00/00047.jpg",
      "transform_matrix": [
        [
          -0.121671,
          -0.884825,
          0.449757,
          0.147171
        ],
        [
          -0.992569,
          0.109256,
          -0.053573,
          1.055191
        ],
        [
          -0.001736,
          -0.452933,
          -0.891543,
          1.816577
        ],
        [
          0.0,
          0.0,
          0.0,
          1.0
        ]
      ]
    },
    {
      "file_path": "/media/NFS/ttao/scannet/posed_images/scene0636_00/00048.jpg",
      "transform_matrix": [
        [
          -0.129275,
          -0.882759,
          0.451691,
          0.148606
        ],
        [
          -0.991599,
          0.117074,
          -0.054995,
          1.063115
        ],
        [
          -0.004335,
          -0.455006,
          -0.890478,
          1.81618
        ],
        [
          0.0,
          0.0,
          0.0,
          1.0
        ]
      ]
    },
    {
      "file_path": "/media/NFS/ttao/scannet/posed_images/scene0636_00/00049.jpg",
      "transform_matrix": [
        [
          -0.13649,
          -0.882181,
          0.450696,
          0.15152
        ],
        [
          -0.990626,
          0.124067,
          -0.057157,
          1.071414
        ],
        [
          -0.005494,
          -0.454273,
          -0.890846,
          1.815828
        ],
        [
          0.0,
          0.0,
          0.0,
          1.0
        ]
      ]
    },
    {
      "file_path": "/media/NFS/ttao/scannet/posed_images/scene0636_00/00050.jpg",
      "transform_matrix": [
        [
          -0.143136,
          -0.881388,
          0.450186,
          0.155916
        ],
        [
          -0.989663,
          0.131574,
          -0.057062,
          1.079325
        ],
        [
          -0.008939,
          -0.4537,
          -0.89111,
          1.816792
        ],
        [
          0.0,
          0.0,
          0.0,
          1.0
        ]
      ]
    },
    {
      "file_path": "/media/NFS/ttao/scannet/posed_images/scene0636_00/00051.jpg",
      "transform_matrix": [
        [
          -0.147544,
          -0.879118,
          0.453191,
          0.158001
        ],
        [
          -0.988974,
          0.137011,
          -0.056198,
          1.08667
        ],
        [
          -0.012688,
          -0.456486,
          -0.88964,
          1.816449
        ],
        [
          0.0,
          0.0,
          0.0,
          1.0
        ]
      ]
    },
    {
      "file_path": "/media/NFS/ttao/scannet/posed_images/scene0636_00/00052.jpg",
      "transform_matrix": [
        [
          -0.149235,
          -0.877675,
          0.455429,
          0.160019
        ],
        [
          -0.988647,
          0.140579,
          -0.053044,
          1.091967
        ],
        [
          -0.017468,
          -0.458175,
          -0.888691,
          1.816514
        ],
        [
          0.0,
          0.0,
          0.0,
          1.0
        ]
      ]
    },
    {
      "file_path": "/media/NFS/ttao/scannet/posed_images/scene0636_00/00053.jpg",
      "transform_matrix": [
        [
          -0.149501,
          -0.876673,
          0.457268,
          0.161169
        ],
        [
          -0.988502,
          0.143108,
          -0.048819,
          1.096811
        ],
        [
          -0.02264,
          -0.459309,
          -0.887988,
          1.816277
        ],
        [
          0.0,
          0.0,
          0.0,
          1.0
        ]
      ]
    },
    {
      "file_path": "/media/NFS/ttao/scannet/posed_images/scene0636_00/00054.jpg",
      "transform_matrix": [
        [
          -0.146748,
          -0.877156,
          0.457233,
          0.161942
        ],
        [
          -0.988789,
          0.142969,
          -0.043077,
          1.100806
        ],
        [
          -0.027585,
          -0.458429,
          -0.888303,
          1.815569
        ],
        [
          0.0,
          0.0,
          0.0,
          1.0
        ]
      ]
    },
    {
      "file_path": "/media/NFS/ttao/scannet/posed_images/scene0636_00/00055.jpg",
      "transform_matrix": [
        [
          -0.141984,
          -0.878873,
          0.455438,
          0.162507
        ],
        [
          -0.989402,
          0.14014,
          -0.038016,
          1.103601
        ],
        [
          -0.030414,
          -0.456008,
          -0.889456,
          1.815079
        ],
        [
          0.0,
          0.0,
          0.0,
          1.0
        ]
      ]
    },
    {
      "file_path": "/media/NFS/ttao/scannet/posed_images/scene0636_00/00056.jpg",
      "transform_matrix": [
        [
          -0.135894,
          -0.879808,
          0.45549,
          0.162312
        ],
        [
          -0.990177,
          0.135877,
          -0.032961,
          1.104836
        ],
        [
          -0.032891,
          -0.455495,
          -0.889631,
          1.814476
        ],
        [
          0.0,
          0.0,
          0.0,
          1.0
        ]
      ]
    },
    {
      "file_path": "/media/NFS/ttao/scannet/posed_images/scene0636_00/00057.jpg",
      "transform_matrix": [
        [
          -0.129552,
          -0.880888,
          0.45525,
          0.161604
        ],
        [
          -0.990977,
          0.130938,
          -0.028648,
          1.105065
        ],
        [
          -0.034374,
          -0.454854,
          -0.889903,
          1.813157
        ],
        [
          0.0,
          0.0,
          0.0,
          1.0
        ]
      ]
    },
    {
      "file_path": "/media/NFS/ttao/scannet/posed_images/scene0636_00/00058.jpg",
      "transform_matrix": [
        [
          -0.122945,
          -0.883167,
          0.452659,
          0.16122
        ],
        [
          -0.991804,
          0.125322,
          -0.024868,
          1.105319
        ],
        [
          -0.034766,
          -0.452006,
          -0.891337,
          1.811931
        ],
        [
          0.0,
          0.0,
          0.0,
          1.0
        ]
      ]
    },
    {
      "file_path": "/media/NFS/ttao/scannet/posed_images/scene0636_00/00059.jpg",
      "transform_matrix": [
        [
          -0.11431,
          -0.885511,
          0.450337,
          0.159849
        ],
        [
          -0.99281,
          0.118035,
          -0.019912,
          1.104174
        ],
        [
          -0.035523,
          -0.449375,
          -0.892637,
          1.810263
        ],
        [
          0.0,
          0.0,
          0.0,
          1.0
        ]
      ]
    },
    {
      "file_path": "/media/NFS/ttao/scannet/posed_images/scene0636_00/00060.jpg",
      "transform_matrix": [
        [
          -0.104851,
          -0.887011,
          0.449687,
          0.156484
        ],
        [
          -0.993821,
          0.110008,
          -0.014733,
          1.101421
        ],
        [
          -0.036401,
          -0.448453,
          -0.893065,
          1.80831
        ],
        [
          0.0,
          0.0,
          0.0,
          1.0
        ]
      ]
    },
    {
      "file_path": "/media/NFS/ttao/scannet/posed_images/scene0636_00/00061.jpg",
      "transform_matrix": [
        [
          -0.093988,
          -0.889599,
          0.446967,
          0.155084
        ],
        [
          -0.994888,
          0.100581,
          -0.00902,
          1.098108
        ],
        [
          -0.036932,
          -0.44553,
          -0.894505,
          1.806614
        ],
        [
          0.0,
          0.0,
          0.0,
          1.0
        ]
      ]
    },
    {
      "file_path": "/media/NFS/ttao/scannet/posed_images/scene0636_00/00062.jpg",
      "transform_matrix": [
        [
          -0.082366,
          -0.892154,
          0.444158,
          0.153524
        ],
        [
          -0.995913,
          0.090247,
          -0.003411,
          1.094316
        ],
        [
          -0.037041,
          -0.442624,
          -0.895942,
          1.804936
        ],
        [
          0.0,
          0.0,
          0.0,
          1.0
        ]
      ]
    },
    {
      "file_path": "/media/NFS/ttao/scannet/posed_images/scene0636_00/00063.jpg",
      "transform_matrix": [
        [
          -0.072073,
          -0.89386,
          0.442515,
          0.152265
        ],
        [
          -0.996724,
          0.080863,
          0.001002,
          1.089268
        ],
        [
          -0.036679,
          -0.440993,
          -0.896761,
          1.803427
        ],
        [
          0.0,
          0.0,
          0.0,
          1.0
        ]
      ]
    },
    {
      "file_path": "/media/NFS/ttao/scannet/posed_images/scene0636_00/00064.jpg",
      "transform_matrix": [
        [
          -0.063147,
          -0.89458,
          0.442424,
          0.150574
        ],
        [
          -0.997377,
          0.072283,
          0.0038,
          1.083741
        ],
        [
          -0.03538,
          -0.441024,
          -0.896798,
          1.802159
        ],
        [
          0.0,
          0.0,
          0.0,
          1.0
        ]
      ]
    },
    {
      "file_path": "/media/NFS/ttao/scannet/posed_images/scene0636_00/00065.jpg",
      "transform_matrix": [
        [
          -0.055885,
          -0.895073,
          0.442403,
          0.148873
        ],
        [
          -0.997888,
          0.06476,
          0.004968,
          1.077873
        ],
        [
          -0.033097,
          -0.441191,
          -0.896803,
          1.800207
        ],
        [
          0.0,
          0.0,
          0.0,
          1.0
        ]
      ]
    },
    {
      "file_path": "/media/NFS/ttao/scannet/posed_images/scene0636_00/00066.jpg",
      "transform_matrix": [
        [
          -0.049141,
          -0.895963,
          0.4414,
          0.147346
        ],
        [
          -0.998298,
          0.057947,
          0.006481,
          1.070776
        ],
        [
          -0.031385,
          -0.440331,
          -0.897287,
          1.798513
        ],
        [
          0.0,
          0.0,
          0.0,
          1.0
        ]
      ]
    },
    {
      "file_path": "/media/NFS/ttao/scannet/posed_images/scene0636_00/00067.jpg",
      "transform_matrix": [
        [
          -0.043298,
          -0.896546,
          0.44083,
          0.146015
        ],
        [
          -0.998625,
          0.051887,
          0.007441,
          1.063628
        ],
        [
          -0.029545,
          -0.439902,
          -0.89756,
          1.797029
        ],
        [
          0.0,
          0.0,
          0.0,
          1.0
        ]
      ]
    },
    {
      "file_path": "/media/NFS/ttao/scannet/posed_images/scene0636_00/00068.jpg",
      "transform_matrix": [
        [
          -0.03672,
          -0.89663,
          0.441255,
          0.145282
        ],
        [
          -0.998913,
          0.045623,
          0.009579,
          1.0556
        ],
        [
          -0.02872,
          -0.440424,
          -0.897331,
          1.796266
        ],
        [
          0.0,
          0.0,
          0.0,
          1.0
        ]
      ]
    },
    {
      "file_path": "/media/NFS/ttao/scannet/posed_images/scene0636_00/00069.jpg",
      "transform_matrix": [
        [
          -0.02938,
          -0.895599,
          0.44389,
          0.144088
        ],
        [
          -0.999194,
          0.038459,
          0.01146,
          1.047325
        ],
        [
          -0.027335,
          -0.443196,
          -0.896008,
          1.795041
        ],
        [
          0.0,
          0.0,
          0.0,
          1.0
        ]
      ]
    },
    {
      "file_path": "/media/NFS/ttao/scannet/posed_images/scene0636_00/00070.jpg",
      "transform_matrix": [
        [
          -0.020772,
          -0.89413,
          0.447325,
          0.142134
        ],
        [
          -0.999473,
          0.029742,
          0.013038,
          1.039554
        ],
        [
          -0.024962,
          -0.446819,
          -0.894276,
          1.792718
        ],
        [
          0.0,
          0.0,
          0.0,
          1.0
        ]
      ]
    },
    {
      "file_path": "/media/NFS/ttao/scannet/posed_images/scene0636_00/00071.jpg",
      "transform_matrix": [
        [
          -0.011689,
          -0.893635,
          0.448643,
          0.142112
        ],
        [
          -0.999623,
          0.021587,
          0.016954,
          1.031079
        ],
        [
          -0.024835,
          -0.448276,
          -0.89355,
          1.791953
        ],
        [
          0.0,
          0.0,
          0.0,
          1.0
        ]
      ]
    },
    {
      "file_path": "/media/NFS/ttao/scannet/posed_images/scene0636_00/00072.jpg",
      "transform_matrix": [
        [
          0.00051,
          -0.892225,
          0.451591,
          0.140867
        ],
        [
          -0.999664,
          0.01125,
          0.023357,
          1.020848
        ],
        [
          -0.02592,
          -0.451451,
          -0.89192,
          1.791227
        ],
        [
          0.0,
          0.0,
          0.0,
          1.0
        ]
      ]
    },
    {
      "file_path": "/media/NFS/ttao/scannet/posed_images/scene0636_00/00073.jpg",
      "transform_matrix": [
        [
          0.013406,
          -0.890509,
          0.454768,
          0.139413
        ],
        [
          -0.99953,
          0.000601,
          0.030641,
          1.009581
        ],
        [
          -0.02756,
          -0.454965,
          -0.890083,
          1.790403
        ],
        [
          0.0,
          0.0,
          0.0,
          1.0
        ]
      ]
    },
    {
      "file_path": "/media/NFS/ttao/scannet/posed_images/scene0636_00/00074.jpg",
      "transform_matrix": [
        [
          0.026793,
          -0.888938,
          0.457242,
          0.137573
        ],
        [
          -0.999206,
          -0.010326,
          0.038475,
          0.997558
        ],
        [
          -0.02948,
          -0.45791,
          -0.88851,
          1.789219
        ],
        [
          0.0,
          0.0,
          0.0,
          1.0
        ]
      ]
    },
    {
      "file_path": "/media/NFS/ttao/scannet/posed_images/scene0636_00/00075.jpg",
      "transform_matrix": [
        [
          0.041517,
          -0.888056,
          0.457857,
          0.13681
        ],
        [
          -0.998623,
          -0.022178,
          0.047536,
          0.986015
        ],
        [
          -0.03206,
          -0.4592,
          -0.887754,
          1.788715
        ],
        [
          0.0,
          0.0,
          0.0,
          1.0
        ]
      ]
    },
    {
      "file_path": "/media/NFS/ttao/scannet/posed_images/scene0636_00/00076.jpg",
      "transform_matrix": [
        [
          0.057465,
          -0.886509,
          0.459129,
          0.135963
        ],
        [
          -0.997677,
          -0.034145,
          0.058942,
          0.973374
        ],
        [
          -0.036576,
          -0.46145,
          -0.886412,
          1.788947
        ],
        [
          0.0,
          0.0,
          0.0,
          1.0
        ]
      ]
    },
    {
      "file_path": "/media/NFS/ttao/scannet/posed_images/scene0636_00/00077.jpg",
      "transform_matrix": [
        [
          0.075916,
          -0.884034,
          0.461217,
          0.13527
        ],
        [
          -0.99629,
          -0.04845,
          0.071122,
          0.95898
        ],
        [
          -0.040528,
          -0.464905,
