{
  "frames": [
    {
      "file_path": "/media/NFS/ttao/scannet/posed_images/scene0282_02/00000.jpg",
      "transform_matrix": [
        [
          -0.993651,
          -0.017694,
          0.111108,
          1.935285
        ],
        [
          -0.101251,
          0.571217,
          -0.81453,
          2.414627
        ],
        [
          -0.049055,
          -0.820608,
          -0.569382,
          1.253502
        ],
        [
          0.0,
          0.0,
          0.0,
          1.0
        ]
      ]
    },
    {
      "file_path": "/media/NFS/ttao/scannet/posed_images/scene0282_02/00003.jpg",
      "transform_matrix": [
        [
          -0.995491,
          -0.013539,
          0.093886,
          1.944514
        ],
        [
          -0.084505,
          0.576188,
          -0.812937,
          2.42559
        ],
        [
          -0.043089,
          -0.817205,
          -0.574734,
          1.250992
        ],
        [
          0.0,
          0.0,
          0.0,
          1.0
        ]
      ]
    },
    {
      "file_path": "/media/NFS/ttao/scannet/posed_images/scene0282_02/00007.jpg",
      "transform_matrix": [
        [
          -0.99635,
          -0.010176,
          0.08476,
          1.946247
        ],
        [
          -0.074722,
          0.58412,
          -0.808221,
          2.422652
        ],
        [
          -0.041285,
          -0.811604,
          -0.582748,
          1.264732
        ],
        [
          0.0,
          0.0,
          0.0,
          1.0
        ]
      ]
    },
    {
      "file_path": "/media/NFS/ttao/scannet/posed_images/scene0282_02/00011.jpg",
      "transform_matrix": [
        [
          -0.997191,
          -0.003282,
          0.074829,
          1.942375
        ],
        [
          -0.063968,
          0.557039,
          -0.828019,
          2.421682
        ],
        [
          -0.038965,
          -0.83048,
          -0.555684,
          1.275714
        ],
        [
          0.0,
          0.0,
          0.0,
          1.0
        ]
      ]
    },
    {
      "file_path": "/media/NFS/ttao/scannet/posed_images/scene0282_02/00017.jpg",
      "transform_matrix": [
        [
          -0.989981,
          0.031304,
          0.137688,
          1.92711
        ],
        [
          -0.099523,
          0.537029,
          -0.837672,
          2.411055
        ],
        [
          -0.100164,
          -0.842983,
          -0.528533,
          1.275923
        ],
        [
          0.0,
          0.0,
          0.0,
          1.0
        ]
      ]
    },
    {
      "file_path": "/media/NFS/ttao/scannet/posed_images/scene0282_02/00018.jpg",
      "transform_matrix": [
        [
          -0.990333,
          0.032065,
          0.134957,
          1.923243
        ],
        [
          -0.096419,
          0.540331,
          -0.83591,
          2.408314
        ],
        [
          -0.099725,
          -0.840841,
          -0.532016,
          1.274007
        ],
        [
          0.0,
          0.0,
          0.0,
          1.0
        ]
      ]
    },
    {
      "file_path": "/media/NFS/ttao/scannet/posed_images/scene0282_02/00025.jpg",
      "transform_matrix": [
        [
          -0.994402,
          -0.000242,
          0.105661,
          1.905155
        ],
        [
          -0.087327,
          0.564855,
          -0.820557,
          2.380392
        ],
        [
          -0.059485,
          -0.82519,
          -0.561714,
          1.270802
        ],
        [
          0.0,
          0.0,
          0.0,
          1.0
        ]
      ]
    },
    {
      "file_path": "/media/NFS/ttao/scannet/posed_images/scene0282_02/00028.jpg",
      "transform_matrix": [
        [
          -0.994553,
          -0.000421,
          0.104229,
          1.893971
        ],
        [
          -0.086452,
          0.561924,
          -0.822659,
          2.369375
        ],
        [
          -0.058222,
          -0.827189,
          -0.558899,
          1.273939
        ],
        [
          0.0,
          0.0,
          0.0,
          1.0
        ]
      ]
    },
    {
      "file_path": "/media/NFS/ttao/scannet/posed_images/scene0282_02/00032.jpg",
      "transform_matrix": [
        [
          -0.99433,
          -0.001264,
          0.106336,
          1.877987
        ],
        [
          -0.089077,
          0.556094,
          -0.826332,
          2.354153
        ],
        [
          -0.058088,
          -0.831118,
          -0.553053,
          1.280164
        ],
        [
          0.0,
          0.0,
          0.0,
          1.0
        ]
      ]
    },
    {
      "file_path": "/media/NFS/ttao/scannet/posed_images/scene0282_02/00036.jpg",
      "transform_matrix": [
        [
          -0.993321,
          -0.016776,
          0.114158,
          1.864959
        ],
        [
          -0.104403,
          0.551925,
          -0.827333,
          2.340671
        ],
        [
          -0.049128,
          -0.833725,
          -0.54999,
          1.28269
        ],
        [
          0.0,
          0.0,
          0.0,
          1.0
        ]
      ]
    },
    {
      "file_path": "/media/NFS/ttao/scannet/posed_images/scene0282_02/00037.jpg",
      "transform_matrix": [
        [
          -0.992979,
          -0.019353,
          0.116695,
          1.862801
        ],
        [
          -0.107952,
          0.551591,
          -0.8271,
          2.338393
        ],
        [
          -0.048361,
          -0.83389,
          -0.549808,
          1.282072
        ],
        [
          0.0,
          0.0,
          0.0,
          1.0
        ]
      ]
    },
    {
      "file_path": "/media/NFS/ttao/scannet/posed_images/scene0282_02/00041.jpg",
      "transform_matrix": [
        [
          -0.990847,
          -0.028902,
          0.131862,
          1.849654
        ],
        [
          -0.126061,
          0.547505,
          -0.827253,
          2.329533
        ],
        [
          -0.048286,
          -0.836303,
          -0.546137,
          1.280727
        ],
        [
          0.0,
          0.0,
          0.0,
          1.0
        ]
      ]
    },
    {
      "file_path": "/media/NFS/ttao/scannet/posed_images/scene0282_02/00048.jpg",
      "transform_matrix": [
        [
          -0.993299,
          -0.0108,
          0.115064,
          1.832952
        ],
        [
          -0.101792,
          0.553203,
          -0.826804,
          2.31885
        ],
        [
          -0.054724,
          -0.832977,
          -0.550595,
          1.280177
        ],
        [
          0.0,
          0.0,
          0.0,
          1.0
        ]
      ]
    },
    {
      "file_path": "/media/NFS/ttao/scannet/posed_images/scene0282_02/00049.jpg",
      "transform_matrix": [
        [
          -0.993703,
          -0.005755,
          0.111896,
          1.83102
        ],
        [
          -0.096278,
          0.554676,
          -0.826478,
          2.318193
        ],
        [
          -0.057309,
          -0.832047,
          -0.551737,
          1.280034
        ],
        [
          0.0,
          0.0,
          0.0,
          1.0
        ]
      ]
    },
    {
      "file_path": "/media/NFS/ttao/scannet/posed_images/scene0282_02/00052.jpg",
      "transform_matrix": [
        [
          -0.996118,
          0.005508,
          0.08786,
          1.831675
        ],
        [
          -0.069448,
          0.564154,
          -0.822744,
          2.314169
        ],
        [
          -0.054098,
          -0.825652,
          -0.561581,
          1.285272
        ],
        [
          0.0,
          0.0,
          0.0,
          1.0
        ]
      ]
    },
    {
      "file_path": "/media/NFS/ttao/scannet/posed_images/scene0282_02/00058.jpg",
      "transform_matrix": [
        [
          -0.997522,
          0.069009,
          0.013685,
          1.850345
        ],
        [
          0.027266,
          0.558534,
          -0.829034,
          2.311874
        ],
        [
          -0.064854,
          -0.826606,
          -0.559031,
          1.294172
        ],
        [
          0.0,
          0.0,
          0.0,
          1.0
        ]
      ]
    },
    {
      "file_path": "/media/NFS/ttao/scannet/posed_images/scene0282_02/00060.jpg",
      "transform_matrix": [
        [
          -0.995336,
          0.096179,
          -0.007427,
          1.857692
        ],
        [
          0.05931,
          0.549434,
          -0.83343,
          2.313635
        ],
        [
          -0.076078,
          -0.829983,
          -0.552576,
          1.296746
        ],
        [
          0.0,
          0.0,
          0.0,
          1.0
        ]
      ]
    },
    {
      "file_path": "/media/NFS/ttao/scannet/posed_images/scene0282_02/00064.jpg",
      "transform_matrix": [
        [
          -0.989862,
          0.132348,
          -0.05155,
          1.873914
        ],
        [
          0.114724,
          0.531044,
          -0.839542,
          2.326393
        ],
        [
          -0.083736,
          -0.836945,
          -0.540844,
          1.298494
        ],
        [
          0.0,
          0.0,
          0.0,
          1.0
        ]
      ]
    },
    {
      "file_path": "/media/NFS/ttao/scannet/posed_images/scene0282_02/00070.jpg",
      "transform_matrix": [
        [
          -0.973585,
          0.176795,
          -0.144484,
          1.898254
        ],
        [
          0.21718,
          0.521785,
          -0.824969,
          2.345808
        ],
        [
          -0.07046,
          -0.834556,
          -0.546399,
          1.301499
        ],
        [
          0.0,
          0.0,
          0.0,
          1.0
        ]
      ]
    },
    {
      "file_path": "/media/NFS/ttao/scannet/posed_images/scene0282_02/00073.jpg",
      "transform_matrix": [
        [
          -0.967886,
          0.181071,
          -0.174384,
          1.902509
        ],
        [
          0.244136,
          0.511621,
          -0.823797,
          2.357921
        ],
        [
          -0.059948,
          -0.839915,
          -0.539397,
          1.30849
        ],
        [
          0.0,
          0.0,
          0.0,
          1.0
        ]
      ]
    },
    {
      "file_path": "/media/NFS/ttao/scannet/posed_images/scene0282_02/00075.jpg",
      "transform_matrix": [
        [
          -0.963212,
          0.183426,
          -0.196413,
          1.905247
        ],
        [
          0.263549,
          0.501722,
          -0.823904,
          2.36748
        ],
        [
          -0.052581,
          -0.845358,
          -0.531606,
          1.313524
        ],
        [
          0.0,
          0.0,
          0.0,
          1.0
        ]
      ]
    },
    {
      "file_path": "/media/NFS/ttao/scannet/posed_images/scene0282_02/00078.jpg",
      "transform_matrix": [
        [
          -0.954257,
          0.187285,
          -0.233063,
          1.909669
        ],
        [
          0.29581,
          0.47803,
          -0.827033,
          2.383881
        ],
        [
          -0.04348,
          -0.858144,
          -0.511564,
          1.324923
        ],
        [
          0.0,
          0.0,
          0.0,
          1.0
        ]
      ]
    },
    {
      "file_path": "/media/NFS/ttao/scannet/posed_images/scene0282_02/00085.jpg",
      "transform_matrix": [
        [
          -0.928943,
          0.21505,
          -0.30136,
          1.916961
        ],
        [
          0.364781,
          0.392622,
          -0.844265,
          2.44662
        ],
        [
          -0.063238,
          -0.894205,
          -0.443169,
          1.346716
        ],
        [
          0.0,
          0.0,
          0.0,
          1.0
        ]
      ]
    },
    {
      "file_path": "/media/NFS/ttao/scannet/posed_images/scene0282_02/00089.jpg",
      "transform_matrix": [
        [
          -0.917272,
          0.215351,
          -0.335016,
          1.918032
        ],
        [
          0.394518,
          0.376272,
          -0.838317,
          2.48568
        ],
        [
          -0.054476,
          -0.901135,
          -0.430103,
          1.359395
        ],
        [
          0.0,
          0.0,
          0.0,
          1.0
        ]
      ]
    },
    {
      "file_path": "/media/NFS/ttao/scannet/posed_images/scene0282_02/00093.jpg",
      "transform_matrix": [
        [
          -0.913897,
          0.213038,
          -0.345553,
          1.933582
        ],
        [
          0.40121,
          0.344363,
          -0.84879,
          2.518501
        ],
        [
          -0.061829,
          -0.914346,
          -0.400186,
          1.371444
        ],
        [
          0.0,
          0.0,
          0.0,
          1.0
        ]
      ]
    },
    {
      "file_path": "/media/NFS/ttao/scannet/posed_images/scene0282_02/00095.jpg",
      "transform_matrix": [
        [
          -0.918742,
          0.209839,
          -0.334484,
          1.932193
        ],
        [
          0.388906,
          0.33438,
          -0.858453,
          2.538677
        ],
        [
          -0.068293,
          -0.91878,
          -0.388817,
          1.37684
        ],
        [
          0.0,
          0.0,
          0.0,
          1.0
        ]
      ]
    },
    {
      "file_path": "/media/NFS/ttao/scannet/posed_images/scene0282_02/00100.jpg",
      "transform_matrix": [
        [
          -0.906418,
          0.216862,
          -0.36246,
          1.939815
        ],
        [
          0.416734,
          0.319301,
          -0.851105,
          2.578577
        ],
        [
          -0.068839,
          -0.922506,
          -0.379794,
          1.390611
        ],
        [
          0.0,
          0.0,
          0.0,
          1.0
        ]
      ]
    },
    {
      "file_path": "/media/NFS/ttao/scannet/posed_images/scene0282_02/00102.jpg",
      "transform_matrix": [
        [
          -0.903243,
          0.21343,
          -0.372289,
          1.943167
        ],
        [
          0.424056,
          0.310924,
          -0.85059,
          2.59223
        ],
        [
          -0.065788,
          -0.926161,
          -0.371346,
          1.398103
        ],
        [
          0.0,
          0.0,
          0.0,
          1.0
        ]
      ]
    },
    {
      "file_path": "/media/NFS/ttao/scannet/posed_images/scene0282_02/00108.jpg",
      "transform_matrix": [
        [
          -0.887904,
          0.211868,
          -0.408336,
          1.947908
        ],
        [
          0.45503,
          0.27399,
          -0.847276,
          2.623546
        ],
        [
          -0.067631,
          -0.938106,
          -0.339682,
          1.414415
        ],
        [
          0.0,
          0.0,
          0.0,
          1.0
        ]
      ]
    },
    {
      "file_path": "/media/NFS/ttao/scannet/posed_images/scene0282_02/00110.jpg",
      "transform_matrix": [
        [
          -0.885303,
          0.212619,
          -0.413559,
          1.951339
        ],
        [
          0.459658,
          0.265525,
          -0.847473,
          2.629211
        ],
        [
          -0.070379,
          -0.940367,
          -0.332803,
          1.419269
        ],
        [
          0.0,
          0.0,
          0.0,
          1.0
        ]
      ]
    },
    {
      "file_path": "/media/NFS/ttao/scannet/posed_images/scene0282_02/00112.jpg",
      "transform_matrix": [
        [
          -0.8834,
          0.209697,
          -0.419083,
          1.953238
        ],
        [
          0.463371,
          0.25741,
          -0.847955,
          2.634508
        ],
        [
          -0.069938,
          -0.943275,
          -0.324564,
          1.424359
        ],
        [
          0.0,
          0.0,
          0.0,
          1.0
        ]
      ]
    },
    {
      "file_path": "/media/NFS/ttao/scannet/posed_images/scene0282_02/00118.jpg",
      "transform_matrix": [
        [
          -0.870701,
          0.207655,
          -0.445823,
          1.961435
        ],
        [
          0.485413,
          0.217098,
          -0.846902,
          2.63888
        ],
        [
          -0.079076,
          -0.953807,
          -0.289826,
          1.443493
        ],
        [
          0.0,
          0.0,
          0.0,
          1.0
        ]
      ]
    },
    {
      "file_path": "/media/NFS/ttao/scannet/posed_images/scene0282_02/00120.jpg",
      "transform_matrix": [
        [
          -0.866583,
          0.201023,
          -0.456754,
          1.961433
        ],
        [
          0.493117,
          0.204416,
          -0.845606,
          2.634727
        ],
        [
          -0.076618,
          -0.958021,
          -0.276271,
          1.449748
        ],
        [
          0.0,
          0.0,
          0.0,
          1.0
        ]
      ]
    },
    {
      "file_path": "/media/NFS/ttao/scannet/posed_images/scene0282_02/00125.jpg",
      "transform_matrix": [
        [
          -0.84555,
          0.189235,
          -0.499234,
          1.973792
        ],
        [
          0.530276,
          0.188975,
          -0.826496,
          2.616716
        ],
        [
          -0.062059,
          -0.963576,
          -0.260135,
          1.465591
        ],
        [
          0.0,
          0.0,
          0.0,
          1.0
        ]
      ]
    },
    {
      "file_path": "/media/NFS/ttao/scannet/posed_images/scene0282_02/00129.jpg",
      "transform_matrix": [
        [
          -0.832154,
          0.183586,
          -0.523275,
          1.981203
        ],
        [
          0.550111,
          0.154189,
          -0.820734,
          2.601453
        ],
        [
          -0.069992,
          -0.970836,
          -0.229301,
          1.471102
        ],
        [
          0.0,
          0.0,
          0.0,
          1.0
        ]
      ]
    },
    {
      "file_path": "/media/NFS/ttao/scannet/posed_images/scene0282_02/00134.jpg",
      "transform_matrix": [
        [
          -0.812997,
          0.183622,
          -0.552557,
          1.986006
        ],
        [
          0.576973,
          0.126366,
          -0.806929,
          2.582023
        ],
        [
          -0.078345,
          -0.974841,
          -0.20868,
          1.478947
        ],
        [
          0.0,
          0.0,
          0.0,
          1.0
        ]
      ]
    },
    {
      "file_path": "/media/NFS/ttao/scannet/posed_images/scene0282_02/00137.jpg",
      "transform_matrix": [
        [
          -0.810758,
          0.175054,
          -0.558595,
          1.996003
        ],
        [
          0.580572,
          0.118387,
          -0.805556,
          2.567419
        ],
        [
          -0.074886,
          -0.977415,
          -0.197615,
          1.484921
        ],
        [
          0.0,
          0.0,
          0.0,
          1.0
        ]
      ]
    },
    {
      "file_path": "/media/NFS/ttao/scannet/posed_images/scene0282_02/00140.jpg",
      "transform_matrix": [
        [
          -0.800883,
          0.162762,
          -0.576277,
          2.00905
        ],
        [
          0.595572,
          0.116392,
          -0.794825,
          2.552753
        ],
        [
          -0.062293,
          -0.979776,
          -0.190153,
          1.487025
        ],
        [
          0.0,
          0.0,
          0.0,
          1.0
        ]
      ]
    },
    {
      "file_path": "/media/NFS/ttao/scannet/posed_images/scene0282_02/00145.jpg",
      "transform_matrix": [
        [
          -0.779268,
          0.152949,
          -0.60774,
          2.02867
        ],
        [
          0.623726,
          0.095074,
          -0.775839,
          2.531933
        ],
        [
          -0.060884,
          -0.98365,
          -0.169486,
          1.499353
        ],
        [
          0.0,
          0.0,
          0.0,
          1.0
        ]
      ]
    },
    {
      "file_path": "/media/NFS/ttao/scannet/posed_images/scene0282_02/00148.jpg",
      "transform_matrix": [
        [
          -0.769491,
          0.151837,
          -0.620346,
          2.037426
        ],
        [
          0.63591,
          0.092155,
          -0.766241,
          2.526192
        ],
        [
          -0.059176,
          -0.9841,
          -0.167467,
          1.505941
        ],
        [
          0.0,
          0.0,
          0.0,
          1.0
        ]
      ]
    },
    {
      "file_path": "/media/NFS/ttao/scannet/posed_images/scene0282_02/00151.jpg",
      "transform_matrix": [
        [
          -0.757145,
          0.151421,
          -0.635455,
          2.04558
        ],
        [
          0.651011,
          0.094483,
          -0.753165,
          2.517487
        ],
        [
          -0.054005,
          -0.983944,
          -0.170114,
          1.519199
        ],
        [
          0.0,
          0.0,
          0.0,
          1.0
        ]
      ]
    },
    {
      "file_path": "/media/NFS/ttao/scannet/posed_images/scene0282_02/00155.jpg",
      "transform_matrix": [
        [
          -0.739596,
          0.150688,
          -0.655965,
          2.058793
        ],
        [
          0.672055,
          0.112337,
          -0.731931,
          2.506704
        ],
        [
          -0.036604,
          -0.982178,
          -0.184355,
          1.527485
        ],
        [
          0.0,
          0.0,
          0.0,
          1.0
        ]
      ]
    },
    {
      "file_path": "/media/NFS/ttao/scannet/posed_images/scene0282_02/00158.jpg",
      "transform_matrix": [
        [
          -0.722782,
          0.155522,
          -0.673349,
          2.066997
        ],
        [
          0.690459,
          0.121348,
          -0.713121,
          2.501201
        ],
        [
          -0.029196,
          -0.980351,
          -0.19509,
          1.523617
        ],
        [
          0.0,
          0.0,
          0.0,
          1.0
        ]
      ]
    },
    {
      "file_path": "/media/NFS/ttao/scannet/posed_images/scene0282_02/00165.jpg",
      "transform_matrix": [
        [
          -0.68103,
          0.187757,
          -0.707775,
          2.092893
        ],
        [
          0.731979,
          0.147983,
          -0.665062,
          2.495622
        ],
        [
          -0.020131,
          -0.971004,
          -0.238215,
          1.492731
        ],
        [
          0.0,
          0.0,
          0.0,
          1.0
        ]
      ]
    },
    {
      "file_path": "/media/NFS/ttao/scannet/posed_images/scene0282_02/00168.jpg",
      "transform_matrix": [
        [
          -0.655364,
          0.205142,
          -0.726921,
          2.101293
        ],
        [
          0.755281,
          0.169166,
          -0.633193,
          2.492673
        ],
        [
          -0.006924,
          -0.964002,
          -0.265805,
          1.473011
        ],
        [
          0.0,
          0.0,
          0.0,
          1.0
        ]
      ]
    },
    {
      "file_path": "/media/NFS/ttao/scannet/posed_images/scene0282_02/00170.jpg",
      "transform_matrix": [
        [
          -0.635746,
          0.221965,
          -0.739296,
          2.10543
        ],
        [
          0.771865,
          0.173939,
          -0.61153,
          2.511663
        ],
        [
          -0.007146,
          -0.959415,
          -0.281908,
          1.450654
        ],
        [
          0.0,
          0.0,
          0.0,
          1.0
        ]
      ]
    },
    {
      "file_path": "/media/NFS/ttao/scannet/posed_images/scene0282_02/00174.jpg",
      "transform_matrix": [
        [
          -0.597377,
          0.265015,
          -0.756907,
          2.113183
        ],
        [
          0.801924,
          0.188377,
          -0.566949,
          2.51413
        ],
        [
          -0.007666,
          -0.945665,
          -0.325054,
          1.428924
        ],
        [
          0.0,
          0.0,
          0.0,
          1.0
        ]
      ]
    },
    {
      "file_path": "/media/NFS/ttao/scannet/posed_images/scene0282_02/00178.jpg",
      "transform_matrix": [
        [
          -0.580312,
          0.304904,
          -0.755163,
          2.11905
        ],
        [
          0.814164,
          0.195143,
          -0.546861,
          2.51957
        ],
        [
          -0.019375,
          -0.932177,
          -0.361485,
          1.410338
        ],
        [
          0.0,
          0.0,
          0.0,
          1.0
        ]
      ]
    },
    {
      "file_path": "/media/NFS/ttao/scannet/posed_images/scene0282_02/00184.jpg",
      "transform_matrix": [
        [
          -0.5424,
          0.353878,
          -0.761954,
          2.130606
        ],
        [
          0.83985,
          0.25144,
          -0.481073,
          2.51294
        ],
        [
          0.021345,
          -0.90086,
          -0.433585,
          1.374056
        ],
        [
          0.0,
          0.0,
          0.0,
          1.0
        ]
      ]
    },
    {
      "file_path": "/media/NFS/ttao/scannet/posed_images/scene0282_02/00186.jpg",
      "transform_matrix": [
        [
          -0.536279,
          0.376898,
          -0.755217,
          2.128921
        ],
        [
          0.843858,
          0.25806,
          -0.470435,
          2.514047
        ],
        [
          0.017585,
          -0.88958,
          -0.456441,
          1.363599
        ],
        [
          0.0,
          0.0,
          0.0,
          1.0
        ]
      ]
    },
    {
      "file_path": "/media/NFS/ttao/scannet/posed_images/scene0282_02/00191.jpg",
      "transform_matrix": [
        [
          -0.535133,
          0.410794,
          -0.73816,
          2.116988
        ],
        [
          0.844275,
          0.289909,
          -0.450724,
          2.515767
        ],
        [
          0.028844,
          -0.864408,
          -0.501963,
          1.319071
        ],
        [
          0.0,
          0.0,
          0.0,
          1.0
        ]
      ]
    },
    {
      "file_path": "/media/NFS/ttao/scannet/posed_images/scene0282_02/00195.jpg",
      "transform_matrix": [
        [
          -0.55956,
          0.427202,
          -0.710205,
          2.095537
        ],
        [
          0.8286,
          0.306689,
          -0.468362,
          2.520125
        ],
        [
          0.017727,
          -0.850553,
          -0.52559,
          1.299181
        ],
        [
          0.0,
          0.0,
          0.0,
          1.0
        ]
      ]
    },
    {
      "file_path": "/media/NFS/ttao/scannet/posed_images/scene0282_02/00199.jpg",
      "transform_matrix": [
        [
          -0.566494,
          0.442509,
          -0.695176,
          2.073621
        ],
        [
          0.823327,
          0.339637,
          -0.45473,
          2.520108
        ],
        [
          0.034886,
          -0.829959,
          -0.556732,
          1.287208
        ],
        [
          0.0,
          0.0,
          0.0,
          1.0
        ]
      ]
    },
    {
      "file_path": "/media/NFS/ttao/scannet/posed_images/scene0282_02/00200.jpg",
      "transform_matrix": [
        [
          -0.574238,
          0.442724,
          -0.688656,
          2.065726
        ],
        [
          0.817902,
          0.347104,
          -0.458864,
          2.525189
        ],
        [
          0.035885,
          -0.82675,
          -0.561424,
          1.285714
        ],
        [
          0.0,
          0.0,
          0.0,
          1.0
        ]
      ]
    },
    {
      "file_path": "/media/NFS/ttao/scannet/posed_images/scene0282_02/00204.jpg",
      "transform_matrix": [
        [
          -0.602101,
          0.429521,
          -0.673042,
          2.043507
        ],
        [
          0.797786,
          0.357235,
          -0.485717,
          2.526512
        ],
        [
          0.031809,
          -0.829395,
          -0.557757,
          1.282189
        ],
        [
          0.0,
          0.0,
          0.0,
          1.0
        ]
      ]
    },
    {
      "file_path": "/media/NFS/ttao/scannet/posed_images/scene0282_02/00210.jpg",
      "transform_matrix": [
        [
          -0.640052,
          0.445498,
          -0.625991,
          2.014221
        ],
        [
          0.768252,
          0.359337,
          -0.529779,
          2.51398
        ],
        [
          -0.011073,
          -0.820005,
          -0.572249,
          1.27864
        ],
        [
          0.0,
          0.0,
          0.0,
          1.0
        ]
      ]
    },
    {
      "file_path": "/media/NFS/ttao/scannet/posed_images/scene0282_02/00213.jpg",
      "transform_matrix": [
        [
          -0.642703,
          0.452535,
          -0.618178,
          1.999334
        ],
        [
          0.765236,
          0.340548,
          -0.546298,
          2.506923
        ],
        [
          -0.0367,
          -0.82416,
          -0.565167,
          1.27332
        ],
        [
          0.0,
          0.0,
          0.0,
          1.0
        ]
      ]
    },
    {
      "file_path": "/media/NFS/ttao/scannet/posed_images/scene0282_02/00216.jpg",
      "transform_matrix": [
        [
          -0.634504,
          0.465571,
          -0.616967,
          1.982982
        ],
        [
          0.772495,
          0.355526,
          -0.526168,
          2.484795
        ],
        [
          -0.025621,
          -0.810459,
          -0.585234,
          1.268823
        ],
        [
          0.0,
          0.0,
          0.0,
          1.0
        ]
      ]
    },
    {
      "file_path": "/media/NFS/ttao/scannet/posed_images/scene0282_02/00219.jpg",
      "transform_matrix": [
        [
          -0.621679,
          0.47381,
          -0.623714,
          1.963526
        ],
        [
          0.78289,
          0.351012,
          -0.513686,
          2.454226
        ],
        [
          -0.024459,
          -0.807648,
          -0.589158,
          1.267865
        ],
        [
          0.0,
          0.0,
          0.0,
          1.0
        ]
      ]
    },
    {
      "file_path": "/media/NFS/ttao/scannet/posed_images/scene0282_02/00225.jpg",
      "transform_matrix": [
        [
          -0.578907,
          0.488385,
          -0.652953,
          1.913305
        ],
        [
          0.814117,
          0.301394,
          -0.496363,
          2.352636
        ],
        [
          -0.04562,
          -0.818928,
          -0.572081,
          1.264111
        ],
        [
          0.0,
          0.0,
          0.0,
          1.0
        ]
      ]
    },
    {
      "file_path": "/media/NFS/ttao/scannet/posed_images/scene0282_02/00226.jpg",
      "transform_matrix": [
        [
          -0.568618,
          0.493185,
          -0.658363,
          1.907696
        ],
        [
          0.821468,
          0.298437,
          -0.485928,
          2.334992
        ],
        [
          -0.043172,
          -0.817131,
          -0.574833,
          1.264452
        ],
        [
          0.0,
          0.0,
          0.0,
          1.0
        ]
      ]
    },
    {
      "file_path": "/media/NFS/ttao/scannet/posed_images/scene0282_02/00233.jpg",
      "transform_matrix": [
        [
          -0.474252,
          0.555525,
          -0.682991,
          1.881961
        ],
        [
          0.878152,
          0.243219,
          -0.41194,
          2.219172
        ],
        [
          -0.062726,
          -0.795133,
          -0.603182,
          1.272258
        ],
        [
          0.0,
          0.0,
          0.0,
          1.0
        ]
      ]
    },
    {
      "file_path": "/media/NFS/ttao/scannet/posed_images/scene0282_02/00235.jpg",
      "transform_matrix": [
        [
          -0.426231,
          0.573048,
          -0.699959,
          1.873005
        ],
        [
          0.902969,
          0.222868,
          -0.367392,
          2.169948
        ],
        [
          -0.054535,
          -0.788635,
          -0.612438,
          1.274771
        ],
        [
          0.0,
          0.0,
          0.0,
          1.0
        ]
      ]
    },
    {
      "file_path": "/media/NFS/ttao/scannet/posed_images/scene0282_02/00237.jpg",
      "transform_matrix": [
        [
          -0.394165,
          0.587163,
          -0.707017,
          1.8667
        ],
        [
          0.918074,
          0.216316,
          -0.332184,
          2.136744
        ],
        [
          -0.042107,
          -0.78003,
          -0.624324,
          1.272048
        ],
        [
          0.0,
          0.0,
          0.0,
          1.0
        ]
      ]
    },
    {
      "file_path": "/media/NFS/ttao/scannet/posed_images/scene0282_02/00242.jpg",
      "transform_matrix": [
        [
          -0.334179,
          0.631405,
          -0.699751,
          1.842857
        ],
        [
          0.942057,
          0.20075,
          -0.268754,
          2.065103
        ],
        [
          -0.029218,
          -0.749017,
          -0.661906,
          1.272323
        ],
        [
          0.0,
          0.0,
          0.0,
          1.0
        ]
      ]
    },
    {
      "file_path": "/media/NFS/ttao/scannet/posed_images/scene0282_02/00245.jpg",
      "transform_matrix": [
        [
          -0.307126,
          0.642778,
          -0.701791,
          1.826685
        ],
        [
          0.950862,
          0.1769,
          -0.254104,
          2.020389
        ],
        [
          -0.039186,
          -0.745348,
          -0.665523,
          1.26853
        ],
        [
          0.0,
          0.0,
          0.0,
          1.0
        ]
      ]
    },
    {
      "file_path": "/media/NFS/ttao/scannet/posed_images/scene0282_02/00249.jpg",
      "transform_matrix": [
        [
          -0.273009,
          0.659593,
          -0.700287,
          1.797453
        ],
        [
          0.961192,
          0.156983,
          -0.226864,
          1.955218
        ],
        [
          -0.039705,
          -0.735046,
          -0.676853,
          1.27014
        ],
        [
          0.0,
          0.0,
          0.0,
          1.0
        ]
      ]
    },
    {
      "file_path": "/media/NFS/ttao/scannet/posed_images/scene0282_02/00254.jpg",
      "transform_matrix": [
        [
          -0.229737,
          0.684554,
          -0.691814,
          1.769009
        ],
        [
          0.972302,
          0.130024,
          -0.194222,
          1.877108
        ],
        [
          -0.043003,
          -0.717273,
          -0.695465,
          1.280881
        ],
        [
          0.0,
          0.0,
          0.0,
          1.0
        ]
      ]
    },
    {
      "file_path": "/media/NFS/ttao/scannet/posed_images/scene0282_02/00259.jpg",
      "transform_matrix": [
        [
          -0.200448,
          0.691178,
          -0.69433,
          1.751745
        ],
        [
          0.979199,
          0.11857,
          -0.164656,
          1.805016
        ],
        [
          -0.03148,
          -0.712892,
          -0.700567,
          1.283789
        ],
        [
          0.0,
          0.0,
          0.0,
          1.0
        ]
      ]
    },
    {
      "file_path": "/media/NFS/ttao/scannet/posed_images/scene0282_02/00260.jpg",
      "transform_matrix": [
        [
          -0.195062,
          0.693609,
          -0.693438,
          1.749484
        ],
        [
          0.980359,
          0.116905,
          -0.158839,
          1.799479
        ],
        [
          -0.029106,
          -0.710802,
          -0.70279,
          1.284402
        ],
        [
          0.0,
          0.0,
          0.0,
          1.0
        ]
      ]
    },
    {
      "file_path": "/media/NFS/ttao/scannet/posed_images/scene0282_02/00266.jpg",
      "transform_matrix": [
        [
          -0.091112,
          0.681381,
          -0.726236,
          1.721529
        ],
        [
          0.995838,
          0.063905,
          -0.064977,
          1.722658
        ],
        [
          0.002136,
          -0.729134,
          -0.684368,
          1.286029
        ],
        [
          0.0,
          0.0,
          0.0,
          1.0
        ]
      ]
    },
    {
      "file_path": "/media/NFS/ttao/scannet/posed_images/scene0282_02/00270.jpg",
      "transform_matrix": [
        [
          0.000193,
          0.66572,
          -0.746201,
          1.700814
        ],
        [
          0.999696,
          -0.018521,
          -0.016266,
          1.6961
        ],
        [
          -0.024649,
          -0.745971,
          -0.665522,
          1.296498
        ],
        [
          0.0,
          0.0,
          0.0,
          1.0
        ]
      ]
    },
    {
      "file_path": "/media/NFS/ttao/scannet/posed_images/scene0282_02/00271.jpg",
      "transform_matrix": [
        [
          0.023388,
          0.662468,
          -0.748725,
          1.694397
        ],
        [
          0.999431,
          -0.033713,
          0.001391,
          1.686834
        ],
        [
          -0.02432,
          -0.748331,
          -0.662879,
          1.297019
        ],
        [
          0.0,
          0.0,
          0.0,
          1.0
        ]
      ]
    },
    {
      "file_path": "/media/NFS/ttao/scannet/posed_images/scene0282_02/00276.jpg",
      "transform_matrix": [
        [
          0.137467,
          0.660304,
          -0.73831,
          1.653656
        ],
        [
          0.990489,
          -0.096,
          0.098563,
          1.648575
        ],
        [
          -0.005797,
          -0.744838,
          -0.667221,
          1.29583
        ],
        [
          0.0,
          0.0,
          0.0,
          1.0
        ]
      ]
    },
    {
      "file_path": "/media/NFS/ttao/scannet/posed_images/scene0282_02/00281.jpg",
      "transform_matrix": [
        [
          0.234613,
          0.63207,
          -0.738542,
          1.616326
        ],
        [
          0.972,
          -0.14224,
          0.187042,
          1.627008
        ],
        [
          0.013173,
          -0.761745,
          -0.647743,
          1.29466
        ],
        [
          0.0,
          0.0,
          0.0,
          1.0
        ]
      ]
    },
    {
      "file_path": "/media/NFS/ttao/scannet/posed_images/scene0282_02/00283.jpg",
      "transform_matrix": [
        [
          0.260529,
          0.626737,
          -0.734388,
          1.591989
        ],
        [
          0.965393,
          -0.159748,
          0.206148,
          1.617404
        ],
        [
          0.011883,
          -0.76268,
          -0.646667,
          1.299066
        ],
        [
          0.0,
          0.0,
          0.0,
          1.0
        ]
      ]
    },
    {
      "file_path": "/media/NFS/ttao/scannet/posed_images/scene0282_02/00288.jpg",
      "transform_matrix": [
        [
          0.283516,
          0.614322,
          -0.73636,
          1.530341
        ],
        [
          0.958803,
          -0.167383,
          0.229519,
          1.592617
        ],
        [
          0.017744,
          -0.771097,
          -0.63647,
          1.309173
        ],
        [
          0.0,
          0.0,
          0.0,
          1.0
        ]
      ]
    },
    {
      "file_path": "/media/NFS/ttao/scannet/posed_images/scene0282_02/00291.jpg",
      "transform_matrix": [
        [
          0.31293,
          0.603259,
          -0.733589,
          1.491039
        ],
        [
          0.949734,
          -0.191446,
          0.247698,
          1.567049
        ],
        [
          0.008984,
          -0.774227,
