{
  "frames": [
    {
      "file_path": "/media/NFS/ttao/scannet/posed_images/scene0329_00/00000.jpg",
      "transform_matrix": [
        [
          -0.858491,
          0.220518,
          -0.462996,
          3.325886
        ],
        [
          0.511929,
          0.421974,
          -0.748243,
          5.60159
        ],
        [
          0.030371,
          -0.87938,
          -0.475151,
          1.541505
        ],
        [
          0.0,
          0.0,
          0.0,
          1.0
        ]
      ]
    },
    {
      "file_path": "/media/NFS/ttao/scannet/posed_images/scene0329_00/00006.jpg",
      "transform_matrix": [
        [
          -0.843795,
          0.225083,
          -0.487182,
          3.3441
        ],
        [
          0.535837,
          0.403761,
          -0.741523,
          5.601833
        ],
        [
          0.029801,
          -0.886744,
          -0.4613,
          1.548034
        ],
        [
          0.0,
          0.0,
          0.0,
          1.0
        ]
      ]
    },
    {
      "file_path": "/media/NFS/ttao/scannet/posed_images/scene0329_00/00009.jpg",
      "transform_matrix": [
        [
          -0.843851,
          0.224175,
          -0.487505,
          3.348713
        ],
        [
          0.535622,
          0.406118,
          -0.74039,
          5.601557
        ],
        [
          0.032007,
          -0.885897,
          -0.462776,
          1.549143
        ],
        [
          0.0,
          0.0,
          0.0,
          1.0
        ]
      ]
    },
    {
      "file_path": "/media/NFS/ttao/scannet/posed_images/scene0329_00/00019.jpg",
      "transform_matrix": [
        [
          -0.854779,
          0.220066,
          -0.470026,
          3.358064
        ],
        [
          0.518553,
          0.399413,
          -0.756024,
          5.593114
        ],
        [
          0.02136,
          -0.889967,
          -0.455525,
          1.55596
        ],
        [
          0.0,
          0.0,
          0.0,
          1.0
        ]
      ]
    },
    {
      "file_path": "/media/NFS/ttao/scannet/posed_images/scene0329_00/00020.jpg",
      "transform_matrix": [
        [
          -0.856715,
          0.217835,
          -0.467532,
          3.35189
        ],
        [
          0.515301,
          0.400935,
          -0.757441,
          5.595541
        ],
        [
          0.022453,
          -0.889831,
          -0.455738,
          1.557906
        ],
        [
          0.0,
          0.0,
          0.0,
          1.0
        ]
      ]
    },
    {
      "file_path": "/media/NFS/ttao/scannet/posed_images/scene0329_00/00027.jpg",
      "transform_matrix": [
        [
          -0.876792,
          0.158798,
          -0.453892,
          3.349289
        ],
        [
          0.478109,
          0.388867,
          -0.787524,
          5.584576
        ],
        [
          0.051446,
          -0.907505,
          -0.416878,
          1.59143
        ],
        [
          0.0,
          0.0,
          0.0,
          1.0
        ]
      ]
    },
    {
      "file_path": "/media/NFS/ttao/scannet/posed_images/scene0329_00/00031.jpg",
      "transform_matrix": [
        [
          -0.901667,
          0.11315,
          -0.417364,
          3.35998
        ],
        [
          0.42703,
          0.385043,
          -0.818161,
          5.580107
        ],
        [
          0.068128,
          -0.915936,
          -0.395499,
          1.602441
        ],
        [
          0.0,
          0.0,
          0.0,
          1.0
        ]
      ]
    },
    {
      "file_path": "/media/NFS/ttao/scannet/posed_images/scene0329_00/00036.jpg",
      "transform_matrix": [
        [
          -0.925371,
          0.072946,
          -0.371979,
          3.362626
        ],
        [
          0.368715,
          0.400945,
          -0.838625,
          5.579134
        ],
        [
          0.087969,
          -0.913193,
          -0.397919,
          1.58906
        ],
        [
          0.0,
          0.0,
          0.0,
          1.0
        ]
      ]
    },
    {
      "file_path": "/media/NFS/ttao/scannet/posed_images/scene0329_00/00044.jpg",
      "transform_matrix": [
        [
          -0.957336,
          0.081563,
          -0.277229,
          3.359935
        ],
        [
          0.280975,
          0.486929,
          -0.827015,
          5.581141
        ],
        [
          0.067537,
          -0.869625,
          -0.489071,
          1.560995
        ],
        [
          0.0,
          0.0,
          0.0,
          1.0
        ]
      ]
    },
    {
      "file_path": "/media/NFS/ttao/scannet/posed_images/scene0329_00/00050.jpg",
      "transform_matrix": [
        [
          -0.979998,
          0.074623,
          -0.184489,
          3.322329
        ],
        [
          0.19596,
          0.523497,
          -0.829187,
          5.618871
        ],
        [
          0.034703,
          -0.848753,
          -0.527649,
          1.56477
        ],
        [
          0.0,
          0.0,
          0.0,
          1.0
        ]
      ]
    },
    {
      "file_path": "/media/NFS/ttao/scannet/posed_images/scene0329_00/00051.jpg",
      "transform_matrix": [
        [
          -0.982572,
          0.0738,
          -0.170606,
          3.314424
        ],
        [
          0.183737,
          0.524674,
          -0.831239,
          5.624169
        ],
        [
          0.028167,
          -0.848099,
          -0.529089,
          1.570663
        ],
        [
          0.0,
          0.0,
          0.0,
          1.0
        ]
      ]
    },
    {
      "file_path": "/media/NFS/ttao/scannet/posed_images/scene0329_00/00058.jpg",
      "transform_matrix": [
        [
          -0.996065,
          0.028377,
          -0.08396,
          3.253742
        ],
        [
          0.085602,
          0.553383,
          -0.828516,
          5.716755
        ],
        [
          0.022951,
          -0.832443,
          -0.553635,
          1.541343
        ],
        [
          0.0,
          0.0,
          0.0,
          1.0
        ]
      ]
    },
    {
      "file_path": "/media/NFS/ttao/scannet/posed_images/scene0329_00/00061.jpg",
      "transform_matrix": [
        [
          -0.997723,
          0.004015,
          -0.067329,
          3.244962
        ],
        [
          0.056557,
          0.593706,
          -0.802692,
          5.773312
        ],
        [
          0.036751,
          -0.804672,
          -0.592581,
          1.511209
        ],
        [
          0.0,
          0.0,
          0.0,
          1.0
        ]
      ]
    },
    {
      "file_path": "/media/NFS/ttao/scannet/posed_images/scene0329_00/00069.jpg",
      "transform_matrix": [
        [
          -0.99873,
          -0.033349,
          0.037762,
          3.209513
        ],
        [
          -0.050375,
          0.670884,
          -0.739849,
          5.865427
        ],
        [
          -0.000661,
          -0.740812,
          -0.671712,
          1.498739
        ],
        [
          0.0,
          0.0,
          0.0,
          1.0
        ]
      ]
    },
    {
      "file_path": "/media/NFS/ttao/scannet/posed_images/scene0329_00/00072.jpg",
      "transform_matrix": [
        [
          -0.995468,
          -0.057717,
          0.075578,
          3.211824
        ],
        [
          -0.094623,
          0.680351,
          -0.726753,
          5.899362
        ],
        [
          -0.009474,
          -0.730611,
          -0.682729,
          1.496583
        ],
        [
          0.0,
          0.0,
          0.0,
          1.0
        ]
      ]
    },
    {
      "file_path": "/media/NFS/ttao/scannet/posed_images/scene0329_00/00076.jpg",
      "transform_matrix": [
        [
          -0.982762,
          -0.110451,
          0.148252,
          3.215966
        ],
        [
          -0.183273,
          0.687348,
          -0.702825,
          5.936758
        ],
        [
          -0.024274,
          -0.717881,
          -0.695742,
          1.489789
        ],
        [
          0.0,
          0.0,
          0.0,
          1.0
        ]
      ]
    },
    {
      "file_path": "/media/NFS/ttao/scannet/posed_images/scene0329_00/00086.jpg",
      "transform_matrix": [
        [
          -0.921442,
          -0.237071,
          0.307801,
          3.257351
        ],
        [
          -0.383382,
          0.683202,
          -0.621493,
          6.02638
        ],
        [
          -0.062952,
          -0.690676,
          -0.72042,
          1.484713
        ],
        [
          0.0,
          0.0,
          0.0,
          1.0
        ]
      ]
    },
    {
      "file_path": "/media/NFS/ttao/scannet/posed_images/scene0329_00/00090.jpg",
      "transform_matrix": [
        [
          -0.906844,
          -0.258653,
          0.332764,
          3.266501
        ],
        [
          -0.416769,
          0.667864,
          -0.616653,
          6.084216
        ],
        [
          -0.062742,
          -0.697894,
          -0.713448,
          1.491167
        ],
        [
          0.0,
          0.0,
          0.0,
          1.0
        ]
      ]
    },
    {
      "file_path": "/media/NFS/ttao/scannet/posed_images/scene0329_00/00095.jpg",
      "transform_matrix": [
        [
          -0.881098,
          -0.301195,
          0.36462,
          3.27079
        ],
        [
          -0.469829,
          0.645651,
          -0.601992,
          6.151007
        ],
        [
          -0.054101,
          -0.701723,
          -0.710392,
          1.492684
        ],
        [
          0.0,
          0.0,
          0.0,
          1.0
        ]
      ]
    },
    {
      "file_path": "/media/NFS/ttao/scannet/posed_images/scene0329_00/00100.jpg",
      "transform_matrix": [
        [
          -0.851689,
          -0.334488,
          0.403414,
          3.267716
        ],
        [
          -0.520277,
          0.631874,
          -0.574497,
          6.201024
        ],
        [
          -0.062745,
          -0.69918,
          -0.712187,
          1.496578
        ],
        [
          0.0,
          0.0,
          0.0,
          1.0
        ]
      ]
    },
    {
      "file_path": "/media/NFS/ttao/scannet/posed_images/scene0329_00/00103.jpg",
      "transform_matrix": [
        [
          -0.825724,
          -0.36801,
          0.42749,
          3.276369
        ],
        [
          -0.560386,
          0.621713,
          -0.547212,
          6.223369
        ],
        [
          -0.064397,
          -0.691406,
          -0.719591,
          1.49535
        ],
        [
          0.0,
          0.0,
          0.0,
          1.0
        ]
      ]
    },
    {
      "file_path": "/media/NFS/ttao/scannet/posed_images/scene0329_00/00112.jpg",
      "transform_matrix": [
        [
          -0.724949,
          -0.456132,
          0.516132,
          3.32209
        ],
        [
          -0.682794,
          0.574642,
          -0.451198,
          6.27073
        ],
        [
          -0.090785,
          -0.679508,
          -0.72803,
          1.495849
        ],
        [
          0.0,
          0.0,
          0.0,
          1.0
        ]
      ]
    },
    {
      "file_path": "/media/NFS/ttao/scannet/posed_images/scene0329_00/00117.jpg",
      "transform_matrix": [
        [
          -0.689077,
          -0.475249,
          0.547094,
          3.352912
        ],
        [
          -0.719686,
          0.537324,
          -0.4397,
          6.264844
        ],
        [
          -0.085,
          -0.696723,
          -0.712287,
          1.511623
        ],
        [
          0.0,
          0.0,
          0.0,
          1.0
        ]
      ]
    },
    {
      "file_path": "/media/NFS/ttao/scannet/posed_images/scene0329_00/00122.jpg",
      "transform_matrix": [
        [
          -0.675466,
          -0.463037,
          0.573884,
          3.385946
        ],
        [
          -0.732244,
          0.512986,
          -0.447955,
          6.232983
        ],
        [
          -0.086975,
          -0.722801,
          -0.685561,
          1.528137
        ],
        [
          0.0,
          0.0,
          0.0,
          1.0
        ]
      ]
    },
    {
      "file_path": "/media/NFS/ttao/scannet/posed_images/scene0329_00/00123.jpg",
      "transform_matrix": [
        [
          -0.674964,
          -0.460243,
          0.576715,
          3.39344
        ],
        [
          -0.732914,
          0.50846,
          -0.452002,
          6.224393
        ],
        [
          -0.085206,
          -0.727768,
          -0.68051,
          1.530512
        ],
        [
          0.0,
          0.0,
          0.0,
          1.0
        ]
      ]
    },
    {
      "file_path": "/media/NFS/ttao/scannet/posed_images/scene0329_00/00133.jpg",
      "transform_matrix": [
        [
          -0.612623,
          -0.451063,
          0.649027,
          3.497
        ],
        [
          -0.784133,
          0.449863,
          -0.427503,
          6.115032
        ],
        [
          -0.099142,
          -0.770822,
          -0.629289,
          1.565238
        ],
        [
          0.0,
          0.0,
          0.0,
          1.0
        ]
      ]
    },
    {
      "file_path": "/media/NFS/ttao/scannet/posed_images/scene0329_00/00137.jpg",
      "transform_matrix": [
        [
          -0.570446,
          -0.458343,
          0.681552,
          3.539507
        ],
        [
          -0.813753,
          0.427891,
          -0.393339,
          6.055167
        ],
        [
          -0.111346,
          -0.778993,
          -0.617067,
          1.578
        ],
        [
          0.0,
          0.0,
          0.0,
          1.0
        ]
      ]
    },
    {
      "file_path": "/media/NFS/ttao/scannet/posed_images/scene0329_00/00142.jpg",
      "transform_matrix": [
        [
          -0.541372,
          -0.455486,
          0.706717,
          3.578015
        ],
        [
          -0.832499,
          0.408096,
          -0.374703,
          5.988425
        ],
        [
          -0.117736,
          -0.791195,
          -0.600124,
          1.584341
        ],
        [
          0.0,
          0.0,
          0.0,
          1.0
        ]
      ]
    },
    {
      "file_path": "/media/NFS/ttao/scannet/posed_images/scene0329_00/00148.jpg",
      "transform_matrix": [
        [
          -0.552257,
          -0.458386,
          0.696344,
          3.613045
        ],
        [
          -0.826704,
          0.4089,
          -0.386474,
          5.92482
        ],
        [
          -0.107581,
          -0.789103,
          -0.604767,
          1.585796
        ],
        [
          0.0,
          0.0,
          0.0,
          1.0
        ]
      ]
    },
    {
      "file_path": "/media/NFS/ttao/scannet/posed_images/scene0329_00/00153.jpg",
      "transform_matrix": [
        [
          -0.599585,
          -0.433946,
          0.67245,
          3.629363
        ],
        [
          -0.794335,
          0.425169,
          -0.433893,
          5.878345
        ],
        [
          -0.097618,
          -0.794307,
          -0.599623,
          1.57723
        ],
        [
          0.0,
          0.0,
          0.0,
          1.0
        ]
      ]
    },
    {
      "file_path": "/media/NFS/ttao/scannet/posed_images/scene0329_00/00157.jpg",
      "transform_matrix": [
        [
          -0.659728,
          -0.40852,
          0.63077,
          3.656805
        ],
        [
          -0.746278,
          0.454958,
          -0.485884,
          5.832657
        ],
        [
          -0.08848,
          -0.791281,
          -0.605018,
          1.570406
        ],
        [
          0.0,
          0.0,
          0.0,
          1.0
        ]
      ]
    },
    {
      "file_path": "/media/NFS/ttao/scannet/posed_images/scene0329_00/00164.jpg",
      "transform_matrix": [
        [
          -0.779043,
          -0.344259,
          0.524002,
          3.703528
        ],
        [
          -0.622276,
          0.526641,
          -0.579157,
          5.755895
        ],
        [
          -0.076581,
          -0.777262,
          -0.6245,
          1.555933
        ],
        [
          0.0,
          0.0,
          0.0,
          1.0
        ]
      ]
    },
    {
      "file_path": "/media/NFS/ttao/scannet/posed_images/scene0329_00/00165.jpg",
      "transform_matrix": [
        [
          -0.794081,
          -0.331886,
          0.509202,
          3.7058
        ],
        [
          -0.602915,
          0.536226,
          -0.590724,
          5.74345
        ],
        [
          -0.076995,
          -0.776089,
          -0.625906,
          1.55145
        ],
        [
          0.0,
          0.0,
          0.0,
          1.0
        ]
      ]
    },
    {
      "file_path": "/media/NFS/ttao/scannet/posed_images/scene0329_00/00170.jpg",
      "transform_matrix": [
        [
          -0.87582,
          -0.246645,
          0.414855,
          3.735327
        ],
        [
          -0.475423,
          0.588945,
          -0.653541,
          5.709073
        ],
        [
          -0.083135,
          -0.769617,
          -0.633071,
          1.543207
        ],
        [
          0.0,
          0.0,
          0.0,
          1.0
        ]
      ]
    },
    {
      "file_path": "/media/NFS/ttao/scannet/posed_images/scene0329_00/00176.jpg",
      "transform_matrix": [
        [
          -0.932636,
          -0.148989,
          0.328622,
          3.729741
        ],
        [
          -0.345848,
          0.628752,
          -0.696463,
          5.646805
        ],
        [
          -0.102856,
          -0.7632,
          -0.637924,
          1.533594
        ],
        [
          0.0,
          0.0,
          0.0,
          1.0
        ]
      ]
    },
    {
      "file_path": "/media/NFS/ttao/scannet/posed_images/scene0329_00/00182.jpg",
      "transform_matrix": [
        [
          -0.978533,
          -0.06498,
          0.195579,
          3.726055
        ],
        [
          -0.192065,
          0.631643,
          -0.751091,
          5.636809
        ],
        [
          -0.07473,
          -0.772532,
          -0.630564,
          1.521182
        ],
        [
          0.0,
          0.0,
          0.0,
          1.0
        ]
      ]
    },
    {
      "file_path": "/media/NFS/ttao/scannet/posed_images/scene0329_00/00187.jpg",
      "transform_matrix": [
        [
          -0.998041,
          -0.01203,
          0.061388,
          3.689172
        ],
        [
          -0.05498,
          0.636782,
          -0.769081,
          5.617648
        ],
        [
          -0.029838,
          -0.77095,
          -0.636197,
          1.509432
        ],
        [
          0.0,
          0.0,
          0.0,
          1.0
        ]
      ]
    },
    {
      "file_path": "/media/NFS/ttao/scannet/posed_images/scene0329_00/00195.jpg",
      "transform_matrix": [
        [
          -0.988884,
          0.10883,
          -0.101317,
          3.588506
        ],
        [
          0.147872,
          0.648347,
          -0.746847,
          5.549388
        ],
        [
          -0.015591,
          -0.753527,
          -0.657232,
          1.492237
        ],
        [
          0.0,
          0.0,
          0.0,
          1.0
        ]
      ]
    },
    {
      "file_path": "/media/NFS/ttao/scannet/posed_images/scene0329_00/00200.jpg",
      "transform_matrix": [
        [
          -0.977118,
          0.158645,
          -0.141679,
          3.555103
        ],
        [
          0.210685,
          0.63042,
          -0.747116,
          5.479618
        ],
        [
          -0.029209,
          -0.75987,
          -0.649418,
          1.489552
        ],
        [
          0.0,
          0.0,
          0.0,
          1.0
        ]
      ]
    },
    {
      "file_path": "/media/NFS/ttao/scannet/posed_images/scene0329_00/00201.jpg",
      "transform_matrix": [
        [
          -0.975985,
          0.164072,
          -0.143295,
          3.545701
        ],
        [
          0.215079,
          0.621451,
          -0.753352,
          5.471547
        ],
        [
          -0.034554,
          -0.76608,
          -0.641815,
          1.484211
        ],
        [
          0.0,
          0.0,
          0.0,
          1.0
        ]
      ]
    },
    {
      "file_path": "/media/NFS/ttao/scannet/posed_images/scene0329_00/00207.jpg",
      "transform_matrix": [
        [
          -0.969533,
          0.172711,
          -0.173715,
          3.505841
        ],
        [
          0.242313,
          0.572188,
          -0.783508,
          5.387173
        ],
        [
          -0.035923,
          -0.801731,
          -0.596605,
          1.515638
        ],
        [
          0.0,
          0.0,
          0.0,
          1.0
        ]
      ]
    },
    {
      "file_path": "/media/NFS/ttao/scannet/posed_images/scene0329_00/00215.jpg",
      "transform_matrix": [
        [
          -0.944044,
          0.142962,
          -0.297226,
          3.508201
        ],
        [
          0.328362,
          0.492038,
          -0.806274,
          5.314626
        ],
        [
          0.03098,
          -0.858755,
          -0.511448,
          1.549446
        ],
        [
          0.0,
          0.0,
          0.0,
          1.0
        ]
      ]
    },
    {
      "file_path": "/media/NFS/ttao/scannet/posed_images/scene0329_00/00220.jpg",
      "transform_matrix": [
        [
          -0.934114,
          0.130927,
          -0.332098,
          3.513704
        ],
        [
          0.354421,
          0.451221,
          -0.819015,
          5.268001
        ],
        [
          0.042618,
          -0.882756,
          -0.467896,
          1.565422
        ],
        [
          0.0,
          0.0,
          0.0,
          1.0
        ]
      ]
    },
    {
      "file_path": "/media/NFS/ttao/scannet/posed_images/scene0329_00/00223.jpg",
      "transform_matrix": [
        [
          -0.917948,
          0.132168,
          -0.374035,
          3.528682
        ],
        [
          0.393363,
          0.425293,
          -0.815102,
          5.237445
        ],
        [
          0.051344,
          -0.895353,
          -0.442387,
          1.568091
        ],
        [
          0.0,
          0.0,
          0.0,
          1.0
        ]
      ]
    },
    {
      "file_path": "/media/NFS/ttao/scannet/posed_images/scene0329_00/00231.jpg",
      "transform_matrix": [
        [
          -0.856984,
          0.183544,
          -0.481549,
          3.579108
        ],
        [
          0.513685,
          0.379123,
          -0.769671,
          5.1475
        ],
        [
          0.041298,
          -0.90696,
          -0.419187,
          1.571092
        ],
        [
          0.0,
          0.0,
          0.0,
          1.0
        ]
      ]
    },
    {
      "file_path": "/media/NFS/ttao/scannet/posed_images/scene0329_00/00234.jpg",
      "transform_matrix": [
        [
          -0.836713,
          0.201493,
          -0.509227,
          3.607872
        ],
        [
          0.546313,
          0.371847,
          -0.750515,
          5.113511
        ],
        [
          0.038131,
          -0.906163,
          -0.421207,
          1.569441
        ],
        [
          0.0,
          0.0,
          0.0,
          1.0
        ]
      ]
    },
    {
      "file_path": "/media/NFS/ttao/scannet/posed_images/scene0329_00/00242.jpg",
      "transform_matrix": [
        [
          -0.850356,
          0.199516,
          -0.486916,
          3.69333
        ],
        [
          0.525554,
          0.368104,
          -0.767002,
          5.025301
        ],
        [
          0.026206,
          -0.908126,
          -0.417876,
          1.587305
        ],
        [
          0.0,
          0.0,
          0.0,
          1.0
        ]
      ]
    },
    {
      "file_path": "/media/NFS/ttao/scannet/posed_images/scene0329_00/00245.jpg",
      "transform_matrix": [
        [
          -0.85971,
          0.184921,
          -0.476133,
          3.713946
        ],
        [
          0.510226,
          0.354418,
          -0.783619,
          5.006719
        ],
        [
          0.023843,
          -0.91662,
          -0.399047,
          1.586468
        ],
        [
          0.0,
          0.0,
          0.0,
          1.0
        ]
      ]
    },
    {
      "file_path": "/media/NFS/ttao/scannet/posed_images/scene0329_00/00251.jpg",
      "transform_matrix": [
        [
          -0.878065,
          0.158174,
          -0.451644,
          3.723801
        ],
        [
          0.47694,
          0.366395,
          -0.798926,
          4.966837
        ],
        [
          0.039111,
          -0.916916,
          -0.397159,
          1.587292
        ],
        [
          0.0,
          0.0,
          0.0,
          1.0
        ]
      ]
    },
    {
      "file_path": "/media/NFS/ttao/scannet/posed_images/scene0329_00/00256.jpg",
      "transform_matrix": [
        [
          -0.895698,
          0.136277,
          -0.423265,
          3.721568
        ],
        [
          0.44286,
          0.359007,
          -0.821577,
          4.942345
        ],
        [
          0.039993,
          -0.923332,
          -0.381914,
          1.579668
        ],
        [
          0.0,
          0.0,
          0.0,
          1.0
        ]
      ]
    },
    {
      "file_path": "/media/NFS/ttao/scannet/posed_images/scene0329_00/00259.jpg",
      "transform_matrix": [
        [
          -0.900301,
          0.127443,
          -0.416192,
          3.722398
        ],
        [
          0.430981,
          0.394859,
          -0.811383,
          4.920118
        ],
        [
          0.060932,
          -0.90986,
          -0.410418,
          1.56362
        ],
        [
          0.0,
          0.0,
          0.0,
          1.0
        ]
      ]
    },
    {
      "file_path": "/media/NFS/ttao/scannet/posed_images/scene0329_00/00267.jpg",
      "transform_matrix": [
        [
          -0.917841,
          0.120929,
          -0.37808,
          3.75328
        ],
        [
          0.391755,
          0.429533,
          -0.813652,
          4.83547
        ],
        [
          0.064003,
          -0.894918,
          -0.441617,
          1.540042
        ],
        [
          0.0,
          0.0,
          0.0,
          1.0
        ]
      ]
    },
    {
      "file_path": "/media/NFS/ttao/scannet/posed_images/scene0329_00/00270.jpg",
      "transform_matrix": [
        [
          -0.921414,
          0.120829,
          -0.36932,
          3.790296
        ],
        [
          0.383472,
          0.436398,
          -0.813945,
          4.785317
        ],
        [
          0.062822,
          -0.891604,
          -0.448437,
          1.542106
        ],
        [
          0.0,
          0.0,
          0.0,
          1.0
        ]
      ]
    },
    {
      "file_path": "/media/NFS/ttao/scannet/posed_images/scene0329_00/00276.jpg",
      "transform_matrix": [
        [
          -0.94923,
          0.138706,
          -0.282353,
          3.858881
        ],
        [
          0.3145,
          0.439023,
          -0.841635,
          4.691333
        ],
        [
          0.00722,
          -0.887705,
          -0.460356,
          1.563147
        ],
        [
          0.0,
          0.0,
          0.0,
          1.0
        ]
      ]
    },
    {
      "file_path": "/media/NFS/ttao/scannet/posed_images/scene0329_00/00284.jpg",
      "transform_matrix": [
        [
          -0.958993,
          0.109121,
          -0.261582,
          3.954303
        ],
        [
          0.283429,
          0.367786,
          -0.885664,
          4.603167
        ],
        [
          -0.000438,
          -0.923486,
          -0.383633,
          1.60576
        ],
        [
          0.0,
          0.0,
          0.0,
          1.0
        ]
      ]
    },
    {
      "file_path": "/media/NFS/ttao/scannet/posed_images/scene0329_00/00285.jpg",
      "transform_matrix": [
        [
          -0.960012,
          0.109138,
          -0.257809,
          3.965244
        ],
        [
          0.279946,
          0.365518,
          -0.887709,
          4.592972
        ],
        [
          -0.002649,
          -0.924384,
          -0.381454,
          1.614026
        ],
        [
          0.0,
          0.0,
          0.0,
          1.0
        ]
      ]
    },
    {
      "file_path": "/media/NFS/ttao/scannet/posed_images/scene0329_00/00290.jpg",
      "transform_matrix": [
        [
          -0.969533,
          0.086416,
          -0.22921,
          4.020809
        ],
        [
          0.244875,
          0.366522,
          -0.897607,
          4.554362
        ],
        [
          0.006443,
          -0.926387,
          -0.376517,
          1.610283
        ],
        [
          0.0,
          0.0,
          0.0,
          1.0
        ]
      ]
    },
    {
      "file_path": "/media/NFS/ttao/scannet/posed_images/scene0329_00/00299.jpg",
      "transform_matrix": [
        [
          -0.988829,
          0.029961,
          -0.146014,
          4.074945
        ],
        [
          0.145828,
          0.397216,
          -0.906065,
          4.518443
        ],
        [
          0.030853,
          -0.917236,
          -0.397148,
          1.591859
        ],
        [
          0.0,
          0.0,
          0.0,
          1.0
        ]
      ]
    },
    {
      "file_path": "/media/NFS/ttao/scannet/posed_images/scene0329_00/00301.jpg",
      "transform_matrix": [
        [
          -0.989841,
          0.031136,
          -0.138724,
          4.109728
        ],
        [
          0.139559,
          0.399116,
          -0.906217,
          4.486694
        ],
        [
          0.027151,
          -0.916372,
          -0.399407,
          1.614973
        ],
        [
          0.0,
          0.0,
          0.0,
          1.0
        ]
      ]
    },
    {
      "file_path": "/media/NFS/ttao/scannet/posed_images/scene0329_00/00306.jpg",
      "transform_matrix": [
        [
          -0.995279,
          -0.001318,
          -0.097041,
          4.12427
        ],
        [
          0.088597,
          0.395816,
          -0.914046,
          4.461572
        ],
        [
          0.039615,
          -0.918329,
          -0.393831,
          1.600606
        ],
        [
          0.0,
          0.0,
          0.0,
          1.0
        ]
      ]
    },
    {
      "file_path": "/media/NFS/ttao/scannet/posed_images/scene0329_00/00313.jpg",
      "transform_matrix": [
        [
          -0.998722,
          -0.016215,
          -0.047876,
          4.195001
        ],
        [
          0.037424,
          0.399466,
          -0.915984,
          4.407596
        ],
        [
          0.033978,
          -0.916605,
          -0.398348,
          1.606941
        ],
        [
          0.0,
          0.0,
          0.0,
          1.0
        ]
      ]
    },
    {
      "file_path": "/media/NFS/ttao/scannet/posed_images/scene0329_00/00318.jpg",
      "transform_matrix": [
        [
          -0.998039,
          -0.050627,
          0.036807,
          4.191628
        ],
        [
          -0.053873,
          0.395415,
          -0.916921,
          4.372049
        ],
        [
          0.031867,
          -0.917106,
          -0.397367,
          1.612157
        ],
        [
          0.0,
          0.0,
          0.0,
          1.0
        ]
      ]
    },
    {
      "file_path": "/media/NFS/ttao/scannet/posed_images/scene0329_00/00321.jpg",
      "transform_matrix": [
        [
          -0.996817,
          -0.055428,
          0.057311,
          4.287163
        ],
        [
          -0.074604,
          0.394873,
          -0.915702,
          4.359271
        ],
        [
          0.028125,
          -0.917062,
          -0.397751,
          1.61807
        ],
        [
          0.0,
          0.0,
          0.0,
          1.0
        ]
      ]
    },
    {
      "file_path": "/media/NFS/ttao/scannet/posed_images/scene0329_00/00331.jpg",
      "transform_matrix": [
        [
          -0.955076,
          -0.109957,
          0.275207,
          4.233058
        ],
        [
          -0.296273,
          0.331601,
          -0.895691,
          4.253287
        ],
        [
          0.007228,
          -0.93699,
          -0.349281,
          1.636237
        ],
        [
          0.0,
          0.0,
          0.0,
          1.0
        ]
      ]
    },
    {
      "file_path": "/media/NFS/ttao/scannet/posed_images/scene0329_00/00332.jpg",
      "transform_matrix": [
        [
          -0.949316,
          -0.116074,
          0.292105,
          4.228645
        ],
        [
          -0.314198,
          0.324331,
          -0.892238,
          4.239582
        ],
        [
          0.008827,
          -0.938795,
          -0.344363,
          1.644702
        ],
        [
          0.0,
          0.0,
          0.0,
          1.0
        ]
      ]
    },
    {
      "file_path": "/media/NFS/ttao/scannet/posed_images/scene0329_00/00337.jpg",
      "transform_matrix": [
        [
          -0.927802,
          -0.104856,
          0.358033,
          4.245806
        ],
        [
          -0.373072,
          0.260837,
          -0.890383,
          4.213139
        ],
        [
          -2.6e-05,
          -0.959671,
          -0.281124,
          1.648375
        ],
        [
          0.0,
          0.0,
          0.0,
          1.0
        ]
      ]
    },
    {
      "file_path": "/media/NFS/ttao/scannet/posed_images/scene0329_00/00343.jpg",
      "transform_matrix": [
        [
          -0.903551,
          -0.091015,
          0.418702,
          4.257749
        ],
        [
          -0.428227,
          0.22539,
          -0.875112,
          4.130449
        ],
        [
          -0.014723,
          -0.970008,
          -0.242626,
          1.692469
        ],
        [
          0.0,
          0.0,
          0.0,
          1.0
        ]
      ]
    },
    {
      "file_path": "/media/NFS/ttao/scannet/posed_images/scene0329_00/00351.jpg",
      "transform_matrix": [
        [
          -0.921477,
          -0.078459,
          0.380426,
          4.37007
        ],
        [
          -0.388423,
          0.179127,
          -0.903903,
          4.058512
        ],
        [
          0.002775,
          -0.980693,
          -0.195536,
          1.678266
        ],
        [
          0.0,
          0.0,
          0.0,
          1.0
        ]
      ]
    },
    {
      "file_path": "/media/NFS/ttao/scannet/posed_images/scene0329_00/00354.jpg",
      "transform_matrix": [
        [
          -0.917265,
          -0.083603,
          0.389403,
          4.40817
        ],
        [
          -0.397966,
          0.153791,
          -0.904418,
          4.025642
        ],
        [
          0.015725,
          -0.98456,
          -0.174338,
          1.692973
        ],
        [
          0.0,
          0.0,
          0.0,
          1.0
        ]
      ]
    },
    {
      "file_path": "/media/NFS/ttao/scannet/posed_images/scene0329_00/00360.jpg",
      "transform_matrix": [
        [
          -0.884013,
          -0.083169,
          0.460004,
          4.458475
        ],
        [
          -0.466731,
          0.10202,
          -0.878495,
          3.953755
        ],
        [
          0.026134,
          -0.9913,
          -0.129005,
          1.69892
        ],
        [
          0.0,
          0.0,
          0.0,
          1.0
        ]
      ]
    },
    {
      "file_path": "/media/NFS/ttao/scannet/posed_images/scene0329_00/00365.jpg",
      "transform_matrix": [
        [
          -0.83519,
          -0.07857,
          0.54432,
          4.482471
        ],
        [
          -0.549289,
          0.070242,
          -0.832675,
          3.898781
        ],
        [
          0.027189,
          -0.994431,
          -0.101823,
          1.729031
        ],
        [
          0.0,
          0.0,
          0.0,
          1.0
        ]
      ]
    },
    {
      "file_path": "/media/NFS/ttao/scannet/posed_images/scene0329_00/00371.jpg",
      "transform_matrix": [
        [
          -0.769028,
          -0.068295,
          0.635557,
          4.52594
        ],
        [
          -0.638662,
          0.040742,
          -0.768408,
          3.863828
        ],
        [
          0.026585,
          -0.996833,
          -0.074949,
          1.775864
        ],
        [
          0.0,
          0.0,
          0.0,
          1.0
        ]
      ]
    },
    {
      "file_path": "/media/NFS/ttao/scannet/posed_images/scene0329_00/00376.jpg",
      "transform_matrix": [
        [
          -0.686643,
          -0.053972,
          0.724989,
          4.527741
        ],
        [
          -0.726683,
          0.021761,
          -0.686628,
          3.819298
        ],
        [
          0.021282,
          -0.998305,
          -0.054163,
          1.784593
        ],
        [
          0.0,
          0.0,
          0.0,
          1.0
        ]
      ]
    },
    {
      "file_path": "/media/NFS/ttao/scannet/posed_images/scene0329_00/00382.jpg",
      "transform_matrix": [
        [
          -0.577787,
          -0.056922,
          0.8142,
          4.546795
        ],
        [
          -0.815551,
          0.000884,
          -0.578685,
          3.794458
        ],
        [
          0.032221,
          -0.998378,
          -0.046934,
          1.803568
        ],
        [
          0.0,
          0.0,
          0.0,
          1.0
        ]
      ]
    },
    {
      "file_path": "/media/NFS/ttao/scannet/posed_images/scene0329_00/00387.jpg",
      "transform_matrix": [
        [
          -0.480157,
          -0.083888,
          0.873162,
          4.553415
        ],
        [
          -0.874621,
          -0.030228,
          -0.483864,
          3.766142
        ],
        [
          0.066984,
          -0.996017,
          -0.058856,
          1.797367
        ],
        [
          0.0,
          0.0,
          0.0,
          1.0
        ]
      ]
    },
    {
      "file_path": "/media/NFS/ttao/scannet/posed_images/scene0329_00/00388.jpg",
      "transform_matrix": [
        [
          -0.455716,
          -0.084366,
          0.886118,
          4.553391
        ],
        [
          -0.887001,
          -0.040298,
          -0.460006,
          3.758785
        ],
        [
          0.074517,
          -0.99562,
          -0.056468,
          1.796438
        ],
        [
          0.0,
          0.0,
          0.0,
          1.0
        ]
      ]
    },
    {
      "file_path": "/media/NFS/ttao/scannet/posed_images/scene0329_00/00394.jpg",
      "transform_matrix": [
        [
          -0.329072,
          -0.090488,
          0.939959,
          4.558368
        ],
        [
          -0.940932,
          -0.052635,
          -0.334479,
          3.73548
        ],
        [
          0.079741,
          -0.994506,
          -0.067822,
          1.789732
        ],
        [
          0.0,
          0.0,
          0.0,
          1.0
        ]
      ]
    },
    {
      "file_path": "/media/NFS/ttao/scannet/posed_images/scene0329_00/00401.jpg",
      "transform_matrix": [
        [
          -0.189137,
          -0.09264,
          0.977571,
          4.565983
        ],
        [
          -0.979623,
          -0.050713,
          -0.194339,
          3.685516
        ],
        [
          0.067579,
