{
  "frames": [
    {
      "file_path": "/media/NFS/ttao/scannet/posed_images/scene0465_00/00000.jpg",
      "transform_matrix": [
        [
          0.069803,
          0.758106,
          -0.648385,
          3.526442
        ],
        [
          0.99217,
          -0.120241,
          -0.033775,
          3.616979
        ],
        [
          -0.103567,
          -0.640951,
          -0.760563,
          1.205764
        ],
        [
          0.0,
          0.0,
          0.0,
          1.0
        ]
      ]
    },
    {
      "file_path": "/media/NFS/ttao/scannet/posed_images/scene0465_00/00032.jpg",
      "transform_matrix": [
        [
          0.002451,
          0.62349,
          -0.781828,
          3.494565
        ],
        [
          0.996375,
          -0.068007,
          -0.05111,
          3.619662
        ],
        [
          -0.085036,
          -0.778868,
          -0.621396,
          1.327993
        ],
        [
          0.0,
          0.0,
          0.0,
          1.0
        ]
      ]
    },
    {
      "file_path": "/media/NFS/ttao/scannet/posed_images/scene0465_00/00050.jpg",
      "transform_matrix": [
        [
          -0.002856,
          0.469938,
          -0.882695,
          3.522664
        ],
        [
          0.997699,
          -0.058452,
          -0.034347,
          3.618835
        ],
        [
          -0.067736,
          -0.880762,
          -0.46869,
          1.391331
        ],
        [
          0.0,
          0.0,
          0.0,
          1.0
        ]
      ]
    },
    {
      "file_path": "/media/NFS/ttao/scannet/posed_images/scene0465_00/00076.jpg",
      "transform_matrix": [
        [
          -0.004515,
          0.113896,
          -0.993482,
          3.57467
        ],
        [
          0.999795,
          -0.019088,
          -0.006732,
          3.617838
        ],
        [
          -0.01973,
          -0.993309,
          -0.113787,
          1.406134
        ],
        [
          0.0,
          0.0,
          0.0,
          1.0
        ]
      ]
    },
    {
      "file_path": "/media/NFS/ttao/scannet/posed_images/scene0465_00/00095.jpg",
      "transform_matrix": [
        [
          0.068003,
          -0.113544,
          -0.991203,
          3.573107
        ],
        [
          0.997685,
          0.008214,
          0.067506,
          3.632107
        ],
        [
          0.000477,
          -0.993499,
          0.11384,
          1.41887
        ],
        [
          0.0,
          0.0,
          0.0,
          1.0
        ]
      ]
    },
    {
      "file_path": "/media/NFS/ttao/scannet/posed_images/scene0465_00/00107.jpg",
      "transform_matrix": [
        [
          0.027603,
          -0.162204,
          -0.986371,
          3.599858
        ],
        [
          0.999564,
          -0.005891,
          0.028941,
          3.630007
        ],
        [
          -0.010505,
          -0.98674,
          0.161971,
          1.471095
        ],
        [
          0.0,
          0.0,
          0.0,
          1.0
        ]
      ]
    },
    {
      "file_path": "/media/NFS/ttao/scannet/posed_images/scene0465_00/00120.jpg",
      "transform_matrix": [
        [
          -0.106041,
          -0.189478,
          -0.976142,
          3.601174
        ],
        [
          0.994079,
          -0.043594,
          -0.099528,
          3.642088
        ],
        [
          -0.023695,
          -0.980917,
          0.192979,
          1.443395
        ],
        [
          0.0,
          0.0,
          0.0,
          1.0
        ]
      ]
    },
    {
      "file_path": "/media/NFS/ttao/scannet/posed_images/scene0465_00/00151.jpg",
      "transform_matrix": [
        [
          -0.507427,
          -0.136598,
          -0.850799,
          3.575362
        ],
        [
          0.861188,
          -0.046535,
          -0.506152,
          3.750253
        ],
        [
          0.029547,
          -0.989533,
          0.141249,
          1.583238
        ],
        [
          0.0,
          0.0,
          0.0,
          1.0
        ]
      ]
    },
    {
      "file_path": "/media/NFS/ttao/scannet/posed_images/scene0465_00/00164.jpg",
      "transform_matrix": [
        [
          -0.59233,
          -0.16698,
          -0.788202,
          3.557614
        ],
        [
          0.804407,
          -0.067271,
          -0.590257,
          3.761022
        ],
        [
          0.045538,
          -0.983663,
          0.174166,
          1.631965
        ],
        [
          0.0,
          0.0,
          0.0,
          1.0
        ]
      ]
    },
    {
      "file_path": "/media/NFS/ttao/scannet/posed_images/scene0465_00/00183.jpg",
      "transform_matrix": [
        [
          -0.734384,
          -0.180444,
          -0.654309,
          3.591816
        ],
        [
          0.677639,
          -0.140192,
          -0.721908,
          3.637067
        ],
        [
          0.038535,
          -0.973543,
          0.225231,
          1.56855
        ],
        [
          0.0,
          0.0,
          0.0,
          1.0
        ]
      ]
    },
    {
      "file_path": "/media/NFS/ttao/scannet/posed_images/scene0465_00/00214.jpg",
      "transform_matrix": [
        [
          -0.887815,
          -0.032327,
          -0.459064,
          3.586919
        ],
        [
          0.458939,
          0.011629,
          -0.888391,
          3.674011
        ],
        [
          0.034058,
          -0.99941,
          0.004511,
          1.562924
        ],
        [
          0.0,
          0.0,
          0.0,
          1.0
        ]
      ]
    },
    {
      "file_path": "/media/NFS/ttao/scannet/posed_images/scene0465_00/00240.jpg",
      "transform_matrix": [
        [
          -0.837972,
          0.135616,
          -0.528594,
          3.520319
        ],
        [
          0.543808,
          0.288384,
          -0.788104,
          3.627712
        ],
        [
          0.045559,
          -0.947863,
          -0.315407,
          1.517482
        ],
        [
          0.0,
          0.0,
          0.0,
          1.0
        ]
      ]
    },
    {
      "file_path": "/media/NFS/ttao/scannet/posed_images/scene0465_00/00246.jpg",
      "transform_matrix": [
        [
          -0.8381,
          0.173525,
          -0.517182,
          3.507366
        ],
        [
          0.544376,
          0.327307,
          -0.77235,
          3.628134
        ],
        [
          0.035256,
          -0.928848,
          -0.368779,
          1.495875
        ],
        [
          0.0,
          0.0,
          0.0,
          1.0
        ]
      ]
    },
    {
      "file_path": "/media/NFS/ttao/scannet/posed_images/scene0465_00/00284.jpg",
      "transform_matrix": [
        [
          -0.901383,
          0.25782,
          -0.347905,
          3.487567
        ],
        [
          0.432827,
          0.560642,
          -0.705933,
          3.737198
        ],
        [
          0.013047,
          -0.786899,
          -0.616944,
          1.300767
        ],
        [
          0.0,
          0.0,
          0.0,
          1.0
        ]
      ]
    },
    {
      "file_path": "/media/NFS/ttao/scannet/posed_images/scene0465_00/00290.jpg",
      "transform_matrix": [
        [
          -0.904063,
          0.232519,
          -0.358617,
          3.503058
        ],
        [
          0.425701,
          0.564618,
          -0.707096,
          3.737806
        ],
        [
          0.038068,
          -0.791923,
          -0.609433,
          1.255505
        ],
        [
          0.0,
          0.0,
          0.0,
          1.0
        ]
      ]
    },
    {
      "file_path": "/media/NFS/ttao/scannet/posed_images/scene0465_00/00328.jpg",
      "transform_matrix": [
        [
          -0.937561,
          -0.072837,
          -0.340108,
          3.488019
        ],
        [
          0.333886,
          0.085523,
          -0.938726,
          3.747237
        ],
        [
          0.097461,
          -0.99367,
          -0.055863,
          0.771305
        ],
        [
          0.0,
          0.0,
          0.0,
          1.0
        ]
      ]
    },
    {
      "file_path": "/media/NFS/ttao/scannet/posed_images/scene0465_00/00347.jpg",
      "transform_matrix": [
        [
          -0.998386,
          0.056351,
          0.007073,
          3.52564
        ],
        [
          0.001751,
          0.155032,
          -0.987908,
          3.774945
        ],
        [
          -0.056766,
          -0.986301,
          -0.15488,
          0.685124
        ],
        [
          0.0,
          0.0,
          0.0,
          1.0
        ]
      ]
    },
    {
      "file_path": "/media/NFS/ttao/scannet/posed_images/scene0465_00/00366.jpg",
      "transform_matrix": [
        [
          -0.968845,
          0.046969,
          0.243173,
          3.566499
        ],
        [
          -0.225169,
          0.241846,
          -0.943827,
          3.769013
        ],
        [
          -0.103141,
          -0.969177,
          -0.223736,
          0.657686
        ],
        [
          0.0,
          0.0,
          0.0,
          1.0
        ]
      ]
    },
    {
      "file_path": "/media/NFS/ttao/scannet/posed_images/scene0465_00/00372.jpg",
      "transform_matrix": [
        [
          -0.949601,
          0.007082,
          0.313381,
          3.603766
        ],
        [
          -0.303243,
          0.232419,
          -0.924135,
          3.804584
        ],
        [
          -0.079381,
          -0.97259,
          -0.218557,
          0.658796
        ],
        [
          0.0,
          0.0,
          0.0,
          1.0
        ]
      ]
    },
    {
      "file_path": "/media/NFS/ttao/scannet/posed_images/scene0465_00/00410.jpg",
      "transform_matrix": [
        [
          -0.706626,
          -0.120643,
          0.697226,
          3.680896
        ],
        [
          -0.698633,
          0.275214,
          -0.660431,
          3.898831
        ],
        [
          -0.112211,
          -0.953783,
          -0.278759,
          0.687733
        ],
        [
          0.0,
          0.0,
          0.0,
          1.0
        ]
      ]
    },
    {
      "file_path": "/media/NFS/ttao/scannet/posed_images/scene0465_00/00416.jpg",
      "transform_matrix": [
        [
          -0.694054,
          -0.132802,
          0.707569,
          3.691442
        ],
        [
          -0.712754,
          0.265115,
          -0.649381,
          3.907937
        ],
        [
          -0.101348,
          -0.955028,
          -0.278659,
          0.67037
        ],
        [
          0.0,
          0.0,
          0.0,
          1.0
        ]
      ]
    },
    {
      "file_path": "/media/NFS/ttao/scannet/posed_images/scene0465_00/00435.jpg",
      "transform_matrix": [
        [
          -0.550299,
          -0.188206,
          0.81348,
          3.720291
        ],
        [
          -0.819462,
          0.308623,
          -0.482943,
          3.944716
        ],
        [
          -0.160166,
          -0.932379,
          -0.324063,
          0.670055
        ],
        [
          0.0,
          0.0,
          0.0,
          1.0
        ]
      ]
    },
    {
      "file_path": "/media/NFS/ttao/scannet/posed_images/scene0465_00/00467.jpg",
      "transform_matrix": [
        [
          -0.39301,
          -0.381973,
          0.836445,
          3.803002
        ],
        [
          -0.916735,
          0.233681,
          -0.324022,
          3.890112
        ],
        [
          -0.071693,
          -0.894142,
          -0.442007,
          1.13602
        ],
        [
          0.0,
          0.0,
          0.0,
          1.0
        ]
      ]
    },
    {
      "file_path": "/media/NFS/ttao/scannet/posed_images/scene0465_00/00492.jpg",
      "transform_matrix": [
        [
          -0.246306,
          -0.367102,
          0.896978,
          3.769933
        ],
        [
          -0.968105,
          0.137008,
          -0.209765,
          3.859922
        ],
        [
          -0.045888,
          -0.920036,
          -0.389139,
          1.365372
        ],
        [
          0.0,
          0.0,
          0.0,
          1.0
        ]
      ]
    },
    {
      "file_path": "/media/NFS/ttao/scannet/posed_images/scene0465_00/00498.jpg",
      "transform_matrix": [
        [
          -0.224142,
          -0.319202,
          0.920799,
          3.737071
        ],
        [
          -0.973605,
          0.115091,
          -0.197098,
          3.842393
        ],
        [
          -0.043062,
          -0.940672,
          -0.336573,
          1.401773
        ],
        [
          0.0,
          0.0,
          0.0,
          1.0
        ]
      ]
    },
    {
      "file_path": "/media/NFS/ttao/scannet/posed_images/scene0465_00/00530.jpg",
      "transform_matrix": [
        [
          -0.394241,
          -0.062991,
          0.916846,
          3.586511
        ],
        [
          -0.919003,
          0.024181,
          -0.393507,
          3.840168
        ],
        [
          0.002617,
          -0.997721,
          -0.067422,
          1.494983
        ],
        [
          0.0,
          0.0,
          0.0,
          1.0
        ]
      ]
    },
    {
      "file_path": "/media/NFS/ttao/scannet/posed_images/scene0465_00/00542.jpg",
      "transform_matrix": [
        [
          -0.511993,
          0.008337,
          0.858949,
          3.59607
        ],
        [
          -0.858966,
          0.002443,
          -0.512027,
          3.8796
        ],
        [
          -0.006367,
          -0.999962,
          0.005911,
          1.494293
        ],
        [
          0.0,
          0.0,
          0.0,
          1.0
        ]
      ]
    },
    {
      "file_path": "/media/NFS/ttao/scannet/posed_images/scene0465_00/00580.jpg",
      "transform_matrix": [
        [
          -0.833333,
          -0.208698,
          0.51186,
          3.677515
        ],
        [
          -0.552739,
          0.304703,
          -0.775651,
          3.866948
        ],
        [
          0.005912,
          -0.929302,
          -0.369275,
          1.426621
        ],
        [
          0.0,
          0.0,
          0.0,
          1.0
        ]
      ]
    },
    {
      "file_path": "/media/NFS/ttao/scannet/posed_images/scene0465_00/00593.jpg",
      "transform_matrix": [
        [
          -0.890305,
          -0.211711,
          0.403157,
          3.704364
        ],
        [
          -0.455345,
          0.422034,
          -0.783931,
          3.870924
        ],
        [
          -0.004179,
          -0.881513,
          -0.472141,
          1.396439
        ],
        [
          0.0,
          0.0,
          0.0,
          1.0
        ]
      ]
    },
    {
      "file_path": "/media/NFS/ttao/scannet/posed_images/scene0465_00/00612.jpg",
      "transform_matrix": [
        [
          -0.80319,
          -0.289596,
          0.520596,
          3.644192
        ],
        [
          -0.590488,
          0.502615,
          -0.631428,
          3.888174
        ],
        [
          -0.0788,
          -0.814563,
          -0.574698,
          1.378903
        ],
        [
          0.0,
          0.0,
          0.0,
          1.0
        ]
      ]
    },
    {
      "file_path": "/media/NFS/ttao/scannet/posed_images/scene0465_00/00637.jpg",
      "transform_matrix": [
        [
          -0.920542,
          -0.212169,
          0.328004,
          3.565893
        ],
        [
          -0.388359,
          0.587712,
          -0.709768,
          3.863971
        ],
        [
          -0.042181,
          -0.780755,
          -0.623412,
          1.389695
        ],
        [
          0.0,
          0.0,
          0.0,
          1.0
        ]
      ]
    },
    {
      "file_path": "/media/NFS/ttao/scannet/posed_images/scene0465_00/00656.jpg",
      "transform_matrix": [
        [
          -0.991593,
          -0.062228,
          0.11345,
          3.575503
        ],
        [
          -0.128225,
          0.590226,
          -0.796989,
          3.8545
        ],
        [
          -0.017366,
          -0.804836,
          -0.593243,
          1.403303
        ],
        [
          0.0,
          0.0,
          0.0,
          1.0
        ]
      ]
    },
    {
      "file_path": "/media/NFS/ttao/scannet/posed_images/scene0465_00/00681.jpg",
      "transform_matrix": [
        [
          -0.999614,
          0.027736,
          0.001681,
          3.544932
        ],
        [
          0.012157,
          0.490944,
          -0.871106,
          3.846035
        ],
        [
          -0.024986,
          -0.87075,
          -0.491092,
          1.438254
        ],
        [
          0.0,
          0.0,
          0.0,
          1.0
        ]
      ]
    },
    {
      "file_path": "/media/NFS/ttao/scannet/posed_images/scene0465_00/00700.jpg",
      "transform_matrix": [
        [
          -0.996426,
          0.035217,
          0.076782,
          3.541497
        ],
        [
          -0.058447,
          0.368837,
          -0.927655,
          3.866091
        ],
        [
          -0.060989,
          -0.928827,
          -0.36546,
          1.470676
        ],
        [
          0.0,
          0.0,
          0.0,
          1.0
        ]
      ]
    },
    {
      "file_path": "/media/NFS/ttao/scannet/posed_images/scene0465_00/00713.jpg",
      "transform_matrix": [
        [
          -0.996126,
          0.012971,
          0.08697,
          3.542738
        ],
        [
          -0.080175,
          0.272188,
          -0.958898,
          3.879026
        ],
        [
          -0.03611,
          -0.962157,
          -0.270094,
          1.499897
        ],
        [
          0.0,
          0.0,
          0.0,
          1.0
        ]
      ]
    },
    {
      "file_path": "/media/NFS/ttao/scannet/posed_images/scene0465_00/00731.jpg",
      "transform_matrix": [
        [
          -0.994337,
          0.003278,
          0.106227,
          3.547297
        ],
        [
          -0.10521,
          0.110967,
          -0.988239,
          3.899637
        ],
        [
          -0.015028,
          -0.993819,
          -0.109994,
          1.529274
        ],
        [
          0.0,
          0.0,
          0.0,
          1.0
        ]
      ]
    },
    {
      "file_path": "/media/NFS/ttao/scannet/posed_images/scene0465_00/00750.jpg",
      "transform_matrix": [
        [
          -0.994273,
          0.001967,
          -0.106848,
          3.591366
        ],
        [
          0.106306,
          0.120357,
          -0.987022,
          3.88162
        ],
        [
          0.010919,
          -0.992729,
          -0.119877,
          1.541945
        ],
        [
          0.0,
          0.0,
          0.0,
          1.0
        ]
      ]
    },
    {
      "file_path": "/media/NFS/ttao/scannet/posed_images/scene0465_00/00782.jpg",
      "transform_matrix": [
        [
          -0.942502,
          -0.033613,
          0.332505,
          3.576067
        ],
        [
          -0.33228,
          0.200749,
          -0.921569,
          3.864774
        ],
        [
          -0.035773,
          -0.979066,
          -0.200376,
          1.481579
        ],
        [
          0.0,
          0.0,
          0.0,
          1.0
        ]
      ]
    },
    {
      "file_path": "/media/NFS/ttao/scannet/posed_images/scene0465_00/00801.jpg",
      "transform_matrix": [
        [
          -0.812639,
          -0.090293,
          0.575731,
          3.451945
        ],
        [
          -0.571779,
          0.314482,
          -0.75774,
          3.707071
        ],
        [
          -0.112639,
          -0.94496,
          -0.307187,
          1.437928
        ],
        [
          0.0,
          0.0,
          0.0,
          1.0
        ]
      ]
    },
    {
      "file_path": "/media/NFS/ttao/scannet/posed_images/scene0465_00/00813.jpg",
      "transform_matrix": [
        [
          -0.760174,
          -0.2156,
          0.612904,
          3.442124
        ],
        [
          -0.648423,
          0.311312,
          -0.694718,
          3.54001
        ],
        [
          -0.041023,
          -0.925528,
          -0.376452,
          1.397777
        ],
        [
          0.0,
          0.0,
          0.0,
          1.0
        ]
      ]
    },
    {
      "file_path": "/media/NFS/ttao/scannet/posed_images/scene0465_00/00851.jpg",
      "transform_matrix": [
        [
          -0.174847,
          -0.338168,
          0.9247,
          2.977029
        ],
        [
          -0.984106,
          0.089644,
          -0.153296,
          3.362885
        ],
        [
          -0.031054,
          -0.936807,
          -0.348467,
          1.452749
        ],
        [
          0.0,
          0.0,
          0.0,
          1.0
        ]
      ]
    },
    {
      "file_path": "/media/NFS/ttao/scannet/posed_images/scene0465_00/00858.jpg",
      "transform_matrix": [
        [
          -0.138727,
          -0.336886,
          0.931269,
          2.881991
        ],
        [
          -0.989935,
          0.073742,
          -0.12079,
          3.38519
        ],
        [
          -0.027981,
          -0.938653,
          -0.343726,
          1.440944
        ],
        [
          0.0,
          0.0,
          0.0,
          1.0
        ]
      ]
    },
    {
      "file_path": "/media/NFS/ttao/scannet/posed_images/scene0465_00/00889.jpg",
      "transform_matrix": [
        [
          -0.033476,
          -0.384435,
          0.922545,
          2.5176
        ],
        [
          -0.999078,
          0.037699,
          -0.020543,
          3.270706
        ],
        [
          -0.026882,
          -0.922382,
          -0.385343,
          1.446398
        ],
        [
          0.0,
          0.0,
          0.0,
          1.0
        ]
      ]
    },
    {
      "file_path": "/media/NFS/ttao/scannet/posed_images/scene0465_00/00902.jpg",
      "transform_matrix": [
        [
          -0.105921,
          -0.27018,
          0.956966,
          2.442726
        ],
        [
          -0.994275,
          0.042407,
          -0.098078,
          3.278371
        ],
        [
          -0.014084,
          -0.961876,
          -0.273125,
          1.509837
        ],
        [
          0.0,
          0.0,
          0.0,
          1.0
        ]
      ]
    },
    {
      "file_path": "/media/NFS/ttao/scannet/posed_images/scene0465_00/00933.jpg",
      "transform_matrix": [
        [
          -0.303014,
          -0.134499,
          0.943447,
          2.247299
        ],
        [
          -0.95215,
          0.001276,
          -0.305627,
          3.378097
        ],
        [
          0.039903,
          -0.990913,
          -0.12845,
          1.481605
        ],
        [
          0.0,
          0.0,
          0.0,
          1.0
        ]
      ]
    },
    {
      "file_path": "/media/NFS/ttao/scannet/posed_images/scene0465_00/00940.jpg",
      "transform_matrix": [
        [
          -0.240381,
          -0.257938,
          0.935781,
          2.213808
        ],
        [
          -0.969957,
          0.026665,
          -0.24181,
          3.373321
        ],
        [
          0.037419,
          -0.965794,
          -0.256598,
          1.4351
        ],
        [
          0.0,
          0.0,
          0.0,
          1.0
        ]
      ]
    },
    {
      "file_path": "/media/NFS/ttao/scannet/posed_images/scene0465_00/00965.jpg",
      "transform_matrix": [
        [
          -0.064709,
          -0.576605,
          0.814456,
          2.094891
        ],
        [
          -0.997068,
          0.070761,
          -0.029122,
          3.294876
        ],
        [
          -0.04084,
          -0.813953,
          -0.579493,
          1.420084
        ],
        [
          0.0,
          0.0,
          0.0,
          1.0
        ]
      ]
    },
    {
      "file_path": "/media/NFS/ttao/scannet/posed_images/scene0465_00/00984.jpg",
      "transform_matrix": [
        [
          -0.074219,
          -0.712466,
          0.697771,
          2.066207
        ],
        [
          -0.994357,
          0.106048,
          0.002516,
          3.425176
        ],
        [
          -0.07579,
          -0.693647,
          -0.716317,
          1.390073
        ],
        [
          0.0,
          0.0,
          0.0,
          1.0
        ]
      ]
    },
    {
      "file_path": "/media/NFS/ttao/scannet/posed_images/scene0465_00/01015.jpg",
      "transform_matrix": [
        [
          -0.042335,
          -0.851354,
          0.52288,
          1.947289
        ],
        [
          -0.991416,
          0.100594,
          0.083518,
          3.584686
        ],
        [
          -0.123702,
          -0.514856,
          -0.848305,
          1.379457
        ],
        [
          0.0,
          0.0,
          0.0,
          1.0
        ]
      ]
    },
    {
      "file_path": "/media/NFS/ttao/scannet/posed_images/scene0465_00/01040.jpg",
      "transform_matrix": [
        [
          0.196567,
          -0.85836,
          0.473897,
          1.744778
        ],
        [
          -0.962946,
          -0.07798,
          0.258174,
          3.561092
        ],
        [
          -0.184652,
          -0.507086,
          -0.841883,
          1.414376
        ],
        [
          0.0,
          0.0,
          0.0,
          1.0
        ]
      ]
    },
    {
      "file_path": "/media/NFS/ttao/scannet/posed_images/scene0465_00/01047.jpg",
      "transform_matrix": [
        [
          0.249925,
          -0.836345,
          0.487918,
          1.706762
        ],
        [
          -0.955095,
          -0.130109,
          0.266204,
          3.58096
        ],
        [
          -0.159156,
          -0.53254,
          -0.831307,
          1.423711
        ],
        [
          0.0,
          0.0,
          0.0,
          1.0
        ]
      ]
    },
    {
      "file_path": "/media/NFS/ttao/scannet/posed_images/scene0465_00/01072.jpg",
      "transform_matrix": [
        [
          0.472505,
          -0.63426,
          0.611926,
          1.609015
        ],
        [
          -0.870922,
          -0.229647,
          0.434463,
          3.518207
        ],
        [
          -0.135035,
          -0.738225,
          -0.6609,
          1.504395
        ],
        [
          0.0,
          0.0,
          0.0,
          1.0
        ]
      ]
    },
    {
      "file_path": "/media/NFS/ttao/scannet/posed_images/scene0465_00/01097.jpg",
      "transform_matrix": [
        [
          0.683191,
          -0.623621,
          0.37993,
          1.519783
        ],
        [
          -0.715021,
          -0.465618,
          0.521483,
          3.345937
        ],
        [
          -0.148305,
          -0.627931,
          -0.764008,
          1.452559
        ],
        [
          0.0,
          0.0,
          0.0,
          1.0
        ]
      ]
    },
    {
      "file_path": "/media/NFS/ttao/scannet/posed_images/scene0465_00/01110.jpg",
      "transform_matrix": [
        [
          0.764971,
          -0.556123,
          0.324878,
          1.423538
        ],
        [
          -0.630677,
          -0.544479,
          0.552982,
          3.331433
        ],
        [
          -0.130637,
          -0.627908,
          -0.767245,
          1.441352
        ],
        [
          0.0,
          0.0,
          0.0,
          1.0
        ]
      ]
    },
    {
      "file_path": "/media/NFS/ttao/scannet/posed_images/scene0465_00/01129.jpg",
      "transform_matrix": [
        [
          0.922629,
          -0.367375,
          0.117441,
          1.339715
        ],
        [
          -0.351286,
          -0.674714,
          0.649122,
          3.234589
        ],
        [
          -0.159232,
          -0.640154,
          -0.751564,
          1.450325
        ],
        [
          0.0,
          0.0,
          0.0,
          1.0
        ]
      ]
    },
    {
      "file_path": "/media/NFS/ttao/scannet/posed_images/scene0465_00/01167.jpg",
      "transform_matrix": [
        [
          0.986871,
          -0.11236,
          -0.116023,
          1.318654
        ],
        [
          0.043972,
          -0.504309,
          0.862403,
          3.129786
        ],
        [
          -0.155411,
          -0.856182,
          -0.492747,
          1.523828
        ],
        [
          0.0,
          0.0,
          0.0,
          1.0
        ]
      ]
    },
    {
      "file_path": "/media/NFS/ttao/scannet/posed_images/scene0465_00/01173.jpg",
      "transform_matrix": [
        [
          0.986821,
          -0.107771,
          -0.120705,
          1.307315
        ],
        [
          0.066557,
          -0.409593,
          0.909837,
          3.129581
        ],
        [
          -0.147493,
          -0.90588,
          -0.397022,
          1.54352
        ],
        [
          0.0,
          0.0,
          0.0,
          1.0
        ]
      ]
    },
    {
      "file_path": "/media/NFS/ttao/scannet/posed_images/scene0465_00/01204.jpg",
      "transform_matrix": [
        [
          0.981821,
          -0.111641,
          -0.153503,
          1.390949
        ],
        [
          0.147569,
          -0.059656,
          0.987251,
          3.041105
        ],
        [
          -0.119375,
          -0.991956,
          -0.042097,
          1.612388
        ],
        [
          0.0,
          0.0,
          0.0,
          1.0
        ]
      ]
    },
    {
      "file_path": "/media/NFS/ttao/scannet/posed_images/scene0465_00/01230.jpg",
      "transform_matrix": [
        [
          0.972601,
          -0.149277,
          -0.178221,
          1.458557
        ],
        [
          0.204619,
          0.185787,
          0.961049,
          2.973707
        ],
        [
          -0.110352,
          -0.971185,
          0.211241,
          1.660594
        ],
        [
          0.0,
          0.0,
          0.0,
          1.0
        ]
      ]
    },
    {
      "file_path": "/media/NFS/ttao/scannet/posed_images/scene0465_00/01236.jpg",
      "transform_matrix": [
        [
          0.973828,
          -0.132944,
          -0.184351,
          1.444498
        ],
        [
          0.203481,
          0.148572,
          0.96774,
          2.948253
        ],
        [
          -0.101266,
          -0.979925,
          0.171735,
          1.660257
        ],
        [
          0.0,
          0.0,
          0.0,
          1.0
        ]
      ]
    },
    {
      "file_path": "/media/NFS/ttao/scannet/posed_images/scene0465_00/01261.jpg",
      "transform_matrix": [
        [
          0.968011,
          -0.064403,
          -0.242499,
          1.342324
        ],
        [
          0.230965,
          -0.148867,
          0.961506,
          2.838739
        ],
        [
          -0.098024,
          -0.986758,
          -0.12923,
          1.631194
        ],
        [
          0.0,
          0.0,
          0.0,
          1.0
        ]
      ]
    },
    {
      "file_path": "/media/NFS/ttao/scannet/posed_images/scene0465_00/01280.jpg",
      "transform_matrix": [
        [
          0.978296,
          -0.043642,
          -0.202567,
          1.350823
        ],
        [
          0.172707,
          -0.368441,
          0.913468,
          2.849214
        ],
        [
          -0.1145,
          -0.928626,
          -0.352907,
          1.586185
        ],
        [
          0.0,
          0.0,
          0.0,
          1.0
        ]
      ]
    },
    {
      "file_path": "/media/NFS/ttao/scannet/posed_images/scene0465_00/01299.jpg",
      "transform_matrix": [
        [
          0.970105,
          0.004485,
          -0.242644,
          1.391331
        ],
        [
          0.200525,
          -0.577988,
          0.791024,
          2.943566
        ],
        [
          -0.136698,
          -0.816033,
          -0.561608,
          1.515442
        ],
        [
          0.0,
          0.0,
          0.0,
          1.0
        ]
      ]
    },
    {
      "file_path": "/media/NFS/ttao/scannet/posed_images/scene0465_00/01337.jpg",
      "transform_matrix": [
        [
          0.971778,
          -0.039542,
          -0.232559,
          1.478982
        ],
        [
          0.193673,
          -0.429098,
          0.88225,
          3.140855
        ],
        [
          -0.134677,
          -0.902392,
          -0.40933,
          1.557088
        ],
        [
          0.0,
          0.0,
          0.0,
          1.0
        ]
      ]
    },
    {
      "file_path": "/media/NFS/ttao/scannet/posed_images/scene0465_00/01356.jpg",
      "transform_matrix": [
        [
          0.992918,
          -0.110492,
          -0.043643,
          1.357914
        ],
        [
          -0.012881,
          -0.465337,
          0.88504,
          3.390608
        ],
        [
          -0.118098,
          -0.87821,
          -0.463465,
          1.552402
        ],
        [
          0.0,
          0.0,
          0.0,
          1.0
        ]
      ]
    },
    {
      "file_path": "/media/NFS/ttao/scannet/posed_images/scene0465_00/01362.jpg",
      "transform_matrix": [
        [
          0.987166,
          -0.154425,
          -0.040698,
          1.339029
        ],
        [
          -0.039803,
          -0.484718,
          0.873765,
          3.466106
        ],
        [
          -0.154658,
          -0.860931,
          -0.484643,
          1.540614
        ],
        [
          0.0,
          0.0,
          0.0,
          1.0
        ]
      ]
    },
    {
      "file_path": "/media/NFS/ttao/scannet/posed_images/scene0465_00/01400.jpg",
      "transform_matrix": [
        [
          0.908127,
          -0.389277,
          0.154169,
          1.120953
        ],
        [
          -0.382553,
          -0.621792,
          0.683394,
          3.675525
        ],
        [
          -0.170169,
          -0.679586,
          -0.713586,
          1.50402
        ],
        [
          0.0,
          0.0,
          0.0,
          1.0
        ]
      ]
    },
    {
      "file_path": "/media/NFS/ttao/scannet/posed_images/scene0465_00/01406.jpg",
      "transform_matrix": [
        [
          0.90486,
          -0.378873,
          0.194121,
          1.13009
        ],
        [
          -0.399537,
          -0.59838,
          0.694486,
          3.694707
        ],
        [
          -0.146964,
          -0.705972,
          -0.692824,
          1.518246
        ],
        [
          0.0,
          0.0,
          0.0,
          1.0
        ]
      ]
    },
    {
      "file_path": "/media/NFS/ttao/scannet/posed_images/scene0465_00/01438.jpg",
      "transform_matrix": [
        [
          0.988812,
          -0.136334,
          0.060536,
          1.300447
        ],
        [
          -0.096918,
          -0.278678,
          0.955482,
          3.785623
        ],
        [
          -0.113394,
          -0.950659,
          -0.288773,
          1.597619
        ],
        [
          0.0,
          0.0,
          0.0,
          1.0
        ]
      ]
    },
    {
      "file_path": "/media/NFS/ttao/scannet/posed_images/scene0465_00/01444.jpg",
      "transform_matrix": [
        [
          0.991675,
          -0.119381,
          0.048251,
          1.321142
        ],
        [
          -0.077094,
          -0.250341,
          0.965083,
          3.812318
        ],
        [
          -0.103133,
          -0.96077,
          -0.25746,
          1.61515
        ],
        [
          0.0,
          0.0,
          0.0,
          1.0
        ]
      ]
    },
    {
      "file_path": "/media/NFS/ttao/scannet/posed_images/scene0465_00/01482.jpg",
      "transform_matrix": [
        [
          0.991072,
          -0.128664,
          0.034946,
          1.236942
        ],
        [
          -0.011884,
          0.175817,
          0.984351,
          4.066735
        ],
        [
          -0.132795,
          -0.975978,
          0.172718,
          1.760122
        ],
        [
          0.0,
          0.0,
          0.0,
          1.0
        ]
      ]
    },
    {
      "file_path": "/media/NFS/ttao/scannet/posed_images/scene0465_00/01495.jpg",
      "transform_matrix": [
        [
          0.930086,
          -0.196434,
          -0.310409,
          1.275799
        ],
        [
          0.34139,
          0.150249,
          0.927835,
          4.082601
        ],
        [
          -0.13562,
          -0.968937,
          0.206806,
          1.767136
        ],
        [
          0.0,
          0.0,
          0.0,
          1.0
        ]
      ]
    },
    {
      "file_path": "/media/NFS/ttao/scannet/posed_images/scene0465_00/01526.jpg",
      "transform_matrix": [
        [
          0.519419,
          -0.237707,
          -0.820792,
          1.35349
        ],
        [
          0.845593,
          0.0045,
          0.53381,
          4.125084
        ],
        [
          -0.123197,
          -0.971326,
          0.203341,
          1.779708
        ],
        [
          0.0,
          0.0,
          0.0,
          1.0
        ]
      ]
    },
    {
      "file_path": "/media/NFS/ttao/scannet/posed_images/scene0465_00/01532.jpg",
      "transform_matrix": [
        [
          0.463001,
          -0.245196,
          -0.851768,
          1.364489
        ],
        [
          0.880574,
          0.017644,
          0.47358,
          4.116263
        ],
        [
          -0.101091,
          -0.969313,
          0.224082,
          1.783318
        ],
        [
          0.0,
          0.0,
          0.0,
          1.0
        ]
      ]
    },
    {
      "file_path": "/media/NFS/ttao/scannet/posed_images/scene0465_00/01551.jpg",
      "transform_matrix": [
        [
          0.42904,
          0.017914,
          -0.903108,
          1.332674
        ],
        [
          0.898088,
          -0.115555,
          0.424364,
          4.141368
        ],
        [
          -0.096757,
          -0.99314,
          -0.065666,
          1.742078
        ],
        [
          0.0,
          0.0,
          0.0,
          1.0
        ]
      ]
    },
    {
      "file_path": "/media/NFS/ttao/scannet/posed_images/scene0465_00/01570.jpg",
      "transform_matrix": [
        [
          0.34791,
          0.260643,
          -0.900568,
          1.281394
        ],
        [
          0.930533,
          -0.213119,
          0.297806,
          4.200516
        ],
        [
          -0.114307,
          -0.941619,
          -0.316683,
          1.693371
        ],
        [
          0.0,
          0.0,
          0.0,
          1.0
        ]
      ]
    },
    {
      "file_path": "/media/NFS/ttao/scannet/posed_images/scene0465_00/01595.jpg",
      "transform_matrix": [
        [
          0.284545,
          0.488956,
          -0.824595,
          1.239394
        ],
        [
          0.947156,
          -0.276257,
          0.163027,
          4.318573
        ],
        [
          -0.148088,
          -0.827408,
          -0.541725,
          1.641603
        ],
        [
          0.0,
          0.0,
          0.0,
          1.0
        ]
      ]
    },
    {
      "file_path": "/media/NFS/ttao/scannet/posed_images/scene0465_00/01627.jpg",
      "transform_matrix": [
        [
          0.348894,
          0.669847,
          -0.655422,
          1.290311
        ],
        [
          0.908,
          -0.414725,
          0.059493,
          4.453561
        ],
        [
          -0.231969,
