{
  "frames": [
    {
      "file_path": "/media/NFS/ttao/scannet/posed_images/scene0051_02/00000.jpg",
      "transform_matrix": [
        [
          0.563658,
          0.567117,
          -0.600557,
          2.985071
        ],
        [
          0.821559,
          -0.309543,
          0.478774,
          2.098088
        ],
        [
          0.085622,
          -0.763257,
          -0.640396,
          1.350843
        ],
        [
          0.0,
          0.0,
          0.0,
          1.0
        ]
      ]
    },
    {
      "file_path": "/media/NFS/ttao/scannet/posed_images/scene0051_02/00011.jpg",
      "transform_matrix": [
        [
          0.761795,
          0.343404,
          -0.54931,
          3.112032
        ],
        [
          0.647502,
          -0.430113,
          0.629082,
          2.113288
        ],
        [
          -0.020237,
          -0.834911,
          -0.550013,
          1.353346
        ],
        [
          0.0,
          0.0,
          0.0,
          1.0
        ]
      ]
    },
    {
      "file_path": "/media/NFS/ttao/scannet/posed_images/scene0051_02/00018.jpg",
      "transform_matrix": [
        [
          0.832248,
          0.320143,
          -0.452627,
          3.139063
        ],
        [
          0.554026,
          -0.450158,
          0.700295,
          2.116947
        ],
        [
          0.020441,
          -0.833586,
          -0.552011,
          1.341736
        ],
        [
          0.0,
          0.0,
          0.0,
          1.0
        ]
      ]
    },
    {
      "file_path": "/media/NFS/ttao/scannet/posed_images/scene0051_02/00022.jpg",
      "transform_matrix": [
        [
          0.862118,
          0.296181,
          -0.411131,
          3.1677
        ],
        [
          0.506596,
          -0.486861,
          0.711567,
          2.127431
        ],
        [
          0.010589,
          -0.821732,
          -0.569776,
          1.314735
        ],
        [
          0.0,
          0.0,
          0.0,
          1.0
        ]
      ]
    },
    {
      "file_path": "/media/NFS/ttao/scannet/posed_images/scene0051_02/00031.jpg",
      "transform_matrix": [
        [
          0.929428,
          0.251368,
          -0.270142,
          3.221111
        ],
        [
          0.368927,
          -0.618249,
          0.694018,
          2.145274
        ],
        [
          0.007439,
          -0.744703,
          -0.667354,
          1.273887
        ],
        [
          0.0,
          0.0,
          0.0,
          1.0
        ]
      ]
    },
    {
      "file_path": "/media/NFS/ttao/scannet/posed_images/scene0051_02/00037.jpg",
      "transform_matrix": [
        [
          0.96392,
          0.218884,
          -0.151487,
          3.235492
        ],
        [
          0.264222,
          -0.717626,
          0.64436,
          2.156065
        ],
        [
          0.032329,
          -0.661137,
          -0.749568,
          1.246398
        ],
        [
          0.0,
          0.0,
          0.0,
          1.0
        ]
      ]
    },
    {
      "file_path": "/media/NFS/ttao/scannet/posed_images/scene0051_02/00042.jpg",
      "transform_matrix": [
        [
          0.968693,
          0.193702,
          -0.155285,
          3.251497
        ],
        [
          0.24826,
          -0.758135,
          0.602991,
          2.179828
        ],
        [
          -0.000927,
          -0.622664,
          -0.782489,
          1.266409
        ],
        [
          0.0,
          0.0,
          0.0,
          1.0
        ]
      ]
    },
    {
      "file_path": "/media/NFS/ttao/scannet/posed_images/scene0051_02/00053.jpg",
      "transform_matrix": [
        [
          0.895954,
          0.28432,
          -0.341215,
          3.208713
        ],
        [
          0.443047,
          -0.626139,
          0.641607,
          2.144431
        ],
        [
          -0.031226,
          -0.726025,
          -0.686959,
          1.308516
        ],
        [
          0.0,
          0.0,
          0.0,
          1.0
        ]
      ]
    },
    {
      "file_path": "/media/NFS/ttao/scannet/posed_images/scene0051_02/00057.jpg",
      "transform_matrix": [
        [
          0.857086,
          0.328766,
          -0.396631,
          3.187061
        ],
        [
          0.515172,
          -0.548855,
          0.658298,
          2.134521
        ],
        [
          -0.001267,
          -0.768551,
          -0.639787,
          1.329748
        ],
        [
          0.0,
          0.0,
          0.0,
          1.0
        ]
      ]
    },
    {
      "file_path": "/media/NFS/ttao/scannet/posed_images/scene0051_02/00066.jpg",
      "transform_matrix": [
        [
          0.798195,
          0.305942,
          -0.518927,
          3.125396
        ],
        [
          0.601456,
          -0.356556,
          0.714925,
          2.107315
        ],
        [
          0.033699,
          -0.882761,
          -0.468612,
          1.411505
        ],
        [
          0.0,
          0.0,
          0.0,
          1.0
        ]
      ]
    },
    {
      "file_path": "/media/NFS/ttao/scannet/posed_images/scene0051_02/00072.jpg",
      "transform_matrix": [
        [
          0.774396,
          0.259205,
          -0.577169,
          3.112357
        ],
        [
          0.628052,
          -0.204544,
          0.750808,
          2.079644
        ],
        [
          0.076557,
          -0.943914,
          -0.321192,
          1.464956
        ],
        [
          0.0,
          0.0,
          0.0,
          1.0
        ]
      ]
    },
    {
      "file_path": "/media/NFS/ttao/scannet/posed_images/scene0051_02/00079.jpg",
      "transform_matrix": [
        [
          0.797418,
          0.172704,
          -0.578185,
          3.120459
        ],
        [
          0.600296,
          -0.129551,
          0.789216,
          2.071001
        ],
        [
          0.061397,
          -0.976417,
          -0.20698,
          1.493226
        ],
        [
          0.0,
          0.0,
          0.0,
          1.0
        ]
      ]
    },
    {
      "file_path": "/media/NFS/ttao/scannet/posed_images/scene0051_02/00092.jpg",
      "transform_matrix": [
        [
          0.879237,
          0.08255,
          -0.469177,
          3.147061
        ],
        [
          0.473157,
          -0.036897,
          0.880205,
          2.083452
        ],
        [
          0.055349,
          -0.995904,
          -0.0715,
          1.538075
        ],
        [
          0.0,
          0.0,
          0.0,
          1.0
        ]
      ]
    },
    {
      "file_path": "/media/NFS/ttao/scannet/posed_images/scene0051_02/00094.jpg",
      "transform_matrix": [
        [
          0.881811,
          0.07385,
          -0.465785,
          3.153263
        ],
        [
          0.468174,
          -0.018194,
          0.883449,
          2.08421
        ],
        [
          0.056768,
          -0.997103,
          -0.050618,
          1.542379
        ],
        [
          0.0,
          0.0,
          0.0,
          1.0
        ]
      ]
    },
    {
      "file_path": "/media/NFS/ttao/scannet/posed_images/scene0051_02/00101.jpg",
      "transform_matrix": [
        [
          0.878269,
          0.04668,
          -0.475882,
          3.155361
        ],
        [
          0.47347,
          0.054248,
          0.879138,
          2.083912
        ],
        [
          0.066854,
          -0.997436,
          0.025542,
          1.567481
        ],
        [
          0.0,
          0.0,
          0.0,
          1.0
        ]
      ]
    },
    {
      "file_path": "/media/NFS/ttao/scannet/posed_images/scene0051_02/00107.jpg",
      "transform_matrix": [
        [
          0.852889,
          -0.014974,
          -0.521877,
          3.152333
        ],
        [
          0.520228,
          0.108755,
          0.847075,
          2.078346
        ],
        [
          0.044072,
          -0.993956,
          0.100546,
          1.585522
        ],
        [
          0.0,
          0.0,
          0.0,
          1.0
        ]
      ]
    },
    {
      "file_path": "/media/NFS/ttao/scannet/posed_images/scene0051_02/00121.jpg",
      "transform_matrix": [
        [
          0.723599,
          -0.074742,
          -0.686161,
          3.126075
        ],
        [
          0.687607,
          0.164494,
          0.707205,
          2.054963
        ],
        [
          0.060011,
          -0.983542,
          0.170421,
          1.630475
        ],
        [
          0.0,
          0.0,
          0.0,
          1.0
        ]
      ]
    },
    {
      "file_path": "/media/NFS/ttao/scannet/posed_images/scene0051_02/00127.jpg",
      "transform_matrix": [
        [
          0.65673,
          -0.010553,
          -0.754052,
          3.112607
        ],
        [
          0.740161,
          0.200557,
          0.641825,
          2.043819
        ],
        [
          0.144457,
          -0.979625,
          0.139523,
          1.616012
        ],
        [
          0.0,
          0.0,
          0.0,
          1.0
        ]
      ]
    },
    {
      "file_path": "/media/NFS/ttao/scannet/posed_images/scene0051_02/00131.jpg",
      "transform_matrix": [
        [
          0.584758,
          0.051113,
          -0.809596,
          3.099574
        ],
        [
          0.784028,
          0.220567,
          0.580216,
          2.043033
        ],
        [
          0.208227,
          -0.974032,
          0.088905,
          1.583805
        ],
        [
          0.0,
          0.0,
          0.0,
          1.0
        ]
      ]
    },
    {
      "file_path": "/media/NFS/ttao/scannet/posed_images/scene0051_02/00140.jpg",
      "transform_matrix": [
        [
          0.454084,
          0.020362,
          -0.890726,
          3.076727
        ],
        [
          0.864889,
          0.229998,
          0.44617,
          2.047446
        ],
        [
          0.21395,
          -0.972978,
          0.086828,
          1.592522
        ],
        [
          0.0,
          0.0,
          0.0,
          1.0
        ]
      ]
    },
    {
      "file_path": "/media/NFS/ttao/scannet/posed_images/scene0051_02/00145.jpg",
      "transform_matrix": [
        [
          0.377169,
          0.054224,
          -0.924556,
          3.059732
        ],
        [
          0.902142,
          0.204293,
          0.380006,
          2.064682
        ],
        [
          0.209486,
          -0.977407,
          0.028135,
          1.589346
        ],
        [
          0.0,
          0.0,
          0.0,
          1.0
        ]
      ]
    },
    {
      "file_path": "/media/NFS/ttao/scannet/posed_images/scene0051_02/00158.jpg",
      "transform_matrix": [
        [
          0.348666,
          0.265698,
          -0.898797,
          2.919818
        ],
        [
          0.918366,
          0.094665,
          0.384242,
          2.115268
        ],
        [
          0.187177,
          -0.959397,
          -0.211001,
          1.533636
        ],
        [
          0.0,
          0.0,
          0.0,
          1.0
        ]
      ]
    },
    {
      "file_path": "/media/NFS/ttao/scannet/posed_images/scene0051_02/00160.jpg",
      "transform_matrix": [
        [
          0.34337,
          0.293265,
          -0.89224,
          2.898336
        ],
        [
          0.918007,
          0.095875,
          0.384799,
          2.108264
        ],
        [
          0.198392,
          -0.951212,
          -0.236299,
          1.51334
        ],
        [
          0.0,
          0.0,
          0.0,
          1.0
        ]
      ]
    },
    {
      "file_path": "/media/NFS/ttao/scannet/posed_images/scene0051_02/00169.jpg",
      "transform_matrix": [
        [
          0.241471,
          0.3284,
          -0.913151,
          2.791851
        ],
        [
          0.963779,
          0.028644,
          0.26516,
          2.166498
        ],
        [
          0.113235,
          -0.944104,
          -0.309588,
          1.46673
        ],
        [
          0.0,
          0.0,
          0.0,
          1.0
        ]
      ]
    },
    {
      "file_path": "/media/NFS/ttao/scannet/posed_images/scene0051_02/00173.jpg",
      "transform_matrix": [
        [
          0.252589,
          0.354018,
          -0.900483,
          2.752468
        ],
        [
          0.963702,
          -0.008876,
          0.266833,
          2.181534
        ],
        [
          0.086471,
          -0.935196,
          -0.34341,
          1.44885
        ],
        [
          0.0,
          0.0,
          0.0,
          1.0
        ]
      ]
    },
    {
      "file_path": "/media/NFS/ttao/scannet/posed_images/scene0051_02/00186.jpg",
      "transform_matrix": [
        [
          0.157968,
          0.472945,
          -0.866815,
          2.680948
        ],
        [
          0.987308,
          -0.061085,
          0.146598,
          2.300616
        ],
        [
          0.016383,
          -0.878972,
          -0.476592,
          1.411421
        ],
        [
          0.0,
          0.0,
          0.0,
          1.0
        ]
      ]
    },
    {
      "file_path": "/media/NFS/ttao/scannet/posed_images/scene0051_02/00193.jpg",
      "transform_matrix": [
        [
          -0.028266,
          0.425101,
          -0.904704,
          2.6522
        ],
        [
          0.998646,
          -0.027541,
          -0.044141,
          2.362842
        ],
        [
          -0.043681,
          -0.904727,
          -0.423747,
          1.461126
        ],
        [
          0.0,
          0.0,
          0.0,
          1.0
        ]
      ]
    },
    {
      "file_path": "/media/NFS/ttao/scannet/posed_images/scene0051_02/00197.jpg",
      "transform_matrix": [
        [
          -0.154388,
          0.38013,
          -0.911957,
          2.611732
        ],
        [
          0.987286,
          0.02401,
          -0.157133,
          2.392675
        ],
        [
          -0.037835,
          -0.924622,
          -0.379004,
          1.471426
        ],
        [
          0.0,
          0.0,
          0.0,
          1.0
        ]
      ]
    },
    {
      "file_path": "/media/NFS/ttao/scannet/posed_images/scene0051_02/00208.jpg",
      "transform_matrix": [
        [
          -0.330396,
          0.267447,
          -0.905158,
          2.437081
        ],
        [
          0.943152,
          0.130227,
          -0.305786,
          2.406123
        ],
        [
          0.036094,
          -0.954732,
          -0.29527,
          1.493931
        ],
        [
          0.0,
          0.0,
          0.0,
          1.0
        ]
      ]
    },
    {
      "file_path": "/media/NFS/ttao/scannet/posed_images/scene0051_02/00213.jpg",
      "transform_matrix": [
        [
          -0.412221,
          0.255688,
          -0.87447,
          2.365387
        ],
        [
          0.909614,
          0.169998,
          -0.379081,
          2.400444
        ],
        [
          0.051732,
          -0.951695,
          -0.302654,
          1.498179
        ],
        [
          0.0,
          0.0,
          0.0,
          1.0
        ]
      ]
    },
    {
      "file_path": "/media/NFS/ttao/scannet/posed_images/scene0051_02/00217.jpg",
      "transform_matrix": [
        [
          -0.460721,
          0.260303,
          -0.848515,
          2.322472
        ],
        [
          0.886518,
          0.180947,
          -0.425845,
          2.410432
        ],
        [
          0.042688,
          -0.94842,
          -0.314129,
          1.49948
        ],
        [
          0.0,
          0.0,
          0.0,
          1.0
        ]
      ]
    },
    {
      "file_path": "/media/NFS/ttao/scannet/posed_images/scene0051_02/00230.jpg",
      "transform_matrix": [
        [
          -0.706304,
          0.187463,
          -0.682636,
          2.267305
        ],
        [
          0.707545,
          0.217832,
          -0.672257,
          2.474766
        ],
        [
          0.022677,
          -0.957814,
          -0.286494,
          1.575744
        ],
        [
          0.0,
          0.0,
          0.0,
          1.0
        ]
      ]
    },
    {
      "file_path": "/media/NFS/ttao/scannet/posed_images/scene0051_02/00232.jpg",
      "transform_matrix": [
        [
          -0.739432,
          0.194392,
          -0.644555,
          2.25948
        ],
        [
          0.669875,
          0.307921,
          -0.675613,
          2.486193
        ],
        [
          0.067138,
          -0.931341,
          -0.357905,
          1.582813
        ],
        [
          0.0,
          0.0,
          0.0,
          1.0
        ]
      ]
    },
    {
      "file_path": "/media/NFS/ttao/scannet/posed_images/scene0051_02/00241.jpg",
      "transform_matrix": [
        [
          -0.890342,
          0.072701,
          -0.44945,
          2.202737
        ],
        [
          0.448462,
          0.310389,
          -0.838177,
          2.554243
        ],
        [
          0.078568,
          -0.947825,
          -0.308956,
          1.639606
        ],
        [
          0.0,
          0.0,
          0.0,
          1.0
        ]
      ]
    },
    {
      "file_path": "/media/NFS/ttao/scannet/posed_images/scene0051_02/00252.jpg",
      "transform_matrix": [
        [
          -0.933322,
          -0.096191,
          -0.345916,
          2.198046
        ],
        [
          0.340469,
          0.068736,
          -0.93774,
          2.539824
        ],
        [
          0.113979,
          -0.992987,
          -0.031403,
          1.711524
        ],
        [
          0.0,
          0.0,
          0.0,
          1.0
        ]
      ]
    },
    {
      "file_path": "/media/NFS/ttao/scannet/posed_images/scene0051_02/00256.jpg",
      "transform_matrix": [
        [
          -0.942226,
          -0.172543,
          -0.287121,
          2.188494
        ],
        [
          0.289702,
          0.010588,
          -0.957058,
          2.534697
        ],
        [
          0.168174,
          -0.984945,
          0.04001,
          1.74947
        ],
        [
          0.0,
          0.0,
          0.0,
          1.0
        ]
      ]
    },
    {
      "file_path": "/media/NFS/ttao/scannet/posed_images/scene0051_02/00263.jpg",
      "transform_matrix": [
        [
          -0.95606,
          -0.205435,
          -0.209155,
          2.216831
        ],
        [
          0.219429,
          -0.028307,
          -0.975218,
          2.522855
        ],
        [
          0.194423,
          -0.978261,
          0.072142,
          1.770074
        ],
        [
          0.0,
          0.0,
          0.0,
          1.0
        ]
      ]
    },
    {
      "file_path": "/media/NFS/ttao/scannet/posed_images/scene0051_02/00272.jpg",
      "transform_matrix": [
        [
          -0.972872,
          -0.227123,
          -0.043978,
          2.258763
        ],
        [
          0.038185,
          0.029841,
          -0.998825,
          2.505281
        ],
        [
          0.228169,
          -0.973409,
          -0.020359,
          1.754614
        ],
        [
          0.0,
          0.0,
          0.0,
          1.0
        ]
      ]
    },
    {
      "file_path": "/media/NFS/ttao/scannet/posed_images/scene0051_02/00276.jpg",
      "transform_matrix": [
        [
          -0.976497,
          -0.203076,
          0.072195,
          2.241276
        ],
        [
          -0.086224,
          0.061098,
          -0.9944,
          2.487519
        ],
        [
          0.197528,
          -0.977255,
          -0.077173,
          1.728572
        ],
        [
          0.0,
          0.0,
          0.0,
          1.0
        ]
      ]
    },
    {
      "file_path": "/media/NFS/ttao/scannet/posed_images/scene0051_02/00287.jpg",
      "transform_matrix": [
        [
          -0.951889,
          -0.263021,
          0.157248,
          2.37003
        ],
        [
          -0.223788,
          0.246092,
          -0.943058,
          2.363391
        ],
        [
          0.209346,
          -0.932877,
          -0.293113,
          1.531846
        ],
        [
          0.0,
          0.0,
          0.0,
          1.0
        ]
      ]
    },
    {
      "file_path": "/media/NFS/ttao/scannet/posed_images/scene0051_02/00296.jpg",
      "transform_matrix": [
        [
          -0.944203,
          -0.278813,
          0.17534,
          2.474866
        ],
        [
          -0.28155,
          0.407005,
          -0.868952,
          2.273837
        ],
        [
          0.17091,
          -0.869833,
          -0.462795,
          1.419591
        ],
        [
          0.0,
          0.0,
          0.0,
          1.0
        ]
      ]
    },
    {
      "file_path": "/media/NFS/ttao/scannet/posed_images/scene0051_02/00300.jpg",
      "transform_matrix": [
        [
          -0.936746,
          -0.285989,
          0.201785,
          2.533185
        ],
        [
          -0.315715,
          0.441531,
          -0.839865,
          2.256641
        ],
        [
          0.151098,
          -0.850447,
          -0.503894,
          1.398499
        ],
        [
          0.0,
          0.0,
          0.0,
          1.0
        ]
      ]
    },
    {
      "file_path": "/media/NFS/ttao/scannet/posed_images/scene0051_02/00307.jpg",
      "transform_matrix": [
        [
          -0.8811,
          -0.355064,
          0.312398,
          2.576967
        ],
        [
          -0.462435,
          0.508443,
          -0.726388,
          2.204063
        ],
        [
          0.099078,
          -0.784484,
          -0.612183,
          1.365762
        ],
        [
          0.0,
          0.0,
          0.0,
          1.0
        ]
      ]
    },
    {
      "file_path": "/media/NFS/ttao/scannet/posed_images/scene0051_02/00313.jpg",
      "transform_matrix": [
        [
          -0.845202,
          -0.384081,
          0.371638,
          2.611704
        ],
        [
          -0.530582,
          0.519534,
          -0.669752,
          2.169821
        ],
        [
          0.06416,
          -0.76326,
          -0.642898,
          1.361548
        ],
        [
          0.0,
          0.0,
          0.0,
          1.0
        ]
      ]
    },
    {
      "file_path": "/media/NFS/ttao/scannet/posed_images/scene0051_02/00322.jpg",
      "transform_matrix": [
        [
          -0.756013,
          -0.418184,
          0.503553,
          2.558737
        ],
        [
          -0.652069,
          0.414158,
          -0.635043,
          2.058412
        ],
        [
          0.057014,
          -0.808452,
          -0.585794,
          1.431004
        ],
        [
          0.0,
          0.0,
          0.0,
          1.0
        ]
      ]
    },
    {
      "file_path": "/media/NFS/ttao/scannet/posed_images/scene0051_02/00331.jpg",
      "transform_matrix": [
        [
          -0.701504,
          -0.358881,
          0.615709,
          2.455667
        ],
        [
          -0.709089,
          0.265025,
          -0.653419,
          1.941126
        ],
        [
          0.071321,
          -0.894967,
          -0.440394,
          1.504341
        ],
        [
          0.0,
          0.0,
          0.0,
          1.0
        ]
      ]
    },
    {
      "file_path": "/media/NFS/ttao/scannet/posed_images/scene0051_02/00337.jpg",
      "transform_matrix": [
        [
          -0.679718,
          -0.347422,
          0.645973,
          2.416495
        ],
        [
          -0.727887,
          0.211017,
          -0.652421,
          1.876756
        ],
        [
          0.090355,
          -0.913658,
          -0.396316,
          1.531485
        ],
        [
          0.0,
          0.0,
          0.0,
          1.0
        ]
      ]
    },
    {
      "file_path": "/media/NFS/ttao/scannet/posed_images/scene0051_02/00342.jpg",
      "transform_matrix": [
        [
          -0.652696,
          -0.384104,
          0.653032,
          2.408406
        ],
        [
          -0.741614,
          0.147681,
          -0.654369,
          1.812166
        ],
        [
          0.154905,
          -0.911402,
          -0.381248,
          1.537599
        ],
        [
          0.0,
          0.0,
          0.0,
          1.0
        ]
      ]
    },
    {
      "file_path": "/media/NFS/ttao/scannet/posed_images/scene0051_02/00353.jpg",
      "transform_matrix": [
        [
          -0.379421,
          -0.440659,
          0.813547,
          2.454192
        ],
        [
          -0.90462,
          -0.00785,
          -0.426148,
          1.743418
        ],
        [
          0.194172,
          -0.89764,
          -0.395651,
          1.574061
        ],
        [
          0.0,
          0.0,
          0.0,
          1.0
        ]
      ]
    },
    {
      "file_path": "/media/NFS/ttao/scannet/posed_images/scene0051_02/00357.jpg",
      "transform_matrix": [
        [
          -0.282136,
          -0.450654,
          0.846941,
          2.460506
        ],
        [
          -0.940158,
          -0.04593,
          -0.337628,
          1.735469
        ],
        [
          0.191053,
          -0.891516,
          -0.410728,
          1.594044
        ],
        [
          0.0,
          0.0,
          0.0,
          1.0
        ]
      ]
    },
    {
      "file_path": "/media/NFS/ttao/scannet/posed_images/scene0051_02/00366.jpg",
      "transform_matrix": [
        [
          -0.023841,
          -0.46631,
          0.8843,
          2.414013
        ],
        [
          -0.98013,
          -0.16333,
          -0.112553,
          1.726967
        ],
        [
          0.196918,
          -0.869413,
          -0.45315,
          1.614539
        ],
        [
          0.0,
          0.0,
          0.0,
          1.0
        ]
      ]
    },
    {
      "file_path": "/media/NFS/ttao/scannet/posed_images/scene0051_02/00377.jpg",
      "transform_matrix": [
        [
          0.202599,
          -0.417764,
          0.885679,
          2.326684
        ],
        [
          -0.959838,
          -0.263959,
          0.095056,
          1.716722
        ],
        [
          0.194072,
          -0.869367,
          -0.454464,
          1.641756
        ],
        [
          0.0,
          0.0,
          0.0,
          1.0
        ]
      ]
    },
    {
      "file_path": "/media/NFS/ttao/scannet/posed_images/scene0051_02/00381.jpg",
      "transform_matrix": [
        [
          0.292904,
          -0.395105,
          0.870689,
          2.307349
        ],
        [
          -0.936865,
          -0.30053,
          0.17879,
          1.703795
        ],
        [
          0.191027,
          -0.868086,
          -0.458186,
          1.653628
        ],
        [
          0.0,
          0.0,
          0.0,
          1.0
        ]
      ]
    },
    {
      "file_path": "/media/NFS/ttao/scannet/posed_images/scene0051_02/00386.jpg",
      "transform_matrix": [
        [
          0.372204,
          -0.382012,
          0.845891,
          2.293934
        ],
        [
          -0.907069,
          -0.342854,
          0.244287,
          1.716557
        ],
        [
          0.196697,
          -0.858206,
          -0.474123,
          1.650193
        ],
        [
          0.0,
          0.0,
          0.0,
          1.0
        ]
      ]
    },
    {
      "file_path": "/media/NFS/ttao/scannet/posed_images/scene0051_02/00397.jpg",
      "transform_matrix": [
        [
          0.539332,
          -0.434914,
          0.72109,
          2.308138
        ],
        [
          -0.832351,
          -0.405206,
          0.378154,
          1.726888
        ],
        [
          0.127726,
          -0.80415,
          -0.580542,
          1.583032
        ],
        [
          0.0,
          0.0,
          0.0,
          1.0
        ]
      ]
    },
    {
      "file_path": "/media/NFS/ttao/scannet/posed_images/scene0051_02/00401.jpg",
      "transform_matrix": [
        [
          0.576129,
          -0.436803,
          0.690853,
          2.304663
        ],
        [
          -0.810286,
          -0.416178,
          0.412594,
          1.745585
        ],
        [
          0.107296,
          -0.797496,
          -0.593707,
          1.54611
        ],
        [
          0.0,
          0.0,
          0.0,
          1.0
        ]
      ]
    },
    {
      "file_path": "/media/NFS/ttao/scannet/posed_images/scene0051_02/00412.jpg",
      "transform_matrix": [
        [
          0.717986,
          -0.443274,
          0.536661,
          2.317058
        ],
        [
          -0.694875,
          -0.501401,
          0.515506,
          1.850518
        ],
        [
          0.040572,
          -0.743037,
          -0.668019,
          1.500696
        ],
        [
          0.0,
          0.0,
          0.0,
          1.0
        ]
      ]
    },
    {
      "file_path": "/media/NFS/ttao/scannet/posed_images/scene0051_02/00421.jpg",
      "transform_matrix": [
        [
          0.822704,
          -0.404772,
          0.399147,
          2.268588
        ],
        [
          -0.568414,
          -0.575846,
          0.587629,
          1.945248
        ],
        [
          -0.008008,
          -0.710325,
          -0.703828,
          1.47629
        ],
        [
          0.0,
          0.0,
          0.0,
          1.0
        ]
      ]
    },
    {
      "file_path": "/media/NFS/ttao/scannet/posed_images/scene0051_02/00427.jpg",
      "transform_matrix": [
        [
          0.877911,
          -0.356218,
          0.319972,
          2.251322
        ],
        [
          -0.477799,
          -0.607997,
          0.634073,
          1.989411
        ],
        [
          -0.031326,
          -0.709541,
          -0.703967,
          1.472697
        ],
        [
          0.0,
          0.0,
          0.0,
          1.0
        ]
      ]
    },
    {
      "file_path": "/media/NFS/ttao/scannet/posed_images/scene0051_02/00432.jpg",
      "transform_matrix": [
        [
          0.927191,
          -0.297978,
          0.226991,
          2.234796
        ],
        [
          -0.370334,
          -0.638119,
          0.675024,
          2.00947
        ],
        [
          -0.056295,
          -0.709939,
          -0.70201,
          1.48055
        ],
        [
          0.0,
          0.0,
          0.0,
          1.0
        ]
      ]
    },
    {
      "file_path": "/media/NFS/ttao/scannet/posed_images/scene0051_02/00443.jpg",
      "transform_matrix": [
        [
          0.989966,
          -0.106971,
          0.09233,
          2.1888
        ],
        [
          -0.134532,
          -0.513607,
          0.847413,
          1.961696
        ],
        [
          -0.043227,
          -0.851332,
          -0.522844,
          1.546781
        ],
        [
          0.0,
          0.0,
          0.0,
          1.0
        ]
      ]
    },
    {
      "file_path": "/media/NFS/ttao/scannet/posed_images/scene0051_02/00447.jpg",
      "transform_matrix": [
        [
          0.997863,
          -0.059525,
          0.026936,
          2.189404
        ],
        [
          -0.05173,
          -0.467966,
          0.882231,
          1.934754
        ],
        [
          -0.03991,
          -0.881739,
          -0.470046,
          1.56212
        ],
        [
          0.0,
          0.0,
          0.0,
          1.0
        ]
      ]
    },
    {
      "file_path": "/media/NFS/ttao/scannet/posed_images/scene0051_02/00456.jpg",
      "transform_matrix": [
        [
          0.995361,
          0.018647,
          -0.094388,
          2.173357
        ],
        [
          0.094118,
          -0.392292,
          0.915013,
          1.936188
        ],
        [
          -0.019966,
          -0.919652,
          -0.392227,
          1.581023
        ],
        [
          0.0,
          0.0,
          0.0,
          1.0
        ]
      ]
    },
    {
      "file_path": "/media/NFS/ttao/scannet/posed_images/scene0051_02/00460.jpg",
      "transform_matrix": [
        [
          0.994239,
          0.04347,
          -0.09797,
          2.170808
        ],
        [
          0.107145,
          -0.379381,
          0.919016,
          1.969362
        ],
        [
          0.002781,
          -0.924219,
          -0.381854,
          1.594353
        ],
        [
          0.0,
          0.0,
          0.0,
          1.0
        ]
      ]
    },
    {
      "file_path": "/media/NFS/ttao/scannet/posed_images/scene0051_02/00467.jpg",
      "transform_matrix": [
        [
          0.98224,
          0.088788,
          -0.165292,
          2.208129
        ],
        [
          0.186729,
          -0.376385,
          0.907451,
          2.094745
        ],
        [
          0.018357,
          -0.922199,
          -0.38628,
          1.593275
        ],
        [
          0.0,
          0.0,
          0.0,
          1.0
        ]
      ]
    },
    {
      "file_path": "/media/NFS/ttao/scannet/posed_images/scene0051_02/00475.jpg",
      "transform_matrix": [
        [
          0.943547,
          0.069929,
          -0.323773,
          2.225769
        ],
        [
          0.330709,
          -0.254136,
          0.908871,
          2.21141
        ],
        [
          -0.018726,
          -0.964637,
          -0.262915,
          1.63651
        ],
        [
          0.0,
          0.0,
          0.0,
          1.0
        ]
      ]
    },
    {
      "file_path": "/media/NFS/ttao/scannet/posed_images/scene0051_02/00482.jpg",
      "transform_matrix": [
        [
          0.941786,
          0.070392,
          -0.328762,
          2.199853
        ],
        [
          0.335882,
          -0.153613,
          0.929293,
          2.274979
        ],
        [
          0.014913,
          -0.985621,
          -0.168314,
          1.702097
        ],
        [
          0.0,
          0.0,
          0.0,
          1.0
        ]
      ]
    },
    {
      "file_path": "/media/NFS/ttao/scannet/posed_images/scene0051_02/00493.jpg",
      "transform_matrix": [
        [
          0.882,
          0.11065,
          -0.458075,
          2.322225
        ],
        [
          0.453895,
          0.061895,
          0.888903,
          2.278236
        ],
        [
          0.12671,
          -0.99193,
          0.004368,
          1.779935
        ],
        [
          0.0,
          0.0,
          0.0,
          1.0
        ]
      ]
    },
    {
      "file_path": "/media/NFS/ttao/scannet/posed_images/scene0051_02/00495.jpg",
      "transform_matrix": [
        [
          0.87285,
          0.121962,
          -0.472501,
          2.351684
        ],
        [
          0.46762,
          0.067778,
          0.881327,
          2.271385
        ],
        [
          0.139514,
          -0.990218,
          0.002128,
          1.789891
        ],
        [
          0.0,
          0.0,
          0.0,
          1.0
        ]
      ]
    },
    {
      "file_path": "/media/NFS/ttao/scannet/posed_images/scene0051_02/00502.jpg",
      "transform_matrix": [
        [
          0.900605,
          0.062848,
          -0.43007,
          2.50014
        ],
        [
          0.410632,
          0.201268,
          0.889311,
          2.226154
        ],
        [
          0.14245,
          -0.977518,
          0.155455,
          1.823035
        ],
        [
          0.0,
          0.0,
          0.0,
          1.0
        ]
      ]
    },
    {
      "file_path": "/media/NFS/ttao/scannet/posed_images/scene0051_02/00511.jpg",
      "transform_matrix": [
        [
          0.968611,
          0.122009,
          -0.216577,
          2.624861
        ],
        [
          0.203301,
          0.112527,
          0.972629,
          2.253767
        ],
        [
          0.14304,
          -0.98613,
          0.08419,
          1.817115
        ],
        [
          0.0,
          0.0,
          0.0,
          1.0
        ]
      ]
    },
    {
      "file_path": "/media/NFS/ttao/scannet/posed_images/scene0051_02/00517.jpg",
      "transform_matrix": [
        [
          0.964967,
          0.109542,
          -0.238408,
          2.707668
        ],
        [
          0.22168,
          0.145649,
          0.964181,
          2.274028
        ],
        [
          0.140342,
          -0.983253,
          0.116263,
          1.803036
        ],
        [
          0.0,
          0.0,
          0.0,
          1.0
        ]
      ]
    },
    {
      "file_path": "/media/NFS/ttao/scannet/posed_images/scene0051_02/00530.jpg",
      "transform_matrix": [
        [
          0.915143,
          0.078832,
          -0.395346,
          2.934619
        ],
        [
          0.398228,
          -0.024328,
          0.916964,
          2.346863
        ],
        [
          0.062668,
          -0.996591,
          -0.053656,
          1.640681
        ],
        [
          0.0,
          0.0,
          0.0,
          1.0
        ]
      ]
    },
    {
      "file_path": "/media/NFS/ttao/scannet/posed_images/scene0051_02/00537.jpg",
      "transform_matrix": [
        [
          0.828534,
          0.183702,
          -0.528946,
          3.047374
        ],
        [
          0.554615,
          -0.139292,
          0.820366,
          2.345468
        ],
        [
          0.077025,
          -0.973063,
          -0.217293,
          1.607478
        ],
        [
          0.0,
          0.0,
          0.0,
          1.0
        ]
      ]
    },
    {
      "file_path": "/media/NFS/ttao/scannet/posed_images/scene0051_02/00541.jpg",
      "transform_matrix": [
        [
          0.78102,
          0.218314,
          -0.585104,
          3.101729
        ],
        [
          0.62005,
          -0.15936,
          0.768207,
          2.350068
        ],
        [
          0.074468,
          -0.962779,
          -0.259829,
          1.557168
        ],
        [
          0.0,
          0.0,
          0.0,
          1.0
        ]
      ]
    },
    {
      "file_path": "/media/NFS/ttao/scannet/posed_images/scene0051_02/00546.jpg",
      "transform_matrix": [
        [
          0.775953,
          0.230441,
          -0.587191,
          3.131438
        ],
        [
          0.629495,
          -0.223246,
          0.744243,
          2.370314
        ],
        [
          0.040416,
          -0.947131,
          -0.31829,
          1.536499
        ],
        [
          0.0,
          0.0,
          0.0,
          1.0
        ]
      ]
    },
    {
      "file_path": "/media/NFS/ttao/scannet/posed_images/scene0051_02/00557.jpg",
      "transform_matrix": [
        [
          0.696633,
          0.321007,
          -0.641604,
          3.071724
        ],
        [
          0.717234,
          -0.332392,
          0.612447,
          2.42593
        ],
        [
          -0.016665,
          -0.886831,
          -0.461792,
          1.445124
        ],
        [
          0.0,
          0.0,
          0.0,
          1.0
        ]
      ]
    },
    {
      "file_path": "/media/NFS/ttao/scannet/posed_images/scene0051_02/00561.jpg",
      "transform_matrix": [
        [
          0.640479,
          0.373546,
          -0.671007,
          3.030796
        ],
        [
          0.767966,
          -0.307183,
          0.562021,
          2.41713
        ],
        [
          0.003819,
          -0.875273,
          -0.483615,
          1.411073
        ],
        [
          0.0,
          0.0,
