{
  "frames": [
    {
      "file_path": "/media/NFS/ttao/scannet/posed_images/scene0093_02/00002.jpg",
      "transform_matrix": [
        [
          0.849533,
          0.185827,
          -0.493723,
          3.527536
        ],
        [
          0.525498,
          -0.2159,
          0.822946,
          1.775615
        ],
        [
          0.046331,
          -0.95857,
          -0.281065,
          1.59206
        ],
        [
          0.0,
          0.0,
          0.0,
          1.0
        ]
      ]
    },
    {
      "file_path": "/media/NFS/ttao/scannet/posed_images/scene0093_02/00005.jpg",
      "transform_matrix": [
        [
          0.844406,
          0.190055,
          -0.500856,
          3.541173
        ],
        [
          0.533754,
          -0.218808,
          0.816841,
          1.806311
        ],
        [
          0.045653,
          -0.95708,
          -0.286206,
          1.585567
        ],
        [
          0.0,
          0.0,
          0.0,
          1.0
        ]
      ]
    },
    {
      "file_path": "/media/NFS/ttao/scannet/posed_images/scene0093_02/00009.jpg",
      "transform_matrix": [
        [
          0.837192,
          0.193915,
          -0.511378,
          3.549693
        ],
        [
          0.545065,
          -0.219092,
          0.809261,
          1.847422
        ],
        [
          0.044889,
          -0.95624,
          -0.289118,
          1.591706
        ],
        [
          0.0,
          0.0,
          0.0,
          1.0
        ]
      ]
    },
    {
      "file_path": "/media/NFS/ttao/scannet/posed_images/scene0093_02/00010.jpg",
      "transform_matrix": [
        [
          0.83257,
          0.184877,
          -0.522157,
          3.571924
        ],
        [
          0.552858,
          -0.21899,
          0.803985,
          1.861286
        ],
        [
          0.034291,
          -0.958052,
          -0.284535,
          1.582266
        ],
        [
          0.0,
          0.0,
          0.0,
          1.0
        ]
      ]
    },
    {
      "file_path": "/media/NFS/ttao/scannet/posed_images/scene0093_02/00016.jpg",
      "transform_matrix": [
        [
          0.817628,
          0.202014,
          -0.539142,
          3.583024
        ],
        [
          0.574588,
          -0.226931,
          0.786353,
          1.910387
        ],
        [
          0.036506,
          -0.952729,
          -0.30162,
          1.572028
        ],
        [
          0.0,
          0.0,
          0.0,
          1.0
        ]
      ]
    },
    {
      "file_path": "/media/NFS/ttao/scannet/posed_images/scene0093_02/00017.jpg",
      "transform_matrix": [
        [
          0.814972,
          0.203861,
          -0.542459,
          3.585499
        ],
        [
          0.578431,
          -0.229322,
          0.782834,
          1.920582
        ],
        [
          0.035191,
          -0.951763,
          -0.30481,
          1.574634
        ],
        [
          0.0,
          0.0,
          0.0,
          1.0
        ]
      ]
    },
    {
      "file_path": "/media/NFS/ttao/scannet/posed_images/scene0093_02/00020.jpg",
      "transform_matrix": [
        [
          0.805193,
          0.190338,
          -0.561637,
          3.596306
        ],
        [
          0.592808,
          -0.233444,
          0.770768,
          1.942221
        ],
        [
          0.015596,
          -0.953559,
          -0.300801,
          1.560514
        ],
        [
          0.0,
          0.0,
          0.0,
          1.0
        ]
      ]
    },
    {
      "file_path": "/media/NFS/ttao/scannet/posed_images/scene0093_02/00027.jpg",
      "transform_matrix": [
        [
          0.755071,
          0.247021,
          -0.607328,
          3.580418
        ],
        [
          0.655552,
          -0.26903,
          0.705602,
          1.990946
        ],
        [
          0.010909,
          -0.930915,
          -0.365072,
          1.523199
        ],
        [
          0.0,
          0.0,
          0.0,
          1.0
        ]
      ]
    },
    {
      "file_path": "/media/NFS/ttao/scannet/posed_images/scene0093_02/00030.jpg",
      "transform_matrix": [
        [
          0.722833,
          0.285771,
          -0.629165,
          3.59806
        ],
        [
          0.691022,
          -0.297324,
          0.658853,
          2.031561
        ],
        [
          0.001215,
          -0.911007,
          -0.41239,
          1.505314
        ],
        [
          0.0,
          0.0,
          0.0,
          1.0
        ]
      ]
    },
    {
      "file_path": "/media/NFS/ttao/scannet/posed_images/scene0093_02/00034.jpg",
      "transform_matrix": [
        [
          0.663761,
          0.333065,
          -0.669693,
          3.577905
        ],
        [
          0.747677,
          -0.271525,
          0.606015,
          2.07719
        ],
        [
          0.020004,
          -0.902963,
          -0.429253,
          1.487797
        ],
        [
          0.0,
          0.0,
          0.0,
          1.0
        ]
      ]
    },
    {
      "file_path": "/media/NFS/ttao/scannet/posed_images/scene0093_02/00038.jpg",
      "transform_matrix": [
        [
          0.598659,
          0.378067,
          -0.706168,
          3.555746
        ],
        [
          0.799139,
          -0.221772,
          0.558744,
          2.134972
        ],
        [
          0.054634,
          -0.898823,
          -0.434894,
          1.484107
        ],
        [
          0.0,
          0.0,
          0.0,
          1.0
        ]
      ]
    },
    {
      "file_path": "/media/NFS/ttao/scannet/posed_images/scene0093_02/00039.jpg",
      "transform_matrix": [
        [
          0.581005,
          0.383499,
          -0.717887,
          3.551832
        ],
        [
          0.811442,
          -0.204447,
          0.547506,
          2.146521
        ],
        [
          0.063198,
          -0.900627,
          -0.429973,
          1.48392
        ],
        [
          0.0,
          0.0,
          0.0,
          1.0
        ]
      ]
    },
    {
      "file_path": "/media/NFS/ttao/scannet/posed_images/scene0093_02/00045.jpg",
      "transform_matrix": [
        [
          0.471428,
          0.402923,
          -0.78448,
          3.532799
        ],
        [
          0.878313,
          -0.13431,
          0.458832,
          2.229133
        ],
        [
          0.07951,
          -0.905325,
          -0.41721,
          1.488854
        ],
        [
          0.0,
          0.0,
          0.0,
          1.0
        ]
      ]
    },
    {
      "file_path": "/media/NFS/ttao/scannet/posed_images/scene0093_02/00048.jpg",
      "transform_matrix": [
        [
          0.431608,
          0.418336,
          -0.799193,
          3.520878
        ],
        [
          0.898546,
          -0.121248,
          0.421798,
          2.267897
        ],
        [
          0.079552,
          -0.900163,
          -0.428226,
          1.491772
        ],
        [
          0.0,
          0.0,
          0.0,
          1.0
        ]
      ]
    },
    {
      "file_path": "/media/NFS/ttao/scannet/posed_images/scene0093_02/00051.jpg",
      "transform_matrix": [
        [
          0.402326,
          0.414926,
          -0.81607,
          3.515752
        ],
        [
          0.912719,
          -0.112412,
          0.392819,
          2.302268
        ],
        [
          0.071255,
          -0.902884,
          -0.423938,
          1.491893
        ],
        [
          0.0,
          0.0,
          0.0,
          1.0
        ]
      ]
    },
    {
      "file_path": "/media/NFS/ttao/scannet/posed_images/scene0093_02/00055.jpg",
      "transform_matrix": [
        [
          0.366615,
          0.420585,
          -0.82988,
          3.519767
        ],
        [
          0.928904,
          -0.115363,
          0.351894,
          2.336928
        ],
        [
          0.052264,
          -0.899889,
          -0.432977,
          1.481087
        ],
        [
          0.0,
          0.0,
          0.0,
          1.0
        ]
      ]
    },
    {
      "file_path": "/media/NFS/ttao/scannet/posed_images/scene0093_02/00057.jpg",
      "transform_matrix": [
        [
          0.334542,
          0.428084,
          -0.839539,
          3.527274
        ],
        [
          0.941694,
          -0.117864,
          0.315151,
          2.358129
        ],
        [
          0.03596,
          -0.89602,
          -0.442555,
          1.46997
        ],
        [
          0.0,
          0.0,
          0.0,
          1.0
        ]
      ]
    },
    {
      "file_path": "/media/NFS/ttao/scannet/posed_images/scene0093_02/00062.jpg",
      "transform_matrix": [
        [
          0.247103,
          0.467933,
          -0.848515,
          3.539101
        ],
        [
          0.968351,
          -0.08747,
          0.233764,
          2.398793
        ],
        [
          0.035166,
          -0.879425,
          -0.474738,
          1.458051
        ],
        [
          0.0,
          0.0,
          0.0,
          1.0
        ]
      ]
    },
    {
      "file_path": "/media/NFS/ttao/scannet/posed_images/scene0093_02/00066.jpg",
      "transform_matrix": [
        [
          0.164353,
          0.49914,
          -0.850792,
          3.563154
        ],
        [
          0.98544,
          -0.045011,
          0.163956,
          2.424788
        ],
        [
          0.043542,
          -0.865351,
          -0.499271,
          1.450619
        ],
        [
          0.0,
          0.0,
          0.0,
          1.0
        ]
      ]
    },
    {
      "file_path": "/media/NFS/ttao/scannet/posed_images/scene0093_02/00069.jpg",
      "transform_matrix": [
        [
          0.10158,
          0.514783,
          -0.851281,
          3.580546
        ],
        [
          0.993957,
          -0.016733,
          0.108487,
          2.439283
        ],
        [
          0.041602,
          -0.857157,
          -0.513372,
          1.444983
        ],
        [
          0.0,
          0.0,
          0.0,
          1.0
        ]
      ]
    },
    {
      "file_path": "/media/NFS/ttao/scannet/posed_images/scene0093_02/00071.jpg",
      "transform_matrix": [
        [
          0.067261,
          0.528309,
          -0.846383,
          3.589051
        ],
        [
          0.996251,
          0.010698,
          0.085849,
          2.444256
        ],
        [
          0.054409,
          -0.848984,
          -0.525609,
          1.442166
        ],
        [
          0.0,
          0.0,
          0.0,
          1.0
        ]
      ]
    },
    {
      "file_path": "/media/NFS/ttao/scannet/posed_images/scene0093_02/00074.jpg",
      "transform_matrix": [
        [
          0.023874,
          0.537918,
          -0.842659,
          3.601274
        ],
        [
          0.99842,
          0.030052,
          0.047471,
          2.461885
        ],
        [
          0.050859,
          -0.842461,
          -0.536351,
          1.43837
        ],
        [
          0.0,
          0.0,
          0.0,
          1.0
        ]
      ]
    },
    {
      "file_path": "/media/NFS/ttao/scannet/posed_images/scene0093_02/00078.jpg",
      "transform_matrix": [
        [
          -0.016597,
          0.549364,
          -0.835418,
          3.608721
        ],
        [
          0.998999,
          0.043824,
          0.008972,
          2.48744
        ],
        [
          0.04154,
          -0.834433,
          -0.549541,
          1.430322
        ],
        [
          0.0,
          0.0,
          0.0,
          1.0
        ]
      ]
    },
    {
      "file_path": "/media/NFS/ttao/scannet/posed_images/scene0093_02/00084.jpg",
      "transform_matrix": [
        [
          -0.06096,
          0.577601,
          -0.81404,
          3.606911
        ],
        [
          0.9977,
          0.059471,
          -0.032516,
          2.539965
        ],
        [
          0.029631,
          -0.81415,
          -0.579898,
          1.406055
        ],
        [
          0.0,
          0.0,
          0.0,
          1.0
        ]
      ]
    },
    {
      "file_path": "/media/NFS/ttao/scannet/posed_images/scene0093_02/00088.jpg",
      "transform_matrix": [
        [
          -0.074984,
          0.602761,
          -0.79439,
          3.587234
        ],
        [
          0.996553,
          0.073649,
          -0.038184,
          2.585959
        ],
        [
          0.03549,
          -0.794515,
          -0.606206,
          1.388284
        ],
        [
          0.0,
          0.0,
          0.0,
          1.0
        ]
      ]
    },
    {
      "file_path": "/media/NFS/ttao/scannet/posed_images/scene0093_02/00089.jpg",
      "transform_matrix": [
        [
          -0.080489,
          0.60416,
          -0.792787,
          3.581189
        ],
        [
          0.996149,
          0.0765,
          -0.042837,
          2.599602
        ],
        [
          0.034768,
          -0.793182,
          -0.607991,
          1.38377
        ],
        [
          0.0,
          0.0,
          0.0,
          1.0
        ]
      ]
    },
    {
      "file_path": "/media/NFS/ttao/scannet/posed_images/scene0093_02/00094.jpg",
      "transform_matrix": [
        [
          -0.073957,
          0.62673,
          -0.775719,
          3.536309
        ],
        [
          0.996032,
          0.085031,
          -0.026263,
          2.661874
        ],
        [
          0.049501,
          -0.774583,
          -0.630531,
          1.370868
        ],
        [
          0.0,
          0.0,
          0.0,
          1.0
        ]
      ]
    },
    {
      "file_path": "/media/NFS/ttao/scannet/posed_images/scene0093_02/00099.jpg",
      "transform_matrix": [
        [
          -0.055766,
          0.609572,
          -0.790767,
          3.482405
        ],
        [
          0.995216,
          0.097572,
          0.005031,
          2.725819
        ],
        [
          0.080224,
          -0.786703,
          -0.612097,
          1.373474
        ],
        [
          0.0,
          0.0,
          0.0,
          1.0
        ]
      ]
    },
    {
      "file_path": "/media/NFS/ttao/scannet/posed_images/scene0093_02/00101.jpg",
      "transform_matrix": [
        [
          -0.069524,
          0.604526,
          -0.793546,
          3.44979
        ],
        [
          0.99363,
          0.112689,
          -0.001206,
          2.753786
        ],
        [
          0.088695,
          -0.788575,
          -0.608509,
          1.376034
        ],
        [
          0.0,
          0.0,
          0.0,
          1.0
        ]
      ]
    },
    {
      "file_path": "/media/NFS/ttao/scannet/posed_images/scene0093_02/00105.jpg",
      "transform_matrix": [
        [
          -0.072021,
          0.592529,
          -0.802323,
          3.402067
        ],
        [
          0.99202,
          0.126018,
          0.004018,
          2.788836
        ],
        [
          0.103488,
          -0.795631,
          -0.596877,
          1.384536
        ],
        [
          0.0,
          0.0,
          0.0,
          1.0
        ]
      ]
    },
    {
      "file_path": "/media/NFS/ttao/scannet/posed_images/scene0093_02/00106.jpg",
      "transform_matrix": [
        [
          -0.075154,
          0.588869,
          -0.804726,
          3.391312
        ],
        [
          0.992097,
          0.125467,
          -0.000841,
          2.802172
        ],
        [
          0.100471,
          -0.79843,
          -0.593645,
          1.383349
        ],
        [
          0.0,
          0.0,
          0.0,
          1.0
        ]
      ]
    },
    {
      "file_path": "/media/NFS/ttao/scannet/posed_images/scene0093_02/00111.jpg",
      "transform_matrix": [
        [
          -0.089107,
          0.576901,
          -0.811939,
          3.337663
        ],
        [
          0.991271,
          0.130895,
          -0.015784,
          2.826544
        ],
        [
          0.097173,
          -0.806258,
          -0.583528,
          1.398507
        ],
        [
          0.0,
          0.0,
          0.0,
          1.0
        ]
      ]
    },
    {
      "file_path": "/media/NFS/ttao/scannet/posed_images/scene0093_02/00116.jpg",
      "transform_matrix": [
        [
          -0.112231,
          0.542002,
          -0.832849,
          3.288302
        ],
        [
          0.990364,
          0.129452,
          -0.049213,
          2.873965
        ],
        [
          0.08114,
          -0.830347,
          -0.551308,
          1.408038
        ],
        [
          0.0,
          0.0,
          0.0,
          1.0
        ]
      ]
    },
    {
      "file_path": "/media/NFS/ttao/scannet/posed_images/scene0093_02/00119.jpg",
      "transform_matrix": [
        [
          -0.139594,
          0.528477,
          -0.837392,
          3.259053
        ],
        [
          0.987194,
          0.140214,
          -0.076077,
          2.909954
        ],
        [
          0.077209,
          -0.837289,
          -0.541282,
          1.411237
        ],
        [
          0.0,
          0.0,
          0.0,
          1.0
        ]
      ]
    },
    {
      "file_path": "/media/NFS/ttao/scannet/posed_images/scene0093_02/00123.jpg",
      "transform_matrix": [
        [
          -0.179271,
          0.514707,
          -0.838414,
          3.220993
        ],
        [
          0.980789,
          0.160127,
          -0.11141,
          2.969874
        ],
        [
          0.076909,
          -0.84228,
          -0.533525,
          1.413268
        ],
        [
          0.0,
          0.0,
          0.0,
          1.0
        ]
      ]
    },
    {
      "file_path": "/media/NFS/ttao/scannet/posed_images/scene0093_02/00127.jpg",
      "transform_matrix": [
        [
          -0.217738,
          0.50334,
          -0.836205,
          3.185146
        ],
        [
          0.973133,
          0.177666,
          -0.146449,
          3.013396
        ],
        [
          0.074851,
          -0.845626,
          -0.528501,
          1.418338
        ],
        [
          0.0,
          0.0,
          0.0,
          1.0
        ]
      ]
    },
    {
      "file_path": "/media/NFS/ttao/scannet/posed_images/scene0093_02/00128.jpg",
      "transform_matrix": [
        [
          -0.234453,
          0.501542,
          -0.832759,
          3.174174
        ],
        [
          0.969579,
          0.182634,
          -0.162979,
          3.027824
        ],
        [
          0.070349,
          -0.845636,
          -0.529104,
          1.419125
        ],
        [
          0.0,
          0.0,
          0.0,
          1.0
        ]
      ]
    },
    {
      "file_path": "/media/NFS/ttao/scannet/posed_images/scene0093_02/00134.jpg",
      "transform_matrix": [
        [
          -0.30879,
          0.465699,
          -0.829321,
          3.131127
        ],
        [
          0.94949,
          0.202109,
          -0.240041,
          3.066788
        ],
        [
          0.055827,
          -0.861555,
          -0.504586,
          1.430657
        ],
        [
          0.0,
          0.0,
          0.0,
          1.0
        ]
      ]
    },
    {
      "file_path": "/media/NFS/ttao/scannet/posed_images/scene0093_02/00135.jpg",
      "transform_matrix": [
        [
          -0.327033,
          0.46054,
          -0.825198,
          3.124326
        ],
        [
          0.94355,
          0.207701,
          -0.258019,
          3.077222
        ],
        [
          0.052566,
          -0.862997,
          -0.502467,
          1.431618
        ],
        [
          0.0,
          0.0,
          0.0,
          1.0
        ]
      ]
    },
    {
      "file_path": "/media/NFS/ttao/scannet/posed_images/scene0093_02/00142.jpg",
      "transform_matrix": [
        [
          -0.42292,
          0.419475,
          -0.80323,
          3.059621
        ],
        [
          0.905408,
          0.231891,
          -0.355617,
          3.142918
        ],
        [
          0.037089,
          -0.877649,
          -0.477867,
          1.435243
        ],
        [
          0.0,
          0.0,
          0.0,
          1.0
        ]
      ]
    },
    {
      "file_path": "/media/NFS/ttao/scannet/posed_images/scene0093_02/00144.jpg",
      "transform_matrix": [
        [
          -0.438932,
          0.418098,
          -0.795319,
          3.039364
        ],
        [
          0.897893,
          0.23718,
          -0.370857,
          3.158028
        ],
        [
          0.033579,
          -0.876892,
          -0.479513,
          1.433408
        ],
        [
          0.0,
          0.0,
          0.0,
          1.0
        ]
      ]
    },
    {
      "file_path": "/media/NFS/ttao/scannet/posed_images/scene0093_02/00146.jpg",
      "transform_matrix": [
        [
          -0.450977,
          0.412985,
          -0.791242,
          3.018502
        ],
        [
          0.891887,
          0.242304,
          -0.381871,
          3.174711
        ],
        [
          0.034014,
          -0.877913,
          -0.47761,
          1.431641
        ],
        [
          0.0,
          0.0,
          0.0,
          1.0
        ]
      ]
    },
    {
      "file_path": "/media/NFS/ttao/scannet/posed_images/scene0093_02/00153.jpg",
      "transform_matrix": [
        [
          -0.454831,
          0.411227,
          -0.78995,
          2.924814
        ],
        [
          0.890199,
          0.235792,
          -0.389805,
          3.221332
        ],
        [
          0.025965,
          -0.880508,
          -0.47332,
          1.428603
        ],
        [
          0.0,
          0.0,
          0.0,
          1.0
        ]
      ]
    },
    {
      "file_path": "/media/NFS/ttao/scannet/posed_images/scene0093_02/00154.jpg",
      "transform_matrix": [
        [
          -0.454294,
          0.412969,
          -0.789351,
          2.910942
        ],
        [
          0.890509,
          0.235121,
          -0.389503,
          3.226789
        ],
        [
          0.02474,
          -0.879872,
          -0.474566,
          1.428027
        ],
        [
          0.0,
          0.0,
          0.0,
          1.0
        ]
      ]
    },
    {
      "file_path": "/media/NFS/ttao/scannet/posed_images/scene0093_02/00158.jpg",
      "transform_matrix": [
        [
          -0.455527,
          0.401501,
          -0.794539,
          2.849383
        ],
        [
          0.89001,
          0.224878,
          -0.396626,
          3.243599
        ],
        [
          0.019428,
          -0.887821,
          -0.459778,
          1.428444
        ],
        [
          0.0,
          0.0,
          0.0,
          1.0
        ]
      ]
    },
    {
      "file_path": "/media/NFS/ttao/scannet/posed_images/scene0093_02/00163.jpg",
      "transform_matrix": [
        [
          -0.447009,
          0.392648,
          -0.803748,
          2.771116
        ],
        [
          0.894339,
          0.214706,
          -0.392504,
          3.245124
        ],
        [
          0.018454,
          -0.894276,
          -0.447136,
          1.432914
        ],
        [
          0.0,
          0.0,
          0.0,
          1.0
        ]
      ]
    },
    {
      "file_path": "/media/NFS/ttao/scannet/posed_images/scene0093_02/00164.jpg",
      "transform_matrix": [
        [
          -0.446711,
          0.394475,
          -0.803019,
          2.75513
        ],
        [
          0.894516,
          0.21402,
          -0.392474,
          3.243681
        ],
        [
          0.017041,
          -0.893636,
          -0.448469,
          1.435452
        ],
        [
          0.0,
          0.0,
          0.0,
          1.0
        ]
      ]
    },
    {
      "file_path": "/media/NFS/ttao/scannet/posed_images/scene0093_02/00170.jpg",
      "transform_matrix": [
        [
          -0.482677,
          0.356378,
          -0.800011,
          2.664214
        ],
        [
          0.875721,
          0.208597,
          -0.435432,
          3.245372
        ],
        [
          0.011701,
          -0.910759,
          -0.412773,
          1.452839
        ],
        [
          0.0,
          0.0,
          0.0,
          1.0
        ]
      ]
    },
    {
      "file_path": "/media/NFS/ttao/scannet/posed_images/scene0093_02/00174.jpg",
      "transform_matrix": [
        [
          -0.532792,
          0.316025,
          -0.785023,
          2.625212
        ],
        [
          0.846081,
          0.217234,
          -0.486781,
          3.252953
        ],
        [
          0.016698,
          -0.923546,
          -0.383123,
          1.460585
        ],
        [
          0.0,
          0.0,
          0.0,
          1.0
        ]
      ]
    },
    {
      "file_path": "/media/NFS/ttao/scannet/posed_images/scene0093_02/00177.jpg",
      "transform_matrix": [
        [
          -0.574066,
          0.294633,
          -0.763963,
          2.59892
        ],
        [
          0.818558,
          0.229588,
          -0.526547,
          3.264679
        ],
        [
          0.020259,
          -0.927621,
          -0.372972,
          1.459554
        ],
        [
          0.0,
          0.0,
          0.0,
          1.0
        ]
      ]
    },
    {
      "file_path": "/media/NFS/ttao/scannet/posed_images/scene0093_02/00178.jpg",
      "transform_matrix": [
        [
          -0.587797,
          0.289021,
          -0.75562,
          2.589627
        ],
        [
          0.808736,
          0.234161,
          -0.539551,
          3.270527
        ],
        [
          0.020995,
          -0.928243,
          -0.371381,
          1.457792
        ],
        [
          0.0,
          0.0,
          0.0,
          1.0
        ]
      ]
    },
    {
      "file_path": "/media/NFS/ttao/scannet/posed_images/scene0093_02/00185.jpg",
      "transform_matrix": [
        [
          -0.659665,
          0.25529,
          -0.706873,
          2.523695
        ],
        [
          0.75115,
          0.254989,
          -0.608896,
          3.311907
        ],
        [
          0.0248,
          -0.932635,
          -0.359969,
          1.443068
        ],
        [
          0.0,
          0.0,
          0.0,
          1.0
        ]
      ]
    },
    {
      "file_path": "/media/NFS/ttao/scannet/posed_images/scene0093_02/00186.jpg",
      "transform_matrix": [
        [
          -0.664725,
          0.253018,
          -0.702938,
          2.513321
        ],
        [
          0.746624,
          0.258139,
          -0.613121,
          3.320374
        ],
        [
          0.026325,
          -0.932387,
          -0.360501,
          1.439234
        ],
        [
          0.0,
          0.0,
          0.0,
          1.0
        ]
      ]
    },
    {
      "file_path": "/media/NFS/ttao/scannet/posed_images/scene0093_02/00189.jpg",
      "transform_matrix": [
        [
          -0.668563,
          0.260375,
          -0.696584,
          2.474812
        ],
        [
          0.743393,
          0.258904,
          -0.616714,
          3.347613
        ],
        [
          0.019771,
          -0.930147,
          -0.366654,
          1.428804
        ],
        [
          0.0,
          0.0,
          0.0,
          1.0
        ]
      ]
    },
    {
      "file_path": "/media/NFS/ttao/scannet/posed_images/scene0093_02/00196.jpg",
      "transform_matrix": [
        [
          -0.707325,
          0.24439,
          -0.663298,
          2.412078
        ],
        [
          0.706717,
          0.265117,
          -0.655945,
          3.368949
        ],
        [
          0.015545,
          -0.932731,
          -0.360239,
          1.405794
        ],
        [
          0.0,
          0.0,
          0.0,
          1.0
        ]
      ]
    },
    {
      "file_path": "/media/NFS/ttao/scannet/posed_images/scene0093_02/00199.jpg",
      "transform_matrix": [
        [
          -0.730946,
          0.243035,
          -0.637692,
          2.363848
        ],
        [
          0.682434,
          0.262018,
          -0.682371,
          3.387573
        ],
        [
          0.001247,
          -0.933959,
          -0.357377,
          1.389569
        ],
        [
          0.0,
          0.0,
          0.0,
          1.0
        ]
      ]
    },
    {
      "file_path": "/media/NFS/ttao/scannet/posed_images/scene0093_02/00200.jpg",
      "transform_matrix": [
        [
          -0.73627,
          0.242461,
          -0.631758,
          2.344061
        ],
        [
          0.67668,
          0.259469,
          -0.689042,
          3.395576
        ],
        [
          -0.003144,
          -0.93482,
          -0.355109,
          1.383806
        ],
        [
          0.0,
          0.0,
          0.0,
          1.0
        ]
      ]
    },
    {
      "file_path": "/media/NFS/ttao/scannet/posed_images/scene0093_02/00206.jpg",
      "transform_matrix": [
        [
          -0.761569,
          0.223779,
          -0.608223,
          2.257298
        ],
        [
          0.648071,
          0.257152,
          -0.716852,
          3.40723
        ],
        [
          -0.004011,
          -0.940104,
          -0.340863,
          1.354298
        ],
        [
          0.0,
          0.0,
          0.0,
          1.0
        ]
      ]
    },
    {
      "file_path": "/media/NFS/ttao/scannet/posed_images/scene0093_02/00207.jpg",
      "transform_matrix": [
        [
          -0.764654,
          0.223089,
          -0.604595,
          2.241376
        ],
        [
          0.64441,
          0.255491,
          -0.720736,
          3.411104
        ],
        [
          -0.00632,
          -0.940721,
          -0.339123,
          1.349262
        ],
        [
          0.0,
          0.0,
          0.0,
          1.0
        ]
      ]
    },
    {
      "file_path": "/media/NFS/ttao/scannet/posed_images/scene0093_02/00211.jpg",
      "transform_matrix": [
        [
          -0.763421,
          0.222077,
          -0.606523,
          2.171856
        ],
        [
          0.645727,
          0.240653,
          -0.724653,
          3.422744
        ],
        [
          -0.014967,
          -0.944864,
          -0.327121,
          1.341258
        ],
        [
          0.0,
          0.0,
          0.0,
          1.0
        ]
      ]
    },
    {
      "file_path": "/media/NFS/ttao/scannet/posed_images/scene0093_02/00216.jpg",
      "transform_matrix": [
        [
          -0.772305,
          0.202671,
          -0.602054,
          2.098808
        ],
        [
          0.63509,
          0.224922,
          -0.738966,
          3.438755
        ],
        [
          -0.014352,
          -0.953066,
          -0.302423,
          1.326928
        ],
        [
          0.0,
          0.0,
          0.0,
          1.0
        ]
      ]
    },
    {
      "file_path": "/media/NFS/ttao/scannet/posed_images/scene0093_02/00220.jpg",
      "transform_matrix": [
        [
          -0.787164,
          0.168112,
          -0.593389,
          2.051164
        ],
        [
          0.616726,
          0.207387,
          -0.759368,
          3.446742
        ],
        [
          -0.004598,
          -0.963706,
          -0.266926,
          1.32471
        ],
        [
          0.0,
          0.0,
          0.0,
          1.0
        ]
      ]
    },
    {
      "file_path": "/media/NFS/ttao/scannet/posed_images/scene0093_02/00223.jpg",
      "transform_matrix": [
        [
          -0.792673,
          0.14418,
          -0.592352,
          2.032324
        ],
        [
          0.609544,
          0.205325,
          -0.765701,
          3.453482
        ],
        [
          0.011226,
          -0.968015,
          -0.250639,
          1.315279
        ],
        [
          0.0,
          0.0,
          0.0,
          1.0
        ]
      ]
    },
    {
      "file_path": "/media/NFS/ttao/scannet/posed_images/scene0093_02/00228.jpg",
      "transform_matrix": [
        [
          -0.803665,
          0.147527,
          -0.576506,
          1.995286
        ],
        [
          0.594972,
          0.217866,
          -0.773656,
          3.455559
        ],
        [
          0.011466,
          -0.964764,
          -0.262865,
          1.311253
        ],
        [
          0.0,
          0.0,
          0.0,
          1.0
        ]
      ]
    },
    {
      "file_path": "/media/NFS/ttao/scannet/posed_images/scene0093_02/00231.jpg",
      "transform_matrix": [
        [
          -0.812048,
          0.146587,
          -0.56488,
          1.97656
        ],
        [
          0.583533,
          0.217539,
          -0.782411,
          3.459456
        ],
        [
          0.008192,
          -0.964981,
          -0.262191,
          1.304847
        ],
        [
          0.0,
          0.0,
          0.0,
          1.0
        ]
      ]
    },
    {
      "file_path": "/media/NFS/ttao/scannet/posed_images/scene0093_02/00232.jpg",
      "transform_matrix": [
        [
          -0.813072,
          0.147234,
          -0.563237,
          1.974215
        ],
        [
          0.582125,
          0.216725,
          -0.783684,
          3.459246
        ],
        [
          0.006683,
          -0.965066,
          -0.261922,
          1.302953
        ],
        [
          0.0,
          0.0,
          0.0,
          1.0
        ]
      ]
    },
    {
      "file_path": "/media/NFS/ttao/scannet/posed_images/scene0093_02/00239.jpg",
      "transform_matrix": [
        [
          -0.816692,
          0.16802,
          -0.552073,
          1.950199
        ],
        [
          0.576944,
          0.217436,
          -0.78731,
          3.459
        ],
        [
          -0.012243,
          -0.961505,
          -0.274516,
          1.294616
        ],
        [
          0.0,
          0.0,
          0.0,
          1.0
        ]
      ]
    },
    {
      "file_path": "/media/NFS/ttao/scannet/posed_images/scene0093_02/00240.jpg",
      "transform_matrix": [
        [
          -0.817345,
          0.170844,
          -0.550236,
          1.946549
        ],
        [
          0.575994,
          0.220142,
          -0.787254,
          3.45757
        ],
        [
          -0.013368,
          -0.960391,
          -0.278337,
          1.297277
        ],
        [
          0.0,
          0.0,
          0.0,
          1.0
        ]
      ]
    },
    {
      "file_path": "/media/NFS/ttao/scannet/posed_images/scene0093_02/00244.jpg",
      "transform_matrix": [
        [
          -0.820227,
          0.170622,
          -0.546,
          1.942777
        ],
        [
          0.571855,
          0.220394,
          -0.790195,
          3.451536
        ],
        [
          -0.01449,
          -0.960372,
          -0.278344,
          1.295886
        ],
        [
          0.0,
          0.0,
          0.0,
          1.0
        ]
      ]
    },
    {
      "file_path": "/media/NFS/ttao/scannet/posed_images/scene0093_02/00248.jpg",
      "transform_matrix": [
        [
          -0.829474,
          0.165731,
          -0.533391,
          1.94014
        ],
        [
          0.55832,
          0.218877,
          -0.800233,
          3.440683
        ],
        [
          -0.015877,
          -0.961575,
          -0.274083,
          1.300866
        ],
        [
          0.0,
          0.0,
          0.0,
          1.0
        ]
      ]
    },
    {
      "file_path": "/media/NFS/ttao/scannet/posed_images/scene0093_02/00253.jpg",
      "transform_matrix": [
        [
          -0.83927,
          0.148308,
          -0.523097,
          1.952256
        ],
        [
          0.543612,
          0.210174,
          -0.812596,
          3.42236
        ],
        [
          -0.010574,
          -0.96635,
          -0.257015,
          1.310716
        ],
        [
          0.0,
          0.0,
          0.0,
          1.0
        ]
      ]
    },
    {
      "file_path": "/media/NFS/ttao/scannet/posed_images/scene0093_02/00254.jpg",
      "transform_matrix": [
        [
          -0.840299,
          0.147196,
          -0.521757,
          1.953783
        ],
        [
          0.542051,
          0.212431,
          -0.813052,
          3.417662
        ],
        [
          -0.00884,
          -0.966026,
          -0.258293,
          1.314882
        ],
        [
          0.0,
          0.0,
          0.0,
          1.0
        ]
      ]
    },
    {
      "file_path": "/media/NFS/ttao/scannet/posed_images/scene0093_02/00258.jpg",
      "transform_matrix": [
        [
          -0.842553,
          0.135755,
          -0.521224,
          1.978367
        ],
        [
          0.53861,
          0.209453,
          -0.816106,
          3.398911
        ],
        [
          -0.001618,
          -0.968349,
          -0.249595,
          1.326418
        ],
        [
          0.0,
          0.0,
          0.0,
          1.0
        ]
      ]
    },
    {
      "file_path": "/media/NFS/ttao/scannet/posed_images/scene0093_02/00262.jpg",
      "transform_matrix": [
        [
          -0.828692,
          0.159231,
          -0.536577,
          2.001714
        ],
        [
          0.559704,
          0.23431,
          -0.794877,
          3.375633
        ],
        [
          -0.000844,
          -0.959033,
          -0.283293,
          1.339727
        ],
        [
          0.0,
          0.0,
          0.0,
          1.0
        ]
      ]
    },
    {
      "file_path": "/media/NFS/ttao/scannet/posed_images/scene0093_02/00266.jpg",
      "transform_matrix": [
        [
          -0.803782,
          0.180313,
          -0.56694,
          2.040976
        ],
        [
          0.594894,
          0.253088,
          -0.76292,
          3.359677
        ],
        [
          0.005922,
          -0.950491,
          -0.310695,
          1.350711
        ],
        [
          0.0,
          0.0,
          0.0,
          1.0
        ]
      ]
    },
    {
      "file_path": "/media/NFS/ttao/scannet/posed_images/scene0093_02/00268.jpg",
      "transform_matrix": [
        [
          -0.783549,
          0.200854,
          -0.58797,
          2.086062
        ],
        [
          0.621296,
          0.263272,
          -0.738024,
          3.348816
        ],
        [
          0.006561,
          -0.943581,
          -0.331076,
          1.358694
        ],
        [
          0.0,
          0.0,
          0.0,
          1.0
        ]
      ]
    },
    {
      "file_path": "/media/NFS/ttao/scannet/posed_images/scene0093_02/00272.jpg",
      "transform_matrix": [
        [
          -0.748969,
          0.236613,
          -0.618918,
          2.148735
        ],
        [
          0.662463,
          0.28676,
          -0.692035,
          3.330497
        ],
        [
          0.013737,
          -0.928323,
          -0.371522,
          1.373339
        ],
        [
          0.0,
          0.0,
          0.0,
          1.0
        ]
      ]
    },
    {
      "file_path": "/media/NFS/ttao/scannet/posed_images/scene0093_02/00275.jpg",
      "transform_matrix": [
        [
          -0.721493,
          0.267046,
          -0.638854,
          2.203244
        ],
        [
          0.692189,
          0.30211,
          -0.655443,
          3.310836
        ],
        [
          0.01797,
          -0.915105,
          -0.402816,
          1.387814
        ],
        [
          0.0,
