{
  "frames": [
    {
      "file_path": "/media/NFS/ttao/scannet/posed_images/scene0443_00/00000.jpg",
      "transform_matrix": [
        [
          0.897338,
          -0.163406,
          0.409979,
          3.675673
        ],
        [
          -0.441222,
          -0.353996,
          0.824628,
          3.860662
        ],
        [
          0.010382,
          -0.920861,
          -0.389752,
          1.6329
        ],
        [
          0.0,
          0.0,
          0.0,
          1.0
        ]
      ]
    },
    {
      "file_path": "/media/NFS/ttao/scannet/posed_images/scene0443_00/00001.jpg",
      "transform_matrix": [
        [
          0.894583,
          -0.166663,
          0.414663,
          3.671852
        ],
        [
          -0.446795,
          -0.353935,
          0.821647,
          3.861832
        ],
        [
          0.009826,
          -0.920301,
          -0.391089,
          1.625767
        ],
        [
          0.0,
          0.0,
          0.0,
          1.0
        ]
      ]
    },
    {
      "file_path": "/media/NFS/ttao/scannet/posed_images/scene0443_00/00003.jpg",
      "transform_matrix": [
        [
          0.891718,
          -0.172295,
          0.418514,
          3.677776
        ],
        [
          -0.452393,
          -0.366718,
          0.812932,
          3.873866
        ],
        [
          0.013413,
          -0.914239,
          -0.404954,
          1.628139
        ],
        [
          0.0,
          0.0,
          0.0,
          1.0
        ]
      ]
    },
    {
      "file_path": "/media/NFS/ttao/scannet/posed_images/scene0443_00/00004.jpg",
      "transform_matrix": [
        [
          0.890901,
          -0.171667,
          0.420507,
          3.679799
        ],
        [
          -0.453958,
          -0.366631,
          0.812098,
          3.875685
        ],
        [
          0.014761,
          -0.914392,
          -0.404562,
          1.629165
        ],
        [
          0.0,
          0.0,
          0.0,
          1.0
        ]
      ]
    },
    {
      "file_path": "/media/NFS/ttao/scannet/posed_images/scene0443_00/00005.jpg",
      "transform_matrix": [
        [
          0.890785,
          -0.170208,
          0.421345,
          3.686029
        ],
        [
          -0.454136,
          -0.366515,
          0.812051,
          3.874504
        ],
        [
          0.016212,
          -0.914711,
          -0.403784,
          1.62637
        ],
        [
          0.0,
          0.0,
          0.0,
          1.0
        ]
      ]
    },
    {
      "file_path": "/media/NFS/ttao/scannet/posed_images/scene0443_00/00006.jpg",
      "transform_matrix": [
        [
          0.889433,
          -0.167392,
          0.425311,
          3.687462
        ],
        [
          -0.456588,
          -0.367945,
          0.810027,
          3.874613
        ],
        [
          0.020899,
          -0.914657,
          -0.403691,
          1.624272
        ],
        [
          0.0,
          0.0,
          0.0,
          1.0
        ]
      ]
    },
    {
      "file_path": "/media/NFS/ttao/scannet/posed_images/scene0443_00/00008.jpg",
      "transform_matrix": [
        [
          0.886106,
          -0.168508,
          0.431766,
          3.694584
        ],
        [
          -0.462843,
          -0.370646,
          0.805232,
          3.879827
        ],
        [
          0.024345,
          -0.91336,
          -0.406424,
          1.626577
        ],
        [
          0.0,
          0.0,
          0.0,
          1.0
        ]
      ]
    },
    {
      "file_path": "/media/NFS/ttao/scannet/posed_images/scene0443_00/00009.jpg",
      "transform_matrix": [
        [
          0.885025,
          -0.172144,
          0.432548,
          3.700492
        ],
        [
          -0.465053,
          -0.36955,
          0.804462,
          3.877296
        ],
        [
          0.021364,
          -0.913126,
          -0.407117,
          1.626826
        ],
        [
          0.0,
          0.0,
          0.0,
          1.0
        ]
      ]
    },
    {
      "file_path": "/media/NFS/ttao/scannet/posed_images/scene0443_00/00011.jpg",
      "transform_matrix": [
        [
          0.881013,
          -0.186057,
          0.43497,
          3.710495
        ],
        [
          -0.472929,
          -0.37051,
          0.799413,
          3.879054
        ],
        [
          0.012425,
          -0.910003,
          -0.414416,
          1.6338
        ],
        [
          0.0,
          0.0,
          0.0,
          1.0
        ]
      ]
    },
    {
      "file_path": "/media/NFS/ttao/scannet/posed_images/scene0443_00/00012.jpg",
      "transform_matrix": [
        [
          0.878415,
          -0.18872,
          0.439057,
          3.716886
        ],
        [
          -0.477747,
          -0.369879,
          0.796836,
          3.876442
        ],
        [
          0.012019,
          -0.909711,
          -0.415068,
          1.633028
        ],
        [
          0.0,
          0.0,
          0.0,
          1.0
        ]
      ]
    },
    {
      "file_path": "/media/NFS/ttao/scannet/posed_images/scene0443_00/00014.jpg",
      "transform_matrix": [
        [
          0.873657,
          -0.188588,
          0.448507,
          3.739764
        ],
        [
          -0.486258,
          -0.369956,
          0.791635,
          3.869524
        ],
        [
          0.016635,
          -0.909707,
          -0.414917,
          1.631967
        ],
        [
          0.0,
          0.0,
          0.0,
          1.0
        ]
      ]
    },
    {
      "file_path": "/media/NFS/ttao/scannet/posed_images/scene0443_00/00015.jpg",
      "transform_matrix": [
        [
          0.869751,
          -0.189051,
          0.455842,
          3.745919
        ],
        [
          -0.493068,
          -0.37114,
          0.786854,
          3.87007
        ],
        [
          0.020425,
          -0.909129,
          -0.416014,
          1.633368
        ],
        [
          0.0,
          0.0,
          0.0,
          1.0
        ]
      ]
    },
    {
      "file_path": "/media/NFS/ttao/scannet/posed_images/scene0443_00/00016.jpg",
      "transform_matrix": [
        [
          0.862383,
          -0.196617,
          0.466517,
          3.763852
        ],
        [
          -0.505872,
          -0.370607,
          0.778938,
          3.868631
        ],
        [
          0.019741,
          -0.90774,
          -0.419068,
          1.636488
        ],
        [
          0.0,
          0.0,
          0.0,
          1.0
        ]
      ]
    },
    {
      "file_path": "/media/NFS/ttao/scannet/posed_images/scene0443_00/00018.jpg",
      "transform_matrix": [
        [
          0.853154,
          -0.202253,
          0.480856,
          3.780406
        ],
        [
          -0.521295,
          -0.365008,
          0.771376,
          3.862945
        ],
        [
          0.019503,
          -0.90877,
          -0.416841,
          1.635703
        ],
        [
          0.0,
          0.0,
          0.0,
          1.0
        ]
      ]
    },
    {
      "file_path": "/media/NFS/ttao/scannet/posed_images/scene0443_00/00019.jpg",
      "transform_matrix": [
        [
          0.846737,
          -0.206964,
          0.490105,
          3.786448
        ],
        [
          -0.531649,
          -0.363204,
          0.765135,
          3.860373
        ],
        [
          0.019653,
          -0.908432,
          -0.417571,
          1.635406
        ],
        [
          0.0,
          0.0,
          0.0,
          1.0
        ]
      ]
    },
    {
      "file_path": "/media/NFS/ttao/scannet/posed_images/scene0443_00/00020.jpg",
      "transform_matrix": [
        [
          0.840379,
          -0.214512,
          0.497743,
          3.795975
        ],
        [
          -0.541692,
          -0.363342,
          0.757992,
          3.863843
        ],
        [
          0.018253,
          -0.906624,
          -0.421544,
          1.639101
        ],
        [
          0.0,
          0.0,
          0.0,
          1.0
        ]
      ]
    },
    {
      "file_path": "/media/NFS/ttao/scannet/posed_images/scene0443_00/00022.jpg",
      "transform_matrix": [
        [
          0.827058,
          -0.226841,
          0.514314,
          3.813191
        ],
        [
          -0.561924,
          -0.357592,
          0.745902,
          3.858236
        ],
        [
          0.014713,
          -0.905909,
          -0.423217,
          1.635202
        ],
        [
          0.0,
          0.0,
          0.0,
          1.0
        ]
      ]
    },
    {
      "file_path": "/media/NFS/ttao/scannet/posed_images/scene0443_00/00023.jpg",
      "transform_matrix": [
        [
          0.820123,
          -0.235705,
          0.521384,
          3.82286
        ],
        [
          -0.5721,
          -0.353693,
          0.740002,
          3.85431
        ],
        [
          0.009988,
          -0.905177,
          -0.424918,
          1.633682
        ],
        [
          0.0,
          0.0,
          0.0,
          1.0
        ]
      ]
    },
    {
      "file_path": "/media/NFS/ttao/scannet/posed_images/scene0443_00/00025.jpg",
      "transform_matrix": [
        [
          0.806852,
          -0.247276,
          0.536512,
          3.842048
        ],
        [
          -0.590692,
          -0.350869,
          0.726618,
          3.847287
        ],
        [
          0.00857,
          -0.903186,
          -0.429163,
          1.631358
        ],
        [
          0.0,
          0.0,
          0.0,
          1.0
        ]
      ]
    },
    {
      "file_path": "/media/NFS/ttao/scannet/posed_images/scene0443_00/00026.jpg",
      "transform_matrix": [
        [
          0.799269,
          -0.253565,
          0.544862,
          3.85134
        ],
        [
          -0.600918,
          -0.349604,
          0.718801,
          3.844475
        ],
        [
          0.008223,
          -0.901932,
          -0.431799,
          1.631324
        ],
        [
          0.0,
          0.0,
          0.0,
          1.0
        ]
      ]
    },
    {
      "file_path": "/media/NFS/ttao/scannet/posed_images/scene0443_00/00027.jpg",
      "transform_matrix": [
        [
          0.791968,
          -0.260707,
          0.552104,
          3.863555
        ],
        [
          -0.61052,
          -0.348921,
          0.710999,
          3.842357
        ],
        [
          0.007278,
          -0.900159,
          -0.435501,
          1.633068
        ],
        [
          0.0,
          0.0,
          0.0,
          1.0
        ]
      ]
    },
    {
      "file_path": "/media/NFS/ttao/scannet/posed_images/scene0443_00/00029.jpg",
      "transform_matrix": [
        [
          0.767918,
          -0.281136,
          0.575556,
          3.891012
        ],
        [
          -0.640521,
          -0.345239,
          0.685961,
          3.836765
        ],
        [
          0.005856,
          -0.895417,
          -0.445189,
          1.633726
        ],
        [
          0.0,
          0.0,
          0.0,
          1.0
        ]
      ]
    },
    {
      "file_path": "/media/NFS/ttao/scannet/posed_images/scene0443_00/00030.jpg",
      "transform_matrix": [
        [
          0.755029,
          -0.292108,
          0.587029,
          3.891236
        ],
        [
          -0.655682,
          -0.341066,
          0.673613,
          3.84492
        ],
        [
          0.003448,
          -0.893502,
          -0.449045,
          1.636473
        ],
        [
          0.0,
          0.0,
          0.0,
          1.0
        ]
      ]
    },
    {
      "file_path": "/media/NFS/ttao/scannet/posed_images/scene0443_00/00031.jpg",
      "transform_matrix": [
        [
          0.748541,
          -0.29276,
          0.594961,
          3.896949
        ],
        [
          -0.663073,
          -0.336693,
          0.668559,
          3.838479
        ],
        [
          0.004592,
          -0.894946,
          -0.44615,
          1.629099
        ],
        [
          0.0,
          0.0,
          0.0,
          1.0
        ]
      ]
    },
    {
      "file_path": "/media/NFS/ttao/scannet/posed_images/scene0443_00/00033.jpg",
      "transform_matrix": [
        [
          0.735873,
          -0.300328,
          0.606873,
          3.915432
        ],
        [
          -0.677089,
          -0.334951,
          0.655255,
          3.829318
        ],
        [
          0.006481,
          -0.893091,
          -0.44983,
          1.627675
        ],
        [
          0.0,
          0.0,
          0.0,
          1.0
        ]
      ]
    },
    {
      "file_path": "/media/NFS/ttao/scannet/posed_images/scene0443_00/00035.jpg",
      "transform_matrix": [
        [
          0.719494,
          -0.311616,
          0.620664,
          3.927245
        ],
        [
          -0.694474,
          -0.33046,
          0.639142,
          3.827449
        ],
        [
          0.005938,
          -0.890894,
          -0.454173,
          1.625079
        ],
        [
          0.0,
          0.0,
          0.0,
          1.0
        ]
      ]
    },
    {
      "file_path": "/media/NFS/ttao/scannet/posed_images/scene0443_00/00036.jpg",
      "transform_matrix": [
        [
          0.711361,
          -0.316355,
          0.627603,
          3.933319
        ],
        [
          -0.702799,
          -0.328058,
          0.631229,
          3.82721
        ],
        [
          0.006198,
          -0.890111,
          -0.455701,
          1.624432
        ],
        [
          0.0,
          0.0,
          0.0,
          1.0
        ]
      ]
    },
    {
      "file_path": "/media/NFS/ttao/scannet/posed_images/scene0443_00/00037.jpg",
      "transform_matrix": [
        [
          0.702362,
          -0.322493,
          0.634575,
          3.939422
        ],
        [
          -0.711802,
          -0.324435,
          0.62296,
          3.826875
        ],
        [
          0.004978,
          -0.889235,
          -0.457423,
          1.625379
        ],
        [
          0.0,
          0.0,
          0.0,
          1.0
        ]
      ]
    },
    {
      "file_path": "/media/NFS/ttao/scannet/posed_images/scene0443_00/00039.jpg",
      "transform_matrix": [
        [
          0.673302,
          -0.335164,
          0.659037,
          3.955376
        ],
        [
          -0.739362,
          -0.308755,
          0.598343,
          3.824671
        ],
        [
          0.002938,
          -0.890132,
          -0.455693,
          1.628088
        ],
        [
          0.0,
          0.0,
          0.0,
          1.0
        ]
      ]
    },
    {
      "file_path": "/media/NFS/ttao/scannet/posed_images/scene0443_00/00040.jpg",
      "transform_matrix": [
        [
          0.658148,
          -0.347034,
          0.668138,
          3.960123
        ],
        [
          -0.752874,
          -0.297703,
          0.586988,
          3.823657
        ],
        [
          -0.004798,
          -0.889348,
          -0.457205,
          1.632139
        ],
        [
          0.0,
          0.0,
          0.0,
          1.0
        ]
      ]
    },
    {
      "file_path": "/media/NFS/ttao/scannet/posed_images/scene0443_00/00041.jpg",
      "transform_matrix": [
        [
          0.647444,
          -0.353575,
          0.67513,
          3.969661
        ],
        [
          -0.762082,
          -0.292415,
          0.577688,
          3.822064
        ],
        [
          -0.006838,
          -0.888526,
          -0.458775,
          1.638052
        ],
        [
          0.0,
          0.0,
          0.0,
          1.0
        ]
      ]
    },
    {
      "file_path": "/media/NFS/ttao/scannet/posed_images/scene0443_00/00042.jpg",
      "transform_matrix": [
        [
          0.633338,
          -0.358225,
          0.685973,
          3.974465
        ],
        [
          -0.773833,
          -0.283804,
          0.566249,
          3.824397
        ],
        [
          -0.008163,
          -0.889455,
          -0.45695,
          1.640665
        ],
        [
          0.0,
          0.0,
          0.0,
          1.0
        ]
      ]
    },
    {
      "file_path": "/media/NFS/ttao/scannet/posed_images/scene0443_00/00044.jpg",
      "transform_matrix": [
        [
          0.606851,
          -0.363547,
          0.7068,
          3.981
        ],
        [
          -0.794777,
          -0.268753,
          0.544152,
          3.824167
        ],
        [
          -0.00787,
          -0.891967,
          -0.452032,
          1.641658
        ],
        [
          0.0,
          0.0,
          0.0,
          1.0
        ]
      ]
    },
    {
      "file_path": "/media/NFS/ttao/scannet/posed_images/scene0443_00/00046.jpg",
      "transform_matrix": [
        [
          0.576787,
          -0.3735,
          0.726508,
          3.985145
        ],
        [
          -0.816882,
          -0.258746,
          0.515514,
          3.826863
        ],
        [
          -0.004564,
          -0.890813,
          -0.454347,
          1.642123
        ],
        [
          0.0,
          0.0,
          0.0,
          1.0
        ]
      ]
    },
    {
      "file_path": "/media/NFS/ttao/scannet/posed_images/scene0443_00/00047.jpg",
      "transform_matrix": [
        [
          0.561006,
          -0.380797,
          0.735028,
          3.988424
        ],
        [
          -0.827783,
          -0.250618,
          0.501962,
          3.830863
        ],
        [
          -0.006934,
          -0.890047,
          -0.455815,
          1.644389
        ],
        [
          0.0,
          0.0,
          0.0,
          1.0
        ]
      ]
    },
    {
      "file_path": "/media/NFS/ttao/scannet/posed_images/scene0443_00/00048.jpg",
      "transform_matrix": [
        [
          0.531702,
          -0.395218,
          0.749063,
          3.989806
        ],
        [
          -0.846772,
          -0.230909,
          0.479226,
          3.835926
        ],
        [
          -0.016434,
          -0.889091,
          -0.457435,
          1.644827
        ],
        [
          0.0,
          0.0,
          0.0,
          1.0
        ]
      ]
    },
    {
      "file_path": "/media/NFS/ttao/scannet/posed_images/scene0443_00/00050.jpg",
      "transform_matrix": [
        [
          0.502026,
          -0.407463,
          0.762852,
          3.984342
        ],
        [
          -0.864404,
          -0.208012,
          0.457751,
          3.847404
        ],
        [
          -0.027834,
          -0.889216,
          -0.456641,
          1.653397
        ],
        [
          0.0,
          0.0,
          0.0,
          1.0
        ]
      ]
    },
    {
      "file_path": "/media/NFS/ttao/scannet/posed_images/scene0443_00/00051.jpg",
      "transform_matrix": [
        [
          0.493181,
          -0.406547,
          0.769085,
          3.983843
        ],
        [
          -0.869175,
          -0.193537,
          0.455059,
          3.836926
        ],
        [
          -0.036156,
          -0.892896,
          -0.448809,
          1.645602
        ],
        [
          0.0,
          0.0,
          0.0,
          1.0
        ]
      ]
    },
    {
      "file_path": "/media/NFS/ttao/scannet/posed_images/scene0443_00/00052.jpg",
      "transform_matrix": [
        [
          0.479256,
          -0.408736,
          0.776691,
          3.983434
        ],
        [
          -0.87668,
          -0.180802,
          0.445806,
          3.836297
        ],
        [
          -0.04179,
          -0.894565,
          -0.44498,
          1.645185
        ],
        [
          0.0,
          0.0,
          0.0,
          1.0
        ]
      ]
    },
    {
      "file_path": "/media/NFS/ttao/scannet/posed_images/scene0443_00/00054.jpg",
      "transform_matrix": [
        [
          0.447544,
          -0.413146,
          0.793105,
          3.982563
        ],
        [
          -0.89301,
          -0.159565,
          0.420799,
          3.838503
        ],
        [
          -0.0473,
          -0.896577,
          -0.440356,
          1.648322
        ],
        [
          0.0,
          0.0,
          0.0,
          1.0
        ]
      ]
    },
    {
      "file_path": "/media/NFS/ttao/scannet/posed_images/scene0443_00/00055.jpg",
      "transform_matrix": [
        [
          0.430751,
          -0.415145,
          0.801316,
          3.981086
        ],
        [
          -0.901331,
          -0.153302,
          0.405092,
          3.840913
        ],
        [
          -0.045328,
          -0.896746,
          -0.440218,
          1.648883
        ],
        [
          0.0,
          0.0,
          0.0,
          1.0
        ]
      ]
    },
    {
      "file_path": "/media/NFS/ttao/scannet/posed_images/scene0443_00/00057.jpg",
      "transform_matrix": [
        [
          0.404151,
          -0.421404,
          0.811838,
          3.987317
        ],
        [
          -0.913579,
          -0.1422,
          0.380988,
          3.832916
        ],
        [
          -0.045107,
          -0.895655,
          -0.442456,
          1.64686
        ],
        [
          0.0,
          0.0,
          0.0,
          1.0
        ]
      ]
    },
    {
      "file_path": "/media/NFS/ttao/scannet/posed_images/scene0443_00/00058.jpg",
      "transform_matrix": [
        [
          0.372719,
          -0.425578,
          0.824599,
          3.98698
        ],
        [
          -0.92712,
          -0.133336,
          0.350243,
          3.833859
        ],
        [
          -0.039107,
          -0.895044,
          -0.444259,
          1.647122
        ],
        [
          0.0,
          0.0,
          0.0,
          1.0
        ]
      ]
    },
    {
      "file_path": "/media/NFS/ttao/scannet/posed_images/scene0443_00/00059.jpg",
      "transform_matrix": [
        [
          0.357303,
          -0.427421,
          0.830449,
          3.988329
        ],
        [
          -0.933275,
          -0.128639,
          0.335336,
          3.832993
        ],
        [
          -0.036502,
          -0.894854,
          -0.444864,
          1.646709
        ],
        [
          0.0,
          0.0,
          0.0,
          1.0
        ]
      ]
    },
    {
      "file_path": "/media/NFS/ttao/scannet/posed_images/scene0443_00/00061.jpg",
      "transform_matrix": [
        [
          0.325248,
          -0.438047,
          0.83805,
          3.996137
        ],
        [
          -0.944959,
          -0.117211,
          0.305474,
          3.834115
        ],
        [
          -0.035583,
          -0.891278,
          -0.452059,
          1.65661
        ],
        [
          0.0,
          0.0,
          0.0,
          1.0
        ]
      ]
    },
    {
      "file_path": "/media/NFS/ttao/scannet/posed_images/scene0443_00/00062.jpg",
      "transform_matrix": [
        [
          0.310376,
          -0.440479,
          0.842404,
          3.998957
        ],
        [
          -0.949943,
          -0.110444,
          0.292249,
          3.833268
        ],
        [
          -0.035691,
          -0.890944,
          -0.452709,
          1.658632
        ],
        [
          0.0,
          0.0,
          0.0,
          1.0
        ]
      ]
    },
    {
      "file_path": "/media/NFS/ttao/scannet/posed_images/scene0443_00/00064.jpg",
      "transform_matrix": [
        [
          0.286872,
          -0.441133,
          0.850356,
          4.003534
        ],
        [
          -0.957274,
          -0.098218,
          0.27199,
          3.826323
        ],
        [
          -0.036463,
          -0.892051,
          -0.450462,
          1.658309
        ],
        [
          0.0,
          0.0,
          0.0,
          1.0
        ]
      ]
    },
    {
      "file_path": "/media/NFS/ttao/scannet/posed_images/scene0443_00/00065.jpg",
      "transform_matrix": [
        [
          0.27601,
          -0.442981,
          0.852986,
          4.005913
        ],
        [
          -0.960467,
          -0.093557,
          0.262202,
          3.825181
        ],
        [
          -0.036348,
          -0.891636,
          -0.451292,
          1.660436
        ],
        [
          0.0,
          0.0,
          0.0,
          1.0
        ]
      ]
    },
    {
      "file_path": "/media/NFS/ttao/scannet/posed_images/scene0443_00/00066.jpg",
      "transform_matrix": [
        [
          0.26637,
          -0.44502,
          0.854988,
          4.010711
        ],
        [
          -0.963195,
          -0.089692,
          0.253397,
          3.82034
        ],
        [
          -0.036082,
          -0.891017,
          -0.452533,
          1.662106
        ],
        [
          0.0,
          0.0,
          0.0,
          1.0
        ]
      ]
    },
    {
      "file_path": "/media/NFS/ttao/scannet/posed_images/scene0443_00/00067.jpg",
      "transform_matrix": [
        [
          0.246307,
          -0.447849,
          0.859513,
          4.02023
        ],
        [
          -0.968656,
          -0.084287,
          0.233666,
          3.811939
        ],
        [
          -0.032201,
          -0.890127,
          -0.454573,
          1.665653
        ],
        [
          0.0,
          0.0,
          0.0,
          1.0
        ]
      ]
    },
    {
      "file_path": "/media/NFS/ttao/scannet/posed_images/scene0443_00/00069.jpg",
      "transform_matrix": [
        [
          0.226583,
          -0.44172,
          0.868069,
          4.031248
        ],
        [
          -0.97352,
          -0.074968,
          0.215959,
          3.797915
        ],
        [
          -0.030316,
          -0.894015,
          -0.44701,
          1.667437
        ],
        [
          0.0,
          0.0,
          0.0,
          1.0
        ]
      ]
    },
    {
      "file_path": "/media/NFS/ttao/scannet/posed_images/scene0443_00/00071.jpg",
      "transform_matrix": [
        [
          0.202705,
          -0.432336,
          0.878633,
          4.036302
        ],
        [
          -0.978569,
          -0.056215,
          0.198099,
          3.778514
        ],
        [
          -0.036253,
          -0.899959,
          -0.434465,
          1.656425
        ],
        [
          0.0,
          0.0,
          0.0,
          1.0
        ]
      ]
    },
    {
      "file_path": "/media/NFS/ttao/scannet/posed_images/scene0443_00/00072.jpg",
      "transform_matrix": [
        [
          0.191491,
          -0.433181,
          0.88073,
          4.04474
        ],
        [
          -0.980745,
          -0.0494,
          0.18894,
          3.768472
        ],
        [
          -0.038337,
          -0.899952,
          -0.4343,
          1.657038
        ],
        [
          0.0,
          0.0,
          0.0,
          1.0
        ]
      ]
    },
    {
      "file_path": "/media/NFS/ttao/scannet/posed_images/scene0443_00/00073.jpg",
      "transform_matrix": [
        [
          0.180893,
          -0.434433,
          0.882353,
          4.050927
        ],
        [
          -0.98276,
          -0.044973,
          0.179335,
          3.757924
        ],
        [
          -0.038227,
          -0.899581,
          -0.435078,
          1.654512
        ],
        [
          0.0,
          0.0,
          0.0,
          1.0
        ]
      ]
    },
    {
      "file_path": "/media/NFS/ttao/scannet/posed_images/scene0443_00/00074.jpg",
      "transform_matrix": [
        [
          0.170292,
          -0.435484,
          0.883942,
          4.058819
        ],
        [
          -0.984656,
          -0.040504,
          0.169739,
          3.744386
        ],
        [
          -0.038115,
          -0.899284,
          -0.4357,
          1.650274
        ],
        [
          0.0,
          0.0,
          0.0,
          1.0
        ]
      ]
    },
    {
      "file_path": "/media/NFS/ttao/scannet/posed_images/scene0443_00/00076.jpg",
      "transform_matrix": [
        [
          0.14062,
          -0.439505,
          0.887165,
          4.079875
        ],
        [
          -0.989418,
          -0.030038,
          0.141947,
          3.726878
        ],
        [
          -0.035737,
          -0.897738,
          -0.439078,
          1.657437
        ],
        [
          0.0,
          0.0,
          0.0,
          1.0
        ]
      ]
    },
    {
      "file_path": "/media/NFS/ttao/scannet/posed_images/scene0443_00/00078.jpg",
      "transform_matrix": [
        [
          0.102161,
          -0.443984,
          0.890192,
          4.110404
        ],
        [
          -0.99397,
          -0.009731,
          0.109218,
          3.692237
        ],
        [
          -0.039829,
          -0.895982,
          -0.442301,
          1.661243
        ],
        [
          0.0,
          0.0,
          0.0,
          1.0
        ]
      ]
    },
    {
      "file_path": "/media/NFS/ttao/scannet/posed_images/scene0443_00/00079.jpg",
      "transform_matrix": [
        [
          0.090648,
          -0.444888,
          0.890987,
          4.11722
        ],
        [
          -0.99516,
          -0.006374,
          0.098064,
          3.680176
        ],
        [
          -0.037949,
          -0.895563,
          -0.443313,
          1.656004
        ],
        [
          0.0,
          0.0,
          0.0,
          1.0
        ]
      ]
    },
    {
      "file_path": "/media/NFS/ttao/scannet/posed_images/scene0443_00/00080.jpg",
      "transform_matrix": [
        [
          0.076379,
          -0.443472,
          0.893028,
          4.118706
        ],
        [
          -0.996546,
          -0.004687,
          0.082905,
          3.675024
        ],
        [
          -0.032581,
          -0.896276,
          -0.442298,
          1.646272
        ],
        [
          0.0,
          0.0,
          0.0,
          1.0
        ]
      ]
    },
    {
      "file_path": "/media/NFS/ttao/scannet/posed_images/scene0443_00/00081.jpg",
      "transform_matrix": [
        [
          0.063916,
          -0.450083,
          0.890696,
          4.131105
        ],
        [
          -0.997414,
          0.000573,
          0.071864,
          3.663057
        ],
        [
          -0.032855,
          -0.892986,
          -0.448883,
          1.65134
        ],
        [
          0.0,
          0.0,
          0.0,
          1.0
        ]
      ]
    },
    {
      "file_path": "/media/NFS/ttao/scannet/posed_images/scene0443_00/00083.jpg",
      "transform_matrix": [
        [
          0.036859,
          -0.452497,
          0.891004,
          4.147665
        ],
        [
          -0.998901,
          0.009153,
          0.04597,
          3.646734
        ],
        [
          -0.028957,
          -0.891719,
          -0.451663,
          1.64967
        ],
        [
          0.0,
          0.0,
          0.0,
          1.0
        ]
      ]
    },
    {
      "file_path": "/media/NFS/ttao/scannet/posed_images/scene0443_00/00084.jpg",
      "transform_matrix": [
        [
          0.024012,
          -0.455717,
          0.889801,
          4.156635
        ],
        [
          -0.999273,
          0.015425,
          0.034866,
          3.637808
        ],
        [
          -0.029615,
          -0.889991,
          -0.455015,
          1.651829
        ],
        [
          0.0,
          0.0,
          0.0,
          1.0
        ]
      ]
    },
    {
      "file_path": "/media/NFS/ttao/scannet/posed_images/scene0443_00/00086.jpg",
      "transform_matrix": [
        [
          0.001623,
          -0.459193,
          0.888335,
          4.168571
        ],
        [
          -0.999591,
          0.024608,
          0.014546,
          3.619948
        ],
        [
          -0.02854,
          -0.887996,
          -0.458965,
          1.649503
        ],
        [
          0.0,
          0.0,
          0.0,
          1.0
        ]
      ]
    },
    {
      "file_path": "/media/NFS/ttao/scannet/posed_images/scene0443_00/00087.jpg",
      "transform_matrix": [
        [
          -0.013169,
          -0.459408,
          0.888128,
          4.173535
        ],
        [
          -0.999536,
          0.03044,
          0.000924,
          3.612643
        ],
        [
          -0.027459,
          -0.887704,
          -0.459596,
          1.648547
        ],
        [
          0.0,
          0.0,
          0.0,
          1.0
        ]
      ]
    },
    {
      "file_path": "/media/NFS/ttao/scannet/posed_images/scene0443_00/00089.jpg",
      "transform_matrix": [
        [
          -0.05625,
          -0.464697,
          0.883681,
          4.192474
        ],
        [
          -0.998172,
          0.045754,
          -0.039477,
          3.585373
        ],
        [
          -0.022087,
          -0.884287,
          -0.466422,
          1.650076
        ],
        [
          0.0,
          0.0,
          0.0,
          1.0
        ]
      ]
    },
    {
      "file_path": "/media/NFS/ttao/scannet/posed_images/scene0443_00/00090.jpg",
      "transform_matrix": [
        [
          -0.088474,
          -0.458028,
          0.884524,
          4.193952
        ],
        [
          -0.995932,
          0.055882,
          -0.07068,
          3.614822
        ],
        [
          -0.017056,
          -0.887179,
          -0.461109,
          1.630267
        ],
        [
          0.0,
          0.0,
          0.0,
          1.0
        ]
      ]
    },
    {
      "file_path": "/media/NFS/ttao/scannet/posed_images/scene0443_00/00091.jpg",
      "transform_matrix": [
        [
          -0.10438,
          -0.460109,
          0.881705,
          4.19735
        ],
        [
          -0.994425,
          0.061641,
          -0.085557,
          3.607253
        ],
        [
          -0.014984,
          -0.88572,
          -0.463978,
          1.624967
        ],
        [
          0.0,
          0.0,
          0.0,
          1.0
        ]
      ]
    },
    {
      "file_path": "/media/NFS/ttao/scannet/posed_images/scene0443_00/00093.jpg",
      "transform_matrix": [
        [
          -0.142962,
          -0.468157,
          0.872004,
          4.21139
        ],
        [
          -0.98965,
          0.078692,
          -0.120002,
          3.595933
        ],
        [
          -0.01244,
          -0.880134,
          -0.474561,
          1.624574
        ],
        [
          0.0,
          0.0,
          0.0,
          1.0
        ]
      ]
    },
    {
      "file_path": "/media/NFS/ttao/scannet/posed_images/scene0443_00/00094.jpg",
      "transform_matrix": [
        [
          -0.163094,
          -0.469364,
          0.867812,
          4.217567
        ],
        [
          -0.986541,
          0.088015,
          -0.137804,
          3.589212
        ],
        [
          -0.011701,
          -0.878607,
          -0.477402,
          1.62496
        ],
        [
          0.0,
          0.0,
          0.0,
          1.0
        ]
      ]
    },
    {
      "file_path": "/media/NFS/ttao/scannet/posed_images/scene0443_00/00096.jpg",
      "transform_matrix": [
        [
          -0.204434,
          -0.466985,
          0.860309,
          4.227475
        ],
        [
          -0.978827,
          0.10673,
          -0.174663,
          3.576479
        ],
        [
          -0.010256,
          -0.877801,
          -0.478916,
          1.624619
        ],
        [
          0.0,
          0.0,
          0.0,
          1.0
        ]
      ]
    },
    {
      "file_path": "/media/NFS/ttao/scannet/posed_images/scene0443_00/00097.jpg",
      "transform_matrix": [
        [
          -0.224798,
          -0.466637,
          0.855404,
          4.231188
        ],
        [
          -0.974337,
          0.118071,
          -0.191643,
          3.571342
        ],
        [
          -0.01157,
          -0.876533,
          -0.481203,
          1.624776
        ],
        [
          0.0,
          0.0,
          0.0,
          1.0
        ]
      ]
    },
    {
      "file_path": "/media/NFS/ttao/scannet/posed_images/scene0443_00/00098.jpg",
      "transform_matrix": [
        [
          -0.246152,
          -0.467328,
          0.849125,
          4.236324
        ],
        [
          -0.969165,
          0.128897,
          -0.210011,
          3.565732
        ],
        [
          -0.011305,
          -0.874637,
          -0.484647,
          1.625827
        ],
        [
          0.0,
          0.0,
          0.0,
          1.0
        ]
      ]
    },
    {
      "file_path": "/media/NFS/ttao/scannet/posed_images/scene0443_00/00100.jpg",
      "transform_matrix": [
        [
          -0.314521,
          -0.457026,
          0.831988,
          4.253581
        ],
        [
          -0.949138,
          0.164902,
          -0.268224,
          3.553594
        ],
        [
          -0.014611,
          -0.874034,
          -0.485646,
          1.633368
        ],
        [
          0.0,
          0.0,
          0.0,
          1.0
        ]
      ]
    },
    {
      "file_path": "/media/NFS/ttao/scannet/posed_images/scene0443_00/00101.jpg",
      "transform_matrix": [
        [
          -0.332068,
          -0.449402,
          0.829318,
          4.252841
        ],
        [
          -0.943147,
          0.171499,
          -0.284712,
          3.548987
        ],
        [
          -0.014277,
          -0.876713,
          -0.480802,
          1.629234
        ],
        [
          0.0,
          0.0,
          0.0,
          1.0
        ]
      ]
    },
    {
      "file_path": "/media/NFS/ttao/scannet/posed_images/scene0443_00/00102.jpg",
      "transform_matrix": [
        [
          -0.350951,
          -0.444256,
          0.8243,
          4.256186
        ],
        [
          -0.93627,
          0.180796,
          -0.301184,
          3.543952
        ],
        [
          -0.015228,
          -0.877468,
          -0.479394,
          1.631474
        ],
        [
          0.0,
          0.0,
          0.0,
          1.0
        ]
      ]
    },
    {
      "file_path": "/media/NFS/ttao/scannet/posed_images/scene0443_00/00104.jpg",
      "transform_matrix": [
        [
          -0.388383,
          -0.434725,
          0.81251,
          4.264141
        ],
        [
          -0.921305,
          0.201235,
          -0.332719,
          3.536254
        ],
        [
          -0.018864,
          -0.877792,
          -0.478671,
          1.636259
        ],
        [
          0.0,
          0.0,
          0.0,
          1.0
        ]
      ]
    },
    {
      "file_path": "/media/NFS/ttao/scannet/posed_images/scene0443_00/00105.jpg",
      "transform_matrix": [
        [
          -0.406583,
          -0.428497,
          0.806896,
          4.265762
        ],
        [
          -0.91335,
          0.211858,
          -0.347718,
          3.533429
        ],
        [
          -0.021952,
          -0.878354,
          -0.477505,
          1.636972
        ],
        [
          0.0,
          0.0,
          0.0,
          1.0
        ]
      ]
    },
    {
      "file_path": "/media/NFS/ttao/scannet/posed_images/scene0443_00/00106.jpg",
      "transform_matrix": [
        [
          -0.425994,
          -0.422881,
          0.799813,
          4.269599
        ],
        [
          -0.904372,
          0.223786,
          -0.363362,
          3.529942
        ],
        [
          -0.025328,
