{
  "frames": [
    {
      "file_path": "/media/NFS/ttao/scannet/posed_images/scene0208_00/00000.jpg",
      "transform_matrix": [
        [
          0.517463,
          0.634388,
          -0.574269,
          6.910747
        ],
        [
          0.855648,
          -0.391388,
          0.338648,
          4.587279
        ],
        [
          -0.009928,
          -0.666609,
          -0.745341,
          1.328071
        ],
        [
          0.0,
          0.0,
          0.0,
          1.0
        ]
      ]
    },
    {
      "file_path": "/media/NFS/ttao/scannet/posed_images/scene0208_00/00007.jpg",
      "transform_matrix": [
        [
          0.511839,
          0.627982,
          -0.586225,
          6.906537
        ],
        [
          0.859054,
          -0.368624,
          0.355167,
          4.582693
        ],
        [
          0.006942,
          -0.685387,
          -0.728146,
          1.344111
        ],
        [
          0.0,
          0.0,
          0.0,
          1.0
        ]
      ]
    },
    {
      "file_path": "/media/NFS/ttao/scannet/posed_images/scene0208_00/00017.jpg",
      "transform_matrix": [
        [
          0.468622,
          0.537398,
          -0.701139,
          6.888804
        ],
        [
          0.883153,
          -0.266266,
          0.386192,
          4.597745
        ],
        [
          0.02085,
          -0.800191,
          -0.599383,
          1.446289
        ],
        [
          0.0,
          0.0,
          0.0,
          1.0
        ]
      ]
    },
    {
      "file_path": "/media/NFS/ttao/scannet/posed_images/scene0208_00/00026.jpg",
      "transform_matrix": [
        [
          0.447192,
          0.38692,
          -0.806419,
          6.887181
        ],
        [
          0.894053,
          -0.16691,
          0.415705,
          4.599518
        ],
        [
          0.026246,
          -0.906881,
          -0.420568,
          1.543277
        ],
        [
          0.0,
          0.0,
          0.0,
          1.0
        ]
      ]
    },
    {
      "file_path": "/media/NFS/ttao/scannet/posed_images/scene0208_00/00031.jpg",
      "transform_matrix": [
        [
          0.437552,
          0.362598,
          -0.822843,
          6.883333
        ],
        [
          0.89681,
          -0.10939,
          0.42868,
          4.592541
        ],
        [
          0.065427,
          -0.925504,
          -0.373045,
          1.594501
        ],
        [
          0.0,
          0.0,
          0.0,
          1.0
        ]
      ]
    },
    {
      "file_path": "/media/NFS/ttao/scannet/posed_images/scene0208_00/00043.jpg",
      "transform_matrix": [
        [
          0.280006,
          0.248243,
          -0.927347,
          6.867844
        ],
        [
          0.955359,
          0.022796,
          0.294566,
          4.531037
        ],
        [
          0.094264,
          -0.968429,
          -0.230779,
          1.66766
        ],
        [
          0.0,
          0.0,
          0.0,
          1.0
        ]
      ]
    },
    {
      "file_path": "/media/NFS/ttao/scannet/posed_images/scene0208_00/00050.jpg",
      "transform_matrix": [
        [
          0.184644,
          0.230375,
          -0.955423,
          6.842095
        ],
        [
          0.976786,
          0.064419,
          0.204305,
          4.47313
        ],
        [
          0.108614,
          -0.970967,
          -0.213133,
          1.687276
        ],
        [
          0.0,
          0.0,
          0.0,
          1.0
        ]
      ]
    },
    {
      "file_path": "/media/NFS/ttao/scannet/posed_images/scene0208_00/00055.jpg",
      "transform_matrix": [
        [
          0.085451,
          0.22839,
          -0.969812,
          6.831378
        ],
        [
          0.990576,
          0.085097,
          0.107321,
          4.451743
        ],
        [
          0.107039,
          -0.969843,
          -0.218966,
          1.678601
        ],
        [
          0.0,
          0.0,
          0.0,
          1.0
        ]
      ]
    },
    {
      "file_path": "/media/NFS/ttao/scannet/posed_images/scene0208_00/00067.jpg",
      "transform_matrix": [
        [
          -0.129699,
          0.317547,
          -0.939331,
          6.801013
        ],
        [
          0.991407,
          0.057837,
          -0.117337,
          4.392903
        ],
        [
          0.017068,
          -0.946477,
          -0.32232,
          1.646687
        ],
        [
          0.0,
          0.0,
          0.0,
          1.0
        ]
      ]
    },
    {
      "file_path": "/media/NFS/ttao/scannet/posed_images/scene0208_00/00074.jpg",
      "transform_matrix": [
        [
          -0.223769,
          0.327138,
          -0.9181,
          6.803392
        ],
        [
          0.974468,
          0.057284,
          -0.217097,
          4.378963
        ],
        [
          -0.018429,
          -0.943239,
          -0.331604,
          1.624651
        ],
        [
          0.0,
          0.0,
          0.0,
          1.0
        ]
      ]
    },
    {
      "file_path": "/media/NFS/ttao/scannet/posed_images/scene0208_00/00079.jpg",
      "transform_matrix": [
        [
          -0.288045,
          0.30766,
          -0.906849,
          6.800355
        ],
        [
          0.957396,
          0.072159,
          -0.279619,
          4.356616
        ],
        [
          -0.02059,
          -0.948756,
          -0.315337,
          1.631307
        ],
        [
          0.0,
          0.0,
          0.0,
          1.0
        ]
      ]
    },
    {
      "file_path": "/media/NFS/ttao/scannet/posed_images/scene0208_00/00091.jpg",
      "transform_matrix": [
        [
          -0.422507,
          0.198429,
          -0.884372,
          6.802007
        ],
        [
          0.906092,
          0.116185,
          -0.406815,
          4.313001
        ],
        [
          0.022027,
          -0.973204,
          -0.228884,
          1.662773
        ],
        [
          0.0,
          0.0,
          0.0,
          1.0
        ]
      ]
    },
    {
      "file_path": "/media/NFS/ttao/scannet/posed_images/scene0208_00/00096.jpg",
      "transform_matrix": [
        [
          -0.443483,
          0.210249,
          -0.871274,
          6.79141
        ],
        [
          0.895984,
          0.129088,
          -0.42491,
          4.301916
        ],
        [
          0.023134,
          -0.969088,
          -0.245628,
          1.655964
        ],
        [
          0.0,
          0.0,
          0.0,
          1.0
        ]
      ]
    },
    {
      "file_path": "/media/NFS/ttao/scannet/posed_images/scene0208_00/00105.jpg",
      "transform_matrix": [
        [
          -0.365016,
          0.350849,
          -0.862362,
          6.784904
        ],
        [
          0.930996,
          0.140654,
          -0.336842,
          4.314277
        ],
        [
          0.003114,
          -0.925809,
          -0.37798,
          1.588665
        ],
        [
          0.0,
          0.0,
          0.0,
          1.0
        ]
      ]
    },
    {
      "file_path": "/media/NFS/ttao/scannet/posed_images/scene0208_00/00115.jpg",
      "transform_matrix": [
        [
          -0.217011,
          0.505602,
          -0.835029,
          6.775429
        ],
        [
          0.976098,
          0.102047,
          -0.191884,
          4.348948
        ],
        [
          -0.011804,
          -0.856711,
          -0.515662,
          1.513993
        ],
        [
          0.0,
          0.0,
          0.0,
          1.0
        ]
      ]
    },
    {
      "file_path": "/media/NFS/ttao/scannet/posed_images/scene0208_00/00117.jpg",
      "transform_matrix": [
        [
          -0.188683,
          0.528006,
          -0.828015,
          6.774384
        ],
        [
          0.982016,
          0.095778,
          -0.1627,
          4.353728
        ],
        [
          -0.006601,
          -0.843822,
          -0.536582,
          1.499224
        ],
        [
          0.0,
          0.0,
          0.0,
          1.0
        ]
      ]
    },
    {
      "file_path": "/media/NFS/ttao/scannet/posed_images/scene0208_00/00131.jpg",
      "transform_matrix": [
        [
          0.114328,
          0.688879,
          -0.715804,
          6.812401
        ],
        [
          0.993073,
          -0.098927,
          0.063406,
          4.446207
        ],
        [
          -0.027133,
          -0.718094,
          -0.695417,
          1.385465
        ],
        [
          0.0,
          0.0,
          0.0,
          1.0
        ]
      ]
    },
    {
      "file_path": "/media/NFS/ttao/scannet/posed_images/scene0208_00/00139.jpg",
      "transform_matrix": [
        [
          0.38272,
          0.652665,
          -0.653875,
          6.822932
        ],
        [
          0.922863,
          -0.303022,
          0.2377,
          4.501531
        ],
        [
          -0.043,
          -0.69441,
          -0.718294,
          1.373113
        ],
        [
          0.0,
          0.0,
          0.0,
          1.0
        ]
      ]
    },
    {
      "file_path": "/media/NFS/ttao/scannet/posed_images/scene0208_00/00143.jpg",
      "transform_matrix": [
        [
          0.464305,
          0.608442,
          -0.643598,
          6.837834
        ],
        [
          0.884926,
          -0.348595,
          0.308851,
          4.54839
        ],
        [
          -0.036437,
          -0.712938,
          -0.70028,
          1.376416
        ],
        [
          0.0,
          0.0,
          0.0,
          1.0
        ]
      ]
    },
    {
      "file_path": "/media/NFS/ttao/scannet/posed_images/scene0208_00/00155.jpg",
      "transform_matrix": [
        [
          0.692429,
          0.434942,
          -0.575644,
          6.857183
        ],
        [
          0.721375,
          -0.431334,
          0.54182,
          4.636872
        ],
        [
          -0.012634,
          -0.790428,
          -0.612425,
          1.431814
        ],
        [
          0.0,
          0.0,
          0.0,
          1.0
        ]
      ]
    },
    {
      "file_path": "/media/NFS/ttao/scannet/posed_images/scene0208_00/00158.jpg",
      "transform_matrix": [
        [
          0.73029,
          0.394828,
          -0.557484,
          6.866768
        ],
        [
          0.683098,
          -0.430918,
          0.589651,
          4.652623
        ],
        [
          -0.007419,
          -0.811432,
          -0.5844,
          1.44564
        ],
        [
          0.0,
          0.0,
          0.0,
          1.0
        ]
      ]
    },
    {
      "file_path": "/media/NFS/ttao/scannet/posed_images/scene0208_00/00172.jpg",
      "transform_matrix": [
        [
          0.81048,
          0.281679,
          -0.513595,
          6.941838
        ],
        [
          0.585435,
          -0.360032,
          0.72639,
          4.787231
        ],
        [
          0.019698,
          -0.889401,
          -0.456703,
          1.541788
        ],
        [
          0.0,
          0.0,
          0.0,
          1.0
        ]
      ]
    },
    {
      "file_path": "/media/NFS/ttao/scannet/posed_images/scene0208_00/00179.jpg",
      "transform_matrix": [
        [
          0.839054,
          0.236884,
          -0.48977,
          6.992978
        ],
        [
          0.542654,
          -0.299966,
          0.784569,
          4.851562
        ],
        [
          0.038938,
          -0.92407,
          -0.380234,
          1.575493
        ],
        [
          0.0,
          0.0,
          0.0,
          1.0
        ]
      ]
    },
    {
      "file_path": "/media/NFS/ttao/scannet/posed_images/scene0208_00/00186.jpg",
      "transform_matrix": [
        [
          0.827503,
          0.222006,
          -0.515705,
          7.044164
        ],
        [
          0.558377,
          -0.229268,
          0.797277,
          4.925463
        ],
        [
          0.058766,
          -0.947707,
          -0.313683,
          1.628411
        ],
        [
          0.0,
          0.0,
          0.0,
          1.0
        ]
      ]
    },
    {
      "file_path": "/media/NFS/ttao/scannet/posed_images/scene0208_00/00191.jpg",
      "transform_matrix": [
        [
          0.808442,
          0.20105,
          -0.553172,
          7.066194
        ],
        [
          0.586472,
          -0.195773,
          0.785954,
          4.968082
        ],
        [
          0.04972,
          -0.959819,
          -0.276181,
          1.655702
        ],
        [
          0.0,
          0.0,
          0.0,
          1.0
        ]
      ]
    },
    {
      "file_path": "/media/NFS/ttao/scannet/posed_images/scene0208_00/00203.jpg",
      "transform_matrix": [
        [
          0.689085,
          0.208663,
          -0.693989,
          7.036998
        ],
        [
          0.720356,
          -0.092769,
          0.687373,
          5.088999
        ],
        [
          0.079049,
          -0.973577,
          -0.214237,
          1.704852
        ],
        [
          0.0,
          0.0,
          0.0,
          1.0
        ]
      ]
    },
    {
      "file_path": "/media/NFS/ttao/scannet/posed_images/scene0208_00/00210.jpg",
      "transform_matrix": [
        [
          0.636261,
          0.245921,
          -0.731228,
          6.972291
        ],
        [
          0.759652,
          -0.034415,
          0.649419,
          5.184491
        ],
        [
          0.134541,
          -0.968678,
          -0.208712,
          1.724523
        ],
        [
          0.0,
          0.0,
          0.0,
          1.0
        ]
      ]
    },
    {
      "file_path": "/media/NFS/ttao/scannet/posed_images/scene0208_00/00217.jpg",
      "transform_matrix": [
        [
          0.588862,
          0.224355,
          -0.77647,
          6.92964
        ],
        [
          0.796511,
          0.001938,
          0.604621,
          5.283153
        ],
        [
          0.137154,
          -0.974505,
          -0.17756,
          1.741434
        ],
        [
          0.0,
          0.0,
          0.0,
          1.0
        ]
      ]
    },
    {
      "file_path": "/media/NFS/ttao/scannet/posed_images/scene0208_00/00222.jpg",
      "transform_matrix": [
        [
          0.609561,
          0.213605,
          -0.763419,
          6.90861
        ],
        [
          0.787243,
          -0.049905,
          0.61462,
          5.345729
        ],
        [
          0.093188,
          -0.975645,
          -0.198579,
          1.734884
        ],
        [
          0.0,
          0.0,
          0.0,
          1.0
        ]
      ]
    },
    {
      "file_path": "/media/NFS/ttao/scannet/posed_images/scene0208_00/00234.jpg",
      "transform_matrix": [
        [
          0.733178,
          0.25918,
          -0.628709,
          6.907559
        ],
        [
          0.671854,
          -0.133081,
          0.72863,
          5.555616
        ],
        [
          0.105177,
          -0.956617,
          -0.271703,
          1.679276
        ],
        [
          0.0,
          0.0,
          0.0,
          1.0
        ]
      ]
    },
    {
      "file_path": "/media/NFS/ttao/scannet/posed_images/scene0208_00/00244.jpg",
      "transform_matrix": [
        [
          0.839852,
          0.241915,
          -0.485927,
          6.961503
        ],
        [
          0.530938,
          -0.179866,
          0.828102,
          5.804541
        ],
        [
          0.112929,
          -0.953481,
          -0.279503,
          1.635106
        ],
        [
          0.0,
          0.0,
          0.0,
          1.0
        ]
      ]
    },
    {
      "file_path": "/media/NFS/ttao/scannet/posed_images/scene0208_00/00246.jpg",
      "transform_matrix": [
        [
          0.852719,
          0.216802,
          -0.475254,
          6.963902
        ],
        [
          0.511971,
          -0.166236,
          0.842764,
          5.834988
        ],
        [
          0.103708,
          -0.961958,
          -0.252749,
          1.641955
        ],
        [
          0.0,
          0.0,
          0.0,
          1.0
        ]
      ]
    },
    {
      "file_path": "/media/NFS/ttao/scannet/posed_images/scene0208_00/00258.jpg",
      "transform_matrix": [
        [
          0.97167,
          0.143953,
          -0.187441,
          7.001817
        ],
        [
          0.224021,
          -0.308274,
          0.924544,
          6.013947
        ],
        [
          0.075308,
          -0.940343,
          -0.33179,
          1.648592
        ],
        [
          0.0,
          0.0,
          0.0,
          1.0
        ]
      ]
    },
    {
      "file_path": "/media/NFS/ttao/scannet/posed_images/scene0208_00/00268.jpg",
      "transform_matrix": [
        [
          0.996648,
          0.049865,
          0.064848,
          6.89637
        ],
        [
          -0.042796,
          -0.357753,
          0.932835,
          6.109259
        ],
        [
          0.069715,
          -0.932484,
          -0.35442,
          1.631482
        ],
        [
          0.0,
          0.0,
          0.0,
          1.0
        ]
      ]
    },
    {
      "file_path": "/media/NFS/ttao/scannet/posed_images/scene0208_00/00275.jpg",
      "transform_matrix": [
        [
          0.991021,
          -0.032801,
          0.129617,
          6.846467
        ],
        [
          -0.131488,
          -0.414845,
          0.900342,
          6.175735
        ],
        [
          0.024239,
          -0.909301,
          -0.415433,
          1.57504
        ],
        [
          0.0,
          0.0,
          0.0,
          1.0
        ]
      ]
    },
    {
      "file_path": "/media/NFS/ttao/scannet/posed_images/scene0208_00/00280.jpg",
      "transform_matrix": [
        [
          0.990188,
          -0.061366,
          0.125545,
          6.825964
        ],
        [
          -0.139631,
          -0.470123,
          0.871486,
          6.210458
        ],
        [
          0.005542,
          -0.880465,
          -0.474079,
          1.54389
        ],
        [
          0.0,
          0.0,
          0.0,
          1.0
        ]
      ]
    },
    {
      "file_path": "/media/NFS/ttao/scannet/posed_images/scene0208_00/00291.jpg",
      "transform_matrix": [
        [
          0.974931,
          -0.103891,
          0.196765,
          6.80621
        ],
        [
          -0.219448,
          -0.595105,
          0.773106,
          6.273313
        ],
        [
          0.036777,
          -0.796905,
          -0.602985,
          1.48617
        ],
        [
          0.0,
          0.0,
          0.0,
          1.0
        ]
      ]
    },
    {
      "file_path": "/media/NFS/ttao/scannet/posed_images/scene0208_00/00294.jpg",
      "transform_matrix": [
        [
          0.980314,
          -0.091675,
          0.174872,
          6.807415
        ],
        [
          -0.1943,
          -0.605357,
          0.771875,
          6.295709
        ],
        [
          0.035098,
          -0.790657,
          -0.611252,
          1.491517
        ],
        [
          0.0,
          0.0,
          0.0,
          1.0
        ]
      ]
    },
    {
      "file_path": "/media/NFS/ttao/scannet/posed_images/scene0208_00/00306.jpg",
      "transform_matrix": [
        [
          0.999838,
          -0.008736,
          -0.015737,
          6.811586
        ],
        [
          0.009466,
          -0.488457,
          0.872537,
          6.480502
        ],
        [
          -0.015309,
          -0.872544,
          -0.488295,
          1.57011
        ],
        [
          0.0,
          0.0,
          0.0,
          1.0
        ]
      ]
    },
    {
      "file_path": "/media/NFS/ttao/scannet/posed_images/scene0208_00/00315.jpg",
      "transform_matrix": [
        [
          0.981163,
          0.049941,
          -0.186617,
          6.806738
        ],
        [
          0.19194,
          -0.361449,
          0.912422,
          6.640699
        ],
        [
          -0.021885,
          -0.931054,
          -0.364226,
          1.649577
        ],
        [
          0.0,
          0.0,
          0.0,
          1.0
        ]
      ]
    },
    {
      "file_path": "/media/NFS/ttao/scannet/posed_images/scene0208_00/00323.jpg",
      "transform_matrix": [
        [
          0.943957,
          0.098862,
          -0.314914,
          6.806134
        ],
        [
          0.329755,
          -0.240948,
          0.912801,
          6.756433
        ],
        [
          0.014363,
          -0.96549,
          -0.260045,
          1.657469
        ],
        [
          0.0,
          0.0,
          0.0,
          1.0
        ]
      ]
    },
    {
      "file_path": "/media/NFS/ttao/scannet/posed_images/scene0208_00/00330.jpg",
      "transform_matrix": [
        [
          0.924788,
          0.116353,
          -0.362257,
          6.774632
        ],
        [
          0.37652,
          -0.14278,
          0.91534,
          6.875409
        ],
        [
          0.054779,
          -0.982892,
          -0.17585,
          1.690694
        ],
        [
          0.0,
          0.0,
          0.0,
          1.0
        ]
      ]
    },
    {
      "file_path": "/media/NFS/ttao/scannet/posed_images/scene0208_00/00339.jpg",
      "transform_matrix": [
        [
          0.866687,
          0.149118,
          -0.476043,
          6.731742
        ],
        [
          0.476723,
          0.033495,
          0.878416,
          6.990742
        ],
        [
          0.146932,
          -0.988252,
          -0.042058,
          1.778244
        ],
        [
          0.0,
          0.0,
          0.0,
          1.0
        ]
      ]
    },
    {
      "file_path": "/media/NFS/ttao/scannet/posed_images/scene0208_00/00346.jpg",
      "transform_matrix": [
        [
          0.824806,
          0.142606,
          -0.547137,
          6.725617
        ],
        [
          0.537808,
          0.10081,
          0.837019,
          7.060054
        ],
        [
          0.174521,
          -0.984632,
          0.006454,
          1.802801
        ],
        [
          0.0,
          0.0,
          0.0,
          1.0
        ]
      ]
    },
    {
      "file_path": "/media/NFS/ttao/scannet/posed_images/scene0208_00/00351.jpg",
      "transform_matrix": [
        [
          0.797332,
          0.144855,
          -0.5859,
          6.737647
        ],
        [
          0.573093,
          0.122736,
          0.810247,
          7.122618
        ],
        [
          0.189279,
          -0.981811,
          0.014846,
          1.827193
        ],
        [
          0.0,
          0.0,
          0.0,
          1.0
        ]
      ]
    },
    {
      "file_path": "/media/NFS/ttao/scannet/posed_images/scene0208_00/00363.jpg",
      "transform_matrix": [
        [
          0.679317,
          0.214187,
          -0.701891,
          6.736949
        ],
        [
          0.716909,
          0.0106,
          0.697086,
          7.261558
        ],
        [
          0.156747,
          -0.976735,
          -0.146352,
          1.775194
        ],
        [
          0.0,
          0.0,
          0.0,
          1.0
        ]
      ]
    },
    {
      "file_path": "/media/NFS/ttao/scannet/posed_images/scene0208_00/00368.jpg",
      "transform_matrix": [
        [
          0.651558,
          0.264253,
          -0.711085,
          6.71997
        ],
        [
          0.750991,
          -0.09227,
          0.653834,
          7.31778
        ],
        [
          0.107166,
          -0.960029,
          -0.258571,
          1.72335
        ],
        [
          0.0,
          0.0,
          0.0,
          1.0
        ]
      ]
    },
    {
      "file_path": "/media/NFS/ttao/scannet/posed_images/scene0208_00/00375.jpg",
      "transform_matrix": [
        [
          0.624724,
          0.334478,
          -0.705581,
          6.671411
        ],
        [
          0.775738,
          -0.162662,
          0.609732,
          7.384635
        ],
        [
          0.08917,
          -0.928259,
          -0.361086,
          1.657141
        ],
        [
          0.0,
          0.0,
          0.0,
          1.0
        ]
      ]
    },
    {
      "file_path": "/media/NFS/ttao/scannet/posed_images/scene0208_00/00380.jpg",
      "transform_matrix": [
        [
          0.606809,
          0.365248,
          -0.705958,
          6.625012
        ],
        [
          0.790606,
          -0.185718,
          0.583482,
          7.42175
        ],
        [
          0.082007,
          -0.912197,
          -0.401462,
          1.611532
        ],
        [
          0.0,
          0.0,
          0.0,
          1.0
        ]
      ]
    },
    {
      "file_path": "/media/NFS/ttao/scannet/posed_images/scene0208_00/00394.jpg",
      "transform_matrix": [
        [
          0.515924,
          0.446924,
          -0.730808,
          6.485473
        ],
        [
          0.85577,
          -0.230578,
          0.463133,
          7.507465
        ],
        [
          0.038477,
          -0.864345,
          -0.501425,
          1.557141
        ],
        [
          0.0,
          0.0,
          0.0,
          1.0
        ]
      ]
    },
    {
      "file_path": "/media/NFS/ttao/scannet/posed_images/scene0208_00/00397.jpg",
      "transform_matrix": [
        [
          0.496108,
          0.45642,
          -0.738619,
          6.452626
        ],
        [
          0.867749,
          -0.231419,
          0.439839,
          7.529366
        ],
        [
          0.029821,
          -0.859143,
          -0.510866,
          1.562088
        ],
        [
          0.0,
          0.0,
          0.0,
          1.0
        ]
      ]
    },
    {
      "file_path": "/media/NFS/ttao/scannet/posed_images/scene0208_00/00409.jpg",
      "transform_matrix": [
        [
          0.353392,
          0.4595,
          -0.814846,
          6.320611
        ],
        [
          0.935421,
          -0.164172,
          0.313106,
          7.64507
        ],
        [
          0.010097,
          -0.872873,
          -0.487843,
          1.568207
        ],
        [
          0.0,
          0.0,
          0.0,
          1.0
        ]
      ]
    },
    {
      "file_path": "/media/NFS/ttao/scannet/posed_images/scene0208_00/00416.jpg",
      "transform_matrix": [
        [
          0.280882,
          0.453328,
          -0.845931,
          6.249308
        ],
        [
          0.959323,
          -0.106544,
          0.261436,
          7.719232
        ],
        [
          0.028388,
          -0.884953,
          -0.464814,
          1.585346
        ],
        [
          0.0,
          0.0,
          0.0,
          1.0
        ]
      ]
    },
    {
      "file_path": "/media/NFS/ttao/scannet/posed_images/scene0208_00/00420.jpg",
      "transform_matrix": [
        [
          0.253806,
          0.446089,
          -0.858247,
          6.210344
        ],
        [
          0.966667,
          -0.086044,
          0.241146,
          7.762754
        ],
        [
          0.033725,
          -0.890843,
          -0.453058,
          1.587791
        ],
        [
          0.0,
          0.0,
          0.0,
          1.0
        ]
      ]
    },
    {
      "file_path": "/media/NFS/ttao/scannet/posed_images/scene0208_00/00428.jpg",
      "transform_matrix": [
        [
          0.222119,
          0.458644,
          -0.860412,
          6.11432
        ],
        [
          0.973074,
          -0.048548,
          0.225325,
          7.823673
        ],
        [
          0.061573,
          -0.887293,
          -0.457078,
          1.586378
        ],
        [
          0.0,
          0.0,
          0.0,
          1.0
        ]
      ]
    },
    {
      "file_path": "/media/NFS/ttao/scannet/posed_images/scene0208_00/00437.jpg",
      "transform_matrix": [
        [
          0.087733,
          0.421506,
          -0.902571,
          6.004362
        ],
        [
          0.994686,
          0.011941,
          0.102264,
          7.837094
        ],
        [
          0.053883,
          -0.906747,
          -0.418219,
          1.597803
        ],
        [
          0.0,
          0.0,
          0.0,
          1.0
        ]
      ]
    },
    {
      "file_path": "/media/NFS/ttao/scannet/posed_images/scene0208_00/00444.jpg",
      "transform_matrix": [
        [
          -0.043876,
          0.434495,
          -0.899605,
          5.950731
        ],
        [
          0.99859,
          0.046,
          -0.026486,
          7.846685
        ],
        [
          0.029874,
          -0.899499,
          -0.435901,
          1.615344
        ],
        [
          0.0,
          0.0,
          0.0,
          1.0
        ]
      ]
    },
    {
      "file_path": "/media/NFS/ttao/scannet/posed_images/scene0208_00/00459.jpg",
      "transform_matrix": [
        [
          -0.399601,
          0.389586,
          -0.829784,
          5.91695
        ],
        [
          0.916683,
          0.166639,
          -0.363212,
          7.886987
        ],
        [
          -0.003228,
          -0.905789,
          -0.423717,
          1.641632
        ],
        [
          0.0,
          0.0,
          0.0,
          1.0
        ]
      ]
    },
    {
      "file_path": "/media/NFS/ttao/scannet/posed_images/scene0208_00/00461.jpg",
      "transform_matrix": [
        [
          -0.425213,
          0.382305,
          -0.820388,
          5.920619
        ],
        [
          0.905083,
          0.175059,
          -0.387532,
          7.881441
        ],
        [
          -0.004539,
          -0.907302,
          -0.420455,
          1.636321
        ],
        [
          0.0,
          0.0,
          0.0,
          1.0
        ]
      ]
    },
    {
      "file_path": "/media/NFS/ttao/scannet/posed_images/scene0208_00/00468.jpg",
      "transform_matrix": [
        [
          -0.495786,
          0.414274,
          -0.763265,
          5.8906
        ],
        [
          0.868445,
          0.236734,
          -0.435615,
          7.876863
        ],
        [
          0.000227,
          -0.878826,
          -0.477143,
          1.612379
        ],
        [
          0.0,
          0.0,
          0.0,
          1.0
        ]
      ]
    },
    {
      "file_path": "/media/NFS/ttao/scannet/posed_images/scene0208_00/00478.jpg",
      "transform_matrix": [
        [
          -0.607492,
          0.456208,
          -0.650252,
          5.805915
        ],
        [
          0.793049,
          0.301948,
          -0.529057,
          7.825958
        ],
        [
          -0.045018,
          -0.837079,
          -0.545226,
          1.555283
        ],
        [
          0.0,
          0.0,
          0.0,
          1.0
        ]
      ]
    },
    {
      "file_path": "/media/NFS/ttao/scannet/posed_images/scene0208_00/00485.jpg",
      "transform_matrix": [
        [
          -0.680988,
          0.367911,
          -0.633164,
          5.729145
        ],
        [
          0.731849,
          0.311777,
          -0.605964,
          7.758158
        ],
        [
          -0.025535,
          -0.876035,
          -0.481572,
          1.556893
        ],
        [
          0.0,
          0.0,
          0.0,
          1.0
        ]
      ]
    },
    {
      "file_path": "/media/NFS/ttao/scannet/posed_images/scene0208_00/00495.jpg",
      "transform_matrix": [
        [
          -0.774806,
          0.27062,
          -0.57135,
          5.604277
        ],
        [
          0.632133,
          0.318544,
          -0.706356,
          7.684935
        ],
        [
          -0.009155,
          -0.908457,
          -0.417878,
          1.610818
        ],
        [
          0.0,
          0.0,
          0.0,
          1.0
        ]
      ]
    },
    {
      "file_path": "/media/NFS/ttao/scannet/posed_images/scene0208_00/00504.jpg",
      "transform_matrix": [
        [
          -0.892075,
          0.16104,
          -0.422219,
          5.493729
        ],
        [
          0.451066,
          0.373643,
          -0.810512,
          7.680151
        ],
        [
          0.027235,
          -0.913486,
          -0.405957,
          1.613041
        ],
        [
          0.0,
          0.0,
          0.0,
          1.0
        ]
      ]
    },
    {
      "file_path": "/media/NFS/ttao/scannet/posed_images/scene0208_00/00509.jpg",
      "transform_matrix": [
        [
          -0.934756,
          0.126497,
          -0.33201,
          5.413917
        ],
        [
          0.354667,
          0.387619,
          -0.85086,
          7.703373
        ],
        [
          0.021062,
          -0.913099,
          -0.407193,
          1.620265
        ],
        [
          0.0,
          0.0,
          0.0,
          1.0
        ]
      ]
    },
    {
      "file_path": "/media/NFS/ttao/scannet/posed_images/scene0208_00/00516.jpg",
      "transform_matrix": [
        [
          -0.979632,
          0.049857,
          -0.19451,
          5.321745
        ],
        [
          0.197857,
          0.404874,
          -0.892709,
          7.748623
        ],
        [
          0.034244,
          -0.913012,
          -0.406492,
          1.61523
        ],
        [
          0.0,
          0.0,
          0.0,
          1.0
        ]
      ]
    },
    {
      "file_path": "/media/NFS/ttao/scannet/posed_images/scene0208_00/00523.jpg",
      "transform_matrix": [
        [
          -0.99911,
          -0.000189,
          -0.042184,
          5.249805
        ],
        [
          0.0385,
          0.404639,
          -0.913666,
          7.763804
        ],
        [
          0.017242,
          -0.914477,
          -0.404271,
          1.610393
        ],
        [
          0.0,
          0.0,
          0.0,
          1.0
        ]
      ]
    },
    {
      "file_path": "/media/NFS/ttao/scannet/posed_images/scene0208_00/00533.jpg",
      "transform_matrix": [
        [
          -0.981596,
          -0.087251,
          0.169871,
          5.21579
        ],
        [
          -0.189422,
          0.33188,
          -0.924108,
          7.738218
        ],
        [
          0.024252,
          -0.939278,
          -0.3423,
          1.664018
        ],
        [
          0.0,
          0.0,
          0.0,
          1.0
        ]
      ]
    },
    {
      "file_path": "/media/NFS/ttao/scannet/posed_images/scene0208_00/00545.jpg",
      "transform_matrix": [
        [
          -0.906158,
          -0.172487,
          0.386168,
          5.258239
        ],
        [
          -0.417408,
          0.217532,
          -0.882299,
          7.716541
        ],
        [
          0.068181,
          -0.960692,
          -0.269115,
          1.742453
        ],
        [
          0.0,
          0.0,
          0.0,
          1.0
        ]
      ]
    },
    {
      "file_path": "/media/NFS/ttao/scannet/posed_images/scene0208_00/00552.jpg",
      "transform_matrix": [
        [
          -0.883137,
          -0.156958,
          0.442079,
          5.310835
        ],
        [
          -0.466266,
          0.189975,
          -0.864006,
          7.726331
        ],
        [
          0.051629,
          -0.969161,
          -0.240958,
          1.733465
        ],
        [
          0.0,
          0.0,
          0.0,
          1.0
        ]
      ]
    },
    {
      "file_path": "/media/NFS/ttao/scannet/posed_images/scene0208_00/00561.jpg",
      "transform_matrix": [
        [
          -0.849428,
          -0.130676,
          0.511269,
          5.385477
        ],
        [
          -0.5277,
          0.214776,
          -0.82183,
          7.738565
        ],
        [
          -0.002415,
          -0.967882,
          -0.251395,
          1.692882
        ],
        [
          0.0,
          0.0,
          0.0,
          1.0
        ]
      ]
    },
    {
      "file_path": "/media/NFS/ttao/scannet/posed_images/scene0208_00/00569.jpg",
      "transform_matrix": [
        [
          -0.804281,
          -0.154444,
          0.573829,
          5.409929
        ],
        [
          -0.593378,
          0.261006,
          -0.761432,
          7.795302
        ],
        [
          -0.032174,
          -0.952902,
          -0.301566,
          1.646471
        ],
        [
          0.0,
          0.0,
          0.0,
          1.0
        ]
      ]
    },
    {
      "file_path": "/media/NFS/ttao/scannet/posed_images/scene0208_00/00576.jpg",
      "transform_matrix": [
        [
          -0.793196,
          -0.228237,
          0.564577,
          5.398355
        ],
        [
          -0.606907,
          0.372466,
          -0.702093,
          7.858981
        ],
        [
          -0.050042,
          -0.899543,
          -0.433957,
          1.601908
        ],
        [
          0.0,
          0.0,
          0.0,
          1.0
        ]
      ]
    },
    {
      "file_path": "/media/NFS/ttao/scannet/posed_images/scene0208_00/00581.jpg",
      "transform_matrix": [
        [
          -0.787556,
          -0.271813,
          0.553058,
          5.382492
        ],
        [
          -0.612267,
          0.446921,
          -0.652221,
          7.897942
        ],
        [
          -0.069891,
          -0.852279,
          -0.518397,
          1.553839
        ],
        [
          0.0,
          0.0,
          0.0,
          1.0
        ]
      ]
    },
    {
      "file_path": "/media/NFS/ttao/scannet/posed_images/scene0208_00/00590.jpg",
      "transform_matrix": [
        [
          -0.771699,
          -0.311853,
          0.554282,
          5.366978
        ],
        [
          -0.626513,
          0.522637,
          -0.578215,
          7.936569
        ],
        [
          -0.10937,
          -0.793473,
          -0.598698,
          1.500035
        ],
        [
          0.0,
          0.0,
          0.0,
          1.0
        ]
      ]
    },
    {
      "file_path": "/media/NFS/ttao/scannet/posed_images/scene0208_00/00597.jpg",
      "transform_matrix": [
        [
          -0.767923,
          -0.314072,
          0.558259,
          5.368695
        ],
        [
          -0.6297,
          0.529839,
          -0.568111,
          7.947902
        ],
        [
          -0.11736,
          -0.7878,
          -0.604646,
          1.482629
        ],
        [
          0.0,
          0.0,
          0.0,
          1.0
        ]
      ]
    },
    {
      "file_path": "/media/NFS/ttao/scannet/posed_images/scene0208_00/00607.jpg",
      "transform_matrix": [
        [
          -0.805104,
          -0.233302,
          0.545323,
          5.422583
        ],
        [
          -0.582953,
          0.480852,
          -0.654941,
          7.930509
        ],
        [
          -0.109421,
          -0.845193,
          -0.52314,
          1.507408
        ],
        [
          0.0,
          0.0,
          0.0,
          1.0
        ]
      ]
    },
    {
      "file_path": "/media/NFS/ttao/scannet/posed_images/scene0208_00/00614.jpg",
      "transform_matrix": [
        [
          -0.886295,
          -0.197573,
          0.418863,
          5.520889
        ],
        [
          -0.461524,
          0.451837,
          -0.763439,
          7.896795
        ],
        [
          -0.038422,
          -0.869947,
          -0.491645,
          1.538008
        ],
        [
          0.0,
