{
  "frames": [
    {
      "file_path": "/media/NFS/ttao/scannet/posed_images/scene0663_00/00000.jpg",
      "transform_matrix": [
        [
          0.156662,
          -0.468697,
          0.869356,
          2.605715
        ],
        [
          -0.986843,
          -0.038653,
          0.156995,
          1.763439
        ],
        [
          -0.03998,
          -0.882513,
          -0.468586,
          1.344934
        ],
        [
          0.0,
          0.0,
          0.0,
          1.0
        ]
      ]
    },
    {
      "file_path": "/media/NFS/ttao/scannet/posed_images/scene0663_00/00015.jpg",
      "transform_matrix": [
        [
          0.186675,
          -0.469509,
          0.862968,
          2.621865
        ],
        [
          -0.981993,
          -0.063228,
          0.178022,
          1.726772
        ],
        [
          -0.029019,
          -0.880661,
          -0.472858,
          1.331189
        ],
        [
          0.0,
          0.0,
          0.0,
          1.0
        ]
      ]
    },
    {
      "file_path": "/media/NFS/ttao/scannet/posed_images/scene0663_00/00018.jpg",
      "transform_matrix": [
        [
          0.185516,
          -0.464184,
          0.866093,
          2.621715
        ],
        [
          -0.982482,
          -0.071755,
          0.171989,
          1.724933
        ],
        [
          -0.017688,
          -0.882828,
          -0.469364,
          1.32339
        ],
        [
          0.0,
          0.0,
          0.0,
          1.0
        ]
      ]
    },
    {
      "file_path": "/media/NFS/ttao/scannet/posed_images/scene0663_00/00035.jpg",
      "transform_matrix": [
        [
          0.173838,
          -0.560499,
          0.809704,
          2.609473
        ],
        [
          -0.984586,
          -0.082851,
          0.154033,
          1.716093
        ],
        [
          -0.019251,
          -0.824,
          -0.566262,
          1.251124
        ],
        [
          0.0,
          0.0,
          0.0,
          1.0
        ]
      ]
    },
    {
      "file_path": "/media/NFS/ttao/scannet/posed_images/scene0663_00/00044.jpg",
      "transform_matrix": [
        [
          0.180485,
          -0.573704,
          0.79893,
          2.583253
        ],
        [
          -0.983554,
          -0.099625,
          0.150653,
          1.696987
        ],
        [
          -0.006837,
          -0.812981,
          -0.58225,
          1.241987
        ],
        [
          0.0,
          0.0,
          0.0,
          1.0
        ]
      ]
    },
    {
      "file_path": "/media/NFS/ttao/scannet/posed_images/scene0663_00/00053.jpg",
      "transform_matrix": [
        [
          0.123435,
          -0.532543,
          0.837354,
          2.586832
        ],
        [
          -0.992304,
          -0.074577,
          0.098847,
          1.681386
        ],
        [
          0.009807,
          -0.843111,
          -0.53765,
          1.281188
        ],
        [
          0.0,
          0.0,
          0.0,
          1.0
        ]
      ]
    },
    {
      "file_path": "/media/NFS/ttao/scannet/posed_images/scene0663_00/00065.jpg",
      "transform_matrix": [
        [
          -0.036833,
          -0.489873,
          0.871016,
          2.64226
        ],
        [
          -0.99924,
          0.006929,
          -0.038359,
          1.701373
        ],
        [
          0.012755,
          -0.871766,
          -0.489756,
          1.301133
        ],
        [
          0.0,
          0.0,
          0.0,
          1.0
        ]
      ]
    },
    {
      "file_path": "/media/NFS/ttao/scannet/posed_images/scene0663_00/00068.jpg",
      "transform_matrix": [
        [
          -0.072885,
          -0.485983,
          0.870924,
          2.656696
        ],
        [
          -0.997282,
          0.026021,
          -0.068939,
          1.710646
        ],
        [
          0.010841,
          -0.873581,
          -0.486558,
          1.302742
        ],
        [
          0.0,
          0.0,
          0.0,
          1.0
        ]
      ]
    },
    {
      "file_path": "/media/NFS/ttao/scannet/posed_images/scene0663_00/00080.jpg",
      "transform_matrix": [
        [
          -0.1555,
          -0.466661,
          0.870659,
          2.710391
        ],
        [
          -0.987426,
          0.048036,
          -0.150608,
          1.740468
        ],
        [
          0.02846,
          -0.883131,
          -0.468263,
          1.307057
        ],
        [
          0.0,
          0.0,
          0.0,
          1.0
        ]
      ]
    },
    {
      "file_path": "/media/NFS/ttao/scannet/posed_images/scene0663_00/00088.jpg",
      "transform_matrix": [
        [
          -0.192797,
          -0.44835,
          0.872818,
          2.767704
        ],
        [
          -0.981208,
          0.081002,
          -0.17513,
          1.743733
        ],
        [
          0.00782,
          -0.89018,
          -0.455541,
          1.3093
        ],
        [
          0.0,
          0.0,
          0.0,
          1.0
        ]
      ]
    },
    {
      "file_path": "/media/NFS/ttao/scannet/posed_images/scene0663_00/00097.jpg",
      "transform_matrix": [
        [
          -0.179503,
          -0.472282,
          0.862976,
          2.857784
        ],
        [
          -0.98288,
          0.049053,
          -0.177598,
          1.741926
        ],
        [
          0.041545,
          -0.880081,
          -0.473001,
          1.264664
        ],
        [
          0.0,
          0.0,
          0.0,
          1.0
        ]
      ]
    },
    {
      "file_path": "/media/NFS/ttao/scannet/posed_images/scene0663_00/00106.jpg",
      "transform_matrix": [
        [
          -0.244388,
          -0.491824,
          0.835693,
          2.912031
        ],
        [
          -0.96951,
          0.107925,
          -0.220005,
          1.711608
        ],
        [
          0.018012,
          -0.86398,
          -0.503204,
          1.218139
        ],
        [
          0.0,
          0.0,
          0.0,
          1.0
        ]
      ]
    },
    {
      "file_path": "/media/NFS/ttao/scannet/posed_images/scene0663_00/00124.jpg",
      "transform_matrix": [
        [
          -0.280615,
          -0.490699,
          0.824905,
          2.835746
        ],
        [
          -0.95963,
          0.160533,
          -0.230952,
          1.709604
        ],
        [
          -0.019096,
          -0.856413,
          -0.515938,
          1.160027
        ],
        [
          0.0,
          0.0,
          0.0,
          1.0
        ]
      ]
    },
    {
      "file_path": "/media/NFS/ttao/scannet/posed_images/scene0663_00/00127.jpg",
      "transform_matrix": [
        [
          -0.280289,
          -0.486699,
          0.827382,
          2.821929
        ],
        [
          -0.959697,
          0.160497,
          -0.230702,
          1.704041
        ],
        [
          -0.02051,
          -0.858699,
          -0.512069,
          1.149435
        ],
        [
          0.0,
          0.0,
          0.0,
          1.0
        ]
      ]
    },
    {
      "file_path": "/media/NFS/ttao/scannet/posed_images/scene0663_00/00136.jpg",
      "transform_matrix": [
        [
          -0.261874,
          -0.467451,
          0.844341,
          2.797627
        ],
        [
          -0.964874,
          0.145821,
          -0.218527,
          1.690982
        ],
        [
          -0.020972,
          -0.871909,
          -0.489218,
          1.128389
        ],
        [
          0.0,
          0.0,
          0.0,
          1.0
        ]
      ]
    },
    {
      "file_path": "/media/NFS/ttao/scannet/posed_images/scene0663_00/00147.jpg",
      "transform_matrix": [
        [
          -0.302127,
          -0.478977,
          0.824197,
          2.785749
        ],
        [
          -0.952727,
          0.18084,
          -0.244148,
          1.661363
        ],
        [
          -0.032106,
          -0.858998,
          -0.510971,
          1.117878
        ],
        [
          0.0,
          0.0,
          0.0,
          1.0
        ]
      ]
    },
    {
      "file_path": "/media/NFS/ttao/scannet/posed_images/scene0663_00/00156.jpg",
      "transform_matrix": [
        [
          -0.366043,
          -0.477823,
          0.79856,
          2.863569
        ],
        [
          -0.930492,
          0.174992,
          -0.321811,
          1.723733
        ],
        [
          0.014027,
          -0.86085,
          -0.508665,
          1.15081
        ],
        [
          0.0,
          0.0,
          0.0,
          1.0
        ]
      ]
    },
    {
      "file_path": "/media/NFS/ttao/scannet/posed_images/scene0663_00/00168.jpg",
      "transform_matrix": [
        [
          -0.389801,
          -0.5173,
          0.761877,
          2.952821
        ],
        [
          -0.919274,
          0.169448,
          -0.355279,
          1.782152
        ],
        [
          0.054687,
          -0.838861,
          -0.541591,
          1.16168
        ],
        [
          0.0,
          0.0,
          0.0,
          1.0
        ]
      ]
    },
    {
      "file_path": "/media/NFS/ttao/scannet/posed_images/scene0663_00/00180.jpg",
      "transform_matrix": [
        [
          -0.596542,
          -0.463648,
          0.655108,
          3.046311
        ],
        [
          -0.801376,
          0.29939,
          -0.517843,
          1.90241
        ],
        [
          0.043965,
          -0.833904,
          -0.550156,
          1.218594
        ],
        [
          0.0,
          0.0,
          0.0,
          1.0
        ]
      ]
    },
    {
      "file_path": "/media/NFS/ttao/scannet/posed_images/scene0663_00/00186.jpg",
      "transform_matrix": [
        [
          -0.670765,
          -0.414435,
          0.615074,
          3.07254
        ],
        [
          -0.740633,
          0.330458,
          -0.58503,
          1.986215
        ],
        [
          0.039201,
          -0.847963,
          -0.528604,
          1.260398
        ],
        [
          0.0,
          0.0,
          0.0,
          1.0
        ]
      ]
    },
    {
      "file_path": "/media/NFS/ttao/scannet/posed_images/scene0663_00/00194.jpg",
      "transform_matrix": [
        [
          -0.67699,
          -0.386638,
          0.626256,
          3.056743
        ],
        [
          -0.735889,
          0.341353,
          -0.584761,
          2.068551
        ],
        [
          0.012316,
          -0.856732,
          -0.515615,
          1.271933
        ],
        [
          0.0,
          0.0,
          0.0,
          1.0
        ]
      ]
    },
    {
      "file_path": "/media/NFS/ttao/scannet/posed_images/scene0663_00/00203.jpg",
      "transform_matrix": [
        [
          -0.718646,
          -0.334965,
          0.609382,
          3.008249
        ],
        [
          -0.695326,
          0.356653,
          -0.623956,
          2.138988
        ],
        [
          -0.008334,
          -0.872122,
          -0.489217,
          1.29216
        ],
        [
          0.0,
          0.0,
          0.0,
          1.0
        ]
      ]
    },
    {
      "file_path": "/media/NFS/ttao/scannet/posed_images/scene0663_00/00221.jpg",
      "transform_matrix": [
        [
          -0.809493,
          -0.191565,
          0.554999,
          2.966115
        ],
        [
          -0.586725,
          0.299011,
          -0.75256,
          2.23278
        ],
        [
          -0.021786,
          -0.934824,
          -0.354443,
          1.369087
        ],
        [
          0.0,
          0.0,
          0.0,
          1.0
        ]
      ]
    },
    {
      "file_path": "/media/NFS/ttao/scannet/posed_images/scene0663_00/00230.jpg",
      "transform_matrix": [
        [
          -0.843309,
          -0.139304,
          0.519061,
          3.031117
        ],
        [
          -0.537311,
          0.238817,
          -0.808866,
          2.252018
        ],
        [
          -0.011282,
          -0.961021,
          -0.276246,
          1.356457
        ],
        [
          0.0,
          0.0,
          0.0,
          1.0
        ]
      ]
    },
    {
      "file_path": "/media/NFS/ttao/scannet/posed_images/scene0663_00/00239.jpg",
      "transform_matrix": [
        [
          -0.847362,
          -0.104618,
          0.520608,
          3.174214
        ],
        [
          -0.529045,
          0.250703,
          -0.810715,
          2.285596
        ],
        [
          -0.045703,
          -0.962394,
          -0.267784,
          1.360374
        ],
        [
          0.0,
          0.0,
          0.0,
          1.0
        ]
      ]
    },
    {
      "file_path": "/media/NFS/ttao/scannet/posed_images/scene0663_00/00245.jpg",
      "transform_matrix": [
        [
          -0.861329,
          -0.089808,
          0.500048,
          3.259004
        ],
        [
          -0.504643,
          0.265004,
          -0.82165,
          2.30524
        ],
        [
          -0.058724,
          -0.960056,
          -0.273576,
          1.34708
        ],
        [
          0.0,
          0.0,
          0.0,
          1.0
        ]
      ]
    },
    {
      "file_path": "/media/NFS/ttao/scannet/posed_images/scene0663_00/00259.jpg",
      "transform_matrix": [
        [
          -0.846973,
          -0.160066,
          0.506966,
          3.395084
        ],
        [
          -0.531577,
          0.269076,
          -0.803134,
          2.338134
        ],
        [
          -0.007858,
          -0.949725,
          -0.312987,
          1.313341
        ],
        [
          0.0,
          0.0,
          0.0,
          1.0
        ]
      ]
    },
    {
      "file_path": "/media/NFS/ttao/scannet/posed_images/scene0663_00/00271.jpg",
      "transform_matrix": [
        [
          -0.797376,
          -0.206666,
          0.566993,
          3.397663
        ],
        [
          -0.603332,
          0.294008,
          -0.741317,
          2.357866
        ],
        [
          -0.013496,
          -0.933193,
          -0.359123,
          1.325597
        ],
        [
          0.0,
          0.0,
          0.0,
          1.0
        ]
      ]
    },
    {
      "file_path": "/media/NFS/ttao/scannet/posed_images/scene0663_00/00274.jpg",
      "transform_matrix": [
        [
          -0.782394,
          -0.208636,
          0.586797,
          3.371086
        ],
        [
          -0.622325,
          0.298078,
          -0.723783,
          2.35949
        ],
        [
          -0.023905,
          -0.931461,
          -0.363054,
          1.325837
        ],
        [
          0.0,
          0.0,
          0.0,
          1.0
        ]
      ]
    },
    {
      "file_path": "/media/NFS/ttao/scannet/posed_images/scene0663_00/00286.jpg",
      "transform_matrix": [
        [
          -0.685185,
          -0.263836,
          0.678905,
          3.177479
        ],
        [
          -0.7272,
          0.300586,
          -0.617113,
          2.358915
        ],
        [
          -0.041252,
          -0.916536,
          -0.397818,
          1.29656
        ],
        [
          0.0,
          0.0,
          0.0,
          1.0
        ]
      ]
    },
    {
      "file_path": "/media/NFS/ttao/scannet/posed_images/scene0663_00/00298.jpg",
      "transform_matrix": [
        [
          -0.557425,
          -0.383262,
          0.73647,
          3.021651
        ],
        [
          -0.830226,
          0.259128,
          -0.493536,
          2.393744
        ],
        [
          -0.001686,
          -0.886545,
          -0.462638,
          1.291276
        ],
        [
          0.0,
          0.0,
          0.0,
          1.0
        ]
      ]
    },
    {
      "file_path": "/media/NFS/ttao/scannet/posed_images/scene0663_00/00309.jpg",
      "transform_matrix": [
        [
          -0.505046,
          -0.428091,
          0.749444,
          2.980381
        ],
        [
          -0.862969,
          0.265115,
          -0.430114,
          2.453894
        ],
        [
          -0.014561,
          -0.863975,
          -0.503324,
          1.275546
        ],
        [
          0.0,
          0.0,
          0.0,
          1.0
        ]
      ]
    },
    {
      "file_path": "/media/NFS/ttao/scannet/posed_images/scene0663_00/00315.jpg",
      "transform_matrix": [
        [
          -0.499313,
          -0.428339,
          0.753134,
          2.957338
        ],
        [
          -0.866347,
          0.25822,
          -0.42751,
          2.504865
        ],
        [
          -0.011355,
          -0.865937,
          -0.500023,
          1.256714
        ],
        [
          0.0,
          0.0,
          0.0,
          1.0
        ]
      ]
    },
    {
      "file_path": "/media/NFS/ttao/scannet/posed_images/scene0663_00/00321.jpg",
      "transform_matrix": [
        [
          -0.541108,
          -0.402172,
          0.738553,
          2.940325
        ],
        [
          -0.840873,
          0.270869,
          -0.468575,
          2.567628
        ],
        [
          -0.011603,
          -0.874579,
          -0.484745,
          1.234385
        ],
        [
          0.0,
          0.0,
          0.0,
          1.0
        ]
      ]
    },
    {
      "file_path": "/media/NFS/ttao/scannet/posed_images/scene0663_00/00336.jpg",
      "transform_matrix": [
        [
          -0.438006,
          -0.524589,
          0.730039,
          2.930459
        ],
        [
          -0.898901,
          0.245358,
          -0.363011,
          2.707334
        ],
        [
          0.011311,
          -0.815233,
          -0.579022,
          1.173772
        ],
        [
          0.0,
          0.0,
          0.0,
          1.0
        ]
      ]
    },
    {
      "file_path": "/media/NFS/ttao/scannet/posed_images/scene0663_00/00348.jpg",
      "transform_matrix": [
        [
          -0.28919,
          -0.54096,
          0.789767,
          2.947985
        ],
        [
          -0.956758,
          0.136318,
          -0.256965,
          2.758698
        ],
        [
          0.031348,
          -0.829928,
          -0.556989,
          1.220851
        ],
        [
          0.0,
          0.0,
          0.0,
          1.0
        ]
      ]
    },
    {
      "file_path": "/media/NFS/ttao/scannet/posed_images/scene0663_00/00356.jpg",
      "transform_matrix": [
        [
          -0.21362,
          -0.527042,
          0.822553,
          2.940534
        ],
        [
          -0.976434,
          0.088709,
          -0.196744,
          2.756122
        ],
        [
          0.030725,
          -0.845196,
          -0.533572,
          1.242909
        ],
        [
          0.0,
          0.0,
          0.0,
          1.0
        ]
      ]
    },
    {
      "file_path": "/media/NFS/ttao/scannet/posed_images/scene0663_00/00362.jpg",
      "transform_matrix": [
        [
          -0.160744,
          -0.514616,
          0.842219,
          2.930479
        ],
        [
          -0.986855,
          0.069351,
          -0.145973,
          2.742702
        ],
        [
          0.016711,
          -0.854611,
          -0.518999,
          1.252157
        ],
        [
          0.0,
          0.0,
          0.0,
          1.0
        ]
      ]
    },
    {
      "file_path": "/media/NFS/ttao/scannet/posed_images/scene0663_00/00371.jpg",
      "transform_matrix": [
        [
          -0.016851,
          -0.499674,
          0.86605,
          2.899463
        ],
        [
          -0.999849,
          0.004776,
          -0.016699,
          2.766897
        ],
        [
          0.004207,
          -0.8662,
          -0.499679,
          1.250015
        ],
        [
          0.0,
          0.0,
          0.0,
          1.0
        ]
      ]
    },
    {
      "file_path": "/media/NFS/ttao/scannet/posed_images/scene0663_00/00389.jpg",
      "transform_matrix": [
        [
          -0.01105,
          -0.544315,
          0.838808,
          2.885573
        ],
        [
          -0.996827,
          -0.060133,
          -0.052153,
          2.901618
        ],
        [
          0.078828,
          -0.836723,
          -0.541924,
          1.184406
        ],
        [
          0.0,
          0.0,
          0.0,
          1.0
        ]
      ]
    },
    {
      "file_path": "/media/NFS/ttao/scannet/posed_images/scene0663_00/00398.jpg",
      "transform_matrix": [
        [
          -0.010413,
          -0.533229,
          0.845907,
          2.886146
        ],
        [
          -0.99513,
          -0.077405,
          -0.061043,
          2.935138
        ],
        [
          0.098027,
          -0.842423,
          -0.529825,
          1.201723
        ],
        [
          0.0,
          0.0,
          0.0,
          1.0
        ]
      ]
    },
    {
      "file_path": "/media/NFS/ttao/scannet/posed_images/scene0663_00/00404.jpg",
      "transform_matrix": [
        [
          0.001311,
          -0.529819,
          0.84811,
          2.881761
        ],
        [
          -0.996462,
          -0.071968,
          -0.043418,
          2.924902
        ],
        [
          0.084041,
          -0.845052,
          -0.528038,
          1.218482
        ],
        [
          0.0,
          0.0,
          0.0,
          1.0
        ]
      ]
    },
    {
      "file_path": "/media/NFS/ttao/scannet/posed_images/scene0663_00/00415.jpg",
      "transform_matrix": [
        [
          0.001296,
          -0.551,
          0.834504,
          2.881423
        ],
        [
          -0.999807,
          -0.017074,
          -0.009721,
          2.88274
        ],
        [
          0.019605,
          -0.83433,
          -0.550916,
          1.245062
        ],
        [
          0.0,
          0.0,
          0.0,
          1.0
        ]
      ]
    },
    {
      "file_path": "/media/NFS/ttao/scannet/posed_images/scene0663_00/00427.jpg",
      "transform_matrix": [
        [
          -0.057925,
          -0.518608,
          0.853048,
          2.902998
        ],
        [
          -0.997633,
          0.06179,
          -0.030179,
          2.861885
        ],
        [
          -0.037059,
          -0.852776,
          -0.520959,
          1.297046
        ],
        [
          0.0,
          0.0,
          0.0,
          1.0
        ]
      ]
    },
    {
      "file_path": "/media/NFS/ttao/scannet/posed_images/scene0663_00/00436.jpg",
      "transform_matrix": [
        [
          -0.107402,
          -0.516299,
          0.849647,
          2.926794
        ],
        [
          -0.993238,
          0.093608,
          -0.068671,
          2.855934
        ],
        [
          -0.044079,
          -0.851277,
          -0.522862,
          1.295393
        ],
        [
          0.0,
          0.0,
          0.0,
          1.0
        ]
      ]
    },
    {
      "file_path": "/media/NFS/ttao/scannet/posed_images/scene0663_00/00439.jpg",
      "transform_matrix": [
        [
          -0.116699,
          -0.522787,
          0.844438,
          2.935797
        ],
        [
          -0.992112,
          0.100549,
          -0.074858,
          2.848082
        ],
        [
          -0.045773,
          -0.846513,
          -0.530397,
          1.296855
        ],
        [
          0.0,
          0.0,
          0.0,
          1.0
        ]
      ]
    },
    {
      "file_path": "/media/NFS/ttao/scannet/posed_images/scene0663_00/00454.jpg",
      "transform_matrix": [
        [
          -0.155658,
          -0.488428,
          0.858608,
          2.979071
        ],
        [
          -0.985236,
          0.139481,
          -0.09927,
          2.733398
        ],
        [
          -0.071274,
          -0.861384,
          -0.502929,
          1.334235
        ],
        [
          0.0,
          0.0,
          0.0,
          1.0
        ]
      ]
    },
    {
      "file_path": "/media/NFS/ttao/scannet/posed_images/scene0663_00/00465.jpg",
      "transform_matrix": [
        [
          -0.184616,
          -0.459353,
          0.868856,
          3.004462
        ],
        [
          -0.98075,
          0.143329,
          -0.132615,
          2.571164
        ],
        [
          -0.063616,
          -0.876613,
          -0.476971,
          1.351495
        ],
        [
          0.0,
          0.0,
          0.0,
          1.0
        ]
      ]
    },
    {
      "file_path": "/media/NFS/ttao/scannet/posed_images/scene0663_00/00474.jpg",
      "transform_matrix": [
        [
          -0.225335,
          -0.44345,
          0.867511,
          3.023855
        ],
        [
          -0.972593,
          0.15478,
          -0.17351,
          2.488589
        ],
        [
          -0.057331,
          -0.882833,
          -0.466174,
          1.359526
        ],
        [
          0.0,
          0.0,
          0.0,
          1.0
        ]
      ]
    },
    {
      "file_path": "/media/NFS/ttao/scannet/posed_images/scene0663_00/00483.jpg",
      "transform_matrix": [
        [
          -0.248496,
          -0.424159,
          0.870827,
          3.042153
        ],
        [
          -0.967409,
          0.153861,
          -0.201114,
          2.47102
        ],
        [
          -0.048682,
          -0.892421,
          -0.448569,
          1.365462
        ],
        [
          0.0,
          0.0,
          0.0,
          1.0
        ]
      ]
    },
    {
      "file_path": "/media/NFS/ttao/scannet/posed_images/scene0663_00/00495.jpg",
      "transform_matrix": [
        [
          -0.296042,
          -0.316802,
          0.901108,
          3.085317
        ],
        [
          -0.953093,
          0.16023,
          -0.256789,
          2.543243
        ],
        [
          -0.063033,
          -0.93486,
          -0.349377,
          1.398113
        ],
        [
          0.0,
          0.0,
          0.0,
          1.0
        ]
      ]
    },
    {
      "file_path": "/media/NFS/ttao/scannet/posed_images/scene0663_00/00498.jpg",
      "transform_matrix": [
        [
          -0.299116,
          -0.303184,
          0.90477,
          3.091763
        ],
        [
          -0.951733,
          0.163169,
          -0.259964,
          2.562101
        ],
        [
          -0.068813,
          -0.938859,
          -0.337356,
          1.398576
        ],
        [
          0.0,
          0.0,
          0.0,
          1.0
        ]
      ]
    },
    {
      "file_path": "/media/NFS/ttao/scannet/posed_images/scene0663_00/00516.jpg",
      "transform_matrix": [
        [
          -0.331483,
          -0.216604,
          0.91826,
          3.10216
        ],
        [
          -0.941229,
          0.142833,
          -0.306082,
          2.592486
        ],
        [
          -0.06486,
          -0.965754,
          -0.251221,
          1.44287
        ],
        [
          0.0,
          0.0,
          0.0,
          1.0
        ]
      ]
    },
    {
      "file_path": "/media/NFS/ttao/scannet/posed_images/scene0663_00/00524.jpg",
      "transform_matrix": [
        [
          -0.366852,
          -0.191393,
          0.910378,
          3.093296
        ],
        [
          -0.929003,
          0.126621,
          -0.347737,
          2.57151
        ],
        [
          -0.048719,
          -0.973312,
          -0.224256,
          1.458586
        ],
        [
          0.0,
          0.0,
          0.0,
          1.0
        ]
      ]
    },
    {
      "file_path": "/media/NFS/ttao/scannet/posed_images/scene0663_00/00530.jpg",
      "transform_matrix": [
        [
          -0.391197,
          -0.1651,
          0.905376,
          3.083977
        ],
        [
          -0.919896,
          0.099559,
          -0.379315,
          2.56151
        ],
        [
          -0.027513,
          -0.981239,
          -0.190822,
          1.465891
        ],
        [
          0.0,
          0.0,
          0.0,
          1.0
        ]
      ]
    },
    {
      "file_path": "/media/NFS/ttao/scannet/posed_images/scene0663_00/00542.jpg",
      "transform_matrix": [
        [
          -0.422458,
          -0.115494,
          0.898994,
          3.068136
        ],
        [
          -0.906167,
          0.075469,
          -0.416133,
          2.559643
        ],
        [
          -0.019785,
          -0.990437,
          -0.136539,
          1.476041
        ],
        [
          0.0,
          0.0,
          0.0,
          1.0
        ]
      ]
    },
    {
      "file_path": "/media/NFS/ttao/scannet/posed_images/scene0663_00/00548.jpg",
      "transform_matrix": [
        [
          -0.456392,
          -0.118574,
          0.881842,
          3.067155
        ],
        [
          -0.889534,
          0.084057,
          -0.44907,
          2.56238
        ],
        [
          -0.020877,
          -0.989381,
          -0.143838,
          1.469296
        ],
        [
          0.0,
          0.0,
          0.0,
          1.0
        ]
      ]
    },
    {
      "file_path": "/media/NFS/ttao/scannet/posed_images/scene0663_00/00563.jpg",
      "transform_matrix": [
        [
          -0.586227,
          -0.154334,
          0.79531,
          3.068048
        ],
        [
          -0.809916,
          0.135063,
          -0.570784,
          2.544783
        ],
        [
          -0.019326,
          -0.978744,
          -0.204175,
          1.429775
        ],
        [
          0.0,
          0.0,
          0.0,
          1.0
        ]
      ]
    },
    {
      "file_path": "/media/NFS/ttao/scannet/posed_images/scene0663_00/00574.jpg",
      "transform_matrix": [
        [
          -0.676152,
          -0.137242,
          0.723867,
          3.061526
        ],
        [
          -0.736732,
          0.116993,
          -0.665987,
          2.544702
        ],
        [
          0.006714,
          -0.983604,
          -0.180215,
          1.448276
        ],
        [
          0.0,
          0.0,
          0.0,
          1.0
        ]
      ]
    },
    {
      "file_path": "/media/NFS/ttao/scannet/posed_images/scene0663_00/00583.jpg",
      "transform_matrix": [
        [
          -0.712327,
          -0.085488,
          0.696622,
          3.00948
        ],
        [
          -0.701732,
          0.104818,
          -0.704689,
          2.536036
        ],
        [
          -0.012776,
          -0.99081,
          -0.134654,
          1.469614
        ],
        [
          0.0,
          0.0,
          0.0,
          1.0
        ]
      ]
    },
    {
      "file_path": "/media/NFS/ttao/scannet/posed_images/scene0663_00/00586.jpg",
      "transform_matrix": [
        [
          -0.714858,
          -0.074672,
          0.695271,
          2.98797
        ],
        [
          -0.698972,
          0.105306,
          -0.707353,
          2.538123
        ],
        [
          -0.020397,
          -0.991632,
          -0.127473,
          1.482916
        ],
        [
          0.0,
          0.0,
          0.0,
          1.0
        ]
      ]
    },
    {
      "file_path": "/media/NFS/ttao/scannet/posed_images/scene0663_00/00604.jpg",
      "transform_matrix": [
        [
          -0.763326,
          0.021806,
          0.645645,
          2.862833
        ],
        [
          -0.645482,
          0.014777,
          -0.763633,
          2.56973
        ],
        [
          -0.026192,
          -0.999653,
          0.002796,
          1.512631
        ],
        [
          0.0,
          0.0,
          0.0,
          1.0
        ]
      ]
    },
    {
      "file_path": "/media/NFS/ttao/scannet/posed_images/scene0663_00/00607.jpg",
      "transform_matrix": [
        [
          -0.766688,
          0.023296,
          0.641596,
          2.857821
        ],
        [
          -0.641559,
          0.010022,
          -0.767008,
          2.576829
        ],
        [
          -0.024298,
          -0.999678,
          0.007262,
          1.516973
        ],
        [
          0.0,
          0.0,
          0.0,
          1.0
        ]
      ]
    },
    {
      "file_path": "/media/NFS/ttao/scannet/posed_images/scene0663_00/00619.jpg",
      "transform_matrix": [
        [
          -0.786721,
          0.043672,
          0.615763,
          2.835928
        ],
        [
          -0.617286,
          -0.046947,
          -0.785337,
          2.59224
        ],
        [
          -0.005389,
          -0.997942,
          0.063892,
          1.531932
        ],
        [
          0.0,
          0.0,
          0.0,
          1.0
        ]
      ]
    },
    {
      "file_path": "/media/NFS/ttao/scannet/posed_images/scene0663_00/00633.jpg",
      "transform_matrix": [
        [
          -0.809828,
          0.08519,
          0.580449,
          2.829039
        ],
        [
          -0.586652,
          -0.110324,
          -0.80229,
          2.595533
        ],
        [
          -0.00431,
          -0.990238,
          0.13932,
          1.535444
        ],
        [
          0.0,
          0.0,
          0.0,
          1.0
        ]
      ]
    },
    {
      "file_path": "/media/NFS/ttao/scannet/posed_images/scene0663_00/00636.jpg",
      "transform_matrix": [
        [
          -0.823739,
          0.079088,
          0.561426,
          2.84142
        ],
        [
          -0.566903,
          -0.099723,
          -0.817727,
          2.592146
        ],
        [
          -0.008685,
          -0.991867,
          0.12698,
          1.524289
        ],
        [
          0.0,
          0.0,
          0.0,
          1.0
        ]
      ]
    },
    {
      "file_path": "/media/NFS/ttao/scannet/posed_images/scene0663_00/00651.jpg",
      "transform_matrix": [
        [
          -0.903937,
          0.013536,
          0.427452,
          2.867884
        ],
        [
          -0.425821,
          0.064252,
          -0.902524,
          2.525359
        ],
        [
          -0.039681,
          -0.997842,
          -0.052316,
          1.43427
        ],
        [
          0.0,
          0.0,
          0.0,
          1.0
        ]
      ]
    },
    {
      "file_path": "/media/NFS/ttao/scannet/posed_images/scene0663_00/00657.jpg",
      "transform_matrix": [
        [
          -0.914532,
          -0.016608,
          0.404173,
          2.894066
        ],
        [
          -0.402023,
          0.148043,
          -0.903582,
          2.507464
        ],
        [
          -0.044829,
          -0.988841,
          -0.142067,
          1.398094
        ],
        [
          0.0,
          0.0,
          0.0,
          1.0
        ]
      ]
    },
    {
      "file_path": "/media/NFS/ttao/scannet/posed_images/scene0663_00/00669.jpg",
      "transform_matrix": [
        [
          -0.953734,
          -0.079406,
          0.289976,
          2.977762
        ],
        [
          -0.300507,
          0.281713,
          -0.911226,
          2.485317
        ],
        [
          -0.009333,
          -0.956207,
          -0.292541,
          1.342687
        ],
        [
          0.0,
          0.0,
          0.0,
          1.0
        ]
      ]
    },
    {
      "file_path": "/media/NFS/ttao/scannet/posed_images/scene0663_00/00683.jpg",
      "transform_matrix": [
        [
          -0.961747,
          -0.072006,
          0.264306,
          2.953346
        ],
        [
          -0.272717,
          0.342693,
          -0.898992,
          2.419799
        ],
        [
          -0.025842,
          -0.936684,
          -0.349221,
          1.296184
        ],
        [
          0.0,
          0.0,
          0.0,
          1.0
        ]
      ]
    },
    {
      "file_path": "/media/NFS/ttao/scannet/posed_images/scene0663_00/00686.jpg",
      "transform_matrix": [
        [
          -0.961153,
          -0.07436,
          0.26581,
          2.948469
        ],
        [
          -0.274922,
          0.343526,
          -0.898002,
          2.410223
        ],
        [
          -0.024537,
          -0.936195,
          -0.350624,
          1.290602
        ],
        [
          0.0,
          0.0,
          0.0,
          1.0
        ]
      ]
    },
    {
      "file_path": "/media/NFS/ttao/scannet/posed_images/scene0663_00/00698.jpg",
      "transform_matrix": [
        [
          -0.983973,
          -0.0501,
          0.171132,
          2.909601
        ],
        [
          -0.17789,
          0.342023,
          -0.9227,
          2.361725
        ],
        [
          -0.012303,
          -0.938355,
          -0.345454,
          1.292134
        ],
        [
          0.0,
          0.0,
          0.0,
          1.0
        ]
      ]
    },
    {
      "file_path": "/media/NFS/ttao/scannet/posed_images/scene0663_00/00710.jpg",
      "transform_matrix": [
        [
          -0.998192,
          -0.021897,
          0.055969,
          2.888923
        ],
        [
          -0.060079,
          0.388037,
          -0.919684,
          2.34685
        ],
        [
          -0.001579,
          -0.921384,
          -0.388651,
          1.273521
        ],
        [
          0.0,
          0.0,
          0.0,
          1.0
        ]
      ]
    },
    {
      "file_path": "/media/NFS/ttao/scannet/posed_images/scene0663_00/00722.jpg",
      "transform_matrix": [
        [
          -0.99965,
          -0.002332,
          0.026339,
          2.98972
        ],
        [
          -0.025937,
          0.280222,
          -0.959585,
          2.338411
        ],
        [
          -0.005143,
          -0.959932,
          -0.280185,
          1.344031
        ],
        [
          0.0,
          0.0,
          0.0,
          1.0
        ]
      ]
    },
    {
      "file_path": "/media/NFS/ttao/scannet/posed_images/scene0663_00/00731.jpg",
      "transform_matrix": [
        [
          -0.99951,
          0.010585,
          -0.029449,
          3.070488
        ],
        [
          0.031151,
          0.246967,
          -0.968523,
          2.327898
        ],
        [
          -0.002979,
          -0.968966,
          -0.247175,
          1.379539
        ],
        [
          0.0,
          0.0,
          0.0,
          1.0
        ]
      ]
    },
    {
      "file_path": "/media/NFS/ttao/scannet/posed_images/scene0663_00/00734.jpg",
      "transform_matrix": [
        [
          -0.999039,
          0.011814,
          -0.042206,
          3.087743
        ],
        [
          0.043825,
          0.25702,
          -0.965412,
          2.32095
        ],
        [
          -0.000558,
          -0.966334,
          -0.257291,
          1.382987
        ],
        [
          0.0,
          0.0,
          0.0,
          1.0
        ]
      ]
    },
    {
      "file_path": "/media/NFS/ttao/scannet/posed_images/scene0663_00/00748.jpg",
      "transform_matrix": [
        [
          -0.999427,
          0.016328,
          -0.029648,
          3.103335
        ],
        [
          0.03239,
          0.207174,
          -0.977768,
          2.266006
        ],
        [
          -0.009823,
          -0.978168,
          -0.207584,
          1.446554
        ],
        [
          0.0,
          0.0,
          0.0,
          1.0
        ]
      ]
    },
    {
      "file_path": "/media/NFS/ttao/scannet/posed_images/scene0663_00/00757.jpg",
      "transform_matrix": [
        [
          -0.999629,
          0.018557,
          -0.019963,
          3.060904
        ],
        [
          0.022292,
          0.135227,
          -0.990564,
          2.237634
        ],
