{
  "frames": [
    {
      "file_path": "/media/NFS/ttao/scannet/posed_images/scene0187_01/00002.jpg",
      "transform_matrix": [
        [
          0.278966,
          0.473388,
          -0.835513,
          4.74515
        ],
        [
          0.959585,
          -0.103817,
          0.261571,
          5.53898
        ],
        [
          0.037084,
          -0.874715,
          -0.483218,
          1.303587
        ],
        [
          0.0,
          0.0,
          0.0,
          1.0
        ]
      ]
    },
    {
      "file_path": "/media/NFS/ttao/scannet/posed_images/scene0187_01/00005.jpg",
      "transform_matrix": [
        [
          0.272371,
          0.464927,
          -0.842412,
          4.742242
        ],
        [
          0.961478,
          -0.097787,
          0.256899,
          5.539247
        ],
        [
          0.037062,
          -0.879932,
          -0.473652,
          1.306197
        ],
        [
          0.0,
          0.0,
          0.0,
          1.0
        ]
      ]
    },
    {
      "file_path": "/media/NFS/ttao/scannet/posed_images/scene0187_01/00013.jpg",
      "transform_matrix": [
        [
          0.295234,
          0.433802,
          -0.851265,
          4.732336
        ],
        [
          0.954472,
          -0.094134,
          0.283057,
          5.523376
        ],
        [
          0.042658,
          -0.896077,
          -0.441844,
          1.293153
        ],
        [
          0.0,
          0.0,
          0.0,
          1.0
        ]
      ]
    },
    {
      "file_path": "/media/NFS/ttao/scannet/posed_images/scene0187_01/00016.jpg",
      "transform_matrix": [
        [
          0.293704,
          0.438448,
          -0.849412,
          4.713288
        ],
        [
          0.954886,
          -0.093734,
          0.281791,
          5.506651
        ],
        [
          0.043932,
          -0.893855,
          -0.446198,
          1.297684
        ],
        [
          0.0,
          0.0,
          0.0,
          1.0
        ]
      ]
    },
    {
      "file_path": "/media/NFS/ttao/scannet/posed_images/scene0187_01/00027.jpg",
      "transform_matrix": [
        [
          0.259651,
          0.454122,
          -0.852265,
          4.654045
        ],
        [
          0.962947,
          -0.055129,
          0.263997,
          5.377124
        ],
        [
          0.072902,
          -0.889232,
          -0.451609,
          1.261183
        ],
        [
          0.0,
          0.0,
          0.0,
          1.0
        ]
      ]
    },
    {
      "file_path": "/media/NFS/ttao/scannet/posed_images/scene0187_01/00033.jpg",
      "transform_matrix": [
        [
          0.254347,
          0.459615,
          -0.850918,
          4.627878
        ],
        [
          0.965195,
          -0.065255,
          0.253259,
          5.303916
        ],
        [
          0.060875,
          -0.885718,
          -0.460216,
          1.245269
        ],
        [
          0.0,
          0.0,
          0.0,
          1.0
        ]
      ]
    },
    {
      "file_path": "/media/NFS/ttao/scannet/posed_images/scene0187_01/00040.jpg",
      "transform_matrix": [
        [
          0.258452,
          0.483129,
          -0.836534,
          4.628451
        ],
        [
          0.963328,
          -0.064242,
          0.260524,
          5.266347
        ],
        [
          0.072126,
          -0.873189,
          -0.482015,
          1.223439
        ],
        [
          0.0,
          0.0,
          0.0,
          1.0
        ]
      ]
    },
    {
      "file_path": "/media/NFS/ttao/scannet/posed_images/scene0187_01/00044.jpg",
      "transform_matrix": [
        [
          0.245442,
          0.491183,
          -0.835762,
          4.643687
        ],
        [
          0.967192,
          -0.065777,
          0.245383,
          5.271498
        ],
        [
          0.065554,
          -0.86857,
          -0.491212,
          1.216713
        ],
        [
          0.0,
          0.0,
          0.0,
          1.0
        ]
      ]
    },
    {
      "file_path": "/media/NFS/ttao/scannet/posed_images/scene0187_01/00051.jpg",
      "transform_matrix": [
        [
          0.199108,
          0.505136,
          -0.839758,
          4.69787
        ],
        [
          0.978438,
          -0.054449,
          0.199237,
          5.338741
        ],
        [
          0.054917,
          -0.861321,
          -0.505085,
          1.213966
        ],
        [
          0.0,
          0.0,
          0.0,
          1.0
        ]
      ]
    },
    {
      "file_path": "/media/NFS/ttao/scannet/posed_images/scene0187_01/00055.jpg",
      "transform_matrix": [
        [
          0.139251,
          0.51475,
          -0.845956,
          4.745224
        ],
        [
          0.989107,
          -0.031146,
          0.143862,
          5.41167
        ],
        [
          0.047705,
          -0.856774,
          -0.51348,
          1.213976
        ],
        [
          0.0,
          0.0,
          0.0,
          1.0
        ]
      ]
    },
    {
      "file_path": "/media/NFS/ttao/scannet/posed_images/scene0187_01/00064.jpg",
      "transform_matrix": [
        [
          0.055432,
          0.54174,
          -0.838716,
          4.823806
        ],
        [
          0.996771,
          0.01885,
          0.078054,
          5.591731
        ],
        [
          0.058095,
          -0.840334,
          -0.538946,
          1.229729
        ],
        [
          0.0,
          0.0,
          0.0,
          1.0
        ]
      ]
    },
    {
      "file_path": "/media/NFS/ttao/scannet/posed_images/scene0187_01/00068.jpg",
      "transform_matrix": [
        [
          0.022886,
          0.526632,
          -0.849785,
          4.827815
        ],
        [
          0.999016,
          0.020266,
          0.039465,
          5.65938
        ],
        [
          0.038005,
          -0.849852,
          -0.52565,
          1.24652
        ],
        [
          0.0,
          0.0,
          0.0,
          1.0
        ]
      ]
    },
    {
      "file_path": "/media/NFS/ttao/scannet/posed_images/scene0187_01/00075.jpg",
      "transform_matrix": [
        [
          -0.087453,
          0.490495,
          -0.867045,
          4.821263
        ],
        [
          0.994692,
          0.090362,
          -0.049209,
          5.75733
        ],
        [
          0.054211,
          -0.866746,
          -0.495794,
          1.239435
        ],
        [
          0.0,
          0.0,
          0.0,
          1.0
        ]
      ]
    },
    {
      "file_path": "/media/NFS/ttao/scannet/posed_images/scene0187_01/00082.jpg",
      "transform_matrix": [
        [
          -0.248768,
          0.472884,
          -0.845278,
          4.782449
        ],
        [
          0.965024,
          0.195548,
          -0.174612,
          5.888111
        ],
        [
          0.082721,
          -0.859152,
          -0.50499,
          1.257565
        ],
        [
          0.0,
          0.0,
          0.0,
          1.0
        ]
      ]
    },
    {
      "file_path": "/media/NFS/ttao/scannet/posed_images/scene0187_01/00086.jpg",
      "transform_matrix": [
        [
          -0.307387,
          0.45536,
          -0.83556,
          4.765933
        ],
        [
          0.947667,
          0.226085,
          -0.225418,
          5.964665
        ],
        [
          0.086261,
          -0.861123,
          -0.501025,
          1.26695
        ],
        [
          0.0,
          0.0,
          0.0,
          1.0
        ]
      ]
    },
    {
      "file_path": "/media/NFS/ttao/scannet/posed_images/scene0187_01/00090.jpg",
      "transform_matrix": [
        [
          -0.35412,
          0.435861,
          -0.82742,
          4.746767
        ],
        [
          0.930935,
          0.248686,
          -0.267422,
          6.033993
        ],
        [
          0.089209,
          -0.864974,
          -0.493823,
          1.269197
        ],
        [
          0.0,
          0.0,
          0.0,
          1.0
        ]
      ]
    },
    {
      "file_path": "/media/NFS/ttao/scannet/posed_images/scene0187_01/00097.jpg",
      "transform_matrix": [
        [
          -0.439201,
          0.435638,
          -0.785698,
          4.693574
        ],
        [
          0.893586,
          0.302142,
          -0.331984,
          6.15737
        ],
        [
          0.092768,
          -0.847897,
          -0.521982,
          1.280809
        ],
        [
          0.0,
          0.0,
          0.0,
          1.0
        ]
      ]
    },
    {
      "file_path": "/media/NFS/ttao/scannet/posed_images/scene0187_01/00102.jpg",
      "transform_matrix": [
        [
          -0.502426,
          0.417737,
          -0.75701,
          4.667484
        ],
        [
          0.859587,
          0.335668,
          -0.385276,
          6.230459
        ],
        [
          0.09316,
          -0.844288,
          -0.52773,
          1.280754
        ],
        [
          0.0,
          0.0,
          0.0,
          1.0
        ]
      ]
    },
    {
      "file_path": "/media/NFS/ttao/scannet/posed_images/scene0187_01/00108.jpg",
      "transform_matrix": [
        [
          -0.580996,
          0.408662,
          -0.703874,
          4.644987
        ],
        [
          0.811436,
          0.358153,
          -0.461841,
          6.269699
        ],
        [
          0.063358,
          -0.839477,
          -0.539689,
          1.291289
        ],
        [
          0.0,
          0.0,
          0.0,
          1.0
        ]
      ]
    },
    {
      "file_path": "/media/NFS/ttao/scannet/posed_images/scene0187_01/00115.jpg",
      "transform_matrix": [
        [
          -0.644369,
          0.40792,
          -0.64683,
          4.628397
        ],
        [
          0.764448,
          0.365938,
          -0.530763,
          6.270868
        ],
        [
          0.020191,
          -0.836475,
          -0.547633,
          1.299335
        ],
        [
          0.0,
          0.0,
          0.0,
          1.0
        ]
      ]
    },
    {
      "file_path": "/media/NFS/ttao/scannet/posed_images/scene0187_01/00124.jpg",
      "transform_matrix": [
        [
          -0.688305,
          0.387009,
          -0.613563,
          4.62722
        ],
        [
          0.725419,
          0.365301,
          -0.583371,
          6.18794
        ],
        [
          -0.001635,
          -0.846628,
          -0.532182,
          1.280708
        ],
        [
          0.0,
          0.0,
          0.0,
          1.0
        ]
      ]
    },
    {
      "file_path": "/media/NFS/ttao/scannet/posed_images/scene0187_01/00130.jpg",
      "transform_matrix": [
        [
          -0.698825,
          0.359014,
          -0.61867,
          4.639335
        ],
        [
          0.715067,
          0.372355,
          -0.591634,
          6.114274
        ],
        [
          0.01796,
          -0.855839,
          -0.51693,
          1.271336
        ],
        [
          0.0,
          0.0,
          0.0,
          1.0
        ]
      ]
    },
    {
      "file_path": "/media/NFS/ttao/scannet/posed_images/scene0187_01/00137.jpg",
      "transform_matrix": [
        [
          -0.73888,
          0.313894,
          -0.59626,
          4.63987
        ],
        [
          0.672821,
          0.392255,
          -0.627254,
          6.045561
        ],
        [
          0.036995,
          -0.864642,
          -0.501024,
          1.268457
        ],
        [
          0.0,
          0.0,
          0.0,
          1.0
        ]
      ]
    },
    {
      "file_path": "/media/NFS/ttao/scannet/posed_images/scene0187_01/00139.jpg",
      "transform_matrix": [
        [
          -0.754966,
          0.302912,
          -0.581611,
          4.62607
        ],
        [
          0.654696,
          0.398771,
          -0.642149,
          6.032013
        ],
        [
          0.037415,
          -0.865578,
          -0.499374,
          1.270865
        ],
        [
          0.0,
          0.0,
          0.0,
          1.0
        ]
      ]
    },
    {
      "file_path": "/media/NFS/ttao/scannet/posed_images/scene0187_01/00146.jpg",
      "transform_matrix": [
        [
          -0.806774,
          0.260431,
          -0.530369,
          4.600758
        ],
        [
          0.589876,
          0.406774,
          -0.697554,
          5.98497
        ],
        [
          0.034076,
          -0.87562,
          -0.481797,
          1.272166
        ],
        [
          0.0,
          0.0,
          0.0,
          1.0
        ]
      ]
    },
    {
      "file_path": "/media/NFS/ttao/scannet/posed_images/scene0187_01/00152.jpg",
      "transform_matrix": [
        [
          -0.852029,
          0.24027,
          -0.465099,
          4.589705
        ],
        [
          0.523251,
          0.417973,
          -0.742635,
          5.942062
        ],
        [
          0.015966,
          -0.87611,
          -0.481847,
          1.275502
        ],
        [
          0.0,
          0.0,
          0.0,
          1.0
        ]
      ]
    },
    {
      "file_path": "/media/NFS/ttao/scannet/posed_images/scene0187_01/00161.jpg",
      "transform_matrix": [
        [
          -0.878121,
          0.23319,
          -0.417764,
          4.627568
        ],
        [
          0.478103,
          0.460402,
          -0.747962,
          5.860332
        ],
        [
          0.017922,
          -0.856535,
          -0.515777,
          1.270842
        ],
        [
          0.0,
          0.0,
          0.0,
          1.0
        ]
      ]
    },
    {
      "file_path": "/media/NFS/ttao/scannet/posed_images/scene0187_01/00163.jpg",
      "transform_matrix": [
        [
          -0.872449,
          0.229847,
          -0.431282,
          4.656341
        ],
        [
          0.487988,
          0.457553,
          -0.743312,
          5.83478
        ],
        [
          0.026486,
          -0.858962,
          -0.511354,
          1.270188
        ],
        [
          0.0,
          0.0,
          0.0,
          1.0
        ]
      ]
    },
    {
      "file_path": "/media/NFS/ttao/scannet/posed_images/scene0187_01/00170.jpg",
      "transform_matrix": [
        [
          -0.84941,
          0.250685,
          -0.464393,
          4.782073
        ],
        [
          0.527733,
          0.40535,
          -0.746451,
          5.746833
        ],
        [
          0.001118,
          -0.879118,
          -0.476603,
          1.265574
        ],
        [
          0.0,
          0.0,
          0.0,
          1.0
        ]
      ]
    },
    {
      "file_path": "/media/NFS/ttao/scannet/posed_images/scene0187_01/00177.jpg",
      "transform_matrix": [
        [
          -0.814457,
          0.275242,
          -0.510786,
          4.866772
        ],
        [
          0.579436,
          0.431724,
          -0.69128,
          5.643305
        ],
        [
          0.030249,
          -0.858985,
          -0.511106,
          1.251909
        ],
        [
          0.0,
          0.0,
          0.0,
          1.0
        ]
      ]
    },
    {
      "file_path": "/media/NFS/ttao/scannet/posed_images/scene0187_01/00183.jpg",
      "transform_matrix": [
        [
          -0.778376,
          0.315745,
          -0.54262,
          4.920072
        ],
        [
          0.627614,
          0.412299,
          -0.660386,
          5.559267
        ],
        [
          0.015208,
          -0.854584,
          -0.51909,
          1.242537
        ],
        [
          0.0,
          0.0,
          0.0,
          1.0
        ]
      ]
    },
    {
      "file_path": "/media/NFS/ttao/scannet/posed_images/scene0187_01/00190.jpg",
      "transform_matrix": [
        [
          -0.747469,
          0.358741,
          -0.559102,
          4.986452
        ],
        [
          0.664295,
          0.401994,
          -0.630169,
          5.434075
        ],
        [
          -0.001312,
          -0.84244,
          -0.538788,
          1.23913
        ],
        [
          0.0,
          0.0,
          0.0,
          1.0
        ]
      ]
    },
    {
      "file_path": "/media/NFS/ttao/scannet/posed_images/scene0187_01/00198.jpg",
      "transform_matrix": [
        [
          -0.67712,
          0.337438,
          -0.653945,
          5.069034
        ],
        [
          0.733451,
          0.381509,
          -0.562584,
          5.294518
        ],
        [
          0.059649,
          -0.860574,
          -0.505821,
          1.25292
        ],
        [
          0.0,
          0.0,
          0.0,
          1.0
        ]
      ]
    },
    {
      "file_path": "/media/NFS/ttao/scannet/posed_images/scene0187_01/00201.jpg",
      "transform_matrix": [
        [
          -0.637041,
          0.346151,
          -0.688736,
          5.103944
        ],
        [
          0.767666,
          0.36577,
          -0.526214,
          5.242548
        ],
        [
          0.06977,
          -0.863939,
          -0.498739,
          1.247078
        ],
        [
          0.0,
          0.0,
          0.0,
          1.0
        ]
      ]
    },
    {
      "file_path": "/media/NFS/ttao/scannet/posed_images/scene0187_01/00209.jpg",
      "transform_matrix": [
        [
          -0.531614,
          0.4054,
          -0.743664,
          5.206582
        ],
        [
          0.843232,
          0.335896,
          -0.419682,
          5.11297
        ],
        [
          0.079655,
          -0.850191,
          -0.520414,
          1.237663
        ],
        [
          0.0,
          0.0,
          0.0,
          1.0
        ]
      ]
    },
    {
      "file_path": "/media/NFS/ttao/scannet/posed_images/scene0187_01/00214.jpg",
      "transform_matrix": [
        [
          -0.461718,
          0.426251,
          -0.777898,
          5.278724
        ],
        [
          0.883545,
          0.298629,
          -0.36079,
          5.006877
        ],
        [
          0.078516,
          -0.853891,
          -0.514495,
          1.246142
        ],
        [
          0.0,
          0.0,
          0.0,
          1.0
        ]
      ]
    },
    {
      "file_path": "/media/NFS/ttao/scannet/posed_images/scene0187_01/00221.jpg",
      "transform_matrix": [
        [
          -0.370212,
          0.425349,
          -0.825846,
          5.321398
        ],
        [
          0.923077,
          0.26823,
          -0.275648,
          4.881097
        ],
        [
          0.10427,
          -0.864367,
          -0.491932,
          1.231211
        ],
        [
          0.0,
          0.0,
          0.0,
          1.0
        ]
      ]
    },
    {
      "file_path": "/media/NFS/ttao/scannet/posed_images/scene0187_01/00225.jpg",
      "transform_matrix": [
        [
          -0.319091,
          0.428559,
          -0.845292,
          5.319355
        ],
        [
          0.941852,
          0.242532,
          -0.232579,
          4.789782
        ],
        [
          0.105336,
          -0.870354,
          -0.481028,
          1.225655
        ],
        [
          0.0,
          0.0,
          0.0,
          1.0
        ]
      ]
    },
    {
      "file_path": "/media/NFS/ttao/scannet/posed_images/scene0187_01/00234.jpg",
      "transform_matrix": [
        [
          -0.257934,
          0.45214,
          -0.853838,
          5.316387
        ],
        [
          0.965309,
          0.157746,
          -0.208076,
          4.597175
        ],
        [
          0.04061,
          -0.877887,
          -0.477143,
          1.235769
        ],
        [
          0.0,
          0.0,
          0.0,
          1.0
        ]
      ]
    },
    {
      "file_path": "/media/NFS/ttao/scannet/posed_images/scene0187_01/00241.jpg",
      "transform_matrix": [
        [
          -0.1594,
          0.427708,
          -0.889752,
          5.327588
        ],
        [
          0.985986,
          0.113909,
          -0.121884,
          4.479716
        ],
        [
          0.04922,
          -0.896711,
          -0.439871,
          1.23356
        ],
        [
          0.0,
          0.0,
          0.0,
          1.0
        ]
      ]
    },
    {
      "file_path": "/media/NFS/ttao/scannet/posed_images/scene0187_01/00247.jpg",
      "transform_matrix": [
        [
          -0.060786,
          0.440397,
          -0.895743,
          5.332881
        ],
        [
          0.99454,
          0.102986,
          -0.016857,
          4.376367
        ],
        [
          0.084825,
          -0.891877,
          -0.444253,
          1.229924
        ],
        [
          0.0,
          0.0,
          0.0,
          1.0
        ]
      ]
    },
    {
      "file_path": "/media/NFS/ttao/scannet/posed_images/scene0187_01/00251.jpg",
      "transform_matrix": [
        [
          -0.015472,
          0.447321,
          -0.89424,
          5.332443
        ],
        [
          0.99715,
          0.072955,
          0.019241,
          4.328133
        ],
        [
          0.073846,
          -0.891393,
          -0.447174,
          1.235674
        ],
        [
          0.0,
          0.0,
          0.0,
          1.0
        ]
      ]
    },
    {
      "file_path": "/media/NFS/ttao/scannet/posed_images/scene0187_01/00254.jpg",
      "transform_matrix": [
        [
          -0.005503,
          0.452712,
          -0.89164,
          5.337131
        ],
        [
          0.997123,
          0.069898,
          0.029335,
          4.293296
        ],
        [
          0.075604,
          -0.888913,
          -0.451794,
          1.228652
        ],
        [
          0.0,
          0.0,
          0.0,
          1.0
        ]
      ]
    },
    {
      "file_path": "/media/NFS/ttao/scannet/posed_images/scene0187_01/00265.jpg",
      "transform_matrix": [
        [
          -0.068479,
          0.449731,
          -0.890535,
          5.334577
        ],
        [
          0.994069,
          0.106353,
          -0.02273,
          4.227323
        ],
        [
          0.084489,
          -0.88681,
          -0.454346,
          1.234404
        ],
        [
          0.0,
          0.0,
          0.0,
          1.0
        ]
      ]
    },
    {
      "file_path": "/media/NFS/ttao/scannet/posed_images/scene0187_01/00269.jpg",
      "transform_matrix": [
        [
          -0.084372,
          0.452741,
          -0.887641,
          5.327244
        ],
        [
          0.992847,
          0.113722,
          -0.036369,
          4.237586
        ],
        [
          0.084478,
          -0.88436,
          -0.459097,
          1.232174
        ],
        [
          0.0,
          0.0,
          0.0,
          1.0
        ]
      ]
    },
    {
      "file_path": "/media/NFS/ttao/scannet/posed_images/scene0187_01/00273.jpg",
      "transform_matrix": [
        [
          -0.107515,
          0.451669,
          -0.885684,
          5.321714
        ],
        [
          0.991115,
          0.118855,
          -0.059701,
          4.252526
        ],
        [
          0.078303,
          -0.884233,
          -0.460435,
          1.223626
        ],
        [
          0.0,
          0.0,
          0.0,
          1.0
        ]
      ]
    },
    {
      "file_path": "/media/NFS/ttao/scannet/posed_images/scene0187_01/00280.jpg",
      "transform_matrix": [
        [
          -0.235335,
          0.439667,
          -0.866782,
          5.30038
        ],
        [
          0.971144,
          0.141881,
          -0.191702,
          4.295982
        ],
        [
          0.038695,
          -0.886884,
          -0.460369,
          1.223777
        ],
        [
          0.0,
          0.0,
          0.0,
          1.0
        ]
      ]
    },
    {
      "file_path": "/media/NFS/ttao/scannet/posed_images/scene0187_01/00285.jpg",
      "transform_matrix": [
        [
          -0.323021,
          0.423259,
          -0.846469,
          5.293204
        ],
        [
          0.945851,
          0.174612,
          -0.273635,
          4.338964
        ],
        [
          0.031986,
          -0.889023,
          -0.456743,
          1.224178
        ],
        [
          0.0,
          0.0,
          0.0,
          1.0
        ]
      ]
    },
    {
      "file_path": "/media/NFS/ttao/scannet/posed_images/scene0187_01/00291.jpg",
      "transform_matrix": [
        [
          -0.376354,
          0.396767,
          -0.837218,
          5.281838
        ],
        [
          0.92566,
          0.198954,
          -0.321825,
          4.38155
        ],
        [
          0.038879,
          -0.896099,
          -0.442148,
          1.232248
        ],
        [
          0.0,
          0.0,
          0.0,
          1.0
        ]
      ]
    },
    {
      "file_path": "/media/NFS/ttao/scannet/posed_images/scene0187_01/00300.jpg",
      "transform_matrix": [
        [
          -0.464955,
          0.385589,
          -0.796955,
          5.297431
        ],
        [
          0.884753,
          0.234994,
          -0.40248,
          4.377737
        ],
        [
          0.032088,
          -0.892244,
          -0.450413,
          1.247187
        ],
        [
          0.0,
          0.0,
          0.0,
          1.0
        ]
      ]
    },
    {
      "file_path": "/media/NFS/ttao/scannet/posed_images/scene0187_01/00307.jpg",
      "transform_matrix": [
        [
          -0.521224,
          0.319259,
          -0.791453,
          5.312
        ],
        [
          0.85131,
          0.259678,
          -0.455894,
          4.369166
        ],
        [
          0.059974,
          -0.911395,
          -0.407139,
          1.239874
        ],
        [
          0.0,
          0.0,
          0.0,
          1.0
        ]
      ]
    },
    {
      "file_path": "/media/NFS/ttao/scannet/posed_images/scene0187_01/00315.jpg",
      "transform_matrix": [
        [
          -0.588158,
          0.272336,
          -0.761513,
          5.329841
        ],
        [
          0.805876,
          0.276612,
          -0.523498,
          4.322587
        ],
        [
          0.068076,
          -0.921585,
          -0.382161,
          1.256428
        ],
        [
          0.0,
          0.0,
          0.0,
          1.0
        ]
      ]
    },
    {
      "file_path": "/media/NFS/ttao/scannet/posed_images/scene0187_01/00316.jpg",
      "transform_matrix": [
        [
          -0.5929,
          0.264342,
          -0.760653,
          5.333913
        ],
        [
          0.80204,
          0.278442,
          -0.528395,
          4.314085
        ],
        [
          0.072121,
          -0.92336,
          -0.377101,
          1.25827
        ],
        [
          0.0,
          0.0,
          0.0,
          1.0
        ]
      ]
    },
    {
      "file_path": "/media/NFS/ttao/scannet/posed_images/scene0187_01/00324.jpg",
      "transform_matrix": [
        [
          -0.596546,
          0.206803,
          -0.775477,
          5.379603
        ],
        [
          0.796347,
          0.272698,
          -0.539877,
          4.247367
        ],
        [
          0.099823,
          -0.939611,
          -0.327364,
          1.263341
        ],
        [
          0.0,
          0.0,
          0.0,
          1.0
        ]
      ]
    },
    {
      "file_path": "/media/NFS/ttao/scannet/posed_images/scene0187_01/00327.jpg",
      "transform_matrix": [
        [
          -0.583582,
          0.201402,
          -0.786682,
          5.397934
        ],
        [
          0.804917,
          0.271624,
          -0.52757,
          4.212569
        ],
        [
          0.107428,
          -0.941094,
          -0.320627,
          1.252416
        ],
        [
          0.0,
          0.0,
          0.0,
          1.0
        ]
      ]
    },
    {
      "file_path": "/media/NFS/ttao/scannet/posed_images/scene0187_01/00335.jpg",
      "transform_matrix": [
        [
          -0.534343,
          0.201417,
          -0.820919,
          5.443744
        ],
        [
          0.838928,
          0.245098,
          -0.485929,
          4.098212
        ],
        [
          0.103331,
          -0.948345,
          -0.299941,
          1.215341
        ],
        [
          0.0,
          0.0,
          0.0,
          1.0
        ]
      ]
    },
    {
      "file_path": "/media/NFS/ttao/scannet/posed_images/scene0187_01/00340.jpg",
      "transform_matrix": [
        [
          -0.590436,
          0.196097,
          -0.782899,
          5.475607
        ],
        [
          0.800511,
          0.265847,
          -0.53713,
          4.062114
        ],
        [
          0.102802,
          -0.94386,
          -0.313944,
          1.198391
        ],
        [
          0.0,
          0.0,
          0.0,
          1.0
        ]
      ]
    },
    {
      "file_path": "/media/NFS/ttao/scannet/posed_images/scene0187_01/00351.jpg",
      "transform_matrix": [
        [
          -0.678658,
          0.169044,
          -0.714736,
          5.501096
        ],
        [
          0.725475,
          0.306004,
          -0.61648,
          4.076496
        ],
        [
          0.114499,
          -0.936902,
          -0.330309,
          1.182796
        ],
        [
          0.0,
          0.0,
          0.0,
          1.0
        ]
      ]
    },
    {
      "file_path": "/media/NFS/ttao/scannet/posed_images/scene0187_01/00355.jpg",
      "transform_matrix": [
        [
          -0.679802,
          0.161484,
          -0.715396,
          5.49643
        ],
        [
          0.723861,
          0.304514,
          -0.619109,
          4.084913
        ],
        [
          0.117872,
          -0.938719,
          -0.323902,
          1.181573
        ],
        [
          0.0,
          0.0,
          0.0,
          1.0
        ]
      ]
    },
    {
      "file_path": "/media/NFS/ttao/scannet/posed_images/scene0187_01/00358.jpg",
      "transform_matrix": [
        [
          -0.680566,
          0.172539,
          -0.712081,
          5.487839
        ],
        [
          0.722946,
          0.316082,
          -0.614363,
          4.090683
        ],
        [
          0.119075,
          -0.932911,
          -0.339851,
          1.169685
        ],
        [
          0.0,
          0.0,
          0.0,
          1.0
        ]
      ]
    },
    {
      "file_path": "/media/NFS/ttao/scannet/posed_images/scene0187_01/00368.jpg",
      "transform_matrix": [
        [
          -0.696695,
          0.249538,
          -0.672567,
          5.454183
        ],
        [
          0.711381,
          0.361192,
          -0.602891,
          4.130119
        ],
        [
          0.092481,
          -0.898483,
          -0.429157,
          1.158121
        ],
        [
          0.0,
          0.0,
          0.0,
          1.0
        ]
      ]
    },
    {
      "file_path": "/media/NFS/ttao/scannet/posed_images/scene0187_01/00375.jpg",
      "transform_matrix": [
        [
          -0.684302,
          0.293287,
          -0.667618,
          5.393905
        ],
        [
          0.728544,
          0.236178,
          -0.642996,
          4.233681
        ],
        [
          -0.030906,
          -0.926392,
          -0.375289,
          1.235959
        ],
        [
          0.0,
          0.0,
          0.0,
          1.0
        ]
      ]
    },
    {
      "file_path": "/media/NFS/ttao/scannet/posed_images/scene0187_01/00379.jpg",
      "transform_matrix": [
        [
          -0.709867,
          0.300327,
          -0.637097,
          5.352959
        ],
        [
          0.700785,
          0.21044,
          -0.681627,
          4.337908
        ],
        [
          -0.070641,
          -0.930332,
          -0.359849,
          1.24747
        ],
        [
          0.0,
          0.0,
          0.0,
          1.0
        ]
      ]
    },
    {
      "file_path": "/media/NFS/ttao/scannet/posed_images/scene0187_01/00388.jpg",
      "transform_matrix": [
        [
          -0.801734,
          0.272454,
          -0.531969,
          5.247529
        ],
        [
          0.597623,
          0.353126,
          -0.719825,
          4.596567
        ],
        [
          -0.008267,
          -0.895026,
          -0.445938,
          1.230824
        ],
        [
          0.0,
          0.0,
          0.0,
          1.0
        ]
      ]
    },
    {
      "file_path": "/media/NFS/ttao/scannet/posed_images/scene0187_01/00390.jpg",
      "transform_matrix": [
        [
          -0.810597,
          0.278212,
          -0.515297,
          5.215189
        ],
        [
          0.585422,
          0.362956,
          -0.724945,
          4.63385
        ],
        [
          -0.014658,
          -0.889304,
          -0.457082,
          1.250783
        ],
        [
          0.0,
          0.0,
          0.0,
          1.0
        ]
      ]
    },
    {
      "file_path": "/media/NFS/ttao/scannet/posed_images/scene0187_01/00399.jpg",
      "transform_matrix": [
        [
          -0.808272,
          0.258285,
          -0.529137,
          5.096434
        ],
        [
          0.588431,
          0.322094,
          -0.741623,
          4.782214
        ],
        [
          -0.021118,
          -0.910793,
          -0.412322,
          1.235468
        ],
        [
          0.0,
          0.0,
          0.0,
          1.0
        ]
      ]
    },
    {
      "file_path": "/media/NFS/ttao/scannet/posed_images/scene0187_01/00406.jpg",
      "transform_matrix": [
        [
          -0.829853,
          0.215005,
          -0.514895,
          4.960313
        ],
        [
          0.556846,
          0.377954,
          -0.739644,
          4.844168
        ],
        [
          0.035579,
          -0.900513,
          -0.433371,
          1.20862
        ],
        [
          0.0,
          0.0,
          0.0,
          1.0
        ]
      ]
    },
    {
      "file_path": "/media/NFS/ttao/scannet/posed_images/scene0187_01/00412.jpg",
      "transform_matrix": [
        [
          -0.863353,
          0.199245,
          -0.463597,
          4.856475
        ],
        [
          0.503247,
          0.407222,
          -0.762177,
          4.912729
        ],
        [
          0.036927,
          -0.891331,
          -0.451846,
          1.214285
        ],
        [
          0.0,
          0.0,
          0.0,
          1.0
        ]
      ]
    },
    {
      "file_path": "/media/NFS/ttao/scannet/posed_images/scene0187_01/00415.jpg",
      "transform_matrix": [
        [
          -0.87419,
          0.198621,
          -0.443105,
          4.815015
        ],
        [
          0.484829,
          0.407889,
          -0.773671,
          4.949005
        ],
        [
          0.02707,
          -0.891166,
          -0.45287,
          1.216136
        ],
        [
          0.0,
          0.0,
          0.0,
          1.0
        ]
      ]
    },
    {
      "file_path": "/media/NFS/ttao/scannet/posed_images/scene0187_01/00424.jpg",
      "transform_matrix": [
        [
          -0.921943,
          0.167493,
          -0.349238,
          4.708612
        ],
        [
          0.385937,
          0.473512,
          -0.791731,
          5.10382
        ],
        [
          0.032759,
          -0.864715,
          -0.501193,
          1.215909
        ],
        [
          0.0,
          0.0,
          0.0,
          1.0
        ]
      ]
    },
    {
      "file_path": "/media/NFS/ttao/scannet/posed_images/scene0187_01/00430.jpg",
      "transform_matrix": [
        [
          -0.946783,
          0.165594,
          -0.276008,
          4.624346
        ],
        [
          0.321849,
          0.497382,
          -0.805621,
          5.18721
        ],
        [
          0.003875,
          -0.851581,
          -0.524209,
          1.227598
        ],
        [
          0.0,
          0.0,
          0.0,
          1.0
        ]
      ]
    },
    {
      "file_path": "/media/NFS/ttao/scannet/posed_images/scene0187_01/00432.jpg",
      "transform_matrix": [
        [
          -0.950344,
          0.17274,
          -0.258858,
          4.59311
        ],
        [
          0.310975,
          0.495397,
          -0.811096,
          5.204733
        ],
        [
          -0.011871,
          -0.851318,
          -0.524515,
          1.228988
        ],
        [
          0.0,
          0.0,
          0.0,
          1.0
        ]
      ]
    },
    {
      "file_path": "/media/NFS/ttao/scannet/posed_images/scene0187_01/00437.jpg",
      "transform_matrix": [
        [
          -0.962447,
          0.164722,
          -0.215786,
          4.524775
        ],
        [
          0.269888,
          0.494847,
          -0.826007,
          5.24359
        ],
        [
          -0.02928,
          -0.853225,
          -0.52072,
          1.214777
        ],
        [
          0.0,
          0.0,
          0.0,
          1.0
        ]
      ]
    },
    {
      "file_path": "/media/NFS/ttao/scannet/posed_images/scene0187_01/00444.jpg",
      "transform_matrix": [
        [
          -0.977109,
          0.113957,
          -0.179643,
          4.429233
        ],
        [
          0.212735,
          0.518827,
          -0.827987,
          5.260926
        ],
        [
          -0.001151,
          -0.84725,
          -0.531193,
          1.187517
        ],
        [
          0.0,
          0.0,
          0.0,
          1.0
        ]
      ]
    },
    {
      "file_path": "/media/NFS/ttao/scannet/posed_images/scene0187_01/00454.jpg",
      "transform_matrix": [
        [
          -0.992162,
          0.040981,
          -0.118051,
          4.255186
        ],
        [
          0.121871,
          0.526144,
          -0.841618,
          5.249453
        ],
        [
          0.027621,
          -0.849408,
          -0.527014,
          1.179322
        ],
        [
          0.0,
          0.0,
          0.0,
          1.0
        ]
      ]
    },
    {
      "file_path": "/media/NFS/ttao/scannet/posed_images/scene0187_01/00461.jpg",
      "transform_matrix": [
        [
          -0.992555,
          0.028751,
          -0.118357,
          4.161156
        ],
        [
          0.115285,
          0.535287,
          -0.836766,
          5.255717
        ],
        [
          0.039298,
          -0.844181,
          -0.534616,
          1.192993
        ],
        [
          0.0,
          0.0,
          0.0,
          1.0
        ]
      ]
    },
    {
      "file_path": "/media/NFS/ttao/scannet/posed_images/scene0187_01/00465.jpg",
      "transform_matrix": [
        [
          -0.993222,
          0.03016,
          -0.112252,
          4.111703
        ],
        [
          0.110423,
          0.546335,
          -0.830256,
          5.270744
        ],
        [
          0.036287,
          -0.837024,
          -0.545962,
          1.21015
        ],
        [
          0.0,
          0.0,
          0.0,
          1.0
        ]
      ]
    },
    {
      "file_path": "/media/NFS/ttao/scannet/posed_images/scene0187_01/00470.jpg",
      "transform_matrix": [
        [
          -0.996324,
          -0.013248,
          -0.084634,
          4.039445
        ],
        [
          0.063379,
          0.55068,
          -0.832307,
          5.293045
        ],
        [
          0.057632,
          -0.834611,
          -0.547816,
          1.23847
        ],
        [
