{
  "frames": [
    {
      "file_path": "/media/NFS/ttao/scannet/posed_images/scene0597_01/00001.jpg",
      "transform_matrix": [
        [
          -0.838567,
          0.353995,
          -0.414118,
          3.656073
        ],
        [
          0.534687,
          0.388988,
          -0.750198,
          2.233118
        ],
        [
          -0.104479,
          -0.850515,
          -0.515469,
          1.37738
        ],
        [
          0.0,
          0.0,
          0.0,
          1.0
        ]
      ]
    },
    {
      "file_path": "/media/NFS/ttao/scannet/posed_images/scene0597_01/00004.jpg",
      "transform_matrix": [
        [
          -0.840731,
          0.350786,
          -0.412458,
          3.647844
        ],
        [
          0.531094,
          0.385949,
          -0.75431,
          2.245675
        ],
        [
          -0.105414,
          -0.853225,
          -0.51078,
          1.378608
        ],
        [
          0.0,
          0.0,
          0.0,
          1.0
        ]
      ]
    },
    {
      "file_path": "/media/NFS/ttao/scannet/posed_images/scene0597_01/00008.jpg",
      "transform_matrix": [
        [
          -0.841072,
          0.343912,
          -0.41752,
          3.636823
        ],
        [
          0.531267,
          0.38,
          -0.757203,
          2.262969
        ],
        [
          -0.101754,
          -0.858676,
          -0.502316,
          1.381369
        ],
        [
          0.0,
          0.0,
          0.0,
          1.0
        ]
      ]
    },
    {
      "file_path": "/media/NFS/ttao/scannet/posed_images/scene0597_01/00011.jpg",
      "transform_matrix": [
        [
          -0.836463,
          0.344607,
          -0.426117,
          3.637943
        ],
        [
          0.537691,
          0.365787,
          -0.759663,
          2.274437
        ],
        [
          -0.105917,
          -0.864549,
          -0.49126,
          1.3851
        ],
        [
          0.0,
          0.0,
          0.0,
          1.0
        ]
      ]
    },
    {
      "file_path": "/media/NFS/ttao/scannet/posed_images/scene0597_01/00016.jpg",
      "transform_matrix": [
        [
          -0.828927,
          0.352313,
          -0.43446,
          3.623449
        ],
        [
          0.548692,
          0.361204,
          -0.753969,
          2.301771
        ],
        [
          -0.108704,
          -0.86337,
          -0.492723,
          1.385432
        ],
        [
          0.0,
          0.0,
          0.0,
          1.0
        ]
      ]
    },
    {
      "file_path": "/media/NFS/ttao/scannet/posed_images/scene0597_01/00023.jpg",
      "transform_matrix": [
        [
          -0.819349,
          0.376123,
          -0.432665,
          3.607503
        ],
        [
          0.563487,
          0.389356,
          -0.728618,
          2.338955
        ],
        [
          -0.105589,
          -0.840794,
          -0.530959,
          1.361197
        ],
        [
          0.0,
          0.0,
          0.0,
          1.0
        ]
      ]
    },
    {
      "file_path": "/media/NFS/ttao/scannet/posed_images/scene0597_01/00028.jpg",
      "transform_matrix": [
        [
          -0.845674,
          0.362286,
          -0.391899,
          3.60212
        ],
        [
          0.523191,
          0.417748,
          -0.742804,
          2.36224
        ],
        [
          -0.105393,
          -0.833208,
          -0.542823,
          1.328905
        ],
        [
          0.0,
          0.0,
          0.0,
          1.0
        ]
      ]
    },
    {
      "file_path": "/media/NFS/ttao/scannet/posed_images/scene0597_01/00029.jpg",
      "transform_matrix": [
        [
          -0.856231,
          0.350555,
          -0.379447,
          3.60304
        ],
        [
          0.50622,
          0.4229,
          -0.751597,
          2.367433
        ],
        [
          -0.103008,
          -0.835624,
          -0.539558,
          1.322109
        ],
        [
          0.0,
          0.0,
          0.0,
          1.0
        ]
      ]
    },
    {
      "file_path": "/media/NFS/ttao/scannet/posed_images/scene0597_01/00033.jpg",
      "transform_matrix": [
        [
          -0.890179,
          0.318513,
          -0.325778,
          3.601356
        ],
        [
          0.444189,
          0.447603,
          -0.77611,
          2.394078
        ],
        [
          -0.101382,
          -0.835584,
          -0.539927,
          1.288531
        ],
        [
          0.0,
          0.0,
          0.0,
          1.0
        ]
      ]
    },
    {
      "file_path": "/media/NFS/ttao/scannet/posed_images/scene0597_01/00037.jpg",
      "transform_matrix": [
        [
          -0.896509,
          0.336284,
          -0.288417,
          3.588978
        ],
        [
          0.423575,
          0.459846,
          -0.780465,
          2.406134
        ],
        [
          -0.129831,
          -0.821861,
          -0.554698,
          1.258733
        ],
        [
          0.0,
          0.0,
          0.0,
          1.0
        ]
      ]
    },
    {
      "file_path": "/media/NFS/ttao/scannet/posed_images/scene0597_01/00044.jpg",
      "transform_matrix": [
        [
          -0.878012,
          0.397606,
          -0.266467,
          3.54627
        ],
        [
          0.445123,
          0.473637,
          -0.759956,
          2.417928
        ],
        [
          -0.175954,
          -0.785861,
          -0.592842,
          1.220562
        ],
        [
          0.0,
          0.0,
          0.0,
          1.0
        ]
      ]
    },
    {
      "file_path": "/media/NFS/ttao/scannet/posed_images/scene0597_01/00048.jpg",
      "transform_matrix": [
        [
          -0.870542,
          0.411607,
          -0.269695,
          3.520964
        ],
        [
          0.458159,
          0.477949,
          -0.749436,
          2.41999
        ],
        [
          -0.179573,
          -0.77598,
          -0.604656,
          1.210598
        ],
        [
          0.0,
          0.0,
          0.0,
          1.0
        ]
      ]
    },
    {
      "file_path": "/media/NFS/ttao/scannet/posed_images/scene0597_01/00051.jpg",
      "transform_matrix": [
        [
          -0.86546,
          0.412345,
          -0.284517,
          3.495868
        ],
        [
          0.46971,
          0.470389,
          -0.747066,
          2.420297
        ],
        [
          -0.174215,
          -0.780196,
          -0.600785,
          1.204852
        ],
        [
          0.0,
          0.0,
          0.0,
          1.0
        ]
      ]
    },
    {
      "file_path": "/media/NFS/ttao/scannet/posed_images/scene0597_01/00057.jpg",
      "transform_matrix": [
        [
          -0.872028,
          0.388542,
          -0.29766,
          3.434409
        ],
        [
          0.464101,
          0.463186,
          -0.755029,
          2.414536
        ],
        [
          -0.155488,
          -0.796551,
          -0.584234,
          1.213953
        ],
        [
          0.0,
          0.0,
          0.0,
          1.0
        ]
      ]
    },
    {
      "file_path": "/media/NFS/ttao/scannet/posed_images/scene0597_01/00058.jpg",
      "transform_matrix": [
        [
          -0.871968,
          0.385367,
          -0.301934,
          3.423733
        ],
        [
          0.465812,
          0.463319,
          -0.753893,
          2.411974
        ],
        [
          -0.150634,
          -0.798015,
          -0.583508,
          1.216891
        ],
        [
          0.0,
          0.0,
          0.0,
          1.0
        ]
      ]
    },
    {
      "file_path": "/media/NFS/ttao/scannet/posed_images/scene0597_01/00065.jpg",
      "transform_matrix": [
        [
          -0.839443,
          0.398362,
          -0.369654,
          3.346505
        ],
        [
          0.522952,
          0.407079,
          -0.748872,
          2.400715
        ],
        [
          -0.147844,
          -0.821946,
          -0.550043,
          1.238413
        ],
        [
          0.0,
          0.0,
          0.0,
          1.0
        ]
      ]
    },
    {
      "file_path": "/media/NFS/ttao/scannet/posed_images/scene0597_01/00067.jpg",
      "transform_matrix": [
        [
          -0.823246,
          0.418634,
          -0.383421,
          3.324487
        ],
        [
          0.546206,
          0.400097,
          -0.735922,
          2.399819
        ],
        [
          -0.154676,
          -0.815272,
          -0.558039,
          1.245214
        ],
        [
          0.0,
          0.0,
          0.0,
          1.0
        ]
      ]
    },
    {
      "file_path": "/media/NFS/ttao/scannet/posed_images/scene0597_01/00071.jpg",
      "transform_matrix": [
        [
          -0.804934,
          0.421777,
          -0.417355,
          3.291569
        ],
        [
          0.574085,
          0.375734,
          -0.727496,
          2.401965
        ],
        [
          -0.150026,
          -0.825183,
          -0.544578,
          1.25638
        ],
        [
          0.0,
          0.0,
          0.0,
          1.0
        ]
      ]
    },
    {
      "file_path": "/media/NFS/ttao/scannet/posed_images/scene0597_01/00077.jpg",
      "transform_matrix": [
        [
          -0.806013,
          0.390639,
          -0.444684,
          3.236252
        ],
        [
          0.577899,
          0.356944,
          -0.733909,
          2.429688
        ],
        [
          -0.127967,
          -0.848523,
          -0.513452,
          1.273461
        ],
        [
          0.0,
          0.0,
          0.0,
          1.0
        ]
      ]
    },
    {
      "file_path": "/media/NFS/ttao/scannet/posed_images/scene0597_01/00080.jpg",
      "transform_matrix": [
        [
          -0.80552,
          0.361979,
          -0.469159,
          3.210157
        ],
        [
          0.582596,
          0.339132,
          -0.738628,
          2.453599
        ],
        [
          -0.108261,
          -0.868309,
          -0.484065,
          1.281034
        ],
        [
          0.0,
          0.0,
          0.0,
          1.0
        ]
      ]
    },
    {
      "file_path": "/media/NFS/ttao/scannet/posed_images/scene0597_01/00086.jpg",
      "transform_matrix": [
        [
          -0.789168,
          0.362421,
          -0.495848,
          3.14736
        ],
        [
          0.606518,
          0.332774,
          -0.722078,
          2.499859
        ],
        [
          -0.096691,
          -0.870582,
          -0.48243,
          1.286192
        ],
        [
          0.0,
          0.0,
          0.0,
          1.0
        ]
      ]
    },
    {
      "file_path": "/media/NFS/ttao/scannet/posed_images/scene0597_01/00087.jpg",
      "transform_matrix": [
        [
          -0.785283,
          0.368618,
          -0.497446,
          3.13678
        ],
        [
          0.610573,
          0.327891,
          -0.720894,
          2.507553
        ],
        [
          -0.102626,
          -0.869832,
          -0.482556,
          1.286992
        ],
        [
          0.0,
          0.0,
          0.0,
          1.0
        ]
      ]
    },
    {
      "file_path": "/media/NFS/ttao/scannet/posed_images/scene0597_01/00092.jpg",
      "transform_matrix": [
        [
          -0.764515,
          0.396337,
          -0.508365,
          3.08467
        ],
        [
          0.631023,
          0.299108,
          -0.715783,
          2.535159
        ],
        [
          -0.131635,
          -0.868016,
          -0.47877,
          1.295497
        ],
        [
          0.0,
          0.0,
          0.0,
          1.0
        ]
      ]
    },
    {
      "file_path": "/media/NFS/ttao/scannet/posed_images/scene0597_01/00097.jpg",
      "transform_matrix": [
        [
          -0.739705,
          0.409519,
          -0.533976,
          3.038788
        ],
        [
          0.657651,
          0.2718,
          -0.702581,
          2.552215
        ],
        [
          -0.142586,
          -0.870873,
          -0.470372,
          1.30092
        ],
        [
          0.0,
          0.0,
          0.0,
          1.0
        ]
      ]
    },
    {
      "file_path": "/media/NFS/ttao/scannet/posed_images/scene0597_01/00100.jpg",
      "transform_matrix": [
        [
          -0.735638,
          0.416778,
          -0.533978,
          2.999139
        ],
        [
          0.662834,
          0.280456,
          -0.694259,
          2.558305
        ],
        [
          -0.139595,
          -0.864662,
          -0.482569,
          1.295323
        ],
        [
          0.0,
          0.0,
          0.0,
          1.0
        ]
      ]
    },
    {
      "file_path": "/media/NFS/ttao/scannet/posed_images/scene0597_01/00106.jpg",
      "transform_matrix": [
        [
          -0.71168,
          0.430439,
          -0.555188,
          2.912857
        ],
        [
          0.693514,
          0.304454,
          -0.652952,
          2.554125
        ],
        [
          -0.112027,
          -0.849724,
          -0.515189,
          1.283187
        ],
        [
          0.0,
          0.0,
          0.0,
          1.0
        ]
      ]
    },
    {
      "file_path": "/media/NFS/ttao/scannet/posed_images/scene0597_01/00109.jpg",
      "transform_matrix": [
        [
          -0.707061,
          0.410541,
          -0.575778,
          2.858928
        ],
        [
          0.7023,
          0.312457,
          -0.639644,
          2.551156
        ],
        [
          -0.082694,
          -0.856637,
          -0.509249,
          1.282805
        ],
        [
          0.0,
          0.0,
          0.0,
          1.0
        ]
      ]
    },
    {
      "file_path": "/media/NFS/ttao/scannet/posed_images/scene0597_01/00115.jpg",
      "transform_matrix": [
        [
          -0.683276,
          0.396478,
          -0.61314,
          2.772003
        ],
        [
          0.727414,
          0.296862,
          -0.618661,
          2.527249
        ],
        [
          -0.063267,
          -0.868722,
          -0.491242,
          1.294149
        ],
        [
          0.0,
          0.0,
          0.0,
          1.0
        ]
      ]
    },
    {
      "file_path": "/media/NFS/ttao/scannet/posed_images/scene0597_01/00120.jpg",
      "transform_matrix": [
        [
          -0.649193,
          0.433774,
          -0.624811,
          2.681152
        ],
        [
          0.754689,
          0.264923,
          -0.600217,
          2.513453
        ],
        [
          -0.094832,
          -0.861195,
          -0.49935,
          1.312323
        ],
        [
          0.0,
          0.0,
          0.0,
          1.0
        ]
      ]
    },
    {
      "file_path": "/media/NFS/ttao/scannet/posed_images/scene0597_01/00123.jpg",
      "transform_matrix": [
        [
          -0.668135,
          0.426373,
          -0.609756,
          2.615039
        ],
        [
          0.735864,
          0.257508,
          -0.626254,
          2.523343
        ],
        [
          -0.110001,
          -0.867119,
          -0.485803,
          1.319985
        ],
        [
          0.0,
          0.0,
          0.0,
          1.0
        ]
      ]
    },
    {
      "file_path": "/media/NFS/ttao/scannet/posed_images/scene0597_01/00127.jpg",
      "transform_matrix": [
        [
          -0.701796,
          0.405015,
          -0.586042,
          2.549705
        ],
        [
          0.702757,
          0.258863,
          -0.662663,
          2.541754
        ],
        [
          -0.116684,
          -0.876899,
          -0.466296,
          1.323349
        ],
        [
          0.0,
          0.0,
          0.0,
          1.0
        ]
      ]
    },
    {
      "file_path": "/media/NFS/ttao/scannet/posed_images/scene0597_01/00130.jpg",
      "transform_matrix": [
        [
          -0.736438,
          0.369108,
          -0.566938,
          2.510008
        ],
        [
          0.671539,
          0.297509,
          -0.678619,
          2.555047
        ],
        [
          -0.081815,
          -0.880482,
          -0.466967,
          1.320091
        ],
        [
          0.0,
          0.0,
          0.0,
          1.0
        ]
      ]
    },
    {
      "file_path": "/media/NFS/ttao/scannet/posed_images/scene0597_01/00137.jpg",
      "transform_matrix": [
        [
          -0.791276,
          0.325753,
          -0.517463,
          2.407179
        ],
        [
          0.608893,
          0.342327,
          -0.715585,
          2.588115
        ],
        [
          -0.055963,
          -0.881305,
          -0.469223,
          1.327657
        ],
        [
          0.0,
          0.0,
          0.0,
          1.0
        ]
      ]
    },
    {
      "file_path": "/media/NFS/ttao/scannet/posed_images/scene0597_01/00142.jpg",
      "transform_matrix": [
        [
          -0.804003,
          0.328527,
          -0.495629,
          2.337919
        ],
        [
          0.591732,
          0.359924,
          -0.721324,
          2.595633
        ],
        [
          -0.058586,
          -0.873227,
          -0.48378,
          1.323169
        ],
        [
          0.0,
          0.0,
          0.0,
          1.0
        ]
      ]
    },
    {
      "file_path": "/media/NFS/ttao/scannet/posed_images/scene0597_01/00143.jpg",
      "transform_matrix": [
        [
          -0.806553,
          0.326198,
          -0.493019,
          2.323132
        ],
        [
          0.588225,
          0.35981,
          -0.724243,
          2.596531
        ],
        [
          -0.058854,
          -0.874146,
          -0.482083,
          1.321807
        ],
        [
          0.0,
          0.0,
          0.0,
          1.0
        ]
      ]
    },
    {
      "file_path": "/media/NFS/ttao/scannet/posed_images/scene0597_01/00147.jpg",
      "transform_matrix": [
        [
          -0.814178,
          0.310897,
          -0.490365,
          2.267103
        ],
        [
          0.578886,
          0.36952,
          -0.726874,
          2.584461
        ],
        [
          -0.044783,
          -0.87567,
          -0.480829,
          1.31049
        ],
        [
          0.0,
          0.0,
          0.0,
          1.0
        ]
      ]
    },
    {
      "file_path": "/media/NFS/ttao/scannet/posed_images/scene0597_01/00154.jpg",
      "transform_matrix": [
        [
          -0.813832,
          0.289096,
          -0.504085,
          2.158604
        ],
        [
          0.581057,
          0.394163,
          -0.712045,
          2.541692
        ],
        [
          -0.007157,
          -0.872387,
          -0.488764,
          1.315835
        ],
        [
          0.0,
          0.0,
          0.0,
          1.0
        ]
      ]
    },
    {
      "file_path": "/media/NFS/ttao/scannet/posed_images/scene0597_01/00156.jpg",
      "transform_matrix": [
        [
          -0.81422,
          0.292871,
          -0.501271,
          2.129532
        ],
        [
          0.5805,
          0.398634,
          -0.710008,
          2.520237
        ],
        [
          -0.008117,
          -0.86909,
          -0.494587,
          1.329577
        ],
        [
          0.0,
          0.0,
          0.0,
          1.0
        ]
      ]
    },
    {
      "file_path": "/media/NFS/ttao/scannet/posed_images/scene0597_01/00162.jpg",
      "transform_matrix": [
        [
          -0.840564,
          0.275559,
          -0.46639,
          2.066825
        ],
        [
          0.54144,
          0.400054,
          -0.739459,
          2.479314
        ],
        [
          -0.017184,
          -0.874085,
          -0.48547,
          1.339177
        ],
        [
          0.0,
          0.0,
          0.0,
          1.0
        ]
      ]
    },
    {
      "file_path": "/media/NFS/ttao/scannet/posed_images/scene0597_01/00167.jpg",
      "transform_matrix": [
        [
          -0.878557,
          0.231825,
          -0.417607,
          2.024268
        ],
        [
          0.477481,
          0.40386,
          -0.780326,
          2.453912
        ],
        [
          -0.012244,
          -0.88496,
          -0.465506,
          1.343853
        ],
        [
          0.0,
          0.0,
          0.0,
          1.0
        ]
      ]
    },
    {
      "file_path": "/media/NFS/ttao/scannet/posed_images/scene0597_01/00168.jpg",
      "transform_matrix": [
        [
          -0.885226,
          0.226781,
          -0.406134,
          2.01469
        ],
        [
          0.464967,
          0.406188,
          -0.786649,
          2.449649
        ],
        [
          -0.013431,
          -0.885202,
          -0.465014,
          1.348148
        ],
        [
          0.0,
          0.0,
          0.0,
          1.0
        ]
      ]
    },
    {
      "file_path": "/media/NFS/ttao/scannet/posed_images/scene0597_01/00172.jpg",
      "transform_matrix": [
        [
          -0.916467,
          0.189409,
          -0.352438,
          1.969686
        ],
        [
          0.399806,
          0.399145,
          -0.82513,
          2.449389
        ],
        [
          -0.015613,
          -0.897111,
          -0.44153,
          1.350667
        ],
        [
          0.0,
          0.0,
          0.0,
          1.0
        ]
      ]
    },
    {
      "file_path": "/media/NFS/ttao/scannet/posed_images/scene0597_01/00180.jpg",
      "transform_matrix": [
        [
          -0.950544,
          0.116537,
          -0.287898,
          1.898355
        ],
        [
          0.310547,
          0.372022,
          -0.874734,
          2.445192
        ],
        [
          0.005165,
          -0.920879,
          -0.389814,
          1.385014
        ],
        [
          0.0,
          0.0,
          0.0,
          1.0
        ]
      ]
    },
    {
      "file_path": "/media/NFS/ttao/scannet/posed_images/scene0597_01/00182.jpg",
      "transform_matrix": [
        [
          -0.954415,
          0.103398,
          -0.28,
          1.881564
        ],
        [
          0.298221,
          0.369541,
          -0.880059,
          2.445622
        ],
        [
          0.012475,
          -0.923444,
          -0.383532,
          1.390317
        ],
        [
          0.0,
          0.0,
          0.0,
          1.0
        ]
      ]
    },
    {
      "file_path": "/media/NFS/ttao/scannet/posed_images/scene0597_01/00185.jpg",
      "transform_matrix": [
        [
          -0.957464,
          0.096225,
          -0.272037,
          1.85362
        ],
        [
          0.288208,
          0.365046,
          -0.885256,
          2.449212
        ],
        [
          0.014122,
          -0.926003,
          -0.377251,
          1.403016
        ],
        [
          0.0,
          0.0,
          0.0,
          1.0
        ]
      ]
    },
    {
      "file_path": "/media/NFS/ttao/scannet/posed_images/scene0597_01/00192.jpg",
      "transform_matrix": [
        [
          -0.935966,
          0.097315,
          -0.338375,
          1.809077
        ],
        [
          0.351572,
          0.310473,
          -0.883178,
          2.442519
        ],
        [
          0.019109,
          -0.945588,
          -0.324806,
          1.439724
        ],
        [
          0.0,
          0.0,
          0.0,
          1.0
        ]
      ]
    },
    {
      "file_path": "/media/NFS/ttao/scannet/posed_images/scene0597_01/00196.jpg",
      "transform_matrix": [
        [
          -0.915807,
          0.072707,
          -0.394983,
          1.81155
        ],
        [
          0.400337,
          0.243788,
          -0.883344,
          2.441799
        ],
        [
          0.032066,
          -0.967099,
          -0.25237,
          1.446496
        ],
        [
          0.0,
          0.0,
          0.0,
          1.0
        ]
      ]
    },
    {
      "file_path": "/media/NFS/ttao/scannet/posed_images/scene0597_01/00200.jpg",
      "transform_matrix": [
        [
          -0.89779,
          0.103611,
          -0.428062,
          1.811517
        ],
        [
          0.440422,
          0.209367,
          -0.873037,
          2.425705
        ],
        [
          -0.000834,
          -0.972332,
          -0.2336,
          1.49323
        ],
        [
          0.0,
          0.0,
          0.0,
          1.0
        ]
      ]
    },
    {
      "file_path": "/media/NFS/ttao/scannet/posed_images/scene0597_01/00203.jpg",
      "transform_matrix": [
        [
          -0.885488,
          0.113536,
          -0.450577,
          1.814318
        ],
        [
          0.464429,
          0.18559,
          -0.865945,
          2.424499
        ],
        [
          -0.014693,
          -0.976046,
          -0.217068,
          1.494014
        ],
        [
          0.0,
          0.0,
          0.0,
          1.0
        ]
      ]
    },
    {
      "file_path": "/media/NFS/ttao/scannet/posed_images/scene0597_01/00209.jpg",
      "transform_matrix": [
        [
          -0.859293,
          0.119309,
          -0.497374,
          1.812832
        ],
        [
          0.510718,
          0.14695,
          -0.847096,
          2.423724
        ],
        [
          -0.027977,
          -0.981922,
          -0.187207,
          1.508418
        ],
        [
          0.0,
          0.0,
          0.0,
          1.0
        ]
      ]
    },
    {
      "file_path": "/media/NFS/ttao/scannet/posed_images/scene0597_01/00211.jpg",
      "transform_matrix": [
        [
          -0.84253,
          0.120203,
          -0.525066,
          1.823596
        ],
        [
          0.538296,
          0.152608,
          -0.828823,
          2.404477
        ],
        [
          -0.019498,
          -0.98095,
          -0.193282,
          1.514045
        ],
        [
          0.0,
          0.0,
          0.0,
          1.0
        ]
      ]
    },
    {
      "file_path": "/media/NFS/ttao/scannet/posed_images/scene0597_01/00214.jpg",
      "transform_matrix": [
        [
          -0.831775,
          0.131505,
          -0.539311,
          1.819971
        ],
        [
          0.554476,
          0.150298,
          -0.818515,
          2.409424
        ],
        [
          -0.026582,
          -0.979856,
          -0.19793,
          1.500526
        ],
        [
          0.0,
          0.0,
          0.0,
          1.0
        ]
      ]
    },
    {
      "file_path": "/media/NFS/ttao/scannet/posed_images/scene0597_01/00220.jpg",
      "transform_matrix": [
        [
          -0.785164,
          0.17745,
          -0.59332,
          1.834745
        ],
        [
          0.618625,
          0.180438,
          -0.764686,
          2.376585
        ],
        [
          -0.028636,
          -0.967447,
          -0.251448,
          1.48095
        ],
        [
          0.0,
          0.0,
          0.0,
          1.0
        ]
      ]
    },
    {
      "file_path": "/media/NFS/ttao/scannet/posed_images/scene0597_01/00223.jpg",
      "transform_matrix": [
        [
          -0.767191,
          0.200873,
          -0.609153,
          1.831728
        ],
        [
          0.640804,
          0.198451,
          -0.741612,
          2.372
        ],
        [
          -0.028083,
          -0.959306,
          -0.28097,
          1.466005
        ],
        [
          0.0,
          0.0,
          0.0,
          1.0
        ]
      ]
    },
    {
      "file_path": "/media/NFS/ttao/scannet/posed_images/scene0597_01/00229.jpg",
      "transform_matrix": [
        [
          -0.716851,
          0.248191,
          -0.651556,
          1.836255
        ],
        [
          0.696942,
          0.228386,
          -0.679788,
          2.347994
        ],
        [
          -0.019911,
          -0.941404,
          -0.336694,
          1.429959
        ],
        [
          0.0,
          0.0,
          0.0,
          1.0
        ]
      ]
    },
    {
      "file_path": "/media/NFS/ttao/scannet/posed_images/scene0597_01/00233.jpg",
      "transform_matrix": [
        [
          -0.664848,
          0.302895,
          -0.682812,
          1.83717
        ],
        [
          0.746262,
          0.229291,
          -0.624915,
          2.328339
        ],
        [
          -0.032721,
          -0.92503,
          -0.378483,
          1.406779
        ],
        [
          0.0,
          0.0,
          0.0,
          1.0
        ]
      ]
    },
    {
      "file_path": "/media/NFS/ttao/scannet/posed_images/scene0597_01/00238.jpg",
      "transform_matrix": [
        [
          -0.596753,
          0.358819,
          -0.717729,
          1.832317
        ],
        [
          0.801112,
          0.215264,
          -0.558463,
          2.329394
        ],
        [
          -0.045886,
          -0.908246,
          -0.415914,
          1.37817
        ],
        [
          0.0,
          0.0,
          0.0,
          1.0
        ]
      ]
    },
    {
      "file_path": "/media/NFS/ttao/scannet/posed_images/scene0597_01/00241.jpg",
      "transform_matrix": [
        [
          -0.558867,
          0.377482,
          -0.73836,
          1.83586
        ],
        [
          0.827971,
          0.204431,
          -0.52218,
          2.335785
        ],
        [
          -0.046171,
          -0.90317,
          -0.426794,
          1.374037
        ],
        [
          0.0,
          0.0,
          0.0,
          1.0
        ]
      ]
    },
    {
      "file_path": "/media/NFS/ttao/scannet/posed_images/scene0597_01/00244.jpg",
      "transform_matrix": [
        [
          -0.53003,
          0.380466,
          -0.757836,
          1.847382
        ],
        [
          0.846933,
          0.193147,
          -0.495377,
          2.347672
        ],
        [
          -0.0421,
          -0.904401,
          -0.424603,
          1.363532
        ],
        [
          0.0,
          0.0,
          0.0,
          1.0
        ]
      ]
    },
    {
      "file_path": "/media/NFS/ttao/scannet/posed_images/scene0597_01/00249.jpg",
      "transform_matrix": [
        [
          -0.495505,
          0.390665,
          -0.775794,
          1.867637
        ],
        [
          0.868054,
          0.190918,
          -0.458293,
          2.367472
        ],
        [
          -0.030926,
          -0.900517,
          -0.433719,
          1.359616
        ],
        [
          0.0,
          0.0,
          0.0,
          1.0
        ]
      ]
    },
    {
      "file_path": "/media/NFS/ttao/scannet/posed_images/scene0597_01/00254.jpg",
      "transform_matrix": [
        [
          -0.465573,
          0.405145,
          -0.786829,
          1.895865
        ],
        [
          0.884028,
          0.171047,
          -0.435014,
          2.38772
        ],
        [
          -0.041659,
          -0.898109,
          -0.437795,
          1.363275
        ],
        [
          0.0,
          0.0,
          0.0,
          1.0
        ]
      ]
    },
    {
      "file_path": "/media/NFS/ttao/scannet/posed_images/scene0597_01/00260.jpg",
      "transform_matrix": [
        [
          -0.450578,
          0.376794,
          -0.809324,
          1.93252
        ],
        [
          0.891068,
          0.134406,
          -0.433513,
          2.410001
        ],
        [
          -0.054567,
          -0.916494,
          -0.39631,
          1.386564
        ],
        [
          0.0,
          0.0,
          0.0,
          1.0
        ]
      ]
    },
    {
      "file_path": "/media/NFS/ttao/scannet/posed_images/scene0597_01/00261.jpg",
      "transform_matrix": [
        [
          -0.44758,
          0.368575,
          -0.814754,
          1.939707
        ],
        [
          0.892507,
          0.127356,
          -0.43268,
          2.411106
        ],
        [
          -0.055711,
          -0.920833,
          -0.385958,
          1.390688
        ],
        [
          0.0,
          0.0,
          0.0,
          1.0
        ]
      ]
    },
    {
      "file_path": "/media/NFS/ttao/scannet/posed_images/scene0597_01/00268.jpg",
      "transform_matrix": [
        [
          -0.386351,
          0.300599,
          -0.871994,
          1.972088
        ],
        [
          0.921618,
          0.088118,
          -0.377962,
          2.415142
        ],
        [
          -0.036777,
          -0.949671,
          -0.311082,
          1.442896
        ],
        [
          0.0,
          0.0,
          0.0,
          1.0
        ]
      ]
    },
    {
      "file_path": "/media/NFS/ttao/scannet/posed_images/scene0597_01/00272.jpg",
      "transform_matrix": [
        [
          -0.370952,
          0.25202,
          -0.893801,
          1.986439
        ],
        [
          0.928097,
          0.067343,
          -0.366197,
          2.407683
        ],
        [
          -0.032098,
          -0.965376,
          -0.258881,
          1.488468
        ],
        [
          0.0,
          0.0,
          0.0,
          1.0
        ]
      ]
    },
    {
      "file_path": "/media/NFS/ttao/scannet/posed_images/scene0597_01/00275.jpg",
      "transform_matrix": [
        [
          -0.368347,
          0.229873,
          -0.900821,
          1.996046
        ],
        [
          0.929012,
          0.05407,
          -0.366077,
          2.396583
        ],
        [
          -0.035444,
          -0.971717,
          -0.233472,
          1.512939
        ],
        [
          0.0,
          0.0,
          0.0,
          1.0
        ]
      ]
    },
    {
      "file_path": "/media/NFS/ttao/scannet/posed_images/scene0597_01/00277.jpg",
      "transform_matrix": [
        [
          -0.358919,
          0.195907,
          -0.912577,
          2.004633
        ],
        [
          0.932854,
          0.04284,
          -0.357697,
          2.387777
        ],
        [
          -0.03098,
          -0.979686,
          -0.198129,
          1.53072
        ],
        [
          0.0,
          0.0,
          0.0,
          1.0
        ]
      ]
    },
    {
      "file_path": "/media/NFS/ttao/scannet/posed_images/scene0597_01/00285.jpg",
      "transform_matrix": [
        [
          -0.29221,
          0.112965,
          -0.949659,
          2.025676
        ],
        [
          0.956345,
          0.03894,
          -0.289635,
          2.367227
        ],
        [
          0.004261,
          -0.992836,
          -0.119412,
          1.559062
        ],
        [
          0.0,
          0.0,
          0.0,
          1.0
        ]
      ]
    },
    {
      "file_path": "/media/NFS/ttao/scannet/posed_images/scene0597_01/00286.jpg",
      "transform_matrix": [
        [
          -0.285422,
          0.105356,
          -0.952594,
          2.027529
        ],
        [
          0.958369,
          0.039634,
          -0.282769,
          2.365502
        ],
        [
          0.007964,
          -0.993645,
          -0.112282,
          1.565411
        ],
        [
          0.0,
          0.0,
          0.0,
          1.0
        ]
      ]
    },
    {
      "file_path": "/media/NFS/ttao/scannet/posed_images/scene0597_01/00292.jpg",
      "transform_matrix": [
        [
          -0.245467,
          0.065623,
          -0.967181,
          2.039974
        ],
        [
          0.969394,
          0.021421,
          -0.244575,
          2.367593
        ],
        [
          0.004668,
          -0.997615,
          -0.068872,
          1.577537
        ],
        [
          0.0,
          0.0,
          0.0,
          1.0
        ]
      ]
    },
    {
      "file_path": "/media/NFS/ttao/scannet/posed_images/scene0597_01/00295.jpg",
      "transform_matrix": [
        [
          -0.220809,
          0.067367,
          -0.972988,
          2.042345
        ],
        [
          0.975305,
          0.020165,
          -0.219938,
          2.363349
        ],
        [
          0.004803,
          -0.997524,
          -0.070156,
          1.579227
        ],
        [
          0.0,
          0.0,
          0.0,
          1.0
        ]
      ]
    },
    {
      "file_path": "/media/NFS/ttao/scannet/posed_images/scene0597_01/00300.jpg",
      "transform_matrix": [
        [
          -0.162675,
          0.078123,
          -0.983582,
          2.035931
        ],
        [
          0.986585,
          0.02669,
          -0.161051,
          2.363419
        ],
        [
          0.01367,
          -0.996587,
          -0.081416,
          1.568228
        ],
        [
          0.0,
          0.0,
          0.0,
          1.0
        ]
      ]
    },
    {
      "file_path": "/media/NFS/ttao/scannet/posed_images/scene0597_01/00303.jpg",
      "transform_matrix": [
        [
          -0.12395,
          0.082014,
          -0.988893,
          2.030443
        ],
        [
          0.992212,
          0.022573,
          -0.122494,
          2.363156
        ],
        [
          0.012276,
          -0.996376,
          -0.084173,
          1.567962
        ],
        [
          0.0,
          0.0,
          0.0,
          1.0
        ]
      ]
    },
    {
      "file_path": "/media/NFS/ttao/scannet/posed_images/scene0597_01/00310.jpg",
      "transform_matrix": [
        [
          -0.067019,
          0.122235,
          -0.990236,
          2.018693
        ],
        [
          0.997726,
          0.015386,
          -0.065627,
          2.360375
        ],
        [
          0.007214,
          -0.992382,
          -0.122988,
          1.549927
        ],
        [
          0.0,
          0.0,
          0.0,
          1.0
        ]
      ]
    },
    {
      "file_path": "/media/NFS/ttao/scannet/posed_images/scene0597_01/00313.jpg",
      "transform_matrix": [
        [
          -0.059709,
          0.140528,
          -0.988275,
          2.016481
        ],
        [
          0.998201,
          0.013721,
          -0.058358,
          2.357075
        ],
        [
          0.005359,
          -0.989982,
          -0.141094,
          1.53483
        ],
        [
          0.0,
          0.0,
          0.0,
          1.0
        ]
      ]
    },
    {
      "file_path": "/media/NFS/ttao/scannet/posed_images/scene0597_01/00319.jpg",
      "transform_matrix": [
        [
          -0.0678,
          0.184458,
          -0.980499,
          2.012199
        ],
        [
          0.997694,
          0.009415,
          -0.067218,
          2.353404
        ],
        [
          -0.003168,
          -0.982795,
          -0.184671,
          1.502284
        ],
        [
          0.0,
          0.0,
          0.0,
          1.0
        ]
      ]
    },
    {
      "file_path": "/media/NFS/ttao/scannet/posed_images/scene0597_01/00320.jpg",
      "transform_matrix": [
        [
          -0.064189,
          0.199082,
          -0.977878,
          2.008052
        ],
        [
          0.997934,
          0.010252,
          -0.063418,
          2.347462
        ],
        [
          -0.002601,
          -0.979929,
          -0.199329,
          1.50589
        ],
        [
          0.0,
          0.0,
          0.0,
          1.0
        ]
      ]
    },
    {
      "file_path": "/media/NFS/ttao/scannet/posed_images/scene0597_01/00325.jpg",
      "transform_matrix": [
        [
          -0.037334,
          0.237468,
          -0.970677,
          1.999398
        ],
        [
          0.999297,
          0.005711,
          -0.037038,
          2.334877
        ],
        [
          -0.003252,
          -0.971378,
