{
  "frames": [
    {
      "file_path": "/media/NFS/ttao/scannet/posed_images/scene0187_00/00002.jpg",
      "transform_matrix": [
        [
          -0.003249,
          -0.460533,
          0.887637,
          4.366526
        ],
        [
          -0.998221,
          0.05434,
          0.024539,
          5.518342
        ],
        [
          -0.059536,
          -0.885978,
          -0.45989,
          1.314536
        ],
        [
          0.0,
          0.0,
          0.0,
          1.0
        ]
      ]
    },
    {
      "file_path": "/media/NFS/ttao/scannet/posed_images/scene0187_00/00007.jpg",
      "transform_matrix": [
        [
          -0.017126,
          -0.451329,
          0.892193,
          4.369243
        ],
        [
          -0.998317,
          0.057174,
          0.009759,
          5.522125
        ],
        [
          -0.055414,
          -0.890524,
          -0.451548,
          1.325443
        ],
        [
          0.0,
          0.0,
          0.0,
          1.0
        ]
      ]
    },
    {
      "file_path": "/media/NFS/ttao/scannet/posed_images/scene0187_00/00018.jpg",
      "transform_matrix": [
        [
          -0.093798,
          -0.389356,
          0.916299,
          4.403842
        ],
        [
          -0.993587,
          0.094985,
          -0.061348,
          5.628309
        ],
        [
          -0.063148,
          -0.916176,
          -0.395769,
          1.36013
        ],
        [
          0.0,
          0.0,
          0.0,
          1.0
        ]
      ]
    },
    {
      "file_path": "/media/NFS/ttao/scannet/posed_images/scene0187_00/00020.jpg",
      "transform_matrix": [
        [
          -0.108793,
          -0.379665,
          0.918705,
          4.40378
        ],
        [
          -0.991882,
          0.102668,
          -0.07503,
          5.646431
        ],
        [
          -0.065835,
          -0.91941,
          -0.387752,
          1.340305
        ],
        [
          0.0,
          0.0,
          0.0,
          1.0
        ]
      ]
    },
    {
      "file_path": "/media/NFS/ttao/scannet/posed_images/scene0187_00/00032.jpg",
      "transform_matrix": [
        [
          -0.167564,
          -0.486687,
          0.857355,
          4.514809
        ],
        [
          -0.985673,
          0.065701,
          -0.155346,
          5.800123
        ],
        [
          0.019276,
          -0.871102,
          -0.490723,
          1.241957
        ],
        [
          0.0,
          0.0,
          0.0,
          1.0
        ]
      ]
    },
    {
      "file_path": "/media/NFS/ttao/scannet/posed_images/scene0187_00/00041.jpg",
      "transform_matrix": [
        [
          -0.118864,
          -0.490751,
          0.863154,
          4.524541
        ],
        [
          -0.99291,
          0.057595,
          -0.103987,
          5.800885
        ],
        [
          0.001319,
          -0.869394,
          -0.494117,
          1.228616
        ],
        [
          0.0,
          0.0,
          0.0,
          1.0
        ]
      ]
    },
    {
      "file_path": "/media/NFS/ttao/scannet/posed_images/scene0187_00/00050.jpg",
      "transform_matrix": [
        [
          -0.069957,
          -0.466444,
          0.88178,
          4.515551
        ],
        [
          -0.997186,
          0.056593,
          -0.049176,
          5.735468
        ],
        [
          -0.026965,
          -0.882739,
          -0.46909,
          1.250648
        ],
        [
          0.0,
          0.0,
          0.0,
          1.0
        ]
      ]
    },
    {
      "file_path": "/media/NFS/ttao/scannet/posed_images/scene0187_00/00054.jpg",
      "transform_matrix": [
        [
          -0.025437,
          -0.460269,
          0.887415,
          4.501723
        ],
        [
          -0.998905,
          0.046575,
          -0.004476,
          5.666708
        ],
        [
          -0.039272,
          -0.886557,
          -0.46095,
          1.259273
        ],
        [
          0.0,
          0.0,
          0.0,
          1.0
        ]
      ]
    },
    {
      "file_path": "/media/NFS/ttao/scannet/posed_images/scene0187_00/00061.jpg",
      "transform_matrix": [
        [
          0.03569,
          -0.450975,
          0.891823,
          4.492193
        ],
        [
          -0.999146,
          0.002496,
          0.041248,
          5.506546
        ],
        [
          -0.020828,
          -0.892533,
          -0.450501,
          1.262087
        ],
        [
          0.0,
          0.0,
          0.0,
          1.0
        ]
      ]
    },
    {
      "file_path": "/media/NFS/ttao/scannet/posed_images/scene0187_00/00073.jpg",
      "transform_matrix": [
        [
          0.095359,
          -0.46653,
          0.87935,
          4.525395
        ],
        [
          -0.994545,
          -0.007128,
          0.104069,
          5.325057
        ],
        [
          -0.042284,
          -0.884477,
          -0.464664,
          1.275358
        ],
        [
          0.0,
          0.0,
          0.0,
          1.0
        ]
      ]
    },
    {
      "file_path": "/media/NFS/ttao/scannet/posed_images/scene0187_00/00075.jpg",
      "transform_matrix": [
        [
          0.108588,
          -0.469655,
          0.876147,
          4.536924
        ],
        [
          -0.993439,
          -0.019452,
          0.112697,
          5.30515
        ],
        [
          -0.035886,
          -0.882636,
          -0.468686,
          1.268316
        ],
        [
          0.0,
          0.0,
          0.0,
          1.0
        ]
      ]
    },
    {
      "file_path": "/media/NFS/ttao/scannet/posed_images/scene0187_00/00086.jpg",
      "transform_matrix": [
        [
          0.121372,
          -0.459116,
          0.880046,
          4.697081
        ],
        [
          -0.985612,
          -0.160817,
          0.052034,
          5.232594
        ],
        [
          0.117637,
          -0.873699,
          -0.472029,
          1.255038
        ],
        [
          0.0,
          0.0,
          0.0,
          1.0
        ]
      ]
    },
    {
      "file_path": "/media/NFS/ttao/scannet/posed_images/scene0187_00/00093.jpg",
      "transform_matrix": [
        [
          0.142091,
          -0.487537,
          0.861463,
          4.793022
        ],
        [
          -0.982147,
          -0.177826,
          0.061359,
          5.185586
        ],
        [
          0.123276,
          -0.854802,
          -0.5041,
          1.246389
        ],
        [
          0.0,
          0.0,
          0.0,
          1.0
        ]
      ]
    },
    {
      "file_path": "/media/NFS/ttao/scannet/posed_images/scene0187_00/00100.jpg",
      "transform_matrix": [
        [
          0.213569,
          -0.507902,
          0.83452,
          4.833332
        ],
        [
          -0.973617,
          -0.180928,
          0.139051,
          5.12354
        ],
        [
          0.080364,
          -0.8422,
          -0.533143,
          1.247764
        ],
        [
          0.0,
          0.0,
          0.0,
          1.0
        ]
      ]
    },
    {
      "file_path": "/media/NFS/ttao/scannet/posed_images/scene0187_00/00109.jpg",
      "transform_matrix": [
        [
          0.345772,
          -0.478608,
          0.807079,
          4.858712
        ],
        [
          -0.937783,
          -0.205325,
          0.280009,
          4.988441
        ],
        [
          0.031699,
          -0.853684,
          -0.519826,
          1.267406
        ],
        [
          0.0,
          0.0,
          0.0,
          1.0
        ]
      ]
    },
    {
      "file_path": "/media/NFS/ttao/scannet/posed_images/scene0187_00/00118.jpg",
      "transform_matrix": [
        [
          0.449273,
          -0.470689,
          0.759346,
          4.885681
        ],
        [
          -0.892149,
          -0.281238,
          0.353519,
          4.90154
        ],
        [
          0.04716,
          -0.836276,
          -0.546277,
          1.266063
        ],
        [
          0.0,
          0.0,
          0.0,
          1.0
        ]
      ]
    },
    {
      "file_path": "/media/NFS/ttao/scannet/posed_images/scene0187_00/00120.jpg",
      "transform_matrix": [
        [
          0.457985,
          -0.466044,
          0.757003,
          4.889235
        ],
        [
          -0.887552,
          -0.287629,
          0.35989,
          4.893354
        ],
        [
          0.050011,
          -0.836703,
          -0.545368,
          1.263286
        ],
        [
          0.0,
          0.0,
          0.0,
          1.0
        ]
      ]
    },
    {
      "file_path": "/media/NFS/ttao/scannet/posed_images/scene0187_00/00131.jpg",
      "transform_matrix": [
        [
          0.568168,
          -0.531446,
          0.628291,
          4.915617
        ],
        [
          -0.822901,
          -0.370872,
          0.43045,
          4.894497
        ],
        [
          0.004254,
          -0.76159,
          -0.648046,
          1.244539
        ],
        [
          0.0,
          0.0,
          0.0,
          1.0
        ]
      ]
    },
    {
      "file_path": "/media/NFS/ttao/scannet/posed_images/scene0187_00/00136.jpg",
      "transform_matrix": [
        [
          0.623113,
          -0.51647,
          0.587358,
          4.938192
        ],
        [
          -0.781901,
          -0.393077,
          0.483861,
          4.913651
        ],
        [
          -0.019023,
          -0.760755,
          -0.64876,
          1.249659
        ],
        [
          0.0,
          0.0,
          0.0,
          1.0
        ]
      ]
    },
    {
      "file_path": "/media/NFS/ttao/scannet/posed_images/scene0187_00/00143.jpg",
      "transform_matrix": [
        [
          0.638955,
          -0.451248,
          0.622986,
          4.962872
        ],
        [
          -0.767616,
          -0.426697,
          0.478221,
          4.951662
        ],
        [
          0.05003,
          -0.783776,
          -0.619025,
          1.248817
        ],
        [
          0.0,
          0.0,
          0.0,
          1.0
        ]
      ]
    },
    {
      "file_path": "/media/NFS/ttao/scannet/posed_images/scene0187_00/00154.jpg",
      "transform_matrix": [
        [
          0.624095,
          -0.343395,
          0.701844,
          5.038127
        ],
        [
          -0.76317,
          -0.460533,
          0.4533,
          5.038152
        ],
        [
          0.167561,
          -0.818529,
          -0.549485,
          1.24103
        ],
        [
          0.0,
          0.0,
          0.0,
          1.0
        ]
      ]
    },
    {
      "file_path": "/media/NFS/ttao/scannet/posed_images/scene0187_00/00161.jpg",
      "transform_matrix": [
        [
          0.641733,
          -0.346561,
          0.68416,
          5.079733
        ],
        [
          -0.749287,
          -0.473554,
          0.462943,
          5.071028
        ],
        [
          0.163548,
          -0.809717,
          -0.563569,
          1.240052
        ],
        [
          0.0,
          0.0,
          0.0,
          1.0
        ]
      ]
    },
    {
      "file_path": "/media/NFS/ttao/scannet/posed_images/scene0187_00/00170.jpg",
      "transform_matrix": [
        [
          0.639087,
          -0.349237,
          0.685274,
          5.154021
        ],
        [
          -0.757185,
          -0.442122,
          0.480832,
          5.023667
        ],
        [
          0.135051,
          -0.826173,
          -0.546992,
          1.255148
        ],
        [
          0.0,
          0.0,
          0.0,
          1.0
        ]
      ]
    },
    {
      "file_path": "/media/NFS/ttao/scannet/posed_images/scene0187_00/00177.jpg",
      "transform_matrix": [
        [
          0.711804,
          -0.29598,
          0.636971,
          5.21427
        ],
        [
          -0.69346,
          -0.440198,
          0.570384,
          4.925003
        ],
        [
          0.111571,
          -0.847715,
          -0.518585,
          1.256399
        ],
        [
          0.0,
          0.0,
          0.0,
          1.0
        ]
      ]
    },
    {
      "file_path": "/media/NFS/ttao/scannet/posed_images/scene0187_00/00179.jpg",
      "transform_matrix": [
        [
          0.734263,
          -0.281557,
          0.617724,
          5.238756
        ],
        [
          -0.67103,
          -0.438866,
          0.597591,
          4.875843
        ],
        [
          0.102842,
          -0.853301,
          -0.511177,
          1.252138
        ],
        [
          0.0,
          0.0,
          0.0,
          1.0
        ]
      ]
    },
    {
      "file_path": "/media/NFS/ttao/scannet/posed_images/scene0187_00/00193.jpg",
      "transform_matrix": [
        [
          0.833938,
          -0.212859,
          0.509155,
          5.390044
        ],
        [
          -0.543673,
          -0.475203,
          0.69181,
          4.570667
        ],
        [
          0.094694,
          -0.853741,
          -0.512015,
          1.267349
        ],
        [
          0.0,
          0.0,
          0.0,
          1.0
        ]
      ]
    },
    {
      "file_path": "/media/NFS/ttao/scannet/posed_images/scene0187_00/00199.jpg",
      "transform_matrix": [
        [
          0.857405,
          -0.192899,
          0.477123,
          5.407568
        ],
        [
          -0.504532,
          -0.497924,
          0.70535,
          4.478778
        ],
        [
          0.10151,
          -0.845495,
          -0.524247,
          1.262328
        ],
        [
          0.0,
          0.0,
          0.0,
          1.0
        ]
      ]
    },
    {
      "file_path": "/media/NFS/ttao/scannet/posed_images/scene0187_00/00206.jpg",
      "transform_matrix": [
        [
          0.917349,
          -0.114974,
          0.381119,
          5.405877
        ],
        [
          -0.381173,
          -0.529774,
          0.757659,
          4.366533
        ],
        [
          0.114796,
          -0.84031,
          -0.529813,
          1.251264
        ],
        [
          0.0,
          0.0,
          0.0,
          1.0
        ]
      ]
    },
    {
      "file_path": "/media/NFS/ttao/scannet/posed_images/scene0187_00/00211.jpg",
      "transform_matrix": [
        [
          0.940546,
          -0.088829,
          0.327846,
          5.417858
        ],
        [
          -0.316542,
          -0.579269,
          0.751165,
          4.311809
        ],
        [
          0.123186,
          -0.810282,
          -0.572947,
          1.236234
        ],
        [
          0.0,
          0.0,
          0.0,
          1.0
        ]
      ]
    },
    {
      "file_path": "/media/NFS/ttao/scannet/posed_images/scene0187_00/00220.jpg",
      "transform_matrix": [
        [
          0.978145,
          -0.074449,
          0.194141,
          5.466231
        ],
        [
          -0.199551,
          -0.59846,
          0.775903,
          4.283944
        ],
        [
          0.05842,
          -0.797686,
          -0.600237,
          1.248975
        ],
        [
          0.0,
          0.0,
          0.0,
          1.0
        ]
      ]
    },
    {
      "file_path": "/media/NFS/ttao/scannet/posed_images/scene0187_00/00231.jpg",
      "transform_matrix": [
        [
          0.998728,
          0.005621,
          0.050112,
          5.599662
        ],
        [
          -0.03697,
          -0.594209,
          0.803461,
          4.32813
        ],
        [
          0.034294,
          -0.804291,
          -0.593245,
          1.251246
        ],
        [
          0.0,
          0.0,
          0.0,
          1.0
        ]
      ]
    },
    {
      "file_path": "/media/NFS/ttao/scannet/posed_images/scene0187_00/00238.jpg",
      "transform_matrix": [
        [
          0.999054,
          0.038344,
          -0.020521,
          5.630111
        ],
        [
          0.039327,
          -0.595084,
          0.802701,
          4.376
        ],
        [
          0.018567,
          -0.802748,
          -0.596029,
          1.263615
        ],
        [
          0.0,
          0.0,
          0.0,
          1.0
        ]
      ]
    },
    {
      "file_path": "/media/NFS/ttao/scannet/posed_images/scene0187_00/00243.jpg",
      "transform_matrix": [
        [
          0.997545,
          0.047112,
          -0.051819,
          5.622232
        ],
        [
          0.069617,
          -0.586484,
          0.806963,
          4.406268
        ],
        [
          0.007626,
          -0.808589,
          -0.588324,
          1.261303
        ],
        [
          0.0,
          0.0,
          0.0,
          1.0
        ]
      ]
    },
    {
      "file_path": "/media/NFS/ttao/scannet/posed_images/scene0187_00/00247.jpg",
      "transform_matrix": [
        [
          0.996544,
          0.066587,
          -0.049652,
          5.613742
        ],
        [
          0.07914,
          -0.579685,
          0.810988,
          4.441444
        ],
        [
          0.025219,
          -0.812116,
          -0.582951,
          1.263145
        ],
        [
          0.0,
          0.0,
          0.0,
          1.0
        ]
      ]
    },
    {
      "file_path": "/media/NFS/ttao/scannet/posed_images/scene0187_00/00261.jpg",
      "transform_matrix": [
        [
          0.997307,
          0.072579,
          -0.010518,
          5.5258
        ],
        [
          0.045317,
          -0.49713,
          0.866492,
          4.593946
        ],
        [
          0.05766,
          -0.864635,
          -0.499081,
          1.291739
        ],
        [
          0.0,
          0.0,
          0.0,
          1.0
        ]
      ]
    },
    {
      "file_path": "/media/NFS/ttao/scannet/posed_images/scene0187_00/00265.jpg",
      "transform_matrix": [
        [
          0.996483,
          0.078139,
          -0.030271,
          5.513325
        ],
        [
          0.064475,
          -0.484194,
          0.872582,
          4.628539
        ],
        [
          0.053525,
          -0.871464,
          -0.487529,
          1.29213
        ],
        [
          0.0,
          0.0,
          0.0,
          1.0
        ]
      ]
    },
    {
      "file_path": "/media/NFS/ttao/scannet/posed_images/scene0187_00/00270.jpg",
      "transform_matrix": [
        [
          0.993142,
          0.095748,
          -0.067088,
          5.50032
        ],
        [
          0.104781,
          -0.47442,
          0.874041,
          4.67411
        ],
        [
          0.051859,
          -0.875076,
          -0.481199,
          1.298593
        ],
        [
          0.0,
          0.0,
          0.0,
          1.0
        ]
      ]
    },
    {
      "file_path": "/media/NFS/ttao/scannet/posed_images/scene0187_00/00281.jpg",
      "transform_matrix": [
        [
          0.973727,
          0.126556,
          -0.189311,
          5.527069
        ],
        [
          0.225285,
          -0.41418,
          0.881874,
          4.789156
        ],
        [
          0.033198,
          -0.901354,
          -0.431809,
          1.314188
        ],
        [
          0.0,
          0.0,
          0.0,
          1.0
        ]
      ]
    },
    {
      "file_path": "/media/NFS/ttao/scannet/posed_images/scene0187_00/00286.jpg",
      "transform_matrix": [
        [
          0.96443,
          0.13557,
          -0.226928,
          5.548121
        ],
        [
          0.262786,
          -0.398753,
          0.878601,
          4.848105
        ],
        [
          0.028624,
          -0.906982,
          -0.420195,
          1.32245
        ],
        [
          0.0,
          0.0,
          0.0,
          1.0
        ]
      ]
    },
    {
      "file_path": "/media/NFS/ttao/scannet/posed_images/scene0187_00/00295.jpg",
      "transform_matrix": [
        [
          0.945267,
          0.147634,
          -0.290987,
          5.526762
        ],
        [
          0.326142,
          -0.399999,
          0.856523,
          4.944014
        ],
        [
          0.010057,
          -0.904547,
          -0.426256,
          1.31567
        ],
        [
          0.0,
          0.0,
          0.0,
          1.0
        ]
      ]
    },
    {
      "file_path": "/media/NFS/ttao/scannet/posed_images/scene0187_00/00304.jpg",
      "transform_matrix": [
        [
          0.945063,
          0.154347,
          -0.288153,
          5.444234
        ],
        [
          0.325457,
          -0.361907,
          0.873556,
          5.059505
        ],
        [
          0.030546,
          -0.919348,
          -0.392259,
          1.322174
        ],
        [
          0.0,
          0.0,
          0.0,
          1.0
        ]
      ]
    },
    {
      "file_path": "/media/NFS/ttao/scannet/posed_images/scene0187_00/00313.jpg",
      "transform_matrix": [
        [
          0.922434,
          0.197831,
          -0.331631,
          5.295291
        ],
        [
          0.377881,
          -0.285606,
          0.880702,
          5.155001
        ],
        [
          0.079515,
          -0.937706,
          -0.338209,
          1.318166
        ],
        [
          0.0,
          0.0,
          0.0,
          1.0
        ]
      ]
    },
    {
      "file_path": "/media/NFS/ttao/scannet/posed_images/scene0187_00/00320.jpg",
      "transform_matrix": [
        [
          0.907497,
          0.19065,
          -0.374301,
          5.231325
        ],
        [
          0.415905,
          -0.282809,
          0.864316,
          5.226281
        ],
        [
          0.058926,
          -0.940038,
          -0.335941,
          1.309164
        ],
        [
          0.0,
          0.0,
          0.0,
          1.0
        ]
      ]
    },
    {
      "file_path": "/media/NFS/ttao/scannet/posed_images/scene0187_00/00329.jpg",
      "transform_matrix": [
        [
          0.889985,
          0.183364,
          -0.417498,
          5.125442
        ],
        [
          0.454192,
          -0.275239,
          0.847321,
          5.270235
        ],
        [
          0.040456,
          -0.943727,
          -0.328241,
          1.294679
        ],
        [
          0.0,
          0.0,
          0.0,
          1.0
        ]
      ]
    },
    {
      "file_path": "/media/NFS/ttao/scannet/posed_images/scene0187_00/00331.jpg",
      "transform_matrix": [
        [
          0.883344,
          0.194903,
          -0.426282,
          5.10704
        ],
        [
          0.46602,
          -0.267616,
          0.843331,
          5.267491
        ],
        [
          0.050288,
          -0.943607,
          -0.327226,
          1.289111
        ],
        [
          0.0,
          0.0,
          0.0,
          1.0
        ]
      ]
    },
    {
      "file_path": "/media/NFS/ttao/scannet/posed_images/scene0187_00/00338.jpg",
      "transform_matrix": [
        [
          0.868534,
          0.208276,
          -0.449744,
          5.002098
        ],
        [
          0.491908,
          -0.251244,
          0.833608,
          5.240448
        ],
        [
          0.060625,
          -0.94525,
          -0.320667,
          1.273978
        ],
        [
          0.0,
          0.0,
          0.0,
          1.0
        ]
      ]
    },
    {
      "file_path": "/media/NFS/ttao/scannet/posed_images/scene0187_00/00349.jpg",
      "transform_matrix": [
        [
          0.915206,
          0.158996,
          -0.370295,
          4.826467
        ],
        [
          0.402947,
          -0.34818,
          0.846407,
          5.16976
        ],
        [
          0.005646,
          -0.923846,
          -0.382724,
          1.273876
        ],
        [
          0.0,
          0.0,
          0.0,
          1.0
        ]
      ]
    },
    {
      "file_path": "/media/NFS/ttao/scannet/posed_images/scene0187_00/00356.jpg",
      "transform_matrix": [
        [
          0.936432,
          0.162074,
          -0.311172,
          4.706729
        ],
        [
          0.350321,
          -0.383225,
          0.854642,
          5.132158
        ],
        [
          0.019266,
          -0.909324,
          -0.415642,
          1.242251
        ],
        [
          0.0,
          0.0,
          0.0,
          1.0
        ]
      ]
    },
    {
      "file_path": "/media/NFS/ttao/scannet/posed_images/scene0187_00/00363.jpg",
      "transform_matrix": [
        [
          0.947675,
          0.147671,
          -0.283028,
          4.583242
        ],
        [
          0.319143,
          -0.416877,
          0.851094,
          5.128689
        ],
        [
          0.007694,
          -0.896887,
          -0.442192,
          1.229769
        ],
        [
          0.0,
          0.0,
          0.0,
          1.0
        ]
      ]
    },
    {
      "file_path": "/media/NFS/ttao/scannet/posed_images/scene0187_00/00370.jpg",
      "transform_matrix": [
        [
          0.975434,
          0.119604,
          -0.184998,
          4.44189
        ],
        [
          0.220043,
          -0.488924,
          0.844118,
          5.140823
        ],
        [
          0.01051,
          -0.864088,
          -0.503231,
          1.229532
        ],
        [
          0.0,
          0.0,
          0.0,
          1.0
        ]
      ]
    },
    {
      "file_path": "/media/NFS/ttao/scannet/posed_images/scene0187_00/00379.jpg",
      "transform_matrix": [
        [
          0.982653,
          0.085883,
          -0.164367,
          4.301453
        ],
        [
          0.185391,
          -0.477638,
          0.858774,
          5.115921
        ],
        [
          -0.004753,
          -0.874349,
          -0.485274,
          1.238413
        ],
        [
          0.0,
          0.0,
          0.0,
          1.0
        ]
      ]
    },
    {
      "file_path": "/media/NFS/ttao/scannet/posed_images/scene0187_00/00385.jpg",
      "transform_matrix": [
        [
          0.994971,
          0.070273,
          -0.071377,
          4.158955
        ],
        [
          0.096868,
          -0.49373,
          0.864203,
          5.103272
        ],
        [
          0.025489,
          -0.866771,
          -0.498054,
          1.247288
        ],
        [
          0.0,
          0.0,
          0.0,
          1.0
        ]
      ]
    },
    {
      "file_path": "/media/NFS/ttao/scannet/posed_images/scene0187_00/00394.jpg",
      "transform_matrix": [
        [
          0.997684,
          0.048051,
          -0.04815,
          3.990269
        ],
        [
          0.065777,
          -0.50102,
          0.862933,
          5.092007
        ],
        [
          0.01734,
          -0.864101,
          -0.50302,
          1.255911
        ],
        [
          0.0,
          0.0,
          0.0,
          1.0
        ]
      ]
    },
    {
      "file_path": "/media/NFS/ttao/scannet/posed_images/scene0187_00/00399.jpg",
      "transform_matrix": [
        [
          0.999051,
          0.043533,
          -0.001691,
          3.916778
        ],
        [
          0.023473,
          -0.505183,
          0.862693,
          5.121642
        ],
        [
          0.036702,
          -0.861914,
          -0.505725,
          1.260995
        ],
        [
          0.0,
          0.0,
          0.0,
          1.0
        ]
      ]
    },
    {
      "file_path": "/media/NFS/ttao/scannet/posed_images/scene0187_00/00406.jpg",
      "transform_matrix": [
        [
          0.999534,
          0.026831,
          0.014538,
          3.813169
        ],
        [
          0.000543,
          -0.491959,
          0.870618,
          5.184123
        ],
        [
          0.030512,
          -0.870205,
          -0.491745,
          1.260238
        ],
        [
          0.0,
          0.0,
          0.0,
          1.0
        ]
      ]
    },
    {
      "file_path": "/media/NFS/ttao/scannet/posed_images/scene0187_00/00415.jpg",
      "transform_matrix": [
        [
          0.999618,
          -0.00623,
          0.026953,
          3.705313
        ],
        [
          -0.026722,
          -0.469483,
          0.882537,
          5.285564
        ],
        [
          0.007156,
          -0.88292,
          -0.46947,
          1.282076
        ],
        [
          0.0,
          0.0,
          0.0,
          1.0
        ]
      ]
    },
    {
      "file_path": "/media/NFS/ttao/scannet/posed_images/scene0187_00/00426.jpg",
      "transform_matrix": [
        [
          0.993799,
          -0.019102,
          0.109536,
          3.571137
        ],
        [
          -0.106993,
          -0.432368,
          0.895327,
          5.361219
        ],
        [
          0.030257,
          -0.901495,
          -0.431731,
          1.296618
        ],
        [
          0.0,
          0.0,
          0.0,
          1.0
        ]
      ]
    },
    {
      "file_path": "/media/NFS/ttao/scannet/posed_images/scene0187_00/00428.jpg",
      "transform_matrix": [
        [
          0.992158,
          -0.030835,
          0.121129,
          3.541642
        ],
        [
          -0.122383,
          -0.436595,
          0.891296,
          5.372064
        ],
        [
          0.025401,
          -0.89913,
          -0.436944,
          1.299363
        ],
        [
          0.0,
          0.0,
          0.0,
          1.0
        ]
      ]
    },
    {
      "file_path": "/media/NFS/ttao/scannet/posed_images/scene0187_00/00438.jpg",
      "transform_matrix": [
        [
          0.9872,
          -0.087786,
          0.133151,
          3.428125
        ],
        [
          -0.1582,
          -0.433235,
          0.887288,
          5.424997
        ],
        [
          -0.020205,
          -0.896995,
          -0.441578,
          1.331904
        ],
        [
          0.0,
          0.0,
          0.0,
          1.0
        ]
      ]
    },
    {
      "file_path": "/media/NFS/ttao/scannet/posed_images/scene0187_00/00449.jpg",
      "transform_matrix": [
        [
          0.987599,
          -0.079242,
          0.135529,
          3.354511
        ],
        [
          -0.156431,
          -0.423653,
          0.892215,
          5.468623
        ],
        [
          -0.013283,
          -0.902352,
          -0.430796,
          1.338339
        ],
        [
          0.0,
          0.0,
          0.0,
          1.0
        ]
      ]
    },
    {
      "file_path": "/media/NFS/ttao/scannet/posed_images/scene0187_00/00451.jpg",
      "transform_matrix": [
        [
          0.988392,
          -0.080008,
          0.129151,
          3.347992
        ],
        [
          -0.150964,
          -0.421725,
          0.894068,
          5.473999
        ],
        [
          -0.017066,
          -0.903187,
          -0.428908,
          1.335513
        ],
        [
          0.0,
          0.0,
          0.0,
          1.0
        ]
      ]
    },
    {
      "file_path": "/media/NFS/ttao/scannet/posed_images/scene0187_00/00465.jpg",
      "transform_matrix": [
        [
          0.995805,
          -0.091047,
          0.009141,
          3.379047
        ],
        [
          -0.051745,
          -0.477917,
          0.87688,
          5.454125
        ],
        [
          -0.075469,
          -0.873674,
          -0.480623,
          1.285002
        ],
        [
          0.0,
          0.0,
          0.0,
          1.0
        ]
      ]
    },
    {
      "file_path": "/media/NFS/ttao/scannet/posed_images/scene0187_00/00467.jpg",
      "transform_matrix": [
        [
          0.99529,
          -0.096627,
          -0.00786,
          3.406238
        ],
        [
          -0.039603,
          -0.479246,
          0.876787,
          5.447472
        ],
        [
          -0.088488,
          -0.872345,
          -0.480815,
          1.290281
        ],
        [
          0.0,
          0.0,
          0.0,
          1.0
        ]
      ]
    },
    {
      "file_path": "/media/NFS/ttao/scannet/posed_images/scene0187_00/00474.jpg",
      "transform_matrix": [
        [
          0.991465,
          -0.118147,
          -0.055124,
          3.551021
        ],
        [
          -0.003606,
          -0.447504,
          0.894275,
          5.386796
        ],
        [
          -0.130324,
          -0.886443,
          -0.444111,
          1.298579
        ],
        [
          0.0,
          0.0,
          0.0,
          1.0
        ]
      ]
    },
    {
      "file_path": "/media/NFS/ttao/scannet/posed_images/scene0187_00/00483.jpg",
      "transform_matrix": [
        [
          0.993829,
          -0.097127,
          -0.053575,
          3.746607
        ],
        [
          0.003631,
          -0.454246,
          0.890869,
          5.336987
        ],
        [
          -0.110863,
          -0.885566,
          -0.451091,
          1.284721
        ],
        [
          0.0,
          0.0,
          0.0,
          1.0
        ]
      ]
    },
    {
      "file_path": "/media/NFS/ttao/scannet/posed_images/scene0187_00/00490.jpg",
      "transform_matrix": [
        [
          0.992895,
          -0.115436,
          -0.028868,
          3.877927
        ],
        [
          -0.033877,
          -0.506798,
          0.861399,
          5.361723
        ],
        [
          -0.114066,
          -0.854301,
          -0.507108,
          1.276716
        ],
        [
          0.0,
          0.0,
          0.0,
          1.0
        ]
      ]
    },
    {
      "file_path": "/media/NFS/ttao/scannet/posed_images/scene0187_00/00501.jpg",
      "transform_matrix": [
        [
          0.99781,
          -0.048171,
          -0.045336,
          4.057021
        ],
        [
          0.015907,
          -0.490516,
          0.871287,
          5.417367
        ],
        [
          -0.064209,
          -0.8701,
          -0.488676,
          1.265929
        ],
        [
          0.0,
          0.0,
          0.0,
          1.0
        ]
      ]
    },
    {
      "file_path": "/media/NFS/ttao/scannet/posed_images/scene0187_00/00506.jpg",
      "transform_matrix": [
        [
          0.997653,
          -0.05262,
          -0.043811,
          4.149097
        ],
        [
          0.01215,
          -0.49364,
          0.869582,
          5.439568
        ],
        [
          -0.067384,
          -0.868073,
          -0.491842,
          1.281702
        ],
        [
          0.0,
          0.0,
          0.0,
          1.0
        ]
      ]
    },
    {
      "file_path": "/media/NFS/ttao/scannet/posed_images/scene0187_00/00515.jpg",
      "transform_matrix": [
        [
          0.997286,
          -0.043565,
          -0.059349,
          4.334414
        ],
        [
          0.030348,
          -0.491193,
          0.870522,
          5.445067
        ],
        [
          -0.067076,
          -0.869961,
          -0.488538,
          1.261703
        ],
        [
          0.0,
          0.0,
          0.0,
          1.0
        ]
      ]
    },
    {
      "file_path": "/media/NFS/ttao/scannet/posed_images/scene0187_00/00526.jpg",
      "transform_matrix": [
        [
          0.985819,
          0.02038,
          -0.166571,
          4.559973
        ],
        [
          0.154852,
          -0.492986,
          0.856146,
          5.432315
        ],
        [
          -0.064669,
          -0.869799,
          -0.489151,
          1.278656
        ],
        [
          0.0,
          0.0,
          0.0,
          1.0
        ]
      ]
    },
    {
      "file_path": "/media/NFS/ttao/scannet/posed_images/scene0187_00/00528.jpg",
      "transform_matrix": [
        [
          0.983774,
          0.022651,
          -0.177976,
          4.587986
        ],
        [
          0.16623,
          -0.48829,
          0.856704,
          5.429235
        ],
        [
          -0.067498,
          -0.872387,
          -0.484132,
          1.276029
        ],
        [
          0.0,
          0.0,
          0.0,
          1.0
        ]
      ]
    },
    {
      "file_path": "/media/NFS/ttao/scannet/posed_images/scene0187_00/00537.jpg",
      "transform_matrix": [
        [
          0.955935,
          0.129306,
          -0.263566,
          4.687532
        ],
        [
          0.292008,
          -0.511489,
          0.808152,
          5.448372
        ],
        [
          -0.030312,
          -0.849505,
          -0.526709,
          1.223183
        ],
        [
          0.0,
          0.0,
          0.0,
          1.0
        ]
      ]
    },
    {
      "file_path": "/media/NFS/ttao/scannet/posed_images/scene0187_00/00549.jpg",
      "transform_matrix": [
        [
          0.923072,
          0.247291,
          -0.294595,
          4.836752
        ],
        [
          0.379659,
          -0.463088,
          0.80088,
          5.47204
        ],
        [
          0.061626,
          -0.851115,
          -0.52135,
          1.222914
        ],
        [
          0.0,
          0.0,
          0.0,
          1.0
        ]
      ]
    },
    {
      "file_path": "/media/NFS/ttao/scannet/posed_images/scene0187_00/00551.jpg",
      "transform_matrix": [
        [
          0.91529,
          0.254283,
          -0.312385,
          4.870697
        ],
        [
          0.398583,
          -0.45991,
          0.793482,
          5.480047
        ],
        [
          0.0581,
          -0.850778,
          -0.522304,
          1.228718
        ],
        [
          0.0,
          0.0,
          0.0,
          1.0
        ]
      ]
    },
    {
      "file_path": "/media/NFS/ttao/scannet/posed_images/scene0187_00/00558.jpg",
      "transform_matrix": [
        [
          0.870234,
          0.281006,
          -0.404633,
          4.985356
        ],
        [
          0.490458,
          -0.417,
          0.765221,
          5.471736
        ],
        [
          0.046299,
          -0.864377,
          -0.500709,
          1.226799
        ],
        [
          0.0,
          0.0,
          0.0,
          1.0
        ]
      ]
    },
    {
      "file_path": "/media/NFS/ttao/scannet/posed_images/scene0187_00/00571.jpg",
      "transform_matrix": [
        [
          0.792009,
          0.302256,
          -0.530436,
          5.222696
        ],
        [
          0.610331,
          -0.370997,
          0.699899,
          5.46194
        ],
        [
          0.014758,
          -0.878068,
          -0.478309,
          1.235308
        ],
        [
          0.0,
          0.0,
          0.0,
          1.0
        ]
      ]
    },
    {
      "file_path": "/media/NFS/ttao/scannet/posed_images/scene0187_00/00576.jpg",
      "transform_matrix": [
        [
          0.779671,
          0.306372,
          -0.546122,
          5.275739
        ],
        [
          0.62595,
          -0.357244,
          0.693227,
          5.460939
        ],
        [
          0.017286,
          -0.882334,
          -0.470307,
          1.238447
        ],
        [
          0.0,
          0.0,
          0.0,
          1.0
        ]
      ]
    },
    {
      "file_path": "/media/NFS/ttao/scannet/posed_images/scene0187_00/00585.jpg",
      "transform_matrix": [
        [
          0.732158,
          0.313755,
          -0.604567,
          5.309149
        ],
        [
          0.681071,
          -0.34935,
          0.643504,
          5.420684
        ],
        [
          -0.009303,
          -0.8829,
          -0.469469,
          1.234918
        ],
        [
