{
  "frames": [
    {
      "file_path": "/media/NFS/ttao/scannet/posed_images/scene0370_00/00000.jpg",
      "transform_matrix": [
        [
          0.996824,
          0.012024,
          -0.078725,
          2.26796
        ],
        [
          0.076233,
          -0.430037,
          0.899587,
          5.524573
        ],
        [
          -0.023038,
          -0.902731,
          -0.429587,
          1.492632
        ],
        [
          0.0,
          0.0,
          0.0,
          1.0
        ]
      ]
    },
    {
      "file_path": "/media/NFS/ttao/scannet/posed_images/scene0370_00/00006.jpg",
      "transform_matrix": [
        [
          0.998593,
          0.003113,
          -0.052943,
          2.247934
        ],
        [
          0.049216,
          -0.426343,
          0.903222,
          5.53414
        ],
        [
          -0.01976,
          -0.904556,
          -0.425896,
          1.464573
        ],
        [
          0.0,
          0.0,
          0.0,
          1.0
        ]
      ]
    },
    {
      "file_path": "/media/NFS/ttao/scannet/posed_images/scene0370_00/00013.jpg",
      "transform_matrix": [
        [
          0.999932,
          -0.008344,
          -0.00817,
          2.232046
        ],
        [
          0.003169,
          -0.479481,
          0.877546,
          5.553429
        ],
        [
          -0.01124,
          -0.877512,
          -0.479422,
          1.425449
        ],
        [
          0.0,
          0.0,
          0.0,
          1.0
        ]
      ]
    },
    {
      "file_path": "/media/NFS/ttao/scannet/posed_images/scene0370_00/00017.jpg",
      "transform_matrix": [
        [
          0.999882,
          -0.014671,
          -0.004535,
          2.225183
        ],
        [
          -0.003421,
          -0.500695,
          0.865617,
          5.55503
        ],
        [
          -0.014971,
          -0.865499,
          -0.500686,
          1.40918
        ],
        [
          0.0,
          0.0,
          0.0,
          1.0
        ]
      ]
    },
    {
      "file_path": "/media/NFS/ttao/scannet/posed_images/scene0370_00/00024.jpg",
      "transform_matrix": [
        [
          0.998834,
          -0.045804,
          0.015252,
          2.23602
        ],
        [
          -0.038693,
          -0.570644,
          0.820285,
          5.548544
        ],
        [
          -0.028869,
          -0.819919,
          -0.571751,
          1.393075
        ],
        [
          0.0,
          0.0,
          0.0,
          1.0
        ]
      ]
    },
    {
      "file_path": "/media/NFS/ttao/scannet/posed_images/scene0370_00/00030.jpg",
      "transform_matrix": [
        [
          0.996614,
          -0.074444,
          0.034911,
          2.275315
        ],
        [
          -0.072114,
          -0.587415,
          0.806067,
          5.512557
        ],
        [
          -0.039499,
          -0.805855,
          -0.590795,
          1.392284
        ],
        [
          0.0,
          0.0,
          0.0,
          1.0
        ]
      ]
    },
    {
      "file_path": "/media/NFS/ttao/scannet/posed_images/scene0370_00/00039.jpg",
      "transform_matrix": [
        [
          0.994092,
          -0.101762,
          0.037759,
          2.344242
        ],
        [
          -0.09009,
          -0.579538,
          0.809951,
          5.406575
        ],
        [
          -0.060539,
          -0.808567,
          -0.585281,
          1.388128
        ],
        [
          0.0,
          0.0,
          0.0,
          1.0
        ]
      ]
    },
    {
      "file_path": "/media/NFS/ttao/scannet/posed_images/scene0370_00/00043.jpg",
      "transform_matrix": [
        [
          0.990683,
          -0.120658,
          0.063163,
          2.38346
        ],
        [
          -0.121682,
          -0.57589,
          0.808421,
          5.383956
        ],
        [
          -0.061167,
          -0.808574,
          -0.585206,
          1.41547
        ],
        [
          0.0,
          0.0,
          0.0,
          1.0
        ]
      ]
    },
    {
      "file_path": "/media/NFS/ttao/scannet/posed_images/scene0370_00/00052.jpg",
      "transform_matrix": [
        [
          0.987202,
          -0.149915,
          0.054386,
          2.407954
        ],
        [
          -0.124604,
          -0.512254,
          0.849747,
          5.34395
        ],
        [
          -0.099531,
          -0.845649,
          -0.524378,
          1.455234
        ],
        [
          0.0,
          0.0,
          0.0,
          1.0
        ]
      ]
    },
    {
      "file_path": "/media/NFS/ttao/scannet/posed_images/scene0370_00/00060.jpg",
      "transform_matrix": [
        [
          0.991402,
          -0.125481,
          0.037102,
          2.37154
        ],
        [
          -0.088415,
          -0.433369,
          0.896869,
          5.351826
        ],
        [
          -0.096462,
          -0.892438,
          -0.440737,
          1.486523
        ],
        [
          0.0,
          0.0,
          0.0,
          1.0
        ]
      ]
    },
    {
      "file_path": "/media/NFS/ttao/scannet/posed_images/scene0370_00/00065.jpg",
      "transform_matrix": [
        [
          0.994336,
          -0.104401,
          0.019885,
          2.320312
        ],
        [
          -0.061747,
          -0.415216,
          0.907625,
          5.384412
        ],
        [
          -0.086501,
          -0.903713,
          -0.41931,
          1.497766
        ],
        [
          0.0,
          0.0,
          0.0,
          1.0
        ]
      ]
    },
    {
      "file_path": "/media/NFS/ttao/scannet/posed_images/scene0370_00/00067.jpg",
      "transform_matrix": [
        [
          0.994692,
          -0.100507,
          0.022051,
          2.303612
        ],
        [
          -0.061417,
          -0.407975,
          0.910925,
          5.401646
        ],
        [
          -0.082558,
          -0.907444,
          -0.411983,
          1.502046
        ],
        [
          0.0,
          0.0,
          0.0,
          1.0
        ]
      ]
    },
    {
      "file_path": "/media/NFS/ttao/scannet/posed_images/scene0370_00/00079.jpg",
      "transform_matrix": [
        [
          0.99332,
          -0.079436,
          0.083691,
          2.124644
        ],
        [
          -0.107323,
          -0.369653,
          0.922951,
          5.538517
        ],
        [
          -0.042379,
          -0.925768,
          -0.375709,
          1.50098
        ],
        [
          0.0,
          0.0,
          0.0,
          1.0
        ]
      ]
    },
    {
      "file_path": "/media/NFS/ttao/scannet/posed_images/scene0370_00/00082.jpg",
      "transform_matrix": [
        [
          0.992876,
          -0.074317,
          0.093136,
          2.076037
        ],
        [
          -0.113683,
          -0.356741,
          0.927261,
          5.566133
        ],
        [
          -0.035686,
          -0.931243,
          -0.362648,
          1.48286
        ],
        [
          0.0,
          0.0,
          0.0,
          1.0
        ]
      ]
    },
    {
      "file_path": "/media/NFS/ttao/scannet/posed_images/scene0370_00/00086.jpg",
      "transform_matrix": [
        [
          0.994805,
          -0.068188,
          0.075581,
          2.035962
        ],
        [
          -0.094887,
          -0.352323,
          0.931056,
          5.598855
        ],
        [
          -0.036858,
          -0.933391,
          -0.356963,
          1.481743
        ],
        [
          0.0,
          0.0,
          0.0,
          1.0
        ]
      ]
    },
    {
      "file_path": "/media/NFS/ttao/scannet/posed_images/scene0370_00/00097.jpg",
      "transform_matrix": [
        [
          0.998869,
          -0.027162,
          -0.039027,
          1.952383
        ],
        [
          0.026356,
          -0.366868,
          0.9299,
          5.702138
        ],
        [
          -0.039576,
          -0.929876,
          -0.365737,
          1.437202
        ],
        [
          0.0,
          0.0,
          0.0,
          1.0
        ]
      ]
    },
    {
      "file_path": "/media/NFS/ttao/scannet/posed_images/scene0370_00/00103.jpg",
      "transform_matrix": [
        [
          0.997424,
          -0.05249,
          -0.048896,
          1.930976
        ],
        [
          0.026306,
          -0.366502,
          0.930046,
          5.823493
        ],
        [
          -0.066739,
          -0.928936,
          -0.364177,
          1.459412
        ],
        [
          0.0,
          0.0,
          0.0,
          1.0
        ]
      ]
    },
    {
      "file_path": "/media/NFS/ttao/scannet/posed_images/scene0370_00/00105.jpg",
      "transform_matrix": [
        [
          0.997241,
          -0.047813,
          -0.056773,
          1.918379
        ],
        [
          0.03519,
          -0.368893,
          0.928805,
          5.857545
        ],
        [
          -0.065352,
          -0.928241,
          -0.366193,
          1.462215
        ],
        [
          0.0,
          0.0,
          0.0,
          1.0
        ]
      ]
    },
    {
      "file_path": "/media/NFS/ttao/scannet/posed_images/scene0370_00/00112.jpg",
      "transform_matrix": [
        [
          0.997304,
          -0.029269,
          -0.067289,
          1.842213
        ],
        [
          0.050416,
          -0.392992,
          0.918159,
          5.958644
        ],
        [
          -0.053317,
          -0.919076,
          -0.390457,
          1.436501
        ],
        [
          0.0,
          0.0,
          0.0,
          1.0
        ]
      ]
    },
    {
      "file_path": "/media/NFS/ttao/scannet/posed_images/scene0370_00/00122.jpg",
      "transform_matrix": [
        [
          0.993946,
          -0.097456,
          0.050734,
          1.706442
        ],
        [
          -0.083481,
          -0.369669,
          0.925406,
          6.085087
        ],
        [
          -0.071432,
          -0.924038,
          -0.375567,
          1.435256
        ],
        [
          0.0,
          0.0,
          0.0,
          1.0
        ]
      ]
    },
    {
      "file_path": "/media/NFS/ttao/scannet/posed_images/scene0370_00/00123.jpg",
      "transform_matrix": [
        [
          0.992769,
          -0.103173,
          0.061365,
          1.687277
        ],
        [
          -0.095756,
          -0.372325,
          0.923149,
          6.098245
        ],
        [
          -0.072397,
          -0.92235,
          -0.379512,
          1.43752
        ],
        [
          0.0,
          0.0,
          0.0,
          1.0
        ]
      ]
    },
    {
      "file_path": "/media/NFS/ttao/scannet/posed_images/scene0370_00/00129.jpg",
      "transform_matrix": [
        [
          0.991481,
          -0.096067,
          0.087955,
          1.56876
        ],
        [
          -0.116875,
          -0.35812,
          0.926332,
          6.185552
        ],
        [
          -0.057491,
          -0.92872,
          -0.366297,
          1.448454
        ],
        [
          0.0,
          0.0,
          0.0,
          1.0
        ]
      ]
    },
    {
      "file_path": "/media/NFS/ttao/scannet/posed_images/scene0370_00/00137.jpg",
      "transform_matrix": [
        [
          0.990803,
          -0.078923,
          0.109907,
          1.484851
        ],
        [
          -0.131173,
          -0.360959,
          0.92331,
          6.270984
        ],
        [
          -0.033199,
          -0.929236,
          -0.367992,
          1.402077
        ],
        [
          0.0,
          0.0,
          0.0,
          1.0
        ]
      ]
    },
    {
      "file_path": "/media/NFS/ttao/scannet/posed_images/scene0370_00/00144.jpg",
      "transform_matrix": [
        [
          0.993154,
          -0.102796,
          0.055486,
          1.44477
        ],
        [
          -0.092755,
          -0.405214,
          0.909504,
          6.368014
        ],
        [
          -0.07101,
          -0.908424,
          -0.411975,
          1.411694
        ],
        [
          0.0,
          0.0,
          0.0,
          1.0
        ]
      ]
    },
    {
      "file_path": "/media/NFS/ttao/scannet/posed_images/scene0370_00/00153.jpg",
      "transform_matrix": [
        [
          0.996543,
          -0.05515,
          0.06214,
          1.387174
        ],
        [
          -0.079987,
          -0.434514,
          0.897106,
          6.436601
        ],
        [
          -0.022474,
          -0.898975,
          -0.437423,
          1.388277
        ],
        [
          0.0,
          0.0,
          0.0,
          1.0
        ]
      ]
    },
    {
      "file_path": "/media/NFS/ttao/scannet/posed_images/scene0370_00/00155.jpg",
      "transform_matrix": [
        [
          0.995974,
          -0.052866,
          0.07239,
          1.369805
        ],
        [
          -0.088197,
          -0.433681,
          0.89674,
          6.452732
        ],
        [
          -0.016012,
          -0.899514,
          -0.436598,
          1.383565
        ],
        [
          0.0,
          0.0,
          0.0,
          1.0
        ]
      ]
    },
    {
      "file_path": "/media/NFS/ttao/scannet/posed_images/scene0370_00/00165.jpg",
      "transform_matrix": [
        [
          0.981122,
          -0.095611,
          0.168101,
          1.243
        ],
        [
          -0.193072,
          -0.434495,
          0.879737,
          6.531278
        ],
        [
          -0.011073,
          -0.895585,
          -0.444752,
          1.388567
        ],
        [
          0.0,
          0.0,
          0.0,
          1.0
        ]
      ]
    },
    {
      "file_path": "/media/NFS/ttao/scannet/posed_images/scene0370_00/00170.jpg",
      "transform_matrix": [
        [
          0.977591,
          -0.091835,
          0.189424,
          1.185318
        ],
        [
          -0.210497,
          -0.43714,
          0.874414,
          6.550522
        ],
        [
          0.002503,
          -0.894693,
          -0.446675,
          1.383023
        ],
        [
          0.0,
          0.0,
          0.0,
          1.0
        ]
      ]
    },
    {
      "file_path": "/media/NFS/ttao/scannet/posed_images/scene0370_00/00174.jpg",
      "transform_matrix": [
        [
          0.976993,
          -0.065044,
          0.20311,
          1.147544
        ],
        [
          -0.210692,
          -0.442014,
          0.871913,
          6.561721
        ],
        [
          0.033065,
          -0.894647,
          -0.445549,
          1.36791
        ],
        [
          0.0,
          0.0,
          0.0,
          1.0
        ]
      ]
    },
    {
      "file_path": "/media/NFS/ttao/scannet/posed_images/scene0370_00/00183.jpg",
      "transform_matrix": [
        [
          0.981925,
          -0.016683,
          0.188534,
          1.103812
        ],
        [
          -0.17107,
          -0.504441,
          0.84633,
          6.582812
        ],
        [
          0.080985,
          -0.863285,
          -0.498177,
          1.338296
        ],
        [
          0.0,
          0.0,
          0.0,
          1.0
        ]
      ]
    },
    {
      "file_path": "/media/NFS/ttao/scannet/posed_images/scene0370_00/00185.jpg",
      "transform_matrix": [
        [
          0.981971,
          -0.012505,
          0.188619,
          1.098025
        ],
        [
          -0.168528,
          -0.509893,
          0.843568,
          6.586328
        ],
        [
          0.085627,
          -0.860147,
          -0.502807,
          1.334927
        ],
        [
          0.0,
          0.0,
          0.0,
          1.0
        ]
      ]
    },
    {
      "file_path": "/media/NFS/ttao/scannet/posed_images/scene0370_00/00195.jpg",
      "transform_matrix": [
        [
          0.983739,
          -0.026919,
          0.177574,
          1.095841
        ],
        [
          -0.16534,
          -0.521862,
          0.836853,
          6.596724
        ],
        [
          0.070142,
          -0.852605,
          -0.517827,
          1.347798
        ],
        [
          0.0,
          0.0,
          0.0,
          1.0
        ]
      ]
    },
    {
      "file_path": "/media/NFS/ttao/scannet/posed_images/scene0370_00/00200.jpg",
      "transform_matrix": [
        [
          0.982997,
          -0.050975,
          0.176402,
          1.123765
        ],
        [
          -0.176787,
          -0.522365,
          0.834195,
          6.593424
        ],
        [
          0.049623,
          -0.851197,
          -0.522495,
          1.361737
        ],
        [
          0.0,
          0.0,
          0.0,
          1.0
        ]
      ]
    },
    {
      "file_path": "/media/NFS/ttao/scannet/posed_images/scene0370_00/00210.jpg",
      "transform_matrix": [
        [
          0.97036,
          -0.128777,
          0.204496,
          1.313988
        ],
        [
          -0.240556,
          -0.433729,
          0.868339,
          6.508089
        ],
        [
          -0.023127,
          -0.891793,
          -0.451852,
          1.411857
        ],
        [
          0.0,
          0.0,
          0.0,
          1.0
        ]
      ]
    },
    {
      "file_path": "/media/NFS/ttao/scannet/posed_images/scene0370_00/00213.jpg",
      "transform_matrix": [
        [
          0.962288,
          -0.143005,
          0.23141,
          1.389303
        ],
        [
          -0.271007,
          -0.430175,
          0.861107,
          6.474913
        ],
        [
          -0.023596,
          -0.891347,
          -0.452708,
          1.411742
        ],
        [
          0.0,
          0.0,
          0.0,
          1.0
        ]
      ]
    },
    {
      "file_path": "/media/NFS/ttao/scannet/posed_images/scene0370_00/00217.jpg",
      "transform_matrix": [
        [
          0.962686,
          -0.132946,
          0.235712,
          1.482417
        ],
        [
          -0.270545,
          -0.452442,
          0.849766,
          6.427854
        ],
        [
          -0.006327,
          -0.881828,
          -0.471528,
          1.396221
        ],
        [
          0.0,
          0.0,
          0.0,
          1.0
        ]
      ]
    },
    {
      "file_path": "/media/NFS/ttao/scannet/posed_images/scene0370_00/00223.jpg",
      "transform_matrix": [
        [
          0.949136,
          -0.18496,
          0.254814,
          1.584349
        ],
        [
          -0.313579,
          -0.482185,
          0.818026,
          6.378333
        ],
        [
          -0.028435,
          -0.856322,
          -0.515658,
          1.400536
        ],
        [
          0.0,
          0.0,
          0.0,
          1.0
        ]
      ]
    },
    {
      "file_path": "/media/NFS/ttao/scannet/posed_images/scene0370_00/00232.jpg",
      "transform_matrix": [
        [
          0.896398,
          -0.264756,
          0.355493,
          1.622975
        ],
        [
          -0.441596,
          -0.46419,
          0.767802,
          6.346087
        ],
        [
          -0.038264,
          -0.845241,
          -0.533014,
          1.402287
        ],
        [
          0.0,
          0.0,
          0.0,
          1.0
        ]
      ]
    },
    {
      "file_path": "/media/NFS/ttao/scannet/posed_images/scene0370_00/00239.jpg",
      "transform_matrix": [
        [
          0.829982,
          -0.325223,
          0.453165,
          1.618165
        ],
        [
          -0.556916,
          -0.437723,
          0.705863,
          6.329854
        ],
        [
          -0.031202,
          -0.838229,
          -0.544425,
          1.406194
        ],
        [
          0.0,
          0.0,
          0.0,
          1.0
        ]
      ]
    },
    {
      "file_path": "/media/NFS/ttao/scannet/posed_images/scene0370_00/00247.jpg",
      "transform_matrix": [
        [
          0.753672,
          -0.374469,
          0.54014,
          1.649401
        ],
        [
          -0.655707,
          -0.372115,
          0.656946,
          6.286418
        ],
        [
          -0.045012,
          -0.849296,
          -0.525995,
          1.4288
        ],
        [
          0.0,
          0.0,
          0.0,
          1.0
        ]
      ]
    },
    {
      "file_path": "/media/NFS/ttao/scannet/posed_images/scene0370_00/00251.jpg",
      "transform_matrix": [
        [
          0.743699,
          -0.368705,
          0.557646,
          1.681978
        ],
        [
          -0.665421,
          -0.328111,
          0.670491,
          6.244906
        ],
        [
          -0.064244,
          -0.869712,
          -0.48936,
          1.454595
        ],
        [
          0.0,
          0.0,
          0.0,
          1.0
        ]
      ]
    },
    {
      "file_path": "/media/NFS/ttao/scannet/posed_images/scene0370_00/00258.jpg",
      "transform_matrix": [
        [
          0.754934,
          -0.313402,
          0.576067,
          1.7593
        ],
        [
          -0.653903,
          -0.292969,
          0.697553,
          6.169426
        ],
        [
          -0.049845,
          -0.903298,
          -0.426107,
          1.49018
        ],
        [
          0.0,
          0.0,
          0.0,
          1.0
        ]
      ]
    },
    {
      "file_path": "/media/NFS/ttao/scannet/posed_images/scene0370_00/00260.jpg",
      "transform_matrix": [
        [
          0.763741,
          -0.300853,
          0.571127,
          1.783135
        ],
        [
          -0.643879,
          -0.291955,
          0.707235,
          6.143535
        ],
        [
          -0.04603,
          -0.907882,
          -0.416691,
          1.490655
        ],
        [
          0.0,
          0.0,
          0.0,
          1.0
        ]
      ]
    },
    {
      "file_path": "/media/NFS/ttao/scannet/posed_images/scene0370_00/00268.jpg",
      "transform_matrix": [
        [
          0.749331,
          -0.336218,
          0.570491,
          1.852508
        ],
        [
          -0.659971,
          -0.308627,
          0.684973,
          6.075751
        ],
        [
          -0.054231,
          -0.889779,
          -0.453158,
          1.458476
        ],
        [
          0.0,
          0.0,
          0.0,
          1.0
        ]
      ]
    },
    {
      "file_path": "/media/NFS/ttao/scannet/posed_images/scene0370_00/00273.jpg",
      "transform_matrix": [
        [
          0.674502,
          -0.409943,
          0.613998,
          1.916577
        ],
        [
          -0.735089,
          -0.295752,
          0.610062,
          6.039225
        ],
        [
          -0.0685,
          -0.862831,
          -0.50083,
          1.459517
        ],
        [
          0.0,
          0.0,
          0.0,
          1.0
        ]
      ]
    },
    {
      "file_path": "/media/NFS/ttao/scannet/posed_images/scene0370_00/00279.jpg",
      "transform_matrix": [
        [
          0.575626,
          -0.46508,
          0.672573,
          1.951912
        ],
        [
          -0.814134,
          -0.249091,
          0.524537,
          6.016982
        ],
        [
          -0.076419,
          -0.849502,
          -0.522021,
          1.453629
        ],
        [
          0.0,
          0.0,
          0.0,
          1.0
        ]
      ]
    },
    {
      "file_path": "/media/NFS/ttao/scannet/posed_images/scene0370_00/00288.jpg",
      "transform_matrix": [
        [
          0.509986,
          -0.476411,
          0.716203,
          1.979753
        ],
        [
          -0.858504,
          -0.229907,
          0.458382,
          6.006358
        ],
        [
          -0.053718,
          -0.848631,
          -0.52625,
          1.465427
        ],
        [
          0.0,
          0.0,
          0.0,
          1.0
        ]
      ]
    },
    {
      "file_path": "/media/NFS/ttao/scannet/posed_images/scene0370_00/00292.jpg",
      "transform_matrix": [
        [
          0.45948,
          -0.468982,
          0.754277,
          1.969474
        ],
        [
          -0.887774,
          -0.216567,
          0.406148,
          6.017817
        ],
        [
          -0.027125,
          -0.856244,
          -0.515859,
          1.474482
        ],
        [
          0.0,
          0.0,
          0.0,
          1.0
        ]
      ]
    },
    {
      "file_path": "/media/NFS/ttao/scannet/posed_images/scene0370_00/00303.jpg",
      "transform_matrix": [
        [
          0.294874,
          -0.516817,
          0.80371,
          1.883959
        ],
        [
          -0.955261,
          -0.139243,
          0.260938,
          6.079237
        ],
        [
          -0.022946,
          -0.844696,
          -0.534754,
          1.457141
        ],
        [
          0.0,
          0.0,
          0.0,
          1.0
        ]
      ]
    },
    {
      "file_path": "/media/NFS/ttao/scannet/posed_images/scene0370_00/00309.jpg",
      "transform_matrix": [
        [
          0.200846,
          -0.557512,
          0.805507,
          1.836986
        ],
        [
          -0.979557,
          -0.104794,
          0.171714,
          6.109426
        ],
        [
          -0.01132,
          -0.823528,
          -0.567162,
          1.451395
        ],
        [
          0.0,
          0.0,
          0.0,
          1.0
        ]
      ]
    },
    {
      "file_path": "/media/NFS/ttao/scannet/posed_images/scene0370_00/00314.jpg",
      "transform_matrix": [
        [
          0.106114,
          -0.539764,
          0.835102,
          1.809154
        ],
        [
          -0.994348,
          -0.060439,
          0.087285,
          6.113657
        ],
        [
          0.003359,
          -0.839644,
          -0.543126,
          1.461592
        ],
        [
          0.0,
          0.0,
          0.0,
          1.0
        ]
      ]
    },
    {
      "file_path": "/media/NFS/ttao/scannet/posed_images/scene0370_00/00320.jpg",
      "transform_matrix": [
        [
          0.012048,
          -0.525619,
          0.850635,
          1.81401
        ],
        [
          -0.999924,
          -0.008773,
          0.008741,
          6.099171
        ],
        [
          0.002868,
          -0.850675,
          -0.525685,
          1.46756
        ],
        [
          0.0,
          0.0,
          0.0,
          1.0
        ]
      ]
    },
    {
      "file_path": "/media/NFS/ttao/scannet/posed_images/scene0370_00/00327.jpg",
      "transform_matrix": [
        [
          -0.089971,
          -0.501486,
          0.860475,
          1.847134
        ],
        [
          -0.995923,
          0.039576,
          -0.081069,
          6.067745
        ],
        [
          0.0066,
          -0.86426,
          -0.503002,
          1.488328
        ],
        [
          0.0,
          0.0,
          0.0,
          1.0
        ]
      ]
    },
    {
      "file_path": "/media/NFS/ttao/scannet/posed_images/scene0370_00/00333.jpg",
      "transform_matrix": [
        [
          -0.14649,
          -0.478403,
          0.865835,
          1.884149
        ],
        [
          -0.989201,
          0.07498,
          -0.125933,
          6.02676
        ],
        [
          -0.004674,
          -0.874933,
          -0.484221,
          1.487219
        ],
        [
          0.0,
          0.0,
          0.0,
          1.0
        ]
      ]
    },
    {
      "file_path": "/media/NFS/ttao/scannet/posed_images/scene0370_00/00337.jpg",
      "transform_matrix": [
        [
          -0.160893,
          -0.472268,
          0.866646,
          1.917635
        ],
        [
          -0.986849,
          0.090821,
          -0.133717,
          6.012292
        ],
        [
          -0.01556,
          -0.876764,
          -0.48067,
          1.486756
        ],
        [
          0.0,
          0.0,
          0.0,
          1.0
        ]
      ]
    },
    {
      "file_path": "/media/NFS/ttao/scannet/posed_images/scene0370_00/00346.jpg",
      "transform_matrix": [
        [
          -0.177818,
          -0.444215,
          0.878097,
          2.01894
        ],
        [
          -0.983279,
          0.115824,
          -0.140525,
          5.957107
        ],
        [
          -0.039281,
          -0.888402,
          -0.457383,
          1.494976
        ],
        [
          0.0,
          0.0,
          0.0,
          1.0
        ]
      ]
    },
    {
      "file_path": "/media/NFS/ttao/scannet/posed_images/scene0370_00/00350.jpg",
      "transform_matrix": [
        [
          -0.184377,
          -0.433398,
          0.88214,
          2.069316
        ],
        [
          -0.981865,
          0.121515,
          -0.14552,
          5.944874
        ],
        [
          -0.044125,
          -0.892972,
          -0.447943,
          1.49397
        ],
        [
          0.0,
          0.0,
          0.0,
          1.0
        ]
      ]
    },
    {
      "file_path": "/media/NFS/ttao/scannet/posed_images/scene0370_00/00354.jpg",
      "transform_matrix": [
        [
          -0.191326,
          -0.442281,
          0.876232,
          2.108241
        ],
        [
          -0.980917,
          0.117633,
          -0.154808,
          5.924021
        ],
        [
          -0.034605,
          -0.889129,
          -0.456346,
          1.492979
        ],
        [
          0.0,
          0.0,
          0.0,
          1.0
        ]
      ]
    },
    {
      "file_path": "/media/NFS/ttao/scannet/posed_images/scene0370_00/00361.jpg",
      "transform_matrix": [
        [
          -0.244287,
          -0.422147,
          0.872992,
          2.200134
        ],
        [
          -0.969567,
          0.12142,
          -0.212597,
          5.932191
        ],
        [
          -0.016251,
          -0.898359,
          -0.438961,
          1.491945
        ],
        [
          0.0,
          0.0,
          0.0,
          1.0
        ]
      ]
    },
    {
      "file_path": "/media/NFS/ttao/scannet/posed_images/scene0370_00/00370.jpg",
      "transform_matrix": [
        [
          -0.349481,
          -0.410772,
          0.842098,
          2.302064
        ],
        [
          -0.936831,
          0.167093,
          -0.30729,
          6.000097
        ],
        [
          -0.014482,
          -0.896296,
          -0.44322,
          1.473361
        ],
        [
          0.0,
          0.0,
          0.0,
          1.0
        ]
      ]
    },
    {
      "file_path": "/media/NFS/ttao/scannet/posed_images/scene0370_00/00374.jpg",
      "transform_matrix": [
        [
          -0.376462,
          -0.424306,
          0.823553,
          2.355723
        ],
        [
          -0.926257,
          0.189636,
          -0.325707,
          6.037735
        ],
        [
          -0.017976,
          -0.885439,
          -0.464408,
          1.470465
        ],
        [
          0.0,
          0.0,
          0.0,
          1.0
        ]
      ]
    },
    {
      "file_path": "/media/NFS/ttao/scannet/posed_images/scene0370_00/00384.jpg",
      "transform_matrix": [
        [
          -0.462436,
          -0.450446,
          0.763709,
          2.498161
        ],
        [
          -0.886363,
          0.212851,
          -0.411162,
          6.10757
        ],
        [
          0.02265,
          -0.86706,
          -0.497689,
          1.452992
        ],
        [
          0.0,
          0.0,
          0.0,
          1.0
        ]
      ]
    },
    {
      "file_path": "/media/NFS/ttao/scannet/posed_images/scene0370_00/00385.jpg",
      "transform_matrix": [
        [
          -0.466152,
          -0.450984,
          0.761128,
          2.509873
        ],
        [
          -0.884363,
          0.213609,
          -0.415059,
          6.110825
        ],
        [
          0.024601,
          -0.866594,
          -0.498408,
          1.450556
        ],
        [
          0.0,
          0.0,
          0.0,
          1.0
        ]
      ]
    },
    {
      "file_path": "/media/NFS/ttao/scannet/posed_images/scene0370_00/00395.jpg",
      "transform_matrix": [
        [
          -0.506413,
          -0.394653,
          0.766677,
          2.690537
        ],
        [
          -0.862251,
          0.240331,
          -0.445831,
          6.134275
        ],
        [
          -0.008308,
          -0.886843,
          -0.461997,
          1.434057
        ],
        [
          0.0,
          0.0,
          0.0,
          1.0
        ]
      ]
    },
    {
      "file_path": "/media/NFS/ttao/scannet/posed_images/scene0370_00/00400.jpg",
      "transform_matrix": [
        [
          -0.565571,
          -0.395966,
          0.723423,
          2.803711
        ],
        [
          -0.824694,
          0.268162,
          -0.497965,
          6.128989
        ],
        [
          0.003183,
          -0.878237,
          -0.478216,
          1.434785
        ],
        [
          0.0,
          0.0,
          0.0,
          1.0
        ]
      ]
    },
    {
      "file_path": "/media/NFS/ttao/scannet/posed_images/scene0370_00/00406.jpg",
      "transform_matrix": [
        [
          -0.630601,
          -0.393503,
          0.668953,
          2.933306
        ],
        [
          -0.775301,
          0.28011,
          -0.566081,
          6.142805
        ],
        [
          0.035374,
          -0.875611,
          -0.48172,
          1.428979
        ],
        [
          0.0,
          0.0,
          0.0,
          1.0
        ]
      ]
    },
    {
      "file_path": "/media/NFS/ttao/scannet/posed_images/scene0370_00/00415.jpg",
      "transform_matrix": [
        [
          -0.7334,
          -0.353768,
          0.580493,
          3.12898
        ],
        [
          -0.67911,
          0.342901,
          -0.649021,
          6.20607
        ],
        [
          0.030551,
          -0.870211,
          -0.491731,
          1.419317
        ],
        [
          0.0,
          0.0,
          0.0,
          1.0
        ]
      ]
    },
    {
      "file_path": "/media/NFS/ttao/scannet/posed_images/scene0370_00/00421.jpg",
      "transform_matrix": [
        [
          -0.797673,
          -0.312648,
          0.515721,
          3.271912
        ],
        [
          -0.602888,
          0.391256,
          -0.695302,
          6.239236
        ],
        [
          0.015605,
          -0.865546,
          -0.500586,
          1.442173
        ],
        [
          0.0,
          0.0,
          0.0,
          1.0
        ]
      ]
    },
    {
      "file_path": "/media/NFS/ttao/scannet/posed_images/scene0370_00/00425.jpg",
      "transform_matrix": [
        [
          -0.821872,
          -0.303285,
          0.482228,
          3.348444
        ],
        [
          -0.569248,
          0.404574,
          -0.715735,
          6.250706
        ],
        [
          0.021975,
          -0.86275,
          -0.505153,
          1.439472
        ],
        [
          0.0,
          0.0,
          0.0,
          1.0
        ]
      ]
    },
    {
      "file_path": "/media/NFS/ttao/scannet/posed_images/scene0370_00/00428.jpg",
      "transform_matrix": [
        [
          -0.825908,
          -0.312545,
          0.469243,
          3.410185
        ],
        [
          -0.563087,
          0.415327,
          -0.714448,
          6.262453
        ],
        [
          0.028408,
          -0.854295,
          -0.519013,
          1.42762
        ],
        [
          0.0,
          0.0,
          0.0,
          1.0
        ]
      ]
    },
    {
      "file_path": "/media/NFS/ttao/scannet/posed_images/scene0370_00/00436.jpg",
      "transform_matrix": [
        [
          -0.850432,
          -0.274725,
          0.448654,
          3.577613
        ],
        [
          -0.526013,
          0.429975,
          -0.733779,
          6.286313
        ],
        [
          0.008677,
          -0.860028,
          -0.510174,
          1.411562
        ],
        [
          0.0,
          0.0,
          0.0,
          1.0
        ]
      ]
    },
    {
      "file_path": "/media/NFS/ttao/scannet/posed_images/scene0370_00/00445.jpg",
      "transform_matrix": [
        [
          -0.908891,
          -0.241618,
          0.339908,
          3.753057
        ],
        [
          -0.415288,
          0.449881,
          -0.79066,
          6.333845
        ],
        [
          0.03812,
          -0.859784,
          -0.509234,
          1.425909
        ],
        [
          0.0,
          0.0,
          0.0,
          1.0
        ]
      ]
    },
    {
      "file_path": "/media/NFS/ttao/scannet/posed_images/scene0370_00/00451.jpg",
      "transform_matrix": [
        [
          -0.94941,
          -0.191415,
          0.248961,
          3.858711
        ],
        [
          -0.311878,
          0.481841,
          -0.818878,
          6.404173
        ],
        [
          0.036785,
          -0.855096,
          -0.517163,
          1.410972
        ],
        [
          0.0,
          0.0,
          0.0,
          1.0
        ]
      ]
    },
    {
      "file_path": "/media/NFS/ttao/scannet/posed_images/scene0370_00/00455.jpg",
      "transform_matrix": [
        [
          -0.97171,
          -0.13383,
          0.194601,
          3.923382
        ],
        [
          -0.235612,
          0.492283,
          -0.837941,
          6.479892
        ],
        [
          0.016343,
          -0.860085,
          -0.509888,
          1.402579
        ],
        [
          0.0,
          0.0,
          0.0,
          1.0
        ]
      ]
    },
    {
      "file_path": "/media/NFS/ttao/scannet/posed_images/scene0370_00/00460.jpg",
      "transform_matrix": [
        [
          -0.983912,
          -0.102764,
          0.146143,
          4.017627
        ],
        [
          -0.178426,
          0.523691,
          -0.833014,
          6.567615
        ],
        [
          0.009071,
          -0.845688,
          -0.533601,
          1.4026
        ],
        [
          0.0,
          0.0,
          0.0,
          1.0
        ]
      ]
    },
    {
      "file_path": "/media/NFS/ttao/scannet/posed_images/scene0370_00/00471.jpg",
      "transform_matrix": [
        [
          -0.980415,
          -0.142071,
          0.136393,
          4.117049
        ],
        [
          -0.194033,
          0.578159,
          -0.792518,
          6.66874
        ],
        [
          0.033737,
          -0.80346,
          -0.594402,
          1.388125
        ],
        [
          0.0,
          0.0,
          0.0,
          1.0
        ]
      ]
    },
    {
      "file_path": "/media/NFS/ttao/scannet/posed_images/scene0370_00/00473.jpg",
      "transform_matrix": [
        [
          -0.981071,
          -0.142765,
          0.130838,
          4.129401
        ],
        [
          -0.18973,
          0.573381,
          -0.797018,
          6.673836
        ],
        [
          0.038766,
          -0.806754,
          -0.589614,
          1.394767
        ],
        [
          0.0,
          0.0,
          0.0,
          1.0
        ]
      ]
    },
    {
      "file_path": "/media/NFS/ttao/scannet/posed_images/scene0370_00/00479.jpg",
      "transform_matrix": [
        [
          -0.980329,
          -0.157277,
          0.119245,
          4.163119
        ],
        [
          -0.185008,
          0.521786,
          -0.832774,
          6.707888
        ],
        [
          0.068756,
