{
  "frames": [
    {
      "file_path": "/media/NFS/ttao/scannet/posed_images/scene0000_00/00000.jpg",
      "transform_matrix": [
        [
          -0.955421,
          0.119616,
          -0.269932,
          2.65583
        ],
        [
          0.295248,
          0.388339,
          -0.872939,
          2.981598
        ],
        [
          0.000408,
          -0.91372,
          -0.406343,
          1.368648
        ],
        [
          0.0,
          0.0,
          0.0,
          1.0
        ]
      ]
    },
    {
      "file_path": "/media/NFS/ttao/scannet/posed_images/scene0000_00/00028.jpg",
      "transform_matrix": [
        [
          -0.920483,
          0.230925,
          -0.315254,
          2.600178
        ],
        [
          0.390781,
          0.541213,
          -0.744566,
          3.075339
        ],
        [
          -0.001319,
          -0.808555,
          -0.588419,
          1.279156
        ],
        [
          0.0,
          0.0,
          0.0,
          1.0
        ]
      ]
    },
    {
      "file_path": "/media/NFS/ttao/scannet/posed_images/scene0000_00/00045.jpg",
      "transform_matrix": [
        [
          -0.856915,
          0.32568,
          -0.399537,
          2.569247
        ],
        [
          0.514507,
          0.49336,
          -0.70134,
          3.235233
        ],
        [
          -0.031297,
          -0.806553,
          -0.590332,
          1.312552
        ],
        [
          0.0,
          0.0,
          0.0,
          1.0
        ]
      ]
    },
    {
      "file_path": "/media/NFS/ttao/scannet/posed_images/scene0000_00/00050.jpg",
      "transform_matrix": [
        [
          -0.837917,
          0.340189,
          -0.426809,
          2.542137
        ],
        [
          0.544294,
          0.462818,
          -0.699674,
          3.275374
        ],
        [
          -0.040486,
          -0.818578,
          -0.572966,
          1.317796
        ],
        [
          0.0,
          0.0,
          0.0,
          1.0
        ]
      ]
    },
    {
      "file_path": "/media/NFS/ttao/scannet/posed_images/scene0000_00/00073.jpg",
      "transform_matrix": [
        [
          -0.890227,
          0.206662,
          -0.40594,
          2.514433
        ],
        [
          0.455481,
          0.392445,
          -0.799077,
          3.340526
        ],
        [
          -0.00583,
          -0.896258,
          -0.443496,
          1.409754
        ],
        [
          0.0,
          0.0,
          0.0,
          1.0
        ]
      ]
    },
    {
      "file_path": "/media/NFS/ttao/scannet/posed_images/scene0000_00/00100.jpg",
      "transform_matrix": [
        [
          -0.924645,
          0.111265,
          -0.364214,
          2.770857
        ],
        [
          0.380379,
          0.223266,
          -0.897477,
          3.310602
        ],
        [
          -0.018542,
          -0.968386,
          -0.248764,
          1.486608
        ],
        [
          0.0,
          0.0,
          0.0,
          1.0
        ]
      ]
    },
    {
      "file_path": "/media/NFS/ttao/scannet/posed_images/scene0000_00/00123.jpg",
      "transform_matrix": [
        [
          -0.942094,
          0.01357,
          -0.335074,
          2.697421
        ],
        [
          0.335142,
          0.073165,
          -0.939323,
          3.190192
        ],
        [
          0.011769,
          -0.997227,
          -0.073476,
          1.597051
        ],
        [
          0.0,
          0.0,
          0.0,
          1.0
        ]
      ]
    },
    {
      "file_path": "/media/NFS/ttao/scannet/posed_images/scene0000_00/00134.jpg",
      "transform_matrix": [
        [
          -0.945843,
          0.009648,
          -0.324482,
          2.713701
        ],
        [
          0.324603,
          0.039647,
          -0.945019,
          3.124563
        ],
        [
          0.003748,
          -0.999167,
          -0.040632,
          1.65356
        ],
        [
          0.0,
          0.0,
          0.0,
          1.0
        ]
      ]
    },
    {
      "file_path": "/media/NFS/ttao/scannet/posed_images/scene0000_00/00145.jpg",
      "transform_matrix": [
        [
          -0.971481,
          0.007848,
          -0.236987,
          2.852291
        ],
        [
          0.237063,
          0.053396,
          -0.970026,
          3.049531
        ],
        [
          0.005042,
          -0.998542,
          -0.053734,
          1.618184
        ],
        [
          0.0,
          0.0,
          0.0,
          1.0
        ]
      ]
    },
    {
      "file_path": "/media/NFS/ttao/scannet/posed_images/scene0000_00/00178.jpg",
      "transform_matrix": [
        [
          -0.983934,
          0.05124,
          -0.171023,
          2.983003
        ],
        [
          0.177427,
          0.387163,
          -0.904779,
          2.972764
        ],
        [
          0.019853,
          -0.920586,
          -0.390034,
          1.410202
        ],
        [
          0.0,
          0.0,
          0.0,
          1.0
        ]
      ]
    },
    {
      "file_path": "/media/NFS/ttao/scannet/posed_images/scene0000_00/00184.jpg",
      "transform_matrix": [
        [
          -0.990635,
          0.052886,
          -0.125878,
          2.974114
        ],
        [
          0.136509,
          0.402228,
          -0.905305,
          2.976615
        ],
        [
          0.002754,
          -0.914011,
          -0.405681,
          1.392577
        ],
        [
          0.0,
          0.0,
          0.0,
          1.0
        ]
      ]
    },
    {
      "file_path": "/media/NFS/ttao/scannet/posed_images/scene0000_00/00206.jpg",
      "transform_matrix": [
        [
          -0.999757,
          0.022029,
          0.000657,
          2.778858
        ],
        [
          0.009478,
          0.456692,
          -0.889574,
          2.976845
        ],
        [
          -0.019897,
          -0.889352,
          -0.45679,
          1.386636
        ],
        [
          0.0,
          0.0,
          0.0,
          1.0
        ]
      ]
    },
    {
      "file_path": "/media/NFS/ttao/scannet/posed_images/scene0000_00/00223.jpg",
      "transform_matrix": [
        [
          -0.993061,
          0.081411,
          -0.084865,
          3.086596
        ],
        [
          0.11322,
          0.46674,
          -0.877118,
          2.963489
        ],
        [
          -0.031797,
          -0.88064,
          -0.472718,
          1.370543
        ],
        [
          0.0,
          0.0,
          0.0,
          1.0
        ]
      ]
    },
    {
      "file_path": "/media/NFS/ttao/scannet/posed_images/scene0000_00/00240.jpg",
      "transform_matrix": [
        [
          -0.980307,
          0.093453,
          -0.17397,
          3.396641
        ],
        [
          0.197103,
          0.408471,
          -0.891236,
          2.820357
        ],
        [
          -0.012227,
          -0.907975,
          -0.418846,
          1.358235
        ],
        [
          0.0,
          0.0,
          0.0,
          1.0
        ]
      ]
    },
    {
      "file_path": "/media/NFS/ttao/scannet/posed_images/scene0000_00/00268.jpg",
      "transform_matrix": [
        [
          -0.903369,
          0.168463,
          -0.394392,
          3.891358
        ],
        [
          0.428863,
          0.352227,
          -0.831873,
          2.594238
        ],
        [
          -0.001225,
          -0.920628,
          -0.390438,
          1.390191
        ],
        [
          0.0,
          0.0,
          0.0,
          1.0
        ]
      ]
    },
    {
      "file_path": "/media/NFS/ttao/scannet/posed_images/scene0000_00/00273.jpg",
      "transform_matrix": [
        [
          -0.895043,
          0.168455,
          -0.412941,
          3.958425
        ],
        [
          0.445953,
          0.348262,
          -0.824524,
          2.560427
        ],
        [
          0.004916,
          -0.922137,
          -0.386833,
          1.380771
        ],
        [
          0.0,
          0.0,
          0.0,
          1.0
        ]
      ]
    },
    {
      "file_path": "/media/NFS/ttao/scannet/posed_images/scene0000_00/00307.jpg",
      "transform_matrix": [
        [
          -0.949841,
          0.160836,
          -0.268205,
          3.746206
        ],
        [
          0.309394,
          0.358299,
          -0.88085,
          2.733396
        ],
        [
          -0.045575,
          -0.919649,
          -0.390088,
          1.414953
        ],
        [
          0.0,
          0.0,
          0.0,
          1.0
        ]
      ]
    },
    {
      "file_path": "/media/NFS/ttao/scannet/posed_images/scene0000_00/00312.jpg",
      "transform_matrix": [
        [
          -0.967034,
          0.125254,
          -0.221715,
          3.64678
        ],
        [
          0.253649,
          0.396681,
          -0.882217,
          2.821335
        ],
        [
          -0.022551,
          -0.909371,
          -0.415375,
          1.399432
        ],
        [
          0.0,
          0.0,
          0.0,
          1.0
        ]
      ]
    },
    {
      "file_path": "/media/NFS/ttao/scannet/posed_images/scene0000_00/00346.jpg",
      "transform_matrix": [
        [
          -0.982628,
          -0.063616,
          0.174341,
          2.882863
        ],
        [
          -0.185048,
          0.407254,
          -0.894372,
          2.98893
        ],
        [
          -0.014105,
          -0.911097,
          -0.411952,
          1.38841
        ],
        [
          0.0,
          0.0,
          0.0,
          1.0
        ]
      ]
    },
    {
      "file_path": "/media/NFS/ttao/scannet/posed_images/scene0000_00/00357.jpg",
      "transform_matrix": [
        [
          -0.942629,
          -0.113915,
          0.313805,
          2.598986
        ],
        [
          -0.330919,
          0.442934,
          -0.833248,
          2.949727
        ],
        [
          -0.044076,
          -0.889288,
          -0.455219,
          1.381733
        ],
        [
          0.0,
          0.0,
          0.0,
          1.0
        ]
      ]
    },
    {
      "file_path": "/media/NFS/ttao/scannet/posed_images/scene0000_00/00368.jpg",
      "transform_matrix": [
        [
          -0.920685,
          -0.20288,
          0.333436,
          2.410151
        ],
        [
          -0.389295,
          0.415834,
          -0.821907,
          2.783009
        ],
        [
          0.028094,
          -0.886522,
          -0.461833,
          1.394483
        ],
        [
          0.0,
          0.0,
          0.0,
          1.0
        ]
      ]
    },
    {
      "file_path": "/media/NFS/ttao/scannet/posed_images/scene0000_00/00385.jpg",
      "transform_matrix": [
        [
          -0.792574,
          -0.261417,
          0.550898,
          2.168106
        ],
        [
          -0.60955,
          0.315049,
          -0.727456,
          2.522436
        ],
        [
          0.016609,
          -0.912362,
          -0.409046,
          1.433807
        ],
        [
          0.0,
          0.0,
          0.0,
          1.0
        ]
      ]
    },
    {
      "file_path": "/media/NFS/ttao/scannet/posed_images/scene0000_00/00407.jpg",
      "transform_matrix": [
        [
          -0.647931,
          -0.284718,
          0.706485,
          2.015994
        ],
        [
          -0.76139,
          0.215681,
          -0.611364,
          2.34558
        ],
        [
          0.021691,
          -0.934033,
          -0.356528,
          1.478463
        ],
        [
          0.0,
          0.0,
          0.0,
          1.0
        ]
      ]
    },
    {
      "file_path": "/media/NFS/ttao/scannet/posed_images/scene0000_00/00435.jpg",
      "transform_matrix": [
        [
          -0.725471,
          -0.104041,
          0.680344,
          2.018921
        ],
        [
          -0.687029,
          0.050532,
          -0.724871,
          2.414276
        ],
        [
          0.041037,
          -0.993288,
          -0.108138,
          1.624388
        ],
        [
          0.0,
          0.0,
          0.0,
          1.0
        ]
      ]
    },
    {
      "file_path": "/media/NFS/ttao/scannet/posed_images/scene0000_00/00446.jpg",
      "transform_matrix": [
        [
          -0.792942,
          -0.080182,
          0.603998,
          2.057571
        ],
        [
          -0.608537,
          0.054721,
          -0.791636,
          2.507686
        ],
        [
          0.030423,
          -0.995277,
          -0.092184,
          1.609977
        ],
        [
          0.0,
          0.0,
          0.0,
          1.0
        ]
      ]
    },
    {
      "file_path": "/media/NFS/ttao/scannet/posed_images/scene0000_00/00474.jpg",
      "transform_matrix": [
        [
          -0.727389,
          -0.180691,
          0.66201,
          2.16725
        ],
        [
          -0.686222,
          0.188341,
          -0.702586,
          2.641153
        ],
        [
          0.002268,
          -0.965339,
          -0.260991,
          1.503716
        ],
        [
          0.0,
          0.0,
          0.0,
          1.0
        ]
      ]
    },
    {
      "file_path": "/media/NFS/ttao/scannet/posed_images/scene0000_00/00480.jpg",
      "transform_matrix": [
        [
          -0.722563,
          -0.217005,
          0.656363,
          2.198111
        ],
        [
          -0.691286,
          0.233932,
          -0.683666,
          2.606194
        ],
        [
          -0.005185,
          -0.947726,
          -0.319043,
          1.479612
        ],
        [
          0.0,
          0.0,
          0.0,
          1.0
        ]
      ]
    },
    {
      "file_path": "/media/NFS/ttao/scannet/posed_images/scene0000_00/00496.jpg",
      "transform_matrix": [
        [
          -0.657572,
          -0.315186,
          0.684293,
          2.301836
        ],
        [
          -0.753383,
          0.270775,
          -0.599245,
          2.517838
        ],
        [
          0.003584,
          -0.909581,
          -0.41551,
          1.408919
        ],
        [
          0.0,
          0.0,
          0.0,
          1.0
        ]
      ]
    },
    {
      "file_path": "/media/NFS/ttao/scannet/posed_images/scene0000_00/00530.jpg",
      "transform_matrix": [
        [
          -0.744046,
          -0.387152,
          0.544526,
          2.541718
        ],
        [
          -0.66739,
          0.392356,
          -0.632967,
          2.850052
        ],
        [
          0.031407,
          -0.834368,
          -0.550312,
          1.33088
        ],
        [
          0.0,
          0.0,
          0.0,
          1.0
        ]
      ]
    },
    {
      "file_path": "/media/NFS/ttao/scannet/posed_images/scene0000_00/00535.jpg",
      "transform_matrix": [
        [
          -0.777906,
          -0.355917,
          0.517867,
          2.592132
        ],
        [
          -0.626876,
          0.382535,
          -0.678744,
          2.894192
        ],
        [
          0.043475,
          -0.852637,
          -0.520692,
          1.321258
        ],
        [
          0.0,
          0.0,
          0.0,
          1.0
        ]
      ]
    },
    {
      "file_path": "/media/NFS/ttao/scannet/posed_images/scene0000_00/00563.jpg",
      "transform_matrix": [
        [
          -0.974661,
          -0.028166,
          0.221905,
          3.196668
        ],
        [
          -0.21357,
          0.412134,
          -0.885739,
          3.120712
        ],
        [
          -0.066507,
          -0.910688,
          -0.407707,
          1.368985
        ],
        [
          0.0,
          0.0,
          0.0,
          1.0
        ]
      ]
    },
    {
      "file_path": "/media/NFS/ttao/scannet/posed_images/scene0000_00/00580.jpg",
      "transform_matrix": [
        [
          -0.984428,
          -0.082327,
          0.155321,
          3.410414
        ],
        [
          -0.175487,
          0.408358,
          -0.895795,
          3.29689
        ],
        [
          0.010321,
          -0.909102,
          -0.416446,
          1.385068
        ],
        [
          0.0,
          0.0,
          0.0,
          1.0
        ]
      ]
    },
    {
      "file_path": "/media/NFS/ttao/scannet/posed_images/scene0000_00/00591.jpg",
      "transform_matrix": [
        [
          -0.972327,
          -0.106657,
          0.207859,
          3.386302
        ],
        [
          -0.23254,
          0.356141,
          -0.905035,
          3.33909
        ],
        [
          0.022501,
          -0.928325,
          -0.371088,
          1.422472
        ],
        [
          0.0,
          0.0,
          0.0,
          1.0
        ]
      ]
    },
    {
      "file_path": "/media/NFS/ttao/scannet/posed_images/scene0000_00/00608.jpg",
      "transform_matrix": [
        [
          -0.88857,
          -0.167334,
          0.427132,
          3.136926
        ],
        [
          -0.458275,
          0.281865,
          -0.842933,
          3.373882
        ],
        [
          0.020658,
          -0.944749,
          -0.327142,
          1.450287
        ],
        [
          0.0,
          0.0,
          0.0,
          1.0
        ]
      ]
    },
    {
      "file_path": "/media/NFS/ttao/scannet/posed_images/scene0000_00/00636.jpg",
      "transform_matrix": [
        [
          -0.754181,
          -0.13637,
          0.64235,
          2.888724
        ],
        [
          -0.654622,
          0.079,
          -0.751817,
          3.134355
        ],
        [
          0.05178,
          -0.987503,
          -0.148851,
          1.593794
        ],
        [
          0.0,
          0.0,
          0.0,
          1.0
        ]
      ]
    },
    {
      "file_path": "/media/NFS/ttao/scannet/posed_images/scene0000_00/00647.jpg",
      "transform_matrix": [
        [
          -0.666775,
          -0.119151,
          0.735673,
          2.805076
        ],
        [
          -0.744098,
          0.05134,
          -0.666095,
          3.03323
        ],
        [
          0.041596,
          -0.991548,
          -0.122892,
          1.611807
        ],
        [
          0.0,
          0.0,
          0.0,
          1.0
        ]
      ]
    },
    {
      "file_path": "/media/NFS/ttao/scannet/posed_images/scene0000_00/00675.jpg",
      "transform_matrix": [
        [
          -0.581813,
          -0.272669,
          0.766254,
          2.644362
        ],
        [
          -0.813184,
          0.177584,
          -0.554253,
          2.919732
        ],
        [
          0.015053,
          -0.945577,
          -0.325051,
          1.455482
        ],
        [
          0.0,
          0.0,
          0.0,
          1.0
        ]
      ]
    },
    {
      "file_path": "/media/NFS/ttao/scannet/posed_images/scene0000_00/00697.jpg",
      "transform_matrix": [
        [
          -0.527166,
          -0.429107,
          0.733459,
          2.655524
        ],
        [
          -0.849746,
          0.260831,
          -0.458148,
          3.262153
        ],
        [
          0.005286,
          -0.864774,
          -0.502133,
          1.352257
        ],
        [
          0.0,
          0.0,
          0.0,
          1.0
        ]
      ]
    },
    {
      "file_path": "/media/NFS/ttao/scannet/posed_images/scene0000_00/00703.jpg",
      "transform_matrix": [
        [
          -0.512343,
          -0.427687,
          0.744707,
          2.683353
        ],
        [
          -0.858479,
          0.232063,
          -0.457341,
          3.347199
        ],
        [
          0.02278,
          -0.87363,
          -0.486056,
          1.379932
        ],
        [
          0.0,
          0.0,
          0.0,
          1.0
        ]
      ]
    },
    {
      "file_path": "/media/NFS/ttao/scannet/posed_images/scene0000_00/00720.jpg",
      "transform_matrix": [
        [
          -0.474853,
          -0.421351,
          0.772643,
          2.882596
        ],
        [
          -0.879851,
          0.207947,
          -0.42734,
          3.515146
        ],
        [
          0.019392,
          -0.882735,
          -0.46947,
          1.37519
        ],
        [
          0.0,
          0.0,
          0.0,
          1.0
        ]
      ]
    },
    {
      "file_path": "/media/NFS/ttao/scannet/posed_images/scene0000_00/00753.jpg",
      "transform_matrix": [
        [
          -0.605876,
          -0.427616,
          0.670865,
          2.568063
        ],
        [
          -0.795051,
          0.295306,
          -0.5298,
          3.744035
        ],
        [
          0.028441,
          -0.854365,
          -0.518895,
          1.382674
        ],
        [
          0.0,
          0.0,
          0.0,
          1.0
        ]
      ]
    },
    {
      "file_path": "/media/NFS/ttao/scannet/posed_images/scene0000_00/00759.jpg",
      "transform_matrix": [
        [
          -0.607624,
          -0.415813,
          0.676677,
          2.455275
        ],
        [
          -0.794219,
          0.314834,
          -0.519708,
          3.739177
        ],
        [
          0.00306,
          -0.853217,
          -0.521547,
          1.387834
        ],
        [
          0.0,
          0.0,
          0.0,
          1.0
        ]
      ]
    },
    {
      "file_path": "/media/NFS/ttao/scannet/posed_images/scene0000_00/00786.jpg",
      "transform_matrix": [
        [
          -0.494208,
          -0.466909,
          0.733318,
          2.119253
        ],
        [
          -0.868563,
          0.300951,
          -0.393736,
          3.799016
        ],
        [
          -0.036854,
          -0.831519,
          -0.554272,
          1.402113
        ],
        [
          0.0,
          0.0,
          0.0,
          1.0
        ]
      ]
    },
    {
      "file_path": "/media/NFS/ttao/scannet/posed_images/scene0000_00/00803.jpg",
      "transform_matrix": [
        [
          -0.380356,
          -0.4501,
          0.807923,
          2.054968
        ],
        [
          -0.924022,
          0.221693,
          -0.311506,
          3.97931
        ],
        [
          -0.038901,
          -0.865022,
          -0.500224,
          1.422488
        ],
        [
          0.0,
          0.0,
          0.0,
          1.0
        ]
      ]
    },
    {
      "file_path": "/media/NFS/ttao/scannet/posed_images/scene0000_00/00814.jpg",
      "transform_matrix": [
        [
          -0.380577,
          -0.392754,
          0.837201,
          2.141369
        ],
        [
          -0.924701,
          0.170909,
          -0.340174,
          4.00224
        ],
        [
          -0.009481,
          -0.903623,
          -0.428224,
          1.446003
        ],
        [
          0.0,
          0.0,
          0.0,
          1.0
        ]
      ]
    },
    {
      "file_path": "/media/NFS/ttao/scannet/posed_images/scene0000_00/00848.jpg",
      "transform_matrix": [
        [
          -0.49392,
          -0.236214,
          0.836807,
          2.773047
        ],
        [
          -0.86917,
          0.10731,
          -0.48273,
          3.87448
        ],
        [
          0.024229,
          -0.965757,
          -0.258313,
          1.516963
        ],
        [
          0.0,
          0.0,
          0.0,
          1.0
        ]
      ]
    },
    {
      "file_path": "/media/NFS/ttao/scannet/posed_images/scene0000_00/00859.jpg",
      "transform_matrix": [
        [
          -0.551534,
          -0.155715,
          0.819489,
          3.008943
        ],
        [
          -0.834115,
          0.093666,
          -0.54358,
          3.786162
        ],
        [
          0.007885,
          -0.983351,
          -0.181544,
          1.51822
        ],
        [
          0.0,
          0.0,
          0.0,
          1.0
        ]
      ]
    },
    {
      "file_path": "/media/NFS/ttao/scannet/posed_images/scene0000_00/00876.jpg",
      "transform_matrix": [
        [
          -0.671015,
          -0.086376,
          0.736396,
          3.390468
        ],
        [
          -0.741349,
          0.062275,
          -0.668224,
          3.61729
        ],
        [
          0.011859,
          -0.994314,
          -0.105822,
          1.606093
        ],
        [
          0.0,
          0.0,
          0.0,
          1.0
        ]
      ]
    },
    {
      "file_path": "/media/NFS/ttao/scannet/posed_images/scene0000_00/00904.jpg",
      "transform_matrix": [
        [
          -0.790509,
          -0.102681,
          0.603781,
          3.979066
        ],
        [
          -0.612335,
          0.151621,
          -0.775923,
          3.687063
        ],
        [
          -0.011873,
          -0.983091,
          -0.182733,
          1.510278
        ],
        [
          0.0,
          0.0,
          0.0,
          1.0
        ]
      ]
    },
    {
      "file_path": "/media/NFS/ttao/scannet/posed_images/scene0000_00/00909.jpg",
      "transform_matrix": [
        [
          -0.781355,
          -0.111622,
          0.614023,
          4.069746
        ],
        [
          -0.623298,
          0.189004,
          -0.758799,
          3.702404
        ],
        [
          -0.031355,
          -0.975611,
          -0.217254,
          1.495997
        ],
        [
          0.0,
          0.0,
          0.0,
          1.0
        ]
      ]
    },
    {
      "file_path": "/media/NFS/ttao/scannet/posed_images/scene0000_00/00937.jpg",
      "transform_matrix": [
        [
          -0.896953,
          -0.168137,
          0.408907,
          4.52897
        ],
        [
          -0.440159,
          0.252446,
          -0.861702,
          4.059812
        ],
        [
          0.041657,
          -0.952891,
          -0.300439,
          1.408809
        ],
        [
          0.0,
          0.0,
          0.0,
          1.0
        ]
      ]
    },
    {
      "file_path": "/media/NFS/ttao/scannet/posed_images/scene0000_00/00943.jpg",
      "transform_matrix": [
        [
          -0.923285,
          -0.127608,
          0.3623,
          4.641519
        ],
        [
          -0.383725,
          0.263844,
          -0.884953,
          4.092018
        ],
        [
          0.017337,
          -0.956087,
          -0.292569,
          1.382343
        ],
        [
          0.0,
          0.0,
          0.0,
          1.0
        ]
      ]
    },
    {
      "file_path": "/media/NFS/ttao/scannet/posed_images/scene0000_00/00965.jpg",
      "transform_matrix": [
        [
          -0.999187,
          -0.034084,
          0.021556,
          5.156667
        ],
        [
          -0.033981,
          0.423702,
          -0.905164,
          4.202868
        ],
        [
          0.021718,
          -0.90516,
          -0.424515,
          1.323544
        ],
        [
          0.0,
          0.0,
          0.0,
          1.0
        ]
      ]
    },
    {
      "file_path": "/media/NFS/ttao/scannet/posed_images/scene0000_00/00993.jpg",
      "transform_matrix": [
        [
          -0.9974,
          -0.000322,
          0.072065,
          5.168902
        ],
        [
          -0.05779,
          0.601023,
          -0.79714,
          4.249178
        ],
        [
          -0.043056,
          -0.799232,
          -0.599478,
          1.294998
        ],
        [
          0.0,
          0.0,
          0.0,
          1.0
        ]
      ]
    },
    {
      "file_path": "/media/NFS/ttao/scannet/posed_images/scene0000_00/01015.jpg",
      "transform_matrix": [
        [
          -0.906156,
          -0.205496,
          0.369666,
          4.857975
        ],
        [
          -0.419826,
          0.542965,
          -0.727279,
          4.305723
        ],
        [
          -0.051262,
          -0.814224,
          -0.578284,
          1.331158
        ],
        [
          0.0,
          0.0,
          0.0,
          1.0
        ]
      ]
    },
    {
      "file_path": "/media/NFS/ttao/scannet/posed_images/scene0000_00/01026.jpg",
      "transform_matrix": [
        [
          -0.831303,
          -0.317729,
          0.456053,
          4.683616
        ],
        [
          -0.555818,
          0.47324,
          -0.683454,
          4.219556
        ],
        [
          0.00133,
          -0.82164,
          -0.570005,
          1.332584
        ],
        [
          0.0,
          0.0,
          0.0,
          1.0
        ]
      ]
    },
    {
      "file_path": "/media/NFS/ttao/scannet/posed_images/scene0000_00/01043.jpg",
      "transform_matrix": [
        [
          -0.657543,
          -0.28186,
          0.698707,
          4.33866
        ],
        [
          -0.753207,
          0.267807,
          -0.600799,
          4.110426
        ],
        [
          -0.017778,
          -0.921322,
          -0.388393,
          1.431043
        ],
        [
          0.0,
          0.0,
          0.0,
          1.0
        ]
      ]
    },
    {
      "file_path": "/media/NFS/ttao/scannet/posed_images/scene0000_00/01071.jpg",
      "transform_matrix": [
        [
          -0.477756,
          -0.188309,
          0.858073,
          4.006663
        ],
        [
          -0.876534,
          0.036988,
          -0.479917,
          3.811372
        ],
        [
          0.058634,
          -0.981413,
          -0.182731,
          1.535401
        ],
        [
          0.0,
          0.0,
          0.0,
          1.0
        ]
      ]
    },
    {
      "file_path": "/media/NFS/ttao/scannet/posed_images/scene0000_00/01088.jpg",
      "transform_matrix": [
        [
          -0.3917,
          -0.053091,
          0.91856,
          3.839445
        ],
        [
          -0.920015,
          0.035594,
          -0.390263,
          3.734455
        ],
        [
          -0.011975,
          -0.997955,
          -0.062787,
          1.62748
        ],
        [
          0.0,
          0.0,
          0.0,
          1.0
        ]
      ]
    },
    {
      "file_path": "/media/NFS/ttao/scannet/posed_images/scene0000_00/01093.jpg",
      "transform_matrix": [
        [
          -0.361679,
          -0.063693,
          0.930125,
          3.816731
        ],
        [
          -0.931614,
          0.063044,
          -0.357941,
          3.728544
        ],
        [
          -0.035841,
          -0.995976,
          -0.082139,
          1.612109
        ],
        [
          0.0,
          0.0,
          0.0,
          1.0
        ]
      ]
    },
    {
      "file_path": "/media/NFS/ttao/scannet/posed_images/scene0000_00/01127.jpg",
      "transform_matrix": [
        [
          -0.221974,
          -0.401733,
          0.888447,
          4.086925
        ],
        [
          -0.974912,
          0.106895,
          -0.195242,
          3.844694
        ],
        [
          -0.016535,
          -0.909497,
          -0.415382,
          1.37918
        ],
        [
          0.0,
          0.0,
          0.0,
          1.0
        ]
      ]
    },
    {
      "file_path": "/media/NFS/ttao/scannet/posed_images/scene0000_00/01143.jpg",
      "transform_matrix": [
        [
          -0.098169,
          -0.404976,
          0.909042,
          4.221889
        ],
        [
          -0.994704,
          0.067881,
          -0.077179,
          3.889865
        ],
        [
          -0.030452,
          -0.911804,
          -0.409495,
          1.382047
        ],
        [
          0.0,
          0.0,
          0.0,
          1.0
        ]
      ]
    },
    {
      "file_path": "/media/NFS/ttao/scannet/posed_images/scene0000_00/01149.jpg",
      "transform_matrix": [
        [
          -0.048446,
          -0.38723,
          0.92071,
          4.28706
        ],
        [
          -0.998172,
          0.052108,
          -0.030607,
          3.88796
        ],
        [
          -0.036124,
          -0.92051,
          -0.389047,
          1.398867
        ],
        [
          0.0,
          0.0,
          0.0,
          1.0
        ]
      ]
    },
    {
      "file_path": "/media/NFS/ttao/scannet/posed_images/scene0000_00/01166.jpg",
      "transform_matrix": [
        [
          -0.055734,
          -0.304887,
          0.950756,
          4.449538
        ],
        [
          -0.99777,
          0.05204,
          -0.041802,
          3.942756
        ],
        [
          -0.036733,
          -0.950966,
          -0.307107,
          1.422498
        ],
        [
          0.0,
          0.0,
          0.0,
          1.0
        ]
      ]
    },
    {
      "file_path": "/media/NFS/ttao/scannet/posed_images/scene0000_00/01199.jpg",
      "transform_matrix": [
        [
          -0.170379,
          -0.123797,
          0.977571,
          4.716864
        ],
        [
          -0.984653,
          0.05946,
          -0.164083,
          4.354421
        ],
        [
          -0.037813,
          -0.990525,
          -0.132027,
          1.478696
        ],
        [
          0.0,
          0.0,
          0.0,
          1.0
        ]
      ]
    },
    {
      "file_path": "/media/NFS/ttao/scannet/posed_images/scene0000_00/01216.jpg",
      "transform_matrix": [
        [
          -0.151203,
          -0.029328,
          0.988068,
          4.887959
        ],
        [
          -0.986144,
          0.073483,
          -0.148728,
          4.421761
        ],
        [
          -0.068245,
          -0.996865,
          -0.040032,
          1.568542
        ],
        [
          0.0,
          0.0,
          0.0,
          1.0
        ]
      ]
    },
    {
      "file_path": "/media/NFS/ttao/scannet/posed_images/scene0000_00/01227.jpg",
      "transform_matrix": [
        [
          -0.166414,
          0.028947,
          0.985631,
          4.960915
        ],
        [
          -0.984438,
          0.052362,
          -0.16775,
          4.452998
        ],
        [
          -0.056466,
          -0.998209,
          0.019783,
          1.600414
        ],
        [
          0.0,
          0.0,
          0.0,
          1.0
        ]
      ]
    },
    {
      "file_path": "/media/NFS/ttao/scannet/posed_images/scene0000_00/01244.jpg",
      "transform_matrix": [
        [
          -0.194557,
          -0.085572,
          0.977151,
          5.006812
        ],
        [
          -0.97998,
          0.059877,
          -0.189877,
          4.461407
        ],
        [
          -0.04226,
          -0.994531,
          -0.095509,
          1.559505
        ],
        [
          0.0,
          0.0,
          0.0,
          1.0
        ]
      ]
    },
    {
      "file_path": "/media/NFS/ttao/scannet/posed_images/scene0000_00/01272.jpg",
      "transform_matrix": [
        [
          -0.315971,
          -0.156717,
          0.935736,
          4.788727
        ],
        [
          -0.948684,
          0.065347,
          -0.3094,
          4.361773
        ],
        [
          -0.012659,
          -0.98548,
          -0.169322,
          1.514247
        ],
        [
          0.0,
          0.0,
          0.0,
          1.0
        ]
      ]
    },
    {
      "file_path": "/media/NFS/ttao/scannet/posed_images/scene0000_00/01289.jpg",
      "transform_matrix": [
        [
          -0.32044,
          -0.098319,
          0.942153,
          4.609483
        ],
        [
          -0.945741,
          0.089684,
          -0.312301,
          4.39897
        ],
        [
          -0.053791,
          -0.991105,
          -0.121723,
          1.5499
        ],
        [
          0.0,
          0.0,
          0.0,
          1.0
        ]
      ]
    },
    {
      "file_path": "/media/NFS/ttao/scannet/posed_images/scene0000_00/01300.jpg",
      "transform_matrix": [
        [
          -0.320397,
          -0.150597,
          0.935236,
          4.569824
        ],
        [
          -0.946278,
          0.096361,
          -0.308663,
          4.35836
        ],
        [
          -0.043637,
          -0.983888,
          -0.17338,
          1.50939
        ],
        [
          0.0,
          0.0,
          0.0,
          1.0
        ]
      ]
    },
    {
      "file_path": "/media/NFS/ttao/scannet/posed_images/scene0000_00/01328.jpg",
      "transform_matrix": [
        [
          -0.051209,
          -0.34924,
          0.935633,
          4.536981
        ],
        [
          -0.998687,
          0.016999,
          -0.048315,
          4.271175
        ],
        [
          0.000969,
          -0.936879,
          -0.349652,
          1.41949
        ],
        [
          0.0,
          0.0,
          0.0,
          1.0
        ]
      ]
    },
    {
      "file_path": "/media/NFS/ttao/scannet/posed_images/scene0000_00/01350.jpg",
      "transform_matrix": [
        [
          0.113469,
          -0.305568,
          0.945385,
          4.658408
        ],
        [
          -0.993541,
          -0.033654,
          0.108371,
          4.361369
        ],
        [
          -0.001299,
          -0.951575,
          -0.307413,
          1.403169
        ],
        [
          0.0,
          0.0,
          0.0,
          1.0
        ]
      ]
    },
    {
      "file_path": "/media/NFS/ttao/scannet/posed_images/scene0000_00/01361.jpg",
      "transform_matrix": [
        [
          0.137885,
          -0.303284,
          0.942872,
          4.728104
        ],
        [
          -0.990447,
          -0.040734,
          0.13174,
          4.397775
        ],
        [
          -0.001548,
          -0.952029,
          -0.306003,
          1.402731
        ],
        [
          0.0,
          0.0,
          0.0,
          1.0
        ]
      ]
    },
    {
      "file_path": "/media/NFS/ttao/scannet/posed_images/scene0000_00/01383.jpg",
      "transform_matrix": [
        [
          0.379383,
          -0.2495,
          0.890965,
          4.793197
        ],
        [
          -0.924984,
          -0.124887,
          0.358897,
          4.197504
        ],
        [
          0.021725,
          -0.960288,
          -0.278163,
          1.423152
        ],
        [
          0.0,
          0.0,
          0.0,
          1.0
        ]
      ]
    },
    {
      "file_path": "/media/NFS/ttao/scannet/posed_images/scene0000_00/01400.jpg",
      "transform_matrix": [
        [
          0.470402,
          -0.272378,
          0.839364,
          4.880858
        ],
        [
          -0.882401,
          -0.155385,
          0.444098,
          4.149612
        ],
        [
          0.009462,
          -0.949561,
          -0.31344,
          1.394823
        ],
        [
          0.0,
          0.0,
          0.0,
          1.0
        ]
      ]
    },
    {
      "file_path": "/media/NFS/ttao/scannet/posed_images/scene0000_00/01417.jpg",
      "transform_matrix": [
        [
          0.523282,
          -0.277848,
          0.80559,
          5.00607
        ],
        [
          -0.852128,
          -0.162485,
          0.49747,
          4.154012
        ],
        [
          -0.007324,
          -0.946783,
          -0.321788,
          1.385168
        ],
        [
          0.0,
          0.0,
          0.0,
          1.0
        ]
      ]
    },
    {
      "file_path": "/media/NFS/ttao/scannet/posed_images/scene0000_00/01439.jpg",
      "transform_matrix": [
        [
          0.689936,
          -0.205039,
          0.694224,
          5.201754
        ],
        [
          -0.723856,
          -0.201481,
          0.659877,
          4.025805
        ],
        [
