{
  "frames": [
    {
      "file_path": "/media/NFS/ttao/scannet/posed_images/scene0203_02/00000.jpg",
      "transform_matrix": [
        [
          -0.412141,
          -0.704117,
          0.578238,
          2.338637
        ],
        [
          -0.911094,
          0.323254,
          -0.255762,
          3.757585
        ],
        [
          -0.006831,
          -0.632239,
          -0.774743,
          1.44294
        ],
        [
          0.0,
          0.0,
          0.0,
          1.0
        ]
      ]
    },
    {
      "file_path": "/media/NFS/ttao/scannet/posed_images/scene0203_02/00010.jpg",
      "transform_matrix": [
        [
          -0.279898,
          -0.74816,
          0.601592,
          2.349626
        ],
        [
          -0.960026,
          0.21997,
          -0.173102,
          3.796751
        ],
        [
          -0.002824,
          -0.625995,
          -0.779822,
          1.440953
        ],
        [
          0.0,
          0.0,
          0.0,
          1.0
        ]
      ]
    },
    {
      "file_path": "/media/NFS/ttao/scannet/posed_images/scene0203_02/00017.jpg",
      "transform_matrix": [
        [
          -0.170028,
          -0.762482,
          0.624269,
          2.354811
        ],
        [
          -0.985439,
          0.132057,
          -0.107103,
          3.833299
        ],
        [
          -0.000775,
          -0.63339,
          -0.773833,
          1.445973
        ],
        [
          0.0,
          0.0,
          0.0,
          1.0
        ]
      ]
    },
    {
      "file_path": "/media/NFS/ttao/scannet/posed_images/scene0203_02/00021.jpg",
      "transform_matrix": [
        [
          -0.098494,
          -0.760916,
          0.641332,
          2.353956
        ],
        [
          -0.995095,
          0.081254,
          -0.05642,
          3.857019
        ],
        [
          -0.00918,
          -0.643743,
          -0.765187,
          1.453907
        ],
        [
          0.0,
          0.0,
          0.0,
          1.0
        ]
      ]
    },
    {
      "file_path": "/media/NFS/ttao/scannet/posed_images/scene0203_02/00031.jpg",
      "transform_matrix": [
        [
          0.126012,
          -0.725453,
          0.676637,
          2.337857
        ],
        [
          -0.991711,
          -0.074856,
          0.104432,
          3.879309
        ],
        [
          -0.02511,
          -0.684188,
          -0.728873,
          1.476042
        ],
        [
          0.0,
          0.0,
          0.0,
          1.0
        ]
      ]
    },
    {
      "file_path": "/media/NFS/ttao/scannet/posed_images/scene0203_02/00033.jpg",
      "transform_matrix": [
        [
          0.164305,
          -0.708872,
          0.685933,
          2.329662
        ],
        [
          -0.986112,
          -0.100951,
          0.13188,
          3.87862
        ],
        [
          -0.02424,
          -0.698075,
          -0.715614,
          1.480109
        ],
        [
          0.0,
          0.0,
          0.0,
          1.0
        ]
      ]
    },
    {
      "file_path": "/media/NFS/ttao/scannet/posed_images/scene0203_02/00046.jpg",
      "transform_matrix": [
        [
          0.421393,
          -0.585644,
          0.692422,
          2.278059
        ],
        [
          -0.905724,
          -0.233266,
          0.353909,
          3.823469
        ],
        [
          -0.045746,
          -0.776278,
          -0.628729,
          1.51171
        ],
        [
          0.0,
          0.0,
          0.0,
          1.0
        ]
      ]
    },
    {
      "file_path": "/media/NFS/ttao/scannet/posed_images/scene0203_02/00050.jpg",
      "transform_matrix": [
        [
          0.492446,
          -0.56632,
          0.660892,
          2.263013
        ],
        [
          -0.86851,
          -0.270489,
          0.415363,
          3.817211
        ],
        [
          -0.056464,
          -0.778535,
          -0.625056,
          1.520446
        ],
        [
          0.0,
          0.0,
          0.0,
          1.0
        ]
      ]
    },
    {
      "file_path": "/media/NFS/ttao/scannet/posed_images/scene0203_02/00057.jpg",
      "transform_matrix": [
        [
          0.61135,
          -0.510466,
          0.604711,
          2.27806
        ],
        [
          -0.786969,
          -0.311774,
          0.532425,
          3.783468
        ],
        [
          -0.083252,
          -0.801387,
          -0.592324,
          1.546948
        ],
        [
          0.0,
          0.0,
          0.0,
          1.0
        ]
      ]
    },
    {
      "file_path": "/media/NFS/ttao/scannet/posed_images/scene0203_02/00067.jpg",
      "transform_matrix": [
        [
          0.723271,
          -0.416074,
          0.551145,
          2.337499
        ],
        [
          -0.681369,
          -0.300172,
          0.667558,
          3.80577
        ],
        [
          -0.112315,
          -0.858359,
          -0.500606,
          1.580811
        ],
        [
          0.0,
          0.0,
          0.0,
          1.0
        ]
      ]
    },
    {
      "file_path": "/media/NFS/ttao/scannet/posed_images/scene0203_02/00071.jpg",
      "transform_matrix": [
        [
          0.724948,
          -0.353476,
          0.591189,
          2.363064
        ],
        [
          -0.683333,
          -0.261113,
          0.681819,
          3.829253
        ],
        [
          -0.086639,
          -0.898262,
          -0.430835,
          1.599859
        ],
        [
          0.0,
          0.0,
          0.0,
          1.0
        ]
      ]
    },
    {
      "file_path": "/media/NFS/ttao/scannet/posed_images/scene0203_02/00080.jpg",
      "transform_matrix": [
        [
          0.790958,
          -0.182371,
          0.58406,
          2.439846
        ],
        [
          -0.611005,
          -0.184672,
          0.769785,
          3.843753
        ],
        [
          -0.032527,
          -0.965732,
          -0.257497,
          1.634136
        ],
        [
          0.0,
          0.0,
          0.0,
          1.0
        ]
      ]
    },
    {
      "file_path": "/media/NFS/ttao/scannet/posed_images/scene0203_02/00082.jpg",
      "transform_matrix": [
        [
          0.800619,
          -0.180267,
          0.571412,
          2.448055
        ],
        [
          -0.598597,
          -0.198838,
          0.77598,
          3.847771
        ],
        [
          -0.026266,
          -0.963311,
          -0.267101,
          1.645876
        ],
        [
          0.0,
          0.0,
          0.0,
          1.0
        ]
      ]
    },
    {
      "file_path": "/media/NFS/ttao/scannet/posed_images/scene0203_02/00092.jpg",
      "transform_matrix": [
        [
          0.918231,
          -0.087006,
          0.386371,
          2.501568
        ],
        [
          -0.394223,
          -0.294312,
          0.870614,
          3.825734
        ],
        [
          0.037965,
          -0.951741,
          -0.304546,
          1.672099
        ],
        [
          0.0,
          0.0,
          0.0,
          1.0
        ]
      ]
    },
    {
      "file_path": "/media/NFS/ttao/scannet/posed_images/scene0203_02/00100.jpg",
      "transform_matrix": [
        [
          0.967955,
          -0.025381,
          0.249839,
          2.510036
        ],
        [
          -0.243606,
          -0.336518,
          0.909622,
          3.806868
        ],
        [
          0.060989,
          -0.941335,
          -0.331917,
          1.719147
        ],
        [
          0.0,
          0.0,
          0.0,
          1.0
        ]
      ]
    },
    {
      "file_path": "/media/NFS/ttao/scannet/posed_images/scene0203_02/00109.jpg",
      "transform_matrix": [
        [
          0.980553,
          0.076105,
          0.180897,
          2.495312
        ],
        [
          -0.141822,
          -0.362344,
          0.921191,
          3.842452
        ],
        [
          0.135654,
          -0.928932,
          -0.344504,
          1.748055
        ],
        [
          0.0,
          0.0,
          0.0,
          1.0
        ]
      ]
    },
    {
      "file_path": "/media/NFS/ttao/scannet/posed_images/scene0203_02/00111.jpg",
      "transform_matrix": [
        [
          0.981606,
          0.102444,
          0.161103,
          2.477696
        ],
        [
          -0.11535,
          -0.354162,
          0.928043,
          3.861742
        ],
        [
          0.152129,
          -0.929556,
          -0.335831,
          1.736275
        ],
        [
          0.0,
          0.0,
          0.0,
          1.0
        ]
      ]
    },
    {
      "file_path": "/media/NFS/ttao/scannet/posed_images/scene0203_02/00121.jpg",
      "transform_matrix": [
        [
          0.98761,
          0.13504,
          -0.079942,
          2.417122
        ],
        [
          0.111027,
          -0.241262,
          0.964088,
          3.958936
        ],
        [
          0.110904,
          -0.961018,
          -0.253267,
          1.771761
        ],
        [
          0.0,
          0.0,
          0.0,
          1.0
        ]
      ]
    },
    {
      "file_path": "/media/NFS/ttao/scannet/posed_images/scene0203_02/00128.jpg",
      "transform_matrix": [
        [
          0.966776,
          0.148953,
          -0.207741,
          2.411497
        ],
        [
          0.239026,
          -0.238706,
          0.941215,
          4.032017
        ],
        [
          0.090607,
          -0.9596,
          -0.266379,
          1.761341
        ],
        [
          0.0,
          0.0,
          0.0,
          1.0
        ]
      ]
    },
    {
      "file_path": "/media/NFS/ttao/scannet/posed_images/scene0203_02/00132.jpg",
      "transform_matrix": [
        [
          0.941494,
          0.155919,
          -0.298794,
          2.412112
        ],
        [
          0.327318,
          -0.211725,
          0.920889,
          4.079763
        ],
        [
          0.080322,
          -0.964812,
          -0.250373,
          1.763489
        ],
        [
          0.0,
          0.0,
          0.0,
          1.0
        ]
      ]
    },
    {
      "file_path": "/media/NFS/ttao/scannet/posed_images/scene0203_02/00142.jpg",
      "transform_matrix": [
        [
          0.812811,
          0.096949,
          -0.574403,
          2.509131
        ],
        [
          0.573237,
          0.042285,
          0.818298,
          4.186754
        ],
        [
          0.103622,
          -0.994391,
          -0.021206,
          1.762501
        ],
        [
          0.0,
          0.0,
          0.0,
          1.0
        ]
      ]
    },
    {
      "file_path": "/media/NFS/ttao/scannet/posed_images/scene0203_02/00144.jpg",
      "transform_matrix": [
        [
          0.785258,
          0.098894,
          -0.61122,
          2.525808
        ],
        [
          0.607832,
          0.064917,
          0.791408,
          4.206323
        ],
        [
          0.117944,
          -0.992978,
          -0.009135,
          1.756064
        ],
        [
          0.0,
          0.0,
          0.0,
          1.0
        ]
      ]
    },
    {
      "file_path": "/media/NFS/ttao/scannet/posed_images/scene0203_02/00153.jpg",
      "transform_matrix": [
        [
          0.612277,
          0.074148,
          -0.787159,
          2.568516
        ],
        [
          0.78151,
          0.094135,
          0.61675,
          4.296272
        ],
        [
          0.11983,
          -0.992794,
          -0.000311,
          1.761872
        ],
        [
          0.0,
          0.0,
          0.0,
          1.0
        ]
      ]
    },
    {
      "file_path": "/media/NFS/ttao/scannet/posed_images/scene0203_02/00163.jpg",
      "transform_matrix": [
        [
          0.434476,
          0.165706,
          -0.885309,
          2.515416
        ],
        [
          0.886512,
          0.095003,
          0.452849,
          4.394866
        ],
        [
          0.159147,
          -0.981588,
          -0.105624,
          1.695812
        ],
        [
          0.0,
          0.0,
          0.0,
          1.0
        ]
      ]
    },
    {
      "file_path": "/media/NFS/ttao/scannet/posed_images/scene0203_02/00170.jpg",
      "transform_matrix": [
        [
          0.367347,
          0.30748,
          -0.877788,
          2.470009
        ],
        [
          0.923329,
          -0.007022,
          0.383946,
          4.427258
        ],
        [
          0.111892,
          -0.951529,
          -0.286485,
          1.644591
        ],
        [
          0.0,
          0.0,
          0.0,
          1.0
        ]
      ]
    },
    {
      "file_path": "/media/NFS/ttao/scannet/posed_images/scene0203_02/00174.jpg",
      "transform_matrix": [
        [
          0.302836,
          0.350364,
          -0.886304,
          2.48051
        ],
        [
          0.949416,
          -0.029861,
          0.312597,
          4.452451
        ],
        [
          0.083057,
          -0.936138,
          -0.341684,
          1.627413
        ],
        [
          0.0,
          0.0,
          0.0,
          1.0
        ]
      ]
    },
    {
      "file_path": "/media/NFS/ttao/scannet/posed_images/scene0203_02/00180.jpg",
      "transform_matrix": [
        [
          0.155253,
          0.4388,
          -0.885071,
          2.560301
        ],
        [
          0.985625,
          -0.008372,
          0.168741,
          4.477059
        ],
        [
          0.066634,
          -0.898546,
          -0.433793,
          1.565225
        ],
        [
          0.0,
          0.0,
          0.0,
          1.0
        ]
      ]
    },
    {
      "file_path": "/media/NFS/ttao/scannet/posed_images/scene0203_02/00190.jpg",
      "transform_matrix": [
        [
          -0.015265,
          0.539678,
          -0.841733,
          2.638707
        ],
        [
          0.998104,
          0.058425,
          0.019358,
          4.515802
        ],
        [
          0.059626,
          -0.839842,
          -0.539547,
          1.516099
        ],
        [
          0.0,
          0.0,
          0.0,
          1.0
        ]
      ]
    },
    {
      "file_path": "/media/NFS/ttao/scannet/posed_images/scene0203_02/00195.jpg",
      "transform_matrix": [
        [
          -0.119425,
          0.563955,
          -0.817125,
          2.6427
        ],
        [
          0.991472,
          0.110987,
          -0.068307,
          4.528415
        ],
        [
          0.052169,
          -0.818314,
          -0.5724,
          1.504151
        ],
        [
          0.0,
          0.0,
          0.0,
          1.0
        ]
      ]
    },
    {
      "file_path": "/media/NFS/ttao/scannet/posed_images/scene0203_02/00201.jpg",
      "transform_matrix": [
        [
          -0.225717,
          0.59534,
          -0.771117,
          2.608725
        ],
        [
          0.973005,
          0.176852,
          -0.148275,
          4.499665
        ],
        [
          0.0481,
          -0.783769,
          -0.619187,
          1.491168
        ],
        [
          0.0,
          0.0,
          0.0,
          1.0
        ]
      ]
    },
    {
      "file_path": "/media/NFS/ttao/scannet/posed_images/scene0203_02/00211.jpg",
      "transform_matrix": [
        [
          -0.401835,
          0.576446,
          -0.711505,
          2.4751
        ],
        [
          0.915382,
          0.273727,
          -0.295211,
          4.434233
        ],
        [
          0.024585,
          -0.769925,
          -0.637661,
          1.491258
        ],
        [
          0.0,
          0.0,
          0.0,
          1.0
        ]
      ]
    },
    {
      "file_path": "/media/NFS/ttao/scannet/posed_images/scene0203_02/00220.jpg",
      "transform_matrix": [
        [
          -0.5334,
          0.464981,
          -0.706595,
          2.383697
        ],
        [
          0.845455,
          0.319009,
          -0.428298,
          4.384466
        ],
        [
          0.02626,
          -0.825849,
          -0.56328,
          1.509764
        ],
        [
          0.0,
          0.0,
          0.0,
          1.0
        ]
      ]
    },
    {
      "file_path": "/media/NFS/ttao/scannet/posed_images/scene0203_02/00226.jpg",
      "transform_matrix": [
        [
          -0.643729,
          0.408258,
          -0.647254,
          2.319498
        ],
        [
          0.764749,
          0.373887,
          -0.524754,
          4.38738
        ],
        [
          0.027765,
          -0.832787,
          -0.552897,
          1.532936
        ],
        [
          0.0,
          0.0,
          0.0,
          1.0
        ]
      ]
    },
    {
      "file_path": "/media/NFS/ttao/scannet/posed_images/scene0203_02/00230.jpg",
      "transform_matrix": [
        [
          -0.725362,
          0.32111,
          -0.608882,
          2.28718
        ],
        [
          0.68663,
          0.400307,
          -0.606872,
          4.419088
        ],
        [
          0.048867,
          -0.858279,
          -0.510852,
          1.532656
        ],
        [
          0.0,
          0.0,
          0.0,
          1.0
        ]
      ]
    },
    {
      "file_path": "/media/NFS/ttao/scannet/posed_images/scene0203_02/00241.jpg",
      "transform_matrix": [
        [
          -0.830266,
          0.172595,
          -0.529971,
          2.194025
        ],
        [
          0.555731,
          0.329149,
          -0.763429,
          4.431928
        ],
        [
          0.042675,
          -0.928371,
          -0.369198,
          1.584758
        ],
        [
          0.0,
          0.0,
          0.0,
          1.0
        ]
      ]
    },
    {
      "file_path": "/media/NFS/ttao/scannet/posed_images/scene0203_02/00245.jpg",
      "transform_matrix": [
        [
          -0.849907,
          0.13307,
          -0.509854,
          2.151318
        ],
        [
          0.524979,
          0.297091,
          -0.79758,
          4.392334
        ],
        [
          0.04534,
          -0.945531,
          -0.322359,
          1.598355
        ],
        [
          0.0,
          0.0,
          0.0,
          1.0
        ]
      ]
    },
    {
      "file_path": "/media/NFS/ttao/scannet/posed_images/scene0203_02/00251.jpg",
      "transform_matrix": [
        [
          -0.875037,
          0.084406,
          -0.47664,
          2.074756
        ],
        [
          0.481867,
          0.245428,
          -0.841172,
          4.332827
        ],
        [
          0.045981,
          -0.965733,
          -0.255431,
          1.581188
        ],
        [
          0.0,
          0.0,
          0.0,
          1.0
        ]
      ]
    },
    {
      "file_path": "/media/NFS/ttao/scannet/posed_images/scene0203_02/00257.jpg",
      "transform_matrix": [
        [
          -0.877326,
          0.040755,
          -0.478161,
          2.024302
        ],
        [
          0.472436,
          0.248336,
          -0.845656,
          4.247076
        ],
        [
          0.08428,
          -0.967816,
          -0.237126,
          1.597948
        ],
        [
          0.0,
          0.0,
          0.0,
          1.0
        ]
      ]
    },
    {
      "file_path": "/media/NFS/ttao/scannet/posed_images/scene0203_02/00266.jpg",
      "transform_matrix": [
        [
          -0.914177,
          -0.014685,
          -0.405049,
          1.933876
        ],
        [
          0.394727,
          0.194667,
          -0.897939,
          4.168672
        ],
        [
          0.092036,
          -0.98076,
          -0.172163,
          1.652323
        ],
        [
          0.0,
          0.0,
          0.0,
          1.0
        ]
      ]
    },
    {
      "file_path": "/media/NFS/ttao/scannet/posed_images/scene0203_02/00276.jpg",
      "transform_matrix": [
        [
          -0.986497,
          -0.089971,
          -0.136852,
          1.805089
        ],
        [
          0.117387,
          0.194262,
          -0.973901,
          4.12818
        ],
        [
          0.114208,
          -0.976815,
          -0.181077,
          1.633524
        ],
        [
          0.0,
          0.0,
          0.0,
          1.0
        ]
      ]
    },
    {
      "file_path": "/media/NFS/ttao/scannet/posed_images/scene0203_02/00280.jpg",
      "transform_matrix": [
        [
          -0.996038,
          -0.083895,
          -0.029481,
          1.779466
        ],
        [
          0.012868,
          0.192048,
          -0.981301,
          4.106059
        ],
        [
          0.087988,
          -0.977793,
          -0.190208,
          1.616567
        ],
        [
          0.0,
          0.0,
          0.0,
          1.0
        ]
      ]
    },
    {
      "file_path": "/media/NFS/ttao/scannet/posed_images/scene0203_02/00285.jpg",
      "transform_matrix": [
        [
          -0.989525,
          -0.109269,
          0.094342,
          1.764637
        ],
        [
          -0.11365,
          0.186679,
          -0.975825,
          4.073825
        ],
        [
          0.089015,
          -0.976326,
          -0.197142,
          1.621292
        ],
        [
          0.0,
          0.0,
          0.0,
          1.0
        ]
      ]
    },
    {
      "file_path": "/media/NFS/ttao/scannet/posed_images/scene0203_02/00295.jpg",
      "transform_matrix": [
        [
          -0.976702,
          -0.120044,
          0.177883,
          1.893319
        ],
        [
          -0.194515,
          0.145089,
          -0.97011,
          4.040435
        ],
        [
          0.090647,
          -0.982109,
          -0.165059,
          1.602527
        ],
        [
          0.0,
          0.0,
          0.0,
          1.0
        ]
      ]
    },
    {
      "file_path": "/media/NFS/ttao/scannet/posed_images/scene0203_02/00301.jpg",
      "transform_matrix": [
        [
          -0.943972,
          -0.189511,
          0.270189,
          1.915559
        ],
        [
          -0.307647,
          0.208975,
          -0.928269,
          3.965097
        ],
        [
          0.119454,
          -0.959383,
          -0.255569,
          1.607814
        ],
        [
          0.0,
          0.0,
          0.0,
          1.0
        ]
      ]
    },
    {
      "file_path": "/media/NFS/ttao/scannet/posed_images/scene0203_02/00306.jpg",
      "transform_matrix": [
        [
          -0.912865,
          -0.213603,
          0.347925,
          1.924431
        ],
        [
          -0.393516,
          0.233389,
          -0.889199,
          3.94111
        ],
        [
          0.108734,
          -0.948632,
          -0.297109,
          1.59172
        ],
        [
          0.0,
          0.0,
          0.0,
          1.0
        ]
      ]
    },
    {
      "file_path": "/media/NFS/ttao/scannet/posed_images/scene0203_02/00316.jpg",
      "transform_matrix": [
        [
          -0.77435,
          -0.311514,
          0.550765,
          1.895819
        ],
        [
          -0.628396,
          0.276565,
          -0.72707,
          3.952266
        ],
        [
          0.07417,
          -0.909105,
          -0.409912,
          1.5451
        ],
        [
          0.0,
          0.0,
          0.0,
          1.0
        ]
      ]
    },
    {
      "file_path": "/media/NFS/ttao/scannet/posed_images/scene0203_02/00320.jpg",
      "transform_matrix": [
        [
          -0.716431,
          -0.355899,
          0.600052,
          1.866498
        ],
        [
          -0.692258,
          0.255838,
          -0.674779,
          3.980788
        ],
        [
          0.086637,
          -0.898823,
          -0.429664,
          1.512037
        ],
        [
          0.0,
          0.0,
          0.0,
          1.0
        ]
      ]
    },
    {
      "file_path": "/media/NFS/ttao/scannet/posed_images/scene0203_02/00331.jpg",
      "transform_matrix": [
        [
          -0.577459,
          -0.368941,
          0.728302,
          1.782189
        ],
        [
          -0.815121,
          0.210245,
          -0.539791,
          4.01946
        ],
        [
          0.046029,
          -0.905361,
          -0.42214,
          1.504898
        ],
        [
          0.0,
          0.0,
          0.0,
          1.0
        ]
      ]
    },
    {
      "file_path": "/media/NFS/ttao/scannet/posed_images/scene0203_02/00335.jpg",
      "transform_matrix": [
        [
          -0.520205,
          -0.381964,
          0.763866,
          1.762658
        ],
        [
          -0.853886,
          0.215551,
          -0.473726,
          4.038354
        ],
        [
          0.016294,
          -0.898689,
          -0.438284,
          1.484684
        ],
        [
          0.0,
          0.0,
          0.0,
          1.0
        ]
      ]
    },
    {
      "file_path": "/media/NFS/ttao/scannet/posed_images/scene0203_02/00341.jpg",
      "transform_matrix": [
        [
          -0.436791,
          -0.466879,
          0.76892,
          1.788212
        ],
        [
          -0.899563,
          0.227176,
          -0.373065,
          4.056818
        ],
        [
          -0.000504,
          -0.854643,
          -0.519216,
          1.465459
        ],
        [
          0.0,
          0.0,
          0.0,
          1.0
        ]
      ]
    },
    {
      "file_path": "/media/NFS/ttao/scannet/posed_images/scene0203_02/00350.jpg",
      "transform_matrix": [
        [
          -0.34015,
          -0.596428,
          0.72703,
          1.882809
        ],
        [
          -0.939653,
          0.18535,
          -0.287574,
          4.083222
        ],
        [
          0.036762,
          -0.780974,
          -0.623481,
          1.436579
        ],
        [
          0.0,
          0.0,
          0.0,
          1.0
        ]
      ]
    },
    {
      "file_path": "/media/NFS/ttao/scannet/posed_images/scene0203_02/00356.jpg",
      "transform_matrix": [
        [
          -0.356882,
          -0.63652,
          0.683723,
          1.987219
        ],
        [
          -0.930842,
          0.180776,
          -0.317575,
          4.108165
        ],
        [
          0.078542,
          -0.749775,
          -0.657015,
          1.435572
        ],
        [
          0.0,
          0.0,
          0.0,
          1.0
        ]
      ]
    },
    {
      "file_path": "/media/NFS/ttao/scannet/posed_images/scene0203_02/00366.jpg",
      "transform_matrix": [
        [
          -0.340247,
          -0.697283,
          0.630895,
          2.178543
        ],
        [
          -0.937527,
          0.199728,
          -0.284872,
          4.124547
        ],
        [
          0.072629,
          -0.688408,
          -0.721679,
          1.43264
        ],
        [
          0.0,
          0.0,
          0.0,
          1.0
        ]
      ]
    },
    {
      "file_path": "/media/NFS/ttao/scannet/posed_images/scene0203_02/00370.jpg",
      "transform_matrix": [
        [
          -0.326428,
          -0.712136,
          0.621536,
          2.245648
        ],
        [
          -0.941333,
          0.185331,
          -0.282038,
          4.131713
        ],
        [
          0.08566,
          -0.677137,
          -0.730854,
          1.436698
        ],
        [
          0.0,
          0.0,
          0.0,
          1.0
        ]
      ]
    },
    {
      "file_path": "/media/NFS/ttao/scannet/posed_images/scene0203_02/00375.jpg",
      "transform_matrix": [
        [
          -0.289534,
          -0.712296,
          0.639378,
          2.317486
        ],
        [
          -0.953488,
          0.156119,
          -0.257852,
          4.109804
        ],
        [
          0.083848,
          -0.684296,
          -0.724368,
          1.455244
        ],
        [
          0.0,
          0.0,
          0.0,
          1.0
        ]
      ]
    },
    {
      "file_path": "/media/NFS/ttao/scannet/posed_images/scene0203_02/00385.jpg",
      "transform_matrix": [
        [
          -0.256649,
          -0.66289,
          0.703355,
          2.475327
        ],
        [
          -0.965624,
          0.144805,
          -0.215876,
          3.995532
        ],
        [
          0.041253,
          -0.734581,
          -0.677266,
          1.494929
        ],
        [
          0.0,
          0.0,
          0.0,
          1.0
        ]
      ]
    },
    {
      "file_path": "/media/NFS/ttao/scannet/posed_images/scene0203_02/00393.jpg",
      "transform_matrix": [
        [
          -0.256599,
          -0.643702,
          0.720975,
          2.583213
        ],
        [
          -0.965793,
          0.141874,
          -0.217063,
          3.933231
        ],
        [
          0.037437,
          -0.75201,
          -0.658088,
          1.492113
        ],
        [
          0.0,
          0.0,
          0.0,
          1.0
        ]
      ]
    },
    {
      "file_path": "/media/NFS/ttao/scannet/posed_images/scene0203_02/00400.jpg",
      "transform_matrix": [
        [
          -0.310451,
          -0.651642,
          0.692086,
          2.687166
        ],
        [
          -0.950488,
          0.202135,
          -0.236039,
          3.884847
        ],
        [
          0.013918,
          -0.731098,
          -0.68213,
          1.486812
        ],
        [
          0.0,
          0.0,
          0.0,
          1.0
        ]
      ]
    },
    {
      "file_path": "/media/NFS/ttao/scannet/posed_images/scene0203_02/00406.jpg",
      "transform_matrix": [
        [
          -0.44207,
          -0.602077,
          0.664888,
          2.770798
        ],
        [
          -0.896954,
          0.291023,
          -0.332834,
          3.84023
        ],
        [
          0.006894,
          -0.743511,
          -0.668689,
          1.474966
        ],
        [
          0.0,
          0.0,
          0.0,
          1.0
        ]
      ]
    },
    {
      "file_path": "/media/NFS/ttao/scannet/posed_images/scene0203_02/00412.jpg",
      "transform_matrix": [
        [
          -0.617404,
          -0.500202,
          0.607134,
          2.876122
        ],
        [
          -0.786317,
          0.414766,
          -0.457903,
          3.80142
        ],
        [
          -0.022775,
          -0.76011,
          -0.649395,
          1.471769
        ],
        [
          0.0,
          0.0,
          0.0,
          1.0
        ]
      ]
    },
    {
      "file_path": "/media/NFS/ttao/scannet/posed_images/scene0203_02/00417.jpg",
      "transform_matrix": [
        [
          -0.74465,
          -0.427264,
          0.512778,
          2.971668
        ],
        [
          -0.667401,
          0.486484,
          -0.563835,
          3.786644
        ],
        [
          -0.008552,
          -0.762088,
          -0.647417,
          1.466583
        ],
        [
          0.0,
          0.0,
          0.0,
          1.0
        ]
      ]
    },
    {
      "file_path": "/media/NFS/ttao/scannet/posed_images/scene0203_02/00427.jpg",
      "transform_matrix": [
        [
          -0.86871,
          -0.321117,
          0.377129,
          3.023925
        ],
        [
          -0.494352,
          0.514495,
          -0.70065,
          3.779851
        ],
        [
          0.03096,
          -0.795096,
          -0.605692,
          1.486412
        ],
        [
          0.0,
          0.0,
          0.0,
          1.0
        ]
      ]
    },
    {
      "file_path": "/media/NFS/ttao/scannet/posed_images/scene0203_02/00435.jpg",
      "transform_matrix": [
        [
          -0.980266,
          -0.04043,
          0.193502,
          2.984354
        ],
        [
          -0.183481,
          0.550384,
          -0.814501,
          3.835061
        ],
        [
          -0.07357,
          -0.833932,
          -0.546941,
          1.527354
        ],
        [
          0.0,
          0.0,
          0.0,
          1.0
        ]
      ]
    },
    {
      "file_path": "/media/NFS/ttao/scannet/posed_images/scene0203_02/00440.jpg",
      "transform_matrix": [
        [
          -0.997782,
          0.063185,
          0.020955,
          2.977048
        ],
        [
          0.018364,
          0.563835,
          -0.825683,
          3.89319
        ],
        [
          -0.063986,
          -0.823467,
          -0.563745,
          1.529602
        ],
        [
          0.0,
          0.0,
          0.0,
          1.0
        ]
      ]
    },
    {
      "file_path": "/media/NFS/ttao/scannet/posed_images/scene0203_02/00450.jpg",
      "transform_matrix": [
        [
          -0.936634,
          0.191017,
          -0.293647,
          3.017028
        ],
        [
          0.350051,
          0.478196,
          -0.805477,
          3.93063
        ],
        [
          -0.013439,
          -0.857229,
          -0.514761,
          1.552166
        ],
        [
          0.0,
          0.0,
          0.0,
          1.0
        ]
      ]
    },
    {
      "file_path": "/media/NFS/ttao/scannet/posed_images/scene0203_02/00456.jpg",
      "transform_matrix": [
        [
          -0.841995,
          0.291636,
          -0.453863,
          3.094
        ],
        [
          0.539257,
          0.430511,
          -0.723784,
          3.919849
        ],
        [
          -0.015688,
          -0.854171,
          -0.519755,
          1.545439
        ],
        [
          0.0,
          0.0,
          0.0,
          1.0
        ]
      ]
    },
    {
      "file_path": "/media/NFS/ttao/scannet/posed_images/scene0203_02/00463.jpg",
      "transform_matrix": [
        [
          -0.738389,
          0.377203,
          -0.559017,
          3.111175
        ],
        [
          0.673846,
          0.379871,
          -0.633742,
          3.977042
        ],
        [
          -0.026695,
          -0.84464,
          -0.534669,
          1.53441
        ],
        [
          0.0,
          0.0,
          0.0,
          1.0
        ]
      ]
    },
    {
      "file_path": "/media/NFS/ttao/scannet/posed_images/scene0203_02/00471.jpg",
      "transform_matrix": [
        [
          -0.620229,
          0.376577,
          -0.688118,
          3.175658
        ],
        [
          0.784155,
          0.320514,
          -0.531387,
          4.115987
        ],
        [
          0.020444,
          -0.869172,
          -0.494087,
          1.514851
        ],
        [
          0.0,
          0.0,
          0.0,
          1.0
        ]
      ]
    },
    {
      "file_path": "/media/NFS/ttao/scannet/posed_images/scene0203_02/00475.jpg",
      "transform_matrix": [
        [
          -0.524494,
          0.391756,
          -0.755932,
          3.250547
        ],
        [
          0.850689,
          0.27776,
          -0.446293,
          4.171056
        ],
        [
          0.03513,
          -0.877141,
          -0.478946,
          1.519592
        ],
        [
          0.0,
          0.0,
          0.0,
          1.0
        ]
      ]
    },
    {
      "file_path": "/media/NFS/ttao/scannet/posed_images/scene0203_02/00481.jpg",
      "transform_matrix": [
        [
          -0.375606,
          0.463838,
          -0.802355,
          3.377706
        ],
        [
          0.924784,
          0.244367,
          -0.291651,
          4.252007
        ],
        [
          0.06079,
          -0.851551,
          -0.520736,
          1.511405
        ],
        [
          0.0,
          0.0,
          0.0,
          1.0
        ]
      ]
    },
    {
      "file_path": "/media/NFS/ttao/scannet/posed_images/scene0203_02/00490.jpg",
      "transform_matrix": [
        [
          -0.169577,
          0.401234,
          -0.900141,
          3.505242
        ],
        [
          0.977738,
          0.183023,
          -0.102614,
          4.361758
        ],
        [
          0.123574,
          -0.897504,
          -0.423339,
          1.571365
        ],
        [
          0.0,
          0.0,
          0.0,
          1.0
        ]
      ]
    },
    {
      "file_path": "/media/NFS/ttao/scannet/posed_images/scene0203_02/00496.jpg",
      "transform_matrix": [
        [
          0.014542,
          0.313818,
          -0.949371,
          3.557956
        ],
        [
          0.986555,
          0.15007,
          0.064718,
          4.289643
        ],
        [
          0.162782,
          -0.937549,
          -0.307417,
          1.600815
        ],
        [
          0.0,
          0.0,
          0.0,
          1.0
        ]
      ]
    },
    {
      "file_path": "/media/NFS/ttao/scannet/posed_images/scene0203_02/00500.jpg",
      "transform_matrix": [
        [
          0.09661,
          0.221403,
          -0.970385,
          3.583094
        ],
        [
          0.976879,
          0.165725,
          0.135068,
          4.319164
        ],
        [
          0.190722,
          -0.960997,
          -0.200274,
          1.651503
        ],
        [
          0.0,
          0.0,
          0.0,
          1.0
        ]
      ]
    },
    {
      "file_path": "/media/NFS/ttao/scannet/posed_images/scene0203_02/00513.jpg",
      "transform_matrix": [
        [
          0.422887,
          0.126387,
          -0.897325,
          3.645455
        ],
        [
          0.866269,
          0.234264,
          0.441247,
          4.32095
        ],
        [
          0.265979,
          -0.963922,
          -0.010418,
          1.670046
        ],
        [
          0.0,
          0.0,
          0.0,
          1.0
        ]
      ]
    },
    {
      "file_path": "/media/NFS/ttao/scannet/posed_images/scene0203_02/00519.jpg",
      "transform_matrix": [
        [
          0.640532,
          0.269503,
          -0.719087,
          3.64708
        ],
        [
          0.714752,
          0.133173,
          0.686581,
          4.316583
        ],
        [
          0.280799,
          -0.953747,
          -0.107327,
          1.678162
        ],
        [
          0.0,
          0.0,
          0.0,
          1.0
        ]
      ]
    },
    {
      "file_path": "/media/NFS/ttao/scannet/posed_images/scene0203_02/00523.jpg",
      "transform_matrix": [
        [
          0.72369,
          0.289679,
          -0.626385,
          3.650069
        ],
        [
          0.642298,
          0.049286,
          0.764869,
          4.335665
        ],
        [
          0.252439,
          -0.955854,
          -0.150393,
          1.744764
        ],
        [
          0.0,
          0.0,
          0.0,
          1.0
        ]
      ]
    },
    {
      "file_path": "/media/NFS/ttao/scannet/posed_images/scene0203_02/00530.jpg",
      "transform_matrix": [
        [
          0.832753,
          0.27145,
          -0.482532,
          3.652092
        ],
        [
          0.518262,
          -0.075628,
          0.851871,
          4.36175
        ],
        [
          0.194747,
          -0.959477,
          -0.203661,
          1.751686
        ],
        [
          0.0,
          0.0,
          0.0,
          1.0
        ]
      ]
    },
    {
      "file_path": "/media/NFS/ttao/scannet/posed_images/scene0203_02/00536.jpg",
      "transform_matrix": [
        [
          0.879842,
          0.26736,
          -0.392933,
          3.662172
        ],
        [
          0.450092,
          -0.203228,
          0.869549,
          4.39456
        ],
        [
          0.152628,
          -0.941922,
          -0.299145,
          1.723831
