{
  "frames": [
    {
      "file_path": "/media/NFS/ttao/scannet/posed_images/scene0012_01/00000.jpg",
      "transform_matrix": [
        [
          0.564371,
          0.394782,
          -0.725005,
          3.512224
        ],
        [
          0.824916,
          -0.236059,
          0.513606,
          1.073961
        ],
        [
          0.031619,
          -0.887932,
          -0.458887,
          1.416861
        ],
        [
          0.0,
          0.0,
          0.0,
          1.0
        ]
      ]
    },
    {
      "file_path": "/media/NFS/ttao/scannet/posed_images/scene0012_01/00017.jpg",
      "transform_matrix": [
        [
          0.523384,
          0.36051,
          -0.772076,
          3.525483
        ],
        [
          0.852065,
          -0.213638,
          0.477853,
          0.996257
        ],
        [
          0.007326,
          -0.90796,
          -0.418993,
          1.425534
        ],
        [
          0.0,
          0.0,
          0.0,
          1.0
        ]
      ]
    },
    {
      "file_path": "/media/NFS/ttao/scannet/posed_images/scene0012_01/00027.jpg",
      "transform_matrix": [
        [
          0.428408,
          0.349263,
          -0.833356,
          3.547731
        ],
        [
          0.903505,
          -0.177917,
          0.389904,
          0.993834
        ],
        [
          -0.012089,
          -0.919979,
          -0.391782,
          1.435973
        ],
        [
          0.0,
          0.0,
          0.0,
          1.0
        ]
      ]
    },
    {
      "file_path": "/media/NFS/ttao/scannet/posed_images/scene0012_01/00030.jpg",
      "transform_matrix": [
        [
          0.399647,
          0.351901,
          -0.846433,
          3.557631
        ],
        [
          0.916522,
          -0.169916,
          0.362099,
          1.003748
        ],
        [
          -0.016399,
          -0.920486,
          -0.390431,
          1.439614
        ],
        [
          0.0,
          0.0,
          0.0,
          1.0
        ]
      ]
    },
    {
      "file_path": "/media/NFS/ttao/scannet/posed_images/scene0012_01/00044.jpg",
      "transform_matrix": [
        [
          0.325223,
          0.373859,
          -0.868596,
          3.551655
        ],
        [
          0.945535,
          -0.14208,
          0.292877,
          0.994334
        ],
        [
          -0.013915,
          -0.916538,
          -0.399705,
          1.444628
        ],
        [
          0.0,
          0.0,
          0.0,
          1.0
        ]
      ]
    },
    {
      "file_path": "/media/NFS/ttao/scannet/posed_images/scene0012_01/00061.jpg",
      "transform_matrix": [
        [
          0.282293,
          0.257817,
          -0.924035,
          3.565835
        ],
        [
          0.959038,
          -0.099527,
          0.265218,
          1.005004
        ],
        [
          -0.023589,
          -0.961054,
          -0.275352,
          1.492744
        ],
        [
          0.0,
          0.0,
          0.0,
          1.0
        ]
      ]
    },
    {
      "file_path": "/media/NFS/ttao/scannet/posed_images/scene0012_01/00074.jpg",
      "transform_matrix": [
        [
          0.296437,
          0.163667,
          -0.940924,
          3.570661
        ],
        [
          0.954845,
          -0.071331,
          0.288415,
          1.010196
        ],
        [
          -0.019913,
          -0.983933,
          -0.177422,
          1.532254
        ],
        [
          0.0,
          0.0,
          0.0,
          1.0
        ]
      ]
    },
    {
      "file_path": "/media/NFS/ttao/scannet/posed_images/scene0012_01/00077.jpg",
      "transform_matrix": [
        [
          0.296864,
          0.150513,
          -0.942984,
          3.570924
        ],
        [
          0.954756,
          -0.065092,
          0.29018,
          1.011987
        ],
        [
          -0.017705,
          -0.986463,
          -0.163027,
          1.537748
        ],
        [
          0.0,
          0.0,
          0.0,
          1.0
        ]
      ]
    },
    {
      "file_path": "/media/NFS/ttao/scannet/posed_images/scene0012_01/00094.jpg",
      "transform_matrix": [
        [
          0.406139,
          0.099836,
          -0.908341,
          3.571906
        ],
        [
          0.913803,
          -0.040123,
          0.404171,
          1.010331
        ],
        [
          0.003906,
          -0.994195,
          -0.107525,
          1.521381
        ],
        [
          0.0,
          0.0,
          0.0,
          1.0
        ]
      ]
    },
    {
      "file_path": "/media/NFS/ttao/scannet/posed_images/scene0012_01/00098.jpg",
      "transform_matrix": [
        [
          0.442222,
          0.092536,
          -0.892119,
          3.565474
        ],
        [
          0.896895,
          -0.040846,
          0.440352,
          1.003965
        ],
        [
          0.004309,
          -0.994871,
          -0.101058,
          1.515227
        ],
        [
          0.0,
          0.0,
          0.0,
          1.0
        ]
      ]
    },
    {
      "file_path": "/media/NFS/ttao/scannet/posed_images/scene0012_01/00114.jpg",
      "transform_matrix": [
        [
          0.621603,
          0.128128,
          -0.772783,
          3.521912
        ],
        [
          0.78328,
          -0.090243,
          0.615084,
          0.943495
        ],
        [
          0.009071,
          -0.987643,
          -0.156455,
          1.497308
        ],
        [
          0.0,
          0.0,
          0.0,
          1.0
        ]
      ]
    },
    {
      "file_path": "/media/NFS/ttao/scannet/posed_images/scene0012_01/00124.jpg",
      "transform_matrix": [
        [
          0.675506,
          0.171236,
          -0.717196,
          3.514368
        ],
        [
          0.736593,
          -0.112516,
          0.666911,
          0.948302
        ],
        [
          0.033503,
          -0.978784,
          -0.202137,
          1.479587
        ],
        [
          0.0,
          0.0,
          0.0,
          1.0
        ]
      ]
    },
    {
      "file_path": "/media/NFS/ttao/scannet/posed_images/scene0012_01/00141.jpg",
      "transform_matrix": [
        [
          0.734743,
          0.223452,
          -0.640486,
          3.511821
        ],
        [
          0.676652,
          -0.174752,
          0.715265,
          0.967027
        ],
        [
          0.047901,
          -0.958922,
          -0.279597,
          1.468996
        ],
        [
          0.0,
          0.0,
          0.0,
          1.0
        ]
      ]
    },
    {
      "file_path": "/media/NFS/ttao/scannet/posed_images/scene0012_01/00145.jpg",
      "transform_matrix": [
        [
          0.737823,
          0.233782,
          -0.633217,
          3.510732
        ],
        [
          0.673731,
          -0.19769,
          0.712043,
          0.968361
        ],
        [
          0.041281,
          -0.951979,
          -0.303366,
          1.456607
        ],
        [
          0.0,
          0.0,
          0.0,
          1.0
        ]
      ]
    },
    {
      "file_path": "/media/NFS/ttao/scannet/posed_images/scene0012_01/00158.jpg",
      "transform_matrix": [
        [
          0.715996,
          0.282262,
          -0.638496,
          3.514416
        ],
        [
          0.697942,
          -0.269715,
          0.663424,
          0.990169
        ],
        [
          0.015047,
          -0.920642,
          -0.390117,
          1.460142
        ],
        [
          0.0,
          0.0,
          0.0,
          1.0
        ]
      ]
    },
    {
      "file_path": "/media/NFS/ttao/scannet/posed_images/scene0012_01/00175.jpg",
      "transform_matrix": [
        [
          0.70511,
          0.309471,
          -0.638002,
          3.510421
        ],
        [
          0.709045,
          -0.296763,
          0.639677,
          1.004401
        ],
        [
          0.008626,
          -0.903415,
          -0.42868,
          1.467502
        ],
        [
          0.0,
          0.0,
          0.0,
          1.0
        ]
      ]
    },
    {
      "file_path": "/media/NFS/ttao/scannet/posed_images/scene0012_01/00178.jpg",
      "transform_matrix": [
        [
          0.708707,
          0.299418,
          -0.638814,
          3.510037
        ],
        [
          0.705418,
          -0.286737,
          0.648203,
          1.009521
        ],
        [
          0.010912,
          -0.910017,
          -0.414427,
          1.485
        ],
        [
          0.0,
          0.0,
          0.0,
          1.0
        ]
      ]
    },
    {
      "file_path": "/media/NFS/ttao/scannet/posed_images/scene0012_01/00192.jpg",
      "transform_matrix": [
        [
          0.752542,
          0.180413,
          -0.63335,
          3.519124
        ],
        [
          0.658544,
          -0.20537,
          0.723977,
          0.984031
        ],
        [
          0.000543,
          -0.961912,
          -0.27336,
          1.482936
        ],
        [
          0.0,
          0.0,
          0.0,
          1.0
        ]
      ]
    },
    {
      "file_path": "/media/NFS/ttao/scannet/posed_images/scene0012_01/00202.jpg",
      "transform_matrix": [
        [
          0.787372,
          0.158313,
          -0.595805,
          3.537797
        ],
        [
          0.616472,
          -0.197617,
          0.762175,
          1.01139
        ],
        [
          0.002921,
          -0.967411,
          -0.253194,
          1.479191
        ],
        [
          0.0,
          0.0,
          0.0,
          1.0
        ]
      ]
    },
    {
      "file_path": "/media/NFS/ttao/scannet/posed_images/scene0012_01/00219.jpg",
      "transform_matrix": [
        [
          0.904247,
          0.110159,
          -0.412556,
          3.548508
        ],
        [
          0.426998,
          -0.226123,
          0.875523,
          1.052376
        ],
        [
          0.003158,
          -0.96785,
          -0.251509,
          1.473021
        ],
        [
          0.0,
          0.0,
          0.0,
          1.0
        ]
      ]
    },
    {
      "file_path": "/media/NFS/ttao/scannet/posed_images/scene0012_01/00229.jpg",
      "transform_matrix": [
        [
          0.939618,
          0.090163,
          -0.330134,
          3.565302
        ],
        [
          0.342148,
          -0.227077,
          0.911795,
          1.085381
        ],
        [
          0.007245,
          -0.969694,
          -0.244215,
          1.479891
        ],
        [
          0.0,
          0.0,
          0.0,
          1.0
        ]
      ]
    },
    {
      "file_path": "/media/NFS/ttao/scannet/posed_images/scene0012_01/00232.jpg",
      "transform_matrix": [
        [
          0.948461,
          0.08644,
          -0.304879,
          3.563278
        ],
        [
          0.316752,
          -0.229635,
          0.920291,
          1.087711
        ],
        [
          0.009539,
          -0.969431,
          -0.24518,
          1.472239
        ],
        [
          0.0,
          0.0,
          0.0,
          1.0
        ]
      ]
    },
    {
      "file_path": "/media/NFS/ttao/scannet/posed_images/scene0012_01/00245.jpg",
      "transform_matrix": [
        [
          0.983375,
          0.048863,
          -0.174891,
          3.549007
        ],
        [
          0.181579,
          -0.254801,
          0.949792,
          1.09759
        ],
        [
          0.001848,
          -0.965758,
          -0.259438,
          1.475914
        ],
        [
          0.0,
          0.0,
          0.0,
          1.0
        ]
      ]
    },
    {
      "file_path": "/media/NFS/ttao/scannet/posed_images/scene0012_01/00259.jpg",
      "transform_matrix": [
        [
          0.947025,
          -0.006904,
          -0.321086,
          3.536193
        ],
        [
          0.31702,
          -0.139918,
          0.938041,
          1.026504
        ],
        [
          -0.051402,
          -0.990139,
          -0.130317,
          1.538128
        ],
        [
          0.0,
          0.0,
          0.0,
          1.0
        ]
      ]
    },
    {
      "file_path": "/media/NFS/ttao/scannet/posed_images/scene0012_01/00272.jpg",
      "transform_matrix": [
        [
          0.909267,
          -0.042975,
          -0.41399,
          3.524041
        ],
        [
          0.412493,
          -0.039659,
          0.910097,
          0.985756
        ],
        [
          -0.05553,
          -0.998289,
          -0.018334,
          1.551998
        ],
        [
          0.0,
          0.0,
          0.0,
          1.0
        ]
      ]
    },
    {
      "file_path": "/media/NFS/ttao/scannet/posed_images/scene0012_01/00279.jpg",
      "transform_matrix": [
        [
          0.893458,
          -0.051122,
          -0.446228,
          3.518404
        ],
        [
          0.447666,
          0.020761,
          0.89396,
          0.971075
        ],
        [
          -0.036437,
          -0.998477,
          0.041435,
          1.57148
        ],
        [
          0.0,
          0.0,
          0.0,
          1.0
        ]
      ]
    },
    {
      "file_path": "/media/NFS/ttao/scannet/posed_images/scene0012_01/00296.jpg",
      "transform_matrix": [
        [
          0.841489,
          -0.115741,
          -0.527732,
          3.537157
        ],
        [
          0.539981,
          0.147965,
          0.828569,
          0.942807
        ],
        [
          -0.017814,
          -0.982197,
          0.187008,
          1.60366
        ],
        [
          0.0,
          0.0,
          0.0,
          1.0
        ]
      ]
    },
    {
      "file_path": "/media/NFS/ttao/scannet/posed_images/scene0012_01/00299.jpg",
      "transform_matrix": [
        [
          0.83407,
          -0.125268,
          -0.537248,
          3.535664
        ],
        [
          0.551498,
          0.165826,
          0.817528,
          0.937663
        ],
        [
          -0.013321,
          -0.978166,
          0.207396,
          1.610986
        ],
        [
          0.0,
          0.0,
          0.0,
          1.0
        ]
      ]
    },
    {
      "file_path": "/media/NFS/ttao/scannet/posed_images/scene0012_01/00319.jpg",
      "transform_matrix": [
        [
          0.79603,
          -0.233185,
          -0.558534,
          3.554031
        ],
        [
          0.605139,
          0.288432,
          0.742033,
          0.899228
        ],
        [
          -0.011932,
          -0.928672,
          0.37071,
          1.62847
        ],
        [
          0.0,
          0.0,
          0.0,
          1.0
        ]
      ]
    },
    {
      "file_path": "/media/NFS/ttao/scannet/posed_images/scene0012_01/00323.jpg",
      "transform_matrix": [
        [
          0.799987,
          -0.224251,
          -0.556536,
          3.546767
        ],
        [
          0.599892,
          0.27997,
          0.749497,
          0.902093
        ],
        [
          -0.012262,
          -0.93345,
          0.358499,
          1.633221
        ],
        [
          0.0,
          0.0,
          0.0,
          1.0
        ]
      ]
    },
    {
      "file_path": "/media/NFS/ttao/scannet/posed_images/scene0012_01/00340.jpg",
      "transform_matrix": [
        [
          0.833114,
          -0.060874,
          -0.549742,
          3.53514
        ],
        [
          0.552983,
          0.071072,
          0.830156,
          0.927588
        ],
        [
          -0.011464,
          -0.995612,
          0.092873,
          1.609239
        ],
        [
          0.0,
          0.0,
          0.0,
          1.0
        ]
      ]
    },
    {
      "file_path": "/media/NFS/ttao/scannet/posed_images/scene0012_01/00346.jpg",
      "transform_matrix": [
        [
          0.851818,
          -0.017875,
          -0.523532,
          3.527977
        ],
        [
          0.523831,
          0.024325,
          0.851475,
          0.931764
        ],
        [
          -0.002485,
          -0.999544,
          0.030084,
          1.592108
        ],
        [
          0.0,
          0.0,
          0.0,
          1.0
        ]
      ]
    },
    {
      "file_path": "/media/NFS/ttao/scannet/posed_images/scene0012_01/00363.jpg",
      "transform_matrix": [
        [
          0.92713,
          0.029443,
          -0.373581,
          3.514735
        ],
        [
          0.373815,
          -0.142648,
          0.916468,
          0.958208
        ],
        [
          -0.026307,
          -0.989335,
          -0.143259,
          1.531474
        ],
        [
          0.0,
          0.0,
          0.0,
          1.0
        ]
      ]
    },
    {
      "file_path": "/media/NFS/ttao/scannet/posed_images/scene0012_01/00367.jpg",
      "transform_matrix": [
        [
          0.941622,
          0.025436,
          -0.335708,
          3.51603
        ],
        [
          0.335471,
          -0.154981,
          0.929215,
          0.961753
        ],
        [
          -0.028393,
          -0.98759,
          -0.154466,
          1.518943
        ],
        [
          0.0,
          0.0,
          0.0,
          1.0
        ]
      ]
    },
    {
      "file_path": "/media/NFS/ttao/scannet/posed_images/scene0012_01/00380.jpg",
      "transform_matrix": [
        [
          0.983336,
          0.011342,
          -0.181445,
          3.527354
        ],
        [
          0.179443,
          -0.220713,
          0.95869,
          0.980737
        ],
        [
          -0.029174,
          -0.975273,
          -0.21907,
          1.496341
        ],
        [
          0.0,
          0.0,
          0.0,
          1.0
        ]
      ]
    },
    {
      "file_path": "/media/NFS/ttao/scannet/posed_images/scene0012_01/00390.jpg",
      "transform_matrix": [
        [
          0.996641,
          0.02018,
          -0.079363,
          3.50976
        ],
        [
          0.081815,
          -0.286281,
          0.954646,
          0.992497
        ],
        [
          -0.003456,
          -0.957933,
          -0.286971,
          1.484109
        ],
        [
          0.0,
          0.0,
          0.0,
          1.0
        ]
      ]
    },
    {
      "file_path": "/media/NFS/ttao/scannet/posed_images/scene0012_01/00400.jpg",
      "transform_matrix": [
        [
          0.999899,
          0.014087,
          0.001652,
          3.493452
        ],
        [
          0.003221,
          -0.338934,
          0.940804,
          1.003415
        ],
        [
          0.013813,
          -0.940704,
          -0.338946,
          1.492736
        ],
        [
          0.0,
          0.0,
          0.0,
          1.0
        ]
      ]
    },
    {
      "file_path": "/media/NFS/ttao/scannet/posed_images/scene0012_01/00414.jpg",
      "transform_matrix": [
        [
          0.994137,
          -0.021994,
          0.10587,
          3.487731
        ],
        [
          -0.106234,
          -0.381268,
          0.918341,
          1.022249
        ],
        [
          0.020167,
          -0.924203,
          -0.381369,
          1.504317
        ],
        [
          0.0,
          0.0,
          0.0,
          1.0
        ]
      ]
    },
    {
      "file_path": "/media/NFS/ttao/scannet/posed_images/scene0012_01/00424.jpg",
      "transform_matrix": [
        [
          0.972566,
          -0.058716,
          0.225094,
          3.476925
        ],
        [
          -0.229901,
          -0.390274,
          0.891533,
          1.030255
        ],
        [
          0.035501,
          -0.918824,
          -0.393066,
          1.497743
        ],
        [
          0.0,
          0.0,
          0.0,
          1.0
        ]
      ]
    },
    {
      "file_path": "/media/NFS/ttao/scannet/posed_images/scene0012_01/00437.jpg",
      "transform_matrix": [
        [
          0.965704,
          -0.105483,
          0.237254,
          3.511772
        ],
        [
          -0.258171,
          -0.487375,
          0.834154,
          1.023348
        ],
        [
          0.027642,
          -0.866798,
          -0.497893,
          1.439136
        ],
        [
          0.0,
          0.0,
          0.0,
          1.0
        ]
      ]
    },
    {
      "file_path": "/media/NFS/ttao/scannet/posed_images/scene0012_01/00454.jpg",
      "transform_matrix": [
        [
          0.984757,
          -0.124438,
          0.121531,
          3.589553
        ],
        [
          -0.173367,
          -0.645584,
          0.74375,
          1.035926
        ],
        [
          -0.014092,
          -0.753482,
          -0.657317,
          1.400786
        ],
        [
          0.0,
          0.0,
          0.0,
          1.0
        ]
      ]
    },
    {
      "file_path": "/media/NFS/ttao/scannet/posed_images/scene0012_01/00461.jpg",
      "transform_matrix": [
        [
          0.988785,
          -0.114848,
          0.095467,
          3.597613
        ],
        [
          -0.148081,
          -0.670955,
          0.726561,
          1.036351
        ],
        [
          -0.01939,
          -0.73255,
          -0.680437,
          1.391088
        ],
        [
          0.0,
          0.0,
          0.0,
          1.0
        ]
      ]
    },
    {
      "file_path": "/media/NFS/ttao/scannet/posed_images/scene0012_01/00478.jpg",
      "transform_matrix": [
        [
          0.992717,
          -0.105382,
          0.058375,
          3.595573
        ],
        [
          -0.117118,
          -0.730707,
          0.67257,
          1.018271
        ],
        [
          -0.028222,
          -0.674509,
          -0.737727,
          1.367285
        ],
        [
          0.0,
          0.0,
          0.0,
          1.0
        ]
      ]
    },
    {
      "file_path": "/media/NFS/ttao/scannet/posed_images/scene0012_01/00481.jpg",
      "transform_matrix": [
        [
          0.990881,
          -0.118483,
          0.064159,
          3.584174
        ],
        [
          -0.131135,
          -0.738642,
          0.66122,
          1.016658
        ],
        [
          -0.030953,
          -0.663604,
          -0.747443,
          1.366699
        ],
        [
          0.0,
          0.0,
          0.0,
          1.0
        ]
      ]
    },
    {
      "file_path": "/media/NFS/ttao/scannet/posed_images/scene0012_01/00491.jpg",
      "transform_matrix": [
        [
          0.986732,
          -0.145293,
          0.072462,
          3.541331
        ],
        [
          -0.157986,
          -0.756319,
          0.63484,
          0.997431
        ],
        [
          -0.037433,
          -0.637865,
          -0.769238,
          1.346668
        ],
        [
          0.0,
          0.0,
          0.0,
          1.0
        ]
      ]
    },
    {
      "file_path": "/media/NFS/ttao/scannet/posed_images/scene0012_01/00508.jpg",
      "transform_matrix": [
        [
          0.981956,
          -0.170735,
          0.081317,
          3.486755
        ],
        [
          -0.187019,
          -0.812948,
          0.551489,
          0.970077
        ],
        [
          -0.028052,
          -0.556745,
          -0.830209,
          1.302258
        ],
        [
          0.0,
          0.0,
          0.0,
          1.0
        ]
      ]
    },
    {
      "file_path": "/media/NFS/ttao/scannet/posed_images/scene0012_01/00518.jpg",
      "transform_matrix": [
        [
          0.984881,
          -0.167102,
          0.045681,
          3.482323
        ],
        [
          -0.1675,
          -0.851294,
          0.497235,
          0.964163
        ],
        [
          -0.044201,
          -0.497369,
          -0.866412,
          1.277897
        ],
        [
          0.0,
          0.0,
          0.0,
          1.0
        ]
      ]
    },
    {
      "file_path": "/media/NFS/ttao/scannet/posed_images/scene0012_01/00531.jpg",
      "transform_matrix": [
        [
          0.984832,
          -0.171257,
          0.027886,
          3.488605
        ],
        [
          -0.166422,
          -0.886838,
          0.43107,
          0.966858
        ],
        [
          -0.049093,
          -0.429172,
          -0.901888,
          1.254038
        ],
        [
          0.0,
          0.0,
          0.0,
          1.0
        ]
      ]
    },
    {
      "file_path": "/media/NFS/ttao/scannet/posed_images/scene0012_01/00535.jpg",
      "transform_matrix": [
        [
          0.98501,
          -0.170142,
          0.028414,
          3.493843
        ],
        [
          -0.165715,
          -0.887613,
          0.429746,
          0.962977
        ],
        [
          -0.047897,
          -0.428012,
          -0.902503,
          1.253316
        ],
        [
          0.0,
          0.0,
          0.0,
          1.0
        ]
      ]
    },
    {
      "file_path": "/media/NFS/ttao/scannet/posed_images/scene0012_01/00548.jpg",
      "transform_matrix": [
        [
          0.966194,
          -0.236537,
          0.102564,
          3.546183
        ],
        [
          -0.257748,
          -0.877049,
          0.405401,
          0.950927
        ],
        [
          -0.005939,
          -0.418132,
          -0.908367,
          1.252255
        ],
        [
          0.0,
          0.0,
          0.0,
          1.0
        ]
      ]
    },
    {
      "file_path": "/media/NFS/ttao/scannet/posed_images/scene0012_01/00565.jpg",
      "transform_matrix": [
        [
          0.877616,
          -0.386224,
          0.283938,
          3.620731
        ],
        [
          -0.468721,
          -0.815518,
          0.339456,
          0.916571
        ],
        [
          0.100451,
          -0.431,
          -0.896743,
          1.259874
        ],
        [
          0.0,
          0.0,
          0.0,
          1.0
        ]
      ]
    },
    {
      "file_path": "/media/NFS/ttao/scannet/posed_images/scene0012_01/00568.jpg",
      "transform_matrix": [
        [
          0.857829,
          -0.414031,
          0.304479,
          3.635624
        ],
        [
          -0.502616,
          -0.799511,
          0.328876,
          0.907276
        ],
        [
          0.107269,
          -0.435156,
          -0.893942,
          1.262806
        ],
        [
          0.0,
          0.0,
          0.0,
          1.0
        ]
      ]
    },
    {
      "file_path": "/media/NFS/ttao/scannet/posed_images/scene0012_01/00582.jpg",
      "transform_matrix": [
        [
          0.818002,
          -0.454739,
          0.352259,
          3.654374
        ],
        [
          -0.565426,
          -0.748173,
          0.347176,
          0.898941
        ],
        [
          0.105676,
          -0.483167,
          -0.869127,
          1.284782
        ],
        [
          0.0,
          0.0,
          0.0,
          1.0
        ]
      ]
    },
    {
      "file_path": "/media/NFS/ttao/scannet/posed_images/scene0012_01/00599.jpg",
      "transform_matrix": [
        [
          0.821352,
          -0.414079,
          0.392327,
          3.652109
        ],
        [
          -0.565254,
          -0.683209,
          0.462293,
          0.893158
        ],
        [
          0.076615,
          -0.601469,
          -0.795214,
          1.331193
        ],
        [
          0.0,
          0.0,
          0.0,
          1.0
        ]
      ]
    },
    {
      "file_path": "/media/NFS/ttao/scannet/posed_images/scene0012_01/00605.jpg",
      "transform_matrix": [
        [
          0.824512,
          -0.390415,
          0.40958,
          3.650418
        ],
        [
          -0.560281,
          -0.664544,
          0.494435,
          0.892061
        ],
        [
          0.079149,
          -0.637147,
          -0.766667,
          1.34362
        ],
        [
          0.0,
          0.0,
          0.0,
          1.0
        ]
      ]
    },
    {
      "file_path": "/media/NFS/ttao/scannet/posed_images/scene0012_01/00615.jpg",
      "transform_matrix": [
        [
          0.826314,
          -0.351508,
          0.440054,
          3.651229
        ],
        [
          -0.556165,
          -0.632462,
          0.53914,
          0.894439
        ],
        [
          0.088805,
          -0.690241,
          -0.718109,
          1.364319
        ],
        [
          0.0,
          0.0,
          0.0,
          1.0
        ]
      ]
    },
    {
      "file_path": "/media/NFS/ttao/scannet/posed_images/scene0012_01/00629.jpg",
      "transform_matrix": [
        [
          0.832574,
          -0.295311,
          0.468627,
          3.640157
        ],
        [
          -0.546869,
          -0.572725,
          0.610672,
          0.891759
        ],
        [
          0.088056,
          -0.764707,
          -0.638333,
          1.39486
        ],
        [
          0.0,
          0.0,
          0.0,
          1.0
        ]
      ]
    },
    {
      "file_path": "/media/NFS/ttao/scannet/posed_images/scene0012_01/00639.jpg",
      "transform_matrix": [
        [
          0.836747,
          -0.2644,
          0.479529,
          3.631716
        ],
        [
          -0.54177,
          -0.527061,
          0.654745,
          0.893035
        ],
        [
          0.079627,
          -0.80765,
          -0.584261,
          1.421174
        ],
        [
          0.0,
          0.0,
          0.0,
          1.0
        ]
      ]
    },
    {
      "file_path": "/media/NFS/ttao/scannet/posed_images/scene0012_01/00656.jpg",
      "transform_matrix": [
        [
          0.839572,
          -0.211176,
          0.500524,
          3.594352
        ],
        [
          -0.538348,
          -0.446914,
          0.714458,
          0.891761
        ],
        [
          0.072815,
          -0.869294,
          -0.488903,
          1.4549
        ],
        [
          0.0,
          0.0,
          0.0,
          1.0
        ]
      ]
    },
    {
      "file_path": "/media/NFS/ttao/scannet/posed_images/scene0012_01/00659.jpg",
      "transform_matrix": [
        [
          0.839229,
          -0.203109,
          0.504422,
          3.585575
        ],
        [
          -0.53884,
          -0.43535,
          0.721195,
          0.896904
        ],
        [
          0.073119,
          -0.87705,
          -0.474801,
          1.463525
        ],
        [
          0.0,
          0.0,
          0.0,
          1.0
        ]
      ]
    },
    {
      "file_path": "/media/NFS/ttao/scannet/posed_images/scene0012_01/00669.jpg",
      "transform_matrix": [
        [
          0.84241,
          -0.183265,
          0.506715,
          3.552474
        ],
        [
          -0.535031,
          -0.396074,
          0.746236,
          0.903732
        ],
        [
          0.063937,
          -0.899744,
          -0.431709,
          1.476146
        ],
        [
          0.0,
          0.0,
          0.0,
          1.0
        ]
      ]
    },
    {
      "file_path": "/media/NFS/ttao/scannet/posed_images/scene0012_01/00689.jpg",
      "transform_matrix": [
        [
          0.856756,
          -0.106228,
          0.504663,
          3.498868
        ],
        [
          -0.509718,
          -0.323303,
          0.797285,
          0.943565
        ],
        [
          0.078465,
          -0.940314,
          -0.331138,
          1.49714
        ],
        [
          0.0,
          0.0,
          0.0,
          1.0
        ]
      ]
    },
    {
      "file_path": "/media/NFS/ttao/scannet/posed_images/scene0012_01/00700.jpg",
      "transform_matrix": [
        [
          0.851693,
          -0.083156,
          0.517402,
          3.478012
        ],
        [
          -0.518912,
          -0.271634,
          0.810522,
          0.994981
        ],
        [
          0.073144,
          -0.958801,
          -0.274499,
          1.497741
        ],
        [
          0.0,
          0.0,
          0.0,
          1.0
        ]
      ]
    },
    {
      "file_path": "/media/NFS/ttao/scannet/posed_images/scene0012_01/00703.jpg",
      "transform_matrix": [
        [
          0.851079,
          -0.085449,
          0.518038,
          3.476388
        ],
        [
          -0.52143,
          -0.253044,
          0.814911,
          1.011282
        ],
        [
          0.061453,
          -0.963674,
          -0.259916,
          1.502225
        ],
        [
          0.0,
          0.0,
          0.0,
          1.0
        ]
      ]
    },
    {
      "file_path": "/media/NFS/ttao/scannet/posed_images/scene0012_01/00723.jpg",
      "transform_matrix": [
        [
          0.797555,
          -0.045378,
          0.601537,
          3.404188
        ],
        [
          -0.599932,
          -0.164046,
          0.783052,
          1.091178
        ],
        [
          0.063147,
          -0.985408,
          -0.158059,
          1.503694
        ],
        [
          0.0,
          0.0,
          0.0,
          1.0
        ]
      ]
    },
    {
      "file_path": "/media/NFS/ttao/scannet/posed_images/scene0012_01/00733.jpg",
      "transform_matrix": [
        [
          0.788,
          -0.023676,
          0.61522,
          3.342663
        ],
        [
          -0.614181,
          -0.099797,
          0.782829,
          1.125551
        ],
        [
          0.042863,
          -0.994726,
          -0.093182,
          1.501998
        ],
        [
          0.0,
          0.0,
          0.0,
          1.0
        ]
      ]
    },
    {
      "file_path": "/media/NFS/ttao/scannet/posed_images/scene0012_01/00736.jpg",
      "transform_matrix": [
        [
          0.784663,
          -0.009163,
          0.619855,
          3.328649
        ],
        [
          -0.617856,
          -0.093141,
          0.780756,
          1.131665
        ],
        [
          0.05058,
          -0.995611,
          -0.078746,
          1.50493
        ],
        [
          0.0,
          0.0,
          0.0,
          1.0
        ]
      ]
    },
    {
      "file_path": "/media/NFS/ttao/scannet/posed_images/scene0012_01/00757.jpg",
      "transform_matrix": [
        [
          0.728503,
          0.081049,
          0.680231,
          3.302862
        ],
        [
          -0.680533,
          -0.028117,
          0.732177,
          1.137451
        ],
        [
          0.078469,
          -0.996313,
          0.034673,
          1.523687
        ],
        [
          0.0,
          0.0,
          0.0,
          1.0
        ]
      ]
    },
    {
      "file_path": "/media/NFS/ttao/scannet/posed_images/scene0012_01/00767.jpg",
      "transform_matrix": [
        [
          0.695694,
          0.11224,
          0.709515,
          3.325862
        ],
        [
          -0.7138,
          -0.002833,
          0.700344,
          1.12818
        ],
        [
          0.080617,
          -0.993677,
          0.078146,
          1.517517
        ],
        [
          0.0,
          0.0,
          0.0,
          1.0
        ]
      ]
    },
    {
      "file_path": "/media/NFS/ttao/scannet/posed_images/scene0012_01/00770.jpg",
      "transform_matrix": [
        [
          0.695908,
          0.116661,
          0.708592,
          3.331236
        ],
        [
          -0.713881,
          0.005195,
          0.700248,
          1.12355
        ],
        [
          0.078011,
          -0.993158,
          0.086897,
          1.533885
        ],
        [
          0.0,
          0.0,
          0.0,
          1.0
        ]
      ]
    },
    {
      "file_path": "/media/NFS/ttao/scannet/posed_images/scene0012_01/00787.jpg",
      "transform_matrix": [
        [
          0.777413,
          0.129836,
          0.615445,
          3.377128
        ],
        [
          -0.621504,
          0.008041,
          0.78337,
          1.166139
        ],
        [
          0.096761,
          -0.991503,
          0.086944,
          1.544991
        ],
        [
          0.0,
          0.0,
          0.0,
          1.0
        ]
      ]
    },
    {
      "file_path": "/media/NFS/ttao/scannet/posed_images/scene0012_01/00800.jpg",
      "transform_matrix": [
        [
          0.764795,
          0.121801,
          0.632656,
          3.344896
        ],
        [
          -0.634785,
          -0.025461,
          0.772269,
          1.303855
        ],
        [
          0.110171,
          -0.992228,
          0.057845,
          1.548403
        ],
        [
          0.0,
          0.0,
          0.0,
          1.0
        ]
      ]
    },
    {
      "file_path": "/media/NFS/ttao/scannet/posed_images/scene0012_01/00814.jpg",
      "transform_matrix": [
        [
          0.76434,
          0.074095,
          0.640543,
          3.283116
        ],
        [
          -0.639985,
          -0.034171,
          0.767627,
          1.514683
        ],
        [
          0.078766,
          -0.996665,
          0.021302,
          1.540071
        ],
        [
          0.0,
          0.0,
          0.0,
          1.0
        ]
      ]
    },
    {
      "file_path": "/media/NFS/ttao/scannet/posed_images/scene0012_01/00817.jpg",
      "transform_matrix": [
        [
          0.759995,
          0.073197,
          0.645795,
          3.282915
        ],
        [
          -0.644673,
          -0.041225,
          0.763347,
          1.565353
        ],
        [
          0.082498,
          -0.996465,
          0.015857,
          1.531688
        ],
        [
          0.0,
          0.0,
          0.0,
          1.0
        ]
      ]
    },
    {
      "file_path": "/media/NFS/ttao/scannet/posed_images/scene0012_01/00834.jpg",
      "transform_matrix": [
        [
          0.748844,
          0.073065,
          0.658707,
          3.303172
        ],
        [
          -0.659767,
          -0.011962,
          0.751375,
          1.835226
        ],
        [
          0.062779,
          -0.997255,
          0.039249,
          1.554584
        ],
        [
          0.0,
          0.0,
          0.0,
          1.0
        ]
      ]
    },
    {
      "file_path": "/media/NFS/ttao/scannet/posed_images/scene0012_01/00841.jpg",
      "transform_matrix": [
        [
          0.714977,
          0.088177,
          0.693566,
          3.278052
        ],
        [
          -0.6947,
          -0.022124,
          0.718959,
          1.953819
        ],
        [
          0.07874,
          -0.995859,
          0.045439,
          1.5443
        ],
        [
          0.0,
          0.0,
          0.0,
          1.0
        ]
      ]
    },
    {
      "file_path": "/media/NFS/ttao/scannet/posed_images/scene0012_01/00858.jpg",
      "transform_matrix": [
        [
          0.613171,
          0.030882,
          0.789346,
          3.216515
        ],
        [
          -0.788134,
          -0.043805,
          0.613943,
          2.224703
        ],
        [
          0.053537,
          -0.998563,
          -0.002521,
          1.542488
        ],
        [
          0.0,
          0.0,
          0.0,
          1.0
        ]
      ]
    },
    {
      "file_path": "/media/NFS/ttao/scannet/posed_images/scene0012_01/00861.jpg",
      "transform_matrix": [
        [
          0.592291,
          0.030575,
          0.805144,
          3.210542
        ],
        [
          -0.803502,
          -0.051751,
          0.593048,
          2.270618
        ],
        [
          0.059799,
          -0.998192,
          -0.006085,
          1.542631
        ],
        [
          0.0,
