{
  "frames": [
    {
      "file_path": "/media/NFS/ttao/scannet/posed_images/scene0655_00/00000.jpg",
      "transform_matrix": [
        [
          -0.615332,
          -0.345379,
          0.708576,
          1.080712
        ],
        [
          -0.787084,
          0.219949,
          -0.5763,
          4.121379
        ],
        [
          0.043191,
          -0.912324,
          -0.407184,
          1.547101
        ],
        [
          0.0,
          0.0,
          0.0,
          1.0
        ]
      ]
    },
    {
      "file_path": "/media/NFS/ttao/scannet/posed_images/scene0655_00/00006.jpg",
      "transform_matrix": [
        [
          -0.614411,
          -0.356674,
          0.703763,
          1.082474
        ],
        [
          -0.787353,
          0.219811,
          -0.575985,
          4.128151
        ],
        [
          0.050745,
          -0.908002,
          -0.415882,
          1.537374
        ],
        [
          0.0,
          0.0,
          0.0,
          1.0
        ]
      ]
    },
    {
      "file_path": "/media/NFS/ttao/scannet/posed_images/scene0655_00/00007.jpg",
      "transform_matrix": [
        [
          -0.613858,
          -0.356668,
          0.704249,
          1.08015
        ],
        [
          -0.787764,
          0.219077,
          -0.575702,
          4.128142
        ],
        [
          0.05105,
          -0.908181,
          -0.415452,
          1.5367
        ],
        [
          0.0,
          0.0,
          0.0,
          1.0
        ]
      ]
    },
    {
      "file_path": "/media/NFS/ttao/scannet/posed_images/scene0655_00/00013.jpg",
      "transform_matrix": [
        [
          -0.612027,
          -0.354107,
          0.707129,
          1.085423
        ],
        [
          -0.789443,
          0.220498,
          -0.572853,
          4.12948
        ],
        [
          0.046931,
          -0.908839,
          -0.414498,
          1.542194
        ],
        [
          0.0,
          0.0,
          0.0,
          1.0
        ]
      ]
    },
    {
      "file_path": "/media/NFS/ttao/scannet/posed_images/scene0655_00/00014.jpg",
      "transform_matrix": [
        [
          -0.611659,
          -0.353624,
          0.707689,
          1.083089
        ],
        [
          -0.789739,
          0.220065,
          -0.572612,
          4.128499
        ],
        [
          0.046752,
          -0.909132,
          -0.413875,
          1.538698
        ],
        [
          0.0,
          0.0,
          0.0,
          1.0
        ]
      ]
    },
    {
      "file_path": "/media/NFS/ttao/scannet/posed_images/scene0655_00/00018.jpg",
      "transform_matrix": [
        [
          -0.619125,
          -0.351437,
          0.702266,
          1.078214
        ],
        [
          -0.783935,
          0.224023,
          -0.579017,
          4.116474
        ],
        [
          0.046164,
          -0.909014,
          -0.414201,
          1.536947
        ],
        [
          0.0,
          0.0,
          0.0,
          1.0
        ]
      ]
    },
    {
      "file_path": "/media/NFS/ttao/scannet/posed_images/scene0655_00/00023.jpg",
      "transform_matrix": [
        [
          -0.647736,
          -0.334283,
          0.684612,
          1.065764
        ],
        [
          -0.760963,
          0.240149,
          -0.602715,
          4.105236
        ],
        [
          0.037069,
          -0.911364,
          -0.40993,
          1.532741
        ],
        [
          0.0,
          0.0,
          0.0,
          1.0
        ]
      ]
    },
    {
      "file_path": "/media/NFS/ttao/scannet/posed_images/scene0655_00/00025.jpg",
      "transform_matrix": [
        [
          -0.656574,
          -0.328787,
          0.67883,
          1.053264
        ],
        [
          -0.753418,
          0.24332,
          -0.610866,
          4.094701
        ],
        [
          0.035671,
          -0.912521,
          -0.407472,
          1.522938
        ],
        [
          0.0,
          0.0,
          0.0,
          1.0
        ]
      ]
    },
    {
      "file_path": "/media/NFS/ttao/scannet/posed_images/scene0655_00/00029.jpg",
      "transform_matrix": [
        [
          -0.694295,
          -0.317439,
          0.6459,
          1.039541
        ],
        [
          -0.718977,
          0.26598,
          -0.642127,
          4.065557
        ],
        [
          0.032039,
          -0.910213,
          -0.4129,
          1.522994
        ],
        [
          0.0,
          0.0,
          0.0,
          1.0
        ]
      ]
    },
    {
      "file_path": "/media/NFS/ttao/scannet/posed_images/scene0655_00/00032.jpg",
      "transform_matrix": [
        [
          -0.719824,
          -0.31265,
          0.619761,
          1.030579
        ],
        [
          -0.693214,
          0.27727,
          -0.665264,
          4.045313
        ],
        [
          0.036153,
          -0.9085,
          -0.416319,
          1.519009
        ],
        [
          0.0,
          0.0,
          0.0,
          1.0
        ]
      ]
    },
    {
      "file_path": "/media/NFS/ttao/scannet/posed_images/scene0655_00/00037.jpg",
      "transform_matrix": [
        [
          -0.768095,
          -0.292489,
          0.569631,
          1.008482
        ],
        [
          -0.639476,
          0.304283,
          -0.706033,
          4.015682
        ],
        [
          0.033178,
          -0.906566,
          -0.420758,
          1.509228
        ],
        [
          0.0,
          0.0,
          0.0,
          1.0
        ]
      ]
    },
    {
      "file_path": "/media/NFS/ttao/scannet/posed_images/scene0655_00/00041.jpg",
      "transform_matrix": [
        [
          -0.805229,
          -0.280855,
          0.522232,
          0.99679
        ],
        [
          -0.592061,
          0.332226,
          -0.734227,
          3.997127
        ],
        [
          0.032712,
          -0.900414,
          -0.433802,
          1.508111
        ],
        [
          0.0,
          0.0,
          0.0,
          1.0
        ]
      ]
    },
    {
      "file_path": "/media/NFS/ttao/scannet/posed_images/scene0655_00/00045.jpg",
      "transform_matrix": [
        [
          -0.849801,
          -0.255881,
          0.460829,
          0.973103
        ],
        [
          -0.52643,
          0.367812,
          -0.766541,
          3.97172
        ],
        [
          0.026645,
          -0.894002,
          -0.44727,
          1.497404
        ],
        [
          0.0,
          0.0,
          0.0,
          1.0
        ]
      ]
    },
    {
      "file_path": "/media/NFS/ttao/scannet/posed_images/scene0655_00/00050.jpg",
      "transform_matrix": [
        [
          -0.881571,
          -0.24213,
          0.405222,
          0.949547
        ],
        [
          -0.470916,
          0.391609,
          -0.790494,
          3.956857
        ],
        [
          0.032713,
          -0.887702,
          -0.459255,
          1.487068
        ],
        [
          0.0,
          0.0,
          0.0,
          1.0
        ]
      ]
    },
    {
      "file_path": "/media/NFS/ttao/scannet/posed_images/scene0655_00/00053.jpg",
      "transform_matrix": [
        [
          -0.89705,
          -0.232755,
          0.375668,
          0.932558
        ],
        [
          -0.440862,
          0.412262,
          -0.797296,
          3.946416
        ],
        [
          0.030701,
          -0.880832,
          -0.472432,
          1.473066
        ],
        [
          0.0,
          0.0,
          0.0,
          1.0
        ]
      ]
    },
    {
      "file_path": "/media/NFS/ttao/scannet/posed_images/scene0655_00/00055.jpg",
      "transform_matrix": [
        [
          -0.907253,
          -0.22556,
          0.354986,
          0.925783
        ],
        [
          -0.41967,
          0.429846,
          -0.799443,
          3.944577
        ],
        [
          0.027733,
          -0.874274,
          -0.48464,
          1.463976
        ],
        [
          0.0,
          0.0,
          0.0,
          1.0
        ]
      ]
    },
    {
      "file_path": "/media/NFS/ttao/scannet/posed_images/scene0655_00/00059.jpg",
      "transform_matrix": [
        [
          -0.926967,
          -0.207417,
          0.312586,
          0.904831
        ],
        [
          -0.374542,
          0.464577,
          -0.802425,
          3.927436
        ],
        [
          0.021217,
          -0.860898,
          -0.508334,
          1.450857
        ],
        [
          0.0,
          0.0,
          0.0,
          1.0
        ]
      ]
    },
    {
      "file_path": "/media/NFS/ttao/scannet/posed_images/scene0655_00/00064.jpg",
      "transform_matrix": [
        [
          -0.951809,
          -0.184927,
          0.244668,
          0.888474
        ],
        [
          -0.305406,
          0.498511,
          -0.811304,
          3.915547
        ],
        [
          0.028063,
          -0.846929,
          -0.530964,
          1.436454
        ],
        [
          0.0,
          0.0,
          0.0,
          1.0
        ]
      ]
    },
    {
      "file_path": "/media/NFS/ttao/scannet/posed_images/scene0655_00/00068.jpg",
      "transform_matrix": [
        [
          -0.973928,
          -0.154653,
          0.165974,
          0.869612
        ],
        [
          -0.22253,
          0.509025,
          -0.831489,
          3.893028
        ],
        [
          0.044107,
          -0.846744,
          -0.530169,
          1.436283
        ],
        [
          0.0,
          0.0,
          0.0,
          1.0
        ]
      ]
    },
    {
      "file_path": "/media/NFS/ttao/scannet/posed_images/scene0655_00/00072.jpg",
      "transform_matrix": [
        [
          -0.983437,
          -0.134447,
          0.121557,
          0.824314
        ],
        [
          -0.173365,
          0.502066,
          -0.847275,
          3.874517
        ],
        [
          0.052884,
          -0.854315,
          -0.517058,
          1.445974
        ],
        [
          0.0,
          0.0,
          0.0,
          1.0
        ]
      ]
    },
    {
      "file_path": "/media/NFS/ttao/scannet/posed_images/scene0655_00/00075.jpg",
      "transform_matrix": [
        [
          -0.990324,
          -0.115221,
          0.077345,
          0.817172
        ],
        [
          -0.124603,
          0.492931,
          -0.8611,
          3.868719
        ],
        [
          0.061091,
          -0.862406,
          -0.502518,
          1.449099
        ],
        [
          0.0,
          0.0,
          0.0,
          1.0
        ]
      ]
    },
    {
      "file_path": "/media/NFS/ttao/scannet/posed_images/scene0655_00/00080.jpg",
      "transform_matrix": [
        [
          -0.99527,
          -0.096696,
          0.009299,
          0.792413
        ],
        [
          -0.054589,
          0.477533,
          -0.876916,
          3.853014
        ],
        [
          0.080354,
          -0.873276,
          -0.480554,
          1.465339
        ],
        [
          0.0,
          0.0,
          0.0,
          1.0
        ]
      ]
    },
    {
      "file_path": "/media/NFS/ttao/scannet/posed_images/scene0655_00/00083.jpg",
      "transform_matrix": [
        [
          -0.996485,
          -0.072471,
          -0.042021,
          0.785182
        ],
        [
          0.004409,
          0.455548,
          -0.8902,
          3.846614
        ],
        [
          0.083657,
          -0.887256,
          -0.453627,
          1.475966
        ],
        [
          0.0,
          0.0,
          0.0,
          1.0
        ]
      ]
    },
    {
      "file_path": "/media/NFS/ttao/scannet/posed_images/scene0655_00/00086.jpg",
      "transform_matrix": [
        [
          -0.9955,
          -0.06064,
          -0.072819,
          0.777936
        ],
        [
          0.037981,
          0.448694,
          -0.892878,
          3.840734
        ],
        [
          0.086818,
          -0.891626,
          -0.444372,
          1.480454
        ],
        [
          0.0,
          0.0,
          0.0,
          1.0
        ]
      ]
    },
    {
      "file_path": "/media/NFS/ttao/scannet/posed_images/scene0655_00/00091.jpg",
      "transform_matrix": [
        [
          -0.991833,
          -0.033398,
          -0.123095,
          0.759337
        ],
        [
          0.096609,
          0.433394,
          -0.896012,
          3.835824
        ],
        [
          0.083273,
          -0.900586,
          -0.426627,
          1.485026
        ],
        [
          0.0,
          0.0,
          0.0,
          1.0
        ]
      ]
    },
    {
      "file_path": "/media/NFS/ttao/scannet/posed_images/scene0655_00/00094.jpg",
      "transform_matrix": [
        [
          -0.987049,
          -0.009191,
          -0.160153,
          0.756433
        ],
        [
          0.142403,
          0.409446,
          -0.901152,
          3.824373
        ],
        [
          0.073857,
          -0.912288,
          -0.402834,
          1.502668
        ],
        [
          0.0,
          0.0,
          0.0,
          1.0
        ]
      ]
    },
    {
      "file_path": "/media/NFS/ttao/scannet/posed_images/scene0655_00/00097.jpg",
      "transform_matrix": [
        [
          -0.984604,
          -0.006277,
          -0.174687,
          0.755834
        ],
        [
          0.159811,
          0.372555,
          -0.914146,
          3.823494
        ],
        [
          0.070819,
          -0.927989,
          -0.365816,
          1.52071
        ],
        [
          0.0,
          0.0,
          0.0,
          1.0
        ]
      ]
    },
    {
      "file_path": "/media/NFS/ttao/scannet/posed_images/scene0655_00/00100.jpg",
      "transform_matrix": [
        [
          -0.983375,
          -0.016746,
          -0.180812,
          0.762869
        ],
        [
          0.164567,
          0.338703,
          -0.92639,
          3.818263
        ],
        [
          0.076755,
          -0.940744,
          -0.330316,
          1.554231
        ],
        [
          0.0,
          0.0,
          0.0,
          1.0
        ]
      ]
    },
    {
      "file_path": "/media/NFS/ttao/scannet/posed_images/scene0655_00/00103.jpg",
      "transform_matrix": [
        [
          -0.985106,
          -0.021645,
          -0.170583,
          0.769223
        ],
        [
          0.157433,
          0.285419,
          -0.945384,
          3.835195
        ],
        [
          0.069151,
          -0.958158,
          -0.27776,
          1.541653
        ],
        [
          0.0,
          0.0,
          0.0,
          1.0
        ]
      ]
    },
    {
      "file_path": "/media/NFS/ttao/scannet/posed_images/scene0655_00/00106.jpg",
      "transform_matrix": [
        [
          -0.989076,
          -0.024147,
          -0.145418,
          0.774364
        ],
        [
          0.137413,
          0.20605,
          -0.968845,
          3.853484
        ],
        [
          0.053358,
          -0.978244,
          -0.20048,
          1.533798
        ],
        [
          0.0,
          0.0,
          0.0,
          1.0
        ]
      ]
    },
    {
      "file_path": "/media/NFS/ttao/scannet/posed_images/scene0655_00/00113.jpg",
      "transform_matrix": [
        [
          -0.993459,
          -0.036004,
          -0.108369,
          0.787072
        ],
        [
          0.104074,
          0.105085,
          -0.989002,
          3.843579
        ],
        [
          0.046996,
          -0.993811,
          -0.100651,
          1.594395
        ],
        [
          0.0,
          0.0,
          0.0,
          1.0
        ]
      ]
    },
    {
      "file_path": "/media/NFS/ttao/scannet/posed_images/scene0655_00/00114.jpg",
      "transform_matrix": [
        [
          -0.994454,
          -0.032354,
          -0.100068,
          0.78692
        ],
        [
          0.096693,
          0.092948,
          -0.990965,
          3.847013
        ],
        [
          0.041363,
          -0.995145,
          -0.089304,
          1.603116
        ],
        [
          0.0,
          0.0,
          0.0,
          1.0
        ]
      ]
    },
    {
      "file_path": "/media/NFS/ttao/scannet/posed_images/scene0655_00/00120.jpg",
      "transform_matrix": [
        [
          -Infinity,
          -Infinity,
          -Infinity,
          -Infinity
        ],
        [
          -Infinity,
          -Infinity,
          -Infinity,
          -Infinity
        ],
        [
          -Infinity,
          -Infinity,
          -Infinity,
          -Infinity
        ],
        [
          -Infinity,
          -Infinity,
          -Infinity,
          -Infinity
        ]
      ]
    },
    {
      "file_path": "/media/NFS/ttao/scannet/posed_images/scene0655_00/00123.jpg",
      "transform_matrix": [
        [
          -Infinity,
          -Infinity,
          -Infinity,
          -Infinity
        ],
        [
          -Infinity,
          -Infinity,
          -Infinity,
          -Infinity
        ],
        [
          -Infinity,
          -Infinity,
          -Infinity,
          -Infinity
        ],
        [
          -Infinity,
          -Infinity,
          -Infinity,
          -Infinity
        ]
      ]
    },
    {
      "file_path": "/media/NFS/ttao/scannet/posed_images/scene0655_00/00127.jpg",
      "transform_matrix": [
        [
          -Infinity,
          -Infinity,
          -Infinity,
          -Infinity
        ],
        [
          -Infinity,
          -Infinity,
          -Infinity,
          -Infinity
        ],
        [
          -Infinity,
          -Infinity,
          -Infinity,
          -Infinity
        ],
        [
          -Infinity,
          -Infinity,
          -Infinity,
          -Infinity
        ]
      ]
    },
    {
      "file_path": "/media/NFS/ttao/scannet/posed_images/scene0655_00/00131.jpg",
      "transform_matrix": [
        [
          -Infinity,
          -Infinity,
          -Infinity,
          -Infinity
        ],
        [
          -Infinity,
          -Infinity,
          -Infinity,
          -Infinity
        ],
        [
          -Infinity,
          -Infinity,
          -Infinity,
          -Infinity
        ],
        [
          -Infinity,
          -Infinity,
          -Infinity,
          -Infinity
        ]
      ]
    },
    {
      "file_path": "/media/NFS/ttao/scannet/posed_images/scene0655_00/00135.jpg",
      "transform_matrix": [
        [
          -Infinity,
          -Infinity,
          -Infinity,
          -Infinity
        ],
        [
          -Infinity,
          -Infinity,
          -Infinity,
          -Infinity
        ],
        [
          -Infinity,
          -Infinity,
          -Infinity,
          -Infinity
        ],
        [
          -Infinity,
          -Infinity,
          -Infinity,
          -Infinity
        ]
      ]
    },
    {
      "file_path": "/media/NFS/ttao/scannet/posed_images/scene0655_00/00138.jpg",
      "transform_matrix": [
        [
          -Infinity,
          -Infinity,
          -Infinity,
          -Infinity
        ],
        [
          -Infinity,
          -Infinity,
          -Infinity,
          -Infinity
        ],
        [
          -Infinity,
          -Infinity,
          -Infinity,
          -Infinity
        ],
        [
          -Infinity,
          -Infinity,
          -Infinity,
          -Infinity
        ]
      ]
    },
    {
      "file_path": "/media/NFS/ttao/scannet/posed_images/scene0655_00/00139.jpg",
      "transform_matrix": [
        [
          -Infinity,
          -Infinity,
          -Infinity,
          -Infinity
        ],
        [
          -Infinity,
          -Infinity,
          -Infinity,
          -Infinity
        ],
        [
          -Infinity,
          -Infinity,
          -Infinity,
          -Infinity
        ],
        [
          -Infinity,
          -Infinity,
          -Infinity,
          -Infinity
        ]
      ]
    },
    {
      "file_path": "/media/NFS/ttao/scannet/posed_images/scene0655_00/00143.jpg",
      "transform_matrix": [
        [
          -Infinity,
          -Infinity,
          -Infinity,
          -Infinity
        ],
        [
          -Infinity,
          -Infinity,
          -Infinity,
          -Infinity
        ],
        [
          -Infinity,
          -Infinity,
          -Infinity,
          -Infinity
        ],
        [
          -Infinity,
          -Infinity,
          -Infinity,
          -Infinity
        ]
      ]
    },
    {
      "file_path": "/media/NFS/ttao/scannet/posed_images/scene0655_00/00147.jpg",
      "transform_matrix": [
        [
          -Infinity,
          -Infinity,
          -Infinity,
          -Infinity
        ],
        [
          -Infinity,
          -Infinity,
          -Infinity,
          -Infinity
        ],
        [
          -Infinity,
          -Infinity,
          -Infinity,
          -Infinity
        ],
        [
          -Infinity,
          -Infinity,
          -Infinity,
          -Infinity
        ]
      ]
    },
    {
      "file_path": "/media/NFS/ttao/scannet/posed_images/scene0655_00/00153.jpg",
      "transform_matrix": [
        [
          -Infinity,
          -Infinity,
          -Infinity,
          -Infinity
        ],
        [
          -Infinity,
          -Infinity,
          -Infinity,
          -Infinity
        ],
        [
          -Infinity,
          -Infinity,
          -Infinity,
          -Infinity
        ],
        [
          -Infinity,
          -Infinity,
          -Infinity,
          -Infinity
        ]
      ]
    },
    {
      "file_path": "/media/NFS/ttao/scannet/posed_images/scene0655_00/00154.jpg",
      "transform_matrix": [
        [
          -Infinity,
          -Infinity,
          -Infinity,
          -Infinity
        ],
        [
          -Infinity,
          -Infinity,
          -Infinity,
          -Infinity
        ],
        [
          -Infinity,
          -Infinity,
          -Infinity,
          -Infinity
        ],
        [
          -Infinity,
          -Infinity,
          -Infinity,
          -Infinity
        ]
      ]
    },
    {
      "file_path": "/media/NFS/ttao/scannet/posed_images/scene0655_00/00161.jpg",
      "transform_matrix": [
        [
          -0.750163,
          -0.083145,
          0.656005,
          1.056389
        ],
        [
          -0.659608,
          0.024142,
          -0.751222,
          4.065269
        ],
        [
          0.046623,
          -0.996245,
          -0.072953,
          1.676128
        ],
        [
          0.0,
          0.0,
          0.0,
          1.0
        ]
      ]
    },
    {
      "file_path": "/media/NFS/ttao/scannet/posed_images/scene0655_00/00162.jpg",
      "transform_matrix": [
        [
          -0.747544,
          -0.087556,
          0.658416,
          1.084073
        ],
        [
          -0.662709,
          0.031666,
          -0.748207,
          4.091297
        ],
        [
          0.04466,
          -0.995656,
          -0.081696,
          1.68001
        ],
        [
          0.0,
          0.0,
          0.0,
          1.0
        ]
      ]
    },
    {
      "file_path": "/media/NFS/ttao/scannet/posed_images/scene0655_00/00166.jpg",
      "transform_matrix": [
        [
          -0.703396,
          -0.10806,
          0.702536,
          1.107309
        ],
        [
          -0.709623,
          0.049931,
          -0.702811,
          4.129369
        ],
        [
          0.040867,
          -0.99289,
          -0.111803,
          1.674675
        ],
        [
          0.0,
          0.0,
          0.0,
          1.0
        ]
      ]
    },
    {
      "file_path": "/media/NFS/ttao/scannet/posed_images/scene0655_00/00169.jpg",
      "transform_matrix": [
        [
          -0.662213,
          -0.12579,
          0.738681,
          1.098555
        ],
        [
          -0.7482,
          0.057228,
          -0.661001,
          4.132898
        ],
        [
          0.040874,
          -0.990405,
          -0.132014,
          1.672925
        ],
        [
          0.0,
          0.0,
          0.0,
          1.0
        ]
      ]
    },
    {
      "file_path": "/media/NFS/ttao/scannet/posed_images/scene0655_00/00173.jpg",
      "transform_matrix": [
        [
          -0.628805,
          -0.13574,
          0.765623,
          1.134086
        ],
        [
          -0.776827,
          0.066846,
          -0.626156,
          4.168023
        ],
        [
          0.033816,
          -0.988487,
          -0.14748,
          1.673048
        ],
        [
          0.0,
          0.0,
          0.0,
          1.0
        ]
      ]
    },
    {
      "file_path": "/media/NFS/ttao/scannet/posed_images/scene0655_00/00178.jpg",
      "transform_matrix": [
        [
          -0.551807,
          -0.145881,
          0.821114,
          1.12506
        ],
        [
          -0.833425,
          0.060787,
          -0.54928,
          4.186264
        ],
        [
          0.030216,
          -0.987433,
          -0.155124,
          1.689057
        ],
        [
          0.0,
          0.0,
          0.0,
          1.0
        ]
      ]
    },
    {
      "file_path": "/media/NFS/ttao/scannet/posed_images/scene0655_00/00183.jpg",
      "transform_matrix": [
        [
          -0.471696,
          -0.140658,
          0.87047,
          1.126055
        ],
        [
          -0.881184,
          0.039456,
          -0.471125,
          4.208008
        ],
        [
          0.031923,
          -0.989272,
          -0.142557,
          1.679661
        ],
        [
          0.0,
          0.0,
          0.0,
          1.0
        ]
      ]
    },
    {
      "file_path": "/media/NFS/ttao/scannet/posed_images/scene0655_00/00186.jpg",
      "transform_matrix": [
        [
          -0.428467,
          -0.135835,
          0.893288,
          1.128268
        ],
        [
          -0.903123,
          0.033748,
          -0.428053,
          4.231719
        ],
        [
          0.027998,
          -0.990157,
          -0.137135,
          1.687931
        ],
        [
          0.0,
          0.0,
          0.0,
          1.0
        ]
      ]
    },
    {
      "file_path": "/media/NFS/ttao/scannet/posed_images/scene0655_00/00190.jpg",
      "transform_matrix": [
        [
          -0.354042,
          -0.126072,
          0.926693,
          1.140539
        ],
        [
          -0.935039,
          0.027727,
          -0.353458,
          4.268947
        ],
        [
          0.018867,
          -0.991633,
          -0.127699,
          1.708235
        ],
        [
          0.0,
          0.0,
          0.0,
          1.0
        ]
      ]
    },
    {
      "file_path": "/media/NFS/ttao/scannet/posed_images/scene0655_00/00192.jpg",
      "transform_matrix": [
        [
          -0.327304,
          -0.1213,
          0.937101,
          1.143538
        ],
        [
          -0.944771,
          0.024463,
          -0.326816,
          4.283303
        ],
        [
          0.016719,
          -0.992314,
          -0.122607,
          1.700607
        ],
        [
          0.0,
          0.0,
          0.0,
          1.0
        ]
      ]
    },
    {
      "file_path": "/media/NFS/ttao/scannet/posed_images/scene0655_00/00195.jpg",
      "transform_matrix": [
        [
          -0.28404,
          -0.117507,
          0.951584,
          1.142656
        ],
        [
          -0.958788,
          0.02773,
          -0.282766,
          4.283377
        ],
        [
          0.00684,
          -0.992685,
          -0.12054,
          1.702991
        ],
        [
          0.0,
          0.0,
          0.0,
          1.0
        ]
      ]
    },
    {
      "file_path": "/media/NFS/ttao/scannet/posed_images/scene0655_00/00200.jpg",
      "transform_matrix": [
        [
          -0.230717,
          -0.119864,
          0.96561,
          1.151016
        ],
        [
          -0.972984,
          0.019768,
          -0.230025,
          4.305358
        ],
        [
          0.008484,
          -0.992593,
          -0.121187,
          1.721333
        ],
        [
          0.0,
          0.0,
          0.0,
          1.0
        ]
      ]
    },
    {
      "file_path": "/media/NFS/ttao/scannet/posed_images/scene0655_00/00204.jpg",
      "transform_matrix": [
        [
          -0.196114,
          -0.136858,
          0.970984,
          1.1547
        ],
        [
          -0.980477,
          0.012898,
          -0.196213,
          4.319191
        ],
        [
          0.01433,
          -0.990507,
          -0.136716,
          1.71337
        ],
        [
          0.0,
          0.0,
          0.0,
          1.0
        ]
      ]
    },
    {
      "file_path": "/media/NFS/ttao/scannet/posed_images/scene0655_00/00208.jpg",
      "transform_matrix": [
        [
          -0.145443,
          -0.157555,
          0.976741,
          1.162024
        ],
        [
          -0.989297,
          0.011402,
          -0.145474,
          4.320871
        ],
        [
          0.011783,
          -0.987445,
          -0.157527,
          1.701678
        ],
        [
          0.0,
          0.0,
          0.0,
          1.0
        ]
      ]
    },
    {
      "file_path": "/media/NFS/ttao/scannet/posed_images/scene0655_00/00210.jpg",
      "transform_matrix": [
        [
          -0.116347,
          -0.171551,
          0.978281,
          1.182588
        ],
        [
          -0.993198,
          0.015457,
          -0.11541,
          4.331264
        ],
        [
          0.004677,
          -0.985054,
          -0.172182,
          1.709533
        ],
        [
          0.0,
          0.0,
          0.0,
          1.0
        ]
      ]
    },
    {
      "file_path": "/media/NFS/ttao/scannet/posed_images/scene0655_00/00215.jpg",
      "transform_matrix": [
        [
          -0.034867,
          -0.197849,
          0.979612,
          1.210675
        ],
        [
          -0.999264,
          -0.008769,
          -0.037337,
          4.350279
        ],
        [
          0.015978,
          -0.980193,
          -0.197398,
          1.696434
        ],
        [
          0.0,
          0.0,
          0.0,
          1.0
        ]
      ]
    },
    {
      "file_path": "/media/NFS/ttao/scannet/posed_images/scene0655_00/00218.jpg",
      "transform_matrix": [
        [
          0.010131,
          -0.209292,
          0.977801,
          1.229826
        ],
        [
          -0.99978,
          -0.020098,
          0.006057,
          4.356358
        ],
        [
          0.018384,
          -0.977647,
          -0.20945,
          1.693897
        ],
        [
          0.0,
          0.0,
          0.0,
          1.0
        ]
      ]
    },
    {
      "file_path": "/media/NFS/ttao/scannet/posed_images/scene0655_00/00224.jpg",
      "transform_matrix": [
        [
          0.115371,
          -0.259309,
          0.958879,
          1.246198
        ],
        [
          -0.993198,
          -0.014848,
          0.115485,
          4.359169
        ],
        [
          -0.015709,
          -0.96568,
          -0.259259,
          1.654237
        ],
        [
          0.0,
          0.0,
          0.0,
          1.0
        ]
      ]
    },
    {
      "file_path": "/media/NFS/ttao/scannet/posed_images/scene0655_00/00225.jpg",
      "transform_matrix": [
        [
          0.129273,
          -0.269158,
          0.954381,
          1.249303
        ],
        [
          -0.991338,
          -0.012597,
          0.130726,
          4.357319
        ],
        [
          -0.023164,
          -0.963014,
          -0.268455,
          1.655321
        ],
        [
          0.0,
          0.0,
          0.0,
          1.0
        ]
      ]
    },
    {
      "file_path": "/media/NFS/ttao/scannet/posed_images/scene0655_00/00230.jpg",
      "transform_matrix": [
        [
          0.196848,
          -0.316118,
          0.928073,
          1.231239
        ],
        [
          -0.979571,
          -0.023702,
          0.199698,
          4.347277
        ],
        [
          -0.041131,
          -0.948424,
          -0.314325,
          1.622661
        ],
        [
          0.0,
          0.0,
          0.0,
          1.0
        ]
      ]
    },
    {
      "file_path": "/media/NFS/ttao/scannet/posed_images/scene0655_00/00235.jpg",
      "transform_matrix": [
        [
          0.27672,
          -0.382275,
          0.881642,
          1.200454
        ],
        [
          -0.960344,
          -0.077429,
          0.26785,
          4.33362
        ],
        [
          -0.034128,
          -0.920799,
          -0.388542,
          1.602246
        ],
        [
          0.0,
          0.0,
          0.0,
          1.0
        ]
      ]
    },
    {
      "file_path": "/media/NFS/ttao/scannet/posed_images/scene0655_00/00236.jpg",
      "transform_matrix": [
        [
          0.286236,
          -0.392603,
          0.874032,
          1.195406
        ],
        [
          -0.957691,
          -0.088708,
          0.273787,
          4.331049
        ],
        [
          -0.029956,
          -0.91542,
          -0.401384,
          1.594369
        ],
        [
          0.0,
          0.0,
          0.0,
          1.0
        ]
      ]
    },
    {
      "file_path": "/media/NFS/ttao/scannet/posed_images/scene0655_00/00240.jpg",
      "transform_matrix": [
        [
          0.313389,
          -0.433884,
          0.844708,
          1.164965
        ],
        [
          -0.949133,
          -0.114493,
          0.293321,
          4.320724
        ],
        [
          -0.030554,
          -0.893664,
          -0.447695,
          1.555471
        ],
        [
          0.0,
          0.0,
          0.0,
          1.0
        ]
      ]
    },
    {
      "file_path": "/media/NFS/ttao/scannet/posed_images/scene0655_00/00244.jpg",
      "transform_matrix": [
        [
          0.333318,
          -0.490995,
          0.804874,
          1.150208
        ],
        [
          -0.942377,
          -0.147503,
          0.30028,
          4.317569
        ],
        [
          -0.028715,
          -0.858584,
          -0.511868,
          1.529246
        ],
        [
          0.0,
          0.0,
          0.0,
          1.0
        ]
      ]
    },
    {
      "file_path": "/media/NFS/ttao/scannet/posed_images/scene0655_00/00247.jpg",
      "transform_matrix": [
        [
          0.340551,
          -0.518555,
          0.784299,
          1.138294
        ],
        [
          -0.939766,
          -0.16164,
          0.301185,
          4.313335
        ],
        [
          -0.029407,
          -0.839627,
          -0.542367,
          1.515502
        ],
        [
          0.0,
          0.0,
          0.0,
          1.0
        ]
      ]
    },
    {
      "file_path": "/media/NFS/ttao/scannet/posed_images/scene0655_00/00250.jpg",
      "transform_matrix": [
        [
          0.341549,
          -0.539101,
          0.769879,
          1.12259
        ],
        [
          -0.939166,
          -0.164198,
          0.301673,
          4.308238
        ],
        [
          -0.03622,
          -0.826081,
          -0.562387,
          1.495573
        ],
        [
          0.0,
          0.0,
          0.0,
          1.0
        ]
      ]
    },
    {
      "file_path": "/media/NFS/ttao/scannet/posed_images/scene0655_00/00254.jpg",
      "transform_matrix": [
        [
          0.335069,
          -0.573069,
          0.747877,
          1.105076
        ],
        [
          -0.941345,
          -0.169925,
          0.291541,
          4.301634
        ],
        [
          -0.03999,
          -0.801697,
          -0.596392,
          1.471548
        ],
        [
          0.0,
          0.0,
          0.0,
          1.0
        ]
      ]
    },
    {
      "file_path": "/media/NFS/ttao/scannet/posed_images/scene0655_00/00258.jpg",
      "transform_matrix": [
        [
          0.318001,
          -0.609741,
          0.726011,
          1.09441
        ],
        [
          -0.947126,
          -0.169785,
          0.272259,
          4.293325
        ],
        [
          -0.042741,
          -0.774203,
          -0.631493,
          1.45294
        ],
        [
          0.0,
          0.0,
          0.0,
          1.0
        ]
      ]
    },
    {
      "file_path": "/media/NFS/ttao/scannet/posed_images/scene0655_00/00263.jpg",
      "transform_matrix": [
        [
          0.297709,
          -0.634669,
          0.713137,
          1.096484
        ],
        [
          -0.954078,
          -0.171802,
          0.245395,
          4.28494
        ],
        [
          -0.033227,
          -0.753445,
          -0.656671,
          1.445404
        ],
        [
          0.0,
          0.0,
          0.0,
          1.0
        ]
      ]
    },
    {
      "file_path": "/media/NFS/ttao/scannet/posed_images/scene0655_00/00265.jpg",
      "transform_matrix": [
        [
          0.286089,
          -0.640701,
          0.712499,
          1.103072
        ],
        [
          -0.957914,
          -0.172956,
          0.229102,
          4.281754
        ],
        [
          -0.023555,
          -0.748056,
          -0.663217,
          1.444759
        ],
        [
          0.0,
          0.0,
          0.0,
          1.0
        ]
      ]
    },
    {
      "file_path": "/media/NFS/ttao/scannet/posed_images/scene0655_00/00271.jpg",
      "transform_matrix": [
        [
          0.238822,
          -0.630852,
          0.738234,
          1.140281
        ],
        [
          -0.971047,
          -0.150792,
          0.185281,
          4.261116
        ],
        [
          -0.005565,
          -0.761109,
          -0.6486,
          1.460186
        ],
        [
          0.0,
          0.0,
          0.0,
          1.0
        ]
      ]
    },
    {
      "file_path": "/media/NFS/ttao/scannet/posed_images/scene0655_00/00272.jpg",
      "transform_matrix": [
        [
          0.232445,
          -0.626918,
          0.743601,
          1.146389
        ],
        [
          -0.972595,
          -0.145586,
          0.181287,
          4.261569
        ],
        [
          -0.005395,
          -0.765361,
          -0.643578,
          1.465644
        ],
        [
          0.0,
          0.0,
          0.0,
          1.0
        ]
      ]
    },
    {
      "file_path": "/media/NFS/ttao/scannet/posed_images/scene0655_00/00279.jpg",
      "transform_matrix": [
        [
          0.229509,
          -0.558152,
          0.797365,
          1.210718
        ],
        [
          -0.973294,
          -0.127541,
          0.190869,
          4.274775
        ],
        [
          -0.004837,
          -0.819878,
          -0.572518,
          1.523329
        ],
        [
          0.0,
          0.0,
          0.0,
          1.0
        ]
      ]
    },
    {
      "file_path": "/media/NFS/ttao/scannet/posed_images/scene0655_00/00282.jpg",
      "transform_matrix": [
        [
          0.234913,
          -0.524936,
          0.818082,
          1.248447
        ],
        [
          -0.972002,
          -0.122321,
          0.200622,
          4.301287
        ],
        [
          -0.005246,
          -0.842306,
          -0.538974,
          1.570555
        ],
        [
          0.0,
          0.0,
          0.0,
          1.0
        ]
      ]
    },
    {
