{
  "frames": [
    {
      "file_path": "/media/NFS/ttao/scannet/posed_images/scene0666_01/00000.jpg",
      "transform_matrix": [
        [
          -0.371342,
          -0.363754,
          0.854277,
          6.361877
        ],
        [
          -0.927893,
          0.17855,
          -0.327315,
          4.673902
        ],
        [
          -0.033469,
          -0.914223,
          -0.403828,
          1.391212
        ],
        [
          0.0,
          0.0,
          0.0,
          1.0
        ]
      ]
    },
    {
      "file_path": "/media/NFS/ttao/scannet/posed_images/scene0666_01/00009.jpg",
      "transform_matrix": [
        [
          -0.303499,
          -0.310842,
          0.900703,
          6.358104
        ],
        [
          -0.952825,
          0.102543,
          -0.285674,
          4.690505
        ],
        [
          -0.003561,
          -0.944914,
          -0.3273,
          1.406178
        ],
        [
          0.0,
          0.0,
          0.0,
          1.0
        ]
      ]
    },
    {
      "file_path": "/media/NFS/ttao/scannet/posed_images/scene0666_01/00014.jpg",
      "transform_matrix": [
        [
          -0.295645,
          -0.341109,
          0.892322,
          6.361133
        ],
        [
          -0.955155,
          0.121732,
          -0.269928,
          4.691846
        ],
        [
          -0.016549,
          -0.932109,
          -0.361801,
          1.389182
        ],
        [
          0.0,
          0.0,
          0.0,
          1.0
        ]
      ]
    },
    {
      "file_path": "/media/NFS/ttao/scannet/posed_images/scene0666_01/00015.jpg",
      "transform_matrix": [
        [
          -0.297658,
          -0.360654,
          0.883928,
          6.363924
        ],
        [
          -0.954495,
          0.130269,
          -0.26827,
          4.690948
        ],
        [
          -0.018396,
          -0.923558,
          -0.383018,
          1.380599
        ],
        [
          0.0,
          0.0,
          0.0,
          1.0
        ]
      ]
    },
    {
      "file_path": "/media/NFS/ttao/scannet/posed_images/scene0666_01/00022.jpg",
      "transform_matrix": [
        [
          -0.310891,
          -0.403295,
          0.860639,
          6.359025
        ],
        [
          -0.950038,
          0.158384,
          -0.268966,
          4.705654
        ],
        [
          -0.027839,
          -0.901259,
          -0.432386,
          1.32702
        ],
        [
          0.0,
          0.0,
          0.0,
          1.0
        ]
      ]
    },
    {
      "file_path": "/media/NFS/ttao/scannet/posed_images/scene0666_01/00027.jpg",
      "transform_matrix": [
        [
          -0.327617,
          -0.455496,
          0.827763,
          6.346952
        ],
        [
          -0.943437,
          0.204945,
          -0.260624,
          4.724263
        ],
        [
          -0.050933,
          -0.866326,
          -0.496875,
          1.303317
        ],
        [
          0.0,
          0.0,
          0.0,
          1.0
        ]
      ]
    },
    {
      "file_path": "/media/NFS/ttao/scannet/posed_images/scene0666_01/00038.jpg",
      "transform_matrix": [
        [
          -0.398209,
          -0.559018,
          0.727275,
          6.296544
        ],
        [
          -0.917001,
          0.262667,
          -0.300192,
          4.804774
        ],
        [
          -0.023218,
          -0.786451,
          -0.617217,
          1.255504
        ],
        [
          0.0,
          0.0,
          0.0,
          1.0
        ]
      ]
    },
    {
      "file_path": "/media/NFS/ttao/scannet/posed_images/scene0666_01/00041.jpg",
      "transform_matrix": [
        [
          -0.412792,
          -0.560481,
          0.717958,
          6.283058
        ],
        [
          -0.910336,
          0.279702,
          -0.305049,
          4.820852
        ],
        [
          -0.02984,
          -0.779505,
          -0.625685,
          1.259919
        ],
        [
          0.0,
          0.0,
          0.0,
          1.0
        ]
      ]
    },
    {
      "file_path": "/media/NFS/ttao/scannet/posed_images/scene0666_01/00046.jpg",
      "transform_matrix": [
        [
          -0.450009,
          -0.552847,
          0.701322,
          6.27053
        ],
        [
          -0.892937,
          0.289542,
          -0.344717,
          4.837021
        ],
        [
          -0.012487,
          -0.781362,
          -0.623954,
          1.268696
        ],
        [
          0.0,
          0.0,
          0.0,
          1.0
        ]
      ]
    },
    {
      "file_path": "/media/NFS/ttao/scannet/posed_images/scene0666_01/00053.jpg",
      "transform_matrix": [
        [
          -0.510676,
          -0.526266,
          0.679893,
          6.259583
        ],
        [
          -0.859748,
          0.306487,
          -0.408533,
          4.82809
        ],
        [
          0.006618,
          -0.793165,
          -0.608971,
          1.277708
        ],
        [
          0.0,
          0.0,
          0.0,
          1.0
        ]
      ]
    },
    {
      "file_path": "/media/NFS/ttao/scannet/posed_images/scene0666_01/00057.jpg",
      "transform_matrix": [
        [
          -0.546468,
          -0.515635,
          0.659919,
          6.254988
        ],
        [
          -0.837362,
          0.323203,
          -0.440868,
          4.807828
        ],
        [
          0.014039,
          -0.793511,
          -0.608393,
          1.281809
        ],
        [
          0.0,
          0.0,
          0.0,
          1.0
        ]
      ]
    },
    {
      "file_path": "/media/NFS/ttao/scannet/posed_images/scene0666_01/00062.jpg",
      "transform_matrix": [
        [
          -0.593357,
          -0.486906,
          0.640976,
          6.24836
        ],
        [
          -0.804862,
          0.347816,
          -0.480855,
          4.767647
        ],
        [
          0.01119,
          -0.801216,
          -0.598271,
          1.292686
        ],
        [
          0.0,
          0.0,
          0.0,
          1.0
        ]
      ]
    },
    {
      "file_path": "/media/NFS/ttao/scannet/posed_images/scene0666_01/00072.jpg",
      "transform_matrix": [
        [
          -0.650219,
          -0.443081,
          0.617167,
          6.209062
        ],
        [
          -0.759599,
          0.363124,
          -0.539583,
          4.63073
        ],
        [
          0.014971,
          -0.819646,
          -0.572674,
          1.29987
        ],
        [
          0.0,
          0.0,
          0.0,
          1.0
        ]
      ]
    },
    {
      "file_path": "/media/NFS/ttao/scannet/posed_images/scene0666_01/00074.jpg",
      "transform_matrix": [
        [
          -0.658765,
          -0.43971,
          0.610479,
          6.209521
        ],
        [
          -0.752218,
          0.369784,
          -0.54537,
          4.606977
        ],
        [
          0.01406,
          -0.818483,
          -0.574358,
          1.305287
        ],
        [
          0.0,
          0.0,
          0.0,
          1.0
        ]
      ]
    },
    {
      "file_path": "/media/NFS/ttao/scannet/posed_images/scene0666_01/00082.jpg",
      "transform_matrix": [
        [
          -0.680639,
          -0.400563,
          0.613416,
          6.190266
        ],
        [
          -0.732583,
          0.380461,
          -0.564422,
          4.509838
        ],
        [
          -0.007294,
          -0.833546,
          -0.552402,
          1.316575
        ],
        [
          0.0,
          0.0,
          0.0,
          1.0
        ]
      ]
    },
    {
      "file_path": "/media/NFS/ttao/scannet/posed_images/scene0666_01/00084.jpg",
      "transform_matrix": [
        [
          -0.69098,
          -0.389554,
          0.608929,
          6.192844
        ],
        [
          -0.722729,
          0.389143,
          -0.571166,
          4.494228
        ],
        [
          -0.01446,
          -0.834754,
          -0.550433,
          1.316507
        ],
        [
          0.0,
          0.0,
          0.0,
          1.0
        ]
      ]
    },
    {
      "file_path": "/media/NFS/ttao/scannet/posed_images/scene0666_01/00093.jpg",
      "transform_matrix": [
        [
          -0.758933,
          -0.333326,
          0.559387,
          6.210881
        ],
        [
          -0.651008,
          0.407453,
          -0.640446,
          4.430687
        ],
        [
          -0.014447,
          -0.850221,
          -0.526227,
          1.322102
        ],
        [
          0.0,
          0.0,
          0.0,
          1.0
        ]
      ]
    },
    {
      "file_path": "/media/NFS/ttao/scannet/posed_images/scene0666_01/00099.jpg",
      "transform_matrix": [
        [
          -0.837199,
          -0.282275,
          0.468422,
          6.260568
        ],
        [
          -0.546817,
          0.417266,
          -0.725865,
          4.427247
        ],
        [
          0.009437,
          -0.863834,
          -0.503688,
          1.325848
        ],
        [
          0.0,
          0.0,
          0.0,
          1.0
        ]
      ]
    },
    {
      "file_path": "/media/NFS/ttao/scannet/posed_images/scene0666_01/00101.jpg",
      "transform_matrix": [
        [
          -0.857648,
          -0.270136,
          0.437568,
          6.271262
        ],
        [
          -0.513954,
          0.422084,
          -0.746791,
          4.419858
        ],
        [
          0.017044,
          -0.865374,
          -0.500837,
          1.320989
        ],
        [
          0.0,
          0.0,
          0.0,
          1.0
        ]
      ]
    },
    {
      "file_path": "/media/NFS/ttao/scannet/posed_images/scene0666_01/00111.jpg",
      "transform_matrix": [
        [
          -0.926006,
          -0.242793,
          0.289076,
          6.324146
        ],
        [
          -0.371134,
          0.445356,
          -0.814812,
          4.411934
        ],
        [
          0.069089,
          -0.861806,
          -0.502511,
          1.310855
        ],
        [
          0.0,
          0.0,
          0.0,
          1.0
        ]
      ]
    },
    {
      "file_path": "/media/NFS/ttao/scannet/posed_images/scene0666_01/00115.jpg",
      "transform_matrix": [
        [
          -0.931494,
          -0.240858,
          0.272593,
          6.336238
        ],
        [
          -0.354939,
          0.437824,
          -0.826032,
          4.400432
        ],
        [
          0.079609,
          -0.866197,
          -0.49332,
          1.31374
        ],
        [
          0.0,
          0.0,
          0.0,
          1.0
        ]
      ]
    },
    {
      "file_path": "/media/NFS/ttao/scannet/posed_images/scene0666_01/00118.jpg",
      "transform_matrix": [
        [
          -0.928561,
          -0.241086,
          0.282227,
          6.341344
        ],
        [
          -0.363052,
          0.431663,
          -0.825748,
          4.38401
        ],
        [
          0.077249,
          -0.869221,
          -0.488352,
          1.317585
        ],
        [
          0.0,
          0.0,
          0.0,
          1.0
        ]
      ]
    },
    {
      "file_path": "/media/NFS/ttao/scannet/posed_images/scene0666_01/00129.jpg",
      "transform_matrix": [
        [
          -0.875839,
          -0.25188,
          0.411659,
          6.299347
        ],
        [
          -0.478772,
          0.346214,
          -0.806791,
          4.288932
        ],
        [
          0.060693,
          -0.90371,
          -0.423821,
          1.338883
        ],
        [
          0.0,
          0.0,
          0.0,
          1.0
        ]
      ]
    },
    {
      "file_path": "/media/NFS/ttao/scannet/posed_images/scene0666_01/00130.jpg",
      "transform_matrix": [
        [
          -0.873081,
          -0.253771,
          0.416329,
          6.296672
        ],
        [
          -0.483308,
          0.33771,
          -0.807692,
          4.283896
        ],
        [
          0.064371,
          -0.906395,
          -0.417498,
          1.336198
        ],
        [
          0.0,
          0.0,
          0.0,
          1.0
        ]
      ]
    },
    {
      "file_path": "/media/NFS/ttao/scannet/posed_images/scene0666_01/00135.jpg",
      "transform_matrix": [
        [
          -0.847082,
          -0.26327,
          0.461671,
          6.276924
        ],
        [
          -0.528964,
          0.333535,
          -0.780353,
          4.225126
        ],
        [
          0.05146,
          -0.905231,
          -0.421792,
          1.339337
        ],
        [
          0.0,
          0.0,
          0.0,
          1.0
        ]
      ]
    },
    {
      "file_path": "/media/NFS/ttao/scannet/posed_images/scene0666_01/00144.jpg",
      "transform_matrix": [
        [
          -0.754082,
          -0.296853,
          0.585866,
          6.270393
        ],
        [
          -0.656771,
          0.336095,
          -0.67505,
          4.15378
        ],
        [
          0.003484,
          -0.893823,
          -0.448407,
          1.330166
        ],
        [
          0.0,
          0.0,
          0.0,
          1.0
        ]
      ]
    },
    {
      "file_path": "/media/NFS/ttao/scannet/posed_images/scene0666_01/00151.jpg",
      "transform_matrix": [
        [
          -0.710543,
          -0.314016,
          0.6297,
          6.304913
        ],
        [
          -0.703651,
          0.319534,
          -0.634645,
          4.120302
        ],
        [
          -0.001922,
          -0.894031,
          -0.448,
          1.327215
        ],
        [
          0.0,
          0.0,
          0.0,
          1.0
        ]
      ]
    },
    {
      "file_path": "/media/NFS/ttao/scannet/posed_images/scene0666_01/00154.jpg",
      "transform_matrix": [
        [
          -0.691854,
          -0.337285,
          0.638418,
          6.326476
        ],
        [
          -0.721482,
          0.28826,
          -0.629579,
          4.106518
        ],
        [
          0.028317,
          -0.896183,
          -0.442779,
          1.322796
        ],
        [
          0.0,
          0.0,
          0.0,
          1.0
        ]
      ]
    },
    {
      "file_path": "/media/NFS/ttao/scannet/posed_images/scene0666_01/00159.jpg",
      "transform_matrix": [
        [
          -0.647922,
          -0.366572,
          0.667699,
          6.374978
        ],
        [
          -0.758277,
          0.227321,
          -0.611017,
          4.090936
        ],
        [
          0.0722,
          -0.902192,
          -0.42525,
          1.330757
        ],
        [
          0.0,
          0.0,
          0.0,
          1.0
        ]
      ]
    },
    {
      "file_path": "/media/NFS/ttao/scannet/posed_images/scene0666_01/00166.jpg",
      "transform_matrix": [
        [
          -0.575274,
          -0.362032,
          0.73348,
          6.420113
        ],
        [
          -0.813438,
          0.159038,
          -0.559488,
          4.058017
        ],
        [
          0.085901,
          -0.918499,
          -0.38598,
          1.342525
        ],
        [
          0.0,
          0.0,
          0.0,
          1.0
        ]
      ]
    },
    {
      "file_path": "/media/NFS/ttao/scannet/posed_images/scene0666_01/00175.jpg",
      "transform_matrix": [
        [
          -0.466334,
          -0.354656,
          0.810403,
          6.431321
        ],
        [
          -0.882953,
          0.130585,
          -0.450934,
          3.954778
        ],
        [
          0.0541,
          -0.925833,
          -0.374041,
          1.350206
        ],
        [
          0.0,
          0.0,
          0.0,
          1.0
        ]
      ]
    },
    {
      "file_path": "/media/NFS/ttao/scannet/posed_images/scene0666_01/00177.jpg",
      "transform_matrix": [
        [
          -0.428415,
          -0.360911,
          0.828375,
          6.428371
        ],
        [
          -0.901974,
          0.116145,
          -0.415876,
          3.929949
        ],
        [
          0.053882,
          -0.92534,
          -0.37529,
          1.34909
        ],
        [
          0.0,
          0.0,
          0.0,
          1.0
        ]
      ]
    },
    {
      "file_path": "/media/NFS/ttao/scannet/posed_images/scene0666_01/00184.jpg",
      "transform_matrix": [
        [
          -0.246435,
          -0.364354,
          0.898062,
          6.410015
        ],
        [
          -0.968557,
          0.059918,
          -0.241469,
          3.838481
        ],
        [
          0.03417,
          -0.929331,
          -0.367664,
          1.358933
        ],
        [
          0.0,
          0.0,
          0.0,
          1.0
        ]
      ]
    },
    {
      "file_path": "/media/NFS/ttao/scannet/posed_images/scene0666_01/00192.jpg",
      "transform_matrix": [
        [
          -0.175505,
          -0.35538,
          0.918097,
          6.411114
        ],
        [
          -0.98447,
          0.067229,
          -0.16217,
          3.722771
        ],
        [
          -0.00409,
          -0.932301,
          -0.36166,
          1.357396
        ],
        [
          0.0,
          0.0,
          0.0,
          1.0
        ]
      ]
    },
    {
      "file_path": "/media/NFS/ttao/scannet/posed_images/scene0666_01/00194.jpg",
      "transform_matrix": [
        [
          -0.164081,
          -0.360024,
          0.918401,
          6.41641
        ],
        [
          -0.986398,
          0.069209,
          -0.149098,
          3.700468
        ],
        [
          -0.009883,
          -0.930373,
          -0.366482,
          1.355605
        ],
        [
          0.0,
          0.0,
          0.0,
          1.0
        ]
      ]
    },
    {
      "file_path": "/media/NFS/ttao/scannet/posed_images/scene0666_01/00202.jpg",
      "transform_matrix": [
        [
          -0.049756,
          -0.329504,
          0.942842,
          6.458563
        ],
        [
          -0.998129,
          0.05,
          -0.0352,
          3.631131
        ],
        [
          -0.035543,
          -0.942829,
          -0.331375,
          1.369041
        ],
        [
          0.0,
          0.0,
          0.0,
          1.0
        ]
      ]
    },
    {
      "file_path": "/media/NFS/ttao/scannet/posed_images/scene0666_01/00209.jpg",
      "transform_matrix": [
        [
          0.009634,
          -0.339772,
          0.940459,
          6.516495
        ],
        [
          -0.99878,
          0.042274,
          0.025504,
          3.544104
        ],
        [
          -0.048423,
          -0.939557,
          -0.33895,
          1.384317
        ],
        [
          0.0,
          0.0,
          0.0,
          1.0
        ]
      ]
    },
    {
      "file_path": "/media/NFS/ttao/scannet/posed_images/scene0666_01/00211.jpg",
      "transform_matrix": [
        [
          0.029157,
          -0.344545,
          0.938317,
          6.522758
        ],
        [
          -0.998546,
          0.032548,
          0.04298,
          3.520367
        ],
        [
          -0.045349,
          -0.938206,
          -0.343094,
          1.385692
        ],
        [
          0.0,
          0.0,
          0.0,
          1.0
        ]
      ]
    },
    {
      "file_path": "/media/NFS/ttao/scannet/posed_images/scene0666_01/00220.jpg",
      "transform_matrix": [
        [
          0.204471,
          -0.316966,
          0.926134,
          6.543206
        ],
        [
          -0.974635,
          0.022019,
          0.222715,
          3.382853
        ],
        [
          -0.090985,
          -0.948181,
          -0.304424,
          1.394277
        ],
        [
          0.0,
          0.0,
          0.0,
          1.0
        ]
      ]
    },
    {
      "file_path": "/media/NFS/ttao/scannet/posed_images/scene0666_01/00221.jpg",
      "transform_matrix": [
        [
          0.218409,
          -0.316161,
          0.923222,
          6.542584
        ],
        [
          -0.97169,
          0.016879,
          0.235656,
          3.367553
        ],
        [
          -0.090088,
          -0.948555,
          -0.303524,
          1.394505
        ],
        [
          0.0,
          0.0,
          0.0,
          1.0
        ]
      ]
    },
    {
      "file_path": "/media/NFS/ttao/scannet/posed_images/scene0666_01/00230.jpg",
      "transform_matrix": [
        [
          0.351192,
          -0.328402,
          0.876822,
          6.520905
        ],
        [
          -0.934504,
          -0.064914,
          0.349983,
          3.214673
        ],
        [
          -0.058017,
          -0.942305,
          -0.32969,
          1.389676
        ],
        [
          0.0,
          0.0,
          0.0,
          1.0
        ]
      ]
    },
    {
      "file_path": "/media/NFS/ttao/scannet/posed_images/scene0666_01/00235.jpg",
      "transform_matrix": [
        [
          0.365802,
          -0.355438,
          0.860147,
          6.524198
        ],
        [
          -0.928832,
          -0.081018,
          0.361534,
          3.146143
        ],
        [
          -0.058815,
          -0.931182,
          -0.359779,
          1.368862
        ],
        [
          0.0,
          0.0,
          0.0,
          1.0
        ]
      ]
    },
    {
      "file_path": "/media/NFS/ttao/scannet/posed_images/scene0666_01/00240.jpg",
      "transform_matrix": [
        [
          0.372721,
          -0.400737,
          0.836952,
          6.541405
        ],
        [
          -0.925171,
          -0.090812,
          0.368526,
          3.093701
        ],
        [
          -0.071677,
          -0.911682,
          -0.404598,
          1.353293
        ],
        [
          0.0,
          0.0,
          0.0,
          1.0
        ]
      ]
    },
    {
      "file_path": "/media/NFS/ttao/scannet/posed_images/scene0666_01/00249.jpg",
      "transform_matrix": [
        [
          0.346851,
          -0.452439,
          0.82158,
          6.557621
        ],
        [
          -0.937912,
          -0.163599,
          0.30587,
          3.059301
        ],
        [
          -0.003978,
          -0.876661,
          -0.481092,
          1.314638
        ],
        [
          0.0,
          0.0,
          0.0,
          1.0
        ]
      ]
    },
    {
      "file_path": "/media/NFS/ttao/scannet/posed_images/scene0666_01/00250.jpg",
      "transform_matrix": [
        [
          0.354447,
          -0.454751,
          0.817049,
          6.562226
        ],
        [
          -0.935075,
          -0.171199,
          0.310362,
          3.055346
        ],
        [
          -0.001259,
          -0.874009,
          -0.485908,
          1.311113
        ],
        [
          0.0,
          0.0,
          0.0,
          1.0
        ]
      ]
    },
    {
      "file_path": "/media/NFS/ttao/scannet/posed_images/scene0666_01/00261.jpg",
      "transform_matrix": [
        [
          0.38783,
          -0.520006,
          0.76104,
          6.562457
        ],
        [
          -0.921705,
          -0.212598,
          0.324441,
          2.962716
        ],
        [
          -0.006916,
          -0.827282,
          -0.561744,
          1.288363
        ],
        [
          0.0,
          0.0,
          0.0,
          1.0
        ]
      ]
    },
    {
      "file_path": "/media/NFS/ttao/scannet/posed_images/scene0666_01/00262.jpg",
      "transform_matrix": [
        [
          0.389745,
          -0.521244,
          0.759212,
          6.562865
        ],
        [
          -0.920915,
          -0.217339,
          0.32354,
          2.953564
        ],
        [
          -0.003637,
          -0.825269,
          -0.564728,
          1.291796
        ],
        [
          0.0,
          0.0,
          0.0,
          1.0
        ]
      ]
    },
    {
      "file_path": "/media/NFS/ttao/scannet/posed_images/scene0666_01/00271.jpg",
      "transform_matrix": [
        [
          0.365032,
          -0.506592,
          0.781099,
          6.548697
        ],
        [
          -0.930898,
          -0.186499,
          0.314081,
          2.859909
        ],
        [
          -0.013437,
          -0.841774,
          -0.539664,
          1.314919
        ],
        [
          0.0,
          0.0,
          0.0,
          1.0
        ]
      ]
    },
    {
      "file_path": "/media/NFS/ttao/scannet/posed_images/scene0666_01/00278.jpg",
      "transform_matrix": [
        [
          0.349707,
          -0.45695,
          0.817864,
          6.540829
        ],
        [
          -0.936667,
          -0.152852,
          0.315106,
          2.81524
        ],
        [
          -0.018976,
          -0.876261,
          -0.481463,
          1.33939
        ],
        [
          0.0,
          0.0,
          0.0,
          1.0
        ]
      ]
    },
    {
      "file_path": "/media/NFS/ttao/scannet/posed_images/scene0666_01/00281.jpg",
      "transform_matrix": [
        [
          0.345199,
          -0.437369,
          0.830389,
          6.531734
        ],
        [
          -0.938352,
          -0.143621,
          0.314434,
          2.799697
        ],
        [
          -0.018262,
          -0.887739,
          -0.459984,
          1.340588
        ],
        [
          0.0,
          0.0,
          0.0,
          1.0
        ]
      ]
    },
    {
      "file_path": "/media/NFS/ttao/scannet/posed_images/scene0666_01/00288.jpg",
      "transform_matrix": [
        [
          0.329098,
          -0.421995,
          0.844757,
          6.527921
        ],
        [
          -0.944243,
          -0.137574,
          0.29913,
          2.785101
        ],
        [
          -0.010015,
          -0.896099,
          -0.443742,
          1.349927
        ],
        [
          0.0,
          0.0,
          0.0,
          1.0
        ]
      ]
    },
    {
      "file_path": "/media/NFS/ttao/scannet/posed_images/scene0666_01/00290.jpg",
      "transform_matrix": [
        [
          0.329229,
          -0.417362,
          0.847005,
          6.528072
        ],
        [
          -0.944195,
          -0.135852,
          0.300065,
          2.783109
        ],
        [
          -0.010169,
          -0.898529,
          -0.438797,
          1.353121
        ],
        [
          0.0,
          0.0,
          0.0,
          1.0
        ]
      ]
    },
    {
      "file_path": "/media/NFS/ttao/scannet/posed_images/scene0666_01/00300.jpg",
      "transform_matrix": [
        [
          0.389615,
          -0.346737,
          0.853214,
          6.513465
        ],
        [
          -0.920659,
          -0.122276,
          0.370722,
          2.78964
        ],
        [
          -0.024215,
          -0.929958,
          -0.366867,
          1.374188
        ],
        [
          0.0,
          0.0,
          0.0,
          1.0
        ]
      ]
    },
    {
      "file_path": "/media/NFS/ttao/scannet/posed_images/scene0666_01/00302.jpg",
      "transform_matrix": [
        [
          0.421691,
          -0.334374,
          0.842835,
          6.511903
        ],
        [
          -0.906309,
          -0.126797,
          0.403145,
          2.783637
        ],
        [
          -0.027932,
          -0.933872,
          -0.356516,
          1.365601
        ],
        [
          0.0,
          0.0,
          0.0,
          1.0
        ]
      ]
    },
    {
      "file_path": "/media/NFS/ttao/scannet/posed_images/scene0666_01/00307.jpg",
      "transform_matrix": [
        [
          0.503704,
          -0.313359,
          0.80504,
          6.510647
        ],
        [
          -0.86308,
          -0.142546,
          0.484534,
          2.787607
        ],
        [
          -0.037078,
          -0.938875,
          -0.342255,
          1.357715
        ],
        [
          0.0,
          0.0,
          0.0,
          1.0
        ]
      ]
    },
    {
      "file_path": "/media/NFS/ttao/scannet/posed_images/scene0666_01/00314.jpg",
      "transform_matrix": [
        [
          0.562266,
          -0.314089,
          0.764987,
          6.508818
        ],
        [
          -0.82574,
          -0.163094,
          0.539956,
          2.807035
        ],
        [
          -0.04483,
          -0.93528,
          -0.351058,
          1.35328
        ],
        [
          0.0,
          0.0,
          0.0,
          1.0
        ]
      ]
    },
    {
      "file_path": "/media/NFS/ttao/scannet/posed_images/scene0666_01/00322.jpg",
      "transform_matrix": [
        [
          0.614296,
          -0.295795,
          0.731537,
          6.507636
        ],
        [
          -0.788288,
          -0.188617,
          0.585685,
          2.817612
        ],
        [
          -0.035263,
          -0.936445,
          -0.349038,
          1.351902
        ],
        [
          0.0,
          0.0,
          0.0,
          1.0
        ]
      ]
    },
    {
      "file_path": "/media/NFS/ttao/scannet/posed_images/scene0666_01/00324.jpg",
      "transform_matrix": [
        [
          0.616948,
          -0.300667,
          0.727307,
          6.510139
        ],
        [
          -0.786165,
          -0.192783,
          0.587179,
          2.817218
        ],
        [
          -0.036333,
          -0.934042,
          -0.35531,
          1.349517
        ],
        [
          0.0,
          0.0,
          0.0,
          1.0
        ]
      ]
    },
    {
      "file_path": "/media/NFS/ttao/scannet/posed_images/scene0666_01/00334.jpg",
      "transform_matrix": [
        [
          0.585739,
          -0.38958,
          0.71073,
          6.516789
        ],
        [
          -0.809486,
          -0.237353,
          0.537024,
          2.821378
        ],
        [
          -0.040519,
          -0.889883,
          -0.454387,
          1.315439
        ],
        [
          0.0,
          0.0,
          0.0,
          1.0
        ]
      ]
    },
    {
      "file_path": "/media/NFS/ttao/scannet/posed_images/scene0666_01/00338.jpg",
      "transform_matrix": [
        [
          0.582099,
          -0.412766,
          0.700561,
          6.520164
        ],
        [
          -0.812179,
          -0.253745,
          0.525338,
          2.824807
        ],
        [
          -0.039078,
          -0.874779,
          -0.482944,
          1.30654
        ],
        [
          0.0,
          0.0,
          0.0,
          1.0
        ]
      ]
    },
    {
      "file_path": "/media/NFS/ttao/scannet/posed_images/scene0666_01/00343.jpg",
      "transform_matrix": [
        [
          0.587583,
          -0.434986,
          0.6823,
          6.524998
        ],
        [
          -0.808175,
          -0.273814,
          0.52142,
          2.834771
        ],
        [
          -0.039987,
          -0.857795,
          -0.512434,
          1.292823
        ],
        [
          0.0,
          0.0,
          0.0,
          1.0
        ]
      ]
    },
    {
      "file_path": "/media/NFS/ttao/scannet/posed_images/scene0666_01/00350.jpg",
      "transform_matrix": [
        [
          0.605361,
          -0.451914,
          0.655219,
          6.522127
        ],
        [
          -0.795553,
          -0.317496,
          0.516035,
          2.867083
        ],
        [
          -0.025174,
          -0.833649,
          -0.551721,
          1.288272
        ],
        [
          0.0,
          0.0,
          0.0,
          1.0
        ]
      ]
    },
    {
      "file_path": "/media/NFS/ttao/scannet/posed_images/scene0666_01/00357.jpg",
      "transform_matrix": [
        [
          0.613232,
          -0.460156,
          0.64203,
          6.513966
        ],
        [
          -0.789903,
          -0.356435,
          0.499007,
          2.914523
        ],
        [
          -0.000779,
          -0.813149,
          -0.582056,
          1.28179
        ],
        [
          0.0,
          0.0,
          0.0,
          1.0
        ]
      ]
    },
    {
      "file_path": "/media/NFS/ttao/scannet/posed_images/scene0666_01/00358.jpg",
      "transform_matrix": [
        [
          0.615648,
          -0.458855,
          0.640648,
          6.513884
        ],
        [
          -0.788019,
          -0.360289,
          0.499217,
          2.923036
        ],
        [
          0.00175,
          -0.812184,
          -0.583398,
          1.282994
        ],
        [
          0.0,
          0.0,
          0.0,
          1.0
        ]
      ]
    },
    {
      "file_path": "/media/NFS/ttao/scannet/posed_images/scene0666_01/00369.jpg",
      "transform_matrix": [
        [
          0.622918,
          -0.425983,
          0.656134,
          6.49135
        ],
        [
          -0.782014,
          -0.361235,
          0.5079,
          3.074924
        ],
        [
          0.020662,
          -0.829486,
          -0.558145,
          1.29022
        ],
        [
          0.0,
          0.0,
          0.0,
          1.0
        ]
      ]
    },
    {
      "file_path": "/media/NFS/ttao/scannet/posed_images/scene0666_01/00370.jpg",
      "transform_matrix": [
        [
          0.622082,
          -0.426046,
          0.656886,
          6.487924
        ],
        [
          -0.782584,
          -0.364105,
          0.504966,
          3.093845
        ],
        [
          0.024037,
          -0.828198,
          -0.55992,
          1.290651
        ],
        [
          0.0,
          0.0,
          0.0,
          1.0
        ]
      ]
    },
    {
      "file_path": "/media/NFS/ttao/scannet/posed_images/scene0666_01/00379.jpg",
      "transform_matrix": [
        [
          0.658172,
          -0.407001,
          0.633372,
          6.476819
        ],
        [
          -0.752867,
          -0.355073,
          0.554178,
          3.212602
        ],
        [
          -0.000658,
          -0.84159,
          -0.540117,
          1.300388
        ],
        [
          0.0,
          0.0,
          0.0,
          1.0
        ]
      ]
    },
    {
      "file_path": "/media/NFS/ttao/scannet/posed_images/scene0666_01/00386.jpg",
      "transform_matrix": [
        [
          0.658719,
          -0.411369,
          0.629972,
          6.478805
        ],
        [
          -0.752083,
          -0.336139,
          0.566905,
          3.269694
        ],
        [
          -0.02145,
          -0.847223,
          -0.530805,
          1.298905
        ],
        [
          0.0,
          0.0,
          0.0,
          1.0
        ]
      ]
    },
    {
      "file_path": "/media/NFS/ttao/scannet/posed_images/scene0666_01/00389.jpg",
      "transform_matrix": [
        [
          0.642341,
          -0.419857,
          0.641185,
          6.484596
        ],
        [
          -0.765851,
          -0.319437,
          0.558061,
          3.292808
        ],
        [
          -0.029488,
          -0.849518,
          -0.526735,
          1.300313
        ],
        [
          0.0,
          0.0,
          0.0,
          1.0
        ]
      ]
    },
    {
      "file_path": "/media/NFS/ttao/scannet/posed_images/scene0666_01/00396.jpg",
      "transform_matrix": [
        [
          0.512105,
          -0.460176,
          0.725249,
          6.513158
        ],
        [
          -0.856797,
          -0.214323,
          0.469003,
          3.358239
        ],
        [
          -0.060386,
          -0.86157,
          -0.504034,
          1.304322
        ],
        [
          0.0,
          0.0,
          0.0,
          1.0
        ]
      ]
    },
    {
      "file_path": "/media/NFS/ttao/scannet/posed_images/scene0666_01/00403.jpg",
      "transform_matrix": [
        [
          0.397026,
          -0.517441,
          0.758041,
          6.53626
        ],
        [
          -0.912835,
          -0.136762,
          0.384745,
          3.435457
        ],
        [
          -0.095411,
          -0.84472,
          -0.526636,
          1.313035
        ],
        [
          0.0,
          0.0,
          0.0,
          1.0
        ]
      ]
    },
    {
      "file_path": "/media/NFS/ttao/scannet/posed_images/scene0666_01/00405.jpg",
      "transform_matrix": [
        [
          0.383037,
          -0.523492,
          0.761078,
          6.54018
        ],
        [
          -0.920146,
          -0.143685,
          0.364262,
          3.458249
        ],
        [
          -0.081332,
          -0.839828,
          -0.536726,
          1.312395
        ],
        [
          0.0,
          0.0,
          0.0,
          1.0
        ]
      ]
    },
    {
      "file_path": "/media/NFS/ttao/scannet/posed_images/scene0666_01/00413.jpg",
      "transform_matrix": [
        [
          0.208315,
          -0.480958,
          0.851636,
          6.562911
        ],
        [
          -0.977861,
          -0.084785,
          0.191308,
          3.579411
        ],
        [
          -0.019806,
          -0.872634,
          -0.487973,
          1.328606
        ],
        [
          0.0,
          0.0,
          0.0,
          1.0
        ]
      ]
    },
    {
      "file_path": "/media/NFS/ttao/scannet/posed_images/scene0666_01/00418.jpg",
      "transform_matrix": [
        [
          0.06595,
          -0.424864,
          0.902852,
          6.560114
        ],
        [
          -0.997723,
          -0.015257,
          0.0657,
          3.680356
        ],
        [
          -0.014139,
          -0.905128,
          -0.424903,
          1.339704
        ],
        [
          0.0,
          0.0,
          0.0,
          1.0
        ]
      ]
    },
    {
      "file_path": "/media/NFS/ttao/scannet/posed_images/scene0666_01/00422.jpg",
      "transform_matrix": [
        [
          -0.027161,
          -0.399487,
          0.916336,
          6.546931
        ],
        [
          -0.999459,
          0.027862,
          -0.017478,
          3.754627
        ],
        [
          -0.018549,
          -0.916315,
          -0.400028,
          1.357723
        ],
        [
          0.0,
          0.0,
          0.0,
          1.0
        ]
      ]
    },
    {
      "file_path": "/media/NFS/ttao/scannet/posed_images/scene0666_01/00429.jpg",
      "transform_matrix": [
        [
          -0.15814,
          -0.404024,
          0.900975,
          6.514672
        ],
        [
          -0.987353,
          0.054344,
          -0.148931,
          3.877577
        ],
        [
          0.011209,
          -0.913133,
          -0.407509,
          1.367708
        ],
        [
          0.0,
          0.0,
          0.0,
          1.0
        ]
      ]
    },
    {
      "file_path": "/media/NFS/ttao/scannet/posed_images/scene0666_01/00434.jpg",
      "transform_matrix": [
        [
          -0.24424,
          -0.3769,
          0.893473,
          6.477339
        ],
        [
          -0.969677,
          0.086813,
          -0.22845,
          3.951415
        ],
        [
          0.008538,
          -0.922177,
          -0.386674,
          1.361771
        ],
        [
          0.0,
          0.0,
          0.0,
          1.0
        ]
      ]
    },
    {
      "file_path": "/media/NFS/ttao/scannet/posed_images/scene0666_01/00439.jpg",
      "transform_matrix": [
        [
          -0.356217,
          -0.375323,
          0.855712,
          6.432163
        ],
        [
          -0.934327,
          0.154794,
          -0.321049,
          4.015814
        ],
        [
