{
  "frames": [
    {
      "file_path": "/media/NFS/ttao/scannet/posed_images/scene0336_00/00000.jpg",
      "transform_matrix": [
        [
          -0.999547,
          0.006002,
          -0.029495,
          2.657804
        ],
        [
          0.02941,
          0.403341,
          -0.914577,
          3.572386
        ],
        [
          0.006407,
          -0.91503,
          -0.403334,
          1.316813
        ],
        [
          0.0,
          0.0,
          0.0,
          1.0
        ]
      ]
    },
    {
      "file_path": "/media/NFS/ttao/scannet/posed_images/scene0336_00/00005.jpg",
      "transform_matrix": [
        [
          -0.99964,
          -0.005141,
          -0.026343,
          2.660736
        ],
        [
          0.022207,
          0.392756,
          -0.919375,
          3.563603
        ],
        [
          0.015072,
          -0.919629,
          -0.3925,
          1.334752
        ],
        [
          0.0,
          0.0,
          0.0,
          1.0
        ]
      ]
    },
    {
      "file_path": "/media/NFS/ttao/scannet/posed_images/scene0336_00/00010.jpg",
      "transform_matrix": [
        [
          -0.999786,
          -0.013246,
          -0.015871,
          2.63983
        ],
        [
          0.009748,
          0.374933,
          -0.927001,
          3.566526
        ],
        [
          0.01823,
          -0.926957,
          -0.374724,
          1.327263
        ],
        [
          0.0,
          0.0,
          0.0,
          1.0
        ]
      ]
    },
    {
      "file_path": "/media/NFS/ttao/scannet/posed_images/scene0336_00/00018.jpg",
      "transform_matrix": [
        [
          -0.998866,
          -0.01531,
          -0.045076,
          2.606787
        ],
        [
          0.037387,
          0.333841,
          -0.941888,
          3.548265
        ],
        [
          0.029468,
          -0.942505,
          -0.33289,
          1.380015
        ],
        [
          0.0,
          0.0,
          0.0,
          1.0
        ]
      ]
    },
    {
      "file_path": "/media/NFS/ttao/scannet/posed_images/scene0336_00/00021.jpg",
      "transform_matrix": [
        [
          -0.998964,
          0.004457,
          -0.04528,
          2.590448
        ],
        [
          0.044244,
          0.327303,
          -0.943883,
          3.552811
        ],
        [
          0.010614,
          -0.944909,
          -0.327161,
          1.350259
        ],
        [
          0.0,
          0.0,
          0.0,
          1.0
        ]
      ]
    },
    {
      "file_path": "/media/NFS/ttao/scannet/posed_images/scene0336_00/00030.jpg",
      "transform_matrix": [
        [
          -0.999022,
          0.019068,
          -0.039902,
          2.555036
        ],
        [
          0.04413,
          0.370761,
          -0.927679,
          3.547593
        ],
        [
          -0.002895,
          -0.928532,
          -0.37124,
          1.319371
        ],
        [
          0.0,
          0.0,
          0.0,
          1.0
        ]
      ]
    },
    {
      "file_path": "/media/NFS/ttao/scannet/posed_images/scene0336_00/00036.jpg",
      "transform_matrix": [
        [
          -0.996604,
          0.018814,
          -0.080163,
          2.547547
        ],
        [
          0.081211,
          0.385299,
          -0.919211,
          3.55881
        ],
        [
          0.013593,
          -0.9226,
          -0.385519,
          1.313925
        ],
        [
          0.0,
          0.0,
          0.0,
          1.0
        ]
      ]
    },
    {
      "file_path": "/media/NFS/ttao/scannet/posed_images/scene0336_00/00041.jpg",
      "transform_matrix": [
        [
          -0.993818,
          0.033728,
          -0.105776,
          2.552805
        ],
        [
          0.110746,
          0.368486,
          -0.923014,
          3.572013
        ],
        [
          0.007845,
          -0.929021,
          -0.369943,
          1.313221
        ],
        [
          0.0,
          0.0,
          0.0,
          1.0
        ]
      ]
    },
    {
      "file_path": "/media/NFS/ttao/scannet/posed_images/scene0336_00/00043.jpg",
      "transform_matrix": [
        [
          -0.992169,
          0.034821,
          -0.119953,
          2.559114
        ],
        [
          0.124265,
          0.372297,
          -0.919757,
          3.578345
        ],
        [
          0.012632,
          -0.92746,
          -0.373708,
          1.30746
        ],
        [
          0.0,
          0.0,
          0.0,
          1.0
        ]
      ]
    },
    {
      "file_path": "/media/NFS/ttao/scannet/posed_images/scene0336_00/00053.jpg",
      "transform_matrix": [
        [
          -0.994387,
          0.014323,
          -0.104833,
          2.506039
        ],
        [
          0.10396,
          0.316584,
          -0.942851,
          3.586466
        ],
        [
          0.019684,
          -0.948456,
          -0.316296,
          1.349612
        ],
        [
          0.0,
          0.0,
          0.0,
          1.0
        ]
      ]
    },
    {
      "file_path": "/media/NFS/ttao/scannet/posed_images/scene0336_00/00058.jpg",
      "transform_matrix": [
        [
          -0.995919,
          0.008378,
          -0.089859,
          2.422687
        ],
        [
          0.08815,
          0.303773,
          -0.948658,
          3.59375
        ],
        [
          0.019349,
          -0.952708,
          -0.303272,
          1.346339
        ],
        [
          0.0,
          0.0,
          0.0,
          1.0
        ]
      ]
    },
    {
      "file_path": "/media/NFS/ttao/scannet/posed_images/scene0336_00/00059.jpg",
      "transform_matrix": [
        [
          -0.996683,
          0.009051,
          -0.080877,
          2.405549
        ],
        [
          0.079871,
          0.299419,
          -0.950773,
          3.598793
        ],
        [
          0.015611,
          -0.954079,
          -0.299149,
          1.341409
        ],
        [
          0.0,
          0.0,
          0.0,
          1.0
        ]
      ]
    },
    {
      "file_path": "/media/NFS/ttao/scannet/posed_images/scene0336_00/00064.jpg",
      "transform_matrix": [
        [
          -0.999094,
          0.041963,
          0.007146,
          2.287059
        ],
        [
          0.005437,
          0.292291,
          -0.956314,
          3.614292
        ],
        [
          -0.042219,
          -0.955409,
          -0.292254,
          1.315603
        ],
        [
          0.0,
          0.0,
          0.0,
          1.0
        ]
      ]
    },
    {
      "file_path": "/media/NFS/ttao/scannet/posed_images/scene0336_00/00074.jpg",
      "transform_matrix": [
        [
          -0.988806,
          0.086089,
          0.121871,
          2.156255
        ],
        [
          -0.094593,
          0.269985,
          -0.958207,
          3.620451
        ],
        [
          -0.115394,
          -0.959008,
          -0.25882,
          1.336585
        ],
        [
          0.0,
          0.0,
          0.0,
          1.0
        ]
      ]
    },
    {
      "file_path": "/media/NFS/ttao/scannet/posed_images/scene0336_00/00079.jpg",
      "transform_matrix": [
        [
          -0.995268,
          0.04675,
          0.085187,
          2.151836
        ],
        [
          -0.06925,
          0.273741,
          -0.959307,
          3.619965
        ],
        [
          -0.068167,
          -0.960667,
          -0.269208,
          1.330414
        ],
        [
          0.0,
          0.0,
          0.0,
          1.0
        ]
      ]
    },
    {
      "file_path": "/media/NFS/ttao/scannet/posed_images/scene0336_00/00083.jpg",
      "transform_matrix": [
        [
          -0.991064,
          -0.001559,
          0.133382,
          2.128481
        ],
        [
          -0.128354,
          0.283349,
          -0.950389,
          3.614974
        ],
        [
          -0.036313,
          -0.959016,
          -0.281017,
          1.306188
        ],
        [
          0.0,
          0.0,
          0.0,
          1.0
        ]
      ]
    },
    {
      "file_path": "/media/NFS/ttao/scannet/posed_images/scene0336_00/00089.jpg",
      "transform_matrix": [
        [
          -0.977388,
          0.00135,
          0.211452,
          2.024349
        ],
        [
          -0.200473,
          0.312183,
          -0.928629,
          3.56531
        ],
        [
          -0.067265,
          -0.950021,
          -0.304854,
          1.283734
        ],
        [
          0.0,
          0.0,
          0.0,
          1.0
        ]
      ]
    },
    {
      "file_path": "/media/NFS/ttao/scannet/posed_images/scene0336_00/00096.jpg",
      "transform_matrix": [
        [
          -0.952583,
          -0.011533,
          0.304062,
          1.887266
        ],
        [
          -0.289216,
          0.344845,
          -0.892993,
          3.511127
        ],
        [
          -0.094555,
          -0.938589,
          -0.331829,
          1.282016
        ],
        [
          0.0,
          0.0,
          0.0,
          1.0
        ]
      ]
    },
    {
      "file_path": "/media/NFS/ttao/scannet/posed_images/scene0336_00/00099.jpg",
      "transform_matrix": [
        [
          -0.945965,
          -0.014445,
          0.323949,
          1.840221
        ],
        [
          -0.309851,
          0.334855,
          -0.889867,
          3.490158
        ],
        [
          -0.095622,
          -0.942159,
          -0.321237,
          1.289988
        ],
        [
          0.0,
          0.0,
          0.0,
          1.0
        ]
      ]
    },
    {
      "file_path": "/media/NFS/ttao/scannet/posed_images/scene0336_00/00107.jpg",
      "transform_matrix": [
        [
          -0.955379,
          -0.019269,
          0.294753,
          1.781415
        ],
        [
          -0.281992,
          0.356535,
          -0.89071,
          3.450002
        ],
        [
          -0.087927,
          -0.934083,
          -0.34606,
          1.291111
        ],
        [
          0.0,
          0.0,
          0.0,
          1.0
        ]
      ]
    },
    {
      "file_path": "/media/NFS/ttao/scannet/posed_images/scene0336_00/00109.jpg",
      "transform_matrix": [
        [
          -0.95644,
          -0.019455,
          0.291279,
          1.774075
        ],
        [
          -0.278576,
          0.359129,
          -0.890742,
          3.44436
        ],
        [
          -0.087277,
          -0.933085,
          -0.348905,
          1.290791
        ],
        [
          0.0,
          0.0,
          0.0,
          1.0
        ]
      ]
    },
    {
      "file_path": "/media/NFS/ttao/scannet/posed_images/scene0336_00/00119.jpg",
      "transform_matrix": [
        [
          -0.973028,
          0.01136,
          0.230405,
          1.749062
        ],
        [
          -0.208618,
          0.382963,
          -0.899899,
          3.4159
        ],
        [
          -0.09846,
          -0.923694,
          -0.370264,
          1.288893
        ],
        [
          0.0,
          0.0,
          0.0,
          1.0
        ]
      ]
    },
    {
      "file_path": "/media/NFS/ttao/scannet/posed_images/scene0336_00/00124.jpg",
      "transform_matrix": [
        [
          -0.980484,
          0.021707,
          0.195398,
          1.747749
        ],
        [
          -0.171952,
          0.387143,
          -0.905844,
          3.414937
        ],
        [
          -0.09531,
          -0.921764,
          -0.375854,
          1.281248
        ],
        [
          0.0,
          0.0,
          0.0,
          1.0
        ]
      ]
    },
    {
      "file_path": "/media/NFS/ttao/scannet/posed_images/scene0336_00/00129.jpg",
      "transform_matrix": [
        [
          -0.984922,
          0.01078,
          0.172664,
          1.766875
        ],
        [
          -0.154613,
          0.392914,
          -0.906484,
          3.409914
        ],
        [
          -0.077614,
          -0.919512,
          -0.385322,
          1.286716
        ],
        [
          0.0,
          0.0,
          0.0,
          1.0
        ]
      ]
    },
    {
      "file_path": "/media/NFS/ttao/scannet/posed_images/scene0336_00/00130.jpg",
      "transform_matrix": [
        [
          -0.985282,
          0.004235,
          0.170882,
          1.775982
        ],
        [
          -0.155664,
          0.390789,
          -0.907222,
          3.414385
        ],
        [
          -0.070621,
          -0.92047,
          -0.384379,
          1.287581
        ],
        [
          0.0,
          0.0,
          0.0,
          1.0
        ]
      ]
    },
    {
      "file_path": "/media/NFS/ttao/scannet/posed_images/scene0336_00/00137.jpg",
      "transform_matrix": [
        [
          -0.987725,
          -0.025351,
          0.154133,
          1.821308
        ],
        [
          -0.152241,
          0.377095,
          -0.913576,
          3.413532
        ],
        [
          -0.034963,
          -0.925828,
          -0.376326,
          1.302661
        ],
        [
          0.0,
          0.0,
          0.0,
          1.0
        ]
      ]
    },
    {
      "file_path": "/media/NFS/ttao/scannet/posed_images/scene0336_00/00142.jpg",
      "transform_matrix": [
        [
          -0.990962,
          -0.057961,
          0.120978,
          1.877197
        ],
        [
          -0.13395,
          0.378722,
          -0.915766,
          3.410609
        ],
        [
          0.007261,
          -0.923694,
          -0.383063,
          1.324136
        ],
        [
          0.0,
          0.0,
          0.0,
          1.0
        ]
      ]
    },
    {
      "file_path": "/media/NFS/ttao/scannet/posed_images/scene0336_00/00152.jpg",
      "transform_matrix": [
        [
          -0.988753,
          -0.115626,
          0.094853,
          2.053645
        ],
        [
          -0.123916,
          0.278287,
          -0.952471,
          3.495593
        ],
        [
          0.083734,
          -0.953513,
          -0.289485,
          1.340634
        ],
        [
          0.0,
          0.0,
          0.0,
          1.0
        ]
      ]
    },
    {
      "file_path": "/media/NFS/ttao/scannet/posed_images/scene0336_00/00157.jpg",
      "transform_matrix": [
        [
          -0.986102,
          -0.140965,
          0.087929,
          2.155643
        ],
        [
          -0.127297,
          0.300965,
          -0.945101,
          3.529465
        ],
        [
          0.106763,
          -0.943159,
          -0.314726,
          1.327618
        ],
        [
          0.0,
          0.0,
          0.0,
          1.0
        ]
      ]
    },
    {
      "file_path": "/media/NFS/ttao/scannet/posed_images/scene0336_00/00162.jpg",
      "transform_matrix": [
        [
          -0.9798,
          -0.147844,
          0.134663,
          2.223728
        ],
        [
          -0.173752,
          0.295984,
          -0.939257,
          3.566447
        ],
        [
          0.099006,
          -0.943682,
          -0.315693,
          1.339414
        ],
        [
          0.0,
          0.0,
          0.0,
          1.0
        ]
      ]
    },
    {
      "file_path": "/media/NFS/ttao/scannet/posed_images/scene0336_00/00163.jpg",
      "transform_matrix": [
        [
          -0.979087,
          -0.147819,
          0.139783,
          2.237412
        ],
        [
          -0.178814,
          0.297564,
          -0.937807,
          3.572575
        ],
        [
          0.097031,
          -0.943189,
          -0.317773,
          1.342798
        ],
        [
          0.0,
          0.0,
          0.0,
          1.0
        ]
      ]
    },
    {
      "file_path": "/media/NFS/ttao/scannet/posed_images/scene0336_00/00173.jpg",
      "transform_matrix": [
        [
          -0.954057,
          -0.177551,
          0.241352,
          2.295819
        ],
        [
          -0.286219,
          0.301808,
          -0.90939,
          3.62525
        ],
        [
          0.088622,
          -0.93669,
          -0.33876,
          1.330683
        ],
        [
          0.0,
          0.0,
          0.0,
          1.0
        ]
      ]
    },
    {
      "file_path": "/media/NFS/ttao/scannet/posed_images/scene0336_00/00178.jpg",
      "transform_matrix": [
        [
          -0.939622,
          -0.177034,
          0.292863,
          2.296219
        ],
        [
          -0.333791,
          0.285431,
          -0.898394,
          3.641038
        ],
        [
          0.075454,
          -0.941907,
          -0.32729,
          1.337091
        ],
        [
          0.0,
          0.0,
          0.0,
          1.0
        ]
      ]
    },
    {
      "file_path": "/media/NFS/ttao/scannet/posed_images/scene0336_00/00183.jpg",
      "transform_matrix": [
        [
          -0.934389,
          -0.172326,
          0.311803,
          2.302994
        ],
        [
          -0.350033,
          0.281233,
          -0.893524,
          3.65724
        ],
        [
          0.066289,
          -0.94404,
          -0.323101,
          1.327552
        ],
        [
          0.0,
          0.0,
          0.0,
          1.0
        ]
      ]
    },
    {
      "file_path": "/media/NFS/ttao/scannet/posed_images/scene0336_00/00187.jpg",
      "transform_matrix": [
        [
          -0.93089,
          -0.174126,
          0.321128,
          2.311461
        ],
        [
          -0.359049,
          0.274214,
          -0.892127,
          3.65728
        ],
        [
          0.067285,
          -0.945773,
          -0.317783,
          1.344596
        ],
        [
          0.0,
          0.0,
          0.0,
          1.0
        ]
      ]
    },
    {
      "file_path": "/media/NFS/ttao/scannet/posed_images/scene0336_00/00195.jpg",
      "transform_matrix": [
        [
          -0.921638,
          -0.158613,
          0.354154,
          2.312107
        ],
        [
          -0.382706,
          0.220584,
          -0.89715,
          3.67345
        ],
        [
          0.064179,
          -0.962385,
          -0.264001,
          1.355936
        ],
        [
          0.0,
          0.0,
          0.0,
          1.0
        ]
      ]
    },
    {
      "file_path": "/media/NFS/ttao/scannet/posed_images/scene0336_00/00201.jpg",
      "transform_matrix": [
        [
          -0.932516,
          -0.112836,
          0.343047,
          2.331497
        ],
        [
          -0.358154,
          0.167312,
          -0.918549,
          3.679585
        ],
        [
          0.04625,
          -0.979426,
          -0.196434,
          1.387589
        ],
        [
          0.0,
          0.0,
          0.0,
          1.0
        ]
      ]
    },
    {
      "file_path": "/media/NFS/ttao/scannet/posed_images/scene0336_00/00203.jpg",
      "transform_matrix": [
        [
          -0.933936,
          -0.107472,
          0.340901,
          2.350031
        ],
        [
          -0.355152,
          0.171243,
          -0.91899,
          3.678576
        ],
        [
          0.040389,
          -0.97935,
          -0.198099,
          1.404053
        ],
        [
          0.0,
          0.0,
          0.0,
          1.0
        ]
      ]
    },
    {
      "file_path": "/media/NFS/ttao/scannet/posed_images/scene0336_00/00211.jpg",
      "transform_matrix": [
        [
          -0.951566,
          -0.071559,
          0.299003,
          2.469331
        ],
        [
          -0.304215,
          0.078515,
          -0.949362,
          3.714566
        ],
        [
          0.044459,
          -0.994341,
          -0.096482,
          1.480788
        ],
        [
          0.0,
          0.0,
          0.0,
          1.0
        ]
      ]
    },
    {
      "file_path": "/media/NFS/ttao/scannet/posed_images/scene0336_00/00215.jpg",
      "transform_matrix": [
        [
          -0.957555,
          -0.048631,
          0.284119,
          2.519531
        ],
        [
          -0.286649,
          0.056878,
          -0.956346,
          3.732854
        ],
        [
          0.030347,
          -0.997196,
          -0.068404,
          1.479067
        ],
        [
          0.0,
          0.0,
          0.0,
          1.0
        ]
      ]
    },
    {
      "file_path": "/media/NFS/ttao/scannet/posed_images/scene0336_00/00221.jpg",
      "transform_matrix": [
        [
          -0.951375,
          -0.014064,
          0.307715,
          2.582728
        ],
        [
          -0.308004,
          0.057781,
          -0.949629,
          3.742647
        ],
        [
          -0.004425,
          -0.99823,
          -0.059303,
          1.493519
        ],
        [
          0.0,
          0.0,
          0.0,
          1.0
        ]
      ]
    },
    {
      "file_path": "/media/NFS/ttao/scannet/posed_images/scene0336_00/00226.jpg",
      "transform_matrix": [
        [
          -0.962654,
          -0.021674,
          0.269866,
          2.627857
        ],
        [
          -0.270599,
          0.045418,
          -0.96162,
          3.733159
        ],
        [
          0.008585,
          -0.998733,
          -0.049587,
          1.52728
        ],
        [
          0.0,
          0.0,
          0.0,
          1.0
        ]
      ]
    },
    {
      "file_path": "/media/NFS/ttao/scannet/posed_images/scene0336_00/00233.jpg",
      "transform_matrix": [
        [
          -0.956706,
          0.045497,
          0.287477,
          2.709758
        ],
        [
          -0.289974,
          -0.063944,
          -0.954896,
          3.696475
        ],
        [
          -0.025062,
          -0.996916,
          0.074368,
          1.555324
        ],
        [
          0.0,
          0.0,
          0.0,
          1.0
        ]
      ]
    },
    {
      "file_path": "/media/NFS/ttao/scannet/posed_images/scene0336_00/00236.jpg",
      "transform_matrix": [
        [
          -0.955075,
          0.080564,
          0.285204,
          2.727216
        ],
        [
          -0.292227,
          -0.095765,
          -0.951542,
          3.683822
        ],
        [
          -0.049348,
          -0.992138,
          0.115005,
          1.573057
        ],
        [
          0.0,
          0.0,
          0.0,
          1.0
        ]
      ]
    },
    {
      "file_path": "/media/NFS/ttao/scannet/posed_images/scene0336_00/00243.jpg",
      "transform_matrix": [
        [
          -0.962767,
          0.075977,
          0.259438,
          2.834483
        ],
        [
          -0.266976,
          -0.116424,
          -0.956645,
          3.677631
        ],
        [
          -0.042479,
          -0.990289,
          0.132373,
          1.6405
        ],
        [
          0.0,
          0.0,
          0.0,
          1.0
        ]
      ]
    },
    {
      "file_path": "/media/NFS/ttao/scannet/posed_images/scene0336_00/00246.jpg",
      "transform_matrix": [
        [
          -0.963145,
          0.077899,
          0.257456,
          2.862536
        ],
        [
          -0.265154,
          -0.114054,
          -0.957437,
          3.66605
        ],
        [
          -0.04522,
          -0.990416,
          0.130506,
          1.643546
        ],
        [
          0.0,
          0.0,
          0.0,
          1.0
        ]
      ]
    },
    {
      "file_path": "/media/NFS/ttao/scannet/posed_images/scene0336_00/00253.jpg",
      "transform_matrix": [
        [
          -0.961031,
          0.102091,
          0.256898,
          2.939205
        ],
        [
          -0.270278,
          -0.151877,
          -0.950728,
          3.677933
        ],
        [
          -0.058044,
          -0.983113,
          0.173552,
          1.64731
        ],
        [
          0.0,
          0.0,
          0.0,
          1.0
        ]
      ]
    },
    {
      "file_path": "/media/NFS/ttao/scannet/posed_images/scene0336_00/00259.jpg",
      "transform_matrix": [
        [
          -0.923088,
          0.134432,
          0.360328,
          2.925859
        ],
        [
          -0.381261,
          -0.196889,
          -0.903258,
          3.702637
        ],
        [
          -0.050482,
          -0.971166,
          0.232999,
          1.654627
        ],
        [
          0.0,
          0.0,
          0.0,
          1.0
        ]
      ]
    },
    {
      "file_path": "/media/NFS/ttao/scannet/posed_images/scene0336_00/00267.jpg",
      "transform_matrix": [
        [
          -0.878205,
          0.132954,
          0.459434,
          2.920207
        ],
        [
          -0.47687,
          -0.169551,
          -0.862466,
          3.723592
        ],
        [
          -0.03677,
          -0.976512,
          0.212302,
          1.625551
        ],
        [
          0.0,
          0.0,
          0.0,
          1.0
        ]
      ]
    },
    {
      "file_path": "/media/NFS/ttao/scannet/posed_images/scene0336_00/00272.jpg",
      "transform_matrix": [
        [
          -0.849755,
          0.131801,
          0.510437,
          2.890138
        ],
        [
          -0.52661,
          -0.167258,
          -0.833491,
          3.751644
        ],
        [
          -0.02448,
          -0.977064,
          0.211536,
          1.615859
        ],
        [
          0.0,
          0.0,
          0.0,
          1.0
        ]
      ]
    },
    {
      "file_path": "/media/NFS/ttao/scannet/posed_images/scene0336_00/00274.jpg",
      "transform_matrix": [
        [
          -0.850581,
          0.12475,
          0.510833,
          2.87846
        ],
        [
          -0.525431,
          -0.163107,
          -0.835056,
          3.764394
        ],
        [
          -0.020853,
          -0.97869,
          0.204283,
          1.617429
        ],
        [
          0.0,
          0.0,
          0.0,
          1.0
        ]
      ]
    },
    {
      "file_path": "/media/NFS/ttao/scannet/posed_images/scene0336_00/00284.jpg",
      "transform_matrix": [
        [
          -0.811302,
          0.164657,
          0.560961,
          2.825572
        ],
        [
          -0.583742,
          -0.175356,
          -0.792777,
          3.871145
        ],
        [
          -0.032168,
          -0.970638,
          0.238384,
          1.575881
        ],
        [
          0.0,
          0.0,
          0.0,
          1.0
        ]
      ]
    },
    {
      "file_path": "/media/NFS/ttao/scannet/posed_images/scene0336_00/00289.jpg",
      "transform_matrix": [
        [
          -0.777239,
          0.194906,
          0.598257,
          2.787805
        ],
        [
          -0.627522,
          -0.170601,
          -0.759679,
          3.920192
        ],
        [
          -0.046003,
          -0.965871,
          0.254905,
          1.571228
        ],
        [
          0.0,
          0.0,
          0.0,
          1.0
        ]
      ]
    },
    {
      "file_path": "/media/NFS/ttao/scannet/posed_images/scene0336_00/00294.jpg",
      "transform_matrix": [
        [
          -0.738332,
          0.210768,
          0.640658,
          2.743758
        ],
        [
          -0.67307,
          -0.169806,
          -0.719821,
          3.965527
        ],
        [
          -0.042928,
          -0.962675,
          0.267235,
          1.588269
        ],
        [
          0.0,
          0.0,
          0.0,
          1.0
        ]
      ]
    },
    {
      "file_path": "/media/NFS/ttao/scannet/posed_images/scene0336_00/00300.jpg",
      "transform_matrix": [
        [
          -0.680893,
          0.237628,
          0.692761,
          2.701293
        ],
        [
          -0.730544,
          -0.153379,
          -0.665417,
          3.98829
        ],
        [
          -0.051867,
          -0.95917,
          0.278033,
          1.577436
        ],
        [
          0.0,
          0.0,
          0.0,
          1.0
        ]
      ]
    },
    {
      "file_path": "/media/NFS/ttao/scannet/posed_images/scene0336_00/00302.jpg",
      "transform_matrix": [
        [
          -0.660497,
          0.25131,
          0.707522,
          2.684124
        ],
        [
          -0.748725,
          -0.14996,
          -0.645696,
          3.984035
        ],
        [
          -0.05617,
          -0.956219,
          0.28721,
          1.561121
        ],
        [
          0.0,
          0.0,
          0.0,
          1.0
        ]
      ]
    },
    {
      "file_path": "/media/NFS/ttao/scannet/posed_images/scene0336_00/00310.jpg",
      "transform_matrix": [
        [
          -0.581261,
          0.247546,
          0.775149,
          2.614069
        ],
        [
          -0.812311,
          -0.120552,
          -0.570629,
          3.973485
        ],
        [
          -0.047811,
          -0.961347,
          0.271157,
          1.559252
        ],
        [
          0.0,
          0.0,
          0.0,
          1.0
        ]
      ]
    },
    {
      "file_path": "/media/NFS/ttao/scannet/posed_images/scene0336_00/00317.jpg",
      "transform_matrix": [
        [
          -0.510052,
          0.235254,
          0.827347,
          2.543337
        ],
        [
          -0.859608,
          -0.105468,
          -0.499951,
          3.930249
        ],
        [
          -0.030357,
          -0.966195,
          0.256021,
          1.526001
        ],
        [
          0.0,
          0.0,
          0.0,
          1.0
        ]
      ]
    },
    {
      "file_path": "/media/NFS/ttao/scannet/posed_images/scene0336_00/00319.jpg",
      "transform_matrix": [
        [
          -0.507769,
          0.215543,
          0.834094,
          2.53621
        ],
        [
          -0.860973,
          -0.09331,
          -0.500019,
          3.925358
        ],
        [
          -0.029946,
          -0.972026,
          0.232956,
          1.511901
        ],
        [
          0.0,
          0.0,
          0.0,
          1.0
        ]
      ]
    },
    {
      "file_path": "/media/NFS/ttao/scannet/posed_images/scene0336_00/00324.jpg",
      "transform_matrix": [
        [
          -0.555603,
          0.134457,
          0.820504,
          2.547868
        ],
        [
          -0.831155,
          -0.063618,
          -0.55239,
          3.941785
        ],
        [
          -0.022074,
          -0.988875,
          0.1471,
          1.47541
        ],
        [
          0.0,
          0.0,
          0.0,
          1.0
        ]
      ]
    },
    {
      "file_path": "/media/NFS/ttao/scannet/posed_images/scene0336_00/00334.jpg",
      "transform_matrix": [
        [
          -0.666186,
          -0.063885,
          0.743044,
          2.579332
        ],
        [
          -0.744893,
          0.008271,
          -0.667132,
          3.997096
        ],
        [
          0.036474,
          -0.997923,
          -0.053098,
          1.411961
        ],
        [
          0.0,
          0.0,
          0.0,
          1.0
        ]
      ]
    },
    {
      "file_path": "/media/NFS/ttao/scannet/posed_images/scene0336_00/00335.jpg",
      "transform_matrix": [
        [
          -0.670127,
          -0.083886,
          0.737491,
          2.587336
        ],
        [
          -0.741132,
          0.021201,
          -0.671024,
          4.006195
        ],
        [
          0.040654,
          -0.99625,
          -0.076378,
          1.399512
        ],
        [
          0.0,
          0.0,
          0.0,
          1.0
        ]
      ]
    },
    {
      "file_path": "/media/NFS/ttao/scannet/posed_images/scene0336_00/00343.jpg",
      "transform_matrix": [
        [
          -0.70434,
          -0.182272,
          0.686062,
          2.60999
        ],
        [
          -0.709564,
          0.152758,
          -0.687884,
          4.022149
        ],
        [
          0.020581,
          -0.971309,
          -0.236927,
          1.374366
        ],
        [
          0.0,
          0.0,
          0.0,
          1.0
        ]
      ]
    },
    {
      "file_path": "/media/NFS/ttao/scannet/posed_images/scene0336_00/00350.jpg",
      "transform_matrix": [
        [
          -0.722774,
          -0.222311,
          0.654351,
          2.596036
        ],
        [
          -0.691064,
          0.225147,
          -0.686833,
          4.025114
        ],
        [
          0.005365,
          -0.948624,
          -0.316361,
          1.327033
        ],
        [
          0.0,
          0.0,
          0.0,
          1.0
        ]
      ]
    },
    {
      "file_path": "/media/NFS/ttao/scannet/posed_images/scene0336_00/00353.jpg",
      "transform_matrix": [
        [
          -0.718164,
          -0.23233,
          0.655945,
          2.580541
        ],
        [
          -0.695861,
          0.233942,
          -0.679006,
          4.02453
        ],
        [
          0.0043,
          -0.944084,
          -0.329678,
          1.309962
        ],
        [
          0.0,
          0.0,
          0.0,
          1.0
        ]
      ]
    },
    {
      "file_path": "/media/NFS/ttao/scannet/posed_images/scene0336_00/00357.jpg",
      "transform_matrix": [
        [
          -0.716107,
          -0.24273,
          0.654425,
          2.558527
        ],
        [
          -0.697922,
          0.235898,
          -0.676208,
          4.009263
        ],
        [
          0.009758,
          -0.940975,
          -0.338335,
          1.306405
        ],
        [
          0.0,
          0.0,
          0.0,
          1.0
        ]
      ]
    },
    {
      "file_path": "/media/NFS/ttao/scannet/posed_images/scene0336_00/00363.jpg",
      "transform_matrix": [
        [
          -0.677333,
          -0.263751,
          0.686772,
          2.515528
        ],
        [
          -0.735476,
          0.220994,
          -0.640497,
          3.981573
        ],
        [
          0.017159,
          -0.938934,
          -0.343669,
          1.305292
        ],
        [
          0.0,
          0.0,
          0.0,
          1.0
        ]
      ]
    },
    {
      "file_path": "/media/NFS/ttao/scannet/posed_images/scene0336_00/00368.jpg",
      "transform_matrix": [
        [
          -0.652899,
          -0.290915,
          0.699351,
          2.484777
        ],
        [
          -0.756915,
          0.216049,
          -0.616768,
          3.965912
        ],
        [
          0.028333,
          -0.932036,
          -0.361256,
          1.281306
        ],
        [
          0.0,
          0.0,
          0.0,
          1.0
        ]
      ]
    },
    {
      "file_path": "/media/NFS/ttao/scannet/posed_images/scene0336_00/00375.jpg",
      "transform_matrix": [
        [
          -0.625657,
          -0.301004,
          0.719688,
          2.457269
        ],
        [
          -0.78005,
          0.231039,
          -0.581501,
          3.941272
        ],
        [
          0.008758,
          -0.925212,
          -0.379349,
          1.282359
        ],
        [
          0.0,
          0.0,
          0.0,
          1.0
        ]
      ]
    },
    {
      "file_path": "/media/NFS/ttao/scannet/posed_images/scene0336_00/00378.jpg",
      "transform_matrix": [
        [
          -0.63915,
          -0.305746,
          0.705696,
          2.452536
        ],
        [
          -0.768987,
          0.2396,
          -0.592665,
          3.931323
        ],
        [
          0.01212,
          -0.921473,
          -0.388254,
          1.271979
        ],
        [
          0.0,
          0.0,
          0.0,
          1.0
        ]
      ]
    },
    {
      "file_path": "/media/NFS/ttao/scannet/posed_images/scene0336_00/00388.jpg",
      "transform_matrix": [
        [
          -0.724349,
          -0.336347,
          0.601822,
          2.482108
        ],
        [
          -0.687963,
          0.295642,
          -0.662799,
          3.901233
        ],
        [
          0.045006,
          -0.894129,
          -0.445542,
          1.266578
        ],
        [
          0.0,
          0.0,
          0.0,
          1.0
        ]
      ]
    },
    {
      "file_path": "/media/NFS/ttao/scannet/posed_images/scene0336_00/00393.jpg",
      "transform_matrix": [
        [
          -0.738162,
          -0.326974,
          0.590089,
          2.473665
        ],
        [
          -0.673624,
          0.309649,
          -0.67108,
          3.879768
        ],
        [
          0.036706,
          -0.892864,
          -0.448829,
          1.265172
        ],
        [
          0.0,
          0.0,
          0.0,
          1.0
        ]
      ]
    },
    {
      "file_path": "/media/NFS/ttao/scannet/posed_images/scene0336_00/00400.jpg",
      "transform_matrix": [
        [
          -0.725294,
          -0.317758,
          0.610719,
          2.417795
        ],
        [
          -0.688024,
          0.303793,
          -0.659039,
          3.836155
        ],
        [
          0.023883,
          -0.898187,
          -0.438964,
          1.260891
        ],
        [
          0.0,
          0.0,
          0.0,
          1.0
        ]
      ]
    },
    {
      "file_path": "/media/NFS/ttao/scannet/posed_images/scene0336_00/00403.jpg",
      "transform_matrix": [
        [
          -0.712493,
          -0.325763,
          0.621476,
          2.37828
        ],
        [
          -0.701285,
          0.300931,
          -0.64625,
          3.809101
        ],
        [
          0.023503,
          -0.896281,
          -0.442864,
          1.259487
        ],
        [
          0.0,
          0.0,
          0.0,
          1.0
        ]
      ]
    },
    {
      "file_path": "/media/NFS/ttao/scannet/posed_images/scene0336_00/00409.jpg",
      "transform_matrix": [
        [
          -0.66178,
          -0.355782,
          0.659899,
          2.282745
        ],
        [
          -0.749588,
          0.29894,
          -0.590553,
          3.755605
        ],
        [
          0.012838,
          -0.885468,
          -0.464522,
          1.253218
        ],
        [
          0.0,
          0.0,
          0.0,
          1.0
        ]
      ]
    },
    {
      "file_path": "/media/NFS/ttao/scannet/posed_images/scene0336_00/00413.jpg",
      "transform_matrix": [
        [
          -0.625996,
          -0.371997,
          0.685381,
          2.238066
        ],
        [
          -0.77946,
          0.271546,
          -0.56454,
          3.725828
        ],
        [
          0.023895,
          -0.887627,
          -0.459943,
          1.260335
        ],
        [
          0.0,
          0.0,
          0.0,
          1.0
        ]
      ]
    },
    {
      "file_path": "/media/NFS/ttao/scannet/posed_images/scene0336_00/00421.jpg",
      "transform_matrix": [
        [
          -0.545556,
          -0.39964,
          0.736652,
          2.188931
        ],
        [
          -0.8349,
          0.18274,
          -0.51918,
          3.665661
        ],
        [
          0.072869,
          -0.898273,
          -0.433354,
          1.243616
        ],
        [
          0.0,
          0.0,
          0.0,
          1.0
        ]
      ]
    },
    {
      "file_path": "/media/NFS/ttao/scannet/posed_images/scene0336_00/00423.jpg",
      "transform_matrix": [
        [
          -0.530719,
          -0.411862,
          0.740747,
          2.190555
        ],
        [
          -0.843523,
          0.171599,
          -0.508943,
          3.647244
        ],
        [
          0.082503,
