{
  "frames": [
    {
      "file_path": "/media/NFS/ttao/scannet/posed_images/scene0633_00/00000.jpg",
      "transform_matrix": [
        [
          -0.275087,
          0.314908,
          -0.908383,
          3.61919
        ],
        [
          0.959294,
          0.027115,
          -0.281104,
          1.970017
        ],
        [
          -0.063892,
          -0.948735,
          -0.309548,
          1.370425
        ],
        [
          0.0,
          0.0,
          0.0,
          1.0
        ]
      ]
    },
    {
      "file_path": "/media/NFS/ttao/scannet/posed_images/scene0633_00/00005.jpg",
      "transform_matrix": [
        [
          -0.296076,
          0.30513,
          -0.905116,
          3.624032
        ],
        [
          0.95278,
          0.027425,
          -0.302422,
          1.976215
        ],
        [
          -0.067455,
          -0.951916,
          -0.298841,
          1.37552
        ],
        [
          0.0,
          0.0,
          0.0,
          1.0
        ]
      ]
    },
    {
      "file_path": "/media/NFS/ttao/scannet/posed_images/scene0633_00/00013.jpg",
      "transform_matrix": [
        [
          -0.330931,
          0.247599,
          -0.910593,
          3.613588
        ],
        [
          0.939745,
          -0.001277,
          -0.341873,
          1.98928
        ],
        [
          -0.08581,
          -0.968862,
          -0.232257,
          1.438099
        ],
        [
          0.0,
          0.0,
          0.0,
          1.0
        ]
      ]
    },
    {
      "file_path": "/media/NFS/ttao/scannet/posed_images/scene0633_00/00016.jpg",
      "transform_matrix": [
        [
          -0.332074,
          0.227684,
          -0.915362,
          3.614591
        ],
        [
          0.938982,
          -0.012462,
          -0.343742,
          1.989003
        ],
        [
          -0.089672,
          -0.973655,
          -0.209652,
          1.45131
        ],
        [
          0.0,
          0.0,
          0.0,
          1.0
        ]
      ]
    },
    {
      "file_path": "/media/NFS/ttao/scannet/posed_images/scene0633_00/00024.jpg",
      "transform_matrix": [
        [
          -0.370899,
          0.163805,
          -0.914113,
          3.610176
        ],
        [
          0.924362,
          -0.029621,
          -0.380366,
          1.997031
        ],
        [
          -0.089383,
          -0.986048,
          -0.140429,
          1.479233
        ],
        [
          0.0,
          0.0,
          0.0,
          1.0
        ]
      ]
    },
    {
      "file_path": "/media/NFS/ttao/scannet/posed_images/scene0633_00/00029.jpg",
      "transform_matrix": [
        [
          -0.37995,
          0.131543,
          -0.915606,
          3.612712
        ],
        [
          0.921966,
          -0.026344,
          -0.386374,
          1.994506
        ],
        [
          -0.074946,
          -0.99096,
          -0.111269,
          1.491124
        ],
        [
          0.0,
          0.0,
          0.0,
          1.0
        ]
      ]
    },
    {
      "file_path": "/media/NFS/ttao/scannet/posed_images/scene0633_00/00035.jpg",
      "transform_matrix": [
        [
          -0.368365,
          0.094937,
          -0.924821,
          3.610455
        ],
        [
          0.928313,
          -0.016398,
          -0.371439,
          2.000381
        ],
        [
          -0.050429,
          -0.995348,
          -0.08209,
          1.503598
        ],
        [
          0.0,
          0.0,
          0.0,
          1.0
        ]
      ]
    },
    {
      "file_path": "/media/NFS/ttao/scannet/posed_images/scene0633_00/00040.jpg",
      "transform_matrix": [
        [
          -0.367813,
          0.074568,
          -0.926905,
          3.609792
        ],
        [
          0.92817,
          -0.031339,
          -0.370836,
          2.002794
        ],
        [
          -0.056701,
          -0.996723,
          -0.057685,
          1.495973
        ],
        [
          0.0,
          0.0,
          0.0,
          1.0
        ]
      ]
    },
    {
      "file_path": "/media/NFS/ttao/scannet/posed_images/scene0633_00/00041.jpg",
      "transform_matrix": [
        [
          -0.364697,
          0.074356,
          -0.928153,
          3.613086
        ],
        [
          0.929336,
          -0.032717,
          -0.367783,
          1.999365
        ],
        [
          -0.057713,
          -0.996695,
          -0.05717,
          1.496333
        ],
        [
          0.0,
          0.0,
          0.0,
          1.0
        ]
      ]
    },
    {
      "file_path": "/media/NFS/ttao/scannet/posed_images/scene0633_00/00048.jpg",
      "transform_matrix": [
        [
          -0.34917,
          0.066458,
          -0.9347,
          3.612592
        ],
        [
          0.934219,
          -0.052923,
          -0.352753,
          2.001951
        ],
        [
          -0.07291,
          -0.996385,
          -0.043607,
          1.504034
        ],
        [
          0.0,
          0.0,
          0.0,
          1.0
        ]
      ]
    },
    {
      "file_path": "/media/NFS/ttao/scannet/posed_images/scene0633_00/00056.jpg",
      "transform_matrix": [
        [
          -0.393077,
          0.072252,
          -0.916662,
          3.611454
        ],
        [
          0.913401,
          -0.084006,
          -0.398299,
          2.007693
        ],
        [
          -0.105783,
          -0.993842,
          -0.032975,
          1.51128
        ],
        [
          0.0,
          0.0,
          0.0,
          1.0
        ]
      ]
    },
    {
      "file_path": "/media/NFS/ttao/scannet/posed_images/scene0633_00/00057.jpg",
      "transform_matrix": [
        [
          -0.393094,
          0.071598,
          -0.916707,
          3.612634
        ],
        [
          0.913496,
          -0.083323,
          -0.398225,
          2.008418
        ],
        [
          -0.104895,
          -0.993947,
          -0.032651,
          1.510794
        ],
        [
          0.0,
          0.0,
          0.0,
          1.0
        ]
      ]
    },
    {
      "file_path": "/media/NFS/ttao/scannet/posed_images/scene0633_00/00062.jpg",
      "transform_matrix": [
        [
          -0.367069,
          0.084664,
          -0.926333,
          3.611627
        ],
        [
          0.925229,
          -0.069525,
          -0.372986,
          2.012964
        ],
        [
          -0.095981,
          -0.993981,
          -0.052813,
          1.519626
        ],
        [
          0.0,
          0.0,
          0.0,
          1.0
        ]
      ]
    },
    {
      "file_path": "/media/NFS/ttao/scannet/posed_images/scene0633_00/00072.jpg",
      "transform_matrix": [
        [
          -0.232565,
          0.103241,
          -0.967086,
          3.642816
        ],
        [
          0.970511,
          -0.040204,
          -0.237681,
          1.969566
        ],
        [
          -0.063419,
          -0.993843,
          -0.090847,
          1.516219
        ],
        [
          0.0,
          0.0,
          0.0,
          1.0
        ]
      ]
    },
    {
      "file_path": "/media/NFS/ttao/scannet/posed_images/scene0633_00/00077.jpg",
      "transform_matrix": [
        [
          -0.169842,
          0.109201,
          -0.979402,
          3.649766
        ],
        [
          0.983796,
          -0.039134,
          -0.174968,
          1.96888
        ],
        [
          -0.057435,
          -0.993249,
          -0.100784,
          1.49917
        ],
        [
          0.0,
          0.0,
          0.0,
          1.0
        ]
      ]
    },
    {
      "file_path": "/media/NFS/ttao/scannet/posed_images/scene0633_00/00078.jpg",
      "transform_matrix": [
        [
          -0.156023,
          0.117619,
          -0.980726,
          3.648404
        ],
        [
          0.986196,
          -0.037198,
          -0.161354,
          1.958073
        ],
        [
          -0.055459,
          -0.992362,
          -0.110191,
          1.52111
        ],
        [
          0.0,
          0.0,
          0.0,
          1.0
        ]
      ]
    },
    {
      "file_path": "/media/NFS/ttao/scannet/posed_images/scene0633_00/00085.jpg",
      "transform_matrix": [
        [
          -0.061372,
          0.13559,
          -0.988862,
          3.68665
        ],
        [
          0.997816,
          -0.015922,
          -0.064111,
          1.881377
        ],
        [
          -0.024437,
          -0.990637,
          -0.134317,
          1.50478
        ],
        [
          0.0,
          0.0,
          0.0,
          1.0
        ]
      ]
    },
    {
      "file_path": "/media/NFS/ttao/scannet/posed_images/scene0633_00/00089.jpg",
      "transform_matrix": [
        [
          0.017232,
          0.133829,
          -0.990855,
          3.687243
        ],
        [
          0.999807,
          -0.011692,
          0.015809,
          1.838837
        ],
        [
          -0.009469,
          -0.990936,
          -0.134004,
          1.515175
        ],
        [
          0.0,
          0.0,
          0.0,
          1.0
        ]
      ]
    },
    {
      "file_path": "/media/NFS/ttao/scannet/posed_images/scene0633_00/00094.jpg",
      "transform_matrix": [
        [
          0.114683,
          0.12346,
          -0.9857,
          3.679606
        ],
        [
          0.993379,
          -0.021056,
          0.112939,
          1.772963
        ],
        [
          -0.006812,
          -0.992126,
          -0.125057,
          1.514127
        ],
        [
          0.0,
          0.0,
          0.0,
          1.0
        ]
      ]
    },
    {
      "file_path": "/media/NFS/ttao/scannet/posed_images/scene0633_00/00102.jpg",
      "transform_matrix": [
        [
          0.260283,
          0.117663,
          -0.958336,
          3.668398
        ],
        [
          0.965477,
          -0.021095,
          0.259632,
          1.673868
        ],
        [
          0.010333,
          -0.99283,
          -0.119092,
          1.509824
        ],
        [
          0.0,
          0.0,
          0.0,
          1.0
        ]
      ]
    },
    {
      "file_path": "/media/NFS/ttao/scannet/posed_images/scene0633_00/00105.jpg",
      "transform_matrix": [
        [
          0.303307,
          0.113318,
          -0.946131,
          3.66396
        ],
        [
          0.952838,
          -0.025392,
          0.302416,
          1.653127
        ],
        [
          0.010245,
          -0.993234,
          -0.115675,
          1.516432
        ],
        [
          0.0,
          0.0,
          0.0,
          1.0
        ]
      ]
    },
    {
      "file_path": "/media/NFS/ttao/scannet/posed_images/scene0633_00/00110.jpg",
      "transform_matrix": [
        [
          0.406389,
          0.131753,
          -0.904151,
          3.633137
        ],
        [
          0.912982,
          -0.019326,
          0.407543,
          1.539059
        ],
        [
          0.036222,
          -0.991094,
          -0.128142,
          1.529953
        ],
        [
          0.0,
          0.0,
          0.0,
          1.0
        ]
      ]
    },
    {
      "file_path": "/media/NFS/ttao/scannet/posed_images/scene0633_00/00118.jpg",
      "transform_matrix": [
        [
          0.496152,
          0.138367,
          -0.857139,
          3.627163
        ],
        [
          0.867511,
          -0.03867,
          0.495913,
          1.512181
        ],
        [
          0.035472,
          -0.989626,
          -0.139221,
          1.526865
        ],
        [
          0.0,
          0.0,
          0.0,
          1.0
        ]
      ]
    },
    {
      "file_path": "/media/NFS/ttao/scannet/posed_images/scene0633_00/00124.jpg",
      "transform_matrix": [
        [
          0.577683,
          0.14887,
          -0.802571,
          3.578913
        ],
        [
          0.815184,
          -0.054735,
          0.57661,
          1.408582
        ],
        [
          0.041911,
          -0.987341,
          -0.152976,
          1.528563
        ],
        [
          0.0,
          0.0,
          0.0,
          1.0
        ]
      ]
    },
    {
      "file_path": "/media/NFS/ttao/scannet/posed_images/scene0633_00/00129.jpg",
      "transform_matrix": [
        [
          0.604396,
          0.153177,
          -0.78182,
          3.574601
        ],
        [
          0.795454,
          -0.061516,
          0.602884,
          1.399319
        ],
        [
          0.044254,
          -0.986282,
          -0.159025,
          1.526198
        ],
        [
          0.0,
          0.0,
          0.0,
          1.0
        ]
      ]
    },
    {
      "file_path": "/media/NFS/ttao/scannet/posed_images/scene0633_00/00132.jpg",
      "transform_matrix": [
        [
          0.618424,
          0.14848,
          -0.77169,
          3.572502
        ],
        [
          0.784271,
          -0.054504,
          0.61802,
          1.386257
        ],
        [
          0.049703,
          -0.987412,
          -0.150155,
          1.518
        ],
        [
          0.0,
          0.0,
          0.0,
          1.0
        ]
      ]
    },
    {
      "file_path": "/media/NFS/ttao/scannet/posed_images/scene0633_00/00139.jpg",
      "transform_matrix": [
        [
          0.663556,
          0.152407,
          -0.732438,
          3.569185
        ],
        [
          0.745912,
          -0.059512,
          0.663381,
          1.379857
        ],
        [
          0.057515,
          -0.986524,
          -0.153171,
          1.504794
        ],
        [
          0.0,
          0.0,
          0.0,
          1.0
        ]
      ]
    },
    {
      "file_path": "/media/NFS/ttao/scannet/posed_images/scene0633_00/00142.jpg",
      "transform_matrix": [
        [
          0.685972,
          0.156218,
          -0.71066,
          3.565443
        ],
        [
          0.725608,
          -0.074157,
          0.684101,
          1.373452
        ],
        [
          0.054169,
          -0.984935,
          -0.164223,
          1.496794
        ],
        [
          0.0,
          0.0,
          0.0,
          1.0
        ]
      ]
    },
    {
      "file_path": "/media/NFS/ttao/scannet/posed_images/scene0633_00/00152.jpg",
      "transform_matrix": [
        [
          0.761098,
          0.190816,
          -0.619934,
          3.562259
        ],
        [
          0.644835,
          -0.119266,
          0.754959,
          1.385245
        ],
        [
          0.070121,
          -0.974354,
          -0.213818,
          1.476484
        ],
        [
          0.0,
          0.0,
          0.0,
          1.0
        ]
      ]
    },
    {
      "file_path": "/media/NFS/ttao/scannet/posed_images/scene0633_00/00153.jpg",
      "transform_matrix": [
        [
          0.76669,
          0.188219,
          -0.613808,
          3.563336
        ],
        [
          0.638285,
          -0.120513,
          0.760309,
          1.385135
        ],
        [
          0.069132,
          -0.974705,
          -0.212533,
          1.476538
        ],
        [
          0.0,
          0.0,
          0.0,
          1.0
        ]
      ]
    },
    {
      "file_path": "/media/NFS/ttao/scannet/posed_images/scene0633_00/00158.jpg",
      "transform_matrix": [
        [
          0.789077,
          0.172337,
          -0.589625,
          3.571523
        ],
        [
          0.610299,
          -0.110646,
          0.784406,
          1.383447
        ],
        [
          0.069942,
          -0.978804,
          -0.192485,
          1.481735
        ],
        [
          0.0,
          0.0,
          0.0,
          1.0
        ]
      ]
    },
    {
      "file_path": "/media/NFS/ttao/scannet/posed_images/scene0633_00/00168.jpg",
      "transform_matrix": [
        [
          0.835638,
          0.124594,
          -0.534963,
          3.594983
        ],
        [
          0.546441,
          -0.089665,
          0.832684,
          1.3977
        ],
        [
          0.05578,
          -0.988148,
          -0.143011,
          1.491573
        ],
        [
          0.0,
          0.0,
          0.0,
          1.0
        ]
      ]
    },
    {
      "file_path": "/media/NFS/ttao/scannet/posed_images/scene0633_00/00169.jpg",
      "transform_matrix": [
        [
          0.839605,
          0.120593,
          -0.529641,
          3.59792
        ],
        [
          0.540589,
          -0.09007,
          0.836452,
          1.399329
        ],
        [
          0.053165,
          -0.988607,
          -0.140815,
          1.493219
        ],
        [
          0.0,
          0.0,
          0.0,
          1.0
        ]
      ]
    },
    {
      "file_path": "/media/NFS/ttao/scannet/posed_images/scene0633_00/00174.jpg",
      "transform_matrix": [
        [
          0.852511,
          0.103348,
          -0.512391,
          3.613846
        ],
        [
          0.520886,
          -0.086169,
          0.849266,
          1.408552
        ],
        [
          0.043618,
          -0.990906,
          -0.127292,
          1.501054
        ],
        [
          0.0,
          0.0,
          0.0,
          1.0
        ]
      ]
    },
    {
      "file_path": "/media/NFS/ttao/scannet/posed_images/scene0633_00/00180.jpg",
      "transform_matrix": [
        [
          0.866319,
          0.081622,
          -0.492778,
          3.633414
        ],
        [
          0.498379,
          -0.075445,
          0.86367,
          1.410272
        ],
        [
          0.033317,
          -0.993804,
          -0.106038,
          1.531395
        ],
        [
          0.0,
          0.0,
          0.0,
          1.0
        ]
      ]
    },
    {
      "file_path": "/media/NFS/ttao/scannet/posed_images/scene0633_00/00188.jpg",
      "transform_matrix": [
        [
          0.876847,
          0.03775,
          -0.479286,
          3.656303
        ],
        [
          0.480626,
          -0.04443,
          0.8758,
          1.401033
        ],
        [
          0.011766,
          -0.998299,
          -0.057102,
          1.557128
        ],
        [
          0.0,
          0.0,
          0.0,
          1.0
        ]
      ]
    },
    {
      "file_path": "/media/NFS/ttao/scannet/posed_images/scene0633_00/00193.jpg",
      "transform_matrix": [
        [
          0.884177,
          0.046168,
          -0.464865,
          3.656401
        ],
        [
          0.466734,
          -0.045238,
          0.88324,
          1.396309
        ],
        [
          0.019748,
          -0.997909,
          -0.061547,
          1.558183
        ],
        [
          0.0,
          0.0,
          0.0,
          1.0
        ]
      ]
    },
    {
      "file_path": "/media/NFS/ttao/scannet/posed_images/scene0633_00/00200.jpg",
      "transform_matrix": [
        [
          0.868243,
          0.029332,
          -0.495271,
          3.674611
        ],
        [
          0.49586,
          -0.017808,
          0.86822,
          1.381638
        ],
        [
          0.016647,
          -0.999411,
          -0.030006,
          1.562788
        ],
        [
          0.0,
          0.0,
          0.0,
          1.0
        ]
      ]
    },
    {
      "file_path": "/media/NFS/ttao/scannet/posed_images/scene0633_00/00204.jpg",
      "transform_matrix": [
        [
          0.868553,
          0.019197,
          -0.495225,
          3.692488
        ],
        [
          0.495324,
          -0.000471,
          0.868708,
          1.374132
        ],
        [
          0.016444,
          -0.999816,
          -0.009918,
          1.569429
        ],
        [
          0.0,
          0.0,
          0.0,
          1.0
        ]
      ]
    },
    {
      "file_path": "/media/NFS/ttao/scannet/posed_images/scene0633_00/00206.jpg",
      "transform_matrix": [
        [
          0.863825,
          0.01657,
          -0.503519,
          3.703113
        ],
        [
          0.503631,
          -0.003126,
          0.863913,
          1.370539
        ],
        [
          0.012741,
          -0.999858,
          -0.011045,
          1.570317
        ],
        [
          0.0,
          0.0,
          0.0,
          1.0
        ]
      ]
    },
    {
      "file_path": "/media/NFS/ttao/scannet/posed_images/scene0633_00/00215.jpg",
      "transform_matrix": [
        [
          0.86324,
          0.111698,
          -0.492281,
          3.743825
        ],
        [
          0.503279,
          -0.114931,
          0.856447,
          1.370767
        ],
        [
          0.039085,
          -0.987074,
          -0.155428,
          1.545152
        ],
        [
          0.0,
          0.0,
          0.0,
          1.0
        ]
      ]
    },
    {
      "file_path": "/media/NFS/ttao/scannet/posed_images/scene0633_00/00220.jpg",
      "transform_matrix": [
        [
          0.865719,
          0.126382,
          -0.484312,
          3.773975
        ],
        [
          0.500257,
          -0.186544,
          0.845544,
          1.361909
        ],
        [
          0.016516,
          -0.974284,
          -0.224718,
          1.536308
        ],
        [
          0.0,
          0.0,
          0.0,
          1.0
        ]
      ]
    },
    {
      "file_path": "/media/NFS/ttao/scannet/posed_images/scene0633_00/00222.jpg",
      "transform_matrix": [
        [
          0.864555,
          0.1389,
          -0.482961,
          3.787342
        ],
        [
          0.502099,
          -0.198621,
          0.841693,
          1.354803
        ],
        [
          0.020985,
          -0.970184,
          -0.241461,
          1.526635
        ],
        [
          0.0,
          0.0,
          0.0,
          1.0
        ]
      ]
    },
    {
      "file_path": "/media/NFS/ttao/scannet/posed_images/scene0633_00/00231.jpg",
      "transform_matrix": [
        [
          0.832521,
          0.179423,
          -0.524134,
          3.841042
        ],
        [
          0.553936,
          -0.255987,
          0.792228,
          1.311481
        ],
        [
          0.007973,
          -0.949883,
          -0.312504,
          1.465584
        ],
        [
          0.0,
          0.0,
          0.0,
          1.0
        ]
      ]
    },
    {
      "file_path": "/media/NFS/ttao/scannet/posed_images/scene0633_00/00236.jpg",
      "transform_matrix": [
        [
          0.813049,
          0.209468,
          -0.543208,
          3.860905
        ],
        [
          0.582182,
          -0.286162,
          0.761036,
          1.290644
        ],
        [
          0.003967,
          -0.935005,
          -0.354612,
          1.45508
        ],
        [
          0.0,
          0.0,
          0.0,
          1.0
        ]
      ]
    },
    {
      "file_path": "/media/NFS/ttao/scannet/posed_images/scene0633_00/00239.jpg",
      "transform_matrix": [
        [
          0.809494,
          0.234015,
          -0.538475,
          3.86444
        ],
        [
          0.586924,
          -0.298403,
          0.752646,
          1.277507
        ],
        [
          0.015448,
          -0.925307,
          -0.378905,
          1.442705
        ],
        [
          0.0,
          0.0,
          0.0,
          1.0
        ]
      ]
    },
    {
      "file_path": "/media/NFS/ttao/scannet/posed_images/scene0633_00/00244.jpg",
      "transform_matrix": [
        [
          0.821415,
          0.26201,
          -0.506585,
          3.846621
        ],
        [
          0.570109,
          -0.352448,
          0.74213,
          1.255347
        ],
        [
          0.015901,
          -0.898405,
          -0.43888,
          1.436095
        ],
        [
          0.0,
          0.0,
          0.0,
          1.0
        ]
      ]
    },
    {
      "file_path": "/media/NFS/ttao/scannet/posed_images/scene0633_00/00252.jpg",
      "transform_matrix": [
        [
          0.806156,
          0.300325,
          -0.509821,
          3.832916
        ],
        [
          0.591698,
          -0.412594,
          0.692575,
          1.216808
        ],
        [
          -0.002351,
          -0.859983,
          -0.510317,
          1.413203
        ],
        [
          0.0,
          0.0,
          0.0,
          1.0
        ]
      ]
    },
    {
      "file_path": "/media/NFS/ttao/scannet/posed_images/scene0633_00/00254.jpg",
      "transform_matrix": [
        [
          0.799988,
          0.320305,
          -0.50737,
          3.82907
        ],
        [
          0.599942,
          -0.413645,
          0.684813,
          1.205934
        ],
        [
          0.009478,
          -0.852234,
          -0.523075,
          1.404087
        ],
        [
          0.0,
          0.0,
          0.0,
          1.0
        ]
      ]
    },
    {
      "file_path": "/media/NFS/ttao/scannet/posed_images/scene0633_00/00263.jpg",
      "transform_matrix": [
        [
          0.816464,
          0.389077,
          -0.426621,
          3.814903
        ],
        [
          0.574193,
          -0.469399,
          0.670796,
          1.182736
        ],
        [
          0.060736,
          -0.792643,
          -0.606653,
          1.376968
        ],
        [
          0.0,
          0.0,
          0.0,
          1.0
        ]
      ]
    },
    {
      "file_path": "/media/NFS/ttao/scannet/posed_images/scene0633_00/00265.jpg",
      "transform_matrix": [
        [
          0.820116,
          0.389404,
          -0.419253,
          3.816435
        ],
        [
          0.568851,
          -0.475749,
          0.670874,
          1.178166
        ],
        [
          0.061782,
          -0.788687,
          -0.611683,
          1.374967
        ],
        [
          0.0,
          0.0,
          0.0,
          1.0
        ]
      ]
    },
    {
      "file_path": "/media/NFS/ttao/scannet/posed_images/scene0633_00/00275.jpg",
      "transform_matrix": [
        [
          0.833755,
          0.40678,
          -0.373339,
          3.816802
        ],
        [
          0.546606,
          -0.51267,
          0.662112,
          1.150299
        ],
        [
          0.077934,
          -0.756108,
          -0.649789,
          1.364834
        ],
        [
          0.0,
          0.0,
          0.0,
          1.0
        ]
      ]
    },
    {
      "file_path": "/media/NFS/ttao/scannet/posed_images/scene0633_00/00276.jpg",
      "transform_matrix": [
        [
          0.834045,
          0.407065,
          -0.37238,
          3.816834
        ],
        [
          0.546279,
          -0.515002,
          0.66057,
          1.147422
        ],
        [
          0.077118,
          -0.754368,
          -0.651906,
          1.364291
        ],
        [
          0.0,
          0.0,
          0.0,
          1.0
        ]
      ]
    },
    {
      "file_path": "/media/NFS/ttao/scannet/posed_images/scene0633_00/00284.jpg",
      "transform_matrix": [
        [
          0.819008,
          0.417524,
          -0.393573,
          3.806645
        ],
        [
          0.570211,
          -0.515851,
          0.639341,
          1.114074
        ],
        [
          0.063915,
          -0.748045,
          -0.660563,
          1.358908
        ],
        [
          0.0,
          0.0,
          0.0,
          1.0
        ]
      ]
    },
    {
      "file_path": "/media/NFS/ttao/scannet/posed_images/scene0633_00/00290.jpg",
      "transform_matrix": [
        [
          0.80824,
          0.432104,
          -0.400043,
          3.79814
        ],
        [
          0.584628,
          -0.507597,
          0.632895,
          1.090636
        ],
        [
          0.070416,
          -0.745407,
          -0.66288,
          1.351241
        ],
        [
          0.0,
          0.0,
          0.0,
          1.0
        ]
      ]
    },
    {
      "file_path": "/media/NFS/ttao/scannet/posed_images/scene0633_00/00292.jpg",
      "transform_matrix": [
        [
          0.808005,
          0.434943,
          -0.397432,
          3.793722
        ],
        [
          0.584624,
          -0.508192,
          0.63242,
          1.084386
        ],
        [
          0.073095,
          -0.743347,
          -0.6649,
          1.347464
        ],
        [
          0.0,
          0.0,
          0.0,
          1.0
        ]
      ]
    },
    {
      "file_path": "/media/NFS/ttao/scannet/posed_images/scene0633_00/00298.jpg",
      "transform_matrix": [
        [
          0.807348,
          0.444934,
          -0.387586,
          3.774966
        ],
        [
          0.584434,
          -0.512328,
          0.629252,
          1.068057
        ],
        [
          0.081405,
          -0.734543,
          -0.673661,
          1.33773
        ],
        [
          0.0,
          0.0,
          0.0,
          1.0
        ]
      ]
    },
    {
      "file_path": "/media/NFS/ttao/scannet/posed_images/scene0633_00/00302.jpg",
      "transform_matrix": [
        [
          0.794879,
          0.457264,
          -0.398845,
          3.757535
        ],
        [
          0.601371,
          -0.506216,
          0.618142,
          1.058342
        ],
        [
          0.080752,
          -0.731201,
          -0.677365,
          1.333438
        ],
        [
          0.0,
          0.0,
          0.0,
          1.0
        ]
      ]
    },
    {
      "file_path": "/media/NFS/ttao/scannet/posed_images/scene0633_00/00311.jpg",
      "transform_matrix": [
        [
          0.738272,
          0.503222,
          -0.449134,
          3.699912
        ],
        [
          0.670794,
          -0.478031,
          0.56703,
          1.071984
        ],
        [
          0.070642,
          -0.719899,
          -0.690475,
          1.324634
        ],
        [
          0.0,
          0.0,
          0.0,
          1.0
        ]
      ]
    },
    {
      "file_path": "/media/NFS/ttao/scannet/posed_images/scene0633_00/00316.jpg",
      "transform_matrix": [
        [
          0.722788,
          0.490918,
          -0.486392,
          3.659858
        ],
        [
          0.686632,
          -0.43052,
          0.585823,
          1.105423
        ],
        [
          0.07819,
          -0.757398,
          -0.648255,
          1.330521
        ],
        [
          0.0,
          0.0,
          0.0,
          1.0
        ]
      ]
    },
    {
      "file_path": "/media/NFS/ttao/scannet/posed_images/scene0633_00/00321.jpg",
      "transform_matrix": [
        [
          0.735752,
          0.459373,
          -0.49764,
          3.62796
        ],
        [
          0.671139,
          -0.396049,
          0.626672,
          1.13616
        ],
        [
          0.090786,
          -0.795061,
          -0.599697,
          1.33016
        ],
        [
          0.0,
          0.0,
          0.0,
          1.0
        ]
      ]
    },
    {
      "file_path": "/media/NFS/ttao/scannet/posed_images/scene0633_00/00327.jpg",
      "transform_matrix": [
        [
          0.720021,
          0.449282,
          -0.52888,
          3.576297
        ],
        [
          0.687621,
          -0.359199,
          0.630994,
          1.162659
        ],
        [
          0.093521,
          -0.817998,
          -0.567567,
          1.331652
        ],
        [
          0.0,
          0.0,
          0.0,
          1.0
        ]
      ]
    },
    {
      "file_path": "/media/NFS/ttao/scannet/posed_images/scene0633_00/00332.jpg",
      "transform_matrix": [
        [
          0.710339,
          0.457182,
          -0.535166,
          3.526948
        ],
        [
          0.699013,
          -0.369141,
          0.612467,
          1.17899
        ],
        [
          0.082457,
          -0.809147,
          -0.581791,
          1.329353
        ],
        [
          0.0,
          0.0,
          0.0,
          1.0
        ]
      ]
    },
    {
      "file_path": "/media/NFS/ttao/scannet/posed_images/scene0633_00/00334.jpg",
      "transform_matrix": [
        [
          0.711781,
          0.453215,
          -0.536622,
          3.50322
        ],
        [
          0.697663,
          -0.367579,
          0.614941,
          1.183131
        ],
        [
          0.08145,
          -0.812085,
          -0.577827,
          1.330325
        ],
        [
          0.0,
          0.0,
          0.0,
          1.0
        ]
      ]
    },
    {
      "file_path": "/media/NFS/ttao/scannet/posed_images/scene0633_00/00342.jpg",
      "transform_matrix": [
        [
          0.750493,
          0.400575,
          -0.525642,
          3.391209
        ],
        [
          0.657925,
          -0.377758,
          0.651486,
          1.190688
        ],
        [
          0.062404,
          -0.834769,
          -0.547053,
          1.33442
        ],
        [
          0.0,
          0.0,
          0.0,
          1.0
        ]
      ]
    },
    {
      "file_path": "/media/NFS/ttao/scannet/posed_images/scene0633_00/00348.jpg",
      "transform_matrix": [
        [
          0.785308,
          0.364394,
          -0.500507,
          3.301853
        ],
        [
          0.617318,
          -0.399509,
          0.677725,
          1.186658
        ],
        [
          0.047002,
          -0.841195,
          -0.538685,
          1.333531
        ],
        [
          0.0,
          0.0,
          0.0,
          1.0
        ]
      ]
    },
    {
      "file_path": "/media/NFS/ttao/scannet/posed_images/scene0633_00/00353.jpg",
      "transform_matrix": [
        [
          0.809349,
          0.351946,
          -0.470199,
          3.24419
        ],
        [
          0.585829,
          -0.426605,
          0.689067,
          1.192813
        ],
        [
          0.041925,
          -0.833152,
          -0.551453,
          1.327412
        ],
        [
          0.0,
          0.0,
          0.0,
          1.0
        ]
      ]
    },
    {
      "file_path": "/media/NFS/ttao/scannet/posed_images/scene0633_00/00359.jpg",
      "transform_matrix": [
        [
          0.82976,
          0.353904,
          -0.431567,
          3.172836
        ],
        [
          0.554713,
          -0.437616,
          0.707662,
          1.209311
        ],
        [
          0.061584,
          -0.826586,
          -0.559432,
          1.322337
        ],
        [
          0.0,
          0.0,
          0.0,
          1.0
        ]
      ]
    },
    {
      "file_path": "/media/NFS/ttao/scannet/posed_images/scene0633_00/00361.jpg",
      "transform_matrix": [
        [
          0.833508,
          0.354255,
          -0.423989,
          3.148856
        ],
        [
          0.54855,
          -0.438927,
          0.711643,
          1.218334
        ],
        [
          0.066003,
          -0.82574,
          -0.560176,
          1.320165
        ],
        [
          0.0,
          0.0,
          0.0,
          1.0
        ]
      ]
    },
    {
      "file_path": "/media/NFS/ttao/scannet/posed_images/scene0633_00/00367.jpg",
      "transform_matrix": [
        [
          0.849845,
          0.324197,
          -0.415523,
          3.079413
        ],
        [
          0.525096,
          -0.45332,
          0.720261,
          1.256539
        ],
        [
          0.045141,
          -0.830299,
          -0.555486,
          1.322541
        ],
        [
          0.0,
          0.0,
          0.0,
          1.0
        ]
      ]
    },
    {
      "file_path": "/media/NFS/ttao/scannet/posed_images/scene0633_00/00372.jpg",
      "transform_matrix": [
        [
          0.872486,
          0.282688,
          -0.398567,
          3.023021
        ],
        [
          0.487874,
          -0.458323,
          0.742913,
          1.290226
        ],
        [
          0.027339,
          -0.842631,
          -0.537796,
          1.335929
        ],
        [
          0.0,
          0.0,
          0.0,
          1.0
        ]
      ]
    },
    {
      "file_path": "/media/NFS/ttao/scannet/posed_images/scene0633_00/00377.jpg",
      "transform_matrix": [
        [
          0.888048,
          0.24954,
          -0.386134,
          2.967203
        ],
        [
          0.459382,
          -0.448031,
          0.766966,
          1.310109
        ],
        [
          0.018389,
          -0.858486,
          -0.512507,
          1.344177
        ],
        [
          0.0,
          0.0,
          0.0,
          1.0
        ]
      ]
    },
    {
      "file_path": "/media/NFS/ttao/scannet/posed_images/scene0633_00/00383.jpg",
      "transform_matrix": [
        [
          0.91998,
          0.217047,
          -0.326384,
          2.898229
        ],
        [
          0.391264,
          -0.458784,
          0.797766,
          1.328409
        ],
        [
          0.023413,
          -0.861631,
          -0.506995,
          1.346979
        ],
        [
          0.0,
          0.0,
          0.0,
          1.0
        ]
      ]
    },
    {
      "file_path": "/media/NFS/ttao/scannet/posed_images/scene0633_00/00389.jpg",
      "transform_matrix": [
        [
          0.930498,
          0.181059,
          -0.318419,
          2.824264
        ],
        [
          0.366161,
          -0.483369,
          0.795161,
          1.325107
        ],
        [
          -0.009943,
          -0.856488,
          -0.51607,
          1.35106
        ],
        [
          0.0,
          0.0,
          0.0,
          1.0
        ]
      ]
    },
    {
      "file_path": "/media/NFS/ttao/scannet/posed_images/scene0633_00/00396.jpg",
      "transform_matrix": [
        [
          0.957386,
          0.117267,
          -0.263934,
          2.733782
        ],
        [
          0.287283,
          -0.480584,
          0.828557,
          1.313453
        ],
        [
          -0.02968,
          -0.869073,
          -0.493793,
          1.360975
        ],
        [
          0.0,
          0.0,
          0.0,
          1.0
        ]
      ]
    },
    {
      "file_path": "/media/NFS/ttao/scannet/posed_images/scene0633_00/00401.jpg",
      "transform_matrix": [
        [
          0.969464,
          0.09166,
          -0.227461,
          2.680151
        ],
        [
          0.243316,
          -0.475316,
          0.845501,
          1.307445
        ],
        [
          -0.030617,
          -0.875028,
          -0.483104,
          1.362345
        ],
        [
          0.0,
          0.0,
          0.0,
          1.0
        ]
      ]
    },
    {
      "file_path": "/media/NFS/ttao/scannet/posed_images/scene0633_00/00404.jpg",
      "transform_matrix": [
        [
          0.972106,
          0.093329,
          -0.215175,
          2.64936
        ],
        [
          0.233511,
          -0.471094,
          0.850614,
          1.3088
        ],
        [
          -0.021981,
          -0.877132,
          -0.479746,
          1.362449
        ],
        [
          0.0,
          0.0,
          0.0,
          1.0
        ]
      ]
    },
    {
      "file_path": "/media/NFS/ttao/scannet/posed_images/scene0633_00/00409.jpg",
      "transform_matrix": [
        [
          0.9667,
          0.105992,
          -0.232933,
          2.602031
        ],
        [
          0.255421,
          -0.45609,
          0.852492,
          1.321651
        ],
        [
          -0.015881,
          -0.883599,
          -0.467974,
          1.365717
        ],
        [
          0.0,
