{
  "frames": [
    {
      "file_path": "/media/NFS/ttao/scannet/posed_images/scene0106_00/00002.jpg",
      "transform_matrix": [
        [
          0.06445,
          0.42596,
          -0.902444,
          3.691079
        ],
        [
          0.996336,
          -0.078418,
          0.034141,
          7.385597
        ],
        [
          -0.056225,
          -0.901337,
          -0.429453,
          1.655249
        ],
        [
          0.0,
          0.0,
          0.0,
          1.0
        ]
      ]
    },
    {
      "file_path": "/media/NFS/ttao/scannet/posed_images/scene0106_00/00007.jpg",
      "transform_matrix": [
        [
          0.071945,
          0.428963,
          -0.900453,
          3.686984
        ],
        [
          0.995814,
          -0.081918,
          0.040539,
          7.384707
        ],
        [
          -0.056373,
          -0.8996,
          -0.433061,
          1.651407
        ],
        [
          0.0,
          0.0,
          0.0,
          1.0
        ]
      ]
    },
    {
      "file_path": "/media/NFS/ttao/scannet/posed_images/scene0106_00/00019.jpg",
      "transform_matrix": [
        [
          0.10832,
          0.446912,
          -0.887996,
          3.702865
        ],
        [
          0.992851,
          -0.093689,
          0.073959,
          7.352606
        ],
        [
          -0.050142,
          -0.889659,
          -0.453865,
          1.628836
        ],
        [
          0.0,
          0.0,
          0.0,
          1.0
        ]
      ]
    },
    {
      "file_path": "/media/NFS/ttao/scannet/posed_images/scene0106_00/00028.jpg",
      "transform_matrix": [
        [
          0.178391,
          0.422596,
          -0.888588,
          3.732357
        ],
        [
          0.983486,
          -0.104605,
          0.147694,
          7.352686
        ],
        [
          -0.030536,
          -0.900261,
          -0.434277,
          1.655512
        ],
        [
          0.0,
          0.0,
          0.0,
          1.0
        ]
      ]
    },
    {
      "file_path": "/media/NFS/ttao/scannet/posed_images/scene0106_00/00030.jpg",
      "transform_matrix": [
        [
          0.21247,
          0.403338,
          -0.890042,
          3.743685
        ],
        [
          0.976718,
          -0.115295,
          0.180913,
          7.343764
        ],
        [
          -0.029649,
          -0.907759,
          -0.418444,
          1.662819
        ],
        [
          0.0,
          0.0,
          0.0,
          1.0
        ]
      ]
    },
    {
      "file_path": "/media/NFS/ttao/scannet/posed_images/scene0106_00/00042.jpg",
      "transform_matrix": [
        [
          0.334133,
          0.357498,
          -0.872095,
          3.855437
        ],
        [
          0.941693,
          -0.165514,
          0.292949,
          7.307029
        ],
        [
          -0.039615,
          -0.91913,
          -0.391958,
          1.696316
        ],
        [
          0.0,
          0.0,
          0.0,
          1.0
        ]
      ]
    },
    {
      "file_path": "/media/NFS/ttao/scannet/posed_images/scene0106_00/00046.jpg",
      "transform_matrix": [
        [
          0.343498,
          0.360234,
          -0.867318,
          3.885474
        ],
        [
          0.938407,
          -0.168475,
          0.301677,
          7.287921
        ],
        [
          -0.037447,
          -0.917523,
          -0.395917,
          1.700197
        ],
        [
          0.0,
          0.0,
          0.0,
          1.0
        ]
      ]
    },
    {
      "file_path": "/media/NFS/ttao/scannet/posed_images/scene0106_00/00053.jpg",
      "transform_matrix": [
        [
          0.289324,
          0.362005,
          -0.886139,
          3.928514
        ],
        [
          0.95643,
          -0.147189,
          0.252144,
          7.227123
        ],
        [
          -0.039153,
          -0.920482,
          -0.388818,
          1.712562
        ],
        [
          0.0,
          0.0,
          0.0,
          1.0
        ]
      ]
    },
    {
      "file_path": "/media/NFS/ttao/scannet/posed_images/scene0106_00/00060.jpg",
      "transform_matrix": [
        [
          0.16076,
          0.365055,
          -0.917001,
          3.992222
        ],
        [
          0.985961,
          -0.101894,
          0.132286,
          7.169981
        ],
        [
          -0.045145,
          -0.925393,
          -0.37631,
          1.71133
        ],
        [
          0.0,
          0.0,
          0.0,
          1.0
        ]
      ]
    },
    {
      "file_path": "/media/NFS/ttao/scannet/posed_images/scene0106_00/00074.jpg",
      "transform_matrix": [
        [
          -0.049572,
          0.401985,
          -0.914303,
          4.086137
        ],
        [
          0.996204,
          -0.045689,
          -0.074101,
          7.105588
        ],
        [
          -0.071561,
          -0.914506,
          -0.398193,
          1.705013
        ],
        [
          0.0,
          0.0,
          0.0,
          1.0
        ]
      ]
    },
    {
      "file_path": "/media/NFS/ttao/scannet/posed_images/scene0106_00/00077.jpg",
      "transform_matrix": [
        [
          -0.078413,
          0.391083,
          -0.917009,
          4.09585
        ],
        [
          0.994102,
          -0.038458,
          -0.101407,
          7.092626
        ],
        [
          -0.074925,
          -0.919551,
          -0.385761,
          1.707929
        ],
        [
          0.0,
          0.0,
          0.0,
          1.0
        ]
      ]
    },
    {
      "file_path": "/media/NFS/ttao/scannet/posed_images/scene0106_00/00086.jpg",
      "transform_matrix": [
        [
          -0.153826,
          0.379584,
          -0.912279,
          4.086936
        ],
        [
          0.986017,
          -0.000916,
          -0.166641,
          7.043736
        ],
        [
          -0.06409,
          -0.925157,
          -0.374135,
          1.7081
        ],
        [
          0.0,
          0.0,
          0.0,
          1.0
        ]
      ]
    },
    {
      "file_path": "/media/NFS/ttao/scannet/posed_images/scene0106_00/00095.jpg",
      "transform_matrix": [
        [
          -0.229325,
          0.395071,
          -0.889567,
          4.041225
        ],
        [
          0.971972,
          0.044332,
          -0.23088,
          6.987236
        ],
        [
          -0.051778,
          -0.91758,
          -0.394164,
          1.705495
        ],
        [
          0.0,
          0.0,
          0.0,
          1.0
        ]
      ]
    },
    {
      "file_path": "/media/NFS/ttao/scannet/posed_images/scene0106_00/00102.jpg",
      "transform_matrix": [
        [
          -0.290006,
          0.395632,
          -0.871419,
          4.009795
        ],
        [
          0.95551,
          0.06848,
          -0.286901,
          6.939786
        ],
        [
          -0.053832,
          -0.915852,
          -0.39789,
          1.712569
        ],
        [
          0.0,
          0.0,
          0.0,
          1.0
        ]
      ]
    },
    {
      "file_path": "/media/NFS/ttao/scannet/posed_images/scene0106_00/00112.jpg",
      "transform_matrix": [
        [
          -0.365562,
          0.407133,
          -0.837023,
          3.981515
        ],
        [
          0.929304,
          0.108903,
          -0.352894,
          6.877358
        ],
        [
          -0.05252,
          -0.906854,
          -0.418161,
          1.696337
        ],
        [
          0.0,
          0.0,
          0.0,
          1.0
        ]
      ]
    },
    {
      "file_path": "/media/NFS/ttao/scannet/posed_images/scene0106_00/00121.jpg",
      "transform_matrix": [
        [
          -0.44078,
          0.403795,
          -0.801663,
          3.957923
        ],
        [
          0.895987,
          0.144161,
          -0.420029,
          6.847855
        ],
        [
          -0.054037,
          -0.90342,
          -0.425338,
          1.692828
        ],
        [
          0.0,
          0.0,
          0.0,
          1.0
        ]
      ]
    },
    {
      "file_path": "/media/NFS/ttao/scannet/posed_images/scene0106_00/00128.jpg",
      "transform_matrix": [
        [
          -0.521562,
          0.400554,
          -0.753345,
          3.944683
        ],
        [
          0.851815,
          0.193915,
          -0.48663,
          6.839674
        ],
        [
          -0.048837,
          -0.895519,
          -0.442337,
          1.675782
        ],
        [
          0.0,
          0.0,
          0.0,
          1.0
        ]
      ]
    },
    {
      "file_path": "/media/NFS/ttao/scannet/posed_images/scene0106_00/00130.jpg",
      "transform_matrix": [
        [
          -0.550239,
          0.400137,
          -0.73289,
          3.930888
        ],
        [
          0.833772,
          0.215554,
          -0.508292,
          6.84273
        ],
        [
          -0.045409,
          -0.890745,
          -0.45223,
          1.681549
        ],
        [
          0.0,
          0.0,
          0.0,
          1.0
        ]
      ]
    },
    {
      "file_path": "/media/NFS/ttao/scannet/posed_images/scene0106_00/00142.jpg",
      "transform_matrix": [
        [
          -0.675299,
          0.351186,
          -0.648567,
          3.900412
        ],
        [
          0.736636,
          0.277525,
          -0.616723,
          6.906945
        ],
        [
          -0.036591,
          -0.89423,
          -0.446109,
          1.672183
        ],
        [
          0.0,
          0.0,
          0.0,
          1.0
        ]
      ]
    },
    {
      "file_path": "/media/NFS/ttao/scannet/posed_images/scene0106_00/00146.jpg",
      "transform_matrix": [
        [
          -0.703893,
          0.334921,
          -0.626389,
          3.900628
        ],
        [
          0.709776,
          0.297567,
          -0.638492,
          6.93628
        ],
        [
          -0.027451,
          -0.894026,
          -0.447174,
          1.667187
        ],
        [
          0.0,
          0.0,
          0.0,
          1.0
        ]
      ]
    },
    {
      "file_path": "/media/NFS/ttao/scannet/posed_images/scene0106_00/00158.jpg",
      "transform_matrix": [
        [
          -0.781016,
          0.296482,
          -0.549647,
          3.920961
        ],
        [
          0.623562,
          0.321717,
          -0.712509,
          7.005142
        ],
        [
          -0.034416,
          -0.89922,
          -0.436141,
          1.664909
        ],
        [
          0.0,
          0.0,
          0.0,
          1.0
        ]
      ]
    },
    {
      "file_path": "/media/NFS/ttao/scannet/posed_images/scene0106_00/00163.jpg",
      "transform_matrix": [
        [
          -0.810928,
          0.279087,
          -0.514302,
          3.938204
        ],
        [
          0.584264,
          0.33794,
          -0.737857,
          7.019387
        ],
        [
          -0.032123,
          -0.898837,
          -0.437105,
          1.662803
        ],
        [
          0.0,
          0.0,
          0.0,
          1.0
        ]
      ]
    },
    {
      "file_path": "/media/NFS/ttao/scannet/posed_images/scene0106_00/00172.jpg",
      "transform_matrix": [
        [
          -0.863858,
          0.244465,
          -0.440438,
          3.983612
        ],
        [
          0.503325,
          0.383625,
          -0.774272,
          7.038525
        ],
        [
          -0.02032,
          -0.890544,
          -0.454443,
          1.648729
        ],
        [
          0.0,
          0.0,
          0.0,
          1.0
        ]
      ]
    },
    {
      "file_path": "/media/NFS/ttao/scannet/posed_images/scene0106_00/00177.jpg",
      "transform_matrix": [
        [
          -0.8881,
          0.233094,
          -0.396163,
          4.0048
        ],
        [
          0.459023,
          0.404726,
          -0.790883,
          7.038547
        ],
        [
          -0.024013,
          -0.884231,
          -0.466433,
          1.64203
        ],
        [
          0.0,
          0.0,
          0.0,
          1.0
        ]
      ]
    },
    {
      "file_path": "/media/NFS/ttao/scannet/posed_images/scene0106_00/00184.jpg",
      "transform_matrix": [
        [
          -0.915738,
          0.210276,
          -0.342356,
          4.0361
        ],
        [
          0.4011,
          0.429051,
          -0.809342,
          7.037753
        ],
        [
          -0.023297,
          -0.878464,
          -0.47724,
          1.633079
        ],
        [
          0.0,
          0.0,
          0.0,
          1.0
        ]
      ]
    },
    {
      "file_path": "/media/NFS/ttao/scannet/posed_images/scene0106_00/00193.jpg",
      "transform_matrix": [
        [
          -0.944499,
          0.177619,
          -0.276358,
          4.074141
        ],
        [
          0.328013,
          0.463385,
          -0.823214,
          7.028259
        ],
        [
          -0.018158,
          -0.868174,
          -0.495928,
          1.621139
        ],
        [
          0.0,
          0.0,
          0.0,
          1.0
        ]
      ]
    },
    {
      "file_path": "/media/NFS/ttao/scannet/posed_images/scene0106_00/00200.jpg",
      "transform_matrix": [
        [
          -0.968191,
          0.144831,
          -0.204034,
          4.103571
        ],
        [
          0.249356,
          0.491128,
          -0.834634,
          7.021768
        ],
        [
          -0.020674,
          -0.858963,
          -0.511621,
          1.615824
        ],
        [
          0.0,
          0.0,
          0.0,
          1.0
        ]
      ]
    },
    {
      "file_path": "/media/NFS/ttao/scannet/posed_images/scene0106_00/00214.jpg",
      "transform_matrix": [
        [
          -0.995293,
          0.065718,
          -0.071228,
          4.142217
        ],
        [
          0.095085,
          0.520067,
          -0.848817,
          7.001394
        ],
        [
          -0.018739,
          -0.851594,
          -0.523868,
          1.612539
        ],
        [
          0.0,
          0.0,
          0.0,
          1.0
        ]
      ]
    },
    {
      "file_path": "/media/NFS/ttao/scannet/posed_images/scene0106_00/00221.jpg",
      "transform_matrix": [
        [
          -0.999105,
          0.030928,
          -0.028851,
          4.158187
        ],
        [
          0.040776,
          0.523135,
          -0.851274,
          6.992529
        ],
        [
          -0.011235,
          -0.851689,
          -0.523928,
          1.613333
        ],
        [
          0.0,
          0.0,
          0.0,
          1.0
        ]
      ]
    },
    {
      "file_path": "/media/NFS/ttao/scannet/posed_images/scene0106_00/00228.jpg",
      "transform_matrix": [
        [
          -0.99996,
          -0.00387,
          0.008032,
          4.17417
        ],
        [
          -0.008872,
          0.52104,
          -0.853486,
          6.983854
        ],
        [
          -0.000882,
          -0.853523,
          -0.521054,
          1.614331
        ],
        [
          0.0,
          0.0,
          0.0,
          1.0
        ]
      ]
    },
    {
      "file_path": "/media/NFS/ttao/scannet/posed_images/scene0106_00/00237.jpg",
      "transform_matrix": [
        [
          -0.99783,
          -0.043712,
          0.049233,
          4.193734
        ],
        [
          -0.064734,
          0.514999,
          -0.854743,
          6.975048
        ],
        [
          0.012007,
          -0.856075,
          -0.516712,
          1.61525
        ],
        [
          0.0,
          0.0,
          0.0,
          1.0
        ]
      ]
    },
    {
      "file_path": "/media/NFS/ttao/scannet/posed_images/scene0106_00/00239.jpg",
      "transform_matrix": [
        [
          -0.997119,
          -0.05183,
          0.055389,
          4.198485
        ],
        [
          -0.074181,
          0.513598,
          -0.854818,
          6.972617
        ],
        [
          0.015858,
          -0.856464,
          -0.515963,
          1.616974
        ],
        [
          0.0,
          0.0,
          0.0,
          1.0
        ]
      ]
    },
    {
      "file_path": "/media/NFS/ttao/scannet/posed_images/scene0106_00/00251.jpg",
      "transform_matrix": [
        [
          -0.989916,
          -0.097101,
          0.103144,
          4.197239
        ],
        [
          -0.138082,
          0.49884,
          -0.855624,
          6.973251
        ],
        [
          0.03163,
          -0.861238,
          -0.507218,
          1.616169
        ],
        [
          0.0,
          0.0,
          0.0,
          1.0
        ]
      ]
    },
    {
      "file_path": "/media/NFS/ttao/scannet/posed_images/scene0106_00/00260.jpg",
      "transform_matrix": [
        [
          -0.98678,
          -0.101362,
          0.126454,
          4.177423
        ],
        [
          -0.160117,
          0.489164,
          -0.857369,
          6.977486
        ],
        [
          0.025048,
          -0.866282,
          -0.498927,
          1.614607
        ],
        [
          0.0,
          0.0,
          0.0,
          1.0
        ]
      ]
    },
    {
      "file_path": "/media/NFS/ttao/scannet/posed_images/scene0106_00/00263.jpg",
      "transform_matrix": [
        [
          -0.986431,
          -0.100714,
          0.129657,
          4.162849
        ],
        [
          -0.162555,
          0.488384,
          -0.857355,
          6.977691
        ],
        [
          0.023025,
          -0.866797,
          -0.498128,
          1.611564
        ],
        [
          0.0,
          0.0,
          0.0,
          1.0
        ]
      ]
    },
    {
      "file_path": "/media/NFS/ttao/scannet/posed_images/scene0106_00/00272.jpg",
      "transform_matrix": [
        [
          -0.987569,
          -0.096065,
          0.124415,
          4.079868
        ],
        [
          -0.15598,
          0.501013,
          -0.851267,
          6.972432
        ],
        [
          0.019444,
          -0.860091,
          -0.509769,
          1.605271
        ],
        [
          0.0,
          0.0,
          0.0,
          1.0
        ]
      ]
    },
    {
      "file_path": "/media/NFS/ttao/scannet/posed_images/scene0106_00/00284.jpg",
      "transform_matrix": [
        [
          -0.990242,
          -0.06922,
          0.120954,
          3.935006
        ],
        [
          -0.139349,
          0.502679,
          -0.853168,
          6.929752
        ],
        [
          -0.001745,
          -0.861698,
          -0.507419,
          1.594366
        ],
        [
          0.0,
          0.0,
          0.0,
          1.0
        ]
      ]
    },
    {
      "file_path": "/media/NFS/ttao/scannet/posed_images/scene0106_00/00286.jpg",
      "transform_matrix": [
        [
          -0.990421,
          -0.06705,
          0.120707,
          3.906083
        ],
        [
          -0.138012,
          0.5081,
          -0.850169,
          6.914973
        ],
        [
          -0.004327,
          -0.858684,
          -0.512487,
          1.590072
        ],
        [
          0.0,
          0.0,
          0.0,
          1.0
        ]
      ]
    },
    {
      "file_path": "/media/NFS/ttao/scannet/posed_images/scene0106_00/00297.jpg",
      "transform_matrix": [
        [
          -0.985793,
          -0.098865,
          0.135789,
          3.761855
        ],
        [
          -0.166608,
          0.472898,
          -0.865222,
          6.803877
        ],
        [
          0.021326,
          -0.875553,
          -0.482651,
          1.60842
        ],
        [
          0.0,
          0.0,
          0.0,
          1.0
        ]
      ]
    },
    {
      "file_path": "/media/NFS/ttao/scannet/posed_images/scene0106_00/00307.jpg",
      "transform_matrix": [
        [
          -0.977312,
          -0.10415,
          0.184431,
          3.647013
        ],
        [
          -0.211654,
          0.44716,
          -0.869052,
          6.712806
        ],
        [
          0.008042,
          -0.88837,
          -0.459058,
          1.612622
        ],
        [
          0.0,
          0.0,
          0.0,
          1.0
        ]
      ]
    },
    {
      "file_path": "/media/NFS/ttao/scannet/posed_images/scene0106_00/00309.jpg",
      "transform_matrix": [
        [
          -0.973812,
          -0.10718,
          0.200508,
          3.625061
        ],
        [
          -0.227336,
          0.447008,
          -0.865161,
          6.693874
        ],
        [
          0.003099,
          -0.888086,
          -0.459667,
          1.609538
        ],
        [
          0.0,
          0.0,
          0.0,
          1.0
        ]
      ]
    },
    {
      "file_path": "/media/NFS/ttao/scannet/posed_images/scene0106_00/00321.jpg",
      "transform_matrix": [
        [
          -0.938443,
          -0.133358,
          0.318655,
          3.465433
        ],
        [
          -0.345093,
          0.403013,
          -0.847639,
          6.604698
        ],
        [
          -0.015382,
          -0.905426,
          -0.424226,
          1.61481
        ],
        [
          0.0,
          0.0,
          0.0,
          1.0
        ]
      ]
    },
    {
      "file_path": "/media/NFS/ttao/scannet/posed_images/scene0106_00/00325.jpg",
      "transform_matrix": [
        [
          -0.933599,
          -0.137768,
          0.330775,
          3.414052
        ],
        [
          -0.357961,
          0.399857,
          -0.843788,
          6.576947
        ],
        [
          -0.016016,
          -0.906165,
          -0.422622,
          1.61756
        ],
        [
          0.0,
          0.0,
          0.0,
          1.0
        ]
      ]
    },
    {
      "file_path": "/media/NFS/ttao/scannet/posed_images/scene0106_00/00337.jpg",
      "transform_matrix": [
        [
          -0.93517,
          -0.120276,
          0.333155,
          3.284034
        ],
        [
          -0.352806,
          0.399715,
          -0.846024,
          6.468528
        ],
        [
          -0.031411,
          -0.908714,
          -0.416235,
          1.615393
        ],
        [
          0.0,
          0.0,
          0.0,
          1.0
        ]
      ]
    },
    {
      "file_path": "/media/NFS/ttao/scannet/posed_images/scene0106_00/00339.jpg",
      "transform_matrix": [
        [
          -0.934823,
          -0.118683,
          0.334696,
          3.265156
        ],
        [
          -0.353505,
          0.400675,
          -0.845278,
          6.442867
        ],
        [
          -0.033784,
          -0.908501,
          -0.416515,
          1.614614
        ],
        [
          0.0,
          0.0,
          0.0,
          1.0
        ]
      ]
    },
    {
      "file_path": "/media/NFS/ttao/scannet/posed_images/scene0106_00/00353.jpg",
      "transform_matrix": [
        [
          -0.933697,
          -0.11791,
          0.338094,
          3.150679
        ],
        [
          -0.357263,
          0.369912,
          -0.857629,
          6.251458
        ],
        [
          -0.023942,
          -0.921554,
          -0.387511,
          1.628048
        ],
        [
          0.0,
          0.0,
          0.0,
          1.0
        ]
      ]
    },
    {
      "file_path": "/media/NFS/ttao/scannet/posed_images/scene0106_00/00360.jpg",
      "transform_matrix": [
        [
          -0.932471,
          -0.122635,
          0.33979,
          3.096593
        ],
        [
          -0.360704,
          0.367441,
          -0.857251,
          6.171813
        ],
        [
          -0.019724,
          -0.921926,
          -0.386863,
          1.633904
        ],
        [
          0.0,
          0.0,
          0.0,
          1.0
        ]
      ]
    },
    {
      "file_path": "/media/NFS/ttao/scannet/posed_images/scene0106_00/00363.jpg",
      "transform_matrix": [
        [
          -0.931178,
          -0.124366,
          0.342694,
          3.074577
        ],
        [
          -0.363978,
          0.370386,
          -0.854596,
          6.141918
        ],
        [
          -0.020646,
          -0.920515,
          -0.390162,
          1.630749
        ],
        [
          0.0,
          0.0,
          0.0,
          1.0
        ]
      ]
    },
    {
      "file_path": "/media/NFS/ttao/scannet/posed_images/scene0106_00/00374.jpg",
      "transform_matrix": [
        [
          -0.891492,
          -0.158828,
          0.424283,
          2.980332
        ],
        [
          -0.452681,
          0.349412,
          -0.820361,
          6.028659
        ],
        [
          -0.017953,
          -0.92341,
          -0.383396,
          1.629554
        ],
        [
          0.0,
          0.0,
          0.0,
          1.0
        ]
      ]
    },
    {
      "file_path": "/media/NFS/ttao/scannet/posed_images/scene0106_00/00383.jpg",
      "transform_matrix": [
        [
          -0.859973,
          -0.191543,
          0.473031,
          2.925375
        ],
        [
          -0.510068,
          0.352864,
          -0.784422,
          5.936595
        ],
        [
          -0.016666,
          -0.915859,
          -0.401153,
          1.632965
        ],
        [
          0.0,
          0.0,
          0.0,
          1.0
        ]
      ]
    },
    {
      "file_path": "/media/NFS/ttao/scannet/posed_images/scene0106_00/00388.jpg",
      "transform_matrix": [
        [
          -0.854407,
          -0.194707,
          0.481744,
          2.901615
        ],
        [
          -0.51927,
          0.353215,
          -0.778202,
          5.883583
        ],
        [
          -0.018638,
          -0.915056,
          -0.402895,
          1.633186
        ],
        [
          0.0,
          0.0,
          0.0,
          1.0
        ]
      ]
    },
    {
      "file_path": "/media/NFS/ttao/scannet/posed_images/scene0106_00/00393.jpg",
      "transform_matrix": [
        [
          -0.857029,
          -0.198501,
          0.475498,
          2.886345
        ],
        [
          -0.514932,
          0.363256,
          -0.77646,
          5.828045
        ],
        [
          -0.018599,
          -0.910298,
          -0.413536,
          1.633236
        ],
        [
          0.0,
          0.0,
          0.0,
          1.0
        ]
      ]
    },
    {
      "file_path": "/media/NFS/ttao/scannet/posed_images/scene0106_00/00404.jpg",
      "transform_matrix": [
        [
          -0.867727,
          -0.210784,
          0.450134,
          2.855239
        ],
        [
          -0.497032,
          0.373626,
          -0.783175,
          5.663313
        ],
        [
          -0.003101,
          -0.903313,
          -0.428972,
          1.64614
        ],
        [
          0.0,
          0.0,
          0.0,
          1.0
        ]
      ]
    },
    {
      "file_path": "/media/NFS/ttao/scannet/posed_images/scene0106_00/00411.jpg",
      "transform_matrix": [
        [
          -0.869479,
          -0.204558,
          0.449624,
          2.840763
        ],
        [
          -0.493964,
          0.364285,
          -0.789491,
          5.569693
        ],
        [
          -0.002295,
          -0.908544,
          -0.417782,
          1.66172
        ],
        [
          0.0,
          0.0,
          0.0,
          1.0
        ]
      ]
    },
    {
      "file_path": "/media/NFS/ttao/scannet/posed_images/scene0106_00/00418.jpg",
      "transform_matrix": [
        [
          -0.873222,
          -0.199533,
          0.4446,
          2.815094
        ],
        [
          -0.487221,
          0.376069,
          -0.788155,
          5.49348
        ],
        [
          -0.009937,
          -0.904853,
          -0.425608,
          1.670642
        ],
        [
          0.0,
          0.0,
          0.0,
          1.0
        ]
      ]
    },
    {
      "file_path": "/media/NFS/ttao/scannet/posed_images/scene0106_00/00430.jpg",
      "transform_matrix": [
        [
          -0.847963,
          -0.215527,
          0.484259,
          2.725799
        ],
        [
          -0.530024,
          0.354719,
          -0.770226,
          5.333946
        ],
        [
          -0.005772,
          -0.909793,
          -0.415023,
          1.67843
        ],
        [
          0.0,
          0.0,
          0.0,
          1.0
        ]
      ]
    },
    {
      "file_path": "/media/NFS/ttao/scannet/posed_images/scene0106_00/00432.jpg",
      "transform_matrix": [
        [
          -0.83977,
          -0.231035,
          0.491335,
          2.713033
        ],
        [
          -0.54291,
          0.367287,
          -0.755215,
          5.308019
        ],
        [
          -0.00598,
          -0.900957,
          -0.433868,
          1.684368
        ],
        [
          0.0,
          0.0,
          0.0,
          1.0
        ]
      ]
    },
    {
      "file_path": "/media/NFS/ttao/scannet/posed_images/scene0106_00/00442.jpg",
      "transform_matrix": [
        [
          -0.80169,
          -0.261941,
          0.53729,
          2.623505
        ],
        [
          -0.597721,
          0.344067,
          -0.724118,
          5.195374
        ],
        [
          0.004812,
          -0.901668,
          -0.432403,
          1.698389
        ],
        [
          0.0,
          0.0,
          0.0,
          1.0
        ]
      ]
    },
    {
      "file_path": "/media/NFS/ttao/scannet/posed_images/scene0106_00/00451.jpg",
      "transform_matrix": [
        [
          -0.821381,
          -0.24046,
          0.517217,
          2.57212
        ],
        [
          -0.570253,
          0.365395,
          -0.73573,
          5.096437
        ],
        [
          -0.012075,
          -0.899258,
          -0.437251,
          1.694331
        ],
        [
          0.0,
          0.0,
          0.0,
          1.0
        ]
      ]
    },
    {
      "file_path": "/media/NFS/ttao/scannet/posed_images/scene0106_00/00458.jpg",
      "transform_matrix": [
        [
          -0.857229,
          -0.220356,
          0.465404,
          2.541368
        ],
        [
          -0.514907,
          0.376233,
          -0.770273,
          5.027412
        ],
        [
          -0.005366,
          -0.89994,
          -0.435981,
          1.689396
        ],
        [
          0.0,
          0.0,
          0.0,
          1.0
        ]
      ]
    },
    {
      "file_path": "/media/NFS/ttao/scannet/posed_images/scene0106_00/00469.jpg",
      "transform_matrix": [
        [
          -0.891688,
          -0.172292,
          0.418578,
          2.474649
        ],
        [
          -0.451642,
          0.400314,
          -0.797351,
          4.96078
        ],
        [
          -0.030185,
          -0.900036,
          -0.43477,
          1.67609
        ],
        [
          0.0,
          0.0,
          0.0,
          1.0
        ]
      ]
    },
    {
      "file_path": "/media/NFS/ttao/scannet/posed_images/scene0106_00/00472.jpg",
      "transform_matrix": [
        [
          -0.88815,
          -0.171791,
          0.426237,
          2.450811
        ],
        [
          -0.458122,
          0.404159,
          -0.791695,
          4.9488
        ],
        [
          -0.036261,
          -0.898411,
          -0.437655,
          1.672134
        ],
        [
          0.0,
          0.0,
          0.0,
          1.0
        ]
      ]
    },
    {
      "file_path": "/media/NFS/ttao/scannet/posed_images/scene0106_00/00483.jpg",
      "transform_matrix": [
        [
          -0.864535,
          -0.199676,
          0.461204,
          2.351401
        ],
        [
          -0.501875,
          0.391346,
          -0.771343,
          4.916375
        ],
        [
          -0.026471,
          -0.89832,
          -0.438545,
          1.660793
        ],
        [
          0.0,
          0.0,
          0.0,
          1.0
        ]
      ]
    },
    {
      "file_path": "/media/NFS/ttao/scannet/posed_images/scene0106_00/00486.jpg",
      "transform_matrix": [
        [
          -0.863005,
          -0.194217,
          0.466372,
          2.327204
        ],
        [
          -0.504027,
          0.393771,
          -0.768701,
          4.907862
        ],
        [
          -0.034349,
          -0.898457,
          -0.437716,
          1.658872
        ],
        [
          0.0,
          0.0,
          0.0,
          1.0
        ]
      ]
    },
    {
      "file_path": "/media/NFS/ttao/scannet/posed_images/scene0106_00/00500.jpg",
      "transform_matrix": [
        [
          -0.844564,
          -0.183672,
          0.502968,
          2.285282
        ],
        [
          -0.533483,
          0.369171,
          -0.760992,
          4.869253
        ],
        [
          -0.045908,
          -0.911031,
          -0.409774,
          1.682164
        ],
        [
          0.0,
          0.0,
          0.0,
          1.0
        ]
      ]
    },
    {
      "file_path": "/media/NFS/ttao/scannet/posed_images/scene0106_00/00502.jpg",
      "transform_matrix": [
        [
          -0.841465,
          -0.18611,
          0.507246,
          2.293354
        ],
        [
          -0.538383,
          0.36805,
          -0.758079,
          4.864983
        ],
        [
          -0.045606,
          -0.91099,
          -0.4099,
          1.690502
        ],
        [
          0.0,
          0.0,
          0.0,
          1.0
        ]
      ]
    },
    {
      "file_path": "/media/NFS/ttao/scannet/posed_images/scene0106_00/00509.jpg",
      "transform_matrix": [
        [
          -0.821822,
          -0.204042,
          0.531953,
          2.337537
        ],
        [
          -0.568705,
          0.350121,
          -0.744305,
          4.852588
        ],
        [
          -0.034379,
          -0.914211,
          -0.403777,
          1.721875
        ],
        [
          0.0,
          0.0,
          0.0,
          1.0
        ]
      ]
    },
    {
      "file_path": "/media/NFS/ttao/scannet/posed_images/scene0106_00/00523.jpg",
      "transform_matrix": [
        [
          -0.766385,
          -0.271298,
          0.582281,
          2.457377
        ],
        [
          -0.642366,
          0.31725,
          -0.697653,
          4.84257
        ],
        [
          0.004543,
          -0.908708,
          -0.417408,
          1.809543
        ],
        [
          0.0,
          0.0,
          0.0,
          1.0
        ]
      ]
    },
    {
      "file_path": "/media/NFS/ttao/scannet/posed_images/scene0106_00/00530.jpg",
      "transform_matrix": [
        [
          -0.729123,
          -0.287224,
          0.621194,
          2.504346
        ],
        [
          -0.683891,
          0.271371,
          -0.677238,
          4.860132
        ],
        [
          0.025945,
          -0.918619,
          -0.394292,
          1.839606
        ],
        [
          0.0,
          0.0,
          0.0,
          1.0
        ]
      ]
    },
    {
      "file_path": "/media/NFS/ttao/scannet/posed_images/scene0106_00/00539.jpg",
      "transform_matrix": [
        [
          -0.670999,
          -0.292459,
          0.681343,
          2.539579
        ],
        [
          -0.740623,
          0.220769,
          -0.634616,
          4.884014
        ],
        [
          0.03518,
          -0.930445,
          -0.364738,
          1.865776
        ],
        [
          0.0,
          0.0,
          0.0,
          1.0
        ]
      ]
    },
    {
      "file_path": "/media/NFS/ttao/scannet/posed_images/scene0106_00/00541.jpg",
      "transform_matrix": [
        [
          -0.655088,
          -0.305387,
          0.691086,
          2.553771
        ],
        [
          -0.753971,
          0.205069,
          -0.624079,
          4.896174
        ],
        [
          0.048865,
          -0.929885,
          -0.364591,
          1.87352
        ],
        [
          0.0,
          0.0,
          0.0,
          1.0
        ]
      ]
    },
    {
      "file_path": "/media/NFS/ttao/scannet/posed_images/scene0106_00/00548.jpg",
      "transform_matrix": [
        [
          -0.593732,
          -0.309459,
          0.742777,
          2.575569
        ],
        [
          -0.802494,
          0.15999,
          -0.574811,
          4.9281
        ],
        [
          0.059043,
          -0.937357,
          -0.34333,
          1.867472
        ],
        [
          0.0,
          0.0,
          0.0,
          1.0
        ]
      ]
    },
    {
      "file_path": "/media/NFS/ttao/scannet/posed_images/scene0106_00/00562.jpg",
      "transform_matrix": [
        [
          -0.464367,
          -0.348066,
          0.814379,
          2.645052
        ],
        [
          -0.882511,
          0.104593,
          -0.458513,
          5.005136
        ],
        [
          0.074415,
          -0.931617,
          -0.355742,
          1.875333
        ],
        [
          0.0,
          0.0,
          0.0,
          1.0
        ]
      ]
    },
    {
      "file_path": "/media/NFS/ttao/scannet/posed_images/scene0106_00/00567.jpg",
      "transform_matrix": [
        [
          -0.413946,
          -0.354551,
          0.838416,
          2.661992
        ],
        [
          -0.907145,
          0.084032,
          -0.412344,
          5.025481
        ],
        [
          0.075743,
          -0.931253,
          -0.356414,
          1.872879
        ],
        [
          0.0,
          0.0,
          0.0,
          1.0
        ]
      ]
    },
    {
      "file_path": "/media/NFS/ttao/scannet/posed_images/scene0106_00/00572.jpg",
      "transform_matrix": [
        [
          -0.361536,
          -0.362006,
          0.85921,
          2.677152
        ],
        [
          -0.929973,
          0.074146,
          -0.360072,
          5.044164
        ],
        [
          0.066642,
          -0.929222,
          -0.363463,
          1.871804
        ],
        [
          0.0,
          0.0,
          0.0,
          1.0
        ]
      ]
    },
    {
      "file_path": "/media/NFS/ttao/scannet/posed_images/scene0106_00/00581.jpg",
      "transform_matrix": [
        [
          -0.290302,
          -0.380327,
          0.878109,
          2.698535
        ],
        [
          -0.953824,
          0.041063,
          -0.297548,
          5.074813
        ],
        [
          0.077108,
          -0.92394,
          -0.374686,
          1.855803
        ],
        [
          0.0,
          0.0,
          0.0,
          1.0
        ]
      ]
    },
    {
      "file_path": "/media/NFS/ttao/scannet/posed_images/scene0106_00/00590.jpg",
      "transform_matrix": [
        [
          -0.226199,
          -0.398652,
          0.888769,
          2.739303
        ],
        [
          -0.9695,
          0.003753,
          -0.245062,
          5.123952
        ],
        [
          0.094359,
          -0.917095,
          -0.387342,
          1.851307
        ],
        [
          0.0,
          0.0,
          0.0,
          1.0
        ]
      ]
    },
    {
      "file_path": "/media/NFS/ttao/scannet/posed_images/scene0106_00/00595.jpg",
      "transform_matrix": [
        [
          -0.173396,
          -0.394572,
          0.902357,
          2.76006
        ],
        [
          -0.980938,
          -0.012419,
          -0.193926,
          5.154346
        ],
        [
