{
  "frames": [
    {
      "file_path": "/media/NFS/ttao/scannet/posed_images/scene0173_02/00000.jpg",
      "transform_matrix": [
        [
          0.984324,
          -0.115047,
          0.133681,
          3.655381
        ],
        [
          -0.162382,
          -0.295321,
          0.941498,
          5.470375
        ],
        [
          -0.068838,
          -0.948446,
          -0.309373,
          1.44677
        ],
        [
          0.0,
          0.0,
          0.0,
          1.0
        ]
      ]
    },
    {
      "file_path": "/media/NFS/ttao/scannet/posed_images/scene0173_02/00005.jpg",
      "transform_matrix": [
        [
          0.988241,
          -0.084654,
          0.127331,
          3.657816
        ],
        [
          -0.147219,
          -0.301836,
          0.941924,
          5.491149
        ],
        [
          -0.041304,
          -0.949594,
          -0.31075,
          1.449789
        ],
        [
          0.0,
          0.0,
          0.0,
          1.0
        ]
      ]
    },
    {
      "file_path": "/media/NFS/ttao/scannet/posed_images/scene0173_02/00009.jpg",
      "transform_matrix": [
        [
          0.99361,
          -0.057766,
          0.096963,
          3.682362
        ],
        [
          -0.109985,
          -0.302669,
          0.946729,
          5.485617
        ],
        [
          -0.025341,
          -0.951344,
          -0.307088,
          1.447855
        ],
        [
          0.0,
          0.0,
          0.0,
          1.0
        ]
      ]
    },
    {
      "file_path": "/media/NFS/ttao/scannet/posed_images/scene0173_02/00011.jpg",
      "transform_matrix": [
        [
          0.992616,
          -0.052945,
          0.109135,
          3.642533
        ],
        [
          -0.120237,
          -0.310616,
          0.9429,
          5.502521
        ],
        [
          -0.016023,
          -0.94906,
          -0.314689,
          1.453836
        ],
        [
          0.0,
          0.0,
          0.0,
          1.0
        ]
      ]
    },
    {
      "file_path": "/media/NFS/ttao/scannet/posed_images/scene0173_02/00017.jpg",
      "transform_matrix": [
        [
          0.999343,
          -0.024214,
          0.02696,
          3.648471
        ],
        [
          -0.033514,
          -0.334589,
          0.941768,
          5.478107
        ],
        [
          -0.013783,
          -0.942053,
          -0.33518,
          1.452173
        ],
        [
          0.0,
          0.0,
          0.0,
          1.0
        ]
      ]
    },
    {
      "file_path": "/media/NFS/ttao/scannet/posed_images/scene0173_02/00021.jpg",
      "transform_matrix": [
        [
          0.998966,
          -0.003457,
          -0.045335,
          3.617269
        ],
        [
          0.041851,
          -0.319756,
          0.946575,
          5.438489
        ],
        [
          -0.017769,
          -0.947494,
          -0.319281,
          1.463587
        ],
        [
          0.0,
          0.0,
          0.0,
          1.0
        ]
      ]
    },
    {
      "file_path": "/media/NFS/ttao/scannet/posed_images/scene0173_02/00025.jpg",
      "transform_matrix": [
        [
          0.991561,
          0.031104,
          -0.125858,
          3.598537
        ],
        [
          0.129312,
          -0.306703,
          0.94298,
          5.393572
        ],
        [
          -0.00927,
          -0.951297,
          -0.308137,
          1.467227
        ],
        [
          0.0,
          0.0,
          0.0,
          1.0
        ]
      ]
    },
    {
      "file_path": "/media/NFS/ttao/scannet/posed_images/scene0173_02/00027.jpg",
      "transform_matrix": [
        [
          0.983404,
          0.049724,
          -0.174484,
          3.59967
        ],
        [
          0.181284,
          -0.307967,
          0.933966,
          5.370498
        ],
        [
          -0.007294,
          -0.950097,
          -0.31187,
          1.461172
        ],
        [
          0.0,
          0.0,
          0.0,
          1.0
        ]
      ]
    },
    {
      "file_path": "/media/NFS/ttao/scannet/posed_images/scene0173_02/00032.jpg",
      "transform_matrix": [
        [
          0.944572,
          0.090022,
          -0.315721,
          3.599285
        ],
        [
          0.327577,
          -0.322429,
          0.888107,
          5.280973
        ],
        [
          -0.021848,
          -0.942304,
          -0.334046,
          1.448184
        ],
        [
          0.0,
          0.0,
          0.0,
          1.0
        ]
      ]
    },
    {
      "file_path": "/media/NFS/ttao/scannet/posed_images/scene0173_02/00034.jpg",
      "transform_matrix": [
        [
          0.920675,
          0.110127,
          -0.374471,
          3.606585
        ],
        [
          0.389514,
          -0.321166,
          0.86321,
          5.258264
        ],
        [
          -0.025205,
          -0.940598,
          -0.338586,
          1.44495
        ],
        [
          0.0,
          0.0,
          0.0,
          1.0
        ]
      ]
    },
    {
      "file_path": "/media/NFS/ttao/scannet/posed_images/scene0173_02/00042.jpg",
      "transform_matrix": [
        [
          0.856443,
          0.173427,
          -0.486238,
          3.571353
        ],
        [
          0.515879,
          -0.322776,
          0.793527,
          5.127513
        ],
        [
          -0.019327,
          -0.930451,
          -0.365907,
          1.430949
        ],
        [
          0.0,
          0.0,
          0.0,
          1.0
        ]
      ]
    },
    {
      "file_path": "/media/NFS/ttao/scannet/posed_images/scene0173_02/00043.jpg",
      "transform_matrix": [
        [
          0.845731,
          0.179985,
          -0.50234,
          3.576506
        ],
        [
          0.533341,
          -0.314993,
          0.785064,
          5.112149
        ],
        [
          -0.016934,
          -0.931872,
          -0.362393,
          1.425025
        ],
        [
          0.0,
          0.0,
          0.0,
          1.0
        ]
      ]
    },
    {
      "file_path": "/media/NFS/ttao/scannet/posed_images/scene0173_02/00050.jpg",
      "transform_matrix": [
        [
          0.802832,
          0.221526,
          -0.553522,
          3.547462
        ],
        [
          0.596148,
          -0.311146,
          0.740133,
          5.020347
        ],
        [
          -0.008267,
          -0.924183,
          -0.38186,
          1.426493
        ],
        [
          0.0,
          0.0,
          0.0,
          1.0
        ]
      ]
    },
    {
      "file_path": "/media/NFS/ttao/scannet/posed_images/scene0173_02/00051.jpg",
      "transform_matrix": [
        [
          0.792788,
          0.224836,
          -0.566512,
          3.556622
        ],
        [
          0.609413,
          -0.307899,
          0.730626,
          5.014263
        ],
        [
          -0.010158,
          -0.924471,
          -0.381117,
          1.427221
        ],
        [
          0.0,
          0.0,
          0.0,
          1.0
        ]
      ]
    },
    {
      "file_path": "/media/NFS/ttao/scannet/posed_images/scene0173_02/00057.jpg",
      "transform_matrix": [
        [
          0.739917,
          0.245738,
          -0.626207,
          3.566799
        ],
        [
          0.672619,
          -0.255937,
          0.69432,
          4.986235
        ],
        [
          0.010352,
          -0.934938,
          -0.35466,
          1.42989
        ],
        [
          0.0,
          0.0,
          0.0,
          1.0
        ]
      ]
    },
    {
      "file_path": "/media/NFS/ttao/scannet/posed_images/scene0173_02/00058.jpg",
      "transform_matrix": [
        [
          0.732128,
          0.247643,
          -0.634557,
          3.565095
        ],
        [
          0.681102,
          -0.253226,
          0.687006,
          4.983354
        ],
        [
          0.009446,
          -0.935174,
          -0.354064,
          1.430946
        ],
        [
          0.0,
          0.0,
          0.0,
          1.0
        ]
      ]
    },
    {
      "file_path": "/media/NFS/ttao/scannet/posed_images/scene0173_02/00065.jpg",
      "transform_matrix": [
        [
          0.651551,
          0.253684,
          -0.71493,
          3.558263
        ],
        [
          0.758589,
          -0.223874,
          0.611901,
          4.973685
        ],
        [
          -0.004825,
          -0.941023,
          -0.338308,
          1.435521
        ],
        [
          0.0,
          0.0,
          0.0,
          1.0
        ]
      ]
    },
    {
      "file_path": "/media/NFS/ttao/scannet/posed_images/scene0173_02/00066.jpg",
      "transform_matrix": [
        [
          0.641842,
          0.257645,
          -0.722259,
          3.562266
        ],
        [
          0.76682,
          -0.22182,
          0.602315,
          4.981159
        ],
        [
          -0.005028,
          -0.940434,
          -0.33994,
          1.436607
        ],
        [
          0.0,
          0.0,
          0.0,
          1.0
        ]
      ]
    },
    {
      "file_path": "/media/NFS/ttao/scannet/posed_images/scene0173_02/00074.jpg",
      "transform_matrix": [
        [
          0.58381,
          0.266983,
          -0.766737,
          3.555025
        ],
        [
          0.811603,
          -0.166801,
          0.559891,
          5.058945
        ],
        [
          0.021589,
          -0.949156,
          -0.314065,
          1.440235
        ],
        [
          0.0,
          0.0,
          0.0,
          1.0
        ]
      ]
    },
    {
      "file_path": "/media/NFS/ttao/scannet/posed_images/scene0173_02/00075.jpg",
      "transform_matrix": [
        [
          0.575937,
          0.270295,
          -0.771516,
          3.552653
        ],
        [
          0.817184,
          -0.164382,
          0.552438,
          5.06701
        ],
        [
          0.022498,
          -0.948641,
          -0.315555,
          1.44164
        ],
        [
          0.0,
          0.0,
          0.0,
          1.0
        ]
      ]
    },
    {
      "file_path": "/media/NFS/ttao/scannet/posed_images/scene0173_02/00080.jpg",
      "transform_matrix": [
        [
          0.561264,
          0.264885,
          -0.784104,
          3.518217
        ],
        [
          0.827278,
          -0.151642,
          0.54094,
          5.091588
        ],
        [
          0.024384,
          -0.952282,
          -0.304245,
          1.449993
        ],
        [
          0.0,
          0.0,
          0.0,
          1.0
        ]
      ]
    },
    {
      "file_path": "/media/NFS/ttao/scannet/posed_images/scene0173_02/00084.jpg",
      "transform_matrix": [
        [
          0.535372,
          0.265524,
          -0.801794,
          3.487838
        ],
        [
          0.844293,
          -0.14198,
          0.51673,
          5.11869
        ],
        [
          0.023366,
          -0.953593,
          -0.300192,
          1.455234
        ],
        [
          0.0,
          0.0,
          0.0,
          1.0
        ]
      ]
    },
    {
      "file_path": "/media/NFS/ttao/scannet/posed_images/scene0173_02/00087.jpg",
      "transform_matrix": [
        [
          0.512173,
          0.260222,
          -0.818513,
          3.452062
        ],
        [
          0.858658,
          -0.133362,
          0.494895,
          5.126408
        ],
        [
          0.019624,
          -0.956295,
          -0.291746,
          1.455779
        ],
        [
          0.0,
          0.0,
          0.0,
          1.0
        ]
      ]
    },
    {
      "file_path": "/media/NFS/ttao/scannet/posed_images/scene0173_02/00091.jpg",
      "transform_matrix": [
        [
          0.490956,
          0.244699,
          -0.836113,
          3.402436
        ],
        [
          0.87076,
          -0.107893,
          0.479725,
          5.125257
        ],
        [
          0.027178,
          -0.963578,
          -0.266045,
          1.463924
        ],
        [
          0.0,
          0.0,
          0.0,
          1.0
        ]
      ]
    },
    {
      "file_path": "/media/NFS/ttao/scannet/posed_images/scene0173_02/00097.jpg",
      "transform_matrix": [
        [
          0.457713,
          0.237265,
          -0.856857,
          3.327501
        ],
        [
          0.887575,
          -0.065512,
          0.455981,
          5.129093
        ],
        [
          0.052054,
          -0.969234,
          -0.240576,
          1.480654
        ],
        [
          0.0,
          0.0,
          0.0,
          1.0
        ]
      ]
    },
    {
      "file_path": "/media/NFS/ttao/scannet/posed_images/scene0173_02/00100.jpg",
      "transform_matrix": [
        [
          0.440129,
          0.241246,
          -0.86492,
          3.291341
        ],
        [
          0.897155,
          -0.07801,
          0.434773,
          5.111042
        ],
        [
          0.037415,
          -0.967324,
          -0.250769,
          1.471531
        ],
        [
          0.0,
          0.0,
          0.0,
          1.0
        ]
      ]
    },
    {
      "file_path": "/media/NFS/ttao/scannet/posed_images/scene0173_02/00103.jpg",
      "transform_matrix": [
        [
          0.397417,
          0.265518,
          -0.878385,
          3.265582
        ],
        [
          0.916828,
          -0.074685,
          0.392234,
          5.118108
        ],
        [
          0.038543,
          -0.961209,
          -0.273116,
          1.477755
        ],
        [
          0.0,
          0.0,
          0.0,
          1.0
        ]
      ]
    },
    {
      "file_path": "/media/NFS/ttao/scannet/posed_images/scene0173_02/00106.jpg",
      "transform_matrix": [
        [
          0.326727,
          0.266253,
          -0.90684,
          3.253089
        ],
        [
          0.944699,
          -0.063398,
          0.321753,
          5.128674
        ],
        [
          0.028176,
          -0.961816,
          -0.272243,
          1.478514
        ],
        [
          0.0,
          0.0,
          0.0,
          1.0
        ]
      ]
    },
    {
      "file_path": "/media/NFS/ttao/scannet/posed_images/scene0173_02/00110.jpg",
      "transform_matrix": [
        [
          0.235117,
          0.262474,
          -0.935856,
          3.232989
        ],
        [
          0.971297,
          -0.027709,
          0.23625,
          5.109472
        ],
        [
          0.036078,
          -0.964541,
          -0.261456,
          1.468523
        ],
        [
          0.0,
          0.0,
          0.0,
          1.0
        ]
      ]
    },
    {
      "file_path": "/media/NFS/ttao/scannet/posed_images/scene0173_02/00114.jpg",
      "transform_matrix": [
        [
          0.104402,
          0.28991,
          -0.951342,
          3.223587
        ],
        [
          0.992158,
          0.035738,
          0.119772,
          5.111808
        ],
        [
          0.068722,
          -0.956386,
          -0.283906,
          1.472868
        ],
        [
          0.0,
          0.0,
          0.0,
          1.0
        ]
      ]
    },
    {
      "file_path": "/media/NFS/ttao/scannet/posed_images/scene0173_02/00118.jpg",
      "transform_matrix": [
        [
          -0.030393,
          0.316349,
          -0.948156,
          3.217066
        ],
        [
          0.997376,
          0.071954,
          -0.007964,
          5.124577
        ],
        [
          0.065704,
          -0.94591,
          -0.317706,
          1.478335
        ],
        [
          0.0,
          0.0,
          0.0,
          1.0
        ]
      ]
    },
    {
      "file_path": "/media/NFS/ttao/scannet/posed_images/scene0173_02/00125.jpg",
      "transform_matrix": [
        [
          -0.222609,
          0.329374,
          -0.917583,
          3.225087
        ],
        [
          0.97197,
          0.147988,
          -0.182682,
          5.132912
        ],
        [
          0.075621,
          -0.93253,
          -0.353085,
          1.46848
        ],
        [
          0.0,
          0.0,
          0.0,
          1.0
        ]
      ]
    },
    {
      "file_path": "/media/NFS/ttao/scannet/posed_images/scene0173_02/00126.jpg",
      "transform_matrix": [
        [
          -0.244413,
          0.331146,
          -0.911375,
          3.225526
        ],
        [
          0.966948,
          0.153625,
          -0.203497,
          5.134669
        ],
        [
          0.072623,
          -0.93099,
          -0.357749,
          1.470673
        ],
        [
          0.0,
          0.0,
          0.0,
          1.0
        ]
      ]
    },
    {
      "file_path": "/media/NFS/ttao/scannet/posed_images/scene0173_02/00131.jpg",
      "transform_matrix": [
        [
          -0.318989,
          0.324697,
          -0.890403,
          3.26391
        ],
        [
          0.946232,
          0.162405,
          -0.279767,
          5.114792
        ],
        [
          0.053766,
          -0.93177,
          -0.359045,
          1.45158
        ],
        [
          0.0,
          0.0,
          0.0,
          1.0
        ]
      ]
    },
    {
      "file_path": "/media/NFS/ttao/scannet/posed_images/scene0173_02/00134.jpg",
      "transform_matrix": [
        [
          -0.357929,
          0.32153,
          -0.876644,
          3.276237
        ],
        [
          0.932037,
          0.179842,
          -0.314584,
          5.105
        ],
        [
          0.05651,
          -0.929664,
          -0.364049,
          1.453616
        ],
        [
          0.0,
          0.0,
          0.0,
          1.0
        ]
      ]
    },
    {
      "file_path": "/media/NFS/ttao/scannet/posed_images/scene0173_02/00140.jpg",
      "transform_matrix": [
        [
          -0.394521,
          0.301391,
          -0.868053,
          3.318193
        ],
        [
          0.917294,
          0.184786,
          -0.352742,
          5.06643
        ],
        [
          0.05409,
          -0.935424,
          -0.349366,
          1.453215
        ],
        [
          0.0,
          0.0,
          0.0,
          1.0
        ]
      ]
    },
    {
      "file_path": "/media/NFS/ttao/scannet/posed_images/scene0173_02/00141.jpg",
      "transform_matrix": [
        [
          -0.400459,
          0.299154,
          -0.866106,
          3.32595
        ],
        [
          0.914523,
          0.189575,
          -0.357366,
          5.055873
        ],
        [
          0.057285,
          -0.935183,
          -0.3495,
          1.45208
        ],
        [
          0.0,
          0.0,
          0.0,
          1.0
        ]
      ]
    },
    {
      "file_path": "/media/NFS/ttao/scannet/posed_images/scene0173_02/00148.jpg",
      "transform_matrix": [
        [
          -0.462515,
          0.29736,
          -0.835259,
          3.37035
        ],
        [
          0.884104,
          0.22549,
          -0.409286,
          5.008759
        ],
        [
          0.066637,
          -0.927756,
          -0.36719,
          1.436101
        ],
        [
          0.0,
          0.0,
          0.0,
          1.0
        ]
      ]
    },
    {
      "file_path": "/media/NFS/ttao/scannet/posed_images/scene0173_02/00150.jpg",
      "transform_matrix": [
        [
          -0.487637,
          0.296179,
          -0.821272,
          3.385704
        ],
        [
          0.870799,
          0.232465,
          -0.433209,
          4.997814
        ],
        [
          0.06261,
          -0.926411,
          -0.371271,
          1.435411
        ],
        [
          0.0,
          0.0,
          0.0,
          1.0
        ]
      ]
    },
    {
      "file_path": "/media/NFS/ttao/scannet/posed_images/scene0173_02/00157.jpg",
      "transform_matrix": [
        [
          -0.584139,
          0.281292,
          -0.761352,
          3.437624
        ],
        [
          0.809074,
          0.276527,
          -0.518587,
          4.955233
        ],
        [
          0.06466,
          -0.918917,
          -0.389116,
          1.427432
        ],
        [
          0.0,
          0.0,
          0.0,
          1.0
        ]
      ]
    },
    {
      "file_path": "/media/NFS/ttao/scannet/posed_images/scene0173_02/00158.jpg",
      "transform_matrix": [
        [
          -0.595019,
          0.279165,
          -0.75367,
          3.444722
        ],
        [
          0.800993,
          0.283041,
          -0.527539,
          4.94961
        ],
        [
          0.066049,
          -0.917581,
          -0.392025,
          1.424413
        ],
        [
          0.0,
          0.0,
          0.0,
          1.0
        ]
      ]
    },
    {
      "file_path": "/media/NFS/ttao/scannet/posed_images/scene0173_02/00164.jpg",
      "transform_matrix": [
        [
          -0.656398,
          0.274804,
          -0.702585,
          3.482769
        ],
        [
          0.751383,
          0.321547,
          -0.576221,
          4.910473
        ],
        [
          0.067567,
          -0.90614,
          -0.417546,
          1.405758
        ],
        [
          0.0,
          0.0,
          0.0,
          1.0
        ]
      ]
    },
    {
      "file_path": "/media/NFS/ttao/scannet/posed_images/scene0173_02/00169.jpg",
      "transform_matrix": [
        [
          -0.718412,
          0.241951,
          -0.652184,
          3.496315
        ],
        [
          0.691382,
          0.351662,
          -0.631129,
          4.888243
        ],
        [
          0.076646,
          -0.904319,
          -0.419919,
          1.401186
        ],
        [
          0.0,
          0.0,
          0.0,
          1.0
        ]
      ]
    },
    {
      "file_path": "/media/NFS/ttao/scannet/posed_images/scene0173_02/00170.jpg",
      "transform_matrix": [
        [
          -0.732902,
          0.236587,
          -0.637873,
          3.493722
        ],
        [
          0.676193,
          0.356614,
          -0.644663,
          4.880026
        ],
        [
          0.074956,
          -0.903799,
          -0.421341,
          1.404025
        ],
        [
          0.0,
          0.0,
          0.0,
          1.0
        ]
      ]
    },
    {
      "file_path": "/media/NFS/ttao/scannet/posed_images/scene0173_02/00176.jpg",
      "transform_matrix": [
        [
          -0.815367,
          0.188491,
          -0.547401,
          3.493402
        ],
        [
          0.573984,
          0.386695,
          -0.721809,
          4.855485
        ],
        [
          0.075622,
          -0.902739,
          -0.423489,
          1.401081
        ],
        [
          0.0,
          0.0,
          0.0,
          1.0
        ]
      ]
    },
    {
      "file_path": "/media/NFS/ttao/scannet/posed_images/scene0173_02/00177.jpg",
      "transform_matrix": [
        [
          -0.828733,
          0.180104,
          -0.529872,
          3.488975
        ],
        [
          0.554849,
          0.388095,
          -0.735883,
          4.854992
        ],
        [
          0.073105,
          -0.90385,
          -0.421558,
          1.402341
        ],
        [
          0.0,
          0.0,
          0.0,
          1.0
        ]
      ]
    },
    {
      "file_path": "/media/NFS/ttao/scannet/posed_images/scene0173_02/00183.jpg",
      "transform_matrix": [
        [
          -0.898713,
          0.115892,
          -0.422946,
          3.469996
        ],
        [
          0.431703,
          0.403394,
          -0.806787,
          4.827136
        ],
        [
          0.077114,
          -0.907658,
          -0.412566,
          1.412527
        ],
        [
          0.0,
          0.0,
          0.0,
          1.0
        ]
      ]
    },
    {
      "file_path": "/media/NFS/ttao/scannet/posed_images/scene0173_02/00185.jpg",
      "transform_matrix": [
        [
          -0.914831,
          0.087818,
          -0.394172,
          3.46735
        ],
        [
          0.394452,
          0.403506,
          -0.825585,
          4.81892
        ],
        [
          0.086549,
          -0.910753,
          -0.40378,
          1.412694
        ],
        [
          0.0,
          0.0,
          0.0,
          1.0
        ]
      ]
    },
    {
      "file_path": "/media/NFS/ttao/scannet/posed_images/scene0173_02/00192.jpg",
      "transform_matrix": [
        [
          -0.962745,
          0.036145,
          -0.267985,
          3.445394
        ],
        [
          0.257258,
          0.427752,
          -0.866514,
          4.786442
        ],
        [
          0.083311,
          -0.903173,
          -0.421115,
          1.411193
        ],
        [
          0.0,
          0.0,
          0.0,
          1.0
        ]
      ]
    },
    {
      "file_path": "/media/NFS/ttao/scannet/posed_images/scene0173_02/00196.jpg",
      "transform_matrix": [
        [
          -0.977519,
          0.006358,
          -0.210749,
          3.446676
        ],
        [
          0.192143,
          0.438424,
          -0.877989,
          4.773359
        ],
        [
          0.086815,
          -0.898746,
          -0.42979,
          1.409635
        ],
        [
          0.0,
          0.0,
          0.0,
          1.0
        ]
      ]
    },
    {
      "file_path": "/media/NFS/ttao/scannet/posed_images/scene0173_02/00197.jpg",
      "transform_matrix": [
        [
          -0.980603,
          0.000495,
          -0.196003,
          3.4478
        ],
        [
          0.175942,
          0.442943,
          -0.879117,
          4.770683
        ],
        [
          0.086383,
          -0.89655,
          -0.434438,
          1.409961
        ],
        [
          0.0,
          0.0,
          0.0,
          1.0
        ]
      ]
    },
    {
      "file_path": "/media/NFS/ttao/scannet/posed_images/scene0173_02/00204.jpg",
      "transform_matrix": [
        [
          -0.992447,
          -0.060346,
          -0.106799,
          3.460993
        ],
        [
          0.066964,
          0.46294,
          -0.883856,
          4.731762
        ],
        [
          0.102778,
          -0.884333,
          -0.455403,
          1.407762
        ],
        [
          0.0,
          0.0,
          0.0,
          1.0
        ]
      ]
    },
    {
      "file_path": "/media/NFS/ttao/scannet/posed_images/scene0173_02/00205.jpg",
      "transform_matrix": [
        [
          -0.992218,
          -0.065131,
          -0.106121,
          3.472714
        ],
        [
          0.064393,
          0.461054,
          -0.885032,
          4.724224
        ],
        [
          0.10657,
          -0.884978,
          -0.453273,
          1.409244
        ],
        [
          0.0,
          0.0,
          0.0,
          1.0
        ]
      ]
    },
    {
      "file_path": "/media/NFS/ttao/scannet/posed_images/scene0173_02/00211.jpg",
      "transform_matrix": [
        [
          -0.991412,
          -0.101463,
          -0.082495,
          3.521211
        ],
        [
          0.032469,
          0.420098,
          -0.906897,
          4.690176
        ],
        [
          0.126672,
          -0.901789,
          -0.413196,
          1.404645
        ],
        [
          0.0,
          0.0,
          0.0,
          1.0
        ]
      ]
    },
    {
      "file_path": "/media/NFS/ttao/scannet/posed_images/scene0173_02/00212.jpg",
      "transform_matrix": [
        [
          -0.990858,
          -0.107975,
          -0.08087,
          3.530088
        ],
        [
          0.028413,
          0.418991,
          -0.907545,
          4.683374
        ],
        [
          0.131876,
          -0.901547,
          -0.412094,
          1.40476
        ],
        [
          0.0,
          0.0,
          0.0,
          1.0
        ]
      ]
    },
    {
      "file_path": "/media/NFS/ttao/scannet/posed_images/scene0173_02/00217.jpg",
      "transform_matrix": [
        [
          -0.98978,
          -0.130251,
          -0.058044,
          3.58319
        ],
        [
          0.001118,
          0.399943,
          -0.916539,
          4.645469
        ],
        [
          0.142595,
          -0.907238,
          -0.39571,
          1.414177
        ],
        [
          0.0,
          0.0,
          0.0,
          1.0
        ]
      ]
    },
    {
      "file_path": "/media/NFS/ttao/scannet/posed_images/scene0173_02/00223.jpg",
      "transform_matrix": [
        [
          -0.990128,
          -0.140161,
          -0.001508,
          3.669707
        ],
        [
          -0.052704,
          0.382234,
          -0.922561,
          4.611457
        ],
        [
          0.129883,
          -0.913374,
          -0.385848,
          1.417807
        ],
        [
          0.0,
          0.0,
          0.0,
          1.0
        ]
      ]
    },
    {
      "file_path": "/media/NFS/ttao/scannet/posed_images/scene0173_02/00227.jpg",
      "transform_matrix": [
        [
          -0.987352,
          -0.151362,
          0.047174,
          3.700589
        ],
        [
          -0.101012,
          0.371235,
          -0.923028,
          4.605669
        ],
        [
          0.122199,
          -0.916119,
          -0.381829,
          1.417495
        ],
        [
          0.0,
          0.0,
          0.0,
          1.0
        ]
      ]
    },
    {
      "file_path": "/media/NFS/ttao/scannet/posed_images/scene0173_02/00229.jpg",
      "transform_matrix": [
        [
          -0.984494,
          -0.160079,
          0.071734,
          3.714494
        ],
        [
          -0.128229,
          0.377681,
          -0.917014,
          4.599262
        ],
        [
          0.119702,
          -0.911993,
          -0.392352,
          1.422493
        ],
        [
          0.0,
          0.0,
          0.0,
          1.0
        ]
      ]
    },
    {
      "file_path": "/media/NFS/ttao/scannet/posed_images/scene0173_02/00235.jpg",
      "transform_matrix": [
        [
          -0.972681,
          -0.186019,
          0.138881,
          3.779125
        ],
        [
          -0.198718,
          0.357914,
          -0.912364,
          4.579882
        ],
        [
          0.12001,
          -0.915038,
          -0.385101,
          1.419804
        ],
        [
          0.0,
          0.0,
          0.0,
          1.0
        ]
      ]
    },
    {
      "file_path": "/media/NFS/ttao/scannet/posed_images/scene0173_02/00240.jpg",
      "transform_matrix": [
        [
          -0.954065,
          -0.204408,
          0.219034,
          3.823133
        ],
        [
          -0.280424,
          0.351939,
          -0.893029,
          4.568689
        ],
        [
          0.105456,
          -0.913431,
          -0.393094,
          1.410256
        ],
        [
          0.0,
          0.0,
          0.0,
          1.0
        ]
      ]
    },
    {
      "file_path": "/media/NFS/ttao/scannet/posed_images/scene0173_02/00242.jpg",
      "transform_matrix": [
        [
          -0.944853,
          -0.214224,
          0.24771,
          3.831993
        ],
        [
          -0.311616,
          0.355428,
          -0.88123,
          4.558771
        ],
        [
          0.100737,
          -0.909824,
          -0.402583,
          1.408901
        ],
        [
          0.0,
          0.0,
          0.0,
          1.0
        ]
      ]
    },
    {
      "file_path": "/media/NFS/ttao/scannet/posed_images/scene0173_02/00247.jpg",
      "transform_matrix": [
        [
          -0.899417,
          -0.240904,
          0.364711,
          3.838379
        ],
        [
          -0.428678,
          0.323246,
          -0.843651,
          4.532238
        ],
        [
          0.085348,
          -0.915138,
          -0.394004,
          1.41541
        ],
        [
          0.0,
          0.0,
          0.0,
          1.0
        ]
      ]
    },
    {
      "file_path": "/media/NFS/ttao/scannet/posed_images/scene0173_02/00252.jpg",
      "transform_matrix": [
        [
          -0.854503,
          -0.283649,
          0.435164,
          3.875838
        ],
        [
          -0.50896,
          0.289714,
          -0.810571,
          4.525918
        ],
        [
          0.103845,
          -0.914116,
          -0.391928,
          1.394194
        ],
        [
          0.0,
          0.0,
          0.0,
          1.0
        ]
      ]
    },
    {
      "file_path": "/media/NFS/ttao/scannet/posed_images/scene0173_02/00254.jpg",
      "transform_matrix": [
        [
          -0.825063,
          -0.299709,
          0.479004,
          3.875
        ],
        [
          -0.556278,
          0.282125,
          -0.78164,
          4.515975
        ],
        [
          0.099126,
          -0.911362,
          -0.399493,
          1.392784
        ],
        [
          0.0,
          0.0,
          0.0,
          1.0
        ]
      ]
    },
    {
      "file_path": "/media/NFS/ttao/scannet/posed_images/scene0173_02/00259.jpg",
      "transform_matrix": [
        [
          -0.739709,
          -0.356019,
          0.571035,
          3.876673
        ],
        [
          -0.663987,
          0.24829,
          -0.705317,
          4.505398
        ],
        [
          0.109324,
          -0.90089,
          -0.420054,
          1.384372
        ],
        [
          0.0,
          0.0,
          0.0,
          1.0
        ]
      ]
    },
    {
      "file_path": "/media/NFS/ttao/scannet/posed_images/scene0173_02/00264.jpg",
      "transform_matrix": [
        [
          -0.644666,
          -0.391577,
          0.656561,
          3.873936
        ],
        [
          -0.757401,
          0.210684,
          -0.618026,
          4.50812
        ],
        [
          0.103678,
          -0.895701,
          -0.432402,
          1.378089
        ],
        [
          0.0,
          0.0,
          0.0,
          1.0
        ]
      ]
    },
    {
      "file_path": "/media/NFS/ttao/scannet/posed_images/scene0173_02/00266.jpg",
      "transform_matrix": [
        [
          -0.61147,
          -0.395015,
          0.685614,
          3.871142
        ],
        [
          -0.785635,
          0.19988,
          -0.585513,
          4.513414
        ],
        [
          0.094246,
          -0.896666,
          -0.432559,
          1.380828
        ],
        [
          0.0,
          0.0,
          0.0,
          1.0
        ]
      ]
    },
    {
      "file_path": "/media/NFS/ttao/scannet/posed_images/scene0173_02/00268.jpg",
      "transform_matrix": [
        [
          -0.574455,
          -0.400537,
          0.713842,
          3.863971
        ],
        [
          -0.813922,
          0.187051,
          -0.550038,
          4.517907
        ],
        [
          0.086786,
          -0.896985,
          -0.433459,
          1.379284
        ],
        [
          0.0,
          0.0,
          0.0,
          1.0
        ]
      ]
    },
    {
      "file_path": "/media/NFS/ttao/scannet/posed_images/scene0173_02/00275.jpg",
      "transform_matrix": [
        [
          -0.476193,
          -0.414771,
          0.775374,
          3.866751
        ],
        [
          -0.878054,
          0.176603,
          -0.444783,
          4.535585
        ],
        [
          0.04755,
          -0.892623,
          -0.448289,
          1.38488
        ],
        [
          0.0,
          0.0,
          0.0,
          1.0
        ]
      ]
    },
    {
      "file_path": "/media/NFS/ttao/scannet/posed_images/scene0173_02/00277.jpg",
      "transform_matrix": [
        [
          -0.462391,
          -0.40652,
          0.787995,
          3.860589
        ],
        [
          -0.885605,
          0.168079,
          -0.432958,
          4.5396
        ],
        [
          0.043561,
          -0.898048,
          -0.437734,
          1.389239
        ],
        [
          0.0,
          0.0,
          0.0,
          1.0
        ]
      ]
    },
    {
      "file_path": "/media/NFS/ttao/scannet/posed_images/scene0173_02/00283.jpg",
      "transform_matrix": [
        [
          -0.456724,
          -0.371834,
          0.808173,
          3.840856
        ],
        [
          -0.887747,
          0.131753,
          -0.441075,
          4.568911
        ],
        [
          0.057527,
          -0.918902,
          -0.390269,
          1.409948
        ],
        [
          0.0,
          0.0,
          0.0,
          1.0
        ]
      ]
    },
    {
      "file_path": "/media/NFS/ttao/scannet/posed_images/scene0173_02/00287.jpg",
      "transform_matrix": [
        [
          -0.455706,
          -0.35168,
          0.817712,
          3.818095
        ],
        [
          -0.88773,
          0.112136,
          -0.4465,
          4.6021
        ],
        [
          0.06533,
          -0.92938,
          -0.363297,
          1.411078
        ],
        [
          0.0,
          0.0,
          0.0,
          1.0
        ]
      ]
    },
    {
      "file_path": "/media/NFS/ttao/scannet/posed_images/scene0173_02/00288.jpg",
      "transform_matrix": [
        [
          -0.453641,
          -0.352559,
          0.818482,
          3.814714
        ],
        [
          -0.888734,
          0.110909,
          -0.444804,
          4.608804
        ],
        [
          0.066042,
          -0.929194,
          -0.363644,
          1.410482
        ],
        [
          0.0,
          0.0,
          0.0,
          1.0
        ]
      ]
    },
    {
      "file_path": "/media/NFS/ttao/scannet/posed_images/scene0173_02/00292.jpg",
      "transform_matrix": [
        [
          -0.431914,
          -0.368516,
          0.823193,
          3.799454
        ],
        [
          -0.898712,
          0.098996,
          -0.42722,
          4.636864
        ],
        [
          0.075945,
          -0.924335,
          -0.373947,
          1.407947
        ],
        [
          0.0,
          0.0,
          0.0,
          1.0
        ]
      ]
    },
    {
      "file_path": "/media/NFS/ttao/scannet/posed_images/scene0173_02/00296.jpg",
      "transform_matrix": [
        [
          -0.396698,
          -0.37443,
          0.838113,
          3.779182
        ],
        [
          -0.914941,
          0.087434,
          -0.394002,
          4.674009
        ],
        [
          0.074247,
          -0.923124,
          -0.377266,
          1.411399
        ],
        [
          0.0,
          0.0,
          0.0,
          1.0
        ]
      ]
    },
    {
      "file_path": "/media/NFS/ttao/scannet/posed_images/scene0173_02/00300.jpg",
      "transform_matrix": [
        [
          -0.341581,
          -0.368448,
          0.86462,
          3.763972
        ],
        [
          -0.937637,
          0.070469,
          -0.340398,
          4.72442
        ],
        [
          0.06449,
          -0.926974,
          -0.369542,
          1.406582
        ],
        [
          0.0,
          0.0,
          0.0,
          1.0
        ]
      ]
    },
    {
      "file_path": "/media/NFS/ttao/scannet/posed_images/scene0173_02/00305.jpg",
      "transform_matrix": [
        [
          -0.227096,
          -0.383571,
          0.895154,
          3.73679
        ],
        [
          -0.972318,
          0.037385,
          -0.230652,
          4.774755
        ],
        [
          0.055007,
          -0.922755,
          -0.381443,
          1.397852
        ],
