{
  "frames": [
    {
      "file_path": "/media/NFS/ttao/scannet/posed_images/scene0398_01/00001.jpg",
      "transform_matrix": [
        [
          0.602625,
          0.193206,
          -0.774284,
          3.175873
        ],
        [
          0.79714,
          -0.191415,
          0.57265,
          1.895469
        ],
        [
          -0.03757,
          -0.962306,
          -0.269363,
          1.457474
        ],
        [
          0.0,
          0.0,
          0.0,
          1.0
        ]
      ]
    },
    {
      "file_path": "/media/NFS/ttao/scannet/posed_images/scene0398_01/00002.jpg",
      "transform_matrix": [
        [
          0.603747,
          0.194252,
          -0.773147,
          3.177816
        ],
        [
          0.79629,
          -0.192668,
          0.573412,
          1.897668
        ],
        [
          -0.037574,
          -0.961845,
          -0.271004,
          1.456129
        ],
        [
          0.0,
          0.0,
          0.0,
          1.0
        ]
      ]
    },
    {
      "file_path": "/media/NFS/ttao/scannet/posed_images/scene0398_01/00006.jpg",
      "transform_matrix": [
        [
          0.61084,
          0.200695,
          -0.765895,
          3.180381
        ],
        [
          0.789862,
          -0.221303,
          0.571964,
          1.926477
        ],
        [
          -0.054705,
          -0.95433,
          -0.293702,
          1.45681
        ],
        [
          0.0,
          0.0,
          0.0,
          1.0
        ]
      ]
    },
    {
      "file_path": "/media/NFS/ttao/scannet/posed_images/scene0398_01/00009.jpg",
      "transform_matrix": [
        [
          0.610842,
          0.192636,
          -0.76796,
          3.182175
        ],
        [
          0.788833,
          -0.231285,
          0.569429,
          1.944639
        ],
        [
          -0.067925,
          -0.953624,
          -0.293236,
          1.460036
        ],
        [
          0.0,
          0.0,
          0.0,
          1.0
        ]
      ]
    },
    {
      "file_path": "/media/NFS/ttao/scannet/posed_images/scene0398_01/00011.jpg",
      "transform_matrix": [
        [
          0.613435,
          0.193052,
          -0.765786,
          3.17884
        ],
        [
          0.786994,
          -0.230295,
          0.572367,
          1.945111
        ],
        [
          -0.06586,
          -0.953779,
          -0.293202,
          1.46316
        ],
        [
          0.0,
          0.0,
          0.0,
          1.0
        ]
      ]
    },
    {
      "file_path": "/media/NFS/ttao/scannet/posed_images/scene0398_01/00013.jpg",
      "transform_matrix": [
        [
          0.613508,
          0.191722,
          -0.766061,
          3.179175
        ],
        [
          0.786615,
          -0.233871,
          0.571438,
          1.955874
        ],
        [
          -0.069602,
          -0.953177,
          -0.294294,
          1.463649
        ],
        [
          0.0,
          0.0,
          0.0,
          1.0
        ]
      ]
    },
    {
      "file_path": "/media/NFS/ttao/scannet/posed_images/scene0398_01/00017.jpg",
      "transform_matrix": [
        [
          0.619827,
          0.201021,
          -0.758555,
          3.179574
        ],
        [
          0.781641,
          -0.243955,
          0.574042,
          1.985859
        ],
        [
          -0.069659,
          -0.948724,
          -0.308336,
          1.466544
        ],
        [
          0.0,
          0.0,
          0.0,
          1.0
        ]
      ]
    },
    {
      "file_path": "/media/NFS/ttao/scannet/posed_images/scene0398_01/00019.jpg",
      "transform_matrix": [
        [
          0.623736,
          0.193866,
          -0.757212,
          3.181473
        ],
        [
          0.778453,
          -0.241409,
          0.579425,
          1.995909
        ],
        [
          -0.070467,
          -0.950862,
          -0.301491,
          1.461623
        ],
        [
          0.0,
          0.0,
          0.0,
          1.0
        ]
      ]
    },
    {
      "file_path": "/media/NFS/ttao/scannet/posed_images/scene0398_01/00020.jpg",
      "transform_matrix": [
        [
          0.624123,
          0.196958,
          -0.756094,
          3.177272
        ],
        [
          0.778463,
          -0.239529,
          0.580191,
          1.996893
        ],
        [
          -0.066833,
          -0.950701,
          -0.30282,
          1.464424
        ],
        [
          0.0,
          0.0,
          0.0,
          1.0
        ]
      ]
    },
    {
      "file_path": "/media/NFS/ttao/scannet/posed_images/scene0398_01/00024.jpg",
      "transform_matrix": [
        [
          0.619174,
          0.204921,
          -0.758044,
          3.168058
        ],
        [
          0.783451,
          -0.22659,
          0.578673,
          2.018074
        ],
        [
          -0.053183,
          -0.95219,
          -0.300844,
          1.465847
        ],
        [
          0.0,
          0.0,
          0.0,
          1.0
        ]
      ]
    },
    {
      "file_path": "/media/NFS/ttao/scannet/posed_images/scene0398_01/00025.jpg",
      "transform_matrix": [
        [
          0.618819,
          0.205779,
          -0.758102,
          3.163309
        ],
        [
          0.783971,
          -0.222635,
          0.579503,
          2.025572
        ],
        [
          -0.04953,
          -0.952937,
          -0.299096,
          1.466798
        ],
        [
          0.0,
          0.0,
          0.0,
          1.0
        ]
      ]
    },
    {
      "file_path": "/media/NFS/ttao/scannet/posed_images/scene0398_01/00029.jpg",
      "transform_matrix": [
        [
          0.613198,
          0.200069,
          -0.764174,
          3.14289
        ],
        [
          0.788488,
          -0.213454,
          0.576823,
          2.048004
        ],
        [
          -0.047712,
          -0.956248,
          -0.288641,
          1.463844
        ],
        [
          0.0,
          0.0,
          0.0,
          1.0
        ]
      ]
    },
    {
      "file_path": "/media/NFS/ttao/scannet/posed_images/scene0398_01/00031.jpg",
      "transform_matrix": [
        [
          0.617345,
          0.204694,
          -0.759596,
          3.134962
        ],
        [
          0.785105,
          -0.221619,
          0.578356,
          2.045577
        ],
        [
          -0.049955,
          -0.953407,
          -0.297522,
          1.448955
        ],
        [
          0.0,
          0.0,
          0.0,
          1.0
        ]
      ]
    },
    {
      "file_path": "/media/NFS/ttao/scannet/posed_images/scene0398_01/00034.jpg",
      "transform_matrix": [
        [
          0.628941,
          0.226868,
          -0.743616,
          3.096624
        ],
        [
          0.77622,
          -0.237084,
          0.584186,
          2.06754
        ],
        [
          -0.043766,
          -0.944628,
          -0.325211,
          1.448982
        ],
        [
          0.0,
          0.0,
          0.0,
          1.0
        ]
      ]
    },
    {
      "file_path": "/media/NFS/ttao/scannet/posed_images/scene0398_01/00037.jpg",
      "transform_matrix": [
        [
          0.651358,
          0.232754,
          -0.722189,
          3.047336
        ],
        [
          0.757996,
          -0.242584,
          0.605471,
          2.090736
        ],
        [
          -0.034266,
          -0.941796,
          -0.334436,
          1.446822
        ],
        [
          0.0,
          0.0,
          0.0,
          1.0
        ]
      ]
    },
    {
      "file_path": "/media/NFS/ttao/scannet/posed_images/scene0398_01/00038.jpg",
      "transform_matrix": [
        [
          0.662033,
          0.230943,
          -0.713006,
          3.030285
        ],
        [
          0.748709,
          -0.246788,
          0.615249,
          2.095068
        ],
        [
          -0.033874,
          -0.941149,
          -0.336291,
          1.443889
        ],
        [
          0.0,
          0.0,
          0.0,
          1.0
        ]
      ]
    },
    {
      "file_path": "/media/NFS/ttao/scannet/posed_images/scene0398_01/00042.jpg",
      "transform_matrix": [
        [
          0.705182,
          0.222529,
          -0.673201,
          2.958761
        ],
        [
          0.708867,
          -0.241431,
          0.662736,
          2.105246
        ],
        [
          -0.015053,
          -0.944559,
          -0.327996,
          1.440764
        ],
        [
          0.0,
          0.0,
          0.0,
          1.0
        ]
      ]
    },
    {
      "file_path": "/media/NFS/ttao/scannet/posed_images/scene0398_01/00043.jpg",
      "transform_matrix": [
        [
          0.713827,
          0.210588,
          -0.667909,
          2.941483
        ],
        [
          0.700105,
          -0.238318,
          0.673096,
          2.106669
        ],
        [
          -0.017428,
          -0.948081,
          -0.317551,
          1.433282
        ],
        [
          0.0,
          0.0,
          0.0,
          1.0
        ]
      ]
    },
    {
      "file_path": "/media/NFS/ttao/scannet/posed_images/scene0398_01/00047.jpg",
      "transform_matrix": [
        [
          0.731919,
          0.202777,
          -0.65052,
          2.860362
        ],
        [
          0.680414,
          -0.268618,
          0.681822,
          2.127745
        ],
        [
          -0.036483,
          -0.941661,
          -0.334579,
          1.440041
        ],
        [
          0.0,
          0.0,
          0.0,
          1.0
        ]
      ]
    },
    {
      "file_path": "/media/NFS/ttao/scannet/posed_images/scene0398_01/00050.jpg",
      "transform_matrix": [
        [
          0.748198,
          0.194991,
          -0.634175,
          2.8035
        ],
        [
          0.662275,
          -0.276972,
          0.696189,
          2.132098
        ],
        [
          -0.039898,
          -0.940885,
          -0.336367,
          1.444781
        ],
        [
          0.0,
          0.0,
          0.0,
          1.0
        ]
      ]
    },
    {
      "file_path": "/media/NFS/ttao/scannet/posed_images/scene0398_01/00053.jpg",
      "transform_matrix": [
        [
          0.754409,
          0.194476,
          -0.626934,
          2.756463
        ],
        [
          0.654337,
          -0.29856,
          0.69477,
          2.147702
        ],
        [
          -0.052062,
          -0.934367,
          -0.352489,
          1.443214
        ],
        [
          0.0,
          0.0,
          0.0,
          1.0
        ]
      ]
    },
    {
      "file_path": "/media/NFS/ttao/scannet/posed_images/scene0398_01/00054.jpg",
      "transform_matrix": [
        [
          0.756894,
          0.198896,
          -0.622536,
          2.72549
        ],
        [
          0.651474,
          -0.305252,
          0.694552,
          2.163851
        ],
        [
          -0.051887,
          -0.931269,
          -0.360619,
          1.449359
        ],
        [
          0.0,
          0.0,
          0.0,
          1.0
        ]
      ]
    },
    {
      "file_path": "/media/NFS/ttao/scannet/posed_images/scene0398_01/00057.jpg",
      "transform_matrix": [
        [
          0.765498,
          0.19305,
          -0.613795,
          2.682041
        ],
        [
          0.641583,
          -0.301405,
          0.705356,
          2.183607
        ],
        [
          -0.048832,
          -0.933749,
          -0.354583,
          1.444966
        ],
        [
          0.0,
          0.0,
          0.0,
          1.0
        ]
      ]
    },
    {
      "file_path": "/media/NFS/ttao/scannet/posed_images/scene0398_01/00059.jpg",
      "transform_matrix": [
        [
          0.767979,
          0.195341,
          -0.609959,
          2.653695
        ],
        [
          0.638525,
          -0.307771,
          0.705381,
          2.200552
        ],
        [
          -0.049938,
          -0.931192,
          -0.361092,
          1.444106
        ],
        [
          0.0,
          0.0,
          0.0,
          1.0
        ]
      ]
    },
    {
      "file_path": "/media/NFS/ttao/scannet/posed_images/scene0398_01/00063.jpg",
      "transform_matrix": [
        [
          0.77111,
          0.177104,
          -0.611574,
          2.594466
        ],
        [
          0.63385,
          -0.304346,
          0.711061,
          2.240451
        ],
        [
          -0.060198,
          -0.935953,
          -0.346942,
          1.437668
        ],
        [
          0.0,
          0.0,
          0.0,
          1.0
        ]
      ]
    },
    {
      "file_path": "/media/NFS/ttao/scannet/posed_images/scene0398_01/00064.jpg",
      "transform_matrix": [
        [
          0.77002,
          0.171227,
          -0.614614,
          2.581663
        ],
        [
          0.634215,
          -0.310475,
          0.70808,
          2.25008
        ],
        [
          -0.06958,
          -0.935033,
          -0.347667,
          1.434073
        ],
        [
          0.0,
          0.0,
          0.0,
          1.0
        ]
      ]
    },
    {
      "file_path": "/media/NFS/ttao/scannet/posed_images/scene0398_01/00068.jpg",
      "transform_matrix": [
        [
          0.765992,
          0.162449,
          -0.621986,
          2.51669
        ],
        [
          0.637661,
          -0.3147,
          0.703102,
          2.311241
        ],
        [
          -0.08152,
          -0.935187,
          -0.344645,
          1.454167
        ],
        [
          0.0,
          0.0,
          0.0,
          1.0
        ]
      ]
    },
    {
      "file_path": "/media/NFS/ttao/scannet/posed_images/scene0398_01/00071.jpg",
      "transform_matrix": [
        [
          0.755727,
          0.142873,
          -0.639112,
          2.479193
        ],
        [
          0.645356,
          -0.328363,
          0.689705,
          2.340643
        ],
        [
          -0.11132,
          -0.933683,
          -0.340357,
          1.45021
        ],
        [
          0.0,
          0.0,
          0.0,
          1.0
        ]
      ]
    },
    {
      "file_path": "/media/NFS/ttao/scannet/posed_images/scene0398_01/00072.jpg",
      "transform_matrix": [
        [
          0.751785,
          0.14873,
          -0.642416,
          2.463081
        ],
        [
          0.649308,
          -0.336826,
          0.68187,
          2.355156
        ],
        [
          -0.114968,
          -0.929746,
          -0.349793,
          1.458708
        ],
        [
          0.0,
          0.0,
          0.0,
          1.0
        ]
      ]
    },
    {
      "file_path": "/media/NFS/ttao/scannet/posed_images/scene0398_01/00075.jpg",
      "transform_matrix": [
        [
          0.764423,
          0.146189,
          -0.627922,
          2.420696
        ],
        [
          0.638855,
          -0.302781,
          0.70724,
          2.396471
        ],
        [
          -0.086733,
          -0.941782,
          -0.324846,
          1.474821
        ],
        [
          0.0,
          0.0,
          0.0,
          1.0
        ]
      ]
    },
    {
      "file_path": "/media/NFS/ttao/scannet/posed_images/scene0398_01/00077.jpg",
      "transform_matrix": [
        [
          0.774309,
          0.140823,
          -0.61694,
          2.401239
        ],
        [
          0.626633,
          -0.306497,
          0.716513,
          2.413591
        ],
        [
          -0.088189,
          -0.941397,
          -0.325568,
          1.463108
        ],
        [
          0.0,
          0.0,
          0.0,
          1.0
        ]
      ]
    },
    {
      "file_path": "/media/NFS/ttao/scannet/posed_images/scene0398_01/00080.jpg",
      "transform_matrix": [
        [
          0.790446,
          0.143146,
          -0.59557,
          2.373241
        ],
        [
          0.605033,
          -0.334142,
          0.722693,
          2.455691
        ],
        [
          -0.095555,
          -0.931589,
          -0.35073,
          1.466149
        ],
        [
          0.0,
          0.0,
          0.0,
          1.0
        ]
      ]
    },
    {
      "file_path": "/media/NFS/ttao/scannet/posed_images/scene0398_01/00082.jpg",
      "transform_matrix": [
        [
          0.806193,
          0.133522,
          -0.57639,
          2.346792
        ],
        [
          0.583376,
          -0.341777,
          0.736791,
          2.478596
        ],
        [
          -0.098619,
          -0.930248,
          -0.353431,
          1.471128
        ],
        [
          0.0,
          0.0,
          0.0,
          1.0
        ]
      ]
    },
    {
      "file_path": "/media/NFS/ttao/scannet/posed_images/scene0398_01/00085.jpg",
      "transform_matrix": [
        [
          0.832542,
          0.112927,
          -0.542329,
          2.318547
        ],
        [
          0.543579,
          -0.35519,
          0.760501,
          2.517095
        ],
        [
          -0.106749,
          -0.927948,
          -0.357096,
          1.468962
        ],
        [
          0.0,
          0.0,
          0.0,
          1.0
        ]
      ]
    },
    {
      "file_path": "/media/NFS/ttao/scannet/posed_images/scene0398_01/00088.jpg",
      "transform_matrix": [
        [
          0.864966,
          0.092602,
          -0.493212,
          2.295024
        ],
        [
          0.489494,
          -0.372268,
          0.788551,
          2.551731
        ],
        [
          -0.110586,
          -0.923494,
          -0.367327,
          1.462712
        ],
        [
          0.0,
          0.0,
          0.0,
          1.0
        ]
      ]
    },
    {
      "file_path": "/media/NFS/ttao/scannet/posed_images/scene0398_01/00090.jpg",
      "transform_matrix": [
        [
          0.891045,
          0.08321,
          -0.446222,
          2.264978
        ],
        [
          0.443241,
          -0.37143,
          0.815829,
          2.574066
        ],
        [
          -0.097855,
          -0.924725,
          -0.367843,
          1.471072
        ],
        [
          0.0,
          0.0,
          0.0,
          1.0
        ]
      ]
    },
    {
      "file_path": "/media/NFS/ttao/scannet/posed_images/scene0398_01/00094.jpg",
      "transform_matrix": [
        [
          0.916138,
          0.048414,
          -0.397928,
          2.243902
        ],
        [
          0.38686,
          -0.366864,
          0.84602,
          2.61665
        ],
        [
          -0.105026,
          -0.929014,
          -0.354828,
          1.4698
        ],
        [
          0.0,
          0.0,
          0.0,
          1.0
        ]
      ]
    },
    {
      "file_path": "/media/NFS/ttao/scannet/posed_images/scene0398_01/00095.jpg",
      "transform_matrix": [
        [
          0.924163,
          0.037818,
          -0.380121,
          2.226056
        ],
        [
          0.366288,
          -0.370169,
          0.853703,
          2.620097
        ],
        [
          -0.108424,
          -0.928195,
          -0.355948,
          1.466823
        ],
        [
          0.0,
          0.0,
          0.0,
          1.0
        ]
      ]
    },
    {
      "file_path": "/media/NFS/ttao/scannet/posed_images/scene0398_01/00098.jpg",
      "transform_matrix": [
        [
          0.94419,
          0.016232,
          -0.329001,
          2.204339
        ],
        [
          0.310238,
          -0.379525,
          0.871615,
          2.649169
        ],
        [
          -0.110716,
          -0.925039,
          -0.363379,
          1.472547
        ],
        [
          0.0,
          0.0,
          0.0,
          1.0
        ]
      ]
    },
    {
      "file_path": "/media/NFS/ttao/scannet/posed_images/scene0398_01/00100.jpg",
      "transform_matrix": [
        [
          0.955057,
          -0.003878,
          -0.296395,
          2.204361
        ],
        [
          0.272151,
          -0.384782,
          0.881973,
          2.671085
        ],
        [
          -0.117468,
          -0.922999,
          -0.366434,
          1.485498
        ],
        [
          0.0,
          0.0,
          0.0,
          1.0
        ]
      ]
    },
    {
      "file_path": "/media/NFS/ttao/scannet/posed_images/scene0398_01/00104.jpg",
      "transform_matrix": [
        [
          0.9698,
          -0.017791,
          -0.243253,
          2.221777
        ],
        [
          0.215867,
          -0.401637,
          0.889994,
          2.714426
        ],
        [
          -0.113533,
          -0.915626,
          -0.385667,
          1.47499
        ],
        [
          0.0,
          0.0,
          0.0,
          1.0
        ]
      ]
    },
    {
      "file_path": "/media/NFS/ttao/scannet/posed_images/scene0398_01/00107.jpg",
      "transform_matrix": [
        [
          0.979019,
          -0.025722,
          -0.202141,
          2.220453
        ],
        [
          0.175238,
          -0.399975,
          0.899617,
          2.743251
        ],
        [
          -0.103991,
          -0.916165,
          -0.387075,
          1.473477
        ],
        [
          0.0,
          0.0,
          0.0,
          1.0
        ]
      ]
    },
    {
      "file_path": "/media/NFS/ttao/scannet/posed_images/scene0398_01/00109.jpg",
      "transform_matrix": [
        [
          0.983273,
          -0.033631,
          -0.179003,
          2.217
        ],
        [
          0.150664,
          -0.402037,
          0.903142,
          2.76997
        ],
        [
          -0.10234,
          -0.915006,
          -0.390246,
          1.477135
        ],
        [
          0.0,
          0.0,
          0.0,
          1.0
        ]
      ]
    },
    {
      "file_path": "/media/NFS/ttao/scannet/posed_images/scene0398_01/00112.jpg",
      "transform_matrix": [
        [
          0.985125,
          -0.050144,
          -0.164363,
          2.223529
        ],
        [
          0.130934,
          -0.400421,
          0.906928,
          2.798256
        ],
        [
          -0.111292,
          -0.914958,
          -0.387899,
          1.451751
        ],
        [
          0.0,
          0.0,
          0.0,
          1.0
        ]
      ]
    },
    {
      "file_path": "/media/NFS/ttao/scannet/posed_images/scene0398_01/00115.jpg",
      "transform_matrix": [
        [
          0.9872,
          -0.067044,
          -0.144713,
          2.215552
        ],
        [
          0.105896,
          -0.402946,
          0.909077,
          2.836637
        ],
        [
          -0.11926,
          -0.912765,
          -0.390688,
          1.438434
        ],
        [
          0.0,
          0.0,
          0.0,
          1.0
        ]
      ]
    },
    {
      "file_path": "/media/NFS/ttao/scannet/posed_images/scene0398_01/00117.jpg",
      "transform_matrix": [
        [
          0.987568,
          -0.068982,
          -0.141247,
          2.225374
        ],
        [
          0.10158,
          -0.405685,
          0.908351,
          2.87173
        ],
        [
          -0.119962,
          -0.911406,
          -0.393634,
          1.437237
        ],
        [
          0.0,
          0.0,
          0.0,
          1.0
        ]
      ]
    },
    {
      "file_path": "/media/NFS/ttao/scannet/posed_images/scene0398_01/00118.jpg",
      "transform_matrix": [
        [
          0.988864,
          -0.071421,
          -0.130565,
          2.220874
        ],
        [
          0.090966,
          -0.404281,
          0.9101,
          2.890176
        ],
        [
          -0.117786,
          -0.911842,
          -0.393282,
          1.438505
        ],
        [
          0.0,
          0.0,
          0.0,
          1.0
        ]
      ]
    },
    {
      "file_path": "/media/NFS/ttao/scannet/posed_images/scene0398_01/00123.jpg",
      "transform_matrix": [
        [
          0.991483,
          -0.091475,
          -0.092703,
          2.199919
        ],
        [
          0.045749,
          -0.421815,
          0.905527,
          2.970162
        ],
        [
          -0.121937,
          -0.902056,
          -0.414037,
          1.437798
        ],
        [
          0.0,
          0.0,
          0.0,
          1.0
        ]
      ]
    },
    {
      "file_path": "/media/NFS/ttao/scannet/posed_images/scene0398_01/00124.jpg",
      "transform_matrix": [
        [
          0.992994,
          -0.088184,
          -0.078648,
          2.200645
        ],
        [
          0.034734,
          -0.418355,
          0.907619,
          2.987797
        ],
        [
          -0.112941,
          -0.903993,
          -0.412361,
          1.446202
        ],
        [
          0.0,
          0.0,
          0.0,
          1.0
        ]
      ]
    },
    {
      "file_path": "/media/NFS/ttao/scannet/posed_images/scene0398_01/00128.jpg",
      "transform_matrix": [
        [
          0.993996,
          -0.10063,
          -0.042955,
          2.213729
        ],
        [
          -0.003859,
          -0.424594,
          0.905376,
          3.041743
        ],
        [
          -0.109347,
          -0.899774,
          -0.422433,
          1.442795
        ],
        [
          0.0,
          0.0,
          0.0,
          1.0
        ]
      ]
    },
    {
      "file_path": "/media/NFS/ttao/scannet/posed_images/scene0398_01/00129.jpg",
      "transform_matrix": [
        [
          0.994305,
          -0.102923,
          -0.027639,
          2.221197
        ],
        [
          -0.01856,
          -0.422629,
          0.906113,
          3.058138
        ],
        [
          -0.104941,
          -0.90044,
          -0.422132,
          1.449847
        ],
        [
          0.0,
          0.0,
          0.0,
          1.0
        ]
      ]
    },
    {
      "file_path": "/media/NFS/ttao/scannet/posed_images/scene0398_01/00132.jpg",
      "transform_matrix": [
        [
          0.992532,
          -0.118261,
          0.029903,
          2.222067
        ],
        [
          -0.076417,
          -0.411727,
          0.908098,
          3.10465
        ],
        [
          -0.095081,
          -0.903601,
          -0.41769,
          1.47002
        ],
        [
          0.0,
          0.0,
          0.0,
          1.0
        ]
      ]
    },
    {
      "file_path": "/media/NFS/ttao/scannet/posed_images/scene0398_01/00134.jpg",
      "transform_matrix": [
        [
          0.9901,
          -0.128229,
          0.057092,
          2.217804
        ],
        [
          -0.105029,
          -0.406964,
          0.907386,
          3.123969
        ],
        [
          -0.093119,
          -0.904399,
          -0.416403,
          1.464257
        ],
        [
          0.0,
          0.0,
          0.0,
          1.0
        ]
      ]
    },
    {
      "file_path": "/media/NFS/ttao/scannet/posed_images/scene0398_01/00138.jpg",
      "transform_matrix": [
        [
          0.983822,
          -0.145724,
          0.104208,
          2.217117
        ],
        [
          -0.154403,
          -0.394711,
          0.905739,
          3.168998
        ],
        [
          -0.090856,
          -0.907176,
          -0.410826,
          1.461248
        ],
        [
          0.0,
          0.0,
          0.0,
          1.0
        ]
      ]
    },
    {
      "file_path": "/media/NFS/ttao/scannet/posed_images/scene0398_01/00139.jpg",
      "transform_matrix": [
        [
          0.98187,
          -0.149161,
          0.116968,
          2.213189
        ],
        [
          -0.167401,
          -0.392866,
          0.904231,
          3.183638
        ],
        [
          -0.088923,
          -0.907418,
          -0.410714,
          1.465632
        ],
        [
          0.0,
          0.0,
          0.0,
          1.0
        ]
      ]
    },
    {
      "file_path": "/media/NFS/ttao/scannet/posed_images/scene0398_01/00142.jpg",
      "transform_matrix": [
        [
          0.97399,
          -0.161215,
          0.159226,
          2.191646
        ],
        [
          -0.210333,
          -0.38188,
          0.89996,
          3.225934
        ],
        [
          -0.084281,
          -0.910042,
          -0.405857,
          1.473755
        ],
        [
          0.0,
          0.0,
          0.0,
          1.0
        ]
      ]
    },
    {
      "file_path": "/media/NFS/ttao/scannet/posed_images/scene0398_01/00146.jpg",
      "transform_matrix": [
        [
          0.96206,
          -0.171462,
          0.212228,
          2.175488
        ],
        [
          -0.262106,
          -0.364816,
          0.893426,
          3.28381
        ],
        [
          -0.075765,
          -0.915156,
          -0.395916,
          1.485584
        ],
        [
          0.0,
          0.0,
          0.0,
          1.0
        ]
      ]
    },
    {
      "file_path": "/media/NFS/ttao/scannet/posed_images/scene0398_01/00149.jpg",
      "transform_matrix": [
        [
          0.950749,
          -0.193714,
          0.241975,
          2.154332
        ],
        [
          -0.297881,
          -0.355194,
          0.886061,
          3.324535
        ],
        [
          -0.085694,
          -0.914501,
          -0.395404,
          1.491246
        ],
        [
          0.0,
          0.0,
          0.0,
          1.0
        ]
      ]
    },
    {
      "file_path": "/media/NFS/ttao/scannet/posed_images/scene0398_01/00150.jpg",
      "transform_matrix": [
        [
          0.947612,
          -0.197921,
          0.250718,
          2.151913
        ],
        [
          -0.307624,
          -0.354086,
          0.883171,
          3.334868
        ],
        [
          -0.086022,
          -0.91403,
          -0.396421,
          1.493992
        ],
        [
          0.0,
          0.0,
          0.0,
          1.0
        ]
      ]
    },
    {
      "file_path": "/media/NFS/ttao/scannet/posed_images/scene0398_01/00153.jpg",
      "transform_matrix": [
        [
          0.930643,
          -0.210762,
          0.299135,
          2.144985
        ],
        [
          -0.355983,
          -0.332176,
          0.873462,
          3.374656
        ],
        [
          -0.084727,
          -0.919369,
          -0.384166,
          1.502619
        ],
        [
          0.0,
          0.0,
          0.0,
          1.0
        ]
      ]
    },
    {
      "file_path": "/media/NFS/ttao/scannet/posed_images/scene0398_01/00156.jpg",
      "transform_matrix": [
        [
          0.917604,
          -0.232329,
          0.322531,
          2.13508
        ],
        [
          -0.386725,
          -0.334183,
          0.859515,
          3.40603
        ],
        [
          -0.091906,
          -0.913425,
          -0.396495,
          1.501992
        ],
        [
          0.0,
          0.0,
          0.0,
          1.0
        ]
      ]
    },
    {
      "file_path": "/media/NFS/ttao/scannet/posed_images/scene0398_01/00159.jpg",
      "transform_matrix": [
        [
          0.906403,
          -0.238366,
          0.348733,
          2.133562
        ],
        [
          -0.41325,
          -0.329362,
          0.848967,
          3.439884
        ],
        [
          -0.087506,
          -0.913621,
          -0.397039,
          1.497357
        ],
        [
          0.0,
          0.0,
          0.0,
          1.0
        ]
      ]
    },
    {
      "file_path": "/media/NFS/ttao/scannet/posed_images/scene0398_01/00161.jpg",
      "transform_matrix": [
        [
          0.900516,
          -0.248718,
          0.356666,
          2.145423
        ],
        [
          -0.424681,
          -0.326955,
          0.844243,
          3.464396
        ],
        [
          -0.093365,
          -0.911724,
          -0.400054,
          1.510273
        ],
        [
          0.0,
          0.0,
          0.0,
          1.0
        ]
      ]
    },
    {
      "file_path": "/media/NFS/ttao/scannet/posed_images/scene0398_01/00162.jpg",
      "transform_matrix": [
        [
          0.89717,
          -0.250631,
          0.363691,
          2.14262
        ],
        [
          -0.431808,
          -0.324534,
          0.841558,
          3.477002
        ],
        [
          -0.09289,
          -0.912065,
          -0.399386,
          1.508443
        ],
        [
          0.0,
          0.0,
          0.0,
          1.0
        ]
      ]
    },
    {
      "file_path": "/media/NFS/ttao/scannet/posed_images/scene0398_01/00166.jpg",
      "transform_matrix": [
        [
          0.889269,
          -0.253113,
          0.380966,
          2.146473
        ],
        [
          -0.448117,
          -0.315311,
          0.836523,
          3.524374
        ],
        [
          -0.091612,
          -0.914611,
          -0.39382,
          1.504323
        ],
        [
          0.0,
          0.0,
          0.0,
          1.0
        ]
      ]
    },
    {
      "file_path": "/media/NFS/ttao/scannet/posed_images/scene0398_01/00168.jpg",
      "transform_matrix": [
        [
          0.882838,
          -0.265588,
          0.387377,
          2.152017
        ],
        [
          -0.458608,
          -0.309439,
          0.833022,
          3.551594
        ],
        [
          -0.101371,
          -0.913078,
          -0.394985,
          1.500682
        ],
        [
          0.0,
          0.0,
          0.0,
          1.0
        ]
      ]
    },
    {
      "file_path": "/media/NFS/ttao/scannet/posed_images/scene0398_01/00172.jpg",
      "transform_matrix": [
        [
          0.862973,
          -0.284327,
          0.417656,
          2.15854
        ],
        [
          -0.493401,
          -0.296264,
          0.817792,
          3.612201
        ],
        [
          -0.108784,
          -0.911804,
          -0.395955,
          1.494359
        ],
        [
          0.0,
          0.0,
          0.0,
          1.0
        ]
      ]
    },
    {
      "file_path": "/media/NFS/ttao/scannet/posed_images/scene0398_01/00174.jpg",
      "transform_matrix": [
        [
          0.851927,
          -0.295627,
          0.432233,
          2.17596
        ],
        [
          -0.51232,
          -0.29968,
          0.804811,
          3.638125
        ],
        [
          -0.108392,
          -0.907081,
          -0.406761,
          1.494374
        ],
        [
          0.0,
          0.0,
          0.0,
          1.0
        ]
      ]
    },
    {
      "file_path": "/media/NFS/ttao/scannet/posed_images/scene0398_01/00177.jpg",
      "transform_matrix": [
        [
          0.825656,
          -0.326078,
          0.460396,
          2.19926
        ],
        [
          -0.553165,
          -0.307481,
          0.77425,
          3.693081
        ],
        [
          -0.110902,
          -0.89394,
          -0.434249,
          1.489315
        ],
        [
          0.0,
          0.0,
          0.0,
          1.0
        ]
      ]
    },
    {
      "file_path": "/media/NFS/ttao/scannet/posed_images/scene0398_01/00180.jpg",
      "transform_matrix": [
        [
          0.801429,
          -0.333222,
          0.496664,
          2.211434
        ],
        [
          -0.588622,
          -0.292271,
          0.753726,
          3.723051
        ],
        [
          -0.105997,
          -0.896405,
          -0.430376,
          1.475915
        ],
        [
          0.0,
          0.0,
          0.0,
          1.0
        ]
      ]
    },
    {
      "file_path": "/media/NFS/ttao/scannet/posed_images/scene0398_01/00182.jpg",
      "transform_matrix": [
        [
          0.793856,
          -0.356643,
          0.492543,
          2.215756
        ],
        [
          -0.596599,
          -0.299951,
          0.744379,
          3.738156
        ],
        [
          -0.117739,
          -0.88478,
          -0.450891,
          1.466478
        ],
        [
          0.0,
          0.0,
          0.0,
          1.0
        ]
      ]
    },
    {
      "file_path": "/media/NFS/ttao/scannet/posed_images/scene0398_01/00184.jpg",
      "transform_matrix": [
        [
          0.782298,
          -0.382915,
          0.491311,
          2.227836
        ],
        [
          -0.609869,
          -0.310318,
          0.729221,
          3.751592
        ],
        [
          -0.126767,
          -0.870103,
          -0.476289,
          1.459887
        ],
        [
          0.0,
          0.0,
          0.0,
          1.0
        ]
      ]
    },
    {
      "file_path": "/media/NFS/ttao/scannet/posed_images/scene0398_01/00186.jpg",
      "transform_matrix": [
        [
          0.761939,
          -0.390704,
          0.516526,
          2.237699
        ],
        [
          -0.636319,
          -0.303086,
          0.709393,
          3.76429
        ],
        [
          -0.120611,
          -0.869189,
          -0.479545,
          1.461158
        ],
        [
          0.0,
          0.0,
          0.0,
          1.0
        ]
      ]
    },
    {
      "file_path": "/media/NFS/ttao/scannet/posed_images/scene0398_01/00188.jpg",
      "transform_matrix": [
        [
          0.748057,
          -0.397618,
          0.53133,
          2.245162
        ],
        [
          -0.653489,
          -0.301884,
          0.694131,
          3.768969
        ],
        [
          -0.115599,
          -0.866467,
          -0.485666,
          1.457591
        ],
        [
          0.0,
          0.0,
          0.0,
          1.0
        ]
      ]
    },
    {
      "file_path": "/media/NFS/ttao/scannet/posed_images/scene0398_01/00191.jpg",
      "transform_matrix": [
        [
          0.721239,
          -0.406346,
          0.560979,
          2.254471
        ],
        [
          -0.684453,
          -0.293574,
          0.667337,
          3.776391
        ],
        [
          -0.106481,
          -0.865273,
          -0.489862,
          1.464556
        ],
        [
          0.0,
          0.0,
          0.0,
          1.0
        ]
      ]
    },
    {
      "file_path": "/media/NFS/ttao/scannet/posed_images/scene0398_01/00195.jpg",
      "transform_matrix": [
        [
          0.674251,
          -0.416418,
          0.609903,
          2.252048
        ],
        [
          -0.733599,
          -0.28265,
          0.618015,
          3.783828
        ],
        [
          -0.084963,
          -0.864121,
          -0.496061,
          1.466341
        ],
        [
          0.0,
          0.0,
          0.0,
          1.0
        ]
      ]
    },
    {
      "file_path": "/media/NFS/ttao/scannet/posed_images/scene0398_01/00198.jpg",
      "transform_matrix": [
        [
          0.644585,
          -0.438532,
          0.626259,
          2.243198
        ],
        [
          -0.758688,
          -0.26581,
          0.594759,
          3.787824
        ],
        [
          -0.094355,
          -0.858508,
          -0.504046,
          1.47477
        ],
        [
          0.0,
          0.0,
          0.0,
          1.0
        ]
      ]
    },
    {
      "file_path": "/media/NFS/ttao/scannet/posed_images/scene0398_01/00200.jpg",
      "transform_matrix": [
        [
          0.623578,
          -0.438335,
          0.647312,
          2.230051
        ],
        [
          -0.776029,
          -0.246996,
          0.58032,
          3.786552
        ],
        [
          -0.094491,
          -0.864208,
          -0.494183,
