{
  "frames": [
    {
      "file_path": "/media/NFS/ttao/scannet/posed_images/scene0628_00/00000.jpg",
      "transform_matrix": [
        [
          -0.806656,
          0.302543,
          -0.507715,
          3.16811
        ],
        [
          0.590821,
          0.390417,
          -0.706049,
          2.281555
        ],
        [
          -0.015389,
          -0.869507,
          -0.493681,
          1.436666
        ],
        [
          0.0,
          0.0,
          0.0,
          1.0
        ]
      ]
    },
    {
      "file_path": "/media/NFS/ttao/scannet/posed_images/scene0628_00/00004.jpg",
      "transform_matrix": [
        [
          -0.812412,
          0.298629,
          -0.500807,
          3.200564
        ],
        [
          0.582948,
          0.397415,
          -0.708685,
          2.257728
        ],
        [
          -0.012606,
          -0.867688,
          -0.49695,
          1.426034
        ],
        [
          0.0,
          0.0,
          0.0,
          1.0
        ]
      ]
    },
    {
      "file_path": "/media/NFS/ttao/scannet/posed_images/scene0628_00/00007.jpg",
      "transform_matrix": [
        [
          -0.820543,
          0.295873,
          -0.489049,
          3.219186
        ],
        [
          0.571348,
          0.399916,
          -0.716679,
          2.245697
        ],
        [
          -0.016468,
          -0.867483,
          -0.497194,
          1.412246
        ],
        [
          0.0,
          0.0,
          0.0,
          1.0
        ]
      ]
    },
    {
      "file_path": "/media/NFS/ttao/scannet/posed_images/scene0628_00/00013.jpg",
      "transform_matrix": [
        [
          -0.838727,
          0.29418,
          -0.458253,
          3.277014
        ],
        [
          0.544506,
          0.442024,
          -0.712831,
          2.187051
        ],
        [
          -0.007141,
          -0.847392,
          -0.53092,
          1.381771
        ],
        [
          0.0,
          0.0,
          0.0,
          1.0
        ]
      ]
    },
    {
      "file_path": "/media/NFS/ttao/scannet/posed_images/scene0628_00/00018.jpg",
      "transform_matrix": [
        [
          -0.854675,
          0.300003,
          -0.423708,
          3.304616
        ],
        [
          0.51893,
          0.469201,
          -0.714536,
          2.151908
        ],
        [
          -0.015559,
          -0.830571,
          -0.556695,
          1.360737
        ],
        [
          0.0,
          0.0,
          0.0,
          1.0
        ]
      ]
    },
    {
      "file_path": "/media/NFS/ttao/scannet/posed_images/scene0628_00/00019.jpg",
      "transform_matrix": [
        [
          -0.854599,
          0.301251,
          -0.422976,
          3.322199
        ],
        [
          0.519054,
          0.471064,
          -0.713219,
          2.139457
        ],
        [
          -0.015609,
          -0.829064,
          -0.558936,
          1.357177
        ],
        [
          0.0,
          0.0,
          0.0,
          1.0
        ]
      ]
    },
    {
      "file_path": "/media/NFS/ttao/scannet/posed_images/scene0628_00/00026.jpg",
      "transform_matrix": [
        [
          -0.869777,
          0.285817,
          -0.40224,
          3.355953
        ],
        [
          0.493256,
          0.481032,
          -0.72478,
          2.071565
        ],
        [
          -0.013664,
          -0.828805,
          -0.559371,
          1.3497
        ],
        [
          0.0,
          0.0,
          0.0,
          1.0
        ]
      ]
    },
    {
      "file_path": "/media/NFS/ttao/scannet/posed_images/scene0628_00/00030.jpg",
      "transform_matrix": [
        [
          -0.87838,
          0.275176,
          -0.390803,
          3.378198
        ],
        [
          0.477742,
          0.480603,
          -0.73538,
          2.024458
        ],
        [
          -0.014538,
          -0.832646,
          -0.553615,
          1.345967
        ],
        [
          0.0,
          0.0,
          0.0,
          1.0
        ]
      ]
    },
    {
      "file_path": "/media/NFS/ttao/scannet/posed_images/scene0628_00/00033.jpg",
      "transform_matrix": [
        [
          -0.876203,
          0.275468,
          -0.395457,
          3.389731
        ],
        [
          0.481786,
          0.479702,
          -0.733327,
          1.964682
        ],
        [
          -0.012306,
          -0.833069,
          -0.553033,
          1.375374
        ],
        [
          0.0,
          0.0,
          0.0,
          1.0
        ]
      ]
    },
    {
      "file_path": "/media/NFS/ttao/scannet/posed_images/scene0628_00/00038.jpg",
      "transform_matrix": [
        [
          -0.874667,
          0.260012,
          -0.409086,
          3.412541
        ],
        [
          0.484686,
          0.458577,
          -0.74484,
          1.888969
        ],
        [
          -0.00607,
          -0.849765,
          -0.527126,
          1.370972
        ],
        [
          0.0,
          0.0,
          0.0,
          1.0
        ]
      ]
    },
    {
      "file_path": "/media/NFS/ttao/scannet/posed_images/scene0628_00/00039.jpg",
      "transform_matrix": [
        [
          -0.873623,
          0.259684,
          -0.411519,
          3.419711
        ],
        [
          0.486602,
          0.464206,
          -0.740089,
          1.871749
        ],
        [
          -0.00116,
          -0.846804,
          -0.531904,
          1.367056
        ],
        [
          0.0,
          0.0,
          0.0,
          1.0
        ]
      ]
    },
    {
      "file_path": "/media/NFS/ttao/scannet/posed_images/scene0628_00/00045.jpg",
      "transform_matrix": [
        [
          -0.874658,
          0.26617,
          -0.405127,
          3.467742
        ],
        [
          0.484705,
          0.469952,
          -0.737704,
          1.797615
        ],
        [
          -0.005964,
          -0.841605,
          -0.540061,
          1.336475
        ],
        [
          0.0,
          0.0,
          0.0,
          1.0
        ]
      ]
    },
    {
      "file_path": "/media/NFS/ttao/scannet/posed_images/scene0628_00/00050.jpg",
      "transform_matrix": [
        [
          -0.855223,
          0.282136,
          -0.434734,
          3.505153
        ],
        [
          0.518202,
          0.452869,
          -0.725518,
          1.743549
        ],
        [
          -0.007817,
          -0.845759,
          -0.533508,
          1.342823
        ],
        [
          0.0,
          0.0,
          0.0,
          1.0
        ]
      ]
    },
    {
      "file_path": "/media/NFS/ttao/scannet/posed_images/scene0628_00/00054.jpg",
      "transform_matrix": [
        [
          -0.793158,
          0.329198,
          -0.512375,
          3.557043
        ],
        [
          0.608724,
          0.402507,
          -0.683698,
          1.708612
        ],
        [
          -0.018838,
          -0.854176,
          -0.519643,
          1.351018
        ],
        [
          0.0,
          0.0,
          0.0,
          1.0
        ]
      ]
    },
    {
      "file_path": "/media/NFS/ttao/scannet/posed_images/scene0628_00/00055.jpg",
      "transform_matrix": [
        [
          -0.776386,
          0.337796,
          -0.53209,
          3.575244
        ],
        [
          0.629927,
          0.388554,
          -0.672471,
          1.70175
        ],
        [
          -0.020413,
          -0.857275,
          -0.514455,
          1.348179
        ],
        [
          0.0,
          0.0,
          0.0,
          1.0
        ]
      ]
    },
    {
      "file_path": "/media/NFS/ttao/scannet/posed_images/scene0628_00/00058.jpg",
      "transform_matrix": [
        [
          -0.73267,
          0.370056,
          -0.571185,
          3.623941
        ],
        [
          0.680238,
          0.371429,
          -0.631915,
          1.67985
        ],
        [
          -0.02169,
          -0.851527,
          -0.523861,
          1.349257
        ],
        [
          0.0,
          0.0,
          0.0,
          1.0
        ]
      ]
    },
    {
      "file_path": "/media/NFS/ttao/scannet/posed_images/scene0628_00/00066.jpg",
      "transform_matrix": [
        [
          -0.66382,
          0.414297,
          -0.622656,
          3.69903
        ],
        [
          0.747885,
          0.364012,
          -0.555124,
          1.639552
        ],
        [
          -0.003332,
          -0.834178,
          -0.551485,
          1.358546
        ],
        [
          0.0,
          0.0,
          0.0,
          1.0
        ]
      ]
    },
    {
      "file_path": "/media/NFS/ttao/scannet/posed_images/scene0628_00/00069.jpg",
      "transform_matrix": [
        [
          -0.638743,
          0.422122,
          -0.643289,
          3.700745
        ],
        [
          0.769388,
          0.35804,
          -0.529008,
          1.652555
        ],
        [
          0.007017,
          -0.832839,
          -0.553471,
          1.362026
        ],
        [
          0.0,
          0.0,
          0.0,
          1.0
        ]
      ]
    },
    {
      "file_path": "/media/NFS/ttao/scannet/posed_images/scene0628_00/00070.jpg",
      "transform_matrix": [
        [
          -0.628672,
          0.426763,
          -0.650112,
          3.704434
        ],
        [
          0.777644,
          0.351924,
          -0.520979,
          1.655404
        ],
        [
          0.006455,
          -0.833081,
          -0.553114,
          1.3639
        ],
        [
          0.0,
          0.0,
          0.0,
          1.0
        ]
      ]
    },
    {
      "file_path": "/media/NFS/ttao/scannet/posed_images/scene0628_00/00078.jpg",
      "transform_matrix": [
        [
          -0.574834,
          0.462434,
          -0.675071,
          3.677423
        ],
        [
          0.817339,
          0.28515,
          -0.500645,
          1.748188
        ],
        [
          -0.039019,
          -0.83955,
          -0.54188,
          1.391223
        ],
        [
          0.0,
          0.0,
          0.0,
          1.0
        ]
      ]
    },
    {
      "file_path": "/media/NFS/ttao/scannet/posed_images/scene0628_00/00079.jpg",
      "transform_matrix": [
        [
          -0.57248,
          0.46599,
          -0.674626,
          3.671315
        ],
        [
          0.818605,
          0.278283,
          -0.502438,
          1.760731
        ],
        [
          -0.046394,
          -0.839888,
          -0.540773,
          1.396286
        ],
        [
          0.0,
          0.0,
          0.0,
          1.0
        ]
      ]
    },
    {
      "file_path": "/media/NFS/ttao/scannet/posed_images/scene0628_00/00086.jpg",
      "transform_matrix": [
        [
          -0.557727,
          0.470241,
          -0.683969,
          3.634696
        ],
        [
          0.827076,
          0.245462,
          -0.505662,
          1.873136
        ],
        [
          -0.069894,
          -0.847716,
          -0.525826,
          1.424248
        ],
        [
          0.0,
          0.0,
          0.0,
          1.0
        ]
      ]
    },
    {
      "file_path": "/media/NFS/ttao/scannet/posed_images/scene0628_00/00089.jpg",
      "transform_matrix": [
        [
          -0.559642,
          0.46267,
          -0.687559,
          3.618349
        ],
        [
          0.825417,
          0.237028,
          -0.512352,
          1.933249
        ],
        [
          -0.074079,
          -0.854257,
          -0.514546,
          1.43006
        ],
        [
          0.0,
          0.0,
          0.0,
          1.0
        ]
      ]
    },
    {
      "file_path": "/media/NFS/ttao/scannet/posed_images/scene0628_00/00093.jpg",
      "transform_matrix": [
        [
          -0.562752,
          0.446874,
          -0.695424,
          3.592706
        ],
        [
          0.823366,
          0.228381,
          -0.519529,
          2.002391
        ],
        [
          -0.073342,
          -0.864954,
          -0.496462,
          1.438163
        ],
        [
          0.0,
          0.0,
          0.0,
          1.0
        ]
      ]
    },
    {
      "file_path": "/media/NFS/ttao/scannet/posed_images/scene0628_00/00098.jpg",
      "transform_matrix": [
        [
          -0.576802,
          0.420502,
          -0.700341,
          3.555095
        ],
        [
          0.812267,
          0.204222,
          -0.546365,
          2.059326
        ],
        [
          -0.086722,
          -0.884009,
          -0.459356,
          1.463497
        ],
        [
          0.0,
          0.0,
          0.0,
          1.0
        ]
      ]
    },
    {
      "file_path": "/media/NFS/ttao/scannet/posed_images/scene0628_00/00100.jpg",
      "transform_matrix": [
        [
          -0.578881,
          0.407496,
          -0.706289,
          3.539303
        ],
        [
          0.810238,
          0.190037,
          -0.554436,
          2.083995
        ],
        [
          -0.09171,
          -0.893215,
          -0.440178,
          1.456899
        ],
        [
          0.0,
          0.0,
          0.0,
          1.0
        ]
      ]
    },
    {
      "file_path": "/media/NFS/ttao/scannet/posed_images/scene0628_00/00103.jpg",
      "transform_matrix": [
        [
          -0.573767,
          0.396387,
          -0.716707,
          3.514158
        ],
        [
          0.813751,
          0.176821,
          -0.553663,
          2.105237
        ],
        [
          -0.092736,
          -0.900895,
          -0.424014,
          1.453056
        ],
        [
          0.0,
          0.0,
          0.0,
          1.0
        ]
      ]
    },
    {
      "file_path": "/media/NFS/ttao/scannet/posed_images/scene0628_00/00109.jpg",
      "transform_matrix": [
        [
          -0.564976,
          0.407382,
          -0.717525,
          3.426956
        ],
        [
          0.821723,
          0.199116,
          -0.533971,
          2.123321
        ],
        [
          -0.07466,
          -0.891287,
          -0.44725,
          1.445984
        ],
        [
          0.0,
          0.0,
          0.0,
          1.0
        ]
      ]
    },
    {
      "file_path": "/media/NFS/ttao/scannet/posed_images/scene0628_00/00111.jpg",
      "transform_matrix": [
        [
          -0.565926,
          0.405758,
          -0.717697,
          3.398399
        ],
        [
          0.821827,
          0.208175,
          -0.530342,
          2.119638
        ],
        [
          -0.065784,
          -0.889957,
          -0.451275,
          1.43906
        ],
        [
          0.0,
          0.0,
          0.0,
          1.0
        ]
      ]
    },
    {
      "file_path": "/media/NFS/ttao/scannet/posed_images/scene0628_00/00115.jpg",
      "transform_matrix": [
        [
          -0.593639,
          0.397188,
          -0.699882,
          3.337827
        ],
        [
          0.803283,
          0.240315,
          -0.544963,
          2.115726
        ],
        [
          -0.048261,
          -0.885715,
          -0.461715,
          1.440061
        ],
        [
          0.0,
          0.0,
          0.0,
          1.0
        ]
      ]
    },
    {
      "file_path": "/media/NFS/ttao/scannet/posed_images/scene0628_00/00120.jpg",
      "transform_matrix": [
        [
          -0.598361,
          0.384622,
          -0.702872,
          3.270104
        ],
        [
          0.800841,
          0.259905,
          -0.539539,
          2.119922
        ],
        [
          -0.024839,
          -0.885729,
          -0.463539,
          1.448956
        ],
        [
          0.0,
          0.0,
          0.0,
          1.0
        ]
      ]
    },
    {
      "file_path": "/media/NFS/ttao/scannet/posed_images/scene0628_00/00125.jpg",
      "transform_matrix": [
        [
          -0.607446,
          0.390266,
          -0.691882,
          3.201711
        ],
        [
          0.793634,
          0.260923,
          -0.549603,
          2.146738
        ],
        [
          -0.033963,
          -0.882956,
          -0.468226,
          1.443958
        ],
        [
          0.0,
          0.0,
          0.0,
          1.0
        ]
      ]
    },
    {
      "file_path": "/media/NFS/ttao/scannet/posed_images/scene0628_00/00126.jpg",
      "transform_matrix": [
        [
          -0.610768,
          0.387645,
          -0.69043,
          3.191176
        ],
        [
          0.791093,
          0.26164,
          -0.552917,
          2.156524
        ],
        [
          -0.033691,
          -0.883898,
          -0.466464,
          1.440472
        ],
        [
          0.0,
          0.0,
          0.0,
          1.0
        ]
      ]
    },
    {
      "file_path": "/media/NFS/ttao/scannet/posed_images/scene0628_00/00130.jpg",
      "transform_matrix": [
        [
          -0.620798,
          0.398683,
          -0.675028,
          3.151496
        ],
        [
          0.78338,
          0.282042,
          -0.553866,
          2.18598
        ],
        [
          -0.030431,
          -0.872642,
          -0.487411,
          1.438257
        ],
        [
          0.0,
          0.0,
          0.0,
          1.0
        ]
      ]
    },
    {
      "file_path": "/media/NFS/ttao/scannet/posed_images/scene0628_00/00136.jpg",
      "transform_matrix": [
        [
          -0.638898,
          0.408798,
          -0.651686,
          3.071215
        ],
        [
          0.767757,
          0.285352,
          -0.573692,
          2.305081
        ],
        [
          -0.048564,
          -0.866867,
          -0.496168,
          1.418621
        ],
        [
          0.0,
          0.0,
          0.0,
          1.0
        ]
      ]
    },
    {
      "file_path": "/media/NFS/ttao/scannet/posed_images/scene0628_00/00138.jpg",
      "transform_matrix": [
        [
          -0.640905,
          0.412227,
          -0.647542,
          3.042308
        ],
        [
          0.765519,
          0.280859,
          -0.578877,
          2.352667
        ],
        [
          -0.056761,
          -0.866711,
          -0.495572,
          1.410569
        ],
        [
          0.0,
          0.0,
          0.0,
          1.0
        ]
      ]
    },
    {
      "file_path": "/media/NFS/ttao/scannet/posed_images/scene0628_00/00143.jpg",
      "transform_matrix": [
        [
          -0.65019,
          0.431999,
          -0.625004,
          2.944783
        ],
        [
          0.754833,
          0.273638,
          -0.596112,
          2.469179
        ],
        [
          -0.086495,
          -0.85936,
          -0.504004,
          1.427715
        ],
        [
          0.0,
          0.0,
          0.0,
          1.0
        ]
      ]
    },
    {
      "file_path": "/media/NFS/ttao/scannet/posed_images/scene0628_00/00147.jpg",
      "transform_matrix": [
        [
          -0.663194,
          0.43964,
          -0.605714,
          2.904664
        ],
        [
          0.740797,
          0.270163,
          -0.615005,
          2.516196
        ],
        [
          -0.106739,
          -0.856579,
          -0.504855,
          1.42064
        ],
        [
          0.0,
          0.0,
          0.0,
          1.0
        ]
      ]
    },
    {
      "file_path": "/media/NFS/ttao/scannet/posed_images/scene0628_00/00152.jpg",
      "transform_matrix": [
        [
          -0.695317,
          0.444853,
          -0.564482,
          2.850798
        ],
        [
          0.70872,
          0.293944,
          -0.641336,
          2.555104
        ],
        [
          -0.119374,
          -0.845992,
          -0.519661,
          1.415903
        ],
        [
          0.0,
          0.0,
          0.0,
          1.0
        ]
      ]
    },
    {
      "file_path": "/media/NFS/ttao/scannet/posed_images/scene0628_00/00155.jpg",
      "transform_matrix": [
        [
          -0.706088,
          0.444312,
          -0.551386,
          2.823906
        ],
        [
          0.6981,
          0.30621,
          -0.647218,
          2.571095
        ],
        [
          -0.118727,
          -0.841916,
          -0.526386,
          1.409371
        ],
        [
          0.0,
          0.0,
          0.0,
          1.0
        ]
      ]
    },
    {
      "file_path": "/media/NFS/ttao/scannet/posed_images/scene0628_00/00161.jpg",
      "transform_matrix": [
        [
          -0.721364,
          0.420276,
          -0.550457,
          2.800649
        ],
        [
          0.682625,
          0.297355,
          -0.667535,
          2.574788
        ],
        [
          -0.116868,
          -0.857291,
          -0.501392,
          1.428542
        ],
        [
          0.0,
          0.0,
          0.0,
          1.0
        ]
      ]
    },
    {
      "file_path": "/media/NFS/ttao/scannet/posed_images/scene0628_00/00165.jpg",
      "transform_matrix": [
        [
          -0.728082,
          0.412792,
          -0.547265,
          2.789944
        ],
        [
          0.677184,
          0.309225,
          -0.667684,
          2.56626
        ],
        [
          -0.106386,
          -0.856728,
          -0.504677,
          1.445924
        ],
        [
          0.0,
          0.0,
          0.0,
          1.0
        ]
      ]
    },
    {
      "file_path": "/media/NFS/ttao/scannet/posed_images/scene0628_00/00169.jpg",
      "transform_matrix": [
        [
          -0.731299,
          0.404057,
          -0.549491,
          2.800448
        ],
        [
          0.675592,
          0.318456,
          -0.664953,
          2.542526
        ],
        [
          -0.09369,
          -0.85751,
          -0.505864,
          1.456884
        ],
        [
          0.0,
          0.0,
          0.0,
          1.0
        ]
      ]
    },
    {
      "file_path": "/media/NFS/ttao/scannet/posed_images/scene0628_00/00171.jpg",
      "transform_matrix": [
        [
          -0.738076,
          0.38396,
          -0.554814,
          2.817266
        ],
        [
          0.67117,
          0.333598,
          -0.662,
          2.51446
        ],
        [
          -0.069097,
          -0.860981,
          -0.503923,
          1.454052
        ],
        [
          0.0,
          0.0,
          0.0,
          1.0
        ]
      ]
    },
    {
      "file_path": "/media/NFS/ttao/scannet/posed_images/scene0628_00/00175.jpg",
      "transform_matrix": [
        [
          -0.742301,
          0.365195,
          -0.561802,
          2.834226
        ],
        [
          0.668534,
          0.346953,
          -0.657789,
          2.46081
        ],
        [
          -0.045302,
          -0.863861,
          -0.501689,
          1.468323
        ],
        [
          0.0,
          0.0,
          0.0,
          1.0
        ]
      ]
    },
    {
      "file_path": "/media/NFS/ttao/scannet/posed_images/scene0628_00/00181.jpg",
      "transform_matrix": [
        [
          -0.712464,
          0.353815,
          -0.605978,
          2.856347
        ],
        [
          0.701525,
          0.339412,
          -0.626627,
          2.373026
        ],
        [
          -0.016034,
          -0.871559,
          -0.490029,
          1.485973
        ],
        [
          0.0,
          0.0,
          0.0,
          1.0
        ]
      ]
    },
    {
      "file_path": "/media/NFS/ttao/scannet/posed_images/scene0628_00/00184.jpg",
      "transform_matrix": [
        [
          -0.702555,
          0.355847,
          -0.61627,
          2.861097
        ],
        [
          0.711603,
          0.343881,
          -0.612672,
          2.327802
        ],
        [
          -0.006094,
          -0.868976,
          -0.494817,
          1.486617
        ],
        [
          0.0,
          0.0,
          0.0,
          1.0
        ]
      ]
    },
    {
      "file_path": "/media/NFS/ttao/scannet/posed_images/scene0628_00/00187.jpg",
      "transform_matrix": [
        [
          -0.700817,
          0.357688,
          -0.617183,
          2.864776
        ],
        [
          0.713341,
          0.350952,
          -0.606611,
          2.258412
        ],
        [
          -0.000376,
          -0.865386,
          -0.501106,
          1.492101
        ],
        [
          0.0,
          0.0,
          0.0,
          1.0
        ]
      ]
    },
    {
      "file_path": "/media/NFS/ttao/scannet/posed_images/scene0628_00/00190.jpg",
      "transform_matrix": [
        [
          -0.706464,
          0.346846,
          -0.616933,
          2.8621
        ],
        [
          0.707699,
          0.356504,
          -0.609973,
          2.225429
        ],
        [
          0.008372,
          -0.867527,
          -0.49732,
          1.495352
        ],
        [
          0.0,
          0.0,
          0.0,
          1.0
        ]
      ]
    },
    {
      "file_path": "/media/NFS/ttao/scannet/posed_images/scene0628_00/00197.jpg",
      "transform_matrix": [
        [
          -0.736293,
          0.332746,
          -0.589196,
          2.864874
        ],
        [
          0.67666,
          0.364407,
          -0.639796,
          2.177223
        ],
        [
          0.001818,
          -0.869763,
          -0.493466,
          1.507026
        ],
        [
          0.0,
          0.0,
          0.0,
          1.0
        ]
      ]
    },
    {
      "file_path": "/media/NFS/ttao/scannet/posed_images/scene0628_00/00200.jpg",
      "transform_matrix": [
        [
          -0.762863,
          0.308465,
          -0.568233,
          2.87791
        ],
        [
          0.646559,
          0.36277,
          -0.671088,
          2.173353
        ],
        [
          -0.000869,
          -0.879345,
          -0.476184,
          1.510964
        ],
        [
          0.0,
          0.0,
          0.0,
          1.0
        ]
      ]
    },
    {
      "file_path": "/media/NFS/ttao/scannet/posed_images/scene0628_00/00202.jpg",
      "transform_matrix": [
        [
          -0.778977,
          0.294331,
          -0.553683,
          2.881873
        ],
        [
          0.62704,
          0.359969,
          -0.690828,
          2.175571
        ],
        [
          -0.004023,
          -0.88532,
          -0.464965,
          1.518903
        ],
        [
          0.0,
          0.0,
          0.0,
          1.0
        ]
      ]
    },
    {
      "file_path": "/media/NFS/ttao/scannet/posed_images/scene0628_00/00206.jpg",
      "transform_matrix": [
        [
          -0.809159,
          0.276123,
          -0.518669,
          2.892506
        ],
        [
          0.587336,
          0.35415,
          -0.727746,
          2.187004
        ],
        [
          -0.017261,
          -0.893496,
          -0.44874,
          1.532219
        ],
        [
          0.0,
          0.0,
          0.0,
          1.0
        ]
      ]
    },
    {
      "file_path": "/media/NFS/ttao/scannet/posed_images/scene0628_00/00210.jpg",
      "transform_matrix": [
        [
          -0.837773,
          0.248723,
          -0.486079,
          2.914409
        ],
        [
          0.545422,
          0.339588,
          -0.766286,
          2.223788
        ],
        [
          -0.025527,
          -0.907092,
          -0.420157,
          1.524345
        ],
        [
          0.0,
          0.0,
          0.0,
          1.0
        ]
      ]
    },
    {
      "file_path": "/media/NFS/ttao/scannet/posed_images/scene0628_00/00215.jpg",
      "transform_matrix": [
        [
          -0.874779,
          0.223454,
          -0.429918,
          2.929794
        ],
        [
          0.483359,
          0.341045,
          -0.806258,
          2.282877
        ],
        [
          -0.03354,
          -0.913103,
          -0.406348,
          1.531663
        ],
        [
          0.0,
          0.0,
          0.0,
          1.0
        ]
      ]
    },
    {
      "file_path": "/media/NFS/ttao/scannet/posed_images/scene0628_00/00221.jpg",
      "transform_matrix": [
        [
          -0.891425,
          0.20523,
          -0.404034,
          2.944909
        ],
        [
          0.451081,
          0.316349,
          -0.834535,
          2.375404
        ],
        [
          -0.043456,
          -0.926177,
          -0.374577,
          1.543604
        ],
        [
          0.0,
          0.0,
          0.0,
          1.0
        ]
      ]
    },
    {
      "file_path": "/media/NFS/ttao/scannet/posed_images/scene0628_00/00222.jpg",
      "transform_matrix": [
        [
          -0.893043,
          0.207853,
          -0.399088,
          2.949857
        ],
        [
          0.447206,
          0.311802,
          -0.838323,
          2.38812
        ],
        [
          -0.049811,
          -0.927134,
          -0.371406,
          1.550205
        ],
        [
          0.0,
          0.0,
          0.0,
          1.0
        ]
      ]
    },
    {
      "file_path": "/media/NFS/ttao/scannet/posed_images/scene0628_00/00229.jpg",
      "transform_matrix": [
        [
          -0.897849,
          0.20948,
          -0.38728,
          2.996384
        ],
        [
          0.43013,
          0.229297,
          -0.873162,
          2.474024
        ],
        [
          -0.094107,
          -0.950548,
          -0.295978,
          1.571877
        ],
        [
          0.0,
          0.0,
          0.0,
          1.0
        ]
      ]
    },
    {
      "file_path": "/media/NFS/ttao/scannet/posed_images/scene0628_00/00230.jpg",
      "transform_matrix": [
        [
          -0.89813,
          0.207797,
          -0.387534,
          3.003574
        ],
        [
          0.428926,
          0.219832,
          -0.876183,
          2.48707
        ],
        [
          -0.096876,
          -0.95315,
          -0.286567,
          1.565268
        ],
        [
          0.0,
          0.0,
          0.0,
          1.0
        ]
      ]
    },
    {
      "file_path": "/media/NFS/ttao/scannet/posed_images/scene0628_00/00236.jpg",
      "transform_matrix": [
        [
          -0.887485,
          0.208297,
          -0.411074,
          3.064256
        ],
        [
          0.449476,
          0.194412,
          -0.87188,
          2.523015
        ],
        [
          -0.101692,
          -0.958549,
          -0.266163,
          1.577369
        ],
        [
          0.0,
          0.0,
          0.0,
          1.0
        ]
      ]
    },
    {
      "file_path": "/media/NFS/ttao/scannet/posed_images/scene0628_00/00237.jpg",
      "transform_matrix": [
        [
          -0.887067,
          0.204145,
          -0.41405,
          3.078358
        ],
        [
          0.450674,
          0.188614,
          -0.872535,
          2.528184
        ],
        [
          -0.100028,
          -0.960598,
          -0.259316,
          1.575259
        ],
        [
          0.0,
          0.0,
          0.0,
          1.0
        ]
      ]
    },
    {
      "file_path": "/media/NFS/ttao/scannet/posed_images/scene0628_00/00242.jpg",
      "transform_matrix": [
        [
          -0.895651,
          0.181122,
          -0.406207,
          3.142518
        ],
        [
          0.434582,
          0.162157,
          -0.885914,
          2.553393
        ],
        [
          -0.094589,
          -0.97,
          -0.223948,
          1.577248
        ],
        [
          0.0,
          0.0,
          0.0,
          1.0
        ]
      ]
    },
    {
      "file_path": "/media/NFS/ttao/scannet/posed_images/scene0628_00/00248.jpg",
      "transform_matrix": [
        [
          -0.890006,
          0.163099,
          -0.42578,
          3.192191
        ],
        [
          0.445251,
          0.109792,
          -0.888649,
          2.591425
        ],
        [
          -0.09819,
          -0.980482,
          -0.170336,
          1.582854
        ],
        [
          0.0,
          0.0,
          0.0,
          1.0
        ]
      ]
    },
    {
      "file_path": "/media/NFS/ttao/scannet/posed_images/scene0628_00/00252.jpg",
      "transform_matrix": [
        [
          -0.887222,
          0.153525,
          -0.435049,
          3.218889
        ],
        [
          0.449874,
          0.078949,
          -0.889596,
          2.617174
        ],
        [
          -0.102228,
          -0.984986,
          -0.139112,
          1.57574
        ],
        [
          0.0,
          0.0,
          0.0,
          1.0
        ]
      ]
    },
    {
      "file_path": "/media/NFS/ttao/scannet/posed_images/scene0628_00/00255.jpg",
      "transform_matrix": [
        [
          -0.880829,
          0.153289,
          -0.447932,
          3.229841
        ],
        [
          0.461473,
          0.066649,
          -0.884647,
          2.632931
        ],
        [
          -0.105753,
          -0.985931,
          -0.129445,
          1.572374
        ],
        [
          0.0,
          0.0,
          0.0,
          1.0
        ]
      ]
    },
    {
      "file_path": "/media/NFS/ttao/scannet/posed_images/scene0628_00/00259.jpg",
      "transform_matrix": [
        [
          -0.876069,
          0.159142,
          -0.455166,
          3.221101
        ],
        [
          0.468231,
          0.055318,
          -0.881873,
          2.655171
        ],
        [
          -0.115164,
          -0.985704,
          -0.122978,
          1.574005
        ],
        [
          0.0,
          0.0,
          0.0,
          1.0
        ]
      ]
    },
    {
      "file_path": "/media/NFS/ttao/scannet/posed_images/scene0628_00/00262.jpg",
      "transform_matrix": [
        [
          -0.870454,
          0.160562,
          -0.465327,
          3.233531
        ],
        [
          0.478432,
          0.053553,
          -0.87649,
          2.657467
        ],
        [
          -0.115811,
          -0.985572,
          -0.123433,
          1.587953
        ],
        [
          0.0,
          0.0,
          0.0,
          1.0
        ]
      ]
    },
    {
      "file_path": "/media/NFS/ttao/scannet/posed_images/scene0628_00/00268.jpg",
      "transform_matrix": [
        [
          -0.868906,
          0.154063,
          -0.470391,
          3.235721
        ],
        [
          0.48041,
          0.033631,
          -0.876399,
          2.668603
        ],
        [
          -0.119201,
          -0.987489,
          -0.103236,
          1.594378
        ],
        [
          0.0,
          0.0,
          0.0,
          1.0
        ]
      ]
    },
    {
      "file_path": "/media/NFS/ttao/scannet/posed_images/scene0628_00/00272.jpg",
      "transform_matrix": [
        [
          -0.866493,
          0.153543,
          -0.47499,
          3.222495
        ],
        [
          0.483402,
          0.020679,
          -0.875154,
          2.68061
        ],
        [
          -0.124551,
          -0.987926,
          -0.092141,
          1.597434
        ],
        [
          0.0,
          0.0,
          0.0,
          1.0
        ]
      ]
    },
    {
      "file_path": "/media/NFS/ttao/scannet/posed_images/scene0628_00/00274.jpg",
      "transform_matrix": [
        [
          -0.864339,
          0.154825,
          -0.478485,
          3.215982
        ],
        [
          0.486788,
          0.018587,
          -0.873322,
          2.67989
        ],
        [
          -0.126318,
          -0.987767,
          -0.091433,
          1.604691
        ],
        [
          0.0,
          0.0,
          0.0,
          1.0
        ]
      ]
    },
    {
      "file_path": "/media/NFS/ttao/scannet/posed_images/scene0628_00/00280.jpg",
      "transform_matrix": [
        [
          -0.863557,
          0.136704,
          -0.485367,
          3.214005
        ],
        [
          0.489228,
          -0.006067,
          -0.872135,
          2.677336
        ],
        [
          -0.122169,
          -0.990593,
          -0.061641,
          1.619956
        ],
        [
          0.0,
          0.0,
          0.0,
          1.0
        ]
      ]
    },
    {
      "file_path": "/media/NFS/ttao/scannet/posed_images/scene0628_00/00284.jpg",
      "transform_matrix": [
        [
          -0.864775,
          0.128338,
          -0.485483,
          3.208137
        ],
        [
          0.488022,
          -0.013008,
          -0.872735,
          2.676172
        ],
        [
          -0.11832,
          -0.991645,
          -0.051383,
          1.643235
        ],
        [
          0.0,
          0.0,
          0.0,
          1.0
        ]
      ]
    },
    {
      "file_path": "/media/NFS/ttao/scannet/posed_images/scene0628_00/00288.jpg",
      "transform_matrix": [
        [
          -0.866132,
          0.128988,
          -0.482884,
          3.208181
        ],
        [
          0.484919,
          -0.017242,
          -0.874389,
          2.6694
        ],
        [
          -0.121112,
          -0.991496,
          -0.047615,
          1.651427
        ],
        [
          0.0,
          0.0,
          0.0,
          1.0
        ]
      ]
    },
    {
      "file_path": "/media/NFS/ttao/scannet/posed_images/scene0628_00/00290.jpg",
      "transform_matrix": [
        [
          -0.86526,
          0.129974,
          -0.484183,
          3.210895
        ],
        [
          0.485969,
          -0.019745,
          -0.873753,
          2.655596
        ],
        [
          -0.123126,
          -0.991321,
          -0.046079,
          1.644619
        ],
        [
          0.0,
          0.0,
          0.0,
          1.0
        ]
      ]
    },
    {
      "file_path": "/media/NFS/ttao/scannet/posed_images/scene0628_00/00293.jpg",
      "transform_matrix": [
        [
          -0.865641,
          0.133112,
          -0.482646,
          3.195976
        ],
        [
          0.484953,
          -0.01669,
          -0.874381,
          2.650193
        ],
        [
          -0.124446,
          -0.99096,
          -0.050105,
          1.632609
        ],
        [
          0.0,
          0.0,
          0.0,
          1.0
        ]
      ]
    },
    {
      "file_path": "/media/NFS/ttao/scannet/posed_images/scene0628_00/00297.jpg",
      "transform_matrix": [
        [
          -0.858863,
          0.143825,
          -0.491599,
          3.190855
        ],
        [
          0.49488,
          -0.014504,
          -0.86884,
          2.63357
        ],
        [
          -0.132091,
          -0.989497,
          -0.058719,
          1.627232
        ],
        [
          0.0,
          0.0,
          0.0,
          1.0
        ]
      ]
    },
    {
      "file_path": "/media/NFS/ttao/scannet/posed_images/scene0628_00/00302.jpg",
      "transform_matrix": [
        [
          -0.842096,
          0.167642,
          -0.512611,
          3.155246
        ],
        [
          0.520926,
          0.006663,
          -0.853576,
          2.628873
        ],
        [
          -0.13968,
          -0.985825,
          -0.09294,
          1.593381
        ],
        [
          0.0,
          0.0,
          0.0,
          1.0
        ]
      ]
    },
    {
      "file_path": "/media/NFS/ttao/scannet/posed_images/scene0628_00/00307.jpg",
      "transform_matrix": [
        [
          -0.814106,
          0.22446,
          -0.535583,
          3.116195
        ],
        [
          0.565995,
          0.100343,
          -0.818279,
          2.609388
        ],
        [
          -0.129929,
