{
  "frames": [
    {
      "file_path": "/media/NFS/ttao/scannet/posed_images/scene0590_00/00003.jpg",
      "transform_matrix": [
        [
          -0.374789,
          0.101356,
          -0.921553,
          2.709779
        ],
        [
          0.925391,
          0.101404,
          -0.365197,
          2.903513
        ],
        [
          0.056434,
          -0.989669,
          -0.131799,
          1.615435
        ],
        [
          0.0,
          0.0,
          0.0,
          1.0
        ]
      ]
    },
    {
      "file_path": "/media/NFS/ttao/scannet/posed_images/scene0590_00/00013.jpg",
      "transform_matrix": [
        [
          -0.368523,
          0.103243,
          -0.923868,
          2.681504
        ],
        [
          0.927353,
          0.110172,
          -0.357601,
          2.84573
        ],
        [
          0.064865,
          -0.988536,
          -0.136344,
          1.625624
        ],
        [
          0.0,
          0.0,
          0.0,
          1.0
        ]
      ]
    },
    {
      "file_path": "/media/NFS/ttao/scannet/posed_images/scene0590_00/00016.jpg",
      "transform_matrix": [
        [
          -0.35815,
          0.098135,
          -0.928493,
          2.671073
        ],
        [
          0.932122,
          0.094716,
          -0.349539,
          2.812352
        ],
        [
          0.053642,
          -0.990656,
          -0.125396,
          1.628087
        ],
        [
          0.0,
          0.0,
          0.0,
          1.0
        ]
      ]
    },
    {
      "file_path": "/media/NFS/ttao/scannet/posed_images/scene0590_00/00030.jpg",
      "transform_matrix": [
        [
          -0.290113,
          0.068756,
          -0.954519,
          2.593289
        ],
        [
          0.956841,
          0.038556,
          -0.288042,
          2.65924
        ],
        [
          0.016998,
          -0.996888,
          -0.076974,
          1.664333
        ],
        [
          0.0,
          0.0,
          0.0,
          1.0
        ]
      ]
    },
    {
      "file_path": "/media/NFS/ttao/scannet/posed_images/scene0590_00/00035.jpg",
      "transform_matrix": [
        [
          -0.292216,
          0.062494,
          -0.954308,
          2.548815
        ],
        [
          0.956211,
          0.03626,
          -0.290424,
          2.623123
        ],
        [
          0.016453,
          -0.997387,
          -0.070353,
          1.669435
        ],
        [
          0.0,
          0.0,
          0.0,
          1.0
        ]
      ]
    },
    {
      "file_path": "/media/NFS/ttao/scannet/posed_images/scene0590_00/00046.jpg",
      "transform_matrix": [
        [
          -0.323802,
          0.036262,
          -0.94543,
          2.410842
        ],
        [
          0.945711,
          0.041955,
          -0.322289,
          2.567765
        ],
        [
          0.027979,
          -0.998461,
          -0.047878,
          1.682477
        ],
        [
          0.0,
          0.0,
          0.0,
          1.0
        ]
      ]
    },
    {
      "file_path": "/media/NFS/ttao/scannet/posed_images/scene0590_00/00056.jpg",
      "transform_matrix": [
        [
          -0.315674,
          0.031118,
          -0.948357,
          2.27613
        ],
        [
          0.94596,
          0.088509,
          -0.311971,
          2.550916
        ],
        [
          0.07423,
          -0.995589,
          -0.057376,
          1.700816
        ],
        [
          0.0,
          0.0,
          0.0,
          1.0
        ]
      ]
    },
    {
      "file_path": "/media/NFS/ttao/scannet/posed_images/scene0590_00/00065.jpg",
      "transform_matrix": [
        [
          -0.328847,
          0.043188,
          -0.943395,
          2.182524
        ],
        [
          0.942171,
          0.083348,
          -0.324604,
          2.520472
        ],
        [
          0.064611,
          -0.995584,
          -0.068099,
          1.716986
        ],
        [
          0.0,
          0.0,
          0.0,
          1.0
        ]
      ]
    },
    {
      "file_path": "/media/NFS/ttao/scannet/posed_images/scene0590_00/00070.jpg",
      "transform_matrix": [
        [
          -0.288001,
          0.080625,
          -0.95423,
          2.128771
        ],
        [
          0.955534,
          0.090091,
          -0.280783,
          2.490297
        ],
        [
          0.063329,
          -0.992665,
          -0.102987,
          1.711907
        ],
        [
          0.0,
          0.0,
          0.0,
          1.0
        ]
      ]
    },
    {
      "file_path": "/media/NFS/ttao/scannet/posed_images/scene0590_00/00081.jpg",
      "transform_matrix": [
        [
          -0.19352,
          0.243434,
          -0.950416,
          2.044316
        ],
        [
          0.981064,
          0.055839,
          -0.185458,
          2.44776
        ],
        [
          0.007923,
          -0.968309,
          -0.24963,
          1.679778
        ],
        [
          0.0,
          0.0,
          0.0,
          1.0
        ]
      ]
    },
    {
      "file_path": "/media/NFS/ttao/scannet/posed_images/scene0590_00/00089.jpg",
      "transform_matrix": [
        [
          -0.227162,
          0.333708,
          -0.914897,
          2.025959
        ],
        [
          0.973606,
          0.099164,
          -0.205569,
          2.442875
        ],
        [
          0.022125,
          -0.937446,
          -0.347426,
          1.642485
        ],
        [
          0.0,
          0.0,
          0.0,
          1.0
        ]
      ]
    },
    {
      "file_path": "/media/NFS/ttao/scannet/posed_images/scene0590_00/00099.jpg",
      "transform_matrix": [
        [
          -0.261519,
          0.376669,
          -0.888666,
          2.018256
        ],
        [
          0.964889,
          0.125347,
          -0.230821,
          2.436878
        ],
        [
          0.024449,
          -0.917828,
          -0.396224,
          1.598537
        ],
        [
          0.0,
          0.0,
          0.0,
          1.0
        ]
      ]
    },
    {
      "file_path": "/media/NFS/ttao/scannet/posed_images/scene0590_00/00105.jpg",
      "transform_matrix": [
        [
          -0.247953,
          0.428053,
          -0.869074,
          2.010744
        ],
        [
          0.968771,
          0.108142,
          -0.223133,
          2.451472
        ],
        [
          -0.001529,
          -0.89726,
          -0.441499,
          1.576329
        ],
        [
          0.0,
          0.0,
          0.0,
          1.0
        ]
      ]
    },
    {
      "file_path": "/media/NFS/ttao/scannet/posed_images/scene0590_00/00118.jpg",
      "transform_matrix": [
        [
          -0.169144,
          0.522733,
          -0.835548,
          2.000438
        ],
        [
          0.985203,
          0.065872,
          -0.158229,
          2.473382
        ],
        [
          -0.027672,
          -0.849948,
          -0.52614,
          1.528101
        ],
        [
          0.0,
          0.0,
          0.0,
          1.0
        ]
      ]
    },
    {
      "file_path": "/media/NFS/ttao/scannet/posed_images/scene0590_00/00124.jpg",
      "transform_matrix": [
        [
          -0.11459,
          0.542371,
          -0.832288,
          2.001892
        ],
        [
          0.992721,
          0.031248,
          -0.116316,
          2.47012
        ],
        [
          -0.037079,
          -0.839558,
          -0.542004,
          1.505626
        ],
        [
          0.0,
          0.0,
          0.0,
          1.0
        ]
      ]
    },
    {
      "file_path": "/media/NFS/ttao/scannet/posed_images/scene0590_00/00140.jpg",
      "transform_matrix": [
        [
          0.063402,
          0.562333,
          -0.824477,
          1.974674
        ],
        [
          0.997701,
          -0.055511,
          0.038862,
          2.506343
        ],
        [
          -0.023914,
          -0.825046,
          -0.56456,
          1.484398
        ],
        [
          0.0,
          0.0,
          0.0,
          1.0
        ]
      ]
    },
    {
      "file_path": "/media/NFS/ttao/scannet/posed_images/scene0590_00/00148.jpg",
      "transform_matrix": [
        [
          0.091555,
          0.563295,
          -0.821168,
          1.969502
        ],
        [
          0.995641,
          -0.066541,
          0.065363,
          2.518831
        ],
        [
          -0.017823,
          -0.823572,
          -0.566932,
          1.484275
        ],
        [
          0.0,
          0.0,
          0.0,
          1.0
        ]
      ]
    },
    {
      "file_path": "/media/NFS/ttao/scannet/posed_images/scene0590_00/00156.jpg",
      "transform_matrix": [
        [
          0.096135,
          0.564869,
          -0.819562,
          1.965262
        ],
        [
          0.995281,
          -0.065464,
          0.071627,
          2.500969
        ],
        [
          -0.013192,
          -0.82258,
          -0.568497,
          1.474123
        ],
        [
          0.0,
          0.0,
          0.0,
          1.0
        ]
      ]
    },
    {
      "file_path": "/media/NFS/ttao/scannet/posed_images/scene0590_00/00159.jpg",
      "transform_matrix": [
        [
          0.097679,
          0.565814,
          -0.818726,
          1.96061
        ],
        [
          0.995159,
          -0.064489,
          0.074161,
          2.491074
        ],
        [
          -0.010837,
          -0.822007,
          -0.569374,
          1.468894
        ],
        [
          0.0,
          0.0,
          0.0,
          1.0
        ]
      ]
    },
    {
      "file_path": "/media/NFS/ttao/scannet/posed_images/scene0590_00/00169.jpg",
      "transform_matrix": [
        [
          0.156235,
          0.604616,
          -0.781044,
          1.916286
        ],
        [
          0.987506,
          -0.112058,
          0.110789,
          2.459414
        ],
        [
          -0.020537,
          -0.788595,
          -0.61457,
          1.436008
        ],
        [
          0.0,
          0.0,
          0.0,
          1.0
        ]
      ]
    },
    {
      "file_path": "/media/NFS/ttao/scannet/posed_images/scene0590_00/00180.jpg",
      "transform_matrix": [
        [
          0.249982,
          0.655839,
          -0.712309,
          1.82079
        ],
        [
          0.968158,
          -0.17946,
          0.174538,
          2.444638
        ],
        [
          -0.013362,
          -0.733259,
          -0.679818,
          1.39726
        ],
        [
          0.0,
          0.0,
          0.0,
          1.0
        ]
      ]
    },
    {
      "file_path": "/media/NFS/ttao/scannet/posed_images/scene0590_00/00191.jpg",
      "transform_matrix": [
        [
          0.340871,
          0.634994,
          -0.693246,
          1.662087
        ],
        [
          0.939786,
          -0.249529,
          0.233533,
          2.425049
        ],
        [
          -0.024693,
          -0.731108,
          -0.681815,
          1.412627
        ],
        [
          0.0,
          0.0,
          0.0,
          1.0
        ]
      ]
    },
    {
      "file_path": "/media/NFS/ttao/scannet/posed_images/scene0590_00/00199.jpg",
      "transform_matrix": [
        [
          0.32096,
          0.627366,
          -0.709504,
          1.582281
        ],
        [
          0.947088,
          -0.214947,
          0.238374,
          2.385422
        ],
        [
          -0.002958,
          -0.748472,
          -0.663161,
          1.457418
        ],
        [
          0.0,
          0.0,
          0.0,
          1.0
        ]
      ]
    },
    {
      "file_path": "/media/NFS/ttao/scannet/posed_images/scene0590_00/00210.jpg",
      "transform_matrix": [
        [
          0.264674,
          0.544631,
          -0.795817,
          1.594168
        ],
        [
          0.962835,
          -0.195299,
          0.186565,
          2.312243
        ],
        [
          -0.053813,
          -0.81562,
          -0.576081,
          1.552809
        ],
        [
          0.0,
          0.0,
          0.0,
          1.0
        ]
      ]
    },
    {
      "file_path": "/media/NFS/ttao/scannet/posed_images/scene0590_00/00218.jpg",
      "transform_matrix": [
        [
          0.152936,
          0.534441,
          -0.831254,
          1.64207
        ],
        [
          0.986246,
          -0.135899,
          0.094077,
          2.270544
        ],
        [
          -0.062688,
          -0.834209,
          -0.547874,
          1.575908
        ],
        [
          0.0,
          0.0,
          0.0,
          1.0
        ]
      ]
    },
    {
      "file_path": "/media/NFS/ttao/scannet/posed_images/scene0590_00/00223.jpg",
      "transform_matrix": [
        [
          0.062953,
          0.514824,
          -0.854981,
          1.673967
        ],
        [
          0.995823,
          -0.089175,
          0.019627,
          2.28179
        ],
        [
          -0.066138,
          -0.852645,
          -0.518288,
          1.58637
        ],
        [
          0.0,
          0.0,
          0.0,
          1.0
        ]
      ]
    },
    {
      "file_path": "/media/NFS/ttao/scannet/posed_images/scene0590_00/00234.jpg",
      "transform_matrix": [
        [
          -0.164266,
          0.444994,
          -0.880339,
          1.753479
        ],
        [
          0.986268,
          0.058646,
          -0.154387,
          2.35279
        ],
        [
          -0.017073,
          -0.893611,
          -0.448517,
          1.618333
        ],
        [
          0.0,
          0.0,
          0.0,
          1.0
        ]
      ]
    },
    {
      "file_path": "/media/NFS/ttao/scannet/posed_images/scene0590_00/00239.jpg",
      "transform_matrix": [
        [
          -0.262187,
          0.416584,
          -0.870469,
          1.797863
        ],
        [
          0.964998,
          0.118883,
          -0.233765,
          2.389841
        ],
        [
          0.006101,
          -0.901291,
          -0.433172,
          1.629126
        ],
        [
          0.0,
          0.0,
          0.0,
          1.0
        ]
      ]
    },
    {
      "file_path": "/media/NFS/ttao/scannet/posed_images/scene0590_00/00255.jpg",
      "transform_matrix": [
        [
          -0.499255,
          0.228923,
          -0.835666,
          1.988183
        ],
        [
          0.866223,
          0.154168,
          -0.475278,
          2.49487
        ],
        [
          0.020031,
          -0.961159,
          -0.275268,
          1.692277
        ],
        [
          0.0,
          0.0,
          0.0,
          1.0
        ]
      ]
    },
    {
      "file_path": "/media/NFS/ttao/scannet/posed_images/scene0590_00/00264.jpg",
      "transform_matrix": [
        [
          -0.52528,
          0.18584,
          -0.830388,
          2.14045
        ],
        [
          0.850752,
          0.134633,
          -0.508031,
          2.553057
        ],
        [
          0.017385,
          -0.973313,
          -0.228824,
          1.721845
        ],
        [
          0.0,
          0.0,
          0.0,
          1.0
        ]
      ]
    },
    {
      "file_path": "/media/NFS/ttao/scannet/posed_images/scene0590_00/00269.jpg",
      "transform_matrix": [
        [
          -0.535778,
          0.141904,
          -0.832349,
          2.227368
        ],
        [
          0.843897,
          0.122589,
          -0.522312,
          2.596897
        ],
        [
          0.027919,
          -0.98226,
          -0.185433,
          1.736502
        ],
        [
          0.0,
          0.0,
          0.0,
          1.0
        ]
      ]
    },
    {
      "file_path": "/media/NFS/ttao/scannet/posed_images/scene0590_00/00280.jpg",
      "transform_matrix": [
        [
          -0.59737,
          0.033609,
          -0.801261,
          2.40543
        ],
        [
          0.800049,
          0.094012,
          -0.592523,
          2.702358
        ],
        [
          0.055414,
          -0.995004,
          -0.083049,
          1.736076
        ],
        [
          0.0,
          0.0,
          0.0,
          1.0
        ]
      ]
    },
    {
      "file_path": "/media/NFS/ttao/scannet/posed_images/scene0590_00/00288.jpg",
      "transform_matrix": [
        [
          -0.648542,
          0.052288,
          -0.75938,
          2.526896
        ],
        [
          0.758191,
          0.132674,
          -0.638391,
          2.745548
        ],
        [
          0.06737,
          -0.98978,
          -0.125689,
          1.732426
        ],
        [
          0.0,
          0.0,
          0.0,
          1.0
        ]
      ]
    },
    {
      "file_path": "/media/NFS/ttao/scannet/posed_images/scene0590_00/00301.jpg",
      "transform_matrix": [
        [
          -0.684106,
          -0.049222,
          -0.72772,
          2.737818
        ],
        [
          0.724567,
          0.068595,
          -0.685782,
          2.777195
        ],
        [
          0.083673,
          -0.99643,
          -0.011261,
          1.699793
        ],
        [
          0.0,
          0.0,
          0.0,
          1.0
        ]
      ]
    },
    {
      "file_path": "/media/NFS/ttao/scannet/posed_images/scene0590_00/00309.jpg",
      "transform_matrix": [
        [
          -0.695469,
          -0.000392,
          -0.718556,
          2.871042
        ],
        [
          0.717974,
          0.039887,
          -0.694927,
          2.780347
        ],
        [
          0.028933,
          -0.999204,
          -0.027459,
          1.704216
        ],
        [
          0.0,
          0.0,
          0.0,
          1.0
        ]
      ]
    },
    {
      "file_path": "/media/NFS/ttao/scannet/posed_images/scene0590_00/00315.jpg",
      "transform_matrix": [
        [
          -0.697402,
          -0.016374,
          -0.716493,
          2.954502
        ],
        [
          0.715838,
          0.032549,
          -0.697508,
          2.800603
        ],
        [
          0.034742,
          -0.999336,
          -0.010979,
          1.691122
        ],
        [
          0.0,
          0.0,
          0.0,
          1.0
        ]
      ]
    },
    {
      "file_path": "/media/NFS/ttao/scannet/posed_images/scene0590_00/00325.jpg",
      "transform_matrix": [
        [
          -0.678457,
          0.015808,
          -0.734469,
          3.045438
        ],
        [
          0.73068,
          0.118187,
          -0.672413,
          2.856071
        ],
        [
          0.076176,
          -0.992866,
          -0.091736,
          1.648922
        ],
        [
          0.0,
          0.0,
          0.0,
          1.0
        ]
      ]
    },
    {
      "file_path": "/media/NFS/ttao/scannet/posed_images/scene0590_00/00333.jpg",
      "transform_matrix": [
        [
          -0.606969,
          0.101844,
          -0.788173,
          3.069079
        ],
        [
          0.790403,
          0.18065,
          -0.585344,
          2.905774
        ],
        [
          0.082769,
          -0.97826,
          -0.190147,
          1.61594
        ],
        [
          0.0,
          0.0,
          0.0,
          1.0
        ]
      ]
    },
    {
      "file_path": "/media/NFS/ttao/scannet/posed_images/scene0590_00/00344.jpg",
      "transform_matrix": [
        [
          -0.529031,
          0.165089,
          -0.832389,
          3.106822
        ],
        [
          0.846467,
          0.172195,
          -0.503827,
          2.960744
        ],
        [
          0.060157,
          -0.971131,
          -0.23084,
          1.576083
        ],
        [
          0.0,
          0.0,
          0.0,
          1.0
        ]
      ]
    },
    {
      "file_path": "/media/NFS/ttao/scannet/posed_images/scene0590_00/00347.jpg",
      "transform_matrix": [
        [
          -0.507246,
          0.16378,
          -0.846096,
          3.113412
        ],
        [
          0.859426,
          0.168979,
          -0.482528,
          2.96269
        ],
        [
          0.063944,
          -0.971917,
          -0.226471,
          1.574289
        ],
        [
          0.0,
          0.0,
          0.0,
          1.0
        ]
      ]
    },
    {
      "file_path": "/media/NFS/ttao/scannet/posed_images/scene0590_00/00363.jpg",
      "transform_matrix": [
        [
          -0.363035,
          0.188991,
          -0.912408,
          3.167467
        ],
        [
          0.9292,
          0.14618,
          -0.339438,
          2.900349
        ],
        [
          0.069225,
          -0.971038,
          -0.228679,
          1.543935
        ],
        [
          0.0,
          0.0,
          0.0,
          1.0
        ]
      ]
    },
    {
      "file_path": "/media/NFS/ttao/scannet/posed_images/scene0590_00/00366.jpg",
      "transform_matrix": [
        [
          -0.345808,
          0.207409,
          -0.915095,
          3.185108
        ],
        [
          0.936473,
          0.1372,
          -0.32279,
          2.877064
        ],
        [
          0.058602,
          -0.968586,
          -0.241678,
          1.532797
        ],
        [
          0.0,
          0.0,
          0.0,
          1.0
        ]
      ]
    },
    {
      "file_path": "/media/NFS/ttao/scannet/posed_images/scene0590_00/00374.jpg",
      "transform_matrix": [
        [
          -0.274031,
          0.285852,
          -0.918257,
          3.229067
        ],
        [
          0.961481,
          0.102751,
          -0.254944,
          2.820952
        ],
        [
          0.021475,
          -0.952749,
          -0.302999,
          1.50742
        ],
        [
          0.0,
          0.0,
          0.0,
          1.0
        ]
      ]
    },
    {
      "file_path": "/media/NFS/ttao/scannet/posed_images/scene0590_00/00390.jpg",
      "transform_matrix": [
        [
          -0.071045,
          0.346547,
          -0.935338,
          3.22666
        ],
        [
          0.997114,
          0.049845,
          -0.057269,
          2.79653
        ],
        [
          0.026776,
          -0.936707,
          -0.349088,
          1.476079
        ],
        [
          0.0,
          0.0,
          0.0,
          1.0
        ]
      ]
    },
    {
      "file_path": "/media/NFS/ttao/scannet/posed_images/scene0590_00/00393.jpg",
      "transform_matrix": [
        [
          -0.037341,
          0.350294,
          -0.935895,
          3.207109
        ],
        [
          0.999187,
          0.027318,
          -0.029642,
          2.797538
        ],
        [
          0.015184,
          -0.936241,
          -0.351029,
          1.482056
        ],
        [
          0.0,
          0.0,
          0.0,
          1.0
        ]
      ]
    },
    {
      "file_path": "/media/NFS/ttao/scannet/posed_images/scene0590_00/00409.jpg",
      "transform_matrix": [
        [
          0.152687,
          0.153802,
          -0.976233,
          3.153531
        ],
        [
          0.988274,
          -0.024926,
          0.150644,
          2.760188
        ],
        [
          -0.001164,
          -0.987787,
          -0.155805,
          1.57968
        ],
        [
          0.0,
          0.0,
          0.0,
          1.0
        ]
      ]
    },
    {
      "file_path": "/media/NFS/ttao/scannet/posed_images/scene0590_00/00417.jpg",
      "transform_matrix": [
        [
          0.282283,
          0.020374,
          -0.959115,
          3.146979
        ],
        [
          0.959188,
          -0.023259,
          0.281811,
          2.694395
        ],
        [
          -0.016567,
          -0.999522,
          -0.026109,
          1.630699
        ],
        [
          0.0,
          0.0,
          0.0,
          1.0
        ]
      ]
    },
    {
      "file_path": "/media/NFS/ttao/scannet/posed_images/scene0590_00/00425.jpg",
      "transform_matrix": [
        [
          0.392808,
          -0.069923,
          -0.916958,
          3.155757
        ],
        [
          0.917858,
          -0.031881,
          0.395625,
          2.61644
        ],
        [
          -0.056897,
          -0.997043,
          0.051656,
          1.66298
        ],
        [
          0.0,
          0.0,
          0.0,
          1.0
        ]
      ]
    },
    {
      "file_path": "/media/NFS/ttao/scannet/posed_images/scene0590_00/00430.jpg",
      "transform_matrix": [
        [
          0.4415,
          -0.092917,
          -0.892437,
          3.169338
        ],
        [
          0.895203,
          -0.021716,
          0.445129,
          2.576857
        ],
        [
          -0.06074,
          -0.995437,
          0.073592,
          1.681399
        ],
        [
          0.0,
          0.0,
          0.0,
          1.0
        ]
      ]
    },
    {
      "file_path": "/media/NFS/ttao/scannet/posed_images/scene0590_00/00444.jpg",
      "transform_matrix": [
        [
          0.504816,
          -0.184876,
          -0.843197,
          3.231263
        ],
        [
          0.85997,
          0.022934,
          0.509829,
          2.511569
        ],
        [
          -0.074917,
          -0.982494,
          0.170565,
          1.724644
        ],
        [
          0.0,
          0.0,
          0.0,
          1.0
        ]
      ]
    },
    {
      "file_path": "/media/NFS/ttao/scannet/posed_images/scene0590_00/00449.jpg",
      "transform_matrix": [
        [
          0.52308,
          -0.192381,
          -0.830287,
          3.265356
        ],
        [
          0.849778,
          0.043073,
          0.525378,
          2.491439
        ],
        [
          -0.06531,
          -0.980375,
          0.186012,
          1.759982
        ],
        [
          0.0,
          0.0,
          0.0,
          1.0
        ]
      ]
    },
    {
      "file_path": "/media/NFS/ttao/scannet/posed_images/scene0590_00/00454.jpg",
      "transform_matrix": [
        [
          0.548104,
          -0.170531,
          -0.818841,
          3.292878
        ],
        [
          0.834495,
          0.045282,
          0.549152,
          2.469829
        ],
        [
          -0.056569,
          -0.984312,
          0.167126,
          1.748899
        ],
        [
          0.0,
          0.0,
          0.0,
          1.0
        ]
      ]
    },
    {
      "file_path": "/media/NFS/ttao/scannet/posed_images/scene0590_00/00465.jpg",
      "transform_matrix": [
        [
          0.611041,
          -0.073087,
          -0.788218,
          3.339708
        ],
        [
          0.789379,
          -0.018264,
          0.613634,
          2.435694
        ],
        [
          -0.059245,
          -0.997158,
          0.046533,
          1.677622
        ],
        [
          0.0,
          0.0,
          0.0,
          1.0
        ]
      ]
    },
    {
      "file_path": "/media/NFS/ttao/scannet/posed_images/scene0590_00/00473.jpg",
      "transform_matrix": [
        [
          0.649087,
          0.006321,
          -0.760688,
          3.342293
        ],
        [
          0.760064,
          -0.046717,
          0.648167,
          2.40323
        ],
        [
          -0.03144,
          -0.998888,
          -0.035128,
          1.617498
        ],
        [
          0.0,
          0.0,
          0.0,
          1.0
        ]
      ]
    },
    {
      "file_path": "/media/NFS/ttao/scannet/posed_images/scene0590_00/00481.jpg",
      "transform_matrix": [
        [
          0.719592,
          0.041531,
          -0.693154,
          3.328936
        ],
        [
          0.69337,
          -0.097253,
          0.713989,
          2.403263
        ],
        [
          -0.037758,
          -0.994393,
          -0.098779,
          1.575162
        ],
        [
          0.0,
          0.0,
          0.0,
          1.0
        ]
      ]
    },
    {
      "file_path": "/media/NFS/ttao/scannet/posed_images/scene0590_00/00495.jpg",
      "transform_matrix": [
        [
          0.820443,
          0.119418,
          -0.559118,
          3.244354
        ],
        [
          0.568116,
          -0.280044,
          0.773834,
          2.308423
        ],
        [
          -0.064168,
          -0.952531,
          -0.297604,
          1.502939
        ],
        [
          0.0,
          0.0,
          0.0,
          1.0
        ]
      ]
    },
    {
      "file_path": "/media/NFS/ttao/scannet/posed_images/scene0590_00/00500.jpg",
      "transform_matrix": [
        [
          0.820099,
          0.14046,
          -0.554715,
          3.251922
        ],
        [
          0.565816,
          -0.343689,
          0.749486,
          2.295574
        ],
        [
          -0.085376,
          -0.92852,
          -0.361333,
          1.47035
        ],
        [
          0.0,
          0.0,
          0.0,
          1.0
        ]
      ]
    },
    {
      "file_path": "/media/NFS/ttao/scannet/posed_images/scene0590_00/00508.jpg",
      "transform_matrix": [
        [
          0.822154,
          0.144158,
          -0.55071,
          3.252706
        ],
        [
          0.561466,
          -0.364936,
          0.742683,
          2.253689
        ],
        [
          -0.09391,
          -0.919804,
          -0.380974,
          1.437677
        ],
        [
          0.0,
          0.0,
          0.0,
          1.0
        ]
      ]
    },
    {
      "file_path": "/media/NFS/ttao/scannet/posed_images/scene0590_00/00522.jpg",
      "transform_matrix": [
        [
          0.858855,
          0.164563,
          -0.485063,
          3.332344
        ],
        [
          0.504924,
          -0.431253,
          0.747712,
          2.235358
        ],
        [
          -0.086139,
          -0.887096,
          -0.453476,
          1.409195
        ],
        [
          0.0,
          0.0,
          0.0,
          1.0
        ]
      ]
    },
    {
      "file_path": "/media/NFS/ttao/scannet/posed_images/scene0590_00/00527.jpg",
      "transform_matrix": [
        [
          0.87775,
          0.159993,
          -0.451617,
          3.363952
        ],
        [
          0.472383,
          -0.446493,
          0.759933,
          2.227274
        ],
        [
          -0.08006,
          -0.880368,
          -0.467487,
          1.404119
        ],
        [
          0.0,
          0.0,
          0.0,
          1.0
        ]
      ]
    },
    {
      "file_path": "/media/NFS/ttao/scannet/posed_images/scene0590_00/00543.jpg",
      "transform_matrix": [
        [
          0.97865,
          0.032126,
          -0.203008,
          3.464804
        ],
        [
          0.194465,
          -0.464498,
          0.863959,
          2.255539
        ],
        [
          -0.066541,
          -0.884991,
          -0.460829,
          1.402797
        ],
        [
          0.0,
          0.0,
          0.0,
          1.0
        ]
      ]
    },
    {
      "file_path": "/media/NFS/ttao/scannet/posed_images/scene0590_00/00551.jpg",
      "transform_matrix": [
        [
          0.994266,
          -0.034438,
          -0.101238,
          3.477685
        ],
        [
          0.075817,
          -0.44062,
          0.894486,
          2.275743
        ],
        [
          -0.075412,
          -0.897033,
          -0.435482,
          1.411165
        ],
        [
          0.0,
          0.0,
          0.0,
          1.0
        ]
      ]
    },
    {
      "file_path": "/media/NFS/ttao/scannet/posed_images/scene0590_00/00559.jpg",
      "transform_matrix": [
        [
          0.992905,
          -0.110961,
          -0.04275,
          3.431814
        ],
        [
          -0.008676,
          -0.426155,
          0.904609,
          2.275535
        ],
        [
          -0.118594,
          -0.89782,
          -0.424094,
          1.428685
        ],
        [
          0.0,
          0.0,
          0.0,
          1.0
        ]
      ]
    },
    {
      "file_path": "/media/NFS/ttao/scannet/posed_images/scene0590_00/00562.jpg",
      "transform_matrix": [
        [
          0.992135,
          -0.120963,
          -0.032187,
          3.406671
        ],
        [
          -0.023179,
          -0.430237,
          0.902419,
          2.274553
        ],
        [
          -0.123007,
          -0.894575,
          -0.429657,
          1.438802
        ],
        [
          0.0,
          0.0,
          0.0,
          1.0
        ]
      ]
    },
    {
      "file_path": "/media/NFS/ttao/scannet/posed_images/scene0590_00/00573.jpg",
      "transform_matrix": [
        [
          0.98003,
          -0.186162,
          0.069894,
          3.358205
        ],
        [
          -0.138192,
          -0.384873,
          0.912565,
          2.257641
        ],
        [
          -0.142985,
          -0.904,
          -0.402913,
          1.461645
        ],
        [
          0.0,
          0.0,
          0.0,
          1.0
        ]
      ]
    },
    {
      "file_path": "/media/NFS/ttao/scannet/posed_images/scene0590_00/00586.jpg",
      "transform_matrix": [
        [
          0.971381,
          -0.171466,
          0.164371,
          3.353212
        ],
        [
          -0.206329,
          -0.266297,
          0.941549,
          2.238904
        ],
        [
          -0.117672,
          -0.948518,
          -0.294054,
          1.500757
        ],
        [
          0.0,
          0.0,
          0.0,
          1.0
        ]
      ]
    },
    {
      "file_path": "/media/NFS/ttao/scannet/posed_images/scene0590_00/00589.jpg",
      "transform_matrix": [
        [
          0.971188,
          -0.171417,
          0.165561,
          3.348188
        ],
        [
          -0.207539,
          -0.266874,
          0.941119,
          2.236978
        ],
        [
          -0.11714,
          -0.948364,
          -0.294761,
          1.500589
        ],
        [
          0.0,
          0.0,
          0.0,
          1.0
        ]
      ]
    },
    {
      "file_path": "/media/NFS/ttao/scannet/posed_images/scene0590_00/00600.jpg",
      "transform_matrix": [
        [
          0.975203,
          -0.187891,
          0.116946,
          3.317228
        ],
        [
          -0.173763,
          -0.322791,
          0.930383,
          2.23744
        ],
        [
          -0.137061,
          -0.927633,
          -0.347435,
          1.457902
        ],
        [
          0.0,
          0.0,
          0.0,
          1.0
        ]
      ]
    },
    {
      "file_path": "/media/NFS/ttao/scannet/posed_images/scene0590_00/00613.jpg",
      "transform_matrix": [
        [
          0.979963,
          -0.197372,
          0.02679,
          3.298712
        ],
        [
          -0.115282,
          -0.452345,
          0.884361,
          2.312349
        ],
        [
          -0.16243,
          -0.869729,
          -0.466035,
          1.414033
        ],
        [
          0.0,
          0.0,
          0.0,
          1.0
        ]
      ]
    },
    {
      "file_path": "/media/NFS/ttao/scannet/posed_images/scene0590_00/00624.jpg",
      "transform_matrix": [
        [
          0.976495,
          -0.214007,
          0.025673,
          3.300894
        ],
        [
          -0.136174,
          -0.520209,
          0.843113,
          2.44572
        ],
        [
          -0.167076,
          -0.826792,
          -0.537123,
          1.370905
        ],
        [
          0.0,
          0.0,
          0.0,
          1.0
        ]
      ]
    },
    {
      "file_path": "/media/NFS/ttao/scannet/posed_images/scene0590_00/00629.jpg",
      "transform_matrix": [
        [
          0.976366,
          -0.214201,
          0.028779,
          3.310037
        ],
        [
          -0.140672,
          -0.528746,
          0.837042,
          2.502855
        ],
        [
          -0.164078,
          -0.821307,
          -0.546382,
          1.372038
        ],
        [
          0.0,
          0.0,
          0.0,
          1.0
        ]
      ]
    },
    {
      "file_path": "/media/NFS/ttao/scannet/posed_images/scene0590_00/00635.jpg",
      "transform_matrix": [
        [
          0.97379,
          -0.213997,
          0.077062,
          3.325607
        ],
        [
          -0.181463,
          -0.526684,
          0.830467,
          2.55039
        ],
        [
          -0.13713,
          -0.822684,
          -0.551712,
          1.375254
        ],
        [
          0.0,
          0.0,
          0.0,
          1.0
        ]
      ]
    },
    {
      "file_path": "/media/NFS/ttao/scannet/posed_images/scene0590_00/00651.jpg",
      "transform_matrix": [
        [
          0.87913,
          -0.341395,
          0.332536,
          3.347319
        ],
        [
          -0.46359,
          -0.450774,
          0.762815,
          2.680901
        ],
        [
          -0.110523,
          -0.824774,
          -0.554557,
          1.3725
        ],
        [
          0.0,
          0.0,
          0.0,
          1.0
        ]
      ]
    },
    {
      "file_path": "/media/NFS/ttao/scannet/posed_images/scene0590_00/00656.jpg",
      "transform_matrix": [
        [
          0.824119,
          -0.395015,
          0.405944,
          3.322214
        ],
        [
          -0.553023,
          -0.406217,
          0.727429,
          2.731372
        ],
        [
          -0.122444,
          -0.823985,
          -0.553224,
          1.374299
        ],
        [
          0.0,
          0.0,
          0.0,
          1.0
        ]
      ]
    },
    {
      "file_path": "/media/NFS/ttao/scannet/posed_images/scene0590_00/00661.jpg",
      "transform_matrix": [
        [
          0.783637,
          -0.430174,
          0.448177,
          3.314674
        ],
        [
          -0.609449,
          -0.39259,
          0.6888,
          2.764816
        ],
        [
          -0.120354,
          -0.81291,
          -0.569818,
          1.370728
        ],
        [
          0.0,
          0.0,
          0.0,
          1.0
        ]
      ]
    },
    {
      "file_path": "/media/NFS/ttao/scannet/posed_images/scene0590_00/00678.jpg",
      "transform_matrix": [
        [
          0.565925,
          -0.531684,
          0.630112,
          3.361716
        ],
        [
          -0.821829,
          -0.30282,
          0.482595,
          2.851894
        ],
        [
          -0.065778,
          -0.790957,
          -0.608326,
          1.366381
        ],
        [
          0.0,
          0.0,
          0.0,
          1.0
        ]
      ]
    },
    {
      "file_path": "/media/NFS/ttao/scannet/posed_images/scene0590_00/00686.jpg",
      "transform_matrix": [
        [
          0.530096,
          -0.513516,
          0.674759,
          3.439072
        ],
        [
          -0.845557,
          -0.260544,
          0.465994,
          2.900043
        ],
        [
          -0.063491,
          -0.817569,
          -0.572321,
          1.377324
        ],
        [
          0.0,
          0.0,
          0.0,
          1.0
        ]
      ]
    },
    {
      "file_path": "/media/NFS/ttao/scannet/posed_images/scene0590_00/00688.jpg",
      "transform_matrix": [
        [
          0.522601,
          -0.51051,
          0.682838,
          3.456984
        ],
        [
          -0.850389,
          -0.254779,
          0.460354,
          2.911236
        ],
        [
          -0.061042,
          -0.82126,
          -0.56728,
          1.377258
