{
  "frames": [
    {
      "file_path": "/media/NFS/ttao/scannet/posed_images/scene0374_00/00000.jpg",
      "transform_matrix": [
        [
          0.647178,
          -0.18987,
          0.738316,
          2.677589
        ],
        [
          -0.758036,
          -0.263037,
          0.59682,
          6.012852
        ],
        [
          0.080886,
          -0.945918,
          -0.31416,
          1.558149
        ],
        [
          0.0,
          0.0,
          0.0,
          1.0
        ]
      ]
    },
    {
      "file_path": "/media/NFS/ttao/scannet/posed_images/scene0374_00/00005.jpg",
      "transform_matrix": [
        [
          0.642761,
          -0.178152,
          0.745064,
          2.674271
        ],
        [
          -0.761633,
          -0.253101,
          0.596536,
          5.998494
        ],
        [
          0.082303,
          -0.950895,
          -0.29837,
          1.561251
        ],
        [
          0.0,
          0.0,
          0.0,
          1.0
        ]
      ]
    },
    {
      "file_path": "/media/NFS/ttao/scannet/posed_images/scene0374_00/00010.jpg",
      "transform_matrix": [
        [
          0.633711,
          -0.178142,
          0.752778,
          2.668072
        ],
        [
          -0.769241,
          -0.247922,
          0.5889,
          6.019086
        ],
        [
          0.081722,
          -0.95226,
          -0.294145,
          1.585823
        ],
        [
          0.0,
          0.0,
          0.0,
          1.0
        ]
      ]
    },
    {
      "file_path": "/media/NFS/ttao/scannet/posed_images/scene0374_00/00015.jpg",
      "transform_matrix": [
        [
          0.627203,
          -0.164049,
          0.761383,
          2.671085
        ],
        [
          -0.774334,
          -0.236523,
          0.58691,
          6.023131
        ],
        [
          0.083802,
          -0.957677,
          -0.275377,
          1.620505
        ],
        [
          0.0,
          0.0,
          0.0,
          1.0
        ]
      ]
    },
    {
      "file_path": "/media/NFS/ttao/scannet/posed_images/scene0374_00/00025.jpg",
      "transform_matrix": [
        [
          0.620164,
          -0.085563,
          0.779792,
          2.678318
        ],
        [
          -0.780391,
          -0.16855,
          0.602147,
          6.003426
        ],
        [
          0.079913,
          -0.981973,
          -0.171301,
          1.682208
        ],
        [
          0.0,
          0.0,
          0.0,
          1.0
        ]
      ]
    },
    {
      "file_path": "/media/NFS/ttao/scannet/posed_images/scene0374_00/00026.jpg",
      "transform_matrix": [
        [
          0.620835,
          -0.078848,
          0.779966,
          2.679292
        ],
        [
          -0.779979,
          -0.162033,
          0.604466,
          6.002433
        ],
        [
          0.078719,
          -0.98363,
          -0.162096,
          1.686085
        ],
        [
          0.0,
          0.0,
          0.0,
          1.0
        ]
      ]
    },
    {
      "file_path": "/media/NFS/ttao/scannet/posed_images/scene0374_00/00035.jpg",
      "transform_matrix": [
        [
          0.595779,
          -0.048833,
          0.801663,
          2.69056
        ],
        [
          -0.800634,
          -0.115032,
          0.588008,
          5.974329
        ],
        [
          0.063502,
          -0.992161,
          -0.107631,
          1.708488
        ],
        [
          0.0,
          0.0,
          0.0,
          1.0
        ]
      ]
    },
    {
      "file_path": "/media/NFS/ttao/scannet/posed_images/scene0374_00/00039.jpg",
      "transform_matrix": [
        [
          0.588432,
          -0.042245,
          0.807443,
          2.692367
        ],
        [
          -0.805749,
          -0.113649,
          0.581251,
          5.970631
        ],
        [
          0.06721,
          -0.992622,
          -0.100914,
          1.720884
        ],
        [
          0.0,
          0.0,
          0.0,
          1.0
        ]
      ]
    },
    {
      "file_path": "/media/NFS/ttao/scannet/posed_images/scene0374_00/00046.jpg",
      "transform_matrix": [
        [
          0.570243,
          -0.070127,
          0.818478,
          2.690229
        ],
        [
          -0.819328,
          -0.120562,
          0.560506,
          5.986446
        ],
        [
          0.059371,
          -0.990226,
          -0.126207,
          1.707201
        ],
        [
          0.0,
          0.0,
          0.0,
          1.0
        ]
      ]
    },
    {
      "file_path": "/media/NFS/ttao/scannet/posed_images/scene0374_00/00049.jpg",
      "transform_matrix": [
        [
          0.562016,
          -0.072536,
          0.82394,
          2.688976
        ],
        [
          -0.825327,
          -0.114851,
          0.552851,
          5.980008
        ],
        [
          0.054529,
          -0.990731,
          -0.124414,
          1.705897
        ],
        [
          0.0,
          0.0,
          0.0,
          1.0
        ]
      ]
    },
    {
      "file_path": "/media/NFS/ttao/scannet/posed_images/scene0374_00/00054.jpg",
      "transform_matrix": [
        [
          0.551902,
          -0.077293,
          0.83032,
          2.684796
        ],
        [
          -0.831864,
          -0.120725,
          0.54169,
          5.997632
        ],
        [
          0.058372,
          -0.989672,
          -0.130926,
          1.691535
        ],
        [
          0.0,
          0.0,
          0.0,
          1.0
        ]
      ]
    },
    {
      "file_path": "/media/NFS/ttao/scannet/posed_images/scene0374_00/00059.jpg",
      "transform_matrix": [
        [
          0.550093,
          -0.082477,
          0.83102,
          2.684105
        ],
        [
          -0.832369,
          -0.134608,
          0.537627,
          6.003276
        ],
        [
          0.06752,
          -0.98746,
          -0.142698,
          1.678048
        ],
        [
          0.0,
          0.0,
          0.0,
          1.0
        ]
      ]
    },
    {
      "file_path": "/media/NFS/ttao/scannet/posed_images/scene0374_00/00067.jpg",
      "transform_matrix": [
        [
          0.565537,
          -0.10198,
          0.818394,
          2.691048
        ],
        [
          -0.822585,
          -0.141156,
          0.550844,
          6.00061
        ],
        [
          0.059347,
          -0.984721,
          -0.163716,
          1.672511
        ],
        [
          0.0,
          0.0,
          0.0,
          1.0
        ]
      ]
    },
    {
      "file_path": "/media/NFS/ttao/scannet/posed_images/scene0374_00/00074.jpg",
      "transform_matrix": [
        [
          0.544287,
          -0.127061,
          0.829221,
          2.687052
        ],
        [
          -0.835418,
          -0.172049,
          0.521992,
          6.019916
        ],
        [
          0.076341,
          -0.97686,
          -0.199793,
          1.647084
        ],
        [
          0.0,
          0.0,
          0.0,
          1.0
        ]
      ]
    },
    {
      "file_path": "/media/NFS/ttao/scannet/posed_images/scene0374_00/00079.jpg",
      "transform_matrix": [
        [
          0.547283,
          -0.149599,
          0.823469,
          2.686961
        ],
        [
          -0.832793,
          -0.195246,
          0.51801,
          6.026722
        ],
        [
          0.083285,
          -0.969277,
          -0.23144,
          1.628736
        ],
        [
          0.0,
          0.0,
          0.0,
          1.0
        ]
      ]
    },
    {
      "file_path": "/media/NFS/ttao/scannet/posed_images/scene0374_00/00081.jpg",
      "transform_matrix": [
        [
          0.537645,
          -0.149177,
          0.82987,
          2.686823
        ],
        [
          -0.838145,
          -0.201862,
          0.506719,
          6.049834
        ],
        [
          0.091928,
          -0.967987,
          -0.233562,
          1.624287
        ],
        [
          0.0,
          0.0,
          0.0,
          1.0
        ]
      ]
    },
    {
      "file_path": "/media/NFS/ttao/scannet/posed_images/scene0374_00/00087.jpg",
      "transform_matrix": [
        [
          0.526537,
          -0.189647,
          0.82873,
          2.67243
        ],
        [
          -0.845933,
          -0.213878,
          0.488523,
          6.080225
        ],
        [
          0.084601,
          -0.958275,
          -0.273043,
          1.569968
        ],
        [
          0.0,
          0.0,
          0.0,
          1.0
        ]
      ]
    },
    {
      "file_path": "/media/NFS/ttao/scannet/posed_images/scene0374_00/00092.jpg",
      "transform_matrix": [
        [
          0.510018,
          -0.241922,
          0.825443,
          2.693169
        ],
        [
          -0.857402,
          -0.219827,
          0.465337,
          6.085968
        ],
        [
          0.068879,
          -0.945066,
          -0.31954,
          1.541537
        ],
        [
          0.0,
          0.0,
          0.0,
          1.0
        ]
      ]
    },
    {
      "file_path": "/media/NFS/ttao/scannet/posed_images/scene0374_00/00100.jpg",
      "transform_matrix": [
        [
          0.435931,
          -0.32304,
          0.840005,
          2.730349
        ],
        [
          -0.89718,
          -0.229558,
          0.377322,
          6.096251
        ],
        [
          0.07094,
          -0.918122,
          -0.389897,
          1.471561
        ],
        [
          0.0,
          0.0,
          0.0,
          1.0
        ]
      ]
    },
    {
      "file_path": "/media/NFS/ttao/scannet/posed_images/scene0374_00/00107.jpg",
      "transform_matrix": [
        [
          0.395289,
          -0.360072,
          0.845041,
          2.783217
        ],
        [
          -0.913829,
          -0.247371,
          0.322062,
          6.112175
        ],
        [
          0.093073,
          -0.899531,
          -0.426828,
          1.444087
        ],
        [
          0.0,
          0.0,
          0.0,
          1.0
        ]
      ]
    },
    {
      "file_path": "/media/NFS/ttao/scannet/posed_images/scene0374_00/00110.jpg",
      "transform_matrix": [
        [
          0.38672,
          -0.342175,
          0.856367,
          2.805963
        ],
        [
          -0.916039,
          -0.249669,
          0.313908,
          6.113356
        ],
        [
          0.106397,
          -0.90586,
          -0.409997,
          1.432924
        ],
        [
          0.0,
          0.0,
          0.0,
          1.0
        ]
      ]
    },
    {
      "file_path": "/media/NFS/ttao/scannet/posed_images/scene0374_00/00115.jpg",
      "transform_matrix": [
        [
          0.392195,
          -0.366416,
          0.843755,
          2.83566
        ],
        [
          -0.913615,
          -0.262043,
          0.310871,
          6.120854
        ],
        [
          0.107192,
          -0.892789,
          -0.437536,
          1.413666
        ],
        [
          0.0,
          0.0,
          0.0,
          1.0
        ]
      ]
    },
    {
      "file_path": "/media/NFS/ttao/scannet/posed_images/scene0374_00/00120.jpg",
      "transform_matrix": [
        [
          0.362506,
          -0.370846,
          0.855022,
          2.865005
        ],
        [
          -0.926056,
          -0.246619,
          0.285657,
          6.135075
        ],
        [
          0.104931,
          -0.89535,
          -0.432825,
          1.423211
        ],
        [
          0.0,
          0.0,
          0.0,
          1.0
        ]
      ]
    },
    {
      "file_path": "/media/NFS/ttao/scannet/posed_images/scene0374_00/00128.jpg",
      "transform_matrix": [
        [
          0.272853,
          -0.315939,
          0.908699,
          2.882636
        ],
        [
          -0.952888,
          -0.218834,
          0.210037,
          6.203548
        ],
        [
          0.132496,
          -0.923198,
          -0.360765,
          1.442154
        ],
        [
          0.0,
          0.0,
          0.0,
          1.0
        ]
      ]
    },
    {
      "file_path": "/media/NFS/ttao/scannet/posed_images/scene0374_00/00133.jpg",
      "transform_matrix": [
        [
          0.229498,
          -0.304225,
          0.924542,
          2.88312
        ],
        [
          -0.967799,
          -0.172262,
          0.183552,
          6.281166
        ],
        [
          0.103422,
          -0.936896,
          -0.333962,
          1.454938
        ],
        [
          0.0,
          0.0,
          0.0,
          1.0
        ]
      ]
    },
    {
      "file_path": "/media/NFS/ttao/scannet/posed_images/scene0374_00/00138.jpg",
      "transform_matrix": [
        [
          0.206193,
          -0.290515,
          0.93439,
          2.879839
        ],
        [
          -0.972771,
          -0.164137,
          0.16363,
          6.351489
        ],
        [
          0.105831,
          -0.942688,
          -0.316448,
          1.448864
        ],
        [
          0.0,
          0.0,
          0.0,
          1.0
        ]
      ]
    },
    {
      "file_path": "/media/NFS/ttao/scannet/posed_images/scene0374_00/00143.jpg",
      "transform_matrix": [
        [
          0.193303,
          -0.252483,
          0.948096,
          2.892561
        ],
        [
          -0.974797,
          -0.159122,
          0.156372,
          6.409989
        ],
        [
          0.111381,
          -0.954428,
          -0.276879,
          1.468873
        ],
        [
          0.0,
          0.0,
          0.0,
          1.0
        ]
      ]
    },
    {
      "file_path": "/media/NFS/ttao/scannet/posed_images/scene0374_00/00150.jpg",
      "transform_matrix": [
        [
          0.216539,
          -0.231751,
          0.948368,
          2.912268
        ],
        [
          -0.970501,
          -0.156587,
          0.183328,
          6.465873
        ],
        [
          0.106016,
          -0.96009,
          -0.258822,
          1.491929
        ],
        [
          0.0,
          0.0,
          0.0,
          1.0
        ]
      ]
    },
    {
      "file_path": "/media/NFS/ttao/scannet/posed_images/scene0374_00/00153.jpg",
      "transform_matrix": [
        [
          0.222644,
          -0.241182,
          0.944596,
          2.933294
        ],
        [
          -0.969176,
          -0.159594,
          0.187689,
          6.481706
        ],
        [
          0.105485,
          -0.957267,
          -0.269281,
          1.500397
        ],
        [
          0.0,
          0.0,
          0.0,
          1.0
        ]
      ]
    },
    {
      "file_path": "/media/NFS/ttao/scannet/posed_images/scene0374_00/00161.jpg",
      "transform_matrix": [
        [
          0.257879,
          -0.238862,
          0.936185,
          3.012056
        ],
        [
          -0.963785,
          -0.131741,
          0.231869,
          6.517961
        ],
        [
          0.067949,
          -0.962075,
          -0.264185,
          1.51548
        ],
        [
          0.0,
          0.0,
          0.0,
          1.0
        ]
      ]
    },
    {
      "file_path": "/media/NFS/ttao/scannet/posed_images/scene0374_00/00164.jpg",
      "transform_matrix": [
        [
          0.267754,
          -0.242791,
          0.932395,
          3.044496
        ],
        [
          -0.96018,
          -0.14736,
          0.237361,
          6.523446
        ],
        [
          0.079768,
          -0.958821,
          -0.272579,
          1.517498
        ],
        [
          0.0,
          0.0,
          0.0,
          1.0
        ]
      ]
    },
    {
      "file_path": "/media/NFS/ttao/scannet/posed_images/scene0374_00/00173.jpg",
      "transform_matrix": [
        [
          0.306255,
          -0.241196,
          0.920887,
          3.106468
        ],
        [
          -0.945668,
          -0.188034,
          0.265247,
          6.571157
        ],
        [
          0.109182,
          -0.952086,
          -0.285677,
          1.513015
        ],
        [
          0.0,
          0.0,
          0.0,
          1.0
        ]
      ]
    },
    {
      "file_path": "/media/NFS/ttao/scannet/posed_images/scene0374_00/00174.jpg",
      "transform_matrix": [
        [
          0.305218,
          -0.235037,
          0.922822,
          3.114588
        ],
        [
          -0.945442,
          -0.190739,
          0.264119,
          6.57056
        ],
        [
          0.11394,
          -0.953088,
          -0.28043,
          1.508082
        ],
        [
          0.0,
          0.0,
          0.0,
          1.0
        ]
      ]
    },
    {
      "file_path": "/media/NFS/ttao/scannet/posed_images/scene0374_00/00182.jpg",
      "transform_matrix": [
        [
          0.267847,
          -0.276301,
          0.922993,
          3.164996
        ],
        [
          -0.957341,
          -0.184134,
          0.222693,
          6.643536
        ],
        [
          0.108424,
          -0.943267,
          -0.313834,
          1.488954
        ],
        [
          0.0,
          0.0,
          0.0,
          1.0
        ]
      ]
    },
    {
      "file_path": "/media/NFS/ttao/scannet/posed_images/scene0374_00/00187.jpg",
      "transform_matrix": [
        [
          0.207012,
          -0.277413,
          0.938183,
          3.192388
        ],
        [
          -0.973071,
          -0.157763,
          0.16806,
          6.704859
        ],
        [
          0.101388,
          -0.947709,
          -0.302602,
          1.492775
        ],
        [
          0.0,
          0.0,
          0.0,
          1.0
        ]
      ]
    },
    {
      "file_path": "/media/NFS/ttao/scannet/posed_images/scene0374_00/00194.jpg",
      "transform_matrix": [
        [
          0.117466,
          -0.239162,
          0.963848,
          3.238044
        ],
        [
          -0.988975,
          -0.116296,
          0.091671,
          6.78676
        ],
        [
          0.090168,
          -0.96399,
          -0.250186,
          1.506612
        ],
        [
          0.0,
          0.0,
          0.0,
          1.0
        ]
      ]
    },
    {
      "file_path": "/media/NFS/ttao/scannet/posed_images/scene0374_00/00196.jpg",
      "transform_matrix": [
        [
          0.08945,
          -0.243808,
          0.96569,
          3.24959
        ],
        [
          -0.992508,
          -0.102835,
          0.065972,
          6.812311
        ],
        [
          0.083222,
          -0.964356,
          -0.25118,
          1.509453
        ],
        [
          0.0,
          0.0,
          0.0,
          1.0
        ]
      ]
    },
    {
      "file_path": "/media/NFS/ttao/scannet/posed_images/scene0374_00/00206.jpg",
      "transform_matrix": [
        [
          -0.026058,
          -0.242568,
          0.969784,
          3.314959
        ],
        [
          -0.995969,
          -0.076994,
          -0.04602,
          6.862873
        ],
        [
          0.08583,
          -0.967074,
          -0.239584,
          1.51943
        ],
        [
          0.0,
          0.0,
          0.0,
          1.0
        ]
      ]
    },
    {
      "file_path": "/media/NFS/ttao/scannet/posed_images/scene0374_00/00209.jpg",
      "transform_matrix": [
        [
          -0.044988,
          -0.241708,
          0.969306,
          3.333788
        ],
        [
          -0.995185,
          -0.07374,
          -0.064577,
          6.870248
        ],
        [
          0.087085,
          -0.967543,
          -0.237226,
          1.518185
        ],
        [
          0.0,
          0.0,
          0.0,
          1.0
        ]
      ]
    },
    {
      "file_path": "/media/NFS/ttao/scannet/posed_images/scene0374_00/00217.jpg",
      "transform_matrix": [
        [
          -0.086335,
          -0.233407,
          0.968539,
          3.396471
        ],
        [
          -0.994004,
          -0.045292,
          -0.099519,
          6.868425
        ],
        [
          0.067096,
          -0.971324,
          -0.228098,
          1.517157
        ],
        [
          0.0,
          0.0,
          0.0,
          1.0
        ]
      ]
    },
    {
      "file_path": "/media/NFS/ttao/scannet/posed_images/scene0374_00/00219.jpg",
      "transform_matrix": [
        [
          -0.090668,
          -0.230743,
          0.968781,
          3.409285
        ],
        [
          -0.993481,
          -0.04654,
          -0.104065,
          6.867226
        ],
        [
          0.0691,
          -0.971901,
          -0.225019,
          1.516106
        ],
        [
          0.0,
          0.0,
          0.0,
          1.0
        ]
      ]
    },
    {
      "file_path": "/media/NFS/ttao/scannet/posed_images/scene0374_00/00224.jpg",
      "transform_matrix": [
        [
          -0.118146,
          -0.240346,
          0.963471,
          3.446137
        ],
        [
          -0.990601,
          -0.038827,
          -0.131158,
          6.868236
        ],
        [
          0.068932,
          -0.969911,
          -0.233499,
          1.504949
        ],
        [
          0.0,
          0.0,
          0.0,
          1.0
        ]
      ]
    },
    {
      "file_path": "/media/NFS/ttao/scannet/posed_images/scene0374_00/00232.jpg",
      "transform_matrix": [
        [
          -0.195808,
          -0.272479,
          0.942026,
          3.484282
        ],
        [
          -0.977557,
          -0.021907,
          -0.20953,
          6.884718
        ],
        [
          0.07773,
          -0.961912,
          -0.262075,
          1.500573
        ],
        [
          0.0,
          0.0,
          0.0,
          1.0
        ]
      ]
    },
    {
      "file_path": "/media/NFS/ttao/scannet/posed_images/scene0374_00/00238.jpg",
      "transform_matrix": [
        [
          -0.269291,
          -0.271336,
          0.924045,
          3.506469
        ],
        [
          -0.956613,
          -0.035463,
          -0.289196,
          6.96139
        ],
        [
          0.111239,
          -0.961831,
          -0.250013,
          1.482726
        ],
        [
          0.0,
          0.0,
          0.0,
          1.0
        ]
      ]
    },
    {
      "file_path": "/media/NFS/ttao/scannet/posed_images/scene0374_00/00240.jpg",
      "transform_matrix": [
        [
          -0.286125,
          -0.266427,
          0.920407,
          3.509605
        ],
        [
          -0.952786,
          -0.022787,
          -0.302787,
          6.974607
        ],
        [
          0.101644,
          -0.963586,
          -0.247328,
          1.4862
        ],
        [
          0.0,
          0.0,
          0.0,
          1.0
        ]
      ]
    },
    {
      "file_path": "/media/NFS/ttao/scannet/posed_images/scene0374_00/00245.jpg",
      "transform_matrix": [
        [
          -0.32925,
          -0.252412,
          0.909881,
          3.516793
        ],
        [
          -0.939688,
          -0.006943,
          -0.341962,
          7.016578
        ],
        [
          0.092633,
          -0.967595,
          -0.234902,
          1.485162
        ],
        [
          0.0,
          0.0,
          0.0,
          1.0
        ]
      ]
    },
    {
      "file_path": "/media/NFS/ttao/scannet/posed_images/scene0374_00/00252.jpg",
      "transform_matrix": [
        [
          -0.381771,
          -0.240699,
          0.892365,
          3.518639
        ],
        [
          -0.919359,
          -0.000374,
          -0.393421,
          7.07658
        ],
        [
          0.09503,
          -0.9706,
          -0.221146,
          1.47633
        ],
        [
          0.0,
          0.0,
          0.0,
          1.0
        ]
      ]
    },
    {
      "file_path": "/media/NFS/ttao/scannet/posed_images/scene0374_00/00258.jpg",
      "transform_matrix": [
        [
          -0.4234,
          -0.258178,
          0.868376,
          3.517994
        ],
        [
          -0.9013,
          0.023121,
          -0.432579,
          7.112266
        ],
        [
          0.091605,
          -0.965821,
          -0.242485,
          1.471358
        ],
        [
          0.0,
          0.0,
          0.0,
          1.0
        ]
      ]
    },
    {
      "file_path": "/media/NFS/ttao/scannet/posed_images/scene0374_00/00263.jpg",
      "transform_matrix": [
        [
          -0.462647,
          -0.244128,
          0.852267,
          3.509865
        ],
        [
          -0.881536,
          0.024656,
          -0.471473,
          7.141416
        ],
        [
          0.094087,
          -0.969429,
          -0.226615,
          1.47277
        ],
        [
          0.0,
          0.0,
          0.0,
          1.0
        ]
      ]
    },
    {
      "file_path": "/media/NFS/ttao/scannet/posed_images/scene0374_00/00271.jpg",
      "transform_matrix": [
        [
          -0.49019,
          -0.266034,
          0.830024,
          3.485111
        ],
        [
          -0.862454,
          0.010334,
          -0.50603,
          7.178738
        ],
        [
          0.126043,
          -0.963908,
          -0.234508,
          1.456493
        ],
        [
          0.0,
          0.0,
          0.0,
          1.0
        ]
      ]
    },
    {
      "file_path": "/media/NFS/ttao/scannet/posed_images/scene0374_00/00276.jpg",
      "transform_matrix": [
        [
          -0.480719,
          -0.286858,
          0.828627,
          3.458184
        ],
        [
          -0.866534,
          0.010703,
          -0.499004,
          7.199801
        ],
        [
          0.134275,
          -0.957913,
          -0.253717,
          1.443885
        ],
        [
          0.0,
          0.0,
          0.0,
          1.0
        ]
      ]
    },
    {
      "file_path": "/media/NFS/ttao/scannet/posed_images/scene0374_00/00283.jpg",
      "transform_matrix": [
        [
          -0.490021,
          -0.321806,
          0.810136,
          3.434965
        ],
        [
          -0.855172,
          -0.002705,
          -0.518337,
          7.237846
        ],
        [
          0.168995,
          -0.946802,
          -0.273874,
          1.429379
        ],
        [
          0.0,
          0.0,
          0.0,
          1.0
        ]
      ]
    },
    {
      "file_path": "/media/NFS/ttao/scannet/posed_images/scene0374_00/00284.jpg",
      "transform_matrix": [
        [
          -0.484015,
          -0.329293,
          0.810738,
          3.429935
        ],
        [
          -0.85832,
          -0.001698,
          -0.513111,
          7.244365
        ],
        [
          0.170341,
          -0.944226,
          -0.281817,
          1.430542
        ],
        [
          0.0,
          0.0,
          0.0,
          1.0
        ]
      ]
    },
    {
      "file_path": "/media/NFS/ttao/scannet/posed_images/scene0374_00/00291.jpg",
      "transform_matrix": [
        [
          -0.50582,
          -0.34172,
          0.792069,
          3.426819
        ],
        [
          -0.847471,
          0.025421,
          -0.530233,
          7.293481
        ],
        [
          0.161056,
          -0.939458,
          -0.302457,
          1.447351
        ],
        [
          0.0,
          0.0,
          0.0,
          1.0
        ]
      ]
    },
    {
      "file_path": "/media/NFS/ttao/scannet/posed_images/scene0374_00/00298.jpg",
      "transform_matrix": [
        [
          -0.524038,
          -0.341798,
          0.780101,
          3.414187
        ],
        [
          -0.823716,
          -0.029442,
          -0.566237,
          7.358255
        ],
        [
          0.216507,
          -0.939312,
          -0.266116,
          1.433142
        ],
        [
          0.0,
          0.0,
          0.0,
          1.0
        ]
      ]
    },
    {
      "file_path": "/media/NFS/ttao/scannet/posed_images/scene0374_00/00301.jpg",
      "transform_matrix": [
        [
          -0.522768,
          -0.341159,
          0.781232,
          3.407263
        ],
        [
          -0.827047,
          -0.019189,
          -0.561805,
          7.385983
        ],
        [
          0.206656,
          -0.93981,
          -0.272124,
          1.428879
        ],
        [
          0.0,
          0.0,
          0.0,
          1.0
        ]
      ]
    },
    {
      "file_path": "/media/NFS/ttao/scannet/posed_images/scene0374_00/00306.jpg",
      "transform_matrix": [
        [
          -0.553894,
          -0.305807,
          0.774392,
          3.401633
        ],
        [
          -0.830602,
          0.138767,
          -0.539299,
          7.429514
        ],
        [
          0.057462,
          -0.941927,
          -0.330866,
          1.452173
        ],
        [
          0.0,
          0.0,
          0.0,
          1.0
        ]
      ]
    },
    {
      "file_path": "/media/NFS/ttao/scannet/posed_images/scene0374_00/00314.jpg",
      "transform_matrix": [
        [
          -0.624192,
          -0.191394,
          0.757465,
          3.384876
        ],
        [
          -0.781172,
          0.168341,
          -0.601192,
          7.466149
        ],
        [
          -0.012448,
          -0.966969,
          -0.254588,
          1.483141
        ],
        [
          0.0,
          0.0,
          0.0,
          1.0
        ]
      ]
    },
    {
      "file_path": "/media/NFS/ttao/scannet/posed_images/scene0374_00/00317.jpg",
      "transform_matrix": [
        [
          -0.639755,
          -0.176441,
          0.748052,
          3.387002
        ],
        [
          -0.768541,
          0.156541,
          -0.620354,
          7.474234
        ],
        [
          -0.007644,
          -0.971784,
          -0.23575,
          1.48842
        ],
        [
          0.0,
          0.0,
          0.0,
          1.0
        ]
      ]
    },
    {
      "file_path": "/media/NFS/ttao/scannet/posed_images/scene0374_00/00326.jpg",
      "transform_matrix": [
        [
          -0.729843,
          -0.119922,
          0.673014,
          3.465953
        ],
        [
          -0.68308,
          0.089006,
          -0.7249,
          7.465912
        ],
        [
          0.02703,
          -0.988786,
          -0.146877,
          1.492486
        ],
        [
          0.0,
          0.0,
          0.0,
          1.0
        ]
      ]
    },
    {
      "file_path": "/media/NFS/ttao/scannet/posed_images/scene0374_00/00332.jpg",
      "transform_matrix": [
        [
          -0.745574,
          -0.111849,
          0.656969,
          3.531764
        ],
        [
          -0.665071,
          0.062128,
          -0.744192,
          7.446725
        ],
        [
          0.042421,
          -0.991781,
          -0.120708,
          1.495418
        ],
        [
          0.0,
          0.0,
          0.0,
          1.0
        ]
      ]
    },
    {
      "file_path": "/media/NFS/ttao/scannet/posed_images/scene0374_00/00337.jpg",
      "transform_matrix": [
        [
          -0.746033,
          -0.115675,
          0.655786,
          3.57144
        ],
        [
          -0.664632,
          0.068375,
          -0.744036,
          7.424432
        ],
        [
          0.041227,
          -0.990931,
          -0.127892,
          1.492613
        ],
        [
          0.0,
          0.0,
          0.0,
          1.0
        ]
      ]
    },
    {
      "file_path": "/media/NFS/ttao/scannet/posed_images/scene0374_00/00342.jpg",
      "transform_matrix": [
        [
          -0.762841,
          -0.121206,
          0.635124,
          3.612653
        ],
        [
          -0.645046,
          0.074899,
          -0.760464,
          7.412648
        ],
        [
          0.044603,
          -0.989798,
          -0.13532,
          1.493412
        ],
        [
          0.0,
          0.0,
          0.0,
          1.0
        ]
      ]
    },
    {
      "file_path": "/media/NFS/ttao/scannet/posed_images/scene0374_00/00344.jpg",
      "transform_matrix": [
        [
          -0.766882,
          -0.124754,
          0.629546,
          3.628857
        ],
        [
          -0.639782,
          0.071108,
          -0.76526,
          7.412708
        ],
        [
          0.050703,
          -0.989636,
          -0.134347,
          1.492685
        ],
        [
          0.0,
          0.0,
          0.0,
          1.0
        ]
      ]
    },
    {
      "file_path": "/media/NFS/ttao/scannet/posed_images/scene0374_00/00352.jpg",
      "transform_matrix": [
        [
          -0.757608,
          -0.160724,
          0.632612,
          3.708961
        ],
        [
          -0.64937,
          0.087686,
          -0.7554,
          7.4311
        ],
        [
          0.065939,
          -0.983097,
          -0.170801,
          1.473018
        ],
        [
          0.0,
          0.0,
          0.0,
          1.0
        ]
      ]
    },
    {
      "file_path": "/media/NFS/ttao/scannet/posed_images/scene0374_00/00358.jpg",
      "transform_matrix": [
        [
          -0.760731,
          -0.168012,
          0.626945,
          3.792519
        ],
        [
          -0.646342,
          0.107666,
          -0.755414,
          7.461565
        ],
        [
          0.059418,
          -0.979888,
          -0.190498,
          1.451921
        ],
        [
          0.0,
          0.0,
          0.0,
          1.0
        ]
      ]
    },
    {
      "file_path": "/media/NFS/ttao/scannet/posed_images/scene0374_00/00360.jpg",
      "transform_matrix": [
        [
          -0.769117,
          -0.172297,
          0.615446,
          3.830133
        ],
        [
          -0.635865,
          0.109398,
          -0.764008,
          7.468625
        ],
        [
          0.064307,
          -0.978951,
          -0.193697,
          1.442634
        ],
        [
          0.0,
          0.0,
          0.0,
          1.0
        ]
      ]
    },
    {
      "file_path": "/media/NFS/ttao/scannet/posed_images/scene0374_00/00367.jpg",
      "transform_matrix": [
        [
          -0.781946,
          -0.221063,
          0.582831,
          3.942109
        ],
        [
          -0.616584,
          0.136945,
          -0.775288,
          7.469028
        ],
        [
          0.091572,
          -0.965597,
          -0.243388,
          1.408136
        ],
        [
          0.0,
          0.0,
          0.0,
          1.0
        ]
      ]
    },
    {
      "file_path": "/media/NFS/ttao/scannet/posed_images/scene0374_00/00372.jpg",
      "transform_matrix": [
        [
          -0.787463,
          -0.219293,
          0.576032,
          4.01636
        ],
        [
          -0.607204,
          0.11549,
          -0.786108,
          7.433628
        ],
        [
          0.105863,
          -0.9688,
          -0.2241,
          1.39358
        ],
        [
          0.0,
          0.0,
          0.0,
          1.0
        ]
      ]
    },
    {
      "file_path": "/media/NFS/ttao/scannet/posed_images/scene0374_00/00378.jpg",
      "transform_matrix": [
        [
          -0.769149,
          -0.245751,
          0.589929,
          4.116216
        ],
        [
          -0.627689,
          0.117075,
          -0.76961,
          7.361164
        ],
        [
          0.120067,
          -0.962237,
          -0.244303,
          1.377906
        ],
        [
          0.0,
          0.0,
          0.0,
          1.0
        ]
      ]
    },
    {
      "file_path": "/media/NFS/ttao/scannet/posed_images/scene0374_00/00383.jpg",
      "transform_matrix": [
        [
          -0.749034,
          -0.232209,
          0.620506,
          4.188993
        ],
        [
          -0.651549,
          0.088346,
          -0.753445,
          7.29607
        ],
        [
          0.120137,
          -0.968646,
          -0.217469,
          1.380635
        ],
        [
          0.0,
          0.0,
          0.0,
          1.0
        ]
      ]
    },
    {
      "file_path": "/media/NFS/ttao/scannet/posed_images/scene0374_00/00390.jpg",
      "transform_matrix": [
        [
          -0.761079,
          -0.210188,
          0.613661,
          4.251664
        ],
        [
          -0.642891,
          0.118534,
          -0.756731,
          7.226416
        ],
        [
          0.086316,
          -0.970449,
          -0.225341,
          1.407744
        ],
        [
          0.0,
          0.0,
          0.0,
          1.0
        ]
      ]
    },
    {
      "file_path": "/media/NFS/ttao/scannet/posed_images/scene0374_00/00395.jpg",
      "transform_matrix": [
        [
          -0.781689,
          -0.183266,
          0.596134,
          4.292405
        ],
        [
          -0.620303,
          0.12929,
          -0.773633,
          7.186028
        ],
        [
          0.064706,
          -0.974524,
          -0.214745,
          1.407259
        ],
        [
          0.0,
          0.0,
          0.0,
          1.0
        ]
      ]
    },
    {
      "file_path": "/media/NFS/ttao/scannet/posed_images/scene0374_00/00399.jpg",
      "transform_matrix": [
        [
          -0.795612,
          -0.181558,
          0.57796,
          4.320476
        ],
        [
          -0.603087,
          0.147078,
          -0.783999,
          7.150801
        ],
        [
          0.057336,
          -0.972319,
          -0.226513,
          1.409823
        ],
        [
          0.0,
          0.0,
          0.0,
          1.0
        ]
      ]
    },
    {
      "file_path": "/media/NFS/ttao/scannet/posed_images/scene0374_00/00406.jpg",
      "transform_matrix": [
        [
          -0.857176,
          -0.167817,
          0.486915,
          4.411871
        ],
        [
          -0.509389,
          0.136788,
          -0.849595,
          7.09172
        ],
        [
          0.075972,
          -0.976282,
          -0.202735,
          1.426123
        ],
        [
          0.0,
          0.0,
          0.0,
          1.0
        ]
      ]
    },
    {
      "file_path": "/media/NFS/ttao/scannet/posed_images/scene0374_00/00414.jpg",
      "transform_matrix": [
        [
          -0.859538,
          -0.21709,
          0.462674,
          4.546555
        ],
        [
          -0.501013,
          0.179185,
          -0.846687,
          7.075833
        ],
        [
          0.100903,
          -0.959565,
          -0.262781,
          1.415269
        ],
        [
          0.0,
          0.0,
          0.0,
          1.0
        ]
      ]
    },
    {
      "file_path": "/media/NFS/ttao/scannet/posed_images/scene0374_00/00416.jpg",
      "transform_matrix": [
        [
          -0.865684,
          -0.194779,
          0.461143,
          4.580275
        ],
        [
          -0.493621,
          0.178951,
          -0.851067,
          7.076025
        ],
        [
          0.083248,
          -0.964385,
          -0.251061,
          1.411502
        ],
        [
          0.0,
          0.0,
          0.0,
          1.0
        ]
      ]
    },
    {
      "file_path": "/media/NFS/ttao/scannet/posed_images/scene0374_00/00424.jpg",
      "transform_matrix": [
        [
          -0.926909,
          -0.085838,
          0.365338,
          4.778244
        ],
        [
          -0.375212,
          0.231407,
          -0.89759,
          7.067161
        ],
        [
          -0.007494,
          -0.969063,
