{
  "frames": [
    {
      "file_path": "/media/NFS/ttao/scannet/posed_images/scene0432_01/00000.jpg",
      "transform_matrix": [
        [
          -0.992481,
          -0.018636,
          0.120973,
          1.190899
        ],
        [
          -0.118612,
          0.39043,
          -0.91296,
          5.065913
        ],
        [
          -0.030218,
          -0.920444,
          -0.389705,
          1.431756
        ],
        [
          0.0,
          0.0,
          0.0,
          1.0
        ]
      ]
    },
    {
      "file_path": "/media/NFS/ttao/scannet/posed_images/scene0432_01/00001.jpg",
      "transform_matrix": [
        [
          -0.990512,
          -0.009197,
          0.137122,
          1.189656
        ],
        [
          -0.130156,
          0.383079,
          -0.9145,
          5.025765
        ],
        [
          -0.044118,
          -0.92367,
          -0.380641,
          1.430185
        ],
        [
          0.0,
          0.0,
          0.0,
          1.0
        ]
      ]
    },
    {
      "file_path": "/media/NFS/ttao/scannet/posed_images/scene0432_01/00002.jpg",
      "transform_matrix": [
        [
          -0.988903,
          -0.00968,
          0.148247,
          1.174171
        ],
        [
          -0.140624,
          0.382823,
          -0.913056,
          5.011535
        ],
        [
          -0.047914,
          -0.923771,
          -0.379936,
          1.425075
        ],
        [
          0.0,
          0.0,
          0.0,
          1.0
        ]
      ]
    },
    {
      "file_path": "/media/NFS/ttao/scannet/posed_images/scene0432_01/00003.jpg",
      "transform_matrix": [
        [
          -0.987912,
          -0.014029,
          0.154378,
          1.169537
        ],
        [
          -0.147732,
          0.38685,
          -0.910232,
          4.991254
        ],
        [
          -0.046951,
          -0.922036,
          -0.384246,
          1.430849
        ],
        [
          0.0,
          0.0,
          0.0,
          1.0
        ]
      ]
    },
    {
      "file_path": "/media/NFS/ttao/scannet/posed_images/scene0432_01/00004.jpg",
      "transform_matrix": [
        [
          -0.986893,
          -0.022515,
          0.159799,
          1.168364
        ],
        [
          -0.156069,
          0.385041,
          -0.909608,
          4.973264
        ],
        [
          -0.041049,
          -0.922625,
          -0.383508,
          1.433297
        ],
        [
          0.0,
          0.0,
          0.0,
          1.0
        ]
      ]
    },
    {
      "file_path": "/media/NFS/ttao/scannet/posed_images/scene0432_01/00005.jpg",
      "transform_matrix": [
        [
          -0.985914,
          -0.02816,
          0.164864,
          1.164683
        ],
        [
          -0.163097,
          0.380198,
          -0.910411,
          4.95793
        ],
        [
          -0.037043,
          -0.924476,
          -0.379435,
          1.43268
        ],
        [
          0.0,
          0.0,
          0.0,
          1.0
        ]
      ]
    },
    {
      "file_path": "/media/NFS/ttao/scannet/posed_images/scene0432_01/00006.jpg",
      "transform_matrix": [
        [
          -0.985364,
          -0.03356,
          0.16713,
          1.162424
        ],
        [
          -0.167455,
          0.374027,
          -0.912175,
          4.949038
        ],
        [
          -0.031899,
          -0.92681,
          -0.374172,
          1.424386
        ],
        [
          0.0,
          0.0,
          0.0,
          1.0
        ]
      ]
    },
    {
      "file_path": "/media/NFS/ttao/scannet/posed_images/scene0432_01/00007.jpg",
      "transform_matrix": [
        [
          -0.985056,
          -0.03509,
          0.168623,
          1.156118
        ],
        [
          -0.169448,
          0.372865,
          -0.912282,
          4.934947
        ],
        [
          -0.030862,
          -0.927222,
          -0.373239,
          1.416568
        ],
        [
          0.0,
          0.0,
          0.0,
          1.0
        ]
      ]
    },
    {
      "file_path": "/media/NFS/ttao/scannet/posed_images/scene0432_01/00008.jpg",
      "transform_matrix": [
        [
          -0.985219,
          -0.036456,
          0.167378,
          1.159731
        ],
        [
          -0.16868,
          0.376775,
          -0.910817,
          4.917189
        ],
        [
          -0.029859,
          -0.925587,
          -0.377355,
          1.418989
        ],
        [
          0.0,
          0.0,
          0.0,
          1.0
        ]
      ]
    },
    {
      "file_path": "/media/NFS/ttao/scannet/posed_images/scene0432_01/00009.jpg",
      "transform_matrix": [
        [
          -0.985127,
          -0.033653,
          0.168503,
          1.159575
        ],
        [
          -0.168527,
          0.380603,
          -0.909253,
          4.904265
        ],
        [
          -0.033533,
          -0.924126,
          -0.380613,
          1.421015
        ],
        [
          0.0,
          0.0,
          0.0,
          1.0
        ]
      ]
    },
    {
      "file_path": "/media/NFS/ttao/scannet/posed_images/scene0432_01/00010.jpg",
      "transform_matrix": [
        [
          -0.983046,
          -0.032742,
          0.18041,
          1.135238
        ],
        [
          -0.179122,
          0.381745,
          -0.906745,
          4.889551
        ],
        [
          -0.039182,
          -0.923688,
          -0.381137,
          1.407109
        ],
        [
          0.0,
          0.0,
          0.0,
          1.0
        ]
      ]
    },
    {
      "file_path": "/media/NFS/ttao/scannet/posed_images/scene0432_01/00011.jpg",
      "transform_matrix": [
        [
          -0.982154,
          -0.034959,
          0.184801,
          1.137285
        ],
        [
          -0.183529,
          0.392949,
          -0.901059,
          4.879883
        ],
        [
          -0.041117,
          -0.918895,
          -0.392353,
          1.403101
        ],
        [
          0.0,
          0.0,
          0.0,
          1.0
        ]
      ]
    },
    {
      "file_path": "/media/NFS/ttao/scannet/posed_images/scene0432_01/00012.jpg",
      "transform_matrix": [
        [
          -0.980841,
          -0.039264,
          0.190815,
          1.127839
        ],
        [
          -0.190055,
          0.407997,
          -0.892983,
          4.848159
        ],
        [
          -0.04279,
          -0.912139,
          -0.407642,
          1.420238
        ],
        [
          0.0,
          0.0,
          0.0,
          1.0
        ]
      ]
    },
    {
      "file_path": "/media/NFS/ttao/scannet/posed_images/scene0432_01/00013.jpg",
      "transform_matrix": [
        [
          -0.981268,
          -0.039651,
          0.188523,
          1.134639
        ],
        [
          -0.188108,
          0.408383,
          -0.893218,
          4.838321
        ],
        [
          -0.041572,
          -0.911949,
          -0.408192,
          1.420843
        ],
        [
          0.0,
          0.0,
          0.0,
          1.0
        ]
      ]
    },
    {
      "file_path": "/media/NFS/ttao/scannet/posed_images/scene0432_01/00014.jpg",
      "transform_matrix": [
        [
          -0.981029,
          -0.036232,
          0.190443,
          1.127547
        ],
        [
          -0.188425,
          0.409179,
          -0.892787,
          4.822965
        ],
        [
          -0.045578,
          -0.911735,
          -0.408243,
          1.411731
        ],
        [
          0.0,
          0.0,
          0.0,
          1.0
        ]
      ]
    },
    {
      "file_path": "/media/NFS/ttao/scannet/posed_images/scene0432_01/00015.jpg",
      "transform_matrix": [
        [
          -0.981805,
          -0.032256,
          0.187135,
          1.13306
        ],
        [
          -0.183387,
          0.416835,
          -0.890291,
          4.810744
        ],
        [
          -0.049287,
          -0.90841,
          -0.415166,
          1.408914
        ],
        [
          0.0,
          0.0,
          0.0,
          1.0
        ]
      ]
    },
    {
      "file_path": "/media/NFS/ttao/scannet/posed_images/scene0432_01/00016.jpg",
      "transform_matrix": [
        [
          -0.983202,
          -0.033663,
          0.179389,
          1.144334
        ],
        [
          -0.176566,
          0.424402,
          -0.888092,
          4.796818
        ],
        [
          -0.046237,
          -0.904848,
          -0.423217,
          1.409908
        ],
        [
          0.0,
          0.0,
          0.0,
          1.0
        ]
      ]
    },
    {
      "file_path": "/media/NFS/ttao/scannet/posed_images/scene0432_01/00017.jpg",
      "transform_matrix": [
        [
          -0.98403,
          -0.034967,
          0.174537,
          1.144828
        ],
        [
          -0.172417,
          0.430986,
          -0.885733,
          4.770833
        ],
        [
          -0.044251,
          -0.901681,
          -0.430132,
          1.415036
        ],
        [
          0.0,
          0.0,
          0.0,
          1.0
        ]
      ]
    },
    {
      "file_path": "/media/NFS/ttao/scannet/posed_images/scene0432_01/00018.jpg",
      "transform_matrix": [
        [
          -0.98485,
          -0.03483,
          0.169872,
          1.1549
        ],
        [
          -0.1681,
          0.432245,
          -0.88595,
          4.754515
        ],
        [
          -0.042569,
          -0.901083,
          -0.431552,
          1.415327
        ],
        [
          0.0,
          0.0,
          0.0,
          1.0
        ]
      ]
    },
    {
      "file_path": "/media/NFS/ttao/scannet/posed_images/scene0432_01/00019.jpg",
      "transform_matrix": [
        [
          -0.984686,
          -0.035211,
          0.170742,
          1.1543
        ],
        [
          -0.16909,
          0.431332,
          -0.886206,
          4.734175
        ],
        [
          -0.042442,
          -0.901506,
          -0.430681,
          1.41478
        ],
        [
          0.0,
          0.0,
          0.0,
          1.0
        ]
      ]
    },
    {
      "file_path": "/media/NFS/ttao/scannet/posed_images/scene0432_01/00020.jpg",
      "transform_matrix": [
        [
          -0.985393,
          -0.02978,
          0.167671,
          1.161398
        ],
        [
          -0.16421,
          0.427015,
          -0.88921,
          4.721766
        ],
        [
          -0.045118,
          -0.903754,
          -0.425667,
          1.412053
        ],
        [
          0.0,
          0.0,
          0.0,
          1.0
        ]
      ]
    },
    {
      "file_path": "/media/NFS/ttao/scannet/posed_images/scene0432_01/00021.jpg",
      "transform_matrix": [
        [
          -0.985955,
          -0.024998,
          0.165129,
          1.166719
        ],
        [
          -0.160153,
          0.421937,
          -0.892368,
          4.704391
        ],
        [
          -0.047366,
          -0.906281,
          -0.420014,
          1.407754
        ],
        [
          0.0,
          0.0,
          0.0,
          1.0
        ]
      ]
    },
    {
      "file_path": "/media/NFS/ttao/scannet/posed_images/scene0432_01/00022.jpg",
      "transform_matrix": [
        [
          -0.986362,
          -0.021468,
          0.163185,
          1.167123
        ],
        [
          -0.157164,
          0.417323,
          -0.895065,
          4.683872
        ],
        [
          -0.048885,
          -0.908505,
          -0.415005,
          1.40297
        ],
        [
          0.0,
          0.0,
          0.0,
          1.0
        ]
      ]
    },
    {
      "file_path": "/media/NFS/ttao/scannet/posed_images/scene0432_01/00023.jpg",
      "transform_matrix": [
        [
          -0.987326,
          -0.018157,
          0.157661,
          1.172498
        ],
        [
          -0.150957,
          0.41401,
          -0.897668,
          4.66732
        ],
        [
          -0.048974,
          -0.910091,
          -0.411504,
          1.398335
        ],
        [
          0.0,
          0.0,
          0.0,
          1.0
        ]
      ]
    },
    {
      "file_path": "/media/NFS/ttao/scannet/posed_images/scene0432_01/00024.jpg",
      "transform_matrix": [
        [
          -0.989071,
          -0.014016,
          0.14677,
          1.186278
        ],
        [
          -0.139363,
          0.413805,
          -0.899635,
          4.651923
        ],
        [
          -0.048125,
          -0.910258,
          -0.411236,
          1.386273
        ],
        [
          0.0,
          0.0,
          0.0,
          1.0
        ]
      ]
    },
    {
      "file_path": "/media/NFS/ttao/scannet/posed_images/scene0432_01/00025.jpg",
      "transform_matrix": [
        [
          -0.989941,
          -0.013586,
          0.140827,
          1.193644
        ],
        [
          -0.133295,
          0.423219,
          -0.896168,
          4.631987
        ],
        [
          -0.047425,
          -0.905925,
          -0.420773,
          1.38668
        ],
        [
          0.0,
          0.0,
          0.0,
          1.0
        ]
      ]
    },
    {
      "file_path": "/media/NFS/ttao/scannet/posed_images/scene0432_01/00026.jpg",
      "transform_matrix": [
        [
          -0.990548,
          -0.018838,
          0.13587,
          1.204704
        ],
        [
          -0.130779,
          0.428514,
          -0.89402,
          4.615034
        ],
        [
          -0.041381,
          -0.903338,
          -0.426928,
          1.383773
        ],
        [
          0.0,
          0.0,
          0.0,
          1.0
        ]
      ]
    },
    {
      "file_path": "/media/NFS/ttao/scannet/posed_images/scene0432_01/00027.jpg",
      "transform_matrix": [
        [
          -0.990798,
          -0.027893,
          0.132441,
          1.21287
        ],
        [
          -0.131384,
          0.433268,
          -0.891637,
          4.59629
        ],
        [
          -0.032512,
          -0.900833,
          -0.432946,
          1.379578
        ],
        [
          0.0,
          0.0,
          0.0,
          1.0
        ]
      ]
    },
    {
      "file_path": "/media/NFS/ttao/scannet/posed_images/scene0432_01/00028.jpg",
      "transform_matrix": [
        [
          -0.990965,
          -0.037853,
          0.128671,
          1.218016
        ],
        [
          -0.132124,
          0.44054,
          -0.887957,
          4.575165
        ],
        [
          -0.023073,
          -0.896935,
          -0.441561,
          1.377771
        ],
        [
          0.0,
          0.0,
          0.0,
          1.0
        ]
      ]
    },
    {
      "file_path": "/media/NFS/ttao/scannet/posed_images/scene0432_01/00029.jpg",
      "transform_matrix": [
        [
          -0.990914,
          -0.045806,
          0.126457,
          1.219057
        ],
        [
          -0.133481,
          0.450315,
          -0.882836,
          4.548831
        ],
        [
          -0.016506,
          -0.891694,
          -0.452337,
          1.386555
        ],
        [
          0.0,
          0.0,
          0.0,
          1.0
        ]
      ]
    },
    {
      "file_path": "/media/NFS/ttao/scannet/posed_images/scene0432_01/00030.jpg",
      "transform_matrix": [
        [
          -0.992612,
          -0.043386,
          0.11331,
          1.25292
        ],
        [
          -0.12072,
          0.446851,
          -0.886426,
          4.536845
        ],
        [
          -0.012174,
          -0.893555,
          -0.448788,
          1.37648
        ],
        [
          0.0,
          0.0,
          0.0,
          1.0
        ]
      ]
    },
    {
      "file_path": "/media/NFS/ttao/scannet/posed_images/scene0432_01/00031.jpg",
      "transform_matrix": [
        [
          -0.992827,
          -0.038944,
          0.113042,
          1.250892
        ],
        [
          -0.118528,
          0.444729,
          -0.887788,
          4.517163
        ],
        [
          -0.015699,
          -0.894818,
          -0.446154,
          1.373092
        ],
        [
          0.0,
          0.0,
          0.0,
          1.0
        ]
      ]
    },
    {
      "file_path": "/media/NFS/ttao/scannet/posed_images/scene0432_01/00032.jpg",
      "transform_matrix": [
        [
          -0.993555,
          -0.028178,
          0.109792,
          1.264058
        ],
        [
          -0.110836,
          0.444406,
          -0.888943,
          4.503325
        ],
        [
          -0.023744,
          -0.895382,
          -0.444665,
          1.365046
        ],
        [
          0.0,
          0.0,
          0.0,
          1.0
        ]
      ]
    },
    {
      "file_path": "/media/NFS/ttao/scannet/posed_images/scene0432_01/00033.jpg",
      "transform_matrix": [
        [
          -0.993413,
          -0.01801,
          0.113162,
          1.265547
        ],
        [
          -0.109151,
          0.44929,
          -0.886693,
          4.487207
        ],
        [
          -0.034873,
          -0.893205,
          -0.448296,
          1.359104
        ],
        [
          0.0,
          0.0,
          0.0,
          1.0
        ]
      ]
    },
    {
      "file_path": "/media/NFS/ttao/scannet/posed_images/scene0432_01/00034.jpg",
      "transform_matrix": [
        [
          -0.992489,
          -0.011451,
          0.121798,
          1.265678
        ],
        [
          -0.1135,
          0.457682,
          -0.881842,
          4.46781
        ],
        [
          -0.045647,
          -0.889042,
          -0.455544,
          1.360933
        ],
        [
          0.0,
          0.0,
          0.0,
          1.0
        ]
      ]
    },
    {
      "file_path": "/media/NFS/ttao/scannet/posed_images/scene0432_01/00035.jpg",
      "transform_matrix": [
        [
          -0.991497,
          -0.009551,
          0.129778,
          1.268469
        ],
        [
          -0.119409,
          0.463156,
          -0.878196,
          4.447757
        ],
        [
          -0.05172,
          -0.886225,
          -0.460359,
          1.363602
        ],
        [
          0.0,
          0.0,
          0.0,
          1.0
        ]
      ]
    },
    {
      "file_path": "/media/NFS/ttao/scannet/posed_images/scene0432_01/00036.jpg",
      "transform_matrix": [
        [
          -0.990559,
          -0.010391,
          0.136696,
          1.262338
        ],
        [
          -0.125861,
          0.464171,
          -0.876758,
          4.430313
        ],
        [
          -0.05434,
          -0.885684,
          -0.461097,
          1.360689
        ],
        [
          0.0,
          0.0,
          0.0,
          1.0
        ]
      ]
    },
    {
      "file_path": "/media/NFS/ttao/scannet/posed_images/scene0432_01/00037.jpg",
      "transform_matrix": [
        [
          -0.990606,
          -0.011044,
          0.136304,
          1.256642
        ],
        [
          -0.125757,
          0.465117,
          -0.876271,
          4.413354
        ],
        [
          -0.05372,
          -0.88518,
          -0.462136,
          1.355054
        ],
        [
          0.0,
          0.0,
          0.0,
          1.0
        ]
      ]
    },
    {
      "file_path": "/media/NFS/ttao/scannet/posed_images/scene0432_01/00038.jpg",
      "transform_matrix": [
        [
          -0.991409,
          -0.012419,
          0.130212,
          1.25102
        ],
        [
          -0.120787,
          0.468953,
          -0.874925,
          4.390584
        ],
        [
          -0.050198,
          -0.883136,
          -0.466424,
          1.351879
        ],
        [
          0.0,
          0.0,
          0.0,
          1.0
        ]
      ]
    },
    {
      "file_path": "/media/NFS/ttao/scannet/posed_images/scene0432_01/00039.jpg",
      "transform_matrix": [
        [
          -0.992936,
          -0.016278,
          0.117528,
          1.260379
        ],
        [
          -0.111163,
          0.473913,
          -0.873527,
          4.371931
        ],
        [
          -0.041478,
          -0.880422,
          -0.472374,
          1.351627
        ],
        [
          0.0,
          0.0,
          0.0,
          1.0
        ]
      ]
    },
    {
      "file_path": "/media/NFS/ttao/scannet/posed_images/scene0432_01/00040.jpg",
      "transform_matrix": [
        [
          -0.994147,
          -0.018543,
          0.106431,
          1.269565
        ],
        [
          -0.10237,
          0.476508,
          -0.87319,
          4.355401
        ],
        [
          -0.034524,
          -0.878975,
          -0.475617,
          1.348386
        ],
        [
          0.0,
          0.0,
          0.0,
          1.0
        ]
      ]
    },
    {
      "file_path": "/media/NFS/ttao/scannet/posed_images/scene0432_01/00041.jpg",
      "transform_matrix": [
        [
          -0.994332,
          -0.024341,
          0.103494,
          1.274555
        ],
        [
          -0.102468,
          0.478985,
          -0.871822,
          4.334302
        ],
        [
          -0.028351,
          -0.877486,
          -0.478764,
          1.35043
        ],
        [
          0.0,
          0.0,
          0.0,
          1.0
        ]
      ]
    },
    {
      "file_path": "/media/NFS/ttao/scannet/posed_images/scene0432_01/00042.jpg",
      "transform_matrix": [
        [
          -0.993548,
          -0.030827,
          0.109141,
          1.269552
        ],
        [
          -0.110595,
          0.476483,
          -0.8722,
          4.316162
        ],
        [
          -0.025116,
          -0.878643,
          -0.476818,
          1.346815
        ],
        [
          0.0,
          0.0,
          0.0,
          1.0
        ]
      ]
    },
    {
      "file_path": "/media/NFS/ttao/scannet/posed_images/scene0432_01/00043.jpg",
      "transform_matrix": [
        [
          -0.992564,
          -0.037117,
          0.115925,
          1.266994
        ],
        [
          -0.119619,
          0.47371,
          -0.87252,
          4.303119
        ],
        [
          -0.022529,
          -0.879899,
          -0.474627,
          1.340247
        ],
        [
          0.0,
          0.0,
          0.0,
          1.0
        ]
      ]
    },
    {
      "file_path": "/media/NFS/ttao/scannet/posed_images/scene0432_01/00044.jpg",
      "transform_matrix": [
        [
          -0.991337,
          -0.040291,
          0.125013,
          1.257528
        ],
        [
          -0.129036,
          0.476452,
          -0.86968,
          4.280192
        ],
        [
          -0.024523,
          -0.878277,
          -0.477523,
          1.336973
        ],
        [
          0.0,
          0.0,
          0.0,
          1.0
        ]
      ]
    },
    {
      "file_path": "/media/NFS/ttao/scannet/posed_images/scene0432_01/00045.jpg",
      "transform_matrix": [
        [
          -0.990119,
          -0.043228,
          0.133402,
          1.249635
        ],
        [
          -0.137593,
          0.483134,
          -0.864668,
          4.254766
        ],
        [
          -0.027074,
          -0.874479,
          -0.484307,
          1.344697
        ],
        [
          0.0,
          0.0,
          0.0,
          1.0
        ]
      ]
    },
    {
      "file_path": "/media/NFS/ttao/scannet/posed_images/scene0432_01/00046.jpg",
      "transform_matrix": [
        [
          -0.988793,
          -0.041834,
          0.14331,
          1.241576
        ],
        [
          -0.145506,
          0.484846,
          -0.862411,
          4.229445
        ],
        [
          -0.033405,
          -0.873598,
          -0.4855,
          1.351852
        ],
        [
          0.0,
          0.0,
          0.0,
          1.0
        ]
      ]
    },
    {
      "file_path": "/media/NFS/ttao/scannet/posed_images/scene0432_01/00047.jpg",
      "transform_matrix": [
        [
          -0.987803,
          -0.036706,
          0.151322,
          1.235996
        ],
        [
          -0.150133,
          0.482283,
          -0.863054,
          4.209518
        ],
        [
          -0.041301,
          -0.875246,
          -0.481911,
          1.351305
        ],
        [
          0.0,
          0.0,
          0.0,
          1.0
        ]
      ]
    },
    {
      "file_path": "/media/NFS/ttao/scannet/posed_images/scene0432_01/00048.jpg",
      "transform_matrix": [
        [
          -0.986452,
          -0.03305,
          0.160686,
          1.231901
        ],
        [
          -0.15651,
          0.483124,
          -0.86145,
          4.192298
        ],
        [
          -0.04916,
          -0.874928,
          -0.481751,
          1.35375
        ],
        [
          0.0,
          0.0,
          0.0,
          1.0
        ]
      ]
    },
    {
      "file_path": "/media/NFS/ttao/scannet/posed_images/scene0432_01/00049.jpg",
      "transform_matrix": [
        [
          -0.984367,
          -0.035894,
          0.172435,
          1.234505
        ],
        [
          -0.168082,
          0.484016,
          -0.858765,
          4.166489
        ],
        [
          -0.052636,
          -0.874323,
          -0.482482,
          1.364974
        ],
        [
          0.0,
          0.0,
          0.0,
          1.0
        ]
      ]
    },
    {
      "file_path": "/media/NFS/ttao/scannet/posed_images/scene0432_01/00050.jpg",
      "transform_matrix": [
        [
          -0.978382,
          -0.045667,
          0.2017,
          1.192526
        ],
        [
          -0.198908,
          0.474741,
          -0.857354,
          4.142555
        ],
        [
          -0.056602,
          -0.87894,
          -0.473562,
          1.365682
        ],
        [
          0.0,
          0.0,
          0.0,
          1.0
        ]
      ]
    },
    {
      "file_path": "/media/NFS/ttao/scannet/posed_images/scene0432_01/00051.jpg",
      "transform_matrix": [
        [
          -0.975143,
          -0.050668,
          0.215707,
          1.181936
        ],
        [
          -0.214418,
          0.461255,
          -0.86097,
          4.122397
        ],
        [
          -0.055872,
          -0.88582,
          -0.460654,
          1.365663
        ],
        [
          0.0,
          0.0,
          0.0,
          1.0
        ]
      ]
    },
    {
      "file_path": "/media/NFS/ttao/scannet/posed_images/scene0432_01/00052.jpg",
      "transform_matrix": [
        [
          -0.973519,
          -0.052697,
          0.22245,
          1.1776
        ],
        [
          -0.221953,
          0.450946,
          -0.864514,
          4.109476
        ],
        [
          -0.054756,
          -0.890994,
          -0.4507,
          1.359725
        ],
        [
          0.0,
          0.0,
          0.0,
          1.0
        ]
      ]
    },
    {
      "file_path": "/media/NFS/ttao/scannet/posed_images/scene0432_01/00053.jpg",
      "transform_matrix": [
        [
          -0.972626,
          -0.057452,
          0.225162,
          1.178084
        ],
        [
          -0.226708,
          0.447311,
          -0.865168,
          4.097522
        ],
        [
          -0.051012,
          -0.892531,
          -0.448091,
          1.355213
        ],
        [
          0.0,
          0.0,
          0.0,
          1.0
        ]
      ]
    },
    {
      "file_path": "/media/NFS/ttao/scannet/posed_images/scene0432_01/00054.jpg",
      "transform_matrix": [
        [
          -0.971556,
          -0.064727,
          0.227791,
          1.179062
        ],
        [
          -0.232226,
          0.448747,
          -0.862958,
          4.0805
        ],
        [
          -0.046364,
          -0.891312,
          -0.451014,
          1.354549
        ],
        [
          0.0,
          0.0,
          0.0,
          1.0
        ]
      ]
    },
    {
      "file_path": "/media/NFS/ttao/scannet/posed_images/scene0432_01/00055.jpg",
      "transform_matrix": [
        [
          -0.969911,
          -0.072759,
          0.232334,
          1.178077
        ],
        [
          -0.239602,
          0.454492,
          -0.857921,
          4.058335
        ],
        [
          -0.043173,
          -0.887774,
          -0.45825,
          1.361198
        ],
        [
          0.0,
          0.0,
          0.0,
          1.0
        ]
      ]
    },
    {
      "file_path": "/media/NFS/ttao/scannet/posed_images/scene0432_01/00056.jpg",
      "transform_matrix": [
        [
          -0.968168,
          -0.078491,
          0.237677,
          1.178145
        ],
        [
          -0.246781,
          0.458043,
          -0.853988,
          4.037351
        ],
        [
          -0.041836,
          -0.885458,
          -0.462833,
          1.370637
        ],
        [
          0.0,
          0.0,
          0.0,
          1.0
        ]
      ]
    },
    {
      "file_path": "/media/NFS/ttao/scannet/posed_images/scene0432_01/00057.jpg",
      "transform_matrix": [
        [
          -0.966985,
          -0.082128,
          0.241238,
          1.18123
        ],
        [
          -0.251694,
          0.455965,
          -0.853666,
          4.017991
        ],
        [
          -0.039886,
          -0.8862,
          -0.461583,
          1.37718
        ],
        [
          0.0,
          0.0,
          0.0,
          1.0
        ]
      ]
    },
    {
      "file_path": "/media/NFS/ttao/scannet/posed_images/scene0432_01/00058.jpg",
      "transform_matrix": [
        [
          -0.966325,
          -0.081904,
          0.243944,
          1.184656
        ],
        [
          -0.254193,
          0.4513,
          -0.855403,
          4.000156
        ],
        [
          -0.040031,
          -0.888606,
          -0.456921,
          1.381094
        ],
        [
          0.0,
          0.0,
          0.0,
          1.0
        ]
      ]
    },
    {
      "file_path": "/media/NFS/ttao/scannet/posed_images/scene0432_01/00059.jpg",
      "transform_matrix": [
        [
          -0.965187,
          -0.081657,
          0.248488,
          1.18719
        ],
        [
          -0.258484,
          0.443078,
          -0.85841,
          3.985105
        ],
        [
          -0.040005,
          -0.892756,
          -0.44876,
          1.378599
        ],
        [
          0.0,
          0.0,
          0.0,
          1.0
        ]
      ]
    },
    {
      "file_path": "/media/NFS/ttao/scannet/posed_images/scene0432_01/00060.jpg",
      "transform_matrix": [
        [
          -0.961964,
          -0.082862,
          0.260307,
          1.173348
        ],
        [
          -0.269816,
          0.437209,
          -0.857932,
          3.963893
        ],
        [
          -0.042718,
          -0.895534,
          -0.442937,
          1.378422
        ],
        [
          0.0,
          0.0,
          0.0,
          1.0
        ]
      ]
    },
    {
      "file_path": "/media/NFS/ttao/scannet/posed_images/scene0432_01/00061.jpg",
      "transform_matrix": [
        [
          -0.96,
          -0.083095,
          0.267385,
          1.178434
        ],
        [
          -0.276579,
          0.430236,
          -0.859303,
          3.946411
        ],
        [
          -0.043635,
          -0.898884,
          -0.436009,
          1.379405
        ],
        [
          0.0,
          0.0,
          0.0,
          1.0
        ]
      ]
    },
    {
      "file_path": "/media/NFS/ttao/scannet/posed_images/scene0432_01/00062.jpg",
      "transform_matrix": [
        [
          -0.95784,
          -0.08381,
          0.274808,
          1.180363
        ],
        [
          -0.284019,
          0.420447,
          -0.861718,
          3.929621
        ],
        [
          -0.043321,
          -0.903438,
          -0.426524,
          1.376173
        ],
        [
          0.0,
          0.0,
          0.0,
          1.0
        ]
      ]
    },
    {
      "file_path": "/media/NFS/ttao/scannet/posed_images/scene0432_01/00063.jpg",
      "transform_matrix": [
        [
          -0.956818,
          -0.084502,
          0.278134,
          1.183222
        ],
        [
          -0.287703,
          0.41205,
          -0.864547,
          3.914017
        ],
        [
          -0.041549,
          -0.907234,
          -0.418568,
          1.371724
        ],
        [
          0.0,
          0.0,
          0.0,
          1.0
        ]
      ]
    },
    {
      "file_path": "/media/NFS/ttao/scannet/posed_images/scene0432_01/00064.jpg",
      "transform_matrix": [
        [
          -0.956145,
          -0.084949,
          0.280303,
          1.18305
        ],
        [
          -0.290091,
          0.406728,
          -0.866268,
          3.892772
        ],
        [
          -0.040418,
          -0.909591,
          -0.413534,
          1.373295
        ],
        [
          0.0,
          0.0,
          0.0,
          1.0
        ]
      ]
    },
    {
      "file_path": "/media/NFS/ttao/scannet/posed_images/scene0432_01/00065.jpg",
      "transform_matrix": [
        [
          -0.956858,
          -0.085515,
          0.277689,
          1.189051
        ],
        [
          -0.28825,
          0.399586,
          -0.870197,
          3.876334
        ],
        [
          -0.036545,
          -0.912698,
          -0.406996,
          1.371509
        ],
        [
          0.0,
          0.0,
          0.0,
          1.0
        ]
      ]
    },
    {
      "file_path": "/media/NFS/ttao/scannet/posed_images/scene0432_01/00066.jpg",
      "transform_matrix": [
        [
          -0.958009,
          -0.086679,
          0.273324,
          1.193653
        ],
        [
          -0.284925,
          0.394825,
          -0.873459,
          3.864296
        ],
        [
          -0.032205,
          -0.914658,
          -0.402943,
          1.3665
        ],
        [
          0.0,
          0.0,
          0.0,
          1.0
        ]
      ]
    },
    {
      "file_path": "/media/NFS/ttao/scannet/posed_images/scene0432_01/00067.jpg",
      "transform_matrix": [
        [
          -0.958594,
          -0.090274,
          0.270089,
          1.198903
        ],
        [
          -0.283457,
          0.393641,
          -0.874471,
          3.8488
        ],
        [
          -0.027376,
          -0.914821,
          -0.402931,
          1.363988
        ],
        [
          0.0,
          0.0,
          0.0,
          1.0
        ]
      ]
    },
    {
      "file_path": "/media/NFS/ttao/scannet/posed_images/scene0432_01/00068.jpg",
      "transform_matrix": [
        [
          -0.959845,
          -0.092673,
          0.264782,
          1.211608
        ],
        [
          -0.279565,
          0.394278,
          -0.875436,
          3.832483
        ],
        [
          -0.023269,
          -0.914307,
          -0.404353,
          1.36607
        ],
        [
          0.0,
          0.0,
          0.0,
          1.0
        ]
      ]
    },
    {
      "file_path": "/media/NFS/ttao/scannet/posed_images/scene0432_01/00069.jpg",
      "transform_matrix": [
        [
          -0.960411,
          -0.095456,
          0.261723,
          1.219659
        ],
        [
          -0.277897,
          0.394356,
          -0.875932,
          3.816511
        ],
        [
          -0.019599,
          -0.913987,
          -0.405271,
          1.367237
        ],
        [
          0.0,
          0.0,
          0.0,
          1.0
        ]
      ]
    },
    {
      "file_path": "/media/NFS/ttao/scannet/posed_images/scene0432_01/00070.jpg",
      "transform_matrix": [
        [
          -0.960832,
          -0.097385,
          0.259459,
          1.224594
        ],
        [
          -0.276661,
          0.391667,
          -0.877528,
          3.800626
        ],
        [
          -0.016163,
          -0.914939,
          -0.403269,
          1.364422
        ],
        [
          0.0,
          0.0,
          0.0,
          1.0
        ]
      ]
    },
    {
      "file_path": "/media/NFS/ttao/scannet/posed_images/scene0432_01/00071.jpg",
      "transform_matrix": [
        [
          -0.961226,
          -0.096378,
          0.258371,
          1.23273
        ],
        [
          -0.275272,
          0.391187,
          -0.878179,
          3.786185
        ],
        [
          -0.016434,
          -0.915251,
          -0.402549,
          1.36547
        ],
        [
          0.0,
          0.0,
          0.0,
          1.0
        ]
      ]
    },
    {
      "file_path": "/media/NFS/ttao/scannet/posed_images/scene0432_01/00072.jpg",
      "transform_matrix": [
        [
          -0.961934,
          -0.093252,
          0.25688,
          1.241012
        ],
        [
          -0.272635,
          0.392121,
          -0.878585,
          3.773519
        ],
        [
          -0.018798,
          -0.915175,
          -0.402618,
          1.363177
        ],
        [
          0.0,
          0.0,
          0.0,
          1.0
        ]
      ]
    },
    {
      "file_path": "/media/NFS/ttao/scannet/posed_images/scene0432_01/00073.jpg",
      "transform_matrix": [
        [
          -0.962275,
          -0.088901,
          0.257145,
          1.241246
        ],
        [
          -0.270994,
          0.39749,
          -0.876678,
          3.759101
        ],
        [
          -0.024275,
          -0.91329,
          -0.406586,
          1.361653
        ],
        [
          0.0,
          0.0,
          0.0,
          1.0
        ]
      ]
    },
    {
      "file_path": "/media/NFS/ttao/scannet/posed_images/scene0432_01/00074.jpg",
      "transform_matrix": [
        [
          -0.962544,
          -0.085053,
          0.257439,
          1.249331
        ],
        [
          -0.269519,
          0.40337,
          -0.874444,
          3.747269
        ],
        [
          -0.029469,
          -0.911076,
          -0.411184,
          1.362714
        ],
        [
          0.0,
          0.0,
          0.0,
          1.0
        ]
      ]
    },
    {
      "file_path": "/media/NFS/ttao/scannet/posed_images/scene0432_01/00076.jpg",
      "transform_matrix": [
        [
          -0.956867,
          -0.08161,
          0.278829,
          1.247207
        ],
        [
          -0.287552,
          0.403013,
          -0.868847,
          3.718125
        ],
        [
          -0.041465,
          -0.911548,
          -0.409096,
          1.369467
        ],
        [
          0.0,
          0.0,
          0.0,
          1.0
        ]
      ]
    },
    {
      "file_path": "/media/NFS/ttao/scannet/posed_images/scene0432_01/00077.jpg",
      "transform_matrix": [
        [
          -0.954187,
          -0.080491,
          0.288182,
          1.247267
        ],
        [
          -0.295861,
          0.397544,
          -0.868576,
          3.710039
        ],
        [
          -0.044653,
          -0.914046,
          -0.403145,
          1.365081
        ],
        [
          0.0,
          0.0,
          0.0,
          1.0
        ]
      ]
    },
    {
      "file_path": "/media/NFS/ttao/scannet/posed_images/scene0432_01/00078.jpg",
      "transform_matrix": [
        [
          -0.951798,
          -0.082376,
          0.295457,
          1.242903
        ],
        [
          -0.303341,
          0.395502,
          -0.866927,
