{
  "frames": [
    {
      "file_path": "/media/NFS/ttao/scannet/posed_images/scene0589_02/00000.jpg",
      "transform_matrix": [
        [
          -0.781012,
          -0.33112,
          0.529508,
          2.366284
        ],
        [
          -0.624014,
          0.447728,
          -0.640426,
          3.578055
        ],
        [
          -0.025017,
          -0.830601,
          -0.556305,
          1.495623
        ],
        [
          0.0,
          0.0,
          0.0,
          1.0
        ]
      ]
    },
    {
      "file_path": "/media/NFS/ttao/scannet/posed_images/scene0589_02/00008.jpg",
      "transform_matrix": [
        [
          -0.793629,
          -0.327157,
          0.512954,
          2.358472
        ],
        [
          -0.608346,
          0.438215,
          -0.661727,
          3.583438
        ],
        [
          -0.008296,
          -0.837219,
          -0.546804,
          1.491357
        ],
        [
          0.0,
          0.0,
          0.0,
          1.0
        ]
      ]
    },
    {
      "file_path": "/media/NFS/ttao/scannet/posed_images/scene0589_02/00016.jpg",
      "transform_matrix": [
        [
          -0.824532,
          -0.311133,
          0.472592,
          2.337254
        ],
        [
          -0.565786,
          0.461879,
          -0.683047,
          3.570788
        ],
        [
          -0.005762,
          -0.83058,
          -0.556869,
          1.481895
        ],
        [
          0.0,
          0.0,
          0.0,
          1.0
        ]
      ]
    },
    {
      "file_path": "/media/NFS/ttao/scannet/posed_images/scene0589_02/00026.jpg",
      "transform_matrix": [
        [
          -0.869071,
          -0.268362,
          0.41557,
          2.283288
        ],
        [
          -0.494688,
          0.471347,
          -0.730148,
          3.531016
        ],
        [
          6.6e-05,
          -0.840127,
          -0.542389,
          1.492192
        ],
        [
          0.0,
          0.0,
          0.0,
          1.0
        ]
      ]
    },
    {
      "file_path": "/media/NFS/ttao/scannet/posed_images/scene0589_02/00036.jpg",
      "transform_matrix": [
        [
          -0.909718,
          -0.214683,
          0.355422,
          2.211717
        ],
        [
          -0.415135,
          0.452239,
          -0.789393,
          3.495946
        ],
        [
          0.008734,
          -0.865673,
          -0.500533,
          1.50271
        ],
        [
          0.0,
          0.0,
          0.0,
          1.0
        ]
      ]
    },
    {
      "file_path": "/media/NFS/ttao/scannet/posed_images/scene0589_02/00044.jpg",
      "transform_matrix": [
        [
          -0.933614,
          -0.17686,
          0.311584,
          2.14342
        ],
        [
          -0.358193,
          0.441634,
          -0.822592,
          3.463823
        ],
        [
          0.007877,
          -0.879591,
          -0.475666,
          1.521755
        ],
        [
          0.0,
          0.0,
          0.0,
          1.0
        ]
      ]
    },
    {
      "file_path": "/media/NFS/ttao/scannet/posed_images/scene0589_02/00057.jpg",
      "transform_matrix": [
        [
          -0.963965,
          -0.108881,
          0.242727,
          2.079183
        ],
        [
          -0.266026,
          0.399089,
          -0.877473,
          3.426683
        ],
        [
          -0.001329,
          -0.910424,
          -0.413673,
          1.547329
        ],
        [
          0.0,
          0.0,
          0.0,
          1.0
        ]
      ]
    },
    {
      "file_path": "/media/NFS/ttao/scannet/posed_images/scene0589_02/00065.jpg",
      "transform_matrix": [
        [
          -0.968616,
          -0.111258,
          0.222269,
          2.104379
        ],
        [
          -0.24793,
          0.36884,
          -0.895817,
          3.389438
        ],
        [
          0.017685,
          -0.92281,
          -0.384849,
          1.574308
        ],
        [
          0.0,
          0.0,
          0.0,
          1.0
        ]
      ]
    },
    {
      "file_path": "/media/NFS/ttao/scannet/posed_images/scene0589_02/00070.jpg",
      "transform_matrix": [
        [
          -0.967159,
          -0.098615,
          0.234259,
          2.122399
        ],
        [
          -0.253704,
          0.318776,
          -0.913245,
          3.354155
        ],
        [
          0.015383,
          -0.942686,
          -0.333326,
          1.57868
        ],
        [
          0.0,
          0.0,
          0.0,
          1.0
        ]
      ]
    },
    {
      "file_path": "/media/NFS/ttao/scannet/posed_images/scene0589_02/00078.jpg",
      "transform_matrix": [
        [
          -0.969219,
          -0.078072,
          0.233494,
          2.158753
        ],
        [
          -0.245904,
          0.26041,
          -0.933658,
          3.252793
        ],
        [
          0.012089,
          -0.962336,
          -0.271592,
          1.627177
        ],
        [
          0.0,
          0.0,
          0.0,
          1.0
        ]
      ]
    },
    {
      "file_path": "/media/NFS/ttao/scannet/posed_images/scene0589_02/00091.jpg",
      "transform_matrix": [
        [
          -0.976197,
          -0.057953,
          0.209001,
          2.206769
        ],
        [
          -0.216061,
          0.175827,
          -0.960418,
          3.126631
        ],
        [
          0.018911,
          -0.982714,
          -0.184163,
          1.647995
        ],
        [
          0.0,
          0.0,
          0.0,
          1.0
        ]
      ]
    },
    {
      "file_path": "/media/NFS/ttao/scannet/posed_images/scene0589_02/00096.jpg",
      "transform_matrix": [
        [
          -0.977456,
          -0.059546,
          0.202569,
          2.215691
        ],
        [
          -0.209466,
          0.152937,
          -0.965782,
          3.091349
        ],
        [
          0.026528,
          -0.98644,
          -0.161962,
          1.654676
        ],
        [
          0.0,
          0.0,
          0.0,
          1.0
        ]
      ]
    },
    {
      "file_path": "/media/NFS/ttao/scannet/posed_images/scene0589_02/00101.jpg",
      "transform_matrix": [
        [
          -0.975527,
          -0.054259,
          0.213077,
          2.219192
        ],
        [
          -0.218536,
          0.132388,
          -0.966807,
          3.057928
        ],
        [
          0.024248,
          -0.989712,
          -0.141005,
          1.676572
        ],
        [
          0.0,
          0.0,
          0.0,
          1.0
        ]
      ]
    },
    {
      "file_path": "/media/NFS/ttao/scannet/posed_images/scene0589_02/00117.jpg",
      "transform_matrix": [
        [
          -0.927771,
          -0.052202,
          0.36948,
          2.172526
        ],
        [
          -0.371022,
          0.02346,
          -0.928328,
          2.937865
        ],
        [
          0.039793,
          -0.998361,
          -0.041133,
          1.693303
        ],
        [
          0.0,
          0.0,
          0.0,
          1.0
        ]
      ]
    },
    {
      "file_path": "/media/NFS/ttao/scannet/posed_images/scene0589_02/00119.jpg",
      "transform_matrix": [
        [
          -0.920524,
          -0.052056,
          0.387202,
          2.163243
        ],
        [
          -0.388095,
          0.007883,
          -0.921586,
          2.922572
        ],
        [
          0.044922,
          -0.998613,
          -0.027459,
          1.700498
        ],
        [
          0.0,
          0.0,
          0.0,
          1.0
        ]
      ]
    },
    {
      "file_path": "/media/NFS/ttao/scannet/posed_images/scene0589_02/00127.jpg",
      "transform_matrix": [
        [
          -0.871264,
          -0.037281,
          0.489397,
          2.123523
        ],
        [
          -0.488845,
          -0.023326,
          -0.872059,
          2.872572
        ],
        [
          0.043927,
          -0.999032,
          0.002099,
          1.716511
        ],
        [
          0.0,
          0.0,
          0.0,
          1.0
        ]
      ]
    },
    {
      "file_path": "/media/NFS/ttao/scannet/posed_images/scene0589_02/00138.jpg",
      "transform_matrix": [
        [
          -0.809019,
          -0.002304,
          0.587777,
          2.129869
        ],
        [
          -0.587592,
          -0.022239,
          -0.808852,
          2.860565
        ],
        [
          0.014935,
          -0.99975,
          0.016638,
          1.723026
        ],
        [
          0.0,
          0.0,
          0.0,
          1.0
        ]
      ]
    },
    {
      "file_path": "/media/NFS/ttao/scannet/posed_images/scene0589_02/00145.jpg",
      "transform_matrix": [
        [
          -0.736095,
          0.022166,
          0.676515,
          2.17421
        ],
        [
          -0.676776,
          -0.041475,
          -0.73502,
          2.887765
        ],
        [
          0.011766,
          -0.998894,
          0.045531,
          1.691997
        ],
        [
          0.0,
          0.0,
          0.0,
          1.0
        ]
      ]
    },
    {
      "file_path": "/media/NFS/ttao/scannet/posed_images/scene0589_02/00156.jpg",
      "transform_matrix": [
        [
          -0.606809,
          0.0158,
          0.79469,
          2.179547
        ],
        [
          -0.794265,
          -0.05033,
          -0.605484,
          2.870745
        ],
        [
          0.03043,
          -0.998608,
          0.04309,
          1.688474
        ],
        [
          0.0,
          0.0,
          0.0,
          1.0
        ]
      ]
    },
    {
      "file_path": "/media/NFS/ttao/scannet/posed_images/scene0589_02/00166.jpg",
      "transform_matrix": [
        [
          -0.51058,
          0.007339,
          0.859799,
          2.192889
        ],
        [
          -0.858976,
          -0.04892,
          -0.509673,
          2.870488
        ],
        [
          0.038321,
          -0.998776,
          0.031282,
          1.678194
        ],
        [
          0.0,
          0.0,
          0.0,
          1.0
        ]
      ]
    },
    {
      "file_path": "/media/NFS/ttao/scannet/posed_images/scene0589_02/00174.jpg",
      "transform_matrix": [
        [
          -0.45662,
          -0.012559,
          0.889573,
          2.217185
        ],
        [
          -0.888476,
          -0.045176,
          -0.456694,
          2.922481
        ],
        [
          0.045923,
          -0.9989,
          0.00947,
          1.678989
        ],
        [
          0.0,
          0.0,
          0.0,
          1.0
        ]
      ]
    },
    {
      "file_path": "/media/NFS/ttao/scannet/posed_images/scene0589_02/00187.jpg",
      "transform_matrix": [
        [
          -0.340181,
          -0.055485,
          0.938721,
          2.245715
        ],
        [
          -0.938817,
          -0.037132,
          -0.34241,
          2.968212
        ],
        [
          0.053855,
          -0.997769,
          -0.039458,
          1.643207
        ],
        [
          0.0,
          0.0,
          0.0,
          1.0
        ]
      ]
    },
    {
      "file_path": "/media/NFS/ttao/scannet/posed_images/scene0589_02/00195.jpg",
      "transform_matrix": [
        [
          -0.268137,
          -0.114051,
          0.956606,
          2.23608
        ],
        [
          -0.960969,
          -0.038546,
          -0.273956,
          2.980891
        ],
        [
          0.068119,
          -0.992727,
          -0.099264,
          1.608318
        ],
        [
          0.0,
          0.0,
          0.0,
          1.0
        ]
      ]
    },
    {
      "file_path": "/media/NFS/ttao/scannet/posed_images/scene0589_02/00200.jpg",
      "transform_matrix": [
        [
          -0.225367,
          -0.141591,
          0.96393,
          2.243991
        ],
        [
          -0.972247,
          -0.031099,
          -0.231879,
          2.986784
        ],
        [
          0.062809,
          -0.989437,
          -0.130652,
          1.621144
        ],
        [
          0.0,
          0.0,
          0.0,
          1.0
        ]
      ]
    },
    {
      "file_path": "/media/NFS/ttao/scannet/posed_images/scene0589_02/00213.jpg",
      "transform_matrix": [
        [
          -0.161468,
          -0.208769,
          0.964543,
          2.250152
        ],
        [
          -0.986835,
          0.024997,
          -0.159789,
          3.02511
        ],
        [
          0.009248,
          -0.977645,
          -0.210057,
          1.565027
        ],
        [
          0.0,
          0.0,
          0.0,
          1.0
        ]
      ]
    },
    {
      "file_path": "/media/NFS/ttao/scannet/posed_images/scene0589_02/00221.jpg",
      "transform_matrix": [
        [
          -0.122004,
          -0.25943,
          0.958024,
          2.257535
        ],
        [
          -0.992509,
          0.025663,
          -0.119446,
          3.028512
        ],
        [
          0.006402,
          -0.965421,
          -0.260617,
          1.559492
        ],
        [
          0.0,
          0.0,
          0.0,
          1.0
        ]
      ]
    },
    {
      "file_path": "/media/NFS/ttao/scannet/posed_images/scene0589_02/00223.jpg",
      "transform_matrix": [
        [
          -0.108394,
          -0.267364,
          0.957479,
          2.259452
        ],
        [
          -0.994056,
          0.019279,
          -0.107151,
          3.031798
        ],
        [
          0.010189,
          -0.963403,
          -0.267865,
          1.555968
        ],
        [
          0.0,
          0.0,
          0.0,
          1.0
        ]
      ]
    },
    {
      "file_path": "/media/NFS/ttao/scannet/posed_images/scene0589_02/00236.jpg",
      "transform_matrix": [
        [
          -0.017467,
          -0.297996,
          0.954407,
          2.271634
        ],
        [
          -0.999698,
          -0.011283,
          -0.021818,
          3.04285
        ],
        [
          0.017271,
          -0.9545,
          -0.297709,
          1.525195
        ],
        [
          0.0,
          0.0,
          0.0,
          1.0
        ]
      ]
    },
    {
      "file_path": "/media/NFS/ttao/scannet/posed_images/scene0589_02/00244.jpg",
      "transform_matrix": [
        [
          0.038134,
          -0.336597,
          0.940876,
          2.304519
        ],
        [
          -0.998692,
          -0.044934,
          0.024403,
          3.049389
        ],
        [
          0.034063,
          -0.940576,
          -0.33787,
          1.503096
        ],
        [
          0.0,
          0.0,
          0.0,
          1.0
        ]
      ]
    },
    {
      "file_path": "/media/NFS/ttao/scannet/posed_images/scene0589_02/00249.jpg",
      "transform_matrix": [
        [
          0.082802,
          -0.351564,
          0.932495,
          2.330899
        ],
        [
          -0.995787,
          -0.066182,
          0.063471,
          3.053268
        ],
        [
          0.039401,
          -0.933821,
          -0.355563,
          1.48736
        ],
        [
          0.0,
          0.0,
          0.0,
          1.0
        ]
      ]
    },
    {
      "file_path": "/media/NFS/ttao/scannet/posed_images/scene0589_02/00265.jpg",
      "transform_matrix": [
        [
          0.160617,
          -0.410527,
          0.897591,
          2.434474
        ],
        [
          -0.987002,
          -0.0618,
          0.148351,
          3.060016
        ],
        [
          -0.005431,
          -0.909752,
          -0.415117,
          1.475537
        ],
        [
          0.0,
          0.0,
          0.0,
          1.0
        ]
      ]
    },
    {
      "file_path": "/media/NFS/ttao/scannet/posed_images/scene0589_02/00273.jpg",
      "transform_matrix": [
        [
          0.171524,
          -0.401436,
          0.899682,
          2.477135
        ],
        [
          -0.985017,
          -0.05329,
          0.164015,
          3.06799
        ],
        [
          -0.017898,
          -0.914336,
          -0.404562,
          1.473779
        ],
        [
          0.0,
          0.0,
          0.0,
          1.0
        ]
      ]
    },
    {
      "file_path": "/media/NFS/ttao/scannet/posed_images/scene0589_02/00275.jpg",
      "transform_matrix": [
        [
          0.166127,
          -0.393691,
          0.904107,
          2.485987
        ],
        [
          -0.985904,
          -0.047832,
          0.160328,
          3.069877
        ],
        [
          -0.019874,
          -0.917998,
          -0.396087,
          1.474275
        ],
        [
          0.0,
          0.0,
          0.0,
          1.0
        ]
      ]
    },
    {
      "file_path": "/media/NFS/ttao/scannet/posed_images/scene0589_02/00291.jpg",
      "transform_matrix": [
        [
          0.028302,
          -0.513893,
          0.857387,
          2.516824
        ],
        [
          -0.999577,
          -0.020275,
          0.020844,
          3.079105
        ],
        [
          0.006672,
          -0.857615,
          -0.514249,
          1.436147
        ],
        [
          0.0,
          0.0,
          0.0,
          1.0
        ]
      ]
    },
    {
      "file_path": "/media/NFS/ttao/scannet/posed_images/scene0589_02/00299.jpg",
      "transform_matrix": [
        [
          -0.035139,
          -0.581782,
          0.812585,
          2.532
        ],
        [
          -0.999205,
          0.00512,
          -0.039543,
          3.057483
        ],
        [
          0.018845,
          -0.813329,
          -0.581499,
          1.416711
        ],
        [
          0.0,
          0.0,
          0.0,
          1.0
        ]
      ]
    },
    {
      "file_path": "/media/NFS/ttao/scannet/posed_images/scene0589_02/00301.jpg",
      "transform_matrix": [
        [
          -0.049088,
          -0.591257,
          0.804987,
          2.531292
        ],
        [
          -0.998362,
          0.005322,
          -0.056971,
          3.060416
        ],
        [
          0.029401,
          -0.806465,
          -0.59055,
          1.406943
        ],
        [
          0.0,
          0.0,
          0.0,
          1.0
        ]
      ]
    },
    {
      "file_path": "/media/NFS/ttao/scannet/posed_images/scene0589_02/00309.jpg",
      "transform_matrix": [
        [
          -0.100574,
          -0.615386,
          0.781783,
          2.565732
        ],
        [
          -0.994781,
          0.048626,
          -0.0897,
          3.020973
        ],
        [
          0.017185,
          -0.786724,
          -0.617065,
          1.397166
        ],
        [
          0.0,
          0.0,
          0.0,
          1.0
        ]
      ]
    },
    {
      "file_path": "/media/NFS/ttao/scannet/posed_images/scene0589_02/00319.jpg",
      "transform_matrix": [
        [
          -0.140001,
          -0.568177,
          0.81091,
          2.654772
        ],
        [
          -0.989806,
          0.058668,
          -0.12978,
          2.974113
        ],
        [
          0.026163,
          -0.820812,
          -0.570598,
          1.445592
        ],
        [
          0.0,
          0.0,
          0.0,
          1.0
        ]
      ]
    },
    {
      "file_path": "/media/NFS/ttao/scannet/posed_images/scene0589_02/00330.jpg",
      "transform_matrix": [
        [
          -0.144042,
          -0.490297,
          0.85957,
          2.750464
        ],
        [
          -0.988882,
          0.038901,
          -0.143522,
          2.966972
        ],
        [
          0.03693,
          -0.870687,
          -0.490449,
          1.466583
        ],
        [
          0.0,
          0.0,
          0.0,
          1.0
        ]
      ]
    },
    {
      "file_path": "/media/NFS/ttao/scannet/posed_images/scene0589_02/00337.jpg",
      "transform_matrix": [
        [
          -0.145373,
          -0.461959,
          0.874906,
          2.842804
        ],
        [
          -0.98891,
          0.040685,
          -0.142834,
          2.992332
        ],
        [
          0.030388,
          -0.885967,
          -0.462751,
          1.492402
        ],
        [
          0.0,
          0.0,
          0.0,
          1.0
        ]
      ]
    },
    {
      "file_path": "/media/NFS/ttao/scannet/posed_images/scene0589_02/00345.jpg",
      "transform_matrix": [
        [
          -0.23241,
          -0.439676,
          0.867566,
          2.97028
        ],
        [
          -0.972451,
          0.088552,
          -0.21563,
          3.05015
        ],
        [
          0.017982,
          -0.893781,
          -0.448144,
          1.499725
        ],
        [
          0.0,
          0.0,
          0.0,
          1.0
        ]
      ]
    },
    {
      "file_path": "/media/NFS/ttao/scannet/posed_images/scene0589_02/00358.jpg",
      "transform_matrix": [
        [
          -0.365719,
          -0.400652,
          0.840076,
          3.140152
        ],
        [
          -0.930603,
          0.142794,
          -0.337027,
          3.128041
        ],
        [
          0.015072,
          -0.905035,
          -0.425071,
          1.521717
        ],
        [
          0.0,
          0.0,
          0.0,
          1.0
        ]
      ]
    },
    {
      "file_path": "/media/NFS/ttao/scannet/posed_images/scene0589_02/00361.jpg",
      "transform_matrix": [
        [
          -0.385203,
          -0.398824,
          0.832201,
          3.181441
        ],
        [
          -0.922731,
          0.15309,
          -0.35374,
          3.134347
        ],
        [
          0.013678,
          -0.904159,
          -0.426978,
          1.518214
        ],
        [
          0.0,
          0.0,
          0.0,
          1.0
        ]
      ]
    },
    {
      "file_path": "/media/NFS/ttao/scannet/posed_images/scene0589_02/00376.jpg",
      "transform_matrix": [
        [
          -0.512771,
          -0.431801,
          0.742033,
          3.431202
        ],
        [
          -0.857639,
          0.296903,
          -0.419886,
          3.098339
        ],
        [
          -0.039004,
          -0.851702,
          -0.522573,
          1.473736
        ],
        [
          0.0,
          0.0,
          0.0,
          1.0
        ]
      ]
    },
    {
      "file_path": "/media/NFS/ttao/scannet/posed_images/scene0589_02/00382.jpg",
      "transform_matrix": [
        [
          -0.560642,
          -0.441827,
          0.700335,
          3.516982
        ],
        [
          -0.82685,
          0.344376,
          -0.444662,
          3.075527
        ],
        [
          -0.044715,
          -0.828368,
          -0.558397,
          1.462717
        ],
        [
          0.0,
          0.0,
          0.0,
          1.0
        ]
      ]
    },
    {
      "file_path": "/media/NFS/ttao/scannet/posed_images/scene0589_02/00387.jpg",
      "transform_matrix": [
        [
          -0.618232,
          -0.433875,
          0.655394,
          3.578249
        ],
        [
          -0.785785,
          0.360494,
          -0.50258,
          3.058342
        ],
        [
          -0.018209,
          -0.82571,
          -0.563801,
          1.452766
        ],
        [
          0.0,
          0.0,
          0.0,
          1.0
        ]
      ]
    },
    {
      "file_path": "/media/NFS/ttao/scannet/posed_images/scene0589_02/00400.jpg",
      "transform_matrix": [
        [
          -0.774974,
          -0.357815,
          0.520945,
          3.748711
        ],
        [
          -0.631982,
          0.433799,
          -0.642197,
          3.031135
        ],
        [
          0.003802,
          -0.826914,
          -0.562316,
          1.418912
        ],
        [
          0.0,
          0.0,
          0.0,
          1.0
        ]
      ]
    },
    {
      "file_path": "/media/NFS/ttao/scannet/posed_images/scene0589_02/00408.jpg",
      "transform_matrix": [
        [
          -0.859307,
          -0.275197,
          0.431112,
          3.825036
        ],
        [
          -0.511384,
          0.476808,
          -0.714941,
          3.016041
        ],
        [
          -0.008808,
          -0.834818,
          -0.550456,
          1.42494
        ],
        [
          0.0,
          0.0,
          0.0,
          1.0
        ]
      ]
    },
    {
      "file_path": "/media/NFS/ttao/scannet/posed_images/scene0589_02/00413.jpg",
      "transform_matrix": [
        [
          -0.904484,
          -0.216068,
          0.367727,
          3.844836
        ],
        [
          -0.426354,
          0.481218,
          -0.765931,
          3.004625
        ],
        [
          -0.011464,
          -0.849555,
          -0.527376,
          1.431018
        ],
        [
          0.0,
          0.0,
          0.0,
          1.0
        ]
      ]
    },
    {
      "file_path": "/media/NFS/ttao/scannet/posed_images/scene0589_02/00428.jpg",
      "transform_matrix": [
        [
          -0.987513,
          -0.062899,
          0.144433,
          3.852761
        ],
        [
          -0.156708,
          0.485997,
          -0.859796,
          2.964272
        ],
        [
          -0.016114,
          -0.871694,
          -0.489785,
          1.443432
        ],
        [
          0.0,
          0.0,
          0.0,
          1.0
        ]
      ]
    },
    {
      "file_path": "/media/NFS/ttao/scannet/posed_images/scene0589_02/00436.jpg",
      "transform_matrix": [
        [
          -0.999128,
          0.005209,
          0.041412,
          3.842759
        ],
        [
          -0.033749,
          0.482959,
          -0.874992,
          2.945634
        ],
        [
          -0.024558,
          -0.875627,
          -0.482363,
          1.441142
        ],
        [
          0.0,
          0.0,
          0.0,
          1.0
        ]
      ]
    },
    {
      "file_path": "/media/NFS/ttao/scannet/posed_images/scene0589_02/00447.jpg",
      "transform_matrix": [
        [
          -0.996772,
          0.061681,
          -0.051378,
          3.808625
        ],
        [
          0.074803,
          0.481407,
          -0.873299,
          2.920886
        ],
        [
          -0.029132,
          -0.874324,
          -0.484467,
          1.435495
        ],
        [
          0.0,
          0.0,
          0.0,
          1.0
        ]
      ]
    },
    {
      "file_path": "/media/NFS/ttao/scannet/posed_images/scene0589_02/00449.jpg",
      "transform_matrix": [
        [
          -0.995176,
          0.070422,
          -0.068306,
          3.802344
        ],
        [
          0.093911,
          0.482358,
          -0.870926,
          2.917131
        ],
        [
          -0.028385,
          -0.873139,
          -0.486644,
          1.434028
        ],
        [
          0.0,
          0.0,
          0.0,
          1.0
        ]
      ]
    },
    {
      "file_path": "/media/NFS/ttao/scannet/posed_images/scene0589_02/00462.jpg",
      "transform_matrix": [
        [
          -0.969998,
          0.146377,
          -0.194106,
          3.734581
        ],
        [
          0.240646,
          0.46467,
          -0.852157,
          2.885817
        ],
        [
          -0.034541,
          -0.873302,
          -0.485954,
          1.437572
        ],
        [
          0.0,
          0.0,
          0.0,
          1.0
        ]
      ]
    },
    {
      "file_path": "/media/NFS/ttao/scannet/posed_images/scene0589_02/00470.jpg",
      "transform_matrix": [
        [
          -0.927892,
          0.216256,
          -0.303725,
          3.684677
        ],
        [
          0.370325,
          0.439931,
          -0.81812,
          2.880842
        ],
        [
          -0.043305,
          -0.871604,
          -0.488293,
          1.436191
        ],
        [
          0.0,
          0.0,
          0.0,
          1.0
        ]
      ]
    },
    {
      "file_path": "/media/NFS/ttao/scannet/posed_images/scene0589_02/00475.jpg",
      "transform_matrix": [
        [
          -0.893491,
          0.259009,
          -0.366862,
          3.634639
        ],
        [
          0.446381,
          0.422791,
          -0.788664,
          2.881624
        ],
        [
          -0.049165,
          -0.868425,
          -0.493377,
          1.437545
        ],
        [
          0.0,
          0.0,
          0.0,
          1.0
        ]
      ]
    },
    {
      "file_path": "/media/NFS/ttao/scannet/posed_images/scene0589_02/00488.jpg",
      "transform_matrix": [
        [
          -0.81802,
          0.33275,
          -0.46917,
          3.566916
        ],
        [
          0.571277,
          0.375034,
          -0.730063,
          2.894451
        ],
        [
          -0.066974,
          -0.865232,
          -0.496878,
          1.424837
        ],
        [
          0.0,
          0.0,
          0.0,
          1.0
        ]
      ]
    },
    {
      "file_path": "/media/NFS/ttao/scannet/posed_images/scene0589_02/00496.jpg",
      "transform_matrix": [
        [
          -0.758695,
          0.372893,
          -0.534165,
          3.526667
        ],
        [
          0.649224,
          0.365136,
          -0.667221,
          2.901062
        ],
        [
          -0.05376,
          -0.85301,
          -0.519118,
          1.407141
        ],
        [
          0.0,
          0.0,
          0.0,
          1.0
        ]
      ]
    },
    {
      "file_path": "/media/NFS/ttao/scannet/posed_images/scene0589_02/00501.jpg",
      "transform_matrix": [
        [
          -0.712478,
          0.405838,
          -0.572425,
          3.491692
        ],
        [
          0.699277,
          0.343,
          -0.627187,
          2.900621
        ],
        [
          -0.058195,
          -0.84714,
          -0.528173,
          1.410131
        ],
        [
          0.0,
          0.0,
          0.0,
          1.0
        ]
      ]
    },
    {
      "file_path": "/media/NFS/ttao/scannet/posed_images/scene0589_02/00514.jpg",
      "transform_matrix": [
        [
          -0.54879,
          0.470753,
          -0.690812,
          3.376313
        ],
        [
          0.830276,
          0.210739,
          -0.515975,
          2.90966
        ],
        [
          -0.097316,
          -0.856727,
          -0.506507,
          1.419805
        ],
        [
          0.0,
          0.0,
          0.0,
          1.0
        ]
      ]
    },
    {
      "file_path": "/media/NFS/ttao/scannet/posed_images/scene0589_02/00517.jpg",
      "transform_matrix": [
        [
          -0.513324,
          0.482303,
          -0.709846,
          3.347644
        ],
        [
          0.852148,
          0.188441,
          -0.488194,
          2.91211
        ],
        [
          -0.101694,
          -0.855496,
          -0.507725,
          1.421007
        ],
        [
          0.0,
          0.0,
          0.0,
          1.0
        ]
      ]
    },
    {
      "file_path": "/media/NFS/ttao/scannet/posed_images/scene0589_02/00527.jpg",
      "transform_matrix": [
        [
          -0.394937,
          0.502326,
          -0.769216,
          3.257974
        ],
        [
          0.913247,
          0.1235,
          -0.388237,
          2.919342
        ],
        [
          -0.100024,
          -0.855813,
          -0.507523,
          1.42602
        ],
        [
          0.0,
          0.0,
          0.0,
          1.0
        ]
      ]
    },
    {
      "file_path": "/media/NFS/ttao/scannet/posed_images/scene0589_02/00535.jpg",
      "transform_matrix": [
        [
          -0.297914,
          0.514974,
          -0.803772,
          3.186322
        ],
        [
          0.948155,
          0.062011,
          -0.311699,
          2.931891
        ],
        [
          -0.110674,
          -0.85496,
          -0.50675,
          1.425661
        ],
        [
          0.0,
          0.0,
          0.0,
          1.0
        ]
      ]
    },
    {
      "file_path": "/media/NFS/ttao/scannet/posed_images/scene0589_02/00543.jpg",
      "transform_matrix": [
        [
          -0.24156,
          0.514109,
          -0.823007,
          3.121912
        ],
        [
          0.96512,
          0.039046,
          -0.258881,
          2.928586
        ],
        [
          -0.100958,
          -0.856836,
          -0.505609,
          1.416474
        ],
        [
          0.0,
          0.0,
          0.0,
          1.0
        ]
      ]
    },
    {
      "file_path": "/media/NFS/ttao/scannet/posed_images/scene0589_02/00558.jpg",
      "transform_matrix": [
        [
          -0.12378,
          0.526899,
          -0.840866,
          3.046623
        ],
        [
          0.988196,
          -0.01163,
          -0.152755,
          2.899185
        ],
        [
          -0.090266,
          -0.849848,
          -0.51924,
          1.41718
        ],
        [
          0.0,
          0.0,
          0.0,
          1.0
        ]
      ]
    },
    {
      "file_path": "/media/NFS/ttao/scannet/posed_images/scene0589_02/00563.jpg",
      "transform_matrix": [
        [
          -0.085652,
          0.508589,
          -0.856739,
          3.030683
        ],
        [
          0.990138,
          -0.052231,
          -0.129995,
          2.858967
        ],
        [
          -0.110863,
          -0.859424,
          -0.499099,
          1.437659
        ],
        [
          0.0,
          0.0,
          0.0,
          1.0
        ]
      ]
    },
    {
      "file_path": "/media/NFS/ttao/scannet/posed_images/scene0589_02/00576.jpg",
      "transform_matrix": [
        [
          0.013453,
          0.488151,
          -0.872655,
          2.98842
        ],
        [
          0.99814,
          -0.058451,
          -0.017309,
          2.774889
        ],
        [
          -0.059457,
          -0.8708,
          -0.488029,
          1.458895
        ],
        [
          0.0,
          0.0,
          0.0,
          1.0
        ]
      ]
    },
    {
      "file_path": "/media/NFS/ttao/scannet/posed_images/scene0589_02/00582.jpg",
      "transform_matrix": [
        [
          0.056187,
          0.472433,
          -0.879574,
          2.961214
        ],
        [
          0.995971,
          -0.08819,
          0.016255,
          2.716655
        ],
        [
          -0.06989,
          -0.876943,
          -0.475485,
          1.452066
        ],
        [
          0.0,
          0.0,
          0.0,
          1.0
        ]
      ]
    },
    {
      "file_path": "/media/NFS/ttao/scannet/posed_images/scene0589_02/00592.jpg",
      "transform_matrix": [
        [
          0.017649,
          0.506808,
          -0.861878,
          2.904778
        ],
        [
          0.996715,
          -0.07706,
          -0.024904,
          2.588691
        ],
        [
          -0.079038,
          -0.858608,
          -0.506503,
          1.452693
        ],
        [
          0.0,
          0.0,
          0.0,
          1.0
        ]
      ]
    },
    {
      "file_path": "/media/NFS/ttao/scannet/posed_images/scene0589_02/00600.jpg",
      "transform_matrix": [
        [
          0.031087,
          0.500466,
          -0.865197,
          2.866788
        ],
        [
          0.997805,
          -0.066181,
          -0.00243,
          2.492679
        ],
        [
          -0.058476,
          -0.863223,
          -0.501425,
          1.467642
        ],
        [
          0.0,
          0.0,
          0.0,
          1.0
        ]
      ]
    },
    {
      "file_path": "/media/NFS/ttao/scannet/posed_images/scene0589_02/00607.jpg",
      "transform_matrix": [
        [
          0.096598,
          0.460539,
          -0.882367,
          2.836831
        ],
        [
          0.991537,
          -0.121778,
          0.044989,
          2.387001
        ],
        [
          -0.086734,
          -0.879246,
          -0.468405,
          1.469949
        ],
        [
          0.0,
          0.0,
          0.0,
          1.0
        ]
      ]
    },
    {
      "file_path": "/media/NFS/ttao/scannet/posed_images/scene0589_02/00618.jpg",
      "transform_matrix": [
        [
          0.304536,
          0.453631,
          -0.837542,
          2.818607
        ],
        [
          0.948155,
          -0.228272,
          0.221118,
          2.208727
        ],
        [
          -0.090882,
          -0.861458,
          -0.49963,
          1.455462
        ],
        [
          0.0,
          0.0,
          0.0,
          1.0
        ]
      ]
    },
    {
      "file_path": "/media/NFS/ttao/scannet/posed_images/scene0589_02/00628.jpg",
      "transform_matrix": [
        [
          0.388422,
          0.443159,
          -0.807922,
          2.797386
        ],
        [
          0.919052,
          -0.249933,
          0.304756,
          2.117101
        ],
        [
          -0.066871,
          -0.860897,
          -0.504366,
          1.458249
        ],
        [
          0.0,
          0.0,
          0.0,
          1.0
        ]
      ]
    },
    {
      "file_path": "/media/NFS/ttao/scannet/posed_images/scene0589_02/00631.jpg",
      "transform_matrix": [
        [
          0.401758,
          0.442971,
          -0.801478,
          2.779254
        ],
        [
          0.913495,
          -0.255191,
          0.316867,
          2.103218
        ],
        [
          -0.064167,
          -0.85945,
          -0.507177,
          1.464416
        ],
        [
          0.0,
          0.0,
          0.0,
          1.0
        ]
      ]
    },
    {
      "file_path": "/media/NFS/ttao/scannet/posed_images/scene0589_02/00641.jpg",
      "transform_matrix": [
        [
          0.468742,
          0.39966,
          -0.787751,
          2.726256
        ],
        [
          0.88198,
          -0.261138,
          0.392325,
          2.089347
        ],
        [
          -0.048915,
          -0.87868,
          -0.474899,
          1.472138
        ],
        [
          0.0,
          0.0,
          0.0,
          1.0
        ]
      ]
    },
    {
      "file_path": "/media/NFS/ttao/scannet/posed_images/scene0589_02/00652.jpg",
      "transform_matrix": [
        [
          0.563428,
          0.317717,
          -0.76263,
          2.679125
        ],
        [
          0.82471,
          -0.271072,
          0.496361,
          2.065762
        ],
        [
          -0.049025,
          -0.908612,
          -0.414754,
          1.503961
        ],
        [
          0.0,
          0.0,
          0.0,
          1.0
        ]
      ]
    },
    {
      "file_path": "/media/NFS/ttao/scannet/posed_images/scene0589_02/00657.jpg",
      "transform_matrix": [
        [
          0.624424,
          0.278019,
          -0.729931,
          2.673303
        ],
        [
          0.778934,
          -0.290957,
          0.555523,
          2.036721
        ],
        [
          -0.057933,
          -0.915451,
          -0.398239,
          1.514126
        ],
        [
          0.0,
          0.0,
          0.0,
          1.0
        ]
      ]
    },
    {
      "file_path": "/media/NFS/ttao/scannet/posed_images/scene0589_02/00667.jpg",
      "transform_matrix": [
        [
          0.714507,
          0.223041,
          -0.663123,
          2.677636
        ],
        [
          0.698968,
          -0.268767,
          0.662729,
          1.976974
        ],
        [
          -0.03041,
