{
  "frames": [
    {
      "file_path": "/media/NFS/ttao/scannet/posed_images/scene0118_01/00000.jpg",
      "transform_matrix": [
        [
          0.993944,
          -0.074799,
          0.080509,
          5.151498
        ],
        [
          -0.106646,
          -0.479763,
          0.870893,
          3.298597
        ],
        [
          -0.026517,
          -0.874204,
          -0.484834,
          1.478989
        ],
        [
          0.0,
          0.0,
          0.0,
          1.0
        ]
      ]
    },
    {
      "file_path": "/media/NFS/ttao/scannet/posed_images/scene0118_01/00001.jpg",
      "transform_matrix": [
        [
          0.99396,
          -0.083119,
          0.071659,
          5.165856
        ],
        [
          -0.102873,
          -0.47827,
          0.872167,
          3.310818
        ],
        [
          -0.038221,
          -0.87427,
          -0.483932,
          1.480818
        ],
        [
          0.0,
          0.0,
          0.0,
          1.0
        ]
      ]
    },
    {
      "file_path": "/media/NFS/ttao/scannet/posed_images/scene0118_01/00003.jpg",
      "transform_matrix": [
        [
          0.994821,
          -0.085877,
          0.054372,
          5.191859
        ],
        [
          -0.089142,
          -0.48013,
          0.872656,
          3.320979
        ],
        [
          -0.048835,
          -0.872984,
          -0.485299,
          1.476302
        ],
        [
          0.0,
          0.0,
          0.0,
          1.0
        ]
      ]
    },
    {
      "file_path": "/media/NFS/ttao/scannet/posed_images/scene0118_01/00005.jpg",
      "transform_matrix": [
        [
          0.994742,
          -0.091126,
          0.046744,
          5.204835
        ],
        [
          -0.085303,
          -0.484618,
          0.870557,
          3.334587
        ],
        [
          -0.056677,
          -0.869966,
          -0.489843,
          1.473071
        ],
        [
          0.0,
          0.0,
          0.0,
          1.0
        ]
      ]
    },
    {
      "file_path": "/media/NFS/ttao/scannet/posed_images/scene0118_01/00007.jpg",
      "transform_matrix": [
        [
          0.99482,
          -0.09413,
          0.038386,
          5.228039
        ],
        [
          -0.079708,
          -0.487926,
          0.869238,
          3.352902
        ],
        [
          -0.063092,
          -0.867795,
          -0.492901,
          1.471457
        ],
        [
          0.0,
          0.0,
          0.0,
          1.0
        ]
      ]
    },
    {
      "file_path": "/media/NFS/ttao/scannet/posed_images/scene0118_01/00009.jpg",
      "transform_matrix": [
        [
          0.994736,
          -0.094287,
          0.04014,
          5.240339
        ],
        [
          -0.081227,
          -0.486655,
          0.86981,
          3.372749
        ],
        [
          -0.062478,
          -0.868491,
          -0.491752,
          1.467316
        ],
        [
          0.0,
          0.0,
          0.0,
          1.0
        ]
      ]
    },
    {
      "file_path": "/media/NFS/ttao/scannet/posed_images/scene0118_01/00011.jpg",
      "transform_matrix": [
        [
          0.995492,
          -0.087396,
          0.036848,
          5.266806
        ],
        [
          -0.074558,
          -0.480945,
          0.873575,
          3.385193
        ],
        [
          -0.058625,
          -0.872384,
          -0.485293,
          1.449168
        ],
        [
          0.0,
          0.0,
          0.0,
          1.0
        ]
      ]
    },
    {
      "file_path": "/media/NFS/ttao/scannet/posed_images/scene0118_01/00013.jpg",
      "transform_matrix": [
        [
          0.996528,
          -0.07453,
          0.037107,
          5.291116
        ],
        [
          -0.068584,
          -0.482175,
          0.873386,
          3.409498
        ],
        [
          -0.047202,
          -0.872899,
          -0.485613,
          1.443545
        ],
        [
          0.0,
          0.0,
          0.0,
          1.0
        ]
      ]
    },
    {
      "file_path": "/media/NFS/ttao/scannet/posed_images/scene0118_01/00015.jpg",
      "transform_matrix": [
        [
          0.99704,
          -0.064315,
          0.042126,
          5.298938
        ],
        [
          -0.068119,
          -0.484922,
          0.8719,
          3.432082
        ],
        [
          -0.035649,
          -0.872189,
          -0.487868,
          1.433547
        ],
        [
          0.0,
          0.0,
          0.0,
          1.0
        ]
      ]
    },
    {
      "file_path": "/media/NFS/ttao/scannet/posed_images/scene0118_01/00016.jpg",
      "transform_matrix": [
        [
          0.997264,
          -0.061897,
          0.040421,
          5.300342
        ],
        [
          -0.065628,
          -0.489565,
          0.869494,
          3.441559
        ],
        [
          -0.03403,
          -0.869767,
          -0.492287,
          1.428552
        ],
        [
          0.0,
          0.0,
          0.0,
          1.0
        ]
      ]
    },
    {
      "file_path": "/media/NFS/ttao/scannet/posed_images/scene0118_01/00019.jpg",
      "transform_matrix": [
        [
          0.998422,
          -0.054396,
          0.013957,
          5.326939
        ],
        [
          -0.038925,
          -0.491171,
          0.870193,
          3.486962
        ],
        [
          -0.04048,
          -0.869363,
          -0.492514,
          1.42726
        ],
        [
          0.0,
          0.0,
          0.0,
          1.0
        ]
      ]
    },
    {
      "file_path": "/media/NFS/ttao/scannet/posed_images/scene0118_01/00020.jpg",
      "transform_matrix": [
        [
          0.998493,
          -0.053677,
          0.011466,
          5.335938
        ],
        [
          -0.036484,
          -0.492991,
          0.86927,
          3.497763
        ],
        [
          -0.041007,
          -0.868377,
          -0.494206,
          1.428612
        ],
        [
          0.0,
          0.0,
          0.0,
          1.0
        ]
      ]
    },
    {
      "file_path": "/media/NFS/ttao/scannet/posed_images/scene0118_01/00023.jpg",
      "transform_matrix": [
        [
          0.997996,
          -0.06292,
          0.006771,
          5.347235
        ],
        [
          -0.037295,
          -0.498346,
          0.866176,
          3.506535
        ],
        [
          -0.051126,
          -0.864692,
          -0.499694,
          1.404509
        ],
        [
          0.0,
          0.0,
          0.0,
          1.0
        ]
      ]
    },
    {
      "file_path": "/media/NFS/ttao/scannet/posed_images/scene0118_01/00024.jpg",
      "transform_matrix": [
        [
          0.997764,
          -0.066612,
          0.005482,
          5.3495
        ],
        [
          -0.038163,
          -0.500457,
          0.86492,
          3.510511
        ],
        [
          -0.05487,
          -0.863195,
          -0.50188,
          1.402089
        ],
        [
          0.0,
          0.0,
          0.0,
          1.0
        ]
      ]
    },
    {
      "file_path": "/media/NFS/ttao/scannet/posed_images/scene0118_01/00026.jpg",
      "transform_matrix": [
        [
          0.997562,
          -0.069583,
          -0.005366,
          5.363441
        ],
        [
          -0.030959,
          -0.510122,
          0.859545,
          3.517443
        ],
        [
          -0.062547,
          -0.857283,
          -0.511032,
          1.399591
        ],
        [
          0.0,
          0.0,
          0.0,
          1.0
        ]
      ]
    },
    {
      "file_path": "/media/NFS/ttao/scannet/posed_images/scene0118_01/00028.jpg",
      "transform_matrix": [
        [
          0.997563,
          -0.067065,
          -0.019263,
          5.374043
        ],
        [
          -0.018654,
          -0.52235,
          0.852528,
          3.518129
        ],
        [
          -0.067236,
          -0.85009,
          -0.522327,
          1.395822
        ],
        [
          0.0,
          0.0,
          0.0,
          1.0
        ]
      ]
    },
    {
      "file_path": "/media/NFS/ttao/scannet/posed_images/scene0118_01/00030.jpg",
      "transform_matrix": [
        [
          0.99753,
          -0.054984,
          -0.043709,
          5.390467
        ],
        [
          0.006917,
          -0.542356,
          0.84012,
          3.526419
        ],
        [
          -0.069899,
          -0.838348,
          -0.540636,
          1.408464
        ],
        [
          0.0,
          0.0,
          0.0,
          1.0
        ]
      ]
    },
    {
      "file_path": "/media/NFS/ttao/scannet/posed_images/scene0118_01/00032.jpg",
      "transform_matrix": [
        [
          0.997137,
          -0.041622,
          -0.063136,
          5.395338
        ],
        [
          0.030329,
          -0.544699,
          0.838083,
          3.518632
        ],
        [
          -0.069273,
          -0.837598,
          -0.541877,
          1.407104
        ],
        [
          0.0,
          0.0,
          0.0,
          1.0
        ]
      ]
    },
    {
      "file_path": "/media/NFS/ttao/scannet/posed_images/scene0118_01/00033.jpg",
      "transform_matrix": [
        [
          0.996398,
          -0.031833,
          -0.078595,
          5.402153
        ],
        [
          0.04842,
          -0.547312,
          0.835527,
          3.512976
        ],
        [
          -0.069614,
          -0.836323,
          -0.543799,
          1.405462
        ],
        [
          0.0,
          0.0,
          0.0,
          1.0
        ]
      ]
    },
    {
      "file_path": "/media/NFS/ttao/scannet/posed_images/scene0118_01/00035.jpg",
      "transform_matrix": [
        [
          0.993943,
          -0.014334,
          -0.108955,
          5.402421
        ],
        [
          0.083063,
          -0.551158,
          0.830256,
          3.502072
        ],
        [
          -0.071952,
          -0.834278,
          -0.546629,
          1.408644
        ],
        [
          0.0,
          0.0,
          0.0,
          1.0
        ]
      ]
    },
    {
      "file_path": "/media/NFS/ttao/scannet/posed_images/scene0118_01/00038.jpg",
      "transform_matrix": [
        [
          0.989585,
          0.005813,
          -0.143834,
          5.416378
        ],
        [
          0.122975,
          -0.553526,
          0.823703,
          3.485036
        ],
        [
          -0.074828,
          -0.832811,
          -0.548476,
          1.411699
        ],
        [
          0.0,
          0.0,
          0.0,
          1.0
        ]
      ]
    },
    {
      "file_path": "/media/NFS/ttao/scannet/posed_images/scene0118_01/00039.jpg",
      "transform_matrix": [
        [
          0.989164,
          0.007249,
          -0.146634,
          5.42152
        ],
        [
          0.126101,
          -0.55343,
          0.823294,
          3.479164
        ],
        [
          -0.075184,
          -0.832864,
          -0.548348,
          1.40939
        ],
        [
          0.0,
          0.0,
          0.0,
          1.0
        ]
      ]
    },
    {
      "file_path": "/media/NFS/ttao/scannet/posed_images/scene0118_01/00041.jpg",
      "transform_matrix": [
        [
          0.988524,
          0.002588,
          -0.15104,
          5.440991
        ],
        [
          0.12637,
          -0.561985,
          0.817437,
          3.469191
        ],
        [
          -0.082767,
          -0.827143,
          -0.555863,
          1.403074
        ],
        [
          0.0,
          0.0,
          0.0,
          1.0
        ]
      ]
    },
    {
      "file_path": "/media/NFS/ttao/scannet/posed_images/scene0118_01/00043.jpg",
      "transform_matrix": [
        [
          0.987935,
          -0.004619,
          -0.154803,
          5.446831
        ],
        [
          0.124358,
          -0.572088,
          0.81071,
          3.458255
        ],
        [
          -0.092306,
          -0.82018,
          -0.564611,
          1.405151
        ],
        [
          0.0,
          0.0,
          0.0,
          1.0
        ]
      ]
    },
    {
      "file_path": "/media/NFS/ttao/scannet/posed_images/scene0118_01/00045.jpg",
      "transform_matrix": [
        [
          0.985833,
          -0.009681,
          -0.167448,
          5.445374
        ],
        [
          0.131514,
          -0.574993,
          0.807519,
          3.448184
        ],
        [
          -0.1041,
          -0.818101,
          -0.565574,
          1.41423
        ],
        [
          0.0,
          0.0,
          0.0,
          1.0
        ]
      ]
    },
    {
      "file_path": "/media/NFS/ttao/scannet/posed_images/scene0118_01/00047.jpg",
      "transform_matrix": [
        [
          0.984666,
          -0.006736,
          -0.174318,
          5.445146
        ],
        [
          0.139288,
          -0.571261,
          0.808863,
          3.429812
        ],
        [
          -0.105029,
          -0.820741,
          -0.561563,
          1.417596
        ],
        [
          0.0,
          0.0,
          0.0,
          1.0
        ]
      ]
    },
    {
      "file_path": "/media/NFS/ttao/scannet/posed_images/scene0118_01/00049.jpg",
      "transform_matrix": [
        [
          0.984696,
          0.006053,
          -0.174175,
          5.433524
        ],
        [
          0.147038,
          -0.565367,
          0.811628,
          3.414708
        ],
        [
          -0.09356,
          -0.824817,
          -0.557605,
          1.426928
        ],
        [
          0.0,
          0.0,
          0.0,
          1.0
        ]
      ]
    },
    {
      "file_path": "/media/NFS/ttao/scannet/posed_images/scene0118_01/00050.jpg",
      "transform_matrix": [
        [
          0.984912,
          0.01498,
          -0.172406,
          5.42537
        ],
        [
          0.150757,
          -0.563449,
          0.812279,
          3.40936
        ],
        [
          -0.084974,
          -0.826015,
          -0.557206,
          1.436787
        ],
        [
          0.0,
          0.0,
          0.0,
          1.0
        ]
      ]
    },
    {
      "file_path": "/media/NFS/ttao/scannet/posed_images/scene0118_01/00052.jpg",
      "transform_matrix": [
        [
          0.983644,
          0.034299,
          -0.176827,
          5.404593
        ],
        [
          0.165515,
          -0.55939,
          0.812211,
          3.394377
        ],
        [
          -0.071057,
          -0.828195,
          -0.555918,
          1.449729
        ],
        [
          0.0,
          0.0,
          0.0,
          1.0
        ]
      ]
    },
    {
      "file_path": "/media/NFS/ttao/scannet/posed_images/scene0118_01/00055.jpg",
      "transform_matrix": [
        [
          0.982856,
          0.051938,
          -0.17691,
          5.353491
        ],
        [
          0.176339,
          -0.545014,
          0.819673,
          3.347772
        ],
        [
          -0.053846,
          -0.836817,
          -0.544829,
          1.452185
        ],
        [
          0.0,
          0.0,
          0.0,
          1.0
        ]
      ]
    },
    {
      "file_path": "/media/NFS/ttao/scannet/posed_images/scene0118_01/00056.jpg",
      "transform_matrix": [
        [
          0.984256,
          0.050608,
          -0.169351,
          5.340539
        ],
        [
          0.169553,
          -0.540971,
          0.823773,
          3.332984
        ],
        [
          -0.049924,
          -0.839518,
          -0.541034,
          1.447549
        ],
        [
          0.0,
          0.0,
          0.0,
          1.0
        ]
      ]
    },
    {
      "file_path": "/media/NFS/ttao/scannet/posed_images/scene0118_01/00058.jpg",
      "transform_matrix": [
        [
          0.985728,
          0.050771,
          -0.160507,
          5.310554
        ],
        [
          0.161964,
          -0.546053,
          0.821945,
          3.305678
        ],
        [
          -0.045914,
          -0.836211,
          -0.546483,
          1.44552
        ],
        [
          0.0,
          0.0,
          0.0,
          1.0
        ]
      ]
    },
    {
      "file_path": "/media/NFS/ttao/scannet/posed_images/scene0118_01/00059.jpg",
      "transform_matrix": [
        [
          0.986266,
          0.052332,
          -0.156654,
          5.285798
        ],
        [
          0.159635,
          -0.545399,
          0.822835,
          3.294784
        ],
        [
          -0.042378,
          -0.836541,
          -0.546263,
          1.447615
        ],
        [
          0.0,
          0.0,
          0.0,
          1.0
        ]
      ]
    },
    {
      "file_path": "/media/NFS/ttao/scannet/posed_images/scene0118_01/00061.jpg",
      "transform_matrix": [
        [
          0.985128,
          0.055621,
          -0.162571,
          5.247278
        ],
        [
          0.166666,
          -0.539379,
          0.825405,
          3.265266
        ],
        [
          -0.041777,
          -0.840224,
          -0.540627,
          1.441194
        ],
        [
          0.0,
          0.0,
          0.0,
          1.0
        ]
      ]
    },
    {
      "file_path": "/media/NFS/ttao/scannet/posed_images/scene0118_01/00063.jpg",
      "transform_matrix": [
        [
          0.98028,
          0.07701,
          -0.181993,
          5.217483
        ],
        [
          0.194742,
          -0.532937,
          0.82344,
          3.236238
        ],
        [
          -0.033578,
          -0.842643,
          -0.537424,
          1.437745
        ],
        [
          0.0,
          0.0,
          0.0,
          1.0
        ]
      ]
    },
    {
      "file_path": "/media/NFS/ttao/scannet/posed_images/scene0118_01/00066.jpg",
      "transform_matrix": [
        [
          0.97048,
          0.125509,
          -0.205952,
          5.176847
        ],
        [
          0.241169,
          -0.513972,
          0.823207,
          3.204499
        ],
        [
          -0.002534,
          -0.848575,
          -0.529069,
          1.440371
        ],
        [
          0.0,
          0.0,
          0.0,
          1.0
        ]
      ]
    },
    {
      "file_path": "/media/NFS/ttao/scannet/posed_images/scene0118_01/00067.jpg",
      "transform_matrix": [
        [
          0.966332,
          0.142378,
          -0.214316,
          5.171315
        ],
        [
          0.257178,
          -0.508903,
          0.821509,
          3.196233
        ],
        [
          0.007899,
          -0.848968,
          -0.528386,
          1.441537
        ],
        [
          0.0,
          0.0,
          0.0,
          1.0
        ]
      ]
    },
    {
      "file_path": "/media/NFS/ttao/scannet/posed_images/scene0118_01/00070.jpg",
      "transform_matrix": [
        [
          0.95655,
          0.170527,
          -0.236502,
          5.129161
        ],
        [
          0.29077,
          -0.497875,
          0.817052,
          3.173172
        ],
        [
          0.021581,
          -0.850318,
          -0.525826,
          1.442471
        ],
        [
          0.0,
          0.0,
          0.0,
          1.0
        ]
      ]
    },
    {
      "file_path": "/media/NFS/ttao/scannet/posed_images/scene0118_01/00071.jpg",
      "transform_matrix": [
        [
          0.952284,
          0.181147,
          -0.245643,
          5.111596
        ],
        [
          0.304088,
          -0.494077,
          0.814505,
          3.170316
        ],
        [
          0.026178,
          -0.850338,
          -0.525586,
          1.447742
        ],
        [
          0.0,
          0.0,
          0.0,
          1.0
        ]
      ]
    },
    {
      "file_path": "/media/NFS/ttao/scannet/posed_images/scene0118_01/00073.jpg",
      "transform_matrix": [
        [
          0.942555,
          0.200197,
          -0.267418,
          5.099022
        ],
        [
          0.332439,
          -0.483569,
          0.809719,
          3.159968
        ],
        [
          0.032788,
          -0.852105,
          -0.522343,
          1.449219
        ],
        [
          0.0,
          0.0,
          0.0,
          1.0
        ]
      ]
    },
    {
      "file_path": "/media/NFS/ttao/scannet/posed_images/scene0118_01/00075.jpg",
      "transform_matrix": [
        [
          0.935352,
          0.21565,
          -0.280379,
          5.085312
        ],
        [
          0.351595,
          -0.480075,
          0.803685,
          3.151524
        ],
        [
          0.038712,
          -0.850307,
          -0.524861,
          1.450733
        ],
        [
          0.0,
          0.0,
          0.0,
          1.0
        ]
      ]
    },
    {
      "file_path": "/media/NFS/ttao/scannet/posed_images/scene0118_01/00077.jpg",
      "transform_matrix": [
        [
          0.929018,
          0.22605,
          -0.292964,
          5.083333
        ],
        [
          0.367835,
          -0.47794,
          0.797666,
          3.14663
        ],
        [
          0.040293,
          -0.848808,
          -0.527163,
          1.44912
        ],
        [
          0.0,
          0.0,
          0.0,
          1.0
        ]
      ]
    },
    {
      "file_path": "/media/NFS/ttao/scannet/posed_images/scene0118_01/00078.jpg",
      "transform_matrix": [
        [
          0.9261,
          0.231309,
          -0.298052,
          5.08053
        ],
        [
          0.374971,
          -0.477089,
          0.794848,
          3.146403
        ],
        [
          0.041658,
          -0.847869,
          -0.528566,
          1.448299
        ],
        [
          0.0,
          0.0,
          0.0,
          1.0
        ]
      ]
    },
    {
      "file_path": "/media/NFS/ttao/scannet/posed_images/scene0118_01/00081.jpg",
      "transform_matrix": [
        [
          0.916183,
          0.242929,
          -0.318737,
          5.076674
        ],
        [
          0.398446,
          -0.466823,
          0.789504,
          3.14201
        ],
        [
          0.042999,
          -0.85033,
          -0.52449,
          1.44345
        ],
        [
          0.0,
          0.0,
          0.0,
          1.0
        ]
      ]
    },
    {
      "file_path": "/media/NFS/ttao/scannet/posed_images/scene0118_01/00082.jpg",
      "transform_matrix": [
        [
          0.912899,
          0.242783,
          -0.328134,
          5.079791
        ],
        [
          0.406334,
          -0.464018,
          0.787134,
          3.138759
        ],
        [
          0.038843,
          -0.851906,
          -0.522252,
          1.440771
        ],
        [
          0.0,
          0.0,
          0.0,
          1.0
        ]
      ]
    },
    {
      "file_path": "/media/NFS/ttao/scannet/posed_images/scene0118_01/00084.jpg",
      "transform_matrix": [
        [
          0.901305,
          0.24837,
          -0.354912,
          5.093062
        ],
        [
          0.43218,
          -0.459754,
          0.775788,
          3.148882
        ],
        [
          0.02951,
          -0.852607,
          -0.521719,
          1.442503
        ],
        [
          0.0,
          0.0,
          0.0,
          1.0
        ]
      ]
    },
    {
      "file_path": "/media/NFS/ttao/scannet/posed_images/scene0118_01/00086.jpg",
      "transform_matrix": [
        [
          0.887734,
          0.256378,
          -0.382361,
          5.101819
        ],
        [
          0.45976,
          -0.45144,
          0.764737,
          3.154571
        ],
        [
          0.023449,
          -0.854677,
          -0.51863,
          1.445165
        ],
        [
          0.0,
          0.0,
          0.0,
          1.0
        ]
      ]
    },
    {
      "file_path": "/media/NFS/ttao/scannet/posed_images/scene0118_01/00088.jpg",
      "transform_matrix": [
        [
          0.86907,
          0.270612,
          -0.41411,
          5.112568
        ],
        [
          0.494348,
          -0.443961,
          0.747341,
          3.16097
        ],
        [
          0.018391,
          -0.854206,
          -0.519609,
          1.450382
        ],
        [
          0.0,
          0.0,
          0.0,
          1.0
        ]
      ]
    },
    {
      "file_path": "/media/NFS/ttao/scannet/posed_images/scene0118_01/00090.jpg",
      "transform_matrix": [
        [
          0.846637,
          0.281748,
          -0.451469,
          5.142626
        ],
        [
          0.53195,
          -0.423569,
          0.733225,
          3.169291
        ],
        [
          0.015356,
          -0.860934,
          -0.508485,
          1.437207
        ],
        [
          0.0,
          0.0,
          0.0,
          1.0
        ]
      ]
    },
    {
      "file_path": "/media/NFS/ttao/scannet/posed_images/scene0118_01/00092.jpg",
      "transform_matrix": [
        [
          0.832042,
          0.288936,
          -0.473521,
          5.156024
        ],
        [
          0.554642,
          -0.419633,
          0.718527,
          3.172256
        ],
        [
          0.008904,
          -0.860479,
          -0.509408,
          1.430762
        ],
        [
          0.0,
          0.0,
          0.0,
          1.0
        ]
      ]
    },
    {
      "file_path": "/media/NFS/ttao/scannet/posed_images/scene0118_01/00093.jpg",
      "transform_matrix": [
        [
          0.823483,
          0.29727,
          -0.483225,
          5.167596
        ],
        [
          0.567295,
          -0.420592,
          0.708011,
          3.188896
        ],
        [
          0.00723,
          -0.857166,
          -0.51499,
          1.437549
        ],
        [
          0.0,
          0.0,
          0.0,
          1.0
        ]
      ]
    },
    {
      "file_path": "/media/NFS/ttao/scannet/posed_images/scene0118_01/00095.jpg",
      "transform_matrix": [
        [
          0.806022,
          0.303118,
          -0.508379,
          5.190136
        ],
        [
          0.591881,
          -0.409179,
          0.694442,
          3.21069
        ],
        [
          0.00248,
          -0.860635,
          -0.509217,
          1.444642
        ],
        [
          0.0,
          0.0,
          0.0,
          1.0
        ]
      ]
    },
    {
      "file_path": "/media/NFS/ttao/scannet/posed_images/scene0118_01/00097.jpg",
      "transform_matrix": [
        [
          0.787624,
          0.301736,
          -0.537218,
          5.22045
        ],
        [
          0.616124,
          -0.39451,
          0.681728,
          3.227922
        ],
        [
          -0.006236,
          -0.867938,
          -0.496633,
          1.441317
        ],
        [
          0.0,
          0.0,
          0.0,
          1.0
        ]
      ]
    },
    {
      "file_path": "/media/NFS/ttao/scannet/posed_images/scene0118_01/00099.jpg",
      "transform_matrix": [
        [
          0.766963,
          0.307794,
          -0.563056,
          5.237203
        ],
        [
          0.641537,
          -0.387089,
          0.662263,
          3.242451
        ],
        [
          -0.014112,
          -0.869152,
          -0.494343,
          1.446029
        ],
        [
          0.0,
          0.0,
          0.0,
          1.0
        ]
      ]
    },
    {
      "file_path": "/media/NFS/ttao/scannet/posed_images/scene0118_01/00100.jpg",
      "transform_matrix": [
        [
          0.753323,
          0.314203,
          -0.577738,
          5.247401
        ],
        [
          0.657345,
          -0.386541,
          0.646903,
          3.253541
        ],
        [
          -0.02006,
          -0.8671,
          -0.49773,
          1.453363
        ],
        [
          0.0,
          0.0,
          0.0,
          1.0
        ]
      ]
    },
    {
      "file_path": "/media/NFS/ttao/scannet/posed_images/scene0118_01/00103.jpg",
      "transform_matrix": [
        [
          0.718342,
          0.321727,
          -0.616828,
          5.264496
        ],
        [
          0.69492,
          -0.373547,
          0.61445,
          3.257582
        ],
        [
          -0.032729,
          -0.870031,
          -0.491909,
          1.447351
        ],
        [
          0.0,
          0.0,
          0.0,
          1.0
        ]
      ]
    },
    {
      "file_path": "/media/NFS/ttao/scannet/posed_images/scene0118_01/00104.jpg",
      "transform_matrix": [
        [
          0.706584,
          0.324117,
          -0.629037,
          5.267741
        ],
        [
          0.706632,
          -0.370366,
          0.60291,
          3.259271
        ],
        [
          -0.037561,
          -0.870504,
          -0.490726,
          1.446584
        ],
        [
          0.0,
          0.0,
          0.0,
          1.0
        ]
      ]
    },
    {
      "file_path": "/media/NFS/ttao/scannet/posed_images/scene0118_01/00107.jpg",
      "transform_matrix": [
        [
          0.670573,
          0.32448,
          -0.667116,
          5.290369
        ],
        [
          0.739935,
          -0.357007,
          0.570125,
          3.288211
        ],
        [
          -0.053171,
          -0.875933,
          -0.479493,
          1.452975
        ],
        [
          0.0,
          0.0,
          0.0,
          1.0
        ]
      ]
    },
    {
      "file_path": "/media/NFS/ttao/scannet/posed_images/scene0118_01/00109.jpg",
      "transform_matrix": [
        [
          0.652757,
          0.317634,
          -0.687762,
          5.302673
        ],
        [
          0.755061,
          -0.346568,
          0.556573,
          3.302677
        ],
        [
          -0.06157,
          -0.882609,
          -0.466058,
          1.450696
        ],
        [
          0.0,
          0.0,
          0.0,
          1.0
        ]
      ]
    },
    {
      "file_path": "/media/NFS/ttao/scannet/posed_images/scene0118_01/00111.jpg",
      "transform_matrix": [
        [
          0.639817,
          0.317466,
          -0.699893,
          5.307589
        ],
        [
          0.765112,
          -0.348887,
          0.541185,
          3.322594
        ],
        [
          -0.072376,
          -0.881756,
          -0.466121,
          1.46056
        ],
        [
          0.0,
          0.0,
          0.0,
          1.0
        ]
      ]
    },
    {
      "file_path": "/media/NFS/ttao/scannet/posed_images/scene0118_01/00113.jpg",
      "transform_matrix": [
        [
          0.623398,
          0.314295,
          -0.715956,
          5.320963
        ],
        [
          0.778039,
          -0.340274,
          0.52808,
          3.357749
        ],
        [
          -0.077648,
          -0.886246,
          -0.45666,
          1.45691
        ],
        [
          0.0,
          0.0,
          0.0,
          1.0
        ]
      ]
    },
    {
      "file_path": "/media/NFS/ttao/scannet/posed_images/scene0118_01/00114.jpg",
      "transform_matrix": [
        [
          0.614906,
          0.314128,
          -0.723336,
          5.323177
        ],
        [
          0.784809,
          -0.333596,
          0.522291,
          3.369368
        ],
        [
          -0.077236,
          -0.888841,
          -0.45166,
          1.456216
        ],
        [
          0.0,
          0.0,
          0.0,
          1.0
        ]
      ]
    },
    {
      "file_path": "/media/NFS/ttao/scannet/posed_images/scene0118_01/00115.jpg",
      "transform_matrix": [
        [
          0.604755,
          0.313981,
          -0.731907,
          5.32313
        ],
        [
          0.792856,
          -0.3241,
          0.51608,
          3.381424
        ],
        [
          -0.075171,
          -0.892399,
          -0.444943,
          1.459301
        ],
        [
          0.0,
          0.0,
          0.0,
          1.0
        ]
      ]
    },
    {
      "file_path": "/media/NFS/ttao/scannet/posed_images/scene0118_01/00118.jpg",
      "transform_matrix": [
        [
          0.574028,
          0.298691,
          -0.762414,
          5.327171
        ],
        [
          0.81378,
          -0.311399,
          0.490705,
          3.418491
        ],
        [
          -0.090846,
          -0.902116,
          -0.421821,
          1.455569
        ],
        [
          0.0,
          0.0,
          0.0,
          1.0
        ]
      ]
    },
    {
      "file_path": "/media/NFS/ttao/scannet/posed_images/scene0118_01/00119.jpg",
      "transform_matrix": [
        [
          0.568013,
          0.295709,
          -0.768061,
          5.330862
        ],
        [
          0.817353,
          -0.312006,
          0.484342,
          3.431726
        ],
        [
          -0.096415,
          -0.902889,
          -0.418922,
          1.453977
        ],
        [
          0.0,
          0.0,
          0.0,
          1.0
        ]
      ]
    },
    {
      "file_path": "/media/NFS/ttao/scannet/posed_images/scene0118_01/00122.jpg",
      "transform_matrix": [
        [
          0.548342,
          0.313484,
          -0.775274,
          5.327687
        ],
        [
          0.832359,
          -0.293978,
          0.469847,
          3.460167
        ],
        [
          -0.080624,
          -0.902942,
          -0.422131,
          1.447319
        ],
        [
          0.0,
          0.0,
          0.0,
          1.0
        ]
      ]
    },
    {
      "file_path": "/media/NFS/ttao/scannet/posed_images/scene0118_01/00124.jpg",
      "transform_matrix": [
        [
          0.530564,
          0.329961,
          -0.780787,
          5.329683
        ],
        [
          0.845413,
          -0.272785,
          0.4592,
          3.481474
        ],
        [
          -0.061469,
          -0.903722,
          -0.423683,
          1.44967
        ],
        [
          0.0,
          0.0,
          0.0,
          1.0
        ]
      ]
    },
    {
      "file_path": "/media/NFS/ttao/scannet/posed_images/scene0118_01/00125.jpg",
      "transform_matrix": [
        [
          0.518919,
          0.335241,
          -0.786344,
          5.330243
        ],
        [
          0.852941,
          -0.264078,
          0.450283,
          3.494015
        ],
        [
          -0.056703,
          -0.904365,
          -0.422976,
          1.456459
        ],
        [
          0.0,
          0.0,
          0.0,
          1.0
        ]
      ]
    },
    {
      "file_path": "/media/NFS/ttao/scannet/posed_images/scene0118_01/00128.jpg",
      "transform_matrix": [
        [
          0.47856,
          0.34391,
          -0.807903,
          5.339791
        ],
        [
          0.876822,
          -0.235914,
          0.41896,
          3.522609
        ],
        [
          -0.046511,
          -0.908884,
          -0.414447,
          1.458884
        ],
        [
          0.0,
          0.0,
          0.0,
          1.0
        ]
      ]
    },
    {
      "file_path": "/media/NFS/ttao/scannet/posed_images/scene0118_01/00129.jpg",
      "transform_matrix": [
        [
          0.466348,
          0.346114,
          -0.814079,
          5.341068
        ],
        [
          0.883638,
          -0.225211,
          0.410444,
          3.52932
        ],
        [
          -0.041279,
          -0.910761,
          -0.410866,
          1.456821
        ],
        [
          0.0,
          0.0,
          0.0,
          1.0
        ]
      ]
    },
    {
      "file_path": "/media/NFS/ttao/scannet/posed_images/scene0118_01/00130.jpg",
      "transform_matrix": [
        [
          0.449282,
          0.357834,
          -0.818597,
          5.341154
        ],
        [
          0.892357,
          -0.223791,
          0.39194,
          3.555438
        ],
        [
          -0.042945,
          -0.906572,
          -0.41986,
          1.47077
        ],
        [
          0.0,
          0.0,
          0.0,
          1.0
        ]
      ]
    },
    {
      "file_path": "/media/NFS/ttao/scannet/posed_images/scene0118_01/00132.jpg",
      "transform_matrix": [
        [
          0.411455,
          0.368516,
          -0.833607,
          5.348965
        ],
        [
          0.910623,
          -0.204705,
          0.358974,
          3.572833
        ],
        [
          -0.038356,
          -0.906803,
          -0.419806,
          1.463132
        ],
        [
          0.0,
          0.0,
          0.0,
          1.0
        ]
      ]
    },
    {
      "file_path": "/media/NFS/ttao/scannet/posed_images/scene0118_01/00134.jpg",
      "transform_matrix": [
        [
          0.374223,
          0.377904,
          -0.846845,
          5.354887
        ],
        [
          0.926621,
          -0.188302,
          0.325446,
          3.588418
        ],
        [
          -0.036475,
          -0.906493,
          -0.420641,
          1.464454
        ],
        [
          0.0,
          0.0,
          0.0,
          1.0
        ]
      ]
    },
    {
      "file_path": "/media/NFS/ttao/scannet/posed_images/scene0118_01/00137.jpg",
      "transform_matrix": [
        [
          0.308393,
          0.3832,
          -0.870662,
          5.375907
        ],
        [
          0.950807,
          -0.152376,
          0.269716,
          3.622279
        ],
        [
          -0.029313,
          -0.91101,
          -0.411341,
          1.466144
        ],
        [
          0.0,
          0.0,
          0.0,
          1.0
        ]
      ]
    },
    {
      "file_path": "/media/NFS/ttao/scannet/posed_images/scene0118_01/00139.jpg",
      "transform_matrix": [
        [
          0.249228,
          0.390376,
          -0.88628,
          5.394093
        ],
        [
          0.968159,
          -0.12267,
          0.21822,
          3.668074
        ],
        [
          -0.023532,
          -0.912446,
          -0.408519,
          1.478015
        ],
        [
          0.0,
          0.0,
          0.0,
          1.0
        ]
      ]
    },
    {
      "file_path": "/media/NFS/ttao/scannet/posed_images/scene0118_01/00140.jpg",
      "transform_matrix": [
        [
          0.238272,
          0.385525,
          -0.891402,
          5.399568
        ],
        [
          0.971022,
          -0.112077,
          0.211082,
          3.681097
        ],
        [
          -0.018528,
          -0.915865,
          -0.401058,
          1.478007
        ],
        [
          0.0,
          0.0,
          0.0,
          1.0
        ]
      ]
    },
    {
      "file_path": "/media/NFS/ttao/scannet/posed_images/scene0118_01/00142.jpg",
      "transform_matrix": [
        [
          0.223946,
          0.381765,
          -0.896719,
          5.41397
        ],
        [
          0.974524,
          -0.09931,
          0.201097,
          3.689984
        ],
        [
          -0.012282,
          -0.918909,
          -0.394279,
          1.464403
        ],
        [
          0.0,
          0.0,
          0.0,
          1.0
        ]
      ]
    },
    {
      "file_path": "/media/NFS/ttao/scannet/posed_images/scene0118_01/00143.jpg",
      "transform_matrix": [
        [
          0.210423,
          0.389137,
          -0.896825,
          5.413893
        ],
        [
          0.977516,
          -0.096491,
          0.187487,
          3.702271
        ],
        [
          -0.013577,
          -0.916112,
          -0.400691,
          1.46947
        ],
        [
