{
  "frames": [
    {
      "file_path": "/media/NFS/ttao/scannet/posed_images/scene0376_00/00000.jpg",
      "transform_matrix": [
        [
          0.506224,
          0.401607,
          -0.763184,
          3.027497
        ],
        [
          0.860354,
          -0.174219,
          0.478998,
          1.251055
        ],
        [
          0.059408,
          -0.899088,
          -0.433718,
          1.648258
        ],
        [
          0.0,
          0.0,
          0.0,
          1.0
        ]
      ]
    },
    {
      "file_path": "/media/NFS/ttao/scannet/posed_images/scene0376_00/00003.jpg",
      "transform_matrix": [
        [
          0.498277,
          0.401686,
          -0.768355,
          3.064373
        ],
        [
          0.864806,
          -0.166993,
          0.473524,
          1.268902
        ],
        [
          0.061898,
          -0.900423,
          -0.430589,
          1.644929
        ],
        [
          0.0,
          0.0,
          0.0,
          1.0
        ]
      ]
    },
    {
      "file_path": "/media/NFS/ttao/scannet/posed_images/scene0376_00/00008.jpg",
      "transform_matrix": [
        [
          0.471826,
          0.405843,
          -0.782734,
          3.08556
        ],
        [
          0.879461,
          -0.153516,
          0.450536,
          1.28394
        ],
        [
          0.062685,
          -0.900958,
          -0.429355,
          1.65176
        ],
        [
          0.0,
          0.0,
          0.0,
          1.0
        ]
      ]
    },
    {
      "file_path": "/media/NFS/ttao/scannet/posed_images/scene0376_00/00009.jpg",
      "transform_matrix": [
        [
          0.469707,
          0.409767,
          -0.781963,
          3.087046
        ],
        [
          0.880399,
          -0.151829,
          0.449273,
          1.284755
        ],
        [
          0.065373,
          -0.899466,
          -0.432074,
          1.653273
        ],
        [
          0.0,
          0.0,
          0.0,
          1.0
        ]
      ]
    },
    {
      "file_path": "/media/NFS/ttao/scannet/posed_images/scene0376_00/00014.jpg",
      "transform_matrix": [
        [
          0.455028,
          0.401388,
          -0.794882,
          3.107359
        ],
        [
          0.888128,
          -0.139766,
          0.437829,
          1.303388
        ],
        [
          0.064642,
          -0.905181,
          -0.420082,
          1.658366
        ],
        [
          0.0,
          0.0,
          0.0,
          1.0
        ]
      ]
    },
    {
      "file_path": "/media/NFS/ttao/scannet/posed_images/scene0376_00/00015.jpg",
      "transform_matrix": [
        [
          0.453722,
          0.400451,
          -0.7961,
          3.107684
        ],
        [
          0.888958,
          -0.140854,
          0.435792,
          1.307523
        ],
        [
          0.06238,
          -0.905428,
          -0.419892,
          1.664016
        ],
        [
          0.0,
          0.0,
          0.0,
          1.0
        ]
      ]
    },
    {
      "file_path": "/media/NFS/ttao/scannet/posed_images/scene0376_00/00020.jpg",
      "transform_matrix": [
        [
          0.453833,
          0.377797,
          -0.807035,
          3.119338
        ],
        [
          0.888735,
          -0.126144,
          0.440725,
          1.298225
        ],
        [
          0.064702,
          -0.917255,
          -0.39301,
          1.655268
        ],
        [
          0.0,
          0.0,
          0.0,
          1.0
        ]
      ]
    },
    {
      "file_path": "/media/NFS/ttao/scannet/posed_images/scene0376_00/00021.jpg",
      "transform_matrix": [
        [
          0.450164,
          0.384338,
          -0.806,
          3.111145
        ],
        [
          0.890336,
          -0.124233,
          0.438027,
          1.29504
        ],
        [
          0.068219,
          -0.914795,
          -0.398115,
          1.670549
        ],
        [
          0.0,
          0.0,
          0.0,
          1.0
        ]
      ]
    },
    {
      "file_path": "/media/NFS/ttao/scannet/posed_images/scene0376_00/00024.jpg",
      "transform_matrix": [
        [
          0.426944,
          0.38396,
          -0.818715,
          3.111463
        ],
        [
          0.901418,
          -0.10876,
          0.419066,
          1.287231
        ],
        [
          0.071861,
          -0.916922,
          -0.392543,
          1.663043
        ],
        [
          0.0,
          0.0,
          0.0,
          1.0
        ]
      ]
    },
    {
      "file_path": "/media/NFS/ttao/scannet/posed_images/scene0376_00/00027.jpg",
      "transform_matrix": [
        [
          0.40179,
          0.383515,
          -0.831553,
          3.107802
        ],
        [
          0.912237,
          -0.088375,
          0.400016,
          1.27747
        ],
        [
          0.079923,
          -0.919297,
          -0.385365,
          1.660874
        ],
        [
          0.0,
          0.0,
          0.0,
          1.0
        ]
      ]
    },
    {
      "file_path": "/media/NFS/ttao/scannet/posed_images/scene0376_00/00032.jpg",
      "transform_matrix": [
        [
          0.394942,
          0.381879,
          -0.835577,
          3.099286
        ],
        [
          0.911936,
          -0.052744,
          0.406929,
          1.274009
        ],
        [
          0.111326,
          -0.922706,
          -0.369081,
          1.68469
        ],
        [
          0.0,
          0.0,
          0.0,
          1.0
        ]
      ]
    },
    {
      "file_path": "/media/NFS/ttao/scannet/posed_images/scene0376_00/00035.jpg",
      "transform_matrix": [
        [
          0.412602,
          0.361424,
          -0.836142,
          3.108332
        ],
        [
          0.902922,
          -0.040968,
          0.427847,
          1.277656
        ],
        [
          0.120379,
          -0.931501,
          -0.343241,
          1.692929
        ],
        [
          0.0,
          0.0,
          0.0,
          1.0
        ]
      ]
    },
    {
      "file_path": "/media/NFS/ttao/scannet/posed_images/scene0376_00/00038.jpg",
      "transform_matrix": [
        [
          0.432768,
          0.342775,
          -0.833797,
          3.116097
        ],
        [
          0.892887,
          -0.035391,
          0.448889,
          1.294829
        ],
        [
          0.124359,
          -0.938751,
          -0.321375,
          1.719358
        ],
        [
          0.0,
          0.0,
          0.0,
          1.0
        ]
      ]
    },
    {
      "file_path": "/media/NFS/ttao/scannet/posed_images/scene0376_00/00039.jpg",
      "transform_matrix": [
        [
          0.443368,
          0.333543,
          -0.83197,
          3.116802
        ],
        [
          0.887457,
          -0.033001,
          0.459707,
          1.290534
        ],
        [
          0.125877,
          -0.942157,
          -0.310637,
          1.717396
        ],
        [
          0.0,
          0.0,
          0.0,
          1.0
        ]
      ]
    },
    {
      "file_path": "/media/NFS/ttao/scannet/posed_images/scene0376_00/00042.jpg",
      "transform_matrix": [
        [
          0.466192,
          0.311559,
          -0.828008,
          3.126538
        ],
        [
          0.875743,
          -0.029796,
          0.481857,
          1.288713
        ],
        [
          0.125455,
          -0.94976,
          -0.286736,
          1.699991
        ],
        [
          0.0,
          0.0,
          0.0,
          1.0
        ]
      ]
    },
    {
      "file_path": "/media/NFS/ttao/scannet/posed_images/scene0376_00/00047.jpg",
      "transform_matrix": [
        [
          0.504319,
          0.308276,
          -0.806615,
          3.139444
        ],
        [
          0.854549,
          -0.043896,
          0.517512,
          1.305948
        ],
        [
          0.124129,
          -0.950284,
          -0.285575,
          1.70253
        ],
        [
          0.0,
          0.0,
          0.0,
          1.0
        ]
      ]
    },
    {
      "file_path": "/media/NFS/ttao/scannet/posed_images/scene0376_00/00049.jpg",
      "transform_matrix": [
        [
          0.517237,
          0.317795,
          -0.794652,
          3.131045
        ],
        [
          0.847086,
          -0.057617,
          0.528324,
          1.305326
        ],
        [
          0.122113,
          -0.946407,
          -0.299001,
          1.706849
        ],
        [
          0.0,
          0.0,
          0.0,
          1.0
        ]
      ]
    },
    {
      "file_path": "/media/NFS/ttao/scannet/posed_images/scene0376_00/00052.jpg",
      "transform_matrix": [
        [
          0.540222,
          0.333534,
          -0.772603,
          3.128739
        ],
        [
          0.832666,
          -0.079011,
          0.548111,
          1.31827
        ],
        [
          0.12177,
          -0.939421,
          -0.320406,
          1.690427
        ],
        [
          0.0,
          0.0,
          0.0,
          1.0
        ]
      ]
    },
    {
      "file_path": "/media/NFS/ttao/scannet/posed_images/scene0376_00/00055.jpg",
      "transform_matrix": [
        [
          0.556085,
          0.35649,
          -0.75079,
          3.122526
        ],
        [
          0.821648,
          -0.099768,
          0.561195,
          1.326494
        ],
        [
          0.125155,
          -0.928957,
          -0.348389,
          1.684319
        ],
        [
          0.0,
          0.0,
          0.0,
          1.0
        ]
      ]
    },
    {
      "file_path": "/media/NFS/ttao/scannet/posed_images/scene0376_00/00058.jpg",
      "transform_matrix": [
        [
          0.560106,
          0.37944,
          -0.736415,
          3.120682
        ],
        [
          0.818754,
          -0.118146,
          0.561857,
          1.334733
        ],
        [
          0.126186,
          -0.917642,
          -0.376842,
          1.673463
        ],
        [
          0.0,
          0.0,
          0.0,
          1.0
        ]
      ]
    },
    {
      "file_path": "/media/NFS/ttao/scannet/posed_images/scene0376_00/00061.jpg",
      "transform_matrix": [
        [
          0.554515,
          0.400551,
          -0.729432,
          3.112834
        ],
        [
          0.823002,
          -0.134184,
          0.551963,
          1.338099
        ],
        [
          0.123211,
          -0.906396,
          -0.404062,
          1.668982
        ],
        [
          0.0,
          0.0,
          0.0,
          1.0
        ]
      ]
    },
    {
      "file_path": "/media/NFS/ttao/scannet/posed_images/scene0376_00/00065.jpg",
      "transform_matrix": [
        [
          0.523388,
          0.414106,
          -0.744702,
          3.098336
        ],
        [
          0.84543,
          -0.143276,
          0.51451,
          1.326761
        ],
        [
          0.106364,
          -0.898882,
          -0.425087,
          1.650577
        ],
        [
          0.0,
          0.0,
          0.0,
          1.0
        ]
      ]
    },
    {
      "file_path": "/media/NFS/ttao/scannet/posed_images/scene0376_00/00069.jpg",
      "transform_matrix": [
        [
          0.483232,
          0.426768,
          -0.764432,
          3.089417
        ],
        [
          0.869784,
          -0.134479,
          0.474753,
          1.303697
        ],
        [
          0.09981,
          -0.894307,
          -0.436181,
          1.613971
        ],
        [
          0.0,
          0.0,
          0.0,
          1.0
        ]
      ]
    },
    {
      "file_path": "/media/NFS/ttao/scannet/posed_images/scene0376_00/00071.jpg",
      "transform_matrix": [
        [
          0.463193,
          0.443863,
          -0.767097,
          3.07487
        ],
        [
          0.880259,
          -0.12988,
          0.456371,
          1.296259
        ],
        [
          0.102936,
          -0.886632,
          -0.450875,
          1.623156
        ],
        [
          0.0,
          0.0,
          0.0,
          1.0
        ]
      ]
    },
    {
      "file_path": "/media/NFS/ttao/scannet/posed_images/scene0376_00/00074.jpg",
      "transform_matrix": [
        [
          0.426321,
          0.449203,
          -0.785154,
          3.071016
        ],
        [
          0.898996,
          -0.114176,
          0.422813,
          1.281333
        ],
        [
          0.100283,
          -0.886104,
          -0.452507,
          1.61093
        ],
        [
          0.0,
          0.0,
          0.0,
          1.0
        ]
      ]
    },
    {
      "file_path": "/media/NFS/ttao/scannet/posed_images/scene0376_00/00076.jpg",
      "transform_matrix": [
        [
          0.402046,
          0.451564,
          -0.796523,
          3.066777
        ],
        [
          0.910194,
          -0.102546,
          0.401286,
          1.270124
        ],
        [
          0.099526,
          -0.886326,
          -0.452239,
          1.605188
        ],
        [
          0.0,
          0.0,
          0.0,
          1.0
        ]
      ]
    },
    {
      "file_path": "/media/NFS/ttao/scannet/posed_images/scene0376_00/00081.jpg",
      "transform_matrix": [
        [
          0.336739,
          0.462416,
          -0.820231,
          3.041307
        ],
        [
          0.936567,
          -0.074559,
          0.342466,
          1.236341
        ],
        [
          0.097206,
          -0.883523,
          -0.458191,
          1.616218
        ],
        [
          0.0,
          0.0,
          0.0,
          1.0
        ]
      ]
    },
    {
      "file_path": "/media/NFS/ttao/scannet/posed_images/scene0376_00/00084.jpg",
      "transform_matrix": [
        [
          0.304096,
          0.45968,
          -0.834398,
          3.0377
        ],
        [
          0.947287,
          -0.05318,
          0.315941,
          1.225664
        ],
        [
          0.100859,
          -0.886491,
          -0.451621,
          1.615617
        ],
        [
          0.0,
          0.0,
          0.0,
          1.0
        ]
      ]
    },
    {
      "file_path": "/media/NFS/ttao/scannet/posed_images/scene0376_00/00087.jpg",
      "transform_matrix": [
        [
          0.276771,
          0.454196,
          -0.84682,
          3.036433
        ],
        [
          0.954572,
          -0.028702,
          0.296594,
          1.211477
        ],
        [
          0.110406,
          -0.890439,
          -0.441507,
          1.610083
        ],
        [
          0.0,
          0.0,
          0.0,
          1.0
        ]
      ]
    },
    {
      "file_path": "/media/NFS/ttao/scannet/posed_images/scene0376_00/00090.jpg",
      "transform_matrix": [
        [
          0.246363,
          0.445358,
          -0.860791,
          3.044515
        ],
        [
          0.962869,
          -0.011297,
          0.269733,
          1.199036
        ],
        [
          0.110403,
          -0.895282,
          -0.431604,
          1.592248
        ],
        [
          0.0,
          0.0,
          0.0,
          1.0
        ]
      ]
    },
    {
      "file_path": "/media/NFS/ttao/scannet/posed_images/scene0376_00/00092.jpg",
      "transform_matrix": [
        [
          0.229523,
          0.45232,
          -0.861816,
          3.039538
        ],
        [
          0.966668,
          -0.002726,
          0.256017,
          1.187533
        ],
        [
          0.113453,
          -0.891852,
          -0.437869,
          1.594383
        ],
        [
          0.0,
          0.0,
          0.0,
          1.0
        ]
      ]
    },
    {
      "file_path": "/media/NFS/ttao/scannet/posed_images/scene0376_00/00095.jpg",
      "transform_matrix": [
        [
          0.20056,
          0.457495,
          -0.866299,
          3.03801
        ],
        [
          0.972276,
          0.015566,
          0.233316,
          1.16306
        ],
        [
          0.120226,
          -0.889076,
          -0.44169,
          1.580403
        ],
        [
          0.0,
          0.0,
          0.0,
          1.0
        ]
      ]
    },
    {
      "file_path": "/media/NFS/ttao/scannet/posed_images/scene0376_00/00100.jpg",
      "transform_matrix": [
        [
          0.138908,
          0.465145,
          -0.874268,
          3.037354
        ],
        [
          0.983123,
          0.041364,
          0.17821,
          1.140995
        ],
        [
          0.119057,
          -0.884268,
          -0.451549,
          1.563787
        ],
        [
          0.0,
          0.0,
          0.0,
          1.0
        ]
      ]
    },
    {
      "file_path": "/media/NFS/ttao/scannet/posed_images/scene0376_00/00102.jpg",
      "transform_matrix": [
        [
          0.117394,
          0.461657,
          -0.879256,
          3.036772
        ],
        [
          0.985754,
          0.053211,
          0.159552,
          1.104039
        ],
        [
          0.120444,
          -0.885461,
          -0.448834,
          1.551974
        ],
        [
          0.0,
          0.0,
          0.0,
          1.0
        ]
      ]
    },
    {
      "file_path": "/media/NFS/ttao/scannet/posed_images/scene0376_00/00104.jpg",
      "transform_matrix": [
        [
          0.073243,
          0.460884,
          -0.884433,
          3.036863
        ],
        [
          0.990323,
          0.071212,
          0.119122,
          1.106325
        ],
        [
          0.117884,
          -0.884599,
          -0.451208,
          1.549438
        ],
        [
          0.0,
          0.0,
          0.0,
          1.0
        ]
      ]
    },
    {
      "file_path": "/media/NFS/ttao/scannet/posed_images/scene0376_00/00107.jpg",
      "transform_matrix": [
        [
          0.025396,
          0.459215,
          -0.887962,
          3.040735
        ],
        [
          0.993493,
          0.087057,
          0.073436,
          1.085005
        ],
        [
          0.111026,
          -0.884049,
          -0.454016,
          1.537797
        ],
        [
          0.0,
          0.0,
          0.0,
          1.0
        ]
      ]
    },
    {
      "file_path": "/media/NFS/ttao/scannet/posed_images/scene0376_00/00112.jpg",
      "transform_matrix": [
        [
          -0.048193,
          0.451055,
          -0.891194,
          3.047014
        ],
        [
          0.994826,
          0.10157,
          -0.00239,
          1.086167
        ],
        [
          0.08944,
          -0.886698,
          -0.453616,
          1.552851
        ],
        [
          0.0,
          0.0,
          0.0,
          1.0
        ]
      ]
    },
    {
      "file_path": "/media/NFS/ttao/scannet/posed_images/scene0376_00/00114.jpg",
      "transform_matrix": [
        [
          -0.070866,
          0.442707,
          -0.893862,
          3.046047
        ],
        [
          0.993849,
          0.10779,
          -0.025407,
          1.079984
        ],
        [
          0.085101,
          -0.890164,
          -0.447623,
          1.557409
        ],
        [
          0.0,
          0.0,
          0.0,
          1.0
        ]
      ]
    },
    {
      "file_path": "/media/NFS/ttao/scannet/posed_images/scene0376_00/00118.jpg",
      "transform_matrix": [
        [
          -0.101726,
          0.413469,
          -0.904818,
          3.050488
        ],
        [
          0.991558,
          0.115657,
          -0.058626,
          1.055614
        ],
        [
          0.080409,
          -0.903143,
          -0.421743,
          1.561343
        ],
        [
          0.0,
          0.0,
          0.0,
          1.0
        ]
      ]
    },
    {
      "file_path": "/media/NFS/ttao/scannet/posed_images/scene0376_00/00121.jpg",
      "transform_matrix": [
        [
          -0.122427,
          0.400736,
          -0.907977,
          3.054632
        ],
        [
          0.988844,
          0.127469,
          -0.077072,
          1.057332
        ],
        [
          0.084853,
          -0.907283,
          -0.411871,
          1.577738
        ],
        [
          0.0,
          0.0,
          0.0,
          1.0
        ]
      ]
    },
    {
      "file_path": "/media/NFS/ttao/scannet/posed_images/scene0376_00/00122.jpg",
      "transform_matrix": [
        [
          -0.124798,
          0.394384,
          -0.910432,
          3.052685
        ],
        [
          0.988402,
          0.129434,
          -0.079417,
          1.059432
        ],
        [
          0.08652,
          -0.909785,
          -0.405963,
          1.583294
        ],
        [
          0.0,
          0.0,
          0.0,
          1.0
        ]
      ]
    },
    {
      "file_path": "/media/NFS/ttao/scannet/posed_images/scene0376_00/00125.jpg",
      "transform_matrix": [
        [
          -0.137305,
          0.36389,
          -0.921266,
          3.058325
        ],
        [
          0.987338,
          0.124869,
          -0.09783,
          1.057613
        ],
        [
          0.079438,
          -0.923034,
          -0.376428,
          1.604597
        ],
        [
          0.0,
          0.0,
          0.0,
          1.0
        ]
      ]
    },
    {
      "file_path": "/media/NFS/ttao/scannet/posed_images/scene0376_00/00128.jpg",
      "transform_matrix": [
        [
          -0.144746,
          0.323634,
          -0.935045,
          3.069474
        ],
        [
          0.986451,
          0.120953,
          -0.11084,
          1.05721
        ],
        [
          0.077225,
          -0.93842,
          -0.336757,
          1.621446
        ],
        [
          0.0,
          0.0,
          0.0,
          1.0
        ]
      ]
    },
    {
      "file_path": "/media/NFS/ttao/scannet/posed_images/scene0376_00/00133.jpg",
      "transform_matrix": [
        [
          -0.150203,
          0.269704,
          -0.951156,
          3.076633
        ],
        [
          0.986093,
          0.110088,
          -0.124504,
          1.055678
        ],
        [
          0.071132,
          -0.95663,
          -0.282489,
          1.659151
        ],
        [
          0.0,
          0.0,
          0.0,
          1.0
        ]
      ]
    },
    {
      "file_path": "/media/NFS/ttao/scannet/posed_images/scene0376_00/00135.jpg",
      "transform_matrix": [
        [
          -0.153832,
          0.246034,
          -0.956976,
          3.081812
        ],
        [
          0.985566,
          0.107477,
          -0.130796,
          1.060748
        ],
        [
          0.070673,
          -0.963284,
          -0.259016,
          1.664894
        ],
        [
          0.0,
          0.0,
          0.0,
          1.0
        ]
      ]
    },
    {
      "file_path": "/media/NFS/ttao/scannet/posed_images/scene0376_00/00140.jpg",
      "transform_matrix": [
        [
          -0.147195,
          0.194456,
          -0.969804,
          3.092468
        ],
        [
          0.98704,
          0.092245,
          -0.131315,
          1.057024
        ],
        [
          0.063925,
          -0.976564,
          -0.205514,
          1.675301
        ],
        [
          0.0,
          0.0,
          0.0,
          1.0
        ]
      ]
    },
    {
      "file_path": "/media/NFS/ttao/scannet/posed_images/scene0376_00/00142.jpg",
      "transform_matrix": [
        [
          -0.145599,
          0.174515,
          -0.97383,
          3.09815
        ],
        [
          0.987033,
          0.092863,
          -0.130932,
          1.056279
        ],
        [
          0.067583,
          -0.980266,
          -0.185772,
          1.670494
        ],
        [
          0.0,
          0.0,
          0.0,
          1.0
        ]
      ]
    },
    {
      "file_path": "/media/NFS/ttao/scannet/posed_images/scene0376_00/00146.jpg",
      "transform_matrix": [
        [
          -0.135843,
          0.14405,
          -0.980202,
          3.097979
        ],
        [
          0.98824,
          0.089814,
          -0.123758,
          1.061686
        ],
        [
          0.070208,
          -0.985486,
          -0.154556,
          1.68665
        ],
        [
          0.0,
          0.0,
          0.0,
          1.0
        ]
      ]
    },
    {
      "file_path": "/media/NFS/ttao/scannet/posed_images/scene0376_00/00148.jpg",
      "transform_matrix": [
        [
          -0.133761,
          0.12499,
          -0.9831,
          3.105239
        ],
        [
          0.988311,
          0.09004,
          -0.123022,
          1.065175
        ],
        [
          0.073142,
          -0.988064,
          -0.135573,
          1.68609
        ],
        [
          0.0,
          0.0,
          0.0,
          1.0
        ]
      ]
    },
    {
      "file_path": "/media/NFS/ttao/scannet/posed_images/scene0376_00/00152.jpg",
      "transform_matrix": [
        [
          -0.126548,
          0.092477,
          -0.98764,
          3.104161
        ],
        [
          0.989486,
          0.082049,
          -0.119102,
          1.067348
        ],
        [
          0.070021,
          -0.992329,
          -0.101887,
          1.698907
        ],
        [
          0.0,
          0.0,
          0.0,
          1.0
        ]
      ]
    },
    {
      "file_path": "/media/NFS/ttao/scannet/posed_images/scene0376_00/00155.jpg",
      "transform_matrix": [
        [
          -0.120662,
          0.068119,
          -0.990353,
          3.1092
        ],
        [
          0.990178,
          0.079237,
          -0.115191,
          1.068186
        ],
        [
          0.070626,
          -0.994526,
          -0.077011,
          1.692398
        ],
        [
          0.0,
          0.0,
          0.0,
          1.0
        ]
      ]
    },
    {
      "file_path": "/media/NFS/ttao/scannet/posed_images/scene0376_00/00156.jpg",
      "transform_matrix": [
        [
          -0.121932,
          0.067142,
          -0.990265,
          3.107947
        ],
        [
          0.990041,
          0.078954,
          -0.116551,
          1.073192
        ],
        [
          0.07036,
          -0.994615,
          -0.0761,
          1.700084
        ],
        [
          0.0,
          0.0,
          0.0,
          1.0
        ]
      ]
    },
    {
      "file_path": "/media/NFS/ttao/scannet/posed_images/scene0376_00/00159.jpg",
      "transform_matrix": [
        [
          -0.119103,
          0.052228,
          -0.991507,
          3.112826
        ],
        [
          0.990482,
          0.075646,
          -0.114995,
          1.073673
        ],
        [
          0.068997,
          -0.995766,
          -0.060741,
          1.707436
        ],
        [
          0.0,
          0.0,
          0.0,
          1.0
        ]
      ]
    },
    {
      "file_path": "/media/NFS/ttao/scannet/posed_images/scene0376_00/00163.jpg",
      "transform_matrix": [
        [
          -0.112314,
          0.036588,
          -0.992999,
          3.110547
        ],
        [
          0.991099,
          0.076006,
          -0.109299,
          1.079166
        ],
        [
          0.071475,
          -0.996436,
          -0.044799,
          1.742062
        ],
        [
          0.0,
          0.0,
          0.0,
          1.0
        ]
      ]
    },
    {
      "file_path": "/media/NFS/ttao/scannet/posed_images/scene0376_00/00165.jpg",
      "transform_matrix": [
        [
          -0.110751,
          0.01914,
          -0.993664,
          3.1209
        ],
        [
          0.991512,
          0.070642,
          -0.10915,
          1.0732
        ],
        [
          0.068105,
          -0.997318,
          -0.026801,
          1.74628
        ],
        [
          0.0,
          0.0,
          0.0,
          1.0
        ]
      ]
    },
    {
      "file_path": "/media/NFS/ttao/scannet/posed_images/scene0376_00/00169.jpg",
      "transform_matrix": [
        [
          -0.121968,
          0.006666,
          -0.992512,
          3.129632
        ],
        [
          0.990246,
          0.068683,
          -0.121228,
          1.084692
        ],
        [
          0.067361,
          -0.997616,
          -0.014978,
          1.761697
        ],
        [
          0.0,
          0.0,
          0.0,
          1.0
        ]
      ]
    },
    {
      "file_path": "/media/NFS/ttao/scannet/posed_images/scene0376_00/00171.jpg",
      "transform_matrix": [
        [
          -0.114471,
          0.015576,
          -0.993304,
          3.130506
        ],
        [
          0.990906,
          0.072966,
          -0.113051,
          1.076954
        ],
        [
          0.070717,
          -0.997213,
          -0.023787,
          1.75222
        ],
        [
          0.0,
          0.0,
          0.0,
          1.0
        ]
      ]
    },
    {
      "file_path": "/media/NFS/ttao/scannet/posed_images/scene0376_00/00176.jpg",
      "transform_matrix": [
        [
          -0.102324,
          0.062263,
          -0.992801,
          3.126359
        ],
        [
          0.992348,
          0.075726,
          -0.097528,
          1.071211
        ],
        [
          0.069108,
          -0.995183,
          -0.069536,
          1.743531
        ],
        [
          0.0,
          0.0,
          0.0,
          1.0
        ]
      ]
    },
    {
      "file_path": "/media/NFS/ttao/scannet/posed_images/scene0376_00/00179.jpg",
      "transform_matrix": [
        [
          -0.100516,
          0.125127,
          -0.987036,
          3.112535
        ],
        [
          0.993035,
          0.073904,
          -0.091758,
          1.068244
        ],
        [
          0.061465,
          -0.989385,
          -0.131684,
          1.793693
        ],
        [
          0.0,
          0.0,
          0.0,
          1.0
        ]
      ]
    },
    {
      "file_path": "/media/NFS/ttao/scannet/posed_images/scene0376_00/00183.jpg",
      "transform_matrix": [
        [
          -0.095566,
          0.162458,
          -0.982077,
          3.109946
        ],
        [
          0.994219,
          0.064096,
          -0.086145,
          1.07366
        ],
        [
          0.048953,
          -0.984632,
          -0.167644,
          1.725592
        ],
        [
          0.0,
          0.0,
          0.0,
          1.0
        ]
      ]
    },
    {
      "file_path": "/media/NFS/ttao/scannet/posed_images/scene0376_00/00185.jpg",
      "transform_matrix": [
        [
          -0.089271,
          0.182346,
          -0.979174,
          3.106973
        ],
        [
          0.994833,
          0.064062,
          -0.078769,
          1.065801
        ],
        [
          0.048365,
          -0.981145,
          -0.187122,
          1.706629
        ],
        [
          0.0,
          0.0,
          0.0,
          1.0
        ]
      ]
    },
    {
      "file_path": "/media/NFS/ttao/scannet/posed_images/scene0376_00/00189.jpg",
      "transform_matrix": [
        [
          -0.074694,
          0.231257,
          -0.970021,
          3.104179
        ],
        [
          0.996203,
          0.060926,
          -0.062185,
          1.070903
        ],
        [
          0.044719,
          -0.970983,
          -0.234929,
          1.700413
        ],
        [
          0.0,
          0.0,
          0.0,
          1.0
        ]
      ]
    },
    {
      "file_path": "/media/NFS/ttao/scannet/posed_images/scene0376_00/00190.jpg",
      "transform_matrix": [
        [
          -0.070094,
          0.226719,
          -0.971435,
          3.104677
        ],
        [
          0.996344,
          0.063587,
          -0.05705,
          1.073192
        ],
        [
          0.048837,
          -0.971882,
          -0.230347,
          1.652325
        ],
        [
          0.0,
          0.0,
          0.0,
          1.0
        ]
      ]
    },
    {
      "file_path": "/media/NFS/ttao/scannet/posed_images/scene0376_00/00195.jpg",
      "transform_matrix": [
        [
          -0.022258,
          0.286296,
          -0.957883,
          3.09944
        ],
        [
          0.997433,
          0.071578,
          -0.001783,
          1.073773
        ],
        [
          0.068053,
          -0.955464,
          -0.287154,
          1.6161
        ],
        [
          0.0,
          0.0,
          0.0,
          1.0
        ]
      ]
    },
    {
      "file_path": "/media/NFS/ttao/scannet/posed_images/scene0376_00/00198.jpg",
      "transform_matrix": [
        [
          -0.001094,
          0.32339,
          -0.946265,
          3.091861
        ],
        [
          0.998393,
          0.053963,
          0.017288,
          1.087016
        ],
        [
          0.056655,
          -0.944726,
          -0.32293,
          1.609993
        ],
        [
          0.0,
          0.0,
          0.0,
          1.0
        ]
      ]
    },
    {
      "file_path": "/media/NFS/ttao/scannet/posed_images/scene0376_00/00200.jpg",
      "transform_matrix": [
        [
          0.012807,
          0.346874,
          -0.937824,
          3.078659
        ],
        [
          0.998807,
          0.039756,
          0.028345,
          1.102516
        ],
        [
          0.047116,
          -0.937069,
          -0.345951,
          1.603372
        ],
        [
          0.0,
          0.0,
          0.0,
          1.0
        ]
      ]
    },
    {
      "file_path": "/media/NFS/ttao/scannet/posed_images/scene0376_00/00203.jpg",
      "transform_matrix": [
        [
          0.035137,
          0.365917,
          -0.929984,
          3.079367
        ],
        [
          0.998633,
          0.023182,
          0.046852,
          1.09944
        ],
        [
          0.038703,
          -0.930359,
          -0.364602,
          1.565586
        ],
        [
          0.0,
          0.0,
          0.0,
          1.0
        ]
      ]
    },
    {
      "file_path": "/media/NFS/ttao/scannet/posed_images/scene0376_00/00205.jpg",
      "transform_matrix": [
        [
          0.050331,
          0.388663,
          -0.920004,
          3.064936
        ],
        [
          0.998155,
          0.011757,
          0.059573,
          1.106314
        ],
        [
          0.03397,
          -0.921305,
          -0.387354,
          1.566604
        ],
        [
          0.0,
          0.0,
          0.0,
          1.0
        ]
      ]
    },
    {
      "file_path": "/media/NFS/ttao/scannet/posed_images/scene0376_00/00209.jpg",
      "transform_matrix": [
        [
          0.096179,
          0.407485,
          -0.908133,
          3.043291
        ],
        [
          0.995025,
          -0.015561,
          0.098399,
          1.10425
        ],
        [
          0.025964,
          -0.913079,
          -0.406955,
          1.54986
        ],
        [
          0.0,
          0.0,
          0.0,
          1.0
        ]
      ]
    },
    {
      "file_path": "/media/NFS/ttao/scannet/posed_images/scene0376_00/00213.jpg",
      "transform_matrix": [
        [
          0.157989,
          0.438869,
          -0.884553,
          2.998921
        ],
        [
          0.98662,
          -0.033631,
          0.159533,
          1.097135
        ],
        [
          0.040265,
          -0.897922,
          -0.43831,
          1.57077
        ],
        [
          0.0,
          0.0,
          0.0,
          1.0
        ]
      ]
    },
    {
      "file_path": "/media/NFS/ttao/scannet/posed_images/scene0376_00/00216.jpg",
      "transform_matrix": [
        [
          0.206871,
          0.453549,
          -0.86689,
          2.967503
        ],
        [
          0.976867,
          -0.046693,
          0.208686,
          1.083537
        ],
        [
          0.054172,
          -0.890007,
          -0.452717,
          1.574987
        ],
        [
          0.0,
          0.0,
          0.0,
          1.0
        ]
      ]
    },
    {
      "file_path": "/media/NFS/ttao/scannet/posed_images/scene0376_00/00220.jpg",
      "transform_matrix": [
        [
          0.264399,
          0.464926,
          -0.844948,
          2.914066
        ],
        [
          0.961454,
          -0.058487,
          0.268674,
          1.051826
        ],
        [
          0.075495,
          -0.883416,
          -0.462469,
          1.588766
        ],
        [
          0.0,
          0.0,
          0.0,
          1.0
        ]
      ]
    },
    {
      "file_path": "/media/NFS/ttao/scannet/posed_images/scene0376_00/00223.jpg",
      "transform_matrix": [
        [
          0.295578,
          0.458576,
          -0.838059,
          2.876348
        ],
        [
          0.952783,
          -0.077632,
          0.293561,
          1.030081
        ],
        [
          0.069559,
          -0.885258,
          -0.459869,
          1.597035
        ],
        [
          0.0,
          0.0,
          0.0,
          1.0
        ]
      ]
    },
    {
      "file_path": "/media/NFS/ttao/scannet/posed_images/scene0376_00/00226.jpg",
      "transform_matrix": [
        [
          0.315556,
          0.448106,
          -0.836436,
          2.842205
        ],
        [
          0.948192,
          -0.114688,
          0.296275,
          0.995253
        ],
        [
          0.036833,
          -0.886593,
          -0.461081,
          1.60132
        ],
        [
          0.0,
          0.0,
          0.0,
          1.0
        ]
      ]
    },
    {
      "file_path": "/media/NFS/ttao/scannet/posed_images/scene0376_00/00228.jpg",
      "transform_matrix": [
        [
          0.331958,
          0.444562,
          -0.831967,
          2.814903
        ],
        [
          0.943052,
          -0.136425,
          0.303383,
          0.975142
        ],
        [
          0.021372,
          -0.885298,
          -0.464532,
          1.608977
        ],
        [
          0.0,
          0.0,
          0.0,
          1.0
        ]
      ]
    },
    {
      "file_path": "/media/NFS/ttao/scannet/posed_images/scene0376_00/00232.jpg",
      "transform_matrix": [
        [
          0.369238,
          0.43822,
          -0.819528,
          2.766972
        ],
        [
          0.929069,
          -0.152984,
          0.336788,
          0.949358
        ],
        [
          0.022213,
          -0.885753,
          -0.463625,
          1.616602
        ],
        [
          0.0,
          0.0,
          0.0,
          1.0
        ]
      ]
    },
    {
      "file_path": "/media/NFS/ttao/scannet/posed_images/scene0376_00/00234.jpg",
      "transform_matrix": [
        [
          0.388726,
          0.439579,
          -0.80973,
          2.743274
        ],
        [
          0.920833,
          -0.155828,
          0.357468,
          0.941371
        ],
        [
          0.030957,
          -0.884584,
          -0.465353,
          1.616408
        ],
        [
          0.0,
          0.0,
          0.0,
          1.0
        ]
      ]
    },
    {
      "file_path": "/media/NFS/ttao/scannet/posed_images/scene0376_00/00236.jpg",
      "transform_matrix": [
        [
          0.408492,
          0.444872,
          -0.797009,
          2.720649
        ],
        [
          0.911715,
          -0.157068,
          0.379611,
          0.928438
        ],
        [
          0.043694,
          -0.881713,
          -0.469758,
          1.611044
        ],
        [
          0.0,
          0.0,
          0.0,
