{
  "frames": [
    {
      "file_path": "/media/NFS/ttao/scannet/posed_images/scene0185_00/00000.jpg",
      "transform_matrix": [
        [
          -0.928108,
          -0.125197,
          0.35063,
          5.296664
        ],
        [
          -0.371823,
          0.3599,
          -0.855699,
          4.137775
        ],
        [
          -0.019061,
          -0.924553,
          -0.380577,
          1.856988
        ],
        [
          0.0,
          0.0,
          0.0,
          1.0
        ]
      ]
    },
    {
      "file_path": "/media/NFS/ttao/scannet/posed_images/scene0185_00/00014.jpg",
      "transform_matrix": [
        [
          -0.964188,
          -0.121379,
          0.235815,
          5.355925
        ],
        [
          -0.263501,
          0.337326,
          -0.903758,
          4.114847
        ],
        [
          0.030151,
          -0.93353,
          -0.357229,
          1.874165
        ],
        [
          0.0,
          0.0,
          0.0,
          1.0
        ]
      ]
    },
    {
      "file_path": "/media/NFS/ttao/scannet/posed_images/scene0185_00/00022.jpg",
      "transform_matrix": [
        [
          -0.977532,
          -0.082293,
          0.194059,
          5.381478
        ],
        [
          -0.209959,
          0.298643,
          -0.930983,
          4.110616
        ],
        [
          0.018659,
          -0.95081,
          -0.309211,
          1.923371
        ],
        [
          0.0,
          0.0,
          0.0,
          1.0
        ]
      ]
    },
    {
      "file_path": "/media/NFS/ttao/scannet/posed_images/scene0185_00/00025.jpg",
      "transform_matrix": [
        [
          -0.981192,
          -0.052479,
          0.185763,
          5.380587
        ],
        [
          -0.193029,
          0.273353,
          -0.942347,
          4.120648
        ],
        [
          -0.001326,
          -0.960481,
          -0.278342,
          1.927951
        ],
        [
          0.0,
          0.0,
          0.0,
          1.0
        ]
      ]
    },
    {
      "file_path": "/media/NFS/ttao/scannet/posed_images/scene0185_00/00038.jpg",
      "transform_matrix": [
        [
          -0.99119,
          -0.041414,
          0.125806,
          5.374823
        ],
        [
          -0.132246,
          0.361695,
          -0.922869,
          4.119435
        ],
        [
          -0.007284,
          -0.931376,
          -0.363985,
          1.873609
        ],
        [
          0.0,
          0.0,
          0.0,
          1.0
        ]
      ]
    },
    {
      "file_path": "/media/NFS/ttao/scannet/posed_images/scene0185_00/00044.jpg",
      "transform_matrix": [
        [
          -0.995164,
          -0.038945,
          0.090175,
          5.337203
        ],
        [
          -0.098224,
          0.389004,
          -0.915985,
          4.134788
        ],
        [
          0.000594,
          -0.920413,
          -0.390948,
          1.856864
        ],
        [
          0.0,
          0.0,
          0.0,
          1.0
        ]
      ]
    },
    {
      "file_path": "/media/NFS/ttao/scannet/posed_images/scene0185_00/00054.jpg",
      "transform_matrix": [
        [
          -0.993629,
          -0.045916,
          0.102922,
          5.215774
        ],
        [
          -0.112615,
          0.439908,
          -0.890954,
          4.227596
        ],
        [
          -0.004367,
          -0.896868,
          -0.442276,
          1.814421
        ],
        [
          0.0,
          0.0,
          0.0,
          1.0
        ]
      ]
    },
    {
      "file_path": "/media/NFS/ttao/scannet/posed_images/scene0185_00/00068.jpg",
      "transform_matrix": [
        [
          -0.983483,
          -0.078406,
          0.163135,
          5.065172
        ],
        [
          -0.180203,
          0.508577,
          -0.841948,
          4.362055
        ],
        [
          -0.016954,
          -0.857439,
          -0.514306,
          1.768631
        ],
        [
          0.0,
          0.0,
          0.0,
          1.0
        ]
      ]
    },
    {
      "file_path": "/media/NFS/ttao/scannet/posed_images/scene0185_00/00071.jpg",
      "transform_matrix": [
        [
          -0.985101,
          -0.077277,
          0.153639,
          5.06099
        ],
        [
          -0.171563,
          0.503684,
          -0.846681,
          4.38618
        ],
        [
          -0.011957,
          -0.860425,
          -0.509438,
          1.757824
        ],
        [
          0.0,
          0.0,
          0.0,
          1.0
        ]
      ]
    },
    {
      "file_path": "/media/NFS/ttao/scannet/posed_images/scene0185_00/00082.jpg",
      "transform_matrix": [
        [
          -0.971851,
          -0.130515,
          0.196144,
          5.104767
        ],
        [
          -0.235205,
          0.489407,
          -0.839738,
          4.461751
        ],
        [
          0.013604,
          -0.862234,
          -0.506328,
          1.735082
        ],
        [
          0.0,
          0.0,
          0.0,
          1.0
        ]
      ]
    },
    {
      "file_path": "/media/NFS/ttao/scannet/posed_images/scene0185_00/00095.jpg",
      "transform_matrix": [
        [
          -0.99293,
          -0.071526,
          0.094733,
          5.334519
        ],
        [
          -0.114654,
          0.371269,
          -0.921419,
          4.528049
        ],
        [
          0.030734,
          -0.925766,
          -0.376845,
          1.629601
        ],
        [
          0.0,
          0.0,
          0.0,
          1.0
        ]
      ]
    },
    {
      "file_path": "/media/NFS/ttao/scannet/posed_images/scene0185_00/00098.jpg",
      "transform_matrix": [
        [
          -0.995207,
          -0.061395,
          0.07611,
          5.394005
        ],
        [
          -0.094329,
          0.397653,
          -0.912674,
          4.526344
        ],
        [
          0.025768,
          -0.91548,
          -0.401538,
          1.619416
        ],
        [
          0.0,
          0.0,
          0.0,
          1.0
        ]
      ]
    },
    {
      "file_path": "/media/NFS/ttao/scannet/posed_images/scene0185_00/00106.jpg",
      "transform_matrix": [
        [
          -0.988873,
          -0.11214,
          0.097744,
          5.53904
        ],
        [
          -0.133796,
          0.383264,
          -0.913897,
          4.55331
        ],
        [
          0.065023,
          -0.916806,
          -0.394003,
          1.60494
        ],
        [
          0.0,
          0.0,
          0.0,
          1.0
        ]
      ]
    },
    {
      "file_path": "/media/NFS/ttao/scannet/posed_images/scene0185_00/00123.jpg",
      "transform_matrix": [
        [
          -0.988034,
          -0.079055,
          0.132433,
          5.45973
        ],
        [
          -0.15256,
          0.374761,
          -0.914483,
          4.521854
        ],
        [
          0.022664,
          -0.923745,
          -0.382338,
          1.617796
        ],
        [
          0.0,
          0.0,
          0.0,
          1.0
        ]
      ]
    },
    {
      "file_path": "/media/NFS/ttao/scannet/posed_images/scene0185_00/00125.jpg",
      "transform_matrix": [
        [
          -0.990751,
          -0.047585,
          0.127078,
          5.381585
        ],
        [
          -0.135532,
          0.392834,
          -0.909567,
          4.496421
        ],
        [
          -0.006639,
          -0.918377,
          -0.39565,
          1.625368
        ],
        [
          0.0,
          0.0,
          0.0,
          1.0
        ]
      ]
    },
    {
      "file_path": "/media/NFS/ttao/scannet/posed_images/scene0185_00/00142.jpg",
      "transform_matrix": [
        [
          -0.989286,
          -0.044598,
          0.139009,
          4.991113
        ],
        [
          -0.143928,
          0.457334,
          -0.877571,
          4.371643
        ],
        [
          -0.024435,
          -0.888176,
          -0.458853,
          1.770711
        ],
        [
          0.0,
          0.0,
          0.0,
          1.0
        ]
      ]
    },
    {
      "file_path": "/media/NFS/ttao/scannet/posed_images/scene0185_00/00150.jpg",
      "transform_matrix": [
        [
          -0.982174,
          -0.063352,
          0.176975,
          4.8987
        ],
        [
          -0.186617,
          0.441491,
          -0.877645,
          4.26123
        ],
        [
          -0.022533,
          -0.895027,
          -0.445443,
          1.773722
        ],
        [
          0.0,
          0.0,
          0.0,
          1.0
        ]
      ]
    },
    {
      "file_path": "/media/NFS/ttao/scannet/posed_images/scene0185_00/00152.jpg",
      "transform_matrix": [
        [
          -0.979542,
          -0.074689,
          0.186868,
          4.876122
        ],
        [
          -0.200499,
          0.441877,
          -0.874383,
          4.221271
        ],
        [
          -0.017266,
          -0.893961,
          -0.447812,
          1.770239
        ],
        [
          0.0,
          0.0,
          0.0,
          1.0
        ]
      ]
    },
    {
      "file_path": "/media/NFS/ttao/scannet/posed_images/scene0185_00/00169.jpg",
      "transform_matrix": [
        [
          -0.927973,
          -0.169033,
          0.332105,
          4.649156
        ],
        [
          -0.372502,
          0.395931,
          -0.839333,
          3.924509
        ],
        [
          0.010384,
          -0.902589,
          -0.430379,
          1.792546
        ],
        [
          0.0,
          0.0,
          0.0,
          1.0
        ]
      ]
    },
    {
      "file_path": "/media/NFS/ttao/scannet/posed_images/scene0185_00/00177.jpg",
      "transform_matrix": [
        [
          -0.872841,
          -0.251113,
          0.418438,
          4.483509
        ],
        [
          -0.485683,
          0.36346,
          -0.79499,
          3.788372
        ],
        [
          0.047547,
          -0.897128,
          -0.439204,
          1.809856
        ],
        [
          0.0,
          0.0,
          0.0,
          1.0
        ]
      ]
    },
    {
      "file_path": "/media/NFS/ttao/scannet/posed_images/scene0185_00/00182.jpg",
      "transform_matrix": [
        [
          -0.834261,
          -0.254351,
          0.489197,
          4.394575
        ],
        [
          -0.551276,
          0.368488,
          -0.74854,
          3.688604
        ],
        [
          0.010129,
          -0.89416,
          -0.447633,
          1.82501
        ],
        [
          0.0,
          0.0,
          0.0,
          1.0
        ]
      ]
    },
    {
      "file_path": "/media/NFS/ttao/scannet/posed_images/scene0185_00/00188.jpg",
      "transform_matrix": [
        [
          -0.813453,
          -0.287457,
          0.50563,
          4.329171
        ],
        [
          -0.580839,
          0.356147,
          -0.731974,
          3.575564
        ],
        [
          0.030332,
          -0.889116,
          -0.456675,
          1.806014
        ],
        [
          0.0,
          0.0,
          0.0,
          1.0
        ]
      ]
    },
    {
      "file_path": "/media/NFS/ttao/scannet/posed_images/scene0185_00/00204.jpg",
      "transform_matrix": [
        [
          -0.639994,
          -0.360266,
          0.678687,
          4.219841
        ],
        [
          -0.768063,
          0.274563,
          -0.578528,
          3.260256
        ],
        [
          0.022081,
          -0.891529,
          -0.452426,
          1.83413
        ],
        [
          0.0,
          0.0,
          0.0,
          1.0
        ]
      ]
    },
    {
      "file_path": "/media/NFS/ttao/scannet/posed_images/scene0185_00/00207.jpg",
      "transform_matrix": [
        [
          -0.60772,
          -0.36652,
          0.704513,
          4.182413
        ],
        [
          -0.793966,
          0.261236,
          -0.548976,
          3.209383
        ],
        [
          0.017166,
          -0.892983,
          -0.449763,
          1.827248
        ],
        [
          0.0,
          0.0,
          0.0,
          1.0
        ]
      ]
    },
    {
      "file_path": "/media/NFS/ttao/scannet/posed_images/scene0185_00/00218.jpg",
      "transform_matrix": [
        [
          -0.475181,
          -0.408793,
          0.779161,
          4.151034
        ],
        [
          -0.879758,
          0.205503,
          -0.428713,
          3.023235
        ],
        [
          0.015135,
          -0.889189,
          -0.45729,
          1.847033
        ],
        [
          0.0,
          0.0,
          0.0,
          1.0
        ]
      ]
    },
    {
      "file_path": "/media/NFS/ttao/scannet/posed_images/scene0185_00/00231.jpg",
      "transform_matrix": [
        [
          -0.506253,
          -0.442281,
          0.740335,
          4.268682
        ],
        [
          -0.859197,
          0.184923,
          -0.477058,
          2.843364
        ],
        [
          0.074088,
          -0.877605,
          -0.473624,
          1.817657
        ],
        [
          0.0,
          0.0,
          0.0,
          1.0
        ]
      ]
    },
    {
      "file_path": "/media/NFS/ttao/scannet/posed_images/scene0185_00/00234.jpg",
      "transform_matrix": [
        [
          -0.505946,
          -0.442503,
          0.740412,
          4.310493
        ],
        [
          -0.859112,
          0.181786,
          -0.478415,
          2.806135
        ],
        [
          0.077104,
          -0.878149,
          -0.472133,
          1.821796
        ],
        [
          0.0,
          0.0,
          0.0,
          1.0
        ]
      ]
    },
    {
      "file_path": "/media/NFS/ttao/scannet/posed_images/scene0185_00/00242.jpg",
      "transform_matrix": [
        [
          -0.489005,
          -0.465891,
          0.737441,
          4.355529
        ],
        [
          -0.870462,
          0.206075,
          -0.447022,
          2.762465
        ],
        [
          0.056296,
          -0.860511,
          -0.506313,
          1.808961
        ],
        [
          0.0,
          0.0,
          0.0,
          1.0
        ]
      ]
    },
    {
      "file_path": "/media/NFS/ttao/scannet/posed_images/scene0185_00/00259.jpg",
      "transform_matrix": [
        [
          -0.50299,
          -0.442762,
          0.742269,
          4.27635
        ],
        [
          -0.863159,
          0.213374,
          -0.457633,
          2.784929
        ],
        [
          0.044242,
          -0.870881,
          -0.489499,
          1.841694
        ],
        [
          0.0,
          0.0,
          0.0,
          1.0
        ]
      ]
    },
    {
      "file_path": "/media/NFS/ttao/scannet/posed_images/scene0185_00/00267.jpg",
      "transform_matrix": [
        [
          -0.461104,
          -0.386353,
          0.79882,
          4.140032
        ],
        [
          -0.887345,
          0.201973,
          -0.414519,
          2.897911
        ],
        [
          -0.001189,
          -0.899966,
          -0.435959,
          1.843759
        ],
        [
          0.0,
          0.0,
          0.0,
          1.0
        ]
      ]
    },
    {
      "file_path": "/media/NFS/ttao/scannet/posed_images/scene0185_00/00278.jpg",
      "transform_matrix": [
        [
          -0.385212,
          -0.394204,
          0.834395,
          4.086978
        ],
        [
          -0.921762,
          0.207801,
          -0.327373,
          3.067315
        ],
        [
          -0.044336,
          -0.895222,
          -0.44341,
          1.874005
        ],
        [
          0.0,
          0.0,
          0.0,
          1.0
        ]
      ]
    },
    {
      "file_path": "/media/NFS/ttao/scannet/posed_images/scene0185_00/00280.jpg",
      "transform_matrix": [
        [
          -0.384395,
          -0.398904,
          0.832536,
          4.083777
        ],
        [
          -0.922512,
          0.199988,
          -0.330115,
          3.110115
        ],
        [
          -0.034813,
          -0.894919,
          -0.444868,
          1.875125
        ],
        [
          0.0,
          0.0,
          0.0,
          1.0
        ]
      ]
    },
    {
      "file_path": "/media/NFS/ttao/scannet/posed_images/scene0185_00/00294.jpg",
      "transform_matrix": [
        [
          -0.346727,
          -0.407315,
          0.844911,
          4.087854
        ],
        [
          -0.937872,
          0.163279,
          -0.306162,
          3.531428
        ],
        [
          -0.013252,
          -0.898574,
          -0.438623,
          1.866016
        ],
        [
          0.0,
          0.0,
          0.0,
          1.0
        ]
      ]
    },
    {
      "file_path": "/media/NFS/ttao/scannet/posed_images/scene0185_00/00300.jpg",
      "transform_matrix": [
        [
          -0.389506,
          -0.39678,
          0.831174,
          4.126986
        ],
        [
          -0.920955,
          0.156744,
          -0.356754,
          3.625301
        ],
        [
          0.011271,
          -0.904432,
          -0.426469,
          1.862185
        ],
        [
          0.0,
          0.0,
          0.0,
          1.0
        ]
      ]
    },
    {
      "file_path": "/media/NFS/ttao/scannet/posed_images/scene0185_00/00313.jpg",
      "transform_matrix": [
        [
          -0.469028,
          -0.309113,
          0.827322,
          4.300513
        ],
        [
          -0.880527,
          0.236262,
          -0.410917,
          3.797015
        ],
        [
          -0.068445,
          -0.921211,
          -0.382996,
          1.854753
        ],
        [
          0.0,
          0.0,
          0.0,
          1.0
        ]
      ]
    },
    {
      "file_path": "/media/NFS/ttao/scannet/posed_images/scene0185_00/00316.jpg",
      "transform_matrix": [
        [
          -0.487489,
          -0.334659,
          0.806447,
          4.358427
        ],
        [
          -0.872764,
          0.213469,
          -0.438992,
          3.85147
        ],
        [
          -0.025238,
          -0.917842,
          -0.396142,
          1.853995
        ],
        [
          0.0,
          0.0,
          0.0,
          1.0
        ]
      ]
    },
    {
      "file_path": "/media/NFS/ttao/scannet/posed_images/scene0185_00/00324.jpg",
      "transform_matrix": [
        [
          -0.548897,
          -0.33486,
          0.765885,
          4.503242
        ],
        [
          -0.835707,
          0.200662,
          -0.511204,
          4.02109
        ],
        [
          0.017497,
          -0.920654,
          -0.389988,
          1.825073
        ],
        [
          0.0,
          0.0,
          0.0,
          1.0
        ]
      ]
    },
    {
      "file_path": "/media/NFS/ttao/scannet/posed_images/scene0185_00/00335.jpg",
      "transform_matrix": [
        [
          -0.6408,
          -0.378123,
          0.668131,
          4.714393
        ],
        [
          -0.758559,
          0.177895,
          -0.626851,
          4.268093
        ],
        [
          0.11817,
          -0.908502,
          -0.400824,
          1.813339
        ],
        [
          0.0,
          0.0,
          0.0,
          1.0
        ]
      ]
    },
    {
      "file_path": "/media/NFS/ttao/scannet/posed_images/scene0185_00/00343.jpg",
      "transform_matrix": [
        [
          -0.686527,
          -0.401802,
          0.606,
          4.852017
        ],
        [
          -0.716717,
          0.233585,
          -0.65708,
          4.334199
        ],
        [
          0.122464,
          -0.885434,
          -0.448341,
          1.773576
        ],
        [
          0.0,
          0.0,
          0.0,
          1.0
        ]
      ]
    },
    {
      "file_path": "/media/NFS/ttao/scannet/posed_images/scene0185_00/00359.jpg",
      "transform_matrix": [
        [
          -0.849007,
          -0.313829,
          0.425087,
          5.210163
        ],
        [
          -0.517047,
          0.327703,
          -0.790742,
          4.416124
        ],
        [
          0.108855,
          -0.891135,
          -0.440487,
          1.745773
        ],
        [
          0.0,
          0.0,
          0.0,
          1.0
        ]
      ]
    },
    {
      "file_path": "/media/NFS/ttao/scannet/posed_images/scene0185_00/00368.jpg",
      "transform_matrix": [
        [
          -0.934117,
          -0.176974,
          0.31001,
          5.382253
        ],
        [
          -0.355308,
          0.377296,
          -0.855222,
          4.497642
        ],
        [
          0.034387,
          -0.909026,
          -0.415319,
          1.679162
        ],
        [
          0.0,
          0.0,
          0.0,
          1.0
        ]
      ]
    },
    {
      "file_path": "/media/NFS/ttao/scannet/posed_images/scene0185_00/00376.jpg",
      "transform_matrix": [
        [
          -0.940831,
          -0.242159,
          0.237056,
          5.549579
        ],
        [
          -0.31639,
          0.377132,
          -0.870442,
          4.55498
        ],
        [
          0.121384,
          -0.893941,
          -0.431434,
          1.649537
        ],
        [
          0.0,
          0.0,
          0.0,
          1.0
        ]
      ]
    },
    {
      "file_path": "/media/NFS/ttao/scannet/posed_images/scene0185_00/00387.jpg",
      "transform_matrix": [
        [
          -0.982901,
          -0.144708,
          0.113862,
          5.73733
        ],
        [
          -0.155709,
          0.323148,
          -0.933451,
          4.507729
        ],
        [
          0.098284,
          -0.935219,
          -0.340155,
          1.631467
        ],
        [
          0.0,
          0.0,
          0.0,
          1.0
        ]
      ]
    },
    {
      "file_path": "/media/NFS/ttao/scannet/posed_images/scene0185_00/00395.jpg",
      "transform_matrix": [
        [
          -0.996704,
          -0.073758,
          -0.033785,
          5.916581
        ],
        [
          0.01118,
          0.287585,
          -0.95769,
          4.408828
        ],
        [
          0.080353,
          -0.954911,
          -0.285812,
          1.635413
        ],
        [
          0.0,
          0.0,
          0.0,
          1.0
        ]
      ]
    },
    {
      "file_path": "/media/NFS/ttao/scannet/posed_images/scene0185_00/00398.jpg",
      "transform_matrix": [
        [
          -0.994848,
          -0.053613,
          -0.086042,
          5.948105
        ],
        [
          0.068378,
          0.271746,
          -0.959937,
          4.388213
        ],
        [
          0.074847,
          -0.960874,
          -0.26668,
          1.631277
        ],
        [
          0.0,
          0.0,
          0.0,
          1.0
        ]
      ]
    },
    {
      "file_path": "/media/NFS/ttao/scannet/posed_images/scene0185_00/00411.jpg",
      "transform_matrix": [
        [
          -0.928056,
          0.000199,
          -0.37244,
          6.202985
        ],
        [
          0.363756,
          0.215166,
          -0.906303,
          4.304969
        ],
        [
          0.079956,
          -0.976578,
          -0.199758,
          1.526344
        ],
        [
          0.0,
          0.0,
          0.0,
          1.0
        ]
      ]
    },
    {
      "file_path": "/media/NFS/ttao/scannet/posed_images/scene0185_00/00422.jpg",
      "transform_matrix": [
        [
          -0.868735,
          0.038679,
          -0.493764,
          6.333259
        ],
        [
          0.490543,
          0.204701,
          -0.847033,
          4.3367
        ],
        [
          0.068312,
          -0.97806,
          -0.196805,
          1.536695
        ],
        [
          0.0,
          0.0,
          0.0,
          1.0
        ]
      ]
    },
    {
      "file_path": "/media/NFS/ttao/scannet/posed_images/scene0185_00/00428.jpg",
      "transform_matrix": [
        [
          -0.83367,
          0.023457,
          -0.551765,
          6.357304
        ],
        [
          0.547004,
          0.172625,
          -0.819138,
          4.388782
        ],
        [
          0.076034,
          -0.984708,
          -0.156743,
          1.549016
        ],
        [
          0.0,
          0.0,
          0.0,
          1.0
        ]
      ]
    },
    {
      "file_path": "/media/NFS/ttao/scannet/posed_images/scene0185_00/00433.jpg",
      "transform_matrix": [
        [
          -0.797243,
          0.028348,
          -0.602992,
          6.41292
        ],
        [
          0.596633,
          0.188946,
          -0.779954,
          4.404181
        ],
        [
          0.091823,
          -0.981578,
          -0.167549,
          1.560318
        ],
        [
          0.0,
          0.0,
          0.0,
          1.0
        ]
      ]
    },
    {
      "file_path": "/media/NFS/ttao/scannet/posed_images/scene0185_00/00449.jpg",
      "transform_matrix": [
        [
          -0.710904,
          0.031285,
          -0.702592,
          6.49457
        ],
        [
          0.702602,
          0.07574,
          -0.707541,
          4.495722
        ],
        [
          0.031079,
          -0.996637,
          -0.075825,
          1.608725
        ],
        [
          0.0,
          0.0,
          0.0,
          1.0
        ]
      ]
    },
    {
      "file_path": "/media/NFS/ttao/scannet/posed_images/scene0185_00/00452.jpg",
      "transform_matrix": [
        [
          -0.683784,
          0.034696,
          -0.728859,
          6.511046
        ],
        [
          0.729388,
          0.060983,
          -0.681377,
          4.496562
        ],
        [
          0.020807,
          -0.997536,
          -0.067006,
          1.604923
        ],
        [
          0.0,
          0.0,
          0.0,
          1.0
        ]
      ]
    },
    {
      "file_path": "/media/NFS/ttao/scannet/posed_images/scene0185_00/00466.jpg",
      "transform_matrix": [
        [
          -0.519788,
          0.084055,
          -0.85015,
          6.620409
        ],
        [
          0.854255,
          0.060775,
          -0.516289,
          4.381572
        ],
        [
          0.008271,
          -0.994606,
          -0.103394,
          1.593089
        ],
        [
          0.0,
          0.0,
          0.0,
          1.0
        ]
      ]
    },
    {
      "file_path": "/media/NFS/ttao/scannet/posed_images/scene0185_00/00471.jpg",
      "transform_matrix": [
        [
          -0.487291,
          0.070601,
          -0.870381,
          6.641072
        ],
        [
          0.872895,
          0.06736,
          -0.483235,
          4.367998
        ],
        [
          0.024512,
          -0.995228,
          -0.094451,
          1.588442
        ],
        [
          0.0,
          0.0,
          0.0,
          1.0
        ]
      ]
    },
    {
      "file_path": "/media/NFS/ttao/scannet/posed_images/scene0185_00/00485.jpg",
      "transform_matrix": [
        [
          -0.401422,
          0.100192,
          -0.910397,
          6.765268
        ],
        [
          0.915892,
          0.042181,
          -0.399202,
          4.378575
        ],
        [
          -0.001595,
          -0.994074,
          -0.108698,
          1.586047
        ],
        [
          0.0,
          0.0,
          0.0,
          1.0
        ]
      ]
    },
    {
      "file_path": "/media/NFS/ttao/scannet/posed_images/scene0185_00/00490.jpg",
      "transform_matrix": [
        [
          -0.374408,
          0.108208,
          -0.920929,
          6.789746
        ],
        [
          0.926981,
          0.019149,
          -0.374619,
          4.382259
        ],
        [
          -0.022902,
          -0.993944,
          -0.107476,
          1.586202
        ],
        [
          0.0,
          0.0,
          0.0,
          1.0
        ]
      ]
    },
    {
      "file_path": "/media/NFS/ttao/scannet/posed_images/scene0185_00/00501.jpg",
      "transform_matrix": [
        [
          -0.257267,
          0.098591,
          -0.961298,
          6.790346
        ],
        [
          0.966259,
          0.013302,
          -0.25723,
          4.347496
        ],
        [
          -0.012573,
          -0.995039,
          -0.098687,
          1.564475
        ],
        [
          0.0,
          0.0,
          0.0,
          1.0
        ]
      ]
    },
    {
      "file_path": "/media/NFS/ttao/scannet/posed_images/scene0185_00/00512.jpg",
      "transform_matrix": [
        [
          -0.153354,
          0.127684,
          -0.979888,
          6.779572
        ],
        [
          0.988171,
          0.020526,
          -0.151975,
          4.215819
        ],
        [
          0.000709,
          -0.991603,
          -0.129321,
          1.546816
        ],
        [
          0.0,
          0.0,
          0.0,
          1.0
        ]
      ]
    },
    {
      "file_path": "/media/NFS/ttao/scannet/posed_images/scene0185_00/00520.jpg",
      "transform_matrix": [
        [
          -0.107863,
          0.143656,
          -0.983732,
          6.74626
        ],
        [
          0.994132,
          0.023699,
          -0.105543,
          4.182743
        ],
        [
          0.008151,
          -0.989344,
          -0.14537,
          1.540049
        ],
        [
          0.0,
          0.0,
          0.0,
          1.0
        ]
      ]
    },
    {
      "file_path": "/media/NFS/ttao/scannet/posed_images/scene0185_00/00531.jpg",
      "transform_matrix": [
        [
          -0.024013,
          0.156206,
          -0.987433,
          6.617294
        ],
        [
          0.999537,
          -0.014728,
          -0.026638,
          4.156161
        ],
        [
          -0.018704,
          -0.987615,
          -0.15578,
          1.532558
        ],
        [
          0.0,
          0.0,
          0.0,
          1.0
        ]
      ]
    },
    {
      "file_path": "/media/NFS/ttao/scannet/posed_images/scene0185_00/00534.jpg",
      "transform_matrix": [
        [
          -0.008324,
          0.154927,
          -0.987891,
          6.58371
        ],
        [
          0.999528,
          -0.027937,
          -0.012803,
          4.217828
        ],
        [
          -0.029582,
          -0.987531,
          -0.154621,
          1.537674
        ],
        [
          0.0,
          0.0,
          0.0,
          1.0
        ]
      ]
    },
    {
      "file_path": "/media/NFS/ttao/scannet/posed_images/scene0185_00/00550.jpg",
      "transform_matrix": [
        [
          0.143373,
          0.182943,
          -0.972613,
          6.277707
        ],
        [
          0.988998,
          -0.062667,
          0.134001,
          4.109797
        ],
        [
          -0.036436,
          -0.981124,
          -0.189915,
          1.558314
        ],
        [
          0.0,
          0.0,
          0.0,
          1.0
        ]
      ]
    },
    {
      "file_path": "/media/NFS/ttao/scannet/posed_images/scene0185_00/00555.jpg",
      "transform_matrix": [
        [
          0.174032,
          0.166754,
          -0.970518,
          6.18448
        ],
        [
          0.984343,
          -0.057443,
          0.166641,
          4.086702
        ],
        [
          -0.027962,
          -0.984324,
          -0.17414,
          1.586948
        ],
        [
          0.0,
          0.0,
          0.0,
          1.0
        ]
      ]
    },
    {
      "file_path": "/media/NFS/ttao/scannet/posed_images/scene0185_00/00561.jpg",
      "transform_matrix": [
        [
          0.211644,
          0.222278,
          -0.951735,
          6.059115
        ],
        [
          0.977293,
          -0.058392,
          0.20369,
          4.04947
        ],
        [
          -0.010298,
          -0.973233,
          -0.229589,
          1.650328
        ],
        [
          0.0,
          0.0,
          0.0,
          1.0
        ]
      ]
    },
    {
      "file_path": "/media/NFS/ttao/scannet/posed_images/scene0185_00/00572.jpg",
      "transform_matrix": [
        [
          0.202789,
          0.176855,
          -0.963119,
          5.919497
        ],
        [
          0.977371,
          -0.097008,
          0.187977,
          4.086559
        ],
        [
          -0.060185,
          -0.979445,
          -0.192525,
          1.746568
        ],
        [
          0.0,
          0.0,
          0.0,
          1.0
        ]
      ]
    },
    {
      "file_path": "/media/NFS/ttao/scannet/posed_images/scene0185_00/00585.jpg",
      "transform_matrix": [
        [
          0.246403,
          0.112013,
          -0.962673,
          5.67835
        ],
        [
          0.967789,
          -0.081403,
          0.23824,
          4.266938
        ],
        [
          -0.051679,
          -0.990367,
          -0.128462,
          1.739818
        ],
        [
          0.0,
          0.0,
          0.0,
          1.0
        ]
      ]
    },
    {
      "file_path": "/media/NFS/ttao/scannet/posed_images/scene0185_00/00588.jpg",
      "transform_matrix": [
        [
          0.246554,
          0.106519,
          -0.963257,
          5.60043
        ],
        [
          0.967823,
          -0.078641,
          0.239026,
          4.27806
        ],
        [
          -0.050291,
          -0.991196,
          -0.122481,
          1.768795
        ],
        [
          0.0,
          0.0,
          0.0,
          1.0
        ]
      ]
    },
    {
      "file_path": "/media/NFS/ttao/scannet/posed_images/scene0185_00/00602.jpg",
      "transform_matrix": [
        [
          0.241246,
          0.062015,
          -0.968481,
          5.333189
        ],
        [
          0.969475,
          -0.060453,
          0.237622,
          4.456137
        ],
        [
          -0.043811,
          -0.996243,
          -0.074706,
          1.760557
        ],
        [
          0.0,
          0.0,
          0.0,
          1.0
        ]
      ]
    },
    {
      "file_path": "/media/NFS/ttao/scannet/posed_images/scene0185_00/00607.jpg",
      "transform_matrix": [
        [
          0.251792,
          0.122086,
          -0.96005,
          5.196722
        ],
        [
          0.967013,
          -0.071277,
          0.244554,
          4.572152
        ],
        [
          -0.038573,
          -0.989957,
          -0.136006,
          1.762456
        ],
        [
          0.0,
          0.0,
          0.0,
          1.0
        ]
      ]
    },
    {
      "file_path": "/media/NFS/ttao/scannet/posed_images/scene0185_00/00615.jpg",
      "transform_matrix": [
        [
          0.225647,
          0.184757,
          -0.956529,
          5.089511
        ],
        [
          0.972789,
          -0.09572,
          0.210994,
          4.724064
        ],
        [
          -0.052577,
          -0.978112,
          -0.201328,
          1.744353
        ],
        [
          0.0,
          0.0,
          0.0,
          1.0
        ]
      ]
    },
    {
      "file_path": "/media/NFS/ttao/scannet/posed_images/scene0185_00/00624.jpg",
      "transform_matrix": [
        [
          0.145881,
          0.17745,
          -0.973257,
          5.002094
        ],
        [
          0.987046,
          -0.092511,
          0.131081,
          4.91711
        ],
        [
          -0.066776,
          -0.979772,
          -0.188647,
          1.753667
        ],
        [
          0.0,
          0.0,
          0.0,
          1.0
        ]
      ]
    },
    {
      "file_path": "/media/NFS/ttao/scannet/posed_images/scene0185_00/00637.jpg",
      "transform_matrix": [
        [
          0.123693,
          0.224707,
          -0.966544,
          4.823754
        ],
        [
          0.991417,
          -0.069549,
          0.110707,
          5.119801
        ],
        [
          -0.042346,
          -0.971941,
          -0.231381,
          1.709418
        ],
        [
          0.0,
          0.0,
          0.0,
          1.0
        ]
      ]
    },
    {
      "file_path": "/media/NFS/ttao/scannet/posed_images/scene0185_00/00648.jpg",
      "transform_matrix": [
        [
          0.129016,
          0.254482,
          -0.958433,
          4.673812
        ],
        [
          0.991316,
          -0.057908,
          0.118067,
          5.277002
        ],
        [
          -0.025455,
          -0.965342,
          -0.259743,
          1.709443
        ],
        [
          0.0,
          0.0,
          0.0,
          1.0
        ]
      ]
    },
    {
      "file_path": "/media/NFS/ttao/scannet/posed_images/scene0185_00/00651.jpg",
      "transform_matrix": [
        [
          0.131938,
          0.262874,
          -0.955767,
          4.639653
        ],
        [
          0.990947,
          -0.059132,
          0.120531,
          5.312271
        ],
        [
          -0.024832,
          -0.963017,
          -0.268296,
          1.716531
        ],
        [
          0.0,
          0.0,
          0.0,
          1.0
        ]
      ]
    },
    {
      "file_path": "/media/NFS/ttao/scannet/posed_images/scene0185_00/00664.jpg",
      "transform_matrix": [
        [
          0.194719,
          0.244119,
          -0.949995,
          4.548324
        ],
        [
          0.978221,
          -0.119314,
          0.169844,
          5.597105
        ],
        [
          -0.071886,
          -0.962377,
          -0.262035,
          1.722071
        ],
        [
          0.0,
          0.0,
          0.0,
          1.0
        ]
      ]
    },
    {
      "file_path": "/media/NFS/ttao/scannet/posed_images/scene0185_00/00675.jpg",
      "transform_matrix": [
        [
          0.298169,
          0.284463,
          -0.91114,
          4.449645
        ],
        [
          0.952721,
          -0.14716,
          0.265832,
          5.779806
        ],
        [
          -0.058464,
          -0.947325,
          -0.314892,
          1.707349
        ],
        [
          0.0,
          0.0,
          0.0,
          1.0
        ]
      ]
    },
    {
      "file_path": "/media/NFS/ttao/scannet/posed_images/scene0185_00/00686.jpg",
      "transform_matrix": [
        [
          0.375011,
          0.293939,
          -0.879185,
          4.332718
        ],
        [
          0.926771,
          -0.140897,
          0.348202,
          5.885805
        ],
        [
          -0.021525,
          -0.945383,
          -0.325252,
          1.678969
        ],
        [
          0.0,
          0.0,
          0.0,
          1.0
        ]
      ]
    },
    {
      "file_path": "/media/NFS/ttao/scannet/posed_images/scene0185_00/00694.jpg",
      "transform_matrix": [
        [
          0.372015,
          0.312875,
          -0.873907,
          4.26634
        ],
        [
          0.9278,
          -0.153881,
          0.339864,
          5.976851
        ],
        [
          -0.028143,
          -0.937246,
          -0.347532,
          1.666311
        ],
        [
          0.0,
          0.0,
          0.0,
          1.0
        ]
      ]
    },
    {
      "file_path": "/media/NFS/ttao/scannet/posed_images/scene0185_00/00700.jpg",
      "transform_matrix": [
        [
          0.376107,
          0.331274,
          -0.865333,
          4.224792
        ],
        [
          0.925959,
          -0.168464,
          0.337965,
          6.078219
        ],
        [
