{
  "frames": [
    {
      "file_path": "/media/NFS/ttao/scannet/posed_images/scene0042_00/00000.jpg",
      "transform_matrix": [
        [
          0.207705,
          0.494542,
          -0.843971,
          4.53083
        ],
        [
          0.97739,
          -0.069996,
          0.199524,
          2.291093
        ],
        [
          0.039599,
          -0.866331,
          -0.497898,
          1.52739
        ],
        [
          0.0,
          0.0,
          0.0,
          1.0
        ]
      ]
    },
    {
      "file_path": "/media/NFS/ttao/scannet/posed_images/scene0042_00/00003.jpg",
      "transform_matrix": [
        [
          0.209622,
          0.494864,
          -0.843308,
          4.529501
        ],
        [
          0.976967,
          -0.070778,
          0.201312,
          2.292687
        ],
        [
          0.039935,
          -0.866083,
          -0.498303,
          1.525847
        ],
        [
          0.0,
          0.0,
          0.0,
          1.0
        ]
      ]
    },
    {
      "file_path": "/media/NFS/ttao/scannet/posed_images/scene0042_00/00007.jpg",
      "transform_matrix": [
        [
          0.205396,
          0.495831,
          -0.843779,
          4.529551
        ],
        [
          0.977881,
          -0.06916,
          0.197399,
          2.293718
        ],
        [
          0.039521,
          -0.865661,
          -0.499069,
          1.522616
        ],
        [
          0.0,
          0.0,
          0.0,
          1.0
        ]
      ]
    },
    {
      "file_path": "/media/NFS/ttao/scannet/posed_images/scene0042_00/00010.jpg",
      "transform_matrix": [
        [
          0.195722,
          0.496915,
          -0.84544,
          4.53159
        ],
        [
          0.980066,
          -0.069119,
          0.186263,
          2.292515
        ],
        [
          0.034121,
          -0.865042,
          -0.500538,
          1.524541
        ],
        [
          0.0,
          0.0,
          0.0,
          1.0
        ]
      ]
    },
    {
      "file_path": "/media/NFS/ttao/scannet/posed_images/scene0042_00/00017.jpg",
      "transform_matrix": [
        [
          0.131977,
          0.499908,
          -0.855964,
          4.539286
        ],
        [
          0.990776,
          -0.039748,
          0.129549,
          2.287991
        ],
        [
          0.03074,
          -0.865166,
          -0.500543,
          1.53479
        ],
        [
          0.0,
          0.0,
          0.0,
          1.0
        ]
      ]
    },
    {
      "file_path": "/media/NFS/ttao/scannet/posed_images/scene0042_00/00020.jpg",
      "transform_matrix": [
        [
          0.108169,
          0.501603,
          -0.858309,
          4.554216
        ],
        [
          0.993743,
          -0.030404,
          0.107469,
          2.286237
        ],
        [
          0.027811,
          -0.864563,
          -0.501754,
          1.528234
        ],
        [
          0.0,
          0.0,
          0.0,
          1.0
        ]
      ]
    },
    {
      "file_path": "/media/NFS/ttao/scannet/posed_images/scene0042_00/00022.jpg",
      "transform_matrix": [
        [
          0.07992,
          0.506318,
          -0.858635,
          4.565521
        ],
        [
          0.99651,
          -0.019752,
          0.081106,
          2.28638
        ],
        [
          0.024105,
          -0.86212,
          -0.50613,
          1.516664
        ],
        [
          0.0,
          0.0,
          0.0,
          1.0
        ]
      ]
    },
    {
      "file_path": "/media/NFS/ttao/scannet/posed_images/scene0042_00/00028.jpg",
      "transform_matrix": [
        [
          0.008576,
          0.505665,
          -0.862687,
          4.585891
        ],
        [
          0.999956,
          -0.00768,
          0.005438,
          2.285578
        ],
        [
          -0.003875,
          -0.862696,
          -0.505708,
          1.507272
        ],
        [
          0.0,
          0.0,
          0.0,
          1.0
        ]
      ]
    },
    {
      "file_path": "/media/NFS/ttao/scannet/posed_images/scene0042_00/00031.jpg",
      "transform_matrix": [
        [
          -0.017475,
          0.517137,
          -0.855724,
          4.587486
        ],
        [
          0.999728,
          -0.004185,
          -0.022945,
          2.285296
        ],
        [
          -0.015447,
          -0.855893,
          -0.516923,
          1.523021
        ],
        [
          0.0,
          0.0,
          0.0,
          1.0
        ]
      ]
    },
    {
      "file_path": "/media/NFS/ttao/scannet/posed_images/scene0042_00/00032.jpg",
      "transform_matrix": [
        [
          -0.013674,
          0.519132,
          -0.854585,
          4.593481
        ],
        [
          0.999806,
          -0.00504,
          -0.019059,
          2.285069
        ],
        [
          -0.014202,
          -0.854679,
          -0.518963,
          1.520643
        ],
        [
          0.0,
          0.0,
          0.0,
          1.0
        ]
      ]
    },
    {
      "file_path": "/media/NFS/ttao/scannet/posed_images/scene0042_00/00038.jpg",
      "transform_matrix": [
        [
          -0.010595,
          0.492438,
          -0.870283,
          4.619954
        ],
        [
          0.999942,
          0.003525,
          -0.010179,
          2.291109
        ],
        [
          -0.001945,
          -0.87034,
          -0.492447,
          1.518829
        ],
        [
          0.0,
          0.0,
          0.0,
          1.0
        ]
      ]
    },
    {
      "file_path": "/media/NFS/ttao/scannet/posed_images/scene0042_00/00040.jpg",
      "transform_matrix": [
        [
          -0.015338,
          0.48334,
          -0.875298,
          4.631423
        ],
        [
          0.999878,
          0.004857,
          -0.014839,
          2.286429
        ],
        [
          -0.00292,
          -0.875419,
          -0.483356,
          1.516442
        ],
        [
          0.0,
          0.0,
          0.0,
          1.0
        ]
      ]
    },
    {
      "file_path": "/media/NFS/ttao/scannet/posed_images/scene0042_00/00046.jpg",
      "transform_matrix": [
        [
          -0.062265,
          0.519855,
          -0.851982,
          4.657959
        ],
        [
          0.997665,
          0.008429,
          -0.067769,
          2.283123
        ],
        [
          -0.028049,
          -0.854213,
          -0.519166,
          1.494784
        ],
        [
          0.0,
          0.0,
          0.0,
          1.0
        ]
      ]
    },
    {
      "file_path": "/media/NFS/ttao/scannet/posed_images/scene0042_00/00050.jpg",
      "transform_matrix": [
        [
          -0.122173,
          0.515363,
          -0.848218,
          4.669075
        ],
        [
          0.991398,
          0.022952,
          -0.12885,
          2.313509
        ],
        [
          -0.046936,
          -0.856664,
          -0.513734,
          1.49947
        ],
        [
          0.0,
          0.0,
          0.0,
          1.0
        ]
      ]
    },
    {
      "file_path": "/media/NFS/ttao/scannet/posed_images/scene0042_00/00053.jpg",
      "transform_matrix": [
        [
          -0.164282,
          0.513829,
          -0.842016,
          4.674122
        ],
        [
          0.984959,
          0.039114,
          -0.168303,
          2.345328
        ],
        [
          -0.053544,
          -0.857001,
          -0.512526,
          1.496211
        ],
        [
          0.0,
          0.0,
          0.0,
          1.0
        ]
      ]
    },
    {
      "file_path": "/media/NFS/ttao/scannet/posed_images/scene0042_00/00054.jpg",
      "transform_matrix": [
        [
          -0.204991,
          0.503696,
          -0.839207,
          4.678173
        ],
        [
          0.976749,
          0.050297,
          -0.2084,
          2.377648
        ],
        [
          -0.06276,
          -0.862416,
          -0.502295,
          1.495482
        ],
        [
          0.0,
          0.0,
          0.0,
          1.0
        ]
      ]
    },
    {
      "file_path": "/media/NFS/ttao/scannet/posed_images/scene0042_00/00061.jpg",
      "transform_matrix": [
        [
          -0.366446,
          0.470636,
          -0.802632,
          4.696718
        ],
        [
          0.929822,
          0.153815,
          -0.334324,
          2.498487
        ],
        [
          -0.033888,
          -0.868817,
          -0.493973,
          1.501422
        ],
        [
          0.0,
          0.0,
          0.0,
          1.0
        ]
      ]
    },
    {
      "file_path": "/media/NFS/ttao/scannet/posed_images/scene0042_00/00062.jpg",
      "transform_matrix": [
        [
          -0.384656,
          0.473296,
          -0.792484,
          4.699485
        ],
        [
          0.922362,
          0.16371,
          -0.349923,
          2.512728
        ],
        [
          -0.03588,
          -0.865557,
          -0.499523,
          1.504859
        ],
        [
          0.0,
          0.0,
          0.0,
          1.0
        ]
      ]
    },
    {
      "file_path": "/media/NFS/ttao/scannet/posed_images/scene0042_00/00068.jpg",
      "transform_matrix": [
        [
          -0.515777,
          0.436905,
          -0.736945,
          4.737396
        ],
        [
          0.855644,
          0.219558,
          -0.468687,
          2.556704
        ],
        [
          -0.04297,
          -0.872301,
          -0.487078,
          1.51372
        ],
        [
          0.0,
          0.0,
          0.0,
          1.0
        ]
      ]
    },
    {
      "file_path": "/media/NFS/ttao/scannet/posed_images/scene0042_00/00072.jpg",
      "transform_matrix": [
        [
          -0.546848,
          0.410714,
          -0.729569,
          4.745203
        ],
        [
          0.836699,
          0.237012,
          -0.493721,
          2.57223
        ],
        [
          -0.029861,
          -0.88042,
          -0.473253,
          1.526388
        ],
        [
          0.0,
          0.0,
          0.0,
          1.0
        ]
      ]
    },
    {
      "file_path": "/media/NFS/ttao/scannet/posed_images/scene0042_00/00073.jpg",
      "transform_matrix": [
        [
          -0.550848,
          0.404518,
          -0.730021,
          4.747557
        ],
        [
          0.83415,
          0.237939,
          -0.497573,
          2.57332
        ],
        [
          -0.027577,
          -0.883034,
          -0.468497,
          1.526783
        ],
        [
          0.0,
          0.0,
          0.0,
          1.0
        ]
      ]
    },
    {
      "file_path": "/media/NFS/ttao/scannet/posed_images/scene0042_00/00079.jpg",
      "transform_matrix": [
        [
          -0.562373,
          0.384398,
          -0.732103,
          4.762307
        ],
        [
          0.826379,
          0.230347,
          -0.513846,
          2.56931
        ],
        [
          -0.028884,
          -0.893968,
          -0.447199,
          1.543856
        ],
        [
          0.0,
          0.0,
          0.0,
          1.0
        ]
      ]
    },
    {
      "file_path": "/media/NFS/ttao/scannet/posed_images/scene0042_00/00082.jpg",
      "transform_matrix": [
        [
          -0.583451,
          0.371599,
          -0.722148,
          4.770639
        ],
        [
          0.811465,
          0.23028,
          -0.537118,
          2.563664
        ],
        [
          -0.033296,
          -0.899381,
          -0.435897,
          1.552509
        ],
        [
          0.0,
          0.0,
          0.0,
          1.0
        ]
      ]
    },
    {
      "file_path": "/media/NFS/ttao/scannet/posed_images/scene0042_00/00085.jpg",
      "transform_matrix": [
        [
          -0.59778,
          0.364294,
          -0.714107,
          4.777085
        ],
        [
          0.800871,
          0.231856,
          -0.552131,
          2.559621
        ],
        [
          -0.035568,
          -0.90196,
          -0.430352,
          1.554484
        ],
        [
          0.0,
          0.0,
          0.0,
          1.0
        ]
      ]
    },
    {
      "file_path": "/media/NFS/ttao/scannet/posed_images/scene0042_00/00087.jpg",
      "transform_matrix": [
        [
          -0.603334,
          0.357393,
          -0.712922,
          4.781822
        ],
        [
          0.796621,
          0.228393,
          -0.559671,
          2.556189
        ],
        [
          -0.037196,
          -0.905597,
          -0.422504,
          1.554805
        ],
        [
          0.0,
          0.0,
          0.0,
          1.0
        ]
      ]
    },
    {
      "file_path": "/media/NFS/ttao/scannet/posed_images/scene0042_00/00093.jpg",
      "transform_matrix": [
        [
          -0.62905,
          0.323097,
          -0.707039,
          4.789495
        ],
        [
          0.776487,
          0.217952,
          -0.59124,
          2.556855
        ],
        [
          -0.036927,
          -0.920926,
          -0.387984,
          1.568546
        ],
        [
          0.0,
          0.0,
          0.0,
          1.0
        ]
      ]
    },
    {
      "file_path": "/media/NFS/ttao/scannet/posed_images/scene0042_00/00096.jpg",
      "transform_matrix": [
        [
          -0.63741,
          0.310708,
          -0.705102,
          4.790571
        ],
        [
          0.769989,
          0.222743,
          -0.597915,
          2.559723
        ],
        [
          -0.02872,
          -0.924038,
          -0.381221,
          1.57121
        ],
        [
          0.0,
          0.0,
          0.0,
          1.0
        ]
      ]
    },
    {
      "file_path": "/media/NFS/ttao/scannet/posed_images/scene0042_00/00100.jpg",
      "transform_matrix": [
        [
          -0.646235,
          0.295054,
          -0.703792,
          4.792923
        ],
        [
          0.762907,
          0.227065,
          -0.605322,
          2.566545
        ],
        [
          -0.018796,
          -0.928108,
          -0.371836,
          1.570794
        ],
        [
          0.0,
          0.0,
          0.0,
          1.0
        ]
      ]
    },
    {
      "file_path": "/media/NFS/ttao/scannet/posed_images/scene0042_00/00104.jpg",
      "transform_matrix": [
        [
          -0.650244,
          0.28203,
          -0.705437,
          4.79058
        ],
        [
          0.759579,
          0.223083,
          -0.610962,
          2.577737
        ],
        [
          -0.014939,
          -0.93311,
          -0.359282,
          1.579281
        ],
        [
          0.0,
          0.0,
          0.0,
          1.0
        ]
      ]
    },
    {
      "file_path": "/media/NFS/ttao/scannet/posed_images/scene0042_00/00108.jpg",
      "transform_matrix": [
        [
          -0.651618,
          0.278471,
          -0.705583,
          4.790673
        ],
        [
          0.75837,
          0.219048,
          -0.613916,
          2.586955
        ],
        [
          -0.016401,
          -0.935132,
          -0.35392,
          1.581593
        ],
        [
          0.0,
          0.0,
          0.0,
          1.0
        ]
      ]
    },
    {
      "file_path": "/media/NFS/ttao/scannet/posed_images/scene0042_00/00109.jpg",
      "transform_matrix": [
        [
          -0.651802,
          0.277953,
          -0.705617,
          4.791678
        ],
        [
          0.758204,
          0.218298,
          -0.614387,
          2.589126
        ],
        [
          -0.016736,
          -0.935461,
          -0.353033,
          1.58032
        ],
        [
          0.0,
          0.0,
          0.0,
          1.0
        ]
      ]
    },
    {
      "file_path": "/media/NFS/ttao/scannet/posed_images/scene0042_00/00114.jpg",
      "transform_matrix": [
        [
          -0.658138,
          0.283099,
          -0.697645,
          4.797109
        ],
        [
          0.75257,
          0.220049,
          -0.620659,
          2.601887
        ],
        [
          -0.022192,
          -0.933506,
          -0.357874,
          1.573668
        ],
        [
          0.0,
          0.0,
          0.0,
          1.0
        ]
      ]
    },
    {
      "file_path": "/media/NFS/ttao/scannet/posed_images/scene0042_00/00117.jpg",
      "transform_matrix": [
        [
          -0.662628,
          0.295617,
          -0.688138,
          4.801516
        ],
        [
          0.74853,
          0.230707,
          -0.621672,
          2.605898
        ],
        [
          -0.025018,
          -0.92703,
          -0.374151,
          1.560159
        ],
        [
          0.0,
          0.0,
          0.0,
          1.0
        ]
      ]
    },
    {
      "file_path": "/media/NFS/ttao/scannet/posed_images/scene0042_00/00120.jpg",
      "transform_matrix": [
        [
          -0.663715,
          0.321607,
          -0.675315,
          4.804005
        ],
        [
          0.747292,
          0.246227,
          -0.617193,
          2.605059
        ],
        [
          -0.032213,
          -0.914298,
          -0.403759,
          1.549484
        ],
        [
          0.0,
          0.0,
          0.0,
          1.0
        ]
      ]
    },
    {
      "file_path": "/media/NFS/ttao/scannet/posed_images/scene0042_00/00125.jpg",
      "transform_matrix": [
        [
          -0.676761,
          0.353801,
          -0.645616,
          4.818949
        ],
        [
          0.735673,
          0.291739,
          -0.611288,
          2.602947
        ],
        [
          -0.027923,
          -0.888658,
          -0.457719,
          1.517885
        ],
        [
          0.0,
          0.0,
          0.0,
          1.0
        ]
      ]
    },
    {
      "file_path": "/media/NFS/ttao/scannet/posed_images/scene0042_00/00130.jpg",
      "transform_matrix": [
        [
          -0.665912,
          0.386333,
          -0.638207,
          4.838666
        ],
        [
          0.745881,
          0.327685,
          -0.579899,
          2.592141
        ],
        [
          -0.014903,
          -0.862189,
          -0.506368,
          1.495483
        ],
        [
          0.0,
          0.0,
          0.0,
          1.0
        ]
      ]
    },
    {
      "file_path": "/media/NFS/ttao/scannet/posed_images/scene0042_00/00135.jpg",
      "transform_matrix": [
        [
          -0.651104,
          0.386303,
          -0.653325,
          4.868476
        ],
        [
          0.75893,
          0.342049,
          -0.554101,
          2.585528
        ],
        [
          0.009419,
          -0.856605,
          -0.515886,
          1.48282
        ],
        [
          0.0,
          0.0,
          0.0,
          1.0
        ]
      ]
    },
    {
      "file_path": "/media/NFS/ttao/scannet/posed_images/scene0042_00/00138.jpg",
      "transform_matrix": [
        [
          -0.635795,
          0.386218,
          -0.668281,
          4.899611
        ],
        [
          0.771515,
          0.343779,
          -0.535332,
          2.568899
        ],
        [
          0.022986,
          -0.855951,
          -0.516546,
          1.48258
        ],
        [
          0.0,
          0.0,
          0.0,
          1.0
        ]
      ]
    },
    {
      "file_path": "/media/NFS/ttao/scannet/posed_images/scene0042_00/00140.jpg",
      "transform_matrix": [
        [
          -0.625806,
          0.388168,
          -0.676529,
          4.919398
        ],
        [
          0.779476,
          0.34239,
          -0.524583,
          2.554519
        ],
        [
          0.02801,
          -0.855625,
          -0.516837,
          1.482333
        ],
        [
          0.0,
          0.0,
          0.0,
          1.0
        ]
      ]
    },
    {
      "file_path": "/media/NFS/ttao/scannet/posed_images/scene0042_00/00142.jpg",
      "transform_matrix": [
        [
          -0.61725,
          0.389198,
          -0.68376,
          4.93798
        ],
        [
          0.786141,
          0.339757,
          -0.516282,
          2.543239
        ],
        [
          0.031376,
          -0.856207,
          -0.515679,
          1.484454
        ],
        [
          0.0,
          0.0,
          0.0,
          1.0
        ]
      ]
    },
    {
      "file_path": "/media/NFS/ttao/scannet/posed_images/scene0042_00/00147.jpg",
      "transform_matrix": [
        [
          -0.585801,
          0.398802,
          -0.705545,
          5.005718
        ],
        [
          0.81033,
          0.303467,
          -0.501271,
          2.503623
        ],
        [
          0.014202,
          -0.86537,
          -0.500933,
          1.483248
        ],
        [
          0.0,
          0.0,
          0.0,
          1.0
        ]
      ]
    },
    {
      "file_path": "/media/NFS/ttao/scannet/posed_images/scene0042_00/00151.jpg",
      "transform_matrix": [
        [
          -0.572673,
          0.412467,
          -0.70846,
          5.061473
        ],
        [
          0.81977,
          0.283212,
          -0.497762,
          2.469524
        ],
        [
          -0.004666,
          -0.86583,
          -0.500317,
          1.481136
        ],
        [
          0.0,
          0.0,
          0.0,
          1.0
        ]
      ]
    },
    {
      "file_path": "/media/NFS/ttao/scannet/posed_images/scene0042_00/00157.jpg",
      "transform_matrix": [
        [
          -0.565318,
          0.404516,
          -0.718875,
          5.137424
        ],
        [
          0.824811,
          0.266498,
          -0.498665,
          2.415223
        ],
        [
          -0.010139,
          -0.87484,
          -0.484305,
          1.486176
        ],
        [
          0.0,
          0.0,
          0.0,
          1.0
        ]
      ]
    },
    {
      "file_path": "/media/NFS/ttao/scannet/posed_images/scene0042_00/00159.jpg",
      "transform_matrix": [
        [
          -0.564882,
          0.400388,
          -0.721524,
          5.1463
        ],
        [
          0.825148,
          0.267462,
          -0.497589,
          2.40415
        ],
        [
          -0.006248,
          -0.876444,
          -0.481464,
          1.487057
        ],
        [
          0.0,
          0.0,
          0.0,
          1.0
        ]
      ]
    },
    {
      "file_path": "/media/NFS/ttao/scannet/posed_images/scene0042_00/00162.jpg",
      "transform_matrix": [
        [
          -0.559126,
          0.395792,
          -0.72851,
          5.164982
        ],
        [
          0.82908,
          0.269295,
          -0.490007,
          2.369985
        ],
        [
          0.002243,
          -0.877969,
          -0.478713,
          1.476589
        ],
        [
          0.0,
          0.0,
          0.0,
          1.0
        ]
      ]
    },
    {
      "file_path": "/media/NFS/ttao/scannet/posed_images/scene0042_00/00167.jpg",
      "transform_matrix": [
        [
          -0.555052,
          0.395021,
          -0.732035,
          5.161691
        ],
        [
          0.83156,
          0.285337,
          -0.476541,
          2.334218
        ],
        [
          0.020633,
          -0.873236,
          -0.486861,
          1.463055
        ],
        [
          0.0,
          0.0,
          0.0,
          1.0
        ]
      ]
    },
    {
      "file_path": "/media/NFS/ttao/scannet/posed_images/scene0042_00/00169.jpg",
      "transform_matrix": [
        [
          -0.554561,
          0.398755,
          -0.730381,
          5.153195
        ],
        [
          0.832052,
          0.278684,
          -0.479609,
          2.324294
        ],
        [
          0.012299,
          -0.873687,
          -0.486333,
          1.46241
        ],
        [
          0.0,
          0.0,
          0.0,
          1.0
        ]
      ]
    },
    {
      "file_path": "/media/NFS/ttao/scannet/posed_images/scene0042_00/00173.jpg",
      "transform_matrix": [
        [
          -0.550798,
          0.393481,
          -0.736066,
          5.139067
        ],
        [
          0.834639,
          0.260036,
          -0.485551,
          2.305105
        ],
        [
          0.000348,
          -0.88179,
          -0.471642,
          1.461492
        ],
        [
          0.0,
          0.0,
          0.0,
          1.0
        ]
      ]
    },
    {
      "file_path": "/media/NFS/ttao/scannet/posed_images/scene0042_00/00177.jpg",
      "transform_matrix": [
        [
          -0.541005,
          0.394268,
          -0.742877,
          5.117954
        ],
        [
          0.840982,
          0.245346,
          -0.482238,
          2.287198
        ],
        [
          -0.007869,
          -0.88564,
          -0.464306,
          1.465955
        ],
        [
          0.0,
          0.0,
          0.0,
          1.0
        ]
      ]
    },
    {
      "file_path": "/media/NFS/ttao/scannet/posed_images/scene0042_00/00181.jpg",
      "transform_matrix": [
        [
          -0.548194,
          0.385768,
          -0.742069,
          5.102235
        ],
        [
          0.836319,
          0.24509,
          -0.490409,
          2.275561
        ],
        [
          -0.00731,
          -0.889446,
          -0.456982,
          1.46471
        ],
        [
          0.0,
          0.0,
          0.0,
          1.0
        ]
      ]
    },
    {
      "file_path": "/media/NFS/ttao/scannet/posed_images/scene0042_00/00183.jpg",
      "transform_matrix": [
        [
          -0.540958,
          0.385422,
          -0.747538,
          5.093019
        ],
        [
          0.841042,
          0.244282,
          -0.482674,
          2.262765
        ],
        [
          -0.003423,
          -0.889818,
          -0.456303,
          1.466843
        ],
        [
          0.0,
          0.0,
          0.0,
          1.0
        ]
      ]
    },
    {
      "file_path": "/media/NFS/ttao/scannet/posed_images/scene0042_00/00187.jpg",
      "transform_matrix": [
        [
          -0.520673,
          0.378334,
          -0.765351,
          5.081051
        ],
        [
          0.853738,
          0.236507,
          -0.463891,
          2.245703
        ],
        [
          0.005505,
          -0.894946,
          -0.446141,
          1.464601
        ],
        [
          0.0,
          0.0,
          0.0,
          1.0
        ]
      ]
    },
    {
      "file_path": "/media/NFS/ttao/scannet/posed_images/scene0042_00/00193.jpg",
      "transform_matrix": [
        [
          -0.467473,
          0.39511,
          -0.790795,
          5.061289
        ],
        [
          0.883856,
          0.225438,
          -0.409849,
          2.215475
        ],
        [
          0.01634,
          -0.890543,
          -0.454606,
          1.461951
        ],
        [
          0.0,
          0.0,
          0.0,
          1.0
        ]
      ]
    },
    {
      "file_path": "/media/NFS/ttao/scannet/posed_images/scene0042_00/00194.jpg",
      "transform_matrix": [
        [
          -0.459592,
          0.396859,
          -0.79453,
          5.059041
        ],
        [
          0.887895,
          0.225878,
          -0.400776,
          2.21091
        ],
        [
          0.020415,
          -0.889653,
          -0.456181,
          1.459837
        ],
        [
          0.0,
          0.0,
          0.0,
          1.0
        ]
      ]
    },
    {
      "file_path": "/media/NFS/ttao/scannet/posed_images/scene0042_00/00200.jpg",
      "transform_matrix": [
        [
          -0.39501,
          0.40459,
          -0.824787,
          5.053987
        ],
        [
          0.917914,
          0.2104,
          -0.336401,
          2.153656
        ],
        [
          0.037431,
          -0.889966,
          -0.454489,
          1.466403
        ],
        [
          0.0,
          0.0,
          0.0,
          1.0
        ]
      ]
    },
    {
      "file_path": "/media/NFS/ttao/scannet/posed_images/scene0042_00/00204.jpg",
      "transform_matrix": [
        [
          -0.370191,
          0.403201,
          -0.836892,
          5.045608
        ],
        [
          0.92831,
          0.194155,
          -0.317088,
          2.118434
        ],
        [
          0.034637,
          -0.894278,
          -0.446169,
          1.473179
        ],
        [
          0.0,
          0.0,
          0.0,
          1.0
        ]
      ]
    },
    {
      "file_path": "/media/NFS/ttao/scannet/posed_images/scene0042_00/00206.jpg",
      "transform_matrix": [
        [
          -0.353837,
          0.398612,
          -0.846113,
          5.044861
        ],
        [
          0.934416,
          0.190119,
          -0.301198,
          2.100634
        ],
        [
          0.040801,
          -0.897197,
          -0.439742,
          1.472017
        ],
        [
          0.0,
          0.0,
          0.0,
          1.0
        ]
      ]
    },
    {
      "file_path": "/media/NFS/ttao/scannet/posed_images/scene0042_00/00209.jpg",
      "transform_matrix": [
        [
          -0.323757,
          0.40946,
          -0.85295,
          5.039262
        ],
        [
          0.944479,
          0.193268,
          -0.26572,
          2.080499
        ],
        [
          0.056046,
          -0.891622,
          -0.449299,
          1.472371
        ],
        [
          0.0,
          0.0,
          0.0,
          1.0
        ]
      ]
    },
    {
      "file_path": "/media/NFS/ttao/scannet/posed_images/scene0042_00/00213.jpg",
      "transform_matrix": [
        [
          -0.283069,
          0.418846,
          -0.862809,
          5.034797
        ],
        [
          0.956643,
          0.187648,
          -0.222762,
          2.057596
        ],
        [
          0.068601,
          -0.888457,
          -0.453803,
          1.474916
        ],
        [
          0.0,
          0.0,
          0.0,
          1.0
        ]
      ]
    },
    {
      "file_path": "/media/NFS/ttao/scannet/posed_images/scene0042_00/00217.jpg",
      "transform_matrix": [
        [
          -0.262139,
          0.419417,
          -0.869122,
          5.029009
        ],
        [
          0.962005,
          0.184824,
          -0.200962,
          2.04601
        ],
        [
          0.076348,
          -0.88878,
          -0.451931,
          1.476483
        ],
        [
          0.0,
          0.0,
          0.0,
          1.0
        ]
      ]
    },
    {
      "file_path": "/media/NFS/ttao/scannet/posed_images/scene0042_00/00220.jpg",
      "transform_matrix": [
        [
          -0.254677,
          0.415906,
          -0.873018,
          5.024715
        ],
        [
          0.964046,
          0.180017,
          -0.195472,
          2.03559
        ],
        [
          0.075861,
          -0.891412,
          -0.446799,
          1.485186
        ],
        [
          0.0,
          0.0,
          0.0,
          1.0
        ]
      ]
    },
    {
      "file_path": "/media/NFS/ttao/scannet/posed_images/scene0042_00/00226.jpg",
      "transform_matrix": [
        [
          -0.249619,
          0.383218,
          -0.889289,
          5.00844
        ],
        [
          0.965697,
          0.166381,
          -0.199368,
          2.018151
        ],
        [
          0.071559,
          -0.908549,
          -0.411604,
          1.50591
        ],
        [
          0.0,
          0.0,
          0.0,
          1.0
        ]
      ]
    },
    {
      "file_path": "/media/NFS/ttao/scannet/posed_images/scene0042_00/00227.jpg",
      "transform_matrix": [
        [
          -0.255078,
          0.379774,
          -0.889217,
          5.005942
        ],
        [
          0.96453,
          0.164563,
          -0.206399,
          2.017361
        ],
        [
          0.067947,
          -0.910325,
          -0.40828,
          1.507733
        ],
        [
          0.0,
          0.0,
          0.0,
          1.0
        ]
      ]
    },
    {
      "file_path": "/media/NFS/ttao/scannet/posed_images/scene0042_00/00231.jpg",
      "transform_matrix": [
        [
          -0.281763,
          0.365333,
          -0.88721,
          4.995008
        ],
        [
          0.958238,
          0.154259,
          -0.2408,
          2.012185
        ],
        [
          0.048888,
          -0.918006,
          -0.393541,
          1.529665
        ],
        [
          0.0,
          0.0,
          0.0,
          1.0
        ]
      ]
    },
    {
      "file_path": "/media/NFS/ttao/scannet/posed_images/scene0042_00/00236.jpg",
      "transform_matrix": [
        [
          -0.312653,
          0.339589,
          -0.887089,
          4.990601
        ],
        [
          0.949137,
          0.148301,
          -0.27775,
          2.00686
        ],
        [
          0.037235,
          -0.928809,
          -0.368683,
          1.54404
        ],
        [
          0.0,
          0.0,
          0.0,
          1.0
        ]
      ]
    },
    {
      "file_path": "/media/NFS/ttao/scannet/posed_images/scene0042_00/00238.jpg",
      "transform_matrix": [
        [
          -0.32171,
          0.334179,
          -0.885905,
          4.989528
        ],
        [
          0.946279,
          0.145634,
          -0.288699,
          2.009747
        ],
        [
          0.032541,
          -0.93119,
          -0.363078,
          1.545803
        ],
        [
          0.0,
          0.0,
          0.0,
          1.0
        ]
      ]
    },
    {
      "file_path": "/media/NFS/ttao/scannet/posed_images/scene0042_00/00242.jpg",
      "transform_matrix": [
        [
          -0.343917,
          0.321032,
          -0.882417,
          4.986404
        ],
        [
          0.938881,
          0.1325,
          -0.317719,
          2.022172
        ],
        [
          0.014923,
          -0.937754,
          -0.34698,
          1.560351
        ],
        [
          0.0,
          0.0,
          0.0,
          1.0
        ]
      ]
    },
    {
      "file_path": "/media/NFS/ttao/scannet/posed_images/scene0042_00/00246.jpg",
      "transform_matrix": [
        [
          -0.380985,
          0.302539,
          -0.873682,
          4.988173
        ],
        [
          0.9245,
          0.137145,
          -0.355654,
          2.042116
        ],
        [
          0.012222,
          -0.943219,
          -0.331947,
          1.565351
        ],
        [
          0.0,
          0.0,
          0.0,
          1.0
        ]
      ]
    },
    {
      "file_path": "/media/NFS/ttao/scannet/posed_images/scene0042_00/00252.jpg",
      "transform_matrix": [
        [
          -0.475565,
          0.292174,
          -0.829742,
          4.998839
        ],
        [
          0.879595,
          0.17107,
          -0.4439,
          2.075922
        ],
        [
          0.012248,
          -0.940941,
          -0.33835,
          1.561742
        ],
        [
          0.0,
          0.0,
          0.0,
          1.0
        ]
      ]
    },
    {
      "file_path": "/media/NFS/ttao/scannet/posed_images/scene0042_00/00256.jpg",
      "transform_matrix": [
        [
          -0.549176,
          0.285813,
          -0.785312,
          5.012363
        ],
        [
          0.835526,
          0.20728,
          -0.508852,
          2.110456
        ],
        [
          0.017343,
          -0.935599,
          -0.352638,
          1.548144
        ],
        [
          0.0,
          0.0,
          0.0,
          1.0
        ]
      ]
    },
    {
      "file_path": "/media/NFS/ttao/scannet/posed_images/scene0042_00/00257.jpg",
      "transform_matrix": [
        [
          -0.559852,
          0.287717,
          -0.777035,
          5.013448
        ],
        [
          0.828434,
          0.212658,
          -0.518143,
          2.118822
        ],
        [
          0.016164,
          -0.933807,
          -0.357413,
          1.547802
        ],
        [
          0.0,
          0.0,
          0.0,
          1.0
        ]
      ]
    },
    {
      "file_path": "/media/NFS/ttao/scannet/posed_images/scene0042_00/00263.jpg",
      "transform_matrix": [
        [
          -0.60505,
          0.328123,
          -0.72543,
          5.01902
        ],
        [
          0.796187,
          0.248698,
          -0.551576,
          2.154834
        ],
        [
          -0.000572,
          -0.911309,
          -0.411722,
          1.513408
        ],
        [
          0.0,
          0.0,
          0.0,
          1.0
        ]
      ]
    },
    {
      "file_path": "/media/NFS/ttao/scannet/posed_images/scene0042_00/00267.jpg",
      "transform_matrix": [
        [
          -0.626668,
          0.345106,
          -0.698705,
          5.017405
        ],
        [
          0.779023,
          0.25415,
          -0.573176,
          2.168322
        ],
        [
          -0.02023,
          -0.903498,
          -0.428113,
          1.501955
        ],
        [
          0.0,
          0.0,
          0.0,
          1.0
        ]
      ]
    },
    {
      "file_path": "/media/NFS/ttao/scannet/posed_images/scene0042_00/00270.jpg",
      "transform_matrix": [
        [
          -0.643312,
          0.343011,
          -0.684465,
          5.015889
        ],
        [
          0.765166,
          0.257819,
          -0.589958,
          2.169929
        ],
        [
          -0.025894,
          -0.903256,
          -0.428319,
          1.486748
        ],
        [
          0.0,
          0.0,
          0.0,
          1.0
        ]
      ]
    },
    {
      "file_path": "/media/NFS/ttao/scannet/posed_images/scene0042_00/00274.jpg",
      "transform_matrix": [
        [
          -0.659551,
          0.32461,
          -0.677953,
          5.009808
        ],
        [
          0.751606,
          0.273987,
          -0.600016,
          2.150355
        ],
        [
          -0.009021,
          -0.905295,
          -0.424687,
          1.477812
        ],
        [
          0.0,
          0.0,
          0.0,
          1.0
        ]
      ]
    },
    {
      "file_path": "/media/NFS/ttao/scannet/posed_images/scene0042_00/00277.jpg",
      "transform_matrix": [
        [
          -0.671082,
          0.312614,
          -0.67225,
          4.994398
        ],
        [
          0.741382,
          0.2838,
          -0.60812,
          2.1321
        ],
        [
          0.000677,
          -0.906493,
          -0.42222,
          1.469836
        ],
        [
          0.0,
          0.0,
          0.0,
          1.0
        ]
      ]
    },
    {
      "file_path": "/media/NFS/ttao/scannet/posed_images/scene0042_00/00279.jpg",
      "transform_matrix": [
        [
          -0.677945,
          0.309888,
          -0.666603,
          4.982514
        ],
        [
          0.735083,
          0.293841,
          -0.610991,
          2.111081
        ],
        [
          0.006536,
          -0.904227,
          -0.427002,
          1.464413
        ],
        [
          0.0,
          0.0,
          0.0,
          1.0
        ]
      ]
    },
    {
      "file_path": "/media/NFS/ttao/scannet/posed_images/scene0042_00/00285.jpg",
      "transform_matrix": [
        [
          -0.726026,
          0.284673,
          -0.625977,
          4.93979
        ],
        [
          0.687585,
          0.314597,
          -0.654412,
          2.062591
        ],
        [
          0.010637,
          -0.905533,
          -0.424143,
          1.459104
        ],
