{
  "frames": [
    {
      "file_path": "/media/NFS/ttao/scannet/posed_images/scene0580_00/00000.jpg",
      "transform_matrix": [
        [
          -0.173572,
          0.307292,
          -0.935652,
          3.433624
        ],
        [
          0.984597,
          0.033894,
          -0.17152,
          0.967154
        ],
        [
          -0.020994,
          -0.951011,
          -0.308442,
          1.880443
        ],
        [
          0.0,
          0.0,
          0.0,
          1.0
        ]
      ]
    },
    {
      "file_path": "/media/NFS/ttao/scannet/posed_images/scene0580_00/00024.jpg",
      "transform_matrix": [
        [
          -0.084925,
          0.218488,
          -0.972137,
          3.439112
        ],
        [
          0.996242,
          0.001926,
          -0.086598,
          0.949962
        ],
        [
          -0.017048,
          -0.975838,
          -0.21783,
          1.888954
        ],
        [
          0.0,
          0.0,
          0.0,
          1.0
        ]
      ]
    },
    {
      "file_path": "/media/NFS/ttao/scannet/posed_images/scene0580_00/00029.jpg",
      "transform_matrix": [
        [
          -0.055401,
          0.221864,
          -0.973502,
          3.432719
        ],
        [
          0.998145,
          -0.012328,
          -0.059613,
          0.9556
        ],
        [
          -0.025227,
          -0.975,
          -0.22077,
          1.890078
        ],
        [
          0.0,
          0.0,
          0.0,
          1.0
        ]
      ]
    },
    {
      "file_path": "/media/NFS/ttao/scannet/posed_images/scene0580_00/00057.jpg",
      "transform_matrix": [
        [
          0.141615,
          0.270844,
          -0.952149,
          3.361739
        ],
        [
          0.988255,
          -0.094478,
          0.120111,
          0.957956
        ],
        [
          -0.057426,
          -0.957976,
          -0.281042,
          1.877
        ],
        [
          0.0,
          0.0,
          0.0,
          1.0
        ]
      ]
    },
    {
      "file_path": "/media/NFS/ttao/scannet/posed_images/scene0580_00/00062.jpg",
      "transform_matrix": [
        [
          0.174813,
          0.283889,
          -0.942787,
          3.338382
        ],
        [
          0.981993,
          -0.11993,
          0.14597,
          0.965263
        ],
        [
          -0.07163,
          -0.951327,
          -0.299743,
          1.88415
        ],
        [
          0.0,
          0.0,
          0.0,
          1.0
        ]
      ]
    },
    {
      "file_path": "/media/NFS/ttao/scannet/posed_images/scene0580_00/00086.jpg",
      "transform_matrix": [
        [
          0.279138,
          0.28741,
          -0.91623,
          3.290469
        ],
        [
          0.951498,
          -0.211328,
          0.223591,
          1.040069
        ],
        [
          -0.129363,
          -0.934204,
          -0.332459,
          1.890614
        ],
        [
          0.0,
          0.0,
          0.0,
          1.0
        ]
      ]
    },
    {
      "file_path": "/media/NFS/ttao/scannet/posed_images/scene0580_00/00100.jpg",
      "transform_matrix": [
        [
          0.365839,
          0.289443,
          -0.884525,
          3.253997
        ],
        [
          0.92215,
          -0.241103,
          0.302505,
          1.098196
        ],
        [
          -0.125704,
          -0.926333,
          -0.355114,
          1.895609
        ],
        [
          0.0,
          0.0,
          0.0,
          1.0
        ]
      ]
    },
    {
      "file_path": "/media/NFS/ttao/scannet/posed_images/scene0580_00/00110.jpg",
      "transform_matrix": [
        [
          0.46735,
          0.247078,
          -0.848844,
          3.195932
        ],
        [
          0.872803,
          -0.281766,
          0.398526,
          1.105077
        ],
        [
          -0.140708,
          -0.927125,
          -0.347334,
          1.903557
        ],
        [
          0.0,
          0.0,
          0.0,
          1.0
        ]
      ]
    },
    {
      "file_path": "/media/NFS/ttao/scannet/posed_images/scene0580_00/00133.jpg",
      "transform_matrix": [
        [
          0.751662,
          0.101139,
          -0.651748,
          3.059223
        ],
        [
          0.623692,
          -0.430381,
          0.652518,
          1.142291
        ],
        [
          -0.214505,
          -0.896963,
          -0.38658,
          1.927228
        ],
        [
          0.0,
          0.0,
          0.0,
          1.0
        ]
      ]
    },
    {
      "file_path": "/media/NFS/ttao/scannet/posed_images/scene0580_00/00138.jpg",
      "transform_matrix": [
        [
          0.759777,
          0.086253,
          -0.644437,
          3.039735
        ],
        [
          0.609918,
          -0.43793,
          0.660467,
          1.163751
        ],
        [
          -0.225251,
          -0.894862,
          -0.385336,
          1.926538
        ],
        [
          0.0,
          0.0,
          0.0,
          1.0
        ]
      ]
    },
    {
      "file_path": "/media/NFS/ttao/scannet/posed_images/scene0580_00/00162.jpg",
      "transform_matrix": [
        [
          0.900502,
          -0.092542,
          -0.42489,
          2.897769
        ],
        [
          0.303346,
          -0.566406,
          0.766268,
          1.192094
        ],
        [
          -0.311572,
          -0.818914,
          -0.481978,
          1.958938
        ],
        [
          0.0,
          0.0,
          0.0,
          1.0
        ]
      ]
    },
    {
      "file_path": "/media/NFS/ttao/scannet/posed_images/scene0580_00/00172.jpg",
      "transform_matrix": [
        [
          0.935884,
          -0.156633,
          -0.315574,
          2.898571
        ],
        [
          0.179999,
          -0.557416,
          0.810486,
          1.196238
        ],
        [
          -0.302855,
          -0.815324,
          -0.493483,
          1.963501
        ],
        [
          0.0,
          0.0,
          0.0,
          1.0
        ]
      ]
    },
    {
      "file_path": "/media/NFS/ttao/scannet/posed_images/scene0580_00/00200.jpg",
      "transform_matrix": [
        [
          0.953179,
          -0.299742,
          -0.040062,
          2.903469
        ],
        [
          -0.128975,
          -0.522768,
          0.842662,
          1.248942
        ],
        [
          -0.273525,
          -0.79804,
          -0.536951,
          1.962416
        ],
        [
          0.0,
          0.0,
          0.0,
          1.0
        ]
      ]
    },
    {
      "file_path": "/media/NFS/ttao/scannet/posed_images/scene0580_00/00214.jpg",
      "transform_matrix": [
        [
          0.873997,
          -0.425163,
          0.235301,
          2.808662
        ],
        [
          -0.44223,
          -0.495231,
          0.747783,
          1.265412
        ],
        [
          -0.201401,
          -0.757617,
          -0.62085,
          1.97165
        ],
        [
          0.0,
          0.0,
          0.0,
          1.0
        ]
      ]
    },
    {
      "file_path": "/media/NFS/ttao/scannet/posed_images/scene0580_00/00219.jpg",
      "transform_matrix": [
        [
          0.836108,
          -0.464987,
          0.291049,
          2.798935
        ],
        [
          -0.510611,
          -0.46577,
          0.722727,
          1.260402
        ],
        [
          -0.200497,
          -0.752891,
          -0.626862,
          1.974601
        ],
        [
          0.0,
          0.0,
          0.0,
          1.0
        ]
      ]
    },
    {
      "file_path": "/media/NFS/ttao/scannet/posed_images/scene0580_00/00248.jpg",
      "transform_matrix": [
        [
          0.656465,
          -0.590637,
          0.469255,
          2.95995
        ],
        [
          -0.733239,
          -0.353448,
          0.580891,
          1.277708
        ],
        [
          -0.177239,
          -0.725412,
          -0.665105,
          1.943108
        ],
        [
          0.0,
          0.0,
          0.0,
          1.0
        ]
      ]
    },
    {
      "file_path": "/media/NFS/ttao/scannet/posed_images/scene0580_00/00257.jpg",
      "transform_matrix": [
        [
          0.650332,
          -0.618138,
          0.441559,
          3.015473
        ],
        [
          -0.736257,
          -0.369748,
          0.566756,
          1.29458
        ],
        [
          -0.187068,
          -0.693681,
          -0.695567,
          1.93247
        ],
        [
          0.0,
          0.0,
          0.0,
          1.0
        ]
      ]
    },
    {
      "file_path": "/media/NFS/ttao/scannet/posed_images/scene0580_00/00276.jpg",
      "transform_matrix": [
        [
          0.700635,
          -0.622186,
          0.349279,
          3.155413
        ],
        [
          -0.681881,
          -0.439707,
          0.584547,
          1.332546
        ],
        [
          -0.210116,
          -0.647721,
          -0.732331,
          1.914008
        ],
        [
          0.0,
          0.0,
          0.0,
          1.0
        ]
      ]
    },
    {
      "file_path": "/media/NFS/ttao/scannet/posed_images/scene0580_00/00281.jpg",
      "transform_matrix": [
        [
          0.699192,
          -0.635571,
          0.327385,
          3.181862
        ],
        [
          -0.685036,
          -0.464539,
          0.561186,
          1.353332
        ],
        [
          -0.20459,
          -0.616647,
          -0.76019,
          1.911398
        ],
        [
          0.0,
          0.0,
          0.0,
          1.0
        ]
      ]
    },
    {
      "file_path": "/media/NFS/ttao/scannet/posed_images/scene0580_00/00300.jpg",
      "transform_matrix": [
        [
          0.60076,
          -0.719455,
          0.348529,
          3.323311
        ],
        [
          -0.785971,
          -0.451897,
          0.421946,
          1.572866
        ],
        [
          -0.146071,
          -0.527422,
          -0.836952,
          1.954703
        ],
        [
          0.0,
          0.0,
          0.0,
          1.0
        ]
      ]
    },
    {
      "file_path": "/media/NFS/ttao/scannet/posed_images/scene0580_00/00324.jpg",
      "transform_matrix": [
        [
          0.462585,
          -0.850984,
          0.248678,
          3.369124
        ],
        [
          -0.874069,
          -0.390807,
          0.28857,
          1.646945
        ],
        [
          -0.148383,
          -0.350851,
          -0.924601,
          1.936686
        ],
        [
          0.0,
          0.0,
          0.0,
          1.0
        ]
      ]
    },
    {
      "file_path": "/media/NFS/ttao/scannet/posed_images/scene0580_00/00329.jpg",
      "transform_matrix": [
        [
          0.400743,
          -0.871844,
          0.281589,
          3.362878
        ],
        [
          -0.90614,
          -0.331763,
          0.26238,
          1.682018
        ],
        [
          -0.135333,
          -0.360306,
          -0.922965,
          1.935418
        ],
        [
          0.0,
          0.0,
          0.0,
          1.0
        ]
      ]
    },
    {
      "file_path": "/media/NFS/ttao/scannet/posed_images/scene0580_00/00357.jpg",
      "transform_matrix": [
        [
          -0.047123,
          -0.952132,
          0.302034,
          3.368268
        ],
        [
          -0.997201,
          0.062412,
          0.041166,
          1.838565
        ],
        [
          -0.058047,
          -0.299249,
          -0.952408,
          1.915175
        ],
        [
          0.0,
          0.0,
          0.0,
          1.0
        ]
      ]
    },
    {
      "file_path": "/media/NFS/ttao/scannet/posed_images/scene0580_00/00362.jpg",
      "transform_matrix": [
        [
          -0.14915,
          -0.936879,
          0.316245,
          3.37596
        ],
        [
          -0.988061,
          0.153694,
          -0.010676,
          1.856744
        ],
        [
          -0.038603,
          -0.314062,
          -0.948617,
          1.916782
        ],
        [
          0.0,
          0.0,
          0.0,
          1.0
        ]
      ]
    },
    {
      "file_path": "/media/NFS/ttao/scannet/posed_images/scene0580_00/00376.jpg",
      "transform_matrix": [
        [
          -0.44694,
          -0.84111,
          0.304596,
          3.382052
        ],
        [
          -0.894512,
          0.416555,
          -0.162264,
          1.963174
        ],
        [
          0.009601,
          -0.344987,
          -0.938558,
          1.920164
        ],
        [
          0.0,
          0.0,
          0.0,
          1.0
        ]
      ]
    },
    {
      "file_path": "/media/NFS/ttao/scannet/posed_images/scene0580_00/00400.jpg",
      "transform_matrix": [
        [
          -0.717772,
          -0.589662,
          0.370272,
          3.31526
        ],
        [
          -0.693512,
          0.558095,
          -0.455601,
          1.955992
        ],
        [
          0.062003,
          -0.583806,
          -0.809522,
          1.93134
        ],
        [
          0.0,
          0.0,
          0.0,
          1.0
        ]
      ]
    },
    {
      "file_path": "/media/NFS/ttao/scannet/posed_images/scene0580_00/00419.jpg",
      "transform_matrix": [
        [
          -0.886842,
          -0.377372,
          0.266649,
          3.288119
        ],
        [
          -0.455449,
          0.616536,
          -0.642222,
          1.959762
        ],
        [
          0.077958,
          -0.690994,
          -0.718644,
          1.922063
        ],
        [
          0.0,
          0.0,
          0.0,
          1.0
        ]
      ]
    },
    {
      "file_path": "/media/NFS/ttao/scannet/posed_images/scene0580_00/00434.jpg",
      "transform_matrix": [
        [
          -0.928153,
          -0.317468,
          0.194284,
          3.277211
        ],
        [
          -0.356369,
          0.607387,
          -0.709988,
          1.960122
        ],
        [
          0.107393,
          -0.728214,
          -0.676883,
          1.928902
        ],
        [
          0.0,
          0.0,
          0.0,
          1.0
        ]
      ]
    },
    {
      "file_path": "/media/NFS/ttao/scannet/posed_images/scene0580_00/00453.jpg",
      "transform_matrix": [
        [
          -0.969221,
          -0.226173,
          0.097247,
          3.236248
        ],
        [
          -0.210553,
          0.556797,
          -0.80352,
          1.948574
        ],
        [
          0.127587,
          -0.799264,
          -0.587281,
          1.941808
        ],
        [
          0.0,
          0.0,
          0.0,
          1.0
        ]
      ]
    },
    {
      "file_path": "/media/NFS/ttao/scannet/posed_images/scene0580_00/00457.jpg",
      "transform_matrix": [
        [
          -0.97641,
          -0.205029,
          0.067729,
          3.225036
        ],
        [
          -0.172183,
          0.55004,
          -0.817196,
          1.93633
        ],
        [
          0.130295,
          -0.80958,
          -0.572367,
          1.946391
        ],
        [
          0.0,
          0.0,
          0.0,
          1.0
        ]
      ]
    },
    {
      "file_path": "/media/NFS/ttao/scannet/posed_images/scene0580_00/00486.jpg",
      "transform_matrix": [
        [
          -0.990001,
          -0.088966,
          -0.109464,
          3.120651
        ],
        [
          0.051585,
          0.493925,
          -0.867973,
          1.826453
        ],
        [
          0.131287,
          -0.864941,
          -0.484397,
          1.983922
        ],
        [
          0.0,
          0.0,
          0.0,
          1.0
        ]
      ]
    },
    {
      "file_path": "/media/NFS/ttao/scannet/posed_images/scene0580_00/00500.jpg",
      "transform_matrix": [
        [
          -0.97973,
          -0.043557,
          -0.195531,
          3.079675
        ],
        [
          0.152093,
          0.473508,
          -0.867558,
          1.81048
        ],
        [
          0.130374,
          -0.879712,
          -0.457285,
          1.98843
        ],
        [
          0.0,
          0.0,
          0.0,
          1.0
        ]
      ]
    },
    {
      "file_path": "/media/NFS/ttao/scannet/posed_images/scene0580_00/00515.jpg",
      "transform_matrix": [
        [
          -0.939937,
          0.026562,
          -0.340312,
          3.06502
        ],
        [
          0.313877,
          0.459097,
          -0.83109,
          1.799086
        ],
        [
          0.134161,
          -0.887989,
          -0.43986,
          1.986462
        ],
        [
          0.0,
          0.0,
          0.0,
          1.0
        ]
      ]
    },
    {
      "file_path": "/media/NFS/ttao/scannet/posed_images/scene0580_00/00524.jpg",
      "transform_matrix": [
        [
          -0.916215,
          0.057578,
          -0.396528,
          3.048276
        ],
        [
          0.378702,
          0.447728,
          -0.810015,
          1.791575
        ],
        [
          0.130898,
          -0.892314,
          -0.43202,
          1.989456
        ],
        [
          0.0,
          0.0,
          0.0,
          1.0
        ]
      ]
    },
    {
      "file_path": "/media/NFS/ttao/scannet/posed_images/scene0580_00/00543.jpg",
      "transform_matrix": [
        [
          -0.861339,
          0.148363,
          -0.485883,
          2.952801
        ],
        [
          0.498648,
          0.429845,
          -0.752717,
          1.772633
        ],
        [
          0.09718,
          -0.89063,
          -0.444224,
          2.006689
        ],
        [
          0.0,
          0.0,
          0.0,
          1.0
        ]
      ]
    },
    {
      "file_path": "/media/NFS/ttao/scannet/posed_images/scene0580_00/00557.jpg",
      "transform_matrix": [
        [
          -0.76801,
          0.242535,
          -0.592737,
          2.895783
        ],
        [
          0.634816,
          0.410654,
          -0.654501,
          1.735654
        ],
        [
          0.084671,
          -0.878943,
          -0.469351,
          1.999988
        ],
        [
          0.0,
          0.0,
          0.0,
          1.0
        ]
      ]
    },
    {
      "file_path": "/media/NFS/ttao/scannet/posed_images/scene0580_00/00576.jpg",
      "transform_matrix": [
        [
          -0.562965,
          0.395466,
          -0.725726,
          2.929617
        ],
        [
          0.823138,
          0.347179,
          -0.449344,
          1.634868
        ],
        [
          0.074257,
          -0.850337,
          -0.520973,
          1.97476
        ],
        [
          0.0,
          0.0,
          0.0,
          1.0
        ]
      ]
    },
    {
      "file_path": "/media/NFS/ttao/scannet/posed_images/scene0580_00/00586.jpg",
      "transform_matrix": [
        [
          -0.468962,
          0.474566,
          -0.744891,
          2.932063
        ],
        [
          0.881498,
          0.304107,
          -0.36122,
          1.603326
        ],
        [
          0.055104,
          -0.826018,
          -0.560943,
          1.964794
        ],
        [
          0.0,
          0.0,
          0.0,
          1.0
        ]
      ]
    },
    {
      "file_path": "/media/NFS/ttao/scannet/posed_images/scene0580_00/00600.jpg",
      "transform_matrix": [
        [
          -0.496442,
          0.519515,
          -0.695449,
          2.900243
        ],
        [
          0.868054,
          0.292268,
          -0.401325,
          1.57189
        ],
        [
          -0.005237,
          -0.802922,
          -0.596061,
          1.956553
        ],
        [
          0.0,
          0.0,
          0.0,
          1.0
        ]
      ]
    },
    {
      "file_path": "/media/NFS/ttao/scannet/posed_images/scene0580_00/00619.jpg",
      "transform_matrix": [
        [
          -0.393302,
          0.531399,
          -0.750285,
          2.956327
        ],
        [
          0.919081,
          0.205445,
          -0.336277,
          1.404461
        ],
        [
          -0.024555,
          -0.821832,
          -0.569201,
          1.956189
        ],
        [
          0.0,
          0.0,
          0.0,
          1.0
        ]
      ]
    },
    {
      "file_path": "/media/NFS/ttao/scannet/posed_images/scene0580_00/00638.jpg",
      "transform_matrix": [
        [
          -0.496273,
          0.549835,
          -0.671859,
          2.976934
        ],
        [
          0.866424,
          0.26467,
          -0.42339,
          1.249726
        ],
        [
          -0.054974,
          -0.792232,
          -0.607739,
          1.929413
        ],
        [
          0.0,
          0.0,
          0.0,
          1.0
        ]
      ]
    },
    {
      "file_path": "/media/NFS/ttao/scannet/posed_images/scene0580_00/00648.jpg",
      "transform_matrix": [
        [
          -0.423707,
          0.587796,
          -0.68918,
          2.993505
        ],
        [
          0.905728,
          0.265341,
          -0.330533,
          1.136797
        ],
        [
          -0.011418,
          -0.764258,
          -0.64481,
          1.889069
        ],
        [
          0.0,
          0.0,
          0.0,
          1.0
        ]
      ]
    },
    {
      "file_path": "/media/NFS/ttao/scannet/posed_images/scene0580_00/00672.jpg",
      "transform_matrix": [
        [
          -0.227736,
          0.552203,
          -0.802003,
          3.103323
        ],
        [
          0.969517,
          0.05212,
          -0.239417,
          0.947013
        ],
        [
          -0.090406,
          -0.832079,
          -0.547239,
          1.872575
        ],
        [
          0.0,
          0.0,
          0.0,
          1.0
        ]
      ]
    },
    {
      "file_path": "/media/NFS/ttao/scannet/posed_images/scene0580_00/00691.jpg",
      "transform_matrix": [
        [
          0.155807,
          0.56408,
          -0.810887,
          3.13625
        ],
        [
          0.976945,
          -0.209294,
          0.042122,
          0.835763
        ],
        [
          -0.145954,
          -0.798755,
          -0.583684,
          1.839738
        ],
        [
          0.0,
          0.0,
          0.0,
          1.0
        ]
      ]
    },
    {
      "file_path": "/media/NFS/ttao/scannet/posed_images/scene0580_00/00700.jpg",
      "transform_matrix": [
        [
          0.215124,
          0.576075,
          -0.788581,
          3.16218
        ],
        [
          0.959672,
          -0.274339,
          0.061387,
          0.837472
        ],
        [
          -0.180975,
          -0.769984,
          -0.611859,
          1.817721
        ],
        [
          0.0,
          0.0,
          0.0,
          1.0
        ]
      ]
    },
    {
      "file_path": "/media/NFS/ttao/scannet/posed_images/scene0580_00/00715.jpg",
      "transform_matrix": [
        [
          0.284315,
          0.573016,
          -0.768647,
          3.195368
        ],
        [
          0.939093,
          -0.32789,
          0.102924,
          0.840769
        ],
        [
          -0.193054,
          -0.751093,
          -0.631339,
          1.754812
        ],
        [
          0.0,
          0.0,
          0.0,
          1.0
        ]
      ]
    },
    {
      "file_path": "/media/NFS/ttao/scannet/posed_images/scene0580_00/00729.jpg",
      "transform_matrix": [
        [
          0.228425,
          0.612452,
          -0.756785,
          3.213843
        ],
        [
          0.945178,
          -0.325841,
          0.021592,
          0.856824
        ],
        [
          -0.233368,
          -0.720229,
          -0.653307,
          1.671537
        ],
        [
          0.0,
          0.0,
          0.0,
          1.0
        ]
      ]
    },
    {
      "file_path": "/media/NFS/ttao/scannet/posed_images/scene0580_00/00743.jpg",
      "transform_matrix": [
        [
          0.256825,
          0.631626,
          -0.731498,
          3.216132
        ],
        [
          0.93575,
          -0.351792,
          0.024774,
          0.857125
        ],
        [
          -0.241687,
          -0.690862,
          -0.681394,
          1.597173
        ],
        [
          0.0,
          0.0,
          0.0,
          1.0
        ]
      ]
    },
    {
      "file_path": "/media/NFS/ttao/scannet/posed_images/scene0580_00/00762.jpg",
      "transform_matrix": [
        [
          -Infinity,
          -Infinity,
          -Infinity,
          -Infinity
        ],
        [
          -Infinity,
          -Infinity,
          -Infinity,
          -Infinity
        ],
        [
          -Infinity,
          -Infinity,
          -Infinity,
          -Infinity
        ],
        [
          -Infinity,
          -Infinity,
          -Infinity,
          -Infinity
        ]
      ]
    },
    {
      "file_path": "/media/NFS/ttao/scannet/posed_images/scene0580_00/00786.jpg",
      "transform_matrix": [
        [
          0.185177,
          0.666386,
          -0.722245,
          3.2229
        ],
        [
          0.963462,
          -0.267844,
          -0.000107,
          0.865589
        ],
        [
          -0.193521,
          -0.695836,
          -0.691637,
          1.574592
        ],
        [
          0.0,
          0.0,
          0.0,
          1.0
        ]
      ]
    },
    {
      "file_path": "/media/NFS/ttao/scannet/posed_images/scene0580_00/00800.jpg",
      "transform_matrix": [
        [
          0.071516,
          0.629138,
          -0.773996,
          3.230078
        ],
        [
          0.979036,
          -0.192651,
          -0.066133,
          0.879437
        ],
        [
          -0.190718,
          -0.753041,
          -0.629727,
          1.623047
        ],
        [
          0.0,
          0.0,
          0.0,
          1.0
        ]
      ]
    },
    {
      "file_path": "/media/NFS/ttao/scannet/posed_images/scene0580_00/00815.jpg",
      "transform_matrix": [
        [
          -0.027511,
          0.587429,
          -0.808808,
          3.256644
        ],
        [
          0.984688,
          -0.123409,
          -0.123123,
          0.90686
        ],
        [
          -0.17214,
          -0.799811,
          -0.575039,
          1.666519
        ],
        [
          0.0,
          0.0,
          0.0,
          1.0
        ]
      ]
    },
    {
      "file_path": "/media/NFS/ttao/scannet/posed_images/scene0580_00/00824.jpg",
      "transform_matrix": [
        [
          -0.167926,
          0.625944,
          -0.761574,
          3.271085
        ],
        [
          0.970404,
          -0.03104,
          -0.239485,
          0.922042
        ],
        [
          -0.173543,
          -0.77925,
          -0.602206,
          1.697903
        ],
        [
          0.0,
          0.0,
          0.0,
          1.0
        ]
      ]
    },
    {
      "file_path": "/media/NFS/ttao/scannet/posed_images/scene0580_00/00848.jpg",
      "transform_matrix": [
        [
          -0.4936,
          0.608945,
          -0.620923,
          3.169282
        ],
        [
          0.851102,
          0.191407,
          -0.488865,
          0.977723
        ],
        [
          -0.178842,
          -0.769772,
          -0.612753,
          1.792991
        ],
        [
          0.0,
          0.0,
          0.0,
          1.0
        ]
      ]
    },
    {
      "file_path": "/media/NFS/ttao/scannet/posed_images/scene0580_00/00867.jpg",
      "transform_matrix": [
        [
          -0.625045,
          0.496979,
          -0.601939,
          3.09371
        ],
        [
          0.772167,
          0.280687,
          -0.570064,
          1.062935
        ],
        [
          -0.114353,
          -0.821113,
          -0.559193,
          1.872213
        ],
        [
          0.0,
          0.0,
          0.0,
          1.0
        ]
      ]
    },
    {
      "file_path": "/media/NFS/ttao/scannet/posed_images/scene0580_00/00872.jpg",
      "transform_matrix": [
        [
          -0.62315,
          0.474577,
          -0.621659,
          3.080855
        ],
        [
          0.777521,
          0.290005,
          -0.557995,
          1.077844
        ],
        [
          -0.084528,
          -0.831068,
          -0.54971,
          1.881776
        ],
        [
          0.0,
          0.0,
          0.0,
          1.0
        ]
      ]
    },
    {
      "file_path": "/media/NFS/ttao/scannet/posed_images/scene0580_00/00891.jpg",
      "transform_matrix": [
        [
          -0.611852,
          0.393907,
          -0.685911,
          3.030151
        ],
        [
          0.790933,
          0.296085,
          -0.535498,
          1.098118
        ],
        [
          -0.007848,
          -0.870156,
          -0.492714,
          1.955321
        ],
        [
          0.0,
          0.0,
          0.0,
          1.0
        ]
      ]
    },
    {
      "file_path": "/media/NFS/ttao/scannet/posed_images/scene0580_00/00900.jpg",
      "transform_matrix": [
        [
          -0.562042,
          0.3958,
          -0.726258,
          2.972941
        ],
        [
          0.826913,
          0.288,
          -0.482982,
          1.042107
        ],
        [
          0.017999,
          -0.872008,
          -0.48916,
          1.996997
        ],
        [
          0.0,
          0.0,
          0.0,
          1.0
        ]
      ]
    },
    {
      "file_path": "/media/NFS/ttao/scannet/posed_images/scene0580_00/00924.jpg",
      "transform_matrix": [
        [
          -0.500326,
          0.530635,
          -0.684178,
          2.823069
        ],
        [
          0.861392,
          0.225083,
          -0.455348,
          0.853014
        ],
        [
          -0.087627,
          -0.817168,
          -0.5697,
          2.074046
        ],
        [
          0.0,
          0.0,
          0.0,
          1.0
        ]
      ]
    },
    {
      "file_path": "/media/NFS/ttao/scannet/posed_images/scene0580_00/00934.jpg",
      "transform_matrix": [
        [
          -0.604546,
          0.450989,
          -0.656607,
          2.75691
        ],
        [
          0.793775,
          0.272072,
          -0.543965,
          0.863158
        ],
        [
          -0.066678,
          -0.85005,
          -0.522464,
          2.060625
        ],
        [
          0.0,
          0.0,
          0.0,
          1.0
        ]
      ]
    },
    {
      "file_path": "/media/NFS/ttao/scannet/posed_images/scene0580_00/00958.jpg",
      "transform_matrix": [
        [
          -0.621751,
          0.313493,
          -0.717738,
          2.627319
        ],
        [
          0.781778,
          0.192909,
          -0.592967,
          0.938137
        ],
        [
          -0.047432,
          -0.929789,
          -0.365023,
          2.087013
        ],
        [
          0.0,
          0.0,
          0.0,
          1.0
        ]
      ]
    },
    {
      "file_path": "/media/NFS/ttao/scannet/posed_images/scene0580_00/00967.jpg",
      "transform_matrix": [
        [
          -0.576207,
          0.253473,
          -0.777005,
          2.651505
        ],
        [
          0.81662,
          0.139675,
          -0.56002,
          0.926369
        ],
        [
          -0.033422,
          -0.957205,
          -0.287473,
          2.125787
        ],
        [
          0.0,
          0.0,
          0.0,
          1.0
        ]
      ]
    },
    {
      "file_path": "/media/NFS/ttao/scannet/posed_images/scene0580_00/00986.jpg",
      "transform_matrix": [
        [
          -0.43447,
          0.187701,
          -0.88091,
          2.713211
        ],
        [
          0.899354,
          0.037242,
          -0.435632,
          0.884003
        ],
        [
          -0.048961,
          -0.98152,
          -0.184991,
          2.129576
        ],
        [
          0.0,
          0.0,
          0.0,
          1.0
        ]
      ]
    },
    {
      "file_path": "/media/NFS/ttao/scannet/posed_images/scene0580_00/01000.jpg",
      "transform_matrix": [
        [
          -0.336234,
          0.224475,
          -0.914635,
          2.746053
        ],
        [
          0.94016,
          0.02309,
          -0.33995,
          0.782526
        ],
        [
          -0.055191,
          -0.974206,
          -0.218806,
          2.155531
        ],
        [
          0.0,
          0.0,
          0.0,
          1.0
        ]
      ]
    },
    {
      "file_path": "/media/NFS/ttao/scannet/posed_images/scene0580_00/01024.jpg",
      "transform_matrix": [
        [
          -0.28854,
          0.174013,
          -0.941522,
          2.812663
        ],
        [
          0.957352,
          0.067753,
          -0.280869,
          0.662145
        ],
        [
          0.014916,
          -0.98241,
          -0.186141,
          2.095237
        ],
        [
          0.0,
          0.0,
          0.0,
          1.0
        ]
      ]
    },
    {
      "file_path": "/media/NFS/ttao/scannet/posed_images/scene0580_00/01039.jpg",
      "transform_matrix": [
        [
          -0.27034,
          0.258775,
          -0.927336,
          2.783548
        ],
        [
          0.962091,
          0.10865,
          -0.250153,
          0.672874
        ],
        [
          0.036022,
          -0.959808,
          -0.278337,
          1.981848
        ],
        [
          0.0,
          0.0,
          0.0,
          1.0
        ]
      ]
    },
    {
      "file_path": "/media/NFS/ttao/scannet/posed_images/scene0580_00/01058.jpg",
      "transform_matrix": [
        [
          -0.255678,
          0.282286,
          -0.924631,
          2.797907
        ],
        [
          0.966385,
          0.10132,
          -0.236291,
          0.691767
        ],
        [
          0.026982,
          -0.953965,
          -0.298702,
          1.946096
        ],
        [
          0.0,
          0.0,
          0.0,
          1.0
        ]
      ]
    },
    {
      "file_path": "/media/NFS/ttao/scannet/posed_images/scene0580_00/01062.jpg",
      "transform_matrix": [
        [
          -0.260549,
          0.294668,
          -0.919394,
          2.808681
        ],
        [
          0.965403,
          0.089899,
          -0.244775,
          0.713282
        ],
        [
          0.010526,
          -0.951362,
          -0.307896,
          1.947937
        ],
        [
          0.0,
          0.0,
          0.0,
          1.0
        ]
      ]
    },
    {
      "file_path": "/media/NFS/ttao/scannet/posed_images/scene0580_00/01077.jpg",
      "transform_matrix": [
        [
          -0.238503,
          0.340761,
          -0.909394,
          2.88321
        ],
        [
          0.970995,
          0.067386,
          -0.229408,
          0.875717
        ],
        [
          -0.016893,
          -0.937732,
          -0.346949,
          1.942118
        ],
        [
          0.0,
          0.0,
          0.0,
          1.0
        ]
      ]
    },
    {
      "file_path": "/media/NFS/ttao/scannet/posed_images/scene0580_00/01100.jpg",
      "transform_matrix": [
        [
          -0.101881,
          0.459336,
          -0.882401,
          2.922333
        ],
        [
          0.987917,
          -0.05742,
          -0.143954,
          1.002635
        ],
        [
          -0.116791,
          -0.886405,
          -0.447936,
          1.940652
        ],
        [
          0.0,
          0.0,
          0.0,
          1.0
        ]
      ]
    },
    {
      "file_path": "/media/NFS/ttao/scannet/posed_images/scene0580_00/01115.jpg",
      "transform_matrix": [
        [
          -0.131678,
          0.512516,
          -0.848521,
          2.888666
        ],
        [
          0.984791,
          -0.03024,
          -0.171091,
          0.919832
        ],
        [
          -0.113346,
          -0.858145,
          -0.50074,
          1.890622
        ],
        [
          0.0,
          0.0,
          0.0,
          1.0
        ]
      ]
    },
    {
      "file_path": "/media/NFS/ttao/scannet/posed_images/scene0580_00/01124.jpg",
      "transform_matrix": [
        [
          -0.16046,
          0.517452,
          -0.840533,
          2.795255
        ],
        [
          0.982825,
          0.005122,
          -0.184471,
          0.812921
        ],
        [
          -0.09115,
          -0.855697,
          -0.509387,
          1.897496
        ],
        [
          0.0,
          0.0,
          0.0,
          1.0
        ]
      ]
    },
    {
      "file_path": "/media/NFS/ttao/scannet/posed_images/scene0580_00/01143.jpg",
      "transform_matrix": [
        [
          -0.328672,
          0.585956,
          -0.740696,
          2.629321
        ],
        [
          0.944228,
          0.187084,
          -0.270985,
          0.695763
        ],
        [
          -0.020213,
          -0.788451,
          -0.614766,
          1.982985
        ],
        [
          0.0,
          0.0,
          0.0,
          1.0
        ]
      ]
    },
    {
      "file_path": "/media/NFS/ttao/scannet/posed_images/scene0580_00/01158.jpg",
      "transform_matrix": [
        [
          -0.41939,
          0.640614,
          -0.643215,
          2.499928
        ],
        [
          0.907273,
          0.271491,
          -0.321167,
          0.68295
        ],
        [
          -0.031117,
          -0.718265,
          -0.695073,
          2.020173
        ],
        [
          0.0,
          0.0,
          0.0,
          1.0
        ]
      ]
    },
    {
      "file_path": "/media/NFS/ttao/scannet/posed_images/scene0580_00/01181.jpg",
      "transform_matrix": [
        [
          -0.302959,
          0.762439,
          -0.571754,
          2.234898
        ],
        [
          0.953003,
          0.243273,
          -0.180567,
          0.560788
        ],
        [
          0.001421,
          -0.599587,
          -0.800308,
          2.06744
        ],
        [
          0.0,
          0.0,
          0.0,
          1.0
        ]
      ]
    },
    {
      "file_path": "/media/NFS/ttao/scannet/posed_images/scene0580_00/01196.jpg",
      "transform_matrix": [
        [
          -0.275601,
          0.809861,
          -0.51785,
          2.144757
        ],
        [
          0.961271,
          0.231292,
          -0.149875,
          0.52799
        ],
        [
          -0.001603,
          -0.5391,
          -0.84224,
          2.082926
        ],
        [
          0.0,
          0.0,
          0.0,
          1.0
        ]
      ]
    },
    {
      "file_path": "/media/NFS/ttao/scannet/posed_images/scene0580_00/01215.jpg",
      "transform_matrix": [
        [
          -0.186031,
          0.648312,
          -0.738298,
          2.241515
        ],
        [
          0.982229,
          0.103688,
          -0.156445,
          0.604218
        ],
        [
          -0.024872,
          -0.754281,
          -0.656081,
          2.117404
        ],
        [
          0.0,
          0.0,
          0.0,
          1.0
        ]
      ]
    },
    {
      "file_path": "/media/NFS/ttao/scannet/posed_images/scene0580_00/01229.jpg",
      "transform_matrix": [
        [
          -0.134176,
          0.455782,
          -0.87992,
          2.418951
        ],
        [
          0.9895,
          0.013474,
          -0.143906,
          0.735919
        ],
        [
          -0.053734,
