{
  "frames": [
    {
      "file_path": "/media/NFS/ttao/scannet/posed_images/scene0191_02/00000.jpg",
      "transform_matrix": [
        [
          0.820335,
          -0.302876,
          0.485094,
          1.023211
        ],
        [
          -0.562903,
          -0.277908,
          0.7784,
          2.514905
        ],
        [
          -0.100947,
          -0.91161,
          -0.398468,
          1.505179
        ],
        [
          0.0,
          0.0,
          0.0,
          1.0
        ]
      ]
    },
    {
      "file_path": "/media/NFS/ttao/scannet/posed_images/scene0191_02/00002.jpg",
      "transform_matrix": [
        [
          0.819485,
          -0.305587,
          0.484831,
          1.026799
        ],
        [
          -0.563681,
          -0.277024,
          0.778153,
          2.512417
        ],
        [
          -0.103484,
          -0.910974,
          -0.39927,
          1.507624
        ],
        [
          0.0,
          0.0,
          0.0,
          1.0
        ]
      ]
    },
    {
      "file_path": "/media/NFS/ttao/scannet/posed_images/scene0191_02/00005.jpg",
      "transform_matrix": [
        [
          0.817399,
          -0.306202,
          0.487954,
          1.025787
        ],
        [
          -0.566839,
          -0.276466,
          0.776055,
          2.51215
        ],
        [
          -0.102727,
          -0.910938,
          -0.39955,
          1.505468
        ],
        [
          0.0,
          0.0,
          0.0,
          1.0
        ]
      ]
    },
    {
      "file_path": "/media/NFS/ttao/scannet/posed_images/scene0191_02/00008.jpg",
      "transform_matrix": [
        [
          0.815145,
          -0.305931,
          0.49188,
          1.024412
        ],
        [
          -0.570588,
          -0.277704,
          0.772859,
          2.513149
        ],
        [
          -0.099844,
          -0.910652,
          -0.400929,
          1.505634
        ],
        [
          0.0,
          0.0,
          0.0,
          1.0
        ]
      ]
    },
    {
      "file_path": "/media/NFS/ttao/scannet/posed_images/scene0191_02/00011.jpg",
      "transform_matrix": [
        [
          0.816227,
          -0.309212,
          0.488017,
          1.046478
        ],
        [
          -0.568305,
          -0.277767,
          0.774516,
          2.497224
        ],
        [
          -0.103935,
          -0.909523,
          -0.402448,
          1.501534
        ],
        [
          0.0,
          0.0,
          0.0,
          1.0
        ]
      ]
    },
    {
      "file_path": "/media/NFS/ttao/scannet/posed_images/scene0191_02/00015.jpg",
      "transform_matrix": [
        [
          0.80808,
          -0.312578,
          0.499302,
          1.040334
        ],
        [
          -0.580019,
          -0.274164,
          0.76708,
          2.498428
        ],
        [
          -0.102882,
          -0.909466,
          -0.402847,
          1.496274
        ],
        [
          0.0,
          0.0,
          0.0,
          1.0
        ]
      ]
    },
    {
      "file_path": "/media/NFS/ttao/scannet/posed_images/scene0191_02/00017.jpg",
      "transform_matrix": [
        [
          0.804949,
          -0.315451,
          0.502542,
          1.042261
        ],
        [
          -0.58422,
          -0.273406,
          0.764157,
          2.496769
        ],
        [
          -0.103656,
          -0.908702,
          -0.404371,
          1.495858
        ],
        [
          0.0,
          0.0,
          0.0,
          1.0
        ]
      ]
    },
    {
      "file_path": "/media/NFS/ttao/scannet/posed_images/scene0191_02/00022.jpg",
      "transform_matrix": [
        [
          0.797496,
          -0.309899,
          0.517651,
          1.046621
        ],
        [
          -0.594724,
          -0.259447,
          0.760914,
          2.498241
        ],
        [
          -0.101503,
          -0.914686,
          -0.391212,
          1.503965
        ],
        [
          0.0,
          0.0,
          0.0,
          1.0
        ]
      ]
    },
    {
      "file_path": "/media/NFS/ttao/scannet/posed_images/scene0191_02/00024.jpg",
      "transform_matrix": [
        [
          0.795738,
          -0.307863,
          0.521557,
          1.045369
        ],
        [
          -0.597214,
          -0.255697,
          0.760234,
          2.496656
        ],
        [
          -0.100687,
          -0.916427,
          -0.387328,
          1.50351
        ],
        [
          0.0,
          0.0,
          0.0,
          1.0
        ]
      ]
    },
    {
      "file_path": "/media/NFS/ttao/scannet/posed_images/scene0191_02/00026.jpg",
      "transform_matrix": [
        [
          0.793702,
          -0.307644,
          0.524779,
          1.044634
        ],
        [
          -0.600044,
          -0.254245,
          0.75849,
          2.497478
        ],
        [
          -0.099922,
          -0.916905,
          -0.386395,
          1.503055
        ],
        [
          0.0,
          0.0,
          0.0,
          1.0
        ]
      ]
    },
    {
      "file_path": "/media/NFS/ttao/scannet/posed_images/scene0191_02/00031.jpg",
      "transform_matrix": [
        [
          0.784554,
          -0.307206,
          0.538609,
          1.037983
        ],
        [
          -0.612656,
          -0.250228,
          0.749692,
          2.498961
        ],
        [
          -0.095535,
          -0.918156,
          -0.384529,
          1.497796
        ],
        [
          0.0,
          0.0,
          0.0,
          1.0
        ]
      ]
    },
    {
      "file_path": "/media/NFS/ttao/scannet/posed_images/scene0191_02/00032.jpg",
      "transform_matrix": [
        [
          0.783897,
          -0.307748,
          0.539255,
          1.040281
        ],
        [
          -0.613462,
          -0.249948,
          0.749127,
          2.496948
        ],
        [
          -0.095757,
          -0.918051,
          -0.384725,
          1.497519
        ],
        [
          0.0,
          0.0,
          0.0,
          1.0
        ]
      ]
    },
    {
      "file_path": "/media/NFS/ttao/scannet/posed_images/scene0191_02/00036.jpg",
      "transform_matrix": [
        [
          0.778513,
          -0.305966,
          0.547999,
          1.037284
        ],
        [
          -0.620825,
          -0.247188,
          0.743959,
          2.499008
        ],
        [
          -0.092167,
          -0.919393,
          -0.38239,
          1.498494
        ],
        [
          0.0,
          0.0,
          0.0,
          1.0
        ]
      ]
    },
    {
      "file_path": "/media/NFS/ttao/scannet/posed_images/scene0191_02/00040.jpg",
      "transform_matrix": [
        [
          0.771071,
          -0.306373,
          0.558198,
          1.031588
        ],
        [
          -0.630555,
          -0.245412,
          0.736324,
          2.503741
        ],
        [
          -0.088601,
          -0.919733,
          -0.382415,
          1.501364
        ],
        [
          0.0,
          0.0,
          0.0,
          1.0
        ]
      ]
    },
    {
      "file_path": "/media/NFS/ttao/scannet/posed_images/scene0191_02/00043.jpg",
      "transform_matrix": [
        [
          0.769546,
          -0.307555,
          0.55965,
          1.030116
        ],
        [
          -0.6324,
          -0.245299,
          0.734778,
          2.503706
        ],
        [
          -0.088703,
          -0.919368,
          -0.383267,
          1.500765
        ],
        [
          0.0,
          0.0,
          0.0,
          1.0
        ]
      ]
    },
    {
      "file_path": "/media/NFS/ttao/scannet/posed_images/scene0191_02/00046.jpg",
      "transform_matrix": [
        [
          0.769609,
          -0.306427,
          0.560183,
          1.028168
        ],
        [
          -0.632586,
          -0.24662,
          0.734176,
          2.504738
        ],
        [
          -0.086819,
          -0.919392,
          -0.383642,
          1.500253
        ],
        [
          0.0,
          0.0,
          0.0,
          1.0
        ]
      ]
    },
    {
      "file_path": "/media/NFS/ttao/scannet/posed_images/scene0191_02/00049.jpg",
      "transform_matrix": [
        [
          0.770203,
          -0.30733,
          0.55887,
          1.027126
        ],
        [
          -0.631839,
          -0.248153,
          0.734302,
          2.503724
        ],
        [
          -0.086988,
          -0.918677,
          -0.385312,
          1.500424
        ],
        [
          0.0,
          0.0,
          0.0,
          1.0
        ]
      ]
    },
    {
      "file_path": "/media/NFS/ttao/scannet/posed_images/scene0191_02/00050.jpg",
      "transform_matrix": [
        [
          0.7684,
          -0.308278,
          0.560826,
          1.021774
        ],
        [
          -0.634015,
          -0.247433,
          0.732668,
          2.507689
        ],
        [
          -0.087098,
          -0.918554,
          -0.385581,
          1.501237
        ],
        [
          0.0,
          0.0,
          0.0,
          1.0
        ]
      ]
    },
    {
      "file_path": "/media/NFS/ttao/scannet/posed_images/scene0191_02/00053.jpg",
      "transform_matrix": [
        [
          0.765796,
          -0.31179,
          0.562444,
          1.018843
        ],
        [
          -0.636749,
          -0.245173,
          0.731055,
          2.50919
        ],
        [
          -0.09004,
          -0.917974,
          -0.386285,
          1.503732
        ],
        [
          0.0,
          0.0,
          0.0,
          1.0
        ]
      ]
    },
    {
      "file_path": "/media/NFS/ttao/scannet/posed_images/scene0191_02/00057.jpg",
      "transform_matrix": [
        [
          0.756569,
          -0.321293,
          0.569538,
          1.008978
        ],
        [
          -0.647343,
          -0.244829,
          0.721808,
          2.509942
        ],
        [
          -0.092472,
          -0.914784,
          -0.393217,
          1.492394
        ],
        [
          0.0,
          0.0,
          0.0,
          1.0
        ]
      ]
    },
    {
      "file_path": "/media/NFS/ttao/scannet/posed_images/scene0191_02/00061.jpg",
      "transform_matrix": [
        [
          0.748051,
          -0.333507,
          0.573754,
          0.999639
        ],
        [
          -0.656882,
          -0.249016,
          0.711686,
          2.514861
        ],
        [
          -0.094478,
          -0.909266,
          -0.405351,
          1.486817
        ],
        [
          0.0,
          0.0,
          0.0,
          1.0
        ]
      ]
    },
    {
      "file_path": "/media/NFS/ttao/scannet/posed_images/scene0191_02/00064.jpg",
      "transform_matrix": [
        [
          0.746673,
          -0.341119,
          0.571068,
          0.990273
        ],
        [
          -0.658585,
          -0.258401,
          0.70675,
          2.515797
        ],
        [
          -0.093522,
          -0.903807,
          -0.417596,
          1.478346
        ],
        [
          0.0,
          0.0,
          0.0,
          1.0
        ]
      ]
    },
    {
      "file_path": "/media/NFS/ttao/scannet/posed_images/scene0191_02/00065.jpg",
      "transform_matrix": [
        [
          0.745536,
          -0.343076,
          0.57138,
          0.985807
        ],
        [
          -0.65994,
          -0.260334,
          0.704774,
          2.51843
        ],
        [
          -0.093042,
          -0.90251,
          -0.420498,
          1.47578
        ],
        [
          0.0,
          0.0,
          0.0,
          1.0
        ]
      ]
    },
    {
      "file_path": "/media/NFS/ttao/scannet/posed_images/scene0191_02/00069.jpg",
      "transform_matrix": [
        [
          0.744597,
          -0.345932,
          0.570883,
          0.975726
        ],
        [
          -0.66152,
          -0.268051,
          0.700386,
          2.522808
        ],
        [
          -0.08926,
          -0.899155,
          -0.428431,
          1.472537
        ],
        [
          0.0,
          0.0,
          0.0,
          1.0
        ]
      ]
    },
    {
      "file_path": "/media/NFS/ttao/scannet/posed_images/scene0191_02/00071.jpg",
      "transform_matrix": [
        [
          0.742295,
          -0.34678,
          0.573361,
          0.96921
        ],
        [
          -0.664715,
          -0.273086,
          0.695398,
          2.531331
        ],
        [
          -0.084574,
          -0.897311,
          -0.43322,
          1.47478
        ],
        [
          0.0,
          0.0,
          0.0,
          1.0
        ]
      ]
    },
    {
      "file_path": "/media/NFS/ttao/scannet/posed_images/scene0191_02/00076.jpg",
      "transform_matrix": [
        [
          0.734476,
          -0.344527,
          0.584677,
          0.954339
        ],
        [
          -0.674757,
          -0.278775,
          0.683364,
          2.539419
        ],
        [
          -0.072444,
          -0.896429,
          -0.437226,
          1.471673
        ],
        [
          0.0,
          0.0,
          0.0,
          1.0
        ]
      ]
    },
    {
      "file_path": "/media/NFS/ttao/scannet/posed_images/scene0191_02/00077.jpg",
      "transform_matrix": [
        [
          0.732007,
          -0.345827,
          0.587001,
          0.947949
        ],
        [
          -0.677464,
          -0.278211,
          0.680912,
          2.542215
        ],
        [
          -0.072168,
          -0.896104,
          -0.437938,
          1.470517
        ],
        [
          0.0,
          0.0,
          0.0,
          1.0
        ]
      ]
    },
    {
      "file_path": "/media/NFS/ttao/scannet/posed_images/scene0191_02/00082.jpg",
      "transform_matrix": [
        [
          0.718435,
          -0.357908,
          0.596451,
          0.928716
        ],
        [
          -0.691657,
          -0.276453,
          0.667222,
          2.556263
        ],
        [
          -0.073914,
          -0.891894,
          -0.446163,
          1.469501
        ],
        [
          0.0,
          0.0,
          0.0,
          1.0
        ]
      ]
    },
    {
      "file_path": "/media/NFS/ttao/scannet/posed_images/scene0191_02/00083.jpg",
      "transform_matrix": [
        [
          0.717486,
          -0.358431,
          0.597278,
          0.923019
        ],
        [
          -0.69278,
          -0.277824,
          0.665484,
          2.560256
        ],
        [
          -0.072592,
          -0.891258,
          -0.447648,
          1.469579
        ],
        [
          0.0,
          0.0,
          0.0,
          1.0
        ]
      ]
    },
    {
      "file_path": "/media/NFS/ttao/scannet/posed_images/scene0191_02/00088.jpg",
      "transform_matrix": [
        [
          0.724958,
          -0.353132,
          0.591383,
          0.914909
        ],
        [
          -0.685392,
          -0.284614,
          0.670249,
          2.559475
        ],
        [
          -0.06837,
          -0.891231,
          -0.448367,
          1.470184
        ],
        [
          0.0,
          0.0,
          0.0,
          1.0
        ]
      ]
    },
    {
      "file_path": "/media/NFS/ttao/scannet/posed_images/scene0191_02/00091.jpg",
      "transform_matrix": [
        [
          0.726346,
          -0.349695,
          0.591722,
          0.906484
        ],
        [
          -0.684213,
          -0.285982,
          0.67087,
          2.564096
        ],
        [
          -0.065378,
          -0.892148,
          -0.446988,
          1.470603
        ],
        [
          0.0,
          0.0,
          0.0,
          1.0
        ]
      ]
    },
    {
      "file_path": "/media/NFS/ttao/scannet/posed_images/scene0191_02/00092.jpg",
      "transform_matrix": [
        [
          0.72634,
          -0.348313,
          0.592544,
          0.901824
        ],
        [
          -0.684317,
          -0.285752,
          0.670862,
          2.565996
        ],
        [
          -0.064349,
          -0.892762,
          -0.445909,
          1.469391
        ],
        [
          0.0,
          0.0,
          0.0,
          1.0
        ]
      ]
    },
    {
      "file_path": "/media/NFS/ttao/scannet/posed_images/scene0191_02/00097.jpg",
      "transform_matrix": [
        [
          0.730591,
          -0.337933,
          0.593328,
          0.889795
        ],
        [
          -0.680749,
          -0.292941,
          0.671391,
          2.576558
        ],
        [
          -0.053075,
          -0.89442,
          -0.444068,
          1.47497
        ],
        [
          0.0,
          0.0,
          0.0,
          1.0
        ]
      ]
    },
    {
      "file_path": "/media/NFS/ttao/scannet/posed_images/scene0191_02/00100.jpg",
      "transform_matrix": [
        [
          0.730371,
          -0.332976,
          0.596394,
          0.883714
        ],
        [
          -0.68134,
          -0.293393,
          0.670594,
          2.580571
        ],
        [
          -0.048314,
          -0.896129,
          -0.441155,
          1.474384
        ],
        [
          0.0,
          0.0,
          0.0,
          1.0
        ]
      ]
    },
    {
      "file_path": "/media/NFS/ttao/scannet/posed_images/scene0191_02/00101.jpg",
      "transform_matrix": [
        [
          0.730351,
          -0.331842,
          0.59705,
          0.882881
        ],
        [
          -0.681397,
          -0.292762,
          0.670812,
          2.579869
        ],
        [
          -0.04781,
          -0.896756,
          -0.439935,
          1.472469
        ],
        [
          0.0,
          0.0,
          0.0,
          1.0
        ]
      ]
    },
    {
      "file_path": "/media/NFS/ttao/scannet/posed_images/scene0191_02/00105.jpg",
      "transform_matrix": [
        [
          0.725392,
          -0.330965,
          0.603547,
          0.878388
        ],
        [
          -0.686964,
          -0.292759,
          0.665111,
          2.585943
        ],
        [
          -0.043435,
          -0.897081,
          -0.439726,
          1.47273
        ],
        [
          0.0,
          0.0,
          0.0,
          1.0
        ]
      ]
    },
    {
      "file_path": "/media/NFS/ttao/scannet/posed_images/scene0191_02/00108.jpg",
      "transform_matrix": [
        [
          0.720017,
          -0.330692,
          0.610097,
          0.879134
        ],
        [
          -0.69277,
          -0.29113,
          0.659782,
          2.587946
        ],
        [
          -0.040567,
          -0.897711,
          -0.438712,
          1.473283
        ],
        [
          0.0,
          0.0,
          0.0,
          1.0
        ]
      ]
    },
    {
      "file_path": "/media/NFS/ttao/scannet/posed_images/scene0191_02/00110.jpg",
      "transform_matrix": [
        [
          0.714264,
          -0.335803,
          0.614055,
          0.878183
        ],
        [
          -0.698689,
          -0.291028,
          0.653557,
          2.593411
        ],
        [
          -0.040759,
          -0.895845,
          -0.442493,
          1.473587
        ],
        [
          0.0,
          0.0,
          0.0,
          1.0
        ]
      ]
    },
    {
      "file_path": "/media/NFS/ttao/scannet/posed_images/scene0191_02/00114.jpg",
      "transform_matrix": [
        [
          0.702387,
          -0.34423,
          0.623024,
          0.884493
        ],
        [
          -0.710551,
          -0.287357,
          0.642295,
          2.597006
        ],
        [
          -0.042067,
          -0.89383,
          -0.446429,
          1.471909
        ],
        [
          0.0,
          0.0,
          0.0,
          1.0
        ]
      ]
    },
    {
      "file_path": "/media/NFS/ttao/scannet/posed_images/scene0191_02/00118.jpg",
      "transform_matrix": [
        [
          0.693015,
          -0.35763,
          0.625964,
          0.893763
        ],
        [
          -0.719241,
          -0.283707,
          0.634194,
          2.598854
        ],
        [
          -0.049216,
          -0.889725,
          -0.453836,
          1.464189
        ],
        [
          0.0,
          0.0,
          0.0,
          1.0
        ]
      ]
    },
    {
      "file_path": "/media/NFS/ttao/scannet/posed_images/scene0191_02/00119.jpg",
      "transform_matrix": [
        [
          0.69197,
          -0.362158,
          0.624516,
          0.897789
        ],
        [
          -0.720022,
          -0.283412,
          0.63344,
          2.598286
        ],
        [
          -0.05241,
          -0.887986,
          -0.456874,
          1.462958
        ],
        [
          0.0,
          0.0,
          0.0,
          1.0
        ]
      ]
    },
    {
      "file_path": "/media/NFS/ttao/scannet/posed_images/scene0191_02/00122.jpg",
      "transform_matrix": [
        [
          0.687027,
          -0.377842,
          0.620669,
          0.91574
        ],
        [
          -0.724221,
          -0.286535,
          0.627217,
          2.611123
        ],
        [
          -0.059145,
          -0.880416,
          -0.470499,
          1.465787
        ],
        [
          0.0,
          0.0,
          0.0,
          1.0
        ]
      ]
    },
    {
      "file_path": "/media/NFS/ttao/scannet/posed_images/scene0191_02/00125.jpg",
      "transform_matrix": [
        [
          0.684432,
          -0.382175,
          0.620883,
          0.938997
        ],
        [
          -0.726146,
          -0.281038,
          0.627479,
          2.613926
        ],
        [
          -0.065315,
          -0.880318,
          -0.469865,
          1.463398
        ],
        [
          0.0,
          0.0,
          0.0,
          1.0
        ]
      ]
    },
    {
      "file_path": "/media/NFS/ttao/scannet/posed_images/scene0191_02/00127.jpg",
      "transform_matrix": [
        [
          0.681489,
          -0.387008,
          0.621126,
          0.960434
        ],
        [
          -0.728832,
          -0.282191,
          0.623837,
          2.617282
        ],
        [
          -0.066154,
          -0.877834,
          -0.474374,
          1.462978
        ],
        [
          0.0,
          0.0,
          0.0,
          1.0
        ]
      ]
    },
    {
      "file_path": "/media/NFS/ttao/scannet/posed_images/scene0191_02/00130.jpg",
      "transform_matrix": [
        [
          0.667299,
          -0.387307,
          0.636165,
          0.999476
        ],
        [
          -0.74187,
          -0.270085,
          0.613745,
          2.625503
        ],
        [
          -0.065889,
          -0.881503,
          -0.467559,
          1.464558
        ],
        [
          0.0,
          0.0,
          0.0,
          1.0
        ]
      ]
    },
    {
      "file_path": "/media/NFS/ttao/scannet/posed_images/scene0191_02/00133.jpg",
      "transform_matrix": [
        [
          0.647495,
          -0.391575,
          0.653773,
          1.033009
        ],
        [
          -0.758502,
          -0.248221,
          0.602546,
          2.632257
        ],
        [
          -0.073661,
          -0.886034,
          -0.457732,
          1.459386
        ],
        [
          0.0,
          0.0,
          0.0,
          1.0
        ]
      ]
    },
    {
      "file_path": "/media/NFS/ttao/scannet/posed_images/scene0191_02/00138.jpg",
      "transform_matrix": [
        [
          0.611691,
          -0.39849,
          0.683403,
          1.106107
        ],
        [
          -0.788161,
          -0.232623,
          0.569815,
          2.642394
        ],
        [
          -0.06809,
          -0.887182,
          -0.456367,
          1.454865
        ],
        [
          0.0,
          0.0,
          0.0,
          1.0
        ]
      ]
    },
    {
      "file_path": "/media/NFS/ttao/scannet/posed_images/scene0191_02/00139.jpg",
      "transform_matrix": [
        [
          0.604673,
          -0.397645,
          0.690108,
          1.117908
        ],
        [
          -0.793897,
          -0.231269,
          0.562354,
          2.649183
        ],
        [
          -0.064017,
          -0.887915,
          -0.455531,
          1.452875
        ],
        [
          0.0,
          0.0,
          0.0,
          1.0
        ]
      ]
    },
    {
      "file_path": "/media/NFS/ttao/scannet/posed_images/scene0191_02/00142.jpg",
      "transform_matrix": [
        [
          0.59173,
          -0.395309,
          0.702557,
          1.149318
        ],
        [
          -0.804512,
          -0.234284,
          0.545776,
          2.661009
        ],
        [
          -0.051152,
          -0.888168,
          -0.456664,
          1.451602
        ],
        [
          0.0,
          0.0,
          0.0,
          1.0
        ]
      ]
    },
    {
      "file_path": "/media/NFS/ttao/scannet/posed_images/scene0191_02/00145.jpg",
      "transform_matrix": [
        [
          0.580128,
          -0.388341,
          0.715991,
          1.179112
        ],
        [
          -0.812742,
          -0.217852,
          0.540362,
          2.665249
        ],
        [
          -0.053864,
          -0.895395,
          -0.442003,
          1.446405
        ],
        [
          0.0,
          0.0,
          0.0,
          1.0
        ]
      ]
    },
    {
      "file_path": "/media/NFS/ttao/scannet/posed_images/scene0191_02/00148.jpg",
      "transform_matrix": [
        [
          0.567681,
          -0.402543,
          0.718121,
          1.211929
        ],
        [
          -0.821142,
          -0.2145,
          0.528882,
          2.67165
        ],
        [
          -0.058861,
          -0.889915,
          -0.452313,
          1.444064
        ],
        [
          0.0,
          0.0,
          0.0,
          1.0
        ]
      ]
    },
    {
      "file_path": "/media/NFS/ttao/scannet/posed_images/scene0191_02/00152.jpg",
      "transform_matrix": [
        [
          0.534474,
          -0.407552,
          0.740432,
          1.245845
        ],
        [
          -0.84296,
          -0.193523,
          0.501963,
          2.706947
        ],
        [
          -0.061286,
          -0.89244,
          -0.446983,
          1.444774
        ],
        [
          0.0,
          0.0,
          0.0,
          1.0
        ]
      ]
    },
    {
      "file_path": "/media/NFS/ttao/scannet/posed_images/scene0191_02/00155.jpg",
      "transform_matrix": [
        [
          0.50583,
          -0.415846,
          0.755783,
          1.270511
        ],
        [
          -0.861246,
          -0.193787,
          0.469789,
          2.736104
        ],
        [
          -0.048899,
          -0.888548,
          -0.45617,
          1.428465
        ],
        [
          0.0,
          0.0,
          0.0,
          1.0
        ]
      ]
    },
    {
      "file_path": "/media/NFS/ttao/scannet/posed_images/scene0191_02/00157.jpg",
      "transform_matrix": [
        [
          0.486956,
          -0.425321,
          0.762873,
          1.302398
        ],
        [
          -0.872537,
          -0.197487,
          0.446852,
          2.756688
        ],
        [
          -0.039398,
          -0.883233,
          -0.467276,
          1.429702
        ],
        [
          0.0,
          0.0,
          0.0,
          1.0
        ]
      ]
    },
    {
      "file_path": "/media/NFS/ttao/scannet/posed_images/scene0191_02/00162.jpg",
      "transform_matrix": [
        [
          0.41322,
          -0.423264,
          0.806286,
          1.339373
        ],
        [
          -0.910272,
          -0.16713,
          0.378777,
          2.843941
        ],
        [
          -0.025568,
          -0.890458,
          -0.454347,
          1.433223
        ],
        [
          0.0,
          0.0,
          0.0,
          1.0
        ]
      ]
    },
    {
      "file_path": "/media/NFS/ttao/scannet/posed_images/scene0191_02/00163.jpg",
      "transform_matrix": [
        [
          0.40155,
          -0.427016,
          0.810195,
          1.351006
        ],
        [
          -0.915456,
          -0.161608,
          0.368543,
          2.856989
        ],
        [
          -0.026439,
          -0.889685,
          -0.455808,
          1.43518
        ],
        [
          0.0,
          0.0,
          0.0,
          1.0
        ]
      ]
    },
    {
      "file_path": "/media/NFS/ttao/scannet/posed_images/scene0191_02/00168.jpg",
      "transform_matrix": [
        [
          0.327108,
          -0.410174,
          0.851327,
          1.407844
        ],
        [
          -0.944626,
          -0.11701,
          0.30658,
          2.920777
        ],
        [
          -0.026137,
          -0.90447,
          -0.425736,
          1.459543
        ],
        [
          0.0,
          0.0,
          0.0,
          1.0
        ]
      ]
    },
    {
      "file_path": "/media/NFS/ttao/scannet/posed_images/scene0191_02/00171.jpg",
      "transform_matrix": [
        [
          0.282483,
          -0.398631,
          0.872524,
          1.426003
        ],
        [
          -0.958517,
          -0.081206,
          0.273223,
          2.956384
        ],
        [
          -0.038061,
          -0.913509,
          -0.405033,
          1.457088
        ],
        [
          0.0,
          0.0,
          0.0,
          1.0
        ]
      ]
    },
    {
      "file_path": "/media/NFS/ttao/scannet/posed_images/scene0191_02/00172.jpg",
      "transform_matrix": [
        [
          0.268759,
          -0.395755,
          0.87815,
          1.42501
        ],
        [
          -0.962432,
          -0.073751,
          0.261317,
          2.966896
        ],
        [
          -0.038653,
          -0.91539,
          -0.400708,
          1.447112
        ],
        [
          0.0,
          0.0,
          0.0,
          1.0
        ]
      ]
    },
    {
      "file_path": "/media/NFS/ttao/scannet/posed_images/scene0191_02/00177.jpg",
      "transform_matrix": [
        [
          0.217682,
          -0.428353,
          0.876999,
          1.4777
        ],
        [
          -0.975415,
          -0.06385,
          0.210924,
          3.000821
        ],
        [
          -0.034354,
          -0.901353,
          -0.431721,
          1.434287
        ],
        [
          0.0,
          0.0,
          0.0,
          1.0
        ]
      ]
    },
    {
      "file_path": "/media/NFS/ttao/scannet/posed_images/scene0191_02/00178.jpg",
      "transform_matrix": [
        [
          0.211685,
          -0.431969,
          0.876694,
          1.488902
        ],
        [
          -0.976726,
          -0.061757,
          0.205409,
          3.005789
        ],
        [
          -0.034588,
          -0.899772,
          -0.434988,
          1.429875
        ],
        [
          0.0,
          0.0,
          0.0,
          1.0
        ]
      ]
    },
    {
      "file_path": "/media/NFS/ttao/scannet/posed_images/scene0191_02/00181.jpg",
      "transform_matrix": [
        [
          0.196709,
          -0.450079,
          0.871053,
          1.536125
        ],
        [
          -0.979873,
          -0.059463,
          0.190559,
          3.009991
        ],
        [
          -0.033971,
          -0.891007,
          -0.452717,
          1.422624
        ],
        [
          0.0,
          0.0,
          0.0,
          1.0
        ]
      ]
    },
    {
      "file_path": "/media/NFS/ttao/scannet/posed_images/scene0191_02/00184.jpg",
      "transform_matrix": [
        [
          0.175067,
          -0.444091,
          0.878712,
          1.593975
        ],
        [
          -0.983968,
          -0.048054,
          0.171751,
          3.026316
        ],
        [
          -0.034047,
          -0.894692,
          -0.445384,
          1.440374
        ],
        [
          0.0,
          0.0,
          0.0,
          1.0
        ]
      ]
    },
    {
      "file_path": "/media/NFS/ttao/scannet/posed_images/scene0191_02/00189.jpg",
      "transform_matrix": [
        [
          0.129254,
          -0.377425,
          0.916975,
          1.674689
        ],
        [
          -0.991185,
          -0.022073,
          0.13063,
          3.041509
        ],
        [
          -0.029062,
          -0.925777,
          -0.376951,
          1.454831
        ],
        [
          0.0,
          0.0,
          0.0,
          1.0
        ]
      ]
    },
    {
      "file_path": "/media/NFS/ttao/scannet/posed_images/scene0191_02/00192.jpg",
      "transform_matrix": [
        [
          0.123392,
          -0.354139,
          0.927017,
          1.728181
        ],
        [
          -0.991783,
          -0.012209,
          0.127349,
          3.006329
        ],
        [
          -0.033781,
          -0.935113,
          -0.352735,
          1.449833
        ],
        [
          0.0,
          0.0,
          0.0,
          1.0
        ]
      ]
    },
    {
      "file_path": "/media/NFS/ttao/scannet/posed_images/scene0191_02/00193.jpg",
      "transform_matrix": [
        [
          0.118275,
          -0.350319,
          0.929133,
          1.745298
        ],
        [
          -0.992389,
          -0.009388,
          0.122788,
          3.007736
        ],
        [
          -0.034292,
          -0.936583,
          -0.348763,
          1.45662
        ],
        [
          0.0,
          0.0,
          0.0,
          1.0
        ]
      ]
    },
    {
      "file_path": "/media/NFS/ttao/scannet/posed_images/scene0191_02/00198.jpg",
      "transform_matrix": [
        [
          0.073972,
          -0.325853,
          0.942522,
          1.814126
        ],
        [
          -0.996978,
          -0.001689,
          0.077662,
          3.019823
        ],
        [
          -0.023714,
          -0.945419,
          -0.324993,
          1.469176
        ],
        [
          0.0,
          0.0,
          0.0,
          1.0
        ]
      ]
    },
    {
      "file_path": "/media/NFS/ttao/scannet/posed_images/scene0191_02/00199.jpg",
      "transform_matrix": [
        [
          0.066631,
          -0.327277,
          0.942576,
          1.824422
        ],
        [
          -0.997424,
          0.00329,
          0.071651,
          3.023493
        ],
        [
          -0.026551,
          -0.944923,
          -0.326215,
          1.473377
        ],
        [
          0.0,
          0.0,
          0.0,
          1.0
        ]
      ]
    },
    {
      "file_path": "/media/NFS/ttao/scannet/posed_images/scene0191_02/00204.jpg",
      "transform_matrix": [
        [
          0.033106,
          -0.30523,
          0.951703,
          1.88144
        ],
        [
          -0.998456,
          0.032385,
          0.04512,
          3.035257
        ],
        [
          -0.044593,
          -0.951728,
          -0.303687,
          1.488637
        ],
        [
          0.0,
          0.0,
          0.0,
          1.0
        ]
      ]
    },
    {
      "file_path": "/media/NFS/ttao/scannet/posed_images/scene0191_02/00206.jpg",
      "transform_matrix": [
        [
          0.034466,
          -0.303286,
          0.952276,
          1.895161
        ],
        [
          -0.998134,
          0.037614,
          0.048106,
          3.042502
        ],
        [
          -0.050409,
          -0.952157,
          -0.301424,
          1.486327
        ],
        [
          0.0,
          0.0,
          0.0,
          1.0
        ]
      ]
    },
    {
      "file_path": "/media/NFS/ttao/scannet/posed_images/scene0191_02/00208.jpg",
      "transform_matrix": [
        [
          0.027321,
          -0.295233,
          0.955034,
          1.914499
        ],
        [
          -0.998483,
          0.037628,
          0.040196,
          3.04777
        ],
        [
          -0.047804,
          -0.954684,
          -0.293757,
          1.495209
        ],
        [
          0.0,
          0.0,
          0.0,
          1.0
        ]
      ]
    },
    {
      "file_path": "/media/NFS/ttao/scannet/posed_images/scene0191_02/00213.jpg",
      "transform_matrix": [
        [
          -0.040427,
          -0.259824,
          0.964809,
          1.94158
        ],
        [
          -0.997716,
          0.062797,
          -0.024895,
          3.111644
        ],
        [
          -0.054119,
          -0.963612,
          -0.261769,
          1.493986
        ],
        [
          0.0,
          0.0,
          0.0,
          1.0
        ]
      ]
    },
    {
      "file_path": "/media/NFS/ttao/scannet/posed_images/scene0191_02/00214.jpg",
      "transform_matrix": [
        [
          -0.041912,
          -0.261366,
          0.964329,
          1.947294
        ],
        [
          -0.997513,
          0.065697,
          -0.025548,
          3.112057
        ],
        [
          -0.056676,
          -0.963001,
          -0.26347,
          1.497828
        ],
        [
          0.0,
          0.0,
          0.0,
          1.0
        ]
      ]
    },
    {
      "file_path": "/media/NFS/ttao/scannet/posed_images/scene0191_02/00219.jpg",
      "transform_matrix": [
        [
          -0.080188,
          -0.241445,
          0.967095,
          1.978921
        ],
        [
          -0.995112,
          0.075487,
          -0.063665,
          3.153039
        ],
        [
          -0.057632,
          -0.967474,
          -0.246319,
          1.503459
        ],
        [
          0.0,
          0.0,
          0.0,
          1.0
        ]
      ]
    },
    {
      "file_path": "/media/NFS/ttao/scannet/posed_images/scene0191_02/00220.jpg",
      "transform_matrix": [
        [
          -0.084895,
          -0.245455,
          0.965684,
          1.990684
        ],
        [
          -0.994842,
          0.074892,
          -0.068423,
          3.157799
        ],
        [
          -0.055527,
          -0.966511,
          -0.250546,
          1.509018
        ],
        [
          0.0,
          0.0,
          0.0,
          1.0
        ]
      ]
    },
    {
      "file_path": "/media/NFS/ttao/scannet/posed_images/scene0191_02/00224.jpg",
      "transform_matrix": [
        [
          -0.1043,
          -0.256602,
          0.960873,
          2.009933
        ],
        [
          -0.99312,
          0.078587,
          -0.086813,
          3.189521
        ],
        [
          -0.053236,
          -0.963317,
          -0.263033,
          1.504699
        ],
        [
          0.0,
          0.0,
          0.0,
          1.0
        ]
      ]
    },
    {
      "file_path": "/media/NFS/ttao/scannet/posed_images/scene0191_02/00228.jpg",
      "transform_matrix": [
        [
          -0.113092,
          -0.245201,
          0.962853,
          2.02599
        ],
        [
          -0.992063,
          0.081472,
          -0.095775,
          3.219187
        ],
        [
          -0.054961,
          -0.966043,
          -0.252469,
          1.504993
        ],
        [
          0.0,
          0.0,
          0.0,
          1.0
        ]
      ]
    },
    {
      "file_path": "/media/NFS/ttao/scannet/posed_images/scene0191_02/00229.jpg",
      "transform_matrix": [
        [
          -0.114852,
          -0.242629,
          0.963297,
          2.030045
        ],
        [
          -0.991884,
          0.081265,
          -0.097792,
          3.22469
        ],
        [
