{
  "frames": [
    {
      "file_path": "/media/NFS/ttao/scannet/posed_images/scene0332_02/00000.jpg",
      "transform_matrix": [
        [
          0.24234,
          0.588789,
          -0.771103,
          1.461187
        ],
        [
          0.965067,
          -0.227877,
          0.129299,
          1.714127
        ],
        [
          -0.099587,
          -0.7755,
          -0.623444,
          1.332217
        ],
        [
          0.0,
          0.0,
          0.0,
          1.0
        ]
      ]
    },
    {
      "file_path": "/media/NFS/ttao/scannet/posed_images/scene0332_02/00007.jpg",
      "transform_matrix": [
        [
          0.214936,
          0.615288,
          -0.758435,
          1.455727
        ],
        [
          0.970486,
          -0.221522,
          0.095318,
          1.720428
        ],
        [
          -0.109362,
          -0.756537,
          -0.644741,
          1.318732
        ],
        [
          0.0,
          0.0,
          0.0,
          1.0
        ]
      ]
    },
    {
      "file_path": "/media/NFS/ttao/scannet/posed_images/scene0332_02/00009.jpg",
      "transform_matrix": [
        [
          0.21259,
          0.620817,
          -0.75458,
          1.452369
        ],
        [
          0.971444,
          -0.217554,
          0.094699,
          1.719805
        ],
        [
          -0.105371,
          -0.753164,
          -0.649338,
          1.313666
        ],
        [
          0.0,
          0.0,
          0.0,
          1.0
        ]
      ]
    },
    {
      "file_path": "/media/NFS/ttao/scannet/posed_images/scene0332_02/00013.jpg",
      "transform_matrix": [
        [
          0.241261,
          0.64814,
          -0.722293,
          1.419048
        ],
        [
          0.966365,
          -0.228759,
          0.117512,
          1.708391
        ],
        [
          -0.089066,
          -0.726349,
          -0.68153,
          1.31963
        ],
        [
          0.0,
          0.0,
          0.0,
          1.0
        ]
      ]
    },
    {
      "file_path": "/media/NFS/ttao/scannet/posed_images/scene0332_02/00020.jpg",
      "transform_matrix": [
        [
          0.339142,
          0.644461,
          -0.685312,
          1.347408
        ],
        [
          0.938104,
          -0.286131,
          0.195166,
          1.696361
        ],
        [
          -0.070312,
          -0.709083,
          -0.70161,
          1.310639
        ],
        [
          0.0,
          0.0,
          0.0,
          1.0
        ]
      ]
    },
    {
      "file_path": "/media/NFS/ttao/scannet/posed_images/scene0332_02/00023.jpg",
      "transform_matrix": [
        [
          0.38766,
          0.604755,
          -0.695694,
          1.323945
        ],
        [
          0.918153,
          -0.320409,
          0.233094,
          1.693902
        ],
        [
          -0.081942,
          -0.729115,
          -0.679468,
          1.315814
        ],
        [
          0.0,
          0.0,
          0.0,
          1.0
        ]
      ]
    },
    {
      "file_path": "/media/NFS/ttao/scannet/posed_images/scene0332_02/00032.jpg",
      "transform_matrix": [
        [
          0.531049,
          0.529184,
          -0.661779,
          1.236325
        ],
        [
          0.844869,
          -0.390303,
          0.365869,
          1.671117
        ],
        [
          -0.064682,
          -0.753411,
          -0.654361,
          1.338943
        ],
        [
          0.0,
          0.0,
          0.0,
          1.0
        ]
      ]
    },
    {
      "file_path": "/media/NFS/ttao/scannet/posed_images/scene0332_02/00036.jpg",
      "transform_matrix": [
        [
          0.581894,
          0.506534,
          -0.636257,
          1.213504
        ],
        [
          0.811509,
          -0.413028,
          0.413355,
          1.67753
        ],
        [
          -0.053413,
          -0.756857,
          -0.651395,
          1.348985
        ],
        [
          0.0,
          0.0,
          0.0,
          1.0
        ]
      ]
    },
    {
      "file_path": "/media/NFS/ttao/scannet/posed_images/scene0332_02/00040.jpg",
      "transform_matrix": [
        [
          0.623312,
          0.486239,
          -0.612416,
          1.1874
        ],
        [
          0.780905,
          -0.427972,
          0.455003,
          1.676253
        ],
        [
          -0.040857,
          -0.761848,
          -0.646466,
          1.352902
        ],
        [
          0.0,
          0.0,
          0.0,
          1.0
        ]
      ]
    },
    {
      "file_path": "/media/NFS/ttao/scannet/posed_images/scene0332_02/00042.jpg",
      "transform_matrix": [
        [
          0.643558,
          0.476195,
          -0.599225,
          1.175499
        ],
        [
          0.764344,
          -0.440908,
          0.47051,
          1.68798
        ],
        [
          -0.040149,
          -0.760814,
          -0.647726,
          1.354832
        ],
        [
          0.0,
          0.0,
          0.0,
          1.0
        ]
      ]
    },
    {
      "file_path": "/media/NFS/ttao/scannet/posed_images/scene0332_02/00050.jpg",
      "transform_matrix": [
        [
          0.740906,
          0.410216,
          -0.531771,
          1.125956
        ],
        [
          0.670501,
          -0.497242,
          0.550617,
          1.75669
        ],
        [
          -0.038547,
          -0.764508,
          -0.64346,
          1.369933
        ],
        [
          0.0,
          0.0,
          0.0,
          1.0
        ]
      ]
    },
    {
      "file_path": "/media/NFS/ttao/scannet/posed_images/scene0332_02/00052.jpg",
      "transform_matrix": [
        [
          0.764183,
          0.385245,
          -0.517311,
          1.112729
        ],
        [
          0.643595,
          -0.508337,
          0.57217,
          1.775253
        ],
        [
          -0.042543,
          -0.770181,
          -0.636405,
          1.375193
        ],
        [
          0.0,
          0.0,
          0.0,
          1.0
        ]
      ]
    },
    {
      "file_path": "/media/NFS/ttao/scannet/posed_images/scene0332_02/00061.jpg",
      "transform_matrix": [
        [
          0.862523,
          0.292505,
          -0.41291,
          1.037451
        ],
        [
          0.505336,
          -0.540244,
          0.672883,
          1.830183
        ],
        [
          -0.02625,
          -0.789035,
          -0.613787,
          1.39385
        ],
        [
          0.0,
          0.0,
          0.0,
          1.0
        ]
      ]
    },
    {
      "file_path": "/media/NFS/ttao/scannet/posed_images/scene0332_02/00062.jpg",
      "transform_matrix": [
        [
          0.870533,
          0.28139,
          -0.403723,
          1.03003
        ],
        [
          0.491416,
          -0.540639,
          0.682803,
          1.830177
        ],
        [
          -0.026135,
          -0.792798,
          -0.608924,
          1.395085
        ],
        [
          0.0,
          0.0,
          0.0,
          1.0
        ]
      ]
    },
    {
      "file_path": "/media/NFS/ttao/scannet/posed_images/scene0332_02/00069.jpg",
      "transform_matrix": [
        [
          0.936322,
          0.16867,
          -0.307979,
          0.97041
        ],
        [
          0.348569,
          -0.55244,
          0.757172,
          1.83298
        ],
        [
          -0.042427,
          -0.816309,
          -0.576055,
          1.421014
        ],
        [
          0.0,
          0.0,
          0.0,
          1.0
        ]
      ]
    },
    {
      "file_path": "/media/NFS/ttao/scannet/posed_images/scene0332_02/00071.jpg",
      "transform_matrix": [
        [
          0.953524,
          0.131585,
          -0.271066,
          0.951237
        ],
        [
          0.298073,
          -0.543551,
          0.784668,
          1.858048
        ],
        [
          -0.044088,
          -0.828998,
          -0.557511,
          1.434881
        ],
        [
          0.0,
          0.0,
          0.0,
          1.0
        ]
      ]
    },
    {
      "file_path": "/media/NFS/ttao/scannet/posed_images/scene0332_02/00076.jpg",
      "transform_matrix": [
        [
          0.976635,
          0.052989,
          -0.208271,
          0.925641
        ],
        [
          0.203741,
          -0.536607,
          0.818867,
          1.860906
        ],
        [
          -0.068369,
          -0.842167,
          -0.534865,
          1.450952
        ],
        [
          0.0,
          0.0,
          0.0,
          1.0
        ]
      ]
    },
    {
      "file_path": "/media/NFS/ttao/scannet/posed_images/scene0332_02/00081.jpg",
      "transform_matrix": [
        [
          0.99058,
          0.003555,
          -0.136888,
          0.904081
        ],
        [
          0.119755,
          -0.507271,
          0.853426,
          1.86556
        ],
        [
          -0.066406,
          -0.86178,
          -0.502918,
          1.463784
        ],
        [
          0.0,
          0.0,
          0.0,
          1.0
        ]
      ]
    },
    {
      "file_path": "/media/NFS/ttao/scannet/posed_images/scene0332_02/00089.jpg",
      "transform_matrix": [
        [
          0.997335,
          -0.008394,
          -0.07247,
          0.907502
        ],
        [
          0.060807,
          -0.453215,
          0.889325,
          1.876863
        ],
        [
          -0.04031,
          -0.891362,
          -0.451497,
          1.499502
        ],
        [
          0.0,
          0.0,
          0.0,
          1.0
        ]
      ]
    },
    {
      "file_path": "/media/NFS/ttao/scannet/posed_images/scene0332_02/00091.jpg",
      "transform_matrix": [
        [
          0.998636,
          -0.017899,
          -0.049038,
          0.900794
        ],
        [
          0.036619,
          -0.429306,
          0.902417,
          1.871518
        ],
        [
          -0.037205,
          -0.902982,
          -0.428065,
          1.491962
        ],
        [
          0.0,
          0.0,
          0.0,
          1.0
        ]
      ]
    },
    {
      "file_path": "/media/NFS/ttao/scannet/posed_images/scene0332_02/00095.jpg",
      "transform_matrix": [
        [
          0.999728,
          -0.011037,
          -0.020545,
          0.907903
        ],
        [
          0.0139,
          -0.425377,
          0.90491,
          1.880423
        ],
        [
          -0.018727,
          -0.904949,
          -0.425108,
          1.504327
        ],
        [
          0.0,
          0.0,
          0.0,
          1.0
        ]
      ]
    },
    {
      "file_path": "/media/NFS/ttao/scannet/posed_images/scene0332_02/00099.jpg",
      "transform_matrix": [
        [
          0.999631,
          -0.025442,
          0.009538,
          0.927995
        ],
        [
          -0.018535,
          -0.381826,
          0.924048,
          1.884886
        ],
        [
          -0.019868,
          -0.923884,
          -0.382157,
          1.523048
        ],
        [
          0.0,
          0.0,
          0.0,
          1.0
        ]
      ]
    },
    {
      "file_path": "/media/NFS/ttao/scannet/posed_images/scene0332_02/00105.jpg",
      "transform_matrix": [
        [
          0.997485,
          -0.047741,
          0.052381,
          0.935057
        ],
        [
          -0.064607,
          -0.308649,
          0.948979,
          1.876885
        ],
        [
          -0.029138,
          -0.949977,
          -0.310957,
          1.534146
        ],
        [
          0.0,
          0.0,
          0.0,
          1.0
        ]
      ]
    },
    {
      "file_path": "/media/NFS/ttao/scannet/posed_images/scene0332_02/00110.jpg",
      "transform_matrix": [
        [
          0.995445,
          -0.059263,
          0.074685,
          0.937991
        ],
        [
          -0.088226,
          -0.27566,
          0.957198,
          1.879661
        ],
        [
          -0.036139,
          -0.959427,
          -0.279632,
          1.55405
        ],
        [
          0.0,
          0.0,
          0.0,
          1.0
        ]
      ]
    },
    {
      "file_path": "/media/NFS/ttao/scannet/posed_images/scene0332_02/00114.jpg",
      "transform_matrix": [
        [
          0.993518,
          -0.062356,
          0.09505,
          0.947276
        ],
        [
          -0.107774,
          -0.2507,
          0.962047,
          1.889876
        ],
        [
          -0.03616,
          -0.966054,
          -0.255795,
          1.558126
        ],
        [
          0.0,
          0.0,
          0.0,
          1.0
        ]
      ]
    },
    {
      "file_path": "/media/NFS/ttao/scannet/posed_images/scene0332_02/00120.jpg",
      "transform_matrix": [
        [
          0.991487,
          -0.063545,
          0.113648,
          0.950907
        ],
        [
          -0.124407,
          -0.204739,
          0.970879,
          1.893636
        ],
        [
          -0.038427,
          -0.976752,
          -0.210901,
          1.574799
        ],
        [
          0.0,
          0.0,
          0.0,
          1.0
        ]
      ]
    },
    {
      "file_path": "/media/NFS/ttao/scannet/posed_images/scene0332_02/00127.jpg",
      "transform_matrix": [
        [
          0.989294,
          -0.069671,
          0.128228,
          0.959956
        ],
        [
          -0.138759,
          -0.176985,
          0.974383,
          1.895003
        ],
        [
          -0.045191,
          -0.981745,
          -0.184758,
          1.570268
        ],
        [
          0.0,
          0.0,
          0.0,
          1.0
        ]
      ]
    },
    {
      "file_path": "/media/NFS/ttao/scannet/posed_images/scene0332_02/00128.jpg",
      "transform_matrix": [
        [
          0.989111,
          -0.068639,
          0.130188,
          0.961193
        ],
        [
          -0.14052,
          -0.177455,
          0.974045,
          1.896108
        ],
        [
          -0.043755,
          -0.981732,
          -0.185167,
          1.571492
        ],
        [
          0.0,
          0.0,
          0.0,
          1.0
        ]
      ]
    },
    {
      "file_path": "/media/NFS/ttao/scannet/posed_images/scene0332_02/00135.jpg",
      "transform_matrix": [
        [
          0.985646,
          -0.070583,
          0.153361,
          0.979172
        ],
        [
          -0.165489,
          -0.22425,
          0.960378,
          1.92643
        ],
        [
          -0.033395,
          -0.971972,
          -0.232712,
          1.555164
        ],
        [
          0.0,
          0.0,
          0.0,
          1.0
        ]
      ]
    },
    {
      "file_path": "/media/NFS/ttao/scannet/posed_images/scene0332_02/00141.jpg",
      "transform_matrix": [
        [
          0.989984,
          -0.071625,
          0.121665,
          1.018037
        ],
        [
          -0.136874,
          -0.275647,
          0.951464,
          1.975591
        ],
        [
          -0.034612,
          -0.958587,
          -0.28269,
          1.530813
        ],
        [
          0.0,
          0.0,
          0.0,
          1.0
        ]
      ]
    },
    {
      "file_path": "/media/NFS/ttao/scannet/posed_images/scene0332_02/00146.jpg",
      "transform_matrix": [
        [
          0.994607,
          -0.063578,
          0.081939,
          1.049478
        ],
        [
          -0.097431,
          -0.302035,
          0.948305,
          2.016995
        ],
        [
          -0.035543,
          -0.951174,
          -0.3066,
          1.509941
        ],
        [
          0.0,
          0.0,
          0.0,
          1.0
        ]
      ]
    },
    {
      "file_path": "/media/NFS/ttao/scannet/posed_images/scene0332_02/00151.jpg",
      "transform_matrix": [
        [
          0.997624,
          -0.03718,
          0.057995,
          1.073073
        ],
        [
          -0.067134,
          -0.335884,
          0.939508,
          2.06679
        ],
        [
          -0.015452,
          -0.94117,
          -0.337582,
          1.479044
        ],
        [
          0.0,
          0.0,
          0.0,
          1.0
        ]
      ]
    },
    {
      "file_path": "/media/NFS/ttao/scannet/posed_images/scene0332_02/00154.jpg",
      "transform_matrix": [
        [
          0.997737,
          -0.032246,
          0.059002,
          1.07807
        ],
        [
          -0.06659,
          -0.352216,
          0.933547,
          2.093485
        ],
        [
          -0.009322,
          -0.935363,
          -0.353566,
          1.46592
        ],
        [
          0.0,
          0.0,
          0.0,
          1.0
        ]
      ]
    },
    {
      "file_path": "/media/NFS/ttao/scannet/posed_images/scene0332_02/00161.jpg",
      "transform_matrix": [
        [
          0.989344,
          -0.059549,
          0.13286,
          1.048444
        ],
        [
          -0.145534,
          -0.377979,
          0.914305,
          2.174213
        ],
        [
          -0.004228,
          -0.923897,
          -0.382617,
          1.45648
        ],
        [
          0.0,
          0.0,
          0.0,
          1.0
        ]
      ]
    },
    {
      "file_path": "/media/NFS/ttao/scannet/posed_images/scene0332_02/00163.jpg",
      "transform_matrix": [
        [
          0.985069,
          -0.079555,
          0.152677,
          1.034611
        ],
        [
          -0.171575,
          -0.380585,
          0.90869,
          2.1968
        ],
        [
          -0.014184,
          -0.921317,
          -0.388552,
          1.460195
        ],
        [
          0.0,
          0.0,
          0.0,
          1.0
        ]
      ]
    },
    {
      "file_path": "/media/NFS/ttao/scannet/posed_images/scene0332_02/00170.jpg",
      "transform_matrix": [
        [
          0.966799,
          -0.125573,
          0.222557,
          0.964263
        ],
        [
          -0.254338,
          -0.388541,
          0.885634,
          2.269063
        ],
        [
          -0.02474,
          -0.912835,
          -0.407579,
          1.465433
        ],
        [
          0.0,
          0.0,
          0.0,
          1.0
        ]
      ]
    },
    {
      "file_path": "/media/NFS/ttao/scannet/posed_images/scene0332_02/00171.jpg",
      "transform_matrix": [
        [
          0.963637,
          -0.131842,
          0.232427,
          0.955994
        ],
        [
          -0.265967,
          -0.389205,
          0.881919,
          2.278422
        ],
        [
          -0.025813,
          -0.911667,
          -0.410118,
          1.466936
        ],
        [
          0.0,
          0.0,
          0.0,
          1.0
        ]
      ]
    },
    {
      "file_path": "/media/NFS/ttao/scannet/posed_images/scene0332_02/00179.jpg",
      "transform_matrix": [
        [
          0.946088,
          -0.158725,
          0.282355,
          0.913005
        ],
        [
          -0.323106,
          -0.401083,
          0.857167,
          2.334566
        ],
        [
          -0.022806,
          -0.902186,
          -0.430744,
          1.467237
        ],
        [
          0.0,
          0.0,
          0.0,
          1.0
        ]
      ]
    },
    {
      "file_path": "/media/NFS/ttao/scannet/posed_images/scene0332_02/00183.jpg",
      "transform_matrix": [
        [
          0.94421,
          -0.147523,
          0.294455,
          0.90831
        ],
        [
          -0.32924,
          -0.400387,
          0.855156,
          2.35906
        ],
        [
          -0.008259,
          -0.904394,
          -0.426619,
          1.457224
        ],
        [
          0.0,
          0.0,
          0.0,
          1.0
        ]
      ]
    },
    {
      "file_path": "/media/NFS/ttao/scannet/posed_images/scene0332_02/00186.jpg",
      "transform_matrix": [
        [
          0.944677,
          -0.148976,
          0.292218,
          0.912717
        ],
        [
          -0.327868,
          -0.403443,
          0.854246,
          2.377624
        ],
        [
          -0.009369,
          -0.902796,
          -0.429968,
          1.455505
        ],
        [
          0.0,
          0.0,
          0.0,
          1.0
        ]
      ]
    },
    {
      "file_path": "/media/NFS/ttao/scannet/posed_images/scene0332_02/00195.jpg",
      "transform_matrix": [
        [
          0.948906,
          -0.155346,
          0.274672,
          0.929147
        ],
        [
          -0.31479,
          -0.405314,
          0.85827,
          2.444221
        ],
        [
          -0.022001,
          -0.900882,
          -0.433507,
          1.452287
        ],
        [
          0.0,
          0.0,
          0.0,
          1.0
        ]
      ]
    },
    {
      "file_path": "/media/NFS/ttao/scannet/posed_images/scene0332_02/00199.jpg",
      "transform_matrix": [
        [
          0.94573,
          -0.150337,
          0.288085,
          0.939069
        ],
        [
          -0.324881,
          -0.418761,
          0.847993,
          2.471906
        ],
        [
          -0.006846,
          -0.895566,
          -0.444876,
          1.451445
        ],
        [
          0.0,
          0.0,
          0.0,
          1.0
        ]
      ]
    },
    {
      "file_path": "/media/NFS/ttao/scannet/posed_images/scene0332_02/00200.jpg",
      "transform_matrix": [
        [
          0.944572,
          -0.14777,
          0.293167,
          0.937826
        ],
        [
          -0.328303,
          -0.426288,
          0.842909,
          2.47928
        ],
        [
          0.000417,
          -0.892436,
          -0.451173,
          1.452694
        ],
        [
          0.0,
          0.0,
          0.0,
          1.0
        ]
      ]
    },
    {
      "file_path": "/media/NFS/ttao/scannet/posed_images/scene0332_02/00206.jpg",
      "transform_matrix": [
        [
          0.938617,
          -0.14699,
          0.312078,
          0.933453
        ],
        [
          -0.344681,
          -0.43614,
          0.831251,
          2.500074
        ],
        [
          0.013924,
          -0.887793,
          -0.460032,
          1.454374
        ],
        [
          0.0,
          0.0,
          0.0,
          1.0
        ]
      ]
    },
    {
      "file_path": "/media/NFS/ttao/scannet/posed_images/scene0332_02/00210.jpg",
      "transform_matrix": [
        [
          0.924675,
          -0.131759,
          0.357232,
          0.909675
        ],
        [
          -0.378433,
          -0.421509,
          0.824087,
          2.515866
        ],
        [
          0.041996,
          -0.897201,
          -0.439621,
          1.45249
        ],
        [
          0.0,
          0.0,
          0.0,
          1.0
        ]
      ]
    },
    {
      "file_path": "/media/NFS/ttao/scannet/posed_images/scene0332_02/00218.jpg",
      "transform_matrix": [
        [
          0.890085,
          -0.20305,
          0.408069,
          0.874439
        ],
        [
          -0.455593,
          -0.422999,
          0.783267,
          2.545624
        ],
        [
          0.01357,
          -0.883087,
          -0.469013,
          1.46109
        ],
        [
          0.0,
          0.0,
          0.0,
          1.0
        ]
      ]
    },
    {
      "file_path": "/media/NFS/ttao/scannet/posed_images/scene0332_02/00220.jpg",
      "transform_matrix": [
        [
          0.87725,
          -0.217474,
          0.427946,
          0.859986
        ],
        [
          -0.479902,
          -0.418275,
          0.771194,
          2.55477
        ],
        [
          0.011284,
          -0.881902,
          -0.471298,
          1.453964
        ],
        [
          0.0,
          0.0,
          0.0,
          1.0
        ]
      ]
    },
    {
      "file_path": "/media/NFS/ttao/scannet/posed_images/scene0332_02/00228.jpg",
      "transform_matrix": [
        [
          0.837093,
          -0.25461,
          0.484199,
          0.831887
        ],
        [
          -0.547056,
          -0.386213,
          0.742678,
          2.556798
        ],
        [
          -0.002089,
          -0.886574,
          -0.462582,
          1.455012
        ],
        [
          0.0,
          0.0,
          0.0,
          1.0
        ]
      ]
    },
    {
      "file_path": "/media/NFS/ttao/scannet/posed_images/scene0332_02/00229.jpg",
      "transform_matrix": [
        [
          0.832276,
          -0.256745,
          0.491324,
          0.827611
        ],
        [
          -0.55436,
          -0.383092,
          0.738868,
          2.557282
        ],
        [
          -0.001478,
          -0.887312,
          -0.461167,
          1.456246
        ],
        [
          0.0,
          0.0,
          0.0,
          1.0
        ]
      ]
    },
    {
      "file_path": "/media/NFS/ttao/scannet/posed_images/scene0332_02/00236.jpg",
      "transform_matrix": [
        [
          0.787101,
          -0.285764,
          0.546636,
          0.808656
        ],
        [
          -0.616729,
          -0.34902,
          0.705571,
          2.557694
        ],
        [
          -0.01084,
          -0.892482,
          -0.450953,
          1.463307
        ],
        [
          0.0,
          0.0,
          0.0,
          1.0
        ]
      ]
    },
    {
      "file_path": "/media/NFS/ttao/scannet/posed_images/scene0332_02/00239.jpg",
      "transform_matrix": [
        [
          0.774126,
          -0.293409,
          0.560928,
          0.809723
        ],
        [
          -0.632914,
          -0.341575,
          0.6948,
          2.553384
        ],
        [
          -0.012262,
          -0.892882,
          -0.450125,
          1.464355
        ],
        [
          0.0,
          0.0,
          0.0,
          1.0
        ]
      ]
    },
    {
      "file_path": "/media/NFS/ttao/scannet/posed_images/scene0332_02/00248.jpg",
      "transform_matrix": [
        [
          0.714436,
          -0.315692,
          0.624436,
          0.834591
        ],
        [
          -0.699446,
          -0.298092,
          0.649552,
          2.542414
        ],
        [
          -0.018919,
          -0.900822,
          -0.433776,
          1.474203
        ],
        [
          0.0,
          0.0,
          0.0,
          1.0
        ]
      ]
    },
    {
      "file_path": "/media/NFS/ttao/scannet/posed_images/scene0332_02/00252.jpg",
      "transform_matrix": [
        [
          0.690139,
          -0.330272,
          0.643916,
          0.854922
        ],
        [
          -0.722908,
          -0.273621,
          0.634458,
          2.533059
        ],
        [
          -0.033355,
          -0.903356,
          -0.427593,
          1.477674
        ],
        [
          0.0,
          0.0,
          0.0,
          1.0
        ]
      ]
    },
    {
      "file_path": "/media/NFS/ttao/scannet/posed_images/scene0332_02/00256.jpg",
      "transform_matrix": [
        [
          0.661824,
          -0.342047,
          0.667078,
          0.890944
        ],
        [
          -0.748643,
          -0.255237,
          0.611873,
          2.521084
        ],
        [
          -0.039026,
          -0.904355,
          -0.424993,
          1.483866
        ],
        [
          0.0,
          0.0,
          0.0,
          1.0
        ]
      ]
    },
    {
      "file_path": "/media/NFS/ttao/scannet/posed_images/scene0332_02/00259.jpg",
      "transform_matrix": [
        [
          0.642931,
          -0.344135,
          0.684259,
          0.914274
        ],
        [
          -0.76519,
          -0.249486,
          0.5935,
          2.514685
        ],
        [
          -0.033531,
          -0.905168,
          -0.42373,
          1.483863
        ],
        [
          0.0,
          0.0,
          0.0,
          1.0
        ]
      ]
    },
    {
      "file_path": "/media/NFS/ttao/scannet/posed_images/scene0332_02/00267.jpg",
      "transform_matrix": [
        [
          0.603658,
          -0.360431,
          0.711116,
          0.990914
        ],
        [
          -0.79579,
          -0.218575,
          0.56475,
          2.490898
        ],
        [
          -0.048121,
          -0.906815,
          -0.418772,
          1.481072
        ],
        [
          0.0,
          0.0,
          0.0,
          1.0
        ]
      ]
    },
    {
      "file_path": "/media/NFS/ttao/scannet/posed_images/scene0332_02/00271.jpg",
      "transform_matrix": [
        [
          0.584507,
          -0.371897,
          0.721141,
          1.035072
        ],
        [
          -0.809566,
          -0.207763,
          0.549034,
          2.479481
        ],
        [
          -0.054358,
          -0.904725,
          -0.422514,
          1.481735
        ],
        [
          0.0,
          0.0,
          0.0,
          1.0
        ]
      ]
    },
    {
      "file_path": "/media/NFS/ttao/scannet/posed_images/scene0332_02/00277.jpg",
      "transform_matrix": [
        [
          0.561855,
          -0.381272,
          0.734132,
          1.113156
        ],
        [
          -0.825506,
          -0.201059,
          0.527367,
          2.459532
        ],
        [
          -0.053466,
          -0.902334,
          -0.427709,
          1.475181
        ],
        [
          0.0,
          0.0,
          0.0,
          1.0
        ]
      ]
    },
    {
      "file_path": "/media/NFS/ttao/scannet/posed_images/scene0332_02/00278.jpg",
      "transform_matrix": [
        [
          0.562379,
          -0.380611,
          0.734075,
          1.123078
        ],
        [
          -0.825218,
          -0.20208,
          0.527427,
          2.455249
        ],
        [
          -0.052403,
          -0.902385,
          -0.427733,
          1.472103
        ],
        [
          0.0,
          0.0,
          0.0,
          1.0
        ]
      ]
    },
    {
      "file_path": "/media/NFS/ttao/scannet/posed_images/scene0332_02/00285.jpg",
      "transform_matrix": [
        [
          0.546719,
          -0.405286,
          0.732694,
          1.20682
        ],
        [
          -0.834796,
          -0.195995,
          0.514492,
          2.434422
        ],
        [
          -0.064912,
          -0.892933,
          -0.445486,
          1.471993
        ],
        [
          0.0,
          0.0,
          0.0,
          1.0
        ]
      ]
    },
    {
      "file_path": "/media/NFS/ttao/scannet/posed_images/scene0332_02/00287.jpg",
      "transform_matrix": [
        [
          0.541018,
          -0.410463,
          0.734043,
          1.227709
        ],
        [
          -0.838297,
          -0.193135,
          0.50986,
          2.432964
        ],
        [
          -0.067509,
          -0.891189,
          -0.44858,
          1.467609
        ],
        [
          0.0,
          0.0,
          0.0,
          1.0
        ]
      ]
    },
    {
      "file_path": "/media/NFS/ttao/scannet/posed_images/scene0332_02/00295.jpg",
      "transform_matrix": [
        [
          0.527524,
          -0.441918,
          0.725553,
          1.325235
        ],
        [
          -0.845653,
          -0.191548,
          0.498177,
          2.44866
        ],
        [
          -0.081175,
          -0.876366,
          -0.474755,
          1.447369
        ],
        [
          0.0,
          0.0,
          0.0,
          1.0
        ]
      ]
    },
    {
      "file_path": "/media/NFS/ttao/scannet/posed_images/scene0332_02/00300.jpg",
      "transform_matrix": [
        [
          0.494002,
          -0.428269,
          0.756669,
          1.414473
        ],
        [
          -0.868092,
          -0.194129,
          0.45687,
          2.490491
        ],
        [
          -0.048772,
          -0.882553,
          -0.467677,
          1.441907
        ],
        [
          0.0,
          0.0,
          0.0,
          1.0
        ]
      ]
    },
    {
      "file_path": "/media/NFS/ttao/scannet/posed_images/scene0332_02/00301.jpg",
      "transform_matrix": [
        [
          0.488476,
          -0.429039,
          0.759814,
          1.428598
        ],
        [
          -0.87132,
          -0.193102,
          0.451124,
          2.497906
        ],
        [
          -0.046828,
          -0.882404,
          -0.468156,
          1.440116
        ],
        [
          0.0,
          0.0,
          0.0,
          1.0
        ]
      ]
    },
    {
      "file_path": "/media/NFS/ttao/scannet/posed_images/scene0332_02/00307.jpg",
      "transform_matrix": [
        [
          0.443516,
          -0.441337,
          0.780073,
          1.520277
        ],
        [
          -0.89497,
          -0.171282,
          0.411936,
          2.531631
        ],
        [
          -0.04819,
          -0.880843,
          -0.47095,
          1.43605
        ],
        [
          0.0,
          0.0,
          0.0,
          1.0
        ]
      ]
    },
    {
      "file_path": "/media/NFS/ttao/scannet/posed_images/scene0332_02/00313.jpg",
      "transform_matrix": [
        [
          0.383742,
          -0.477865,
          0.790182,
          1.594666
        ],
        [
          -0.920892,
          -0.134511,
          0.365875,
          2.556951
        ],
        [
          -0.068551,
          -0.868074,
          -0.491679,
          1.444625
        ],
        [
          0.0,
          0.0,
          0.0,
          1.0
        ]
      ]
    },
    {
      "file_path": "/media/NFS/ttao/scannet/posed_images/scene0332_02/00316.jpg",
      "transform_matrix": [
        [
          0.344217,
          -0.468741,
          0.813509,
          1.639699
        ],
        [
          -0.937145,
          -0.118734,
          0.328118,
          2.559691
        ],
        [
          -0.057211,
          -0.87532,
          -0.480148,
          1.445472
        ],
        [
          0.0,
          0.0,
          0.0,
          1.0
        ]
      ]
    },
    {
      "file_path": "/media/NFS/ttao/scannet/posed_images/scene0332_02/00323.jpg",
      "transform_matrix": [
        [
          0.320566,
          -0.465196,
          0.825124,
          1.701936
        ],
        [
          -0.945438,
          -0.103636,
          0.308881,
          2.558901
        ],
        [
          -0.058178,
          -0.87912,
          -0.473036,
          1.448731
        ],
        [
          0.0,
          0.0,
          0.0,
          1.0
        ]
      ]
    },
    {
      "file_path": "/media/NFS/ttao/scannet/posed_images/scene0332_02/00326.jpg",
      "transform_matrix": [
        [
          0.326442,
          -0.481635,
          0.813304,
          1.726208
        ],
        [
          -0.942578,
          -0.101626,
          0.318148,
          2.555858
        ],
        [
          -0.070578,
          -0.87046,
          -0.487154,
          1.446566
        ],
        [
          0.0,
          0.0,
          0.0,
          1.0
        ]
      ]
    },
    {
      "file_path": "/media/NFS/ttao/scannet/posed_images/scene0332_02/00330.jpg",
      "transform_matrix": [
        [
          0.323068,
          -0.466127,
          0.823622,
          1.785437
        ],
        [
          -0.943089,
          -0.086098,
          0.321202,
          2.539623
        ],
        [
          -0.078809,
          -0.880518,
          -0.467415,
          1.4516
        ],
        [
          0.0,
          0.0,
          0.0,
          1.0
        ]
      ]
    },
    {
      "file_path": "/media/NFS/ttao/scannet/posed_images/scene0332_02/00336.jpg",
      "transform_matrix": [
        [
          0.300363,
          -0.444525,
          0.843908,
          1.855937
        ],
        [
          -0.949773,
          -0.057919,
          0.307534,
          2.517674
        ],
        [
          -0.087828,
          -0.893892,
          -0.439594,
          1.467895
        ],
        [
          0.0,
          0.0,
          0.0,
          1.0
        ]
      ]
    },
    {
      "file_path": "/media/NFS/ttao/scannet/posed_images/scene0332_02/00342.jpg",
      "transform_matrix": [
        [
          0.297709,
          -0.426089,
          0.854293,
          1.924532
        ],
        [
          -0.948867,
          -0.033667,
          0.313875,
          2.48831
        ],
        [
          -0.104977,
          -0.904055,
          -0.414325,
          1.483167
        ],
        [
          0.0,
          0.0,
          0.0,
          1.0
        ]
      ]
    },
    {
      "file_path": "/media/NFS/ttao/scannet/posed_images/scene0332_02/00349.jpg",
      "transform_matrix": [
        [
          0.300353,
          -0.403748,
          0.864161,
          1.980749
        ],
        [
          -0.948989,
          -0.035346,
          0.313323,
          2.473319
        ],
        [
          -0.095959,
          -0.914187,
          -0.393769,
          1.486266
        ],
        [
          0.0,
          0.0,
          0.0,
          1.0
        ]
      ]
    },
    {
      "file_path": "/media/NFS/ttao/scannet/posed_images/scene0332_02/00350.jpg",
      "transform_matrix": [
        [
          0.30114,
          -0.404384,
          0.863591,
          1.983736
        ],
        [
          -0.948514,
          -0.033798,
          0.314927,
          2.472903
        ],
        [
          -0.098164,
          -0.913965,
          -0.393741,
          1.485875
        ],
        [
          0.0,
          0.0,
          0.0,
          1.0
        ]
      ]
    },
    {
      "file_path": "/media/NFS/ttao/scannet/posed_images/scene0332_02/00357.jpg",
      "transform_matrix": [
        [
          0.28544,
          -0.412432,
          0.865115,
          2.027988
        ],
        [
          -0.951196,
          -0.011463,
          0.308377,
          2.475431
        ],
        [
          -0.117268,
          -0.910916,
          -0.395575,
          1.498416
        ],
        [
          0.0,
          0.0,
          0.0,
          1.0
        ]
      ]
    },
    {
      "file_path": "/media/NFS/ttao/scannet/posed_images/scene0332_02/00359.jpg",
      "transform_matrix": [
        [
          0.276186,
          -0.410998,
          0.868794,
          2.037592
        ],
        [
          -0.954027,
          -0.007735,
          0.299623,
          2.47964
        ],
        [
          -0.116424,
          -0.911604,
          -0.394239,
          1.503237
        ],
        [
          0.0,
          0.0,
          0.0,
          1.0
        ]
      ]
    },
    {
      "file_path": "/media/NFS/ttao/scannet/posed_images/scene0332_02/00367.jpg",
      "transform_matrix": [
        [
          0.203232,
          -0.404548,
          0.891649,
          2.082455
        ],
        [
          -0.97376,
          0.011738,
          0.227274,
          2.5144
        ],
        [
          -0.10241,
          -0.914441,
          -0.391547,
          1.505331
        ],
        [
          0.0,
          0.0,
          0.0,
          1.0
        ]
      ]
    },
    {
      "file_path": "/media/NFS/ttao/scannet/posed_images/scene0332_02/00372.jpg",
      "transform_matrix": [
        [
          0.163678,
          -0.399743,
          0.901895,
          2.10991
        ],
        [
          -0.984238,
          -0.0041,
          0.176805,
          2.557511
        ],
        [
          -0.066978,
          -0.916618,
