{
  "frames": [
    {
      "file_path": "/media/NFS/ttao/scannet/posed_images/scene0298_00/00000.jpg",
      "transform_matrix": [
        [
          0.982842,
          -0.148442,
          0.109486,
          3.392272
        ],
        [
          -0.176667,
          -0.586968,
          0.7901,
          1.228485
        ],
        [
          -0.05302,
          -0.795885,
          -0.603122,
          1.398038
        ],
        [
          0.0,
          0.0,
          0.0,
          1.0
        ]
      ]
    },
    {
      "file_path": "/media/NFS/ttao/scannet/posed_images/scene0298_00/00002.jpg",
      "transform_matrix": [
        [
          0.982704,
          -0.144738,
          0.115518,
          3.388484
        ],
        [
          -0.179164,
          -0.585316,
          0.790763,
          1.233873
        ],
        [
          -0.046839,
          -0.797782,
          -0.601124,
          1.407869
        ],
        [
          0.0,
          0.0,
          0.0,
          1.0
        ]
      ]
    },
    {
      "file_path": "/media/NFS/ttao/scannet/posed_images/scene0298_00/00007.jpg",
      "transform_matrix": [
        [
          0.983814,
          -0.136574,
          0.11601,
          3.384286
        ],
        [
          -0.17397,
          -0.572765,
          0.801046,
          1.233679
        ],
        [
          -0.042956,
          -0.808262,
          -0.587254,
          1.408267
        ],
        [
          0.0,
          0.0,
          0.0,
          1.0
        ]
      ]
    },
    {
      "file_path": "/media/NFS/ttao/scannet/posed_images/scene0298_00/00009.jpg",
      "transform_matrix": [
        [
          0.983917,
          -0.133851,
          0.118283,
          3.381846
        ],
        [
          -0.174115,
          -0.570807,
          0.802411,
          1.235636
        ],
        [
          -0.039887,
          -0.810101,
          -0.584932,
          1.409947
        ],
        [
          0.0,
          0.0,
          0.0,
          1.0
        ]
      ]
    },
    {
      "file_path": "/media/NFS/ttao/scannet/posed_images/scene0298_00/00010.jpg",
      "transform_matrix": [
        [
          0.984091,
          -0.133324,
          0.117427,
          3.385555
        ],
        [
          -0.173003,
          -0.568707,
          0.804141,
          1.234819
        ],
        [
          -0.040429,
          -0.811663,
          -0.582725,
          1.413325
        ],
        [
          0.0,
          0.0,
          0.0,
          1.0
        ]
      ]
    },
    {
      "file_path": "/media/NFS/ttao/scannet/posed_images/scene0298_00/00013.jpg",
      "transform_matrix": [
        [
          0.982365,
          -0.130497,
          0.133904,
          3.391445
        ],
        [
          -0.184268,
          -0.554259,
          0.811691,
          1.239
        ],
        [
          -0.031706,
          -0.822051,
          -0.568531,
          1.428198
        ],
        [
          0.0,
          0.0,
          0.0,
          1.0
        ]
      ]
    },
    {
      "file_path": "/media/NFS/ttao/scannet/posed_images/scene0298_00/00016.jpg",
      "transform_matrix": [
        [
          0.977571,
          -0.142463,
          0.155108,
          3.408321
        ],
        [
          -0.207073,
          -0.515882,
          0.831256,
          1.239479
        ],
        [
          -0.038405,
          -0.844731,
          -0.533812,
          1.442682
        ],
        [
          0.0,
          0.0,
          0.0,
          1.0
        ]
      ]
    },
    {
      "file_path": "/media/NFS/ttao/scannet/posed_images/scene0298_00/00019.jpg",
      "transform_matrix": [
        [
          0.971742,
          -0.153558,
          0.179268,
          3.41778
        ],
        [
          -0.23221,
          -0.485561,
          0.842798,
          1.240633
        ],
        [
          -0.042372,
          -0.86061,
          -0.507498,
          1.45867
        ],
        [
          0.0,
          0.0,
          0.0,
          1.0
        ]
      ]
    },
    {
      "file_path": "/media/NFS/ttao/scannet/posed_images/scene0298_00/00022.jpg",
      "transform_matrix": [
        [
          0.966511,
          -0.162815,
          0.198364,
          3.425434
        ],
        [
          -0.252088,
          -0.457626,
          0.852661,
          1.240189
        ],
        [
          -0.048049,
          -0.874111,
          -0.483344,
          1.466877
        ],
        [
          0.0,
          0.0,
          0.0,
          1.0
        ]
      ]
    },
    {
      "file_path": "/media/NFS/ttao/scannet/posed_images/scene0298_00/00024.jpg",
      "transform_matrix": [
        [
          0.962282,
          -0.171406,
          0.211267,
          3.430029
        ],
        [
          -0.266561,
          -0.438753,
          0.858161,
          1.240511
        ],
        [
          -0.0544,
          -0.882109,
          -0.467894,
          1.475497
        ],
        [
          0.0,
          0.0,
          0.0,
          1.0
        ]
      ]
    },
    {
      "file_path": "/media/NFS/ttao/scannet/posed_images/scene0298_00/00028.jpg",
      "transform_matrix": [
        [
          0.949887,
          -0.181224,
          0.254699,
          3.43844
        ],
        [
          -0.308413,
          -0.410534,
          0.858104,
          1.240535
        ],
        [
          -0.050947,
          -0.893655,
          -0.445853,
          1.487849
        ],
        [
          0.0,
          0.0,
          0.0,
          1.0
        ]
      ]
    },
    {
      "file_path": "/media/NFS/ttao/scannet/posed_images/scene0298_00/00029.jpg",
      "transform_matrix": [
        [
          0.9466,
          -0.181376,
          0.266554,
          3.441978
        ],
        [
          -0.318886,
          -0.4048,
          0.857,
          1.23994
        ],
        [
          -0.047538,
          -0.896236,
          -0.441023,
          1.487711
        ],
        [
          0.0,
          0.0,
          0.0,
          1.0
        ]
      ]
    },
    {
      "file_path": "/media/NFS/ttao/scannet/posed_images/scene0298_00/00032.jpg",
      "transform_matrix": [
        [
          0.93814,
          -0.176633,
          0.297816,
          3.457618
        ],
        [
          -0.344799,
          -0.397692,
          0.850268,
          1.237526
        ],
        [
          -0.031747,
          -0.900356,
          -0.433994,
          1.491073
        ],
        [
          0.0,
          0.0,
          0.0,
          1.0
        ]
      ]
    },
    {
      "file_path": "/media/NFS/ttao/scannet/posed_images/scene0298_00/00034.jpg",
      "transform_matrix": [
        [
          0.930942,
          -0.176,
          0.319954,
          3.462
        ],
        [
          -0.364517,
          -0.395662,
          0.842958,
          1.236343
        ],
        [
          -0.021767,
          -0.901374,
          -0.432494,
          1.48693
        ],
        [
          0.0,
          0.0,
          0.0,
          1.0
        ]
      ]
    },
    {
      "file_path": "/media/NFS/ttao/scannet/posed_images/scene0298_00/00039.jpg",
      "transform_matrix": [
        [
          0.907448,
          -0.186983,
          0.376266,
          3.486454
        ],
        [
          -0.419991,
          -0.377905,
          0.825103,
          1.235316
        ],
        [
          -0.012087,
          -0.906766,
          -0.421461,
          1.486905
        ],
        [
          0.0,
          0.0,
          0.0,
          1.0
        ]
      ]
    },
    {
      "file_path": "/media/NFS/ttao/scannet/posed_images/scene0298_00/00041.jpg",
      "transform_matrix": [
        [
          0.896508,
          -0.186651,
          0.401789,
          3.490338
        ],
        [
          -0.44294,
          -0.359684,
          0.821238,
          1.232676
        ],
        [
          -0.008767,
          -0.914215,
          -0.405135,
          1.488101
        ],
        [
          0.0,
          0.0,
          0.0,
          1.0
        ]
      ]
    },
    {
      "file_path": "/media/NFS/ttao/scannet/posed_images/scene0298_00/00043.jpg",
      "transform_matrix": [
        [
          0.887066,
          -0.189218,
          0.421082,
          3.49908
        ],
        [
          -0.4616,
          -0.351276,
          0.814574,
          1.228138
        ],
        [
          -0.006216,
          -0.916952,
          -0.398949,
          1.486026
        ],
        [
          0.0,
          0.0,
          0.0,
          1.0
        ]
      ]
    },
    {
      "file_path": "/media/NFS/ttao/scannet/posed_images/scene0298_00/00046.jpg",
      "transform_matrix": [
        [
          0.871675,
          -0.200425,
          0.447227,
          3.507208
        ],
        [
          -0.490014,
          -0.341015,
          0.802244,
          1.226594
        ],
        [
          -0.008279,
          -0.918443,
          -0.395466,
          1.485322
        ],
        [
          0.0,
          0.0,
          0.0,
          1.0
        ]
      ]
    },
    {
      "file_path": "/media/NFS/ttao/scannet/posed_images/scene0298_00/00048.jpg",
      "transform_matrix": [
        [
          0.862458,
          -0.207722,
          0.461538,
          3.511509
        ],
        [
          -0.506037,
          -0.336611,
          0.794116,
          1.226746
        ],
        [
          -0.009597,
          -0.918447,
          -0.395428,
          1.486016
        ],
        [
          0.0,
          0.0,
          0.0,
          1.0
        ]
      ]
    },
    {
      "file_path": "/media/NFS/ttao/scannet/posed_images/scene0298_00/00051.jpg",
      "transform_matrix": [
        [
          0.850141,
          -0.219074,
          0.478819,
          3.516775
        ],
        [
          -0.526438,
          -0.334346,
          0.781714,
          1.22773
        ],
        [
          -0.011163,
          -0.916635,
          -0.39957,
          1.484992
        ],
        [
          0.0,
          0.0,
          0.0,
          1.0
        ]
      ]
    },
    {
      "file_path": "/media/NFS/ttao/scannet/posed_images/scene0298_00/00054.jpg",
      "transform_matrix": [
        [
          0.839868,
          -0.23055,
          0.491394,
          3.520594
        ],
        [
          -0.542616,
          -0.333689,
          0.770856,
          1.226951
        ],
        [
          -0.013748,
          -0.914056,
          -0.405355,
          1.481556
        ],
        [
          0.0,
          0.0,
          0.0,
          1.0
        ]
      ]
    },
    {
      "file_path": "/media/NFS/ttao/scannet/posed_images/scene0298_00/00058.jpg",
      "transform_matrix": [
        [
          0.824922,
          -0.242278,
          0.510691,
          3.530472
        ],
        [
          -0.565094,
          -0.332471,
          0.755071,
          1.225693
        ],
        [
          -0.013147,
          -0.911463,
          -0.411172,
          1.482254
        ],
        [
          0.0,
          0.0,
          0.0,
          1.0
        ]
      ]
    },
    {
      "file_path": "/media/NFS/ttao/scannet/posed_images/scene0298_00/00059.jpg",
      "transform_matrix": [
        [
          0.821984,
          -0.242688,
          0.515213,
          3.530259
        ],
        [
          -0.569378,
          -0.330642,
          0.752652,
          1.224011
        ],
        [
          -0.012309,
          -0.912019,
          -0.409964,
          1.480684
        ],
        [
          0.0,
          0.0,
          0.0,
          1.0
        ]
      ]
    },
    {
      "file_path": "/media/NFS/ttao/scannet/posed_images/scene0298_00/00061.jpg",
      "transform_matrix": [
        [
          0.816945,
          -0.248406,
          0.520475,
          3.537344
        ],
        [
          -0.576548,
          -0.330083,
          0.747421,
          1.223998
        ],
        [
          -0.013864,
          -0.910681,
          -0.412878,
          1.482469
        ],
        [
          0.0,
          0.0,
          0.0,
          1.0
        ]
      ]
    },
    {
      "file_path": "/media/NFS/ttao/scannet/posed_images/scene0298_00/00066.jpg",
      "transform_matrix": [
        [
          0.80097,
          -0.25814,
          0.540195,
          3.543646
        ],
        [
          -0.598666,
          -0.335127,
          0.727522,
          1.219662
        ],
        [
          -0.006769,
          -0.90612,
          -0.422967,
          1.479436
        ],
        [
          0.0,
          0.0,
          0.0,
          1.0
        ]
      ]
    },
    {
      "file_path": "/media/NFS/ttao/scannet/posed_images/scene0298_00/00068.jpg",
      "transform_matrix": [
        [
          0.794325,
          -0.261175,
          0.548485,
          3.546905
        ],
        [
          -0.607465,
          -0.332738,
          0.721299,
          1.218554
        ],
        [
          -0.005884,
          -0.906131,
          -0.422956,
          1.479249
        ],
        [
          0.0,
          0.0,
          0.0,
          1.0
        ]
      ]
    },
    {
      "file_path": "/media/NFS/ttao/scannet/posed_images/scene0298_00/00071.jpg",
      "transform_matrix": [
        [
          0.786694,
          -0.268368,
          0.555959,
          3.555363
        ],
        [
          -0.617236,
          -0.325182,
          0.716433,
          1.216556
        ],
        [
          -0.01148,
          -0.906772,
          -0.421465,
          1.482455
        ],
        [
          0.0,
          0.0,
          0.0,
          1.0
        ]
      ]
    },
    {
      "file_path": "/media/NFS/ttao/scannet/posed_images/scene0298_00/00074.jpg",
      "transform_matrix": [
        [
          0.779579,
          -0.278232,
          0.561108,
          3.559324
        ],
        [
          -0.625921,
          -0.314798,
          0.71353,
          1.212767
        ],
        [
          -0.021891,
          -0.907463,
          -0.419562,
          1.484251
        ],
        [
          0.0,
          0.0,
          0.0,
          1.0
        ]
      ]
    },
    {
      "file_path": "/media/NFS/ttao/scannet/posed_images/scene0298_00/00076.jpg",
      "transform_matrix": [
        [
          0.775211,
          -0.282881,
          0.564824,
          3.562079
        ],
        [
          -0.631079,
          -0.307114,
          0.712334,
          1.210004
        ],
        [
          -0.028041,
          -0.908658,
          -0.416598,
          1.484052
        ],
        [
          0.0,
          0.0,
          0.0,
          1.0
        ]
      ]
    },
    {
      "file_path": "/media/NFS/ttao/scannet/posed_images/scene0298_00/00077.jpg",
      "transform_matrix": [
        [
          0.773406,
          -0.283747,
          0.566861,
          3.561353
        ],
        [
          -0.633253,
          -0.305082,
          0.711277,
          1.207873
        ],
        [
          -0.028883,
          -0.909072,
          -0.415636,
          1.483918
        ],
        [
          0.0,
          0.0,
          0.0,
          1.0
        ]
      ]
    },
    {
      "file_path": "/media/NFS/ttao/scannet/posed_images/scene0298_00/00080.jpg",
      "transform_matrix": [
        [
          0.766577,
          -0.291006,
          0.572429,
          3.5658
        ],
        [
          -0.641479,
          -0.306234,
          0.703367,
          1.20429
        ],
        [
          -0.029386,
          -0.906386,
          -0.421427,
          1.484098
        ],
        [
          0.0,
          0.0,
          0.0,
          1.0
        ]
      ]
    },
    {
      "file_path": "/media/NFS/ttao/scannet/posed_images/scene0298_00/00083.jpg",
      "transform_matrix": [
        [
          0.758116,
          -0.298329,
          0.579879,
          3.574259
        ],
        [
          -0.651657,
          -0.313094,
          0.69088,
          1.19591
        ],
        [
          -0.024553,
          -0.90165,
          -0.43177,
          1.474651
        ],
        [
          0.0,
          0.0,
          0.0,
          1.0
        ]
      ]
    },
    {
      "file_path": "/media/NFS/ttao/scannet/posed_images/scene0298_00/00085.jpg",
      "transform_matrix": [
        [
          0.748428,
          -0.301551,
          0.590697,
          3.576808
        ],
        [
          -0.662902,
          -0.312723,
          0.680269,
          1.193717
        ],
        [
          -0.020411,
          -0.900706,
          -0.43395,
          1.471843
        ],
        [
          0.0,
          0.0,
          0.0,
          1.0
        ]
      ]
    },
    {
      "file_path": "/media/NFS/ttao/scannet/posed_images/scene0298_00/00090.jpg",
      "transform_matrix": [
        [
          0.719176,
          -0.310762,
          0.62146,
          3.565707
        ],
        [
          -0.694381,
          -0.289359,
          0.658867,
          1.18972
        ],
        [
          -0.024926,
          -0.905372,
          -0.423887,
          1.477609
        ],
        [
          0.0,
          0.0,
          0.0,
          1.0
        ]
      ]
    },
    {
      "file_path": "/media/NFS/ttao/scannet/posed_images/scene0298_00/00091.jpg",
      "transform_matrix": [
        [
          0.715334,
          -0.313496,
          0.624514,
          3.572231
        ],
        [
          -0.698183,
          -0.283619,
          0.657344,
          1.182077
        ],
        [
          -0.028951,
          -0.906245,
          -0.42176,
          1.475755
        ],
        [
          0.0,
          0.0,
          0.0,
          1.0
        ]
      ]
    },
    {
      "file_path": "/media/NFS/ttao/scannet/posed_images/scene0298_00/00094.jpg",
      "transform_matrix": [
        [
          0.69371,
          -0.323308,
          0.643613,
          3.576601
        ],
        [
          -0.719609,
          -0.273277,
          0.638344,
          1.17796
        ],
        [
          -0.030497,
          -0.905975,
          -0.422231,
          1.476189
        ],
        [
          0.0,
          0.0,
          0.0,
          1.0
        ]
      ]
    },
    {
      "file_path": "/media/NFS/ttao/scannet/posed_images/scene0298_00/00098.jpg",
      "transform_matrix": [
        [
          0.664737,
          -0.332433,
          0.669038,
          3.587622
        ],
        [
          -0.746707,
          -0.267474,
          0.609004,
          1.170676
        ],
        [
          -0.023503,
          -0.904403,
          -0.426031,
          1.474033
        ],
        [
          0.0,
          0.0,
          0.0,
          1.0
        ]
      ]
    },
    {
      "file_path": "/media/NFS/ttao/scannet/posed_images/scene0298_00/00101.jpg",
      "transform_matrix": [
        [
          0.636,
          -0.336091,
          0.694656,
          3.580151
        ],
        [
          -0.771409,
          -0.252627,
          0.584045,
          1.16214
        ],
        [
          -0.020804,
          -0.907316,
          -0.419934,
          1.465585
        ],
        [
          0.0,
          0.0,
          0.0,
          1.0
        ]
      ]
    },
    {
      "file_path": "/media/NFS/ttao/scannet/posed_images/scene0298_00/00102.jpg",
      "transform_matrix": [
        [
          0.627538,
          -0.337562,
          0.701604,
          3.582861
        ],
        [
          -0.778311,
          -0.248068,
          0.576796,
          1.157853
        ],
        [
          -0.020658,
          -0.908028,
          -0.418401,
          1.465395
        ],
        [
          0.0,
          0.0,
          0.0,
          1.0
        ]
      ]
    },
    {
      "file_path": "/media/NFS/ttao/scannet/posed_images/scene0298_00/00104.jpg",
      "transform_matrix": [
        [
          0.609549,
          -0.340787,
          0.715761,
          3.589865
        ],
        [
          -0.792497,
          -0.239196,
          0.561012,
          1.150055
        ],
        [
          -0.019978,
          -0.909203,
          -0.415874,
          1.464556
        ],
        [
          0.0,
          0.0,
          0.0,
          1.0
        ]
      ]
    },
    {
      "file_path": "/media/NFS/ttao/scannet/posed_images/scene0298_00/00107.jpg",
      "transform_matrix": [
        [
          0.580767,
          -0.345126,
          0.737291,
          3.599323
        ],
        [
          -0.813865,
          -0.225821,
          0.535378,
          1.14163
        ],
        [
          -0.018277,
          -0.910985,
          -0.412035,
          1.465731
        ],
        [
          0.0,
          0.0,
          0.0,
          1.0
        ]
      ]
    },
    {
      "file_path": "/media/NFS/ttao/scannet/posed_images/scene0298_00/00111.jpg",
      "transform_matrix": [
        [
          0.547228,
          -0.345891,
          0.762169,
          3.606313
        ],
        [
          -0.836823,
          -0.208277,
          0.506307,
          1.126707
        ],
        [
          -0.016385,
          -0.914866,
          -0.403425,
          1.453455
        ],
        [
          0.0,
          0.0,
          0.0,
          1.0
        ]
      ]
    },
    {
      "file_path": "/media/NFS/ttao/scannet/posed_images/scene0298_00/00112.jpg",
      "transform_matrix": [
        [
          0.539301,
          -0.346492,
          0.767527,
          3.607281
        ],
        [
          -0.841958,
          -0.204359,
          0.499344,
          1.123153
        ],
        [
          -0.016168,
          -0.915522,
          -0.401942,
          1.45182
        ],
        [
          0.0,
          0.0,
          0.0,
          1.0
        ]
      ]
    },
    {
      "file_path": "/media/NFS/ttao/scannet/posed_images/scene0298_00/00115.jpg",
      "transform_matrix": [
        [
          0.515815,
          -0.34963,
          0.782108,
          3.617578
        ],
        [
          -0.856522,
          -0.191897,
          0.479108,
          1.111397
        ],
        [
          -0.017427,
          -0.917025,
          -0.398449,
          1.455056
        ],
        [
          0.0,
          0.0,
          0.0,
          1.0
        ]
      ]
    },
    {
      "file_path": "/media/NFS/ttao/scannet/posed_images/scene0298_00/00118.jpg",
      "transform_matrix": [
        [
          0.492061,
          -0.350587,
          0.796846,
          3.623494
        ],
        [
          -0.870392,
          -0.180121,
          0.458229,
          1.103508
        ],
        [
          -0.017121,
          -0.919046,
          -0.393779,
          1.455863
        ],
        [
          0.0,
          0.0,
          0.0,
          1.0
        ]
      ]
    },
    {
      "file_path": "/media/NFS/ttao/scannet/posed_images/scene0298_00/00121.jpg",
      "transform_matrix": [
        [
          0.468593,
          -0.355203,
          0.808858,
          3.633287
        ],
        [
          -0.883075,
          -0.162952,
          0.440029,
          1.089955
        ],
        [
          -0.024494,
          -0.920477,
          -0.390029,
          1.460386
        ],
        [
          0.0,
          0.0,
          0.0,
          1.0
        ]
      ]
    },
    {
      "file_path": "/media/NFS/ttao/scannet/posed_images/scene0298_00/00125.jpg",
      "transform_matrix": [
        [
          0.435046,
          -0.354073,
          0.827869,
          3.641768
        ],
        [
          -0.900032,
          -0.144409,
          0.411204,
          1.077848
        ],
        [
          -0.026044,
          -0.924001,
          -0.381502,
          1.463845
        ],
        [
          0.0,
          0.0,
          0.0,
          1.0
        ]
      ]
    },
    {
      "file_path": "/media/NFS/ttao/scannet/posed_images/scene0298_00/00126.jpg",
      "transform_matrix": [
        [
          0.42651,
          -0.353195,
          0.832672,
          3.64524
        ],
        [
          -0.904072,
          -0.138717,
          0.404243,
          1.075395
        ],
        [
          -0.027271,
          -0.925208,
          -0.378478,
          1.466298
        ],
        [
          0.0,
          0.0,
          0.0,
          1.0
        ]
      ]
    },
    {
      "file_path": "/media/NFS/ttao/scannet/posed_images/scene0298_00/00130.jpg",
      "transform_matrix": [
        [
          0.401007,
          -0.329139,
          0.854904,
          3.649621
        ],
        [
          -0.915601,
          -0.113978,
          0.385596,
          1.065093
        ],
        [
          -0.029474,
          -0.937377,
          -0.347066,
          1.476432
        ],
        [
          0.0,
          0.0,
          0.0,
          1.0
        ]
      ]
    },
    {
      "file_path": "/media/NFS/ttao/scannet/posed_images/scene0298_00/00131.jpg",
      "transform_matrix": [
        [
          0.398526,
          -0.323988,
          0.858026,
          3.65358
        ],
        [
          -0.916563,
          -0.10703,
          0.385301,
          1.058224
        ],
        [
          -0.032998,
          -0.939987,
          -0.33961,
          1.482434
        ],
        [
          0.0,
          0.0,
          0.0,
          1.0
        ]
      ]
    },
    {
      "file_path": "/media/NFS/ttao/scannet/posed_images/scene0298_00/00136.jpg",
      "transform_matrix": [
        [
          0.380495,
          -0.288318,
          0.87869,
          3.657701
        ],
        [
          -0.924147,
          -0.083311,
          0.372843,
          1.043632
        ],
        [
          -0.034294,
          -0.953903,
          -0.298148,
          1.495833
        ],
        [
          0.0,
          0.0,
          0.0,
          1.0
        ]
      ]
    },
    {
      "file_path": "/media/NFS/ttao/scannet/posed_images/scene0298_00/00138.jpg",
      "transform_matrix": [
        [
          0.376067,
          -0.278843,
          0.88364,
          3.660193
        ],
        [
          -0.926071,
          -0.081113,
          0.368528,
          1.038326
        ],
        [
          -0.031087,
          -0.956905,
          -0.288733,
          1.502278
        ],
        [
          0.0,
          0.0,
          0.0,
          1.0
        ]
      ]
    },
    {
      "file_path": "/media/NFS/ttao/scannet/posed_images/scene0298_00/00139.jpg",
      "transform_matrix": [
        [
          0.372158,
          -0.272872,
          0.887152,
          3.659642
        ],
        [
          -0.927734,
          -0.080077,
          0.364552,
          1.039227
        ],
        [
          -0.028435,
          -0.958712,
          -0.282954,
          1.502775
        ],
        [
          0.0,
          0.0,
          0.0,
          1.0
        ]
      ]
    },
    {
      "file_path": "/media/NFS/ttao/scannet/posed_images/scene0298_00/00144.jpg",
      "transform_matrix": [
        [
          0.359275,
          -0.247369,
          0.89985,
          3.659771
        ],
        [
          -0.933036,
          -0.075458,
          0.351781,
          1.040427
        ],
        [
          -0.019118,
          -0.965979,
          -0.257914,
          1.519351
        ],
        [
          0.0,
          0.0,
          0.0,
          1.0
        ]
      ]
    },
    {
      "file_path": "/media/NFS/ttao/scannet/posed_images/scene0298_00/00145.jpg",
      "transform_matrix": [
        [
          0.358178,
          -0.244426,
          0.90109,
          3.660597
        ],
        [
          -0.933436,
          -0.072941,
          0.35125,
          1.039705
        ],
        [
          -0.020128,
          -0.966921,
          -0.254283,
          1.525139
        ],
        [
          0.0,
          0.0,
          0.0,
          1.0
        ]
      ]
    },
    {
      "file_path": "/media/NFS/ttao/scannet/posed_images/scene0298_00/00147.jpg",
      "transform_matrix": [
        [
          0.357397,
          -0.234576,
          0.904014,
          3.661339
        ],
        [
          -0.933705,
          -0.067474,
          0.351627,
          1.040837
        ],
        [
          -0.021486,
          -0.969753,
          -0.24314,
          1.532396
        ],
        [
          0.0,
          0.0,
          0.0,
          1.0
        ]
      ]
    },
    {
      "file_path": "/media/NFS/ttao/scannet/posed_images/scene0298_00/00152.jpg",
      "transform_matrix": [
        [
          0.353337,
          -0.213656,
          0.910771,
          3.661566
        ],
        [
          -0.935112,
          -0.052786,
          0.350397,
          1.040036
        ],
        [
          -0.026788,
          -0.975482,
          -0.218444,
          1.545193
        ],
        [
          0.0,
          0.0,
          0.0,
          1.0
        ]
      ]
    },
    {
      "file_path": "/media/NFS/ttao/scannet/posed_images/scene0298_00/00154.jpg",
      "transform_matrix": [
        [
          0.352921,
          -0.212912,
          0.911107,
          3.660737
        ],
        [
          -0.935139,
          -0.047987,
          0.351016,
          1.038017
        ],
        [
          -0.031014,
          -0.975892,
          -0.216038,
          1.544607
        ],
        [
          0.0,
          0.0,
          0.0,
          1.0
        ]
      ]
    },
    {
      "file_path": "/media/NFS/ttao/scannet/posed_images/scene0298_00/00155.jpg",
      "transform_matrix": [
        [
          0.353301,
          -0.213407,
          0.910843,
          3.660589
        ],
        [
          -0.935054,
          -0.050167,
          0.350938,
          1.03773
        ],
        [
          -0.029199,
          -0.975675,
          -0.217271,
          1.541048
        ],
        [
          0.0,
          0.0,
          0.0,
          1.0
        ]
      ]
    },
    {
      "file_path": "/media/NFS/ttao/scannet/posed_images/scene0298_00/00159.jpg",
      "transform_matrix": [
        [
          0.350676,
          -0.247635,
          0.903163,
          3.661891
        ],
        [
          -0.936388,
          -0.078028,
          0.342182,
          1.038364
        ],
        [
          -0.014264,
          -0.965706,
          -0.259245,
          1.519232
        ],
        [
          0.0,
          0.0,
          0.0,
          1.0
        ]
      ]
    },
    {
      "file_path": "/media/NFS/ttao/scannet/posed_images/scene0298_00/00162.jpg",
      "transform_matrix": [
        [
          0.344979,
          -0.279271,
          0.896101,
          3.666539
        ],
        [
          -0.938593,
          -0.096791,
          0.331173,
          1.048114
        ],
        [
          -0.005753,
          -0.955322,
          -0.295513,
          1.504765
        ],
        [
          0.0,
          0.0,
          0.0,
          1.0
        ]
      ]
    },
    {
      "file_path": "/media/NFS/ttao/scannet/posed_images/scene0298_00/00163.jpg",
      "transform_matrix": [
        [
          0.346599,
          -0.289594,
          0.892191,
          3.669568
        ],
        [
          -0.937994,
          -0.100866,
          0.331653,
          1.045676
        ],
        [
          -0.006052,
          -0.95182,
          -0.306598,
          1.502236
        ],
        [
          0.0,
          0.0,
          0.0,
          1.0
        ]
      ]
    },
    {
      "file_path": "/media/NFS/ttao/scannet/posed_images/scene0298_00/00168.jpg",
      "transform_matrix": [
        [
          0.360986,
          -0.384409,
          0.849658,
          3.682939
        ],
        [
          -0.932417,
          -0.165321,
          0.321351,
          1.053842
        ],
        [
          0.016935,
          -0.908239,
          -0.418109,
          1.449562
        ],
        [
          0.0,
          0.0,
          0.0,
          1.0
        ]
      ]
    },
    {
      "file_path": "/media/NFS/ttao/scannet/posed_images/scene0298_00/00169.jpg",
      "transform_matrix": [
        [
          0.362055,
          -0.40224,
          0.840903,
          3.686413
        ],
        [
          -0.93201,
          -0.172192,
          0.318915,
          1.056299
        ],
        [
          0.016517,
          -0.899195,
          -0.437235,
          1.446911
        ],
        [
          0.0,
          0.0,
          0.0,
          1.0
        ]
      ]
    },
    {
      "file_path": "/media/NFS/ttao/scannet/posed_images/scene0298_00/00173.jpg",
      "transform_matrix": [
        [
          0.371679,
          -0.442029,
          0.816373,
          3.697292
        ],
        [
          -0.928356,
          -0.179782,
          0.325319,
          1.053287
        ],
        [
          0.002969,
          -0.8788,
          -0.477182,
          1.427913
        ],
        [
          0.0,
          0.0,
          0.0,
          1.0
        ]
      ]
    },
    {
      "file_path": "/media/NFS/ttao/scannet/posed_images/scene0298_00/00176.jpg",
      "transform_matrix": [
        [
          0.375315,
          -0.459218,
          0.805144,
          3.697745
        ],
        [
          -0.926893,
          -0.188545,
          0.32453,
          1.055442
        ],
        [
          0.002776,
          -0.868084,
          -0.49641,
          1.411853
        ],
        [
          0.0,
          0.0,
          0.0,
          1.0
        ]
      ]
    },
    {
      "file_path": "/media/NFS/ttao/scannet/posed_images/scene0298_00/00178.jpg",
      "transform_matrix": [
        [
          0.379094,
          -0.47413,
          0.794662,
          3.702353
        ],
        [
          -0.925352,
          -0.197242,
          0.323757,
          1.054397
        ],
        [
          0.003238,
          -0.858077,
          -0.513511,
          1.40447
        ],
        [
          0.0,
          0.0,
          0.0,
          1.0
        ]
      ]
    },
    {
      "file_path": "/media/NFS/ttao/scannet/posed_images/scene0298_00/00180.jpg",
      "transform_matrix": [
        [
          0.384036,
          -0.485691,
          0.785252,
          3.703856
        ],
        [
          -0.923318,
          -0.202715,
          0.326176,
          1.052596
        ],
        [
          0.000762,
          -0.8503,
          -0.526297,
          1.394731
        ],
        [
          0.0,
          0.0,
          0.0,
          1.0
        ]
      ]
    },
    {
      "file_path": "/media/NFS/ttao/scannet/posed_images/scene0298_00/00183.jpg",
      "transform_matrix": [
        [
          0.395788,
          -0.498628,
          0.771182,
          3.70853
        ],
        [
          -0.918342,
          -0.215777,
          0.331797,
          1.047198
        ],
        [
          0.00096,
          -0.83953,
          -0.543313,
          1.383304
        ],
        [
          0.0,
          0.0,
          0.0,
          1.0
        ]
      ]
    },
    {
      "file_path": "/media/NFS/ttao/scannet/posed_images/scene0298_00/00187.jpg",
      "transform_matrix": [
        [
          0.399983,
          -0.520344,
          0.75449,
          3.71915
        ],
        [
          -0.916489,
          -0.220095,
          0.334073,
          1.048061
        ],
        [
          -0.007773,
          -0.825106,
          -0.564924,
          1.370813
        ],
        [
          0.0,
          0.0,
          0.0,
          1.0
        ]
      ]
    },
    {
      "file_path": "/media/NFS/ttao/scannet/posed_images/scene0298_00/00188.jpg",
      "transform_matrix": [
        [
          0.402526,
          -0.525661,
          0.749435,
          3.723114
        ],
        [
          -0.915356,
          -0.222354,
          0.335681,
          1.046855
        ],
        [
          -0.009815,
          -0.82112,
          -0.57067,
          1.368831
        ],
        [
          0.0,
          0.0,
          0.0,
          1.0
        ]
      ]
    },
    {
      "file_path": "/media/NFS/ttao/scannet/posed_images/scene0298_00/00191.jpg",
      "transform_matrix": [
        [
          0.417853,
          -0.531007,
          0.737177,
          3.734981
        ],
        [
          -0.90846,
          -0.235343,
          0.345418,
          1.041304
        ],
        [
          -0.009929,
          -0.81403,
          -0.580738,
          1.359769
        ],
        [
          0.0,
          0.0,
          0.0,
          1.0
        ]
      ]
    },
    {
      "file_path": "/media/NFS/ttao/scannet/posed_images/scene0298_00/00194.jpg",
      "transform_matrix": [
        [
          0.424953,
          -0.535802,
          0.72961,
          3.744737
        ],
        [
          -0.905164,
          -0.242973,
          0.348771,
          1.045096
        ],
        [
          -0.009597,
          -0.808629,
          -0.588241,
          1.355591
        ],
        [
          0.0,
          0.0,
          0.0,
          1.0
        ]
      ]
    },
    {
      "file_path": "/media/NFS/ttao/scannet/posed_images/scene0298_00/00196.jpg",
      "transform_matrix": [
        [
          0.436859,
          -0.529095,
          0.72747,
          3.748492
        ],
        [
          -0.899529,
          -0.255547,
          0.354321,
          1.055196
        ],
        [
          -0.001566,
          -0.809169,
          -0.587574,
          1.355131
        ],
        [
          0.0,
          0.0,
          0.0,
          1.0
        ]
      ]
    },
    {
      "file_path": "/media/NFS/ttao/scannet/posed_images/scene0298_00/00200.jpg",
      "transform_matrix": [
        [
          0.502969,
          -0.497945,
          0.70645,
          3.747273
        ],
        [
          -0.864301,
          -0.287473,
          0.412726,
          1.068751
        ],
        [
          -0.00243,
          -0.818175,
          -0.574965,
          1.352063
        ],
        [
          0.0,
          0.0,
          0.0,
          1.0
        ]
      ]
    },
    {
      "file_path": "/media/NFS/ttao/scannet/posed_images/scene0298_00/00203.jpg",
      "transform_matrix": [
        [
          0.561516,
          -0.484249,
          0.670971,
          3.743286
        ],
        [
          -0.827365,
          -0.315942,
          0.464379,
          1.085956
        ],
        [
          -0.012887,
          -0.815894,
          -0.578058,
          1.348799
        ],
        [
          0.0,
          0.0,
          0.0,
          1.0
        ]
      ]
    },
    {
      "file_path": "/media/NFS/ttao/scannet/posed_images/scene0298_00/00205.jpg",
      "transform_matrix": [
        [
          0.595229,
          -0.474683,
          0.648366,
          3.743207
        ],
        [
          -0.80336,
          -0.333698,
          0.493213,
          1.1043
        ],
        [
          -0.017762,
          -0.814446,
          -0.579968,
          1.352145
        ],
        [
          0.0,
          0.0,
          0.0,
          1.0
        ]
      ]
    },
    {
      "file_path": "/media/NFS/ttao/scannet/posed_images/scene0298_00/00207.jpg",
      "transform_matrix": [
        [
          0.627337,
          -0.457884,
          0.629912,
          3.745344
        ],
        [
          -0.778567,
          -0.351367,
          0.519975,
          1.119832
        ],
        [
          -0.016758,
