{
  "frames": [
    {
      "file_path": "/media/NFS/ttao/scannet/posed_images/scene0448_02/00000.jpg",
      "transform_matrix": [
        [
          0.993634,
          0.045483,
          -0.103066,
          2.151902
        ],
        [
          0.104459,
          -0.714574,
          0.691717,
          0.77295
        ],
        [
          -0.042187,
          -0.69808,
          -0.714776,
          1.307017
        ],
        [
          0.0,
          0.0,
          0.0,
          1.0
        ]
      ]
    },
    {
      "file_path": "/media/NFS/ttao/scannet/posed_images/scene0448_02/00007.jpg",
      "transform_matrix": [
        [
          0.994369,
          0.061114,
          -0.08658,
          2.144003
        ],
        [
          0.103451,
          -0.737058,
          0.667865,
          0.782916
        ],
        [
          -0.022999,
          -0.673061,
          -0.73923,
          1.301621
        ],
        [
          0.0,
          0.0,
          0.0,
          1.0
        ]
      ]
    },
    {
      "file_path": "/media/NFS/ttao/scannet/posed_images/scene0448_02/00015.jpg",
      "transform_matrix": [
        [
          0.986836,
          0.104765,
          -0.123204,
          2.14822
        ],
        [
          0.160308,
          -0.734315,
          0.659608,
          0.787406
        ],
        [
          -0.021367,
          -0.670676,
          -0.741443,
          1.308238
        ],
        [
          0.0,
          0.0,
          0.0,
          1.0
        ]
      ]
    },
    {
      "file_path": "/media/NFS/ttao/scannet/posed_images/scene0448_02/00030.jpg",
      "transform_matrix": [
        [
          0.994254,
          0.046358,
          -0.096483,
          2.103468
        ],
        [
          0.09845,
          -0.749855,
          0.654236,
          0.774942
        ],
        [
          -0.042019,
          -0.659976,
          -0.750111,
          1.323591
        ],
        [
          0.0,
          0.0,
          0.0,
          1.0
        ]
      ]
    },
    {
      "file_path": "/media/NFS/ttao/scannet/posed_images/scene0448_02/00037.jpg",
      "transform_matrix": [
        [
          0.996668,
          0.034594,
          -0.073871,
          2.073714
        ],
        [
          0.074951,
          -0.745747,
          0.662,
          0.768994
        ],
        [
          -0.032188,
          -0.66533,
          -0.745855,
          1.321967
        ],
        [
          0.0,
          0.0,
          0.0,
          1.0
        ]
      ]
    },
    {
      "file_path": "/media/NFS/ttao/scannet/posed_images/scene0448_02/00044.jpg",
      "transform_matrix": [
        [
          0.996141,
          0.058566,
          -0.065366,
          2.054258
        ],
        [
          0.087273,
          -0.739779,
          0.667166,
          0.765886
        ],
        [
          -0.009283,
          -0.670296,
          -0.742036,
          1.321331
        ],
        [
          0.0,
          0.0,
          0.0,
          1.0
        ]
      ]
    },
    {
      "file_path": "/media/NFS/ttao/scannet/posed_images/scene0448_02/00049.jpg",
      "transform_matrix": [
        [
          0.997317,
          0.058709,
          -0.043737,
          2.042852
        ],
        [
          0.073002,
          -0.75248,
          0.654557,
          0.77133
        ],
        [
          0.005517,
          -0.655994,
          -0.754746,
          1.317054
        ],
        [
          0.0,
          0.0,
          0.0,
          1.0
        ]
      ]
    },
    {
      "file_path": "/media/NFS/ttao/scannet/posed_images/scene0448_02/00059.jpg",
      "transform_matrix": [
        [
          0.992622,
          0.097889,
          -0.071552,
          1.995687
        ],
        [
          0.120845,
          -0.750379,
          0.649867,
          0.786946
        ],
        [
          0.009924,
          -0.653719,
          -0.756672,
          1.316879
        ],
        [
          0.0,
          0.0,
          0.0,
          1.0
        ]
      ]
    },
    {
      "file_path": "/media/NFS/ttao/scannet/posed_images/scene0448_02/00066.jpg",
      "transform_matrix": [
        [
          0.99584,
          0.088951,
          -0.019777,
          1.920129
        ],
        [
          0.078817,
          -0.731902,
          0.676837,
          0.802202
        ],
        [
          0.04573,
          -0.67558,
          -0.735868,
          1.320966
        ],
        [
          0.0,
          0.0,
          0.0,
          1.0
        ]
      ]
    },
    {
      "file_path": "/media/NFS/ttao/scannet/posed_images/scene0448_02/00079.jpg",
      "transform_matrix": [
        [
          0.997357,
          0.012956,
          0.071488,
          1.775855
        ],
        [
          -0.037719,
          -0.748634,
          0.66191,
          0.816989
        ],
        [
          0.062094,
          -0.662857,
          -0.746167,
          1.323061
        ],
        [
          0.0,
          0.0,
          0.0,
          1.0
        ]
      ]
    },
    {
      "file_path": "/media/NFS/ttao/scannet/posed_images/scene0448_02/00086.jpg",
      "transform_matrix": [
        [
          0.992537,
          -0.037396,
          0.116063,
          1.727885
        ],
        [
          -0.105229,
          -0.743591,
          0.660302,
          0.837202
        ],
        [
          0.061611,
          -0.667588,
          -0.741977,
          1.32076
        ],
        [
          0.0,
          0.0,
          0.0,
          1.0
        ]
      ]
    },
    {
      "file_path": "/media/NFS/ttao/scannet/posed_images/scene0448_02/00089.jpg",
      "transform_matrix": [
        [
          0.988126,
          -0.065383,
          0.13904,
          1.710244
        ],
        [
          -0.140951,
          -0.745933,
          0.650936,
          0.851486
        ],
        [
          0.061154,
          -0.662805,
          -0.746291,
          1.312969
        ],
        [
          0.0,
          0.0,
          0.0,
          1.0
        ]
      ]
    },
    {
      "file_path": "/media/NFS/ttao/scannet/posed_images/scene0448_02/00101.jpg",
      "transform_matrix": [
        [
          0.953059,
          -0.201522,
          0.225983,
          1.646697
        ],
        [
          -0.300417,
          -0.722536,
          0.622649,
          0.937887
        ],
        [
          0.037803,
          -0.66131,
          -0.74916,
          1.317936
        ],
        [
          0.0,
          0.0,
          0.0,
          1.0
        ]
      ]
    },
    {
      "file_path": "/media/NFS/ttao/scannet/posed_images/scene0448_02/00111.jpg",
      "transform_matrix": [
        [
          0.887288,
          -0.313886,
          0.337927,
          1.614937
        ],
        [
          -0.458134,
          -0.684373,
          0.567228,
          0.968748
        ],
        [
          0.053224,
          -0.658111,
          -0.751038,
          1.323926
        ],
        [
          0.0,
          0.0,
          0.0,
          1.0
        ]
      ]
    },
    {
      "file_path": "/media/NFS/ttao/scannet/posed_images/scene0448_02/00118.jpg",
      "transform_matrix": [
        [
          0.832076,
          -0.389924,
          0.394472,
          1.573567
        ],
        [
          -0.552811,
          -0.641041,
          0.532416,
          0.97284
        ],
        [
          0.045271,
          -0.661079,
          -0.748949,
          1.330576
        ],
        [
          0.0,
          0.0,
          0.0,
          1.0
        ]
      ]
    },
    {
      "file_path": "/media/NFS/ttao/scannet/posed_images/scene0448_02/00121.jpg",
      "transform_matrix": [
        [
          0.809359,
          -0.416634,
          0.413949,
          1.554545
        ],
        [
          -0.585872,
          -0.622102,
          0.519368,
          0.969809
        ],
        [
          0.041132,
          -0.662877,
          -0.747598,
          1.334013
        ],
        [
          0.0,
          0.0,
          0.0,
          1.0
        ]
      ]
    },
    {
      "file_path": "/media/NFS/ttao/scannet/posed_images/scene0448_02/00135.jpg",
      "transform_matrix": [
        [
          0.665798,
          -0.546916,
          0.50754,
          1.503975
        ],
        [
          -0.745724,
          -0.46527,
          0.476885,
          0.934096
        ],
        [
          -0.024673,
          -0.695994,
          -0.717624,
          1.349613
        ],
        [
          0.0,
          0.0,
          0.0,
          1.0
        ]
      ]
    },
    {
      "file_path": "/media/NFS/ttao/scannet/posed_images/scene0448_02/00143.jpg",
      "transform_matrix": [
        [
          0.601616,
          -0.597598,
          0.530032,
          1.488242
        ],
        [
          -0.79772,
          -0.41523,
          0.437295,
          0.945578
        ],
        [
          -0.041241,
          -0.685901,
          -0.726525,
          1.344774
        ],
        [
          0.0,
          0.0,
          0.0,
          1.0
        ]
      ]
    },
    {
      "file_path": "/media/NFS/ttao/scannet/posed_images/scene0448_02/00145.jpg",
      "transform_matrix": [
        [
          0.578318,
          -0.612455,
          0.538932,
          1.480203
        ],
        [
          -0.814407,
          -0.394663,
          0.42542,
          0.950856
        ],
        [
          -0.047854,
          -0.684938,
          -0.727028,
          1.344949
        ],
        [
          0.0,
          0.0,
          0.0,
          1.0
        ]
      ]
    },
    {
      "file_path": "/media/NFS/ttao/scannet/posed_images/scene0448_02/00155.jpg",
      "transform_matrix": [
        [
          0.461909,
          -0.685754,
          0.562477,
          1.397224
        ],
        [
          -0.882282,
          -0.290445,
          0.370433,
          0.99824
        ],
        [
          -0.090658,
          -0.66737,
          -0.739188,
          1.348267
        ],
        [
          0.0,
          0.0,
          0.0,
          1.0
        ]
      ]
    },
    {
      "file_path": "/media/NFS/ttao/scannet/posed_images/scene0448_02/00162.jpg",
      "transform_matrix": [
        [
          0.374287,
          -0.711491,
          0.594718,
          1.379713
        ],
        [
          -0.918666,
          -0.197122,
          0.342338,
          1.020757
        ],
        [
          -0.126339,
          -0.674481,
          -0.727403,
          1.35782
        ],
        [
          0.0,
          0.0,
          0.0,
          1.0
        ]
      ]
    },
    {
      "file_path": "/media/NFS/ttao/scannet/posed_images/scene0448_02/00170.jpg",
      "transform_matrix": [
        [
          0.340034,
          -0.748174,
          0.569748,
          1.378577
        ],
        [
          -0.92603,
          -0.160834,
          0.341468,
          1.048901
        ],
        [
          -0.163842,
          -0.643715,
          -0.747521,
          1.351841
        ],
        [
          0.0,
          0.0,
          0.0,
          1.0
        ]
      ]
    },
    {
      "file_path": "/media/NFS/ttao/scannet/posed_images/scene0448_02/00180.jpg",
      "transform_matrix": [
        [
          0.20047,
          -0.769406,
          0.606486,
          1.366713
        ],
        [
          -0.966474,
          -0.053935,
          0.251037,
          1.127351
        ],
        [
          -0.160438,
          -0.636478,
          -0.754424,
          1.351453
        ],
        [
          0.0,
          0.0,
          0.0,
          1.0
        ]
      ]
    },
    {
      "file_path": "/media/NFS/ttao/scannet/posed_images/scene0448_02/00190.jpg",
      "transform_matrix": [
        [
          0.09619,
          -0.726312,
          0.680601,
          1.355297
        ],
        [
          -0.983928,
          0.033964,
          0.175305,
          1.183065
        ],
        [
          -0.150442,
          -0.686525,
          -0.711372,
          1.372857
        ],
        [
          0.0,
          0.0,
          0.0,
          1.0
        ]
      ]
    },
    {
      "file_path": "/media/NFS/ttao/scannet/posed_images/scene0448_02/00202.jpg",
      "transform_matrix": [
        [
          0.0217,
          -0.654438,
          0.755804,
          1.352803
        ],
        [
          -0.993487,
          0.07047,
          0.089543,
          1.210412
        ],
        [
          -0.111862,
          -0.752825,
          -0.648646,
          1.399425
        ],
        [
          0.0,
          0.0,
          0.0,
          1.0
        ]
      ]
    },
    {
      "file_path": "/media/NFS/ttao/scannet/posed_images/scene0448_02/00204.jpg",
      "transform_matrix": [
        [
          0.019288,
          -0.646264,
          0.76287,
          1.354605
        ],
        [
          -0.994461,
          0.06645,
          0.081436,
          1.210523
        ],
        [
          -0.103322,
          -0.760215,
          -0.641403,
          1.403657
        ],
        [
          0.0,
          0.0,
          0.0,
          1.0
        ]
      ]
    },
    {
      "file_path": "/media/NFS/ttao/scannet/posed_images/scene0448_02/00212.jpg",
      "transform_matrix": [
        [
          0.016201,
          -0.581273,
          0.813547,
          1.367639
        ],
        [
          -0.997345,
          0.048385,
          0.054431,
          1.209098
        ],
        [
          -0.071003,
          -0.812269,
          -0.578946,
          1.433694
        ],
        [
          0.0,
          0.0,
          0.0,
          1.0
        ]
      ]
    },
    {
      "file_path": "/media/NFS/ttao/scannet/posed_images/scene0448_02/00219.jpg",
      "transform_matrix": [
        [
          0.016106,
          -0.545668,
          0.837847,
          1.39174
        ],
        [
          -0.9982,
          0.039646,
          0.045009,
          1.183988
        ],
        [
          -0.057777,
          -0.837063,
          -0.544047,
          1.455637
        ],
        [
          0.0,
          0.0,
          0.0,
          1.0
        ]
      ]
    },
    {
      "file_path": "/media/NFS/ttao/scannet/posed_images/scene0448_02/00231.jpg",
      "transform_matrix": [
        [
          0.077385,
          -0.470946,
          0.878761,
          1.423938
        ],
        [
          -0.997001,
          -0.036288,
          0.06835,
          1.128599
        ],
        [
          -0.000301,
          -0.881415,
          -0.472342,
          1.473229
        ],
        [
          0.0,
          0.0,
          0.0,
          1.0
        ]
      ]
    },
    {
      "file_path": "/media/NFS/ttao/scannet/posed_images/scene0448_02/00236.jpg",
      "transform_matrix": [
        [
          0.117495,
          -0.440241,
          0.890158,
          1.446833
        ],
        [
          -0.992912,
          -0.068247,
          0.097306,
          1.081728
        ],
        [
          0.017913,
          -0.895282,
          -0.44514,
          1.492086
        ],
        [
          0.0,
          0.0,
          0.0,
          1.0
        ]
      ]
    },
    {
      "file_path": "/media/NFS/ttao/scannet/posed_images/scene0448_02/00251.jpg",
      "transform_matrix": [
        [
          0.164319,
          -0.355655,
          0.920059,
          1.496486
        ],
        [
          -0.985957,
          -0.087411,
          0.142299,
          1.020263
        ],
        [
          0.029815,
          -0.930521,
          -0.365024,
          1.525394
        ],
        [
          0.0,
          0.0,
          0.0,
          1.0
        ]
      ]
    },
    {
      "file_path": "/media/NFS/ttao/scannet/posed_images/scene0448_02/00254.jpg",
      "transform_matrix": [
        [
          0.166895,
          -0.349325,
          0.922019,
          1.511324
        ],
        [
          -0.985749,
          -0.079139,
          0.148447,
          1.017256
        ],
        [
          0.021112,
          -0.933654,
          -0.357555,
          1.527821
        ],
        [
          0.0,
          0.0,
          0.0,
          1.0
        ]
      ]
    },
    {
      "file_path": "/media/NFS/ttao/scannet/posed_images/scene0448_02/00266.jpg",
      "transform_matrix": [
        [
          0.223604,
          -0.318424,
          0.921199,
          1.606693
        ],
        [
          -0.974548,
          -0.088604,
          0.205926,
          1.015083
        ],
        [
          0.01605,
          -0.943799,
          -0.330132,
          1.518037
        ],
        [
          0.0,
          0.0,
          0.0,
          1.0
        ]
      ]
    },
    {
      "file_path": "/media/NFS/ttao/scannet/posed_images/scene0448_02/00273.jpg",
      "transform_matrix": [
        [
          0.266601,
          -0.308455,
          0.913115,
          1.658002
        ],
        [
          -0.963521,
          -0.108376,
          0.244709,
          1.014662
        ],
        [
          0.023478,
          -0.945045,
          -0.326096,
          1.524656
        ],
        [
          0.0,
          0.0,
          0.0,
          1.0
        ]
      ]
    },
    {
      "file_path": "/media/NFS/ttao/scannet/posed_images/scene0448_02/00281.jpg",
      "transform_matrix": [
        [
          0.304728,
          -0.313659,
          0.89931,
          1.699337
        ],
        [
          -0.952225,
          -0.12038,
          0.280673,
          0.973032
        ],
        [
          0.020223,
          -0.941874,
          -0.335357,
          1.52121
        ],
        [
          0.0,
          0.0,
          0.0,
          1.0
        ]
      ]
    },
    {
      "file_path": "/media/NFS/ttao/scannet/posed_images/scene0448_02/00291.jpg",
      "transform_matrix": [
        [
          0.381583,
          -0.300129,
          0.874252,
          1.765534
        ],
        [
          -0.924221,
          -0.138746,
          0.355761,
          0.955749
        ],
        [
          0.014525,
          -0.943754,
          -0.330329,
          1.526
        ],
        [
          0.0,
          0.0,
          0.0,
          1.0
        ]
      ]
    },
    {
      "file_path": "/media/NFS/ttao/scannet/posed_images/scene0448_02/00300.jpg",
      "transform_matrix": [
        [
          0.442896,
          -0.283527,
          0.850562,
          1.851921
        ],
        [
          -0.895569,
          -0.184781,
          0.404737,
          0.971091
        ],
        [
          0.042414,
          -0.940994,
          -0.335757,
          1.533234
        ],
        [
          0.0,
          0.0,
          0.0,
          1.0
        ]
      ]
    },
    {
      "file_path": "/media/NFS/ttao/scannet/posed_images/scene0448_02/00305.jpg",
      "transform_matrix": [
        [
          0.45091,
          -0.288699,
          0.84459,
          1.896363
        ],
        [
          -0.891861,
          -0.183433,
          0.413446,
          0.976027
        ],
        [
          0.035564,
          -0.939684,
          -0.340191,
          1.540543
        ],
        [
          0.0,
          0.0,
          0.0,
          1.0
        ]
      ]
    },
    {
      "file_path": "/media/NFS/ttao/scannet/posed_images/scene0448_02/00313.jpg",
      "transform_matrix": [
        [
          0.485305,
          -0.311128,
          0.817115,
          1.970298
        ],
        [
          -0.874235,
          -0.187443,
          0.447859,
          0.97039
        ],
        [
          0.01382,
          -0.9317,
          -0.362967,
          1.541668
        ],
        [
          0.0,
          0.0,
          0.0,
          1.0
        ]
      ]
    },
    {
      "file_path": "/media/NFS/ttao/scannet/posed_images/scene0448_02/00323.jpg",
      "transform_matrix": [
        [
          0.586223,
          -0.29597,
          0.754152,
          2.053079
        ],
        [
          -0.810142,
          -0.218285,
          0.544079,
          0.938288
        ],
        [
          0.00359,
          -0.929921,
          -0.367741,
          1.541572
        ],
        [
          0.0,
          0.0,
          0.0,
          1.0
        ]
      ]
    },
    {
      "file_path": "/media/NFS/ttao/scannet/posed_images/scene0448_02/00327.jpg",
      "transform_matrix": [
        [
          0.632521,
          -0.287013,
          0.719403,
          2.077857
        ],
        [
          -0.774533,
          -0.239265,
          0.585535,
          0.919177
        ],
        [
          0.004071,
          -0.927565,
          -0.373641,
          1.5448
        ],
        [
          0.0,
          0.0,
          0.0,
          1.0
        ]
      ]
    },
    {
      "file_path": "/media/NFS/ttao/scannet/posed_images/scene0448_02/00340.jpg",
      "transform_matrix": [
        [
          0.744943,
          -0.269018,
          0.610482,
          2.115714
        ],
        [
          -0.667033,
          -0.284937,
          0.688388,
          0.881119
        ],
        [
          -0.01124,
          -0.920022,
          -0.391706,
          1.534627
        ],
        [
          0.0,
          0.0,
          0.0,
          1.0
        ]
      ]
    },
    {
      "file_path": "/media/NFS/ttao/scannet/posed_images/scene0448_02/00350.jpg",
      "transform_matrix": [
        [
          0.755119,
          -0.264852,
          0.599706,
          2.147191
        ],
        [
          -0.655574,
          -0.299259,
          0.693302,
          0.88948
        ],
        [
          -0.004155,
          -0.916677,
          -0.399606,
          1.516044
        ],
        [
          0.0,
          0.0,
          0.0,
          1.0
        ]
      ]
    },
    {
      "file_path": "/media/NFS/ttao/scannet/posed_images/scene0448_02/00355.jpg",
      "transform_matrix": [
        [
          0.787955,
          -0.227504,
          0.572161,
          2.168636
        ],
        [
          -0.615619,
          -0.308943,
          0.72496,
          0.881816
        ],
        [
          0.011834,
          -0.92347,
          -0.383489,
          1.518284
        ],
        [
          0.0,
          0.0,
          0.0,
          1.0
        ]
      ]
    },
    {
      "file_path": "/media/NFS/ttao/scannet/posed_images/scene0448_02/00359.jpg",
      "transform_matrix": [
        [
          0.809224,
          -0.203786,
          0.551024,
          2.191692
        ],
        [
          -0.586882,
          -0.323396,
          0.742283,
          0.871731
        ],
        [
          0.026932,
          -0.92406,
          -0.381298,
          1.520757
        ],
        [
          0.0,
          0.0,
          0.0,
          1.0
        ]
      ]
    },
    {
      "file_path": "/media/NFS/ttao/scannet/posed_images/scene0448_02/00372.jpg",
      "transform_matrix": [
        [
          0.830273,
          -0.160343,
          0.533794,
          2.257055
        ],
        [
          -0.554901,
          -0.327596,
          0.7647,
          0.84417
        ],
        [
          0.052255,
          -0.931113,
          -0.360969,
          1.528943
        ],
        [
          0.0,
          0.0,
          0.0,
          1.0
        ]
      ]
    },
    {
      "file_path": "/media/NFS/ttao/scannet/posed_images/scene0448_02/00382.jpg",
      "transform_matrix": [
        [
          0.866687,
          -0.153614,
          0.474612,
          2.292361
        ],
        [
          -0.497734,
          -0.329972,
          0.80211,
          0.831412
        ],
        [
          0.033393,
          -0.931408,
          -0.362442,
          1.53499
        ],
        [
          0.0,
          0.0,
          0.0,
          1.0
        ]
      ]
    },
    {
      "file_path": "/media/NFS/ttao/scannet/posed_images/scene0448_02/00389.jpg",
      "transform_matrix": [
        [
          0.887632,
          -0.158101,
          0.432567,
          2.312516
        ],
        [
          -0.460382,
          -0.330221,
          0.824016,
          0.822591
        ],
        [
          0.012565,
          -0.930569,
          -0.365902,
          1.534736
        ],
        [
          0.0,
          0.0,
          0.0,
          1.0
        ]
      ]
    },
    {
      "file_path": "/media/NFS/ttao/scannet/posed_images/scene0448_02/00399.jpg",
      "transform_matrix": [
        [
          0.892283,
          -0.157398,
          0.423151,
          2.344
        ],
        [
          -0.451315,
          -0.336008,
          0.826688,
          0.810182
        ],
        [
          0.012063,
          -0.928614,
          -0.37085,
          1.53364
        ],
        [
          0.0,
          0.0,
          0.0,
          1.0
        ]
      ]
    },
    {
      "file_path": "/media/NFS/ttao/scannet/posed_images/scene0448_02/00404.jpg",
      "transform_matrix": [
        [
          -Infinity,
          -Infinity,
          -Infinity,
          -Infinity
        ],
        [
          -Infinity,
          -Infinity,
          -Infinity,
          -Infinity
        ],
        [
          -Infinity,
          -Infinity,
          -Infinity,
          -Infinity
        ],
        [
          -Infinity,
          -Infinity,
          -Infinity,
          -Infinity
        ]
      ]
    },
    {
      "file_path": "/media/NFS/ttao/scannet/posed_images/scene0448_02/00411.jpg",
      "transform_matrix": [
        [
          0.89072,
          -0.180341,
          0.417248,
          2.357031
        ],
        [
          -0.454477,
          -0.336548,
          0.824734,
          0.790813
        ],
        [
          -0.008309,
          -0.924236,
          -0.38173,
          1.532609
        ],
        [
          0.0,
          0.0,
          0.0,
          1.0
        ]
      ]
    },
    {
      "file_path": "/media/NFS/ttao/scannet/posed_images/scene0448_02/00416.jpg",
      "transform_matrix": [
        [
          0.885831,
          -0.170916,
          0.431383,
          2.339516
        ],
        [
          -0.464002,
          -0.331106,
          0.821627,
          0.782802
        ],
        [
          0.002404,
          -0.927985,
          -0.37261,
          1.532128
        ],
        [
          0.0,
          0.0,
          0.0,
          1.0
        ]
      ]
    },
    {
      "file_path": "/media/NFS/ttao/scannet/posed_images/scene0448_02/00426.jpg",
      "transform_matrix": [
        [
          0.83312,
          -0.20574,
          0.513402,
          2.319161
        ],
        [
          -0.553082,
          -0.315494,
          0.77108,
          0.78231
        ],
        [
          0.003333,
          -0.926355,
          -0.376636,
          1.534899
        ],
        [
          0.0,
          0.0,
          0.0,
          1.0
        ]
      ]
    },
    {
      "file_path": "/media/NFS/ttao/scannet/posed_images/scene0448_02/00438.jpg",
      "transform_matrix": [
        [
          0.703251,
          -0.275913,
          0.655217,
          2.290712
        ],
        [
          -0.710941,
          -0.274196,
          0.647596,
          0.787954
        ],
        [
          0.000978,
          -0.921243,
          -0.388987,
          1.536955
        ],
        [
          0.0,
          0.0,
          0.0,
          1.0
        ]
      ]
    },
    {
      "file_path": "/media/NFS/ttao/scannet/posed_images/scene0448_02/00441.jpg",
      "transform_matrix": [
        [
          0.648301,
          -0.308248,
          0.696195,
          2.28295
        ],
        [
          -0.761383,
          -0.26394,
          0.592142,
          0.804143
        ],
        [
          0.001227,
          -0.913958,
          -0.405807,
          1.538974
        ],
        [
          0.0,
          0.0,
          0.0,
          1.0
        ]
      ]
    },
    {
      "file_path": "/media/NFS/ttao/scannet/posed_images/scene0448_02/00451.jpg",
      "transform_matrix": [
        [
          -Infinity,
          -Infinity,
          -Infinity,
          -Infinity
        ],
        [
          -Infinity,
          -Infinity,
          -Infinity,
          -Infinity
        ],
        [
          -Infinity,
          -Infinity,
          -Infinity,
          -Infinity
        ],
        [
          -Infinity,
          -Infinity,
          -Infinity,
          -Infinity
        ]
      ]
    },
    {
      "file_path": "/media/NFS/ttao/scannet/posed_images/scene0448_02/00460.jpg",
      "transform_matrix": [
        [
          0.343881,
          -0.513676,
          0.786055,
          2.219753
        ],
        [
          -0.939004,
          -0.191943,
          0.28536,
          0.793836
        ],
        [
          0.004295,
          -0.836238,
          -0.54835,
          1.425479
        ],
        [
          0.0,
          0.0,
          0.0,
          1.0
        ]
      ]
    },
    {
      "file_path": "/media/NFS/ttao/scannet/posed_images/scene0448_02/00465.jpg",
      "transform_matrix": [
        [
          0.324464,
          -0.569149,
          0.755508,
          2.210984
        ],
        [
          -0.945619,
          -0.175756,
          0.273707,
          0.761766
        ],
        [
          -0.022995,
          -0.803231,
          -0.595224,
          1.480723
        ],
        [
          0.0,
          0.0,
          0.0,
          1.0
        ]
      ]
    },
    {
      "file_path": "/media/NFS/ttao/scannet/posed_images/scene0448_02/00475.jpg",
      "transform_matrix": [
        [
          0.35399,
          -0.696941,
          0.62367,
          2.201056
        ],
        [
          -0.926843,
          -0.172213,
          0.333624,
          0.693831
        ],
        [
          -0.125112,
          -0.696144,
          -0.706917,
          1.433044
        ],
        [
          0.0,
          0.0,
          0.0,
          1.0
        ]
      ]
    },
    {
      "file_path": "/media/NFS/ttao/scannet/posed_images/scene0448_02/00487.jpg",
      "transform_matrix": [
        [
          0.248602,
          -0.762102,
          0.597828,
          2.161293
        ],
        [
          -0.96378,
          -0.133093,
          0.231115,
          0.651412
        ],
        [
          -0.096567,
          -0.63363,
          -0.767586,
          1.406211
        ],
        [
          0.0,
          0.0,
          0.0,
          1.0
        ]
      ]
    },
    {
      "file_path": "/media/NFS/ttao/scannet/posed_images/scene0448_02/00492.jpg",
      "transform_matrix": [
        [
          0.196789,
          -0.775988,
          0.599263,
          2.124184
        ],
        [
          -0.977385,
          -0.107004,
          0.1824,
          0.658862
        ],
        [
          -0.077416,
          -0.621605,
          -0.779496,
          1.395905
        ],
        [
          0.0,
          0.0,
          0.0,
          1.0
        ]
      ]
    },
    {
      "file_path": "/media/NFS/ttao/scannet/posed_images/scene0448_02/00505.jpg",
      "transform_matrix": [
        [
          0.074522,
          -0.796975,
          0.599397,
          2.013756
        ],
        [
          -0.996132,
          -0.03143,
          0.082058,
          0.706723
        ],
        [
          -0.046559,
          -0.603194,
          -0.796235,
          1.379207
        ],
        [
          0.0,
          0.0,
          0.0,
          1.0
        ]
      ]
    },
    {
      "file_path": "/media/NFS/ttao/scannet/posed_images/scene0448_02/00512.jpg",
      "transform_matrix": [
        [
          0.044454,
          -0.801645,
          0.596145,
          1.96592
        ],
        [
          -0.998477,
          -0.016141,
          0.052751,
          0.708398
        ],
        [
          -0.032665,
          -0.597583,
          -0.801142,
          1.382575
        ],
        [
          0.0,
          0.0,
          0.0,
          1.0
        ]
      ]
    },
    {
      "file_path": "/media/NFS/ttao/scannet/posed_images/scene0448_02/00522.jpg",
      "transform_matrix": [
        [
          0.062577,
          -0.706958,
          0.704482,
          1.942887
        ],
        [
          -0.997643,
          -0.024393,
          0.064138,
          0.68946
        ],
        [
          -0.028158,
          -0.706835,
          -0.706818,
          1.430385
        ],
        [
          0.0,
          0.0,
          0.0,
          1.0
        ]
      ]
    },
    {
      "file_path": "/media/NFS/ttao/scannet/posed_images/scene0448_02/00529.jpg",
      "transform_matrix": [
        [
          0.078004,
          -0.633297,
          0.769968,
          1.930906
        ],
        [
          -0.996141,
          -0.018339,
          0.085834,
          0.677314
        ],
        [
          -0.040239,
          -0.773692,
          -0.632283,
          1.454284
        ],
        [
          0.0,
          0.0,
          0.0,
          1.0
        ]
      ]
    },
    {
      "file_path": "/media/NFS/ttao/scannet/posed_images/scene0448_02/00532.jpg",
      "transform_matrix": [
        [
          0.089174,
          -0.600167,
          0.794888,
          1.924449
        ],
        [
          -0.994937,
          -0.016527,
          0.099138,
          0.67334
        ],
        [
          -0.046363,
          -0.799704,
          -0.598602,
          1.461882
        ],
        [
          0.0,
          0.0,
          0.0,
          1.0
        ]
      ]
    },
    {
      "file_path": "/media/NFS/ttao/scannet/posed_images/scene0448_02/00547.jpg",
      "transform_matrix": [
        [
          0.111218,
          -0.454663,
          0.883692,
          1.919708
        ],
        [
          -0.993088,
          -0.017272,
          0.1161,
          0.657235
        ],
        [
          -0.037523,
          -0.890496,
          -0.453441,
          1.503155
        ],
        [
          0.0,
          0.0,
          0.0,
          1.0
        ]
      ]
    },
    {
      "file_path": "/media/NFS/ttao/scannet/posed_images/scene0448_02/00549.jpg",
      "transform_matrix": [
        [
          0.11105,
          -0.441895,
          0.890166,
          1.920405
        ],
        [
          -0.993047,
          -0.014144,
          0.116864,
          0.654649
        ],
        [
          -0.039051,
          -0.896955,
          -0.440394,
          1.503762
        ],
        [
          0.0,
          0.0,
          0.0,
          1.0
        ]
      ]
    },
    {
      "file_path": "/media/NFS/ttao/scannet/posed_images/scene0448_02/00561.jpg",
      "transform_matrix": [
        [
          0.103811,
          -0.287964,
          0.951998,
          1.904956
        ],
        [
          -0.994416,
          -0.011796,
          0.104869,
          0.652575
        ],
        [
          -0.018969,
          -0.957569,
          -0.287581,
          1.544902
        ],
        [
          0.0,
          0.0,
          0.0,
          1.0
        ]
      ]
    },
    {
      "file_path": "/media/NFS/ttao/scannet/posed_images/scene0448_02/00569.jpg",
      "transform_matrix": [
        [
          0.09679,
          -0.226887,
          0.969099,
          1.900632
        ],
        [
          -0.995289,
          -0.016511,
          0.095541,
          0.653816
        ],
        [
          -0.005676,
          -0.973781,
          -0.227416,
          1.553795
        ],
        [
          0.0,
          0.0,
          0.0,
          1.0
        ]
      ]
    },
    {
      "file_path": "/media/NFS/ttao/scannet/posed_images/scene0448_02/00579.jpg",
      "transform_matrix": [
        [
          0.108051,
          -0.145361,
          0.983461,
          1.890946
        ],
        [
          -0.994132,
          -0.020918,
          0.106132,
          0.655985
        ],
        [
          0.005145,
          -0.989158,
          -0.146768,
          1.562178
        ],
        [
          0.0,
          0.0,
          0.0,
          1.0
        ]
      ]
    },
    {
      "file_path": "/media/NFS/ttao/scannet/posed_images/scene0448_02/00586.jpg",
      "transform_matrix": [
        [
          0.109109,
          -0.096122,
          0.989372,
          1.881202
        ],
        [
          -0.993953,
          -0.022925,
          0.107387,
          0.657769
        ],
        [
          0.012359,
          -0.995106,
          -0.098042,
          1.566473
        ],
        [
          0.0,
          0.0,
          0.0,
          1.0
        ]
      ]
    },
    {
      "file_path": "/media/NFS/ttao/scannet/posed_images/scene0448_02/00593.jpg",
      "transform_matrix": [
        [
          0.105541,
          -0.068328,
          0.992065,
          1.877571
        ],
        [
          -0.994152,
          -0.030205,
          0.103682,
          0.659679
        ],
        [
          0.022881,
          -0.997206,
          -0.071116,
          1.571852
        ],
        [
          0.0,
          0.0,
          0.0,
          1.0
        ]
      ]
    },
    {
      "file_path": "/media/NFS/ttao/scannet/posed_images/scene0448_02/00603.jpg",
      "transform_matrix": [
        [
          0.090873,
          -0.006047,
          0.995844,
          1.873237
        ],
        [
          -0.995597,
          -0.023656,
          0.090707,
          0.668964
        ],
        [
          0.023009,
          -0.999702,
          -0.00817,
          1.573293
        ],
        [
          0.0,
          0.0,
          0.0,
          1.0
        ]
      ]
    },
    {
      "file_path": "/media/NFS/ttao/scannet/posed_images/scene0448_02/00606.jpg",
      "transform_matrix": [
        [
          0.087918,
          0.006161,
          0.996109,
          1.873777
        ],
        [
          -0.995832,
          -0.023823,
          0.088041,
          0.670211
        ],
        [
          0.024273,
          -0.999697,
          0.00404,
          1.57255
        ],
        [
          0.0,
          0.0,
          0.0,
          1.0
        ]
      ]
    },
    {
      "file_path": "/media/NFS/ttao/scannet/posed_images/scene0448_02/00618.jpg",
      "transform_matrix": [
        [
          0.096752,
          0.045566,
          0.994265,
          1.869483
        ],
        [
          -0.995103,
          -0.015876,
          0.097561,
          0.682178
        ],
        [
          0.020231,
          -0.998835,
          0.043807,
          1.587795
        ],
        [
          0.0,
          0.0,
          0.0,
          1.0
        ]
      ]
    },
    {
      "file_path": "/media/NFS/ttao/scannet/posed_images/scene0448_02/00625.jpg",
      "transform_matrix": [
        [
          0.018865,
          0.061409,
          0.997934,
          1.84025
        ],
        [
          -0.999327,
          -0.030243,
          0.020752,
          0.722378
        ],
        [
          0.031455,
          -0.997654,
          0.060797,
          1.585598
        ],
        [
          0.0,
          0.0,
          0.0,
          1.0
        ]
      ]
    },
    {
      "file_path": "/media/NFS/ttao/scannet/posed_images/scene0448_02/00633.jpg",
      "transform_matrix": [
        [
          -0.068264,
          0.020696,
          0.997453,
          1.802625
        ],
        [
          -0.997341,
          -0.026991,
          -0.067696,
          0.77809
        ],
        [
          0.025521,
