{
  "frames": [
    {
      "file_path": "/media/NFS/ttao/scannet/posed_images/scene0122_01/00002.jpg",
      "transform_matrix": [
        [
          0.949145,
          -0.254587,
          0.185227,
          1.037874
        ],
        [
          -0.313627,
          -0.712985,
          0.627129,
          1.455273
        ],
        [
          -0.027595,
          -0.653329,
          -0.756571,
          1.247506
        ],
        [
          0.0,
          0.0,
          0.0,
          1.0
        ]
      ]
    },
    {
      "file_path": "/media/NFS/ttao/scannet/posed_images/scene0122_01/00004.jpg",
      "transform_matrix": [
        [
          0.949764,
          -0.247242,
          0.191883,
          1.033155
        ],
        [
          -0.312156,
          -0.704277,
          0.637614,
          1.451652
        ],
        [
          -0.022506,
          -0.665481,
          -0.746076,
          1.248096
        ],
        [
          0.0,
          0.0,
          0.0,
          1.0
        ]
      ]
    },
    {
      "file_path": "/media/NFS/ttao/scannet/posed_images/scene0122_01/00006.jpg",
      "transform_matrix": [
        [
          0.950411,
          -0.24423,
          0.192538,
          1.030142
        ],
        [
          -0.310394,
          -0.706398,
          0.636126,
          1.452588
        ],
        [
          -0.019352,
          -0.664344,
          -0.747176,
          1.250509
        ],
        [
          0.0,
          0.0,
          0.0,
          1.0
        ]
      ]
    },
    {
      "file_path": "/media/NFS/ttao/scannet/posed_images/scene0122_01/00010.jpg",
      "transform_matrix": [
        [
          0.953751,
          -0.225381,
          0.198903,
          1.023216
        ],
        [
          -0.300516,
          -0.699447,
          0.648432,
          1.452954
        ],
        [
          -0.007022,
          -0.678217,
          -0.734829,
          1.255333
        ],
        [
          0.0,
          0.0,
          0.0,
          1.0
        ]
      ]
    },
    {
      "file_path": "/media/NFS/ttao/scannet/posed_images/scene0122_01/00012.jpg",
      "transform_matrix": [
        [
          0.959106,
          -0.211695,
          0.187886,
          1.021986
        ],
        [
          -0.283005,
          -0.705693,
          0.649543,
          1.455386
        ],
        [
          -0.004915,
          -0.676153,
          -0.736745,
          1.256573
        ],
        [
          0.0,
          0.0,
          0.0,
          1.0
        ]
      ]
    },
    {
      "file_path": "/media/NFS/ttao/scannet/posed_images/scene0122_01/00018.jpg",
      "transform_matrix": [
        [
          0.965795,
          -0.189507,
          0.176997,
          1.021994
        ],
        [
          -0.259306,
          -0.702865,
          0.662376,
          1.465629
        ],
        [
          -0.00112,
          -0.685615,
          -0.727963,
          1.259507
        ],
        [
          0.0,
          0.0,
          0.0,
          1.0
        ]
      ]
    },
    {
      "file_path": "/media/NFS/ttao/scannet/posed_images/scene0122_01/00021.jpg",
      "transform_matrix": [
        [
          0.966849,
          -0.186972,
          0.173911,
          1.02437
        ],
        [
          -0.255342,
          -0.702425,
          0.66438,
          1.469
        ],
        [
          -0.002061,
          -0.686761,
          -0.72688,
          1.259362
        ],
        [
          0.0,
          0.0,
          0.0,
          1.0
        ]
      ]
    },
    {
      "file_path": "/media/NFS/ttao/scannet/posed_images/scene0122_01/00024.jpg",
      "transform_matrix": [
        [
          0.967748,
          -0.18316,
          0.172963,
          1.025292
        ],
        [
          -0.25192,
          -0.70436,
          0.663637,
          1.472674
        ],
        [
          0.000276,
          -0.685806,
          -0.727785,
          1.259775
        ],
        [
          0.0,
          0.0,
          0.0,
          1.0
        ]
      ]
    },
    {
      "file_path": "/media/NFS/ttao/scannet/posed_images/scene0122_01/00025.jpg",
      "transform_matrix": [
        [
          0.967746,
          -0.183312,
          0.172814,
          1.026248
        ],
        [
          -0.251928,
          -0.704706,
          0.663266,
          1.473769
        ],
        [
          0.000199,
          -0.68541,
          -0.728157,
          1.259774
        ],
        [
          0.0,
          0.0,
          0.0,
          1.0
        ]
      ]
    },
    {
      "file_path": "/media/NFS/ttao/scannet/posed_images/scene0122_01/00028.jpg",
      "transform_matrix": [
        [
          0.96712,
          -0.187767,
          0.171528,
          1.027927
        ],
        [
          -0.254292,
          -0.703992,
          0.663122,
          1.476331
        ],
        [
          -0.003758,
          -0.684937,
          -0.728593,
          1.25995
        ],
        [
          0.0,
          0.0,
          0.0,
          1.0
        ]
      ]
    },
    {
      "file_path": "/media/NFS/ttao/scannet/posed_images/scene0122_01/00033.jpg",
      "transform_matrix": [
        [
          0.96737,
          -0.183407,
          0.174809,
          1.03054
        ],
        [
          -0.253356,
          -0.707309,
          0.659943,
          1.477426
        ],
        [
          0.002605,
          -0.682698,
          -0.730696,
          1.25853
        ],
        [
          0.0,
          0.0,
          0.0,
          1.0
        ]
      ]
    },
    {
      "file_path": "/media/NFS/ttao/scannet/posed_images/scene0122_01/00034.jpg",
      "transform_matrix": [
        [
          0.967227,
          -0.183147,
          0.175869,
          1.031177
        ],
        [
          -0.253889,
          -0.707369,
          0.659674,
          1.477396
        ],
        [
          0.003587,
          -0.682705,
          -0.730685,
          1.258286
        ],
        [
          0.0,
          0.0,
          0.0,
          1.0
        ]
      ]
    },
    {
      "file_path": "/media/NFS/ttao/scannet/posed_images/scene0122_01/00040.jpg",
      "transform_matrix": [
        [
          0.964061,
          -0.187774,
          0.187954,
          1.026607
        ],
        [
          -0.265434,
          -0.711164,
          0.650993,
          1.484133
        ],
        [
          0.011426,
          -0.677486,
          -0.735447,
          1.260805
        ],
        [
          0.0,
          0.0,
          0.0,
          1.0
        ]
      ]
    },
    {
      "file_path": "/media/NFS/ttao/scannet/posed_images/scene0122_01/00042.jpg",
      "transform_matrix": [
        [
          0.963824,
          -0.188065,
          0.18888,
          1.0286
        ],
        [
          -0.26629,
          -0.71013,
          0.651771,
          1.483207
        ],
        [
          0.011554,
          -0.678489,
          -0.734519,
          1.260516
        ],
        [
          0.0,
          0.0,
          0.0,
          1.0
        ]
      ]
    },
    {
      "file_path": "/media/NFS/ttao/scannet/posed_images/scene0122_01/00045.jpg",
      "transform_matrix": [
        [
          0.962903,
          -0.188145,
          0.193441,
          1.028108
        ],
        [
          -0.269417,
          -0.710776,
          0.649778,
          1.484095
        ],
        [
          0.01524,
          -0.67779,
          -0.735098,
          1.259701
        ],
        [
          0.0,
          0.0,
          0.0,
          1.0
        ]
      ]
    },
    {
      "file_path": "/media/NFS/ttao/scannet/posed_images/scene0122_01/00048.jpg",
      "transform_matrix": [
        [
          0.962869,
          -0.1869,
          0.19481,
          1.028504
        ],
        [
          -0.269412,
          -0.711485,
          0.649005,
          1.483701
        ],
        [
          0.017305,
          -0.677391,
          -0.73542,
          1.259036
        ],
        [
          0.0,
          0.0,
          0.0,
          1.0
        ]
      ]
    },
    {
      "file_path": "/media/NFS/ttao/scannet/posed_images/scene0122_01/00050.jpg",
      "transform_matrix": [
        [
          0.962759,
          -0.185784,
          0.196417,
          1.024441
        ],
        [
          -0.269722,
          -0.709923,
          0.650584,
          1.481494
        ],
        [
          0.018573,
          -0.679333,
          -0.733595,
          1.255215
        ],
        [
          0.0,
          0.0,
          0.0,
          1.0
        ]
      ]
    },
    {
      "file_path": "/media/NFS/ttao/scannet/posed_images/scene0122_01/00053.jpg",
      "transform_matrix": [
        [
          0.963202,
          -0.184483,
          0.195468,
          1.024603
        ],
        [
          -0.268173,
          -0.708411,
          0.652869,
          1.482181
        ],
        [
          0.018028,
          -0.681264,
          -0.731816,
          1.255565
        ],
        [
          0.0,
          0.0,
          0.0,
          1.0
        ]
      ]
    },
    {
      "file_path": "/media/NFS/ttao/scannet/posed_images/scene0122_01/00059.jpg",
      "transform_matrix": [
        [
          0.96307,
          -0.182136,
          0.198301,
          1.022964
        ],
        [
          -0.268457,
          -0.706095,
          0.655256,
          1.486873
        ],
        [
          0.020673,
          -0.684293,
          -0.728914,
          1.254528
        ],
        [
          0.0,
          0.0,
          0.0,
          1.0
        ]
      ]
    },
    {
      "file_path": "/media/NFS/ttao/scannet/posed_images/scene0122_01/00062.jpg",
      "transform_matrix": [
        [
          0.963225,
          -0.179427,
          0.20001,
          1.024195
        ],
        [
          -0.26752,
          -0.709979,
          0.651431,
          1.492484
        ],
        [
          0.025119,
          -0.680982,
          -0.73187,
          1.254255
        ],
        [
          0.0,
          0.0,
          0.0,
          1.0
        ]
      ]
    },
    {
      "file_path": "/media/NFS/ttao/scannet/posed_images/scene0122_01/00065.jpg",
      "transform_matrix": [
        [
          0.96345,
          -0.177455,
          0.200683,
          1.026612
        ],
        [
          -0.266642,
          -0.707414,
          0.654574,
          1.497103
        ],
        [
          0.025809,
          -0.68416,
          -0.728875,
          1.254145
        ],
        [
          0.0,
          0.0,
          0.0,
          1.0
        ]
      ]
    },
    {
      "file_path": "/media/NFS/ttao/scannet/posed_images/scene0122_01/00067.jpg",
      "transform_matrix": [
        [
          0.963759,
          -0.176522,
          0.200024,
          1.027729
        ],
        [
          -0.265497,
          -0.707977,
          0.654431,
          1.502264
        ],
        [
          0.026091,
          -0.683819,
          -0.729185,
          1.253764
        ],
        [
          0.0,
          0.0,
          0.0,
          1.0
        ]
      ]
    },
    {
      "file_path": "/media/NFS/ttao/scannet/posed_images/scene0122_01/00069.jpg",
      "transform_matrix": [
        [
          0.964208,
          -0.175605,
          0.198661,
          1.029259
        ],
        [
          -0.263853,
          -0.709415,
          0.653539,
          1.509516
        ],
        [
          0.026169,
          -0.682565,
          -0.730357,
          1.255259
        ],
        [
          0.0,
          0.0,
          0.0,
          1.0
        ]
      ]
    },
    {
      "file_path": "/media/NFS/ttao/scannet/posed_images/scene0122_01/00072.jpg",
      "transform_matrix": [
        [
          0.965277,
          -0.173118,
          0.195627,
          1.034875
        ],
        [
          -0.2602,
          -0.70352,
          0.661328,
          1.519176
        ],
        [
          0.023139,
          -0.689268,
          -0.724137,
          1.257123
        ],
        [
          0.0,
          0.0,
          0.0,
          1.0
        ]
      ]
    },
    {
      "file_path": "/media/NFS/ttao/scannet/posed_images/scene0122_01/00076.jpg",
      "transform_matrix": [
        [
          0.96608,
          -0.174493,
          0.190371,
          1.043613
        ],
        [
          -0.257745,
          -0.697228,
          0.66891,
          1.536462
        ],
        [
          0.016012,
          -0.695288,
          -0.718553,
          1.260571
        ],
        [
          0.0,
          0.0,
          0.0,
          1.0
        ]
      ]
    },
    {
      "file_path": "/media/NFS/ttao/scannet/posed_images/scene0122_01/00079.jpg",
      "transform_matrix": [
        [
          0.968797,
          -0.167451,
          0.182737,
          1.054787
        ],
        [
          -0.247593,
          -0.687808,
          0.682363,
          1.553078
        ],
        [
          0.011425,
          -0.706315,
          -0.707805,
          1.260374
        ],
        [
          0.0,
          0.0,
          0.0,
          1.0
        ]
      ]
    },
    {
      "file_path": "/media/NFS/ttao/scannet/posed_images/scene0122_01/00082.jpg",
      "transform_matrix": [
        [
          0.971221,
          -0.153887,
          0.181793,
          1.055845
        ],
        [
          -0.237356,
          -0.688763,
          0.685032,
          1.56778
        ],
        [
          0.019795,
          -0.708467,
          -0.705467,
          1.259098
        ],
        [
          0.0,
          0.0,
          0.0,
          1.0
        ]
      ]
    },
    {
      "file_path": "/media/NFS/ttao/scannet/posed_images/scene0122_01/00085.jpg",
      "transform_matrix": [
        [
          0.975167,
          -0.13459,
          0.175885,
          1.057079
        ],
        [
          -0.219298,
          -0.697801,
          0.681896,
          1.583709
        ],
        [
          0.030956,
          -0.703533,
          -0.709988,
          1.254992
        ],
        [
          0.0,
          0.0,
          0.0,
          1.0
        ]
      ]
    },
    {
      "file_path": "/media/NFS/ttao/scannet/posed_images/scene0122_01/00089.jpg",
      "transform_matrix": [
        [
          0.976931,
          -0.112085,
          0.181775,
          1.062975
        ],
        [
          -0.208177,
          -0.689627,
          0.693597,
          1.605199
        ],
        [
          0.047615,
          -0.715438,
          -0.697052,
          1.256131
        ],
        [
          0.0,
          0.0,
          0.0,
          1.0
        ]
      ]
    },
    {
      "file_path": "/media/NFS/ttao/scannet/posed_images/scene0122_01/00092.jpg",
      "transform_matrix": [
        [
          0.974509,
          -0.113035,
          0.193793,
          1.061931
        ],
        [
          -0.218051,
          -0.680454,
          0.699597,
          1.621858
        ],
        [
          0.052788,
          -0.724021,
          -0.687756,
          1.257754
        ],
        [
          0.0,
          0.0,
          0.0,
          1.0
        ]
      ]
    },
    {
      "file_path": "/media/NFS/ttao/scannet/posed_images/scene0122_01/00095.jpg",
      "transform_matrix": [
        [
          0.974909,
          -0.115995,
          0.189996,
          1.058847
        ],
        [
          -0.217902,
          -0.671797,
          0.707961,
          1.640821
        ],
        [
          0.045518,
          -0.731597,
          -0.680216,
          1.260056
        ],
        [
          0.0,
          0.0,
          0.0,
          1.0
        ]
      ]
    },
    {
      "file_path": "/media/NFS/ttao/scannet/posed_images/scene0122_01/00098.jpg",
      "transform_matrix": [
        [
          0.971153,
          -0.136026,
          0.195853,
          1.049936
        ],
        [
          -0.235846,
          -0.669107,
          0.70475,
          1.663506
        ],
        [
          0.035182,
          -0.730612,
          -0.681886,
          1.265765
        ],
        [
          0.0,
          0.0,
          0.0,
          1.0
        ]
      ]
    },
    {
      "file_path": "/media/NFS/ttao/scannet/posed_images/scene0122_01/00101.jpg",
      "transform_matrix": [
        [
          0.963311,
          -0.154173,
          0.219686,
          1.016
        ],
        [
          -0.26605,
          -0.65632,
          0.706019,
          1.690871
        ],
        [
          0.035336,
          -0.738563,
          -0.673258,
          1.275766
        ],
        [
          0.0,
          0.0,
          0.0,
          1.0
        ]
      ]
    },
    {
      "file_path": "/media/NFS/ttao/scannet/posed_images/scene0122_01/00104.jpg",
      "transform_matrix": [
        [
          0.946383,
          -0.177458,
          0.269942,
          0.98619
        ],
        [
          -0.320023,
          -0.629085,
          0.708405,
          1.721089
        ],
        [
          0.044105,
          -0.75681,
          -0.652145,
          1.288747
        ],
        [
          0.0,
          0.0,
          0.0,
          1.0
        ]
      ]
    },
    {
      "file_path": "/media/NFS/ttao/scannet/posed_images/scene0122_01/00110.jpg",
      "transform_matrix": [
        [
          0.923202,
          -0.244861,
          0.296212,
          0.918067
        ],
        [
          -0.384238,
          -0.572599,
          0.724218,
          1.753695
        ],
        [
          -0.007722,
          -0.782416,
          -0.622709,
          1.307915
        ],
        [
          0.0,
          0.0,
          0.0,
          1.0
        ]
      ]
    },
    {
      "file_path": "/media/NFS/ttao/scannet/posed_images/scene0122_01/00112.jpg",
      "transform_matrix": [
        [
          0.913014,
          -0.260257,
          0.31412,
          0.901288
        ],
        [
          -0.407776,
          -0.561338,
          0.720151,
          1.766329
        ],
        [
          -0.011097,
          -0.785599,
          -0.618636,
          1.310678
        ],
        [
          0.0,
          0.0,
          0.0,
          1.0
        ]
      ]
    },
    {
      "file_path": "/media/NFS/ttao/scannet/posed_images/scene0122_01/00116.jpg",
      "transform_matrix": [
        [
          0.891154,
          -0.285764,
          0.352397,
          0.873602
        ],
        [
          -0.453648,
          -0.549297,
          0.701767,
          1.791233
        ],
        [
          -0.006969,
          -0.785246,
          -0.619144,
          1.311723
        ],
        [
          0.0,
          0.0,
          0.0,
          1.0
        ]
      ]
    },
    {
      "file_path": "/media/NFS/ttao/scannet/posed_images/scene0122_01/00117.jpg",
      "transform_matrix": [
        [
          0.886712,
          -0.292132,
          0.358331,
          0.869904
        ],
        [
          -0.462273,
          -0.548877,
          0.696446,
          1.798675
        ],
        [
          -0.006774,
          -0.783194,
          -0.621741,
          1.313574
        ],
        [
          0.0,
          0.0,
          0.0,
          1.0
        ]
      ]
    },
    {
      "file_path": "/media/NFS/ttao/scannet/posed_images/scene0122_01/00120.jpg",
      "transform_matrix": [
        [
          0.874886,
          -0.299504,
          0.38062,
          0.856738
        ],
        [
          -0.484326,
          -0.538532,
          0.689501,
          1.824039
        ],
        [
          -0.001532,
          -0.787579,
          -0.616211,
          1.312649
        ],
        [
          0.0,
          0.0,
          0.0,
          1.0
        ]
      ]
    },
    {
      "file_path": "/media/NFS/ttao/scannet/posed_images/scene0122_01/00125.jpg",
      "transform_matrix": [
        [
          0.853621,
          -0.309528,
          0.418955,
          0.846185
        ],
        [
          -0.520777,
          -0.524226,
          0.673779,
          1.888873
        ],
        [
          0.011074,
          -0.793334,
          -0.608686,
          1.31178
        ],
        [
          0.0,
          0.0,
          0.0,
          1.0
        ]
      ]
    },
    {
      "file_path": "/media/NFS/ttao/scannet/posed_images/scene0122_01/00127.jpg",
      "transform_matrix": [
        [
          0.849254,
          -0.316188,
          0.422839,
          0.845919
        ],
        [
          -0.527864,
          -0.525528,
          0.667217,
          1.920675
        ],
        [
          0.011247,
          -0.789839,
          -0.613211,
          1.307588
        ],
        [
          0.0,
          0.0,
          0.0,
          1.0
        ]
      ]
    },
    {
      "file_path": "/media/NFS/ttao/scannet/posed_images/scene0122_01/00130.jpg",
      "transform_matrix": [
        [
          0.835424,
          -0.326694,
          0.44197,
          0.853636
        ],
        [
          -0.549508,
          -0.511633,
          0.660509,
          1.981324
        ],
        [
          0.010341,
          -0.794671,
          -0.606952,
          1.309155
        ],
        [
          0.0,
          0.0,
          0.0,
          1.0
        ]
      ]
    },
    {
      "file_path": "/media/NFS/ttao/scannet/posed_images/scene0122_01/00135.jpg",
      "transform_matrix": [
        [
          0.807703,
          -0.380652,
          0.450244,
          0.873958
        ],
        [
          -0.588439,
          -0.472768,
          0.655919,
          2.086718
        ],
        [
          -0.036816,
          -0.794729,
          -0.605847,
          1.329927
        ],
        [
          0.0,
          0.0,
          0.0,
          1.0
        ]
      ]
    },
    {
      "file_path": "/media/NFS/ttao/scannet/posed_images/scene0122_01/00138.jpg",
      "transform_matrix": [
        [
          0.79904,
          -0.387581,
          0.459691,
          0.885296
        ],
        [
          -0.599743,
          -0.45916,
          0.655347,
          2.137095
        ],
        [
          -0.042928,
          -0.799345,
          -0.599336,
          1.330694
        ],
        [
          0.0,
          0.0,
          0.0,
          1.0
        ]
      ]
    },
    {
      "file_path": "/media/NFS/ttao/scannet/posed_images/scene0122_01/00141.jpg",
      "transform_matrix": [
        [
          0.801599,
          -0.37007,
          0.469561,
          0.897661
        ],
        [
          -0.596478,
          -0.441614,
          0.670217,
          2.160731
        ],
        [
          -0.040663,
          -0.817328,
          -0.574736,
          1.31827
        ],
        [
          0.0,
          0.0,
          0.0,
          1.0
        ]
      ]
    },
    {
      "file_path": "/media/NFS/ttao/scannet/posed_images/scene0122_01/00142.jpg",
      "transform_matrix": [
        [
          0.795028,
          -0.374621,
          0.477063,
          0.900023
        ],
        [
          -0.605217,
          -0.43738,
          0.665139,
          2.173892
        ],
        [
          -0.040518,
          -0.817531,
          -0.574457,
          1.316577
        ],
        [
          0.0,
          0.0,
          0.0,
          1.0
        ]
      ]
    },
    {
      "file_path": "/media/NFS/ttao/scannet/posed_images/scene0122_01/00145.jpg",
      "transform_matrix": [
        [
          0.769315,
          -0.392519,
          0.504066,
          0.909757
        ],
        [
          -0.638107,
          -0.433587,
          0.636256,
          2.218706
        ],
        [
          -0.031187,
          -0.81113,
          -0.584034,
          1.316829
        ],
        [
          0.0,
          0.0,
          0.0,
          1.0
        ]
      ]
    },
    {
      "file_path": "/media/NFS/ttao/scannet/posed_images/scene0122_01/00149.jpg",
      "transform_matrix": [
        [
          0.74305,
          -0.408785,
          0.529879,
          0.92084
        ],
        [
          -0.668507,
          -0.416416,
          0.616195,
          2.272606
        ],
        [
          -0.031242,
          -0.812091,
          -0.582693,
          1.318325
        ],
        [
          0.0,
          0.0,
          0.0,
          1.0
        ]
      ]
    },
    {
      "file_path": "/media/NFS/ttao/scannet/posed_images/scene0122_01/00153.jpg",
      "transform_matrix": [
        [
          0.716514,
          -0.421704,
          0.555674,
          0.931909
        ],
        [
          -0.697114,
          -0.403993,
          0.592302,
          2.309461
        ],
        [
          -0.025288,
          -0.811761,
          -0.583442,
          1.311345
        ],
        [
          0.0,
          0.0,
          0.0,
          1.0
        ]
      ]
    },
    {
      "file_path": "/media/NFS/ttao/scannet/posed_images/scene0122_01/00155.jpg",
      "transform_matrix": [
        [
          0.707523,
          -0.441875,
          0.551504,
          0.933818
        ],
        [
          -0.706185,
          -0.4126,
          0.575381,
          2.336329
        ],
        [
          -0.026696,
          -0.79656,
          -0.60397,
          1.317369
        ],
        [
          0.0,
          0.0,
          0.0,
          1.0
        ]
      ]
    },
    {
      "file_path": "/media/NFS/ttao/scannet/posed_images/scene0122_01/00159.jpg",
      "transform_matrix": [
        [
          0.677338,
          -0.483518,
          0.554458,
          0.934737
        ],
        [
          -0.734585,
          -0.403572,
          0.545449,
          2.389865
        ],
        [
          -0.039971,
          -0.77675,
          -0.62854,
          1.335057
        ],
        [
          0.0,
          0.0,
          0.0,
          1.0
        ]
      ]
    },
    {
      "file_path": "/media/NFS/ttao/scannet/posed_images/scene0122_01/00164.jpg",
      "transform_matrix": [
        [
          0.640079,
          -0.488964,
          0.592632,
          0.926536
        ],
        [
          -0.766772,
          -0.35779,
          0.53296,
          2.422849
        ],
        [
          -0.048561,
          -0.79555,
          -0.603939,
          1.33245
        ],
        [
          0.0,
          0.0,
          0.0,
          1.0
        ]
      ]
    },
    {
      "file_path": "/media/NFS/ttao/scannet/posed_images/scene0122_01/00165.jpg",
      "transform_matrix": [
        [
          0.632203,
          -0.495939,
          0.595284,
          0.92682
        ],
        [
          -0.773278,
          -0.355691,
          0.524905,
          2.433899
        ],
        [
          -0.048584,
          -0.792167,
          -0.608368,
          1.334476
        ],
        [
          0.0,
          0.0,
          0.0,
          1.0
        ]
      ]
    },
    {
      "file_path": "/media/NFS/ttao/scannet/posed_images/scene0122_01/00168.jpg",
      "transform_matrix": [
        [
          0.601655,
          -0.511896,
          0.613167,
          0.927756
        ],
        [
          -0.797542,
          -0.342688,
          0.496479,
          2.466743
        ],
        [
          -0.044021,
          -0.787736,
          -0.614438,
          1.338482
        ],
        [
          0.0,
          0.0,
          0.0,
          1.0
        ]
      ]
    },
    {
      "file_path": "/media/NFS/ttao/scannet/posed_images/scene0122_01/00171.jpg",
      "transform_matrix": [
        [
          0.582552,
          -0.515972,
          0.628018,
          0.912795
        ],
        [
          -0.811423,
          -0.324341,
          0.486205,
          2.476224
        ],
        [
          -0.047176,
          -0.792828,
          -0.607617,
          1.32376
        ],
        [
          0.0,
          0.0,
          0.0,
          1.0
        ]
      ]
    },
    {
      "file_path": "/media/NFS/ttao/scannet/posed_images/scene0122_01/00176.jpg",
      "transform_matrix": [
        [
          0.556307,
          -0.535581,
          0.635355,
          0.916824
        ],
        [
          -0.829987,
          -0.320805,
          0.456296,
          2.503288
        ],
        [
          -0.040558,
          -0.781177,
          -0.622991,
          1.321853
        ],
        [
          0.0,
          0.0,
          0.0,
          1.0
        ]
      ]
    },
    {
      "file_path": "/media/NFS/ttao/scannet/posed_images/scene0122_01/00179.jpg",
      "transform_matrix": [
        [
          0.551534,
          -0.540084,
          0.635704,
          0.918674
        ],
        [
          -0.833212,
          -0.320509,
          0.450591,
          2.50798
        ],
        [
          -0.039608,
          -0.778192,
          -0.626776,
          1.320925
        ],
        [
          0.0,
          0.0,
          0.0,
          1.0
        ]
      ]
    },
    {
      "file_path": "/media/NFS/ttao/scannet/posed_images/scene0122_01/00180.jpg",
      "transform_matrix": [
        [
          0.554868,
          -0.533047,
          0.638735,
          0.915563
        ],
        [
          -0.831193,
          -0.322706,
          0.452746,
          2.504999
        ],
        [
          -0.035211,
          -0.782126,
          -0.622124,
          1.31592
        ],
        [
          0.0,
          0.0,
          0.0,
          1.0
        ]
      ]
    },
    {
      "file_path": "/media/NFS/ttao/scannet/posed_images/scene0122_01/00184.jpg",
      "transform_matrix": [
        [
          0.554545,
          -0.527867,
          0.643301,
          0.919403
        ],
        [
          -0.831387,
          -0.318256,
          0.455532,
          2.500131
        ],
        [
          -0.035726,
          -0.787445,
          -0.615349,
          1.318535
        ],
        [
          0.0,
          0.0,
          0.0,
          1.0
        ]
      ]
    },
    {
      "file_path": "/media/NFS/ttao/scannet/posed_images/scene0122_01/00187.jpg",
      "transform_matrix": [
        [
          0.550905,
          -0.528935,
          0.645548,
          0.926685
        ],
        [
          -0.833466,
          -0.308965,
          0.458121,
          2.491078
        ],
        [
          -0.042865,
          -0.790423,
          -0.611059,
          1.323708
        ],
        [
          0.0,
          0.0,
          0.0,
          1.0
        ]
      ]
    },
    {
      "file_path": "/media/NFS/ttao/scannet/posed_images/scene0122_01/00190.jpg",
      "transform_matrix": [
        [
          0.534277,
          -0.54727,
          0.644239,
          0.946434
        ],
        [
          -0.843334,
          -0.293021,
          0.450474,
          2.493198
        ],
        [
          -0.057756,
          -0.783987,
          -0.618085,
          1.343195
        ],
        [
          0.0,
          0.0,
          0.0,
          1.0
        ]
      ]
    },
    {
      "file_path": "/media/NFS/ttao/scannet/posed_images/scene0122_01/00193.jpg",
      "transform_matrix": [
        [
          0.527298,
          -0.552416,
          0.645595,
          0.966108
        ],
        [
          -0.846226,
          -0.272986,
          0.457581,
          2.469541
        ],
        [
          -0.076537,
          -0.787601,
          -0.611413,
          1.354928
        ],
        [
          0.0,
          0.0,
          0.0,
          1.0
        ]
      ]
    },
    {
      "file_path": "/media/NFS/ttao/scannet/posed_images/scene0122_01/00197.jpg",
      "transform_matrix": [
        [
          0.510636,
          -0.556538,
          0.655375,
          0.9977
        ],
        [
          -0.854674,
          -0.245474,
          0.457466,
          2.42687
        ],
        [
          -0.09372,
          -0.79373,
          -0.601007,
          1.363983
        ],
        [
          0.0,
          0.0,
          0.0,
          1.0
        ]
      ]
    },
    {
      "file_path": "/media/NFS/ttao/scannet/posed_images/scene0122_01/00200.jpg",
      "transform_matrix": [
        [
          0.484049,
          -0.561081,
          0.671479,
          1.019835
        ],
        [
          -0.869152,
          -0.21941,
          0.44321,
          2.403675
        ],
        [
          -0.101348,
          -0.798153,
          -0.59387,
          1.36868
        ],
        [
          0.0,
          0.0,
          0.0,
          1.0
        ]
      ]
    },
    {
      "file_path": "/media/NFS/ttao/scannet/posed_images/scene0122_01/00205.jpg",
      "transform_matrix": [
        [
          0.458057,
          -0.564356,
          0.686793,
          1.059202
        ],
        [
          -0.881307,
          -0.187402,
          0.433795,
          2.335839
        ],
        [
          -0.116108,
          -0.803979,
          -0.583213,
          1.36939
        ],
        [
          0.0,
          0.0,
          0.0,
          1.0
        ]
      ]
    },
    {
      "file_path": "/media/NFS/ttao/scannet/posed_images/scene0122_01/00206.jpg",
      "transform_matrix": [
        [
          0.45136,
          -0.565763,
          0.690063,
          1.068007
        ],
        [
          -0.884698,
          -0.182717,
          0.428863,
          2.321937
        ],
        [
          -0.116549,
          -0.804069,
          -0.583001,
          1.368361
        ],
        [
          0.0,
          0.0,
          0.0,
          1.0
        ]
      ]
    },
    {
      "file_path": "/media/NFS/ttao/scannet/posed_images/scene0122_01/00211.jpg",
      "transform_matrix": [
        [
          0.448225,
          -0.596743,
          0.665577,
          1.182728
        ],
        [
          -0.880775,
          -0.167596,
          0.442884,
          2.205925
        ],
        [
          -0.15274,
          -0.784735,
          -0.600717,
          1.386738
        ],
        [
          0.0,
          0.0,
          0.0,
          1.0
        ]
      ]
    },
    {
      "file_path": "/media/NFS/ttao/scannet/posed_images/scene0122_01/00214.jpg",
      "transform_matrix": [
        [
          0.437536,
          -0.598046,
          0.671493,
          1.198139
        ],
        [
          -0.886079,
          -0.159643,
          0.435176,
          2.167203
        ],
        [
          -0.153056,
          -0.785401,
          -0.599766,
          1.3796
        ],
        [
          0.0,
          0.0,
          0.0,
          1.0
        ]
      ]
    },
    {
      "file_path": "/media/NFS/ttao/scannet/posed_images/scene0122_01/00217.jpg",
      "transform_matrix": [
        [
          0.44169,
          -0.595099,
          0.671391,
          1.211244
        ],
        [
          -0.881955,
          -0.150785,
          0.446564,
          2.128129
        ],
        [
          -0.164515,
          -0.78938,
          -0.591451,
          1.371621
        ],
        [
          0.0,
          0.0,
          0.0,
          1.0
        ]
      ]
    },
    {
      "file_path": "/media/NFS/ttao/scannet/posed_images/scene0122_01/00221.jpg",
      "transform_matrix": [
        [
          0.476909,
          -0.585883,
          0.655209,
          1.223433
        ],
        [
          -0.859724,
          -0.155866,
          0.486396,
          2.085121
        ],
        [
          -0.182846,
          -0.795265,
          -0.578032,
          1.369386
        ],
        [
          0.0,
          0.0,
          0.0,
          1.0
        ]
      ]
    },
    {
      "file_path": "/media/NFS/ttao/scannet/posed_images/scene0122_01/00222.jpg",
      "transform_matrix": [
        [
          0.483061,
          -0.582565,
          0.653659,
          1.223832
        ],
        [
          -0.855307,
          -0.154217,
          0.494638,
          2.071195
        ],
        [
          -0.187354,
          -0.798019,
          -0.572769,
          1.366676
        ],
        [
          0.0,
          0.0,
          0.0,
          1.0
        ]
      ]
    },
    {
      "file_path": "/media/NFS/ttao/scannet/posed_images/scene0122_01/00227.jpg",
      "transform_matrix": [
        [
          0.473389,
          -0.571113,
          0.670621,
          1.228631
        ],
        [
          -0.858362,
          -0.128146,
          0.496783,
          2.001356
        ],
        [
          -0.197782,
          -0.810807,
          -0.550884,
          1.362102
        ],
        [
          0.0,
          0.0,
          0.0,
          1.0
        ]
      ]
    },
    {
      "file_path": "/media/NFS/ttao/scannet/posed_images/scene0122_01/00230.jpg",
      "transform_matrix": [
        [
          0.444584,
          -0.561797,
          0.69766,
          1.223321
        ],
        [
          -0.872367,
          -0.094811,
          0.47957,
          1.959415
        ],
        [
          -0.203275,
          -0.821824,
          -0.532245,
          1.375569
        ],
        [
          0.0,
          0.0,
          0.0,
          1.0
        ]
      ]
    },
    {
      "file_path": "/media/NFS/ttao/scannet/posed_images/scene0122_01/00232.jpg",
      "transform_matrix": [
        [
          0.437314,
          -0.548017,
          0.713045,
          1.213581
        ],
        [
          -0.876993,
          -0.08434,
          0.473044,
          1.931231
        ],
        [
          -0.199098,
          -0.832205,
          -0.51749,
          1.373554
        ],
        [
          0.0,
          0.0,
          0.0,
          1.0
        ]
      ]
    },
    {
      "file_path": "/media/NFS/ttao/scannet/posed_images/scene0122_01/00235.jpg",
      "transform_matrix": [
        [
          0.421835,
          -0.529604,
          0.735918,
          1.194276
        ],
        [
          -0.88582,
          -0.067657,
          0.459071,
          1.890908
        ],
        [
          -0.193336,
          -0.845542,
          -0.497674,
          1.368572
        ],
        [
          0.0,
          0.0,
          0.0,
          1.0
        ]
      ]
    },
    {
      "file_path": "/media/NFS/ttao/scannet/posed_images/scene0122_01/00240.jpg",
      "transform_matrix": [
        [
          0.369458,
          -0.525664,
          0.766275,
          1.168952
        ],
        [
          -0.916537,
          -0.070217,
          0.393737,
          1.855764
        ],
        [
          -0.153168,
          -0.847789,
          -0.507733,
          1.366259
        ],
        [
          0.0,
          0.0,
          0.0,
          1.0
        ]
      ]
    },
    {
      "file_path": "/media/NFS/ttao/scannet/posed_images/scene0122_01/00241.jpg",
      "transform_matrix": [
        [
          0.35907,
          -0.530566,
          0.767834,
          1.157661
        ],
        [
          -0.921786,
          -0.072715,
          0.38082,
          1.848116
        ],
        [
          -0.146217,
          -0.844519,
          -0.515177,
          1.364168
        ],
        [
          0.0,
          0.0,
          0.0,
          1.0
        ]
      ]
    },
    {
      "file_path": "/media/NFS/ttao/scannet/posed_images/scene0122_01/00246.jpg",
      "transform_matrix": [
        [
          0.303515,
          -0.517148,
          0.800273,
          1.122957
        ],
        [
          -0.946356,
          -0.065901,
          0.316333,
          1.802065
        ],
        [
          -0.110853,
          -0.853355,
