{
  "frames": [
    {
      "file_path": "/media/NFS/ttao/scannet/posed_images/scene0170_00/00000.jpg",
      "transform_matrix": [
        [
          0.173351,
          0.592298,
          -0.78685,
          3.264189
        ],
        [
          0.984858,
          -0.105806,
          0.137329,
          1.940071
        ],
        [
          -0.001913,
          -0.798742,
          -0.601671,
          1.28435
        ],
        [
          0.0,
          0.0,
          0.0,
          1.0
        ]
      ]
    },
    {
      "file_path": "/media/NFS/ttao/scannet/posed_images/scene0170_00/00004.jpg",
      "transform_matrix": [
        [
          0.155491,
          0.600889,
          -0.784063,
          3.280226
        ],
        [
          0.987779,
          -0.103232,
          0.116776,
          1.958162
        ],
        [
          -0.010771,
          -0.792638,
          -0.609597,
          1.281368
        ],
        [
          0.0,
          0.0,
          0.0,
          1.0
        ]
      ]
    },
    {
      "file_path": "/media/NFS/ttao/scannet/posed_images/scene0170_00/00008.jpg",
      "transform_matrix": [
        [
          0.144044,
          0.619012,
          -0.772059,
          3.287971
        ],
        [
          0.989526,
          -0.097554,
          0.106401,
          1.969354
        ],
        [
          -0.009454,
          -0.779299,
          -0.626581,
          1.272684
        ],
        [
          0.0,
          0.0,
          0.0,
          1.0
        ]
      ]
    },
    {
      "file_path": "/media/NFS/ttao/scannet/posed_images/scene0170_00/00010.jpg",
      "transform_matrix": [
        [
          0.135477,
          0.626215,
          -0.76779,
          3.293302
        ],
        [
          0.990704,
          -0.095262,
          0.097115,
          1.969349
        ],
        [
          -0.012326,
          -0.773809,
          -0.633299,
          1.264361
        ],
        [
          0.0,
          0.0,
          0.0,
          1.0
        ]
      ]
    },
    {
      "file_path": "/media/NFS/ttao/scannet/posed_images/scene0170_00/00013.jpg",
      "transform_matrix": [
        [
          0.130227,
          0.635825,
          -0.760768,
          3.299885
        ],
        [
          0.991439,
          -0.09082,
          0.093808,
          1.96286
        ],
        [
          -0.009447,
          -0.766472,
          -0.642209,
          1.253043
        ],
        [
          0.0,
          0.0,
          0.0,
          1.0
        ]
      ]
    },
    {
      "file_path": "/media/NFS/ttao/scannet/posed_images/scene0170_00/00017.jpg",
      "transform_matrix": [
        [
          0.139591,
          0.652982,
          -0.744398,
          3.303303
        ],
        [
          0.990209,
          -0.0919,
          0.105071,
          1.944533
        ],
        [
          0.000199,
          -0.751777,
          -0.659418,
          1.233672
        ],
        [
          0.0,
          0.0,
          0.0,
          1.0
        ]
      ]
    },
    {
      "file_path": "/media/NFS/ttao/scannet/posed_images/scene0170_00/00022.jpg",
      "transform_matrix": [
        [
          0.172913,
          0.6703,
          -0.721664,
          3.303563
        ],
        [
          0.984818,
          -0.106246,
          0.137282,
          1.90779
        ],
        [
          0.015346,
          -0.734445,
          -0.678494,
          1.210437
        ],
        [
          0.0,
          0.0,
          0.0,
          1.0
        ]
      ]
    },
    {
      "file_path": "/media/NFS/ttao/scannet/posed_images/scene0170_00/00025.jpg",
      "transform_matrix": [
        [
          0.192182,
          0.68059,
          -0.70701,
          3.301651
        ],
        [
          0.981191,
          -0.119923,
          0.151269,
          1.873131
        ],
        [
          0.018165,
          -0.722783,
          -0.690836,
          1.198868
        ],
        [
          0.0,
          0.0,
          0.0,
          1.0
        ]
      ]
    },
    {
      "file_path": "/media/NFS/ttao/scannet/posed_images/scene0170_00/00028.jpg",
      "transform_matrix": [
        [
          0.212862,
          0.680199,
          -0.701441,
          3.296948
        ],
        [
          0.977013,
          -0.139642,
          0.161076,
          1.838805
        ],
        [
          0.011613,
          -0.719604,
          -0.694287,
          1.194652
        ],
        [
          0.0,
          0.0,
          0.0,
          1.0
        ]
      ]
    },
    {
      "file_path": "/media/NFS/ttao/scannet/posed_images/scene0170_00/00029.jpg",
      "transform_matrix": [
        [
          0.221094,
          0.673096,
          -0.705733,
          3.297235
        ],
        [
          0.975195,
          -0.144703,
          0.1675,
          1.829097
        ],
        [
          0.010622,
          -0.72526,
          -0.688393,
          1.191888
        ],
        [
          0.0,
          0.0,
          0.0,
          1.0
        ]
      ]
    },
    {
      "file_path": "/media/NFS/ttao/scannet/posed_images/scene0170_00/00033.jpg",
      "transform_matrix": [
        [
          0.253895,
          0.649425,
          -0.716788,
          3.288312
        ],
        [
          0.967098,
          -0.158135,
          0.199284,
          1.793491
        ],
        [
          0.016071,
          -0.743801,
          -0.668208,
          1.19837
        ],
        [
          0.0,
          0.0,
          0.0,
          1.0
        ]
      ]
    },
    {
      "file_path": "/media/NFS/ttao/scannet/posed_images/scene0170_00/00036.jpg",
      "transform_matrix": [
        [
          0.276471,
          0.6193,
          -0.734868,
          3.282231
        ],
        [
          0.960836,
          -0.163063,
          0.224065,
          1.772021
        ],
        [
          0.018934,
          -0.768035,
          -0.640128,
          1.209417
        ],
        [
          0.0,
          0.0,
          0.0,
          1.0
        ]
      ]
    },
    {
      "file_path": "/media/NFS/ttao/scannet/posed_images/scene0170_00/00043.jpg",
      "transform_matrix": [
        [
          0.302314,
          0.584345,
          -0.753092,
          3.251047
        ],
        [
          0.952475,
          -0.154187,
          0.262714,
          1.722901
        ],
        [
          0.037398,
          -0.796723,
          -0.603187,
          1.214181
        ],
        [
          0.0,
          0.0,
          0.0,
          1.0
        ]
      ]
    },
    {
      "file_path": "/media/NFS/ttao/scannet/posed_images/scene0170_00/00046.jpg",
      "transform_matrix": [
        [
          0.294909,
          0.573465,
          -0.764308,
          3.232527
        ],
        [
          0.954732,
          -0.144246,
          0.260155,
          1.713239
        ],
        [
          0.038942,
          -0.806431,
          -0.590044,
          1.215237
        ],
        [
          0.0,
          0.0,
          0.0,
          1.0
        ]
      ]
    },
    {
      "file_path": "/media/NFS/ttao/scannet/posed_images/scene0170_00/00047.jpg",
      "transform_matrix": [
        [
          0.29169,
          0.570254,
          -0.767937,
          3.224775
        ],
        [
          0.955703,
          -0.14073,
          0.258507,
          1.714099
        ],
        [
          0.039343,
          -0.809324,
          -0.586044,
          1.22042
        ],
        [
          0.0,
          0.0,
          0.0,
          1.0
        ]
      ]
    },
    {
      "file_path": "/media/NFS/ttao/scannet/posed_images/scene0170_00/00051.jpg",
      "transform_matrix": [
        [
          0.29895,
          0.562497,
          -0.77086,
          3.192008
        ],
        [
          0.953256,
          -0.138829,
          0.268382,
          1.714849
        ],
        [
          0.043946,
          -0.81506,
          -0.577707,
          1.229516
        ],
        [
          0.0,
          0.0,
          0.0,
          1.0
        ]
      ]
    },
    {
      "file_path": "/media/NFS/ttao/scannet/posed_images/scene0170_00/00055.jpg",
      "transform_matrix": [
        [
          0.328053,
          0.551778,
          -0.766761,
          3.152954
        ],
        [
          0.943427,
          -0.149916,
          0.295755,
          1.719411
        ],
        [
          0.048241,
          -0.820406,
          -0.569743,
          1.242034
        ],
        [
          0.0,
          0.0,
          0.0,
          1.0
        ]
      ]
    },
    {
      "file_path": "/media/NFS/ttao/scannet/posed_images/scene0170_00/00058.jpg",
      "transform_matrix": [
        [
          0.349255,
          0.577685,
          -0.737768,
          3.11999
        ],
        [
          0.935567,
          -0.171032,
          0.308971,
          1.718303
        ],
        [
          0.052306,
          -0.798141,
          -0.600196,
          1.242662
        ],
        [
          0.0,
          0.0,
          0.0,
          1.0
        ]
      ]
    },
    {
      "file_path": "/media/NFS/ttao/scannet/posed_images/scene0170_00/00062.jpg",
      "transform_matrix": [
        [
          0.363858,
          0.576396,
          -0.731693,
          3.08551
        ],
        [
          0.930193,
          -0.183992,
          0.317628,
          1.704209
        ],
        [
          0.048454,
          -0.796188,
          -0.603106,
          1.244989
        ],
        [
          0.0,
          0.0,
          0.0,
          1.0
        ]
      ]
    },
    {
      "file_path": "/media/NFS/ttao/scannet/posed_images/scene0170_00/00065.jpg",
      "transform_matrix": [
        [
          0.379828,
          0.579466,
          -0.721076,
          3.060863
        ],
        [
          0.923643,
          -0.194473,
          0.330249,
          1.678645
        ],
        [
          0.051139,
          -0.791454,
          -0.609085,
          1.242162
        ],
        [
          0.0,
          0.0,
          0.0,
          1.0
        ]
      ]
    },
    {
      "file_path": "/media/NFS/ttao/scannet/posed_images/scene0170_00/00068.jpg",
      "transform_matrix": [
        [
          0.400818,
          0.577089,
          -0.711557,
          3.038793
        ],
        [
          0.914135,
          -0.200341,
          0.352449,
          1.646742
        ],
        [
          0.060841,
          -0.791727,
          -0.607837,
          1.239702
        ],
        [
          0.0,
          0.0,
          0.0,
          1.0
        ]
      ]
    },
    {
      "file_path": "/media/NFS/ttao/scannet/posed_images/scene0170_00/00071.jpg",
      "transform_matrix": [
        [
          0.416228,
          0.573593,
          -0.705511,
          3.022455
        ],
        [
          0.906551,
          -0.201933,
          0.37066,
          1.604385
        ],
        [
          0.070142,
          -0.79386,
          -0.604041,
          1.231613
        ],
        [
          0.0,
          0.0,
          0.0,
          1.0
        ]
      ]
    },
    {
      "file_path": "/media/NFS/ttao/scannet/posed_images/scene0170_00/00076.jpg",
      "transform_matrix": [
        [
          0.452134,
          0.565838,
          -0.689494,
          2.996348
        ],
        [
          0.887105,
          -0.204805,
          0.413642,
          1.516943
        ],
        [
          0.092843,
          -0.798675,
          -0.594557,
          1.224302
        ],
        [
          0.0,
          0.0,
          0.0,
          1.0
        ]
      ]
    },
    {
      "file_path": "/media/NFS/ttao/scannet/posed_images/scene0170_00/00077.jpg",
      "transform_matrix": [
        [
          0.460554,
          0.564975,
          -0.684612,
          2.991694
        ],
        [
          0.882194,
          -0.206102,
          0.423386,
          1.497657
        ],
        [
          0.098102,
          -0.798953,
          -0.593338,
          1.222794
        ],
        [
          0.0,
          0.0,
          0.0,
          1.0
        ]
      ]
    },
    {
      "file_path": "/media/NFS/ttao/scannet/posed_images/scene0170_00/00082.jpg",
      "transform_matrix": [
        [
          0.483213,
          0.572787,
          -0.662133,
          2.967661
        ],
        [
          0.869842,
          -0.228226,
          0.437365,
          1.377008
        ],
        [
          0.099401,
          -0.787291,
          -0.608516,
          1.208129
        ],
        [
          0.0,
          0.0,
          0.0,
          1.0
        ]
      ]
    },
    {
      "file_path": "/media/NFS/ttao/scannet/posed_images/scene0170_00/00084.jpg",
      "transform_matrix": [
        [
          0.468064,
          0.564485,
          -0.679907,
          2.957763
        ],
        [
          0.881354,
          -0.24224,
          0.405628,
          1.33641
        ],
        [
          0.06427,
          -0.789099,
          -0.610895,
          1.204832
        ],
        [
          0.0,
          0.0,
          0.0,
          1.0
        ]
      ]
    },
    {
      "file_path": "/media/NFS/ttao/scannet/posed_images/scene0170_00/00088.jpg",
      "transform_matrix": [
        [
          0.483759,
          0.525471,
          -0.699898,
          2.926035
        ],
        [
          0.875199,
          -0.288447,
          0.388362,
          1.264854
        ],
        [
          0.002189,
          -0.800423,
          -0.599431,
          1.20822
        ],
        [
          0.0,
          0.0,
          0.0,
          1.0
        ]
      ]
    },
    {
      "file_path": "/media/NFS/ttao/scannet/posed_images/scene0170_00/00092.jpg",
      "transform_matrix": [
        [
          0.555551,
          0.513966,
          -0.653607,
          2.891512
        ],
        [
          0.831418,
          -0.333602,
          0.444358,
          1.216146
        ],
        [
          0.01034,
          -0.790284,
          -0.612654,
          1.210372
        ],
        [
          0.0,
          0.0,
          0.0,
          1.0
        ]
      ]
    },
    {
      "file_path": "/media/NFS/ttao/scannet/posed_images/scene0170_00/00095.jpg",
      "transform_matrix": [
        [
          0.603361,
          0.496574,
          -0.623995,
          2.88502
        ],
        [
          0.796955,
          -0.347392,
          0.494147,
          1.200743
        ],
        [
          0.028609,
          -0.795445,
          -0.60535,
          1.210298
        ],
        [
          0.0,
          0.0,
          0.0,
          1.0
        ]
      ]
    },
    {
      "file_path": "/media/NFS/ttao/scannet/posed_images/scene0170_00/00099.jpg",
      "transform_matrix": [
        [
          0.658873,
          0.472893,
          -0.585028,
          2.88438
        ],
        [
          0.751339,
          -0.37533,
          0.542787,
          1.183727
        ],
        [
          0.037101,
          -0.797182,
          -0.602598,
          1.207525
        ],
        [
          0.0,
          0.0,
          0.0,
          1.0
        ]
      ]
    },
    {
      "file_path": "/media/NFS/ttao/scannet/posed_images/scene0170_00/00100.jpg",
      "transform_matrix": [
        [
          0.670082,
          0.470309,
          -0.574281,
          2.882635
        ],
        [
          0.741344,
          -0.385044,
          0.549681,
          1.176964
        ],
        [
          0.037396,
          -0.794072,
          -0.606673,
          1.205898
        ],
        [
          0.0,
          0.0,
          0.0,
          1.0
        ]
      ]
    },
    {
      "file_path": "/media/NFS/ttao/scannet/posed_images/scene0170_00/00105.jpg",
      "transform_matrix": [
        [
          0.690565,
          0.463141,
          -0.555536,
          2.893314
        ],
        [
          0.72223,
          -0.400379,
          0.563986,
          1.159058
        ],
        [
          0.03878,
          -0.790694,
          -0.610982,
          1.196232
        ],
        [
          0.0,
          0.0,
          0.0,
          1.0
        ]
      ]
    },
    {
      "file_path": "/media/NFS/ttao/scannet/posed_images/scene0170_00/00108.jpg",
      "transform_matrix": [
        [
          0.671519,
          0.476708,
          -0.567284,
          2.896022
        ],
        [
          0.73986,
          -0.389141,
          0.548796,
          1.143507
        ],
        [
          0.040862,
          -0.788238,
          -0.614012,
          1.189672
        ],
        [
          0.0,
          0.0,
          0.0,
          1.0
        ]
      ]
    },
    {
      "file_path": "/media/NFS/ttao/scannet/posed_images/scene0170_00/00111.jpg",
      "transform_matrix": [
        [
          0.657535,
          0.486375,
          -0.575401,
          2.899324
        ],
        [
          0.752766,
          -0.392203,
          0.528696,
          1.136478
        ],
        [
          0.031471,
          -0.780779,
          -0.624014,
          1.187648
        ],
        [
          0.0,
          0.0,
          0.0,
          1.0
        ]
      ]
    },
    {
      "file_path": "/media/NFS/ttao/scannet/posed_images/scene0170_00/00115.jpg",
      "transform_matrix": [
        [
          0.641186,
          0.496614,
          -0.585026,
          2.902166
        ],
        [
          0.767056,
          -0.392422,
          0.507572,
          1.133384
        ],
        [
          0.02249,
          -0.774196,
          -0.632547,
          1.191325
        ],
        [
          0.0,
          0.0,
          0.0,
          1.0
        ]
      ]
    },
    {
      "file_path": "/media/NFS/ttao/scannet/posed_images/scene0170_00/00118.jpg",
      "transform_matrix": [
        [
          0.643669,
          0.492711,
          -0.585599,
          2.90271
        ],
        [
          0.764909,
          -0.389588,
          0.512968,
          1.13291
        ],
        [
          0.024602,
          -0.778111,
          -0.627644,
          1.193901
        ],
        [
          0.0,
          0.0,
          0.0,
          1.0
        ]
      ]
    },
    {
      "file_path": "/media/NFS/ttao/scannet/posed_images/scene0170_00/00123.jpg",
      "transform_matrix": [
        [
          0.659814,
          0.483161,
          -0.5755,
          2.900611
        ],
        [
          0.751269,
          -0.408383,
          0.518477,
          1.143161
        ],
        [
          0.015483,
          -0.774454,
          -0.632441,
          1.210025
        ],
        [
          0.0,
          0.0,
          0.0,
          1.0
        ]
      ]
    },
    {
      "file_path": "/media/NFS/ttao/scannet/posed_images/scene0170_00/00126.jpg",
      "transform_matrix": [
        [
          0.679681,
          0.45598,
          -0.574556,
          2.901326
        ],
        [
          0.733474,
          -0.414971,
          0.538345,
          1.156265
        ],
        [
          0.007051,
          -0.787325,
          -0.616497,
          1.230709
        ],
        [
          0.0,
          0.0,
          0.0,
          1.0
        ]
      ]
    },
    {
      "file_path": "/media/NFS/ttao/scannet/posed_images/scene0170_00/00129.jpg",
      "transform_matrix": [
        [
          0.699356,
          0.443593,
          -0.56047,
          2.900349
        ],
        [
          0.71399,
          -0.39684,
          0.576833,
          1.166195
        ],
        [
          0.033463,
          -0.803581,
          -0.594254,
          1.25194
        ],
        [
          0.0,
          0.0,
          0.0,
          1.0
        ]
      ]
    },
    {
      "file_path": "/media/NFS/ttao/scannet/posed_images/scene0170_00/00131.jpg",
      "transform_matrix": [
        [
          0.715506,
          0.437395,
          -0.544735,
          2.89486
        ],
        [
          0.696693,
          -0.389084,
          0.602687,
          1.170914
        ],
        [
          0.051665,
          -0.81074,
          -0.583122,
          1.263417
        ],
        [
          0.0,
          0.0,
          0.0,
          1.0
        ]
      ]
    },
    {
      "file_path": "/media/NFS/ttao/scannet/posed_images/scene0170_00/00136.jpg",
      "transform_matrix": [
        [
          0.736226,
          0.387342,
          -0.55492,
          2.893484
        ],
        [
          0.675827,
          -0.37835,
          0.632542,
          1.182739
        ],
        [
          0.035056,
          -0.840724,
          -0.540328,
          1.29989
        ],
        [
          0.0,
          0.0,
          0.0,
          1.0
        ]
      ]
    },
    {
      "file_path": "/media/NFS/ttao/scannet/posed_images/scene0170_00/00138.jpg",
      "transform_matrix": [
        [
          0.738621,
          0.372073,
          -0.56214,
          2.893855
        ],
        [
          0.67319,
          -0.363291,
          0.644077,
          1.186304
        ],
        [
          0.035423,
          -0.854155,
          -0.51881,
          1.316571
        ],
        [
          0.0,
          0.0,
          0.0,
          1.0
        ]
      ]
    },
    {
      "file_path": "/media/NFS/ttao/scannet/posed_images/scene0170_00/00144.jpg",
      "transform_matrix": [
        [
          0.748024,
          0.358903,
          -0.558256,
          2.892937
        ],
        [
          0.662065,
          -0.345035,
          0.665298,
          1.187945
        ],
        [
          0.04616,
          -0.86726,
          -0.495711,
          1.336695
        ],
        [
          0.0,
          0.0,
          0.0,
          1.0
        ]
      ]
    },
    {
      "file_path": "/media/NFS/ttao/scannet/posed_images/scene0170_00/00147.jpg",
      "transform_matrix": [
        [
          0.754683,
          0.35491,
          -0.551808,
          2.894017
        ],
        [
          0.653881,
          -0.337922,
          0.67694,
          1.192604
        ],
        [
          0.053784,
          -0.871693,
          -0.487093,
          1.343443
        ],
        [
          0.0,
          0.0,
          0.0,
          1.0
        ]
      ]
    },
    {
      "file_path": "/media/NFS/ttao/scannet/posed_images/scene0170_00/00148.jpg",
      "transform_matrix": [
        [
          0.756914,
          0.35296,
          -0.550001,
          2.894422
        ],
        [
          0.651201,
          -0.33659,
          0.68018,
          1.194017
        ],
        [
          0.054951,
          -0.872999,
          -0.484617,
          1.345994
        ],
        [
          0.0,
          0.0,
          0.0,
          1.0
        ]
      ]
    },
    {
      "file_path": "/media/NFS/ttao/scannet/posed_images/scene0170_00/00154.jpg",
      "transform_matrix": [
        [
          0.765202,
          0.320577,
          -0.558298,
          2.897044
        ],
        [
          0.642477,
          -0.324888,
          0.694025,
          1.204961
        ],
        [
          0.041104,
          -0.889763,
          -0.454568,
          1.366892
        ],
        [
          0.0,
          0.0,
          0.0,
          1.0
        ]
      ]
    },
    {
      "file_path": "/media/NFS/ttao/scannet/posed_images/scene0170_00/00157.jpg",
      "transform_matrix": [
        [
          0.76593,
          0.295159,
          -0.571168,
          2.898246
        ],
        [
          0.6426,
          -0.323236,
          0.694682,
          1.209742
        ],
        [
          0.02042,
          -0.899111,
          -0.437245,
          1.380823
        ],
        [
          0.0,
          0.0,
          0.0,
          1.0
        ]
      ]
    },
    {
      "file_path": "/media/NFS/ttao/scannet/posed_images/scene0170_00/00160.jpg",
      "transform_matrix": [
        [
          0.766088,
          0.271313,
          -0.582665,
          2.903009
        ],
        [
          0.642593,
          -0.304193,
          0.703236,
          1.218203
        ],
        [
          0.013554,
          -0.913157,
          -0.407382,
          1.399698
        ],
        [
          0.0,
          0.0,
          0.0,
          1.0
        ]
      ]
    },
    {
      "file_path": "/media/NFS/ttao/scannet/posed_images/scene0170_00/00164.jpg",
      "transform_matrix": [
        [
          0.774206,
          0.244927,
          -0.583623,
          2.909326
        ],
        [
          0.632708,
          -0.274886,
          0.72396,
          1.22261
        ],
        [
          0.016888,
          -0.929757,
          -0.367786,
          1.413774
        ],
        [
          0.0,
          0.0,
          0.0,
          1.0
        ]
      ]
    },
    {
      "file_path": "/media/NFS/ttao/scannet/posed_images/scene0170_00/00167.jpg",
      "transform_matrix": [
        [
          0.779204,
          0.234345,
          -0.581311,
          2.91237
        ],
        [
          0.626523,
          -0.265197,
          0.732898,
          1.229923
        ],
        [
          0.017589,
          -0.935282,
          -0.353466,
          1.420356
        ],
        [
          0.0,
          0.0,
          0.0,
          1.0
        ]
      ]
    },
    {
      "file_path": "/media/NFS/ttao/scannet/posed_images/scene0170_00/00170.jpg",
      "transform_matrix": [
        [
          0.782187,
          0.228481,
          -0.579637,
          2.915
        ],
        [
          0.622855,
          -0.263868,
          0.736495,
          1.229581
        ],
        [
          0.015327,
          -0.937107,
          -0.348705,
          1.41742
        ],
        [
          0.0,
          0.0,
          0.0,
          1.0
        ]
      ]
    },
    {
      "file_path": "/media/NFS/ttao/scannet/posed_images/scene0170_00/00171.jpg",
      "transform_matrix": [
        [
          0.782265,
          0.228601,
          -0.579485,
          2.915015
        ],
        [
          0.622734,
          -0.262748,
          0.736997,
          1.228792
        ],
        [
          0.016219,
          -0.937392,
          -0.347897,
          1.414192
        ],
        [
          0.0,
          0.0,
          0.0,
          1.0
        ]
      ]
    },
    {
      "file_path": "/media/NFS/ttao/scannet/posed_images/scene0170_00/00175.jpg",
      "transform_matrix": [
        [
          0.780517,
          0.240634,
          -0.576965,
          2.911759
        ],
        [
          0.624755,
          -0.268094,
          0.733353,
          1.231141
        ],
        [
          0.021789,
          -0.932856,
          -0.359589,
          1.408741
        ],
        [
          0.0,
          0.0,
          0.0,
          1.0
        ]
      ]
    },
    {
      "file_path": "/media/NFS/ttao/scannet/posed_images/scene0170_00/00178.jpg",
      "transform_matrix": [
        [
          0.775921,
          0.246082,
          -0.580853,
          2.910317
        ],
        [
          0.630669,
          -0.281816,
          0.723074,
          1.23213
        ],
        [
          0.014242,
          -0.927374,
          -0.373864,
          1.4011
        ],
        [
          0.0,
          0.0,
          0.0,
          1.0
        ]
      ]
    },
    {
      "file_path": "/media/NFS/ttao/scannet/posed_images/scene0170_00/00182.jpg",
      "transform_matrix": [
        [
          0.772771,
          0.269677,
          -0.574543,
          2.902975
        ],
        [
          0.634587,
          -0.312389,
          0.706903,
          1.237669
        ],
        [
          0.011155,
          -0.910872,
          -0.412539,
          1.391321
        ],
        [
          0.0,
          0.0,
          0.0,
          1.0
        ]
      ]
    },
    {
      "file_path": "/media/NFS/ttao/scannet/posed_images/scene0170_00/00185.jpg",
      "transform_matrix": [
        [
          0.771434,
          0.27803,
          -0.572353,
          2.900344
        ],
        [
          0.636228,
          -0.322703,
          0.700768,
          1.238734
        ],
        [
          0.010134,
          -0.904744,
          -0.425835,
          1.376284
        ],
        [
          0.0,
          0.0,
          0.0,
          1.0
        ]
      ]
    },
    {
      "file_path": "/media/NFS/ttao/scannet/posed_images/scene0170_00/00190.jpg",
      "transform_matrix": [
        [
          0.769089,
          0.311737,
          -0.557963,
          2.89444
        ],
        [
          0.639044,
          -0.359789,
          0.679834,
          1.256177
        ],
        [
          0.01118,
          -0.879416,
          -0.475923,
          1.356056
        ],
        [
          0.0,
          0.0,
          0.0,
          1.0
        ]
      ]
    },
    {
      "file_path": "/media/NFS/ttao/scannet/posed_images/scene0170_00/00191.jpg",
      "transform_matrix": [
        [
          0.768067,
          0.315382,
          -0.557321,
          2.895779
        ],
        [
          0.640314,
          -0.36678,
          0.674885,
          1.259774
        ],
        [
          0.008433,
          -0.875218,
          -0.483655,
          1.349191
        ],
        [
          0.0,
          0.0,
          0.0,
          1.0
        ]
      ]
    },
    {
      "file_path": "/media/NFS/ttao/scannet/posed_images/scene0170_00/00198.jpg",
      "transform_matrix": [
        [
          0.751768,
          0.354941,
          -0.555754,
          2.893772
        ],
        [
          0.65925,
          -0.424136,
          0.620885,
          1.306381
        ],
        [
          -0.015338,
          -0.833142,
          -0.552846,
          1.310062
        ],
        [
          0.0,
          0.0,
          0.0,
          1.0
        ]
      ]
    },
    {
      "file_path": "/media/NFS/ttao/scannet/posed_images/scene0170_00/00200.jpg",
      "transform_matrix": [
        [
          0.742901,
          0.363648,
          -0.562013,
          2.893165
        ],
        [
          0.668847,
          -0.437404,
          0.6011,
          1.324217
        ],
        [
          -0.027238,
          -0.822459,
          -0.568173,
          1.302258
        ],
        [
          0.0,
          0.0,
          0.0,
          1.0
        ]
      ]
    },
    {
      "file_path": "/media/NFS/ttao/scannet/posed_images/scene0170_00/00205.jpg",
      "transform_matrix": [
        [
          0.705786,
          0.390343,
          -0.591183,
          2.899033
        ],
        [
          0.706245,
          -0.453099,
          0.543984,
          1.381969
        ],
        [
          -0.055524,
          -0.801457,
          -0.595469,
          1.281678
        ],
        [
          0.0,
          0.0,
          0.0,
          1.0
        ]
      ]
    },
    {
      "file_path": "/media/NFS/ttao/scannet/posed_images/scene0170_00/00206.jpg",
      "transform_matrix": [
        [
          0.693718,
          0.396557,
          -0.601247,
          2.901729
        ],
        [
          0.717765,
          -0.449877,
          0.531436,
          1.395426
        ],
        [
          -0.059742,
          -0.800221,
          -0.596722,
          1.279096
        ],
        [
          0.0,
          0.0,
          0.0,
          1.0
        ]
      ]
    },
    {
      "file_path": "/media/NFS/ttao/scannet/posed_images/scene0170_00/00209.jpg",
      "transform_matrix": [
        [
          0.643793,
          0.424348,
          -0.636757,
          2.911505
        ],
        [
          0.762364,
          -0.427266,
          0.48605,
          1.432463
        ],
        [
          -0.06581,
          -0.798356,
          -0.598578,
          1.273234
        ],
        [
          0.0,
          0.0,
          0.0,
          1.0
        ]
      ]
    },
    {
      "file_path": "/media/NFS/ttao/scannet/posed_images/scene0170_00/00215.jpg",
      "transform_matrix": [
        [
          0.586231,
          0.507333,
          -0.631623,
          2.923651
        ],
        [
          0.810085,
          -0.376515,
          0.449442,
          1.497826
        ],
        [
          -0.009799,
          -0.775145,
          -0.631707,
          1.261214
        ],
        [
          0.0,
          0.0,
          0.0,
          1.0
        ]
      ]
    },
    {
      "file_path": "/media/NFS/ttao/scannet/posed_images/scene0170_00/00218.jpg",
      "transform_matrix": [
        [
          0.570843,
          0.524106,
          -0.632021,
          2.927683
        ],
        [
          0.82093,
          -0.377992,
          0.428015,
          1.524889
        ],
        [
          -0.014574,
          -0.763174,
          -0.646029,
          1.24821
        ],
        [
          0.0,
          0.0,
          0.0,
          1.0
        ]
      ]
    },
    {
      "file_path": "/media/NFS/ttao/scannet/posed_images/scene0170_00/00219.jpg",
      "transform_matrix": [
        [
          0.565393,
          0.525716,
          -0.635573,
          2.928769
        ],
        [
          0.824593,
          -0.378391,
          0.420555,
          1.535005
        ],
        [
          -0.019402,
          -0.761868,
          -0.647442,
          1.245277
        ],
        [
          0.0,
          0.0,
          0.0,
          1.0
        ]
      ]
    },
    {
      "file_path": "/media/NFS/ttao/scannet/posed_images/scene0170_00/00225.jpg",
      "transform_matrix": [
        [
          0.468312,
          0.552502,
          -0.689512,
          2.926404
        ],
        [
          0.881504,
          -0.345411,
          0.321936,
          1.592505
        ],
        [
          -0.060295,
          -0.758573,
          -0.648792,
          1.232077
        ],
        [
          0.0,
          0.0,
          0.0,
          1.0
        ]
      ]
    },
    {
      "file_path": "/media/NFS/ttao/scannet/posed_images/scene0170_00/00227.jpg",
      "transform_matrix": [
        [
          0.398643,
          0.573396,
          -0.715752,
          2.925898
        ],
        [
          0.914797,
          -0.30396,
          0.265998,
          1.60433
        ],
        [
          -0.065038,
          -0.760806,
          -0.645712,
          1.229806
        ],
        [
          0.0,
          0.0,
          0.0,
          1.0
        ]
      ]
    },
    {
      "file_path": "/media/NFS/ttao/scannet/posed_images/scene0170_00/00231.jpg",
      "transform_matrix": [
        [
          0.24709,
          0.605279,
          -0.756692,
          2.926009
        ],
        [
          0.968092,
          -0.18787,
          0.165843,
          1.621652
        ],
        [
          -0.041779,
          -0.773525,
          -0.632387,
          1.231164
        ],
        [
          0.0,
          0.0,
          0.0,
          1.0
        ]
      ]
    },
    {
      "file_path": "/media/NFS/ttao/scannet/posed_images/scene0170_00/00233.jpg",
      "transform_matrix": [
        [
          0.185716,
          0.636347,
          -0.748713,
          2.930877
        ],
        [
          0.98259,
          -0.124317,
          0.138069,
          1.628123
        ],
        [
          -0.005218,
          -0.761319,
          -0.648356,
          1.230162
        ],
        [
          0.0,
          0.0,
          0.0,
          1.0
        ]
      ]
    },
    {
      "file_path": "/media/NFS/ttao/scannet/posed_images/scene0170_00/00236.jpg",
      "transform_matrix": [
        [
          0.107916,
          0.638794,
          -0.761772,
          2.950579
        ],
        [
          0.993739,
          -0.047017,
          0.101351,
          1.645535
        ],
        [
          0.028926,
          -0.76794,
          -0.639869,
          1.23065
        ],
        [
          0.0,
          0.0,
          0.0,
          1.0
        ]
      ]
    },
    {
      "file_path": "/media/NFS/ttao/scannet/posed_images/scene0170_00/00241.jpg",
      "transform_matrix": [
        [
          0.0179,
          0.634111,
          -0.773035,
          2.985483
        ],
        [
          0.999547,
          0.007351,
          0.029175,
          1.682117
        ],
        [
          0.024183,
          -0.773207,
          -0.633692,
          1.240087
        ],
        [
          0.0,
          0.0,
          0.0,
          1.0
        ]
      ]
    },
    {
      "file_path": "/media/NFS/ttao/scannet/posed_images/scene0170_00/00242.jpg",
      "transform_matrix": [
        [
          0.000362,
          0.633465,
          -0.773771,
          2.993761
        ],
        [
          0.999655,
          0.020094,
          0.016918,
          1.688418
        ],
        [
          0.026265,
          -0.773511,
          -0.633239,
          1.241785
        ],
        [
          0.0,
          0.0,
          0.0,
          1.0
        ]
      ]
    },
    {
      "file_path": "/media/NFS/ttao/scannet/posed_images/scene0170_00/00246.jpg",
      "transform_matrix": [
        [
          -0.085275,
          0.614176,
          -0.784548,
          3.043173
        ],
        [
          0.995682,
          0.081523,
          -0.044404,
          1.720748
        ],
        [
          0.036687,
          -0.784947,
          -0.618476,
          1.244594
        ],
        [
          0.0,
          0.0,
          0.0,
          1.0
        ]
      ]
    },
    {
      "file_path": "/media/NFS/ttao/scannet/posed_images/scene0170_00/00250.jpg",
      "transform_matrix": [
        [
          -0.153038,
          0.572076,
          -0.805797,
          3.103427
        ],
        [
          0.986994,
          0.129093,
          -0.095802,
          1.778631
        ],
        [
          0.049217,
          -0.809978,
          -0.584392,
          1.245497
        ],
        [
          0.0,
          0.0,
          0.0,
          1.0
        ]
      ]
    },
    {
      "file_path": "/media/NFS/ttao/scannet/posed_images/scene0170_00/00253.jpg",
      "transform_matrix": [
        [
          -0.186976,
          0.575296,
          -0.796288,
          3.138071
        ],
        [
          0.981267,
          0.147682,
          -0.123715,
          1.813706
        ],
        [
          0.046425,
          -0.804503,
          -0.592132,
          1.245961
        ],
        [
          0.0,
          0.0,
          0.0,
          1.0
        ]
      ]
    },
    {
      "file_path": "/media/NFS/ttao/scannet/posed_images/scene0170_00/00258.jpg",
      "transform_matrix": [
        [
          -0.231587,
          0.588322,
          -0.774755,
          3.194605
        ],
        [
          0.972206,
          0.168112,
          -0.162951,
          1.860678
        ],
        [
          0.034378,
          -0.790959,
          -0.610903,
          1.241486
        ],
        [
          0.0,
          0.0,
          0.0,
          1.0
        ]
      ]
    },
    {
      "file_path": "/media/NFS/ttao/scannet/posed_images/scene0170_00/00260.jpg",
      "transform_matrix": [
        [
          -0.250211,
          0.582898,
          -0.773061,
          3.215886
        ],
        [
          0.967994,
          0.166722,
          -0.187593,
          1.87894
        ],
        [
          0.019539,
          -0.795257,
          -0.605958,
          1.237292
        ],
        [
          0.0,
          0.0,
          0.0,
