{
  "frames": [
    {
      "file_path": "/media/NFS/ttao/scannet/posed_images/scene0252_00/00000.jpg",
      "transform_matrix": [
        [
          0.513001,
          0.282521,
          -0.810563,
          3.318188
        ],
        [
          0.858388,
          -0.169115,
          0.484324,
          3.368204
        ],
        [
          -0.000247,
          -0.944236,
          -0.329268,
          1.466565
        ],
        [
          0.0,
          0.0,
          0.0,
          1.0
        ]
      ]
    },
    {
      "file_path": "/media/NFS/ttao/scannet/posed_images/scene0252_00/00004.jpg",
      "transform_matrix": [
        [
          0.507065,
          0.322977,
          -0.799106,
          3.320078
        ],
        [
          0.861907,
          -0.191018,
          0.46971,
          3.373046
        ],
        [
          -0.000938,
          -0.926929,
          -0.375235,
          1.445329
        ],
        [
          0.0,
          0.0,
          0.0,
          1.0
        ]
      ]
    },
    {
      "file_path": "/media/NFS/ttao/scannet/posed_images/scene0252_00/00009.jpg",
      "transform_matrix": [
        [
          0.491431,
          0.357963,
          -0.793951,
          3.325925
        ],
        [
          0.870826,
          -0.215126,
          0.442022,
          3.378427
        ],
        [
          -0.012572,
          -0.908616,
          -0.417443,
          1.396304
        ],
        [
          0.0,
          0.0,
          0.0,
          1.0
        ]
      ]
    },
    {
      "file_path": "/media/NFS/ttao/scannet/posed_images/scene0252_00/00015.jpg",
      "transform_matrix": [
        [
          0.485945,
          0.445256,
          -0.752066,
          3.313377
        ],
        [
          0.873906,
          -0.259398,
          0.411097,
          3.4133
        ],
        [
          -0.012041,
          -0.857006,
          -0.515165,
          1.347779
        ],
        [
          0.0,
          0.0,
          0.0,
          1.0
        ]
      ]
    },
    {
      "file_path": "/media/NFS/ttao/scannet/posed_images/scene0252_00/00022.jpg",
      "transform_matrix": [
        [
          0.487577,
          0.489715,
          -0.722806,
          3.33973
        ],
        [
          0.87308,
          -0.27394,
          0.403347,
          3.411976
        ],
        [
          -0.00048,
          -0.82773,
          -0.561127,
          1.268805
        ],
        [
          0.0,
          0.0,
          0.0,
          1.0
        ]
      ]
    },
    {
      "file_path": "/media/NFS/ttao/scannet/posed_images/scene0252_00/00025.jpg",
      "transform_matrix": [
        [
          0.478172,
          0.519191,
          -0.708373,
          3.350824
        ],
        [
          0.878227,
          -0.290272,
          0.380078,
          3.416443
        ],
        [
          -0.008288,
          -0.803855,
          -0.594768,
          1.245569
        ],
        [
          0.0,
          0.0,
          0.0,
          1.0
        ]
      ]
    },
    {
      "file_path": "/media/NFS/ttao/scannet/posed_images/scene0252_00/00033.jpg",
      "transform_matrix": [
        [
          0.458781,
          0.603225,
          -0.652411,
          3.373196
        ],
        [
          0.888383,
          -0.32562,
          0.323647,
          3.424062
        ],
        [
          -0.017206,
          -0.728074,
          -0.685283,
          1.188722
        ],
        [
          0.0,
          0.0,
          0.0,
          1.0
        ]
      ]
    },
    {
      "file_path": "/media/NFS/ttao/scannet/posed_images/scene0252_00/00036.jpg",
      "transform_matrix": [
        [
          0.457862,
          0.622485,
          -0.634724,
          3.372842
        ],
        [
          0.888936,
          -0.330578,
          0.317036,
          3.423049
        ],
        [
          -0.012475,
          -0.709388,
          -0.704708,
          1.183409
        ],
        [
          0.0,
          0.0,
          0.0,
          1.0
        ]
      ]
    },
    {
      "file_path": "/media/NFS/ttao/scannet/posed_images/scene0252_00/00039.jpg",
      "transform_matrix": [
        [
          0.4497,
          0.618179,
          -0.644689,
          3.369115
        ],
        [
          0.893025,
          -0.324612,
          0.311662,
          3.425651
        ],
        [
          -0.016611,
          -0.715878,
          -0.698027,
          1.195524
        ],
        [
          0.0,
          0.0,
          0.0,
          1.0
        ]
      ]
    },
    {
      "file_path": "/media/NFS/ttao/scannet/posed_images/scene0252_00/00043.jpg",
      "transform_matrix": [
        [
          0.429791,
          0.58784,
          -0.685364,
          3.357746
        ],
        [
          0.902825,
          -0.291257,
          0.316348,
          3.43269
        ],
        [
          -0.013655,
          -0.754727,
          -0.655897,
          1.231466
        ],
        [
          0.0,
          0.0,
          0.0,
          1.0
        ]
      ]
    },
    {
      "file_path": "/media/NFS/ttao/scannet/posed_images/scene0252_00/00050.jpg",
      "transform_matrix": [
        [
          0.386629,
          0.518456,
          -0.762707,
          3.343699
        ],
        [
          0.922139,
          -0.205366,
          0.327849,
          3.473443
        ],
        [
          0.013341,
          -0.830078,
          -0.557488,
          1.318716
        ],
        [
          0.0,
          0.0,
          0.0,
          1.0
        ]
      ]
    },
    {
      "file_path": "/media/NFS/ttao/scannet/posed_images/scene0252_00/00056.jpg",
      "transform_matrix": [
        [
          0.385189,
          0.407837,
          -0.827828,
          3.328416
        ],
        [
          0.922794,
          -0.161522,
          0.349801,
          3.506951
        ],
        [
          0.008949,
          -0.898654,
          -0.438566,
          1.419999
        ],
        [
          0.0,
          0.0,
          0.0,
          1.0
        ]
      ]
    },
    {
      "file_path": "/media/NFS/ttao/scannet/posed_images/scene0252_00/00062.jpg",
      "transform_matrix": [
        [
          0.378176,
          0.303607,
          -0.874532,
          3.356063
        ],
        [
          0.925681,
          -0.114008,
          0.360716,
          3.531504
        ],
        [
          0.009812,
          -0.945952,
          -0.324158,
          1.489096
        ],
        [
          0.0,
          0.0,
          0.0,
          1.0
        ]
      ]
    },
    {
      "file_path": "/media/NFS/ttao/scannet/posed_images/scene0252_00/00064.jpg",
      "transform_matrix": [
        [
          0.381671,
          0.277493,
          -0.88166,
          3.357035
        ],
        [
          0.924218,
          -0.102045,
          0.367977,
          3.533746
        ],
        [
          0.012142,
          -0.955293,
          -0.295412,
          1.513393
        ],
        [
          0.0,
          0.0,
          0.0,
          1.0
        ]
      ]
    },
    {
      "file_path": "/media/NFS/ttao/scannet/posed_images/scene0252_00/00071.jpg",
      "transform_matrix": [
        [
          0.406086,
          0.178071,
          -0.896317,
          3.358137
        ],
        [
          0.913801,
          -0.0707,
          0.399962,
          3.534074
        ],
        [
          0.007853,
          -0.981475,
          -0.191432,
          1.587083
        ],
        [
          0.0,
          0.0,
          0.0,
          1.0
        ]
      ]
    },
    {
      "file_path": "/media/NFS/ttao/scannet/posed_images/scene0252_00/00073.jpg",
      "transform_matrix": [
        [
          0.409482,
          0.150979,
          -0.899738,
          3.356203
        ],
        [
          0.912305,
          -0.062431,
          0.404725,
          3.534437
        ],
        [
          0.004933,
          -0.986563,
          -0.163304,
          1.606943
        ],
        [
          0.0,
          0.0,
          0.0,
          1.0
        ]
      ]
    },
    {
      "file_path": "/media/NFS/ttao/scannet/posed_images/scene0252_00/00082.jpg",
      "transform_matrix": [
        [
          0.462067,
          0.057824,
          -0.884958,
          3.337657
        ],
        [
          0.886071,
          0.011576,
          0.463405,
          3.512592
        ],
        [
          0.03704,
          -0.99826,
          -0.045888,
          1.63743
        ],
        [
          0.0,
          0.0,
          0.0,
          1.0
        ]
      ]
    },
    {
      "file_path": "/media/NFS/ttao/scannet/posed_images/scene0252_00/00083.jpg",
      "transform_matrix": [
        [
          0.462258,
          0.050506,
          -0.885306,
          3.333978
        ],
        [
          0.885998,
          0.014668,
          0.463456,
          3.509521
        ],
        [
          0.036393,
          -0.998616,
          -0.037968,
          1.645579
        ],
        [
          0.0,
          0.0,
          0.0,
          1.0
        ]
      ]
    },
    {
      "file_path": "/media/NFS/ttao/scannet/posed_images/scene0252_00/00089.jpg",
      "transform_matrix": [
        [
          0.450188,
          0.023178,
          -0.892633,
          3.2985
        ],
        [
          0.892107,
          0.03134,
          0.450736,
          3.493806
        ],
        [
          0.038422,
          -0.99924,
          -0.006568,
          1.658821
        ],
        [
          0.0,
          0.0,
          0.0,
          1.0
        ]
      ]
    },
    {
      "file_path": "/media/NFS/ttao/scannet/posed_images/scene0252_00/00095.jpg",
      "transform_matrix": [
        [
          0.419313,
          0.045122,
          -0.90672,
          3.254691
        ],
        [
          0.907347,
          0.012141,
          0.420207,
          3.489834
        ],
        [
          0.029969,
          -0.998908,
          -0.03585,
          1.62691
        ],
        [
          0.0,
          0.0,
          0.0,
          1.0
        ]
      ]
    },
    {
      "file_path": "/media/NFS/ttao/scannet/posed_images/scene0252_00/00101.jpg",
      "transform_matrix": [
        [
          0.369758,
          0.088498,
          -0.924904,
          3.208992
        ],
        [
          0.928989,
          -0.017968,
          0.369672,
          3.508531
        ],
        [
          0.016096,
          -0.995914,
          -0.088858,
          1.601908
        ],
        [
          0.0,
          0.0,
          0.0,
          1.0
        ]
      ]
    },
    {
      "file_path": "/media/NFS/ttao/scannet/posed_images/scene0252_00/00107.jpg",
      "transform_matrix": [
        [
          0.29107,
          0.151275,
          -0.944666,
          3.162249
        ],
        [
          0.956644,
          -0.03512,
          0.289136,
          3.56384
        ],
        [
          0.010563,
          -0.987868,
          -0.154939,
          1.572279
        ],
        [
          0.0,
          0.0,
          0.0,
          1.0
        ]
      ]
    },
    {
      "file_path": "/media/NFS/ttao/scannet/posed_images/scene0252_00/00108.jpg",
      "transform_matrix": [
        [
          0.275767,
          0.161396,
          -0.947578,
          3.155556
        ],
        [
          0.961188,
          -0.037734,
          0.273301,
          3.576064
        ],
        [
          0.008354,
          -0.986168,
          -0.165537,
          1.565344
        ],
        [
          0.0,
          0.0,
          0.0,
          1.0
        ]
      ]
    },
    {
      "file_path": "/media/NFS/ttao/scannet/posed_images/scene0252_00/00116.jpg",
      "transform_matrix": [
        [
          0.151009,
          0.249305,
          -0.956579,
          3.105855
        ],
        [
          0.988518,
          -0.032783,
          0.147507,
          3.670869
        ],
        [
          0.005415,
          -0.96787,
          -0.251393,
          1.479872
        ],
        [
          0.0,
          0.0,
          0.0,
          1.0
        ]
      ]
    },
    {
      "file_path": "/media/NFS/ttao/scannet/posed_images/scene0252_00/00120.jpg",
      "transform_matrix": [
        [
          0.11158,
          0.314185,
          -0.942782,
          3.080392
        ],
        [
          0.993754,
          -0.033853,
          0.106332,
          3.703494
        ],
        [
          0.001492,
          -0.948758,
          -0.316,
          1.455895
        ],
        [
          0.0,
          0.0,
          0.0,
          1.0
        ]
      ]
    },
    {
      "file_path": "/media/NFS/ttao/scannet/posed_images/scene0252_00/00126.jpg",
      "transform_matrix": [
        [
          0.075625,
          0.367127,
          -0.927091,
          3.08936
        ],
        [
          0.996745,
          -0.053885,
          0.059968,
          3.740743
        ],
        [
          -0.02794,
          -0.928609,
          -0.370007,
          1.419015
        ],
        [
          0.0,
          0.0,
          0.0,
          1.0
        ]
      ]
    },
    {
      "file_path": "/media/NFS/ttao/scannet/posed_images/scene0252_00/00127.jpg",
      "transform_matrix": [
        [
          0.068082,
          0.371084,
          -0.9261,
          3.094798
        ],
        [
          0.99719,
          -0.054401,
          0.05151,
          3.745935
        ],
        [
          -0.031266,
          -0.927004,
          -0.373745,
          1.413681
        ],
        [
          0.0,
          0.0,
          0.0,
          1.0
        ]
      ]
    },
    {
      "file_path": "/media/NFS/ttao/scannet/posed_images/scene0252_00/00136.jpg",
      "transform_matrix": [
        [
          0.019913,
          0.422798,
          -0.906005,
          3.128696
        ],
        [
          0.999775,
          -0.015091,
          0.014932,
          3.762594
        ],
        [
          -0.007359,
          -0.906098,
          -0.423003,
          1.374308
        ],
        [
          0.0,
          0.0,
          0.0,
          1.0
        ]
      ]
    },
    {
      "file_path": "/media/NFS/ttao/scannet/posed_images/scene0252_00/00139.jpg",
      "transform_matrix": [
        [
          0.004377,
          0.424335,
          -0.905495,
          3.147848
        ],
        [
          0.999982,
          -0.005586,
          0.002216,
          3.764234
        ],
        [
          -0.004118,
          -0.905488,
          -0.424352,
          1.374251
        ],
        [
          0.0,
          0.0,
          0.0,
          1.0
        ]
      ]
    },
    {
      "file_path": "/media/NFS/ttao/scannet/posed_images/scene0252_00/00142.jpg",
      "transform_matrix": [
        [
          -0.004907,
          0.405522,
          -0.914072,
          3.164211
        ],
        [
          0.999945,
          0.010499,
          -0.000709,
          3.763776
        ],
        [
          0.009309,
          -0.914025,
          -0.405551,
          1.386504
        ],
        [
          0.0,
          0.0,
          0.0,
          1.0
        ]
      ]
    },
    {
      "file_path": "/media/NFS/ttao/scannet/posed_images/scene0252_00/00151.jpg",
      "transform_matrix": [
        [
          -0.053952,
          0.330157,
          -0.942383,
          3.242141
        ],
        [
          0.99806,
          0.047187,
          -0.040608,
          3.777249
        ],
        [
          0.031061,
          -0.942746,
          -0.332062,
          1.429852
        ],
        [
          0.0,
          0.0,
          0.0,
          1.0
        ]
      ]
    },
    {
      "file_path": "/media/NFS/ttao/scannet/posed_images/scene0252_00/00153.jpg",
      "transform_matrix": [
        [
          -0.057987,
          0.319164,
          -0.945924,
          3.254874
        ],
        [
          0.997936,
          0.044712,
          -0.046089,
          3.782897
        ],
        [
          0.027584,
          -0.946644,
          -0.321098,
          1.445197
        ],
        [
          0.0,
          0.0,
          0.0,
          1.0
        ]
      ]
    },
    {
      "file_path": "/media/NFS/ttao/scannet/posed_images/scene0252_00/00159.jpg",
      "transform_matrix": [
        [
          -0.077575,
          0.262751,
          -0.96174,
          3.277682
        ],
        [
          0.996811,
          0.038531,
          -0.069877,
          3.81373
        ],
        [
          0.018697,
          -0.964094,
          -0.264902,
          1.492315
        ],
        [
          0.0,
          0.0,
          0.0,
          1.0
        ]
      ]
    },
    {
      "file_path": "/media/NFS/ttao/scannet/posed_images/scene0252_00/00162.jpg",
      "transform_matrix": [
        [
          -0.099956,
          0.235959,
          -0.966609,
          3.286563
        ],
        [
          0.994644,
          0.049391,
          -0.090798,
          3.850336
        ],
        [
          0.026318,
          -0.970507,
          -0.239632,
          1.508113
        ],
        [
          0.0,
          0.0,
          0.0,
          1.0
        ]
      ]
    },
    {
      "file_path": "/media/NFS/ttao/scannet/posed_images/scene0252_00/00169.jpg",
      "transform_matrix": [
        [
          -0.152883,
          0.182791,
          -0.971192,
          3.276843
        ],
        [
          0.987686,
          0.061281,
          -0.143945,
          3.901765
        ],
        [
          0.033203,
          -0.98124,
          -0.189909,
          1.54497
        ],
        [
          0.0,
          0.0,
          0.0,
          1.0
        ]
      ]
    },
    {
      "file_path": "/media/NFS/ttao/scannet/posed_images/scene0252_00/00175.jpg",
      "transform_matrix": [
        [
          -0.232374,
          0.15327,
          -0.960474,
          3.270554
        ],
        [
          0.972472,
          0.054192,
          -0.226629,
          3.960804
        ],
        [
          0.017315,
          -0.986697,
          -0.161644,
          1.536344
        ],
        [
          0.0,
          0.0,
          0.0,
          1.0
        ]
      ]
    },
    {
      "file_path": "/media/NFS/ttao/scannet/posed_images/scene0252_00/00179.jpg",
      "transform_matrix": [
        [
          -0.304097,
          0.185801,
          -0.934346,
          3.257491
        ],
        [
          0.952626,
          0.064898,
          -0.29714,
          3.975168
        ],
        [
          0.005429,
          -0.980442,
          -0.196734,
          1.522528
        ],
        [
          0.0,
          0.0,
          0.0,
          1.0
        ]
      ]
    },
    {
      "file_path": "/media/NFS/ttao/scannet/posed_images/scene0252_00/00185.jpg",
      "transform_matrix": [
        [
          -0.425597,
          0.208672,
          -0.880525,
          3.249605
        ],
        [
          0.904739,
          0.117223,
          -0.40952,
          3.986795
        ],
        [
          0.017762,
          -0.970935,
          -0.238683,
          1.48667
        ],
        [
          0.0,
          0.0,
          0.0,
          1.0
        ]
      ]
    },
    {
      "file_path": "/media/NFS/ttao/scannet/posed_images/scene0252_00/00190.jpg",
      "transform_matrix": [
        [
          -0.484472,
          0.227532,
          -0.844699,
          3.278131
        ],
        [
          0.874613,
          0.146325,
          -0.462214,
          3.962438
        ],
        [
          0.018432,
          -0.962714,
          -0.269893,
          1.459622
        ],
        [
          0.0,
          0.0,
          0.0,
          1.0
        ]
      ]
    },
    {
      "file_path": "/media/NFS/ttao/scannet/posed_images/scene0252_00/00193.jpg",
      "transform_matrix": [
        [
          -0.525956,
          0.223716,
          -0.820561,
          3.28295
        ],
        [
          0.850416,
          0.152817,
          -0.503428,
          3.962867
        ],
        [
          0.012771,
          -0.9626,
          -0.270626,
          1.447112
        ],
        [
          0.0,
          0.0,
          0.0,
          1.0
        ]
      ]
    },
    {
      "file_path": "/media/NFS/ttao/scannet/posed_images/scene0252_00/00200.jpg",
      "transform_matrix": [
        [
          -0.632628,
          0.251714,
          -0.732409,
          3.285756
        ],
        [
          0.774453,
          0.202854,
          -0.599227,
          3.9733
        ],
        [
          -0.002262,
          -0.946303,
          -0.323272,
          1.424774
        ],
        [
          0.0,
          0.0,
          0.0,
          1.0
        ]
      ]
    },
    {
      "file_path": "/media/NFS/ttao/scannet/posed_images/scene0252_00/00205.jpg",
      "transform_matrix": [
        [
          -0.669174,
          0.25294,
          -0.698733,
          3.279778
        ],
        [
          0.743022,
          0.213623,
          -0.634258,
          3.976794
        ],
        [
          -0.011164,
          -0.943603,
          -0.330891,
          1.425371
        ],
        [
          0.0,
          0.0,
          0.0,
          1.0
        ]
      ]
    },
    {
      "file_path": "/media/NFS/ttao/scannet/posed_images/scene0252_00/00207.jpg",
      "transform_matrix": [
        [
          -0.67362,
          0.251498,
          -0.694972,
          3.284736
        ],
        [
          0.738971,
          0.213147,
          -0.639133,
          3.974899
        ],
        [
          -0.01261,
          -0.944096,
          -0.329429,
          1.428275
        ],
        [
          0.0,
          0.0,
          0.0,
          1.0
        ]
      ]
    },
    {
      "file_path": "/media/NFS/ttao/scannet/posed_images/scene0252_00/00212.jpg",
      "transform_matrix": [
        [
          -0.687758,
          0.232155,
          -0.687817,
          3.287901
        ],
        [
          0.725859,
          0.20581,
          -0.656331,
          3.981808
        ],
        [
          -0.010811,
          -0.950656,
          -0.31006,
          1.433587
        ],
        [
          0.0,
          0.0,
          0.0,
          1.0
        ]
      ]
    },
    {
      "file_path": "/media/NFS/ttao/scannet/posed_images/scene0252_00/00216.jpg",
      "transform_matrix": [
        [
          -0.684291,
          0.24721,
          -0.686027,
          3.298204
        ],
        [
          0.729094,
          0.215282,
          -0.649673,
          3.969542
        ],
        [
          -0.012916,
          -0.944744,
          -0.327554,
          1.426045
        ],
        [
          0.0,
          0.0,
          0.0,
          1.0
        ]
      ]
    },
    {
      "file_path": "/media/NFS/ttao/scannet/posed_images/scene0252_00/00225.jpg",
      "transform_matrix": [
        [
          -0.656596,
          0.277632,
          -0.701287,
          3.321541
        ],
        [
          0.754239,
          0.244624,
          -0.60933,
          3.941876
        ],
        [
          0.002382,
          -0.929021,
          -0.37002,
          1.400434
        ],
        [
          0.0,
          0.0,
          0.0,
          1.0
        ]
      ]
    },
    {
      "file_path": "/media/NFS/ttao/scannet/posed_images/scene0252_00/00227.jpg",
      "transform_matrix": [
        [
          -0.651974,
          0.279845,
          -0.70471,
          3.321092
        ],
        [
          0.758185,
          0.251862,
          -0.601432,
          3.944422
        ],
        [
          0.009182,
          -0.926419,
          -0.376382,
          1.394463
        ],
        [
          0.0,
          0.0,
          0.0,
          1.0
        ]
      ]
    },
    {
      "file_path": "/media/NFS/ttao/scannet/posed_images/scene0252_00/00234.jpg",
      "transform_matrix": [
        [
          -0.62192,
          0.304393,
          -0.721499,
          3.320086
        ],
        [
          0.782618,
          0.273287,
          -0.559307,
          3.951461
        ],
        [
          0.026927,
          -0.912502,
          -0.408185,
          1.367873
        ],
        [
          0.0,
          0.0,
          0.0,
          1.0
        ]
      ]
    },
    {
      "file_path": "/media/NFS/ttao/scannet/posed_images/scene0252_00/00236.jpg",
      "transform_matrix": [
        [
          -0.615277,
          0.309554,
          -0.72499,
          3.315951
        ],
        [
          0.787833,
          0.273491,
          -0.551835,
          3.955526
        ],
        [
          0.027455,
          -0.910702,
          -0.41215,
          1.362403
        ],
        [
          0.0,
          0.0,
          0.0,
          1.0
        ]
      ]
    },
    {
      "file_path": "/media/NFS/ttao/scannet/posed_images/scene0252_00/00245.jpg",
      "transform_matrix": [
        [
          -0.671376,
          0.283417,
          -0.684784,
          3.274046
        ],
        [
          0.741114,
          0.254029,
          -0.621466,
          4.027012
        ],
        [
          -0.002179,
          -0.92474,
          -0.380593,
          1.360878
        ],
        [
          0.0,
          0.0,
          0.0,
          1.0
        ]
      ]
    },
    {
      "file_path": "/media/NFS/ttao/scannet/posed_images/scene0252_00/00249.jpg",
      "transform_matrix": [
        [
          -0.694876,
          0.260972,
          -0.670105,
          3.235831
        ],
        [
          0.719118,
          0.257525,
          -0.645407,
          4.063983
        ],
        [
          0.004136,
          -0.930362,
          -0.366618,
          1.379276
        ],
        [
          0.0,
          0.0,
          0.0,
          1.0
        ]
      ]
    },
    {
      "file_path": "/media/NFS/ttao/scannet/posed_images/scene0252_00/00250.jpg",
      "transform_matrix": [
        [
          -0.700158,
          0.255484,
          -0.666714,
          3.210284
        ],
        [
          0.713988,
          0.250179,
          -0.653935,
          4.083855
        ],
        [
          -0.000272,
          -0.933883,
          -0.357577,
          1.373454
        ],
        [
          0.0,
          0.0,
          0.0,
          1.0
        ]
      ]
    },
    {
      "file_path": "/media/NFS/ttao/scannet/posed_images/scene0252_00/00259.jpg",
      "transform_matrix": [
        [
          -0.697385,
          0.254217,
          -0.670095,
          3.134452
        ],
        [
          0.716528,
          0.267567,
          -0.644201,
          4.139114
        ],
        [
          0.015529,
          -0.929398,
          -0.368751,
          1.377831
        ],
        [
          0.0,
          0.0,
          0.0,
          1.0
        ]
      ]
    },
    {
      "file_path": "/media/NFS/ttao/scannet/posed_images/scene0252_00/00261.jpg",
      "transform_matrix": [
        [
          -0.700143,
          0.256342,
          -0.666399,
          3.118468
        ],
        [
          0.713914,
          0.266022,
          -0.647734,
          4.145705
        ],
        [
          0.011236,
          -0.929258,
          -0.36926,
          1.382748
        ],
        [
          0.0,
          0.0,
          0.0,
          1.0
        ]
      ]
    },
    {
      "file_path": "/media/NFS/ttao/scannet/posed_images/scene0252_00/00267.jpg",
      "transform_matrix": [
        [
          -0.71319,
          0.256799,
          -0.652238,
          3.067044
        ],
        [
          0.700963,
          0.256782,
          -0.665367,
          4.148718
        ],
        [
          -0.003382,
          -0.931728,
          -0.363141,
          1.385765
        ],
        [
          0.0,
          0.0,
          0.0,
          1.0
        ]
      ]
    },
    {
      "file_path": "/media/NFS/ttao/scannet/posed_images/scene0252_00/00273.jpg",
      "transform_matrix": [
        [
          -0.719072,
          0.23234,
          -0.654945,
          2.997278
        ],
        [
          0.694868,
          0.253468,
          -0.672987,
          4.131114
        ],
        [
          0.009646,
          -0.939027,
          -0.343708,
          1.398846
        ],
        [
          0.0,
          0.0,
          0.0,
          1.0
        ]
      ]
    },
    {
      "file_path": "/media/NFS/ttao/scannet/posed_images/scene0252_00/00277.jpg",
      "transform_matrix": [
        [
          -0.716193,
          0.214986,
          -0.663964,
          2.953976
        ],
        [
          0.697727,
          0.241897,
          -0.674287,
          4.115607
        ],
        [
          0.015648,
          -0.946185,
          -0.323247,
          1.418845
        ],
        [
          0.0,
          0.0,
          0.0,
          1.0
        ]
      ]
    },
    {
      "file_path": "/media/NFS/ttao/scannet/posed_images/scene0252_00/00283.jpg",
      "transform_matrix": [
        [
          -0.704804,
          0.175211,
          -0.687424,
          2.89269
        ],
        [
          0.708723,
          0.216288,
          -0.671514,
          4.097857
        ],
        [
          0.031025,
          -0.960479,
          -0.276617,
          1.427412
        ],
        [
          0.0,
          0.0,
          0.0,
          1.0
        ]
      ]
    },
    {
      "file_path": "/media/NFS/ttao/scannet/posed_images/scene0252_00/00288.jpg",
      "transform_matrix": [
        [
          -0.686788,
          0.202504,
          -0.698079,
          2.841729
        ],
        [
          0.726541,
          0.219624,
          -0.651079,
          4.076329
        ],
        [
          0.021469,
          -0.954336,
          -0.297963,
          1.428836
        ],
        [
          0.0,
          0.0,
          0.0,
          1.0
        ]
      ]
    },
    {
      "file_path": "/media/NFS/ttao/scannet/posed_images/scene0252_00/00292.jpg",
      "transform_matrix": [
        [
          -0.710512,
          0.183842,
          -0.679245,
          2.78302
        ],
        [
          0.703422,
          0.211927,
          -0.678442,
          4.092901
        ],
        [
          0.019224,
          -0.959838,
          -0.279896,
          1.425513
        ],
        [
          0.0,
          0.0,
          0.0,
          1.0
        ]
      ]
    },
    {
      "file_path": "/media/NFS/ttao/scannet/posed_images/scene0252_00/00299.jpg",
      "transform_matrix": [
        [
          -0.788539,
          0.175293,
          -0.589473,
          2.673687
        ],
        [
          0.614923,
          0.23825,
          -0.751735,
          4.146016
        ],
        [
          0.008668,
          -0.955253,
          -0.295662,
          1.42097
        ],
        [
          0.0,
          0.0,
          0.0,
          1.0
        ]
      ]
    },
    {
      "file_path": "/media/NFS/ttao/scannet/posed_images/scene0252_00/00301.jpg",
      "transform_matrix": [
        [
          -0.796053,
          0.164139,
          -0.582544,
          2.65659
        ],
        [
          0.604949,
          0.244928,
          -0.757658,
          4.147433
        ],
        [
          0.01832,
          -0.955546,
          -0.294272,
          1.420474
        ],
        [
          0.0,
          0.0,
          0.0,
          1.0
        ]
      ]
    },
    {
      "file_path": "/media/NFS/ttao/scannet/posed_images/scene0252_00/00308.jpg",
      "transform_matrix": [
        [
          -0.852219,
          0.16054,
          -0.497946,
          2.585315
        ],
        [
          0.523141,
          0.273835,
          -0.807055,
          4.154283
        ],
        [
          0.006791,
          -0.948283,
          -0.317352,
          1.423386
        ],
        [
          0.0,
          0.0,
          0.0,
          1.0
        ]
      ]
    },
    {
      "file_path": "/media/NFS/ttao/scannet/posed_images/scene0252_00/00314.jpg",
      "transform_matrix": [
        [
          -0.879237,
          0.143043,
          -0.454402,
          2.520604
        ],
        [
          0.476384,
          0.262397,
          -0.83917,
          4.132385
        ],
        [
          -0.000804,
          -0.954299,
          -0.298853,
          1.43016
        ],
        [
          0.0,
          0.0,
          0.0,
          1.0
        ]
      ]
    },
    {
      "file_path": "/media/NFS/ttao/scannet/posed_images/scene0252_00/00316.jpg",
      "transform_matrix": [
        [
          -0.879075,
          0.130778,
          -0.458393,
          2.507665
        ],
        [
          0.476623,
          0.256494,
          -0.840858,
          4.123954
        ],
        [
          0.007609,
          -0.957657,
          -0.28781,
          1.424288
        ],
        [
          0.0,
          0.0,
          0.0,
          1.0
        ]
      ]
    },
    {
      "file_path": "/media/NFS/ttao/scannet/posed_images/scene0252_00/00323.jpg",
      "transform_matrix": [
        [
          -0.862311,
          0.103456,
          -0.495698,
          2.445304
        ],
        [
          0.504297,
          0.264136,
          -0.822142,
          4.074268
        ],
        [
          0.045876,
          -0.958921,
          -0.27994,
          1.427842
        ],
        [
          0.0,
          0.0,
          0.0,
          1.0
        ]
      ]
    },
    {
      "file_path": "/media/NFS/ttao/scannet/posed_images/scene0252_00/00329.jpg",
      "transform_matrix": [
        [
          -0.892617,
          0.11716,
          -0.435325,
          2.40119
        ],
        [
          0.450233,
          0.280747,
          -0.847627,
          4.041742
        ],
        [
          0.022909,
          -0.952604,
          -0.303349,
          1.429137
        ],
        [
          0.0,
          0.0,
          0.0,
          1.0
        ]
      ]
    },
    {
      "file_path": "/media/NFS/ttao/scannet/posed_images/scene0252_00/00330.jpg",
      "transform_matrix": [
        [
          -0.901322,
          0.112883,
          -0.418182,
          2.383709
        ],
        [
          0.432644,
          0.28126,
          -0.85657,
          4.046171
        ],
        [
          0.020925,
          -0.952969,
          -0.302344,
          1.429622
        ],
        [
          0.0,
          0.0,
          0.0,
          1.0
        ]
      ]
    },
    {
      "file_path": "/media/NFS/ttao/scannet/posed_images/scene0252_00/00335.jpg",
      "transform_matrix": [
        [
          -0.940982,
          0.06349,
          -0.332449,
          2.340247
        ],
        [
          0.337509,
          0.249519,
          -0.90765,
          4.045671
        ],
        [
          0.025326,
          -0.966286,
          -0.256221,
          1.421308
        ],
        [
          0.0,
          0.0,
          0.0,
          1.0
        ]
      ]
    },
    {
      "file_path": "/media/NFS/ttao/scannet/posed_images/scene0252_00/00344.jpg",
      "transform_matrix": [
        [
          -0.998146,
          0.011735,
          -0.059716,
          2.207521
        ],
        [
          0.060224,
          0.331719,
          -0.941454,
          4.059964
        ],
        [
          0.008761,
          -0.943305,
          -0.331811,
          1.423083
        ],
        [
          0.0,
          0.0,
          0.0,
          1.0
        ]
      ]
    },
    {
      "file_path": "/media/NFS/ttao/scannet/posed_images/scene0252_00/00345.jpg",
      "transform_matrix": [
        [
          -0.99939,
          0.004485,
          -0.034624,
          2.198996
        ],
        [
          0.034139,
          0.333135,
          -0.942261,
          4.061768
        ],
        [
          0.007309,
          -0.942869,
          -0.333085,
          1.424911
        ],
        [
          0.0,
          0.0,
          0.0,
          1.0
        ]
      ]
    },
    {
      "file_path": "/media/NFS/ttao/scannet/posed_images/scene0252_00/00353.jpg",
      "transform_matrix": [
        [
          -0.996107,
          0.003783,
          0.08807,
          2.162037
        ],
        [
          -0.08291,
          0.29916,
          -0.950594,
          4.087635
        ],
        [
          -0.029943,
          -0.954195,
          -0.297682,
          1.441862
        ],
        [
          0.0,
          0.0,
          0.0,
          1.0
        ]
      ]
    },
    {
      "file_path": "/media/NFS/ttao/scannet/posed_images/scene0252_00/00354.jpg",
      "transform_matrix": [
        [
          -0.995213,
          0.000923,
          0.097725,
          2.159344
        ],
        [
          -0.093121,
          0.294484,
          -0.951109,
          4.092264
        ],
        [
          -0.029656,
          -0.955656,
          -0.292989,
          1.440585
        ],
        [
          0.0,
          0.0,
          0.0,
          1.0
        ]
      ]
    },
    {
      "file_path": "/media/NFS/ttao/scannet/posed_images/scene0252_00/00360.jpg",
      "transform_matrix": [
        [
          -0.990798,
          -0.012728,
          0.134745,
          2.169457
        ],
        [
          -0.132135,
          0.306495,
          -0.942656,
          4.106647
        ],
        [
          -0.029301,
          -0.951787,
          -0.305357,
          1.430641
        ],
        [
          0.0,
          0.0,
          0.0,
          1.0
        ]
      ]
    },
    {
      "file_path": "/media/NFS/ttao/scannet/posed_images/scene0252_00/00365.jpg",
      "transform_matrix": [
        [
          -0.984726,
          -0.02551,
          0.172228,
          2.159201
        ],
        [
          -0.170949,
          0.329232,
          -0.928646,
          4.109056
        ],
        [
          -0.033013,
          -0.943905,
          -0.328564,
          1.428867
        ],
        [
          0.0,
          0.0,
          0.0,
          1.0
        ]
      ]
    },
    {
      "file_path": "/media/NFS/ttao/scannet/posed_images/scene0252_00/00372.jpg",
      "transform_matrix": [
        [
          -0.964691,
          -0.066629,
          0.254816,
          2.138371
        ],
        [
          -0.262908,
          0.301676,
          -0.916444,
          4.113482
        ],
        [
          -0.01581,
          -0.951079,
          -0.308542,
          1.425361
        ],
        [
          0.0,
          0.0,
          0.0,
          1.0
        ]
      ]
    },
    {
      "file_path": "/media/NFS/ttao/scannet/posed_images/scene0252_00/00378.jpg",
      "transform_matrix": [
        [
          -0.933648,
          -0.11519,
          0.339163,
          2.05677
        ],
        [
          -0.358157,
          0.313171,
          -0.879572,
          4.107943
        ],
        [
          -0.004898,
          -0.942685,
          -0.333648,
          1.424364
        ],
        [
          0.0,
          0.0,
          0.0,
          1.0
        ]
      ]
    },
    {
      "file_path": "/media/NFS/ttao/scannet/posed_images/scene0252_00/00379.jpg",
      "transform_matrix": [
        [
          -0.930101,
          -0.11286,
          0.349533,
          2.04703
        ],
        [
          -0.367155,
          0.31256,
          -0.876072,
          4.107889
        ],
        [
          -0.010376,
          -0.94317,
          -0.33215,
          1.425697
        ],
