{
  "frames": [
    {
      "file_path": "/media/NFS/ttao/scannet/posed_images/scene0705_00/00000.jpg",
      "transform_matrix": [
        [
          -0.383607,
          -0.165223,
          0.908596,
          1.023196
        ],
        [
          -0.923153,
          0.095424,
          -0.372401,
          2.203653
        ],
        [
          -0.025173,
          -0.981629,
          -0.189132,
          1.534605
        ],
        [
          0.0,
          0.0,
          0.0,
          1.0
        ]
      ]
    },
    {
      "file_path": "/media/NFS/ttao/scannet/posed_images/scene0705_00/00006.jpg",
      "transform_matrix": [
        [
          -0.383862,
          -0.172058,
          0.907219,
          1.024722
        ],
        [
          -0.923219,
          0.090467,
          -0.373474,
          2.208676
        ],
        [
          -0.017814,
          -0.980924,
          -0.193574,
          1.535124
        ],
        [
          0.0,
          0.0,
          0.0,
          1.0
        ]
      ]
    },
    {
      "file_path": "/media/NFS/ttao/scannet/posed_images/scene0705_00/00007.jpg",
      "transform_matrix": [
        [
          -0.38351,
          -0.172188,
          0.907343,
          1.025619
        ],
        [
          -0.923372,
          0.090039,
          -0.373199,
          2.209124
        ],
        [
          -0.017436,
          -0.980941,
          -0.193524,
          1.533017
        ],
        [
          0.0,
          0.0,
          0.0,
          1.0
        ]
      ]
    },
    {
      "file_path": "/media/NFS/ttao/scannet/posed_images/scene0705_00/00012.jpg",
      "transform_matrix": [
        [
          -0.377155,
          -0.186002,
          0.90728,
          1.013757
        ],
        [
          -0.926002,
          0.093273,
          -0.365815,
          2.183699
        ],
        [
          -0.016583,
          -0.978112,
          -0.207416,
          1.535143
        ],
        [
          0.0,
          0.0,
          0.0,
          1.0
        ]
      ]
    },
    {
      "file_path": "/media/NFS/ttao/scannet/posed_images/scene0705_00/00015.jpg",
      "transform_matrix": [
        [
          -0.381189,
          -0.193049,
          0.904117,
          1.016479
        ],
        [
          -0.924404,
          0.09345,
          -0.369789,
          2.185915
        ],
        [
          -0.013102,
          -0.976729,
          -0.214078,
          1.53366
        ],
        [
          0.0,
          0.0,
          0.0,
          1.0
        ]
      ]
    },
    {
      "file_path": "/media/NFS/ttao/scannet/posed_images/scene0705_00/00020.jpg",
      "transform_matrix": [
        [
          -0.392751,
          -0.197467,
          0.898194,
          1.017685
        ],
        [
          -0.919531,
          0.099723,
          -0.380157,
          2.188873
        ],
        [
          -0.014503,
          -0.975224,
          -0.220743,
          1.532654
        ],
        [
          0.0,
          0.0,
          0.0,
          1.0
        ]
      ]
    },
    {
      "file_path": "/media/NFS/ttao/scannet/posed_images/scene0705_00/00021.jpg",
      "transform_matrix": [
        [
          -0.392739,
          -0.19815,
          0.898049,
          1.016474
        ],
        [
          -0.919531,
          0.100306,
          -0.380002,
          2.188218
        ],
        [
          -0.014782,
          -0.975026,
          -0.221599,
          1.531793
        ],
        [
          0.0,
          0.0,
          0.0,
          1.0
        ]
      ]
    },
    {
      "file_path": "/media/NFS/ttao/scannet/posed_images/scene0705_00/00028.jpg",
      "transform_matrix": [
        [
          -0.406378,
          -0.214161,
          0.888252,
          1.03153
        ],
        [
          -0.913699,
          0.098754,
          -0.39421,
          2.204727
        ],
        [
          -0.003293,
          -0.971794,
          -0.23581,
          1.523314
        ],
        [
          0.0,
          0.0,
          0.0,
          1.0
        ]
      ]
    },
    {
      "file_path": "/media/NFS/ttao/scannet/posed_images/scene0705_00/00029.jpg",
      "transform_matrix": [
        [
          -0.407203,
          -0.215511,
          0.887547,
          1.031729
        ],
        [
          -0.913334,
          0.098761,
          -0.395053,
          2.201744
        ],
        [
          -0.002517,
          -0.971494,
          -0.237049,
          1.52226
        ],
        [
          0.0,
          0.0,
          0.0,
          1.0
        ]
      ]
    },
    {
      "file_path": "/media/NFS/ttao/scannet/posed_images/scene0705_00/00036.jpg",
      "transform_matrix": [
        [
          -0.435324,
          -0.221187,
          0.872679,
          1.040092
        ],
        [
          -0.900269,
          0.103802,
          -0.422777,
          2.205784
        ],
        [
          0.002926,
          -0.969691,
          -0.244315,
          1.530451
        ],
        [
          0.0,
          0.0,
          0.0,
          1.0
        ]
      ]
    },
    {
      "file_path": "/media/NFS/ttao/scannet/posed_images/scene0705_00/00037.jpg",
      "transform_matrix": [
        [
          -0.43716,
          -0.219611,
          0.872159,
          1.038751
        ],
        [
          -0.899383,
          0.105743,
          -0.42418,
          2.203287
        ],
        [
          0.00093,
          -0.96984,
          -0.243741,
          1.532006
        ],
        [
          0.0,
          0.0,
          0.0,
          1.0
        ]
      ]
    },
    {
      "file_path": "/media/NFS/ttao/scannet/posed_images/scene0705_00/00043.jpg",
      "transform_matrix": [
        [
          -0.458563,
          -0.199023,
          0.866089,
          1.045358
        ],
        [
          -0.888662,
          0.101977,
          -0.447081,
          2.220918
        ],
        [
          0.000658,
          -0.974675,
          -0.223628,
          1.540677
        ],
        [
          0.0,
          0.0,
          0.0,
          1.0
        ]
      ]
    },
    {
      "file_path": "/media/NFS/ttao/scannet/posed_images/scene0705_00/00045.jpg",
      "transform_matrix": [
        [
          -0.464054,
          -0.196643,
          0.863704,
          1.045424
        ],
        [
          -0.885792,
          0.097352,
          -0.453757,
          2.215645
        ],
        [
          0.005145,
          -0.97563,
          -0.219361,
          1.543634
        ],
        [
          0.0,
          0.0,
          0.0,
          1.0
        ]
      ]
    },
    {
      "file_path": "/media/NFS/ttao/scannet/posed_images/scene0705_00/00051.jpg",
      "transform_matrix": [
        [
          -0.487787,
          -0.183866,
          0.853379,
          1.053011
        ],
        [
          -0.87277,
          0.082172,
          -0.481166,
          2.233866
        ],
        [
          0.018346,
          -0.979511,
          -0.200556,
          1.547291
        ],
        [
          0.0,
          0.0,
          0.0,
          1.0
        ]
      ]
    },
    {
      "file_path": "/media/NFS/ttao/scannet/posed_images/scene0705_00/00052.jpg",
      "transform_matrix": [
        [
          -0.489932,
          -0.183598,
          0.852208,
          1.053264
        ],
        [
          -0.871538,
          0.081036,
          -0.483586,
          2.229341
        ],
        [
          0.019726,
          -0.979656,
          -0.199715,
          1.54994
        ],
        [
          0.0,
          0.0,
          0.0,
          1.0
        ]
      ]
    },
    {
      "file_path": "/media/NFS/ttao/scannet/posed_images/scene0705_00/00057.jpg",
      "transform_matrix": [
        [
          -0.515983,
          -0.174635,
          0.838608,
          1.060627
        ],
        [
          -0.856323,
          0.080308,
          -0.510159,
          2.232721
        ],
        [
          0.021744,
          -0.981353,
          -0.190981,
          1.55314
        ],
        [
          0.0,
          0.0,
          0.0,
          1.0
        ]
      ]
    },
    {
      "file_path": "/media/NFS/ttao/scannet/posed_images/scene0705_00/00060.jpg",
      "transform_matrix": [
        [
          -0.543072,
          -0.161456,
          0.824017,
          1.078147
        ],
        [
          -0.839527,
          0.08533,
          -0.536575,
          2.268473
        ],
        [
          0.01632,
          -0.983184,
          -0.181887,
          1.564852
        ],
        [
          0.0,
          0.0,
          0.0,
          1.0
        ]
      ]
    },
    {
      "file_path": "/media/NFS/ttao/scannet/posed_images/scene0705_00/00066.jpg",
      "transform_matrix": [
        [
          -0.594125,
          -0.128602,
          0.794026,
          1.088902
        ],
        [
          -0.804327,
          0.084494,
          -0.588148,
          2.279821
        ],
        [
          0.008546,
          -0.98809,
          -0.153638,
          1.57446
        ],
        [
          0.0,
          0.0,
          0.0,
          1.0
        ]
      ]
    },
    {
      "file_path": "/media/NFS/ttao/scannet/posed_images/scene0705_00/00067.jpg",
      "transform_matrix": [
        [
          -0.604693,
          -0.126983,
          0.786271,
          1.091738
        ],
        [
          -0.796391,
          0.083456,
          -0.598997,
          2.28081
        ],
        [
          0.010443,
          -0.988388,
          -0.151594,
          1.575134
        ],
        [
          0.0,
          0.0,
          0.0,
          1.0
        ]
      ]
    },
    {
      "file_path": "/media/NFS/ttao/scannet/posed_images/scene0705_00/00074.jpg",
      "transform_matrix": [
        [
          -0.673323,
          -0.103405,
          0.732082,
          1.118981
        ],
        [
          -0.739313,
          0.0845,
          -0.668038,
          2.305113
        ],
        [
          0.007218,
          -0.991044,
          -0.133345,
          1.584775
        ],
        [
          0.0,
          0.0,
          0.0,
          1.0
        ]
      ]
    },
    {
      "file_path": "/media/NFS/ttao/scannet/posed_images/scene0705_00/00075.jpg",
      "transform_matrix": [
        [
          -0.675876,
          -0.098022,
          0.730467,
          1.116928
        ],
        [
          -0.736997,
          0.082979,
          -0.670783,
          2.305925
        ],
        [
          0.005138,
          -0.991719,
          -0.128326,
          1.582552
        ],
        [
          0.0,
          0.0,
          0.0,
          1.0
        ]
      ]
    },
    {
      "file_path": "/media/NFS/ttao/scannet/posed_images/scene0705_00/00081.jpg",
      "transform_matrix": [
        [
          -0.680179,
          -0.070998,
          0.7296,
          1.14974
        ],
        [
          -0.733037,
          0.061044,
          -0.677444,
          2.303277
        ],
        [
          0.00356,
          -0.995607,
          -0.093565,
          1.605018
        ],
        [
          0.0,
          0.0,
          0.0,
          1.0
        ]
      ]
    },
    {
      "file_path": "/media/NFS/ttao/scannet/posed_images/scene0705_00/00085.jpg",
      "transform_matrix": [
        [
          -0.66623,
          -0.055074,
          0.74371,
          1.159166
        ],
        [
          -0.745746,
          0.048798,
          -0.664441,
          2.28675
        ],
        [
          0.000301,
          -0.997289,
          -0.073582,
          1.614633
        ],
        [
          0.0,
          0.0,
          0.0,
          1.0
        ]
      ]
    },
    {
      "file_path": "/media/NFS/ttao/scannet/posed_images/scene0705_00/00086.jpg",
      "transform_matrix": [
        [
          -0.664291,
          -0.052361,
          0.745638,
          1.1643
        ],
        [
          -0.747473,
          0.048327,
          -0.662532,
          2.284974
        ],
        [
          -0.001343,
          -0.997458,
          -0.071241,
          1.609558
        ],
        [
          0.0,
          0.0,
          0.0,
          1.0
        ]
      ]
    },
    {
      "file_path": "/media/NFS/ttao/scannet/posed_images/scene0705_00/00089.jpg",
      "transform_matrix": [
        [
          -0.653465,
          -0.055891,
          0.75489,
          1.178216
        ],
        [
          -0.75688,
          0.062431,
          -0.650565,
          2.273967
        ],
        [
          -0.010768,
          -0.996483,
          -0.083099,
          1.598316
        ],
        [
          0.0,
          0.0,
          0.0,
          1.0
        ]
      ]
    },
    {
      "file_path": "/media/NFS/ttao/scannet/posed_images/scene0705_00/00096.jpg",
      "transform_matrix": [
        [
          -0.62276,
          -0.144727,
          0.768911,
          1.210205
        ],
        [
          -0.782413,
          0.115921,
          -0.611876,
          2.221927
        ],
        [
          -0.000578,
          -0.982658,
          -0.185428,
          1.525043
        ],
        [
          0.0,
          0.0,
          0.0,
          1.0
        ]
      ]
    },
    {
      "file_path": "/media/NFS/ttao/scannet/posed_images/scene0705_00/00097.jpg",
      "transform_matrix": [
        [
          -0.622782,
          -0.163504,
          0.76512,
          1.217368
        ],
        [
          -0.782391,
          0.126839,
          -0.609735,
          2.21888
        ],
        [
          0.002647,
          -0.978355,
          -0.206917,
          1.51251
        ],
        [
          0.0,
          0.0,
          0.0,
          1.0
        ]
      ]
    },
    {
      "file_path": "/media/NFS/ttao/scannet/posed_images/scene0705_00/00104.jpg",
      "transform_matrix": [
        [
          -0.660267,
          -0.274529,
          0.699058,
          1.287292
        ],
        [
          -0.750802,
          0.218278,
          -0.623419,
          2.217218
        ],
        [
          0.018558,
          -0.936477,
          -0.350239,
          1.452491
        ],
        [
          0.0,
          0.0,
          0.0,
          1.0
        ]
      ]
    },
    {
      "file_path": "/media/NFS/ttao/scannet/posed_images/scene0705_00/00105.jpg",
      "transform_matrix": [
        [
          -0.66687,
          -0.279346,
          0.690833,
          1.294323
        ],
        [
          -0.744879,
          0.223784,
          -0.628551,
          2.216666
        ],
        [
          0.020986,
          -0.933749,
          -0.357313,
          1.449036
        ],
        [
          0.0,
          0.0,
          0.0,
          1.0
        ]
      ]
    },
    {
      "file_path": "/media/NFS/ttao/scannet/posed_images/scene0705_00/00110.jpg",
      "transform_matrix": [
        [
          -0.716538,
          -0.301466,
          0.62904,
          1.334398
        ],
        [
          -0.697474,
          0.296506,
          -0.652391,
          2.232039
        ],
        [
          0.01016,
          -0.906202,
          -0.422722,
          1.408209
        ],
        [
          0.0,
          0.0,
          0.0,
          1.0
        ]
      ]
    },
    {
      "file_path": "/media/NFS/ttao/scannet/posed_images/scene0705_00/00115.jpg",
      "transform_matrix": [
        [
          -0.735598,
          -0.336012,
          0.58821,
          1.377914
        ],
        [
          -0.677335,
          0.351203,
          -0.646431,
          2.244564
        ],
        [
          0.010628,
          -0.873929,
          -0.485937,
          1.379474
        ],
        [
          0.0,
          0.0,
          0.0,
          1.0
        ]
      ]
    },
    {
      "file_path": "/media/NFS/ttao/scannet/posed_images/scene0705_00/00116.jpg",
      "transform_matrix": [
        [
          -0.73548,
          -0.340916,
          0.585529,
          1.383458
        ],
        [
          -0.677439,
          0.354669,
          -0.644427,
          2.247184
        ],
        [
          0.012027,
          -0.870624,
          -0.491802,
          1.37386
        ],
        [
          0.0,
          0.0,
          0.0,
          1.0
        ]
      ]
    },
    {
      "file_path": "/media/NFS/ttao/scannet/posed_images/scene0705_00/00122.jpg",
      "transform_matrix": [
        [
          -0.742105,
          -0.369291,
          0.559378,
          1.412749
        ],
        [
          -0.670135,
          0.391208,
          -0.630774,
          2.258157
        ],
        [
          0.014107,
          -0.842959,
          -0.537793,
          1.35174
        ],
        [
          0.0,
          0.0,
          0.0,
          1.0
        ]
      ]
    },
    {
      "file_path": "/media/NFS/ttao/scannet/posed_images/scene0705_00/00123.jpg",
      "transform_matrix": [
        [
          -0.743661,
          -0.368619,
          0.557752,
          1.418184
        ],
        [
          -0.668407,
          0.392311,
          -0.631921,
          2.26163
        ],
        [
          0.014126,
          -0.842741,
          -0.538134,
          1.352483
        ],
        [
          0.0,
          0.0,
          0.0,
          1.0
        ]
      ]
    },
    {
      "file_path": "/media/NFS/ttao/scannet/posed_images/scene0705_00/00128.jpg",
      "transform_matrix": [
        [
          -0.751856,
          -0.352844,
          0.556968,
          1.434992
        ],
        [
          -0.659205,
          0.385999,
          -0.645333,
          2.26063
        ],
        [
          0.012712,
          -0.852353,
          -0.522812,
          1.373087
        ],
        [
          0.0,
          0.0,
          0.0,
          1.0
        ]
      ]
    },
    {
      "file_path": "/media/NFS/ttao/scannet/posed_images/scene0705_00/00133.jpg",
      "transform_matrix": [
        [
          -0.772238,
          -0.297035,
          0.561621,
          1.445743
        ],
        [
          -0.635175,
          0.341245,
          -0.692896,
          2.282631
        ],
        [
          0.014164,
          -0.891808,
          -0.452191,
          1.397387
        ],
        [
          0.0,
          0.0,
          0.0,
          1.0
        ]
      ]
    },
    {
      "file_path": "/media/NFS/ttao/scannet/posed_images/scene0705_00/00137.jpg",
      "transform_matrix": [
        [
          -0.782858,
          -0.260538,
          0.565025,
          1.452628
        ],
        [
          -0.62207,
          0.30918,
          -0.71933,
          2.290091
        ],
        [
          0.012718,
          -0.914619,
          -0.404117,
          1.417918
        ],
        [
          0.0,
          0.0,
          0.0,
          1.0
        ]
      ]
    },
    {
      "file_path": "/media/NFS/ttao/scannet/posed_images/scene0705_00/00141.jpg",
      "transform_matrix": [
        [
          -0.795575,
          -0.229949,
          0.560521,
          1.461201
        ],
        [
          -0.605695,
          0.280573,
          -0.744589,
          2.302262
        ],
        [
          0.01395,
          -0.931881,
          -0.362496,
          1.432908
        ],
        [
          0.0,
          0.0,
          0.0,
          1.0
        ]
      ]
    },
    {
      "file_path": "/media/NFS/ttao/scannet/posed_images/scene0705_00/00145.jpg",
      "transform_matrix": [
        [
          -0.807234,
          -0.202307,
          0.554477,
          1.467942
        ],
        [
          -0.590172,
          0.263345,
          -0.763116,
          2.310623
        ],
        [
          0.008365,
          -0.94325,
          -0.331977,
          1.445966
        ],
        [
          0.0,
          0.0,
          0.0,
          1.0
        ]
      ]
    },
    {
      "file_path": "/media/NFS/ttao/scannet/posed_images/scene0705_00/00148.jpg",
      "transform_matrix": [
        [
          -0.815053,
          -0.189452,
          0.547537,
          1.47215
        ],
        [
          -0.57934,
          0.254466,
          -0.774347,
          2.310942
        ],
        [
          0.007372,
          -0.948343,
          -0.31716,
          1.450148
        ],
        [
          0.0,
          0.0,
          0.0,
          1.0
        ]
      ]
    },
    {
      "file_path": "/media/NFS/ttao/scannet/posed_images/scene0705_00/00150.jpg",
      "transform_matrix": [
        [
          -0.817643,
          -0.189393,
          0.543682,
          1.481163
        ],
        [
          -0.575628,
          0.251583,
          -0.778048,
          2.31541
        ],
        [
          0.010576,
          -0.949124,
          -0.314725,
          1.461868
        ],
        [
          0.0,
          0.0,
          0.0,
          1.0
        ]
      ]
    },
    {
      "file_path": "/media/NFS/ttao/scannet/posed_images/scene0705_00/00156.jpg",
      "transform_matrix": [
        [
          -0.81711,
          -0.177049,
          0.548621,
          1.491761
        ],
        [
          -0.576054,
          0.214083,
          -0.788879,
          2.296459
        ],
        [
          0.02222,
          -0.960636,
          -0.276919,
          1.468976
        ],
        [
          0.0,
          0.0,
          0.0,
          1.0
        ]
      ]
    },
    {
      "file_path": "/media/NFS/ttao/scannet/posed_images/scene0705_00/00157.jpg",
      "transform_matrix": [
        [
          -0.815492,
          -0.179264,
          0.550306,
          1.493154
        ],
        [
          -0.578295,
          0.213937,
          -0.787278,
          2.292362
        ],
        [
          0.0234,
          -0.960258,
          -0.278131,
          1.470312
        ],
        [
          0.0,
          0.0,
          0.0,
          1.0
        ]
      ]
    },
    {
      "file_path": "/media/NFS/ttao/scannet/posed_images/scene0705_00/00162.jpg",
      "transform_matrix": [
        [
          -0.810635,
          -0.151698,
          0.565561,
          1.496922
        ],
        [
          -0.585524,
          0.219459,
          -0.780384,
          2.264649
        ],
        [
          -0.005734,
          -0.963756,
          -0.266724,
          1.486165
        ],
        [
          0.0,
          0.0,
          0.0,
          1.0
        ]
      ]
    },
    {
      "file_path": "/media/NFS/ttao/scannet/posed_images/scene0705_00/00166.jpg",
      "transform_matrix": [
        [
          -0.805188,
          -0.168627,
          0.568539,
          1.503032
        ],
        [
          -0.592982,
          0.218142,
          -0.775104,
          2.242441
        ],
        [
          0.006681,
          -0.961238,
          -0.275639,
          1.480031
        ],
        [
          0.0,
          0.0,
          0.0,
          1.0
        ]
      ]
    },
    {
      "file_path": "/media/NFS/ttao/scannet/posed_images/scene0705_00/00169.jpg",
      "transform_matrix": [
        [
          -0.802025,
          -0.177936,
          0.570171,
          1.513392
        ],
        [
          -0.597221,
          0.22427,
          -0.770085,
          2.225895
        ],
        [
          0.009154,
          -0.958145,
          -0.286137,
          1.477025
        ],
        [
          0.0,
          0.0,
          0.0,
          1.0
        ]
      ]
    },
    {
      "file_path": "/media/NFS/ttao/scannet/posed_images/scene0705_00/00175.jpg",
      "transform_matrix": [
        [
          -0.797029,
          -0.198022,
          0.570553,
          1.53771
        ],
        [
          -0.603676,
          0.233293,
          -0.762332,
          2.210264
        ],
        [
          0.017853,
          -0.952031,
          -0.305482,
          1.471042
        ],
        [
          0.0,
          0.0,
          0.0,
          1.0
        ]
      ]
    },
    {
      "file_path": "/media/NFS/ttao/scannet/posed_images/scene0705_00/00176.jpg",
      "transform_matrix": [
        [
          -0.797452,
          -0.199929,
          0.569296,
          1.540699
        ],
        [
          -0.603129,
          0.236771,
          -0.761693,
          2.20744
        ],
        [
          0.017491,
          -0.950772,
          -0.309397,
          1.472217
        ],
        [
          0.0,
          0.0,
          0.0,
          1.0
        ]
      ]
    },
    {
      "file_path": "/media/NFS/ttao/scannet/posed_images/scene0705_00/00183.jpg",
      "transform_matrix": [
        [
          -0.807179,
          -0.208318,
          0.552327,
          1.589952
        ],
        [
          -0.589088,
          0.224178,
          -0.77635,
          2.209792
        ],
        [
          0.037908,
          -0.952023,
          -0.303669,
          1.472417
        ],
        [
          0.0,
          0.0,
          0.0,
          1.0
        ]
      ]
    },
    {
      "file_path": "/media/NFS/ttao/scannet/posed_images/scene0705_00/00184.jpg",
      "transform_matrix": [
        [
          -0.8095,
          -0.208503,
          0.548849,
          1.595353
        ],
        [
          -0.585836,
          0.225075,
          -0.778548,
          2.210872
        ],
        [
          0.038798,
          -0.951771,
          -0.304347,
          1.472116
        ],
        [
          0.0,
          0.0,
          0.0,
          1.0
        ]
      ]
    },
    {
      "file_path": "/media/NFS/ttao/scannet/posed_images/scene0705_00/00190.jpg",
      "transform_matrix": [
        [
          -0.830937,
          -0.193046,
          0.521801,
          1.663198
        ],
        [
          -0.555443,
          0.233819,
          -0.798005,
          2.231599
        ],
        [
          0.032045,
          -0.952923,
          -0.301514,
          1.47984
        ],
        [
          0.0,
          0.0,
          0.0,
          1.0
        ]
      ]
    },
    {
      "file_path": "/media/NFS/ttao/scannet/posed_images/scene0705_00/00191.jpg",
      "transform_matrix": [
        [
          -0.832898,
          -0.19133,
          0.519301,
          1.674531
        ],
        [
          -0.552567,
          0.235243,
          -0.799581,
          2.236329
        ],
        [
          0.030822,
          -0.952919,
          -0.301656,
          1.479672
        ],
        [
          0.0,
          0.0,
          0.0,
          1.0
        ]
      ]
    },
    {
      "file_path": "/media/NFS/ttao/scannet/posed_images/scene0705_00/00197.jpg",
      "transform_matrix": [
        [
          -0.82974,
          -0.188833,
          0.525236,
          1.75076
        ],
        [
          -0.557749,
          0.244878,
          -0.793064,
          2.265767
        ],
        [
          0.021138,
          -0.950988,
          -0.308507,
          1.47878
        ],
        [
          0.0,
          0.0,
          0.0,
          1.0
        ]
      ]
    },
    {
      "file_path": "/media/NFS/ttao/scannet/posed_images/scene0705_00/00199.jpg",
      "transform_matrix": [
        [
          -0.820681,
          -0.191887,
          0.538203,
          1.778928
        ],
        [
          -0.571036,
          0.24243,
          -0.784312,
          2.27493
        ],
        [
          0.020023,
          -0.951003,
          -0.308531,
          1.471619
        ],
        [
          0.0,
          0.0,
          0.0,
          1.0
        ]
      ]
    },
    {
      "file_path": "/media/NFS/ttao/scannet/posed_images/scene0705_00/00206.jpg",
      "transform_matrix": [
        [
          -0.763596,
          -0.217913,
          0.607812,
          1.856888
        ],
        [
          -0.645605,
          0.241964,
          -0.724326,
          2.298217
        ],
        [
          0.010772,
          -0.945499,
          -0.325448,
          1.479162
        ],
        [
          0.0,
          0.0,
          0.0,
          1.0
        ]
      ]
    },
    {
      "file_path": "/media/NFS/ttao/scannet/posed_images/scene0705_00/00209.jpg",
      "transform_matrix": [
        [
          -0.743832,
          -0.237265,
          0.624836,
          1.888579
        ],
        [
          -0.667406,
          0.213542,
          -0.713421,
          2.311867
        ],
        [
          0.035841,
          -0.947684,
          -0.317191,
          1.474633
        ],
        [
          0.0,
          0.0,
          0.0,
          1.0
        ]
      ]
    },
    {
      "file_path": "/media/NFS/ttao/scannet/posed_images/scene0705_00/00213.jpg",
      "transform_matrix": [
        [
          -0.732766,
          -0.262228,
          0.627925,
          1.921737
        ],
        [
          -0.67751,
          0.195015,
          -0.709189,
          2.307094
        ],
        [
          0.063515,
          -0.945096,
          -0.320562,
          1.471316
        ],
        [
          0.0,
          0.0,
          0.0,
          1.0
        ]
      ]
    },
    {
      "file_path": "/media/NFS/ttao/scannet/posed_images/scene0705_00/00216.jpg",
      "transform_matrix": [
        [
          -0.745565,
          -0.270369,
          0.609125,
          1.951942
        ],
        [
          -0.660881,
          0.182218,
          -0.728034,
          2.300568
        ],
        [
          0.085844,
          -0.945356,
          -0.314537,
          1.469293
        ],
        [
          0.0,
          0.0,
          0.0,
          1.0
        ]
      ]
    },
    {
      "file_path": "/media/NFS/ttao/scannet/posed_images/scene0705_00/00221.jpg",
      "transform_matrix": [
        [
          -0.796626,
          -0.270911,
          0.540364,
          2.02492
        ],
        [
          -0.593079,
          0.177557,
          -0.785322,
          2.305152
        ],
        [
          0.116807,
          -0.946087,
          -0.302118,
          1.485635
        ],
        [
          0.0,
          0.0,
          0.0,
          1.0
        ]
      ]
    },
    {
      "file_path": "/media/NFS/ttao/scannet/posed_images/scene0705_00/00223.jpg",
      "transform_matrix": [
        [
          -0.800886,
          -0.264417,
          0.537275,
          2.049469
        ],
        [
          -0.586639,
          0.166431,
          -0.792563,
          2.306184
        ],
        [
          0.120147,
          -0.949939,
          -0.288409,
          1.484725
        ],
        [
          0.0,
          0.0,
          0.0,
          1.0
        ]
      ]
    },
    {
      "file_path": "/media/NFS/ttao/scannet/posed_images/scene0705_00/00228.jpg",
      "transform_matrix": [
        [
          -0.797555,
          -0.271317,
          0.538789,
          2.099121
        ],
        [
          -0.586574,
          0.140263,
          -0.797657,
          2.314392
        ],
        [
          0.140846,
          -0.952215,
          -0.271015,
          1.482531
        ],
        [
          0.0,
          0.0,
          0.0,
          1.0
        ]
      ]
    },
    {
      "file_path": "/media/NFS/ttao/scannet/posed_images/scene0705_00/00230.jpg",
      "transform_matrix": [
        [
          -0.800772,
          -0.268374,
          0.53548,
          2.118437
        ],
        [
          -0.581592,
          0.134607,
          -0.802267,
          2.319323
        ],
        [
          0.143228,
          -0.953864,
          -0.263874,
          1.487206
        ],
        [
          0.0,
          0.0,
          0.0,
          1.0
        ]
      ]
    },
    {
      "file_path": "/media/NFS/ttao/scannet/posed_images/scene0705_00/00235.jpg",
      "transform_matrix": [
        [
          -0.835575,
          -0.23748,
          0.495396,
          2.161226
        ],
        [
          -0.531141,
          0.118811,
          -0.838912,
          2.335285
        ],
        [
          0.140366,
          -0.964099,
          -0.225411,
          1.479795
        ],
        [
          0.0,
          0.0,
          0.0,
          1.0
        ]
      ]
    },
    {
      "file_path": "/media/NFS/ttao/scannet/posed_images/scene0705_00/00238.jpg",
      "transform_matrix": [
        [
          -0.863847,
          -0.238984,
          0.443458,
          2.199365
        ],
        [
          -0.482962,
          0.142596,
          -0.863953,
          2.348612
        ],
        [
          0.143235,
          -0.960496,
          -0.238601,
          1.477288
        ],
        [
          0.0,
          0.0,
          0.0,
          1.0
        ]
      ]
    },
    {
      "file_path": "/media/NFS/ttao/scannet/posed_images/scene0705_00/00242.jpg",
      "transform_matrix": [
        [
          -0.902165,
          -0.207525,
          0.378196,
          2.25329
        ],
        [
          -0.415498,
          0.182228,
          -0.891154,
          2.385375
        ],
        [
          0.116019,
          -0.961107,
          -0.250626,
          1.474291
        ],
        [
          0.0,
          0.0,
          0.0,
          1.0
        ]
      ]
    },
    {
      "file_path": "/media/NFS/ttao/scannet/posed_images/scene0705_00/00245.jpg",
      "transform_matrix": [
        [
          -0.917014,
          -0.184552,
          0.353588,
          2.277529
        ],
        [
          -0.386389,
          0.191153,
          -0.902311,
          2.402192
        ],
        [
          0.098934,
          -0.964055,
          -0.246599,
          1.478157
        ],
        [
          0.0,
          0.0,
          0.0,
          1.0
        ]
      ]
    },
    {
      "file_path": "/media/NFS/ttao/scannet/posed_images/scene0705_00/00251.jpg",
      "transform_matrix": [
        [
          -0.939951,
          -0.185038,
          0.286798,
          2.343654
        ],
        [
          -0.32417,
          0.221061,
          -0.919808,
          2.429562
        ],
        [
          0.106799,
          -0.957545,
          -0.267771,
          1.476196
        ],
        [
          0.0,
          0.0,
          0.0,
          1.0
        ]
      ]
    },
    {
      "file_path": "/media/NFS/ttao/scannet/posed_images/scene0705_00/00252.jpg",
      "transform_matrix": [
        [
          -0.94086,
          -0.186998,
          0.282515,
          2.349744
        ],
        [
          -0.320201,
          0.218337,
          -0.921846,
          2.429899
        ],
        [
          0.1107,
          -0.957789,
          -0.265302,
          1.477392
        ],
        [
          0.0,
          0.0,
          0.0,
          1.0
        ]
      ]
    },
    {
      "file_path": "/media/NFS/ttao/scannet/posed_images/scene0705_00/00256.jpg",
      "transform_matrix": [
        [
          -0.944082,
          -0.184093,
          0.27353,
          2.370079
        ],
        [
          -0.308737,
          0.20243,
          -0.929357,
          2.427774
        ],
        [
          0.115717,
          -0.961838,
          -0.247947,
          1.483788
        ],
        [
          0.0,
          0.0,
          0.0,
          1.0
        ]
      ]
    },
    {
      "file_path": "/media/NFS/ttao/scannet/posed_images/scene0705_00/00261.jpg",
      "transform_matrix": [
        [
          -0.940964,
          -0.15539,
          0.300735,
          2.385547
        ],
        [
          -0.32573,
          0.173848,
          -0.929342,
          2.417536
        ],
        [
          0.092128,
          -0.972436,
          -0.2142,
          1.483278
        ],
        [
          0.0,
          0.0,
          0.0,
          1.0
        ]
      ]
    },
    {
      "file_path": "/media/NFS/ttao/scannet/posed_images/scene0705_00/00266.jpg",
      "transform_matrix": [
        [
          -0.934053,
          -0.138571,
          0.329156,
          2.40538
        ],
        [
          -0.350172,
          0.174244,
          -0.920336,
          2.401846
        ],
        [
          0.070178,
          -0.974904,
          -0.211277,
          1.492768
        ],
        [
          0.0,
          0.0,
          0.0,
          1.0
        ]
      ]
    },
    {
      "file_path": "/media/NFS/ttao/scannet/posed_images/scene0705_00/00269.jpg",
      "transform_matrix": [
        [
          -0.932413,
          -0.142383,
          0.332163,
          2.414308
        ],
        [
          -0.353963,
          0.174374,
          -0.91886,
          2.392608
        ],
        [
          0.07291,
          -0.974331,
          -0.212987,
          1.488588
        ],
        [
          0.0,
          0.0,
          0.0,
          1.0
        ]
      ]
    },
    {
      "file_path": "/media/NFS/ttao/scannet/posed_images/scene0705_00/00271.jpg",
      "transform_matrix": [
        [
          -0.933686,
          -0.143962,
          0.327879,
          2.422302
        ],
        [
          -0.349949,
          0.172672,
          -0.920717,
          2.380899
        ],
        [
          0.075932,
          -0.974402,
          -0.211601,
          1.488545
        ],
        [
          0.0,
          0.0,
          0.0,
          1.0
        ]
      ]
    },
    {
      "file_path": "/media/NFS/ttao/scannet/posed_images/scene0705_00/00275.jpg",
      "transform_matrix": [
        [
          -0.9364,
          -0.152076,
          0.31627,
          2.430411
        ],
        [
          -0.342037,
          0.193871,
          -0.91947,
          2.371942
        ],
        [
          0.078514,
          -0.969168,
          -0.233556,
          1.488266
        ],
        [
          0.0,
          0.0,
          0.0,
          1.0
        ]
      ]
    },
    {
      "file_path": "/media/NFS/ttao/scannet/posed_images/scene0705_00/00278.jpg",
      "transform_matrix": [
        [
          -0.942858,
          -0.133294,
          0.30537,
          2.442011
        ],
        [
          -0.326566,
          0.187797,
          -0.92633,
          2.369964
        ],
        [
          0.066126,
          -0.973121,
          -0.220595,
          1.495428
        ],
        [
          0.0,
          0.0,
          0.0,
          1.0
        ]
      ]
    },
    {
      "file_path": "/media/NFS/ttao/scannet/posed_images/scene0705_00/00285.jpg",
      "transform_matrix": [
        [
          -0.956651,
          -0.12659,
          0.262286,
          2.475925
        ],
        [
          -0.283478,
          0.198243,
          -0.938264,
          2.378188
        ],
        [
          0.066778,
          -0.971944,
          -0.225535,
          1.49984
        ],
        [
          0.0,
          0.0,
          0.0,
          1.0
        ]
      ]
    },
    {
      "file_path": "/media/NFS/ttao/scannet/posed_images/scene0705_00/00288.jpg",
      "transform_matrix": [
        [
          -0.959598,
          -0.132873,
          0.248023,
          2.484444
        ],
        [
          -0.27215,
          0.214469,
          -0.93805,
          2.379176
        ],
        [
          0.071448,
          -0.967651,
          -0.241965,
          1.496665
        ],
        [
          0.0,
          0.0,
          0.0,
          1.0
        ]
      ]
    },
    {
      "file_path": "/media/NFS/ttao/scannet/posed_images/scene0705_00/00292.jpg",
      "transform_matrix": [
        [
          -0.967468,
          -0.123863,
          0.220598,
          2.493956
        ],
        [
          -0.243804,
          0.223589,
          -0.943699,
          2.377138
        ],
        [
