{
  "frames": [
    {
      "file_path": "/media/NFS/ttao/scannet/posed_images/scene0282_00/00000.jpg",
      "transform_matrix": [
        [
          -0.924548,
          0.206786,
          -0.320078,
          2.046153
        ],
        [
          0.376255,
          0.362335,
          -0.852729,
          3.494177
        ],
        [
          -0.060356,
          -0.90882,
          -0.4128,
          1.287404
        ],
        [
          0.0,
          0.0,
          0.0,
          1.0
        ]
      ]
    },
    {
      "file_path": "/media/NFS/ttao/scannet/posed_images/scene0282_00/00005.jpg",
      "transform_matrix": [
        [
          -0.924472,
          0.200834,
          -0.324064,
          2.047152
        ],
        [
          0.3771,
          0.356609,
          -0.854767,
          3.491587
        ],
        [
          -0.056102,
          -0.912412,
          -0.405409,
          1.295512
        ],
        [
          0.0,
          0.0,
          0.0,
          1.0
        ]
      ]
    },
    {
      "file_path": "/media/NFS/ttao/scannet/posed_images/scene0282_00/00012.jpg",
      "transform_matrix": [
        [
          -0.918634,
          0.19483,
          -0.343734,
          2.063718
        ],
        [
          0.39245,
          0.349151,
          -0.850927,
          3.485371
        ],
        [
          -0.045771,
          -0.916589,
          -0.397203,
          1.301895
        ],
        [
          0.0,
          0.0,
          0.0,
          1.0
        ]
      ]
    },
    {
      "file_path": "/media/NFS/ttao/scannet/posed_images/scene0282_00/00020.jpg",
      "transform_matrix": [
        [
          -0.909539,
          0.190308,
          -0.369489,
          2.087019
        ],
        [
          0.413559,
          0.326016,
          -0.850107,
          3.472265
        ],
        [
          -0.041323,
          -0.926011,
          -0.375227,
          1.316785
        ],
        [
          0.0,
          0.0,
          0.0,
          1.0
        ]
      ]
    },
    {
      "file_path": "/media/NFS/ttao/scannet/posed_images/scene0282_00/00025.jpg",
      "transform_matrix": [
        [
          -0.903037,
          0.180982,
          -0.389575,
          2.110734
        ],
        [
          0.428405,
          0.312922,
          -0.847673,
          3.45267
        ],
        [
          -0.031507,
          -0.932376,
          -0.360114,
          1.327271
        ],
        [
          0.0,
          0.0,
          0.0,
          1.0
        ]
      ]
    },
    {
      "file_path": "/media/NFS/ttao/scannet/posed_images/scene0282_00/00028.jpg",
      "transform_matrix": [
        [
          -0.898395,
          0.179163,
          -0.400981,
          2.116063
        ],
        [
          0.438371,
          0.310179,
          -0.843576,
          3.449434
        ],
        [
          -0.026761,
          -0.933643,
          -0.357204,
          1.327811
        ],
        [
          0.0,
          0.0,
          0.0,
          1.0
        ]
      ]
    },
    {
      "file_path": "/media/NFS/ttao/scannet/posed_images/scene0282_00/00031.jpg",
      "transform_matrix": [
        [
          -0.891791,
          0.17752,
          -0.416166,
          2.11639
        ],
        [
          0.452019,
          0.309587,
          -0.836562,
          3.441782
        ],
        [
          -0.019667,
          -0.934153,
          -0.356329,
          1.329569
        ],
        [
          0.0,
          0.0,
          0.0,
          1.0
        ]
      ]
    },
    {
      "file_path": "/media/NFS/ttao/scannet/posed_images/scene0282_00/00041.jpg",
      "transform_matrix": [
        [
          -0.867431,
          0.188558,
          -0.460445,
          2.136699
        ],
        [
          0.496785,
          0.27664,
          -0.822603,
          3.414019
        ],
        [
          -0.027731,
          -0.942293,
          -0.333638,
          1.329195
        ],
        [
          0.0,
          0.0,
          0.0,
          1.0
        ]
      ]
    },
    {
      "file_path": "/media/NFS/ttao/scannet/posed_images/scene0282_00/00045.jpg",
      "transform_matrix": [
        [
          -0.854579,
          0.200558,
          -0.479031,
          2.140324
        ],
        [
          0.518449,
          0.276038,
          -0.809329,
          3.395236
        ],
        [
          -0.030087,
          -0.939989,
          -0.339876,
          1.325019
        ],
        [
          0.0,
          0.0,
          0.0,
          1.0
        ]
      ]
    },
    {
      "file_path": "/media/NFS/ttao/scannet/posed_images/scene0282_00/00053.jpg",
      "transform_matrix": [
        [
          -0.822074,
          0.252154,
          -0.510502,
          2.127182
        ],
        [
          0.567642,
          0.29294,
          -0.769395,
          3.348049
        ],
        [
          -0.04446,
          -0.922282,
          -0.383952,
          1.315654
        ],
        [
          0.0,
          0.0,
          0.0,
          1.0
        ]
      ]
    },
    {
      "file_path": "/media/NFS/ttao/scannet/posed_images/scene0282_00/00055.jpg",
      "transform_matrix": [
        [
          -0.818739,
          0.254587,
          -0.514637,
          2.118267
        ],
        [
          0.572653,
          0.297073,
          -0.764078,
          3.335932
        ],
        [
          -0.04164,
          -0.92029,
          -0.389016,
          1.314705
        ],
        [
          0.0,
          0.0,
          0.0,
          1.0
        ]
      ]
    },
    {
      "file_path": "/media/NFS/ttao/scannet/posed_images/scene0282_00/00061.jpg",
      "transform_matrix": [
        [
          -0.817444,
          0.247584,
          -0.520084,
          2.083084
        ],
        [
          0.575222,
          0.303717,
          -0.759524,
          3.298807
        ],
        [
          -0.030088,
          -0.920032,
          -0.390688,
          1.319741
        ],
        [
          0.0,
          0.0,
          0.0,
          1.0
        ]
      ]
    },
    {
      "file_path": "/media/NFS/ttao/scannet/posed_images/scene0282_00/00065.jpg",
      "transform_matrix": [
        [
          -0.810592,
          0.243709,
          -0.53249,
          2.051149
        ],
        [
          0.585323,
          0.308683,
          -0.749741,
          3.274607
        ],
        [
          -0.018347,
          -0.919413,
          -0.392865,
          1.3313
        ],
        [
          0.0,
          0.0,
          0.0,
          1.0
        ]
      ]
    },
    {
      "file_path": "/media/NFS/ttao/scannet/posed_images/scene0282_00/00075.jpg",
      "transform_matrix": [
        [
          -0.771726,
          0.246393,
          -0.586284,
          1.985464
        ],
        [
          0.635949,
          0.302822,
          -0.709836,
          3.227032
        ],
        [
          0.002641,
          -0.920646,
          -0.390389,
          1.350556
        ],
        [
          0.0,
          0.0,
          0.0,
          1.0
        ]
      ]
    },
    {
      "file_path": "/media/NFS/ttao/scannet/posed_images/scene0282_00/00076.jpg",
      "transform_matrix": [
        [
          -0.768785,
          0.253393,
          -0.587164,
          1.980489
        ],
        [
          0.639507,
          0.303651,
          -0.706277,
          3.220427
        ],
        [
          -0.000673,
          -0.918471,
          -0.395489,
          1.351859
        ],
        [
          0.0,
          0.0,
          0.0,
          1.0
        ]
      ]
    },
    {
      "file_path": "/media/NFS/ttao/scannet/posed_images/scene0282_00/00081.jpg",
      "transform_matrix": [
        [
          -0.755955,
          0.27496,
          -0.594079,
          1.959441
        ],
        [
          0.654355,
          0.291373,
          -0.697798,
          3.188652
        ],
        [
          -0.018768,
          -0.916242,
          -0.400186,
          1.361415
        ],
        [
          0.0,
          0.0,
          0.0,
          1.0
        ]
      ]
    },
    {
      "file_path": "/media/NFS/ttao/scannet/posed_images/scene0282_00/00088.jpg",
      "transform_matrix": [
        [
          -0.704263,
          0.291705,
          -0.647241,
          1.930264
        ],
        [
          0.709927,
          0.294554,
          -0.639719,
          3.123981
        ],
        [
          0.004038,
          -0.910025,
          -0.414533,
          1.359605
        ],
        [
          0.0,
          0.0,
          0.0,
          1.0
        ]
      ]
    },
    {
      "file_path": "/media/NFS/ttao/scannet/posed_images/scene0282_00/00093.jpg",
      "transform_matrix": [
        [
          -0.637814,
          0.317492,
          -0.701707,
          1.911709
        ],
        [
          0.770189,
          0.264939,
          -0.580187,
          3.05367
        ],
        [
          0.001704,
          -0.910498,
          -0.41351,
          1.355503
        ],
        [
          0.0,
          0.0,
          0.0,
          1.0
        ]
      ]
    },
    {
      "file_path": "/media/NFS/ttao/scannet/posed_images/scene0282_00/00098.jpg",
      "transform_matrix": [
        [
          -0.571658,
          0.365672,
          -0.7345,
          1.895737
        ],
        [
          0.81992,
          0.221171,
          -0.528029,
          2.979816
        ],
        [
          -0.030635,
          -0.904084,
          -0.426256,
          1.366074
        ],
        [
          0.0,
          0.0,
          0.0,
          1.0
        ]
      ]
    },
    {
      "file_path": "/media/NFS/ttao/scannet/posed_images/scene0282_00/00106.jpg",
      "transform_matrix": [
        [
          -0.49989,
          0.416585,
          -0.75932,
          1.875674
        ],
        [
          0.865115,
          0.198625,
          -0.460569,
          2.891102
        ],
        [
          -0.041046,
          -0.887133,
          -0.459685,
          1.368154
        ],
        [
          0.0,
          0.0,
          0.0,
          1.0
        ]
      ]
    },
    {
      "file_path": "/media/NFS/ttao/scannet/posed_images/scene0282_00/00109.jpg",
      "transform_matrix": [
        [
          -0.478022,
          0.42421,
          -0.769116,
          1.860148
        ],
        [
          0.877721,
          0.19763,
          -0.436519,
          2.867924
        ],
        [
          -0.033175,
          -0.883735,
          -0.46681,
          1.36904
        ],
        [
          0.0,
          0.0,
          0.0,
          1.0
        ]
      ]
    },
    {
      "file_path": "/media/NFS/ttao/scannet/posed_images/scene0282_00/00114.jpg",
      "transform_matrix": [
        [
          -0.451038,
          0.418638,
          -0.78823,
          1.82991
        ],
        [
          0.892423,
          0.199579,
          -0.40466,
          2.838148
        ],
        [
          -0.012092,
          -0.885952,
          -0.46362,
          1.373087
        ],
        [
          0.0,
          0.0,
          0.0,
          1.0
        ]
      ]
    },
    {
      "file_path": "/media/NFS/ttao/scannet/posed_images/scene0282_00/00124.jpg",
      "transform_matrix": [
        [
          -0.383844,
          0.402113,
          -0.831245,
          1.757244
        ],
        [
          0.923366,
          0.159607,
          -0.349173,
          2.815512
        ],
        [
          -0.007735,
          -0.901571,
          -0.432562,
          1.382263
        ],
        [
          0.0,
          0.0,
          0.0,
          1.0
        ]
      ]
    },
    {
      "file_path": "/media/NFS/ttao/scannet/posed_images/scene0282_00/00129.jpg",
      "transform_matrix": [
        [
          -0.339611,
          0.415091,
          -0.844016,
          1.728561
        ],
        [
          0.940566,
          0.150095,
          -0.304643,
          2.797042
        ],
        [
          0.000228,
          -0.897313,
          -0.441395,
          1.381332
        ],
        [
          0.0,
          0.0,
          0.0,
          1.0
        ]
      ]
    },
    {
      "file_path": "/media/NFS/ttao/scannet/posed_images/scene0282_00/00131.jpg",
      "transform_matrix": [
        [
          -0.319787,
          0.432444,
          -0.843047,
          1.715294
        ],
        [
          0.947368,
          0.131662,
          -0.291822,
          2.801692
        ],
        [
          -0.0152,
          -0.891996,
          -0.451787,
          1.381712
        ],
        [
          0.0,
          0.0,
          0.0,
          1.0
        ]
      ]
    },
    {
      "file_path": "/media/NFS/ttao/scannet/posed_images/scene0282_00/00141.jpg",
      "transform_matrix": [
        [
          -0.124336,
          0.460816,
          -0.878743,
          1.688038
        ],
        [
          0.991985,
          0.037661,
          -0.120609,
          2.759042
        ],
        [
          -0.022484,
          -0.886696,
          -0.461805,
          1.394601
        ],
        [
          0.0,
          0.0,
          0.0,
          1.0
        ]
      ]
    },
    {
      "file_path": "/media/NFS/ttao/scannet/posed_images/scene0282_00/00146.jpg",
      "transform_matrix": [
        [
          -0.021352,
          0.457608,
          -0.888897,
          1.689305
        ],
        [
          0.998816,
          -0.0291,
          -0.038973,
          2.733274
        ],
        [
          -0.043701,
          -0.888678,
          -0.456445,
          1.399699
        ],
        [
          0.0,
          0.0,
          0.0,
          1.0
        ]
      ]
    },
    {
      "file_path": "/media/NFS/ttao/scannet/posed_images/scene0282_00/00152.jpg",
      "transform_matrix": [
        [
          0.086383,
          0.447343,
          -0.890181,
          1.697587
        ],
        [
          0.994741,
          -0.088088,
          0.052263,
          2.704855
        ],
        [
          -0.055035,
          -0.890014,
          -0.4526,
          1.395432
        ],
        [
          0.0,
          0.0,
          0.0,
          1.0
        ]
      ]
    },
    {
      "file_path": "/media/NFS/ttao/scannet/posed_images/scene0282_00/00157.jpg",
      "transform_matrix": [
        [
          0.166238,
          0.446697,
          -0.879105,
          1.697425
        ],
        [
          0.983611,
          -0.138233,
          0.11576,
          2.682868
        ],
        [
          -0.069812,
          -0.883942,
          -0.462356,
          1.397156
        ],
        [
          0.0,
          0.0,
          0.0,
          1.0
        ]
      ]
    },
    {
      "file_path": "/media/NFS/ttao/scannet/posed_images/scene0282_00/00159.jpg",
      "transform_matrix": [
        [
          0.192083,
          0.445165,
          -0.874603,
          1.694149
        ],
        [
          0.978773,
          -0.151795,
          0.137699,
          2.678606
        ],
        [
          -0.071462,
          -0.882488,
          -0.464874,
          1.399549
        ],
        [
          0.0,
          0.0,
          0.0,
          1.0
        ]
      ]
    },
    {
      "file_path": "/media/NFS/ttao/scannet/posed_images/scene0282_00/00167.jpg",
      "transform_matrix": [
        [
          0.272154,
          0.441086,
          -0.855205,
          1.679506
        ],
        [
          0.959935,
          -0.186121,
          0.209487,
          2.692577
        ],
        [
          -0.06677,
          -0.877954,
          -0.474067,
          1.382276
        ],
        [
          0.0,
          0.0,
          0.0,
          1.0
        ]
      ]
    },
    {
      "file_path": "/media/NFS/ttao/scannet/posed_images/scene0282_00/00174.jpg",
      "transform_matrix": [
        [
          0.330576,
          0.42686,
          -0.84173,
          1.650313
        ],
        [
          0.941457,
          -0.211682,
          0.262393,
          2.738468
        ],
        [
          -0.066174,
          -0.879193,
          -0.471848,
          1.379974
        ],
        [
          0.0,
          0.0,
          0.0,
          1.0
        ]
      ]
    },
    {
      "file_path": "/media/NFS/ttao/scannet/posed_images/scene0282_00/00176.jpg",
      "transform_matrix": [
        [
          0.349348,
          0.418926,
          -0.838127,
          1.639365
        ],
        [
          0.934228,
          -0.224407,
          0.277238,
          2.748506
        ],
        [
          -0.071939,
          -0.879854,
          -0.469768,
          1.381835
        ],
        [
          0.0,
          0.0,
          0.0,
          1.0
        ]
      ]
    },
    {
      "file_path": "/media/NFS/ttao/scannet/posed_images/scene0282_00/00181.jpg",
      "transform_matrix": [
        [
          0.371825,
          0.396655,
          -0.839292,
          1.620384
        ],
        [
          0.925718,
          -0.225865,
          0.303368,
          2.80268
        ],
        [
          -0.069234,
          -0.889747,
          -0.451173,
          1.385258
        ],
        [
          0.0,
          0.0,
          0.0,
          1.0
        ]
      ]
    },
    {
      "file_path": "/media/NFS/ttao/scannet/posed_images/scene0282_00/00189.jpg",
      "transform_matrix": [
        [
          0.423032,
          0.366895,
          -0.828512,
          1.581417
        ],
        [
          0.904608,
          -0.223724,
          0.362813,
          2.848979
        ],
        [
          -0.052244,
          -0.90296,
          -0.426538,
          1.381011
        ],
        [
          0.0,
          0.0,
          0.0,
          1.0
        ]
      ]
    },
    {
      "file_path": "/media/NFS/ttao/scannet/posed_images/scene0282_00/00195.jpg",
      "transform_matrix": [
        [
          0.460944,
          0.362326,
          -0.810093,
          1.552839
        ],
        [
          0.886323,
          -0.233519,
          0.399875,
          2.88782
        ],
        [
          -0.044287,
          -0.902324,
          -0.428777,
          1.379797
        ],
        [
          0.0,
          0.0,
          0.0,
          1.0
        ]
      ]
    },
    {
      "file_path": "/media/NFS/ttao/scannet/posed_images/scene0282_00/00200.jpg",
      "transform_matrix": [
        [
          0.502245,
          0.345037,
          -0.792905,
          1.524395
        ],
        [
          0.862645,
          -0.263483,
          0.431764,
          2.90096
        ],
        [
          -0.059942,
          -0.900847,
          -0.429978,
          1.390148
        ],
        [
          0.0,
          0.0,
          0.0,
          1.0
        ]
      ]
    },
    {
      "file_path": "/media/NFS/ttao/scannet/posed_images/scene0282_00/00204.jpg",
      "transform_matrix": [
        [
          0.555504,
          0.310666,
          -0.771299,
          1.504698
        ],
        [
          0.829285,
          -0.274862,
          0.486556,
          2.896483
        ],
        [
          -0.060845,
          -0.909911,
          -0.410318,
          1.390016
        ],
        [
          0.0,
          0.0,
          0.0,
          1.0
        ]
      ]
    },
    {
      "file_path": "/media/NFS/ttao/scannet/posed_images/scene0282_00/00212.jpg",
      "transform_matrix": [
        [
          0.651456,
          0.240545,
          -0.719544,
          1.463406
        ],
        [
          0.754745,
          -0.302028,
          0.582357,
          2.867092
        ],
        [
          -0.077239,
          -0.922452,
          -0.378308,
          1.415356
        ],
        [
          0.0,
          0.0,
          0.0,
          1.0
        ]
      ]
    },
    {
      "file_path": "/media/NFS/ttao/scannet/posed_images/scene0282_00/00215.jpg",
      "transform_matrix": [
        [
          0.677564,
          0.222265,
          -0.701074,
          1.454558
        ],
        [
          0.731794,
          -0.298858,
          0.612505,
          2.852534
        ],
        [
          -0.073383,
          -0.928053,
          -0.365148,
          1.416808
        ],
        [
          0.0,
          0.0,
          0.0,
          1.0
        ]
      ]
    },
    {
      "file_path": "/media/NFS/ttao/scannet/posed_images/scene0282_00/00224.jpg",
      "transform_matrix": [
        [
          0.74145,
          0.155147,
          -0.652825,
          1.436057
        ],
        [
          0.664138,
          -0.308542,
          0.680972,
          2.817626
        ],
        [
          -0.095773,
          -0.938473,
          -0.331807,
          1.433139
        ],
        [
          0.0,
          0.0,
          0.0,
          1.0
        ]
      ]
    },
    {
      "file_path": "/media/NFS/ttao/scannet/posed_images/scene0282_00/00229.jpg",
      "transform_matrix": [
        [
          0.76668,
          0.125125,
          -0.629718,
          1.433616
        ],
        [
          0.634021,
          -0.301995,
          0.711911,
          2.796909
        ],
        [
          -0.101093,
          -0.945063,
          -0.310865,
          1.438219
        ],
        [
          0.0,
          0.0,
          0.0,
          1.0
        ]
      ]
    },
    {
      "file_path": "/media/NFS/ttao/scannet/posed_images/scene0282_00/00230.jpg",
      "transform_matrix": [
        [
          0.7701,
          0.117092,
          -0.627085,
          1.433433
        ],
        [
          0.629552,
          -0.298228,
          0.717443,
          2.791932
        ],
        [
          -0.103007,
          -0.947285,
          -0.303381,
          1.437504
        ],
        [
          0.0,
          0.0,
          0.0,
          1.0
        ]
      ]
    },
    {
      "file_path": "/media/NFS/ttao/scannet/posed_images/scene0282_00/00240.jpg",
      "transform_matrix": [
        [
          0.787505,
          0.076221,
          -0.611577,
          1.437045
        ],
        [
          0.607935,
          -0.25909,
          0.750525,
          2.767878
        ],
        [
          -0.101248,
          -0.962841,
          -0.250372,
          1.446555
        ],
        [
          0.0,
          0.0,
          0.0,
          1.0
        ]
      ]
    },
    {
      "file_path": "/media/NFS/ttao/scannet/posed_images/scene0282_00/00243.jpg",
      "transform_matrix": [
        [
          0.791688,
          0.066217,
          -0.607326,
          1.43693
        ],
        [
          0.602634,
          -0.247861,
          0.758549,
          2.762036
        ],
        [
          -0.100304,
          -0.96653,
          -0.236133,
          1.446468
        ],
        [
          0.0,
          0.0,
          0.0,
          1.0
        ]
      ]
    },
    {
      "file_path": "/media/NFS/ttao/scannet/posed_images/scene0282_00/00252.jpg",
      "transform_matrix": [
        [
          0.811501,
          0.044798,
          -0.582631,
          1.439788
        ],
        [
          0.578742,
          -0.199424,
          0.790751,
          2.749761
        ],
        [
          -0.080766,
          -0.978889,
          -0.18776,
          1.453725
        ],
        [
          0.0,
          0.0,
          0.0,
          1.0
        ]
      ]
    },
    {
      "file_path": "/media/NFS/ttao/scannet/posed_images/scene0282_00/00257.jpg",
      "transform_matrix": [
        [
          0.816954,
          0.037637,
          -0.575473,
          1.440958
        ],
        [
          0.571861,
          -0.18191,
          0.799927,
          2.74458
        ],
        [
          -0.074578,
          -0.982595,
          -0.170135,
          1.45669
        ],
        [
          0.0,
          0.0,
          0.0,
          1.0
        ]
      ]
    },
    {
      "file_path": "/media/NFS/ttao/scannet/posed_images/scene0282_00/00262.jpg",
      "transform_matrix": [
        [
          0.826224,
          0.034378,
          -0.562291,
          1.44532
        ],
        [
          0.558362,
          -0.182389,
          0.8093,
          2.744254
        ],
        [
          -0.074734,
          -0.982625,
          -0.16989,
          1.456115
        ],
        [
          0.0,
          0.0,
          0.0,
          1.0
        ]
      ]
    },
    {
      "file_path": "/media/NFS/ttao/scannet/posed_images/scene0282_00/00268.jpg",
      "transform_matrix": [
        [
          0.84696,
          0.035172,
          -0.530491,
          1.456191
        ],
        [
          0.525961,
          -0.201085,
          0.826396,
          2.75189
        ],
        [
          -0.077608,
          -0.978942,
          -0.18881,
          1.458656
        ],
        [
          0.0,
          0.0,
          0.0,
          1.0
        ]
      ]
    },
    {
      "file_path": "/media/NFS/ttao/scannet/posed_images/scene0282_00/00270.jpg",
      "transform_matrix": [
        [
          0.856488,
          0.033569,
          -0.515074,
          1.449883
        ],
        [
          0.510403,
          -0.203798,
          0.835437,
          2.750062
        ],
        [
          -0.076926,
          -0.978437,
          -0.191684,
          1.456713
        ],
        [
          0.0,
          0.0,
          0.0,
          1.0
        ]
      ]
    },
    {
      "file_path": "/media/NFS/ttao/scannet/posed_images/scene0282_00/00277.jpg",
      "transform_matrix": [
        [
          0.877849,
          0.033821,
          -0.477741,
          1.461055
        ],
        [
          0.471268,
          -0.238796,
          0.849048,
          2.758482
        ],
        [
          -0.085367,
          -0.970481,
          -0.225566,
          1.449542
        ],
        [
          0.0,
          0.0,
          0.0,
          1.0
        ]
      ]
    },
    {
      "file_path": "/media/NFS/ttao/scannet/posed_images/scene0282_00/00283.jpg",
      "transform_matrix": [
        [
          0.9001,
          0.041449,
          -0.433707,
          1.458759
        ],
        [
          0.428256,
          -0.267186,
          0.863254,
          2.766251
        ],
        [
          -0.0801,
          -0.962753,
          -0.258245,
          1.443664
        ],
        [
          0.0,
          0.0,
          0.0,
          1.0
        ]
      ]
    },
    {
      "file_path": "/media/NFS/ttao/scannet/posed_images/scene0282_00/00290.jpg",
      "transform_matrix": [
        [
          0.905196,
          0.031486,
          -0.423826,
          1.471899
        ],
        [
          0.413502,
          -0.295592,
          0.861186,
          2.779865
        ],
        [
          -0.098165,
          -0.954795,
          -0.280588,
          1.435866
        ],
        [
          0.0,
          0.0,
          0.0,
          1.0
        ]
      ]
    },
    {
      "file_path": "/media/NFS/ttao/scannet/posed_images/scene0282_00/00291.jpg",
      "transform_matrix": [
        [
          0.905432,
          0.031407,
          -0.423327,
          1.474675
        ],
        [
          0.412933,
          -0.296291,
          0.861219,
          2.782334
        ],
        [
          -0.09838,
          -0.954581,
          -0.28124,
          1.436846
        ],
        [
          0.0,
          0.0,
          0.0,
          1.0
        ]
      ]
    },
    {
      "file_path": "/media/NFS/ttao/scannet/posed_images/scene0282_00/00300.jpg",
      "transform_matrix": [
        [
          0.911867,
          0.022734,
          -0.409855,
          1.52334
        ],
        [
          0.397961,
          -0.293725,
          0.869111,
          2.813215
        ],
        [
          -0.100626,
          -0.95562,
          -0.276885,
          1.435588
        ],
        [
          0.0,
          0.0,
          0.0,
          1.0
        ]
      ]
    },
    {
      "file_path": "/media/NFS/ttao/scannet/posed_images/scene0282_00/00306.jpg",
      "transform_matrix": [
        [
          0.928066,
          0.020492,
          -0.37185,
          1.563328
        ],
        [
          0.358018,
          -0.324032,
          0.875687,
          2.844848
        ],
        [
          -0.102547,
          -0.945824,
          -0.308059,
          1.429146
        ],
        [
          0.0,
          0.0,
          0.0,
          1.0
        ]
      ]
    },
    {
      "file_path": "/media/NFS/ttao/scannet/posed_images/scene0282_00/00310.jpg",
      "transform_matrix": [
        [
          0.932197,
          0.022803,
          -0.361232,
          1.606093
        ],
        [
          0.34684,
          -0.341641,
          0.873489,
          2.872039
        ],
        [
          -0.103493,
          -0.939554,
          -0.326386,
          1.425806
        ],
        [
          0.0,
          0.0,
          0.0,
          1.0
        ]
      ]
    },
    {
      "file_path": "/media/NFS/ttao/scannet/posed_images/scene0282_00/00313.jpg",
      "transform_matrix": [
        [
          0.933764,
          0.014325,
          -0.3576,
          1.631677
        ],
        [
          0.3411,
          -0.338053,
          0.877138,
          2.884736
        ],
        [
          -0.108323,
          -0.941018,
          -0.320548,
          1.421313
        ],
        [
          0.0,
          0.0,
          0.0,
          1.0
        ]
      ]
    },
    {
      "file_path": "/media/NFS/ttao/scannet/posed_images/scene0282_00/00320.jpg",
      "transform_matrix": [
        [
          0.941248,
          0.023743,
          -0.336879,
          1.686315
        ],
        [
          0.324313,
          -0.341773,
          0.88205,
          2.913676
        ],
        [
          -0.094194,
          -0.939483,
          -0.329394,
          1.402851
        ],
        [
          0.0,
          0.0,
          0.0,
          1.0
        ]
      ]
    },
    {
      "file_path": "/media/NFS/ttao/scannet/posed_images/scene0282_00/00328.jpg",
      "transform_matrix": [
        [
          0.953747,
          0.028062,
          -0.299298,
          1.728117
        ],
        [
          0.285013,
          -0.400948,
          0.870636,
          2.947615
        ],
        [
          -0.095572,
          -0.915671,
          -0.390402,
          1.393027
        ],
        [
          0.0,
          0.0,
          0.0,
          1.0
        ]
      ]
    },
    {
      "file_path": "/media/NFS/ttao/scannet/posed_images/scene0282_00/00335.jpg",
      "transform_matrix": [
        [
          0.958392,
          0.011271,
          -0.285232,
          1.76334
        ],
        [
          0.263454,
          -0.419605,
          0.868634,
          2.976859
        ],
        [
          -0.109895,
          -0.907637,
          -0.405115,
          1.381459
        ],
        [
          0.0,
          0.0,
          0.0,
          1.0
        ]
      ]
    },
    {
      "file_path": "/media/NFS/ttao/scannet/posed_images/scene0282_00/00336.jpg",
      "transform_matrix": [
        [
          0.960266,
          0.007567,
          -0.278982,
          1.765433
        ],
        [
          0.255598,
          -0.425234,
          0.868243,
          2.981781
        ],
        [
          -0.112063,
          -0.905052,
          -0.410271,
          1.383458
        ],
        [
          0.0,
          0.0,
          0.0,
          1.0
        ]
      ]
    },
    {
      "file_path": "/media/NFS/ttao/scannet/posed_images/scene0282_00/00341.jpg",
      "transform_matrix": [
        [
          0.963486,
          -0.005869,
          -0.267692,
          1.787839
        ],
        [
          0.236521,
          -0.449957,
          0.86116,
          3.008957
        ],
        [
          -0.125504,
          -0.893031,
          -0.43214,
          1.371462
        ],
        [
          0.0,
          0.0,
          0.0,
          1.0
        ]
      ]
    },
    {
      "file_path": "/media/NFS/ttao/scannet/posed_images/scene0282_00/00349.jpg",
      "transform_matrix": [
        [
          0.9778,
          0.002573,
          -0.209524,
          1.790147
        ],
        [
          0.1827,
          -0.500097,
          0.846477,
          3.063502
        ],
        [
          -0.102604,
          -0.865966,
          -0.489465,
          1.347947
        ],
        [
          0.0,
          0.0,
          0.0,
          1.0
        ]
      ]
    },
    {
      "file_path": "/media/NFS/ttao/scannet/posed_images/scene0282_00/00354.jpg",
      "transform_matrix": [
        [
          0.988221,
          0.014665,
          -0.152326,
          1.788563
        ],
        [
          0.13803,
          -0.515223,
          0.845868,
          3.107327
        ],
        [
          -0.066077,
          -0.856931,
          -0.511178,
          1.328867
        ],
        [
          0.0,
          0.0,
          0.0,
          1.0
        ]
      ]
    },
    {
      "file_path": "/media/NFS/ttao/scannet/posed_images/scene0282_00/00358.jpg",
      "transform_matrix": [
        [
          0.993235,
          0.009128,
          -0.115757,
          1.777217
        ],
        [
          0.103802,
          -0.516593,
          0.849916,
          3.140765
        ],
        [
          -0.052042,
          -0.856182,
          -0.514046,
          1.328886
        ],
        [
          0.0,
          0.0,
          0.0,
          1.0
        ]
      ]
    },
    {
      "file_path": "/media/NFS/ttao/scannet/posed_images/scene0282_00/00363.jpg",
      "transform_matrix": [
        [
          0.996996,
          -0.009253,
          -0.076901,
          1.765608
        ],
        [
          0.061406,
          -0.510716,
          0.857554,
          3.181776
        ],
        [
          -0.04721,
          -0.8597,
          -0.508613,
          1.326358
        ],
        [
          0.0,
          0.0,
          0.0,
          1.0
        ]
      ]
    },
    {
      "file_path": "/media/NFS/ttao/scannet/posed_images/scene0282_00/00373.jpg",
      "transform_matrix": [
        [
          0.997321,
          -0.073095,
          -0.00252,
          1.75514
        ],
        [
          -0.03465,
          -0.502555,
          0.863851,
          3.272444
        ],
        [
          -0.064409,
          -0.86145,
          -0.503741,
          1.33226
        ],
        [
          0.0,
          0.0,
          0.0,
          1.0
        ]
      ]
    },
    {
      "file_path": "/media/NFS/ttao/scannet/posed_images/scene0282_00/00378.jpg",
      "transform_matrix": [
        [
          0.990689,
          -0.128417,
          0.045218,
          1.764799
        ],
        [
          -0.103613,
          -0.495709,
          0.862286,
          3.315083
        ],
        [
          -0.088317,
          -0.858942,
          -0.504399,
          1.32678
        ],
        [
          0.0,
          0.0,
          0.0,
          1.0
        ]
      ]
    },
    {
      "file_path": "/media/NFS/ttao/scannet/posed_images/scene0282_00/00379.jpg",
      "transform_matrix": [
        [
          0.989121,
          -0.136053,
          0.055932,
          1.766994
        ],
        [
          -0.117186,
          -0.498957,
          0.858667,
          3.323271
        ],
        [
          -0.088916,
          -0.85588,
          -0.509473,
          1.324316
        ],
        [
          0.0,
          0.0,
          0.0,
          1.0
        ]
      ]
    },
    {
      "file_path": "/media/NFS/ttao/scannet/posed_images/scene0282_00/00389.jpg",
      "transform_matrix": [
        [
          0.981119,
          -0.155607,
          0.114856,
          1.830579
        ],
        [
          -0.180141,
          -0.519102,
          0.835513,
          3.408651
        ],
        [
          -0.07039,
          -0.840428,
          -0.537332,
          1.307194
        ],
        [
          0.0,
          0.0,
          0.0,
          1.0
        ]
      ]
    },
    {
      "file_path": "/media/NFS/ttao/scannet/posed_images/scene0282_00/00394.jpg",
      "transform_matrix": [
        [
          0.980427,
          -0.144256,
          0.133984,
          1.850501
        ],
        [
          -0.18947,
          -0.506398,
          0.841226,
          3.453508
        ],
        [
          -0.053502,
          -0.850148,
          -0.523819,
          1.309141
        ],
        [
          0.0,
          0.0,
          0.0,
          1.0
        ]
      ]
    },
    {
      "file_path": "/media/NFS/ttao/scannet/posed_images/scene0282_00/00401.jpg",
      "transform_matrix": [
        [
          0.971466,
          -0.14997,
          0.183746,
          1.865412
        ],
        [
          -0.235951,
          -0.532368,
          0.812965,
          3.506712
        ],
        [
          -0.024099,
          -0.833123,
          -0.552563,
          1.304383
        ],
        [
          0.0,
          0.0,
          0.0,
          1.0
        ]
      ]
    },
    {
      "file_path": "/media/NFS/ttao/scannet/posed_images/scene0282_00/00402.jpg",
      "transform_matrix": [
        [
          0.969487,
          -0.15338,
          0.191228,
          1.866054
        ],
        [
          -0.244116,
          -0.532839,
          0.81024,
          3.51388
        ],
        [
          -0.02238,
          -0.8322,
          -0.554024,
          1.305113
        ],
        [
          0.0,
          0.0,
          0.0,
          1.0
        ]
      ]
    },
    {
      "file_path": "/media/NFS/ttao/scannet/posed_images/scene0282_00/00411.jpg",
      "transform_matrix": [
        [
          0.932875,
          -0.213661,
          0.28999,
          1.84707
        ],
        [
          -0.360198,
          -0.549683,
          0.753729,
          3.57265
        ],
        [
          -0.00164,
          -0.807588,
          -0.589746,
          1.304397
        ],
        [
          0.0,
          0.0,
          0.0,
          1.0
        ]
      ]
    },
    {
      "file_path": "/media/NFS/ttao/scannet/posed_images/scene0282_00/00417.jpg",
      "transform_matrix": [
        [
          0.91569,
          -0.252202,
          0.312901,
          1.809975
        ],
        [
          -0.401319,
          -0.532447,
          0.745281,
          3.602741
        ],
        [
          -0.021358,
          -0.808019,
          -0.58877,
          1.304065
        ],
        [
          0.0,
          0.0,
          0.0,
          1.0
        ]
      ]
    },
    {
      "file_path": "/media/NFS/ttao/scannet/posed_images/scene0282_00/00421.jpg",
      "transform_matrix": [
        [
          0.893714,
          -0.274615,
          0.354771,
          1.787856
        ],
        [
          -0.44853,
          -0.5296,
          0.719962,
          3.616935
        ],
        [
          -0.009825,
          -0.802565,
          -0.596484,
          1.304438
        ],
        [
          0.0,
          0.0,
          0.0,
          1.0
        ]
      ]
    },
    {
      "file_path": "/media/NFS/ttao/scannet/posed_images/scene0282_00/00426.jpg",
      "transform_matrix": [
        [
          0.854298,
          -0.322345,
          0.40776,
          1.7595
        ],
        [
          -0.519382,
          -0.498539,
          0.694047,
          3.624777
        ],
        [
          -0.020438,
          -0.804706,
          -0.593321,
          1.305936
