{
  "frames": [
    {
      "file_path": "/media/NFS/ttao/scannet/posed_images/scene0116_00/00000.jpg",
      "transform_matrix": [
        [
          0.956223,
          -0.170898,
          0.237554,
          1.275326
        ],
        [
          -0.292595,
          -0.544035,
          0.786393,
          2.834272
        ],
        [
          -0.005155,
          -0.821474,
          -0.570223,
          1.3185
        ],
        [
          0.0,
          0.0,
          0.0,
          1.0
        ]
      ]
    },
    {
      "file_path": "/media/NFS/ttao/scannet/posed_images/scene0116_00/00009.jpg",
      "transform_matrix": [
        [
          0.956011,
          -0.167954,
          0.240486,
          1.277841
        ],
        [
          -0.293328,
          -0.545359,
          0.785202,
          2.834386
        ],
        [
          -0.000727,
          -0.821203,
          -0.570635,
          1.31762
        ],
        [
          0.0,
          0.0,
          0.0,
          1.0
        ]
      ]
    },
    {
      "file_path": "/media/NFS/ttao/scannet/posed_images/scene0116_00/00012.jpg",
      "transform_matrix": [
        [
          0.957887,
          -0.167027,
          0.233568,
          1.28847
        ],
        [
          -0.287112,
          -0.544853,
          0.787847,
          2.831169
        ],
        [
          -0.004332,
          -0.821728,
          -0.569863,
          1.316098
        ],
        [
          0.0,
          0.0,
          0.0,
          1.0
        ]
      ]
    },
    {
      "file_path": "/media/NFS/ttao/scannet/posed_images/scene0116_00/00016.jpg",
      "transform_matrix": [
        [
          0.957459,
          -0.168886,
          0.233988,
          1.288506
        ],
        [
          -0.288514,
          -0.5443,
          0.787717,
          2.831198
        ],
        [
          -0.005675,
          -0.821715,
          -0.56987,
          1.316456
        ],
        [
          0.0,
          0.0,
          0.0,
          1.0
        ]
      ]
    },
    {
      "file_path": "/media/NFS/ttao/scannet/posed_images/scene0116_00/00023.jpg",
      "transform_matrix": [
        [
          0.956352,
          -0.176777,
          0.232683,
          1.284007
        ],
        [
          -0.291952,
          -0.544024,
          0.78664,
          2.833918
        ],
        [
          -0.012475,
          -0.820237,
          -0.571889,
          1.319867
        ],
        [
          0.0,
          0.0,
          0.0,
          1.0
        ]
      ]
    },
    {
      "file_path": "/media/NFS/ttao/scannet/posed_images/scene0116_00/00028.jpg",
      "transform_matrix": [
        [
          0.955537,
          -0.183519,
          0.230802,
          1.280168
        ],
        [
          -0.294486,
          -0.553902,
          0.778763,
          2.833022
        ],
        [
          -0.015076,
          -0.812104,
          -0.583318,
          1.315371
        ],
        [
          0.0,
          0.0,
          0.0,
          1.0
        ]
      ]
    },
    {
      "file_path": "/media/NFS/ttao/scannet/posed_images/scene0116_00/00037.jpg",
      "transform_matrix": [
        [
          0.940513,
          -0.224564,
          0.254963,
          1.265628
        ],
        [
          -0.339608,
          -0.599108,
          0.725076,
          2.835112
        ],
        [
          -0.010075,
          -0.768531,
          -0.639733,
          1.296472
        ],
        [
          0.0,
          0.0,
          0.0,
          1.0
        ]
      ]
    },
    {
      "file_path": "/media/NFS/ttao/scannet/posed_images/scene0116_00/00044.jpg",
      "transform_matrix": [
        [
          0.927603,
          -0.253999,
          0.273929,
          1.264774
        ],
        [
          -0.373328,
          -0.604028,
          0.704115,
          2.82096
        ],
        [
          -0.013384,
          -0.755404,
          -0.655123,
          1.283335
        ],
        [
          0.0,
          0.0,
          0.0,
          1.0
        ]
      ]
    },
    {
      "file_path": "/media/NFS/ttao/scannet/posed_images/scene0116_00/00046.jpg",
      "transform_matrix": [
        [
          0.927994,
          -0.253605,
          0.27297,
          1.263847
        ],
        [
          -0.372304,
          -0.602141,
          0.706269,
          2.811244
        ],
        [
          -0.014747,
          -0.757041,
          -0.653201,
          1.280921
        ],
        [
          0.0,
          0.0,
          0.0,
          1.0
        ]
      ]
    },
    {
      "file_path": "/media/NFS/ttao/scannet/posed_images/scene0116_00/00053.jpg",
      "transform_matrix": [
        [
          0.939173,
          -0.237498,
          0.248092,
          1.263797
        ],
        [
          -0.342989,
          -0.611367,
          0.713154,
          2.759556
        ],
        [
          -0.017697,
          -0.754867,
          -0.655639,
          1.272035
        ],
        [
          0.0,
          0.0,
          0.0,
          1.0
        ]
      ]
    },
    {
      "file_path": "/media/NFS/ttao/scannet/posed_images/scene0116_00/00062.jpg",
      "transform_matrix": [
        [
          0.969884,
          -0.16331,
          0.180707,
          1.272354
        ],
        [
          -0.243459,
          -0.627831,
          0.739295,
          2.640659
        ],
        [
          -0.00728,
          -0.761025,
          -0.648682,
          1.264369
        ],
        [
          0.0,
          0.0,
          0.0,
          1.0
        ]
      ]
    },
    {
      "file_path": "/media/NFS/ttao/scannet/posed_images/scene0116_00/00067.jpg",
      "transform_matrix": [
        [
          0.974452,
          -0.155507,
          0.162056,
          1.272471
        ],
        [
          -0.22435,
          -0.640009,
          0.734885,
          2.598317
        ],
        [
          -0.010563,
          -0.752467,
          -0.658545,
          1.263793
        ],
        [
          0.0,
          0.0,
          0.0,
          1.0
        ]
      ]
    },
    {
      "file_path": "/media/NFS/ttao/scannet/posed_images/scene0116_00/00074.jpg",
      "transform_matrix": [
        [
          0.976642,
          -0.159886,
          0.143554,
          1.264297
        ],
        [
          -0.213152,
          -0.636468,
          0.741266,
          2.560825
        ],
        [
          -0.027151,
          -0.75455,
          -0.655681,
          1.260623
        ],
        [
          0.0,
          0.0,
          0.0,
          1.0
        ]
      ]
    },
    {
      "file_path": "/media/NFS/ttao/scannet/posed_images/scene0116_00/00076.jpg",
      "transform_matrix": [
        [
          0.975671,
          -0.162187,
          0.147518,
          1.260609
        ],
        [
          -0.217708,
          -0.637303,
          0.739222,
          2.554999
        ],
        [
          -0.025879,
          -0.753353,
          -0.657107,
          1.259088
        ],
        [
          0.0,
          0.0,
          0.0,
          1.0
        ]
      ]
    },
    {
      "file_path": "/media/NFS/ttao/scannet/posed_images/scene0116_00/00085.jpg",
      "transform_matrix": [
        [
          0.958073,
          -0.171765,
          0.229331,
          1.228937
        ],
        [
          -0.286408,
          -0.596879,
          0.749471,
          2.536902
        ],
        [
          0.00815,
          -0.78373,
          -0.621048,
          1.274027
        ],
        [
          0.0,
          0.0,
          0.0,
          1.0
        ]
      ]
    },
    {
      "file_path": "/media/NFS/ttao/scannet/posed_images/scene0116_00/00092.jpg",
      "transform_matrix": [
        [
          0.931556,
          -0.206945,
          0.298961,
          1.202331
        ],
        [
          -0.363425,
          -0.555332,
          0.748017,
          2.53124
        ],
        [
          0.011224,
          -0.805469,
          -0.592532,
          1.277578
        ],
        [
          0.0,
          0.0,
          0.0,
          1.0
        ]
      ]
    },
    {
      "file_path": "/media/NFS/ttao/scannet/posed_images/scene0116_00/00093.jpg",
      "transform_matrix": [
        [
          0.928391,
          -0.209729,
          0.306763,
          1.198381
        ],
        [
          -0.371381,
          -0.552281,
          0.746366,
          2.530516
        ],
        [
          0.012886,
          -0.806845,
          -0.590622,
          1.274002
        ],
        [
          0.0,
          0.0,
          0.0,
          1.0
        ]
      ]
    },
    {
      "file_path": "/media/NFS/ttao/scannet/posed_images/scene0116_00/00100.jpg",
      "transform_matrix": [
        [
          0.912516,
          -0.201132,
          0.356176,
          1.167685
        ],
        [
          -0.405531,
          -0.558695,
          0.723467,
          2.519169
        ],
        [
          0.053481,
          -0.804615,
          -0.591383,
          1.226805
        ],
        [
          0.0,
          0.0,
          0.0,
          1.0
        ]
      ]
    },
    {
      "file_path": "/media/NFS/ttao/scannet/posed_images/scene0116_00/00108.jpg",
      "transform_matrix": [
        [
          0.913089,
          -0.190029,
          0.360773,
          1.149433
        ],
        [
          -0.400026,
          -0.588958,
          0.702216,
          2.498933
        ],
        [
          0.079039,
          -0.785504,
          -0.613788,
          1.183614
        ],
        [
          0.0,
          0.0,
          0.0,
          1.0
        ]
      ]
    },
    {
      "file_path": "/media/NFS/ttao/scannet/posed_images/scene0116_00/00115.jpg",
      "transform_matrix": [
        [
          0.887712,
          -0.200526,
          0.414434,
          1.144777
        ],
        [
          -0.452226,
          -0.548632,
          0.703203,
          2.491763
        ],
        [
          0.086362,
          -0.81166,
          -0.577711,
          1.196266
        ],
        [
          0.0,
          0.0,
          0.0,
          1.0
        ]
      ]
    },
    {
      "file_path": "/media/NFS/ttao/scannet/posed_images/scene0116_00/00120.jpg",
      "transform_matrix": [
        [
          0.867863,
          -0.212863,
          0.448891,
          1.152319
        ],
        [
          -0.488787,
          -0.527516,
          0.694848,
          2.494172
        ],
        [
          0.08889,
          -0.822445,
          -0.561857,
          1.207673
        ],
        [
          0.0,
          0.0,
          0.0,
          1.0
        ]
      ]
    },
    {
      "file_path": "/media/NFS/ttao/scannet/posed_images/scene0116_00/00122.jpg",
      "transform_matrix": [
        [
          0.856652,
          -0.217252,
          0.46792,
          1.152098
        ],
        [
          -0.506582,
          -0.525794,
          0.683312,
          2.500747
        ],
        [
          0.097579,
          -0.8224,
          -0.560478,
          1.213353
        ],
        [
          0.0,
          0.0,
          0.0,
          1.0
        ]
      ]
    },
    {
      "file_path": "/media/NFS/ttao/scannet/posed_images/scene0116_00/00132.jpg",
      "transform_matrix": [
        [
          0.802365,
          -0.258085,
          0.538148,
          1.158645
        ],
        [
          -0.590412,
          -0.475143,
          0.65242,
          2.513244
        ],
        [
          0.087317,
          -0.841208,
          -0.533615,
          1.229173
        ],
        [
          0.0,
          0.0,
          0.0,
          1.0
        ]
      ]
    },
    {
      "file_path": "/media/NFS/ttao/scannet/posed_images/scene0116_00/00134.jpg",
      "transform_matrix": [
        [
          0.795689,
          -0.266987,
          0.543688,
          1.15718
        ],
        [
          -0.59936,
          -0.476641,
          0.643103,
          2.516592
        ],
        [
          0.087444,
          -0.837575,
          -0.539279,
          1.22678
        ],
        [
          0.0,
          0.0,
          0.0,
          1.0
        ]
      ]
    },
    {
      "file_path": "/media/NFS/ttao/scannet/posed_images/scene0116_00/00141.jpg",
      "transform_matrix": [
        [
          0.782586,
          -0.300794,
          0.545052,
          1.156093
        ],
        [
          -0.61631,
          -0.497911,
          0.61012,
          2.520376
        ],
        [
          0.087867,
          -0.813393,
          -0.57504,
          1.208694
        ],
        [
          0.0,
          0.0,
          0.0,
          1.0
        ]
      ]
    },
    {
      "file_path": "/media/NFS/ttao/scannet/posed_images/scene0116_00/00146.jpg",
      "transform_matrix": [
        [
          0.765701,
          -0.333109,
          0.550219,
          1.159871
        ],
        [
          -0.640647,
          -0.471081,
          0.606345,
          2.522329
        ],
        [
          0.057219,
          -0.816775,
          -0.574112,
          1.216692
        ],
        [
          0.0,
          0.0,
          0.0,
          1.0
        ]
      ]
    },
    {
      "file_path": "/media/NFS/ttao/scannet/posed_images/scene0116_00/00155.jpg",
      "transform_matrix": [
        [
          0.796845,
          -0.305272,
          0.52139,
          1.166898
        ],
        [
          -0.603329,
          -0.447931,
          0.659812,
          2.528363
        ],
        [
          0.032124,
          -0.840338,
          -0.541111,
          1.255857
        ],
        [
          0.0,
          0.0,
          0.0,
          1.0
        ]
      ]
    },
    {
      "file_path": "/media/NFS/ttao/scannet/posed_images/scene0116_00/00157.jpg",
      "transform_matrix": [
        [
          0.801495,
          -0.297717,
          0.518623,
          1.167737
        ],
        [
          -0.59737,
          -0.43845,
          0.671499,
          2.5299
        ],
        [
          0.027474,
          -0.848013,
          -0.529262,
          1.266509
        ],
        [
          0.0,
          0.0,
          0.0,
          1.0
        ]
      ]
    },
    {
      "file_path": "/media/NFS/ttao/scannet/posed_images/scene0116_00/00164.jpg",
      "transform_matrix": [
        [
          0.798715,
          -0.277867,
          0.533708,
          1.165467
        ],
        [
          -0.601568,
          -0.38794,
          0.698297,
          2.53227
        ],
        [
          0.013013,
          -0.878802,
          -0.477009,
          1.299728
        ],
        [
          0.0,
          0.0,
          0.0,
          1.0
        ]
      ]
    },
    {
      "file_path": "/media/NFS/ttao/scannet/posed_images/scene0116_00/00171.jpg",
      "transform_matrix": [
        [
          0.807922,
          -0.242338,
          0.537154,
          1.169329
        ],
        [
          -0.589132,
          -0.353232,
          0.72674,
          2.526756
        ],
        [
          0.013623,
          -0.903604,
          -0.428153,
          1.319554
        ],
        [
          0.0,
          0.0,
          0.0,
          1.0
        ]
      ]
    },
    {
      "file_path": "/media/NFS/ttao/scannet/posed_images/scene0116_00/00180.jpg",
      "transform_matrix": [
        [
          0.873437,
          -0.16023,
          0.45982,
          1.153774
        ],
        [
          -0.486346,
          -0.333599,
          0.807576,
          2.520265
        ],
        [
          0.023998,
          -0.928998,
          -0.369305,
          1.341453
        ],
        [
          0.0,
          0.0,
          0.0,
          1.0
        ]
      ]
    },
    {
      "file_path": "/media/NFS/ttao/scannet/posed_images/scene0116_00/00185.jpg",
      "transform_matrix": [
        [
          0.882184,
          -0.149575,
          0.446518,
          1.151645
        ],
        [
          -0.470401,
          -0.323768,
          0.820912,
          2.521362
        ],
        [
          0.021781,
          -0.934238,
          -0.355983,
          1.358979
        ],
        [
          0.0,
          0.0,
          0.0,
          1.0
        ]
      ]
    },
    {
      "file_path": "/media/NFS/ttao/scannet/posed_images/scene0116_00/00190.jpg",
      "transform_matrix": [
        [
          0.889874,
          -0.129471,
          0.43745,
          1.149855
        ],
        [
          -0.455807,
          -0.292492,
          0.840648,
          2.514292
        ],
        [
          0.019112,
          -0.947463,
          -0.319295,
          1.36941
        ],
        [
          0.0,
          0.0,
          0.0,
          1.0
        ]
      ]
    },
    {
      "file_path": "/media/NFS/ttao/scannet/posed_images/scene0116_00/00192.jpg",
      "transform_matrix": [
        [
          0.891794,
          -0.128502,
          0.433809,
          1.154808
        ],
        [
          -0.452303,
          -0.276973,
          0.847767,
          2.511149
        ],
        [
          0.011214,
          -0.952246,
          -0.305125,
          1.380156
        ],
        [
          0.0,
          0.0,
          0.0,
          1.0
        ]
      ]
    },
    {
      "file_path": "/media/NFS/ttao/scannet/posed_images/scene0116_00/00203.jpg",
      "transform_matrix": [
        [
          0.902106,
          -0.111203,
          0.416941,
          1.151865
        ],
        [
          -0.43128,
          -0.200403,
          0.87968,
          2.492147
        ],
        [
          -0.014266,
          -0.973382,
          -0.228744,
          1.415641
        ],
        [
          0.0,
          0.0,
          0.0,
          1.0
        ]
      ]
    },
    {
      "file_path": "/media/NFS/ttao/scannet/posed_images/scene0116_00/00208.jpg",
      "transform_matrix": [
        [
          0.903494,
          -0.103637,
          0.415883,
          1.150786
        ],
        [
          -0.428346,
          -0.184841,
          0.884507,
          2.485933
        ],
        [
          -0.014795,
          -0.977289,
          -0.211395,
          1.430371
        ],
        [
          0.0,
          0.0,
          0.0,
          1.0
        ]
      ]
    },
    {
      "file_path": "/media/NFS/ttao/scannet/posed_images/scene0116_00/00210.jpg",
      "transform_matrix": [
        [
          0.9045,
          -0.103519,
          0.413719,
          1.158928
        ],
        [
          -0.426013,
          -0.174237,
          0.887781,
          2.478749
        ],
        [
          -0.019817,
          -0.979247,
          -0.201698,
          1.434
        ],
        [
          0.0,
          0.0,
          0.0,
          1.0
        ]
      ]
    },
    {
      "file_path": "/media/NFS/ttao/scannet/posed_images/scene0116_00/00220.jpg",
      "transform_matrix": [
        [
          0.892056,
          -0.075019,
          0.445654,
          1.157535
        ],
        [
          -0.451878,
          -0.134028,
          0.881954,
          2.463537
        ],
        [
          -0.006433,
          -0.988134,
          -0.153459,
          1.458067
        ],
        [
          0.0,
          0.0,
          0.0,
          1.0
        ]
      ]
    },
    {
      "file_path": "/media/NFS/ttao/scannet/posed_images/scene0116_00/00224.jpg",
      "transform_matrix": [
        [
          0.891414,
          -0.072805,
          0.447303,
          1.158543
        ],
        [
          -0.453076,
          -0.121099,
          0.883209,
          2.461295
        ],
        [
          -0.010134,
          -0.989967,
          -0.140936,
          1.476424
        ],
        [
          0.0,
          0.0,
          0.0,
          1.0
        ]
      ]
    },
    {
      "file_path": "/media/NFS/ttao/scannet/posed_images/scene0116_00/00229.jpg",
      "transform_matrix": [
        [
          0.890856,
          -0.063062,
          0.449888,
          1.158711
        ],
        [
          -0.454184,
          -0.102619,
          0.884978,
          2.463007
        ],
        [
          -0.009641,
          -0.99272,
          -0.120061,
          1.495377
        ],
        [
          0.0,
          0.0,
          0.0,
          1.0
        ]
      ]
    },
    {
      "file_path": "/media/NFS/ttao/scannet/posed_images/scene0116_00/00234.jpg",
      "transform_matrix": [
        [
          0.898118,
          -0.048345,
          0.437088,
          1.161611
        ],
        [
          -0.439599,
          -0.072321,
          0.895278,
          2.463235
        ],
        [
          -0.011671,
          -0.996209,
          -0.086205,
          1.504684
        ],
        [
          0.0,
          0.0,
          0.0,
          1.0
        ]
      ]
    },
    {
      "file_path": "/media/NFS/ttao/scannet/posed_images/scene0116_00/00240.jpg",
      "transform_matrix": [
        [
          0.910339,
          -0.027608,
          0.412942,
          1.160427
        ],
        [
          -0.413644,
          -0.028153,
          0.910003,
          2.46774
        ],
        [
          -0.013497,
          -0.999222,
          -0.037048,
          1.522515
        ],
        [
          0.0,
          0.0,
          0.0,
          1.0
        ]
      ]
    },
    {
      "file_path": "/media/NFS/ttao/scannet/posed_images/scene0116_00/00249.jpg",
      "transform_matrix": [
        [
          0.936349,
          0.000507,
          0.35107,
          1.184924
        ],
        [
          -0.350617,
          0.052139,
          0.935066,
          2.477205
        ],
        [
          -0.01783,
          -0.99864,
          0.048998,
          1.554818
        ],
        [
          0.0,
          0.0,
          0.0,
          1.0
        ]
      ]
    },
    {
      "file_path": "/media/NFS/ttao/scannet/posed_images/scene0116_00/00254.jpg",
      "transform_matrix": [
        [
          0.9454,
          0.005064,
          0.325875,
          1.202765
        ],
        [
          -0.324936,
          0.092058,
          0.941245,
          2.48489
        ],
        [
          -0.025233,
          -0.995741,
          0.088677,
          1.561945
        ],
        [
          0.0,
          0.0,
          0.0,
          1.0
        ]
      ]
    },
    {
      "file_path": "/media/NFS/ttao/scannet/posed_images/scene0116_00/00261.jpg",
      "transform_matrix": [
        [
          0.963884,
          -0.004231,
          0.26629,
          1.225833
        ],
        [
          -0.264681,
          0.095652,
          0.95958,
          2.5028
        ],
        [
          -0.029531,
          -0.995406,
          0.091078,
          1.57179
        ],
        [
          0.0,
          0.0,
          0.0,
          1.0
        ]
      ]
    },
    {
      "file_path": "/media/NFS/ttao/scannet/posed_images/scene0116_00/00266.jpg",
      "transform_matrix": [
        [
          0.974727,
          -0.006006,
          0.223318,
          1.239448
        ],
        [
          -0.222027,
          0.084538,
          0.971369,
          2.527234
        ],
        [
          -0.024713,
          -0.996402,
          0.081068,
          1.571684
        ],
        [
          0.0,
          0.0,
          0.0,
          1.0
        ]
      ]
    },
    {
      "file_path": "/media/NFS/ttao/scannet/posed_images/scene0116_00/00272.jpg",
      "transform_matrix": [
        [
          0.97825,
          -0.007733,
          0.207287,
          1.251421
        ],
        [
          -0.206095,
          0.077012,
          0.975497,
          2.567481
        ],
        [
          -0.023507,
          -0.997,
          0.073743,
          1.56571
        ],
        [
          0.0,
          0.0,
          0.0,
          1.0
        ]
      ]
    },
    {
      "file_path": "/media/NFS/ttao/scannet/posed_images/scene0116_00/00279.jpg",
      "transform_matrix": [
        [
          0.964897,
          0.038029,
          0.259862,
          1.252944
        ],
        [
          -0.261521,
          0.048307,
          0.963988,
          2.63993
        ],
        [
          0.024106,
          -0.998108,
          0.056556,
          1.555928
        ],
        [
          0.0,
          0.0,
          0.0,
          1.0
        ]
      ]
    },
    {
      "file_path": "/media/NFS/ttao/scannet/posed_images/scene0116_00/00280.jpg",
      "transform_matrix": [
        [
          0.959167,
          0.049703,
          0.278439,
          1.256482
        ],
        [
          -0.28066,
          0.045255,
          0.95874,
          2.656296
        ],
        [
          0.035052,
          -0.997738,
          0.057357,
          1.55804
        ],
        [
          0.0,
          0.0,
          0.0,
          1.0
        ]
      ]
    },
    {
      "file_path": "/media/NFS/ttao/scannet/posed_images/scene0116_00/00287.jpg",
      "transform_matrix": [
        [
          0.91778,
          0.019646,
          0.396604,
          1.246113
        ],
        [
          -0.397068,
          0.055899,
          0.916085,
          2.745851
        ],
        [
          -0.004172,
          -0.998243,
          0.059104,
          1.559049
        ],
        [
          0.0,
          0.0,
          0.0,
          1.0
        ]
      ]
    },
    {
      "file_path": "/media/NFS/ttao/scannet/posed_images/scene0116_00/00294.jpg",
      "transform_matrix": [
        [
          0.871941,
          -0.005424,
          0.48958,
          1.24329
        ],
        [
          -0.488625,
          0.05378,
          0.870835,
          2.809958
        ],
        [
          -0.031053,
          -0.998538,
          0.044242,
          1.564963
        ],
        [
          0.0,
          0.0,
          0.0,
          1.0
        ]
      ]
    },
    {
      "file_path": "/media/NFS/ttao/scannet/posed_images/scene0116_00/00300.jpg",
      "transform_matrix": [
        [
          0.861192,
          0.009787,
          0.508185,
          1.222305
        ],
        [
          -0.50788,
          0.05623,
          0.859591,
          2.827277
        ],
        [
          -0.020162,
          -0.99837,
          0.053396,
          1.563955
        ],
        [
          0.0,
          0.0,
          0.0,
          1.0
        ]
      ]
    },
    {
      "file_path": "/media/NFS/ttao/scannet/posed_images/scene0116_00/00305.jpg",
      "transform_matrix": [
        [
          0.857513,
          0.014983,
          0.514245,
          1.221958
        ],
        [
          -0.514235,
          0.054746,
          0.8559,
          2.810757
        ],
        [
          -0.015329,
          -0.998388,
          0.05465,
          1.56242
        ],
        [
          0.0,
          0.0,
          0.0,
          1.0
        ]
      ]
    },
    {
      "file_path": "/media/NFS/ttao/scannet/posed_images/scene0116_00/00314.jpg",
      "transform_matrix": [
        [
          0.817268,
          0.009649,
          0.576176,
          1.231119
        ],
        [
          -0.576075,
          -0.011457,
          0.817316,
          2.759498
        ],
        [
          0.014487,
          -0.999888,
          -0.003805,
          1.546996
        ],
        [
          0.0,
          0.0,
          0.0,
          1.0
        ]
      ]
    },
    {
      "file_path": "/media/NFS/ttao/scannet/posed_images/scene0116_00/00316.jpg",
      "transform_matrix": [
        [
          0.819825,
          0.006567,
          0.572576,
          1.231807
        ],
        [
          -0.572457,
          -0.013988,
          0.819815,
          2.742004
        ],
        [
          0.013393,
          -0.99988,
          -0.007709,
          1.544258
        ],
        [
          0.0,
          0.0,
          0.0,
          1.0
        ]
      ]
    },
    {
      "file_path": "/media/NFS/ttao/scannet/posed_images/scene0116_00/00323.jpg",
      "transform_matrix": [
        [
          0.825985,
          0.001363,
          0.563691,
          1.232941
        ],
        [
          -0.563605,
          -0.015695,
          0.825896,
          2.681625
        ],
        [
          0.009972,
          -0.999876,
          -0.012196,
          1.534426
        ],
        [
          0.0,
          0.0,
          0.0,
          1.0
        ]
      ]
    },
    {
      "file_path": "/media/NFS/ttao/scannet/posed_images/scene0116_00/00331.jpg",
      "transform_matrix": [
        [
          0.799405,
          0.029064,
          0.600089,
          1.235611
        ],
        [
          -0.599627,
          -0.023576,
          0.799932,
          2.643241
        ],
        [
          0.037397,
          -0.999299,
          -0.00142,
          1.52696
        ],
        [
          0.0,
          0.0,
          0.0,
          1.0
        ]
      ]
    },
    {
      "file_path": "/media/NFS/ttao/scannet/posed_images/scene0116_00/00338.jpg",
      "transform_matrix": [
        [
          0.809268,
          0.007781,
          0.587389,
          1.24319
        ],
        [
          -0.587153,
          -0.020536,
          0.809215,
          2.624025
        ],
        [
          0.018359,
          -0.999759,
          -0.012051,
          1.532748
        ],
        [
          0.0,
          0.0,
          0.0,
          1.0
        ]
      ]
    },
    {
      "file_path": "/media/NFS/ttao/scannet/posed_images/scene0116_00/00340.jpg",
      "transform_matrix": [
        [
          0.810985,
          0.000956,
          0.585067,
          1.242717
        ],
        [
          -0.584922,
          -0.020974,
          0.810818,
          2.621362
        ],
        [
          0.013046,
          -0.99978,
          -0.016451,
          1.534552
        ],
        [
          0.0,
          0.0,
          0.0,
          1.0
        ]
      ]
    },
    {
      "file_path": "/media/NFS/ttao/scannet/posed_images/scene0116_00/00346.jpg",
      "transform_matrix": [
        [
          0.808107,
          -0.018296,
          0.588751,
          1.25282
        ],
        [
          -0.589001,
          -0.035932,
          0.807333,
          2.609761
        ],
        [
          0.006384,
          -0.999187,
          -0.039813,
          1.518426
        ],
        [
          0.0,
          0.0,
          0.0,
          1.0
        ]
      ]
    },
    {
      "file_path": "/media/NFS/ttao/scannet/posed_images/scene0116_00/00356.jpg",
      "transform_matrix": [
        [
          0.792464,
          -0.069199,
          0.605981,
          1.265804
        ],
        [
          -0.609917,
          -0.092269,
          0.787075,
          2.593971
        ],
        [
          0.001448,
          -0.993327,
          -0.115326,
          1.491648
        ],
        [
          0.0,
          0.0,
          0.0,
          1.0
        ]
      ]
    },
    {
      "file_path": "/media/NFS/ttao/scannet/posed_images/scene0116_00/00360.jpg",
      "transform_matrix": [
        [
          0.789436,
          -0.075057,
          0.609227,
          1.265396
        ],
        [
          -0.613832,
          -0.09527,
          0.783667,
          2.583217
        ],
        [
          -0.000779,
          -0.992618,
          -0.121281,
          1.482975
        ],
        [
          0.0,
          0.0,
          0.0,
          1.0
        ]
      ]
    },
    {
      "file_path": "/media/NFS/ttao/scannet/posed_images/scene0116_00/00363.jpg",
      "transform_matrix": [
        [
          0.794037,
          -0.079211,
          0.602687,
          1.259435
        ],
        [
          -0.607834,
          -0.092746,
          0.788629,
          2.574949
        ],
        [
          -0.006572,
          -0.992534,
          -0.121791,
          1.478407
        ],
        [
          0.0,
          0.0,
          0.0,
          1.0
        ]
      ]
    },
    {
      "file_path": "/media/NFS/ttao/scannet/posed_images/scene0116_00/00370.jpg",
      "transform_matrix": [
        [
          0.805204,
          -0.087794,
          0.586463,
          1.247392
        ],
        [
          -0.592929,
          -0.104161,
          0.798489,
          2.553668
        ],
        [
          -0.009016,
          -0.990678,
          -0.135927,
          1.448864
        ],
        [
          0.0,
          0.0,
          0.0,
          1.0
        ]
      ]
    },
    {
      "file_path": "/media/NFS/ttao/scannet/posed_images/scene0116_00/00379.jpg",
      "transform_matrix": [
        [
          0.822893,
          -0.082237,
          0.562214,
          1.219079
        ],
        [
          -0.568059,
          -0.140813,
          0.810852,
          2.538397
        ],
        [
          0.012485,
          -0.986615,
          -0.16259,
          1.433392
        ],
        [
          0.0,
          0.0,
          0.0,
          1.0
        ]
      ]
    },
    {
      "file_path": "/media/NFS/ttao/scannet/posed_images/scene0116_00/00381.jpg",
      "transform_matrix": [
        [
          0.82093,
          -0.084372,
          0.564761,
          1.21617
        ],
        [
          -0.570868,
          -0.144682,
          0.808193,
          2.534854
        ],
        [
          0.013522,
          -0.985874,
          -0.16694,
          1.43043
        ],
        [
          0.0,
          0.0,
          0.0,
          1.0
        ]
      ]
    },
    {
      "file_path": "/media/NFS/ttao/scannet/posed_images/scene0116_00/00391.jpg",
      "transform_matrix": [
        [
          0.862058,
          -0.073904,
          0.501393,
          1.182924
        ],
        [
          -0.505329,
          -0.200916,
          0.839211,
          2.521971
        ],
        [
          0.038717,
          -0.976817,
          -0.210547,
          1.42161
        ],
        [
          0.0,
          0.0,
          0.0,
          1.0
        ]
      ]
    },
    {
      "file_path": "/media/NFS/ttao/scannet/posed_images/scene0116_00/00393.jpg",
      "transform_matrix": [
        [
          0.868854,
          -0.069665,
          0.490142,
          1.177933
        ],
        [
          -0.493233,
          -0.206995,
          0.844911,
          2.519786
        ],
        [
          0.042596,
          -0.975859,
          -0.214209,
          1.422208
        ],
        [
          0.0,
          0.0,
          0.0,
          1.0
        ]
      ]
    },
    {
      "file_path": "/media/NFS/ttao/scannet/posed_images/scene0116_00/00400.jpg",
      "transform_matrix": [
        [
          0.882442,
          -0.08576,
          0.462538,
          1.185608
        ],
        [
          -0.469173,
          -0.23203,
          0.852079,
          2.501359
        ],
        [
          0.034248,
          -0.968921,
          -0.244989,
          1.419706
        ],
        [
          0.0,
          0.0,
          0.0,
          1.0
        ]
      ]
    },
    {
      "file_path": "/media/NFS/ttao/scannet/posed_images/scene0116_00/00407.jpg",
      "transform_matrix": [
        [
          0.883104,
          -0.109691,
          0.456174,
          1.213788
        ],
        [
          -0.468967,
          -0.235453,
          0.851253,
          2.475269
        ],
        [
          0.014032,
          -0.965676,
          -0.259371,
          1.408885
        ],
        [
          0.0,
          0.0,
          0.0,
          1.0
        ]
      ]
    },
    {
      "file_path": "/media/NFS/ttao/scannet/posed_images/scene0116_00/00414.jpg",
      "transform_matrix": [
        [
          0.888519,
          -0.134382,
          0.438719,
          1.231123
        ],
        [
          -0.458836,
          -0.256944,
          0.850558,
          2.478889
        ],
        [
          -0.001573,
          -0.957038,
          -0.289959,
          1.396121
        ],
        [
          0.0,
          0.0,
          0.0,
          1.0
        ]
      ]
    },
    {
      "file_path": "/media/NFS/ttao/scannet/posed_images/scene0116_00/00416.jpg",
      "transform_matrix": [
        [
          0.892697,
          -0.135843,
          0.429697,
          1.233871
        ],
        [
          -0.450639,
          -0.260194,
          0.853946,
          2.481985
        ],
        [
          -0.004198,
          -0.955953,
          -0.29349,
          1.397426
        ],
        [
          0.0,
          0.0,
          0.0,
          1.0
        ]
      ]
    },
    {
      "file_path": "/media/NFS/ttao/scannet/posed_images/scene0116_00/00421.jpg",
      "transform_matrix": [
        [
          0.905799,
          -0.129835,
          0.403326,
          1.234123
        ],
        [
          -0.423697,
          -0.270503,
          0.86447,
          2.493769
        ],
        [
          -0.003138,
          -0.953924,
          -0.300032,
          1.394045
        ],
        [
          0.0,
          0.0,
          0.0,
          1.0
        ]
      ]
    },
    {
      "file_path": "/media/NFS/ttao/scannet/posed_images/scene0116_00/00428.jpg",
      "transform_matrix": [
        [
          0.912245,
          -0.126697,
          0.38956,
          1.222975
        ],
        [
          -0.409155,
          -0.328349,
          0.85134,
          2.528588
        ],
        [
          0.020049,
          -0.936021,
          -0.351373,
          1.377496
        ],
        [
          0.0,
          0.0,
          0.0,
          1.0
        ]
      ]
    },
    {
      "file_path": "/media/NFS/ttao/scannet/posed_images/scene0116_00/00434.jpg",
      "transform_matrix": [
        [
          0.928525,
          -0.1088,
          0.354971,
          1.209503
        ],
        [
          -0.368674,
          -0.383084,
          0.846951,
          2.552568
        ],
        [
          0.043836,
          -0.917284,
          -0.395815,
          1.36625
        ],
        [
          0.0,
          0.0,
          0.0,
          1.0
        ]
      ]
    },
    {
      "file_path": "/media/NFS/ttao/scannet/posed_images/scene0116_00/00439.jpg",
      "transform_matrix": [
        [
          0.92688,
          -0.118634,
          0.356118,
          1.212854
        ],
        [
          -0.371636,
          -0.423326,
          0.826246,
          2.553626
        ],
        [
          0.052734,
          -0.898177,
          -0.436461,
          1.343278
        ],
        [
          0.0,
          0.0,
          0.0,
          1.0
        ]
      ]
    },
    {
      "file_path": "/media/NFS/ttao/scannet/posed_images/scene0116_00/00450.jpg",
      "transform_matrix": [
        [
          0.966488,
          -0.09414,
          0.238828,
          1.23624
        ],
        [
          -0.25377,
          -0.490817,
          0.833487,
          2.509213
        ],
        [
          0.038756,
          -0.866162,
          -0.498258,
          1.310973
        ],
        [
          0.0,
          0.0,
          0.0,
          1.0
        ]
      ]
    },
    {
      "file_path": "/media/NFS/ttao/scannet/posed_images/scene0116_00/00455.jpg",
      "transform_matrix": [
        [
          0.984202,
          -0.060802,
          0.166281,
          1.261587
        ],
        [
          -0.173685,
          -0.513784,
          0.840155,
          2.472331
        ],
        [
          0.03435,
          -0.855762,
          -0.516227,
          1.299908
        ],
        [
