{
  "frames": [
    {
      "file_path": "/media/NFS/ttao/scannet/posed_images/scene0464_00/00000.jpg",
      "transform_matrix": [
        [
          0.559427,
          0.40354,
          -0.724015,
          2.008079
        ],
        [
          0.828831,
          -0.26286,
          0.493907,
          1.791094
        ],
        [
          0.008996,
          -0.876391,
          -0.481517,
          1.440976
        ],
        [
          0.0,
          0.0,
          0.0,
          1.0
        ]
      ]
    },
    {
      "file_path": "/media/NFS/ttao/scannet/posed_images/scene0464_00/00010.jpg",
      "transform_matrix": [
        [
          0.596685,
          0.406495,
          -0.691902,
          1.99757
        ],
        [
          0.801487,
          -0.259087,
          0.538974,
          1.786719
        ],
        [
          0.039827,
          -0.876149,
          -0.480393,
          1.440801
        ],
        [
          0.0,
          0.0,
          0.0,
          1.0
        ]
      ]
    },
    {
      "file_path": "/media/NFS/ttao/scannet/posed_images/scene0464_00/00014.jpg",
      "transform_matrix": [
        [
          0.597285,
          0.409438,
          -0.689645,
          1.994481
        ],
        [
          0.80092,
          -0.259299,
          0.539714,
          1.785331
        ],
        [
          0.042155,
          -0.874714,
          -0.482803,
          1.441099
        ],
        [
          0.0,
          0.0,
          0.0,
          1.0
        ]
      ]
    },
    {
      "file_path": "/media/NFS/ttao/scannet/posed_images/scene0464_00/00020.jpg",
      "transform_matrix": [
        [
          0.597179,
          0.413686,
          -0.687198,
          1.990312
        ],
        [
          0.80072,
          -0.257081,
          0.54107,
          1.781045
        ],
        [
          0.047168,
          -0.873369,
          -0.48477,
          1.438666
        ],
        [
          0.0,
          0.0,
          0.0,
          1.0
        ]
      ]
    },
    {
      "file_path": "/media/NFS/ttao/scannet/posed_images/scene0464_00/00025.jpg",
      "transform_matrix": [
        [
          0.594736,
          0.422519,
          -0.683935,
          1.987508
        ],
        [
          0.802401,
          -0.259694,
          0.537319,
          1.779665
        ],
        [
          0.049414,
          -0.868353,
          -0.493479,
          1.436927
        ],
        [
          0.0,
          0.0,
          0.0,
          1.0
        ]
      ]
    },
    {
      "file_path": "/media/NFS/ttao/scannet/posed_images/scene0464_00/00031.jpg",
      "transform_matrix": [
        [
          0.616328,
          0.421314,
          -0.665308,
          1.978177
        ],
        [
          0.784357,
          -0.253137,
          0.566309,
          1.780451
        ],
        [
          0.070179,
          -0.870871,
          -0.486476,
          1.4475
        ],
        [
          0.0,
          0.0,
          0.0,
          1.0
        ]
      ]
    },
    {
      "file_path": "/media/NFS/ttao/scannet/posed_images/scene0464_00/00037.jpg",
      "transform_matrix": [
        [
          0.660086,
          0.387465,
          -0.643551,
          1.977111
        ],
        [
          0.74499,
          -0.227819,
          0.626968,
          1.78048
        ],
        [
          0.096315,
          -0.893292,
          -0.439038,
          1.466087
        ],
        [
          0.0,
          0.0,
          0.0,
          1.0
        ]
      ]
    },
    {
      "file_path": "/media/NFS/ttao/scannet/posed_images/scene0464_00/00045.jpg",
      "transform_matrix": [
        [
          0.749527,
          0.330349,
          -0.573653,
          1.976251
        ],
        [
          0.648868,
          -0.195051,
          0.735477,
          1.781019
        ],
        [
          0.131072,
          -0.923485,
          -0.360549,
          1.512298
        ],
        [
          0.0,
          0.0,
          0.0,
          1.0
        ]
      ]
    },
    {
      "file_path": "/media/NFS/ttao/scannet/posed_images/scene0464_00/00051.jpg",
      "transform_matrix": [
        [
          0.828715,
          0.284303,
          -0.482082,
          1.981478
        ],
        [
          0.53643,
          -0.157848,
          0.829052,
          1.779905
        ],
        [
          0.159606,
          -0.945651,
          -0.28332,
          1.552909
        ],
        [
          0.0,
          0.0,
          0.0,
          1.0
        ]
      ]
    },
    {
      "file_path": "/media/NFS/ttao/scannet/posed_images/scene0464_00/00060.jpg",
      "transform_matrix": [
        [
          0.896288,
          0.2139,
          -0.388476,
          2.006874
        ],
        [
          0.419362,
          -0.123906,
          0.899324,
          1.779377
        ],
        [
          0.14423,
          -0.968966,
          -0.200757,
          1.578053
        ],
        [
          0.0,
          0.0,
          0.0,
          1.0
        ]
      ]
    },
    {
      "file_path": "/media/NFS/ttao/scannet/posed_images/scene0464_00/00064.jpg",
      "transform_matrix": [
        [
          0.907439,
          0.221264,
          -0.357208,
          2.01007
        ],
        [
          0.393388,
          -0.148645,
          0.907277,
          1.781963
        ],
        [
          0.14765,
          -0.963819,
          -0.221929,
          1.575794
        ],
        [
          0.0,
          0.0,
          0.0,
          1.0
        ]
      ]
    },
    {
      "file_path": "/media/NFS/ttao/scannet/posed_images/scene0464_00/00070.jpg",
      "transform_matrix": [
        [
          0.901138,
          0.260108,
          -0.346835,
          2.011613
        ],
        [
          0.404629,
          -0.217387,
          0.888267,
          1.784478
        ],
        [
          0.155648,
          -0.94079,
          -0.301143,
          1.539603
        ],
        [
          0.0,
          0.0,
          0.0,
          1.0
        ]
      ]
    },
    {
      "file_path": "/media/NFS/ttao/scannet/posed_images/scene0464_00/00080.jpg",
      "transform_matrix": [
        [
          0.841404,
          0.330521,
          -0.427545,
          1.996992
        ],
        [
          0.523551,
          -0.302509,
          0.796482,
          1.763356
        ],
        [
          0.133918,
          -0.894005,
          -0.427577,
          1.477299
        ],
        [
          0.0,
          0.0,
          0.0,
          1.0
        ]
      ]
    },
    {
      "file_path": "/media/NFS/ttao/scannet/posed_images/scene0464_00/00088.jpg",
      "transform_matrix": [
        [
          0.750833,
          0.405582,
          -0.521299,
          1.976678
        ],
        [
          0.651027,
          -0.321315,
          0.687692,
          1.728329
        ],
        [
          0.111414,
          -0.855722,
          -0.505299,
          1.432881
        ],
        [
          0.0,
          0.0,
          0.0,
          1.0
        ]
      ]
    },
    {
      "file_path": "/media/NFS/ttao/scannet/posed_images/scene0464_00/00094.jpg",
      "transform_matrix": [
        [
          0.7005,
          0.433922,
          -0.566579,
          1.960681
        ],
        [
          0.706849,
          -0.312506,
          0.63459,
          1.705775
        ],
        [
          0.098303,
          -0.845016,
          -0.525627,
          1.411368
        ],
        [
          0.0,
          0.0,
          0.0,
          1.0
        ]
      ]
    },
    {
      "file_path": "/media/NFS/ttao/scannet/posed_images/scene0464_00/00100.jpg",
      "transform_matrix": [
        [
          0.672282,
          0.453139,
          -0.585408,
          1.957276
        ],
        [
          0.736226,
          -0.326444,
          0.592795,
          1.702688
        ],
        [
          0.077516,
          -0.829518,
          -0.553075,
          1.390506
        ],
        [
          0.0,
          0.0,
          0.0,
          1.0
        ]
      ]
    },
    {
      "file_path": "/media/NFS/ttao/scannet/posed_images/scene0464_00/00103.jpg",
      "transform_matrix": [
        [
          0.655972,
          0.469986,
          -0.590605,
          1.949543
        ],
        [
          0.751544,
          -0.334259,
          0.56873,
          1.69917
        ],
        [
          0.06988,
          -0.816936,
          -0.572479,
          1.379713
        ],
        [
          0.0,
          0.0,
          0.0,
          1.0
        ]
      ]
    },
    {
      "file_path": "/media/NFS/ttao/scannet/posed_images/scene0464_00/00109.jpg",
      "transform_matrix": [
        [
          0.621199,
          0.493375,
          -0.608845,
          1.9362
        ],
        [
          0.781995,
          -0.339758,
          0.522541,
          1.688886
        ],
        [
          0.050949,
          -0.800716,
          -0.596874,
          1.36445
        ],
        [
          0.0,
          0.0,
          0.0,
          1.0
        ]
      ]
    },
    {
      "file_path": "/media/NFS/ttao/scannet/posed_images/scene0464_00/00117.jpg",
      "transform_matrix": [
        [
          0.545796,
          0.508407,
          -0.666055,
          1.914961
        ],
        [
          0.837682,
          -0.312221,
          0.448115,
          1.661793
        ],
        [
          0.019869,
          -0.802521,
          -0.596293,
          1.363466
        ],
        [
          0.0,
          0.0,
          0.0,
          1.0
        ]
      ]
    },
    {
      "file_path": "/media/NFS/ttao/scannet/posed_images/scene0464_00/00127.jpg",
      "transform_matrix": [
        [
          0.462582,
          0.454309,
          -0.761329,
          1.904069
        ],
        [
          0.886569,
          -0.233442,
          0.399375,
          1.64998
        ],
        [
          0.003713,
          -0.859714,
          -0.510762,
          1.418277
        ],
        [
          0.0,
          0.0,
          0.0,
          1.0
        ]
      ]
    },
    {
      "file_path": "/media/NFS/ttao/scannet/posed_images/scene0464_00/00129.jpg",
      "transform_matrix": [
        [
          0.461308,
          0.434037,
          -0.773826,
          1.903825
        ],
        [
          0.887169,
          -0.214596,
          0.408509,
          1.650643
        ],
        [
          0.011248,
          -0.874963,
          -0.484059,
          1.434121
        ],
        [
          0.0,
          0.0,
          0.0,
          1.0
        ]
      ]
    },
    {
      "file_path": "/media/NFS/ttao/scannet/posed_images/scene0464_00/00137.jpg",
      "transform_matrix": [
        [
          0.480434,
          0.344681,
          -0.80646,
          1.914025
        ],
        [
          0.875278,
          -0.130327,
          0.465729,
          1.659111
        ],
        [
          0.055424,
          -0.929629,
          -0.364306,
          1.505846
        ],
        [
          0.0,
          0.0,
          0.0,
          1.0
        ]
      ]
    },
    {
      "file_path": "/media/NFS/ttao/scannet/posed_images/scene0464_00/00146.jpg",
      "transform_matrix": [
        [
          0.532219,
          0.280663,
          -0.798731,
          1.930387
        ],
        [
          0.839274,
          -0.051003,
          0.541312,
          1.674117
        ],
        [
          0.111189,
          -0.958451,
          -0.262697,
          1.560328
        ],
        [
          0.0,
          0.0,
          0.0,
          1.0
        ]
      ]
    },
    {
      "file_path": "/media/NFS/ttao/scannet/posed_images/scene0464_00/00148.jpg",
      "transform_matrix": [
        [
          0.53047,
          0.28611,
          -0.797962,
          1.929859
        ],
        [
          0.838564,
          -0.039256,
          0.543387,
          1.674658
        ],
        [
          0.124144,
          -0.957392,
          -0.260746,
          1.56563
        ],
        [
          0.0,
          0.0,
          0.0,
          1.0
        ]
      ]
    },
    {
      "file_path": "/media/NFS/ttao/scannet/posed_images/scene0464_00/00158.jpg",
      "transform_matrix": [
        [
          0.381147,
          0.287385,
          -0.878713,
          1.924004
        ],
        [
          0.910164,
          0.05017,
          0.411198,
          1.660469
        ],
        [
          0.162258,
          -0.9565,
          -0.242446,
          1.596295
        ],
        [
          0.0,
          0.0,
          0.0,
          1.0
        ]
      ]
    },
    {
      "file_path": "/media/NFS/ttao/scannet/posed_images/scene0464_00/00162.jpg",
      "transform_matrix": [
        [
          0.291703,
          0.271848,
          -0.917065,
          1.939197
        ],
        [
          0.942228,
          0.083389,
          0.324426,
          1.670096
        ],
        [
          0.164668,
          -0.95872,
          -0.231818,
          1.596546
        ],
        [
          0.0,
          0.0,
          0.0,
          1.0
        ]
      ]
    },
    {
      "file_path": "/media/NFS/ttao/scannet/posed_images/scene0464_00/00168.jpg",
      "transform_matrix": [
        [
          0.111587,
          0.277648,
          -0.95418,
          1.963958
        ],
        [
          0.980776,
          0.123907,
          0.150751,
          1.714038
        ],
        [
          0.160086,
          -0.952659,
          -0.258484,
          1.570552
        ],
        [
          0.0,
          0.0,
          0.0,
          1.0
        ]
      ]
    },
    {
      "file_path": "/media/NFS/ttao/scannet/posed_images/scene0464_00/00174.jpg",
      "transform_matrix": [
        [
          -0.063743,
          0.305811,
          -0.949956,
          1.976625
        ],
        [
          0.988432,
          0.150614,
          -0.017839,
          1.746332
        ],
        [
          0.137622,
          -0.940104,
          -0.311874,
          1.545278
        ],
        [
          0.0,
          0.0,
          0.0,
          1.0
        ]
      ]
    },
    {
      "file_path": "/media/NFS/ttao/scannet/posed_images/scene0464_00/00183.jpg",
      "transform_matrix": [
        [
          -0.260508,
          0.379376,
          -0.887811,
          1.99536
        ],
        [
          0.961032,
          0.189981,
          -0.200811,
          1.774928
        ],
        [
          0.092484,
          -0.905528,
          -0.414085,
          1.494763
        ],
        [
          0.0,
          0.0,
          0.0,
          1.0
        ]
      ]
    },
    {
      "file_path": "/media/NFS/ttao/scannet/posed_images/scene0464_00/00189.jpg",
      "transform_matrix": [
        [
          -0.356746,
          0.429666,
          -0.829529,
          1.989374
        ],
        [
          0.932336,
          0.219832,
          -0.287094,
          1.786123
        ],
        [
          0.059002,
          -0.87582,
          -0.479018,
          1.457517
        ],
        [
          0.0,
          0.0,
          0.0,
          1.0
        ]
      ]
    },
    {
      "file_path": "/media/NFS/ttao/scannet/posed_images/scene0464_00/00197.jpg",
      "transform_matrix": [
        [
          -0.506612,
          0.447663,
          -0.736846,
          1.955521
        ],
        [
          0.861888,
          0.284969,
          -0.419453,
          1.766662
        ],
        [
          0.022205,
          -0.847579,
          -0.530204,
          1.433111
        ],
        [
          0.0,
          0.0,
          0.0,
          1.0
        ]
      ]
    },
    {
      "file_path": "/media/NFS/ttao/scannet/posed_images/scene0464_00/00203.jpg",
      "transform_matrix": [
        [
          -0.624667,
          0.354042,
          -0.696021,
          1.907304
        ],
        [
          0.78028,
          0.318257,
          -0.538402,
          1.72567
        ],
        [
          0.030897,
          -0.879413,
          -0.475056,
          1.467612
        ],
        [
          0.0,
          0.0,
          0.0,
          1.0
        ]
      ]
    },
    {
      "file_path": "/media/NFS/ttao/scannet/posed_images/scene0464_00/00207.jpg",
      "transform_matrix": [
        [
          -0.701954,
          0.271921,
          -0.65827,
          1.852829
        ],
        [
          0.711909,
          0.295305,
          -0.637166,
          1.72167
        ],
        [
          0.021132,
          -0.91589,
          -0.400874,
          1.507928
        ],
        [
          0.0,
          0.0,
          0.0,
          1.0
        ]
      ]
    },
    {
      "file_path": "/media/NFS/ttao/scannet/posed_images/scene0464_00/00219.jpg",
      "transform_matrix": [
        [
          -0.78498,
          0.106728,
          -0.610258,
          1.821792
        ],
        [
          0.6151,
          0.251733,
          -0.747183,
          1.672812
        ],
        [
          0.073877,
          -0.961894,
          -0.263254,
          1.604252
        ],
        [
          0.0,
          0.0,
          0.0,
          1.0
        ]
      ]
    },
    {
      "file_path": "/media/NFS/ttao/scannet/posed_images/scene0464_00/00220.jpg",
      "transform_matrix": [
        [
          -0.77967,
          0.098294,
          -0.618428,
          1.839811
        ],
        [
          0.620548,
          0.253561,
          -0.742042,
          1.657357
        ],
        [
          0.083871,
          -0.962313,
          -0.25869,
          1.617025
        ],
        [
          0.0,
          0.0,
          0.0,
          1.0
        ]
      ]
    },
    {
      "file_path": "/media/NFS/ttao/scannet/posed_images/scene0464_00/00226.jpg",
      "transform_matrix": [
        [
          -0.823049,
          0.03318,
          -0.567,
          1.820245
        ],
        [
          0.556616,
          0.245735,
          -0.793595,
          1.668933
        ],
        [
          0.113001,
          -0.968769,
          -0.220721,
          1.649093
        ],
        [
          0.0,
          0.0,
          0.0,
          1.0
        ]
      ]
    },
    {
      "file_path": "/media/NFS/ttao/scannet/posed_images/scene0464_00/00238.jpg",
      "transform_matrix": [
        [
          -0.917321,
          -0.127983,
          -0.377018,
          1.8075
        ],
        [
          0.346663,
          0.208995,
          -0.91441,
          1.730174
        ],
        [
          0.195823,
          -0.969506,
          -0.147349,
          1.708362
        ],
        [
          0.0,
          0.0,
          0.0,
          1.0
        ]
      ]
    },
    {
      "file_path": "/media/NFS/ttao/scannet/posed_images/scene0464_00/00242.jpg",
      "transform_matrix": [
        [
          -0.929699,
          -0.156284,
          -0.333519,
          1.807767
        ],
        [
          0.2927,
          0.236168,
          -0.926581,
          1.752217
        ],
        [
          0.223576,
          -0.959062,
          -0.173821,
          1.695594
        ],
        [
          0.0,
          0.0,
          0.0,
          1.0
        ]
      ]
    },
    {
      "file_path": "/media/NFS/ttao/scannet/posed_images/scene0464_00/00248.jpg",
      "transform_matrix": [
        [
          -0.958018,
          -0.175994,
          -0.226337,
          1.805506
        ],
        [
          0.177347,
          0.256525,
          -0.950128,
          1.787127
        ],
        [
          0.225277,
          -0.95038,
          -0.214544,
          1.677064
        ],
        [
          0.0,
          0.0,
          0.0,
          1.0
        ]
      ]
    },
    {
      "file_path": "/media/NFS/ttao/scannet/posed_images/scene0464_00/00258.jpg",
      "transform_matrix": [
        [
          -0.988415,
          -0.129221,
          -0.079608,
          1.821239
        ],
        [
          0.039487,
          0.28751,
          -0.956963,
          1.82546
        ],
        [
          0.146548,
          -0.949021,
          -0.279076,
          1.618906
        ],
        [
          0.0,
          0.0,
          0.0,
          1.0
        ]
      ]
    },
    {
      "file_path": "/media/NFS/ttao/scannet/posed_images/scene0464_00/00261.jpg",
      "transform_matrix": [
        [
          -0.991788,
          -0.105325,
          -0.07255,
          1.841004
        ],
        [
          0.037376,
          0.303807,
          -0.952,
          1.837478
        ],
        [
          0.12231,
          -0.946894,
          -0.297375,
          1.576045
        ],
        [
          0.0,
          0.0,
          0.0,
          1.0
        ]
      ]
    },
    {
      "file_path": "/media/NFS/ttao/scannet/posed_images/scene0464_00/00265.jpg",
      "transform_matrix": [
        [
          -0.99372,
          -0.098392,
          -0.05329,
          1.853054
        ],
        [
          0.015272,
          0.352529,
          -0.935676,
          1.851188
        ],
        [
          0.110849,
          -0.930614,
          -0.348813,
          1.542386
        ],
        [
          0.0,
          0.0,
          0.0,
          1.0
        ]
      ]
    },
    {
      "file_path": "/media/NFS/ttao/scannet/posed_images/scene0464_00/00275.jpg",
      "transform_matrix": [
        [
          -0.996171,
          -0.082319,
          0.029456,
          1.893397
        ],
        [
          -0.065157,
          0.474341,
          -0.877927,
          1.886581
        ],
        [
          0.058298,
          -0.876484,
          -0.477888,
          1.469152
        ],
        [
          0.0,
          0.0,
          0.0,
          1.0
        ]
      ]
    },
    {
      "file_path": "/media/NFS/ttao/scannet/posed_images/scene0464_00/00283.jpg",
      "transform_matrix": [
        [
          -0.987006,
          -0.089393,
          0.13352,
          1.932294
        ],
        [
          -0.160653,
          0.533164,
          -0.830618,
          1.92659
        ],
        [
          0.003063,
          -0.841276,
          -0.540598,
          1.417218
        ],
        [
          0.0,
          0.0,
          0.0,
          1.0
        ]
      ]
    },
    {
      "file_path": "/media/NFS/ttao/scannet/posed_images/scene0464_00/00289.jpg",
      "transform_matrix": [
        [
          -0.982855,
          -0.111152,
          0.147108,
          1.997664
        ],
        [
          -0.184205,
          0.557384,
          -0.809563,
          1.952592
        ],
        [
          0.007989,
          -0.822781,
          -0.568303,
          1.394005
        ],
        [
          0.0,
          0.0,
          0.0,
          1.0
        ]
      ]
    },
    {
      "file_path": "/media/NFS/ttao/scannet/posed_images/scene0464_00/00291.jpg",
      "transform_matrix": [
        [
          -0.981197,
          -0.11336,
          0.156208,
          2.031057
        ],
        [
          -0.192965,
          0.559492,
          -0.80606,
          1.957368
        ],
        [
          0.003978,
          -0.821047,
          -0.570847,
          1.394257
        ],
        [
          0.0,
          0.0,
          0.0,
          1.0
        ]
      ]
    },
    {
      "file_path": "/media/NFS/ttao/scannet/posed_images/scene0464_00/00300.jpg",
      "transform_matrix": [
        [
          -0.965904,
          -0.166322,
          0.198408,
          2.194389
        ],
        [
          -0.258592,
          0.582431,
          -0.770652,
          1.992422
        ],
        [
          0.012617,
          -0.795683,
          -0.605582,
          1.35576
        ],
        [
          0.0,
          0.0,
          0.0,
          1.0
        ]
      ]
    },
    {
      "file_path": "/media/NFS/ttao/scannet/posed_images/scene0464_00/00304.jpg",
      "transform_matrix": [
        [
          -0.963195,
          -0.160696,
          0.21548,
          2.265316
        ],
        [
          -0.268772,
          0.587899,
          -0.762979,
          2.001667
        ],
        [
          -0.004073,
          -0.792813,
          -0.609452,
          1.353809
        ],
        [
          0.0,
          0.0,
          0.0,
          1.0
        ]
      ]
    },
    {
      "file_path": "/media/NFS/ttao/scannet/posed_images/scene0464_00/00312.jpg",
      "transform_matrix": [
        [
          -0.951697,
          -0.160447,
          0.261782,
          2.405029
        ],
        [
          -0.305401,
          0.582626,
          -0.753178,
          2.028373
        ],
        [
          -0.031676,
          -0.796746,
          -0.603484,
          1.351475
        ],
        [
          0.0,
          0.0,
          0.0,
          1.0
        ]
      ]
    },
    {
      "file_path": "/media/NFS/ttao/scannet/posed_images/scene0464_00/00318.jpg",
      "transform_matrix": [
        [
          -0.924466,
          -0.196826,
          0.326531,
          2.472616
        ],
        [
          -0.379887,
          0.548259,
          -0.745049,
          2.029336
        ],
        [
          -0.032378,
          -0.812817,
          -0.581619,
          1.373507
        ],
        [
          0.0,
          0.0,
          0.0,
          1.0
        ]
      ]
    },
    {
      "file_path": "/media/NFS/ttao/scannet/posed_images/scene0464_00/00326.jpg",
      "transform_matrix": [
        [
          -0.915015,
          -0.179912,
          0.361081,
          2.540938
        ],
        [
          -0.403045,
          0.446293,
          -0.798985,
          1.9857
        ],
        [
          -0.017401,
          -0.876615,
          -0.480878,
          1.441205
        ],
        [
          0.0,
          0.0,
          0.0,
          1.0
        ]
      ]
    },
    {
      "file_path": "/media/NFS/ttao/scannet/posed_images/scene0464_00/00336.jpg",
      "transform_matrix": [
        [
          -0.94043,
          -0.109447,
          0.321889,
          2.596481
        ],
        [
          -0.339959,
          0.290571,
          -0.894426,
          1.905575
        ],
        [
          0.00436,
          -0.950574,
          -0.310469,
          1.524435
        ],
        [
          0.0,
          0.0,
          0.0,
          1.0
        ]
      ]
    },
    {
      "file_path": "/media/NFS/ttao/scannet/posed_images/scene0464_00/00341.jpg",
      "transform_matrix": [
        [
          -0.958728,
          -0.059566,
          0.278014,
          2.625009
        ],
        [
          -0.284317,
          0.207783,
          -0.935943,
          1.881655
        ],
        [
          -0.002016,
          -0.97636,
          -0.216143,
          1.576762
        ],
        [
          0.0,
          0.0,
          0.0,
          1.0
        ]
      ]
    },
    {
      "file_path": "/media/NFS/ttao/scannet/posed_images/scene0464_00/00343.jpg",
      "transform_matrix": [
        [
          -0.963662,
          -0.050723,
          0.262263,
          2.635496
        ],
        [
          -0.267113,
          0.191572,
          -0.944432,
          1.868344
        ],
        [
          -0.002338,
          -0.980167,
          -0.198159,
          1.581964
        ],
        [
          0.0,
          0.0,
          0.0,
          1.0
        ]
      ]
    },
    {
      "file_path": "/media/NFS/ttao/scannet/posed_images/scene0464_00/00349.jpg",
      "transform_matrix": [
        [
          -0.977888,
          -0.035744,
          0.206049,
          2.65895
        ],
        [
          -0.20896,
          0.12771,
          -0.969549,
          1.837084
        ],
        [
          0.008341,
          -0.991167,
          -0.132356,
          1.627462
        ],
        [
          0.0,
          0.0,
          0.0,
          1.0
        ]
      ]
    },
    {
      "file_path": "/media/NFS/ttao/scannet/posed_images/scene0464_00/00359.jpg",
      "transform_matrix": [
        [
          -0.994954,
          -0.047366,
          0.088442,
          2.723461
        ],
        [
          -0.088708,
          0.003551,
          -0.996051,
          1.827723
        ],
        [
          0.046865,
          -0.998871,
          -0.007734,
          1.634995
        ],
        [
          0.0,
          0.0,
          0.0,
          1.0
        ]
      ]
    },
    {
      "file_path": "/media/NFS/ttao/scannet/posed_images/scene0464_00/00365.jpg",
      "transform_matrix": [
        [
          -0.995531,
          -0.038881,
          0.086055,
          2.783445
        ],
        [
          -0.085235,
          -0.022286,
          -0.996112,
          1.843297
        ],
        [
          0.040647,
          -0.998995,
          0.018872,
          1.645734
        ],
        [
          0.0,
          0.0,
          0.0,
          1.0
        ]
      ]
    },
    {
      "file_path": "/media/NFS/ttao/scannet/posed_images/scene0464_00/00369.jpg",
      "transform_matrix": [
        [
          -0.994168,
          -0.033117,
          0.10263,
          2.842109
        ],
        [
          -0.102084,
          -0.017767,
          -0.994617,
          1.857815
        ],
        [
          0.034762,
          -0.999294,
          0.014283,
          1.640435
        ],
        [
          0.0,
          0.0,
          0.0,
          1.0
        ]
      ]
    },
    {
      "file_path": "/media/NFS/ttao/scannet/posed_images/scene0464_00/00377.jpg",
      "transform_matrix": [
        [
          -0.983223,
          -0.043739,
          0.177082,
          2.960917
        ],
        [
          -0.177971,
          0.017317,
          -0.983883,
          1.887855
        ],
        [
          0.039967,
          -0.998893,
          -0.024811,
          1.598867
        ],
        [
          0.0,
          0.0,
          0.0,
          1.0
        ]
      ]
    },
    {
      "file_path": "/media/NFS/ttao/scannet/posed_images/scene0464_00/00386.jpg",
      "transform_matrix": [
        [
          -0.971261,
          -0.068829,
          0.227848,
          3.081528
        ],
        [
          -0.233904,
          0.098802,
          -0.967227,
          1.90857
        ],
        [
          0.044061,
          -0.992724,
          -0.112061,
          1.535212
        ],
        [
          0.0,
          0.0,
          0.0,
          1.0
        ]
      ]
    },
    {
      "file_path": "/media/NFS/ttao/scannet/posed_images/scene0464_00/00392.jpg",
      "transform_matrix": [
        [
          -0.976314,
          -0.085476,
          0.198755,
          3.151807
        ],
        [
          -0.210377,
          0.160578,
          -0.964342,
          1.91249
        ],
        [
          0.050512,
          -0.983315,
          -0.174757,
          1.48339
        ],
        [
          0.0,
          0.0,
          0.0,
          1.0
        ]
      ]
    },
    {
      "file_path": "/media/NFS/ttao/scannet/posed_images/scene0464_00/00396.jpg",
      "transform_matrix": [
        [
          -0.980409,
          -0.091863,
          0.174236,
          3.185694
        ],
        [
          -0.18964,
          0.201163,
          -0.961025,
          1.913666
        ],
        [
          0.053233,
          -0.975241,
          -0.214643,
          1.43895
        ],
        [
          0.0,
          0.0,
          0.0,
          1.0
        ]
      ]
    },
    {
      "file_path": "/media/NFS/ttao/scannet/posed_images/scene0464_00/00404.jpg",
      "transform_matrix": [
        [
          -0.984664,
          -0.125494,
          0.121193,
          3.233779
        ],
        [
          -0.15604,
          0.322829,
          -0.933506,
          1.905447
        ],
        [
          0.078025,
          -0.938101,
          -0.33746,
          1.365166
        ],
        [
          0.0,
          0.0,
          0.0,
          1.0
        ]
      ]
    },
    {
      "file_path": "/media/NFS/ttao/scannet/posed_images/scene0464_00/00408.jpg",
      "transform_matrix": [
        [
          -0.983546,
          -0.134449,
          0.120665,
          3.244134
        ],
        [
          -0.162841,
          0.370575,
          -0.914416,
          1.897547
        ],
        [
          0.078227,
          -0.91902,
          -0.386371,
          1.329541
        ],
        [
          0.0,
          0.0,
          0.0,
          1.0
        ]
      ]
    },
    {
      "file_path": "/media/NFS/ttao/scannet/posed_images/scene0464_00/00416.jpg",
      "transform_matrix": [
        [
          -0.979118,
          -0.145431,
          0.142047,
          3.26518
        ],
        [
          -0.193017,
          0.445709,
          -0.874121,
          1.881101
        ],
        [
          0.063813,
          -0.883285,
          -0.464473,
          1.285277
        ],
        [
          0.0,
          0.0,
          0.0,
          1.0
        ]
      ]
    },
    {
      "file_path": "/media/NFS/ttao/scannet/posed_images/scene0464_00/00425.jpg",
      "transform_matrix": [
        [
          -0.939949,
          -0.22067,
          0.260383,
          3.301654
        ],
        [
          -0.340392,
          0.550038,
          -0.762621,
          1.895893
        ],
        [
          0.025067,
          -0.805458,
          -0.592122,
          1.249467
        ],
        [
          0.0,
          0.0,
          0.0,
          1.0
        ]
      ]
    },
    {
      "file_path": "/media/NFS/ttao/scannet/posed_images/scene0464_00/00433.jpg",
      "transform_matrix": [
        [
          -0.857791,
          -0.32571,
          0.397625,
          3.34512
        ],
        [
          -0.513973,
          0.551059,
          -0.657393,
          1.93199
        ],
        [
          -0.004995,
          -0.768275,
          -0.6401,
          1.258058
        ],
        [
          0.0,
          0.0,
          0.0,
          1.0
        ]
      ]
    },
    {
      "file_path": "/media/NFS/ttao/scannet/posed_images/scene0464_00/00437.jpg",
      "transform_matrix": [
        [
          -0.81443,
          -0.366112,
          0.450183,
          3.370203
        ],
        [
          -0.580127,
          0.530435,
          -0.618136,
          1.952859
        ],
        [
          -0.012486,
          -0.764592,
          -0.644394,
          1.263534
        ],
        [
          0.0,
          0.0,
          0.0,
          1.0
        ]
      ]
    },
    {
      "file_path": "/media/NFS/ttao/scannet/posed_images/scene0464_00/00445.jpg",
      "transform_matrix": [
        [
          -0.750499,
          -0.399726,
          0.52628,
          3.432874
        ],
        [
          -0.660871,
          0.455433,
          -0.596516,
          1.994863
        ],
        [
          -0.001243,
          -0.795488,
          -0.605969,
          1.292531
        ],
        [
          0.0,
          0.0,
          0.0,
          1.0
        ]
      ]
    },
    {
      "file_path": "/media/NFS/ttao/scannet/posed_images/scene0464_00/00447.jpg",
      "transform_matrix": [
        [
          -0.742525,
          -0.399415,
          0.537703,
          3.45037
        ],
        [
          -0.669813,
          0.439593,
          -0.598422,
          2.003422
        ],
        [
          0.002648,
          -0.804504,
          -0.593942,
          1.300557
        ],
        [
          0.0,
          0.0,
          0.0,
          1.0
        ]
      ]
    },
    {
      "file_path": "/media/NFS/ttao/scannet/posed_images/scene0464_00/00458.jpg",
      "transform_matrix": [
        [
          -0.740892,
          -0.365246,
          0.563625,
          3.543121
        ],
        [
          -0.670957,
          0.365123,
          -0.64537,
          2.035611
        ],
        [
          0.029926,
          -0.856318,
          -0.515582,
          1.351287
        ],
        [
          0.0,
          0.0,
          0.0,
          1.0
        ]
      ]
    },
    {
      "file_path": "/media/NFS/ttao/scannet/posed_images/scene0464_00/00460.jpg",
      "transform_matrix": [
        [
          -0.746483,
          -0.359188,
          0.56013,
          3.557465
        ],
        [
          -0.66422,
          0.352053,
          -0.659446,
          2.043013
        ],
        [
          0.039669,
          -0.864316,
          -0.501382,
          1.357811
        ],
        [
          0.0,
          0.0,
          0.0,
          1.0
        ]
      ]
    },
    {
      "file_path": "/media/NFS/ttao/scannet/posed_images/scene0464_00/00468.jpg",
      "transform_matrix": [
        [
          -0.7482,
          -0.329724,
          0.575741,
          3.605622
        ],
        [
          -0.661308,
          0.300584,
          -0.687256,
          2.065601
        ],
        [
          0.053546,
          -0.894947,
          -0.442947,
          1.400435
        ],
        [
          0.0,
          0.0,
          0.0,
          1.0
        ]
      ]
    },
    {
      "file_path": "/media/NFS/ttao/scannet/posed_images/scene0464_00/00474.jpg",
      "transform_matrix": [
        [
          -0.747878,
          -0.303791,
          0.590245,
          3.643595
        ],
        [
          -0.659919,
          0.243786,
          -0.710687,
          2.086611
        ],
        [
          0.072007,
          -0.921021,
          -0.3828,
          1.44469
        ],
        [
          0.0,
          0.0,
          0.0,
          1.0
        ]
      ]
    },
    {
      "file_path": "/media/NFS/ttao/scannet/posed_images/scene0464_00/00484.jpg",
      "transform_matrix": [
        [
          -0.707027,
          -0.230849,
          0.668447,
          3.692533
        ],
        [
          -0.70415,
          0.142303,
          -0.695646,
          2.117259
        ],
        [
          0.065467,
          -0.962527,
          -0.263165,
          1.517038
        ],
        [
          0.0,
          0.0,
          0.0,
          1.0
        ]
      ]
    },
    {
      "file_path": "/media/NFS/ttao/scannet/posed_images/scene0464_00/00486.jpg",
      "transform_matrix": [
        [
          -0.691349,
          -0.218682,
          0.688633,
          3.692482
        ],
        [
          -0.719493,
          0.121202,
          -0.683842,
          2.115907
        ],
        [
          0.06608,
          -0.96824,
          -0.241133,
          1.524367
        ],
        [
          0.0,
          0.0,
          0.0,
          1.0
        ]
      ]
    },
    {
      "file_path": "/media/NFS/ttao/scannet/posed_images/scene0464_00/00498.jpg",
      "transform_matrix": [
        [
          -0.515769,
          -0.197615,
          0.833625,
          3.691874
        ],
        [
          -0.852924,
          0.026849,
          -0.521344,
          2.061321
        ],
        [
          0.080643,
          -0.979912,
          -0.182398,
          1.56571
        ],
        [
          0.0,
          0.0,
          0.0,
          1.0
        ]
      ]
    },
    {
      "file_path": "/media/NFS/ttao/scannet/posed_images/scene0464_00/00501.jpg",
      "transform_matrix": [
        [
          -0.44895,
          -0.207337,
          0.86917,
          3.683234
        ],
        [
          -0.889707,
          0.013524,
          -0.456333,
          2.031456
        ],
        [
          0.08286,
          -0.978176,
          -0.190541,
          1.5714
        ],
