{
  "frames": [
    {
      "file_path": "/media/NFS/ttao/scannet/posed_images/scene0268_02/00000.jpg",
      "transform_matrix": [
        [
          0.46629,
          -0.718627,
          0.515895,
          1.733488
        ],
        [
          -0.882975,
          -0.413751,
          0.221731,
          3.971294
        ],
        [
          0.054111,
          -0.558914,
          -0.827459,
          1.235745
        ],
        [
          0.0,
          0.0,
          0.0,
          1.0
        ]
      ]
    },
    {
      "file_path": "/media/NFS/ttao/scannet/posed_images/scene0268_02/00004.jpg",
      "transform_matrix": [
        [
          0.472025,
          -0.722529,
          0.505119,
          1.727744
        ],
        [
          -0.879204,
          -0.427903,
          0.209522,
          3.975042
        ],
        [
          0.064756,
          -0.543002,
          -0.837231,
          1.228559
        ],
        [
          0.0,
          0.0,
          0.0,
          1.0
        ]
      ]
    },
    {
      "file_path": "/media/NFS/ttao/scannet/posed_images/scene0268_02/00006.jpg",
      "transform_matrix": [
        [
          0.47742,
          -0.717584,
          0.507093,
          1.726052
        ],
        [
          -0.875711,
          -0.43594,
          0.207572,
          3.980014
        ],
        [
          0.072112,
          -0.543166,
          -0.836523,
          1.230707
        ],
        [
          0.0,
          0.0,
          0.0,
          1.0
        ]
      ]
    },
    {
      "file_path": "/media/NFS/ttao/scannet/posed_images/scene0268_02/00011.jpg",
      "transform_matrix": [
        [
          0.483729,
          -0.702427,
          0.522113,
          1.726712
        ],
        [
          -0.871108,
          -0.444149,
          0.209529,
          3.986834
        ],
        [
          0.084717,
          -0.556172,
          -0.826738,
          1.237021
        ],
        [
          0.0,
          0.0,
          0.0,
          1.0
        ]
      ]
    },
    {
      "file_path": "/media/NFS/ttao/scannet/posed_images/scene0268_02/00015.jpg",
      "transform_matrix": [
        [
          0.486677,
          -0.694149,
          0.53038,
          1.734214
        ],
        [
          -0.868973,
          -0.446959,
          0.212401,
          3.990438
        ],
        [
          0.08962,
          -0.564256,
          -0.820721,
          1.242668
        ],
        [
          0.0,
          0.0,
          0.0,
          1.0
        ]
      ]
    },
    {
      "file_path": "/media/NFS/ttao/scannet/posed_images/scene0268_02/00019.jpg",
      "transform_matrix": [
        [
          0.510346,
          -0.709477,
          0.485992,
          1.741611
        ],
        [
          -0.857664,
          -0.461259,
          0.227273,
          3.999663
        ],
        [
          0.062924,
          -0.532806,
          -0.843895,
          1.230512
        ],
        [
          0.0,
          0.0,
          0.0,
          1.0
        ]
      ]
    },
    {
      "file_path": "/media/NFS/ttao/scannet/posed_images/scene0268_02/00021.jpg",
      "transform_matrix": [
        [
          0.522071,
          -0.702858,
          0.483148,
          1.744788
        ],
        [
          -0.850674,
          -0.470024,
          0.235438,
          4.000772
        ],
        [
          0.061612,
          -0.533917,
          -0.843289,
          1.22606
        ],
        [
          0.0,
          0.0,
          0.0,
          1.0
        ]
      ]
    },
    {
      "file_path": "/media/NFS/ttao/scannet/posed_images/scene0268_02/00026.jpg",
      "transform_matrix": [
        [
          0.49104,
          -0.707287,
          0.508551,
          1.753366
        ],
        [
          -0.86658,
          -0.45623,
          0.202223,
          4.025349
        ],
        [
          0.088986,
          -0.539999,
          -0.836948,
          1.225122
        ],
        [
          0.0,
          0.0,
          0.0,
          1.0
        ]
      ]
    },
    {
      "file_path": "/media/NFS/ttao/scannet/posed_images/scene0268_02/00027.jpg",
      "transform_matrix": [
        [
          0.475252,
          -0.710089,
          0.519528,
          1.755788
        ],
        [
          -0.875281,
          -0.44166,
          0.197028,
          4.029963
        ],
        [
          0.089547,
          -0.548371,
          -0.831427,
          1.225792
        ],
        [
          0.0,
          0.0,
          0.0,
          1.0
        ]
      ]
    },
    {
      "file_path": "/media/NFS/ttao/scannet/posed_images/scene0268_02/00031.jpg",
      "transform_matrix": [
        [
          0.369945,
          -0.73563,
          0.567441,
          1.754602
        ],
        [
          -0.923582,
          -0.35739,
          0.138812,
          4.068412
        ],
        [
          0.100683,
          -0.575431,
          -0.81163,
          1.224295
        ],
        [
          0.0,
          0.0,
          0.0,
          1.0
        ]
      ]
    },
    {
      "file_path": "/media/NFS/ttao/scannet/posed_images/scene0268_02/00036.jpg",
      "transform_matrix": [
        [
          0.217061,
          -0.762162,
          0.609912,
          1.752142
        ],
        [
          -0.973671,
          -0.213619,
          0.079574,
          4.132158
        ],
        [
          0.06964,
          -0.611126,
          -0.788464,
          1.22935
        ],
        [
          0.0,
          0.0,
          0.0,
          1.0
        ]
      ]
    },
    {
      "file_path": "/media/NFS/ttao/scannet/posed_images/scene0268_02/00038.jpg",
      "transform_matrix": [
        [
          0.175218,
          -0.77502,
          0.607159,
          1.741722
        ],
        [
          -0.981907,
          -0.18255,
          0.050346,
          4.156909
        ],
        [
          0.071818,
          -0.604996,
          -0.792983,
          1.22516
        ],
        [
          0.0,
          0.0,
          0.0,
          1.0
        ]
      ]
    },
    {
      "file_path": "/media/NFS/ttao/scannet/posed_images/scene0268_02/00044.jpg",
      "transform_matrix": [
        [
          0.103163,
          -0.823391,
          0.558018,
          1.714278
        ],
        [
          -0.990809,
          -0.134418,
          -0.015167,
          4.22305
        ],
        [
          0.087497,
          -0.551325,
          -0.82969,
          1.206949
        ],
        [
          0.0,
          0.0,
          0.0,
          1.0
        ]
      ]
    },
    {
      "file_path": "/media/NFS/ttao/scannet/posed_images/scene0268_02/00047.jpg",
      "transform_matrix": [
        [
          0.065403,
          -0.813301,
          0.578155,
          1.70594
        ],
        [
          -0.995036,
          -0.09671,
          -0.023482,
          4.246886
        ],
        [
          0.075012,
          -0.573749,
          -0.815589,
          1.211037
        ],
        [
          0.0,
          0.0,
          0.0,
          1.0
        ]
      ]
    },
    {
      "file_path": "/media/NFS/ttao/scannet/posed_images/scene0268_02/00050.jpg",
      "transform_matrix": [
        [
          0.016127,
          -0.796584,
          0.604312,
          1.700735
        ],
        [
          -0.998233,
          -0.047396,
          -0.035836,
          4.266733
        ],
        [
          0.057188,
          -0.602666,
          -0.795942,
          1.210396
        ],
        [
          0.0,
          0.0,
          0.0,
          1.0
        ]
      ]
    },
    {
      "file_path": "/media/NFS/ttao/scannet/posed_images/scene0268_02/00053.jpg",
      "transform_matrix": [
        [
          -0.015373,
          -0.797799,
          0.602727,
          1.700395
        ],
        [
          -0.999371,
          -0.007003,
          -0.034758,
          4.280833
        ],
        [
          0.031951,
          -0.602883,
          -0.79719,
          1.201623
        ],
        [
          0.0,
          0.0,
          0.0,
          1.0
        ]
      ]
    },
    {
      "file_path": "/media/NFS/ttao/scannet/posed_images/scene0268_02/00057.jpg",
      "transform_matrix": [
        [
          -0.042463,
          -0.805409,
          0.591196,
          1.698327
        ],
        [
          -0.998661,
          0.016709,
          -0.048965,
          4.300472
        ],
        [
          0.029559,
          -0.592484,
          -0.80504,
          1.182
        ],
        [
          0.0,
          0.0,
          0.0,
          1.0
        ]
      ]
    },
    {
      "file_path": "/media/NFS/ttao/scannet/posed_images/scene0268_02/00059.jpg",
      "transform_matrix": [
        [
          -0.053077,
          -0.811342,
          0.582156,
          1.697057
        ],
        [
          -0.998006,
          0.023152,
          -0.058725,
          4.307966
        ],
        [
          0.034168,
          -0.584112,
          -0.810953,
          1.170008
        ],
        [
          0.0,
          0.0,
          0.0,
          1.0
        ]
      ]
    },
    {
      "file_path": "/media/NFS/ttao/scannet/posed_images/scene0268_02/00063.jpg",
      "transform_matrix": [
        [
          -0.056171,
          -0.804354,
          0.591489,
          1.685075
        ],
        [
          -0.997844,
          0.025079,
          -0.060656,
          4.325903
        ],
        [
          0.033955,
          -0.593621,
          -0.804028,
          1.149502
        ],
        [
          0.0,
          0.0,
          0.0,
          1.0
        ]
      ]
    },
    {
      "file_path": "/media/NFS/ttao/scannet/posed_images/scene0268_02/00066.jpg",
      "transform_matrix": [
        [
          -0.04935,
          -0.789777,
          0.611405,
          1.670929
        ],
        [
          -0.998308,
          0.020146,
          -0.054556,
          4.333198
        ],
        [
          0.03077,
          -0.613063,
          -0.789435,
          1.137561
        ],
        [
          0.0,
          0.0,
          0.0,
          1.0
        ]
      ]
    },
    {
      "file_path": "/media/NFS/ttao/scannet/posed_images/scene0268_02/00071.jpg",
      "transform_matrix": [
        [
          -0.001147,
          -0.755807,
          0.654794,
          1.626163
        ],
        [
          -0.999961,
          -0.004894,
          -0.0074,
          4.340077
        ],
        [
          0.008797,
          -0.654776,
          -0.755772,
          1.125336
        ],
        [
          0.0,
          0.0,
          0.0,
          1.0
        ]
      ]
    },
    {
      "file_path": "/media/NFS/ttao/scannet/posed_images/scene0268_02/00075.jpg",
      "transform_matrix": [
        [
          0.01326,
          -0.735162,
          0.677762,
          1.584089
        ],
        [
          -0.999912,
          -0.010444,
          0.008235,
          4.33829
        ],
        [
          0.001025,
          -0.677811,
          -0.735236,
          1.133698
        ],
        [
          0.0,
          0.0,
          0.0,
          1.0
        ]
      ]
    },
    {
      "file_path": "/media/NFS/ttao/scannet/posed_images/scene0268_02/00076.jpg",
      "transform_matrix": [
        [
          0.010228,
          -0.727115,
          0.686439,
          1.574405
        ],
        [
          -0.99994,
          -0.004829,
          0.009784,
          4.334064
        ],
        [
          -0.003799,
          -0.686499,
          -0.727121,
          1.138505
        ],
        [
          0.0,
          0.0,
          0.0,
          1.0
        ]
      ]
    },
    {
      "file_path": "/media/NFS/ttao/scannet/posed_images/scene0268_02/00082.jpg",
      "transform_matrix": [
        [
          -0.029171,
          -0.647731,
          0.76131,
          1.507562
        ],
        [
          -0.999436,
          0.031562,
          -0.011442,
          4.331096
        ],
        [
          -0.016617,
          -0.761215,
          -0.648287,
          1.156405
        ],
        [
          0.0,
          0.0,
          0.0,
          1.0
        ]
      ]
    },
    {
      "file_path": "/media/NFS/ttao/scannet/posed_images/scene0268_02/00085.jpg",
      "transform_matrix": [
        [
          -0.039205,
          -0.632507,
          0.773562,
          1.485382
        ],
        [
          -0.999048,
          0.039651,
          -0.018213,
          4.33465
        ],
        [
          -0.019153,
          -0.773539,
          -0.633459,
          1.155785
        ],
        [
          0.0,
          0.0,
          0.0,
          1.0
        ]
      ]
    },
    {
      "file_path": "/media/NFS/ttao/scannet/posed_images/scene0268_02/00087.jpg",
      "transform_matrix": [
        [
          -0.043353,
          -0.637039,
          0.769611,
          1.473736
        ],
        [
          -0.998998,
          0.036203,
          -0.026308,
          4.340892
        ],
        [
          -0.011102,
          -0.769981,
          -0.637971,
          1.146755
        ],
        [
          0.0,
          0.0,
          0.0,
          1.0
        ]
      ]
    },
    {
      "file_path": "/media/NFS/ttao/scannet/posed_images/scene0268_02/00090.jpg",
      "transform_matrix": [
        [
          -0.06815,
          -0.65939,
          0.748706,
          1.463545
        ],
        [
          -0.997675,
          0.044454,
          -0.05166,
          4.352697
        ],
        [
          0.000781,
          -0.750485,
          -0.660887,
          1.135877
        ],
        [
          0.0,
          0.0,
          0.0,
          1.0
        ]
      ]
    },
    {
      "file_path": "/media/NFS/ttao/scannet/posed_images/scene0268_02/00095.jpg",
      "transform_matrix": [
        [
          -0.120207,
          -0.645685,
          0.754083,
          1.448218
        ],
        [
          -0.992748,
          0.077275,
          -0.092085,
          4.377444
        ],
        [
          0.001186,
          -0.759684,
          -0.650292,
          1.128664
        ],
        [
          0.0,
          0.0,
          0.0,
          1.0
        ]
      ]
    },
    {
      "file_path": "/media/NFS/ttao/scannet/posed_images/scene0268_02/00098.jpg",
      "transform_matrix": [
        [
          -0.152159,
          -0.622622,
          0.767587,
          1.44028
        ],
        [
          -0.988201,
          0.109613,
          -0.106979,
          4.392425
        ],
        [
          -0.01753,
          -0.774808,
          -0.631954,
          1.126336
        ],
        [
          0.0,
          0.0,
          0.0,
          1.0
        ]
      ]
    },
    {
      "file_path": "/media/NFS/ttao/scannet/posed_images/scene0268_02/00100.jpg",
      "transform_matrix": [
        [
          -0.172961,
          -0.611356,
          0.772223,
          1.437308
        ],
        [
          -0.984705,
          0.124061,
          -0.122335,
          4.405624
        ],
        [
          -0.021012,
          -0.781571,
          -0.623462,
          1.125694
        ],
        [
          0.0,
          0.0,
          0.0,
          1.0
        ]
      ]
    },
    {
      "file_path": "/media/NFS/ttao/scannet/posed_images/scene0268_02/00104.jpg",
      "transform_matrix": [
        [
          -0.202211,
          -0.581072,
          0.788331,
          1.427603
        ],
        [
          -0.978062,
          0.160963,
          -0.132233,
          4.413479
        ],
        [
          -0.050055,
          -0.797775,
          -0.600873,
          1.119826
        ],
        [
          0.0,
          0.0,
          0.0,
          1.0
        ]
      ]
    },
    {
      "file_path": "/media/NFS/ttao/scannet/posed_images/scene0268_02/00109.jpg",
      "transform_matrix": [
        [
          -0.210711,
          -0.591747,
          0.778098,
          1.417485
        ],
        [
          -0.974495,
          0.19002,
          -0.119385,
          4.406869
        ],
        [
          -0.077208,
          -0.783408,
          -0.616694,
          1.093958
        ],
        [
          0.0,
          0.0,
          0.0,
          1.0
        ]
      ]
    },
    {
      "file_path": "/media/NFS/ttao/scannet/posed_images/scene0268_02/00113.jpg",
      "transform_matrix": [
        [
          -0.18473,
          -0.59505,
          0.78217,
          1.406279
        ],
        [
          -0.978965,
          0.181551,
          -0.093091,
          4.395737
        ],
        [
          -0.08661,
          -0.782914,
          -0.616072,
          1.058541
        ],
        [
          0.0,
          0.0,
          0.0,
          1.0
        ]
      ]
    },
    {
      "file_path": "/media/NFS/ttao/scannet/posed_images/scene0268_02/00116.jpg",
      "transform_matrix": [
        [
          -0.149999,
          -0.585917,
          0.796367,
          1.400819
        ],
        [
          -0.985678,
          0.151403,
          -0.074264,
          4.387825
        ],
        [
          -0.077059,
          -0.796102,
          -0.600237,
          1.029647
        ],
        [
          0.0,
          0.0,
          0.0,
          1.0
        ]
      ]
    },
    {
      "file_path": "/media/NFS/ttao/scannet/posed_images/scene0268_02/00118.jpg",
      "transform_matrix": [
        [
          -0.134877,
          -0.57741,
          0.805237,
          1.39939
        ],
        [
          -0.988175,
          0.138201,
          -0.06642,
          4.382363
        ],
        [
          -0.072933,
          -0.804673,
          -0.589222,
          1.005773
        ],
        [
          0.0,
          0.0,
          0.0,
          1.0
        ]
      ]
    },
    {
      "file_path": "/media/NFS/ttao/scannet/posed_images/scene0268_02/00123.jpg",
      "transform_matrix": [
        [
          -0.128859,
          -0.516501,
          0.846535,
          1.398631
        ],
        [
          -0.990619,
          0.106212,
          -0.085987,
          4.372813
        ],
        [
          -0.0455,
          -0.849674,
          -0.525342,
          0.919499
        ],
        [
          0.0,
          0.0,
          0.0,
          1.0
        ]
      ]
    },
    {
      "file_path": "/media/NFS/ttao/scannet/posed_images/scene0268_02/00124.jpg",
      "transform_matrix": [
        [
          -0.132429,
          -0.506817,
          0.851821,
          1.400248
        ],
        [
          -0.990304,
          0.10404,
          -0.092056,
          4.372159
        ],
        [
          -0.041967,
          -0.855752,
          -0.515681,
          0.902861
        ],
        [
          0.0,
          0.0,
          0.0,
          1.0
        ]
      ]
    },
    {
      "file_path": "/media/NFS/ttao/scannet/posed_images/scene0268_02/00131.jpg",
      "transform_matrix": [
        [
          -0.198846,
          -0.477335,
          0.855927,
          1.436185
        ],
        [
          -0.979789,
          0.116237,
          -0.162797,
          4.373753
        ],
        [
          -0.021782,
          -0.870999,
          -0.490801,
          0.775746
        ],
        [
          0.0,
          0.0,
          0.0,
          1.0
        ]
      ]
    },
    {
      "file_path": "/media/NFS/ttao/scannet/posed_images/scene0268_02/00134.jpg",
      "transform_matrix": [
        [
          -0.223771,
          -0.473691,
          0.851788,
          1.457401
        ],
        [
          -0.97382,
          0.144538,
          -0.17545,
          4.380099
        ],
        [
          -0.040007,
          -0.868749,
          -0.493634,
          0.727627
        ],
        [
          0.0,
          0.0,
          0.0,
          1.0
        ]
      ]
    },
    {
      "file_path": "/media/NFS/ttao/scannet/posed_images/scene0268_02/00135.jpg",
      "transform_matrix": [
        [
          -0.226066,
          -0.468782,
          0.853896,
          1.463361
        ],
        [
          -0.973008,
          0.150401,
          -0.175031,
          4.385055
        ],
        [
          -0.046375,
          -0.870415,
          -0.490129,
          0.715565
        ],
        [
          0.0,
          0.0,
          0.0,
          1.0
        ]
      ]
    },
    {
      "file_path": "/media/NFS/ttao/scannet/posed_images/scene0268_02/00140.jpg",
      "transform_matrix": [
        [
          -0.211979,
          -0.435461,
          0.874893,
          1.480987
        ],
        [
          -0.975663,
          0.145692,
          -0.16388,
          4.420733
        ],
        [
          -0.056101,
          -0.88834,
          -0.455746,
          0.666813
        ],
        [
          0.0,
          0.0,
          0.0,
          1.0
        ]
      ]
    },
    {
      "file_path": "/media/NFS/ttao/scannet/posed_images/scene0268_02/00144.jpg",
      "transform_matrix": [
        [
          -0.199872,
          -0.422267,
          0.884161,
          1.482901
        ],
        [
          -0.978551,
          0.131981,
          -0.158177,
          4.447327
        ],
        [
          -0.049899,
          -0.896812,
          -0.439589,
          0.638909
        ],
        [
          0.0,
          0.0,
          0.0,
          1.0
        ]
      ]
    },
    {
      "file_path": "/media/NFS/ttao/scannet/posed_images/scene0268_02/00146.jpg",
      "transform_matrix": [
        [
          -0.203223,
          -0.42033,
          0.884321,
          1.484366
        ],
        [
          -0.978081,
          0.128989,
          -0.16346,
          4.452611
        ],
        [
          -0.045361,
          -0.898156,
          -0.43733,
          0.630583
        ],
        [
          0.0,
          0.0,
          0.0,
          1.0
        ]
      ]
    },
    {
      "file_path": "/media/NFS/ttao/scannet/posed_images/scene0268_02/00150.jpg",
      "transform_matrix": [
        [
          -0.218809,
          -0.405688,
          0.887434,
          1.484439
        ],
        [
          -0.974831,
          0.130736,
          -0.180593,
          4.45722
        ],
        [
          -0.042755,
          -0.904614,
          -0.424083,
          0.620181
        ],
        [
          0.0,
          0.0,
          0.0,
          1.0
        ]
      ]
    },
    {
      "file_path": "/media/NFS/ttao/scannet/posed_images/scene0268_02/00155.jpg",
      "transform_matrix": [
        [
          -0.241077,
          -0.392837,
          0.887446,
          1.489968
        ],
        [
          -0.969653,
          0.135833,
          -0.203281,
          4.454939
        ],
        [
          -0.040689,
          -0.909521,
          -0.413662,
          0.663415
        ],
        [
          0.0,
          0.0,
          0.0,
          1.0
        ]
      ]
    },
    {
      "file_path": "/media/NFS/ttao/scannet/posed_images/scene0268_02/00158.jpg",
      "transform_matrix": [
        [
          -0.242622,
          -0.372893,
          0.895592,
          1.490376
        ],
        [
          -0.969243,
          0.132428,
          -0.207437,
          4.451835
        ],
        [
          -0.04125,
          -0.918376,
          -0.393554,
          0.710982
        ],
        [
          0.0,
          0.0,
          0.0,
          1.0
        ]
      ]
    },
    {
      "file_path": "/media/NFS/ttao/scannet/posed_images/scene0268_02/00162.jpg",
      "transform_matrix": [
        [
          -0.236742,
          -0.357927,
          0.903239,
          1.486239
        ],
        [
          -0.970593,
          0.128876,
          -0.203326,
          4.449682
        ],
        [
          -0.04363,
          -0.924813,
          -0.377912,
          0.771918
        ],
        [
          0.0,
          0.0,
          0.0,
          1.0
        ]
      ]
    },
    {
      "file_path": "/media/NFS/ttao/scannet/posed_images/scene0268_02/00165.jpg",
      "transform_matrix": [
        [
          -0.223019,
          -0.373089,
          0.900592,
          1.484947
        ],
        [
          -0.973943,
          0.124337,
          -0.189674,
          4.449117
        ],
        [
          -0.041212,
          -0.919426,
          -0.391097,
          0.832916
        ],
        [
          0.0,
          0.0,
          0.0,
          1.0
        ]
      ]
    },
    {
      "file_path": "/media/NFS/ttao/scannet/posed_images/scene0268_02/00166.jpg",
      "transform_matrix": [
        [
          -0.212676,
          -0.382861,
          0.898992,
          1.483083
        ],
        [
          -0.976317,
          0.120615,
          -0.179601,
          4.449097
        ],
        [
          -0.03967,
          -0.915898,
          -0.399446,
          0.852301
        ],
        [
          0.0,
          0.0,
          0.0,
          1.0
        ]
      ]
    },
    {
      "file_path": "/media/NFS/ttao/scannet/posed_images/scene0268_02/00172.jpg",
      "transform_matrix": [
        [
          -0.165854,
          -0.39751,
          0.902484,
          1.470356
        ],
        [
          -0.98511,
          0.108808,
          -0.133113,
          4.44381
        ],
        [
          -0.045284,
          -0.911124,
          -0.409638,
          0.989693
        ],
        [
          0.0,
          0.0,
          0.0,
          1.0
        ]
      ]
    },
    {
      "file_path": "/media/NFS/ttao/scannet/posed_images/scene0268_02/00176.jpg",
      "transform_matrix": [
        [
          -0.163603,
          -0.406832,
          0.898733,
          1.464295
        ],
        [
          -0.985727,
          0.104067,
          -0.132331,
          4.439396
        ],
        [
          -0.039692,
          -0.907556,
          -0.418052,
          1.073138
        ],
        [
          0.0,
          0.0,
          0.0,
          1.0
        ]
      ]
    },
    {
      "file_path": "/media/NFS/ttao/scannet/posed_images/scene0268_02/00178.jpg",
      "transform_matrix": [
        [
          -0.160957,
          -0.412002,
          0.896854,
          1.461738
        ],
        [
          -0.986309,
          0.100174,
          -0.130993,
          4.435675
        ],
        [
          -0.035873,
          -0.90566,
          -0.422485,
          1.109046
        ],
        [
          0.0,
          0.0,
          0.0,
          1.0
        ]
      ]
    },
    {
      "file_path": "/media/NFS/ttao/scannet/posed_images/scene0268_02/00183.jpg",
      "transform_matrix": [
        [
          -0.156672,
          -0.42185,
          0.893027,
          1.460474
        ],
        [
          -0.987109,
          0.096812,
          -0.127446,
          4.42832
        ],
        [
          -0.032693,
          -0.901482,
          -0.43158,
          1.182563
        ],
        [
          0.0,
          0.0,
          0.0,
          1.0
        ]
      ]
    },
    {
      "file_path": "/media/NFS/ttao/scannet/posed_images/scene0268_02/00186.jpg",
      "transform_matrix": [
        [
          -0.168576,
          -0.43262,
          0.885676,
          1.464944
        ],
        [
          -0.985198,
          0.102299,
          -0.13755,
          4.423999
        ],
        [
          -0.031097,
          -0.895754,
          -0.443462,
          1.216222
        ],
        [
          0.0,
          0.0,
          0.0,
          1.0
        ]
      ]
    },
    {
      "file_path": "/media/NFS/ttao/scannet/posed_images/scene0268_02/00189.jpg",
      "transform_matrix": [
        [
          -0.183679,
          -0.454682,
          0.871508,
          1.470383
        ],
        [
          -0.982673,
          0.107335,
          -0.151109,
          4.422695
        ],
        [
          -0.024837,
          -0.884162,
          -0.466519,
          1.241822
        ],
        [
          0.0,
          0.0,
          0.0,
          1.0
        ]
      ]
    },
    {
      "file_path": "/media/NFS/ttao/scannet/posed_images/scene0268_02/00193.jpg",
      "transform_matrix": [
        [
          -0.206346,
          -0.487054,
          0.848646,
          1.478016
        ],
        [
          -0.978265,
          0.120815,
          -0.168524,
          4.43208
        ],
        [
          -0.020449,
          -0.864975,
          -0.501398,
          1.272342
        ],
        [
          0.0,
          0.0,
          0.0,
          1.0
        ]
      ]
    },
    {
      "file_path": "/media/NFS/ttao/scannet/posed_images/scene0268_02/00194.jpg",
      "transform_matrix": [
        [
          -0.208503,
          -0.491913,
          0.845309,
          1.479731
        ],
        [
          -0.97781,
          0.122841,
          -0.169701,
          4.434311
        ],
        [
          -0.020361,
          -0.861935,
          -0.50661,
          1.27926
        ],
        [
          0.0,
          0.0,
          0.0,
          1.0
        ]
      ]
    },
    {
      "file_path": "/media/NFS/ttao/scannet/posed_images/scene0268_02/00198.jpg",
      "transform_matrix": [
        [
          -0.231121,
          -0.506775,
          0.830519,
          1.490437
        ],
        [
          -0.972415,
          0.147963,
          -0.180322,
          4.443659
        ],
        [
          -0.031504,
          -0.849285,
          -0.526993,
          1.309055
        ],
        [
          0.0,
          0.0,
          0.0,
          1.0
        ]
      ]
    },
    {
      "file_path": "/media/NFS/ttao/scannet/posed_images/scene0268_02/00203.jpg",
      "transform_matrix": [
        [
          -0.278006,
          -0.492636,
          0.824634,
          1.507543
        ],
        [
          -0.959683,
          0.179525,
          -0.216286,
          4.458296
        ],
        [
          -0.041492,
          -0.851516,
          -0.522684,
          1.359483
        ],
        [
          0.0,
          0.0,
          0.0,
          1.0
        ]
      ]
    },
    {
      "file_path": "/media/NFS/ttao/scannet/posed_images/scene0268_02/00206.jpg",
      "transform_matrix": [
        [
          -0.304891,
          -0.445211,
          0.841919,
          1.508557
        ],
        [
          -0.951649,
          0.177214,
          -0.250917,
          4.46586
        ],
        [
          -0.037489,
          -0.877714,
          -0.477716,
          1.383877
        ],
        [
          0.0,
          0.0,
          0.0,
          1.0
        ]
      ]
    },
    {
      "file_path": "/media/NFS/ttao/scannet/posed_images/scene0268_02/00208.jpg",
      "transform_matrix": [
        [
          -0.32416,
          -0.396641,
          0.858834,
          1.508353
        ],
        [
          -0.94495,
          0.178578,
          -0.274189,
          4.46753
        ],
        [
          -0.044614,
          -0.900436,
          -0.432694,
          1.406341
        ],
        [
          0.0,
          0.0,
          0.0,
          1.0
        ]
      ]
    },
    {
      "file_path": "/media/NFS/ttao/scannet/posed_images/scene0268_02/00214.jpg",
      "transform_matrix": [
        [
          -0.332458,
          -0.309097,
          0.891028,
          1.504967
        ],
        [
          -0.941989,
          0.15505,
          -0.297686,
          4.479375
        ],
        [
          -0.04614,
          -0.938306,
          -0.342713,
          1.445298
        ],
        [
          0.0,
          0.0,
          0.0,
          1.0
        ]
      ]
    },
    {
      "file_path": "/media/NFS/ttao/scannet/posed_images/scene0268_02/00217.jpg",
      "transform_matrix": [
        [
          -0.33613,
          -0.296508,
          0.893924,
          1.507627
        ],
        [
          -0.94111,
          0.142463,
          -0.306619,
          4.480074
        ],
        [
          -0.036436,
          -0.944345,
          -0.326933,
          1.455439
        ],
        [
          0.0,
          0.0,
          0.0,
          1.0
        ]
      ]
    },
    {
      "file_path": "/media/NFS/ttao/scannet/posed_images/scene0268_02/00218.jpg",
      "transform_matrix": [
        [
          -0.338075,
          -0.296951,
          0.893043,
          1.509517
        ],
        [
          -0.940485,
          0.141425,
          -0.309009,
          4.479573
        ],
        [
          -0.034538,
          -0.944362,
          -0.32709,
          1.458628
        ],
        [
          0.0,
          0.0,
          0.0,
          1.0
        ]
      ]
    },
    {
      "file_path": "/media/NFS/ttao/scannet/posed_images/scene0268_02/00223.jpg",
      "transform_matrix": [
        [
          -0.338872,
          -0.273389,
          0.900236,
          1.521015
        ],
        [
          -0.940274,
          0.13137,
          -0.314048,
          4.47293
        ],
        [
          -0.032407,
          -0.952891,
          -0.301578,
          1.471509
        ],
        [
          0.0,
          0.0,
          0.0,
          1.0
        ]
      ]
    },
    {
      "file_path": "/media/NFS/ttao/scannet/posed_images/scene0268_02/00226.jpg",
      "transform_matrix": [
        [
          -0.332075,
          -0.23766,
          0.912822,
          1.535046
        ],
        [
          -0.942323,
          0.12654,
          -0.309862,
          4.465285
        ],
        [
          -0.041866,
          -0.963071,
          -0.265974,
          1.483393
        ],
        [
          0.0,
          0.0,
          0.0,
          1.0
        ]
      ]
    },
    {
      "file_path": "/media/NFS/ttao/scannet/posed_images/scene0268_02/00232.jpg",
      "transform_matrix": [
        [
          -0.307247,
          -0.166413,
          0.936966,
          1.571448
        ],
        [
          -0.950597,
          0.099528,
          -0.294039,
          4.449543
        ],
        [
          -0.044322,
          -0.98102,
          -0.188772,
          1.509967
        ],
        [
          0.0,
          0.0,
          0.0,
          1.0
        ]
      ]
    },
    {
      "file_path": "/media/NFS/ttao/scannet/posed_images/scene0268_02/00233.jpg",
      "transform_matrix": [
        [
          -0.304375,
          -0.149914,
          0.940682,
          1.577622
        ],
        [
          -0.951645,
          0.09096,
          -0.293426,
          4.447335
        ],
        [
          -0.041575,
          -0.984506,
          -0.17035,
          1.512284
        ],
        [
          0.0,
          0.0,
          0.0,
          1.0
        ]
      ]
    },
    {
      "file_path": "/media/NFS/ttao/scannet/posed_images/scene0268_02/00238.jpg",
      "transform_matrix": [
        [
          -0.282793,
          -0.061337,
          0.957217,
          1.602538
        ],
        [
          -0.957873,
          0.070167,
          -0.278491,
          4.429458
        ],
        [
          -0.050083,
          -0.995648,
          -0.078596,
          1.540532
        ],
        [
          0.0,
          0.0,
          0.0,
          1.0
        ]
      ]
    },
    {
      "file_path": "/media/NFS/ttao/scannet/posed_images/scene0268_02/00240.jpg",
      "transform_matrix": [
        [
          -0.272259,
          -0.052565,
          0.960787,
          1.613257
        ],
        [
          -0.961242,
          0.059962,
          -0.269107,
          4.423501
        ],
        [
          -0.043465,
          -0.996816,
          -0.066853,
          1.554824
        ],
        [
          0.0,
          0.0,
          0.0,
          1.0
        ]
      ]
    },
    {
      "file_path": "/media/NFS/ttao/scannet/posed_images/scene0268_02/00243.jpg",
      "transform_matrix": [
        [
          -0.256321,
          -0.01855,
          0.966414,
          1.625454
        ],
        [
          -0.965803,
          0.045286,
          -0.25529,
          4.417099
        ],
        [
          -0.03903,
          -0.998802,
          -0.029523,
          1.567567
        ],
        [
          0.0,
          0.0,
          0.0,
          1.0
        ]
      ]
    },
    {
      "file_path": "/media/NFS/ttao/scannet/posed_images/scene0268_02/00249.jpg",
      "transform_matrix": [
        [
          -0.229557,
          0.047066,
          0.972157,
          1.641489
        ],
        [
          -0.972314,
          0.033751,
          -0.231228,
          4.401796
        ],
        [
          -0.043694,
          -0.998322,
          0.038015,
          1.595033
        ],
        [
          0.0,
          0.0,
          0.0,
          1.0
        ]
      ]
    },
    {
      "file_path": "/media/NFS/ttao/scannet/posed_images/scene0268_02/00250.jpg",
      "transform_matrix": [
        [
          -0.227854,
          0.037448,
          0.972975,
          1.644864
        ],
        [
          -0.973065,
          0.027199,
          -0.228921,
          4.399262
        ],
        [
          -0.035037,
          -0.998928,
          0.030242,
          1.604769
        ],
        [
          0.0,
          0.0,
          0.0,
          1.0
        ]
      ]
    },
    {
      "file_path": "/media/NFS/ttao/scannet/posed_images/scene0268_02/00254.jpg",
      "transform_matrix": [
        [
          -0.221765,
          0.016073,
          0.974968,
          1.659866
        ],
        [
          -0.974643,
          0.026956,
          -0.222136,
          4.394672
        ],
        [
          -0.029851,
          -0.999508,
          0.009687,
          1.603723
        ],
        [
          0.0,
          0.0,
          0.0,
          1.0
        ]
      ]
    },
    {
      "file_path": "/media/NFS/ttao/scannet/posed_images/scene0268_02/00258.jpg",
      "transform_matrix": [
        [
          -0.183539,
          -0.036453,
          0.982336,
          1.674858
        ],
        [
          -0.982641,
          0.034271,
          -0.182325,
          4.396076
        ],
        [
          -0.02702,
          -0.998748,
          -0.04211,
          1.594471
        ],
        [
          0.0,
          0.0,
          0.0,
          1.0
        ]
      ]
    },
    {
      "file_path": "/media/NFS/ttao/scannet/posed_images/scene0268_02/00263.jpg",
      "transform_matrix": [
        [
          -0.123335,
          -0.161921,
          0.979066,
          1.695404
        ],
        [
          -0.99232,
          0.029559,
          -0.120116,
          4.407363
        ],
        [
          -0.009491,
          -0.986361,
          -0.164323,
          1.566773
        ],
        [
          0.0,
          0.0,
          0.0,
          1.0
        ]
      ]
    },
    {
      "file_path": "/media/NFS/ttao/scannet/posed_images/scene0268_02/00264.jpg",
      "transform_matrix": [
        [
          -0.114198,
          -0.188641,
          0.975384,
          1.69979
        ],
        [
          -0.993431,
          0.029007,
          -0.1107,
          4.410432
        ],
        [
          -0.00741,
          -0.981618,
          -0.190714,
          1.557907
        ],
        [
          0.0,
          0.0,
          0.0,
          1.0
        ]
      ]
    },
    {
      "file_path": "/media/NFS/ttao/scannet/posed_images/scene0268_02/00270.jpg",
      "transform_matrix": [
        [
          -0.075046,
          -0.325111,
          0.942693,
          1.734572
        ],
        [
          -0.997134,
          0.01533,
          -0.074093,
          4.423159
        ],
