{
  "frames": [
    {
      "file_path": "/media/NFS/ttao/scannet/posed_images/scene0362_02/00000.jpg",
      "transform_matrix": [
        [
          -0.912279,
          -0.102153,
          0.396626,
          4.113156
        ],
        [
          -0.409508,
          0.210725,
          -0.887636,
          3.540174
        ],
        [
          0.007096,
          -0.972193,
          -0.234073,
          1.398869
        ],
        [
          0.0,
          0.0,
          0.0,
          1.0
        ]
      ]
    },
    {
      "file_path": "/media/NFS/ttao/scannet/posed_images/scene0362_02/00006.jpg",
      "transform_matrix": [
        [
          -0.918863,
          -0.11398,
          0.377757,
          4.070341
        ],
        [
          -0.394521,
          0.249087,
          -0.884483,
          3.538043
        ],
        [
          0.006719,
          -0.961751,
          -0.273844,
          1.381342
        ],
        [
          0.0,
          0.0,
          0.0,
          1.0
        ]
      ]
    },
    {
      "file_path": "/media/NFS/ttao/scannet/posed_images/scene0362_02/00016.jpg",
      "transform_matrix": [
        [
          -0.930669,
          -0.133813,
          0.340515,
          4.019083
        ],
        [
          -0.365845,
          0.331067,
          -0.8698,
          3.530635
        ],
        [
          0.003657,
          -0.934071,
          -0.357068,
          1.351694
        ],
        [
          0.0,
          0.0,
          0.0,
          1.0
        ]
      ]
    },
    {
      "file_path": "/media/NFS/ttao/scannet/posed_images/scene0362_02/00018.jpg",
      "transform_matrix": [
        [
          -0.931362,
          -0.135638,
          0.337885,
          4.009808
        ],
        [
          -0.364093,
          0.345014,
          -0.865102,
          3.527885
        ],
        [
          0.000766,
          -0.928745,
          -0.370717,
          1.343618
        ],
        [
          0.0,
          0.0,
          0.0,
          1.0
        ]
      ]
    },
    {
      "file_path": "/media/NFS/ttao/scannet/posed_images/scene0362_02/00030.jpg",
      "transform_matrix": [
        [
          -0.919012,
          -0.182362,
          0.349515,
          3.96172
        ],
        [
          -0.394227,
          0.427787,
          -0.813378,
          3.506086
        ],
        [
          -0.001189,
          -0.885292,
          -0.465034,
          1.303425
        ],
        [
          0.0,
          0.0,
          0.0,
          1.0
        ]
      ]
    },
    {
      "file_path": "/media/NFS/ttao/scannet/posed_images/scene0362_02/00035.jpg",
      "transform_matrix": [
        [
          -0.909139,
          -0.189735,
          0.370764,
          3.955751
        ],
        [
          -0.416375,
          0.435169,
          -0.798285,
          3.509401
        ],
        [
          -0.009883,
          -0.88013,
          -0.47463,
          1.299921
        ],
        [
          0.0,
          0.0,
          0.0,
          1.0
        ]
      ]
    },
    {
      "file_path": "/media/NFS/ttao/scannet/posed_images/scene0362_02/00043.jpg",
      "transform_matrix": [
        [
          -0.890339,
          -0.21076,
          0.40358,
          3.962782
        ],
        [
          -0.455046,
          0.441423,
          -0.773356,
          3.532041
        ],
        [
          -0.015157,
          -0.872196,
          -0.488921,
          1.287814
        ],
        [
          0.0,
          0.0,
          0.0,
          1.0
        ]
      ]
    },
    {
      "file_path": "/media/NFS/ttao/scannet/posed_images/scene0362_02/00051.jpg",
      "transform_matrix": [
        [
          -0.878447,
          -0.244484,
          0.410559,
          4.015751
        ],
        [
          -0.477832,
          0.44451,
          -0.757685,
          3.572145
        ],
        [
          0.002744,
          -0.861764,
          -0.507301,
          1.275657
        ],
        [
          0.0,
          0.0,
          0.0,
          1.0
        ]
      ]
    },
    {
      "file_path": "/media/NFS/ttao/scannet/posed_images/scene0362_02/00057.jpg",
      "transform_matrix": [
        [
          -0.873246,
          -0.258093,
          0.413315,
          4.048977
        ],
        [
          -0.486582,
          0.416473,
          -0.767977,
          3.597165
        ],
        [
          0.026075,
          -0.871745,
          -0.489266,
          1.269278
        ],
        [
          0.0,
          0.0,
          0.0,
          1.0
        ]
      ]
    },
    {
      "file_path": "/media/NFS/ttao/scannet/posed_images/scene0362_02/00061.jpg",
      "transform_matrix": [
        [
          -0.867871,
          -0.283915,
          0.407667,
          4.068904
        ],
        [
          -0.494091,
          0.407867,
          -0.767801,
          3.612518
        ],
        [
          0.051716,
          -0.867777,
          -0.494256,
          1.262227
        ],
        [
          0.0,
          0.0,
          0.0,
          1.0
        ]
      ]
    },
    {
      "file_path": "/media/NFS/ttao/scannet/posed_images/scene0362_02/00067.jpg",
      "transform_matrix": [
        [
          -0.843009,
          -0.315391,
          0.435734,
          4.086559
        ],
        [
          -0.53398,
          0.393079,
          -0.748568,
          3.631248
        ],
        [
          0.064813,
          -0.863723,
          -0.499781,
          1.259693
        ],
        [
          0.0,
          0.0,
          0.0,
          1.0
        ]
      ]
    },
    {
      "file_path": "/media/NFS/ttao/scannet/posed_images/scene0362_02/00073.jpg",
      "transform_matrix": [
        [
          -0.803858,
          -0.33345,
          0.492568,
          4.070457
        ],
        [
          -0.593067,
          0.385758,
          -0.706726,
          3.625625
        ],
        [
          0.045646,
          -0.860233,
          -0.507853,
          1.266667
        ],
        [
          0.0,
          0.0,
          0.0,
          1.0
        ]
      ]
    },
    {
      "file_path": "/media/NFS/ttao/scannet/posed_images/scene0362_02/00079.jpg",
      "transform_matrix": [
        [
          -0.748181,
          -0.333724,
          0.573457,
          4.010852
        ],
        [
          -0.663384,
          0.360513,
          -0.655707,
          3.601768
        ],
        [
          0.012086,
          -0.87101,
          -0.491116,
          1.272819
        ],
        [
          0.0,
          0.0,
          0.0,
          1.0
        ]
      ]
    },
    {
      "file_path": "/media/NFS/ttao/scannet/posed_images/scene0362_02/00091.jpg",
      "transform_matrix": [
        [
          -0.652936,
          -0.344882,
          0.674338,
          3.843544
        ],
        [
          -0.75741,
          0.294462,
          -0.582772,
          3.518375
        ],
        [
          0.00242,
          -0.891263,
          -0.453481,
          1.279863
        ],
        [
          0.0,
          0.0,
          0.0,
          1.0
        ]
      ]
    },
    {
      "file_path": "/media/NFS/ttao/scannet/posed_images/scene0362_02/00094.jpg",
      "transform_matrix": [
        [
          -0.636618,
          -0.342734,
          0.690833,
          3.821593
        ],
        [
          -0.771136,
          0.292439,
          -0.565535,
          3.500592
        ],
        [
          -0.008198,
          -0.892756,
          -0.450466,
          1.294983
        ],
        [
          0.0,
          0.0,
          0.0,
          1.0
        ]
      ]
    },
    {
      "file_path": "/media/NFS/ttao/scannet/posed_images/scene0362_02/00100.jpg",
      "transform_matrix": [
        [
          -0.604372,
          -0.304532,
          0.736203,
          3.78549
        ],
        [
          -0.795482,
          0.281787,
          -0.536474,
          3.467746
        ],
        [
          -0.04408,
          -0.909866,
          -0.412554,
          1.319032
        ],
        [
          0.0,
          0.0,
          0.0,
          1.0
        ]
      ]
    },
    {
      "file_path": "/media/NFS/ttao/scannet/posed_images/scene0362_02/00110.jpg",
      "transform_matrix": [
        [
          -0.567461,
          -0.274111,
          0.776435,
          3.806103
        ],
        [
          -0.822459,
          0.233776,
          -0.518566,
          3.426499
        ],
        [
          -0.039368,
          -0.932852,
          -0.358104,
          1.33005
        ],
        [
          0.0,
          0.0,
          0.0,
          1.0
        ]
      ]
    },
    {
      "file_path": "/media/NFS/ttao/scannet/posed_images/scene0362_02/00116.jpg",
      "transform_matrix": [
        [
          -0.556968,
          -0.278056,
          0.782606,
          3.847085
        ],
        [
          -0.830497,
          0.195353,
          -0.521643,
          3.40121
        ],
        [
          -0.007839,
          -0.940491,
          -0.33973,
          1.332815
        ],
        [
          0.0,
          0.0,
          0.0,
          1.0
        ]
      ]
    },
    {
      "file_path": "/media/NFS/ttao/scannet/posed_images/scene0362_02/00120.jpg",
      "transform_matrix": [
        [
          -0.54276,
          -0.29569,
          0.786116,
          3.87403
        ],
        [
          -0.839888,
          0.190881,
          -0.508087,
          3.384869
        ],
        [
          0.000182,
          -0.936019,
          -0.351949,
          1.32971
        ],
        [
          0.0,
          0.0,
          0.0,
          1.0
        ]
      ]
    },
    {
      "file_path": "/media/NFS/ttao/scannet/posed_images/scene0362_02/00132.jpg",
      "transform_matrix": [
        [
          -0.521595,
          -0.351424,
          0.777457,
          3.892375
        ],
        [
          -0.85315,
          0.205704,
          -0.479396,
          3.298114
        ],
        [
          0.008545,
          -0.913338,
          -0.407112,
          1.311823
        ],
        [
          0.0,
          0.0,
          0.0,
          1.0
        ]
      ]
    },
    {
      "file_path": "/media/NFS/ttao/scannet/posed_images/scene0362_02/00136.jpg",
      "transform_matrix": [
        [
          -0.521389,
          -0.334328,
          0.785098,
          3.867727
        ],
        [
          -0.853186,
          0.220501,
          -0.472708,
          3.244156
        ],
        [
          -0.015076,
          -0.916299,
          -0.400211,
          1.311623
        ],
        [
          0.0,
          0.0,
          0.0,
          1.0
        ]
      ]
    },
    {
      "file_path": "/media/NFS/ttao/scannet/posed_images/scene0362_02/00142.jpg",
      "transform_matrix": [
        [
          -0.527755,
          -0.337755,
          0.779356,
          3.801973
        ],
        [
          -0.848936,
          0.239969,
          -0.470875,
          3.149952
        ],
        [
          -0.027981,
          -0.91013,
          -0.413377,
          1.300599
        ],
        [
          0.0,
          0.0,
          0.0,
          1.0
        ]
      ]
    },
    {
      "file_path": "/media/NFS/ttao/scannet/posed_images/scene0362_02/00152.jpg",
      "transform_matrix": [
        [
          -0.575019,
          -0.320274,
          0.752846,
          3.736771
        ],
        [
          -0.817006,
          0.273236,
          -0.507784,
          3.024631
        ],
        [
          -0.043075,
          -0.907065,
          -0.418781,
          1.317768
        ],
        [
          0.0,
          0.0,
          0.0,
          1.0
        ]
      ]
    },
    {
      "file_path": "/media/NFS/ttao/scannet/posed_images/scene0362_02/00159.jpg",
      "transform_matrix": [
        [
          -0.639009,
          -0.278489,
          0.717015,
          3.749491
        ],
        [
          -0.765297,
          0.32396,
          -0.556211,
          2.973826
        ],
        [
          -0.077386,
          -0.904154,
          -0.42014,
          1.313552
        ],
        [
          0.0,
          0.0,
          0.0,
          1.0
        ]
      ]
    },
    {
      "file_path": "/media/NFS/ttao/scannet/posed_images/scene0362_02/00167.jpg",
      "transform_matrix": [
        [
          -0.68028,
          -0.288668,
          0.673713,
          3.809008
        ],
        [
          -0.730541,
          0.341543,
          -0.591319,
          2.927336
        ],
        [
          -0.059407,
          -0.894438,
          -0.443229,
          1.304944
        ],
        [
          0.0,
          0.0,
          0.0,
          1.0
        ]
      ]
    },
    {
      "file_path": "/media/NFS/ttao/scannet/posed_images/scene0362_02/00169.jpg",
      "transform_matrix": [
        [
          -0.679516,
          -0.295301,
          0.671607,
          3.826889
        ],
        [
          -0.7317,
          0.339662,
          -0.590969,
          2.912057
        ],
        [
          -0.053606,
          -0.892988,
          -0.446877,
          1.302362
        ],
        [
          0.0,
          0.0,
          0.0,
          1.0
        ]
      ]
    },
    {
      "file_path": "/media/NFS/ttao/scannet/posed_images/scene0362_02/00177.jpg",
      "transform_matrix": [
        [
          -0.641521,
          -0.324907,
          0.6949,
          3.907395
        ],
        [
          -0.766449,
          0.308935,
          -0.563129,
          2.860612
        ],
        [
          -0.031715,
          -0.893865,
          -0.447213,
          1.297609
        ],
        [
          0.0,
          0.0,
          0.0,
          1.0
        ]
      ]
    },
    {
      "file_path": "/media/NFS/ttao/scannet/posed_images/scene0362_02/00185.jpg",
      "transform_matrix": [
        [
          -0.611747,
          -0.335295,
          0.71648,
          3.949061
        ],
        [
          -0.790438,
          0.294825,
          -0.536923,
          2.818047
        ],
        [
          -0.031209,
          -0.894794,
          -0.445388,
          1.306494
        ],
        [
          0.0,
          0.0,
          0.0,
          1.0
        ]
      ]
    },
    {
      "file_path": "/media/NFS/ttao/scannet/posed_images/scene0362_02/00189.jpg",
      "transform_matrix": [
        [
          -0.592937,
          -0.350345,
          0.725041,
          3.957963
        ],
        [
          -0.804697,
          0.291144,
          -0.517396,
          2.797998
        ],
        [
          -0.029824,
          -0.890221,
          -0.454551,
          1.310583
        ],
        [
          0.0,
          0.0,
          0.0,
          1.0
        ]
      ]
    },
    {
      "file_path": "/media/NFS/ttao/scannet/posed_images/scene0362_02/00197.jpg",
      "transform_matrix": [
        [
          -0.50951,
          -0.358254,
          0.782339,
          3.942517
        ],
        [
          -0.859229,
          0.260547,
          -0.440274,
          2.770842
        ],
        [
          -0.046106,
          -0.896532,
          -0.440574,
          1.312193
        ],
        [
          0.0,
          0.0,
          0.0,
          1.0
        ]
      ]
    },
    {
      "file_path": "/media/NFS/ttao/scannet/posed_images/scene0362_02/00205.jpg",
      "transform_matrix": [
        [
          -0.443214,
          -0.403787,
          0.800323,
          3.90981
        ],
        [
          -0.896236,
          0.21747,
          -0.38661,
          2.77755
        ],
        [
          -0.017938,
          -0.88863,
          -0.458274,
          1.301631
        ],
        [
          0.0,
          0.0,
          0.0,
          1.0
        ]
      ]
    },
    {
      "file_path": "/media/NFS/ttao/scannet/posed_images/scene0362_02/00211.jpg",
      "transform_matrix": [
        [
          -0.461535,
          -0.417927,
          0.782511,
          3.887224
        ],
        [
          -0.886996,
          0.202481,
          -0.415018,
          2.834585
        ],
        [
          0.015003,
          -0.885629,
          -0.464151,
          1.290147
        ],
        [
          0.0,
          0.0,
          0.0,
          1.0
        ]
      ]
    },
    {
      "file_path": "/media/NFS/ttao/scannet/posed_images/scene0362_02/00220.jpg",
      "transform_matrix": [
        [
          -0.510649,
          -0.425465,
          0.747139,
          3.839814
        ],
        [
          -0.859711,
          0.240898,
          -0.450406,
          2.967831
        ],
        [
          0.011647,
          -0.872323,
          -0.488791,
          1.270645
        ],
        [
          0.0,
          0.0,
          0.0,
          1.0
        ]
      ]
    },
    {
      "file_path": "/media/NFS/ttao/scannet/posed_images/scene0362_02/00226.jpg",
      "transform_matrix": [
        [
          -0.511271,
          -0.444457,
          0.735568,
          3.814085
        ],
        [
          -0.859417,
          0.262346,
          -0.438836,
          3.023031
        ],
        [
          0.00207,
          -0.856524,
          -0.516104,
          1.274437
        ],
        [
          0.0,
          0.0,
          0.0,
          1.0
        ]
      ]
    },
    {
      "file_path": "/media/NFS/ttao/scannet/posed_images/scene0362_02/00234.jpg",
      "transform_matrix": [
        [
          -0.473027,
          -0.4887,
          0.733087,
          3.784383
        ],
        [
          -0.880915,
          0.247889,
          -0.403162,
          3.041406
        ],
        [
          0.015301,
          -0.836495,
          -0.547761,
          1.264425
        ],
        [
          0.0,
          0.0,
          0.0,
          1.0
        ]
      ]
    },
    {
      "file_path": "/media/NFS/ttao/scannet/posed_images/scene0362_02/00240.jpg",
      "transform_matrix": [
        [
          -0.45301,
          -0.501742,
          0.73691,
          3.770072
        ],
        [
          -0.891327,
          0.238343,
          -0.385654,
          3.011364
        ],
        [
          0.017861,
          -0.831533,
          -0.555188,
          1.264158
        ],
        [
          0.0,
          0.0,
          0.0,
          1.0
        ]
      ]
    },
    {
      "file_path": "/media/NFS/ttao/scannet/posed_images/scene0362_02/00248.jpg",
      "transform_matrix": [
        [
          -0.435264,
          -0.482786,
          0.75991,
          3.750471
        ],
        [
          -0.90024,
          0.243371,
          -0.361025,
          2.90609
        ],
        [
          -0.010642,
          -0.841242,
          -0.540554,
          1.267472
        ],
        [
          0.0,
          0.0,
          0.0,
          1.0
        ]
      ]
    },
    {
      "file_path": "/media/NFS/ttao/scannet/posed_images/scene0362_02/00254.jpg",
      "transform_matrix": [
        [
          -0.375042,
          -0.489567,
          0.787189,
          3.729106
        ],
        [
          -0.927006,
          0.199764,
          -0.317418,
          2.803854
        ],
        [
          -0.001855,
          -0.848775,
          -0.528752,
          1.265795
        ],
        [
          0.0,
          0.0,
          0.0,
          1.0
        ]
      ]
    },
    {
      "file_path": "/media/NFS/ttao/scannet/posed_images/scene0362_02/00258.jpg",
      "transform_matrix": [
        [
          -0.335246,
          -0.502034,
          0.797228,
          3.715133
        ],
        [
          -0.942111,
          0.184138,
          -0.280215,
          2.747544
        ],
        [
          -0.006123,
          -0.845018,
          -0.534703,
          1.26436
        ],
        [
          0.0,
          0.0,
          0.0,
          1.0
        ]
      ]
    },
    {
      "file_path": "/media/NFS/ttao/scannet/posed_images/scene0362_02/00262.jpg",
      "transform_matrix": [
        [
          -0.329534,
          -0.517535,
          0.789661,
          3.718891
        ],
        [
          -0.944126,
          0.18576,
          -0.272249,
          2.716053
        ],
        [
          -0.005789,
          -0.835255,
          -0.549832,
          1.268968
        ],
        [
          0.0,
          0.0,
          0.0,
          1.0
        ]
      ]
    },
    {
      "file_path": "/media/NFS/ttao/scannet/posed_images/scene0362_02/00272.jpg",
      "transform_matrix": [
        [
          -0.345576,
          -0.486641,
          0.802345,
          3.721402
        ],
        [
          -0.938331,
          0.169582,
          -0.301291,
          2.685756
        ],
        [
          0.010557,
          -0.856985,
          -0.515234,
          1.28942
        ],
        [
          0.0,
          0.0,
          0.0,
          1.0
        ]
      ]
    },
    {
      "file_path": "/media/NFS/ttao/scannet/posed_images/scene0362_02/00276.jpg",
      "transform_matrix": [
        [
          -0.366274,
          -0.469311,
          0.803487,
          3.732716
        ],
        [
          -0.929983,
          0.155653,
          -0.333022,
          2.695738
        ],
        [
          0.031226,
          -0.869206,
          -0.493462,
          1.308133
        ],
        [
          0.0,
          0.0,
          0.0,
          1.0
        ]
      ]
    },
    {
      "file_path": "/media/NFS/ttao/scannet/posed_images/scene0362_02/00289.jpg",
      "transform_matrix": [
        [
          -0.46751,
          -0.33668,
          0.817362,
          3.763361
        ],
        [
          -0.88332,
          0.141985,
          -0.446751,
          2.835078
        ],
        [
          0.034359,
          -0.930853,
          -0.363776,
          1.354305
        ],
        [
          0.0,
          0.0,
          0.0,
          1.0
        ]
      ]
    },
    {
      "file_path": "/media/NFS/ttao/scannet/posed_images/scene0362_02/00295.jpg",
      "transform_matrix": [
        [
          -0.514098,
          -0.30747,
          0.800728,
          3.787381
        ],
        [
          -0.85748,
          0.161625,
          -0.488473,
          2.945472
        ],
        [
          0.020773,
          -0.937731,
          -0.346741,
          1.362817
        ],
        [
          0.0,
          0.0,
          0.0,
          1.0
        ]
      ]
    },
    {
      "file_path": "/media/NFS/ttao/scannet/posed_images/scene0362_02/00299.jpg",
      "transform_matrix": [
        [
          -0.513738,
          -0.286373,
          0.808742,
          3.795119
        ],
        [
          -0.857885,
          0.160131,
          -0.488253,
          3.004071
        ],
        [
          0.010318,
          -0.944642,
          -0.327941,
          1.367293
        ],
        [
          0.0,
          0.0,
          0.0,
          1.0
        ]
      ]
    },
    {
      "file_path": "/media/NFS/ttao/scannet/posed_images/scene0362_02/00305.jpg",
      "transform_matrix": [
        [
          -0.518254,
          -0.2879,
          0.805311,
          3.812394
        ],
        [
          -0.854468,
          0.134659,
          -0.501748,
          3.077679
        ],
        [
          0.036011,
          -0.948146,
          -0.315789,
          1.374109
        ],
        [
          0.0,
          0.0,
          0.0,
          1.0
        ]
      ]
    },
    {
      "file_path": "/media/NFS/ttao/scannet/posed_images/scene0362_02/00315.jpg",
      "transform_matrix": [
        [
          -0.591968,
          -0.221918,
          0.774808,
          3.895048
        ],
        [
          -0.805037,
          0.116768,
          -0.581619,
          3.148669
        ],
        [
          0.038599,
          -0.968049,
          -0.247775,
          1.396967
        ],
        [
          0.0,
          0.0,
          0.0,
          1.0
        ]
      ]
    },
    {
      "file_path": "/media/NFS/ttao/scannet/posed_images/scene0362_02/00319.jpg",
      "transform_matrix": [
        [
          -0.619932,
          -0.189293,
          0.76148,
          3.943029
        ],
        [
          -0.784544,
          0.133187,
          -0.6056,
          3.175416
        ],
        [
          0.013217,
          -0.972846,
          -0.231076,
          1.41161
        ],
        [
          0.0,
          0.0,
          0.0,
          1.0
        ]
      ]
    },
    {
      "file_path": "/media/NFS/ttao/scannet/posed_images/scene0362_02/00325.jpg",
      "transform_matrix": [
        [
          -0.647066,
          -0.141849,
          0.749123,
          4.000041
        ],
        [
          -0.762202,
          0.144599,
          -0.630983,
          3.208691
        ],
        [
          -0.018818,
          -0.97927,
          -0.201683,
          1.470129
        ],
        [
          0.0,
          0.0,
          0.0,
          1.0
        ]
      ]
    },
    {
      "file_path": "/media/NFS/ttao/scannet/posed_images/scene0362_02/00333.jpg",
      "transform_matrix": [
        [
          -0.720292,
          -0.083021,
          0.688685,
          4.039067
        ],
        [
          -0.693615,
          0.07363,
          -0.716573,
          3.31069
        ],
        [
          0.008783,
          -0.993824,
          -0.11062,
          1.479405
        ],
        [
          0.0,
          0.0,
          0.0,
          1.0
        ]
      ]
    },
    {
      "file_path": "/media/NFS/ttao/scannet/posed_images/scene0362_02/00337.jpg",
      "transform_matrix": [
        [
          -0.766215,
          -0.083368,
          0.637153,
          4.066776
        ],
        [
          -0.642476,
          0.081169,
          -0.761995,
          3.372557
        ],
        [
          0.011809,
          -0.993208,
          -0.115755,
          1.453355
        ],
        [
          0.0,
          0.0,
          0.0,
          1.0
        ]
      ]
    },
    {
      "file_path": "/media/NFS/ttao/scannet/posed_images/scene0362_02/00350.jpg",
      "transform_matrix": [
        [
          -0.873978,
          -0.148896,
          0.462594,
          4.12948
        ],
        [
          -0.484501,
          0.193097,
          -0.853213,
          3.495831
        ],
        [
          0.037715,
          -0.969816,
          -0.240902,
          1.430417
        ],
        [
          0.0,
          0.0,
          0.0,
          1.0
        ]
      ]
    },
    {
      "file_path": "/media/NFS/ttao/scannet/posed_images/scene0362_02/00352.jpg",
      "transform_matrix": [
        [
          -0.880374,
          -0.151188,
          0.449538,
          4.131842
        ],
        [
          -0.472578,
          0.199397,
          -0.858435,
          3.503976
        ],
        [
          0.040149,
          -0.968186,
          -0.246992,
          1.424931
        ],
        [
          0.0,
          0.0,
          0.0,
          1.0
        ]
      ]
    },
    {
      "file_path": "/media/NFS/ttao/scannet/posed_images/scene0362_02/00362.jpg",
      "transform_matrix": [
        [
          -0.907658,
          -0.13532,
          0.397299,
          4.118342
        ],
        [
          -0.419154,
          0.243443,
          -0.874669,
          3.494353
        ],
        [
          0.021641,
          -0.960429,
          -0.277683,
          1.417727
        ],
        [
          0.0,
          0.0,
          0.0,
          1.0
        ]
      ]
    },
    {
      "file_path": "/media/NFS/ttao/scannet/posed_images/scene0362_02/00364.jpg",
      "transform_matrix": [
        [
          -0.907945,
          -0.128879,
          0.398781,
          4.11177
        ],
        [
          -0.418837,
          0.245991,
          -0.874108,
          3.488588
        ],
        [
          0.014558,
          -0.960666,
          -0.277325,
          1.414403
        ],
        [
          0.0,
          0.0,
          0.0,
          1.0
        ]
      ]
    },
    {
      "file_path": "/media/NFS/ttao/scannet/posed_images/scene0362_02/00376.jpg",
      "transform_matrix": [
        [
          -0.763748,
          -0.215159,
          0.608601,
          3.95036
        ],
        [
          -0.645196,
          0.22486,
          -0.730178,
          3.381142
        ],
        [
          0.020254,
          -0.950339,
          -0.310556,
          1.366584
        ],
        [
          0.0,
          0.0,
          0.0,
          1.0
        ]
      ]
    },
    {
      "file_path": "/media/NFS/ttao/scannet/posed_images/scene0362_02/00378.jpg",
      "transform_matrix": [
        [
          -0.748086,
          -0.220474,
          0.625906,
          3.929436
        ],
        [
          -0.663303,
          0.220158,
          -0.715234,
          3.36715
        ],
        [
          0.019892,
          -0.950222,
          -0.310938,
          1.356704
        ],
        [
          0.0,
          0.0,
          0.0,
          1.0
        ]
      ]
    },
    {
      "file_path": "/media/NFS/ttao/scannet/posed_images/scene0362_02/00388.jpg",
      "transform_matrix": [
        [
          -0.66505,
          -0.262681,
          0.699076,
          3.86858
        ],
        [
          -0.746709,
          0.248415,
          -0.617021,
          3.305647
        ],
        [
          -0.011582,
          -0.932357,
          -0.361355,
          1.357714
        ],
        [
          0.0,
          0.0,
          0.0,
          1.0
        ]
      ]
    },
    {
      "file_path": "/media/NFS/ttao/scannet/posed_images/scene0362_02/00396.jpg",
      "transform_matrix": [
        [
          -0.561486,
          -0.292796,
          0.773954,
          3.792555
        ],
        [
          -0.827356,
          0.215241,
          -0.518799,
          3.302474
        ],
        [
          -0.014684,
          -0.931634,
          -0.363101,
          1.344932
        ],
        [
          0.0,
          0.0,
          0.0,
          1.0
        ]
      ]
    },
    {
      "file_path": "/media/NFS/ttao/scannet/posed_images/scene0362_02/00403.jpg",
      "transform_matrix": [
        [
          -0.452699,
          -0.337028,
          0.825515,
          3.703277
        ],
        [
          -0.891627,
          0.162778,
          -0.422497,
          3.299213
        ],
        [
          0.008018,
          -0.927316,
          -0.374193,
          1.335592
        ],
        [
          0.0,
          0.0,
          0.0,
          1.0
        ]
      ]
    },
    {
      "file_path": "/media/NFS/ttao/scannet/posed_images/scene0362_02/00411.jpg",
      "transform_matrix": [
        [
          -0.387027,
          -0.351442,
          0.852466,
          3.655771
        ],
        [
          -0.922023,
          0.138317,
          -0.361583,
          3.266234
        ],
        [
          0.009165,
          -0.925936,
          -0.37757,
          1.35452
        ],
        [
          0.0,
          0.0,
          0.0,
          1.0
        ]
      ]
    },
    {
      "file_path": "/media/NFS/ttao/scannet/posed_images/scene0362_02/00415.jpg",
      "transform_matrix": [
        [
          -0.362919,
          -0.359126,
          0.859837,
          3.650175
        ],
        [
          -0.931652,
          0.122274,
          -0.34216,
          3.240709
        ],
        [
          0.017743,
          -0.925245,
          -0.378956,
          1.353289
        ],
        [
          0.0,
          0.0,
          0.0,
          1.0
        ]
      ]
    },
    {
      "file_path": "/media/NFS/ttao/scannet/posed_images/scene0362_02/00419.jpg",
      "transform_matrix": [
        [
          -0.329623,
          -0.374062,
          0.866848,
          3.655715
        ],
        [
          -0.943979,
          0.11513,
          -0.309271,
          3.205417
        ],
        [
          0.015886,
          -0.92023,
          -0.391056,
          1.345362
        ],
        [
          0.0,
          0.0,
          0.0,
          1.0
        ]
      ]
    },
    {
      "file_path": "/media/NFS/ttao/scannet/posed_images/scene0362_02/00427.jpg",
      "transform_matrix": [
        [
          -0.22966,
          -0.398844,
          0.887795,
          3.68874
        ],
        [
          -0.972575,
          0.059564,
          -0.224832,
          3.093438
        ],
        [
          0.036792,
          -0.915082,
          -0.401585,
          1.333668
        ],
        [
          0.0,
          0.0,
          0.0,
          1.0
        ]
      ]
    },
    {
      "file_path": "/media/NFS/ttao/scannet/posed_images/scene0362_02/00433.jpg",
      "transform_matrix": [
        [
          -0.144756,
          -0.420714,
          0.89557,
          3.725767
        ],
        [
          -0.988604,
          0.023691,
          -0.148664,
          3.02395
        ],
        [
          0.041328,
          -0.906884,
          -0.419349,
          1.331372
        ],
        [
          0.0,
          0.0,
          0.0,
          1.0
        ]
      ]
    },
    {
      "file_path": "/media/NFS/ttao/scannet/posed_images/scene0362_02/00441.jpg",
      "transform_matrix": [
        [
          -0.086779,
          -0.462848,
          0.88218,
          3.781946
        ],
        [
          -0.996228,
          0.040327,
          -0.076839,
          2.957786
        ],
        [
          -1.1e-05,
          -0.88552,
          -0.464601,
          1.330071
        ],
        [
          0.0,
          0.0,
          0.0,
          1.0
        ]
      ]
    },
    {
      "file_path": "/media/NFS/ttao/scannet/posed_images/scene0362_02/00447.jpg",
      "transform_matrix": [
        [
          -0.063879,
          -0.490006,
          0.869375,
          3.839911
        ],
        [
          -0.997956,
          0.029843,
          -0.056507,
          2.920203
        ],
        [
          0.001744,
          -0.871208,
          -0.490911,
          1.319093
        ],
        [
          0.0,
          0.0,
          0.0,
          1.0
        ]
      ]
    },
    {
      "file_path": "/media/NFS/ttao/scannet/posed_images/scene0362_02/00453.jpg",
      "transform_matrix": [
        [
          -0.020511,
          -0.464739,
          0.88521,
          3.899656
        ],
        [
          -0.99853,
          -0.034911,
          -0.041465,
          2.898874
        ],
        [
          0.050174,
          -0.884759,
          -0.463339,
          1.31362
        ],
        [
          0.0,
          0.0,
          0.0,
          1.0
        ]
      ]
    },
    {
      "file_path": "/media/NFS/ttao/scannet/posed_images/scene0362_02/00461.jpg",
      "transform_matrix": [
        [
          0.019639,
          -0.474068,
          0.880269,
          3.984968
        ],
        [
          -0.999272,
          -0.038119,
          0.001765,
          2.855766
        ],
        [
          0.032718,
          -0.879663,
          -0.474471,
          1.32326
        ],
        [
          0.0,
          0.0,
          0.0,
          1.0
        ]
      ]
    },
    {
      "file_path": "/media/NFS/ttao/scannet/posed_images/scene0362_02/00468.jpg",
      "transform_matrix": [
        [
          0.01571,
          -0.466883,
          0.884179,
          4.053798
        ],
        [
          -0.999877,
          -0.00758,
          0.013764,
          2.795233
        ],
        [
          0.000276,
          -0.884286,
          -0.466945,
          1.327955
        ],
        [
          0.0,
          0.0,
          0.0,
          1.0
        ]
      ]
    },
    {
      "file_path": "/media/NFS/ttao/scannet/posed_images/scene0362_02/00474.jpg",
      "transform_matrix": [
        [
          0.087842,
          -0.458013,
          0.884595,
          4.10164
        ],
        [
          -0.996094,
          -0.03237,
          0.082154,
          2.732255
        ],
        [
          -0.008993,
          -0.888356,
          -0.459067,
          1.325264
        ],
        [
          0.0,
          0.0,
          0.0,
          1.0
        ]
      ]
    },
    {
      "file_path": "/media/NFS/ttao/scannet/posed_images/scene0362_02/00484.jpg",
      "transform_matrix": [
        [
          0.233349,
          -0.42549,
          0.87436,
          4.16431
        ],
        [
          -0.972168,
          -0.121448,
          0.200352,
          2.612362
        ],
        [
          0.020942,
          -0.896777,
          -0.441988,
          1.354039
        ],
        [
          0.0,
          0.0,
          0.0,
          1.0
        ]
      ]
    },
    {
      "file_path": "/media/NFS/ttao/scannet/posed_images/scene0362_02/00490.jpg",
      "transform_matrix": [
        [
          0.300769,
          -0.412231,
          0.860002,
          4.173895
        ],
        [
          -0.953046,
          -0.163233,
          0.255066,
          2.586665
        ],
        [
          0.035235,
          -0.896337,
          -0.441971,
          1.35916
        ],
        [
          0.0,
          0.0,
          0.0,
          1.0
        ]
      ]
    },
    {
      "file_path": "/media/NFS/ttao/scannet/posed_images/scene0362_02/00494.jpg",
      "transform_matrix": [
        [
          0.320025,
          -0.401122,
          0.858303,
          4.17995
        ],
        [
          -0.946936,
          -0.164064,
          0.276399,
          2.580566
        ],
        [
          0.029947,
          -0.901213,
          -0.432342,
          1.36363
        ],
        [
          0.0,
          0.0,
          0.0,
          1.0
        ]
      ]
    },
    {
      "file_path": "/media/NFS/ttao/scannet/posed_images/scene0362_02/00502.jpg",
      "transform_matrix": [
        [
          0.332819,
          -0.36493,
          0.869516,
          4.173677
        ],
        [
          -0.941983,
          -0.17129,
          0.288668,
          2.606801
        ],
        [
          0.043596,
          -0.915143,
          -0.400766,
          1.369418
        ],
        [
          0.0,
          0.0,
          0.0,
          1.0
        ]
      ]
    },
    {
      "file_path": "/media/NFS/ttao/scannet/posed_images/scene0362_02/00510.jpg",
      "transform_matrix": [
        [
          0.371912,
          -0.317531,
          0.872271,
          4.179964
        ],
        [
          -0.927769,
          -0.157977,
          0.338067,
          2.615563
        ],
        [
          0.030452,
          -0.934996,
          -0.353348,
          1.390885
        ],
        [
          0.0,
          0.0,
          0.0,
          1.0
        ]
      ]
    },
    {
      "file_path": "/media/NFS/ttao/scannet/posed_images/scene0362_02/00514.jpg",
      "transform_matrix": [
        [
          0.384987,
          -0.308264,
          0.869919,
          4.194183
        ],
        [
          -0.922769,
          -0.145712,
          0.356742,
          2.601668
        ],
        [
          0.016787,
          -0.940075,
          -0.340553,
          1.395863
        ],
        [
          0.0,
          0.0,
          0.0,
          1.0
        ]
      ]
    },
    {
      "file_path": "/media/NFS/ttao/scannet/posed_images/scene0362_02/00525.jpg",
      "transform_matrix": [
        [
          0.478249,
          -0.282174,
          0.831658,
          4.284245
        ],
        [
          -0.87803,
          -0.133705,
          0.45955,
          2.48005
        ],
        [
