{
  "frames": [
    {
      "file_path": "/media/NFS/ttao/scannet/posed_images/scene0600_02/00003.jpg",
      "transform_matrix": [
        [
          0.661942,
          0.446787,
          -0.601842,
          4.215892
        ],
        [
          0.749147,
          -0.367875,
          0.55086,
          2.520717
        ],
        [
          0.024714,
          -0.815506,
          -0.578221,
          1.355505
        ],
        [
          0.0,
          0.0,
          0.0,
          1.0
        ]
      ]
    },
    {
      "file_path": "/media/NFS/ttao/scannet/posed_images/scene0600_02/00006.jpg",
      "transform_matrix": [
        [
          0.664368,
          0.442341,
          -0.602453,
          4.231002
        ],
        [
          0.746729,
          -0.358537,
          0.560221,
          2.503671
        ],
        [
          0.031808,
          -0.822062,
          -0.568509,
          1.360043
        ],
        [
          0.0,
          0.0,
          0.0,
          1.0
        ]
      ]
    },
    {
      "file_path": "/media/NFS/ttao/scannet/posed_images/scene0600_02/00009.jpg",
      "transform_matrix": [
        [
          0.658066,
          0.44278,
          -0.609012,
          4.233957
        ],
        [
          0.752196,
          -0.350153,
          0.558206,
          2.487759
        ],
        [
          0.033915,
          -0.825433,
          -0.563481,
          1.364011
        ],
        [
          0.0,
          0.0,
          0.0,
          1.0
        ]
      ]
    },
    {
      "file_path": "/media/NFS/ttao/scannet/posed_images/scene0600_02/00017.jpg",
      "transform_matrix": [
        [
          0.559128,
          0.450313,
          -0.696128,
          4.245077
        ],
        [
          0.828633,
          -0.275924,
          0.487066,
          2.402923
        ],
        [
          0.027254,
          -0.849167,
          -0.527421,
          1.367804
        ],
        [
          0.0,
          0.0,
          0.0,
          1.0
        ]
      ]
    },
    {
      "file_path": "/media/NFS/ttao/scannet/posed_images/scene0600_02/00022.jpg",
      "transform_matrix": [
        [
          0.480588,
          0.476189,
          -0.736396,
          4.251158
        ],
        [
          0.876052,
          -0.22279,
          0.427664,
          2.354358
        ],
        [
          0.039587,
          -0.850652,
          -0.524237,
          1.361544
        ],
        [
          0.0,
          0.0,
          0.0,
          1.0
        ]
      ]
    },
    {
      "file_path": "/media/NFS/ttao/scannet/posed_images/scene0600_02/00028.jpg",
      "transform_matrix": [
        [
          0.401738,
          0.499163,
          -0.767751,
          4.268074
        ],
        [
          0.915123,
          -0.187703,
          0.356815,
          2.315776
        ],
        [
          0.034,
          -0.845933,
          -0.532203,
          1.351455
        ],
        [
          0.0,
          0.0,
          0.0,
          1.0
        ]
      ]
    },
    {
      "file_path": "/media/NFS/ttao/scannet/posed_images/scene0600_02/00034.jpg",
      "transform_matrix": [
        [
          0.357594,
          0.55114,
          -0.753904,
          4.275856
        ],
        [
          0.933153,
          -0.179087,
          0.311695,
          2.272926
        ],
        [
          0.036773,
          -0.814968,
          -0.578338,
          1.341153
        ],
        [
          0.0,
          0.0,
          0.0,
          1.0
        ]
      ]
    },
    {
      "file_path": "/media/NFS/ttao/scannet/posed_images/scene0600_02/00039.jpg",
      "transform_matrix": [
        [
          0.318359,
          0.600265,
          -0.733709,
          4.287712
        ],
        [
          0.947607,
          -0.180084,
          0.263839,
          2.249004
        ],
        [
          0.026244,
          -0.779263,
          -0.626147,
          1.314882
        ],
        [
          0.0,
          0.0,
          0.0,
          1.0
        ]
      ]
    },
    {
      "file_path": "/media/NFS/ttao/scannet/posed_images/scene0600_02/00042.jpg",
      "transform_matrix": [
        [
          0.279158,
          0.619563,
          -0.73363,
          4.306933
        ],
        [
          0.960196,
          -0.172416,
          0.219762,
          2.237787
        ],
        [
          0.009666,
          -0.765777,
          -0.643033,
          1.311069
        ],
        [
          0.0,
          0.0,
          0.0,
          1.0
        ]
      ]
    },
    {
      "file_path": "/media/NFS/ttao/scannet/posed_images/scene0600_02/00046.jpg",
      "transform_matrix": [
        [
          0.203404,
          0.648816,
          -0.733256,
          4.339053
        ],
        [
          0.97906,
          -0.128511,
          0.157878,
          2.229998
        ],
        [
          0.008202,
          -0.750015,
          -0.66137,
          1.315869
        ],
        [
          0.0,
          0.0,
          0.0,
          1.0
        ]
      ]
    },
    {
      "file_path": "/media/NFS/ttao/scannet/posed_images/scene0600_02/00054.jpg",
      "transform_matrix": [
        [
          0.055195,
          0.676954,
          -0.733953,
          4.408016
        ],
        [
          0.998178,
          -0.055365,
          0.024,
          2.228432
        ],
        [
          -0.024388,
          -0.73394,
          -0.678776,
          1.328407
        ],
        [
          0.0,
          0.0,
          0.0,
          1.0
        ]
      ]
    },
    {
      "file_path": "/media/NFS/ttao/scannet/posed_images/scene0600_02/00057.jpg",
      "transform_matrix": [
        [
          0.006549,
          0.682501,
          -0.730855,
          4.431832
        ],
        [
          0.999496,
          -0.027168,
          -0.016414,
          2.225059
        ],
        [
          -0.031059,
          -0.73038,
          -0.682335,
          1.335921
        ],
        [
          0.0,
          0.0,
          0.0,
          1.0
        ]
      ]
    },
    {
      "file_path": "/media/NFS/ttao/scannet/posed_images/scene0600_02/00065.jpg",
      "transform_matrix": [
        [
          -0.137466,
          0.654421,
          -0.743529,
          4.467117
        ],
        [
          0.989392,
          0.055127,
          -0.134402,
          2.209462
        ],
        [
          -0.046967,
          -0.754118,
          -0.655057,
          1.359068
        ],
        [
          0.0,
          0.0,
          0.0,
          1.0
        ]
      ]
    },
    {
      "file_path": "/media/NFS/ttao/scannet/posed_images/scene0600_02/00070.jpg",
      "transform_matrix": [
        [
          -0.229603,
          0.618024,
          -0.751884,
          4.463728
        ],
        [
          0.97241,
          0.112918,
          -0.20413,
          2.203818
        ],
        [
          -0.041256,
          -0.778008,
          -0.626899,
          1.373382
        ],
        [
          0.0,
          0.0,
          0.0,
          1.0
        ]
      ]
    },
    {
      "file_path": "/media/NFS/ttao/scannet/posed_images/scene0600_02/00071.jpg",
      "transform_matrix": [
        [
          -0.256443,
          0.607935,
          -0.751433,
          4.457877
        ],
        [
          0.965816,
          0.130685,
          -0.223877,
          2.197843
        ],
        [
          -0.037902,
          -0.783158,
          -0.620666,
          1.379174
        ],
        [
          0.0,
          0.0,
          0.0,
          1.0
        ]
      ]
    },
    {
      "file_path": "/media/NFS/ttao/scannet/posed_images/scene0600_02/00077.jpg",
      "transform_matrix": [
        [
          -0.333831,
          0.570694,
          -0.750243,
          4.434822
        ],
        [
          0.942182,
          0.177384,
          -0.284304,
          2.165047
        ],
        [
          -0.029169,
          -0.801775,
          -0.596914,
          1.388208
        ],
        [
          0.0,
          0.0,
          0.0,
          1.0
        ]
      ]
    },
    {
      "file_path": "/media/NFS/ttao/scannet/posed_images/scene0600_02/00083.jpg",
      "transform_matrix": [
        [
          -0.382755,
          0.534205,
          -0.75374,
          4.392729
        ],
        [
          0.923586,
          0.201747,
          -0.326018,
          2.124955
        ],
        [
          -0.022095,
          -0.820928,
          -0.570604,
          1.39892
        ],
        [
          0.0,
          0.0,
          0.0,
          1.0
        ]
      ]
    },
    {
      "file_path": "/media/NFS/ttao/scannet/posed_images/scene0600_02/00087.jpg",
      "transform_matrix": [
        [
          -0.44552,
          0.497467,
          -0.744337,
          4.352463
        ],
        [
          0.895,
          0.226982,
          -0.383999,
          2.096307
        ],
        [
          -0.022075,
          -0.837261,
          -0.546358,
          1.405543
        ],
        [
          0.0,
          0.0,
          0.0,
          1.0
        ]
      ]
    },
    {
      "file_path": "/media/NFS/ttao/scannet/posed_images/scene0600_02/00096.jpg",
      "transform_matrix": [
        [
          -0.544871,
          0.456939,
          -0.70308,
          4.252517
        ],
        [
          0.838035,
          0.268235,
          -0.475129,
          2.072188
        ],
        [
          -0.028514,
          -0.84809,
          -0.529084,
          1.418555
        ],
        [
          0.0,
          0.0,
          0.0,
          1.0
        ]
      ]
    },
    {
      "file_path": "/media/NFS/ttao/scannet/posed_images/scene0600_02/00100.jpg",
      "transform_matrix": [
        [
          -0.563191,
          0.444084,
          -0.696854,
          4.226621
        ],
        [
          0.825701,
          0.269632,
          -0.495496,
          2.07877
        ],
        [
          -0.032148,
          -0.854452,
          -0.518535,
          1.418433
        ],
        [
          0.0,
          0.0,
          0.0,
          1.0
        ]
      ]
    },
    {
      "file_path": "/media/NFS/ttao/scannet/posed_images/scene0600_02/00102.jpg",
      "transform_matrix": [
        [
          -0.587945,
          0.434544,
          -0.682269,
          4.191592
        ],
        [
          0.808309,
          0.283377,
          -0.516075,
          2.101343
        ],
        [
          -0.030917,
          -0.854909,
          -0.517856,
          1.415933
        ],
        [
          0.0,
          0.0,
          0.0,
          1.0
        ]
      ]
    },
    {
      "file_path": "/media/NFS/ttao/scannet/posed_images/scene0600_02/00107.jpg",
      "transform_matrix": [
        [
          -0.649135,
          0.406401,
          -0.643011,
          4.127705
        ],
        [
          0.75985,
          0.307099,
          -0.572991,
          2.171147
        ],
        [
          -0.035396,
          -0.86054,
          -0.508152,
          1.410367
        ],
        [
          0.0,
          0.0,
          0.0,
          1.0
        ]
      ]
    },
    {
      "file_path": "/media/NFS/ttao/scannet/posed_images/scene0600_02/00113.jpg",
      "transform_matrix": [
        [
          -0.736702,
          0.381253,
          -0.558494,
          4.0449
        ],
        [
          0.675635,
          0.380727,
          -0.63132,
          2.274333
        ],
        [
          -0.028059,
          -0.842433,
          -0.53807,
          1.406589
        ],
        [
          0.0,
          0.0,
          0.0,
          1.0
        ]
      ]
    },
    {
      "file_path": "/media/NFS/ttao/scannet/posed_images/scene0600_02/00119.jpg",
      "transform_matrix": [
        [
          -0.768321,
          0.364191,
          -0.526353,
          3.949136
        ],
        [
          0.638969,
          0.38832,
          -0.664023,
          2.357862
        ],
        [
          -0.037438,
          -0.846506,
          -0.531061,
          1.4072
        ],
        [
          0.0,
          0.0,
          0.0,
          1.0
        ]
      ]
    },
    {
      "file_path": "/media/NFS/ttao/scannet/posed_images/scene0600_02/00125.jpg",
      "transform_matrix": [
        [
          -0.816593,
          0.319903,
          -0.480456,
          3.838752
        ],
        [
          0.577167,
          0.441917,
          -0.686722,
          2.394449
        ],
        [
          -0.007363,
          -0.838076,
          -0.545504,
          1.395526
        ],
        [
          0.0,
          0.0,
          0.0,
          1.0
        ]
      ]
    },
    {
      "file_path": "/media/NFS/ttao/scannet/posed_images/scene0600_02/00131.jpg",
      "transform_matrix": [
        [
          -0.874957,
          0.276256,
          -0.397659,
          3.723792
        ],
        [
          0.483855,
          0.467803,
          -0.739625,
          2.435832
        ],
        [
          -0.0183,
          -0.839549,
          -0.542975,
          1.412402
        ],
        [
          0.0,
          0.0,
          0.0,
          1.0
        ]
      ]
    },
    {
      "file_path": "/media/NFS/ttao/scannet/posed_images/scene0600_02/00136.jpg",
      "transform_matrix": [
        [
          -0.915256,
          0.225659,
          -0.333745,
          3.644897
        ],
        [
          0.40242,
          0.472751,
          -0.783942,
          2.496522
        ],
        [
          -0.019125,
          -0.851812,
          -0.523498,
          1.423367
        ],
        [
          0.0,
          0.0,
          0.0,
          1.0
        ]
      ]
    },
    {
      "file_path": "/media/NFS/ttao/scannet/posed_images/scene0600_02/00139.jpg",
      "transform_matrix": [
        [
          -0.938117,
          0.1949,
          -0.286268,
          3.613561
        ],
        [
          0.345863,
          0.484965,
          -0.803235,
          2.534915
        ],
        [
          -0.017721,
          -0.852539,
          -0.522363,
          1.42171
        ],
        [
          0.0,
          0.0,
          0.0,
          1.0
        ]
      ]
    },
    {
      "file_path": "/media/NFS/ttao/scannet/posed_images/scene0600_02/00147.jpg",
      "transform_matrix": [
        [
          -0.993521,
          0.092006,
          -0.066707,
          3.504213
        ],
        [
          0.106142,
          0.541527,
          -0.833956,
          2.677239
        ],
        [
          -0.040605,
          -0.835634,
          -0.547784,
          1.411561
        ],
        [
          0.0,
          0.0,
          0.0,
          1.0
        ]
      ]
    },
    {
      "file_path": "/media/NFS/ttao/scannet/posed_images/scene0600_02/00152.jpg",
      "transform_matrix": [
        [
          -0.999174,
          0.028742,
          0.028711,
          3.464934
        ],
        [
          -0.008257,
          0.54831,
          -0.836235,
          2.711973
        ],
        [
          -0.039777,
          -0.835781,
          -0.54762,
          1.406677
        ],
        [
          0.0,
          0.0,
          0.0,
          1.0
        ]
      ]
    },
    {
      "file_path": "/media/NFS/ttao/scannet/posed_images/scene0600_02/00156.jpg",
      "transform_matrix": [
        [
          -0.993048,
          -0.040125,
          0.110661,
          3.409059
        ],
        [
          -0.114503,
          0.547259,
          -0.829094,
          2.7217
        ],
        [
          -0.027293,
          -0.836001,
          -0.548049,
          1.387461
        ],
        [
          0.0,
          0.0,
          0.0,
          1.0
        ]
      ]
    },
    {
      "file_path": "/media/NFS/ttao/scannet/posed_images/scene0600_02/00159.jpg",
      "transform_matrix": [
        [
          -0.985253,
          -0.080235,
          0.151128,
          3.380943
        ],
        [
          -0.170311,
          0.544882,
          -0.821035,
          2.718267
        ],
        [
          -0.016471,
          -0.834665,
          -0.550511,
          1.393375
        ],
        [
          0.0,
          0.0,
          0.0,
          1.0
        ]
      ]
    },
    {
      "file_path": "/media/NFS/ttao/scannet/posed_images/scene0600_02/00167.jpg",
      "transform_matrix": [
        [
          -0.944399,
          -0.11225,
          0.309048,
          3.284175
        ],
        [
          -0.323757,
          0.481485,
          -0.814465,
          2.740402
        ],
        [
          -0.057378,
          -0.869237,
          -0.491055,
          1.412154
        ],
        [
          0.0,
          0.0,
          0.0,
          1.0
        ]
      ]
    },
    {
      "file_path": "/media/NFS/ttao/scannet/posed_images/scene0600_02/00173.jpg",
      "transform_matrix": [
        [
          -0.86005,
          -0.191325,
          0.472978,
          3.21028
        ],
        [
          -0.505608,
          0.443818,
          -0.739855,
          2.771749
        ],
        [
          -0.068363,
          -0.875454,
          -0.478442,
          1.397314
        ],
        [
          0.0,
          0.0,
          0.0,
          1.0
        ]
      ]
    },
    {
      "file_path": "/media/NFS/ttao/scannet/posed_images/scene0600_02/00178.jpg",
      "transform_matrix": [
        [
          -0.730099,
          -0.291561,
          0.618019,
          3.093758
        ],
        [
          -0.682067,
          0.366129,
          -0.633035,
          2.812236
        ],
        [
          -0.041706,
          -0.883709,
          -0.466175,
          1.382356
        ],
        [
          0.0,
          0.0,
          0.0,
          1.0
        ]
      ]
    },
    {
      "file_path": "/media/NFS/ttao/scannet/posed_images/scene0600_02/00182.jpg",
      "transform_matrix": [
        [
          -0.630811,
          -0.359353,
          0.687709,
          3.02393
        ],
        [
          -0.774455,
          0.346338,
          -0.529405,
          2.850898
        ],
        [
          -0.047936,
          -0.866554,
          -0.496777,
          1.39747
        ],
        [
          0.0,
          0.0,
          0.0,
          1.0
        ]
      ]
    },
    {
      "file_path": "/media/NFS/ttao/scannet/posed_images/scene0600_02/00184.jpg",
      "transform_matrix": [
        [
          -0.594805,
          -0.377032,
          0.709968,
          2.991211
        ],
        [
          -0.802523,
          0.32962,
          -0.4973,
          2.854795
        ],
        [
          -0.046522,
          -0.865562,
          -0.498636,
          1.399296
        ],
        [
          0.0,
          0.0,
          0.0,
          1.0
        ]
      ]
    },
    {
      "file_path": "/media/NFS/ttao/scannet/posed_images/scene0600_02/00190.jpg",
      "transform_matrix": [
        [
          -0.500697,
          -0.4333,
          0.749369,
          2.93608
        ],
        [
          -0.865054,
          0.281835,
          -0.415031,
          2.875362
        ],
        [
          -0.031365,
          -0.856049,
          -0.515942,
          1.400777
        ],
        [
          0.0,
          0.0,
          0.0,
          1.0
        ]
      ]
    },
    {
      "file_path": "/media/NFS/ttao/scannet/posed_images/scene0600_02/00195.jpg",
      "transform_matrix": [
        [
          -0.409026,
          -0.439724,
          0.799588,
          2.925459
        ],
        [
          -0.90968,
          0.265596,
          -0.319283,
          2.875525
        ],
        [
          -0.071971,
          -0.857964,
          -0.508644,
          1.414287
        ],
        [
          0.0,
          0.0,
          0.0,
          1.0
        ]
      ]
    },
    {
      "file_path": "/media/NFS/ttao/scannet/posed_images/scene0600_02/00201.jpg",
      "transform_matrix": [
        [
          -0.243702,
          -0.473631,
          0.846335,
          2.952167
        ],
        [
          -0.965652,
          0.199599,
          -0.166359,
          2.852273
        ],
        [
          -0.090135,
          -0.857808,
          -0.506006,
          1.435528
        ],
        [
          0.0,
          0.0,
          0.0,
          1.0
        ]
      ]
    },
    {
      "file_path": "/media/NFS/ttao/scannet/posed_images/scene0600_02/00206.jpg",
      "transform_matrix": [
        [
          -0.122065,
          -0.4847,
          0.866121,
          3.003518
        ],
        [
          -0.98654,
          0.154917,
          -0.052342,
          2.823541
        ],
        [
          -0.108807,
          -0.860852,
          -0.497086,
          1.434209
        ],
        [
          0.0,
          0.0,
          0.0,
          1.0
        ]
      ]
    },
    {
      "file_path": "/media/NFS/ttao/scannet/posed_images/scene0600_02/00210.jpg",
      "transform_matrix": [
        [
          -0.042785,
          -0.474333,
          0.879305,
          3.037225
        ],
        [
          -0.992577,
          0.120467,
          0.016688,
          2.78044
        ],
        [
          -0.113843,
          -0.872064,
          -0.475966,
          1.432532
        ],
        [
          0.0,
          0.0,
          0.0,
          1.0
        ]
      ]
    },
    {
      "file_path": "/media/NFS/ttao/scannet/posed_images/scene0600_02/00218.jpg",
      "transform_matrix": [
        [
          0.206465,
          -0.401446,
          0.892308,
          3.138371
        ],
        [
          -0.975548,
          -0.01422,
          0.219328,
          2.710492
        ],
        [
          -0.07536,
          -0.915772,
          -0.394565,
          1.465774
        ],
        [
          0.0,
          0.0,
          0.0,
          1.0
        ]
      ]
    },
    {
      "file_path": "/media/NFS/ttao/scannet/posed_images/scene0600_02/00223.jpg",
      "transform_matrix": [
        [
          0.288173,
          -0.321717,
          0.901917,
          3.152294
        ],
        [
          -0.95417,
          -0.017079,
          0.298777,
          2.649018
        ],
        [
          -0.080718,
          -0.946682,
          -0.311895,
          1.476394
        ],
        [
          0.0,
          0.0,
          0.0,
          1.0
        ]
      ]
    },
    {
      "file_path": "/media/NFS/ttao/scannet/posed_images/scene0600_02/00229.jpg",
      "transform_matrix": [
        [
          0.413801,
          -0.242416,
          0.877498,
          3.146308
        ],
        [
          -0.908595,
          -0.049862,
          0.414691,
          2.530127
        ],
        [
          -0.056774,
          -0.96889,
          -0.240891,
          1.502885
        ],
        [
          0.0,
          0.0,
          0.0,
          1.0
        ]
      ]
    },
    {
      "file_path": "/media/NFS/ttao/scannet/posed_images/scene0600_02/00233.jpg",
      "transform_matrix": [
        [
          0.482789,
          -0.207364,
          0.850831,
          3.127821
        ],
        [
          -0.874413,
          -0.060749,
          0.481364,
          2.431013
        ],
        [
          -0.04813,
          -0.976376,
          -0.210651,
          1.512748
        ],
        [
          0.0,
          0.0,
          0.0,
          1.0
        ]
      ]
    },
    {
      "file_path": "/media/NFS/ttao/scannet/posed_images/scene0600_02/00240.jpg",
      "transform_matrix": [
        [
          0.525416,
          -0.170045,
          0.83368,
          3.104604
        ],
        [
          -0.850821,
          -0.11245,
          0.513282,
          2.293779
        ],
        [
          0.006466,
          -0.978999,
          -0.203761,
          1.551625
        ],
        [
          0.0,
          0.0,
          0.0,
          1.0
        ]
      ]
    },
    {
      "file_path": "/media/NFS/ttao/scannet/posed_images/scene0600_02/00244.jpg",
      "transform_matrix": [
        [
          0.521826,
          -0.167179,
          0.836509,
          3.108589
        ],
        [
          -0.853027,
          -0.094827,
          0.513179,
          2.227734
        ],
        [
          -0.006469,
          -0.981356,
          -0.192092,
          1.573579
        ],
        [
          0.0,
          0.0,
          0.0,
          1.0
        ]
      ]
    },
    {
      "file_path": "/media/NFS/ttao/scannet/posed_images/scene0600_02/00247.jpg",
      "transform_matrix": [
        [
          0.520978,
          -0.158165,
          0.838788,
          3.111738
        ],
        [
          -0.853323,
          -0.072878,
          0.516264,
          2.182588
        ],
        [
          -0.020525,
          -0.98472,
          -0.172934,
          1.573057
        ],
        [
          0.0,
          0.0,
          0.0,
          1.0
        ]
      ]
    },
    {
      "file_path": "/media/NFS/ttao/scannet/posed_images/scene0600_02/00254.jpg",
      "transform_matrix": [
        [
          0.478724,
          -0.093708,
          0.87295,
          3.109772
        ],
        [
          -0.877615,
          -0.079138,
          0.472788,
          2.100431
        ],
        [
          0.02478,
          -0.992449,
          -0.120125,
          1.571413
        ],
        [
          0.0,
          0.0,
          0.0,
          1.0
        ]
      ]
    },
    {
      "file_path": "/media/NFS/ttao/scannet/posed_images/scene0600_02/00260.jpg",
      "transform_matrix": [
        [
          0.429187,
          -0.036807,
          0.902465,
          3.061606
        ],
        [
          -0.902151,
          -0.065957,
          0.426348,
          2.029963
        ],
        [
          0.043832,
          -0.997143,
          -0.061513,
          1.548503
        ],
        [
          0.0,
          0.0,
          0.0,
          1.0
        ]
      ]
    },
    {
      "file_path": "/media/NFS/ttao/scannet/posed_images/scene0600_02/00266.jpg",
      "transform_matrix": [
        [
          0.350345,
          -0.040947,
          0.935725,
          3.025017
        ],
        [
          -0.932947,
          -0.10365,
          0.344769,
          1.951025
        ],
        [
          0.082871,
          -0.99377,
          -0.074514,
          1.564726
        ],
        [
          0.0,
          0.0,
          0.0,
          1.0
        ]
      ]
    },
    {
      "file_path": "/media/NFS/ttao/scannet/posed_images/scene0600_02/00269.jpg",
      "transform_matrix": [
        [
          0.291821,
          -0.050756,
          0.955125,
          3.008558
        ],
        [
          -0.951256,
          -0.119555,
          0.284286,
          1.936786
        ],
        [
          0.099761,
          -0.991529,
          -0.083171,
          1.579711
        ],
        [
          0.0,
          0.0,
          0.0,
          1.0
        ]
      ]
    },
    {
      "file_path": "/media/NFS/ttao/scannet/posed_images/scene0600_02/00274.jpg",
      "transform_matrix": [
        [
          0.121726,
          -0.096655,
          0.987846,
          2.925826
        ],
        [
          -0.989811,
          -0.085895,
          0.113564,
          1.992157
        ],
        [
          0.073874,
          -0.991605,
          -0.106126,
          1.557925
        ],
        [
          0.0,
          0.0,
          0.0,
          1.0
        ]
      ]
    },
    {
      "file_path": "/media/NFS/ttao/scannet/posed_images/scene0600_02/00280.jpg",
      "transform_matrix": [
        [
          0.01842,
          -0.150249,
          0.988476,
          2.903214
        ],
        [
          -0.999529,
          -0.02701,
          0.014521,
          1.97131
        ],
        [
          0.024517,
          -0.988279,
          -0.150677,
          1.546587
        ],
        [
          0.0,
          0.0,
          0.0,
          1.0
        ]
      ]
    },
    {
      "file_path": "/media/NFS/ttao/scannet/posed_images/scene0600_02/00283.jpg",
      "transform_matrix": [
        [
          -0.017399,
          -0.182279,
          0.983093,
          2.895799
        ],
        [
          -0.999848,
          0.003859,
          -0.01698,
          1.968815
        ],
        [
          -0.000699,
          -0.983239,
          -0.182319,
          1.536749
        ],
        [
          0.0,
          0.0,
          0.0,
          1.0
        ]
      ]
    },
    {
      "file_path": "/media/NFS/ttao/scannet/posed_images/scene0600_02/00288.jpg",
      "transform_matrix": [
        [
          -0.040901,
          -0.266529,
          0.962959,
          2.889946
        ],
        [
          -0.998777,
          0.0377,
          -0.031988,
          1.983498
        ],
        [
          -0.027778,
          -0.963089,
          -0.267745,
          1.515965
        ],
        [
          0.0,
          0.0,
          0.0,
          1.0
        ]
      ]
    },
    {
      "file_path": "/media/NFS/ttao/scannet/posed_images/scene0600_02/00295.jpg",
      "transform_matrix": [
        [
          -0.050386,
          -0.381375,
          0.923046,
          2.886472
        ],
        [
          -0.996921,
          0.074807,
          -0.023511,
          1.943882
        ],
        [
          -0.060084,
          -0.921389,
          -0.38397,
          1.487953
        ],
        [
          0.0,
          0.0,
          0.0,
          1.0
        ]
      ]
    },
    {
      "file_path": "/media/NFS/ttao/scannet/posed_images/scene0600_02/00300.jpg",
      "transform_matrix": [
        [
          -0.073359,
          -0.456085,
          0.886907,
          2.894071
        ],
        [
          -0.993868,
          0.107207,
          -0.027076,
          1.934239
        ],
        [
          -0.082734,
          -0.883455,
          -0.461153,
          1.480052
        ],
        [
          0.0,
          0.0,
          0.0,
          1.0
        ]
      ]
    },
    {
      "file_path": "/media/NFS/ttao/scannet/posed_images/scene0600_02/00303.jpg",
      "transform_matrix": [
        [
          -0.126209,
          -0.47803,
          0.869229,
          2.874142
        ],
        [
          -0.988809,
          0.130888,
          -0.07159,
          1.941662
        ],
        [
          -0.07955,
          -0.868536,
          -0.489199,
          1.451208
        ],
        [
          0.0,
          0.0,
          0.0,
          1.0
        ]
      ]
    },
    {
      "file_path": "/media/NFS/ttao/scannet/posed_images/scene0600_02/00312.jpg",
      "transform_matrix": [
        [
          -0.392115,
          -0.52288,
          0.756863,
          2.869135
        ],
        [
          -0.919912,
          0.225145,
          -0.321046,
          1.996774
        ],
        [
          -0.002536,
          -0.822135,
          -0.569287,
          1.413153
        ],
        [
          0.0,
          0.0,
          0.0,
          1.0
        ]
      ]
    },
    {
      "file_path": "/media/NFS/ttao/scannet/posed_images/scene0600_02/00314.jpg",
      "transform_matrix": [
        [
          -0.445172,
          -0.505169,
          0.739342,
          2.873935
        ],
        [
          -0.895426,
          0.245738,
          -0.371249,
          2.013364
        ],
        [
          0.005859,
          -0.827295,
          -0.561737,
          1.411381
        ],
        [
          0.0,
          0.0,
          0.0,
          1.0
        ]
      ]
    },
    {
      "file_path": "/media/NFS/ttao/scannet/posed_images/scene0600_02/00322.jpg",
      "transform_matrix": [
        [
          -0.710054,
          -0.3755,
          0.59567,
          2.845956
        ],
        [
          -0.703694,
          0.408733,
          -0.581164,
          2.077301
        ],
        [
          -0.025242,
          -0.831828,
          -0.554459,
          1.390885
        ],
        [
          0.0,
          0.0,
          0.0,
          1.0
        ]
      ]
    },
    {
      "file_path": "/media/NFS/ttao/scannet/posed_images/scene0600_02/00323.jpg",
      "transform_matrix": [
        [
          -0.729346,
          -0.358517,
          0.582684,
          2.839863
        ],
        [
          -0.683222,
          0.425928,
          -0.593122,
          2.086129
        ],
        [
          -0.035537,
          -0.830693,
          -0.555596,
          1.386523
        ],
        [
          0.0,
          0.0,
          0.0,
          1.0
        ]
      ]
    },
    {
      "file_path": "/media/NFS/ttao/scannet/posed_images/scene0600_02/00332.jpg",
      "transform_matrix": [
        [
          -0.90072,
          -0.277934,
          0.333852,
          2.773111
        ],
        [
          -0.434217,
          0.553702,
          -0.710542,
          2.125599
        ],
        [
          0.012629,
          -0.784963,
          -0.619414,
          1.361954
        ],
        [
          0.0,
          0.0,
          0.0,
          1.0
        ]
      ]
    },
    {
      "file_path": "/media/NFS/ttao/scannet/posed_images/scene0600_02/00337.jpg",
      "transform_matrix": [
        [
          -0.943515,
          -0.216979,
          0.250401,
          2.742995
        ],
        [
          -0.331247,
          0.600656,
          -0.727659,
          2.152588
        ],
        [
          0.007482,
          -0.769502,
          -0.638601,
          1.35042
        ],
        [
          0.0,
          0.0,
          0.0,
          1.0
        ]
      ]
    },
    {
      "file_path": "/media/NFS/ttao/scannet/posed_images/scene0600_02/00343.jpg",
      "transform_matrix": [
        [
          -0.963223,
          -0.179869,
          0.19962,
          2.710014
        ],
        [
          -0.268702,
          0.642548,
          -0.717587,
          2.189619
        ],
        [
          0.000806,
          -0.744835,
          -0.667248,
          1.345634
        ],
        [
          0.0,
          0.0,
          0.0,
          1.0
        ]
      ]
    },
    {
      "file_path": "/media/NFS/ttao/scannet/posed_images/scene0600_02/00346.jpg",
      "transform_matrix": [
        [
          -0.967391,
          -0.159707,
          0.196589,
          2.697905
        ],
        [
          -0.252987,
          0.646944,
          -0.719348,
          2.224649
        ],
        [
          -0.012297,
          -0.745626,
          -0.666252,
          1.344939
        ],
        [
          0.0,
          0.0,
          0.0,
          1.0
        ]
      ]
    },
    {
      "file_path": "/media/NFS/ttao/scannet/posed_images/scene0600_02/00352.jpg",
      "transform_matrix": [
        [
          -0.968184,
          -0.161073,
          0.191507,
          2.683654
        ],
        [
          -0.249775,
          0.668594,
          -0.700424,
          2.31083
        ],
        [
          -0.015221,
          -0.725973,
          -0.687554,
          1.32368
        ],
        [
          0.0,
          0.0,
          0.0,
          1.0
        ]
      ]
    },
    {
      "file_path": "/media/NFS/ttao/scannet/posed_images/scene0600_02/00357.jpg",
      "transform_matrix": [
        [
          -0.964861,
          -0.179537,
          0.191858,
          2.668407
        ],
        [
          -0.262403,
          0.69642,
          -0.667939,
          2.376428
        ],
        [
          -0.013694,
          -0.694813,
          -0.71906,
          1.293372
        ],
        [
          0.0,
          0.0,
          0.0,
          1.0
        ]
      ]
    },
    {
      "file_path": "/media/NFS/ttao/scannet/posed_images/scene0600_02/00362.jpg",
      "transform_matrix": [
        [
          -0.973887,
          -0.145646,
          0.174158,
          2.675137
        ],
        [
          -0.224747,
          0.727049,
          -0.648759,
          2.420679
        ],
        [
          -0.032132,
          -0.67096,
          -0.740797,
          1.283998
        ],
        [
          0.0,
          0.0,
          0.0,
          1.0
        ]
      ]
    },
    {
      "file_path": "/media/NFS/ttao/scannet/posed_images/scene0600_02/00365.jpg",
      "transform_matrix": [
        [
          -0.981267,
          -0.133814,
          0.138599,
          2.674093
        ],
        [
          -0.192114,
          0.733529,
          -0.651941,
          2.433507
        ],
        [
          -0.014427,
          -0.666355,
          -0.745495,
          1.284915
        ],
        [
          0.0,
          0.0,
          0.0,
          1.0
        ]
      ]
    },
    {
      "file_path": "/media/NFS/ttao/scannet/posed_images/scene0600_02/00374.jpg",
      "transform_matrix": [
        [
          -0.999208,
          -0.006942,
          -0.039183,
          2.758154
        ],
        [
          0.019806,
          0.767278,
          -0.641009,
          2.482245
        ],
        [
          0.034514,
          -0.641277,
          -0.766533,
          1.278173
        ],
        [
          0.0,
          0.0,
          0.0,
          1.0
        ]
      ]
    },
    {
      "file_path": "/media/NFS/ttao/scannet/posed_images/scene0600_02/00379.jpg",
      "transform_matrix": [
        [
          -0.98508,
          0.101582,
          -0.138917,
          2.867809
        ],
        [
          0.169369,
          0.715383,
          -0.677894,
          2.478136
        ],
        [
          0.030517,
          -0.691309,
          -0.721915,
          1.293957
        ],
        [
          0.0,
          0.0,
          0.0,
          1.0
        ]
      ]
    },
    {
      "file_path": "/media/NFS/ttao/scannet/posed_images/scene0600_02/00383.jpg",
      "transform_matrix": [
        [
          -0.967636,
          0.162781,
          -0.19283,
          3.003424
        ],
        [
          0.251698,
          0.677514,
          -0.691103,
          2.481828
        ],
        [
          0.018147,
          -0.717271,
          -0.696558,
          1.305253
        ],
        [
          0.0,
          0.0,
          0.0,
          1.0
        ]
      ]
    },
    {
      "file_path": "/media/NFS/ttao/scannet/posed_images/scene0600_02/00385.jpg",
      "transform_matrix": [
        [
          -0.957582,
          0.180586,
          -0.224554,
          3.086619
        ],
        [
          0.286914,
          0.669898,
          -0.684775,
          2.470212
        ],
        [
          0.026767,
          -0.720157,
          -0.693295,
          1.327232
        ],
        [
          0.0,
          0.0,
          0.0,
          1.0
        ]
      ]
    },
    {
      "file_path": "/media/NFS/ttao/scannet/posed_images/scene0600_02/00393.jpg",
      "transform_matrix": [
        [
          -0.952503,
          0.183276,
          -0.243202,
          3.311199
        ],
        [
          0.30383,
          0.625981,
          -0.718216,
          2.426631
        ],
        [
          0.020608,
          -0.757996,
          -0.651934,
          1.34886
        ],
        [
          0.0,
          0.0,
          0.0,
          1.0
        ]
      ]
    },
    {
      "file_path": "/media/NFS/ttao/scannet/posed_images/scene0600_02/00399.jpg",
      "transform_matrix": [
        [
          -0.920241,
          0.261336,
          -0.291305,
          3.454824
        ],
        [
          0.39088,
          0.577303,
          -0.716892,
          2.352642
        ],
        [
          -0.019179,
