{
  "frames": [
    {
      "file_path": "/media/NFS/ttao/scannet/posed_images/scene0264_02/00002.jpg",
      "transform_matrix": [
        [
          -0.99735,
          -0.056591,
          0.045728,
          2.346908
        ],
        [
          -0.061608,
          0.322512,
          -0.944558,
          3.436654
        ],
        [
          0.038706,
          -0.944872,
          -0.325144,
          1.434368
        ],
        [
          0.0,
          0.0,
          0.0,
          1.0
        ]
      ]
    },
    {
      "file_path": "/media/NFS/ttao/scannet/posed_images/scene0264_02/00003.jpg",
      "transform_matrix": [
        [
          -0.997384,
          -0.056832,
          0.044677,
          2.34826
        ],
        [
          -0.060703,
          0.322797,
          -0.94452,
          3.4364
        ],
        [
          0.039258,
          -0.94476,
          -0.325403,
          1.437823
        ],
        [
          0.0,
          0.0,
          0.0,
          1.0
        ]
      ]
    },
    {
      "file_path": "/media/NFS/ttao/scannet/posed_images/scene0264_02/00009.jpg",
      "transform_matrix": [
        [
          -0.995919,
          -0.061169,
          0.066366,
          2.344844
        ],
        [
          -0.082415,
          0.316556,
          -0.944987,
          3.439639
        ],
        [
          0.036795,
          -0.9466,
          -0.320305,
          1.44066
        ],
        [
          0.0,
          0.0,
          0.0,
          1.0
        ]
      ]
    },
    {
      "file_path": "/media/NFS/ttao/scannet/posed_images/scene0264_02/00010.jpg",
      "transform_matrix": [
        [
          -0.995506,
          -0.06475,
          0.069103,
          2.34546
        ],
        [
          -0.086102,
          0.315104,
          -0.945144,
          3.44011
        ],
        [
          0.039423,
          -0.946846,
          -0.319263,
          1.436488
        ],
        [
          0.0,
          0.0,
          0.0,
          1.0
        ]
      ]
    },
    {
      "file_path": "/media/NFS/ttao/scannet/posed_images/scene0264_02/00015.jpg",
      "transform_matrix": [
        [
          -0.995161,
          -0.055,
          0.081432,
          2.341801
        ],
        [
          -0.094267,
          0.300357,
          -0.949157,
          3.438175
        ],
        [
          0.027745,
          -0.95224,
          -0.304088,
          1.448994
        ],
        [
          0.0,
          0.0,
          0.0,
          1.0
        ]
      ]
    },
    {
      "file_path": "/media/NFS/ttao/scannet/posed_images/scene0264_02/00020.jpg",
      "transform_matrix": [
        [
          -0.996039,
          -0.045593,
          0.076344,
          2.338794
        ],
        [
          -0.085715,
          0.263812,
          -0.960758,
          3.441562
        ],
        [
          0.023663,
          -0.963496,
          -0.266675,
          1.45785
        ],
        [
          0.0,
          0.0,
          0.0,
          1.0
        ]
      ]
    },
    {
      "file_path": "/media/NFS/ttao/scannet/posed_images/scene0264_02/00022.jpg",
      "transform_matrix": [
        [
          -0.995988,
          -0.049454,
          0.074585,
          2.338202
        ],
        [
          -0.084727,
          0.252814,
          -0.963798,
          3.439775
        ],
        [
          0.028808,
          -0.96625,
          -0.255989,
          1.468351
        ],
        [
          0.0,
          0.0,
          0.0,
          1.0
        ]
      ]
    },
    {
      "file_path": "/media/NFS/ttao/scannet/posed_images/scene0264_02/00026.jpg",
      "transform_matrix": [
        [
          -0.996193,
          -0.054623,
          0.067947,
          2.335342
        ],
        [
          -0.078877,
          0.232753,
          -0.969332,
          3.43557
        ],
        [
          0.037133,
          -0.971001,
          -0.236176,
          1.484815
        ],
        [
          0.0,
          0.0,
          0.0,
          1.0
        ]
      ]
    },
    {
      "file_path": "/media/NFS/ttao/scannet/posed_images/scene0264_02/00032.jpg",
      "transform_matrix": [
        [
          -0.99629,
          -0.061371,
          0.060338,
          2.331577
        ],
        [
          -0.070391,
          0.177671,
          -0.981569,
          3.440647
        ],
        [
          0.04952,
          -0.982175,
          -0.181332,
          1.497906
        ],
        [
          0.0,
          0.0,
          0.0,
          1.0
        ]
      ]
    },
    {
      "file_path": "/media/NFS/ttao/scannet/posed_images/scene0264_02/00033.jpg",
      "transform_matrix": [
        [
          -0.996444,
          -0.061964,
          0.057093,
          2.336744
        ],
        [
          -0.067071,
          0.173207,
          -0.982599,
          3.440292
        ],
        [
          0.050997,
          -0.982934,
          -0.176747,
          1.501276
        ],
        [
          0.0,
          0.0,
          0.0,
          1.0
        ]
      ]
    },
    {
      "file_path": "/media/NFS/ttao/scannet/posed_images/scene0264_02/00040.jpg",
      "transform_matrix": [
        [
          -0.996955,
          -0.061405,
          0.048079,
          2.340706
        ],
        [
          -0.056051,
          0.135505,
          -0.98919,
          3.43959
        ],
        [
          0.054226,
          -0.988872,
          -0.138534,
          1.515349
        ],
        [
          0.0,
          0.0,
          0.0,
          1.0
        ]
      ]
    },
    {
      "file_path": "/media/NFS/ttao/scannet/posed_images/scene0264_02/00043.jpg",
      "transform_matrix": [
        [
          -0.99733,
          -0.061121,
          0.039964,
          2.346751
        ],
        [
          -0.047819,
          0.132974,
          -0.989965,
          3.437152
        ],
        [
          0.055194,
          -0.989233,
          -0.135541,
          1.518685
        ],
        [
          0.0,
          0.0,
          0.0,
          1.0
        ]
      ]
    },
    {
      "file_path": "/media/NFS/ttao/scannet/posed_images/scene0264_02/00044.jpg",
      "transform_matrix": [
        [
          -0.997393,
          -0.061919,
          0.037066,
          2.346389
        ],
        [
          -0.045017,
          0.132381,
          -0.990176,
          3.436013
        ],
        [
          0.056404,
          -0.989263,
          -0.134823,
          1.516476
        ],
        [
          0.0,
          0.0,
          0.0,
          1.0
        ]
      ]
    },
    {
      "file_path": "/media/NFS/ttao/scannet/posed_images/scene0264_02/00049.jpg",
      "transform_matrix": [
        [
          -0.998196,
          -0.058148,
          0.014948,
          2.351637
        ],
        [
          -0.022602,
          0.133292,
          -0.990819,
          3.428632
        ],
        [
          0.055622,
          -0.98937,
          -0.134366,
          1.52042
        ],
        [
          0.0,
          0.0,
          0.0,
          1.0
        ]
      ]
    },
    {
      "file_path": "/media/NFS/ttao/scannet/posed_images/scene0264_02/00054.jpg",
      "transform_matrix": [
        [
          -0.998849,
          -0.047954,
          -0.000908,
          2.356295
        ],
        [
          -0.004312,
          0.108644,
          -0.994071,
          3.425922
        ],
        [
          0.047769,
          -0.992923,
          -0.108726,
          1.529631
        ],
        [
          0.0,
          0.0,
          0.0,
          1.0
        ]
      ]
    },
    {
      "file_path": "/media/NFS/ttao/scannet/posed_images/scene0264_02/00057.jpg",
      "transform_matrix": [
        [
          -0.998929,
          -0.045419,
          -0.008824,
          2.3602
        ],
        [
          0.004442,
          0.095682,
          -0.995402,
          3.425619
        ],
        [
          0.046054,
          -0.994375,
          -0.095378,
          1.533047
        ],
        [
          0.0,
          0.0,
          0.0,
          1.0
        ]
      ]
    },
    {
      "file_path": "/media/NFS/ttao/scannet/posed_images/scene0264_02/00060.jpg",
      "transform_matrix": [
        [
          -0.998928,
          -0.040886,
          -0.021725,
          2.361747
        ],
        [
          0.01805,
          0.088196,
          -0.99594,
          3.426236
        ],
        [
          0.042636,
          -0.995264,
          -0.087364,
          1.528659
        ],
        [
          0.0,
          0.0,
          0.0,
          1.0
        ]
      ]
    },
    {
      "file_path": "/media/NFS/ttao/scannet/posed_images/scene0264_02/00065.jpg",
      "transform_matrix": [
        [
          -0.996343,
          -0.03571,
          -0.077622,
          2.374587
        ],
        [
          0.074089,
          0.091417,
          -0.993053,
          3.41819
        ],
        [
          0.042557,
          -0.995172,
          -0.088437,
          1.520447
        ],
        [
          0.0,
          0.0,
          0.0,
          1.0
        ]
      ]
    },
    {
      "file_path": "/media/NFS/ttao/scannet/posed_images/scene0264_02/00070.jpg",
      "transform_matrix": [
        [
          -0.987353,
          -0.035852,
          -0.15443,
          2.385184
        ],
        [
          0.150049,
          0.103122,
          -0.983286,
          3.408936
        ],
        [
          0.051178,
          -0.994022,
          -0.096438,
          1.527632
        ],
        [
          0.0,
          0.0,
          0.0,
          1.0
        ]
      ]
    },
    {
      "file_path": "/media/NFS/ttao/scannet/posed_images/scene0264_02/00071.jpg",
      "transform_matrix": [
        [
          -0.984543,
          -0.033264,
          -0.171959,
          2.389057
        ],
        [
          0.167698,
          0.10425,
          -0.980311,
          3.407758
        ],
        [
          0.050535,
          -0.993995,
          -0.09706,
          1.528858
        ],
        [
          0.0,
          0.0,
          0.0,
          1.0
        ]
      ]
    },
    {
      "file_path": "/media/NFS/ttao/scannet/posed_images/scene0264_02/00075.jpg",
      "transform_matrix": [
        [
          -0.972384,
          -0.021676,
          -0.232379,
          2.39747
        ],
        [
          0.228335,
          0.117697,
          -0.966442,
          3.404719
        ],
        [
          0.048299,
          -0.992813,
          -0.109497,
          1.523692
        ],
        [
          0.0,
          0.0,
          0.0,
          1.0
        ]
      ]
    },
    {
      "file_path": "/media/NFS/ttao/scannet/posed_images/scene0264_02/00078.jpg",
      "transform_matrix": [
        [
          -0.96234,
          -0.004957,
          -0.271803,
          2.403872
        ],
        [
          0.268662,
          0.13528,
          -0.953688,
          3.403119
        ],
        [
          0.041497,
          -0.990795,
          -0.128854,
          1.52107
        ],
        [
          0.0,
          0.0,
          0.0,
          1.0
        ]
      ]
    },
    {
      "file_path": "/media/NFS/ttao/scannet/posed_images/scene0264_02/00083.jpg",
      "transform_matrix": [
        [
          -0.952005,
          0.023644,
          -0.305169,
          2.379931
        ],
        [
          0.304083,
          0.186874,
          -0.934137,
          3.406622
        ],
        [
          0.034942,
          -0.982099,
          -0.185095,
          1.493083
        ],
        [
          0.0,
          0.0,
          0.0,
          1.0
        ]
      ]
    },
    {
      "file_path": "/media/NFS/ttao/scannet/posed_images/scene0264_02/00088.jpg",
      "transform_matrix": [
        [
          -0.940712,
          0.074849,
          -0.330846,
          2.362087
        ],
        [
          0.338696,
          0.260773,
          -0.904037,
          3.414874
        ],
        [
          0.018609,
          -0.962494,
          -0.270663,
          1.45965
        ],
        [
          0.0,
          0.0,
          0.0,
          1.0
        ]
      ]
    },
    {
      "file_path": "/media/NFS/ttao/scannet/posed_images/scene0264_02/00091.jpg",
      "transform_matrix": [
        [
          -0.94045,
          0.074227,
          -0.331731,
          2.379356
        ],
        [
          0.337881,
          0.311184,
          -0.888257,
          3.411766
        ],
        [
          0.037297,
          -0.947446,
          -0.317733,
          1.458269
        ],
        [
          0.0,
          0.0,
          0.0,
          1.0
        ]
      ]
    },
    {
      "file_path": "/media/NFS/ttao/scannet/posed_images/scene0264_02/00096.jpg",
      "transform_matrix": [
        [
          -0.920009,
          0.119914,
          -0.3731,
          2.370783
        ],
        [
          0.391775,
          0.305155,
          -0.867982,
          3.441016
        ],
        [
          0.00977,
          -0.944723,
          -0.327725,
          1.457604
        ],
        [
          0.0,
          0.0,
          0.0,
          1.0
        ]
      ]
    },
    {
      "file_path": "/media/NFS/ttao/scannet/posed_images/scene0264_02/00098.jpg",
      "transform_matrix": [
        [
          -0.914396,
          0.126783,
          -0.384457,
          2.368468
        ],
        [
          0.404777,
          0.300525,
          -0.863621,
          3.455557
        ],
        [
          0.006047,
          -0.94531,
          -0.326117,
          1.454894
        ],
        [
          0.0,
          0.0,
          0.0,
          1.0
        ]
      ]
    },
    {
      "file_path": "/media/NFS/ttao/scannet/posed_images/scene0264_02/00104.jpg",
      "transform_matrix": [
        [
          -0.900981,
          0.154822,
          -0.405295,
          2.351272
        ],
        [
          0.433809,
          0.335572,
          -0.836183,
          3.50079
        ],
        [
          0.006546,
          -0.929205,
          -0.369507,
          1.442617
        ],
        [
          0.0,
          0.0,
          0.0,
          1.0
        ]
      ]
    },
    {
      "file_path": "/media/NFS/ttao/scannet/posed_images/scene0264_02/00105.jpg",
      "transform_matrix": [
        [
          -0.897534,
          0.15985,
          -0.410952,
          2.346236
        ],
        [
          0.440915,
          0.336452,
          -0.832103,
          3.508797
        ],
        [
          0.005254,
          -0.928035,
          -0.372457,
          1.445334
        ],
        [
          0.0,
          0.0,
          0.0,
          1.0
        ]
      ]
    },
    {
      "file_path": "/media/NFS/ttao/scannet/posed_images/scene0264_02/00110.jpg",
      "transform_matrix": [
        [
          -0.886462,
          0.17607,
          -0.428001,
          2.330935
        ],
        [
          0.46279,
          0.343528,
          -0.817199,
          3.546345
        ],
        [
          0.003146,
          -0.92249,
          -0.386008,
          1.447854
        ],
        [
          0.0,
          0.0,
          0.0,
          1.0
        ]
      ]
    },
    {
      "file_path": "/media/NFS/ttao/scannet/posed_images/scene0264_02/00113.jpg",
      "transform_matrix": [
        [
          -0.881969,
          0.173322,
          -0.43828,
          2.330483
        ],
        [
          0.471278,
          0.334668,
          -0.816024,
          3.566266
        ],
        [
          0.005243,
          -0.92626,
          -0.37685,
          1.447973
        ],
        [
          0.0,
          0.0,
          0.0,
          1.0
        ]
      ]
    },
    {
      "file_path": "/media/NFS/ttao/scannet/posed_images/scene0264_02/00117.jpg",
      "transform_matrix": [
        [
          -0.877223,
          0.154462,
          -0.454557,
          2.330588
        ],
        [
          0.479369,
          0.333475,
          -0.811788,
          3.585734
        ],
        [
          0.026193,
          -0.930019,
          -0.366576,
          1.446437
        ],
        [
          0.0,
          0.0,
          0.0,
          1.0
        ]
      ]
    },
    {
      "file_path": "/media/NFS/ttao/scannet/posed_images/scene0264_02/00120.jpg",
      "transform_matrix": [
        [
          -0.87288,
          0.147227,
          -0.465194,
          2.321676
        ],
        [
          0.486742,
          0.329355,
          -0.809078,
          3.594095
        ],
        [
          0.034096,
          -0.932658,
          -0.359149,
          1.450725
        ],
        [
          0.0,
          0.0,
          0.0,
          1.0
        ]
      ]
    },
    {
      "file_path": "/media/NFS/ttao/scannet/posed_images/scene0264_02/00127.jpg",
      "transform_matrix": [
        [
          -0.840019,
          0.125628,
          -0.527812,
          2.334451
        ],
        [
          0.539785,
          0.291724,
          -0.789639,
          3.582209
        ],
        [
          0.054775,
          -0.948217,
          -0.312865,
          1.455741
        ],
        [
          0.0,
          0.0,
          0.0,
          1.0
        ]
      ]
    },
    {
      "file_path": "/media/NFS/ttao/scannet/posed_images/scene0264_02/00128.jpg",
      "transform_matrix": [
        [
          -0.834562,
          0.124834,
          -0.536585,
          2.339128
        ],
        [
          0.548082,
          0.286764,
          -0.78573,
          3.577676
        ],
        [
          0.055787,
          -0.949833,
          -0.307742,
          1.456086
        ],
        [
          0.0,
          0.0,
          0.0,
          1.0
        ]
      ]
    },
    {
      "file_path": "/media/NFS/ttao/scannet/posed_images/scene0264_02/00133.jpg",
      "transform_matrix": [
        [
          -0.810449,
          0.127588,
          -0.571746,
          2.33562
        ],
        [
          0.584198,
          0.248369,
          -0.772675,
          3.564072
        ],
        [
          0.04342,
          -0.960226,
          -0.275827,
          1.47573
        ],
        [
          0.0,
          0.0,
          0.0,
          1.0
        ]
      ]
    },
    {
      "file_path": "/media/NFS/ttao/scannet/posed_images/scene0264_02/00138.jpg",
      "transform_matrix": [
        [
          -0.774617,
          0.121636,
          -0.620623,
          2.344306
        ],
        [
          0.630886,
          0.217143,
          -0.74487,
          3.547756
        ],
        [
          0.044161,
          -0.968532,
          -0.244941,
          1.475854
        ],
        [
          0.0,
          0.0,
          0.0,
          1.0
        ]
      ]
    },
    {
      "file_path": "/media/NFS/ttao/scannet/posed_images/scene0264_02/00139.jpg",
      "transform_matrix": [
        [
          -0.766044,
          0.125643,
          -0.630389,
          2.345683
        ],
        [
          0.641321,
          0.215605,
          -0.736357,
          3.543813
        ],
        [
          0.043397,
          -0.968364,
          -0.245741,
          1.475049
        ],
        [
          0.0,
          0.0,
          0.0,
          1.0
        ]
      ]
    },
    {
      "file_path": "/media/NFS/ttao/scannet/posed_images/scene0264_02/00145.jpg",
      "transform_matrix": [
        [
          -0.72393,
          0.113287,
          -0.680508,
          2.347374
        ],
        [
          0.687778,
          0.195344,
          -0.699144,
          3.520424
        ],
        [
          0.053729,
          -0.97417,
          -0.219331,
          1.478824
        ],
        [
          0.0,
          0.0,
          0.0,
          1.0
        ]
      ]
    },
    {
      "file_path": "/media/NFS/ttao/scannet/posed_images/scene0264_02/00150.jpg",
      "transform_matrix": [
        [
          -0.683563,
          0.106158,
          -0.722131,
          2.344559
        ],
        [
          0.727701,
          0.175722,
          -0.663003,
          3.507743
        ],
        [
          0.056511,
          -0.978699,
          -0.197368,
          1.486222
        ],
        [
          0.0,
          0.0,
          0.0,
          1.0
        ]
      ]
    },
    {
      "file_path": "/media/NFS/ttao/scannet/posed_images/scene0264_02/00151.jpg",
      "transform_matrix": [
        [
          -0.674557,
          0.106879,
          -0.730445,
          2.345377
        ],
        [
          0.735879,
          0.176141,
          -0.653802,
          3.50499
        ],
        [
          0.058784,
          -0.978545,
          -0.197468,
          1.485822
        ],
        [
          0.0,
          0.0,
          0.0,
          1.0
        ]
      ]
    },
    {
      "file_path": "/media/NFS/ttao/scannet/posed_images/scene0264_02/00154.jpg",
      "transform_matrix": [
        [
          -0.645906,
          0.10926,
          -0.755558,
          2.344879
        ],
        [
          0.760985,
          0.171084,
          -0.625805,
          3.496877
        ],
        [
          0.060889,
          -0.97918,
          -0.193649,
          1.490937
        ],
        [
          0.0,
          0.0,
          0.0,
          1.0
        ]
      ]
    },
    {
      "file_path": "/media/NFS/ttao/scannet/posed_images/scene0264_02/00158.jpg",
      "transform_matrix": [
        [
          -0.621455,
          0.096459,
          -0.77749,
          2.35099
        ],
        [
          0.781784,
          0.141043,
          -0.607389,
          3.488344
        ],
        [
          0.051071,
          -0.985293,
          -0.163062,
          1.491621
        ],
        [
          0.0,
          0.0,
          0.0,
          1.0
        ]
      ]
    },
    {
      "file_path": "/media/NFS/ttao/scannet/posed_images/scene0264_02/00163.jpg",
      "transform_matrix": [
        [
          -0.594154,
          0.081333,
          -0.800229,
          2.349575
        ],
        [
          0.803067,
          0.116171,
          -0.584455,
          3.482887
        ],
        [
          0.045428,
          -0.989894,
          -0.13434,
          1.501139
        ],
        [
          0.0,
          0.0,
          0.0,
          1.0
        ]
      ]
    },
    {
      "file_path": "/media/NFS/ttao/scannet/posed_images/scene0264_02/00168.jpg",
      "transform_matrix": [
        [
          -0.550477,
          0.071364,
          -0.831795,
          2.354622
        ],
        [
          0.833554,
          0.102482,
          -0.542849,
          3.472538
        ],
        [
          0.046504,
          -0.992172,
          -0.115899,
          1.497895
        ],
        [
          0.0,
          0.0,
          0.0,
          1.0
        ]
      ]
    },
    {
      "file_path": "/media/NFS/ttao/scannet/posed_images/scene0264_02/00172.jpg",
      "transform_matrix": [
        [
          -0.512997,
          0.086796,
          -0.853991,
          2.348572
        ],
        [
          0.857301,
          0.101908,
          -0.504628,
          3.469277
        ],
        [
          0.043229,
          -0.991,
          -0.126689,
          1.497213
        ],
        [
          0.0,
          0.0,
          0.0,
          1.0
        ]
      ]
    },
    {
      "file_path": "/media/NFS/ttao/scannet/posed_images/scene0264_02/00175.jpg",
      "transform_matrix": [
        [
          -0.489114,
          0.092941,
          -0.867254,
          2.347656
        ],
        [
          0.871287,
          0.098051,
          -0.48088,
          3.469632
        ],
        [
          0.040342,
          -0.990832,
          -0.128936,
          1.496514
        ],
        [
          0.0,
          0.0,
          0.0,
          1.0
        ]
      ]
    },
    {
      "file_path": "/media/NFS/ttao/scannet/posed_images/scene0264_02/00177.jpg",
      "transform_matrix": [
        [
          -0.470443,
          0.094259,
          -0.877382,
          2.349251
        ],
        [
          0.881579,
          0.093866,
          -0.46261,
          3.468535
        ],
        [
          0.038752,
          -0.991113,
          -0.127255,
          1.485521
        ],
        [
          0.0,
          0.0,
          0.0,
          1.0
        ]
      ]
    },
    {
      "file_path": "/media/NFS/ttao/scannet/posed_images/scene0264_02/00180.jpg",
      "transform_matrix": [
        [
          -0.461629,
          0.115803,
          -0.879482,
          2.338427
        ],
        [
          0.886148,
          0.105454,
          -0.451243,
          3.488097
        ],
        [
          0.04049,
          -0.987658,
          -0.1513,
          1.469746
        ],
        [
          0.0,
          0.0,
          0.0,
          1.0
        ]
      ]
    },
    {
      "file_path": "/media/NFS/ttao/scannet/posed_images/scene0264_02/00185.jpg",
      "transform_matrix": [
        [
          -0.424288,
          0.166836,
          -0.890026,
          2.334844
        ],
        [
          0.904108,
          0.133063,
          -0.406058,
          3.487333
        ],
        [
          0.050685,
          -0.976965,
          -0.207294,
          1.452588
        ],
        [
          0.0,
          0.0,
          0.0,
          1.0
        ]
      ]
    },
    {
      "file_path": "/media/NFS/ttao/scannet/posed_images/scene0264_02/00191.jpg",
      "transform_matrix": [
        [
          -0.412529,
          0.216096,
          -0.884942,
          2.335487
        ],
        [
          0.910009,
          0.141768,
          -0.389596,
          3.51556
        ],
        [
          0.041266,
          -0.966025,
          -0.255132,
          1.430656
        ],
        [
          0.0,
          0.0,
          0.0,
          1.0
        ]
      ]
    },
    {
      "file_path": "/media/NFS/ttao/scannet/posed_images/scene0264_02/00192.jpg",
      "transform_matrix": [
        [
          -0.413913,
          0.2226,
          -0.882681,
          2.33764
        ],
        [
          0.909473,
          0.142853,
          -0.390451,
          3.521079
        ],
        [
          0.039179,
          -0.964387,
          -0.261577,
          1.424491
        ],
        [
          0.0,
          0.0,
          0.0,
          1.0
        ]
      ]
    },
    {
      "file_path": "/media/NFS/ttao/scannet/posed_images/scene0264_02/00196.jpg",
      "transform_matrix": [
        [
          -0.412256,
          0.264077,
          -0.871957,
          2.343715
        ],
        [
          0.910549,
          0.151722,
          -0.384553,
          3.543188
        ],
        [
          0.030743,
          -0.952494,
          -0.303003,
          1.400993
        ],
        [
          0.0,
          0.0,
          0.0,
          1.0
        ]
      ]
    },
    {
      "file_path": "/media/NFS/ttao/scannet/posed_images/scene0264_02/00200.jpg",
      "transform_matrix": [
        [
          -0.412051,
          0.312227,
          -0.855996,
          2.347779
        ],
        [
          0.911115,
          0.150614,
          -0.383647,
          3.580135
        ],
        [
          0.00914,
          -0.937993,
          -0.346535,
          1.374856
        ],
        [
          0.0,
          0.0,
          0.0,
          1.0
        ]
      ]
    },
    {
      "file_path": "/media/NFS/ttao/scannet/posed_images/scene0264_02/00206.jpg",
      "transform_matrix": [
        [
          -0.377127,
          0.34762,
          -0.858449,
          2.364331
        ],
        [
          0.926157,
          0.144315,
          -0.348434,
          3.615185
        ],
        [
          0.002764,
          -0.926463,
          -0.376376,
          1.3587
        ],
        [
          0.0,
          0.0,
          0.0,
          1.0
        ]
      ]
    },
    {
      "file_path": "/media/NFS/ttao/scannet/posed_images/scene0264_02/00208.jpg",
      "transform_matrix": [
        [
          -0.365087,
          0.348843,
          -0.863146,
          2.371541
        ],
        [
          0.930959,
          0.1419,
          -0.336421,
          3.624117
        ],
        [
          0.005123,
          -0.926376,
          -0.376564,
          1.353426
        ],
        [
          0.0,
          0.0,
          0.0,
          1.0
        ]
      ]
    },
    {
      "file_path": "/media/NFS/ttao/scannet/posed_images/scene0264_02/00213.jpg",
      "transform_matrix": [
        [
          -0.339324,
          0.383877,
          -0.858777,
          2.379349
        ],
        [
          0.940542,
          0.123415,
          -0.316465,
          3.656174
        ],
        [
          -0.015497,
          -0.9151,
          -0.40293,
          1.341958
        ],
        [
          0.0,
          0.0,
          0.0,
          1.0
        ]
      ]
    },
    {
      "file_path": "/media/NFS/ttao/scannet/posed_images/scene0264_02/00214.jpg",
      "transform_matrix": [
        [
          -0.337514,
          0.383352,
          -0.859724,
          2.381802
        ],
        [
          0.941061,
          0.115985,
          -0.317728,
          3.661982
        ],
        [
          -0.022086,
          -0.916291,
          -0.399904,
          1.343539
        ],
        [
          0.0,
          0.0,
          0.0,
          1.0
        ]
      ]
    },
    {
      "file_path": "/media/NFS/ttao/scannet/posed_images/scene0264_02/00219.jpg",
      "transform_matrix": [
        [
          -0.318413,
          0.34834,
          -0.88163,
          2.391782
        ],
        [
          0.9477,
          0.095538,
          -0.304527,
          3.682764
        ],
        [
          -0.02185,
          -0.932487,
          -0.360543,
          1.350604
        ],
        [
          0.0,
          0.0,
          0.0,
          1.0
        ]
      ]
    },
    {
      "file_path": "/media/NFS/ttao/scannet/posed_images/scene0264_02/00225.jpg",
      "transform_matrix": [
        [
          -0.262728,
          0.273527,
          -0.925288,
          2.388031
        ],
        [
          0.964859,
          0.078996,
          -0.250612,
          3.69312
        ],
        [
          0.004545,
          -0.958615,
          -0.284669,
          1.397878
        ],
        [
          0.0,
          0.0,
          0.0,
          1.0
        ]
      ]
    },
    {
      "file_path": "/media/NFS/ttao/scannet/posed_images/scene0264_02/00228.jpg",
      "transform_matrix": [
        [
          -0.233426,
          0.251274,
          -0.939348,
          2.385238
        ],
        [
          0.972368,
          0.063779,
          -0.224571,
          3.68582
        ],
        [
          0.003482,
          -0.965813,
          -0.259218,
          1.417871
        ],
        [
          0.0,
          0.0,
          0.0,
          1.0
        ]
      ]
    },
    {
      "file_path": "/media/NFS/ttao/scannet/posed_images/scene0264_02/00232.jpg",
      "transform_matrix": [
        [
          -0.215152,
          0.21304,
          -0.95306,
          2.375906
        ],
        [
          0.976567,
          0.052065,
          -0.20882,
          3.711626
        ],
        [
          0.005134,
          -0.975655,
          -0.21925,
          1.428123
        ],
        [
          0.0,
          0.0,
          0.0,
          1.0
        ]
      ]
    },
    {
      "file_path": "/media/NFS/ttao/scannet/posed_images/scene0264_02/00234.jpg",
      "transform_matrix": [
        [
          -0.196869,
          0.212644,
          -0.957092,
          2.372386
        ],
        [
          0.980424,
          0.046111,
          -0.191423,
          3.709871
        ],
        [
          0.003427,
          -0.976041,
          -0.217559,
          1.432045
        ],
        [
          0.0,
          0.0,
          0.0,
          1.0
        ]
      ]
    },
    {
      "file_path": "/media/NFS/ttao/scannet/posed_images/scene0264_02/00238.jpg",
      "transform_matrix": [
        [
          -0.142082,
          0.20974,
          -0.967379,
          2.363592
        ],
        [
          0.989854,
          0.029061,
          -0.139083,
          3.706433
        ],
        [
          -0.001058,
          -0.977325,
          -0.211741,
          1.442669
        ],
        [
          0.0,
          0.0,
          0.0,
          1.0
        ]
      ]
    },
    {
      "file_path": "/media/NFS/ttao/scannet/posed_images/scene0264_02/00242.jpg",
      "transform_matrix": [
        [
          -0.084901,
          0.19422,
          -0.977277,
          2.356186
        ],
        [
          0.996343,
          0.02601,
          -0.081388,
          3.712356
        ],
        [
          0.009612,
          -0.980613,
          -0.195718,
          1.446611
        ],
        [
          0.0,
          0.0,
          0.0,
          1.0
        ]
      ]
    },
    {
      "file_path": "/media/NFS/ttao/scannet/posed_images/scene0264_02/00247.jpg",
      "transform_matrix": [
        [
          -0.021666,
          0.160318,
          -0.986828,
          2.350827
        ],
        [
          0.999739,
          0.010613,
          -0.020225,
          3.714263
        ],
        [
          0.007231,
          -0.987009,
          -0.160506,
          1.463192
        ],
        [
          0.0,
          0.0,
          0.0,
          1.0
        ]
      ]
    },
    {
      "file_path": "/media/NFS/ttao/scannet/posed_images/scene0264_02/00252.jpg",
      "transform_matrix": [
        [
          -0.00341,
          0.106977,
          -0.994256,
          2.354602
        ],
        [
          0.999936,
          -0.010392,
          -0.004548,
          3.73595
        ],
        [
          -0.010819,
          -0.994207,
          -0.106934,
          1.486499
        ],
        [
          0.0,
          0.0,
          0.0,
          1.0
        ]
      ]
    },
    {
      "file_path": "/media/NFS/ttao/scannet/posed_images/scene0264_02/00255.jpg",
      "transform_matrix": [
        [
          -0.001505,
          0.089506,
          -0.995985,
          2.355689
        ],
        [
          0.999881,
          -0.015158,
          -0.002873,
          3.736402
        ],
        [
          -0.015354,
          -0.995871,
          -0.089473,
          1.494863
        ],
        [
          0.0,
          0.0,
          0.0,
          1.0
        ]
      ]
    },
    {
      "file_path": "/media/NFS/ttao/scannet/posed_images/scene0264_02/00256.jpg",
      "transform_matrix": [
        [
          -0.001956,
          0.084229,
          -0.996445,
          2.355582
        ],
        [
          0.999867,
          -0.015983,
          -0.003314,
          3.736209
        ],
        [
          -0.016206,
          -0.996318,
          -0.084186,
          1.500004
        ],
        [
          0.0,
          0.0,
          0.0,
          1.0
        ]
      ]
    },
    {
      "file_path": "/media/NFS/ttao/scannet/posed_images/scene0264_02/00262.jpg",
      "transform_matrix": [
        [
          0.013807,
          0.051208,
          -0.998593,
          2.358214
        ],
        [
          0.99987,
          -0.009024,
          0.013362,
          3.733247
        ],
        [
          -0.008327,
          -0.998647,
          -0.051326,
          1.506033
        ],
        [
          0.0,
          0.0,
          0.0,
          1.0
        ]
      ]
    },
    {
      "file_path": "/media/NFS/ttao/scannet/posed_images/scene0264_02/00266.jpg",
      "transform_matrix": [
        [
          0.068153,
          0.052073,
          -0.996315,
          2.352396
        ],
        [
          0.997666,
          -0.00784,
          0.067835,
          3.726394
        ],
        [
          -0.004278,
          -0.998613,
          -0.052486,
          1.511169
        ],
        [
          0.0,
          0.0,
          0.0,
          1.0
        ]
      ]
    },
    {
      "file_path": "/media/NFS/ttao/scannet/posed_images/scene0264_02/00270.jpg",
      "transform_matrix": [
        [
          0.115874,
          0.048342,
          -0.992087,
          2.354379
        ],
        [
          0.993199,
          -0.01704,
          0.115173,
          3.73283
        ],
        [
          -0.011337,
          -0.998686,
          -0.049988,
          1.523853
        ],
        [
          0.0,
          0.0,
          0.0,
          1.0
        ]
      ]
    },
    {
      "file_path": "/media/NFS/ttao/scannet/posed_images/scene0264_02/00274.jpg",
      "transform_matrix": [
        [
          0.177862,
          0.047242,
          -0.982921,
          2.351018
        ],
        [
          0.984046,
          -0.012914,
          0.177444,
          3.727844
        ],
        [
          -0.004311,
          -0.9988,
          -0.048786,
          1.52942
        ],
        [
          0.0,
          0.0,
          0.0,
          1.0
        ]
      ]
    },
    {
      "file_path": "/media/NFS/ttao/scannet/posed_images/scene0264_02/00277.jpg",
      "transform_matrix": [
        [
          0.222078,
          0.048955,
          -0.973799,
          2.349602
        ],
        [
          0.975029,
          -0.010903,
          0.22181,
          3.722921
        ],
        [
          0.000241,
          -0.998742,
          -0.050154,
          1.533379
        ],
        [
          0.0,
          0.0,
          0.0,
          1.0
        ]
      ]
    },
    {
      "file_path": "/media/NFS/ttao/scannet/posed_images/scene0264_02/00279.jpg",
      "transform_matrix": [
        [
          0.264081,
          0.053973,
          -0.962989,
          2.345472
        ],
        [
          0.964488,
          -0.009689,
          0.263948,
          3.717374
        ],
        [
          0.004915,
          -0.998495,
          -0.054615,
          1.528494
        ],
        [
          0.0,
          0.0,
          0.0,
          1.0
        ]
      ]
    },
    {
      "file_path": "/media/NFS/ttao/scannet/posed_images/scene0264_02/00282.jpg",
      "transform_matrix": [
        [
          0.29169,
          0.069618,
          -0.953976,
          2.345655
        ],
        [
          0.956446,
          -0.009414,
          0.291758,
          3.738694
        ],
        [
          0.011331,
          -0.997529,
          -0.069332,
          1.524484
        ],
        [
          0.0,
          0.0,
          0.0,
          1.0
        ]
      ]
    },
    {
      "file_path": "/media/NFS/ttao/scannet/posed_images/scene0264_02/00289.jpg",
      "transform_matrix": [
        [
          0.352679,
          0.104304,
          -0.929913,
          2.328865
        ],
        [
          0.935721,
          -0.03222,
          0.351268,
          3.724995
        ],
        [
          0.006677,
          -0.994023,
          -0.108963,
          1.507402
        ],
        [
          0.0,
          0.0,
          0.0,
          1.0
        ]
      ]
    },
    {
      "file_path": "/media/NFS/ttao/scannet/posed_images/scene0264_02/00290.jpg",
      "transform_matrix": [
        [
          0.345892,
          0.103878,
          -0.932507,
          2.329443
        ],
        [
          0.938269,
          -0.035016,
          0.344129,
          3.73765
        ],
        [
          0.003095,
          -0.993974,
          -0.109577,
          1.503496
