{
  "frames": [
    {
      "file_path": "/media/NFS/ttao/scannet/posed_images/scene0161_02/00000.jpg",
      "transform_matrix": [
        [
          0.375173,
          0.592628,
          -0.712767,
          3.291958
        ],
        [
          0.926898,
          -0.248368,
          0.281379,
          1.376495
        ],
        [
          -0.010276,
          -0.766228,
          -0.642487,
          1.450915
        ],
        [
          0.0,
          0.0,
          0.0,
          1.0
        ]
      ]
    },
    {
      "file_path": "/media/NFS/ttao/scannet/posed_images/scene0161_02/00001.jpg",
      "transform_matrix": [
        [
          0.376953,
          0.593761,
          -0.710883,
          3.292103
        ],
        [
          0.926192,
          -0.248804,
          0.28331,
          1.371251
        ],
        [
          -0.008652,
          -0.765209,
          -0.643724,
          1.44638
        ],
        [
          0.0,
          0.0,
          0.0,
          1.0
        ]
      ]
    },
    {
      "file_path": "/media/NFS/ttao/scannet/posed_images/scene0161_02/00002.jpg",
      "transform_matrix": [
        [
          0.377581,
          0.599588,
          -0.705639,
          3.292467
        ],
        [
          0.925965,
          -0.24828,
          0.28451,
          1.364156
        ],
        [
          -0.004607,
          -0.760822,
          -0.648944,
          1.440978
        ],
        [
          0.0,
          0.0,
          0.0,
          1.0
        ]
      ]
    },
    {
      "file_path": "/media/NFS/ttao/scannet/posed_images/scene0161_02/00003.jpg",
      "transform_matrix": [
        [
          0.379529,
          0.602094,
          -0.702453,
          3.291293
        ],
        [
          0.925175,
          -0.249394,
          0.286101,
          1.359511
        ],
        [
          -0.002928,
          -0.758476,
          -0.651695,
          1.438905
        ],
        [
          0.0,
          0.0,
          0.0,
          1.0
        ]
      ]
    },
    {
      "file_path": "/media/NFS/ttao/scannet/posed_images/scene0161_02/00004.jpg",
      "transform_matrix": [
        [
          0.379963,
          0.606156,
          -0.698715,
          3.290648
        ],
        [
          0.925001,
          -0.249983,
          0.28615,
          1.356547
        ],
        [
          -0.001215,
          -0.755039,
          -0.655679,
          1.437933
        ],
        [
          0.0,
          0.0,
          0.0,
          1.0
        ]
      ]
    },
    {
      "file_path": "/media/NFS/ttao/scannet/posed_images/scene0161_02/00005.jpg",
      "transform_matrix": [
        [
          0.380105,
          0.609611,
          -0.695625,
          3.288649
        ],
        [
          0.924943,
          -0.250656,
          0.285747,
          1.352818
        ],
        [
          -0.000168,
          -0.752028,
          -0.659131,
          1.43662
        ],
        [
          0.0,
          0.0,
          0.0,
          1.0
        ]
      ]
    },
    {
      "file_path": "/media/NFS/ttao/scannet/posed_images/scene0161_02/00006.jpg",
      "transform_matrix": [
        [
          0.379217,
          0.612376,
          -0.693678,
          3.288873
        ],
        [
          0.925307,
          -0.250588,
          0.284626,
          1.349428
        ],
        [
          0.000471,
          -0.749801,
          -0.661663,
          1.434824
        ],
        [
          0.0,
          0.0,
          0.0,
          1.0
        ]
      ]
    },
    {
      "file_path": "/media/NFS/ttao/scannet/posed_images/scene0161_02/00007.jpg",
      "transform_matrix": [
        [
          0.377428,
          0.615289,
          -0.692075,
          3.289948
        ],
        [
          0.926038,
          -0.249693,
          0.283032,
          1.34612
        ],
        [
          0.00134,
          -0.747712,
          -0.664022,
          1.431265
        ],
        [
          0.0,
          0.0,
          0.0,
          1.0
        ]
      ]
    },
    {
      "file_path": "/media/NFS/ttao/scannet/posed_images/scene0161_02/00008.jpg",
      "transform_matrix": [
        [
          0.375515,
          0.619699,
          -0.689174,
          3.290985
        ],
        [
          0.926813,
          -0.249055,
          0.281051,
          1.345465
        ],
        [
          0.002525,
          -0.744274,
          -0.667869,
          1.430266
        ],
        [
          0.0,
          0.0,
          0.0,
          1.0
        ]
      ]
    },
    {
      "file_path": "/media/NFS/ttao/scannet/posed_images/scene0161_02/00009.jpg",
      "transform_matrix": [
        [
          0.375904,
          0.62256,
          -0.686379,
          3.288175
        ],
        [
          0.926651,
          -0.249601,
          0.281099,
          1.340584
        ],
        [
          0.003681,
          -0.7417,
          -0.670722,
          1.428392
        ],
        [
          0.0,
          0.0,
          0.0,
          1.0
        ]
      ]
    },
    {
      "file_path": "/media/NFS/ttao/scannet/posed_images/scene0161_02/00010.jpg",
      "transform_matrix": [
        [
          0.373158,
          0.625601,
          -0.685111,
          3.286229
        ],
        [
          0.927759,
          -0.248469,
          0.278435,
          1.339003
        ],
        [
          0.003961,
          -0.739518,
          -0.673125,
          1.428215
        ],
        [
          0.0,
          0.0,
          0.0,
          1.0
        ]
      ]
    },
    {
      "file_path": "/media/NFS/ttao/scannet/posed_images/scene0161_02/00011.jpg",
      "transform_matrix": [
        [
          0.370697,
          0.628896,
          -0.683427,
          3.289234
        ],
        [
          0.928746,
          -0.247935,
          0.275608,
          1.336975
        ],
        [
          0.003883,
          -0.736897,
          -0.675994,
          1.424299
        ],
        [
          0.0,
          0.0,
          0.0,
          1.0
        ]
      ]
    },
    {
      "file_path": "/media/NFS/ttao/scannet/posed_images/scene0161_02/00012.jpg",
      "transform_matrix": [
        [
          0.369921,
          0.629276,
          -0.683499,
          3.290576
        ],
        [
          0.929058,
          -0.24817,
          0.274339,
          1.336915
        ],
        [
          0.003011,
          -0.736494,
          -0.676437,
          1.42245
        ],
        [
          0.0,
          0.0,
          0.0,
          1.0
        ]
      ]
    },
    {
      "file_path": "/media/NFS/ttao/scannet/posed_images/scene0161_02/00013.jpg",
      "transform_matrix": [
        [
          0.36969,
          0.629485,
          -0.683431,
          3.292266
        ],
        [
          0.929154,
          -0.249211,
          0.27307,
          1.336357
        ],
        [
          0.001575,
          -0.735964,
          -0.677019,
          1.42014
        ],
        [
          0.0,
          0.0,
          0.0,
          1.0
        ]
      ]
    },
    {
      "file_path": "/media/NFS/ttao/scannet/posed_images/scene0161_02/00014.jpg",
      "transform_matrix": [
        [
          0.366912,
          0.631278,
          -0.683275,
          3.295107
        ],
        [
          0.930256,
          -0.248913,
          0.269568,
          1.339344
        ],
        [
          9.6e-05,
          -0.734528,
          -0.678579,
          1.417375
        ],
        [
          0.0,
          0.0,
          0.0,
          1.0
        ]
      ]
    },
    {
      "file_path": "/media/NFS/ttao/scannet/posed_images/scene0161_02/00015.jpg",
      "transform_matrix": [
        [
          0.364128,
          0.634195,
          -0.682061,
          3.298155
        ],
        [
          0.931349,
          -0.247448,
          0.267132,
          1.33889
        ],
        [
          0.000639,
          -0.732507,
          -0.68076,
          1.412473
        ],
        [
          0.0,
          0.0,
          0.0,
          1.0
        ]
      ]
    },
    {
      "file_path": "/media/NFS/ttao/scannet/posed_images/scene0161_02/00016.jpg",
      "transform_matrix": [
        [
          0.362665,
          0.63908,
          -0.678271,
          3.299803
        ],
        [
          0.931919,
          -0.248349,
          0.26429,
          1.341084
        ],
        [
          0.000455,
          -0.727942,
          -0.685638,
          1.408906
        ],
        [
          0.0,
          0.0,
          0.0,
          1.0
        ]
      ]
    },
    {
      "file_path": "/media/NFS/ttao/scannet/posed_images/scene0161_02/00017.jpg",
      "transform_matrix": [
        [
          0.361387,
          0.645343,
          -0.673002,
          3.301112
        ],
        [
          0.932412,
          -0.248023,
          0.262855,
          1.342601
        ],
        [
          0.002711,
          -0.722508,
          -0.691358,
          1.406458
        ],
        [
          0.0,
          0.0,
          0.0,
          1.0
        ]
      ]
    },
    {
      "file_path": "/media/NFS/ttao/scannet/posed_images/scene0161_02/00018.jpg",
      "transform_matrix": [
        [
          0.359819,
          0.650765,
          -0.668607,
          3.298949
        ],
        [
          0.933008,
          -0.247023,
          0.261678,
          1.345572
        ],
        [
          0.00513,
          -0.717973,
          -0.696052,
          1.406273
        ],
        [
          0.0,
          0.0,
          0.0,
          1.0
        ]
      ]
    },
    {
      "file_path": "/media/NFS/ttao/scannet/posed_images/scene0161_02/00019.jpg",
      "transform_matrix": [
        [
          0.358573,
          0.651557,
          -0.668505,
          3.301464
        ],
        [
          0.933474,
          -0.24473,
          0.262171,
          1.345682
        ],
        [
          0.007216,
          -0.718039,
          -0.695965,
          1.403605
        ],
        [
          0.0,
          0.0,
          0.0,
          1.0
        ]
      ]
    },
    {
      "file_path": "/media/NFS/ttao/scannet/posed_images/scene0161_02/00020.jpg",
      "transform_matrix": [
        [
          0.35654,
          0.651877,
          -0.66928,
          3.300853
        ],
        [
          0.934262,
          -0.24434,
          0.259715,
          1.353559
        ],
        [
          0.00577,
          -0.717881,
          -0.696141,
          1.398215
        ],
        [
          0.0,
          0.0,
          0.0,
          1.0
        ]
      ]
    },
    {
      "file_path": "/media/NFS/ttao/scannet/posed_images/scene0161_02/00021.jpg",
      "transform_matrix": [
        [
          0.352944,
          0.654637,
          -0.668492,
          3.30794
        ],
        [
          0.935618,
          -0.241535,
          0.257449,
          1.35698
        ],
        [
          0.007071,
          -0.716318,
          -0.697739,
          1.389372
        ],
        [
          0.0,
          0.0,
          0.0,
          1.0
        ]
      ]
    },
    {
      "file_path": "/media/NFS/ttao/scannet/posed_images/scene0161_02/00022.jpg",
      "transform_matrix": [
        [
          0.353342,
          0.662378,
          -0.66061,
          3.310524
        ],
        [
          0.935457,
          -0.243921,
          0.255777,
          1.356764
        ],
        [
          0.008284,
          -0.708349,
          -0.705814,
          1.384525
        ],
        [
          0.0,
          0.0,
          0.0,
          1.0
        ]
      ]
    },
    {
      "file_path": "/media/NFS/ttao/scannet/posed_images/scene0161_02/00023.jpg",
      "transform_matrix": [
        [
          0.351597,
          0.672877,
          -0.650858,
          3.31169
        ],
        [
          0.936105,
          -0.245769,
          0.251605,
          1.365492
        ],
        [
          0.009339,
          -0.697735,
          -0.716295,
          1.38427
        ],
        [
          0.0,
          0.0,
          0.0,
          1.0
        ]
      ]
    },
    {
      "file_path": "/media/NFS/ttao/scannet/posed_images/scene0161_02/00024.jpg",
      "transform_matrix": [
        [
          0.350887,
          0.679782,
          -0.64403,
          3.312133
        ],
        [
          0.936321,
          -0.244787,
          0.25176,
          1.369618
        ],
        [
          0.013491,
          -0.691358,
          -0.722387,
          1.383596
        ],
        [
          0.0,
          0.0,
          0.0,
          1.0
        ]
      ]
    },
    {
      "file_path": "/media/NFS/ttao/scannet/posed_images/scene0161_02/00025.jpg",
      "transform_matrix": [
        [
          0.348751,
          0.684618,
          -0.640055,
          3.315296
        ],
        [
          0.937074,
          -0.242852,
          0.250829,
          1.37551
        ],
        [
          0.016283,
          -0.687256,
          -0.726233,
          1.383224
        ],
        [
          0.0,
          0.0,
          0.0,
          1.0
        ]
      ]
    },
    {
      "file_path": "/media/NFS/ttao/scannet/posed_images/scene0161_02/00026.jpg",
      "transform_matrix": [
        [
          0.347518,
          0.687072,
          -0.638093,
          3.316716
        ],
        [
          0.937512,
          -0.241976,
          0.250038,
          1.383777
        ],
        [
          0.017391,
          -0.685112,
          -0.72823,
          1.384123
        ],
        [
          0.0,
          0.0,
          0.0,
          1.0
        ]
      ]
    },
    {
      "file_path": "/media/NFS/ttao/scannet/posed_images/scene0161_02/00027.jpg",
      "transform_matrix": [
        [
          0.346101,
          0.687304,
          -0.638614,
          3.324609
        ],
        [
          0.938051,
          -0.241511,
          0.248459,
          1.401891
        ],
        [
          0.016535,
          -0.685045,
          -0.728313,
          1.384728
        ],
        [
          0.0,
          0.0,
          0.0,
          1.0
        ]
      ]
    },
    {
      "file_path": "/media/NFS/ttao/scannet/posed_images/scene0161_02/00028.jpg",
      "transform_matrix": [
        [
          0.344436,
          0.686771,
          -0.640085,
          3.328899
        ],
        [
          0.938696,
          -0.241309,
          0.246212,
          1.412531
        ],
        [
          0.014633,
          -0.68565,
          -0.727785,
          1.386105
        ],
        [
          0.0,
          0.0,
          0.0,
          1.0
        ]
      ]
    },
    {
      "file_path": "/media/NFS/ttao/scannet/posed_images/scene0161_02/00029.jpg",
      "transform_matrix": [
        [
          0.343661,
          0.686158,
          -0.641159,
          3.334389
        ],
        [
          0.938997,
          -0.241245,
          0.245124,
          1.424817
        ],
        [
          0.013517,
          -0.686286,
          -0.727206,
          1.388089
        ],
        [
          0.0,
          0.0,
          0.0,
          1.0
        ]
      ]
    },
    {
      "file_path": "/media/NFS/ttao/scannet/posed_images/scene0161_02/00030.jpg",
      "transform_matrix": [
        [
          0.341773,
          0.686995,
          -0.641271,
          3.338421
        ],
        [
          0.939676,
          -0.239531,
          0.244201,
          1.435708
        ],
        [
          0.01416,
          -0.686049,
          -0.727418,
          1.391537
        ],
        [
          0.0,
          0.0,
          0.0,
          1.0
        ]
      ]
    },
    {
      "file_path": "/media/NFS/ttao/scannet/posed_images/scene0161_02/00031.jpg",
      "transform_matrix": [
        [
          0.345226,
          0.68536,
          -0.641171,
          3.342727
        ],
        [
          0.938379,
          -0.240236,
          0.248459,
          1.442986
        ],
        [
          0.016252,
          -0.687436,
          -0.726063,
          1.391008
        ],
        [
          0.0,
          0.0,
          0.0,
          1.0
        ]
      ]
    },
    {
      "file_path": "/media/NFS/ttao/scannet/posed_images/scene0161_02/00032.jpg",
      "transform_matrix": [
        [
          0.347073,
          0.68468,
          -0.640901,
          3.34781
        ],
        [
          0.937672,
          -0.240468,
          0.250892,
          1.450198
        ],
        [
          0.017664,
          -0.688033,
          -0.725465,
          1.389616
        ],
        [
          0.0,
          0.0,
          0.0,
          1.0
        ]
      ]
    },
    {
      "file_path": "/media/NFS/ttao/scannet/posed_images/scene0161_02/00033.jpg",
      "transform_matrix": [
        [
          0.347663,
          0.685358,
          -0.639855,
          3.352449
        ],
        [
          0.937466,
          -0.241738,
          0.25044,
          1.459602
        ],
        [
          0.016964,
          -0.686911,
          -0.726544,
          1.389616
        ],
        [
          0.0,
          0.0,
          0.0,
          1.0
        ]
      ]
    },
    {
      "file_path": "/media/NFS/ttao/scannet/posed_images/scene0161_02/00034.jpg",
      "transform_matrix": [
        [
          0.347441,
          0.685053,
          -0.640303,
          3.35631
        ],
        [
          0.937577,
          -0.242655,
          0.249135,
          1.471331
        ],
        [
          0.015298,
          -0.686893,
          -0.726598,
          1.390892
        ],
        [
          0.0,
          0.0,
          0.0,
          1.0
        ]
      ]
    },
    {
      "file_path": "/media/NFS/ttao/scannet/posed_images/scene0161_02/00035.jpg",
      "transform_matrix": [
        [
          0.346283,
          0.683718,
          -0.642354,
          3.363545
        ],
        [
          0.938034,
          -0.242551,
          0.24751,
          1.484414
        ],
        [
          0.013424,
          -0.688258,
          -0.725342,
          1.389474
        ],
        [
          0.0,
          0.0,
          0.0,
          1.0
        ]
      ]
    },
    {
      "file_path": "/media/NFS/ttao/scannet/posed_images/scene0161_02/00036.jpg",
      "transform_matrix": [
        [
          0.346486,
          0.684262,
          -0.641665,
          3.368458
        ],
        [
          0.937972,
          -0.243604,
          0.246711,
          1.49428
        ],
        [
          0.012503,
          -0.687345,
          -0.726223,
          1.389465
        ],
        [
          0.0,
          0.0,
          0.0,
          1.0
        ]
      ]
    },
    {
      "file_path": "/media/NFS/ttao/scannet/posed_images/scene0161_02/00037.jpg",
      "transform_matrix": [
        [
          0.345476,
          0.684844,
          -0.641588,
          3.375005
        ],
        [
          0.938367,
          -0.24432,
          0.244491,
          1.506542
        ],
        [
          0.010685,
          -0.68651,
          -0.727042,
          1.38857
        ],
        [
          0.0,
          0.0,
          0.0,
          1.0
        ]
      ]
    },
    {
      "file_path": "/media/NFS/ttao/scannet/posed_images/scene0161_02/00038.jpg",
      "transform_matrix": [
        [
          0.34428,
          0.686076,
          -0.640914,
          3.381949
        ],
        [
          0.9388,
          -0.24339,
          0.243755,
          1.516989
        ],
        [
          0.011243,
          -0.68561,
          -0.727882,
          1.387311
        ],
        [
          0.0,
          0.0,
          0.0,
          1.0
        ]
      ]
    },
    {
      "file_path": "/media/NFS/ttao/scannet/posed_images/scene0161_02/00039.jpg",
      "transform_matrix": [
        [
          0.342584,
          0.688093,
          -0.63966,
          3.385785
        ],
        [
          0.939402,
          -0.241735,
          0.243079,
          1.525052
        ],
        [
          0.012633,
          -0.684173,
          -0.72921,
          1.386637
        ],
        [
          0.0,
          0.0,
          0.0,
          1.0
        ]
      ]
    },
    {
      "file_path": "/media/NFS/ttao/scannet/posed_images/scene0161_02/00040.jpg",
      "transform_matrix": [
        [
          0.336767,
          0.690262,
          -0.640411,
          3.391903
        ],
        [
          0.941538,
          -0.239842,
          0.236605,
          1.540414
        ],
        [
          0.009722,
          -0.682652,
          -0.730679,
          1.387502
        ],
        [
          0.0,
          0.0,
          0.0,
          1.0
        ]
      ]
    },
    {
      "file_path": "/media/NFS/ttao/scannet/posed_images/scene0161_02/00041.jpg",
      "transform_matrix": [
        [
          0.333182,
          0.69195,
          -0.640465,
          3.3979
        ],
        [
          0.942808,
          -0.237172,
          0.23423,
          1.552135
        ],
        [
          0.010175,
          -0.681876,
          -0.731397,
          1.387894
        ],
        [
          0.0,
          0.0,
          0.0,
          1.0
        ]
      ]
    },
    {
      "file_path": "/media/NFS/ttao/scannet/posed_images/scene0161_02/00042.jpg",
      "transform_matrix": [
        [
          0.331748,
          0.692284,
          -0.640848,
          3.403825
        ],
        [
          0.94331,
          -0.235917,
          0.233472,
          1.563667
        ],
        [
          0.010442,
          -0.681972,
          -0.731303,
          1.388678
        ],
        [
          0.0,
          0.0,
          0.0,
          1.0
        ]
      ]
    },
    {
      "file_path": "/media/NFS/ttao/scannet/posed_images/scene0161_02/00043.jpg",
      "transform_matrix": [
        [
          0.332097,
          0.691464,
          -0.641553,
          3.409932
        ],
        [
          0.943189,
          -0.236008,
          0.233869,
          1.578579
        ],
        [
          0.0103,
          -0.682772,
          -0.730558,
          1.389204
        ],
        [
          0.0,
          0.0,
          0.0,
          1.0
        ]
      ]
    },
    {
      "file_path": "/media/NFS/ttao/scannet/posed_images/scene0161_02/00044.jpg",
      "transform_matrix": [
        [
          0.331807,
          0.690105,
          -0.643164,
          3.416711
        ],
        [
          0.943293,
          -0.235386,
          0.234077,
          1.594363
        ],
        [
          0.010146,
          -0.68436,
          -0.729073,
          1.389701
        ],
        [
          0.0,
          0.0,
          0.0,
          1.0
        ]
      ]
    },
    {
      "file_path": "/media/NFS/ttao/scannet/posed_images/scene0161_02/00045.jpg",
      "transform_matrix": [
        [
          0.334775,
          0.687094,
          -0.644847,
          3.423214
        ],
        [
          0.942238,
          -0.236387,
          0.237293,
          1.606017
        ],
        [
          0.010609,
          -0.687039,
          -0.726543,
          1.38917
        ],
        [
          0.0,
          0.0,
          0.0,
          1.0
        ]
      ]
    },
    {
      "file_path": "/media/NFS/ttao/scannet/posed_images/scene0161_02/00046.jpg",
      "transform_matrix": [
        [
          0.338138,
          0.685493,
          -0.644796,
          3.428344
        ],
        [
          0.941022,
          -0.237653,
          0.240829,
          1.619984
        ],
        [
          0.011849,
          -0.6882,
          -0.725424,
          1.38914
        ],
        [
          0.0,
          0.0,
          0.0,
          1.0
        ]
      ]
    },
    {
      "file_path": "/media/NFS/ttao/scannet/posed_images/scene0161_02/00047.jpg",
      "transform_matrix": [
        [
          0.340006,
          0.683901,
          -0.645504,
          3.43523
        ],
        [
          0.940324,
          -0.237258,
          0.243926,
          1.635718
        ],
        [
          0.01367,
          -0.689919,
          -0.723758,
          1.388184
        ],
        [
          0.0,
          0.0,
          0.0,
          1.0
        ]
      ]
    },
    {
      "file_path": "/media/NFS/ttao/scannet/posed_images/scene0161_02/00048.jpg",
      "transform_matrix": [
        [
          0.3436,
          0.682401,
          -0.645188,
          3.441343
        ],
        [
          0.938993,
          -0.238535,
          0.247775,
          1.647446
        ],
        [
          0.015182,
          -0.690963,
          -0.722731,
          1.388376
        ],
        [
          0.0,
          0.0,
          0.0,
          1.0
        ]
      ]
    },
    {
      "file_path": "/media/NFS/ttao/scannet/posed_images/scene0161_02/00049.jpg",
      "transform_matrix": [
        [
          0.347885,
          0.68146,
          -0.643885,
          3.447485
        ],
        [
          0.937349,
          -0.239031,
          0.25346,
          1.661132
        ],
        [
          0.018814,
          -0.69172,
          -0.721921,
          1.386327
        ],
        [
          0.0,
          0.0,
          0.0,
          1.0
        ]
      ]
    },
    {
      "file_path": "/media/NFS/ttao/scannet/posed_images/scene0161_02/00050.jpg",
      "transform_matrix": [
        [
          0.350356,
          0.682637,
          -0.641293,
          3.452871
        ],
        [
          0.936375,
          -0.239743,
          0.256368,
          1.673682
        ],
        [
          0.021261,
          -0.690311,
          -0.7232,
          1.385744
        ],
        [
          0.0,
          0.0,
          0.0,
          1.0
        ]
      ]
    },
    {
      "file_path": "/media/NFS/ttao/scannet/posed_images/scene0161_02/00051.jpg",
      "transform_matrix": [
        [
          0.355763,
          0.682683,
          -0.63826,
          3.458385
        ],
        [
          0.934278,
          -0.242554,
          0.261327,
          1.687773
        ],
        [
          0.023591,
          -0.689283,
          -0.724108,
          1.385456
        ],
        [
          0.0,
          0.0,
          0.0,
          1.0
        ]
      ]
    },
    {
      "file_path": "/media/NFS/ttao/scannet/posed_images/scene0161_02/00052.jpg",
      "transform_matrix": [
        [
          0.359799,
          0.6826,
          -0.636083,
          3.46427
        ],
        [
          0.932626,
          -0.243067,
          0.266696,
          1.704957
        ],
        [
          0.027436,
          -0.689184,
          -0.724066,
          1.386202
        ],
        [
          0.0,
          0.0,
          0.0,
          1.0
        ]
      ]
    },
    {
      "file_path": "/media/NFS/ttao/scannet/posed_images/scene0161_02/00053.jpg",
      "transform_matrix": [
        [
          0.365933,
          0.680167,
          -0.63519,
          3.470237
        ],
        [
          0.930158,
          -0.245326,
          0.273168,
          1.719801
        ],
        [
          0.029971,
          -0.690788,
          -0.722436,
          1.385215
        ],
        [
          0.0,
          0.0,
          0.0,
          1.0
        ]
      ]
    },
    {
      "file_path": "/media/NFS/ttao/scannet/posed_images/scene0161_02/00054.jpg",
      "transform_matrix": [
        [
          0.373224,
          0.67803,
          -0.633229,
          3.475066
        ],
        [
          0.927178,
          -0.248812,
          0.280061,
          1.732642
        ],
        [
          0.032334,
          -0.691641,
          -0.721517,
          1.385445
        ],
        [
          0.0,
          0.0,
          0.0,
          1.0
        ]
      ]
    },
    {
      "file_path": "/media/NFS/ttao/scannet/posed_images/scene0161_02/00055.jpg",
      "transform_matrix": [
        [
          0.381807,
          0.676286,
          -0.629969,
          3.479085
        ],
        [
          0.923613,
          -0.254032,
          0.287067,
          1.744988
        ],
        [
          0.034107,
          -0.691451,
          -0.721618,
          1.386222
        ],
        [
          0.0,
          0.0,
          0.0,
          1.0
        ]
      ]
    },
    {
      "file_path": "/media/NFS/ttao/scannet/posed_images/scene0161_02/00056.jpg",
      "transform_matrix": [
        [
          0.389074,
          0.673565,
          -0.628437,
          3.482282
        ],
        [
          0.920641,
          -0.260394,
          0.290888,
          1.760009
        ],
        [
          0.03229,
          -0.691741,
          -0.721424,
          1.388457
        ],
        [
          0.0,
          0.0,
          0.0,
          1.0
        ]
      ]
    },
    {
      "file_path": "/media/NFS/ttao/scannet/posed_images/scene0161_02/00057.jpg",
      "transform_matrix": [
        [
          0.395713,
          0.669174,
          -0.628981,
          3.486104
        ],
        [
          0.917881,
          -0.265732,
          0.294757,
          1.773666
        ],
        [
          0.030103,
          -0.693969,
          -0.719375,
          1.39142
        ],
        [
          0.0,
          0.0,
          0.0,
          1.0
        ]
      ]
    },
    {
      "file_path": "/media/NFS/ttao/scannet/posed_images/scene0161_02/00058.jpg",
      "transform_matrix": [
        [
          0.403095,
          0.664066,
          -0.629707,
          3.489176
        ],
        [
          0.914707,
          -0.270763,
          0.299996,
          1.78438
        ],
        [
          0.028715,
          -0.696924,
          -0.716569,
          1.393147
        ],
        [
          0.0,
          0.0,
          0.0,
          1.0
        ]
      ]
    },
    {
      "file_path": "/media/NFS/ttao/scannet/posed_images/scene0161_02/00059.jpg",
      "transform_matrix": [
        [
          0.414865,
          0.656186,
          -0.630323,
          3.493602
        ],
        [
          0.909541,
          -0.280103,
          0.307045,
          1.810023
        ],
        [
          0.024924,
          -0.700687,
          -0.713033,
          1.396265
        ],
        [
          0.0,
          0.0,
          0.0,
          1.0
        ]
      ]
    },
    {
      "file_path": "/media/NFS/ttao/scannet/posed_images/scene0161_02/00060.jpg",
      "transform_matrix": [
        [
          0.415985,
          0.656104,
          -0.629669,
          3.4967
        ],
        [
          0.909073,
          -0.28229,
          0.30643,
          1.824544
        ],
        [
          0.0233,
          -0.699885,
          -0.713875,
          1.398674
        ],
        [
          0.0,
          0.0,
          0.0,
          1.0
        ]
      ]
    },
    {
      "file_path": "/media/NFS/ttao/scannet/posed_images/scene0161_02/00061.jpg",
      "transform_matrix": [
        [
          0.423315,
          0.655752,
          -0.625135,
          3.496792
        ],
        [
          0.905664,
          -0.287983,
          0.31119,
          1.831553
        ],
        [
          0.024035,
          -0.697893,
          -0.715798,
          1.399005
        ],
        [
          0.0,
          0.0,
          0.0,
          1.0
        ]
      ]
    },
    {
      "file_path": "/media/NFS/ttao/scannet/posed_images/scene0161_02/00062.jpg",
      "transform_matrix": [
        [
          0.430499,
          0.657154,
          -0.618724,
          3.495479
        ],
        [
          0.902267,
          -0.294958,
          0.314506,
          1.841739
        ],
        [
          0.024181,
          -0.693648,
          -0.719908,
          1.40167
        ],
        [
          0.0,
          0.0,
          0.0,
          1.0
        ]
      ]
    },
    {
      "file_path": "/media/NFS/ttao/scannet/posed_images/scene0161_02/00063.jpg",
      "transform_matrix": [
        [
          0.43529,
          0.659907,
          -0.61241,
          3.492859
        ],
        [
          0.899943,
          -0.300036,
          0.316356,
          1.854016
        ],
        [
          0.02502,
          -0.68884,
          -0.724481,
          1.405151
        ],
        [
          0.0,
          0.0,
          0.0,
          1.0
        ]
      ]
    },
    {
      "file_path": "/media/NFS/ttao/scannet/posed_images/scene0161_02/00064.jpg",
      "transform_matrix": [
        [
          0.441154,
          0.659736,
          -0.608384,
          3.490846
        ],
        [
          0.897119,
          -0.306314,
          0.318354,
          1.865111
        ],
        [
          0.023673,
          -0.686236,
          -0.726993,
          1.408495
        ],
        [
          0.0,
          0.0,
          0.0,
          1.0
        ]
      ]
    },
    {
      "file_path": "/media/NFS/ttao/scannet/posed_images/scene0161_02/00065.jpg",
      "transform_matrix": [
        [
          0.445177,
          0.658816,
          -0.606448,
          3.488119
        ],
        [
          0.895174,
          -0.310862,
          0.319419,
          1.876111
        ],
        [
          0.021917,
          -0.685074,
          -0.728144,
          1.413392
        ],
        [
          0.0,
          0.0,
          0.0,
          1.0
        ]
      ]
    },
    {
      "file_path": "/media/NFS/ttao/scannet/posed_images/scene0161_02/00066.jpg",
      "transform_matrix": [
        [
          0.447759,
          0.655953,
          -0.607649,
          3.484544
        ],
        [
          0.893928,
          -0.313117,
          0.320702,
          1.887129
        ],
        [
          0.020101,
          -0.686792,
          -0.726576,
          1.415635
        ],
        [
          0.0,
          0.0,
          0.0,
          1.0
        ]
      ]
    },
    {
      "file_path": "/media/NFS/ttao/scannet/posed_images/scene0161_02/00067.jpg",
      "transform_matrix": [
        [
          0.449789,
          0.653669,
          -0.60861,
          3.480271
        ],
        [
          0.892922,
          -0.314226,
          0.322418,
          1.89603
        ],
        [
          0.019514,
          -0.688461,
          -0.72501,
          1.41719
        ],
        [
          0.0,
          0.0,
          0.0,
          1.0
        ]
      ]
    },
    {
      "file_path": "/media/NFS/ttao/scannet/posed_images/scene0161_02/00068.jpg",
      "transform_matrix": [
        [
          0.450231,
          0.653436,
          -0.608534,
          3.476408
        ],
        [
          0.892746,
          -0.316279,
          0.320893,
          1.909631
        ],
        [
          0.017217,
          -0.687742,
          -0.725751,
          1.419782
        ],
        [
          0.0,
          0.0,
          0.0,
          1.0
        ]
      ]
    },
    {
      "file_path": "/media/NFS/ttao/scannet/posed_images/scene0161_02/00069.jpg",
      "transform_matrix": [
        [
          0.452408,
          0.65264,
          -0.607774,
          3.471383
        ],
        [
          0.891649,
          -0.31801,
          0.32223,
          1.919352
        ],
        [
          0.017022,
          -0.6877,
          -0.725795,
          1.420282
        ],
        [
          0.0,
          0.0,
          0.0,
          1.0
        ]
      ]
    },
    {
      "file_path": "/media/NFS/ttao/scannet/posed_images/scene0161_02/00070.jpg",
      "transform_matrix": [
        [
          0.451238,
          0.654849,
          -0.606265,
          3.464256
        ],
        [
          0.892228,
          -0.317567,
          0.321062,
          1.934225
        ],
        [
          0.017718,
          -0.685802,
          -0.727573,
          1.424593
        ],
        [
          0.0,
          0.0,
          0.0,
          1.0
        ]
      ]
    },
    {
      "file_path": "/media/NFS/ttao/scannet/posed_images/scene0161_02/00071.jpg",
      "transform_matrix": [
        [
          0.451785,
          0.654794,
          -0.605917,
          3.454071
        ],
        [
          0.891926,
          -0.317122,
          0.322337,
          1.946486
        ],
        [
          0.018915,
          -0.68606,
          -0.727299,
          1.428305
        ],
        [
          0.0,
          0.0,
          0.0,
          1.0
        ]
      ]
    },
    {
      "file_path": "/media/NFS/ttao/scannet/posed_images/scene0161_02/00072.jpg",
      "transform_matrix": [
        [
          0.452777,
          0.653649,
          -0.606413,
          3.443956
        ],
        [
          0.891347,
          -0.314891,
          0.326103,
          1.956455
        ],
        [
          0.022203,
          -0.688177,
          -0.725204,
          1.428951
        ],
        [
          0.0,
          0.0,
          0.0,
          1.0
        ]
      ]
    },
    {
      "file_path": "/media/NFS/ttao/scannet/posed_images/scene0161_02/00073.jpg",
      "transform_matrix": [
        [
          0.451667,
          0.652918,
          -0.608026,
          3.435306
        ],
        [
          0.891844,
          -0.311516,
          0.327983,
          1.969992
        ],
        [
          0.024736,
          -0.690403,
          -0.723002,
          1.430642
        ],
        [
          0.0,
          0.0,
          0.0,
          1.0
        ]
      ]
    },
    {
      "file_path": "/media/NFS/ttao/scannet/posed_images/scene0161_02/00074.jpg",
      "transform_matrix": [
        [
          0.451386,
          0.652325,
          -0.60887,
          3.423421
        ],
        [
          0.89187,
          -0.307919,
          0.331293,
          1.98245
        ],
        [
          0.028628,
          -0.692573,
          -0.720779,
          1.431177
        ],
        [
          0.0,
          0.0,
          0.0,
          1.0
        ]
      ]
    },
    {
      "file_path": "/media/NFS/ttao/scannet/posed_images/scene0161_02/00075.jpg",
      "transform_matrix": [
        [
          0.450002,
          0.652714,
          -0.609477,
          3.412708
        ],
        [
          0.892462,
          -0.304423,
          0.332924,
          1.997921
        ],
        [
          0.031766,
          -0.693752,
          -0.719513,
          1.433344
        ],
        [
          0.0,
          0.0,
          0.0,
          1.0
        ]
      ]
    },
    {
      "file_path": "/media/NFS/ttao/scannet/posed_images/scene0161_02/00076.jpg",
      "transform_matrix": [
        [
          0.450687,
          0.650642,
          -0.611184,
          3.400152
        ],
        [
          0.891952,
          -0.300541,
          0.337783,
          2.008143
        ],
        [
          0.03609,
          -0.697382,
          -0.715791,
          1.435849
        ],
        [
          0.0,
          0.0,
          0.0,
          1.0
        ]
      ]
    },
    {
      "file_path": "/media/NFS/ttao/scannet/posed_images/scene0161_02/00077.jpg",
      "transform_matrix": [
        [
          0.449277,
          0.647639,
          -0.615398,
          3.387751
        ],
        [
          0.892641,
          -0.297161,
          0.338952,
          2.023675
        ],
        [
          0.036646,
          -0.701612,
          -0.711616,
          1.438382
        ],
        [
          0.0,
          0.0,
          0.0,
          1.0
        ]
      ]
