{
  "frames": [
    {
      "file_path": "/media/NFS/ttao/scannet/posed_images/scene0345_01/00000.jpg",
      "transform_matrix": [
        [
          0.980242,
          -0.095462,
          0.173244,
          4.246064
        ],
        [
          -0.197789,
          -0.462243,
          0.864414,
          1.719374
        ],
        [
          -0.002438,
          -0.8816,
          -0.471991,
          1.494345
        ],
        [
          0.0,
          0.0,
          0.0,
          1.0
        ]
      ]
    },
    {
      "file_path": "/media/NFS/ttao/scannet/posed_images/scene0345_01/00004.jpg",
      "transform_matrix": [
        [
          0.977534,
          -0.085029,
          0.192868,
          4.250355
        ],
        [
          -0.210106,
          -0.466177,
          0.859381,
          1.719344
        ],
        [
          0.016838,
          -0.880596,
          -0.473569,
          1.490217
        ],
        [
          0.0,
          0.0,
          0.0,
          1.0
        ]
      ]
    },
    {
      "file_path": "/media/NFS/ttao/scannet/posed_images/scene0345_01/00010.jpg",
      "transform_matrix": [
        [
          0.970354,
          -0.099656,
          0.220187,
          4.252244
        ],
        [
          -0.240802,
          -0.476624,
          0.845485,
          1.719277
        ],
        [
          0.020689,
          -0.873441,
          -0.486491,
          1.487083
        ],
        [
          0.0,
          0.0,
          0.0,
          1.0
        ]
      ]
    },
    {
      "file_path": "/media/NFS/ttao/scannet/posed_images/scene0345_01/00012.jpg",
      "transform_matrix": [
        [
          0.967447,
          -0.103661,
          0.230868,
          4.255512
        ],
        [
          -0.251986,
          -0.479042,
          0.840846,
          1.720302
        ],
        [
          0.023433,
          -0.87165,
          -0.489569,
          1.490104
        ],
        [
          0.0,
          0.0,
          0.0,
          1.0
        ]
      ]
    },
    {
      "file_path": "/media/NFS/ttao/scannet/posed_images/scene0345_01/00021.jpg",
      "transform_matrix": [
        [
          0.944914,
          -0.13073,
          0.30008,
          4.286525
        ],
        [
          -0.32633,
          -0.447501,
          0.832618,
          1.718735
        ],
        [
          0.025438,
          -0.884677,
          -0.46551,
          1.505757
        ],
        [
          0.0,
          0.0,
          0.0,
          1.0
        ]
      ]
    },
    {
      "file_path": "/media/NFS/ttao/scannet/posed_images/scene0345_01/00022.jpg",
      "transform_matrix": [
        [
          0.942013,
          -0.133254,
          0.307987,
          4.290435
        ],
        [
          -0.334565,
          -0.444206,
          0.831113,
          1.719408
        ],
        [
          0.026061,
          -0.88596,
          -0.463029,
          1.508332
        ],
        [
          0.0,
          0.0,
          0.0,
          1.0
        ]
      ]
    },
    {
      "file_path": "/media/NFS/ttao/scannet/posed_images/scene0345_01/00030.jpg",
      "transform_matrix": [
        [
          0.918636,
          -0.157151,
          0.362507,
          4.316321
        ],
        [
          -0.394671,
          -0.407955,
          0.823291,
          1.717588
        ],
        [
          0.018506,
          -0.899376,
          -0.436785,
          1.528379
        ],
        [
          0.0,
          0.0,
          0.0,
          1.0
        ]
      ]
    },
    {
      "file_path": "/media/NFS/ttao/scannet/posed_images/scene0345_01/00033.jpg",
      "transform_matrix": [
        [
          0.90949,
          -0.161978,
          0.382873,
          4.324006
        ],
        [
          -0.415367,
          -0.392373,
          0.820679,
          1.715623
        ],
        [
          0.017297,
          -0.905432,
          -0.42414,
          1.537076
        ],
        [
          0.0,
          0.0,
          0.0,
          1.0
        ]
      ]
    },
    {
      "file_path": "/media/NFS/ttao/scannet/posed_images/scene0345_01/00039.jpg",
      "transform_matrix": [
        [
          0.888637,
          -0.160387,
          0.429653,
          4.344994
        ],
        [
          -0.458168,
          -0.351686,
          0.816333,
          1.709879
        ],
        [
          0.020174,
          -0.922276,
          -0.386005,
          1.560269
        ],
        [
          0.0,
          0.0,
          0.0,
          1.0
        ]
      ]
    },
    {
      "file_path": "/media/NFS/ttao/scannet/posed_images/scene0345_01/00040.jpg",
      "transform_matrix": [
        [
          0.884649,
          -0.158161,
          0.438613,
          4.340646
        ],
        [
          -0.465674,
          -0.346756,
          0.814192,
          1.713216
        ],
        [
          0.023318,
          -0.924525,
          -0.380408,
          1.568497
        ],
        [
          0.0,
          0.0,
          0.0,
          1.0
        ]
      ]
    },
    {
      "file_path": "/media/NFS/ttao/scannet/posed_images/scene0345_01/00047.jpg",
      "transform_matrix": [
        [
          0.865342,
          -0.143883,
          0.480084,
          4.360925
        ],
        [
          -0.500761,
          -0.287479,
          0.816452,
          1.706859
        ],
        [
          0.02054,
          -0.946918,
          -0.320819,
          1.593195
        ],
        [
          0.0,
          0.0,
          0.0,
          1.0
        ]
      ]
    },
    {
      "file_path": "/media/NFS/ttao/scannet/posed_images/scene0345_01/00053.jpg",
      "transform_matrix": [
        [
          0.857661,
          -0.119011,
          0.500255,
          4.382983
        ],
        [
          -0.513902,
          -0.232398,
          0.82577,
          1.699811
        ],
        [
          0.017982,
          -0.965312,
          -0.260478,
          1.623789
        ],
        [
          0.0,
          0.0,
          0.0,
          1.0
        ]
      ]
    },
    {
      "file_path": "/media/NFS/ttao/scannet/posed_images/scene0345_01/00057.jpg",
      "transform_matrix": [
        [
          0.853674,
          -0.102522,
          0.510617,
          4.380769
        ],
        [
          -0.520609,
          -0.195002,
          0.831228,
          1.709317
        ],
        [
          0.014352,
          -0.97543,
          -0.219842,
          1.643579
        ],
        [
          0.0,
          0.0,
          0.0,
          1.0
        ]
      ]
    },
    {
      "file_path": "/media/NFS/ttao/scannet/posed_images/scene0345_01/00060.jpg",
      "transform_matrix": [
        [
          0.852293,
          -0.089014,
          0.515436,
          4.375049
        ],
        [
          -0.522899,
          -0.169857,
          0.8353,
          1.711493
        ],
        [
          0.013197,
          -0.98144,
          -0.191313,
          1.657376
        ],
        [
          0.0,
          0.0,
          0.0,
          1.0
        ]
      ]
    },
    {
      "file_path": "/media/NFS/ttao/scannet/posed_images/scene0345_01/00065.jpg",
      "transform_matrix": [
        [
          0.866546,
          -0.063394,
          0.495056,
          4.397607
        ],
        [
          -0.499011,
          -0.128638,
          0.856995,
          1.703457
        ],
        [
          0.009354,
          -0.989663,
          -0.143105,
          1.690146
        ],
        [
          0.0,
          0.0,
          0.0,
          1.0
        ]
      ]
    },
    {
      "file_path": "/media/NFS/ttao/scannet/posed_images/scene0345_01/00072.jpg",
      "transform_matrix": [
        [
          0.882356,
          -0.042182,
          0.468689,
          4.386528
        ],
        [
          -0.470575,
          -0.073393,
          0.879302,
          1.710133
        ],
        [
          -0.002693,
          -0.996411,
          -0.084609,
          1.709215
        ],
        [
          0.0,
          0.0,
          0.0,
          1.0
        ]
      ]
    },
    {
      "file_path": "/media/NFS/ttao/scannet/posed_images/scene0345_01/00076.jpg",
      "transform_matrix": [
        [
          0.892385,
          -0.034139,
          0.449982,
          4.380196
        ],
        [
          -0.451237,
          -0.054557,
          0.890735,
          1.712751
        ],
        [
          -0.005859,
          -0.997927,
          -0.064091,
          1.719861
        ],
        [
          0.0,
          0.0,
          0.0,
          1.0
        ]
      ]
    },
    {
      "file_path": "/media/NFS/ttao/scannet/posed_images/scene0345_01/00078.jpg",
      "transform_matrix": [
        [
          0.896166,
          -0.028831,
          0.442781,
          4.368183
        ],
        [
          -0.4437,
          -0.049023,
          0.894834,
          1.720183
        ],
        [
          -0.004092,
          -0.998381,
          -0.056725,
          1.723214
        ],
        [
          0.0,
          0.0,
          0.0,
          1.0
        ]
      ]
    },
    {
      "file_path": "/media/NFS/ttao/scannet/posed_images/scene0345_01/00086.jpg",
      "transform_matrix": [
        [
          0.917249,
          -0.008842,
          0.398218,
          4.359743
        ],
        [
          -0.398286,
          -0.032575,
          0.916683,
          1.724625
        ],
        [
          0.004866,
          -0.99943,
          -0.033401,
          1.715423
        ],
        [
          0.0,
          0.0,
          0.0,
          1.0
        ]
      ]
    },
    {
      "file_path": "/media/NFS/ttao/scannet/posed_images/scene0345_01/00090.jpg",
      "transform_matrix": [
        [
          0.926536,
          -0.004812,
          0.376175,
          4.321575
        ],
        [
          -0.376145,
          -0.029862,
          0.92608,
          1.746067
        ],
        [
          0.006777,
          -0.999542,
          -0.029478,
          1.71175
        ],
        [
          0.0,
          0.0,
          0.0,
          1.0
        ]
      ]
    },
    {
      "file_path": "/media/NFS/ttao/scannet/posed_images/scene0345_01/00093.jpg",
      "transform_matrix": [
        [
          0.939811,
          -0.007385,
          0.341617,
          4.322258
        ],
        [
          -0.341675,
          -0.031615,
          0.939287,
          1.745373
        ],
        [
          0.003864,
          -0.999473,
          -0.032235,
          1.719608
        ],
        [
          0.0,
          0.0,
          0.0,
          1.0
        ]
      ]
    },
    {
      "file_path": "/media/NFS/ttao/scannet/posed_images/scene0345_01/00096.jpg",
      "transform_matrix": [
        [
          0.950735,
          -0.004485,
          0.309973,
          4.318091
        ],
        [
          -0.309922,
          -0.036947,
          0.950044,
          1.746011
        ],
        [
          0.007191,
          -0.999307,
          -0.036516,
          1.713316
        ],
        [
          0.0,
          0.0,
          0.0,
          1.0
        ]
      ]
    },
    {
      "file_path": "/media/NFS/ttao/scannet/posed_images/scene0345_01/00101.jpg",
      "transform_matrix": [
        [
          0.965647,
          0.009647,
          0.259678,
          4.27213
        ],
        [
          -0.258878,
          -0.050926,
          0.964567,
          1.761124
        ],
        [
          0.022529,
          -0.998656,
          -0.046679,
          1.685255
        ],
        [
          0.0,
          0.0,
          0.0,
          1.0
        ]
      ]
    },
    {
      "file_path": "/media/NFS/ttao/scannet/posed_images/scene0345_01/00105.jpg",
      "transform_matrix": [
        [
          0.980892,
          0.01416,
          0.194038,
          4.252881
        ],
        [
          -0.192348,
          -0.079186,
          0.978127,
          1.761398
        ],
        [
          0.029216,
          -0.996759,
          -0.074949,
          1.658024
        ],
        [
          0.0,
          0.0,
          0.0,
          1.0
        ]
      ]
    },
    {
      "file_path": "/media/NFS/ttao/scannet/posed_images/scene0345_01/00109.jpg",
      "transform_matrix": [
        [
          0.991928,
          0.014089,
          0.126022,
          4.217449
        ],
        [
          -0.123582,
          -0.115286,
          0.985615,
          1.769662
        ],
        [
          0.028415,
          -0.993232,
          -0.112614,
          1.643157
        ],
        [
          0.0,
          0.0,
          0.0,
          1.0
        ]
      ]
    },
    {
      "file_path": "/media/NFS/ttao/scannet/posed_images/scene0345_01/00118.jpg",
      "transform_matrix": [
        [
          0.99928,
          0.037236,
          0.007361,
          4.082955
        ],
        [
          0.000772,
          -0.213825,
          0.976872,
          1.796422
        ],
        [
          0.037949,
          -0.976162,
          -0.2137,
          1.591889
        ],
        [
          0.0,
          0.0,
          0.0,
          1.0
        ]
      ]
    },
    {
      "file_path": "/media/NFS/ttao/scannet/posed_images/scene0345_01/00121.jpg",
      "transform_matrix": [
        [
          0.996958,
          0.058201,
          -0.051849,
          4.081303
        ],
        [
          0.065906,
          -0.274238,
          0.959401,
          1.812872
        ],
        [
          0.041619,
          -0.959899,
          -0.27724,
          1.585293
        ],
        [
          0.0,
          0.0,
          0.0,
          1.0
        ]
      ]
    },
    {
      "file_path": "/media/NFS/ttao/scannet/posed_images/scene0345_01/00123.jpg",
      "transform_matrix": [
        [
          0.99345,
          0.07579,
          -0.085521,
          4.06741
        ],
        [
          0.104405,
          -0.297798,
          0.948902,
          1.809739
        ],
        [
          0.046449,
          -0.951615,
          -0.30376,
          1.570218
        ],
        [
          0.0,
          0.0,
          0.0,
          1.0
        ]
      ]
    },
    {
      "file_path": "/media/NFS/ttao/scannet/posed_images/scene0345_01/00129.jpg",
      "transform_matrix": [
        [
          0.97849,
          0.118482,
          -0.168878,
          4.024956
        ],
        [
          0.200576,
          -0.354974,
          0.913106,
          1.813252
        ],
        [
          0.04824,
          -0.927338,
          -0.371103,
          1.540491
        ],
        [
          0.0,
          0.0,
          0.0,
          1.0
        ]
      ]
    },
    {
      "file_path": "/media/NFS/ttao/scannet/posed_images/scene0345_01/00134.jpg",
      "transform_matrix": [
        [
          0.959094,
          0.161224,
          -0.232693,
          4.014532
        ],
        [
          0.278325,
          -0.386861,
          0.879132,
          1.824048
        ],
        [
          0.051717,
          -0.907935,
          -0.415909,
          1.520654
        ],
        [
          0.0,
          0.0,
          0.0,
          1.0
        ]
      ]
    },
    {
      "file_path": "/media/NFS/ttao/scannet/posed_images/scene0345_01/00137.jpg",
      "transform_matrix": [
        [
          0.949363,
          0.182071,
          -0.256048,
          4.009232
        ],
        [
          0.30918,
          -0.396572,
          0.864372,
          1.823242
        ],
        [
          0.055836,
          -0.899767,
          -0.432784,
          1.509468
        ],
        [
          0.0,
          0.0,
          0.0,
          1.0
        ]
      ]
    },
    {
      "file_path": "/media/NFS/ttao/scannet/posed_images/scene0345_01/00143.jpg",
      "transform_matrix": [
        [
          0.927458,
          0.224487,
          -0.299045,
          3.994037
        ],
        [
          0.368768,
          -0.416705,
          0.830883,
          1.826494
        ],
        [
          0.061909,
          -0.880887,
          -0.46926,
          1.489304
        ],
        [
          0.0,
          0.0,
          0.0,
          1.0
        ]
      ]
    },
    {
      "file_path": "/media/NFS/ttao/scannet/posed_images/scene0345_01/00148.jpg",
      "transform_matrix": [
        [
          0.907528,
          0.255978,
          -0.33297,
          3.985788
        ],
        [
          0.415546,
          -0.432213,
          0.800321,
          1.824422
        ],
        [
          0.06095,
          -0.864678,
          -0.498615,
          1.470084
        ],
        [
          0.0,
          0.0,
          0.0,
          1.0
        ]
      ]
    },
    {
      "file_path": "/media/NFS/ttao/scannet/posed_images/scene0345_01/00155.jpg",
      "transform_matrix": [
        [
          0.869228,
          0.307652,
          -0.387031,
          3.962702
        ],
        [
          0.490567,
          -0.439239,
          0.752604,
          1.853729
        ],
        [
          0.061541,
          -0.844049,
          -0.532723,
          1.444549
        ],
        [
          0.0,
          0.0,
          0.0,
          1.0
        ]
      ]
    },
    {
      "file_path": "/media/NFS/ttao/scannet/posed_images/scene0345_01/00159.jpg",
      "transform_matrix": [
        [
          0.85168,
          0.328465,
          -0.408353,
          3.954826
        ],
        [
          0.520708,
          -0.442371,
          0.730185,
          1.854099
        ],
        [
          0.059197,
          -0.834517,
          -0.547793,
          1.431796
        ],
        [
          0.0,
          0.0,
          0.0,
          1.0
        ]
      ]
    },
    {
      "file_path": "/media/NFS/ttao/scannet/posed_images/scene0345_01/00161.jpg",
      "transform_matrix": [
        [
          0.826295,
          0.352824,
          -0.439035,
          3.965029
        ],
        [
          0.56018,
          -0.433692,
          0.705769,
          1.869075
        ],
        [
          0.058606,
          -0.829112,
          -0.556003,
          1.430358
        ],
        [
          0.0,
          0.0,
          0.0,
          1.0
        ]
      ]
    },
    {
      "file_path": "/media/NFS/ttao/scannet/posed_images/scene0345_01/00168.jpg",
      "transform_matrix": [
        [
          0.762309,
          0.40213,
          -0.507126,
          3.944958
        ],
        [
          0.644564,
          -0.400875,
          0.651028,
          1.891773
        ],
        [
          0.058504,
          -0.823159,
          -0.564788,
          1.413815
        ],
        [
          0.0,
          0.0,
          0.0,
          1.0
        ]
      ]
    },
    {
      "file_path": "/media/NFS/ttao/scannet/posed_images/scene0345_01/00173.jpg",
      "transform_matrix": [
        [
          0.669906,
          0.431284,
          -0.604335,
          3.977947
        ],
        [
          0.739847,
          -0.319726,
          0.591948,
          1.9375
        ],
        [
          0.062076,
          -0.843665,
          -0.53327,
          1.416069
        ],
        [
          0.0,
          0.0,
          0.0,
          1.0
        ]
      ]
    },
    {
      "file_path": "/media/NFS/ttao/scannet/posed_images/scene0345_01/00177.jpg",
      "transform_matrix": [
        [
          0.660563,
          0.429241,
          -0.615962,
          4.018085
        ],
        [
          0.747536,
          -0.299959,
          0.592634,
          1.927087
        ],
        [
          0.06962,
          -0.851926,
          -0.519014,
          1.416671
        ],
        [
          0.0,
          0.0,
          0.0,
          1.0
        ]
      ]
    },
    {
      "file_path": "/media/NFS/ttao/scannet/posed_images/scene0345_01/00183.jpg",
      "transform_matrix": [
        [
          0.529445,
          0.476382,
          -0.70196,
          4.047832
        ],
        [
          0.842558,
          -0.198799,
          0.500575,
          2.033374
        ],
        [
          0.098916,
          -0.856469,
          -0.506632,
          1.434593
        ],
        [
          0.0,
          0.0,
          0.0,
          1.0
        ]
      ]
    },
    {
      "file_path": "/media/NFS/ttao/scannet/posed_images/scene0345_01/00187.jpg",
      "transform_matrix": [
        [
          0.498564,
          0.44563,
          -0.743538,
          4.071109
        ],
        [
          0.862558,
          -0.169755,
          0.47663,
          2.055157
        ],
        [
          0.086181,
          -0.878975,
          -0.469015,
          1.451343
        ],
        [
          0.0,
          0.0,
          0.0,
          1.0
        ]
      ]
    },
    {
      "file_path": "/media/NFS/ttao/scannet/posed_images/scene0345_01/00191.jpg",
      "transform_matrix": [
        [
          0.448001,
          0.432257,
          -0.782591,
          4.080488
        ],
        [
          0.889307,
          -0.125574,
          0.439732,
          2.074474
        ],
        [
          0.091804,
          -0.892964,
          -0.440666,
          1.465118
        ],
        [
          0.0,
          0.0,
          0.0,
          1.0
        ]
      ]
    },
    {
      "file_path": "/media/NFS/ttao/scannet/posed_images/scene0345_01/00193.jpg",
      "transform_matrix": [
        [
          0.420104,
          0.418815,
          -0.805051,
          4.097181
        ],
        [
          0.902677,
          -0.101745,
          0.418118,
          2.079423
        ],
        [
          0.093204,
          -0.902354,
          -0.420798,
          1.466693
        ],
        [
          0.0,
          0.0,
          0.0,
          1.0
        ]
      ]
    },
    {
      "file_path": "/media/NFS/ttao/scannet/posed_images/scene0345_01/00200.jpg",
      "transform_matrix": [
        [
          0.268102,
          0.413371,
          -0.870199,
          4.181779
        ],
        [
          0.959192,
          -0.030292,
          0.28113,
          2.118464
        ],
        [
          0.089851,
          -0.910059,
          -0.404623,
          1.466365
        ],
        [
          0.0,
          0.0,
          0.0,
          1.0
        ]
      ]
    },
    {
      "file_path": "/media/NFS/ttao/scannet/posed_images/scene0345_01/00202.jpg",
      "transform_matrix": [
        [
          0.22641,
          0.417367,
          -0.880082,
          4.207291
        ],
        [
          0.969836,
          -0.012823,
          0.24342,
          2.137932
        ],
        [
          0.09031,
          -0.908648,
          -0.407681,
          1.466217
        ],
        [
          0.0,
          0.0,
          0.0,
          1.0
        ]
      ]
    },
    {
      "file_path": "/media/NFS/ttao/scannet/posed_images/scene0345_01/00209.jpg",
      "transform_matrix": [
        [
          0.102198,
          0.423293,
          -0.900211,
          4.279307
        ],
        [
          0.989578,
          0.049027,
          0.135397,
          2.158652
        ],
        [
          0.101448,
          -0.904665,
          -0.413871,
          1.466621
        ],
        [
          0.0,
          0.0,
          0.0,
          1.0
        ]
      ]
    },
    {
      "file_path": "/media/NFS/ttao/scannet/posed_images/scene0345_01/00215.jpg",
      "transform_matrix": [
        [
          0.018477,
          0.410186,
          -0.911815,
          4.322483
        ],
        [
          0.99652,
          0.066587,
          0.050148,
          2.142633
        ],
        [
          0.081285,
          -0.909568,
          -0.407528,
          1.475579
        ],
        [
          0.0,
          0.0,
          0.0,
          1.0
        ]
      ]
    },
    {
      "file_path": "/media/NFS/ttao/scannet/posed_images/scene0345_01/00216.jpg",
      "transform_matrix": [
        [
          0.003782,
          0.407411,
          -0.913237,
          4.33012
        ],
        [
          0.996903,
          0.070202,
          0.035447,
          2.138976
        ],
        [
          0.078553,
          -0.910543,
          -0.405884,
          1.474652
        ],
        [
          0.0,
          0.0,
          0.0,
          1.0
        ]
      ]
    },
    {
      "file_path": "/media/NFS/ttao/scannet/posed_images/scene0345_01/00225.jpg",
      "transform_matrix": [
        [
          -0.109567,
          0.422147,
          -0.899882,
          4.419395
        ],
        [
          0.992403,
          0.097426,
          -0.075128,
          2.121084
        ],
        [
          0.055957,
          -0.901277,
          -0.429615,
          1.468616
        ],
        [
          0.0,
          0.0,
          0.0,
          1.0
        ]
      ]
    },
    {
      "file_path": "/media/NFS/ttao/scannet/posed_images/scene0345_01/00226.jpg",
      "transform_matrix": [
        [
          -0.120382,
          0.421732,
          -0.898694,
          4.427587
        ],
        [
          0.991103,
          0.102832,
          -0.084504,
          2.116675
        ],
        [
          0.056776,
          -0.90087,
          -0.430359,
          1.469279
        ],
        [
          0.0,
          0.0,
          0.0,
          1.0
        ]
      ]
    },
    {
      "file_path": "/media/NFS/ttao/scannet/posed_images/scene0345_01/00230.jpg",
      "transform_matrix": [
        [
          -0.154708,
          0.42476,
          -0.891989,
          4.472301
        ],
        [
          0.985692,
          0.127513,
          -0.110239,
          2.101865
        ],
        [
          0.066915,
          -0.896281,
          -0.438409,
          1.463233
        ],
        [
          0.0,
          0.0,
          0.0,
          1.0
        ]
      ]
    },
    {
      "file_path": "/media/NFS/ttao/scannet/posed_images/scene0345_01/00238.jpg",
      "transform_matrix": [
        [
          -0.221149,
          0.441184,
          -0.869741,
          4.551383
        ],
        [
          0.97321,
          0.157357,
          -0.167637,
          2.100512
        ],
        [
          0.062901,
          -0.883513,
          -0.464164,
          1.45902
        ],
        [
          0.0,
          0.0,
          0.0,
          1.0
        ]
      ]
    },
    {
      "file_path": "/media/NFS/ttao/scannet/posed_images/scene0345_01/00241.jpg",
      "transform_matrix": [
        [
          -0.238428,
          0.438093,
          -0.866733,
          4.576072
        ],
        [
          0.969077,
          0.165757,
          -0.182799,
          2.106435
        ],
        [
          0.063584,
          -0.883515,
          -0.464067,
          1.464583
        ],
        [
          0.0,
          0.0,
          0.0,
          1.0
        ]
      ]
    },
    {
      "file_path": "/media/NFS/ttao/scannet/posed_images/scene0345_01/00247.jpg",
      "transform_matrix": [
        [
          -0.310836,
          0.403716,
          -0.860462,
          4.607432
        ],
        [
          0.948795,
          0.185419,
          -0.25575,
          2.121231
        ],
        [
          0.056295,
          -0.895898,
          -0.440678,
          1.485037
        ],
        [
          0.0,
          0.0,
          0.0,
          1.0
        ]
      ]
    },
    {
      "file_path": "/media/NFS/ttao/scannet/posed_images/scene0345_01/00249.jpg",
      "transform_matrix": [
        [
          -0.34162,
          0.384883,
          -0.857415,
          4.618133
        ],
        [
          0.93803,
          0.196201,
          -0.285667,
          2.133715
        ],
        [
          0.058278,
          -0.90187,
          -0.428058,
          1.490494
        ],
        [
          0.0,
          0.0,
          0.0,
          1.0
        ]
      ]
    },
    {
      "file_path": "/media/NFS/ttao/scannet/posed_images/scene0345_01/00256.jpg",
      "transform_matrix": [
        [
          -0.445921,
          0.320679,
          -0.835655,
          4.647473
        ],
        [
          0.891347,
          0.244191,
          -0.381932,
          2.171026
        ],
        [
          0.081582,
          -0.91517,
          -0.394727,
          1.503717
        ],
        [
          0.0,
          0.0,
          0.0,
          1.0
        ]
      ]
    },
    {
      "file_path": "/media/NFS/ttao/scannet/posed_images/scene0345_01/00258.jpg",
      "transform_matrix": [
        [
          -0.466386,
          0.302565,
          -0.831227,
          4.652718
        ],
        [
          0.880681,
          0.246962,
          -0.40424,
          2.185657
        ],
        [
          0.082972,
          -0.920578,
          -0.381643,
          1.511961
        ],
        [
          0.0,
          0.0,
          0.0,
          1.0
        ]
      ]
    },
    {
      "file_path": "/media/NFS/ttao/scannet/posed_images/scene0345_01/00266.jpg",
      "transform_matrix": [
        [
          -0.529003,
          0.222798,
          -0.818851,
          4.654094
        ],
        [
          0.844073,
          0.237887,
          -0.480572,
          2.218416
        ],
        [
          0.087724,
          -0.945395,
          -0.313901,
          1.566102
        ],
        [
          0.0,
          0.0,
          0.0,
          1.0
        ]
      ]
    },
    {
      "file_path": "/media/NFS/ttao/scannet/posed_images/scene0345_01/00270.jpg",
      "transform_matrix": [
        [
          -0.550784,
          0.186348,
          -0.813579,
          4.656864
        ],
        [
          0.830682,
          0.217294,
          -0.512592,
          2.229651
        ],
        [
          0.081266,
          -0.958153,
          -0.274479,
          1.580667
        ],
        [
          0.0,
          0.0,
          0.0,
          1.0
        ]
      ]
    },
    {
      "file_path": "/media/NFS/ttao/scannet/posed_images/scene0345_01/00274.jpg",
      "transform_matrix": [
        [
          -0.56984,
          0.152536,
          -0.807475,
          4.658802
        ],
        [
          0.818378,
          0.194349,
          -0.54082,
          2.239104
        ],
        [
          0.074437,
          -0.969,
          -0.235579,
          1.6098
        ],
        [
          0.0,
          0.0,
          0.0,
          1.0
        ]
      ]
    },
    {
      "file_path": "/media/NFS/ttao/scannet/posed_images/scene0345_01/00280.jpg",
      "transform_matrix": [
        [
          -0.588346,
          0.104309,
          -0.801854,
          4.663263
        ],
        [
          0.806079,
          0.154054,
          -0.571406,
          2.243814
        ],
        [
          0.063926,
          -0.982541,
          -0.174718,
          1.63309
        ],
        [
          0.0,
          0.0,
          0.0,
          1.0
        ]
      ]
    },
    {
      "file_path": "/media/NFS/ttao/scannet/posed_images/scene0345_01/00284.jpg",
      "transform_matrix": [
        [
          -0.594733,
          0.076051,
          -0.800318,
          4.66281
        ],
        [
          0.801002,
          0.140856,
          -0.581856,
          2.247485
        ],
        [
          0.068479,
          -0.987105,
          -0.144689,
          1.646499
        ],
        [
          0.0,
          0.0,
          0.0,
          1.0
        ]
      ]
    },
    {
      "file_path": "/media/NFS/ttao/scannet/posed_images/scene0345_01/00288.jpg",
      "transform_matrix": [
        [
          -0.594823,
          0.056633,
          -0.801859,
          4.663412
        ],
        [
          0.800909,
          0.127091,
          -0.585143,
          2.24091
        ],
        [
          0.068771,
          -0.990273,
          -0.120955,
          1.662895
        ],
        [
          0.0,
          0.0,
          0.0,
          1.0
        ]
      ]
    },
    {
      "file_path": "/media/NFS/ttao/scannet/posed_images/scene0345_01/00294.jpg",
      "transform_matrix": [
        [
          -0.591488,
          0.034463,
          -0.805578,
          4.66119
        ],
        [
          0.803392,
          0.110181,
          -0.585169,
          2.225372
        ],
        [
          0.068592,
          -0.993314,
          -0.092858,
          1.674886
        ],
        [
          0.0,
          0.0,
          0.0,
          1.0
        ]
      ]
    },
    {
      "file_path": "/media/NFS/ttao/scannet/posed_images/scene0345_01/00298.jpg",
      "transform_matrix": [
        [
          -0.58315,
          0.026625,
          -0.811928,
          4.661167
        ],
        [
          0.809231,
          0.106747,
          -0.577712,
          2.207955
        ],
        [
          0.07129,
          -0.99393,
          -0.083795,
          1.676234
        ],
        [
          0.0,
          0.0,
          0.0,
          1.0
        ]
      ]
    },
    {
      "file_path": "/media/NFS/ttao/scannet/posed_images/scene0345_01/00302.jpg",
      "transform_matrix": [
        [
          -0.574673,
          0.029872,
          -0.817838,
          4.646856
        ],
        [
          0.815478,
          0.105023,
          -0.569179,
          2.186311
        ],
        [
          0.068889,
          -0.994021,
          -0.084715,
          1.67253
        ],
        [
          0.0,
          0.0,
          0.0,
          1.0
        ]
      ]
    },
    {
      "file_path": "/media/NFS/ttao/scannet/posed_images/scene0345_01/00306.jpg",
      "transform_matrix": [
        [
          -0.556088,
          0.050623,
          -0.82958,
          4.647543
        ],
        [
          0.829191,
          0.101811,
          -0.549614,
          2.15657
        ],
        [
          0.056637,
          -0.993515,
          -0.098593,
          1.664324
        ],
        [
          0.0,
          0.0,
          0.0,
          1.0
        ]
      ]
    },
    {
      "file_path": "/media/NFS/ttao/scannet/posed_images/scene0345_01/00310.jpg",
      "transform_matrix": [
        [
          -0.530513,
          0.090289,
          -0.842855,
          4.640188
        ],
        [
          0.846846,
          0.100489,
          -0.522259,
          2.123121
        ],
        [
          0.037544,
          -0.990833,
          -0.129772,
          1.644702
        ],
        [
          0.0,
          0.0,
          0.0,
          1.0
        ]
      ]
    },
    {
      "file_path": "/media/NFS/ttao/scannet/posed_images/scene0345_01/00316.jpg",
      "transform_matrix": [
        [
          -0.505051,
          0.177301,
          -0.844682,
          4.622668
        ],
        [
          0.862901,
          0.124196,
          -0.489875,
          2.075984
        ],
        [
          0.018051,
          -0.976289,
          -0.215719,
          1.641611
        ],
        [
          0.0,
          0.0,
          0.0,
          1.0
        ]
      ]
    },
    {
      "file_path": "/media/NFS/ttao/scannet/posed_images/scene0345_01/00317.jpg",
      "transform_matrix": [
        [
          -0.501544,
          0.192063,
          -0.843544,
          4.623663
        ],
        [
          0.864937,
          0.132041,
          -0.484199,
          2.064573
        ],
        [
          0.018386,
          -0.972459,
          -0.232347,
          1.637718
        ],
        [
          0.0,
          0.0,
          0.0,
          1.0
        ]
      ]
    },
    {
      "file_path": "/media/NFS/ttao/scannet/posed_images/scene0345_01/00323.jpg",
      "transform_matrix": [
        [
          -0.465157,
          0.264775,
          -0.844703,
          4.626035
        ],
        [
          0.884839,
          0.167345,
          -0.434805,
          2.004492
        ],
        [
          0.026232,
          -0.949679,
          -0.312125,
          1.570407
        ],
        [
          0.0,
          0.0,
          0.0,
          1.0
        ]
      ]
    },
    {
      "file_path": "/media/NFS/ttao/scannet/posed_images/scene0345_01/00327.jpg",
      "transform_matrix": [
        [
          -0.441816,
          0.302063,
          -0.844723,
          4.622553
        ],
        [
          0.896358,
          0.187091,
          -0.401921,
          1.972561
        ],
        [
          0.036635,
          -0.934749,
          -0.353416,
          1.551387
        ],
        [
          0.0,
          0.0,
          0.0,
          1.0
        ]
      ]
    },
    {
      "file_path": "/media/NFS/ttao/scannet/posed_images/scene0345_01/00331.jpg",
      "transform_matrix": [
        [
          -0.407757,
          0.316709,
          -0.856405,
          4.631707
        ],
        [
          0.912551,
          0.173595,
          -0.370292,
          1.945579
        ],
        [
          0.031393,
          -0.932502,
          -0.359797,
          1.511881
        ],
        [
          0.0,
          0.0,
          0.0,
          1.0
        ]
      ]
    },
    {
      "file_path": "/media/NFS/ttao/scannet/posed_images/scene0345_01/00340.jpg",
      "transform_matrix": [
        [
          -0.30714,
          0.375646,
          -0.874388,
          4.581646
        ],
        [
          0.951067,
          0.153698,
          -0.268045,
          1.901764
        ],
        [
          0.033702,
          -0.913929,
          -0.404471,
          1.485694
        ],
        [
          0.0,
          0.0,
          0.0,
          1.0
        ]
      ]
    },
    {
      "file_path": "/media/NFS/ttao/scannet/posed_images/scene0345_01/00342.jpg",
      "transform_matrix": [
        [
          -0.299519,
          0.376202,
          -0.87679,
          4.56933
        ],
        [
          0.953479,
          0.150913,
          -0.260965,
          1.88916
        ],
        [
          0.034144,
          -0.914165,
          -0.403902,
          1.478215
        ],
        [
          0.0,
          0.0,
          0.0,
          1.0
        ]
      ]
    },
    {
      "file_path": "/media/NFS/ttao/scannet/posed_images/scene0345_01/00346.jpg",
      "transform_matrix": [
        [
          -0.292305,
          0.394383,
          -0.871218,
          4.532912
        ],
        [
          0.955855,
          0.149039,
          -0.253235,
          1.851481
        ],
        [
          0.029974,
          -0.90678,
          -0.420538,
          1.466185
        ],
        [
          0.0,
          0.0,
          0.0,
          1.0
        ]
      ]
    },
    {
      "file_path": "/media/NFS/ttao/scannet/posed_images/scene0345_01/00353.jpg",
      "transform_matrix": [
        [
          -0.245905,
          0.392727,
          -0.88617,
          4.428715
        ],
        [
          0.969213,
          0.087755,
          -0.230057,
          1.787512
        ],
        [
          -0.012583,
          -0.915459,
          -0.402215,
          1.466923
        ],
        [
          0.0,
          0.0,
          0.0,
          1.0
        ]
      ]
    },
    {
      "file_path": "/media/NFS/ttao/scannet/posed_images/scene0345_01/00358.jpg",
      "transform_matrix": [
        [
          -0.198474,
          0.392227,
          -0.898202,
          4.35021
        ],
        [
          0.980041,
          0.068809,
          -0.18651,
          1.729751
        ],
        [
          -0.01135,
          -0.917291,
          -0.398055,
          1.477093
        ],
        [
