{
  "frames": [
    {
      "file_path": "/media/NFS/ttao/scannet/posed_images/scene0498_01/00000.jpg",
      "transform_matrix": [
        [
          -0.616485,
          -0.403319,
          0.676225,
          2.882772
        ],
        [
          -0.787322,
          0.324988,
          -0.523934,
          2.95379
        ],
        [
          -0.008452,
          -0.855404,
          -0.517892,
          1.54159
        ],
        [
          0.0,
          0.0,
          0.0,
          1.0
        ]
      ]
    },
    {
      "file_path": "/media/NFS/ttao/scannet/posed_images/scene0498_01/00003.jpg",
      "transform_matrix": [
        [
          -0.636207,
          -0.402206,
          0.658385,
          2.880926
        ],
        [
          -0.771518,
          0.332852,
          -0.542189,
          2.949634
        ],
        [
          -0.001073,
          -0.852901,
          -0.522072,
          1.54171
        ],
        [
          0.0,
          0.0,
          0.0,
          1.0
        ]
      ]
    },
    {
      "file_path": "/media/NFS/ttao/scannet/posed_images/scene0498_01/00005.jpg",
      "transform_matrix": [
        [
          -0.645208,
          -0.399771,
          0.651069,
          2.879852
        ],
        [
          -0.764001,
          0.341185,
          -0.547628,
          2.945166
        ],
        [
          -0.00321,
          -0.85075,
          -0.52556,
          1.544394
        ],
        [
          0.0,
          0.0,
          0.0,
          1.0
        ]
      ]
    },
    {
      "file_path": "/media/NFS/ttao/scannet/posed_images/scene0498_01/00006.jpg",
      "transform_matrix": [
        [
          -0.648867,
          -0.396723,
          0.649294,
          2.879295
        ],
        [
          -0.760889,
          0.343295,
          -0.550633,
          2.944316
        ],
        [
          -0.00445,
          -0.851328,
          -0.524615,
          1.543879
        ],
        [
          0.0,
          0.0,
          0.0,
          1.0
        ]
      ]
    },
    {
      "file_path": "/media/NFS/ttao/scannet/posed_images/scene0498_01/00009.jpg",
      "transform_matrix": [
        [
          -0.662693,
          -0.390318,
          0.639132,
          2.875905
        ],
        [
          -0.748891,
          0.344224,
          -0.56628,
          2.937962
        ],
        [
          0.001025,
          -0.85391,
          -0.52042,
          1.548348
        ],
        [
          0.0,
          0.0,
          0.0,
          1.0
        ]
      ]
    },
    {
      "file_path": "/media/NFS/ttao/scannet/posed_images/scene0498_01/00012.jpg",
      "transform_matrix": [
        [
          -0.666058,
          -0.381431,
          0.640997,
          2.87178
        ],
        [
          -0.745859,
          0.34962,
          -0.566975,
          2.932249
        ],
        [
          -0.007844,
          -0.855732,
          -0.517361,
          1.550279
        ],
        [
          0.0,
          0.0,
          0.0,
          1.0
        ]
      ]
    },
    {
      "file_path": "/media/NFS/ttao/scannet/posed_images/scene0498_01/00013.jpg",
      "transform_matrix": [
        [
          -0.66658,
          -0.381415,
          0.640464,
          2.872454
        ],
        [
          -0.745402,
          0.34892,
          -0.568005,
          2.931743
        ],
        [
          -0.006825,
          -0.856024,
          -0.516891,
          1.550758
        ],
        [
          0.0,
          0.0,
          0.0,
          1.0
        ]
      ]
    },
    {
      "file_path": "/media/NFS/ttao/scannet/posed_images/scene0498_01/00016.jpg",
      "transform_matrix": [
        [
          -0.669726,
          -0.382646,
          0.636435,
          2.871557
        ],
        [
          -0.742589,
          0.351232,
          -0.570261,
          2.925563
        ],
        [
          -0.005328,
          -0.854528,
          -0.519378,
          1.550295
        ],
        [
          0.0,
          0.0,
          0.0,
          1.0
        ]
      ]
    },
    {
      "file_path": "/media/NFS/ttao/scannet/posed_images/scene0498_01/00017.jpg",
      "transform_matrix": [
        [
          -0.668247,
          -0.384597,
          0.636813,
          2.872449
        ],
        [
          -0.743928,
          0.350358,
          -0.569053,
          2.924549
        ],
        [
          -0.004257,
          -0.854011,
          -0.520238,
          1.550178
        ],
        [
          0.0,
          0.0,
          0.0,
          1.0
        ]
      ]
    },
    {
      "file_path": "/media/NFS/ttao/scannet/posed_images/scene0498_01/00020.jpg",
      "transform_matrix": [
        [
          -0.662587,
          -0.389436,
          0.63978,
          2.87413
        ],
        [
          -0.748983,
          0.342583,
          -0.567152,
          2.919733
        ],
        [
          0.001692,
          -0.854972,
          -0.518672,
          1.55242
        ],
        [
          0.0,
          0.0,
          0.0,
          1.0
        ]
      ]
    },
    {
      "file_path": "/media/NFS/ttao/scannet/posed_images/scene0498_01/00021.jpg",
      "transform_matrix": [
        [
          -0.661223,
          -0.388979,
          0.641466,
          2.875037
        ],
        [
          -0.750188,
          0.341294,
          -0.566336,
          2.917516
        ],
        [
          0.001364,
          -0.855695,
          -0.517479,
          1.553441
        ],
        [
          0.0,
          0.0,
          0.0,
          1.0
        ]
      ]
    },
    {
      "file_path": "/media/NFS/ttao/scannet/posed_images/scene0498_01/00023.jpg",
      "transform_matrix": [
        [
          -0.651297,
          -0.381868,
          0.655735,
          2.876199
        ],
        [
          -0.758812,
          0.332471,
          -0.560061,
          2.912951
        ],
        [
          -0.004143,
          -0.862346,
          -0.506303,
          1.556287
        ],
        [
          0.0,
          0.0,
          0.0,
          1.0
        ]
      ]
    },
    {
      "file_path": "/media/NFS/ttao/scannet/posed_images/scene0498_01/00026.jpg",
      "transform_matrix": [
        [
          -0.634362,
          -0.3723,
          0.677479,
          2.881535
        ],
        [
          -0.773017,
          0.311718,
          -0.552519,
          2.907232
        ],
        [
          -0.005479,
          -0.8742,
          -0.485536,
          1.562581
        ],
        [
          0.0,
          0.0,
          0.0,
          1.0
        ]
      ]
    },
    {
      "file_path": "/media/NFS/ttao/scannet/posed_images/scene0498_01/00028.jpg",
      "transform_matrix": [
        [
          -0.620802,
          -0.360352,
          0.69624,
          2.885249
        ],
        [
          -0.783946,
          0.291817,
          -0.54797,
          2.902238
        ],
        [
          -0.005713,
          -0.885996,
          -0.463657,
          1.570858
        ],
        [
          0.0,
          0.0,
          0.0,
          1.0
        ]
      ]
    },
    {
      "file_path": "/media/NFS/ttao/scannet/posed_images/scene0498_01/00031.jpg",
      "transform_matrix": [
        [
          -0.598781,
          -0.342166,
          0.724144,
          2.891203
        ],
        [
          -0.80091,
          0.253227,
          -0.542604,
          2.895133
        ],
        [
          0.002287,
          -0.904875,
          -0.425672,
          1.583186
        ],
        [
          0.0,
          0.0,
          0.0,
          1.0
        ]
      ]
    },
    {
      "file_path": "/media/NFS/ttao/scannet/posed_images/scene0498_01/00032.jpg",
      "transform_matrix": [
        [
          -0.593279,
          -0.339304,
          0.729995,
          2.89355
        ],
        [
          -0.804973,
          0.243113,
          -0.541215,
          2.891867
        ],
        [
          0.006166,
          -0.908718,
          -0.417365,
          1.588614
        ],
        [
          0.0,
          0.0,
          0.0,
          1.0
        ]
      ]
    },
    {
      "file_path": "/media/NFS/ttao/scannet/posed_images/scene0498_01/00035.jpg",
      "transform_matrix": [
        [
          -0.5745,
          -0.333027,
          0.747692,
          2.901226
        ],
        [
          -0.81825,
          0.210877,
          -0.534788,
          2.884488
        ],
        [
          0.020428,
          -0.919034,
          -0.393648,
          1.602575
        ],
        [
          0.0,
          0.0,
          0.0,
          1.0
        ]
      ]
    },
    {
      "file_path": "/media/NFS/ttao/scannet/posed_images/scene0498_01/00036.jpg",
      "transform_matrix": [
        [
          -0.568459,
          -0.332889,
          0.752355,
          2.903707
        ],
        [
          -0.822272,
          0.200018,
          -0.532786,
          2.881474
        ],
        [
          0.026874,
          -0.921508,
          -0.387427,
          1.606671
        ],
        [
          0.0,
          0.0,
          0.0,
          1.0
        ]
      ]
    },
    {
      "file_path": "/media/NFS/ttao/scannet/posed_images/scene0498_01/00040.jpg",
      "transform_matrix": [
        [
          -0.548527,
          -0.312178,
          0.775669,
          2.912555
        ],
        [
          -0.835332,
          0.164005,
          -0.524712,
          2.869028
        ],
        [
          0.036589,
          -0.93576,
          -0.350733,
          1.618594
        ],
        [
          0.0,
          0.0,
          0.0,
          1.0
        ]
      ]
    },
    {
      "file_path": "/media/NFS/ttao/scannet/posed_images/scene0498_01/00041.jpg",
      "transform_matrix": [
        [
          -0.545433,
          -0.299754,
          0.78272,
          2.915132
        ],
        [
          -0.837284,
          0.152301,
          -0.525129,
          2.866631
        ],
        [
          0.038201,
          -0.941781,
          -0.33405,
          1.622316
        ],
        [
          0.0,
          0.0,
          0.0,
          1.0
        ]
      ]
    },
    {
      "file_path": "/media/NFS/ttao/scannet/posed_images/scene0498_01/00043.jpg",
      "transform_matrix": [
        [
          -0.539106,
          -0.277282,
          0.795286,
          2.92364
        ],
        [
          -0.841185,
          0.130048,
          -0.524877,
          2.861376
        ],
        [
          0.042113,
          -0.951947,
          -0.303355,
          1.639093
        ],
        [
          0.0,
          0.0,
          0.0,
          1.0
        ]
      ]
    },
    {
      "file_path": "/media/NFS/ttao/scannet/posed_images/scene0498_01/00046.jpg",
      "transform_matrix": [
        [
          -0.520524,
          -0.245751,
          0.817717,
          2.938317
        ],
        [
          -0.852143,
          0.089037,
          -0.515679,
          2.855945
        ],
        [
          0.053921,
          -0.965235,
          -0.255761,
          1.667937
        ],
        [
          0.0,
          0.0,
          0.0,
          1.0
        ]
      ]
    },
    {
      "file_path": "/media/NFS/ttao/scannet/posed_images/scene0498_01/00048.jpg",
      "transform_matrix": [
        [
          -0.512232,
          -0.227135,
          0.828268,
          2.949685
        ],
        [
          -0.856613,
          0.065593,
          -0.511774,
          2.853016
        ],
        [
          0.061914,
          -0.971652,
          -0.228166,
          1.686222
        ],
        [
          0.0,
          0.0,
          0.0,
          1.0
        ]
      ]
    },
    {
      "file_path": "/media/NFS/ttao/scannet/posed_images/scene0498_01/00051.jpg",
      "transform_matrix": [
        [
          -0.50442,
          -0.212853,
          0.836812,
          2.967758
        ],
        [
          -0.860028,
          0.037553,
          -0.508862,
          2.848808
        ],
        [
          0.076888,
          -0.976362,
          -0.202003,
          1.707212
        ],
        [
          0.0,
          0.0,
          0.0,
          1.0
        ]
      ]
    },
    {
      "file_path": "/media/NFS/ttao/scannet/posed_images/scene0498_01/00052.jpg",
      "transform_matrix": [
        [
          -0.501995,
          -0.215042,
          0.83771,
          2.975759
        ],
        [
          -0.86124,
          0.035632,
          -0.506948,
          2.847137
        ],
        [
          0.079166,
          -0.975955,
          -0.20309,
          1.71252
        ],
        [
          0.0,
          0.0,
          0.0,
          1.0
        ]
      ]
    },
    {
      "file_path": "/media/NFS/ttao/scannet/posed_images/scene0498_01/00054.jpg",
      "transform_matrix": [
        [
          -0.493347,
          -0.222275,
          0.840953,
          2.990963
        ],
        [
          -0.865653,
          0.030796,
          -0.499697,
          2.843693
        ],
        [
          0.085172,
          -0.974497,
          -0.207606,
          1.715599
        ],
        [
          0.0,
          0.0,
          0.0,
          1.0
        ]
      ]
    },
    {
      "file_path": "/media/NFS/ttao/scannet/posed_images/scene0498_01/00056.jpg",
      "transform_matrix": [
        [
          -0.485706,
          -0.232135,
          0.842735,
          3.007933
        ],
        [
          -0.869125,
          0.025305,
          -0.493945,
          2.841542
        ],
        [
          0.093337,
          -0.972355,
          -0.214045,
          1.712264
        ],
        [
          0.0,
          0.0,
          0.0,
          1.0
        ]
      ]
    },
    {
      "file_path": "/media/NFS/ttao/scannet/posed_images/scene0498_01/00059.jpg",
      "transform_matrix": [
        [
          -0.472961,
          -0.251203,
          0.844514,
          3.037234
        ],
        [
          -0.875748,
          0.028702,
          -0.481915,
          2.835812
        ],
        [
          0.096819,
          -0.967509,
          -0.233565,
          1.708396
        ],
        [
          0.0,
          0.0,
          0.0,
          1.0
        ]
      ]
    },
    {
      "file_path": "/media/NFS/ttao/scannet/posed_images/scene0498_01/00060.jpg",
      "transform_matrix": [
        [
          -0.464703,
          -0.254424,
          0.848127,
          3.047108
        ],
        [
          -0.880121,
          0.027625,
          -0.473945,
          2.835409
        ],
        [
          0.097154,
          -0.966698,
          -0.236761,
          1.704608
        ],
        [
          0.0,
          0.0,
          0.0,
          1.0
        ]
      ]
    },
    {
      "file_path": "/media/NFS/ttao/scannet/posed_images/scene0498_01/00063.jpg",
      "transform_matrix": [
        [
          -0.422709,
          -0.272311,
          0.864386,
          3.072509
        ],
        [
          -0.901685,
          0.030597,
          -0.431309,
          2.832712
        ],
        [
          0.091003,
          -0.961722,
          -0.258473,
          1.691373
        ],
        [
          0.0,
          0.0,
          0.0,
          1.0
        ]
      ]
    },
    {
      "file_path": "/media/NFS/ttao/scannet/posed_images/scene0498_01/00066.jpg",
      "transform_matrix": [
        [
          -0.364817,
          -0.31079,
          0.877678,
          3.100062
        ],
        [
          -0.927258,
          0.035956,
          -0.372693,
          2.829837
        ],
        [
          0.084271,
          -0.949798,
          -0.3013,
          1.675327
        ],
        [
          0.0,
          0.0,
          0.0,
          1.0
        ]
      ]
    },
    {
      "file_path": "/media/NFS/ttao/scannet/posed_images/scene0498_01/00067.jpg",
      "transform_matrix": [
        [
          -0.346437,
          -0.318087,
          0.882497,
          3.107937
        ],
        [
          -0.934721,
          0.037594,
          -0.353388,
          2.830302
        ],
        [
          0.079231,
          -0.947316,
          -0.310347,
          1.671574
        ],
        [
          0.0,
          0.0,
          0.0,
          1.0
        ]
      ]
    },
    {
      "file_path": "/media/NFS/ttao/scannet/posed_images/scene0498_01/00070.jpg",
      "transform_matrix": [
        [
          -0.278722,
          -0.334935,
          0.900073,
          3.118517
        ],
        [
          -0.958693,
          0.041638,
          -0.28138,
          2.836604
        ],
        [
          0.056767,
          -0.941321,
          -0.332705,
          1.665366
        ],
        [
          0.0,
          0.0,
          0.0,
          1.0
        ]
      ]
    },
    {
      "file_path": "/media/NFS/ttao/scannet/posed_images/scene0498_01/00072.jpg",
      "transform_matrix": [
        [
          -0.214543,
          -0.347372,
          0.912855,
          3.130593
        ],
        [
          -0.97582,
          0.036253,
          -0.215546,
          2.832156
        ],
        [
          0.041781,
          -0.937026,
          -0.34675,
          1.665287
        ],
        [
          0.0,
          0.0,
          0.0,
          1.0
        ]
      ]
    },
    {
      "file_path": "/media/NFS/ttao/scannet/posed_images/scene0498_01/00073.jpg",
      "transform_matrix": [
        [
          -0.1737,
          -0.348809,
          0.920956,
          3.136514
        ],
        [
          -0.984229,
          0.029688,
          -0.174389,
          2.822752
        ],
        [
          0.033487,
          -0.936723,
          -0.348465,
          1.668156
        ],
        [
          0.0,
          0.0,
          0.0,
          1.0
        ]
      ]
    },
    {
      "file_path": "/media/NFS/ttao/scannet/posed_images/scene0498_01/00077.jpg",
      "transform_matrix": [
        [
          -0.00746,
          -0.315533,
          0.948885,
          3.150408
        ],
        [
          -0.999948,
          -0.004278,
          -0.009284,
          2.775824
        ],
        [
          0.006989,
          -0.948905,
          -0.315485,
          1.684709
        ],
        [
          0.0,
          0.0,
          0.0,
          1.0
        ]
      ]
    },
    {
      "file_path": "/media/NFS/ttao/scannet/posed_images/scene0498_01/00079.jpg",
      "transform_matrix": [
        [
          0.068184,
          -0.299302,
          0.951719,
          3.156654
        ],
        [
          -0.997654,
          -0.014687,
          0.066856,
          2.750589
        ],
        [
          -0.006032,
          -0.954046,
          -0.299601,
          1.688743
        ],
        [
          0.0,
          0.0,
          0.0,
          1.0
        ]
      ]
    },
    {
      "file_path": "/media/NFS/ttao/scannet/posed_images/scene0498_01/00081.jpg",
      "transform_matrix": [
        [
          0.104895,
          -0.279728,
          0.954332,
          3.164945
        ],
        [
          -0.994283,
          -0.010245,
          0.106283,
          2.780142
        ],
        [
          -0.019953,
          -0.960025,
          -0.279203,
          1.694187
        ],
        [
          0.0,
          0.0,
          0.0,
          1.0
        ]
      ]
    },
    {
      "file_path": "/media/NFS/ttao/scannet/posed_images/scene0498_01/00083.jpg",
      "transform_matrix": [
        [
          0.182009,
          -0.264773,
          0.946978,
          3.167611
        ],
        [
          -0.982863,
          -0.020397,
          0.183203,
          2.745842
        ],
        [
          -0.029192,
          -0.964095,
          -0.263948,
          1.689634
        ],
        [
          0.0,
          0.0,
          0.0,
          1.0
        ]
      ]
    },
    {
      "file_path": "/media/NFS/ttao/scannet/posed_images/scene0498_01/00084.jpg",
      "transform_matrix": [
        [
          0.221739,
          -0.266879,
          0.937874,
          3.176815
        ],
        [
          -0.974617,
          -0.030217,
          0.221828,
          2.726591
        ],
        [
          -0.030861,
          -0.963256,
          -0.266805,
          1.700193
        ],
        [
          0.0,
          0.0,
          0.0,
          1.0
        ]
      ]
    },
    {
      "file_path": "/media/NFS/ttao/scannet/posed_images/scene0498_01/00086.jpg",
      "transform_matrix": [
        [
          0.298231,
          -0.254152,
          0.920035,
          3.184968
        ],
        [
          -0.954166,
          -0.054135,
          0.29434,
          2.698859
        ],
        [
          -0.025001,
          -0.965648,
          -0.258648,
          1.701689
        ],
        [
          0.0,
          0.0,
          0.0,
          1.0
        ]
      ]
    },
    {
      "file_path": "/media/NFS/ttao/scannet/posed_images/scene0498_01/00090.jpg",
      "transform_matrix": [
        [
          0.390134,
          -0.225272,
          0.892775,
          3.13885
        ],
        [
          -0.920221,
          -0.062293,
          0.386409,
          2.72714
        ],
        [
          -0.031433,
          -0.972302,
          -0.231603,
          1.632924
        ],
        [
          0.0,
          0.0,
          0.0,
          1.0
        ]
      ]
    },
    {
      "file_path": "/media/NFS/ttao/scannet/posed_images/scene0498_01/00092.jpg",
      "transform_matrix": [
        [
          0.442743,
          -0.215185,
          0.870444,
          3.139099
        ],
        [
          -0.896026,
          -0.070015,
          0.438447,
          2.711754
        ],
        [
          -0.033403,
          -0.97406,
          -0.22381,
          1.62598
        ],
        [
          0.0,
          0.0,
          0.0,
          1.0
        ]
      ]
    },
    {
      "file_path": "/media/NFS/ttao/scannet/posed_images/scene0498_01/00093.jpg",
      "transform_matrix": [
        [
          0.468034,
          -0.218989,
          0.856148,
          3.144743
        ],
        [
          -0.882861,
          -0.073392,
          0.463865,
          2.697905
        ],
        [
          -0.038747,
          -0.972963,
          -0.227686,
          1.620282
        ],
        [
          0.0,
          0.0,
          0.0,
          1.0
        ]
      ]
    },
    {
      "file_path": "/media/NFS/ttao/scannet/posed_images/scene0498_01/00096.jpg",
      "transform_matrix": [
        [
          0.535263,
          -0.22338,
          0.814613,
          3.159363
        ],
        [
          -0.843392,
          -0.087995,
          0.530043,
          2.678727
        ],
        [
          -0.046719,
          -0.970752,
          -0.235497,
          1.612502
        ],
        [
          0.0,
          0.0,
          0.0,
          1.0
        ]
      ]
    },
    {
      "file_path": "/media/NFS/ttao/scannet/posed_images/scene0498_01/00097.jpg",
      "transform_matrix": [
        [
          0.550004,
          -0.223832,
          0.804609,
          3.163926
        ],
        [
          -0.833792,
          -0.091997,
          0.54436,
          2.675478
        ],
        [
          -0.047824,
          -0.970276,
          -0.237228,
          1.611794
        ],
        [
          0.0,
          0.0,
          0.0,
          1.0
        ]
      ]
    },
    {
      "file_path": "/media/NFS/ttao/scannet/posed_images/scene0498_01/00101.jpg",
      "transform_matrix": [
        [
          0.586993,
          -0.224484,
          0.777847,
          3.148097
        ],
        [
          -0.807686,
          -0.096491,
          0.581664,
          2.69002
        ],
        [
          -0.05552,
          -0.969689,
          -0.237952,
          1.580416
        ],
        [
          0.0,
          0.0,
          0.0,
          1.0
        ]
      ]
    },
    {
      "file_path": "/media/NFS/ttao/scannet/posed_images/scene0498_01/00103.jpg",
      "transform_matrix": [
        [
          0.613482,
          -0.218798,
          0.758793,
          3.165071
        ],
        [
          -0.788102,
          -0.108369,
          0.60593,
          2.684674
        ],
        [
          -0.050347,
          -0.969734,
          -0.238918,
          1.576872
        ],
        [
          0.0,
          0.0,
          0.0,
          1.0
        ]
      ]
    },
    {
      "file_path": "/media/NFS/ttao/scannet/posed_images/scene0498_01/00104.jpg",
      "transform_matrix": [
        [
          0.620924,
          -0.21544,
          0.753684,
          3.172342
        ],
        [
          -0.782675,
          -0.117314,
          0.611275,
          2.687606
        ],
        [
          -0.043275,
          -0.969445,
          -0.241463,
          1.578333
        ],
        [
          0.0,
          0.0,
          0.0,
          1.0
        ]
      ]
    },
    {
      "file_path": "/media/NFS/ttao/scannet/posed_images/scene0498_01/00106.jpg",
      "transform_matrix": [
        [
          0.633778,
          -0.212574,
          0.743732,
          3.195115
        ],
        [
          -0.772753,
          -0.131331,
          0.620971,
          2.687816
        ],
        [
          -0.034327,
          -0.968279,
          -0.247502,
          1.573947
        ],
        [
          0.0,
          0.0,
          0.0,
          1.0
        ]
      ]
    },
    {
      "file_path": "/media/NFS/ttao/scannet/posed_images/scene0498_01/00108.jpg",
      "transform_matrix": [
        [
          0.650483,
          -0.200689,
          0.732527,
          3.213065
        ],
        [
          -0.759245,
          -0.145815,
          0.63426,
          2.694306
        ],
        [
          -0.020475,
          -0.968742,
          -0.247222,
          1.566157
        ],
        [
          0.0,
          0.0,
          0.0,
          1.0
        ]
      ]
    },
    {
      "file_path": "/media/NFS/ttao/scannet/posed_images/scene0498_01/00112.jpg",
      "transform_matrix": [
        [
          0.713423,
          -0.169268,
          0.679982,
          3.268204
        ],
        [
          -0.700117,
          -0.21286,
          0.681562,
          2.71788
        ],
        [
          0.029374,
          -0.962309,
          -0.270367,
          1.54946
        ],
        [
          0.0,
          0.0,
          0.0,
          1.0
        ]
      ]
    },
    {
      "file_path": "/media/NFS/ttao/scannet/posed_images/scene0498_01/00113.jpg",
      "transform_matrix": [
        [
          0.727643,
          -0.158425,
          0.667411,
          3.276867
        ],
        [
          -0.684979,
          -0.219737,
          0.694637,
          2.722593
        ],
        [
          0.036607,
          -0.96261,
          -0.268408,
          1.545119
        ],
        [
          0.0,
          0.0,
          0.0,
          1.0
        ]
      ]
    },
    {
      "file_path": "/media/NFS/ttao/scannet/posed_images/scene0498_01/00116.jpg",
      "transform_matrix": [
        [
          0.782242,
          -0.115041,
          0.612261,
          3.309378
        ],
        [
          -0.620567,
          -0.23022,
          0.749597,
          2.734325
        ],
        [
          0.05472,
          -0.966315,
          -0.251478,
          1.541847
        ],
        [
          0.0,
          0.0,
          0.0,
          1.0
        ]
      ]
    },
    {
      "file_path": "/media/NFS/ttao/scannet/posed_images/scene0498_01/00118.jpg",
      "transform_matrix": [
        [
          0.822149,
          -0.09633,
          0.561062,
          3.325356
        ],
        [
          -0.566257,
          -0.239685,
          0.788609,
          2.737556
        ],
        [
          0.058512,
          -0.96606,
          -0.251605,
          1.543767
        ],
        [
          0.0,
          0.0,
          0.0,
          1.0
        ]
      ]
    },
    {
      "file_path": "/media/NFS/ttao/scannet/posed_images/scene0498_01/00120.jpg",
      "transform_matrix": [
        [
          0.848639,
          -0.084574,
          0.522168,
          3.329
        ],
        [
          -0.524799,
          -0.258374,
          0.811066,
          2.747574
        ],
        [
          0.06632,
          -0.962336,
          -0.263651,
          1.546795
        ],
        [
          0.0,
          0.0,
          0.0,
          1.0
        ]
      ]
    },
    {
      "file_path": "/media/NFS/ttao/scannet/posed_images/scene0498_01/00121.jpg",
      "transform_matrix": [
        [
          0.860386,
          -0.079372,
          0.503424,
          3.337313
        ],
        [
          -0.505484,
          -0.258834,
          0.823098,
          2.74794
        ],
        [
          0.064973,
          -0.962655,
          -0.262819,
          1.545634
        ],
        [
          0.0,
          0.0,
          0.0,
          1.0
        ]
      ]
    },
    {
      "file_path": "/media/NFS/ttao/scannet/posed_images/scene0498_01/00123.jpg",
      "transform_matrix": [
        [
          0.881748,
          -0.068015,
          0.466791,
          3.35679
        ],
        [
          -0.467346,
          -0.260401,
          0.844854,
          2.747094
        ],
        [
          0.06409,
          -0.963102,
          -0.261395,
          1.547028
        ],
        [
          0.0,
          0.0,
          0.0,
          1.0
        ]
      ]
    },
    {
      "file_path": "/media/NFS/ttao/scannet/posed_images/scene0498_01/00126.jpg",
      "transform_matrix": [
        [
          0.910054,
          -0.046376,
          0.411887,
          3.383825
        ],
        [
          -0.408644,
          -0.266684,
          0.872863,
          2.744592
        ],
        [
          0.069364,
          -0.962668,
          -0.261648,
          1.552091
        ],
        [
          0.0,
          0.0,
          0.0,
          1.0
        ]
      ]
    },
    {
      "file_path": "/media/NFS/ttao/scannet/posed_images/scene0498_01/00129.jpg",
      "transform_matrix": [
        [
          0.931055,
          -0.024533,
          0.364054,
          3.414456
        ],
        [
          -0.357629,
          -0.25927,
          0.897151,
          2.731922
        ],
        [
          0.072378,
          -0.965493,
          -0.250168,
          1.555998
        ],
        [
          0.0,
          0.0,
          0.0,
          1.0
        ]
      ]
    },
    {
      "file_path": "/media/NFS/ttao/scannet/posed_images/scene0498_01/00130.jpg",
      "transform_matrix": [
        [
          0.936462,
          -0.01549,
          0.350426,
          3.421505
        ],
        [
          -0.342125,
          -0.260746,
          0.902753,
          2.726118
        ],
        [
          0.077388,
          -0.965283,
          -0.249478,
          1.559117
        ],
        [
          0.0,
          0.0,
          0.0,
          1.0
        ]
      ]
    },
    {
      "file_path": "/media/NFS/ttao/scannet/posed_images/scene0498_01/00133.jpg",
      "transform_matrix": [
        [
          0.952094,
          0.003958,
          0.305779,
          3.456338
        ],
        [
          -0.294397,
          -0.258699,
          0.920003,
          2.707
        ],
        [
          0.082746,
          -0.96595,
          -0.24514,
          1.566533
        ],
        [
          0.0,
          0.0,
          0.0,
          1.0
        ]
      ]
    },
    {
      "file_path": "/media/NFS/ttao/scannet/posed_images/scene0498_01/00135.jpg",
      "transform_matrix": [
        [
          0.961712,
          0.019544,
          0.273365,
          3.479782
        ],
        [
          -0.259813,
          -0.252418,
          0.932085,
          2.690093
        ],
        [
          0.087219,
          -0.967421,
          -0.237676,
          1.572222
        ],
        [
          0.0,
          0.0,
          0.0,
          1.0
        ]
      ]
    },
    {
      "file_path": "/media/NFS/ttao/scannet/posed_images/scene0498_01/00137.jpg",
      "transform_matrix": [
        [
          0.969916,
          0.026739,
          0.241968,
          3.506492
        ],
        [
          -0.227696,
          -0.252011,
          0.940556,
          2.671628
        ],
        [
          0.086128,
          -0.967355,
          -0.238341,
          1.578859
        ],
        [
          0.0,
          0.0,
          0.0,
          1.0
        ]
      ]
    },
    {
      "file_path": "/media/NFS/ttao/scannet/posed_images/scene0498_01/00140.jpg",
      "transform_matrix": [
        [
          0.976788,
          0.033937,
          0.211505,
          3.547408
        ],
        [
          -0.194909,
          -0.268783,
          0.943274,
          2.646458
        ],
        [
          0.088861,
          -0.962603,
          -0.255929,
          1.58891
        ],
        [
          0.0,
          0.0,
          0.0,
          1.0
        ]
      ]
    },
    {
      "file_path": "/media/NFS/ttao/scannet/posed_images/scene0498_01/00142.jpg",
      "transform_matrix": [
        [
          0.978859,
          0.04981,
          0.198377,
          3.578553
        ],
        [
          -0.178395,
          -0.266503,
          0.947181,
          2.628175
        ],
        [
          0.100047,
          -0.962546,
          -0.251983,
          1.596299
        ],
        [
          0.0,
          0.0,
          0.0,
          1.0
        ]
      ]
    },
    {
      "file_path": "/media/NFS/ttao/scannet/posed_images/scene0498_01/00144.jpg",
      "transform_matrix": [
        [
          0.979108,
          0.069912,
          0.190942,
          3.608037
        ],
        [
          -0.16621,
          -0.265772,
          0.9496,
          2.610471
        ],
        [
          0.117136,
          -0.961498,
          -0.2486,
          1.605143
        ],
        [
          0.0,
          0.0,
          0.0,
          1.0
        ]
      ]
    },
    {
      "file_path": "/media/NFS/ttao/scannet/posed_images/scene0498_01/00145.jpg",
      "transform_matrix": [
        [
          0.979367,
          0.078426,
          0.186253,
          3.625416
        ],
        [
          -0.159616,
          -0.265086,
          0.950922,
          2.602022
        ],
        [
          0.12395,
          -0.96103,
          -0.247098,
          1.610184
        ],
        [
          0.0,
          0.0,
          0.0,
          1.0
        ]
      ]
    },
    {
      "file_path": "/media/NFS/ttao/scannet/posed_images/scene0498_01/00148.jpg",
      "transform_matrix": [
        [
          0.980339,
          0.103356,
          0.168085,
          3.669747
        ],
        [
          -0.134176,
          -0.275406,
          0.951918,
          2.577852
        ],
        [
          0.144678,
          -0.955756,
          -0.256123,
          1.623145
        ],
        [
          0.0,
          0.0,
          0.0,
          1.0
        ]
      ]
    },
    {
      "file_path": "/media/NFS/ttao/scannet/posed_images/scene0498_01/00151.jpg",
      "transform_matrix": [
        [
          0.975858,
          0.120876,
          0.181907,
          3.700684
        ],
        [
          -0.144257,
          -0.268625,
          0.952382,
          2.553577
        ],
        [
          0.163985,
          -0.955631,
          -0.244702,
          1.629488
        ],
        [
          0.0,
          0.0,
          0.0,
          1.0
        ]
      ]
    },
    {
      "file_path": "/media/NFS/ttao/scannet/posed_images/scene0498_01/00152.jpg",
      "transform_matrix": [
        [
          0.975143,
          0.122329,
          0.184749,
          3.71388
        ],
        [
          -0.147084,
          -0.266234,
          0.952621,
          2.546551
        ],
        [
          0.165719,
          -0.956115,
          -0.241624,
          1.629195
        ],
        [
          0.0,
          0.0,
          0.0,
          1.0
        ]
      ]
    },
    {
      "file_path": "/media/NFS/ttao/scannet/posed_images/scene0498_01/00155.jpg",
      "transform_matrix": [
        [
          0.971347,
          0.123508,
          0.203053,
          3.729999
        ],
        [
          -0.165461,
          -0.261882,
          0.95081,
          2.528966
        ],
        [
          0.170609,
          -0.957164,
          -0.233943,
          1.637313
        ],
        [
          0.0,
          0.0,
          0.0,
          1.0
        ]
      ]
    },
    {
      "file_path": "/media/NFS/ttao/scannet/posed_images/scene0498_01/00157.jpg",
      "transform_matrix": [
        [
          0.966324,
          0.119684,
          0.227799,
          3.73462
        ],
        [
          -0.189924,
          -0.265584,
          0.945195,
          2.522148
        ],
        [
          0.173625,
          -0.95663,
          -0.23391,
          1.64158
        ],
        [
          0.0,
          0.0,
          0.0,
          1.0
        ]
      ]
    },
    {
      "file_path": "/media/NFS/ttao/scannet/posed_images/scene0498_01/00159.jpg",
      "transform_matrix": [
        [
          0.962587,
          0.122011,
          0.24195,
          3.732203
        ],
        [
          -0.20382,
          -0.262367,
          0.943197,
          2.517084
        ],
        [
          0.17856,
          -0.957224,
          -0.227683,
          1.644234
        ],
        [
          0.0,
          0.0,
          0.0,
          1.0
        ]
      ]
    },
    {
      "file_path": "/media/NFS/ttao/scannet/posed_images/scene0498_01/00160.jpg",
      "transform_matrix": [
        [
          0.961771,
          0.126102,
          0.243092,
          3.729706
        ],
        [
          -0.205138,
          -0.25632,
          0.944573,
          2.515361
        ],
        [
          0.181422,
          -0.958331,
          -0.220653,
          1.648042
        ],
        [
          0.0,
          0.0,
          0.0,
          1.0
        ]
      ]
    },
    {
      "file_path": "/media/NFS/ttao/scannet/posed_images/scene0498_01/00163.jpg",
      "transform_matrix": [
        [
          0.961165,
          0.126444,
          0.245301,
          3.71151
        ],
        [
          -0.210577,
          -0.238492,
          0.94804,
          2.512433
        ],
        [
          0.178376,
          -0.962878,
          -0.202604,
          1.65772
        ],
        [
          0.0,
          0.0,
          0.0,
          1.0
        ]
      ]
    },
    {
      "file_path": "/media/NFS/ttao/scannet/posed_images/scene0498_01/00165.jpg",
      "transform_matrix": [
        [
          0.965642,
          0.126068,
          0.227248,
          3.68865
        ],
        [
          -0.199837,
          -0.198798,
          0.95945,
          2.51188
        ],
        [
          0.166132,
          -0.971898,
          -0.166775,
          1.675329
        ],
        [
          0.0,
          0.0,
          0.0,
          1.0
        ]
      ]
    },
    {
      "file_path": "/media/NFS/ttao/scannet/posed_images/scene0498_01/00168.jpg",
      "transform_matrix": [
        [
          0.969206,
          0.147698,
          0.197038,
          3.655527
        ],
        [
          -0.175312,
          -0.148054,
          0.973317,
          2.509278
        ],
        [
          0.172929,
          -0.977888,
