{
  "frames": [
    {
      "file_path": "/media/NFS/ttao/scannet/posed_images/scene0472_01/00000.jpg",
      "transform_matrix": [
        [
          -0.778708,
          -0.278928,
          0.561973,
          3.288937
        ],
        [
          -0.626709,
          0.387464,
          -0.676097,
          3.317666
        ],
        [
          -0.029162,
          -0.878676,
          -0.476528,
          1.474741
        ],
        [
          0.0,
          0.0,
          0.0,
          1.0
        ]
      ]
    },
    {
      "file_path": "/media/NFS/ttao/scannet/posed_images/scene0472_01/00004.jpg",
      "transform_matrix": [
        [
          -0.773419,
          -0.283745,
          0.566843,
          3.300301
        ],
        [
          -0.633147,
          0.389224,
          -0.669052,
          3.327495
        ],
        [
          -0.030789,
          -0.876353,
          -0.480685,
          1.469822
        ],
        [
          0.0,
          0.0,
          0.0,
          1.0
        ]
      ]
    },
    {
      "file_path": "/media/NFS/ttao/scannet/posed_images/scene0472_01/00011.jpg",
      "transform_matrix": [
        [
          -0.762747,
          -0.289242,
          0.578408,
          3.317409
        ],
        [
          -0.646068,
          0.380246,
          -0.661823,
          3.329438
        ],
        [
          -0.02851,
          -0.878494,
          -0.476902,
          1.473468
        ],
        [
          0.0,
          0.0,
          0.0,
          1.0
        ]
      ]
    },
    {
      "file_path": "/media/NFS/ttao/scannet/posed_images/scene0472_01/00015.jpg",
      "transform_matrix": [
        [
          -0.761824,
          -0.297561,
          0.575397,
          3.334612
        ],
        [
          -0.647426,
          0.379273,
          -0.661054,
          3.329223
        ],
        [
          -0.021529,
          -0.876134,
          -0.481588,
          1.464833
        ],
        [
          0.0,
          0.0,
          0.0,
          1.0
        ]
      ]
    },
    {
      "file_path": "/media/NFS/ttao/scannet/posed_images/scene0472_01/00018.jpg",
      "transform_matrix": [
        [
          -0.760434,
          -0.294934,
          0.578579,
          3.347896
        ],
        [
          -0.648913,
          0.380113,
          -0.65911,
          3.32555
        ],
        [
          -0.025532,
          -0.876657,
          -0.480438,
          1.460334
        ],
        [
          0.0,
          0.0,
          0.0,
          1.0
        ]
      ]
    },
    {
      "file_path": "/media/NFS/ttao/scannet/posed_images/scene0472_01/00022.jpg",
      "transform_matrix": [
        [
          -0.760966,
          -0.301765,
          0.574342,
          3.370019
        ],
        [
          -0.648146,
          0.393081,
          -0.652222,
          3.311752
        ],
        [
          -0.028945,
          -0.868577,
          -0.494709,
          1.452119
        ],
        [
          0.0,
          0.0,
          0.0,
          1.0
        ]
      ]
    },
    {
      "file_path": "/media/NFS/ttao/scannet/posed_images/scene0472_01/00026.jpg",
      "transform_matrix": [
        [
          -0.778518,
          -0.2937,
          0.554663,
          3.401033
        ],
        [
          -0.627143,
          0.398596,
          -0.669188,
          3.283807
        ],
        [
          -0.024545,
          -0.868828,
          -0.494506,
          1.449259
        ],
        [
          0.0,
          0.0,
          0.0,
          1.0
        ]
      ]
    },
    {
      "file_path": "/media/NFS/ttao/scannet/posed_images/scene0472_01/00033.jpg",
      "transform_matrix": [
        [
          -0.802701,
          -0.282846,
          0.525042,
          3.475996
        ],
        [
          -0.596248,
          0.39923,
          -0.696494,
          3.206414
        ],
        [
          -0.012612,
          -0.872132,
          -0.489109,
          1.447082
        ],
        [
          0.0,
          0.0,
          0.0,
          1.0
        ]
      ]
    },
    {
      "file_path": "/media/NFS/ttao/scannet/posed_images/scene0472_01/00037.jpg",
      "transform_matrix": [
        [
          -0.816511,
          -0.234271,
          0.527662,
          3.511606
        ],
        [
          -0.575447,
          0.403997,
          -0.711089,
          3.153958
        ],
        [
          -0.046586,
          -0.884253,
          -0.464679,
          1.452252
        ],
        [
          0.0,
          0.0,
          0.0,
          1.0
        ]
      ]
    },
    {
      "file_path": "/media/NFS/ttao/scannet/posed_images/scene0472_01/00040.jpg",
      "transform_matrix": [
        [
          -0.832652,
          -0.24146,
          0.498385,
          3.531627
        ],
        [
          -0.553353,
          0.398776,
          -0.731286,
          3.128011
        ],
        [
          -0.022167,
          -0.884689,
          -0.465654,
          1.431872
        ],
        [
          0.0,
          0.0,
          0.0,
          1.0
        ]
      ]
    },
    {
      "file_path": "/media/NFS/ttao/scannet/posed_images/scene0472_01/00048.jpg",
      "transform_matrix": [
        [
          -0.876607,
          -0.22887,
          0.423295,
          3.594812
        ],
        [
          -0.481207,
          0.416436,
          -0.771376,
          3.067918
        ],
        [
          0.00027,
          -0.879886,
          -0.475185,
          1.417362
        ],
        [
          0.0,
          0.0,
          0.0,
          1.0
        ]
      ]
    },
    {
      "file_path": "/media/NFS/ttao/scannet/posed_images/scene0472_01/00052.jpg",
      "transform_matrix": [
        [
          -0.906655,
          -0.209136,
          0.366386,
          3.654979
        ],
        [
          -0.421709,
          0.425094,
          -0.80091,
          3.02032
        ],
        [
          0.011751,
          -0.880657,
          -0.473608,
          1.401644
        ],
        [
          0.0,
          0.0,
          0.0,
          1.0
        ]
      ]
    },
    {
      "file_path": "/media/NFS/ttao/scannet/posed_images/scene0472_01/00055.jpg",
      "transform_matrix": [
        [
          -0.923684,
          -0.19654,
          0.328908,
          3.687339
        ],
        [
          -0.382382,
          0.418303,
          -0.823897,
          2.994192
        ],
        [
          0.024346,
          -0.886789,
          -0.461533,
          1.399248
        ],
        [
          0.0,
          0.0,
          0.0,
          1.0
        ]
      ]
    },
    {
      "file_path": "/media/NFS/ttao/scannet/posed_images/scene0472_01/00060.jpg",
      "transform_matrix": [
        [
          -0.949164,
          -0.135157,
          0.284288,
          3.758296
        ],
        [
          -0.314597,
          0.438152,
          -0.842052,
          2.96167
        ],
        [
          -0.010752,
          -0.888682,
          -0.458398,
          1.407755
        ],
        [
          0.0,
          0.0,
          0.0,
          1.0
        ]
      ]
    },
    {
      "file_path": "/media/NFS/ttao/scannet/posed_images/scene0472_01/00064.jpg",
      "transform_matrix": [
        [
          -0.969895,
          -0.067134,
          0.234086,
          3.796131
        ],
        [
          -0.238711,
          0.452231,
          -0.859363,
          2.933781
        ],
        [
          -0.048169,
          -0.889371,
          -0.454642,
          1.394457
        ],
        [
          0.0,
          0.0,
          0.0,
          1.0
        ]
      ]
    },
    {
      "file_path": "/media/NFS/ttao/scannet/posed_images/scene0472_01/00071.jpg",
      "transform_matrix": [
        [
          -0.993003,
          -0.033804,
          0.113151,
          3.841259
        ],
        [
          -0.115423,
          0.480413,
          -0.869414,
          2.886878
        ],
        [
          -0.02497,
          -0.876391,
          -0.480953,
          1.377385
        ],
        [
          0.0,
          0.0,
          0.0,
          1.0
        ]
      ]
    },
    {
      "file_path": "/media/NFS/ttao/scannet/posed_images/scene0472_01/00072.jpg",
      "transform_matrix": [
        [
          -0.994758,
          -0.030926,
          0.097465,
          3.849294
        ],
        [
          -0.100261,
          0.482263,
          -0.87027,
          2.874801
        ],
        [
          -0.02009,
          -0.875481,
          -0.482836,
          1.379726
        ],
        [
          0.0,
          0.0,
          0.0,
          1.0
        ]
      ]
    },
    {
      "file_path": "/media/NFS/ttao/scannet/posed_images/scene0472_01/00079.jpg",
      "transform_matrix": [
        [
          -0.999951,
          0.009446,
          -0.003011,
          3.876216
        ],
        [
          0.007035,
          0.462006,
          -0.886849,
          2.785865
        ],
        [
          -0.006986,
          -0.886827,
          -0.46205,
          1.368352
        ],
        [
          0.0,
          0.0,
          0.0,
          1.0
        ]
      ]
    },
    {
      "file_path": "/media/NFS/ttao/scannet/posed_images/scene0472_01/00085.jpg",
      "transform_matrix": [
        [
          -0.997396,
          0.070885,
          -0.013304,
          3.90281
        ],
        [
          0.043023,
          0.43671,
          -0.898573,
          2.686084
        ],
        [
          -0.057885,
          -0.896805,
          -0.438622,
          1.400784
        ],
        [
          0.0,
          0.0,
          0.0,
          1.0
        ]
      ]
    },
    {
      "file_path": "/media/NFS/ttao/scannet/posed_images/scene0472_01/00087.jpg",
      "transform_matrix": [
        [
          -0.995905,
          0.087917,
          -0.021084,
          3.914241
        ],
        [
          0.057367,
          0.43426,
          -0.898959,
          2.65869
        ],
        [
          -0.069877,
          -0.896487,
          -0.437525,
          1.402865
        ],
        [
          0.0,
          0.0,
          0.0,
          1.0
        ]
      ]
    },
    {
      "file_path": "/media/NFS/ttao/scannet/posed_images/scene0472_01/00091.jpg",
      "transform_matrix": [
        [
          -0.996159,
          0.084065,
          -0.024503,
          3.933743
        ],
        [
          0.058572,
          0.431717,
          -0.900105,
          2.61445
        ],
        [
          -0.065089,
          -0.898083,
          -0.434983,
          1.398888
        ],
        [
          0.0,
          0.0,
          0.0,
          1.0
        ]
      ]
    },
    {
      "file_path": "/media/NFS/ttao/scannet/posed_images/scene0472_01/00098.jpg",
      "transform_matrix": [
        [
          -0.994751,
          0.076445,
          -0.068016,
          3.983145
        ],
        [
          0.09584,
          0.463239,
          -0.881036,
          2.552662
        ],
        [
          -0.035843,
          -0.88293,
          -0.468134,
          1.403034
        ],
        [
          0.0,
          0.0,
          0.0,
          1.0
        ]
      ]
    },
    {
      "file_path": "/media/NFS/ttao/scannet/posed_images/scene0472_01/00100.jpg",
      "transform_matrix": [
        [
          -0.992531,
          0.08796,
          -0.08453,
          4.002598
        ],
        [
          0.115884,
          0.46327,
          -0.878608,
          2.536262
        ],
        [
          -0.038122,
          -0.881841,
          -0.470003,
          1.407004
        ],
        [
          0.0,
          0.0,
          0.0,
          1.0
        ]
      ]
    },
    {
      "file_path": "/media/NFS/ttao/scannet/posed_images/scene0472_01/00104.jpg",
      "transform_matrix": [
        [
          -0.984535,
          0.102225,
          -0.142266,
          4.044663
        ],
        [
          0.173887,
          0.471592,
          -0.864503,
          2.513541
        ],
        [
          -0.021283,
          -0.875872,
          -0.482074,
          1.409807
        ],
        [
          0.0,
          0.0,
          0.0,
          1.0
        ]
      ]
    },
    {
      "file_path": "/media/NFS/ttao/scannet/posed_images/scene0472_01/00108.jpg",
      "transform_matrix": [
        [
          -0.97105,
          0.150703,
          -0.185341,
          4.08955
        ],
        [
          0.235273,
          0.469094,
          -0.851233,
          2.495999
        ],
        [
          -0.041341,
          -0.870195,
          -0.49097,
          1.420327
        ],
        [
          0.0,
          0.0,
          0.0,
          1.0
        ]
      ]
    },
    {
      "file_path": "/media/NFS/ttao/scannet/posed_images/scene0472_01/00113.jpg",
      "transform_matrix": [
        [
          -0.954565,
          0.19774,
          -0.222946,
          4.114157
        ],
        [
          0.291668,
          0.466497,
          -0.835051,
          2.480691
        ],
        [
          -0.061119,
          -0.862137,
          -0.502976,
          1.434405
        ],
        [
          0.0,
          0.0,
          0.0,
          1.0
        ]
      ]
    },
    {
      "file_path": "/media/NFS/ttao/scannet/posed_images/scene0472_01/00117.jpg",
      "transform_matrix": [
        [
          -0.937308,
          0.210548,
          -0.277709,
          4.128757
        ],
        [
          0.345122,
          0.450094,
          -0.823593,
          2.475086
        ],
        [
          -0.048411,
          -0.867805,
          -0.494542,
          1.439913
        ],
        [
          0.0,
          0.0,
          0.0,
          1.0
        ]
      ]
    },
    {
      "file_path": "/media/NFS/ttao/scannet/posed_images/scene0472_01/00121.jpg",
      "transform_matrix": [
        [
          -0.918328,
          0.226511,
          -0.324603,
          4.131846
        ],
        [
          0.39375,
          0.438979,
          -0.807626,
          2.474345
        ],
        [
          -0.040442,
          -0.869477,
          -0.492315,
          1.45003
        ],
        [
          0.0,
          0.0,
          0.0,
          1.0
        ]
      ]
    },
    {
      "file_path": "/media/NFS/ttao/scannet/posed_images/scene0472_01/00130.jpg",
      "transform_matrix": [
        [
          -0.876159,
          0.246105,
          -0.414461,
          4.07735
        ],
        [
          0.479742,
          0.361686,
          -0.799394,
          2.528064
        ],
        [
          -0.04683,
          -0.899231,
          -0.434961,
          1.479626
        ],
        [
          0.0,
          0.0,
          0.0,
          1.0
        ]
      ]
    },
    {
      "file_path": "/media/NFS/ttao/scannet/posed_images/scene0472_01/00134.jpg",
      "transform_matrix": [
        [
          -0.867028,
          0.239459,
          -0.436945,
          4.050145
        ],
        [
          0.496816,
          0.348795,
          -0.79468,
          2.568696
        ],
        [
          -0.037889,
          -0.906091,
          -0.421382,
          1.478692
        ],
        [
          0.0,
          0.0,
          0.0,
          1.0
        ]
      ]
    },
    {
      "file_path": "/media/NFS/ttao/scannet/posed_images/scene0472_01/00138.jpg",
      "transform_matrix": [
        [
          -0.855854,
          0.244632,
          -0.455707,
          4.023636
        ],
        [
          0.515769,
          0.337776,
          -0.787331,
          2.60686
        ],
        [
          -0.03868,
          -0.90888,
          -0.41526,
          1.486207
        ],
        [
          0.0,
          0.0,
          0.0,
          1.0
        ]
      ]
    },
    {
      "file_path": "/media/NFS/ttao/scannet/posed_images/scene0472_01/00143.jpg",
      "transform_matrix": [
        [
          -0.842723,
          0.244206,
          -0.479771,
          4.005561
        ],
        [
          0.536682,
          0.311077,
          -0.784349,
          2.63552
        ],
        [
          -0.042297,
          -0.918474,
          -0.393213,
          1.50818
        ],
        [
          0.0,
          0.0,
          0.0,
          1.0
        ]
      ]
    },
    {
      "file_path": "/media/NFS/ttao/scannet/posed_images/scene0472_01/00147.jpg",
      "transform_matrix": [
        [
          -0.833923,
          0.234952,
          -0.499369,
          3.996102
        ],
        [
          0.550558,
          0.291584,
          -0.782218,
          2.657633
        ],
        [
          -0.038176,
          -0.927241,
          -0.372513,
          1.513164
        ],
        [
          0.0,
          0.0,
          0.0,
          1.0
        ]
      ]
    },
    {
      "file_path": "/media/NFS/ttao/scannet/posed_images/scene0472_01/00149.jpg",
      "transform_matrix": [
        [
          -0.830491,
          0.237004,
          -0.504097,
          3.992422
        ],
        [
          0.555325,
          0.281481,
          -0.782549,
          2.661142
        ],
        [
          -0.043573,
          -0.929837,
          -0.365382,
          1.522991
        ],
        [
          0.0,
          0.0,
          0.0,
          1.0
        ]
      ]
    },
    {
      "file_path": "/media/NFS/ttao/scannet/posed_images/scene0472_01/00154.jpg",
      "transform_matrix": [
        [
          -0.818301,
          0.231315,
          -0.526191,
          3.978088
        ],
        [
          0.571895,
          0.235882,
          -0.785682,
          2.672181
        ],
        [
          -0.057621,
          -0.94385,
          -0.325311,
          1.552356
        ],
        [
          0.0,
          0.0,
          0.0,
          1.0
        ]
      ]
    },
    {
      "file_path": "/media/NFS/ttao/scannet/posed_images/scene0472_01/00160.jpg",
      "transform_matrix": [
        [
          -0.798393,
          0.210146,
          -0.564276,
          3.96682
        ],
        [
          0.599422,
          0.188503,
          -0.77792,
          2.683518
        ],
        [
          -0.057109,
          -0.959325,
          -0.276466,
          1.581202
        ],
        [
          0.0,
          0.0,
          0.0,
          1.0
        ]
      ]
    },
    {
      "file_path": "/media/NFS/ttao/scannet/posed_images/scene0472_01/00162.jpg",
      "transform_matrix": [
        [
          -0.79471,
          0.201986,
          -0.572396,
          3.977403
        ],
        [
          0.603633,
          0.163973,
          -0.780218,
          2.679594
        ],
        [
          -0.063736,
          -0.965564,
          -0.252236,
          1.594086
        ],
        [
          0.0,
          0.0,
          0.0,
          1.0
        ]
      ]
    },
    {
      "file_path": "/media/NFS/ttao/scannet/posed_images/scene0472_01/00170.jpg",
      "transform_matrix": [
        [
          -0.780902,
          0.176288,
          -0.599262,
          3.973431
        ],
        [
          0.622031,
          0.131647,
          -0.771846,
          2.6901
        ],
        [
          -0.057176,
          -0.975496,
          -0.212461,
          1.59936
        ],
        [
          0.0,
          0.0,
          0.0,
          1.0
        ]
      ]
    },
    {
      "file_path": "/media/NFS/ttao/scannet/posed_images/scene0472_01/00172.jpg",
      "transform_matrix": [
        [
          -0.780718,
          0.172988,
          -0.600462,
          3.962217
        ],
        [
          0.622689,
          0.13491,
          -0.770751,
          2.697426
        ],
        [
          -0.052322,
          -0.975641,
          -0.213045,
          1.602778
        ],
        [
          0.0,
          0.0,
          0.0,
          1.0
        ]
      ]
    },
    {
      "file_path": "/media/NFS/ttao/scannet/posed_images/scene0472_01/00177.jpg",
      "transform_matrix": [
        [
          -0.772405,
          0.163785,
          -0.613649,
          3.959195
        ],
        [
          0.633613,
          0.131973,
          -0.762311,
          2.706513
        ],
        [
          -0.04387,
          -0.977629,
          -0.205713,
          1.598619
        ],
        [
          0.0,
          0.0,
          0.0,
          1.0
        ]
      ]
    },
    {
      "file_path": "/media/NFS/ttao/scannet/posed_images/scene0472_01/00181.jpg",
      "transform_matrix": [
        [
          -0.771461,
          0.169895,
          -0.613175,
          3.976083
        ],
        [
          0.634584,
          0.135212,
          -0.760934,
          2.713906
        ],
        [
          -0.04637,
          -0.976142,
          -0.212124,
          1.571798
        ],
        [
          0.0,
          0.0,
          0.0,
          1.0
        ]
      ]
    },
    {
      "file_path": "/media/NFS/ttao/scannet/posed_images/scene0472_01/00187.jpg",
      "transform_matrix": [
        [
          -0.781495,
          0.198019,
          -0.591654,
          3.978385
        ],
        [
          0.622671,
          0.187759,
          -0.759623,
          2.725117
        ],
        [
          -0.039332,
          -0.962047,
          -0.270033,
          1.549847
        ],
        [
          0.0,
          0.0,
          0.0,
          1.0
        ]
      ]
    },
    {
      "file_path": "/media/NFS/ttao/scannet/posed_images/scene0472_01/00194.jpg",
      "transform_matrix": [
        [
          -0.812331,
          0.237434,
          -0.532675,
          3.986707
        ],
        [
          0.582065,
          0.27322,
          -0.765866,
          2.753686
        ],
        [
          -0.036305,
          -0.932189,
          -0.360147,
          1.519539
        ],
        [
          0.0,
          0.0,
          0.0,
          1.0
        ]
      ]
    },
    {
      "file_path": "/media/NFS/ttao/scannet/posed_images/scene0472_01/00198.jpg",
      "transform_matrix": [
        [
          -0.828171,
          0.246912,
          -0.503156,
          3.985079
        ],
        [
          0.559997,
          0.327462,
          -0.761034,
          2.764741
        ],
        [
          -0.023144,
          -0.912032,
          -0.409465,
          1.507494
        ],
        [
          0.0,
          0.0,
          0.0,
          1.0
        ]
      ]
    },
    {
      "file_path": "/media/NFS/ttao/scannet/posed_images/scene0472_01/00199.jpg",
      "transform_matrix": [
        [
          -0.830323,
          0.249504,
          -0.498308,
          3.990793
        ],
        [
          0.556835,
          0.33564,
          -0.75979,
          2.76373
        ],
        [
          -0.022318,
          -0.908347,
          -0.417623,
          1.50178
        ],
        [
          0.0,
          0.0,
          0.0,
          1.0
        ]
      ]
    },
    {
      "file_path": "/media/NFS/ttao/scannet/posed_images/scene0472_01/00206.jpg",
      "transform_matrix": [
        [
          -0.844186,
          0.263527,
          -0.466801,
          4.016441
        ],
        [
          0.535335,
          0.36949,
          -0.759535,
          2.767582
        ],
        [
          -0.02768,
          -0.891084,
          -0.452994,
          1.488589
        ],
        [
          0.0,
          0.0,
          0.0,
          1.0
        ]
      ]
    },
    {
      "file_path": "/media/NFS/ttao/scannet/posed_images/scene0472_01/00210.jpg",
      "transform_matrix": [
        [
          -0.846958,
          0.261614,
          -0.462839,
          4.036524
        ],
        [
          0.531171,
          0.379075,
          -0.757733,
          2.761669
        ],
        [
          -0.022783,
          -0.887615,
          -0.460023,
          1.485637
        ],
        [
          0.0,
          0.0,
          0.0,
          1.0
        ]
      ]
    },
    {
      "file_path": "/media/NFS/ttao/scannet/posed_images/scene0472_01/00213.jpg",
      "transform_matrix": [
        [
          -0.849005,
          0.264525,
          -0.457402,
          4.062009
        ],
        [
          0.527709,
          0.380743,
          -0.759314,
          2.754352
        ],
        [
          -0.026705,
          -0.886037,
          -0.462845,
          1.481088
        ],
        [
          0.0,
          0.0,
          0.0,
          1.0
        ]
      ]
    },
    {
      "file_path": "/media/NFS/ttao/scannet/posed_images/scene0472_01/00217.jpg",
      "transform_matrix": [
        [
          -0.855484,
          0.264695,
          -0.445066,
          4.089431
        ],
        [
          0.51731,
          0.398397,
          -0.75741,
          2.742079
        ],
        [
          -0.023169,
          -0.878189,
          -0.477752,
          1.479375
        ],
        [
          0.0,
          0.0,
          0.0,
          1.0
        ]
      ]
    },
    {
      "file_path": "/media/NFS/ttao/scannet/posed_images/scene0472_01/00225.jpg",
      "transform_matrix": [
        [
          -0.838257,
          0.310302,
          -0.448373,
          4.117237
        ],
        [
          0.544116,
          0.422423,
          -0.724911,
          2.741298
        ],
        [
          -0.035538,
          -0.851629,
          -0.522939,
          1.465084
        ],
        [
          0.0,
          0.0,
          0.0,
          1.0
        ]
      ]
    },
    {
      "file_path": "/media/NFS/ttao/scannet/posed_images/scene0472_01/00229.jpg",
      "transform_matrix": [
        [
          -0.815157,
          0.325381,
          -0.479215,
          4.124953
        ],
        [
          0.578554,
          0.417083,
          -0.70094,
          2.749582
        ],
        [
          -0.0282,
          -0.848628,
          -0.528238,
          1.457996
        ],
        [
          0.0,
          0.0,
          0.0,
          1.0
        ]
      ]
    },
    {
      "file_path": "/media/NFS/ttao/scannet/posed_images/scene0472_01/00235.jpg",
      "transform_matrix": [
        [
          -0.785801,
          0.334431,
          -0.520262,
          4.132442
        ],
        [
          0.618347,
          0.407416,
          -0.672056,
          2.758894
        ],
        [
          -0.012794,
          -0.849805,
          -0.526942,
          1.470539
        ],
        [
          0.0,
          0.0,
          0.0,
          1.0
        ]
      ]
    },
    {
      "file_path": "/media/NFS/ttao/scannet/posed_images/scene0472_01/00239.jpg",
      "transform_matrix": [
        [
          -0.774259,
          0.330119,
          -0.539948,
          4.154085
        ],
        [
          0.632851,
          0.397613,
          -0.664382,
          2.775007
        ],
        [
          -0.004634,
          -0.856111,
          -0.516772,
          1.462019
        ],
        [
          0.0,
          0.0,
          0.0,
          1.0
        ]
      ]
    },
    {
      "file_path": "/media/NFS/ttao/scannet/posed_images/scene0472_01/00240.jpg",
      "transform_matrix": [
        [
          -0.771907,
          0.328891,
          -0.54405,
          4.167344
        ],
        [
          0.635729,
          0.395433,
          -0.662934,
          2.783054
        ],
        [
          -0.002897,
          -0.857592,
          -0.514323,
          1.450237
        ],
        [
          0.0,
          0.0,
          0.0,
          1.0
        ]
      ]
    },
    {
      "file_path": "/media/NFS/ttao/scannet/posed_images/scene0472_01/00244.jpg",
      "transform_matrix": [
        [
          -0.764053,
          0.344459,
          -0.5455,
          4.187349
        ],
        [
          0.645149,
          0.404952,
          -0.647917,
          2.798887
        ],
        [
          -0.002279,
          -0.846972,
          -0.531632,
          1.435588
        ],
        [
          0.0,
          0.0,
          0.0,
          1.0
        ]
      ]
    },
    {
      "file_path": "/media/NFS/ttao/scannet/posed_images/scene0472_01/00252.jpg",
      "transform_matrix": [
        [
          -0.689438,
          0.365258,
          -0.62551,
          4.224572
        ],
        [
          0.724042,
          0.322537,
          -0.609699,
          2.830864
        ],
        [
          -0.020947,
          -0.873245,
          -0.486831,
          1.42179
        ],
        [
          0.0,
          0.0,
          0.0,
          1.0
        ]
      ]
    },
    {
      "file_path": "/media/NFS/ttao/scannet/posed_images/scene0472_01/00256.jpg",
      "transform_matrix": [
        [
          -0.644951,
          0.370499,
          -0.668408,
          4.236968
        ],
        [
          0.764188,
          0.30415,
          -0.568779,
          2.861897
        ],
        [
          -0.007436,
          -0.877624,
          -0.479292,
          1.419253
        ],
        [
          0.0,
          0.0,
          0.0,
          1.0
        ]
      ]
    },
    {
      "file_path": "/media/NFS/ttao/scannet/posed_images/scene0472_01/00262.jpg",
      "transform_matrix": [
        [
          -0.621499,
          0.38232,
          -0.683791,
          4.264002
        ],
        [
          0.783415,
          0.302813,
          -0.542739,
          2.910176
        ],
        [
          -0.000439,
          -0.873004,
          -0.487713,
          1.423754
        ],
        [
          0.0,
          0.0,
          0.0,
          1.0
        ]
      ]
    },
    {
      "file_path": "/media/NFS/ttao/scannet/posed_images/scene0472_01/00263.jpg",
      "transform_matrix": [
        [
          -0.622147,
          0.381734,
          -0.683529,
          4.267087
        ],
        [
          0.782901,
          0.303721,
          -0.542974,
          2.922634
        ],
        [
          0.000331,
          -0.872945,
          -0.487819,
          1.424998
        ],
        [
          0.0,
          0.0,
          0.0,
          1.0
        ]
      ]
    },
    {
      "file_path": "/media/NFS/ttao/scannet/posed_images/scene0472_01/00267.jpg",
      "transform_matrix": [
        [
          -0.6168,
          0.389042,
          -0.684254,
          4.276931
        ],
        [
          0.787067,
          0.294745,
          -0.541896,
          2.989369
        ],
        [
          -0.00914,
          -0.872795,
          -0.488001,
          1.418085
        ],
        [
          0.0,
          0.0,
          0.0,
          1.0
        ]
      ]
    },
    {
      "file_path": "/media/NFS/ttao/scannet/posed_images/scene0472_01/00276.jpg",
      "transform_matrix": [
        [
          -0.569067,
          0.4053,
          -0.715468,
          4.286203
        ],
        [
          0.822087,
          0.299793,
          -0.484042,
          3.138561
        ],
        [
          0.01831,
          -0.86363,
          -0.503794,
          1.413952
        ],
        [
          0.0,
          0.0,
          0.0,
          1.0
        ]
      ]
    },
    {
      "file_path": "/media/NFS/ttao/scannet/posed_images/scene0472_01/00280.jpg",
      "transform_matrix": [
        [
          -0.548389,
          0.42495,
          -0.720199,
          4.28407
        ],
        [
          0.836223,
          0.279568,
          -0.471777,
          3.18255
        ],
        [
          0.000864,
          -0.860964,
          -0.508665,
          1.428488
        ],
        [
          0.0,
          0.0,
          0.0,
          1.0
        ]
      ]
    },
    {
      "file_path": "/media/NFS/ttao/scannet/posed_images/scene0472_01/00284.jpg",
      "transform_matrix": [
        [
          -0.524107,
          0.429972,
          -0.735144,
          4.283831
        ],
        [
          0.851475,
          0.246909,
          -0.46263,
          3.212751
        ],
        [
          -0.017404,
          -0.868424,
          -0.495517,
          1.442599
        ],
        [
          0.0,
          0.0,
          0.0,
          1.0
        ]
      ]
    },
    {
      "file_path": "/media/NFS/ttao/scannet/posed_images/scene0472_01/00289.jpg",
      "transform_matrix": [
        [
          -0.490442,
          0.442309,
          -0.750886,
          4.286576
        ],
        [
          0.871169,
          0.226048,
          -0.435851,
          3.241677
        ],
        [
          -0.023044,
          -0.867908,
          -0.49619,
          1.448079
        ],
        [
          0.0,
          0.0,
          0.0,
          1.0
        ]
      ]
    },
    {
      "file_path": "/media/NFS/ttao/scannet/posed_images/scene0472_01/00293.jpg",
      "transform_matrix": [
        [
          -0.479204,
          0.459753,
          -0.747657,
          4.290113
        ],
        [
          0.877158,
          0.220834,
          -0.426411,
          3.264218
        ],
        [
          -0.030936,
          -0.860151,
          -0.509101,
          1.441086
        ],
        [
          0.0,
          0.0,
          0.0,
          1.0
        ]
      ]
    },
    {
      "file_path": "/media/NFS/ttao/scannet/posed_images/scene0472_01/00295.jpg",
      "transform_matrix": [
        [
          -0.468017,
          0.463387,
          -0.752484,
          4.28882
        ],
        [
          0.883138,
          0.214358,
          -0.417275,
          3.269976
        ],
        [
          -0.032059,
          -0.859839,
          -0.509558,
          1.446127
        ],
        [
          0.0,
          0.0,
          0.0,
          1.0
        ]
      ]
    },
    {
      "file_path": "/media/NFS/ttao/scannet/posed_images/scene0472_01/00300.jpg",
      "transform_matrix": [
        [
          -0.421824,
          0.478396,
          -0.770196,
          4.287855
        ],
        [
          0.90642,
          0.202232,
          -0.370817,
          3.275816
        ],
        [
          -0.021639,
          -0.854541,
          -0.518934,
          1.447063
        ],
        [
          0.0,
          0.0,
          0.0,
          1.0
        ]
      ]
    },
    {
      "file_path": "/media/NFS/ttao/scannet/posed_images/scene0472_01/00304.jpg",
      "transform_matrix": [
        [
          -0.418749,
          0.474058,
          -0.774544,
          4.299512
        ],
        [
          0.907408,
          0.185091,
          -0.377296,
          3.278805
        ],
        [
          -0.035499,
          -0.860819,
          -0.507671,
          1.444399
        ],
        [
          0.0,
          0.0,
          0.0,
          1.0
        ]
      ]
    },
    {
      "file_path": "/media/NFS/ttao/scannet/posed_images/scene0472_01/00311.jpg",
      "transform_matrix": [
        [
          -0.422506,
          0.459997,
          -0.780955,
          4.307025
        ],
        [
          0.905597,
          0.178897,
          -0.384565,
          3.281919
        ],
        [
          -0.037188,
          -0.869712,
          -0.492157,
          1.457262
        ],
        [
          0.0,
          0.0,
          0.0,
          1.0
        ]
      ]
    },
    {
      "file_path": "/media/NFS/ttao/scannet/posed_images/scene0472_01/00314.jpg",
      "transform_matrix": [
        [
          -0.422806,
          0.455836,
          -0.783229,
          4.314643
        ],
        [
          0.905616,
          0.18099,
          -0.383539,
          3.280581
        ],
        [
          -0.033074,
          -0.871468,
          -0.489337,
          1.454017
        ],
        [
          0.0,
          0.0,
          0.0,
          1.0
        ]
      ]
    },
    {
      "file_path": "/media/NFS/ttao/scannet/posed_images/scene0472_01/00318.jpg",
      "transform_matrix": [
        [
          -0.424606,
          0.448798,
          -0.786314,
          4.314725
        ],
        [
          0.904955,
          0.183833,
          -0.383747,
          3.2808
        ],
        [
          -0.027674,
          -0.87452,
          -0.484199,
          1.463927
        ],
        [
          0.0,
          0.0,
          0.0,
          1.0
        ]
      ]
    },
    {
      "file_path": "/media/NFS/ttao/scannet/posed_images/scene0472_01/00325.jpg",
      "transform_matrix": [
        [
          -0.420079,
          0.429191,
          -0.79958,
          4.321774
        ],
        [
          0.906825,
          0.164876,
          -0.387922,
          3.290504
        ],
        [
          -0.034661,
          -0.888038,
          -0.458462,
          1.465204
        ],
        [
          0.0,
          0.0,
          0.0,
          1.0
        ]
      ]
    },
    {
      "file_path": "/media/NFS/ttao/scannet/posed_images/scene0472_01/00329.jpg",
      "transform_matrix": [
        [
          -0.416496,
          0.426155,
          -0.803071,
          4.326078
        ],
        [
          0.908276,
          0.15659,
          -0.387963,
          3.299221
        ],
        [
          -0.039579,
          -0.890995,
          -0.452286,
          1.457704
        ],
        [
          0.0,
          0.0,
          0.0,
          1.0
        ]
      ]
    },
    {
      "file_path": "/media/NFS/ttao/scannet/posed_images/scene0472_01/00331.jpg",
      "transform_matrix": [
        [
          -0.413865,
          0.427648,
          -0.803637,
          4.322461
        ],
        [
          0.909392,
          0.153978,
          -0.38639,
          3.305878
        ],
        [
          -0.041497,
          -0.890735,
          -0.452626,
          1.455673
        ],
        [
          0.0,
          0.0,
          0.0,
          1.0
        ]
      ]
    },
    {
      "file_path": "/media/NFS/ttao/scannet/posed_images/scene0472_01/00338.jpg",
      "transform_matrix": [
        [
          -0.363849,
          0.399509,
          -0.841431,
          4.310335
        ],
        [
          0.931279,
          0.138319,
          -0.337027,
          3.319177
        ],
        [
          -0.018259,
          -0.906235,
          -0.422381,
          1.444967
        ],
        [
          0.0,
          0.0,
          0.0,
          1.0
        ]
      ]
    },
    {
      "file_path": "/media/NFS/ttao/scannet/posed_images/scene0472_01/00342.jpg",
      "transform_matrix": [
        [
          -0.347758,
          0.404935,
          -0.845631,
          4.315164
        ],
        [
          0.937493,
          0.137557,
          -0.319665,
          3.313586
        ],
        [
          -0.013122,
          -0.903939,
          -0.42746,
          1.437079
        ],
        [
          0.0,
          0.0,
          0.0,
          1.0
        ]
      ]
    },
    {
      "file_path": "/media/NFS/ttao/scannet/posed_images/scene0472_01/00348.jpg",
      "transform_matrix": [
        [
          -0.325469,
          0.435869,
          -0.8391,
          4.302761
        ],
        [
          0.945189,
          0.12535,
          -0.301506,
          3.314608
        ],
        [
          -0.026236,
          -0.891238,
          -0.452776,
          1.436027
        ],
        [
          0.0,
          0.0,
          0.0,
          1.0
        ]
      ]
    },
    {
      "file_path": "/media/NFS/ttao/scannet/posed_images/scene0472_01/00349.jpg",
      "transform_matrix": [
        [
          -0.3157,
          0.43524,
          -0.843149,
          4.300055
        ],
        [
          0.94829,
          0.113957,
          -0.296243,
          3.3093
        ],
        [
