{
  "frames": [
    {
      "file_path": "/media/NFS/ttao/scannet/posed_images/scene0408_00/00000.jpg",
      "transform_matrix": [
        [
          0.511826,
          -0.106218,
          -0.852498,
          5.529718
        ],
        [
          0.858879,
          0.041311,
          0.51051,
          4.314277
        ],
        [
          -0.019007,
          -0.993484,
          0.112373,
          1.729567
        ],
        [
          0.0,
          0.0,
          0.0,
          1.0
        ]
      ]
    },
    {
      "file_path": "/media/NFS/ttao/scannet/posed_images/scene0408_00/00006.jpg",
      "transform_matrix": [
        [
          0.513872,
          -0.102441,
          -0.851729,
          5.534732
        ],
        [
          0.857649,
          0.038977,
          0.512756,
          4.323084
        ],
        [
          -0.01933,
          -0.993975,
          0.107887,
          1.731739
        ],
        [
          0.0,
          0.0,
          0.0,
          1.0
        ]
      ]
    },
    {
      "file_path": "/media/NFS/ttao/scannet/posed_images/scene0408_00/00016.jpg",
      "transform_matrix": [
        [
          0.50639,
          -0.060667,
          -0.860168,
          5.528948
        ],
        [
          0.862294,
          0.030482,
          0.505491,
          4.346851
        ],
        [
          -0.004447,
          -0.997693,
          0.067748,
          1.70044
        ],
        [
          0.0,
          0.0,
          0.0,
          1.0
        ]
      ]
    },
    {
      "file_path": "/media/NFS/ttao/scannet/posed_images/scene0408_00/00018.jpg",
      "transform_matrix": [
        [
          0.508189,
          -0.044725,
          -0.860083,
          5.521943
        ],
        [
          0.861234,
          0.021295,
          0.507762,
          4.347303
        ],
        [
          -0.004394,
          -0.998772,
          0.049341,
          1.688833
        ],
        [
          0.0,
          0.0,
          0.0,
          1.0
        ]
      ]
    },
    {
      "file_path": "/media/NFS/ttao/scannet/posed_images/scene0408_00/00026.jpg",
      "transform_matrix": [
        [
          0.483985,
          0.044371,
          -0.873951,
          5.498512
        ],
        [
          0.875073,
          -0.027412,
          0.483215,
          4.36469
        ],
        [
          -0.002516,
          -0.998639,
          -0.052094,
          1.633681
        ],
        [
          0.0,
          0.0,
          0.0,
          1.0
        ]
      ]
    },
    {
      "file_path": "/media/NFS/ttao/scannet/posed_images/scene0408_00/00036.jpg",
      "transform_matrix": [
        [
          0.454483,
          0.15596,
          -0.876996,
          5.472918
        ],
        [
          0.890712,
          -0.069893,
          0.449162,
          4.377827
        ],
        [
          0.008755,
          -0.985287,
          -0.17068,
          1.547992
        ],
        [
          0.0,
          0.0,
          0.0,
          1.0
        ]
      ]
    },
    {
      "file_path": "/media/NFS/ttao/scannet/posed_images/scene0408_00/00040.jpg",
      "transform_matrix": [
        [
          0.439185,
          0.188608,
          -0.878376,
          5.467338
        ],
        [
          0.898385,
          -0.087173,
          0.430471,
          4.387152
        ],
        [
          0.004619,
          -0.978176,
          -0.207728,
          1.523778
        ],
        [
          0.0,
          0.0,
          0.0,
          1.0
        ]
      ]
    },
    {
      "file_path": "/media/NFS/ttao/scannet/posed_images/scene0408_00/00048.jpg",
      "transform_matrix": [
        [
          0.445933,
          0.194593,
          -0.873657,
          5.462053
        ],
        [
          0.895062,
          -0.093803,
          0.435965,
          4.40609
        ],
        [
          0.002884,
          -0.976389,
          -0.216003,
          1.485525
        ],
        [
          0.0,
          0.0,
          0.0,
          1.0
        ]
      ]
    },
    {
      "file_path": "/media/NFS/ttao/scannet/posed_images/scene0408_00/00052.jpg",
      "transform_matrix": [
        [
          0.42489,
          0.185742,
          -0.885984,
          5.455806
        ],
        [
          0.90523,
          -0.081569,
          0.417019,
          4.415723
        ],
        [
          0.005189,
          -0.979207,
          -0.202797,
          1.474444
        ],
        [
          0.0,
          0.0,
          0.0,
          1.0
        ]
      ]
    },
    {
      "file_path": "/media/NFS/ttao/scannet/posed_images/scene0408_00/00060.jpg",
      "transform_matrix": [
        [
          0.356829,
          0.105281,
          -0.928218,
          5.42783
        ],
        [
          0.933968,
          -0.060847,
          0.352138,
          4.40317
        ],
        [
          -0.019406,
          -0.992579,
          -0.120041,
          1.507489
        ],
        [
          0.0,
          0.0,
          0.0,
          1.0
        ]
      ]
    },
    {
      "file_path": "/media/NFS/ttao/scannet/posed_images/scene0408_00/00068.jpg",
      "transform_matrix": [
        [
          0.289923,
          0.036186,
          -0.956366,
          5.371481
        ],
        [
          0.956528,
          -0.043964,
          0.288308,
          4.365076
        ],
        [
          -0.031613,
          -0.998377,
          -0.047359,
          1.532073
        ],
        [
          0.0,
          0.0,
          0.0,
          1.0
        ]
      ]
    },
    {
      "file_path": "/media/NFS/ttao/scannet/posed_images/scene0408_00/00076.jpg",
      "transform_matrix": [
        [
          0.280893,
          -0.009156,
          -0.959696,
          5.298441
        ],
        [
          0.959156,
          -0.032174,
          0.281042,
          4.31265
        ],
        [
          -0.033451,
          -0.99944,
          -0.000256,
          1.553843
        ],
        [
          0.0,
          0.0,
          0.0,
          1.0
        ]
      ]
    },
    {
      "file_path": "/media/NFS/ttao/scannet/posed_images/scene0408_00/00078.jpg",
      "transform_matrix": [
        [
          0.277585,
          -0.01262,
          -0.960618,
          5.280809
        ],
        [
          0.959863,
          -0.038108,
          0.277868,
          4.303952
        ],
        [
          -0.040114,
          -0.999194,
          0.001536,
          1.555487
        ],
        [
          0.0,
          0.0,
          0.0,
          1.0
        ]
      ]
    },
    {
      "file_path": "/media/NFS/ttao/scannet/posed_images/scene0408_00/00086.jpg",
      "transform_matrix": [
        [
          0.202784,
          0.030204,
          -0.978758,
          5.19321
        ],
        [
          0.978021,
          -0.055757,
          0.200911,
          4.270868
        ],
        [
          -0.048505,
          -0.997987,
          -0.040846,
          1.547715
        ],
        [
          0.0,
          0.0,
          0.0,
          1.0
        ]
      ]
    },
    {
      "file_path": "/media/NFS/ttao/scannet/posed_images/scene0408_00/00092.jpg",
      "transform_matrix": [
        [
          0.117743,
          0.042297,
          -0.992143,
          5.125867
        ],
        [
          0.991719,
          -0.056606,
          0.115279,
          4.257672
        ],
        [
          -0.051285,
          -0.9975,
          -0.048611,
          1.547963
        ],
        [
          0.0,
          0.0,
          0.0,
          1.0
        ]
      ]
    },
    {
      "file_path": "/media/NFS/ttao/scannet/posed_images/scene0408_00/00104.jpg",
      "transform_matrix": [
        [
          -0.072644,
          0.086979,
          -0.993558,
          4.984579
        ],
        [
          0.996387,
          -0.037616,
          -0.076144,
          4.263977
        ],
        [
          -0.043997,
          -0.9955,
          -0.083932,
          1.541773
        ],
        [
          0.0,
          0.0,
          0.0,
          1.0
        ]
      ]
    },
    {
      "file_path": "/media/NFS/ttao/scannet/posed_images/scene0408_00/00110.jpg",
      "transform_matrix": [
        [
          -0.147165,
          0.135503,
          -0.979786,
          4.912148
        ],
        [
          0.988067,
          -0.025379,
          -0.151919,
          4.264633
        ],
        [
          -0.045452,
          -0.990452,
          -0.130152,
          1.526106
        ],
        [
          0.0,
          0.0,
          0.0,
          1.0
        ]
      ]
    },
    {
      "file_path": "/media/NFS/ttao/scannet/posed_images/scene0408_00/00116.jpg",
      "transform_matrix": [
        [
          -0.177519,
          0.149765,
          -0.972655,
          4.839982
        ],
        [
          0.983275,
          -0.013888,
          -0.181595,
          4.248249
        ],
        [
          -0.040705,
          -0.988624,
          -0.144795,
          1.514578
        ],
        [
          0.0,
          0.0,
          0.0,
          1.0
        ]
      ]
    },
    {
      "file_path": "/media/NFS/ttao/scannet/posed_images/scene0408_00/00118.jpg",
      "transform_matrix": [
        [
          -0.179465,
          0.146947,
          -0.972728,
          4.816977
        ],
        [
          0.983143,
          -0.008349,
          -0.182648,
          4.236288
        ],
        [
          -0.034961,
          -0.989109,
          -0.142972,
          1.514858
        ],
        [
          0.0,
          0.0,
          0.0,
          1.0
        ]
      ]
    },
    {
      "file_path": "/media/NFS/ttao/scannet/posed_images/scene0408_00/00128.jpg",
      "transform_matrix": [
        [
          -0.239017,
          0.111993,
          -0.964535,
          4.707678
        ],
        [
          0.971014,
          0.025874,
          -0.237618,
          4.162046
        ],
        [
          -0.001655,
          -0.993372,
          -0.114932,
          1.515934
        ],
        [
          0.0,
          0.0,
          0.0,
          1.0
        ]
      ]
    },
    {
      "file_path": "/media/NFS/ttao/scannet/posed_images/scene0408_00/00132.jpg",
      "transform_matrix": [
        [
          -0.245764,
          0.12295,
          -0.9615,
          4.658933
        ],
        [
          0.969329,
          0.030641,
          -0.243848,
          4.137481
        ],
        [
          -0.000519,
          -0.99194,
          -0.12671,
          1.515588
        ],
        [
          0.0,
          0.0,
          0.0,
          1.0
        ]
      ]
    },
    {
      "file_path": "/media/NFS/ttao/scannet/posed_images/scene0408_00/00142.jpg",
      "transform_matrix": [
        [
          -0.334307,
          0.124087,
          -0.93426,
          4.565351
        ],
        [
          0.942325,
          0.026982,
          -0.333609,
          4.128654
        ],
        [
          -0.016188,
          -0.991904,
          -0.12595,
          1.527608
        ],
        [
          0.0,
          0.0,
          0.0,
          1.0
        ]
      ]
    },
    {
      "file_path": "/media/NFS/ttao/scannet/posed_images/scene0408_00/00146.jpg",
      "transform_matrix": [
        [
          -0.401218,
          0.144637,
          -0.904491,
          4.52231
        ],
        [
          0.915981,
          0.061508,
          -0.396479,
          4.141679
        ],
        [
          -0.001712,
          -0.987571,
          -0.157163,
          1.524959
        ],
        [
          0.0,
          0.0,
          0.0,
          1.0
        ]
      ]
    },
    {
      "file_path": "/media/NFS/ttao/scannet/posed_images/scene0408_00/00152.jpg",
      "transform_matrix": [
        [
          -0.474792,
          0.147593,
          -0.867634,
          4.486183
        ],
        [
          0.879819,
          0.054759,
          -0.472145,
          4.167787
        ],
        [
          -0.022175,
          -0.987531,
          -0.155854,
          1.526572
        ],
        [
          0.0,
          0.0,
          0.0,
          1.0
        ]
      ]
    },
    {
      "file_path": "/media/NFS/ttao/scannet/posed_images/scene0408_00/00160.jpg",
      "transform_matrix": [
        [
          -0.546214,
          0.148176,
          -0.824436,
          4.461037
        ],
        [
          0.837554,
          0.081981,
          -0.54017,
          4.190548
        ],
        [
          -0.012452,
          -0.985557,
          -0.168884,
          1.527556
        ],
        [
          0.0,
          0.0,
          0.0,
          1.0
        ]
      ]
    },
    {
      "file_path": "/media/NFS/ttao/scannet/posed_images/scene0408_00/00170.jpg",
      "transform_matrix": [
        [
          -0.613899,
          0.152407,
          -0.774532,
          4.463902
        ],
        [
          0.788213,
          0.064906,
          -0.611971,
          4.202966
        ],
        [
          -0.042997,
          -0.986184,
          -0.159975,
          1.533344
        ],
        [
          0.0,
          0.0,
          0.0,
          1.0
        ]
      ]
    },
    {
      "file_path": "/media/NFS/ttao/scannet/posed_images/scene0408_00/00174.jpg",
      "transform_matrix": [
        [
          -0.619105,
          0.151205,
          -0.770614,
          4.469
        ],
        [
          0.78417,
          0.066223,
          -0.617002,
          4.199764
        ],
        [
          -0.042262,
          -0.986282,
          -0.15957,
          1.532077
        ],
        [
          0.0,
          0.0,
          0.0,
          1.0
        ]
      ]
    },
    {
      "file_path": "/media/NFS/ttao/scannet/posed_images/scene0408_00/00180.jpg",
      "transform_matrix": [
        [
          -0.59366,
          0.151942,
          -0.790241,
          4.480898
        ],
        [
          0.803753,
          0.063939,
          -0.591517,
          4.178533
        ],
        [
          -0.039348,
          -0.986319,
          -0.160082,
          1.539499
        ],
        [
          0.0,
          0.0,
          0.0,
          1.0
        ]
      ]
    },
    {
      "file_path": "/media/NFS/ttao/scannet/posed_images/scene0408_00/00186.jpg",
      "transform_matrix": [
        [
          -0.575158,
          0.146016,
          -0.804906,
          4.505779
        ],
        [
          0.817535,
          0.06794,
          -0.571857,
          4.133686
        ],
        [
          -0.028815,
          -0.986947,
          -0.15845,
          1.541193
        ],
        [
          0.0,
          0.0,
          0.0,
          1.0
        ]
      ]
    },
    {
      "file_path": "/media/NFS/ttao/scannet/posed_images/scene0408_00/00192.jpg",
      "transform_matrix": [
        [
          -0.544348,
          0.137706,
          -0.827479,
          4.532919
        ],
        [
          0.838625,
          0.066015,
          -0.540694,
          4.074037
        ],
        [
          -0.01983,
          -0.988271,
          -0.151419,
          1.538408
        ],
        [
          0.0,
          0.0,
          0.0,
          1.0
        ]
      ]
    },
    {
      "file_path": "/media/NFS/ttao/scannet/posed_images/scene0408_00/00200.jpg",
      "transform_matrix": [
        [
          -0.495458,
          0.151583,
          -0.855303,
          4.54086
        ],
        [
          0.868417,
          0.064555,
          -0.491614,
          3.990163
        ],
        [
          -0.019306,
          -0.986334,
          -0.163622,
          1.537591
        ],
        [
          0.0,
          0.0,
          0.0,
          1.0
        ]
      ]
    },
    {
      "file_path": "/media/NFS/ttao/scannet/posed_images/scene0408_00/00206.jpg",
      "transform_matrix": [
        [
          -0.477746,
          0.16453,
          -0.862954,
          4.513628
        ],
        [
          0.878354,
          0.071695,
          -0.472603,
          3.927394
        ],
        [
          -0.015888,
          -0.983763,
          -0.178768,
          1.538024
        ],
        [
          0.0,
          0.0,
          0.0,
          1.0
        ]
      ]
    },
    {
      "file_path": "/media/NFS/ttao/scannet/posed_images/scene0408_00/00216.jpg",
      "transform_matrix": [
        [
          -0.505769,
          0.155437,
          -0.84855,
          4.416331
        ],
        [
          0.861268,
          0.034942,
          -0.506948,
          3.835819
        ],
        [
          -0.049148,
          -0.987228,
          -0.151545,
          1.537021
        ],
        [
          0.0,
          0.0,
          0.0,
          1.0
        ]
      ]
    },
    {
      "file_path": "/media/NFS/ttao/scannet/posed_images/scene0408_00/00220.jpg",
      "transform_matrix": [
        [
          -0.495387,
          0.147089,
          -0.856129,
          4.364922
        ],
        [
          0.868178,
          0.05058,
          -0.493669,
          3.797179
        ],
        [
          -0.02931,
          -0.987829,
          -0.152756,
          1.532408
        ],
        [
          0.0,
          0.0,
          0.0,
          1.0
        ]
      ]
    },
    {
      "file_path": "/media/NFS/ttao/scannet/posed_images/scene0408_00/00226.jpg",
      "transform_matrix": [
        [
          -0.505722,
          0.16193,
          -0.847363,
          4.300924
        ],
        [
          0.862654,
          0.104713,
          -0.494837,
          3.744256
        ],
        [
          0.008601,
          -0.981231,
          -0.192645,
          1.52037
        ],
        [
          0.0,
          0.0,
          0.0,
          1.0
        ]
      ]
    },
    {
      "file_path": "/media/NFS/ttao/scannet/posed_images/scene0408_00/00236.jpg",
      "transform_matrix": [
        [
          -0.540272,
          0.201298,
          -0.817059,
          4.210197
        ],
        [
          0.841284,
          0.107727,
          -0.52975,
          3.670246
        ],
        [
          -0.018618,
          -0.973588,
          -0.227551,
          1.513011
        ],
        [
          0.0,
          0.0,
          0.0,
          1.0
        ]
      ]
    },
    {
      "file_path": "/media/NFS/ttao/scannet/posed_images/scene0408_00/00240.jpg",
      "transform_matrix": [
        [
          -0.54696,
          0.196426,
          -0.813789,
          4.18108
        ],
        [
          0.836953,
          0.106724,
          -0.536768,
          3.637661
        ],
        [
          -0.018585,
          -0.974693,
          -0.222773,
          1.507812
        ],
        [
          0.0,
          0.0,
          0.0,
          1.0
        ]
      ]
    },
    {
      "file_path": "/media/NFS/ttao/scannet/posed_images/scene0408_00/00246.jpg",
      "transform_matrix": [
        [
          -0.549809,
          0.188571,
          -0.813726,
          4.127355
        ],
        [
          0.834916,
          0.09491,
          -0.542132,
          3.579658
        ],
        [
          -0.025,
          -0.977463,
          -0.209624,
          1.519407
        ],
        [
          0.0,
          0.0,
          0.0,
          1.0
        ]
      ]
    },
    {
      "file_path": "/media/NFS/ttao/scannet/posed_images/scene0408_00/00255.jpg",
      "transform_matrix": [
        [
          -0.584861,
          0.169941,
          -0.793132,
          4.07685
        ],
        [
          0.810647,
          0.088591,
          -0.578795,
          3.510994
        ],
        [
          -0.028097,
          -0.981464,
          -0.189576,
          1.533687
        ],
        [
          0.0,
          0.0,
          0.0,
          1.0
        ]
      ]
    },
    {
      "file_path": "/media/NFS/ttao/scannet/posed_images/scene0408_00/00263.jpg",
      "transform_matrix": [
        [
          -0.644844,
          0.157412,
          -0.747929,
          4.053918
        ],
        [
          0.763705,
          0.093651,
          -0.638736,
          3.493965
        ],
        [
          -0.0305,
          -0.983082,
          -0.180606,
          1.534763
        ],
        [
          0.0,
          0.0,
          0.0,
          1.0
        ]
      ]
    },
    {
      "file_path": "/media/NFS/ttao/scannet/posed_images/scene0408_00/00271.jpg",
      "transform_matrix": [
        [
          -0.630116,
          0.134076,
          -0.764838,
          4.01612
        ],
        [
          0.776428,
          0.09529,
          -0.62296,
          3.485616
        ],
        [
          -0.010643,
          -0.986379,
          -0.164144,
          1.534238
        ],
        [
          0.0,
          0.0,
          0.0,
          1.0
        ]
      ]
    },
    {
      "file_path": "/media/NFS/ttao/scannet/posed_images/scene0408_00/00277.jpg",
      "transform_matrix": [
        [
          -0.62967,
          0.120129,
          -0.767518,
          3.986767
        ],
        [
          0.776843,
          0.104418,
          -0.620977,
          3.46935
        ],
        [
          0.005545,
          -0.987252,
          -0.159071,
          1.535489
        ],
        [
          0.0,
          0.0,
          0.0,
          1.0
        ]
      ]
    },
    {
      "file_path": "/media/NFS/ttao/scannet/posed_images/scene0408_00/00281.jpg",
      "transform_matrix": [
        [
          -0.626639,
          0.134137,
          -0.767679,
          3.966903
        ],
        [
          0.77931,
          0.107573,
          -0.617337,
          3.449158
        ],
        [
          -0.000227,
          -0.985107,
          -0.171944,
          1.53399
        ],
        [
          0.0,
          0.0,
          0.0,
          1.0
        ]
      ]
    },
    {
      "file_path": "/media/NFS/ttao/scannet/posed_images/scene0408_00/00287.jpg",
      "transform_matrix": [
        [
          -0.603198,
          0.12908,
          -0.787078,
          3.937469
        ],
        [
          0.797516,
          0.111211,
          -0.592959,
          3.4107
        ],
        [
          0.010992,
          -0.985378,
          -0.170026,
          1.52269
        ],
        [
          0.0,
          0.0,
          0.0,
          1.0
        ]
      ]
    },
    {
      "file_path": "/media/NFS/ttao/scannet/posed_images/scene0408_00/00297.jpg",
      "transform_matrix": [
        [
          -0.516943,
          0.117615,
          -0.847901,
          3.865327
        ],
        [
          0.855711,
          0.097591,
          -0.508167,
          3.327332
        ],
        [
          0.022979,
          -0.988252,
          -0.151094,
          1.501024
        ],
        [
          0.0,
          0.0,
          0.0,
          1.0
        ]
      ]
    },
    {
      "file_path": "/media/NFS/ttao/scannet/posed_images/scene0408_00/00299.jpg",
      "transform_matrix": [
        [
          -0.514256,
          0.118918,
          -0.849352,
          3.843598
        ],
        [
          0.857477,
          0.090379,
          -0.506522,
          3.310469
        ],
        [
          0.016529,
          -0.988782,
          -0.148447,
          1.49748
        ],
        [
          0.0,
          0.0,
          0.0,
          1.0
        ]
      ]
    },
    {
      "file_path": "/media/NFS/ttao/scannet/posed_images/scene0408_00/00309.jpg",
      "transform_matrix": [
        [
          -0.460762,
          0.092793,
          -0.88266,
          3.72579
        ],
        [
          0.887437,
          0.062075,
          -0.45673,
          3.224567
        ],
        [
          0.01241,
          -0.993748,
          -0.11095,
          1.505223
        ],
        [
          0.0,
          0.0,
          0.0,
          1.0
        ]
      ]
    },
    {
      "file_path": "/media/NFS/ttao/scannet/posed_images/scene0408_00/00317.jpg",
      "transform_matrix": [
        [
          -0.432265,
          0.104754,
          -0.895641,
          3.656102
        ],
        [
          0.901581,
          0.069231,
          -0.427034,
          3.138688
        ],
        [
          0.017272,
          -0.992085,
          -0.124371,
          1.505696
        ],
        [
          0.0,
          0.0,
          0.0,
          1.0
        ]
      ]
    },
    {
      "file_path": "/media/NFS/ttao/scannet/posed_images/scene0408_00/00319.jpg",
      "transform_matrix": [
        [
          -0.425384,
          0.10267,
          -0.89917,
          3.640759
        ],
        [
          0.9048,
          0.069806,
          -0.420076,
          3.11525
        ],
        [
          0.019639,
          -0.992263,
          -0.12259,
          1.502795
        ],
        [
          0.0,
          0.0,
          0.0,
          1.0
        ]
      ]
    },
    {
      "file_path": "/media/NFS/ttao/scannet/posed_images/scene0408_00/00329.jpg",
      "transform_matrix": [
        [
          -0.369783,
          0.107021,
          -0.922934,
          3.577333
        ],
        [
          0.929116,
          0.0446,
          -0.367089,
          2.976496
        ],
        [
          0.001877,
          -0.993256,
          -0.115927,
          1.526021
        ],
        [
          0.0,
          0.0,
          0.0,
          1.0
        ]
      ]
    },
    {
      "file_path": "/media/NFS/ttao/scannet/posed_images/scene0408_00/00333.jpg",
      "transform_matrix": [
        [
          -0.358939,
          0.139981,
          -0.922804,
          3.564382
        ],
        [
          0.932888,
          0.022331,
          -0.359474,
          2.92132
        ],
        [
          -0.029713,
          -0.989902,
          -0.138602,
          1.530177
        ],
        [
          0.0,
          0.0,
          0.0,
          1.0
        ]
      ]
    },
    {
      "file_path": "/media/NFS/ttao/scannet/posed_images/scene0408_00/00345.jpg",
      "transform_matrix": [
        [
          -0.518338,
          0.194143,
          -0.832847,
          3.555185
        ],
        [
          0.854901,
          0.092934,
          -0.5104,
          2.846723
        ],
        [
          -0.021691,
          -0.976561,
          -0.214144,
          1.525164
        ],
        [
          0.0,
          0.0,
          0.0,
          1.0
        ]
      ]
    },
    {
      "file_path": "/media/NFS/ttao/scannet/posed_images/scene0408_00/00349.jpg",
      "transform_matrix": [
        [
          -0.581666,
          0.177621,
          -0.793798,
          3.556402
        ],
        [
          0.8134,
          0.118867,
          -0.569431,
          2.830857
        ],
        [
          -0.006787,
          -0.976894,
          -0.213618,
          1.519061
        ],
        [
          0.0,
          0.0,
          0.0,
          1.0
        ]
      ]
    },
    {
      "file_path": "/media/NFS/ttao/scannet/posed_images/scene0408_00/00353.jpg",
      "transform_matrix": [
        [
          -0.675038,
          0.171358,
          -0.717607,
          3.556221
        ],
        [
          0.737536,
          0.131592,
          -0.662363,
          2.874182
        ],
        [
          -0.01907,
          -0.976381,
          -0.215212,
          1.525313
        ],
        [
          0.0,
          0.0,
          0.0,
          1.0
        ]
      ]
    },
    {
      "file_path": "/media/NFS/ttao/scannet/posed_images/scene0408_00/00363.jpg",
      "transform_matrix": [
        [
          -Infinity,
          -Infinity,
          -Infinity,
          -Infinity
        ],
        [
          -Infinity,
          -Infinity,
          -Infinity,
          -Infinity
        ],
        [
          -Infinity,
          -Infinity,
          -Infinity,
          -Infinity
        ],
        [
          -Infinity,
          -Infinity,
          -Infinity,
          -Infinity
        ]
      ]
    },
    {
      "file_path": "/media/NFS/ttao/scannet/posed_images/scene0408_00/00371.jpg",
      "transform_matrix": [
        [
          -0.945779,
          0.135284,
          -0.295296,
          3.540765
        ],
        [
          0.320325,
          0.237928,
          -0.916942,
          2.883922
        ],
        [
          -0.053788,
          -0.961815,
          -0.268362,
          1.486822
        ],
        [
          0.0,
          0.0,
          0.0,
          1.0
        ]
      ]
    },
    {
      "file_path": "/media/NFS/ttao/scannet/posed_images/scene0408_00/00375.jpg",
      "transform_matrix": [
        [
          -0.959107,
          0.118826,
          -0.256893,
          3.561396
        ],
        [
          0.27928,
          0.249779,
          -0.927153,
          2.894617
        ],
        [
          -0.046004,
          -0.960984,
          -0.272751,
          1.483409
        ],
        [
          0.0,
          0.0,
          0.0,
          1.0
        ]
      ]
    },
    {
      "file_path": "/media/NFS/ttao/scannet/posed_images/scene0408_00/00381.jpg",
      "transform_matrix": [
        [
          -0.971787,
          0.102303,
          -0.212521,
          3.584947
        ],
        [
          0.230835,
          0.227475,
          -0.946029,
          2.908326
        ],
        [
          -0.048439,
          -0.968395,
          -0.244672,
          1.506089
        ],
        [
          0.0,
          0.0,
          0.0,
          1.0
        ]
      ]
    },
    {
      "file_path": "/media/NFS/ttao/scannet/posed_images/scene0408_00/00391.jpg",
      "transform_matrix": [
        [
          -0.988822,
          0.104396,
          -0.106454,
          3.656703
        ],
        [
          0.126131,
          0.204948,
          -0.970612,
          2.937578
        ],
        [
          -0.079511,
          -0.97319,
          -0.215824,
          1.528766
        ],
        [
          0.0,
          0.0,
          0.0,
          1.0
        ]
      ]
    },
    {
      "file_path": "/media/NFS/ttao/scannet/posed_images/scene0408_00/00397.jpg",
      "transform_matrix": [
        [
          -0.995094,
          0.093232,
          -0.0331,
          3.718989
        ],
        [
          0.051843,
          0.206445,
          -0.977084,
          2.958608
        ],
        [
          -0.084262,
          -0.974006,
          -0.210266,
          1.530732
        ],
        [
          0.0,
          0.0,
          0.0,
          1.0
        ]
      ]
    },
    {
      "file_path": "/media/NFS/ttao/scannet/posed_images/scene0408_00/00401.jpg",
      "transform_matrix": [
        [
          -0.996707,
          0.077398,
          0.024177,
          3.717745
        ],
        [
          -0.007951,
          0.203441,
          -0.979055,
          2.963231
        ],
        [
          -0.080695,
          -0.976023,
          -0.202155,
          1.544909
        ],
        [
          0.0,
          0.0,
          0.0,
          1.0
        ]
      ]
    },
    {
      "file_path": "/media/NFS/ttao/scannet/posed_images/scene0408_00/00409.jpg",
      "transform_matrix": [
        [
          -0.996959,
          0.043365,
          0.064753,
          3.745397
        ],
        [
          -0.05582,
          0.182457,
          -0.981628,
          2.976115
        ],
        [
          -0.054383,
          -0.982257,
          -0.179482,
          1.556163
        ],
        [
          0.0,
          0.0,
          0.0,
          1.0
        ]
      ]
    },
    {
      "file_path": "/media/NFS/ttao/scannet/posed_images/scene0408_00/00417.jpg",
      "transform_matrix": [
        [
          -0.990441,
          0.018903,
          0.136633,
          3.741313
        ],
        [
          -0.13098,
          0.181675,
          -0.974597,
          2.984231
        ],
        [
          -0.043246,
          -0.983177,
          -0.177462,
          1.553801
        ],
        [
          0.0,
          0.0,
          0.0,
          1.0
        ]
      ]
    },
    {
      "file_path": "/media/NFS/ttao/scannet/posed_images/scene0408_00/00425.jpg",
      "transform_matrix": [
        [
          -0.976842,
          0.010025,
          0.213729,
          3.718518
        ],
        [
          -0.207766,
          0.194245,
          -0.958698,
          2.983056
        ],
        [
          -0.051127,
          -0.980902,
          -0.187664,
          1.552741
        ],
        [
          0.0,
          0.0,
          0.0,
          1.0
        ]
      ]
    },
    {
      "file_path": "/media/NFS/ttao/scannet/posed_images/scene0408_00/00429.jpg",
      "transform_matrix": [
        [
          -0.969637,
          0.002585,
          0.244537,
          3.701731
        ],
        [
          -0.239464,
          0.192841,
          -0.951562,
          2.97752
        ],
        [
          -0.049617,
          -0.981227,
          -0.186367,
          1.545289
        ],
        [
          0.0,
          0.0,
          0.0,
          1.0
        ]
      ]
    },
    {
      "file_path": "/media/NFS/ttao/scannet/posed_images/scene0408_00/00435.jpg",
      "transform_matrix": [
        [
          -0.946996,
          -0.01894,
          0.320687,
          3.669297
        ],
        [
          -0.318082,
          0.19505,
          -0.927782,
          2.962027
        ],
        [
          -0.044978,
          -0.98061,
          -0.190736,
          1.528567
        ],
        [
          0.0,
          0.0,
          0.0,
          1.0
        ]
      ]
    },
    {
      "file_path": "/media/NFS/ttao/scannet/posed_images/scene0408_00/00439.jpg",
      "transform_matrix": [
        [
          -0.925229,
          -0.03315,
          0.377958,
          3.646935
        ],
        [
          -0.378372,
          0.154238,
          -0.912713,
          2.949534
        ],
        [
          -0.028039,
          -0.987477,
          -0.155249,
          1.518259
        ],
        [
          0.0,
          0.0,
          0.0,
          1.0
        ]
      ]
    },
    {
      "file_path": "/media/NFS/ttao/scannet/posed_images/scene0408_00/00449.jpg",
      "transform_matrix": [
        [
          -0.864435,
          -0.054064,
          0.499828,
          3.600872
        ],
        [
          -0.500602,
          0.18425,
          -0.845843,
          2.870196
        ],
        [
          -0.046364,
          -0.981391,
          -0.186336,
          1.489723
        ],
        [
          0.0,
          0.0,
          0.0,
          1.0
        ]
      ]
    },
    {
      "file_path": "/media/NFS/ttao/scannet/posed_images/scene0408_00/00457.jpg",
      "transform_matrix": [
        [
          -0.754843,
          -0.046959,
          0.654222,
          3.576326
        ],
        [
          -0.652187,
          0.159787,
          -0.741026,
          2.791189
        ],
        [
          -0.069738,
          -0.986034,
          -0.15124,
          1.467434
        ],
        [
          0.0,
          0.0,
          0.0,
          1.0
        ]
      ]
    },
    {
      "file_path": "/media/NFS/ttao/scannet/posed_images/scene0408_00/00465.jpg",
      "transform_matrix": [
        [
          -0.579225,
          -0.084616,
          0.810764,
          3.531996
        ],
        [
          -0.810313,
          0.168149,
          -0.561354,
          2.708605
        ],
        [
          -0.08883,
          -0.982123,
          -0.165962,
          1.466801
        ],
        [
          0.0,
          0.0,
          0.0,
          1.0
        ]
      ]
    },
    {
      "file_path": "/media/NFS/ttao/scannet/posed_images/scene0408_00/00471.jpg",
      "transform_matrix": [
        [
          -0.476221,
          -0.094319,
          0.874253,
          3.504447
        ],
        [
          -0.869699,
          0.197237,
          -0.452462,
          2.636167
        ],
        [
          -0.129759,
          -0.975808,
          -0.175958,
          1.461755
        ],
        [
          0.0,
          0.0,
          0.0,
          1.0
        ]
      ]
    },
    {
      "file_path": "/media/NFS/ttao/scannet/posed_images/scene0408_00/00475.jpg",
      "transform_matrix": [
        [
          -0.384206,
          -0.095917,
          0.918252,
          3.481796
        ],
        [
          -0.911816,
          0.195452,
          -0.361097,
          2.584706
        ],
        [
          -0.144839,
          -0.976012,
          -0.162552,
          1.455158
        ],
        [
          0.0,
          0.0,
          0.0,
          1.0
        ]
      ]
    },
    {
      "file_path": "/media/NFS/ttao/scannet/posed_images/scene0408_00/00479.jpg",
      "transform_matrix": [
        [
          -0.281121,
          -0.122209,
          0.951859,
          3.45179
        ],
        [
          -0.948164,
          0.188515,
          -0.255826,
          2.524241
        ],
        [
          -0.148176,
          -0.974437,
          -0.168869,
          1.452436
        ],
        [
          0.0,
          0.0,
          0.0,
          1.0
        ]
      ]
    },
    {
      "file_path": "/media/NFS/ttao/scannet/posed_images/scene0408_00/00491.jpg",
      "transform_matrix": [
        [
          0.015614,
          -0.16093,
          0.986842,
          3.321433
        ],
        [
          -0.991826,
          0.12251,
          0.035672,
          2.371761
        ],
        [
          -0.126639,
          -0.979333,
          -0.157702,
          1.491623
        ],
        [
          0.0,
          0.0,
          0.0,
          1.0
        ]
      ]
    },
    {
      "file_path": "/media/NFS/ttao/scannet/posed_images/scene0408_00/00497.jpg",
      "transform_matrix": [
        [
          0.097022,
          -0.181271,
          0.978636,
          3.311584
        ],
        [
          -0.99228,
          0.058703,
          0.109248,
          2.33937
        ],
        [
          -0.077252,
          -0.98168,
          -0.174176,
          1.479387
        ],
        [
          0.0,
          0.0,
          0.0,
          1.0
        ]
      ]
    },
    {
      "file_path": "/media/NFS/ttao/scannet/posed_images/scene0408_00/00505.jpg",
      "transform_matrix": [
        [
          0.103111,
          -0.300438,
          0.948212,
          3.371902
        ],
        [
          -0.992333,
          0.034229,
          0.118754,
          2.313755
        ],
        [
          -0.068135,
          -0.953187,
          -0.294605,
          1.451729
        ],
        [
          0.0,
          0.0,
          0.0,
          1.0
        ]
      ]
    },
    {
      "file_path": "/media/NFS/ttao/scannet/posed_images/scene0408_00/00507.jpg",
      "transform_matrix": [
        [
          0.11227,
          -0.292682,
          0.949596,
          3.377352
        ],
        [
          -0.990622,
          0.041916,
          0.13004,
          2.306629
        ],
        [
          -0.077863,
          -0.955291,
          -0.285231,
          1.454211
        ],
        [
          0.0,
          0.0,
          0.0,
          1.0
        ]
      ]
    },
    {
      "file_path": "/media/NFS/ttao/scannet/posed_images/scene0408_00/00515.jpg",
      "transform_matrix": [
        [
          0.248862,
          -0.324949,
          0.912401,
          3.354032
        ],
        [
          -0.965998,
          -0.015079,
          0.258111,
          2.282044
        ],
        [
          -0.070114,
