{
  "frames": [
    {
      "file_path": "/media/NFS/ttao/scannet/posed_images/scene0400_01/00001.jpg",
      "transform_matrix": [
        [
          0.483991,
          0.465572,
          -0.740942,
          2.34897
        ],
        [
          0.874834,
          -0.237647,
          0.422125,
          2.53407
        ],
        [
          0.020447,
          -0.852506,
          -0.522317,
          1.35058
        ],
        [
          0.0,
          0.0,
          0.0,
          1.0
        ]
      ]
    },
    {
      "file_path": "/media/NFS/ttao/scannet/posed_images/scene0400_01/00004.jpg",
      "transform_matrix": [
        [
          0.479768,
          0.461658,
          -0.746119,
          2.351339
        ],
        [
          0.876807,
          -0.221128,
          0.426981,
          2.506847
        ],
        [
          0.032131,
          -0.859054,
          -0.510875,
          1.354036
        ],
        [
          0.0,
          0.0,
          0.0,
          1.0
        ]
      ]
    },
    {
      "file_path": "/media/NFS/ttao/scannet/posed_images/scene0400_01/00008.jpg",
      "transform_matrix": [
        [
          0.472341,
          0.463115,
          -0.749946,
          2.366774
        ],
        [
          0.880372,
          -0.206482,
          0.426979,
          2.462996
        ],
        [
          0.04289,
          -0.861911,
          -0.505243,
          1.345271
        ],
        [
          0.0,
          0.0,
          0.0,
          1.0
        ]
      ]
    },
    {
      "file_path": "/media/NFS/ttao/scannet/posed_images/scene0400_01/00017.jpg",
      "transform_matrix": [
        [
          0.488374,
          0.44456,
          -0.750905,
          2.411615
        ],
        [
          0.871842,
          -0.211901,
          0.441577,
          2.339288
        ],
        [
          0.03719,
          -0.870324,
          -0.491073,
          1.322675
        ],
        [
          0.0,
          0.0,
          0.0,
          1.0
        ]
      ]
    },
    {
      "file_path": "/media/NFS/ttao/scannet/posed_images/scene0400_01/00018.jpg",
      "transform_matrix": [
        [
          0.488756,
          0.439373,
          -0.753703,
          2.422019
        ],
        [
          0.871853,
          -0.214843,
          0.44013,
          2.330027
        ],
        [
          0.031454,
          -0.872235,
          -0.488075,
          1.321013
        ],
        [
          0.0,
          0.0,
          0.0,
          1.0
        ]
      ]
    },
    {
      "file_path": "/media/NFS/ttao/scannet/posed_images/scene0400_01/00025.jpg",
      "transform_matrix": [
        [
          0.513605,
          0.45456,
          -0.727726,
          2.449292
        ],
        [
          0.857714,
          -0.249071,
          0.449768,
          2.255533
        ],
        [
          0.02319,
          -0.855184,
          -0.517806,
          1.308242
        ],
        [
          0.0,
          0.0,
          0.0,
          1.0
        ]
      ]
    },
    {
      "file_path": "/media/NFS/ttao/scannet/posed_images/scene0400_01/00029.jpg",
      "transform_matrix": [
        [
          0.537128,
          0.413319,
          -0.735296,
          2.449304
        ],
        [
          0.843433,
          -0.252134,
          0.474394,
          2.252676
        ],
        [
          0.010683,
          -0.874983,
          -0.484035,
          1.341476
        ],
        [
          0.0,
          0.0,
          0.0,
          1.0
        ]
      ]
    },
    {
      "file_path": "/media/NFS/ttao/scannet/posed_images/scene0400_01/00032.jpg",
      "transform_matrix": [
        [
          0.542114,
          0.392007,
          -0.743265,
          2.447637
        ],
        [
          0.840107,
          -0.233631,
          0.489527,
          2.259544
        ],
        [
          0.018248,
          -0.889802,
          -0.455983,
          1.377395
        ],
        [
          0.0,
          0.0,
          0.0,
          1.0
        ]
      ]
    },
    {
      "file_path": "/media/NFS/ttao/scannet/posed_images/scene0400_01/00036.jpg",
      "transform_matrix": [
        [
          0.551201,
          0.351404,
          -0.756765,
          2.446806
        ],
        [
          0.833933,
          -0.202589,
          0.513335,
          2.282178
        ],
        [
          0.027076,
          -0.914042,
          -0.404714,
          1.404803
        ],
        [
          0.0,
          0.0,
          0.0,
          1.0
        ]
      ]
    },
    {
      "file_path": "/media/NFS/ttao/scannet/posed_images/scene0400_01/00044.jpg",
      "transform_matrix": [
        [
          0.534207,
          0.293122,
          -0.792908,
          2.443332
        ],
        [
          0.845117,
          -0.162965,
          0.509137,
          2.348757
        ],
        [
          0.020023,
          -0.942084,
          -0.334779,
          1.447942
        ],
        [
          0.0,
          0.0,
          0.0,
          1.0
        ]
      ]
    },
    {
      "file_path": "/media/NFS/ttao/scannet/posed_images/scene0400_01/00047.jpg",
      "transform_matrix": [
        [
          0.516745,
          0.275518,
          -0.810595,
          2.441099
        ],
        [
          0.856038,
          -0.151727,
          0.494144,
          2.373779
        ],
        [
          0.013156,
          -0.949247,
          -0.314258,
          1.461573
        ],
        [
          0.0,
          0.0,
          0.0,
          1.0
        ]
      ]
    },
    {
      "file_path": "/media/NFS/ttao/scannet/posed_images/scene0400_01/00050.jpg",
      "transform_matrix": [
        [
          0.497382,
          0.250408,
          -0.830607,
          2.438505
        ],
        [
          0.867499,
          -0.135268,
          0.478694,
          2.393314
        ],
        [
          0.007515,
          -0.958644,
          -0.284508,
          1.473312
        ],
        [
          0.0,
          0.0,
          0.0,
          1.0
        ]
      ]
    },
    {
      "file_path": "/media/NFS/ttao/scannet/posed_images/scene0400_01/00058.jpg",
      "transform_matrix": [
        [
          0.45775,
          0.175561,
          -0.871575,
          2.441485
        ],
        [
          0.889065,
          -0.096253,
          0.447548,
          2.464977
        ],
        [
          -0.005319,
          -0.979752,
          -0.200145,
          1.5279
        ],
        [
          0.0,
          0.0,
          0.0,
          1.0
        ]
      ]
    },
    {
      "file_path": "/media/NFS/ttao/scannet/posed_images/scene0400_01/00062.jpg",
      "transform_matrix": [
        [
          0.447602,
          0.155103,
          -0.880679,
          2.43561
        ],
        [
          0.894228,
          -0.080992,
          0.440224,
          2.477214
        ],
        [
          -0.003048,
          -0.984573,
          -0.17495,
          1.554181
        ],
        [
          0.0,
          0.0,
          0.0,
          1.0
        ]
      ]
    },
    {
      "file_path": "/media/NFS/ttao/scannet/posed_images/scene0400_01/00063.jpg",
      "transform_matrix": [
        [
          0.443147,
          0.153884,
          -0.883142,
          2.435357
        ],
        [
          0.896429,
          -0.082632,
          0.435416,
          2.477618
        ],
        [
          -0.005972,
          -0.984628,
          -0.174564,
          1.564682
        ],
        [
          0.0,
          0.0,
          0.0,
          1.0
        ]
      ]
    },
    {
      "file_path": "/media/NFS/ttao/scannet/posed_images/scene0400_01/00069.jpg",
      "transform_matrix": [
        [
          0.428616,
          0.117414,
          -0.895825,
          2.437387
        ],
        [
          0.903382,
          -0.070777,
          0.422955,
          2.489748
        ],
        [
          -0.013743,
          -0.990558,
          -0.136406,
          1.59147
        ],
        [
          0.0,
          0.0,
          0.0,
          1.0
        ]
      ]
    },
    {
      "file_path": "/media/NFS/ttao/scannet/posed_images/scene0400_01/00076.jpg",
      "transform_matrix": [
        [
          0.439985,
          0.059761,
          -0.896014,
          2.423649
        ],
        [
          0.898004,
          -0.030956,
          0.438898,
          2.494901
        ],
        [
          -0.001508,
          -0.997733,
          -0.067285,
          1.608182
        ],
        [
          0.0,
          0.0,
          0.0,
          1.0
        ]
      ]
    },
    {
      "file_path": "/media/NFS/ttao/scannet/posed_images/scene0400_01/00080.jpg",
      "transform_matrix": [
        [
          0.443267,
          0.019055,
          -0.896187,
          2.438089
        ],
        [
          0.896387,
          -0.011677,
          0.443118,
          2.497565
        ],
        [
          -0.002021,
          -0.99975,
          -0.022256,
          1.64659
        ],
        [
          0.0,
          0.0,
          0.0,
          1.0
        ]
      ]
    },
    {
      "file_path": "/media/NFS/ttao/scannet/posed_images/scene0400_01/00085.jpg",
      "transform_matrix": [
        [
          0.443507,
          -0.040369,
          -0.895361,
          2.448324
        ],
        [
          0.895928,
          -0.007652,
          0.444133,
          2.497226
        ],
        [
          -0.024781,
          -0.999156,
          0.032774,
          1.602633
        ],
        [
          0.0,
          0.0,
          0.0,
          1.0
        ]
      ]
    },
    {
      "file_path": "/media/NFS/ttao/scannet/posed_images/scene0400_01/00087.jpg",
      "transform_matrix": [
        [
          0.444701,
          -0.043052,
          -0.894644,
          2.450264
        ],
        [
          0.895346,
          -0.005877,
          0.445333,
          2.493957
        ],
        [
          -0.02443,
          -0.999056,
          0.035933,
          1.622302
        ],
        [
          0.0,
          0.0,
          0.0,
          1.0
        ]
      ]
    },
    {
      "file_path": "/media/NFS/ttao/scannet/posed_images/scene0400_01/00094.jpg",
      "transform_matrix": [
        [
          0.429944,
          -0.037681,
          -0.902069,
          2.463945
        ],
        [
          0.90255,
          -0.00806,
          0.43051,
          2.492995
        ],
        [
          -0.023493,
          -0.999257,
          0.030543,
          1.686376
        ],
        [
          0.0,
          0.0,
          0.0,
          1.0
        ]
      ]
    },
    {
      "file_path": "/media/NFS/ttao/scannet/posed_images/scene0400_01/00099.jpg",
      "transform_matrix": [
        [
          0.445583,
          0.038506,
          -0.894412,
          2.448394
        ],
        [
          0.895211,
          -0.010975,
          0.445508,
          2.496824
        ],
        [
          0.007338,
          -0.999198,
          -0.039361,
          1.713782
        ],
        [
          0.0,
          0.0,
          0.0,
          1.0
        ]
      ]
    },
    {
      "file_path": "/media/NFS/ttao/scannet/posed_images/scene0400_01/00101.jpg",
      "transform_matrix": [
        [
          -Infinity,
          -Infinity,
          -Infinity,
          -Infinity
        ],
        [
          -Infinity,
          -Infinity,
          -Infinity,
          -Infinity
        ],
        [
          -Infinity,
          -Infinity,
          -Infinity,
          -Infinity
        ],
        [
          -Infinity,
          -Infinity,
          -Infinity,
          -Infinity
        ]
      ]
    },
    {
      "file_path": "/media/NFS/ttao/scannet/posed_images/scene0400_01/00107.jpg",
      "transform_matrix": [
        [
          -Infinity,
          -Infinity,
          -Infinity,
          -Infinity
        ],
        [
          -Infinity,
          -Infinity,
          -Infinity,
          -Infinity
        ],
        [
          -Infinity,
          -Infinity,
          -Infinity,
          -Infinity
        ],
        [
          -Infinity,
          -Infinity,
          -Infinity,
          -Infinity
        ]
      ]
    },
    {
      "file_path": "/media/NFS/ttao/scannet/posed_images/scene0400_01/00113.jpg",
      "transform_matrix": [
        [
          0.471305,
          0.243785,
          -0.847609,
          2.411437
        ],
        [
          0.881435,
          -0.163682,
          0.443036,
          2.512829
        ],
        [
          -0.030733,
          -0.955917,
          -0.292025,
          1.469215
        ],
        [
          0.0,
          0.0,
          0.0,
          1.0
        ]
      ]
    },
    {
      "file_path": "/media/NFS/ttao/scannet/posed_images/scene0400_01/00117.jpg",
      "transform_matrix": [
        [
          0.470252,
          0.317129,
          -0.823585,
          2.410107
        ],
        [
          0.882504,
          -0.176457,
          0.435947,
          2.505314
        ],
        [
          -0.007076,
          -0.931822,
          -0.362847,
          1.415665
        ],
        [
          0.0,
          0.0,
          0.0,
          1.0
        ]
      ]
    },
    {
      "file_path": "/media/NFS/ttao/scannet/posed_images/scene0400_01/00121.jpg",
      "transform_matrix": [
        [
          0.477007,
          0.38654,
          -0.789336,
          2.415876
        ],
        [
          0.878818,
          -0.197564,
          0.434335,
          2.47232
        ],
        [
          0.011944,
          -0.900864,
          -0.433938,
          1.362484
        ],
        [
          0.0,
          0.0,
          0.0,
          1.0
        ]
      ]
    },
    {
      "file_path": "/media/NFS/ttao/scannet/posed_images/scene0400_01/00127.jpg",
      "transform_matrix": [
        [
          0.501638,
          0.439907,
          -0.744876,
          2.423163
        ],
        [
          0.86452,
          -0.224023,
          0.44991,
          2.40825
        ],
        [
          0.031049,
          -0.869653,
          -0.492687,
          1.331845
        ],
        [
          0.0,
          0.0,
          0.0,
          1.0
        ]
      ]
    },
    {
      "file_path": "/media/NFS/ttao/scannet/posed_images/scene0400_01/00131.jpg",
      "transform_matrix": [
        [
          0.53107,
          0.441233,
          -0.72338,
          2.422248
        ],
        [
          0.84645,
          -0.237401,
          0.476616,
          2.328812
        ],
        [
          0.038568,
          -0.865422,
          -0.499558,
          1.30313
        ],
        [
          0.0,
          0.0,
          0.0,
          1.0
        ]
      ]
    },
    {
      "file_path": "/media/NFS/ttao/scannet/posed_images/scene0400_01/00134.jpg",
      "transform_matrix": [
        [
          0.544348,
          0.43642,
          -0.716396,
          2.417102
        ],
        [
          0.83808,
          -0.246115,
          0.486878,
          2.271516
        ],
        [
          0.036168,
          -0.865428,
          -0.499726,
          1.301409
        ],
        [
          0.0,
          0.0,
          0.0,
          1.0
        ]
      ]
    },
    {
      "file_path": "/media/NFS/ttao/scannet/posed_images/scene0400_01/00136.jpg",
      "transform_matrix": [
        [
          0.550057,
          0.430701,
          -0.715496,
          2.415948
        ],
        [
          0.834396,
          -0.247582,
          0.49243,
          2.224843
        ],
        [
          0.034946,
          -0.867871,
          -0.495559,
          1.295746
        ],
        [
          0.0,
          0.0,
          0.0,
          1.0
        ]
      ]
    },
    {
      "file_path": "/media/NFS/ttao/scannet/posed_images/scene0400_01/00143.jpg",
      "transform_matrix": [
        [
          0.611267,
          0.421811,
          -0.669647,
          2.429126
        ],
        [
          0.790275,
          -0.279742,
          0.545169,
          2.149571
        ],
        [
          0.04263,
          -0.86245,
          -0.504344,
          1.299748
        ],
        [
          0.0,
          0.0,
          0.0,
          1.0
        ]
      ]
    },
    {
      "file_path": "/media/NFS/ttao/scannet/posed_images/scene0400_01/00149.jpg",
      "transform_matrix": [
        [
          0.640685,
          0.398059,
          -0.656561,
          2.473903
        ],
        [
          0.767135,
          -0.296195,
          0.56901,
          2.098447
        ],
        [
          0.032029,
          -0.868227,
          -0.495133,
          1.289845
        ],
        [
          0.0,
          0.0,
          0.0,
          1.0
        ]
      ]
    },
    {
      "file_path": "/media/NFS/ttao/scannet/posed_images/scene0400_01/00153.jpg",
      "transform_matrix": [
        [
          0.651098,
          0.395725,
          -0.647667,
          2.508083
        ],
        [
          0.758565,
          -0.310625,
          0.572792,
          2.064905
        ],
        [
          0.025486,
          -0.864242,
          -0.502431,
          1.290354
        ],
        [
          0.0,
          0.0,
          0.0,
          1.0
        ]
      ]
    },
    {
      "file_path": "/media/NFS/ttao/scannet/posed_images/scene0400_01/00157.jpg",
      "transform_matrix": [
        [
          0.661509,
          0.398065,
          -0.635571,
          2.552717
        ],
        [
          0.749509,
          -0.322272,
          0.578254,
          2.04582
        ],
        [
          0.025356,
          -0.858886,
          -0.511539,
          1.292011
        ],
        [
          0.0,
          0.0,
          0.0,
          1.0
        ]
      ]
    },
    {
      "file_path": "/media/NFS/ttao/scannet/posed_images/scene0400_01/00162.jpg",
      "transform_matrix": [
        [
          0.684674,
          0.385277,
          -0.618694,
          2.599653
        ],
        [
          0.728442,
          -0.333345,
          0.598543,
          2.027214
        ],
        [
          0.024366,
          -0.86049,
          -0.508885,
          1.292219
        ],
        [
          0.0,
          0.0,
          0.0,
          1.0
        ]
      ]
    },
    {
      "file_path": "/media/NFS/ttao/scannet/posed_images/scene0400_01/00165.jpg",
      "transform_matrix": [
        [
          0.68808,
          0.384402,
          -0.615452,
          2.617863
        ],
        [
          0.725055,
          -0.330303,
          0.604314,
          2.024658
        ],
        [
          0.029014,
          -0.862053,
          -0.505987,
          1.294537
        ],
        [
          0.0,
          0.0,
          0.0,
          1.0
        ]
      ]
    },
    {
      "file_path": "/media/NFS/ttao/scannet/posed_images/scene0400_01/00169.jpg",
      "transform_matrix": [
        [
          0.715133,
          0.376847,
          -0.588703,
          2.629206
        ],
        [
          0.697415,
          -0.328204,
          0.637098,
          2.032423
        ],
        [
          0.046873,
          -0.866181,
          -0.497528,
          1.297149
        ],
        [
          0.0,
          0.0,
          0.0,
          1.0
        ]
      ]
    },
    {
      "file_path": "/media/NFS/ttao/scannet/posed_images/scene0400_01/00174.jpg",
      "transform_matrix": [
        [
          0.761519,
          0.359432,
          -0.539349,
          2.613482
        ],
        [
          0.644012,
          -0.325814,
          0.692166,
          2.009337
        ],
        [
          0.073059,
          -0.874445,
          -0.479592,
          1.281443
        ],
        [
          0.0,
          0.0,
          0.0,
          1.0
        ]
      ]
    },
    {
      "file_path": "/media/NFS/ttao/scannet/posed_images/scene0400_01/00178.jpg",
      "transform_matrix": [
        [
          0.798286,
          0.351819,
          -0.488838,
          2.571919
        ],
        [
          0.596311,
          -0.347722,
          0.723535,
          1.993793
        ],
        [
          0.084573,
          -0.869088,
          -0.487375,
          1.284271
        ],
        [
          0.0,
          0.0,
          0.0,
          1.0
        ]
      ]
    },
    {
      "file_path": "/media/NFS/ttao/scannet/posed_images/scene0400_01/00183.jpg",
      "transform_matrix": [
        [
          0.881811,
          0.278967,
          -0.380244,
          2.490335
        ],
        [
          0.467305,
          -0.408276,
          0.784179,
          1.950222
        ],
        [
          0.063516,
          -0.869188,
          -0.490386,
          1.284271
        ],
        [
          0.0,
          0.0,
          0.0,
          1.0
        ]
      ]
    },
    {
      "file_path": "/media/NFS/ttao/scannet/posed_images/scene0400_01/00190.jpg",
      "transform_matrix": [
        [
          0.967059,
          0.143013,
          -0.210582,
          2.374068
        ],
        [
          0.253299,
          -0.458604,
          0.851776,
          1.937165
        ],
        [
          0.025241,
          -0.877057,
          -0.479723,
          1.293771
        ],
        [
          0.0,
          0.0,
          0.0,
          1.0
        ]
      ]
    },
    {
      "file_path": "/media/NFS/ttao/scannet/posed_images/scene0400_01/00191.jpg",
      "transform_matrix": [
        [
          0.973625,
          0.126509,
          -0.189864,
          2.362367
        ],
        [
          0.227164,
          -0.460202,
          0.85826,
          1.949858
        ],
        [
          0.021202,
          -0.878754,
          -0.476803,
          1.299766
        ],
        [
          0.0,
          0.0,
          0.0,
          1.0
        ]
      ]
    },
    {
      "file_path": "/media/NFS/ttao/scannet/posed_images/scene0400_01/00200.jpg",
      "transform_matrix": [
        [
          0.992927,
          0.003747,
          -0.118665,
          2.275978
        ],
        [
          0.108757,
          -0.429569,
          0.896461,
          2.010919
        ],
        [
          -0.047616,
          -0.903026,
          -0.426938,
          1.292229
        ],
        [
          0.0,
          0.0,
          0.0,
          1.0
        ]
      ]
    },
    {
      "file_path": "/media/NFS/ttao/scannet/posed_images/scene0400_01/00204.jpg",
      "transform_matrix": [
        [
          0.99735,
          -0.043287,
          -0.058475,
          2.235643
        ],
        [
          0.032405,
          -0.455308,
          0.889744,
          2.05655
        ],
        [
          -0.065138,
          -0.889281,
          -0.452698,
          1.297378
        ],
        [
          0.0,
          0.0,
          0.0,
          1.0
        ]
      ]
    },
    {
      "file_path": "/media/NFS/ttao/scannet/posed_images/scene0400_01/00205.jpg",
      "transform_matrix": [
        [
          0.997361,
          -0.051838,
          -0.050838,
          2.230001
        ],
        [
          0.021535,
          -0.457481,
          0.888959,
          2.061745
        ],
        [
          -0.069339,
          -0.887707,
          -0.455157,
          1.297069
        ],
        [
          0.0,
          0.0,
          0.0,
          1.0
        ]
      ]
    },
    {
      "file_path": "/media/NFS/ttao/scannet/posed_images/scene0400_01/00211.jpg",
      "transform_matrix": [
        [
          0.992124,
          -0.114712,
          0.050318,
          2.155617
        ],
        [
          -0.097019,
          -0.44961,
          0.887941,
          2.108064
        ],
        [
          -0.079234,
          -0.885829,
          -0.457198,
          1.29718
        ],
        [
          0.0,
          0.0,
          0.0,
          1.0
        ]
      ]
    },
    {
      "file_path": "/media/NFS/ttao/scannet/posed_images/scene0400_01/00218.jpg",
      "transform_matrix": [
        [
          0.964073,
          -0.172174,
          0.202283,
          2.084128
        ],
        [
          -0.259179,
          -0.442797,
          0.858345,
          2.148819
        ],
        [
          -0.058214,
          -0.879936,
          -0.471513,
          1.294742
        ],
        [
          0.0,
          0.0,
          0.0,
          1.0
        ]
      ]
    },
    {
      "file_path": "/media/NFS/ttao/scannet/posed_images/scene0400_01/00222.jpg",
      "transform_matrix": [
        [
          0.94706,
          -0.193383,
          0.256281,
          2.036072
        ],
        [
          -0.316784,
          -0.433074,
          0.843857,
          2.165873
        ],
        [
          -0.052199,
          -0.880369,
          -0.471408,
          1.305017
        ],
        [
          0.0,
          0.0,
          0.0,
          1.0
        ]
      ]
    },
    {
      "file_path": "/media/NFS/ttao/scannet/posed_images/scene0400_01/00224.jpg",
      "transform_matrix": [
        [
          0.941388,
          -0.193661,
          0.276194,
          2.014824
        ],
        [
          -0.334517,
          -0.430533,
          0.838296,
          2.171745
        ],
        [
          -0.043434,
          -0.881554,
          -0.470082,
          1.302514
        ],
        [
          0.0,
          0.0,
          0.0,
          1.0
        ]
      ]
    },
    {
      "file_path": "/media/NFS/ttao/scannet/posed_images/scene0400_01/00230.jpg",
      "transform_matrix": [
        [
          0.929721,
          -0.17388,
          0.324629,
          1.965938
        ],
        [
          -0.368237,
          -0.449534,
          0.813831,
          2.189281
        ],
        [
          0.004423,
          -0.876177,
          -0.48197,
          1.294918
        ],
        [
          0.0,
          0.0,
          0.0,
          1.0
        ]
      ]
    },
    {
      "file_path": "/media/NFS/ttao/scannet/posed_images/scene0400_01/00235.jpg",
      "transform_matrix": [
        [
          0.916743,
          -0.173478,
          0.359845,
          1.98097
        ],
        [
          -0.398821,
          -0.449095,
          0.799535,
          2.192553
        ],
        [
          0.022903,
          -0.876481,
          -0.480891,
          1.290684
        ],
        [
          0.0,
          0.0,
          0.0,
          1.0
        ]
      ]
    },
    {
      "file_path": "/media/NFS/ttao/scannet/posed_images/scene0400_01/00238.jpg",
      "transform_matrix": [
        [
          0.90544,
          -0.182083,
          0.383437,
          1.995884
        ],
        [
          -0.423495,
          -0.448797,
          0.786914,
          2.193329
        ],
        [
          0.028802,
          -0.874887,
          -0.48347,
          1.289836
        ],
        [
          0.0,
          0.0,
          0.0,
          1.0
        ]
      ]
    },
    {
      "file_path": "/media/NFS/ttao/scannet/posed_images/scene0400_01/00244.jpg",
      "transform_matrix": [
        [
          0.896166,
          -0.205553,
          0.393235,
          2.034859
        ],
        [
          -0.443328,
          -0.451923,
          0.774097,
          2.187159
        ],
        [
          0.018594,
          -0.868052,
          -0.496126,
          1.290277
        ],
        [
          0.0,
          0.0,
          0.0,
          1.0
        ]
      ]
    },
    {
      "file_path": "/media/NFS/ttao/scannet/posed_images/scene0400_01/00248.jpg",
      "transform_matrix": [
        [
          0.889117,
          -0.237733,
          0.391092,
          2.079693
        ],
        [
          -0.457375,
          -0.430357,
          0.778204,
          2.182229
        ],
        [
          -0.016696,
          -0.87079,
          -0.491371,
          1.298564
        ],
        [
          0.0,
          0.0,
          0.0,
          1.0
        ]
      ]
    },
    {
      "file_path": "/media/NFS/ttao/scannet/posed_images/scene0400_01/00255.jpg",
      "transform_matrix": [
        [
          0.896759,
          -0.230851,
          0.377533,
          2.166622
        ],
        [
          -0.440086,
          -0.375892,
          0.815494,
          2.17883
        ],
        [
          -0.046345,
          -0.897448,
          -0.438679,
          1.324248
        ],
        [
          0.0,
          0.0,
          0.0,
          1.0
        ]
      ]
    },
    {
      "file_path": "/media/NFS/ttao/scannet/posed_images/scene0400_01/00257.jpg",
      "transform_matrix": [
        [
          0.903685,
          -0.225325,
          0.364119,
          2.192259
        ],
        [
          -0.424363,
          -0.357717,
          0.831839,
          2.175266
        ],
        [
          -0.057182,
          -0.906238,
          -0.418882,
          1.330423
        ],
        [
          0.0,
          0.0,
          0.0,
          1.0
        ]
      ]
    },
    {
      "file_path": "/media/NFS/ttao/scannet/posed_images/scene0400_01/00264.jpg",
      "transform_matrix": [
        [
          0.921504,
          -0.192355,
          0.337387,
          2.250445
        ],
        [
          -0.384762,
          -0.33404,
          0.860451,
          2.180371
        ],
        [
          -0.052812,
          -0.922723,
          -0.38183,
          1.357811
        ],
        [
          0.0,
          0.0,
          0.0,
          1.0
        ]
      ]
    },
    {
      "file_path": "/media/NFS/ttao/scannet/posed_images/scene0400_01/00269.jpg",
      "transform_matrix": [
        [
          0.92246,
          -0.18565,
          0.338529,
          2.289714
        ],
        [
          -0.381673,
          -0.306186,
          0.87211,
          2.181948
        ],
        [
          -0.058255,
          -0.933694,
          -0.353302,
          1.373216
        ],
        [
          0.0,
          0.0,
          0.0,
          1.0
        ]
      ]
    },
    {
      "file_path": "/media/NFS/ttao/scannet/posed_images/scene0400_01/00271.jpg",
      "transform_matrix": [
        [
          0.922898,
          -0.182152,
          0.339235,
          2.303991
        ],
        [
          -0.380582,
          -0.297791,
          0.875487,
          2.182657
        ],
        [
          -0.058451,
          -0.937092,
          -0.344154,
          1.375918
        ],
        [
          0.0,
          0.0,
          0.0,
          1.0
        ]
      ]
    },
    {
      "file_path": "/media/NFS/ttao/scannet/posed_images/scene0400_01/00274.jpg",
      "transform_matrix": [
        [
          0.917083,
          -0.188471,
          0.351336,
          2.32261
        ],
        [
          -0.39373,
          -0.289482,
          0.872455,
          2.188555
        ],
        [
          -0.062727,
          -0.938445,
          -0.339686,
          1.373283
        ],
        [
          0.0,
          0.0,
          0.0,
          1.0
        ]
      ]
    },
    {
      "file_path": "/media/NFS/ttao/scannet/posed_images/scene0400_01/00282.jpg",
      "transform_matrix": [
        [
          0.891256,
          -0.211299,
          0.401268,
          2.388025
        ],
        [
          -0.449003,
          -0.286833,
          0.846241,
          2.22869
        ],
        [
          -0.063713,
          -0.934387,
          -0.350516,
          1.368081
        ],
        [
          0.0,
          0.0,
          0.0,
          1.0
        ]
      ]
    },
    {
      "file_path": "/media/NFS/ttao/scannet/posed_images/scene0400_01/00285.jpg",
      "transform_matrix": [
        [
          0.883468,
          -0.207695,
          0.419937,
          2.425106
        ],
        [
          -0.464964,
          -0.278924,
          0.840244,
          2.257005
        ],
        [
          -0.057384,
          -0.937584,
          -0.342991,
          1.367754
        ],
        [
          0.0,
          0.0,
          0.0,
          1.0
        ]
      ]
    },
    {
      "file_path": "/media/NFS/ttao/scannet/posed_images/scene0400_01/00292.jpg",
      "transform_matrix": [
        [
          0.878664,
          -0.196345,
          0.4352,
          2.486994
        ],
        [
          -0.474281,
          -0.254247,
          0.842862,
          2.317228
        ],
        [
          -0.054843,
          -0.946999,
          -0.31652,
          1.363913
        ],
        [
          0.0,
          0.0,
          0.0,
          1.0
        ]
      ]
    },
    {
      "file_path": "/media/NFS/ttao/scannet/posed_images/scene0400_01/00295.jpg",
      "transform_matrix": [
        [
          0.878889,
          -0.192704,
          0.436371,
          2.500048
        ],
        [
          -0.474687,
          -0.262799,
          0.840006,
          2.342833
        ],
        [
          -0.047194,
          -0.945411,
          -0.322445,
          1.36566
        ],
        [
          0.0,
          0.0,
          0.0,
          1.0
        ]
      ]
    },
    {
      "file_path": "/media/NFS/ttao/scannet/posed_images/scene0400_01/00300.jpg",
      "transform_matrix": [
        [
          0.875898,
          -0.208755,
          0.434999,
          2.554683
        ],
        [
          -0.479659,
          -0.27909,
          0.831888,
          2.383949
        ],
        [
          -0.052257,
          -0.937299,
          -0.344585,
          1.372878
        ],
        [
          0.0,
          0.0,
          0.0,
          1.0
        ]
      ]
    },
    {
      "file_path": "/media/NFS/ttao/scannet/posed_images/scene0400_01/00306.jpg",
      "transform_matrix": [
        [
          0.878114,
          -0.202973,
          0.433264,
          2.618565
        ],
        [
          -0.474854,
          -0.258873,
          0.84113,
          2.414196
        ],
        [
          -0.058566,
          -0.944345,
          -0.323702,
          1.390276
        ],
        [
          0.0,
          0.0,
          0.0,
          1.0
        ]
      ]
    },
    {
      "file_path": "/media/NFS/ttao/scannet/posed_images/scene0400_01/00310.jpg",
      "transform_matrix": [
        [
          0.89064,
          -0.159645,
          0.425763,
          2.68574
        ],
        [
          -0.452255,
          -0.213853,
          0.865871,
          2.418731
        ],
        [
          -0.047182,
          -0.963733,
          -0.262666,
          1.397407
        ],
        [
          0.0,
          0.0,
          0.0,
          1.0
        ]
      ]
    },
    {
      "file_path": "/media/NFS/ttao/scannet/posed_images/scene0400_01/00313.jpg",
      "transform_matrix": [
        [
          0.904267,
          -0.117422,
          0.410505,
          2.739585
        ],
        [
          -0.426323,
          -0.19545,
          0.883204,
          2.417342
        ],
        [
          -0.023474,
          -0.973659,
          -0.226798,
          1.419818
        ],
        [
          0.0,
          0.0,
          0.0,
          1.0
        ]
      ]
    },
    {
      "file_path": "/media/NFS/ttao/scannet/posed_images/scene0400_01/00317.jpg",
      "transform_matrix": [
        [
          0.915,
          -0.080034,
          0.395435,
          2.805588
        ],
        [
          -0.403436,
          -0.190597,
          0.894937,
          2.414221
        ],
        [
          0.003744,
          -0.978401,
          -0.206685,
          1.448304
        ],
        [
          0.0,
          0.0,
          0.0,
          1.0
        ]
      ]
    },
    {
      "file_path": "/media/NFS/ttao/scannet/posed_images/scene0400_01/00321.jpg",
      "transform_matrix": [
        [
          0.918276,
          -0.059862,
          0.39139,
          2.886432
        ],
        [
          -0.395808,
          -0.164383,
          0.903501,
          2.40308
        ],
        [
          0.010253,
          -0.984579,
          -0.174643,
          1.460586
        ],
        [
          0.0,
          0.0,
          0.0,
          1.0
        ]
      ]
    },
    {
      "file_path": "/media/NFS/ttao/scannet/posed_images/scene0400_01/00325.jpg",
      "transform_matrix": [
        [
          0.918846,
          -0.061922,
          0.389727,
          2.951042
        ],
        [
          -0.394603,
          -0.152355,
          0.906133,
          2.398617
        ],
        [
          0.003267,
          -0.986384,
          -0.164426,
          1.469131
        ],
        [
          0.0,
          0.0,
          0.0,
          1.0
        ]
      ]
    },
    {
      "file_path": "/media/NFS/ttao/scannet/posed_images/scene0400_01/00332.jpg",
      "transform_matrix": [
        [
          0.919098,
          -0.099256,
          0.381323,
          3.048706
        ],
        [
          -0.392452,
          -0.144108,
          0.908413,
          2.414973
        ],
        [
          -0.035213,
          -0.984572,
          -0.171403,
          1.449324
        ],
        [
          0.0,
          0.0,
          0.0,
          1.0
        ]
      ]
    },
    {
      "file_path": "/media/NFS/ttao/scannet/posed_images/scene0400_01/00337.jpg",
      "transform_matrix": [
        [
          0.918639,
          -0.119407,
          0.376622,
          3.128846
        ],
        [
          -0.39109,
          -0.139385,
          0.909737,
          2.442203
        ],
        [
          -0.056134,
          -0.983013,
          -0.174743,
          1.424557
        ],
        [
          0.0,
          0.0,
          0.0,
          1.0
        ]
      ]
    },
    {
      "file_path": "/media/NFS/ttao/scannet/posed_images/scene0400_01/00339.jpg",
      "transform_matrix": [
        [
          0.922322,
          -0.114665,
          0.369016,
          3.161806
        ],
        [
          -0.3833,
          -0.15035,
          0.911305,
          2.457695
        ],
        [
          -0.049013,
          -0.981961,
          -0.182622,
          1.411504
        ],
        [
          0.0,
          0.0,
          0.0,
          1.0
        ]
      ]
    },
    {
      "file_path": "/media/NFS/ttao/scannet/posed_images/scene0400_01/00343.jpg",
      "transform_matrix": [
        [
          0.930247,
          -0.10194,
          0.35249,
          3.23318
        ],
        [
          -0.366284,
          -0.200784,
          0.908583,
          2.484896
        ],
        [
          -0.021846,
          -0.974317,
          -0.224117,
          1.395066
        ],
        [
          0.0,
          0.0,
          0.0,
          1.0
        ]
      ]
    },
    {
      "file_path": "/media/NFS/ttao/scannet/posed_images/scene0400_01/00348.jpg",
      "transform_matrix": [
        [
          0.947234,
          -0.075351,
          0.311559,
          3.305874
        ],
        [
          -0.320309,
          -0.259526,
          0.91107,
          2.510709
        ],
        [
          0.012208,
          -0.962792,
          -0.269968,
          1.387115
        ],
        [
          0.0,
          0.0,
          0.0,
          1.0
        ]
      ]
    },
    {
      "file_path": "/media/NFS/ttao/scannet/posed_images/scene0400_01/00353.jpg",
      "transform_matrix": [
        [
          0.959945,
          -0.078752,
          0.268893,
          3.378441
        ],
        [
          -0.280179,
          -0.277794,
          0.918875,
          2.520189
        ],
        [
          0.002333,
