{
  "frames": [
    {
      "file_path": "/media/NFS/ttao/scannet/posed_images/scene0270_01/00000.jpg",
      "transform_matrix": [
        [
          0.987014,
          -0.034061,
          -0.156985,
          5.214144
        ],
        [
          0.146205,
          -0.214362,
          0.96575,
          2.429096
        ],
        [
          -0.066546,
          -0.97616,
          -0.206598,
          1.441828
        ],
        [
          0.0,
          0.0,
          0.0,
          1.0
        ]
      ]
    },
    {
      "file_path": "/media/NFS/ttao/scannet/posed_images/scene0270_01/00008.jpg",
      "transform_matrix": [
        [
          0.986467,
          -0.033403,
          -0.160524,
          5.218845
        ],
        [
          0.149977,
          -0.211835,
          0.965729,
          2.431462
        ],
        [
          -0.066263,
          -0.976735,
          -0.203958,
          1.444575
        ],
        [
          0.0,
          0.0,
          0.0,
          1.0
        ]
      ]
    },
    {
      "file_path": "/media/NFS/ttao/scannet/posed_images/scene0270_01/00014.jpg",
      "transform_matrix": [
        [
          0.988582,
          -0.036206,
          -0.146267,
          5.202412
        ],
        [
          0.135891,
          -0.205186,
          0.969244,
          2.432503
        ],
        [
          -0.065104,
          -0.978053,
          -0.197923,
          1.432984
        ],
        [
          0.0,
          0.0,
          0.0,
          1.0
        ]
      ]
    },
    {
      "file_path": "/media/NFS/ttao/scannet/posed_images/scene0270_01/00018.jpg",
      "transform_matrix": [
        [
          0.988843,
          -0.0464,
          -0.141551,
          5.2061
        ],
        [
          0.130387,
          -0.189913,
          0.973105,
          2.439688
        ],
        [
          -0.072034,
          -0.980704,
          -0.181744,
          1.446761
        ],
        [
          0.0,
          0.0,
          0.0,
          1.0
        ]
      ]
    },
    {
      "file_path": "/media/NFS/ttao/scannet/posed_images/scene0270_01/00029.jpg",
      "transform_matrix": [
        [
          0.993923,
          -0.043005,
          -0.101328,
          5.219775
        ],
        [
          0.098144,
          -0.070605,
          0.992664,
          2.503066
        ],
        [
          -0.049844,
          -0.996577,
          -0.065956,
          1.473473
        ],
        [
          0.0,
          0.0,
          0.0,
          1.0
        ]
      ]
    },
    {
      "file_path": "/media/NFS/ttao/scannet/posed_images/scene0270_01/00033.jpg",
      "transform_matrix": [
        [
          0.993157,
          -0.048448,
          -0.106267,
          5.205476
        ],
        [
          0.104017,
          -0.046832,
          0.993472,
          2.533047
        ],
        [
          -0.053109,
          -0.997727,
          -0.041472,
          1.465812
        ],
        [
          0.0,
          0.0,
          0.0,
          1.0
        ]
      ]
    },
    {
      "file_path": "/media/NFS/ttao/scannet/posed_images/scene0270_01/00041.jpg",
      "transform_matrix": [
        [
          0.991713,
          -0.07361,
          -0.105292,
          5.258903
        ],
        [
          0.104905,
          -0.00911,
          0.994441,
          2.565944
        ],
        [
          -0.07416,
          -0.997246,
          -0.001313,
          1.504683
        ],
        [
          0.0,
          0.0,
          0.0,
          1.0
        ]
      ]
    },
    {
      "file_path": "/media/NFS/ttao/scannet/posed_images/scene0270_01/00051.jpg",
      "transform_matrix": [
        [
          0.985168,
          -0.056982,
          -0.161855,
          5.35947
        ],
        [
          0.156089,
          -0.094207,
          0.98324,
          2.583026
        ],
        [
          -0.071275,
          -0.993921,
          -0.083916,
          1.465873
        ],
        [
          0.0,
          0.0,
          0.0,
          1.0
        ]
      ]
    },
    {
      "file_path": "/media/NFS/ttao/scannet/posed_images/scene0270_01/00053.jpg",
      "transform_matrix": [
        [
          0.983538,
          -0.047665,
          -0.1743,
          5.382522
        ],
        [
          0.167327,
          -0.123922,
          0.978082,
          2.583053
        ],
        [
          -0.06822,
          -0.991147,
          -0.113907,
          1.445288
        ],
        [
          0.0,
          0.0,
          0.0,
          1.0
        ]
      ]
    },
    {
      "file_path": "/media/NFS/ttao/scannet/posed_images/scene0270_01/00059.jpg",
      "transform_matrix": [
        [
          0.977946,
          -0.007707,
          -0.208718,
          5.44624
        ],
        [
          0.203425,
          -0.191348,
          0.96021,
          2.574577
        ],
        [
          -0.047338,
          -0.981492,
          -0.18556,
          1.415627
        ],
        [
          0.0,
          0.0,
          0.0,
          1.0
        ]
      ]
    },
    {
      "file_path": "/media/NFS/ttao/scannet/posed_images/scene0270_01/00067.jpg",
      "transform_matrix": [
        [
          0.974612,
          0.023217,
          -0.222693,
          5.515722
        ],
        [
          0.219816,
          -0.28834,
          0.931955,
          2.562721
        ],
        [
          -0.042574,
          -0.957247,
          -0.286124,
          1.407481
        ],
        [
          0.0,
          0.0,
          0.0,
          1.0
        ]
      ]
    },
    {
      "file_path": "/media/NFS/ttao/scannet/posed_images/scene0270_01/00077.jpg",
      "transform_matrix": [
        [
          0.980922,
          0.016071,
          -0.193735,
          5.563159
        ],
        [
          0.184902,
          -0.384836,
          0.904275,
          2.577358
        ],
        [
          -0.060023,
          -0.922845,
          -0.380465,
          1.361402
        ],
        [
          0.0,
          0.0,
          0.0,
          1.0
        ]
      ]
    },
    {
      "file_path": "/media/NFS/ttao/scannet/posed_images/scene0270_01/00086.jpg",
      "transform_matrix": [
        [
          0.987067,
          0.025571,
          -0.158259,
          5.569023
        ],
        [
          0.153398,
          -0.437421,
          0.886077,
          2.627295
        ],
        [
          -0.046568,
          -0.898893,
          -0.435687,
          1.354763
        ],
        [
          0.0,
          0.0,
          0.0,
          1.0
        ]
      ]
    },
    {
      "file_path": "/media/NFS/ttao/scannet/posed_images/scene0270_01/00090.jpg",
      "transform_matrix": [
        [
          0.987707,
          0.027849,
          -0.153814,
          5.584204
        ],
        [
          0.149857,
          -0.448617,
          0.881071,
          2.652773
        ],
        [
          -0.044467,
          -0.89329,
          -0.447276,
          1.365695
        ],
        [
          0.0,
          0.0,
          0.0,
          1.0
        ]
      ]
    },
    {
      "file_path": "/media/NFS/ttao/scannet/posed_images/scene0270_01/00094.jpg",
      "transform_matrix": [
        [
          0.990533,
          0.015407,
          -0.136409,
          5.599085
        ],
        [
          0.129341,
          -0.437695,
          0.889772,
          2.682567
        ],
        [
          -0.045997,
          -0.898991,
          -0.435544,
          1.374668
        ],
        [
          0.0,
          0.0,
          0.0,
          1.0
        ]
      ]
    },
    {
      "file_path": "/media/NFS/ttao/scannet/posed_images/scene0270_01/00100.jpg",
      "transform_matrix": [
        [
          0.996858,
          -0.04461,
          -0.065447,
          5.583403
        ],
        [
          0.04248,
          -0.396274,
          0.917149,
          2.718325
        ],
        [
          -0.066849,
          -0.917048,
          -0.393134,
          1.38557
        ],
        [
          0.0,
          0.0,
          0.0,
          1.0
        ]
      ]
    },
    {
      "file_path": "/media/NFS/ttao/scannet/posed_images/scene0270_01/00112.jpg",
      "transform_matrix": [
        [
          0.994649,
          -0.102665,
          -0.011547,
          5.66089
        ],
        [
          -0.024053,
          -0.338821,
          0.940543,
          2.763333
        ],
        [
          -0.100473,
          -0.935233,
          -0.339477,
          1.414313
        ],
        [
          0.0,
          0.0,
          0.0,
          1.0
        ]
      ]
    },
    {
      "file_path": "/media/NFS/ttao/scannet/posed_images/scene0270_01/00118.jpg",
      "transform_matrix": [
        [
          0.996186,
          -0.086302,
          -0.012885,
          5.722585
        ],
        [
          -0.014425,
          -0.308514,
          0.951111,
          2.77211
        ],
        [
          -0.086058,
          -0.947297,
          -0.308582,
          1.413849
        ],
        [
          0.0,
          0.0,
          0.0,
          1.0
        ]
      ]
    },
    {
      "file_path": "/media/NFS/ttao/scannet/posed_images/scene0270_01/00124.jpg",
      "transform_matrix": [
        [
          0.998129,
          -0.053457,
          -0.029694,
          5.82129
        ],
        [
          0.011464,
          -0.313406,
          0.94955,
          2.781772
        ],
        [
          -0.060066,
          -0.948114,
          -0.312207,
          1.411916
        ],
        [
          0.0,
          0.0,
          0.0,
          1.0
        ]
      ]
    },
    {
      "file_path": "/media/NFS/ttao/scannet/posed_images/scene0270_01/00128.jpg",
      "transform_matrix": [
        [
          0.99886,
          -0.036371,
          -0.030914,
          5.871448
        ],
        [
          0.018024,
          -0.312292,
          0.949815,
          2.783092
        ],
        [
          -0.0442,
          -0.94929,
          -0.311281,
          1.409884
        ],
        [
          0.0,
          0.0,
          0.0,
          1.0
        ]
      ]
    },
    {
      "file_path": "/media/NFS/ttao/scannet/posed_images/scene0270_01/00139.jpg",
      "transform_matrix": [
        [
          0.998772,
          -0.048798,
          0.008573,
          5.991911
        ],
        [
          -0.022731,
          -0.297565,
          0.954431,
          2.819139
        ],
        [
          -0.044023,
          -0.953454,
          -0.298309,
          1.442254
        ],
        [
          0.0,
          0.0,
          0.0,
          1.0
        ]
      ]
    },
    {
      "file_path": "/media/NFS/ttao/scannet/posed_images/scene0270_01/00141.jpg",
      "transform_matrix": [
        [
          0.998615,
          -0.052057,
          0.007583,
          6.031484
        ],
        [
          -0.022847,
          -0.299331,
          0.953876,
          2.831763
        ],
        [
          -0.047386,
          -0.952728,
          -0.300106,
          1.454974
        ],
        [
          0.0,
          0.0,
          0.0,
          1.0
        ]
      ]
    },
    {
      "file_path": "/media/NFS/ttao/scannet/posed_images/scene0270_01/00153.jpg",
      "transform_matrix": [
        [
          0.99521,
          -0.046974,
          0.085731,
          6.132977
        ],
        [
          -0.095956,
          -0.301852,
          0.948514,
          2.893711
        ],
        [
          -0.018677,
          -0.952197,
          -0.304914,
          1.469107
        ],
        [
          0.0,
          0.0,
          0.0,
          1.0
        ]
      ]
    },
    {
      "file_path": "/media/NFS/ttao/scannet/posed_images/scene0270_01/00155.jpg",
      "transform_matrix": [
        [
          0.994085,
          -0.054391,
          0.094,
          6.147182
        ],
        [
          -0.106207,
          -0.306089,
          0.94606,
          2.903295
        ],
        [
          -0.022685,
          -0.950448,
          -0.310055,
          1.476012
        ],
        [
          0.0,
          0.0,
          0.0,
          1.0
        ]
      ]
    },
    {
      "file_path": "/media/NFS/ttao/scannet/posed_images/scene0270_01/00165.jpg",
      "transform_matrix": [
        [
          0.992792,
          -0.07685,
          0.091972,
          6.224505
        ],
        [
          -0.108687,
          -0.253843,
          0.96112,
          2.918844
        ],
        [
          -0.050515,
          -0.964188,
          -0.260366,
          1.501126
        ],
        [
          0.0,
          0.0,
          0.0,
          1.0
        ]
      ]
    },
    {
      "file_path": "/media/NFS/ttao/scannet/posed_images/scene0270_01/00169.jpg",
      "transform_matrix": [
        [
          0.994084,
          -0.073546,
          0.07992,
          6.270725
        ],
        [
          -0.094399,
          -0.221163,
          0.970657,
          2.915286
        ],
        [
          -0.053713,
          -0.97246,
          -0.226797,
          1.513382
        ],
        [
          0.0,
          0.0,
          0.0,
          1.0
        ]
      ]
    },
    {
      "file_path": "/media/NFS/ttao/scannet/posed_images/scene0270_01/00177.jpg",
      "transform_matrix": [
        [
          0.991568,
          -0.054178,
          0.117716,
          6.336952
        ],
        [
          -0.125378,
          -0.171504,
          0.977173,
          2.917956
        ],
        [
          -0.032753,
          -0.983693,
          -0.176851,
          1.549205
        ],
        [
          0.0,
          0.0,
          0.0,
          1.0
        ]
      ]
    },
    {
      "file_path": "/media/NFS/ttao/scannet/posed_images/scene0270_01/00187.jpg",
      "transform_matrix": [
        [
          0.983678,
          -0.025555,
          0.178112,
          6.426217
        ],
        [
          -0.179921,
          -0.127054,
          0.975441,
          2.911592
        ],
        [
          -0.002297,
          -0.991567,
          -0.129578,
          1.539579
        ],
        [
          0.0,
          0.0,
          0.0,
          1.0
        ]
      ]
    },
    {
      "file_path": "/media/NFS/ttao/scannet/posed_images/scene0270_01/00194.jpg",
      "transform_matrix": [
        [
          0.980624,
          -0.050204,
          0.189355,
          6.491305
        ],
        [
          -0.194494,
          -0.134007,
          0.971707,
          2.907536
        ],
        [
          -0.023408,
          -0.989708,
          -0.141175,
          1.510373
        ],
        [
          0.0,
          0.0,
          0.0,
          1.0
        ]
      ]
    },
    {
      "file_path": "/media/NFS/ttao/scannet/posed_images/scene0270_01/00196.jpg",
      "transform_matrix": [
        [
          0.978582,
          -0.057828,
          0.197566,
          6.498769
        ],
        [
          -0.203615,
          -0.130683,
          0.97029,
          2.908988
        ],
        [
          -0.030291,
          -0.989736,
          -0.139659,
          1.506511
        ],
        [
          0.0,
          0.0,
          0.0,
          1.0
        ]
      ]
    },
    {
      "file_path": "/media/NFS/ttao/scannet/posed_images/scene0270_01/00208.jpg",
      "transform_matrix": [
        [
          0.956303,
          -0.072928,
          0.283135,
          6.507217
        ],
        [
          -0.292228,
          -0.207578,
          0.933549,
          2.949852
        ],
        [
          -0.009309,
          -0.975496,
          -0.219819,
          1.460687
        ],
        [
          0.0,
          0.0,
          0.0,
          1.0
        ]
      ]
    },
    {
      "file_path": "/media/NFS/ttao/scannet/posed_images/scene0270_01/00214.jpg",
      "transform_matrix": [
        [
          0.951814,
          -0.109292,
          0.286541,
          6.513169
        ],
        [
          -0.305911,
          -0.272348,
          0.912275,
          2.960568
        ],
        [
          -0.021665,
          -0.955972,
          -0.292658,
          1.435267
        ],
        [
          0.0,
          0.0,
          0.0,
          1.0
        ]
      ]
    },
    {
      "file_path": "/media/NFS/ttao/scannet/posed_images/scene0270_01/00216.jpg",
      "transform_matrix": [
        [
          0.952516,
          -0.121441,
          0.279223,
          6.519517
        ],
        [
          -0.30328,
          -0.296782,
          0.905506,
          2.963712
        ],
        [
          -0.027097,
          -0.947192,
          -0.319521,
          1.426511
        ],
        [
          0.0,
          0.0,
          0.0,
          1.0
        ]
      ]
    },
    {
      "file_path": "/media/NFS/ttao/scannet/posed_images/scene0270_01/00226.jpg",
      "transform_matrix": [
        [
          0.954409,
          -0.147399,
          0.259572,
          6.547367
        ],
        [
          -0.297345,
          -0.392937,
          0.870165,
          2.962462
        ],
        [
          -0.026266,
          -0.907675,
          -0.418851,
          1.38631
        ],
        [
          0.0,
          0.0,
          0.0,
          1.0
        ]
      ]
    },
    {
      "file_path": "/media/NFS/ttao/scannet/posed_images/scene0270_01/00234.jpg",
      "transform_matrix": [
        [
          0.951269,
          -0.168984,
          0.257936,
          6.614555
        ],
        [
          -0.306541,
          -0.427473,
          0.850471,
          2.959438
        ],
        [
          -0.033456,
          -0.888095,
          -0.458442,
          1.37282
        ],
        [
          0.0,
          0.0,
          0.0,
          1.0
        ]
      ]
    },
    {
      "file_path": "/media/NFS/ttao/scannet/posed_images/scene0270_01/00238.jpg",
      "transform_matrix": [
        [
          0.952843,
          -0.158423,
          0.258828,
          6.662492
        ],
        [
          -0.30272,
          -0.436529,
          0.847233,
          2.946239
        ],
        [
          -0.021235,
          -0.885632,
          -0.463901,
          1.365193
        ],
        [
          0.0,
          0.0,
          0.0,
          1.0
        ]
      ]
    },
    {
      "file_path": "/media/NFS/ttao/scannet/posed_images/scene0270_01/00244.jpg",
      "transform_matrix": [
        [
          0.953738,
          -0.13823,
          0.266977,
          6.730062
        ],
        [
          -0.300635,
          -0.443283,
          0.844464,
          2.930692
        ],
        [
          0.001616,
          -0.88566,
          -0.464332,
          1.360736
        ],
        [
          0.0,
          0.0,
          0.0,
          1.0
        ]
      ]
    },
    {
      "file_path": "/media/NFS/ttao/scannet/posed_images/scene0270_01/00251.jpg",
      "transform_matrix": [
        [
          0.954449,
          -0.122624,
          0.272012,
          6.808197
        ],
        [
          -0.297867,
          -0.444712,
          0.844693,
          2.922721
        ],
        [
          0.017387,
          -0.88724,
          -0.460981,
          1.387787
        ],
        [
          0.0,
          0.0,
          0.0,
          1.0
        ]
      ]
    },
    {
      "file_path": "/media/NFS/ttao/scannet/posed_images/scene0270_01/00261.jpg",
      "transform_matrix": [
        [
          0.946926,
          -0.115197,
          0.300101,
          6.878043
        ],
        [
          -0.321433,
          -0.349502,
          0.880073,
          2.960999
        ],
        [
          0.003504,
          -0.929827,
          -0.367981,
          1.437135
        ],
        [
          0.0,
          0.0,
          0.0,
          1.0
        ]
      ]
    },
    {
      "file_path": "/media/NFS/ttao/scannet/posed_images/scene0270_01/00269.jpg",
      "transform_matrix": [
        [
          0.94386,
          -0.086612,
          0.318788,
          6.925345
        ],
        [
          -0.330205,
          -0.275414,
          0.902836,
          3.029547
        ],
        [
          0.009603,
          -0.957416,
          -0.288551,
          1.478658
        ],
        [
          0.0,
          0.0,
          0.0,
          1.0
        ]
      ]
    },
    {
      "file_path": "/media/NFS/ttao/scannet/posed_images/scene0270_01/00271.jpg",
      "transform_matrix": [
        [
          0.950257,
          -0.079829,
          0.301063,
          6.994939
        ],
        [
          -0.311415,
          -0.261231,
          0.913663,
          3.039085
        ],
        [
          0.005711,
          -0.96197,
          -0.273097,
          1.482143
        ],
        [
          0.0,
          0.0,
          0.0,
          1.0
        ]
      ]
    },
    {
      "file_path": "/media/NFS/ttao/scannet/posed_images/scene0270_01/00279.jpg",
      "transform_matrix": [
        [
          0.924323,
          -0.100895,
          0.368032,
          7.032957
        ],
        [
          -0.381157,
          -0.197049,
          0.903267,
          3.131626
        ],
        [
          -0.018615,
          -0.975188,
          -0.220594,
          1.517877
        ],
        [
          0.0,
          0.0,
          0.0,
          1.0
        ]
      ]
    },
    {
      "file_path": "/media/NFS/ttao/scannet/posed_images/scene0270_01/00289.jpg",
      "transform_matrix": [
        [
          0.89425,
          -0.145181,
          0.423367,
          7.125186
        ],
        [
          -0.444793,
          -0.183106,
          0.876716,
          3.223989
        ],
        [
          -0.049762,
          -0.972314,
          -0.228318,
          1.53151
        ],
        [
          0.0,
          0.0,
          0.0,
          1.0
        ]
      ]
    },
    {
      "file_path": "/media/NFS/ttao/scannet/posed_images/scene0270_01/00295.jpg",
      "transform_matrix": [
        [
          0.87935,
          -0.154809,
          0.450308,
          7.190033
        ],
        [
          -0.472718,
          -0.170052,
          0.86465,
          3.262626
        ],
        [
          -0.05728,
          -0.973199,
          -0.222717,
          1.528937
        ],
        [
          0.0,
          0.0,
          0.0,
          1.0
        ]
      ]
    },
    {
      "file_path": "/media/NFS/ttao/scannet/posed_images/scene0270_01/00297.jpg",
      "transform_matrix": [
        [
          0.876247,
          -0.160373,
          0.454392,
          7.213479
        ],
        [
          -0.478391,
          -0.176546,
          0.860217,
          3.276229
        ],
        [
          -0.057734,
          -0.97114,
          -0.231419,
          1.527903
        ],
        [
          0.0,
          0.0,
          0.0,
          1.0
        ]
      ]
    },
    {
      "file_path": "/media/NFS/ttao/scannet/posed_images/scene0270_01/00304.jpg",
      "transform_matrix": [
        [
          0.872538,
          -0.16439,
          0.460058,
          7.310423
        ],
        [
          -0.486085,
          -0.197704,
          0.851255,
          3.316904
        ],
        [
          -0.048983,
          -0.966379,
          -0.252412,
          1.546523
        ],
        [
          0.0,
          0.0,
          0.0,
          1.0
        ]
      ]
    },
    {
      "file_path": "/media/NFS/ttao/scannet/posed_images/scene0270_01/00314.jpg",
      "transform_matrix": [
        [
          0.859122,
          -0.176371,
          0.480419,
          7.441899
        ],
        [
          -0.509103,
          -0.198816,
          0.837428,
          3.356821
        ],
        [
          -0.052183,
          -0.964036,
          -0.260598,
          1.564709
        ],
        [
          0.0,
          0.0,
          0.0,
          1.0
        ]
      ]
    },
    {
      "file_path": "/media/NFS/ttao/scannet/posed_images/scene0270_01/00320.jpg",
      "transform_matrix": [
        [
          0.843535,
          -0.186729,
          0.503568,
          7.533792
        ],
        [
          -0.534951,
          -0.208827,
          0.818669,
          3.389922
        ],
        [
          -0.047711,
          -0.95996,
          -0.276044,
          1.545006
        ],
        [
          0.0,
          0.0,
          0.0,
          1.0
        ]
      ]
    },
    {
      "file_path": "/media/NFS/ttao/scannet/posed_images/scene0270_01/00330.jpg",
      "transform_matrix": [
        [
          0.839508,
          -0.147381,
          0.522977,
          7.665565
        ],
        [
          -0.543344,
          -0.224559,
          0.808919,
          3.468645
        ],
        [
          -0.00178,
          -0.963251,
          -0.268598,
          1.536907
        ],
        [
          0.0,
          0.0,
          0.0,
          1.0
        ]
      ]
    },
    {
      "file_path": "/media/NFS/ttao/scannet/posed_images/scene0270_01/00336.jpg",
      "transform_matrix": [
        [
          0.838617,
          -0.1714,
          0.517053,
          7.736394
        ],
        [
          -0.544251,
          -0.224212,
          0.808406,
          3.494206
        ],
        [
          -0.022631,
          -0.959349,
          -0.281313,
          1.544152
        ],
        [
          0.0,
          0.0,
          0.0,
          1.0
        ]
      ]
    },
    {
      "file_path": "/media/NFS/ttao/scannet/posed_images/scene0270_01/00338.jpg",
      "transform_matrix": [
        [
          0.841424,
          -0.172521,
          0.512096,
          7.755949
        ],
        [
          -0.539728,
          -0.221933,
          0.812059,
          3.496268
        ],
        [
          -0.026446,
          -0.959679,
          -0.279854,
          1.540433
        ],
        [
          0.0,
          0.0,
          0.0,
          1.0
        ]
      ]
    },
    {
      "file_path": "/media/NFS/ttao/scannet/posed_images/scene0270_01/00346.jpg",
      "transform_matrix": [
        [
          0.870559,
          -0.16864,
          0.462263,
          7.841836
        ],
        [
          -0.490959,
          -0.234796,
          0.838946,
          3.487268
        ],
        [
          -0.032943,
          -0.957305,
          -0.287199,
          1.537693
        ],
        [
          0.0,
          0.0,
          0.0,
          1.0
        ]
      ]
    },
    {
      "file_path": "/media/NFS/ttao/scannet/posed_images/scene0270_01/00352.jpg",
      "transform_matrix": [
        [
          0.8971,
          -0.149887,
          0.415626,
          7.937577
        ],
        [
          -0.441534,
          -0.269913,
          0.855684,
          3.44137
        ],
        [
          -0.016073,
          -0.951147,
          -0.308319,
          1.530923
        ],
        [
          0.0,
          0.0,
          0.0,
          1.0
        ]
      ]
    },
    {
      "file_path": "/media/NFS/ttao/scannet/posed_images/scene0270_01/00359.jpg",
      "transform_matrix": [
        [
          0.921481,
          -0.131064,
          0.365644,
          8.024031
        ],
        [
          -0.387888,
          -0.359962,
          0.848511,
          3.37228
        ],
        [
          0.020409,
          -0.923715,
          -0.382536,
          1.502604
        ],
        [
          0.0,
          0.0,
          0.0,
          1.0
        ]
      ]
    },
    {
      "file_path": "/media/NFS/ttao/scannet/posed_images/scene0270_01/00369.jpg",
      "transform_matrix": [
        [
          0.94293,
          -0.09668,
          0.318647,
          8.097898
        ],
        [
          -0.328063,
          -0.433734,
          0.839196,
          3.31286
        ],
        [
          0.057075,
          -0.895839,
          -0.440698,
          1.471318
        ],
        [
          0.0,
          0.0,
          0.0,
          1.0
        ]
      ]
    },
    {
      "file_path": "/media/NFS/ttao/scannet/posed_images/scene0270_01/00373.jpg",
      "transform_matrix": [
        [
          0.941056,
          -0.087799,
          0.326658,
          8.110832
        ],
        [
          -0.329614,
          -0.454873,
          0.827312,
          3.312726
        ],
        [
          0.075951,
          -0.886218,
          -0.457001,
          1.45741
        ],
        [
          0.0,
          0.0,
          0.0,
          1.0
        ]
      ]
    },
    {
      "file_path": "/media/NFS/ttao/scannet/posed_images/scene0270_01/00383.jpg",
      "transform_matrix": [
        [
          0.925476,
          -0.140937,
          0.351611,
          8.129255
        ],
        [
          -0.376385,
          -0.446879,
          0.811562,
          3.308301
        ],
        [
          0.042749,
          -0.883423,
          -0.466623,
          1.447811
        ],
        [
          0.0,
          0.0,
          0.0,
          1.0
        ]
      ]
    },
    {
      "file_path": "/media/NFS/ttao/scannet/posed_images/scene0270_01/00385.jpg",
      "transform_matrix": [
        [
          0.922022,
          -0.147369,
          0.357991,
          8.126683
        ],
        [
          -0.384959,
          -0.446959,
          0.807486,
          3.306048
        ],
        [
          0.041009,
          -0.882332,
          -0.468837,
          1.446197
        ],
        [
          0.0,
          0.0,
          0.0,
          1.0
        ]
      ]
    },
    {
      "file_path": "/media/NFS/ttao/scannet/posed_images/scene0270_01/00395.jpg",
      "transform_matrix": [
        [
          0.88521,
          -0.235684,
          0.401069,
          8.109026
        ],
        [
          -0.465189,
          -0.451202,
          0.761588,
          3.303738
        ],
        [
          0.001469,
          -0.860738,
          -0.509046,
          1.43449
        ],
        [
          0.0,
          0.0,
          0.0,
          1.0
        ]
      ]
    },
    {
      "file_path": "/media/NFS/ttao/scannet/posed_images/scene0270_01/00401.jpg",
      "transform_matrix": [
        [
          0.832012,
          -0.283472,
          0.476865,
          8.086884
        ],
        [
          -0.554722,
          -0.434944,
          0.709301,
          3.337636
        ],
        [
          0.006342,
          -0.854674,
          -0.519127,
          1.438015
        ],
        [
          0.0,
          0.0,
          0.0,
          1.0
        ]
      ]
    },
    {
      "file_path": "/media/NFS/ttao/scannet/posed_images/scene0270_01/00411.jpg",
      "transform_matrix": [
        [
          0.686162,
          -0.379386,
          0.620684,
          8.023182
        ],
        [
          -0.72684,
          -0.322661,
          0.606295,
          3.446803
        ],
        [
          -0.029749,
          -0.867154,
          -0.497151,
          1.443309
        ],
        [
          0.0,
          0.0,
          0.0,
          1.0
        ]
      ]
    },
    {
      "file_path": "/media/NFS/ttao/scannet/posed_images/scene0270_01/00414.jpg",
      "transform_matrix": [
        [
          0.634639,
          -0.434465,
          0.63912,
          8.001222
        ],
        [
          -0.76928,
          -0.276213,
          0.57612,
          3.483157
        ],
        [
          -0.073771,
          -0.85729,
          -0.509521,
          1.454576
        ],
        [
          0.0,
          0.0,
          0.0,
          1.0
        ]
      ]
    },
    {
      "file_path": "/media/NFS/ttao/scannet/posed_images/scene0270_01/00422.jpg",
      "transform_matrix": [
        [
          0.502551,
          -0.494658,
          0.709053,
          7.92498
        ],
        [
          -0.858059,
          -0.185088,
          0.479038,
          3.535903
        ],
        [
          -0.105723,
          -0.84915,
          -0.517462,
          1.468081
        ],
        [
          0.0,
          0.0,
          0.0,
          1.0
        ]
      ]
    },
    {
      "file_path": "/media/NFS/ttao/scannet/posed_images/scene0270_01/00426.jpg",
      "transform_matrix": [
        [
          0.475798,
          -0.475968,
          0.739643,
          7.871927
        ],
        [
          -0.874552,
          -0.166449,
          0.45547,
          3.544607
        ],
        [
          -0.093676,
          -0.863568,
          -0.495455,
          1.477443
        ],
        [
          0.0,
          0.0,
          0.0,
          1.0
        ]
      ]
    },
    {
      "file_path": "/media/NFS/ttao/scannet/posed_images/scene0270_01/00434.jpg",
      "transform_matrix": [
        [
          0.458504,
          -0.379826,
          0.803434,
          7.728634
        ],
        [
          -0.885717,
          -0.121392,
          0.448073,
          3.543739
        ],
        [
          -0.072659,
          -0.917059,
          -0.392077,
          1.505451
        ],
        [
          0.0,
          0.0,
          0.0,
          1.0
        ]
      ]
    },
    {
      "file_path": "/media/NFS/ttao/scannet/posed_images/scene0270_01/00444.jpg",
      "transform_matrix": [
        [
          0.357926,
          -0.34953,
          0.865862,
          7.546788
        ],
        [
          -0.932232,
          -0.080913,
          0.352699,
          3.550429
        ],
        [
          -0.053219,
          -0.933425,
          -0.354804,
          1.540565
        ],
        [
          0.0,
          0.0,
          0.0,
          1.0
        ]
      ]
    },
    {
      "file_path": "/media/NFS/ttao/scannet/posed_images/scene0270_01/00452.jpg",
      "transform_matrix": [
        [
          0.276914,
          -0.27028,
          0.922099,
          7.395645
        ],
        [
          -0.959871,
          -0.033517,
          0.278432,
          3.589346
        ],
        [
          -0.044349,
          -0.962198,
          -0.268715,
          1.549321
        ],
        [
          0.0,
          0.0,
          0.0,
          1.0
        ]
      ]
    },
    {
      "file_path": "/media/NFS/ttao/scannet/posed_images/scene0270_01/00458.jpg",
      "transform_matrix": [
        [
          0.222168,
          -0.282478,
          0.933192,
          7.297134
        ],
        [
          -0.97246,
          0.004954,
          0.233016,
          3.610568
        ],
        [
          -0.070445,
          -0.959261,
          -0.273598,
          1.565389
        ],
        [
          0.0,
          0.0,
          0.0,
          1.0
        ]
      ]
    },
    {
      "file_path": "/media/NFS/ttao/scannet/posed_images/scene0270_01/00464.jpg",
      "transform_matrix": [
        [
          0.18669,
          -0.230534,
          0.954987,
          7.196477
        ],
        [
          -0.980817,
          0.011751,
          0.194577,
          3.617454
        ],
        [
          -0.056079,
          -0.972993,
          -0.223918,
          1.594825
        ],
        [
          0.0,
          0.0,
          0.0,
          1.0
        ]
      ]
    },
    {
      "file_path": "/media/NFS/ttao/scannet/posed_images/scene0270_01/00466.jpg",
      "transform_matrix": [
        [
          0.184998,
          -0.202517,
          0.961646,
          7.168228
        ],
        [
          -0.981493,
          0.011177,
          0.19117,
          3.616982
        ],
        [
          -0.049463,
          -0.979215,
          -0.196701,
          1.602158
        ],
        [
          0.0,
          0.0,
          0.0,
          1.0
        ]
      ]
    },
    {
      "file_path": "/media/NFS/ttao/scannet/posed_images/scene0270_01/00479.jpg",
      "transform_matrix": [
        [
          0.220756,
          -0.110833,
          0.969011,
          6.992146
        ],
        [
          -0.975021,
          -0.000107,
          0.222113,
          3.594375
        ],
        [
          -0.024514,
          -0.993839,
          -0.108088,
          1.629584
        ],
        [
          0.0,
          0.0,
          0.0,
          1.0
        ]
      ]
    },
    {
      "file_path": "/media/NFS/ttao/scannet/posed_images/scene0270_01/00483.jpg",
      "transform_matrix": [
        [
          0.223411,
          -0.110873,
          0.968398,
          6.946925
        ],
        [
          -0.974256,
          0.005395,
          0.22538,
          3.600141
        ],
        [
          -0.030214,
          -0.99382,
          -0.106814,
          1.656331
        ],
        [
          0.0,
          0.0,
          0.0,
          1.0
        ]
      ]
    },
    {
      "file_path": "/media/NFS/ttao/scannet/posed_images/scene0270_01/00487.jpg",
      "transform_matrix": [
        [
          0.226359,
          -0.089415,
          0.969931,
          6.906024
        ],
        [
          -0.973032,
          0.024619,
          0.229353,
          3.596914
        ],
        [
          -0.044387,
          -0.99569,
          -0.08143,
          1.658924
        ],
        [
          0.0,
          0.0,
          0.0,
          1.0
        ]
      ]
    },
    {
      "file_path": "/media/NFS/ttao/scannet/posed_images/scene0270_01/00499.jpg",
      "transform_matrix": [
        [
          0.118932,
          -0.058026,
          0.991205,
          6.83498
        ],
        [
          -0.990795,
          0.058066,
          0.122282,
          3.607235
        ],
        [
          -0.064651,
          -0.996625,
          -0.050586,
          1.677612
        ],
        [
          0.0,
          0.0,
          0.0,
          1.0
        ]
      ]
    },
    {
      "file_path": "/media/NFS/ttao/scannet/posed_images/scene0270_01/00501.jpg",
      "transform_matrix": [
        [
          0.11139,
          -0.062485,
          0.991811,
          6.833407
        ],
        [
          -0.991643,
          0.058387,
          0.11505,
          3.586416
        ],
        [
          -0.065098,
          -0.996337,
          -0.055459,
          1.671056
        ],
        [
          0.0,
          0.0,
          0.0,
          1.0
        ]
      ]
    },
    {
      "file_path": "/media/NFS/ttao/scannet/posed_images/scene0270_01/00507.jpg",
      "transform_matrix": [
        [
          0.050475,
          -0.089548,
          0.994703,
          6.791007
        ],
        [
          -0.997555,
          0.043679,
          0.054552,
          3.643561
        ],
        [
          -0.048333,
          -0.995024,
          -0.087125,
          1.659636
        ],
        [
          0.0,
          0.0,
          0.0,
          1.0
        ]
      ]
    },
    {
      "file_path": "/media/NFS/ttao/scannet/posed_images/scene0270_01/00515.jpg",
      "transform_matrix": [
        [
          -0.046209,
          -0.15293,
          0.987156,
          6.739017
        ],
        [
          -0.997654,
          0.057043,
          -0.037863,
          3.726185
        ],
        [
          -0.05052,
          -0.986589,
          -0.155207,
          1.62189
        ],
        [
          0.0,
          0.0,
          0.0,
          1.0
        ]
      ]
    },
    {
      "file_path": "/media/NFS/ttao/scannet/posed_images/scene0270_01/00526.jpg",
      "transform_matrix": [
        [
          -0.141785,
          -0.241142,
          0.960077,
          6.704497
        ],
        [
          -0.987898,
          0.096081,
          -0.121761,
          3.805486
        ],
        [
          -0.062883,
