{
  "frames": [
    {
      "file_path": "/media/NFS/ttao/scannet/posed_images/scene0650_00/00001.jpg",
      "transform_matrix": [
        [
          0.814832,
          0.05384,
          -0.577192,
          2.962957
        ],
        [
          0.579334,
          -0.110866,
          0.807515,
          2.714016
        ],
        [
          -0.020514,
          -0.992376,
          -0.121529,
          1.649555
        ],
        [
          0.0,
          0.0,
          0.0,
          1.0
        ]
      ]
    },
    {
      "file_path": "/media/NFS/ttao/scannet/posed_images/scene0650_00/00005.jpg",
      "transform_matrix": [
        [
          0.814965,
          0.06111,
          -0.57628,
          2.958375
        ],
        [
          0.579301,
          -0.112629,
          0.807295,
          2.715721
        ],
        [
          -0.015572,
          -0.991756,
          -0.12719,
          1.648304
        ],
        [
          0.0,
          0.0,
          0.0,
          1.0
        ]
      ]
    },
    {
      "file_path": "/media/NFS/ttao/scannet/posed_images/scene0650_00/00008.jpg",
      "transform_matrix": [
        [
          0.814824,
          0.065748,
          -0.575968,
          2.952051
        ],
        [
          0.579553,
          -0.115375,
          0.806726,
          2.715339
        ],
        [
          -0.013412,
          -0.991144,
          -0.132115,
          1.63968
        ],
        [
          0.0,
          0.0,
          0.0,
          1.0
        ]
      ]
    },
    {
      "file_path": "/media/NFS/ttao/scannet/posed_images/scene0650_00/00011.jpg",
      "transform_matrix": [
        [
          0.813554,
          0.070243,
          -0.577232,
          2.942812
        ],
        [
          0.581372,
          -0.118282,
          0.804995,
          2.718495
        ],
        [
          -0.011731,
          -0.990492,
          -0.137066,
          1.640334
        ],
        [
          0.0,
          0.0,
          0.0,
          1.0
        ]
      ]
    },
    {
      "file_path": "/media/NFS/ttao/scannet/posed_images/scene0650_00/00012.jpg",
      "transform_matrix": [
        [
          0.814237,
          0.072162,
          -0.57603,
          2.938146
        ],
        [
          0.580437,
          -0.119151,
          0.805541,
          2.719135
        ],
        [
          -0.010505,
          -0.99025,
          -0.138903,
          1.634303
        ],
        [
          0.0,
          0.0,
          0.0,
          1.0
        ]
      ]
    },
    {
      "file_path": "/media/NFS/ttao/scannet/posed_images/scene0650_00/00016.jpg",
      "transform_matrix": [
        [
          0.804924,
          0.08881,
          -0.586695,
          2.930496
        ],
        [
          0.59332,
          -0.134316,
          0.793681,
          2.739065
        ],
        [
          -0.008316,
          -0.986951,
          -0.160807,
          1.637243
        ],
        [
          0.0,
          0.0,
          0.0,
          1.0
        ]
      ]
    },
    {
      "file_path": "/media/NFS/ttao/scannet/posed_images/scene0650_00/00021.jpg",
      "transform_matrix": [
        [
          0.780701,
          0.100901,
          -0.616705,
          2.917982
        ],
        [
          0.624748,
          -0.148095,
          0.766654,
          2.778691
        ],
        [
          -0.013974,
          -0.983813,
          -0.178655,
          1.630444
        ],
        [
          0.0,
          0.0,
          0.0,
          1.0
        ]
      ]
    },
    {
      "file_path": "/media/NFS/ttao/scannet/posed_images/scene0650_00/00023.jpg",
      "transform_matrix": [
        [
          0.775811,
          0.102226,
          -0.62263,
          2.912346
        ],
        [
          0.630815,
          -0.147248,
          0.761834,
          2.79541
        ],
        [
          -0.013802,
          -0.983803,
          -0.178722,
          1.626415
        ],
        [
          0.0,
          0.0,
          0.0,
          1.0
        ]
      ]
    },
    {
      "file_path": "/media/NFS/ttao/scannet/posed_images/scene0650_00/00025.jpg",
      "transform_matrix": [
        [
          0.773906,
          0.10835,
          -0.623963,
          2.904958
        ],
        [
          0.633124,
          -0.155589,
          0.758252,
          2.827606
        ],
        [
          -0.014926,
          -0.981862,
          -0.18901,
          1.62438
        ],
        [
          0.0,
          0.0,
          0.0,
          1.0
        ]
      ]
    },
    {
      "file_path": "/media/NFS/ttao/scannet/posed_images/scene0650_00/00029.jpg",
      "transform_matrix": [
        [
          0.775265,
          0.117062,
          -0.620694,
          2.890702
        ],
        [
          0.631595,
          -0.154898,
          0.759667,
          2.885272
        ],
        [
          -0.007216,
          -0.980971,
          -0.194023,
          1.618736
        ],
        [
          0.0,
          0.0,
          0.0,
          1.0
        ]
      ]
    },
    {
      "file_path": "/media/NFS/ttao/scannet/posed_images/scene0650_00/00033.jpg",
      "transform_matrix": [
        [
          0.775981,
          0.130245,
          -0.617163,
          2.864808
        ],
        [
          0.630747,
          -0.15464,
          0.760424,
          2.936313
        ],
        [
          0.003603,
          -0.979348,
          -0.202149,
          1.612825
        ],
        [
          0.0,
          0.0,
          0.0,
          1.0
        ]
      ]
    },
    {
      "file_path": "/media/NFS/ttao/scannet/posed_images/scene0650_00/00035.jpg",
      "transform_matrix": [
        [
          0.773156,
          0.138965,
          -0.618804,
          2.849628
        ],
        [
          0.634209,
          -0.16486,
          0.755381,
          2.967769
        ],
        [
          0.002956,
          -0.976478,
          -0.215596,
          1.619603
        ],
        [
          0.0,
          0.0,
          0.0,
          1.0
        ]
      ]
    },
    {
      "file_path": "/media/NFS/ttao/scannet/posed_images/scene0650_00/00038.jpg",
      "transform_matrix": [
        [
          0.778512,
          0.15406,
          -0.608428,
          2.823502
        ],
        [
          0.62752,
          -0.172909,
          0.759159,
          2.993173
        ],
        [
          0.011753,
          -0.972815,
          -0.231287,
          1.616099
        ],
        [
          0.0,
          0.0,
          0.0,
          1.0
        ]
      ]
    },
    {
      "file_path": "/media/NFS/ttao/scannet/posed_images/scene0650_00/00042.jpg",
      "transform_matrix": [
        [
          0.807206,
          0.165978,
          -0.566454,
          2.750257
        ],
        [
          0.589774,
          -0.187472,
          0.785507,
          3.045108
        ],
        [
          0.024182,
          -0.968145,
          -0.249218,
          1.599567
        ],
        [
          0.0,
          0.0,
          0.0,
          1.0
        ]
      ]
    },
    {
      "file_path": "/media/NFS/ttao/scannet/posed_images/scene0650_00/00046.jpg",
      "transform_matrix": [
        [
          0.835274,
          0.167729,
          -0.523626,
          2.663389
        ],
        [
          0.549183,
          -0.208177,
          0.809358,
          3.086037
        ],
        [
          0.026746,
          -0.963602,
          -0.265999,
          1.589116
        ],
        [
          0.0,
          0.0,
          0.0,
          1.0
        ]
      ]
    },
    {
      "file_path": "/media/NFS/ttao/scannet/posed_images/scene0650_00/00050.jpg",
      "transform_matrix": [
        [
          0.86076,
          0.14783,
          -0.487071,
          2.560422
        ],
        [
          0.508926,
          -0.232416,
          0.828841,
          3.125625
        ],
        [
          0.009324,
          -0.961316,
          -0.275289,
          1.597435
        ],
        [
          0.0,
          0.0,
          0.0,
          1.0
        ]
      ]
    },
    {
      "file_path": "/media/NFS/ttao/scannet/posed_images/scene0650_00/00051.jpg",
      "transform_matrix": [
        [
          0.866061,
          0.143959,
          -0.478763,
          2.543994
        ],
        [
          0.499926,
          -0.242542,
          0.831413,
          3.135157
        ],
        [
          0.003569,
          -0.959401,
          -0.282025,
          1.597145
        ],
        [
          0.0,
          0.0,
          0.0,
          1.0
        ]
      ]
    },
    {
      "file_path": "/media/NFS/ttao/scannet/posed_images/scene0650_00/00054.jpg",
      "transform_matrix": [
        [
          0.885552,
          0.129436,
          -0.446143,
          2.49059
        ],
        [
          0.464336,
          -0.275045,
          0.841868,
          3.163216
        ],
        [
          -0.013741,
          -0.952679,
          -0.303669,
          1.593731
        ],
        [
          0.0,
          0.0,
          0.0,
          1.0
        ]
      ]
    },
    {
      "file_path": "/media/NFS/ttao/scannet/posed_images/scene0650_00/00060.jpg",
      "transform_matrix": [
        [
          0.924493,
          0.123582,
          -0.360611,
          2.368532
        ],
        [
          0.381153,
          -0.314276,
          0.869456,
          3.255063
        ],
        [
          -0.005882,
          -0.941254,
          -0.33765,
          1.593879
        ],
        [
          0.0,
          0.0,
          0.0,
          1.0
        ]
      ]
    },
    {
      "file_path": "/media/NFS/ttao/scannet/posed_images/scene0650_00/00061.jpg",
      "transform_matrix": [
        [
          0.927097,
          0.1244,
          -0.353576,
          2.357373
        ],
        [
          0.374807,
          -0.316181,
          0.871522,
          3.269338
        ],
        [
          -0.003377,
          -0.940508,
          -0.339756,
          1.59277
        ],
        [
          0.0,
          0.0,
          0.0,
          1.0
        ]
      ]
    },
    {
      "file_path": "/media/NFS/ttao/scannet/posed_images/scene0650_00/00064.jpg",
      "transform_matrix": [
        [
          0.932799,
          0.124527,
          -0.338201,
          2.312899
        ],
        [
          0.360397,
          -0.32036,
          0.876062,
          3.330261
        ],
        [
          0.000747,
          -0.939076,
          -0.34371,
          1.583555
        ],
        [
          0.0,
          0.0,
          0.0,
          1.0
        ]
      ]
    },
    {
      "file_path": "/media/NFS/ttao/scannet/posed_images/scene0650_00/00068.jpg",
      "transform_matrix": [
        [
          0.934031,
          0.119494,
          -0.336613,
          2.270156
        ],
        [
          0.35719,
          -0.316449,
          0.878792,
          3.400708
        ],
        [
          -0.00151,
          -0.941053,
          -0.338255,
          1.579385
        ],
        [
          0.0,
          0.0,
          0.0,
          1.0
        ]
      ]
    },
    {
      "file_path": "/media/NFS/ttao/scannet/posed_images/scene0650_00/00072.jpg",
      "transform_matrix": [
        [
          0.930832,
          0.128078,
          -0.34227,
          2.213685
        ],
        [
          0.365437,
          -0.318693,
          0.874581,
          3.487643
        ],
        [
          0.002936,
          -0.939165,
          -0.343454,
          1.574069
        ],
        [
          0.0,
          0.0,
          0.0,
          1.0
        ]
      ]
    },
    {
      "file_path": "/media/NFS/ttao/scannet/posed_images/scene0650_00/00073.jpg",
      "transform_matrix": [
        [
          0.930396,
          0.136745,
          -0.340094,
          2.193413
        ],
        [
          0.366426,
          -0.322279,
          0.872851,
          3.521204
        ],
        [
          0.009753,
          -0.936716,
          -0.349954,
          1.570516
        ],
        [
          0.0,
          0.0,
          0.0,
          1.0
        ]
      ]
    },
    {
      "file_path": "/media/NFS/ttao/scannet/posed_images/scene0650_00/00078.jpg",
      "transform_matrix": [
        [
          0.933212,
          0.169725,
          -0.316716,
          2.128987
        ],
        [
          0.357547,
          -0.350998,
          0.865425,
          3.611995
        ],
        [
          0.035717,
          -0.920866,
          -0.388241,
          1.566662
        ],
        [
          0.0,
          0.0,
          0.0,
          1.0
        ]
      ]
    },
    {
      "file_path": "/media/NFS/ttao/scannet/posed_images/scene0650_00/00082.jpg",
      "transform_matrix": [
        [
          0.937942,
          0.182356,
          -0.294975,
          2.073638
        ],
        [
          0.343935,
          -0.380195,
          0.858581,
          3.685351
        ],
        [
          0.044419,
          -0.906752,
          -0.419319,
          1.556128
        ],
        [
          0.0,
          0.0,
          0.0,
          1.0
        ]
      ]
    },
    {
      "file_path": "/media/NFS/ttao/scannet/posed_images/scene0650_00/00085.jpg",
      "transform_matrix": [
        [
          0.942404,
          0.187444,
          -0.277019,
          2.038053
        ],
        [
          0.331133,
          -0.406028,
          0.851758,
          3.729495
        ],
        [
          0.04718,
          -0.894431,
          -0.444711,
          1.547036
        ],
        [
          0.0,
          0.0,
          0.0,
          1.0
        ]
      ]
    },
    {
      "file_path": "/media/NFS/ttao/scannet/posed_images/scene0650_00/00088.jpg",
      "transform_matrix": [
        [
          0.95164,
          0.172002,
          -0.254551,
          1.988226
        ],
        [
          0.304765,
          -0.424113,
          0.852788,
          3.782581
        ],
        [
          0.038723,
          -0.889125,
          -0.456023,
          1.540461
        ],
        [
          0.0,
          0.0,
          0.0,
          1.0
        ]
      ]
    },
    {
      "file_path": "/media/NFS/ttao/scannet/posed_images/scene0650_00/00090.jpg",
      "transform_matrix": [
        [
          0.963659,
          0.15851,
          -0.215027,
          1.946651
        ],
        [
          0.264565,
          -0.454883,
          0.850346,
          3.822172
        ],
        [
          0.036976,
          -0.876331,
          -0.480288,
          1.538519
        ],
        [
          0.0,
          0.0,
          0.0,
          1.0
        ]
      ]
    },
    {
      "file_path": "/media/NFS/ttao/scannet/posed_images/scene0650_00/00094.jpg",
      "transform_matrix": [
        [
          0.979158,
          0.127507,
          -0.158089,
          1.897655
        ],
        [
          0.201016,
          -0.497132,
          0.844069,
          3.881069
        ],
        [
          0.029033,
          -0.858255,
          -0.512402,
          1.532633
        ],
        [
          0.0,
          0.0,
          0.0,
          1.0
        ]
      ]
    },
    {
      "file_path": "/media/NFS/ttao/scannet/posed_images/scene0650_00/00098.jpg",
      "transform_matrix": [
        [
          0.985877,
          0.119922,
          -0.116902,
          1.859341
        ],
        [
          0.163748,
          -0.543843,
          0.823056,
          3.92693
        ],
        [
          0.035126,
          -0.830575,
          -0.555799,
          1.527257
        ],
        [
          0.0,
          0.0,
          0.0,
          1.0
        ]
      ]
    },
    {
      "file_path": "/media/NFS/ttao/scannet/posed_images/scene0650_00/00100.jpg",
      "transform_matrix": [
        [
          0.988014,
          0.110129,
          -0.108169,
          1.846774
        ],
        [
          0.151224,
          -0.549853,
          0.821458,
          3.935598
        ],
        [
          0.03099,
          -0.827969,
          -0.559916,
          1.522738
        ],
        [
          0.0,
          0.0,
          0.0,
          1.0
        ]
      ]
    },
    {
      "file_path": "/media/NFS/ttao/scannet/posed_images/scene0650_00/00104.jpg",
      "transform_matrix": [
        [
          0.991195,
          0.093468,
          -0.093793,
          1.827367
        ],
        [
          0.129781,
          -0.54518,
          0.828213,
          3.957521
        ],
        [
          0.026277,
          -0.833092,
          -0.552509,
          1.529948
        ],
        [
          0.0,
          0.0,
          0.0,
          1.0
        ]
      ]
    },
    {
      "file_path": "/media/NFS/ttao/scannet/posed_images/scene0650_00/00106.jpg",
      "transform_matrix": [
        [
          0.991538,
          0.085063,
          -0.098069,
          1.825343
        ],
        [
          0.128429,
          -0.532427,
          0.836676,
          3.964323
        ],
        [
          0.018956,
          -0.842191,
          -0.538846,
          1.538323
        ],
        [
          0.0,
          0.0,
          0.0,
          1.0
        ]
      ]
    },
    {
      "file_path": "/media/NFS/ttao/scannet/posed_images/scene0650_00/00111.jpg",
      "transform_matrix": [
        [
          0.990004,
          0.083081,
          -0.113969,
          1.837542
        ],
        [
          0.140111,
          -0.486941,
          0.862123,
          3.968259
        ],
        [
          0.01613,
          -0.869474,
          -0.493715,
          1.554778
        ],
        [
          0.0,
          0.0,
          0.0,
          1.0
        ]
      ]
    },
    {
      "file_path": "/media/NFS/ttao/scannet/posed_images/scene0650_00/00114.jpg",
      "transform_matrix": [
        [
          0.986748,
          0.083578,
          -0.139077,
          1.861042
        ],
        [
          0.162074,
          -0.466826,
          0.869371,
          3.973729
        ],
        [
          0.007736,
          -0.880391,
          -0.474186,
          1.567093
        ],
        [
          0.0,
          0.0,
          0.0,
          1.0
        ]
      ]
    },
    {
      "file_path": "/media/NFS/ttao/scannet/posed_images/scene0650_00/00117.jpg",
      "transform_matrix": [
        [
          0.979018,
          0.098444,
          -0.178418,
          1.893298
        ],
        [
          0.203629,
          -0.439504,
          0.874855,
          3.977914
        ],
        [
          0.007709,
          -0.89283,
          -0.450328,
          1.576481
        ],
        [
          0.0,
          0.0,
          0.0,
          1.0
        ]
      ]
    },
    {
      "file_path": "/media/NFS/ttao/scannet/posed_images/scene0650_00/00120.jpg",
      "transform_matrix": [
        [
          0.967078,
          0.117172,
          -0.225901,
          1.93256
        ],
        [
          0.254418,
          -0.425578,
          0.868421,
          3.98306
        ],
        [
          0.005616,
          -0.897304,
          -0.441378,
          1.577901
        ],
        [
          0.0,
          0.0,
          0.0,
          1.0
        ]
      ]
    },
    {
      "file_path": "/media/NFS/ttao/scannet/posed_images/scene0650_00/00124.jpg",
      "transform_matrix": [
        [
          0.924105,
          0.181737,
          -0.336156,
          2.001656
        ],
        [
          0.381231,
          -0.377879,
          0.843724,
          3.986516
        ],
        [
          0.026309,
          -0.907843,
          -0.418484,
          1.583236
        ],
        [
          0.0,
          0.0,
          0.0,
          1.0
        ]
      ]
    },
    {
      "file_path": "/media/NFS/ttao/scannet/posed_images/scene0650_00/00125.jpg",
      "transform_matrix": [
        [
          0.914691,
          0.195124,
          -0.35393,
          2.011681
        ],
        [
          0.402909,
          -0.371572,
          0.83642,
          3.98447
        ],
        [
          0.031695,
          -0.907668,
          -0.418491,
          1.582185
        ],
        [
          0.0,
          0.0,
          0.0,
          1.0
        ]
      ]
    },
    {
      "file_path": "/media/NFS/ttao/scannet/posed_images/scene0650_00/00128.jpg",
      "transform_matrix": [
        [
          0.868177,
          0.238744,
          -0.435052,
          2.038101
        ],
        [
          0.493626,
          -0.325357,
          0.806521,
          3.963594
        ],
        [
          0.051005,
          -0.914956,
          -0.400317,
          1.589938
        ],
        [
          0.0,
          0.0,
          0.0,
          1.0
        ]
      ]
    },
    {
      "file_path": "/media/NFS/ttao/scannet/posed_images/scene0650_00/00133.jpg",
      "transform_matrix": [
        [
          0.789307,
          0.297093,
          -0.537336,
          2.114962
        ],
        [
          0.612219,
          -0.314239,
          0.725563,
          3.943038
        ],
        [
          0.046708,
          -0.901659,
          -0.429917,
          1.573965
        ],
        [
          0.0,
          0.0,
          0.0,
          1.0
        ]
      ]
    },
    {
      "file_path": "/media/NFS/ttao/scannet/posed_images/scene0650_00/00137.jpg",
      "transform_matrix": [
        [
          0.755731,
          0.326174,
          -0.567874,
          2.153626
        ],
        [
          0.653506,
          -0.319437,
          0.686214,
          3.91897
        ],
        [
          0.042426,
          -0.889702,
          -0.454565,
          1.563411
        ],
        [
          0.0,
          0.0,
          0.0,
          1.0
        ]
      ]
    },
    {
      "file_path": "/media/NFS/ttao/scannet/posed_images/scene0650_00/00139.jpg",
      "transform_matrix": [
        [
          0.739064,
          0.332014,
          -0.586132,
          2.170357
        ],
        [
          0.672366,
          -0.310188,
          0.672092,
          3.904881
        ],
        [
          0.041333,
          -0.890814,
          -0.452484,
          1.564611
        ],
        [
          0.0,
          0.0,
          0.0,
          1.0
        ]
      ]
    },
    {
      "file_path": "/media/NFS/ttao/scannet/posed_images/scene0650_00/00142.jpg",
      "transform_matrix": [
        [
          0.694223,
          0.348041,
          -0.630017,
          2.22243
        ],
        [
          0.718234,
          -0.278014,
          0.637847,
          3.877562
        ],
        [
          0.046843,
          -0.895308,
          -0.442979,
          1.565393
        ],
        [
          0.0,
          0.0,
          0.0,
          1.0
        ]
      ]
    },
    {
      "file_path": "/media/NFS/ttao/scannet/posed_images/scene0650_00/00144.jpg",
      "transform_matrix": [
        [
          0.677573,
          0.35531,
          -0.643933,
          2.244331
        ],
        [
          0.733787,
          -0.267647,
          0.624438,
          3.859809
        ],
        [
          0.049522,
          -0.895611,
          -0.442072,
          1.568778
        ],
        [
          0.0,
          0.0,
          0.0,
          1.0
        ]
      ]
    },
    {
      "file_path": "/media/NFS/ttao/scannet/posed_images/scene0650_00/00149.jpg",
      "transform_matrix": [
        [
          0.607569,
          0.39153,
          -0.69106,
          2.310019
        ],
        [
          0.79255,
          -0.241675,
          0.559873,
          3.803917
        ],
        [
          0.052195,
          -0.887861,
          -0.457141,
          1.580235
        ],
        [
          0.0,
          0.0,
          0.0,
          1.0
        ]
      ]
    },
    {
      "file_path": "/media/NFS/ttao/scannet/posed_images/scene0650_00/00151.jpg",
      "transform_matrix": [
        [
          0.55825,
          0.402244,
          -0.725643,
          2.353617
        ],
        [
          0.82783,
          -0.211788,
          0.519464,
          3.777598
        ],
        [
          0.055268,
          -0.890699,
          -0.45122,
          1.575086
        ],
        [
          0.0,
          0.0,
          0.0,
          1.0
        ]
      ]
    },
    {
      "file_path": "/media/NFS/ttao/scannet/posed_images/scene0650_00/00156.jpg",
      "transform_matrix": [
        [
          0.478722,
          0.378683,
          -0.792102,
          2.405167
        ],
        [
          0.877156,
          -0.167514,
          0.450042,
          3.744491
        ],
        [
          0.037735,
          -0.910241,
          -0.412357,
          1.592051
        ],
        [
          0.0,
          0.0,
          0.0,
          1.0
        ]
      ]
    },
    {
      "file_path": "/media/NFS/ttao/scannet/posed_images/scene0650_00/00158.jpg",
      "transform_matrix": [
        [
          0.459497,
          0.372274,
          -0.806396,
          2.414737
        ],
        [
          0.887413,
          -0.154722,
          0.434234,
          3.736905
        ],
        [
          0.036887,
          -0.915136,
          -0.401455,
          1.601702
        ],
        [
          0.0,
          0.0,
          0.0,
          1.0
        ]
      ]
    },
    {
      "file_path": "/media/NFS/ttao/scannet/posed_images/scene0650_00/00161.jpg",
      "transform_matrix": [
        [
          0.41124,
          0.361092,
          -0.836955,
          2.449331
        ],
        [
          0.911088,
          -0.134334,
          0.389709,
          3.737323
        ],
        [
          0.028289,
          -0.922804,
          -0.38423,
          1.600157
        ],
        [
          0.0,
          0.0,
          0.0,
          1.0
        ]
      ]
    },
    {
      "file_path": "/media/NFS/ttao/scannet/posed_images/scene0650_00/00166.jpg",
      "transform_matrix": [
        [
          0.350196,
          0.351829,
          -0.868089,
          2.469921
        ],
        [
          0.936493,
          -0.113156,
          0.331929,
          3.724928
        ],
        [
          0.018553,
          -0.9292,
          -0.369112,
          1.60492
        ],
        [
          0.0,
          0.0,
          0.0,
          1.0
        ]
      ]
    },
    {
      "file_path": "/media/NFS/ttao/scannet/posed_images/scene0650_00/00167.jpg",
      "transform_matrix": [
        [
          0.340625,
          0.349284,
          -0.872912,
          2.470891
        ],
        [
          0.940021,
          -0.10845,
          0.323418,
          3.719581
        ],
        [
          0.018297,
          -0.93072,
          -0.365275,
          1.604908
        ],
        [
          0.0,
          0.0,
          0.0,
          1.0
        ]
      ]
    },
    {
      "file_path": "/media/NFS/ttao/scannet/posed_images/scene0650_00/00170.jpg",
      "transform_matrix": [
        [
          0.309142,
          0.336581,
          -0.889463,
          2.480138
        ],
        [
          0.95088,
          -0.09358,
          0.295077,
          3.711435
        ],
        [
          0.016081,
          -0.936993,
          -0.348978,
          1.603802
        ],
        [
          0.0,
          0.0,
          0.0,
          1.0
        ]
      ]
    },
    {
      "file_path": "/media/NFS/ttao/scannet/posed_images/scene0650_00/00175.jpg",
      "transform_matrix": [
        [
          0.224902,
          0.286672,
          -0.931256,
          2.496664
        ],
        [
          0.974208,
          -0.048115,
          0.220464,
          3.710223
        ],
        [
          0.018393,
          -0.95682,
          -0.2901,
          1.616208
        ],
        [
          0.0,
          0.0,
          0.0,
          1.0
        ]
      ]
    },
    {
      "file_path": "/media/NFS/ttao/scannet/posed_images/scene0650_00/00179.jpg",
      "transform_matrix": [
        [
          0.188024,
          0.263244,
          -0.946229,
          2.499282
        ],
        [
          0.981978,
          -0.031609,
          0.186334,
          3.708507
        ],
        [
          0.019142,
          -0.964211,
          -0.264443,
          1.627329
        ],
        [
          0.0,
          0.0,
          0.0,
          1.0
        ]
      ]
    },
    {
      "file_path": "/media/NFS/ttao/scannet/posed_images/scene0650_00/00182.jpg",
      "transform_matrix": [
        [
          0.178339,
          0.232316,
          -0.956151,
          2.505692
        ],
        [
          0.983675,
          -0.018328,
          0.179019,
          3.695284
        ],
        [
          0.024064,
          -0.972468,
          -0.231792,
          1.631314
        ],
        [
          0.0,
          0.0,
          0.0,
          1.0
        ]
      ]
    },
    {
      "file_path": "/media/NFS/ttao/scannet/posed_images/scene0650_00/00184.jpg",
      "transform_matrix": [
        [
          0.17577,
          0.213037,
          -0.961104,
          2.506216
        ],
        [
          0.984161,
          -0.015139,
          0.176631,
          3.691006
        ],
        [
          0.023078,
          -0.976927,
          -0.212324,
          1.636795
        ],
        [
          0.0,
          0.0,
          0.0,
          1.0
        ]
      ]
    },
    {
      "file_path": "/media/NFS/ttao/scannet/posed_images/scene0650_00/00187.jpg",
      "transform_matrix": [
        [
          0.169964,
          0.195857,
          -0.965791,
          2.507852
        ],
        [
          0.985167,
          -0.010283,
          0.171289,
          3.689104
        ],
        [
          0.023617,
          -0.980579,
          -0.194699,
          1.642627
        ],
        [
          0.0,
          0.0,
          0.0,
          1.0
        ]
      ]
    },
    {
      "file_path": "/media/NFS/ttao/scannet/posed_images/scene0650_00/00192.jpg",
      "transform_matrix": [
        [
          0.119544,
          0.165168,
          -0.978994,
          2.518308
        ],
        [
          0.992692,
          -0.003493,
          0.120627,
          3.687443
        ],
        [
          0.016504,
          -0.986259,
          -0.164379,
          1.6494
        ],
        [
          0.0,
          0.0,
          0.0,
          1.0
        ]
      ]
    },
    {
      "file_path": "/media/NFS/ttao/scannet/posed_images/scene0650_00/00195.jpg",
      "transform_matrix": [
        [
          0.08345,
          0.159364,
          -0.983686,
          2.526127
        ],
        [
          0.996362,
          0.003756,
          0.085134,
          3.683424
        ],
        [
          0.017262,
          -0.987213,
          -0.158471,
          1.651376
        ],
        [
          0.0,
          0.0,
          0.0,
          1.0
        ]
      ]
    },
    {
      "file_path": "/media/NFS/ttao/scannet/posed_images/scene0650_00/00198.jpg",
      "transform_matrix": [
        [
          0.032828,
          0.161045,
          -0.986401,
          2.5374
        ],
        [
          0.999359,
          0.008819,
          0.034699,
          3.680127
        ],
        [
          0.014287,
          -0.986908,
          -0.160653,
          1.64868
        ],
        [
          0.0,
          0.0,
          0.0,
          1.0
        ]
      ]
    },
    {
      "file_path": "/media/NFS/ttao/scannet/posed_images/scene0650_00/00199.jpg",
      "transform_matrix": [
        [
          0.02232,
          0.161616,
          -0.986601,
          2.538439
        ],
        [
          0.999622,
          0.012243,
          0.02462,
          3.676585
        ],
        [
          0.016058,
          -0.986778,
          -0.161282,
          1.648413
        ],
        [
          0.0,
          0.0,
          0.0,
          1.0
        ]
      ]
    },
    {
      "file_path": "/media/NFS/ttao/scannet/posed_images/scene0650_00/00202.jpg",
      "transform_matrix": [
        [
          -0.039828,
          0.172065,
          -0.98428,
          2.542214
        ],
        [
          0.999062,
          0.023634,
          -0.036294,
          3.687709
        ],
        [
          0.017018,
          -0.984802,
          -0.172844,
          1.650677
        ],
        [
          0.0,
          0.0,
          0.0,
          1.0
        ]
      ]
    },
    {
      "file_path": "/media/NFS/ttao/scannet/posed_images/scene0650_00/00206.jpg",
      "transform_matrix": [
        [
          -0.113576,
          0.179478,
          -0.977184,
          2.551943
        ],
        [
          0.993401,
          0.036329,
          -0.108788,
          3.697702
        ],
        [
          0.015975,
          -0.983091,
          -0.18242,
          1.633114
        ],
        [
          0.0,
          0.0,
          0.0,
          1.0
        ]
      ]
    },
    {
      "file_path": "/media/NFS/ttao/scannet/posed_images/scene0650_00/00211.jpg",
      "transform_matrix": [
        [
          -0.199512,
          0.192805,
          -0.96074,
          2.536452
        ],
        [
          0.979835,
          0.050149,
          -0.193413,
          3.724418
        ],
        [
          0.010889,
          -0.979955,
          -0.198922,
          1.625367
        ],
        [
          0.0,
          0.0,
          0.0,
          1.0
        ]
      ]
    },
    {
      "file_path": "/media/NFS/ttao/scannet/posed_images/scene0650_00/00214.jpg",
      "transform_matrix": [
        [
          -0.238977,
          0.199008,
          -0.950413,
          2.530548
        ],
        [
          0.970981,
          0.058341,
          -0.231932,
          3.735869
        ],
        [
          0.009291,
          -0.97826,
          -0.207175,
          1.62016
        ],
        [
          0.0,
          0.0,
          0.0,
          1.0
        ]
      ]
    },
    {
      "file_path": "/media/NFS/ttao/scannet/posed_images/scene0650_00/00217.jpg",
      "transform_matrix": [
        [
          -0.27716,
          0.203888,
          -0.938942,
          2.522569
        ],
        [
          0.960467,
          0.085431,
          -0.264962,
          3.744972
        ],
        [
          0.026193,
          -0.97526,
          -0.219506,
          1.612099
        ],
        [
          0.0,
          0.0,
          0.0,
          1.0
        ]
      ]
    },
    {
      "file_path": "/media/NFS/ttao/scannet/posed_images/scene0650_00/00220.jpg",
      "transform_matrix": [
        [
          -0.326863,
          0.200503,
          -0.923558,
          2.515181
        ],
        [
          0.943994,
          0.11593,
          -0.308927,
          3.796079
        ],
        [
          0.045128,
          -0.97281,
          -0.227166,
          1.597478
        ],
        [
          0.0,
          0.0,
          0.0,
          1.0
        ]
      ]
    },
    {
      "file_path": "/media/NFS/ttao/scannet/posed_images/scene0650_00/00221.jpg",
      "transform_matrix": [
        [
          -0.335211,
          0.205184,
          -0.919529,
          2.510801
        ],
        [
          0.940893,
          0.123176,
          -0.315513,
          3.796541
        ],
        [
          0.048526,
          -0.970941,
          -0.234347,
          1.601842
        ],
        [
          0.0,
          0.0,
          0.0,
          1.0
        ]
      ]
    },
    {
      "file_path": "/media/NFS/ttao/scannet/posed_images/scene0650_00/00225.jpg",
      "transform_matrix": [
        [
          -0.38883,
          0.222532,
          -0.894031,
          2.508153
        ],
        [
          0.919559,
          0.153527,
          -0.361719,
          3.834779
        ],
        [
          0.056763,
          -0.962761,
          -0.264327,
          1.581862
        ],
        [
          0.0,
          0.0,
          0.0,
          1.0
        ]
      ]
    },
    {
      "file_path": "/media/NFS/ttao/scannet/posed_images/scene0650_00/00230.jpg",
      "transform_matrix": [
        [
          -0.465094,
          0.241389,
          -0.851716,
          2.506907
        ],
        [
          0.883098,
          0.19374,
          -0.427321,
          3.889763
        ],
        [
          0.061861,
          -0.950893,
          -0.303277,
          1.559504
        ],
        [
          0.0,
          0.0,
          0.0,
          1.0
        ]
      ]
    },
    {
      "file_path": "/media/NFS/ttao/scannet/posed_images/scene0650_00/00231.jpg",
      "transform_matrix": [
        [
          -0.473496,
          0.245509,
          -0.845888,
          2.506535
        ],
        [
          0.878534,
          0.200432,
          -0.433597,
          3.89394
        ],
        [
          0.063091,
          -0.948447,
          -0.310592,
          1.558066
        ],
        [
          0.0,
          0.0,
          0.0,
          1.0
        ]
      ]
    },
    {
      "file_path": "/media/NFS/ttao/scannet/posed_images/scene0650_00/00237.jpg",
      "transform_matrix": [
        [
          -0.523974,
          0.270827,
          -0.80753,
          2.513819
        ],
        [
          0.850149,
          0.224117,
          -0.476464,
          3.948589
        ],
        [
          0.051942,
          -0.936176,
          -0.347675,
          1.540119
        ],
        [
          0.0,
          0.0,
          0.0,
          1.0
        ]
      ]
    },
    {
      "file_path": "/media/NFS/ttao/scannet/posed_images/scene0650_00/00240.jpg",
      "transform_matrix": [
        [
          -0.5233,
          0.274392,
          -0.806763,
          2.519184
        ],
        [
          0.85048,
          0.227393,
          -0.474317,
          3.965009
        ],
        [
          0.053303,
          -0.934345,
          -0.35236,
          1.54119
        ],
        [
          0.0,
          0.0,
          0.0,
          1.0
        ]
      ]
    },
    {
      "file_path": "/media/NFS/ttao/scannet/posed_images/scene0650_00/00243.jpg",
      "transform_matrix": [
        [
          -0.529535,
          0.270265,
          -0.804083,
          2.528419
        ],
        [
          0.846965,
          0.221361,
          -0.483373,
          3.98803
        ],
        [
          0.047354,
          -0.936993,
          -0.346123,
          1.547078
        ],
        [
          0.0,
          0.0,
          0.0,
          1.0
        ]
      ]
    },
    {
      "file_path": "/media/NFS/ttao/scannet/posed_images/scene0650_00/00246.jpg",
      "transform_matrix": [
        [
          -0.527118,
          0.270579,
          -0.805564,
          2.54674
        ],
        [
          0.848988,
          0.208913,
          -0.485361,
          4.007454
        ],
        [
          0.036965,
          -0.939757,
          -0.33984,
          1.548766
        ],
        [
          0.0,
          0.0,
          0.0,
          1.0
        ]
      ]
    },
    {
      "file_path": "/media/NFS/ttao/scannet/posed_images/scene0650_00/00247.jpg",
      "transform_matrix": [
        [
          -0.528135,
          0.27355,
          -0.803893,
          2.550014
        ],
        [
          0.848591,
          0.204682,
          -0.487851,
          4.015711
        ],
        [
          0.031091,
          -0.939828,
          -0.340232,
          1.549302
        ],
        [
          0.0,
          0.0,
          0.0,
