{
  "frames": [
    {
      "file_path": "/media/NFS/ttao/scannet/posed_images/scene0472_02/00001.jpg",
      "transform_matrix": [
        [
          0.987786,
          0.057488,
          -0.144827,
          4.172838
        ],
        [
          0.144216,
          -0.689248,
          0.710027,
          2.963512
        ],
        [
          -0.059003,
          -0.722241,
          -0.68912,
          1.48326
        ],
        [
          0.0,
          0.0,
          0.0,
          1.0
        ]
      ]
    },
    {
      "file_path": "/media/NFS/ttao/scannet/posed_images/scene0472_02/00004.jpg",
      "transform_matrix": [
        [
          0.988006,
          0.054225,
          -0.144584,
          4.174128
        ],
        [
          0.141934,
          -0.687708,
          0.711978,
          2.965748
        ],
        [
          -0.060825,
          -0.72396,
          -0.687156,
          1.481961
        ],
        [
          0.0,
          0.0,
          0.0,
          1.0
        ]
      ]
    },
    {
      "file_path": "/media/NFS/ttao/scannet/posed_images/scene0472_02/00008.jpg",
      "transform_matrix": [
        [
          0.987807,
          0.055346,
          -0.145516,
          4.171452
        ],
        [
          0.143858,
          -0.681831,
          0.717225,
          2.965911
        ],
        [
          -0.059521,
          -0.729413,
          -0.681479,
          1.483418
        ],
        [
          0.0,
          0.0,
          0.0,
          1.0
        ]
      ]
    },
    {
      "file_path": "/media/NFS/ttao/scannet/posed_images/scene0472_02/00013.jpg",
      "transform_matrix": [
        [
          0.988795,
          0.067038,
          -0.133382,
          4.143975
        ],
        [
          0.143781,
          -0.667981,
          0.730157,
          2.975853
        ],
        [
          -0.040148,
          -0.741153,
          -0.670135,
          1.508655
        ],
        [
          0.0,
          0.0,
          0.0,
          1.0
        ]
      ]
    },
    {
      "file_path": "/media/NFS/ttao/scannet/posed_images/scene0472_02/00021.jpg",
      "transform_matrix": [
        [
          0.988256,
          0.072725,
          -0.134396,
          4.130092
        ],
        [
          0.151343,
          -0.587456,
          0.794979,
          2.987441
        ],
        [
          -0.021137,
          -0.805982,
          -0.591563,
          1.546825
        ],
        [
          0.0,
          0.0,
          0.0,
          1.0
        ]
      ]
    },
    {
      "file_path": "/media/NFS/ttao/scannet/posed_images/scene0472_02/00025.jpg",
      "transform_matrix": [
        [
          0.987548,
          0.067808,
          -0.141955,
          4.123532
        ],
        [
          0.15567,
          -0.551469,
          0.819542,
          2.985631
        ],
        [
          -0.022712,
          -0.831435,
          -0.555158,
          1.557517
        ],
        [
          0.0,
          0.0,
          0.0,
          1.0
        ]
      ]
    },
    {
      "file_path": "/media/NFS/ttao/scannet/posed_images/scene0472_02/00027.jpg",
      "transform_matrix": [
        [
          0.987245,
          0.065849,
          -0.144951,
          4.1223
        ],
        [
          0.157386,
          -0.540968,
          0.826186,
          2.985853
        ],
        [
          -0.02401,
          -0.838462,
          -0.544431,
          1.560812
        ],
        [
          0.0,
          0.0,
          0.0,
          1.0
        ]
      ]
    },
    {
      "file_path": "/media/NFS/ttao/scannet/posed_images/scene0472_02/00032.jpg",
      "transform_matrix": [
        [
          0.989219,
          0.054519,
          -0.135915,
          4.122215
        ],
        [
          0.144707,
          -0.506344,
          0.850103,
          2.98715
        ],
        [
          -0.022473,
          -0.860606,
          -0.508775,
          1.574924
        ],
        [
          0.0,
          0.0,
          0.0,
          1.0
        ]
      ]
    },
    {
      "file_path": "/media/NFS/ttao/scannet/posed_images/scene0472_02/00039.jpg",
      "transform_matrix": [
        [
          0.991329,
          0.047126,
          -0.122668,
          4.12451
        ],
        [
          0.130396,
          -0.468416,
          0.873832,
          2.984539
        ],
        [
          -0.01628,
          -0.88225,
          -0.470499,
          1.582405
        ],
        [
          0.0,
          0.0,
          0.0,
          1.0
        ]
      ]
    },
    {
      "file_path": "/media/NFS/ttao/scannet/posed_images/scene0472_02/00042.jpg",
      "transform_matrix": [
        [
          0.992786,
          0.04358,
          -0.111702,
          4.125039
        ],
        [
          0.119165,
          -0.461769,
          0.878959,
          2.983931
        ],
        [
          -0.013276,
          -0.885929,
          -0.463631,
          1.586197
        ],
        [
          0.0,
          0.0,
          0.0,
          1.0
        ]
      ]
    },
    {
      "file_path": "/media/NFS/ttao/scannet/posed_images/scene0472_02/00046.jpg",
      "transform_matrix": [
        [
          0.994764,
          0.030534,
          -0.097537,
          4.126732
        ],
        [
          0.100772,
          -0.452229,
          0.886191,
          2.985858
        ],
        [
          -0.01705,
          -0.891379,
          -0.452938,
          1.588374
        ],
        [
          0.0,
          0.0,
          0.0,
          1.0
        ]
      ]
    },
    {
      "file_path": "/media/NFS/ttao/scannet/posed_images/scene0472_02/00050.jpg",
      "transform_matrix": [
        [
          0.996463,
          0.017275,
          -0.082244,
          4.135859
        ],
        [
          0.081511,
          -0.436892,
          0.895813,
          2.986294
        ],
        [
          -0.020457,
          -0.899348,
          -0.436755,
          1.590042
        ],
        [
          0.0,
          0.0,
          0.0,
          1.0
        ]
      ]
    },
    {
      "file_path": "/media/NFS/ttao/scannet/posed_images/scene0472_02/00054.jpg",
      "transform_matrix": [
        [
          0.999039,
          0.005748,
          -0.043454,
          4.146693
        ],
        [
          0.041664,
          -0.432439,
          0.9007,
          2.985242
        ],
        [
          -0.013614,
          -0.901645,
          -0.432263,
          1.581205
        ],
        [
          0.0,
          0.0,
          0.0,
          1.0
        ]
      ]
    },
    {
      "file_path": "/media/NFS/ttao/scannet/posed_images/scene0472_02/00060.jpg",
      "transform_matrix": [
        [
          0.999203,
          -0.012437,
          0.037938,
          4.133549
        ],
        [
          -0.039662,
          -0.418037,
          0.907564,
          2.988845
        ],
        [
          0.004573,
          -0.908345,
          -0.418197,
          1.58378
        ],
        [
          0.0,
          0.0,
          0.0,
          1.0
        ]
      ]
    },
    {
      "file_path": "/media/NFS/ttao/scannet/posed_images/scene0472_02/00067.jpg",
      "transform_matrix": [
        [
          0.989889,
          -0.069061,
          0.123899,
          4.162328
        ],
        [
          -0.141507,
          -0.420322,
          0.896273,
          2.995004
        ],
        [
          -0.00982,
          -0.904743,
          -0.425844,
          1.569384
        ],
        [
          0.0,
          0.0,
          0.0,
          1.0
        ]
      ]
    },
    {
      "file_path": "/media/NFS/ttao/scannet/posed_images/scene0472_02/00073.jpg",
      "transform_matrix": [
        [
          0.966327,
          -0.11711,
          0.229123,
          4.160524
        ],
        [
          -0.256955,
          -0.39201,
          0.883347,
          2.999859
        ],
        [
          -0.013631,
          -0.912476,
          -0.408902,
          1.574979
        ],
        [
          0.0,
          0.0,
          0.0,
          1.0
        ]
      ]
    },
    {
      "file_path": "/media/NFS/ttao/scannet/posed_images/scene0472_02/00077.jpg",
      "transform_matrix": [
        [
          0.949759,
          -0.139305,
          0.280271,
          4.172798
        ],
        [
          -0.312624,
          -0.379462,
          0.87079,
          2.998108
        ],
        [
          -0.014953,
          -0.91466,
          -0.403947,
          1.574689
        ],
        [
          0.0,
          0.0,
          0.0,
          1.0
        ]
      ]
    },
    {
      "file_path": "/media/NFS/ttao/scannet/posed_images/scene0472_02/00078.jpg",
      "transform_matrix": [
        [
          0.945827,
          -0.143859,
          0.291062,
          4.174886
        ],
        [
          -0.324343,
          -0.378262,
          0.867018,
          2.998803
        ],
        [
          -0.014631,
          -0.914452,
          -0.404429,
          1.573279
        ],
        [
          0.0,
          0.0,
          0.0,
          1.0
        ]
      ]
    },
    {
      "file_path": "/media/NFS/ttao/scannet/posed_images/scene0472_02/00082.jpg",
      "transform_matrix": [
        [
          0.927896,
          -0.165955,
          0.333868,
          4.178368
        ],
        [
          -0.372419,
          -0.370089,
          0.851081,
          2.996345
        ],
        [
          -0.01768,
          -0.914053,
          -0.405209,
          1.564267
        ],
        [
          0.0,
          0.0,
          0.0,
          1.0
        ]
      ]
    },
    {
      "file_path": "/media/NFS/ttao/scannet/posed_images/scene0472_02/00091.jpg",
      "transform_matrix": [
        [
          0.889378,
          -0.233622,
          0.392974,
          4.184759
        ],
        [
          -0.455197,
          -0.372674,
          0.808647,
          2.999092
        ],
        [
          -0.042466,
          -0.898073,
          -0.437792,
          1.552785
        ],
        [
          0.0,
          0.0,
          0.0,
          1.0
        ]
      ]
    },
    {
      "file_path": "/media/NFS/ttao/scannet/posed_images/scene0472_02/00092.jpg",
      "transform_matrix": [
        [
          0.885809,
          -0.235189,
          0.400035,
          4.186357
        ],
        [
          -0.462258,
          -0.371527,
          0.805162,
          2.996635
        ],
        [
          -0.040741,
          -0.898139,
          -0.437819,
          1.551407
        ],
        [
          0.0,
          0.0,
          0.0,
          1.0
        ]
      ]
    },
    {
      "file_path": "/media/NFS/ttao/scannet/posed_images/scene0472_02/00098.jpg",
      "transform_matrix": [
        [
          0.854375,
          -0.252201,
          0.454354,
          4.191344
        ],
        [
          -0.518923,
          -0.367607,
          0.771741,
          2.980597
        ],
        [
          -0.02761,
          -0.895131,
          -0.444947,
          1.535295
        ],
        [
          0.0,
          0.0,
          0.0,
          1.0
        ]
      ]
    },
    {
      "file_path": "/media/NFS/ttao/scannet/posed_images/scene0472_02/00103.jpg",
      "transform_matrix": [
        [
          0.799489,
          -0.289071,
          0.52655,
          4.190268
        ],
        [
          -0.60068,
          -0.385679,
          0.70031,
          2.970964
        ],
        [
          0.00064,
          -0.876179,
          -0.481986,
          1.519443
        ],
        [
          0.0,
          0.0,
          0.0,
          1.0
        ]
      ]
    },
    {
      "file_path": "/media/NFS/ttao/scannet/posed_images/scene0472_02/00107.jpg",
      "transform_matrix": [
        [
          0.778296,
          -0.296061,
          0.553717,
          4.179509
        ],
        [
          -0.627894,
          -0.369662,
          0.684908,
          2.975464
        ],
        [
          0.001913,
          -0.880737,
          -0.473602,
          1.519559
        ],
        [
          0.0,
          0.0,
          0.0,
          1.0
        ]
      ]
    },
    {
      "file_path": "/media/NFS/ttao/scannet/posed_images/scene0472_02/00114.jpg",
      "transform_matrix": [
        [
          0.777343,
          -0.296818,
          0.55465,
          4.163865
        ],
        [
          -0.628597,
          -0.400934,
          0.666422,
          2.98327
        ],
        [
          0.024572,
          -0.86669,
          -0.498242,
          1.518065
        ],
        [
          0.0,
          0.0,
          0.0,
          1.0
        ]
      ]
    },
    {
      "file_path": "/media/NFS/ttao/scannet/posed_images/scene0472_02/00117.jpg",
      "transform_matrix": [
        [
          0.777562,
          -0.295431,
          0.555083,
          4.160387
        ],
        [
          -0.628121,
          -0.406112,
          0.663729,
          2.98489
        ],
        [
          0.029339,
          -0.864751,
          -0.501344,
          1.514096
        ],
        [
          0.0,
          0.0,
          0.0,
          1.0
        ]
      ]
    },
    {
      "file_path": "/media/NFS/ttao/scannet/posed_images/scene0472_02/00120.jpg",
      "transform_matrix": [
        [
          0.77694,
          -0.30218,
          0.552315,
          4.164124
        ],
        [
          -0.629221,
          -0.402107,
          0.665125,
          2.993048
        ],
        [
          0.021102,
          -0.86429,
          -0.502551,
          1.521926
        ],
        [
          0.0,
          0.0,
          0.0,
          1.0
        ]
      ]
    },
    {
      "file_path": "/media/NFS/ttao/scannet/posed_images/scene0472_02/00124.jpg",
      "transform_matrix": [
        [
          0.77308,
          -0.313328,
          0.55152,
          4.178701
        ],
        [
          -0.634302,
          -0.386132,
          0.669749,
          2.998505
        ],
        [
          0.003108,
          -0.867599,
          -0.497255,
          1.527897
        ],
        [
          0.0,
          0.0,
          0.0,
          1.0
        ]
      ]
    },
    {
      "file_path": "/media/NFS/ttao/scannet/posed_images/scene0472_02/00130.jpg",
      "transform_matrix": [
        [
          0.737769,
          -0.337571,
          0.584587,
          4.228297
        ],
        [
          -0.675008,
          -0.358933,
          0.644617,
          2.997232
        ],
        [
          -0.007776,
          -0.87018,
          -0.492672,
          1.518728
        ],
        [
          0.0,
          0.0,
          0.0,
          1.0
        ]
      ]
    },
    {
      "file_path": "/media/NFS/ttao/scannet/posed_images/scene0472_02/00134.jpg",
      "transform_matrix": [
        [
          0.713269,
          -0.349679,
          0.607431,
          4.297177
        ],
        [
          -0.700675,
          -0.334263,
          0.630335,
          3.000837
        ],
        [
          -0.017374,
          -0.87521,
          -0.48343,
          1.528655
        ],
        [
          0.0,
          0.0,
          0.0,
          1.0
        ]
      ]
    },
    {
      "file_path": "/media/NFS/ttao/scannet/posed_images/scene0472_02/00142.jpg",
      "transform_matrix": [
        [
          0.627346,
          -0.338693,
          0.701231,
          4.401895
        ],
        [
          -0.778421,
          -0.246906,
          0.577147,
          3.006968
        ],
        [
          -0.022337,
          -0.907923,
          -0.418541,
          1.506899
        ],
        [
          0.0,
          0.0,
          0.0,
          1.0
        ]
      ]
    },
    {
      "file_path": "/media/NFS/ttao/scannet/posed_images/scene0472_02/00144.jpg",
      "transform_matrix": [
        [
          0.602201,
          -0.339003,
          0.722794,
          4.430225
        ],
        [
          -0.798218,
          -0.239556,
          0.552685,
          3.00967
        ],
        [
          -0.014212,
          -0.909775,
          -0.414859,
          1.507841
        ],
        [
          0.0,
          0.0,
          0.0,
          1.0
        ]
      ]
    },
    {
      "file_path": "/media/NFS/ttao/scannet/posed_images/scene0472_02/00149.jpg",
      "transform_matrix": [
        [
          0.535459,
          -0.326865,
          0.778744,
          4.480234
        ],
        [
          -0.844546,
          -0.201754,
          0.496021,
          3.015887
        ],
        [
          -0.005018,
          -0.923285,
          -0.384084,
          1.504943
        ],
        [
          0.0,
          0.0,
          0.0,
          1.0
        ]
      ]
    },
    {
      "file_path": "/media/NFS/ttao/scannet/posed_images/scene0472_02/00156.jpg",
      "transform_matrix": [
        [
          0.405215,
          -0.374992,
          0.833776,
          4.51651
        ],
        [
          -0.914221,
          -0.165965,
          0.369669,
          3.034546
        ],
        [
          -0.000246,
          -0.912051,
          -0.410077,
          1.514946
        ],
        [
          0.0,
          0.0,
          0.0,
          1.0
        ]
      ]
    },
    {
      "file_path": "/media/NFS/ttao/scannet/posed_images/scene0472_02/00161.jpg",
      "transform_matrix": [
        [
          0.263882,
          -0.412392,
          0.871951,
          4.482674
        ],
        [
          -0.964272,
          -0.090898,
          0.248832,
          3.055206
        ],
        [
          -0.023358,
          -0.90646,
          -0.421644,
          1.509386
        ],
        [
          0.0,
          0.0,
          0.0,
          1.0
        ]
      ]
    },
    {
      "file_path": "/media/NFS/ttao/scannet/posed_images/scene0472_02/00165.jpg",
      "transform_matrix": [
        [
          0.173701,
          -0.418878,
          0.891274,
          4.474503
        ],
        [
          -0.984224,
          -0.042937,
          0.171637,
          3.063359
        ],
        [
          -0.033626,
          -0.907027,
          -0.419728,
          1.508168
        ],
        [
          0.0,
          0.0,
          0.0,
          1.0
        ]
      ]
    },
    {
      "file_path": "/media/NFS/ttao/scannet/posed_images/scene0472_02/00170.jpg",
      "transform_matrix": [
        [
          0.061093,
          -0.439396,
          0.896214,
          4.462848
        ],
        [
          -0.997818,
          -0.004338,
          0.065893,
          3.083828
        ],
        [
          -0.025066,
          -0.898283,
          -0.438702,
          1.503378
        ],
        [
          0.0,
          0.0,
          0.0,
          1.0
        ]
      ]
    },
    {
      "file_path": "/media/NFS/ttao/scannet/posed_images/scene0472_02/00172.jpg",
      "transform_matrix": [
        [
          0.031053,
          -0.443128,
          0.895921,
          4.45699
        ],
        [
          -0.999012,
          0.01475,
          0.041922,
          3.071821
        ],
        [
          -0.031791,
          -0.896337,
          -0.442232,
          1.506948
        ],
        [
          0.0,
          0.0,
          0.0,
          1.0
        ]
      ]
    },
    {
      "file_path": "/media/NFS/ttao/scannet/posed_images/scene0472_02/00177.jpg",
      "transform_matrix": [
        [
          -0.037836,
          -0.470921,
          0.881364,
          4.455539
        ],
        [
          -0.998476,
          0.053276,
          -0.014397,
          3.07613
        ],
        [
          -0.040176,
          -0.880565,
          -0.472219,
          1.51472
        ],
        [
          0.0,
          0.0,
          0.0,
          1.0
        ]
      ]
    },
    {
      "file_path": "/media/NFS/ttao/scannet/posed_images/scene0472_02/00183.jpg",
      "transform_matrix": [
        [
          -0.10481,
          -0.468327,
          0.877317,
          4.430637
        ],
        [
          -0.9943,
          0.066699,
          -0.083181,
          3.065909
        ],
        [
          -0.01956,
          -0.881034,
          -0.472649,
          1.498766
        ],
        [
          0.0,
          0.0,
          0.0,
          1.0
        ]
      ]
    },
    {
      "file_path": "/media/NFS/ttao/scannet/posed_images/scene0472_02/00187.jpg",
      "transform_matrix": [
        [
          -0.143542,
          -0.462566,
          0.874888,
          4.415911
        ],
        [
          -0.989307,
          0.090134,
          -0.11466,
          3.038347
        ],
        [
          -0.02582,
          -0.881991,
          -0.470558,
          1.494892
        ],
        [
          0.0,
          0.0,
          0.0,
          1.0
        ]
      ]
    },
    {
      "file_path": "/media/NFS/ttao/scannet/posed_images/scene0472_02/00193.jpg",
      "transform_matrix": [
        [
          -0.17376,
          -0.495793,
          0.85088,
          4.395245
        ],
        [
          -0.984785,
          0.089761,
          -0.148802,
          3.014152
        ],
        [
          -0.0026,
          -0.863789,
          -0.503846,
          1.478388
        ],
        [
          0.0,
          0.0,
          0.0,
          1.0
        ]
      ]
    },
    {
      "file_path": "/media/NFS/ttao/scannet/posed_images/scene0472_02/00197.jpg",
      "transform_matrix": [
        [
          -0.211012,
          -0.508988,
          0.834509,
          4.378767
        ],
        [
          -0.977333,
          0.094869,
          -0.189264,
          2.995454
        ],
        [
          0.017164,
          -0.85553,
          -0.517469,
          1.469283
        ],
        [
          0.0,
          0.0,
          0.0,
          1.0
        ]
      ]
    },
    {
      "file_path": "/media/NFS/ttao/scannet/posed_images/scene0472_02/00200.jpg",
      "transform_matrix": [
        [
          -0.252698,
          -0.518301,
          0.817012,
          4.377305
        ],
        [
          -0.967229,
          0.113747,
          -0.227,
          2.983643
        ],
        [
          0.024722,
          -0.8476,
          -0.530059,
          1.474429
        ],
        [
          0.0,
          0.0,
          0.0,
          1.0
        ]
      ]
    },
    {
      "file_path": "/media/NFS/ttao/scannet/posed_images/scene0472_02/00207.jpg",
      "transform_matrix": [
        [
          -0.31266,
          -0.53111,
          0.787507,
          4.358559
        ],
        [
          -0.949415,
          0.149223,
          -0.276303,
          2.960958
        ],
        [
          0.029233,
          -0.83406,
          -0.550899,
          1.457042
        ],
        [
          0.0,
          0.0,
          0.0,
          1.0
        ]
      ]
    },
    {
      "file_path": "/media/NFS/ttao/scannet/posed_images/scene0472_02/00212.jpg",
      "transform_matrix": [
        [
          -0.301278,
          -0.54559,
          0.782025,
          4.370906
        ],
        [
          -0.953285,
          0.153516,
          -0.260153,
          2.968989
        ],
        [
          0.021883,
          -0.823871,
          -0.566354,
          1.462083
        ],
        [
          0.0,
          0.0,
          0.0,
          1.0
        ]
      ]
    },
    {
      "file_path": "/media/NFS/ttao/scannet/posed_images/scene0472_02/00215.jpg",
      "transform_matrix": [
        [
          -0.278287,
          -0.545865,
          0.790309,
          4.375202
        ],
        [
          -0.960427,
          0.14814,
          -0.23587,
          2.978598
        ],
        [
          0.011677,
          -0.824673,
          -0.565489,
          1.461545
        ],
        [
          0.0,
          0.0,
          0.0,
          1.0
        ]
      ]
    },
    {
      "file_path": "/media/NFS/ttao/scannet/posed_images/scene0472_02/00218.jpg",
      "transform_matrix": [
        [
          -0.256001,
          -0.552834,
          0.792993,
          4.37899
        ],
        [
          -0.966675,
          0.144676,
          -0.211209,
          2.986489
        ],
        [
          0.002036,
          -0.820636,
          -0.571448,
          1.455086
        ],
        [
          0.0,
          0.0,
          0.0,
          1.0
        ]
      ]
    },
    {
      "file_path": "/media/NFS/ttao/scannet/posed_images/scene0472_02/00225.jpg",
      "transform_matrix": [
        [
          -0.218905,
          -0.545958,
          0.80871,
          4.421668
        ],
        [
          -0.975713,
          0.115647,
          -0.186037,
          2.986172
        ],
        [
          0.008044,
          -0.829793,
          -0.558014,
          1.465477
        ],
        [
          0.0,
          0.0,
          0.0,
          1.0
        ]
      ]
    },
    {
      "file_path": "/media/NFS/ttao/scannet/posed_images/scene0472_02/00230.jpg",
      "transform_matrix": [
        [
          -0.159552,
          -0.47633,
          0.86467,
          4.473573
        ],
        [
          -0.9871,
          0.088759,
          -0.133247,
          2.987836
        ],
        [
          -0.013278,
          -0.874775,
          -0.484347,
          1.481952
        ],
        [
          0.0,
          0.0,
          0.0,
          1.0
        ]
      ]
    },
    {
      "file_path": "/media/NFS/ttao/scannet/posed_images/scene0472_02/00232.jpg",
      "transform_matrix": [
        [
          -0.120527,
          -0.467466,
          0.875756,
          4.482302
        ],
        [
          -0.992429,
          0.077733,
          -0.095092,
          2.993167
        ],
        [
          -0.023623,
          -0.880587,
          -0.473296,
          1.465747
        ],
        [
          0.0,
          0.0,
          0.0,
          1.0
        ]
      ]
    },
    {
      "file_path": "/media/NFS/ttao/scannet/posed_images/scene0472_02/00239.jpg",
      "transform_matrix": [
        [
          0.025741,
          -0.471389,
          0.88155,
          4.554832
        ],
        [
          -0.999479,
          0.005037,
          0.031877,
          2.981058
        ],
        [
          -0.019467,
          -0.881911,
          -0.471014,
          1.463235
        ],
        [
          0.0,
          0.0,
          0.0,
          1.0
        ]
      ]
    },
    {
      "file_path": "/media/NFS/ttao/scannet/posed_images/scene0472_02/00243.jpg",
      "transform_matrix": [
        [
          0.093819,
          -0.472851,
          0.876134,
          4.598545
        ],
        [
          -0.995586,
          -0.046671,
          0.081422,
          2.981929
        ],
        [
          0.00239,
          -0.879906,
          -0.475142,
          1.459589
        ],
        [
          0.0,
          0.0,
          0.0,
          1.0
        ]
      ]
    },
    {
      "file_path": "/media/NFS/ttao/scannet/posed_images/scene0472_02/00247.jpg",
      "transform_matrix": [
        [
          0.154751,
          -0.480724,
          0.863109,
          4.645227
        ],
        [
          -0.987772,
          -0.092058,
          0.125829,
          2.994058
        ],
        [
          0.018967,
          -0.872026,
          -0.489091,
          1.445255
        ],
        [
          0.0,
          0.0,
          0.0,
          1.0
        ]
      ]
    },
    {
      "file_path": "/media/NFS/ttao/scannet/posed_images/scene0472_02/00250.jpg",
      "transform_matrix": [
        [
          0.184786,
          -0.498339,
          0.847061,
          4.704984
        ],
        [
          -0.982744,
          -0.100961,
          0.154988,
          3.004795
        ],
        [
          0.008283,
          -0.861084,
          -0.508396,
          1.455598
        ],
        [
          0.0,
          0.0,
          0.0,
          1.0
        ]
      ]
    },
    {
      "file_path": "/media/NFS/ttao/scannet/posed_images/scene0472_02/00258.jpg",
      "transform_matrix": [
        [
          0.231163,
          -0.45276,
          0.861146,
          4.8555
        ],
        [
          -0.972889,
          -0.114072,
          0.201184,
          3.082376
        ],
        [
          0.007145,
          -0.884305,
          -0.466854,
          1.461679
        ],
        [
          0.0,
          0.0,
          0.0,
          1.0
        ]
      ]
    },
    {
      "file_path": "/media/NFS/ttao/scannet/posed_images/scene0472_02/00260.jpg",
      "transform_matrix": [
        [
          0.237545,
          -0.455834,
          0.857781,
          4.897141
        ],
        [
          -0.9713,
          -0.122542,
          0.203861,
          3.097236
        ],
        [
          0.012187,
          -0.881589,
          -0.471861,
          1.460073
        ],
        [
          0.0,
          0.0,
          0.0,
          1.0
        ]
      ]
    },
    {
      "file_path": "/media/NFS/ttao/scannet/posed_images/scene0472_02/00264.jpg",
      "transform_matrix": [
        [
          0.227153,
          -0.446563,
          0.865438,
          4.979622
        ],
        [
          -0.973816,
          -0.112547,
          0.197525,
          3.139995
        ],
        [
          0.009195,
          -0.887645,
          -0.460436,
          1.472018
        ],
        [
          0.0,
          0.0,
          0.0,
          1.0
        ]
      ]
    },
    {
      "file_path": "/media/NFS/ttao/scannet/posed_images/scene0472_02/00272.jpg",
      "transform_matrix": [
        [
          0.243409,
          -0.451268,
          0.858551,
          5.137587
        ],
        [
          -0.969709,
          -0.094601,
          0.2252,
          3.210307
        ],
        [
          -0.020406,
          -0.88736,
          -0.460625,
          1.470519
        ],
        [
          0.0,
          0.0,
          0.0,
          1.0
        ]
      ]
    },
    {
      "file_path": "/media/NFS/ttao/scannet/posed_images/scene0472_02/00274.jpg",
      "transform_matrix": [
        [
          0.245323,
          -0.451631,
          0.857815,
          5.179622
        ],
        [
          -0.969175,
          -0.093513,
          0.227937,
          3.222564
        ],
        [
          -0.022727,
          -0.887291,
          -0.46065,
          1.465446
        ],
        [
          0.0,
          0.0,
          0.0,
          1.0
        ]
      ]
    },
    {
      "file_path": "/media/NFS/ttao/scannet/posed_images/scene0472_02/00279.jpg",
      "transform_matrix": [
        [
          0.273585,
          -0.431597,
          0.859579,
          5.293832
        ],
        [
          -0.961397,
          -0.095347,
          0.258118,
          3.25467
        ],
        [
          -0.029445,
          -0.897013,
          -0.441022,
          1.460135
        ],
        [
          0.0,
          0.0,
          0.0,
          1.0
        ]
      ]
    },
    {
      "file_path": "/media/NFS/ttao/scannet/posed_images/scene0472_02/00286.jpg",
      "transform_matrix": [
        [
          0.335173,
          -0.44853,
          0.828541,
          5.450731
        ],
        [
          -0.942092,
          -0.149219,
          0.300328,
          3.309756
        ],
        [
          -0.011072,
          -0.881223,
          -0.47257,
          1.472302
        ],
        [
          0.0,
          0.0,
          0.0,
          1.0
        ]
      ]
    },
    {
      "file_path": "/media/NFS/ttao/scannet/posed_images/scene0472_02/00289.jpg",
      "transform_matrix": [
        [
          0.353291,
          -0.446855,
          0.821892,
          5.496839
        ],
        [
          -0.935509,
          -0.166174,
          0.311783,
          3.336419
        ],
        [
          -0.002745,
          -0.879037,
          -0.476745,
          1.469764
        ],
        [
          0.0,
          0.0,
          0.0,
          1.0
        ]
      ]
    },
    {
      "file_path": "/media/NFS/ttao/scannet/posed_images/scene0472_02/00293.jpg",
      "transform_matrix": [
        [
          0.369085,
          -0.449995,
          0.813192,
          5.576486
        ],
        [
          -0.929372,
          -0.172488,
          0.326367,
          3.362404
        ],
        [
          -0.006598,
          -0.876215,
          -0.481875,
          1.47769
        ],
        [
          0.0,
          0.0,
          0.0,
          1.0
        ]
      ]
    },
    {
      "file_path": "/media/NFS/ttao/scannet/posed_images/scene0472_02/00300.jpg",
      "transform_matrix": [
        [
          0.336988,
          -0.426494,
          0.83937,
          5.702857
        ],
        [
          -0.941477,
          -0.15996,
          0.296704,
          3.45005
        ],
        [
          0.007723,
          -0.890234,
          -0.455439,
          1.482881
        ],
        [
          0.0,
          0.0,
          0.0,
          1.0
        ]
      ]
    },
    {
      "file_path": "/media/NFS/ttao/scannet/posed_images/scene0472_02/00304.jpg",
      "transform_matrix": [
        [
          0.29932,
          -0.414148,
          0.859587,
          5.792125
        ],
        [
          -0.953957,
          -0.148154,
          0.2608,
          3.497611
        ],
        [
          0.019341,
          -0.898071,
          -0.439425,
          1.492481
        ],
        [
          0.0,
          0.0,
          0.0,
          1.0
        ]
      ]
    },
    {
      "file_path": "/media/NFS/ttao/scannet/posed_images/scene0472_02/00307.jpg",
      "transform_matrix": [
        [
          0.287147,
          -0.416271,
          0.862708,
          5.829759
        ],
        [
          -0.957604,
          -0.146614,
          0.247989,
          3.516601
        ],
        [
          0.023255,
          -0.897342,
          -0.440722,
          1.492874
        ],
        [
          0.0,
          0.0,
          0.0,
          1.0
        ]
      ]
    },
    {
      "file_path": "/media/NFS/ttao/scannet/posed_images/scene0472_02/00314.jpg",
      "transform_matrix": [
        [
          0.286143,
          -0.415427,
          0.863449,
          5.913179
        ],
        [
          -0.957998,
          -0.14194,
          0.249185,
          3.552495
        ],
        [
          0.01904,
          -0.898484,
          -0.438593,
          1.483289
        ],
        [
          0.0,
          0.0,
          0.0,
          1.0
        ]
      ]
    },
    {
      "file_path": "/media/NFS/ttao/scannet/posed_images/scene0472_02/00317.jpg",
      "transform_matrix": [
        [
          0.291446,
          -0.417763,
          0.860543,
          5.951911
        ],
        [
          -0.956377,
          -0.146147,
          0.252953,
          3.556446
        ],
        [
          0.020091,
          -0.896725,
          -0.442133,
          1.473577
        ],
        [
          0.0,
          0.0,
          0.0,
          1.0
        ]
      ]
    },
    {
      "file_path": "/media/NFS/ttao/scannet/posed_images/scene0472_02/00324.jpg",
      "transform_matrix": [
        [
          0.301507,
          -0.422499,
          0.854745,
          6.076945
        ],
        [
          -0.953009,
          -0.161236,
          0.25647,
          3.545813
        ],
        [
          0.029457,
          -0.891907,
          -0.451259,
          1.465029
        ],
        [
          0.0,
          0.0,
          0.0,
          1.0
        ]
      ]
    },
    {
      "file_path": "/media/NFS/ttao/scannet/posed_images/scene0472_02/00328.jpg",
      "transform_matrix": [
        [
          0.299104,
          -0.456491,
          0.837946,
          6.150346
        ],
        [
          -0.953579,
          -0.175181,
          0.244945,
          3.543249
        ],
        [
          0.034977,
          -0.872311,
          -0.487698,
          1.456077
        ],
        [
          0.0,
          0.0,
          0.0,
          1.0
        ]
      ]
    },
    {
      "file_path": "/media/NFS/ttao/scannet/posed_images/scene0472_02/00332.jpg",
      "transform_matrix": [
        [
          0.297493,
          -0.462238,
          0.835365,
          6.218468
        ],
        [
          -0.953739,
          -0.183619,
          0.238045,
          3.554955
        ],
        [
          0.043355,
          -0.867537,
          -0.49548,
          1.457188
        ],
        [
          0.0,
          0.0,
          0.0,
          1.0
        ]
      ]
    },
    {
      "file_path": "/media/NFS/ttao/scannet/posed_images/scene0472_02/00336.jpg",
      "transform_matrix": [
        [
          0.2992,
          -0.476561,
          0.826662,
          6.272553
        ],
        [
          -0.953331,
          -0.186064,
          0.237782,
          3.568888
        ],
        [
          0.040494,
          -0.859227,
          -0.50999,
          1.453975
        ],
        [
          0.0,
          0.0,
          0.0,
          1.0
        ]
      ]
    },
    {
      "file_path": "/media/NFS/ttao/scannet/posed_images/scene0472_02/00339.jpg",
      "transform_matrix": [
        [
          0.295915,
          -0.47816,
          0.826921,
          6.313735
        ],
        [
          -0.954516,
          -0.181125,
          0.236841,
          3.579529
        ],
        [
          0.036528,
          -0.859393,
          -0.510009,
          1.447791
        ],
        [
          0.0,
          0.0,
          0.0,
          1.0
        ]
      ]
    },
    {
      "file_path": "/media/NFS/ttao/scannet/posed_images/scene0472_02/00343.jpg",
      "transform_matrix": [
        [
          0.282316,
          -0.47859,
          0.831414,
          6.378901
        ],
        [
          -0.958733,
          -0.171103,
          0.227055,
          3.593582
        ],
        [
          0.033591,
          -0.861206,
          -0.507145,
          1.44078
        ],
        [
          0.0,
          0.0,
          0.0,
          1.0
        ]
      ]
    },
    {
      "file_path": "/media/NFS/ttao/scannet/posed_images/scene0472_02/00349.jpg",
      "transform_matrix": [
        [
          0.246841,
          -0.450212,
          0.858125,
          6.487061
        ],
        [
          -0.966612,
          -0.17724,
          0.185059,
          3.63026
        ],
        [
          0.068778,
          -0.875154,
          -0.47893,
          1.433335
        ],
        [
          0.0,
          0.0,
          0.0,
          1.0
        ]
      ]
    },
    {
      "file_path": "/media/NFS/ttao/scannet/posed_images/scene0472_02/00355.jpg",
      "transform_matrix": [
        [
          0.255715,
          -0.474424,
          0.842337,
          6.560987
        ],
        [
          -0.965615,
          -0.167597,
          0.198746,
          3.688094
        ],
        [
          0.046883,
          -0.864195,
          -0.500967,
          1.432827
        ],
        [
          0.0,
          0.0,
          0.0,
          1.0
        ]
      ]
    },
    {
      "file_path": "/media/NFS/ttao/scannet/posed_images/scene0472_02/00357.jpg",
      "transform_matrix": [
        [
          0.277094,
          -0.468913,
          0.838653,
          6.57665
        ],
        [
          -0.960171,
          -0.16778,
          0.223433,
          3.70055
        ],
        [
          0.035939,
          -0.867162,
          -0.496727,
