{
  "frames": [
    {
      "file_path": "/media/NFS/ttao/scannet/posed_images/scene0288_01/00000.jpg",
      "transform_matrix": [
        [
          0.992594,
          0.003969,
          -0.121412,
          2.084189
        ],
        [
          0.110228,
          -0.449475,
          0.886466,
          3.082513
        ],
        [
          -0.051053,
          -0.893284,
          -0.446584,
          1.34716
        ],
        [
          0.0,
          0.0,
          0.0,
          1.0
        ]
      ]
    },
    {
      "file_path": "/media/NFS/ttao/scannet/posed_images/scene0288_01/00011.jpg",
      "transform_matrix": [
        [
          0.995931,
          -0.037826,
          -0.081801,
          2.069652
        ],
        [
          0.049675,
          -0.526937,
          0.848452,
          3.10742
        ],
        [
          -0.075198,
          -0.849062,
          -0.522914,
          1.328942
        ],
        [
          0.0,
          0.0,
          0.0,
          1.0
        ]
      ]
    },
    {
      "file_path": "/media/NFS/ttao/scannet/posed_images/scene0288_01/00018.jpg",
      "transform_matrix": [
        [
          0.995697,
          0.010198,
          -0.092108,
          1.97132
        ],
        [
          0.07689,
          -0.645716,
          0.759696,
          3.059035
        ],
        [
          -0.051729,
          -0.763509,
          -0.643722,
          1.264412
        ],
        [
          0.0,
          0.0,
          0.0,
          1.0
        ]
      ]
    },
    {
      "file_path": "/media/NFS/ttao/scannet/posed_images/scene0288_01/00023.jpg",
      "transform_matrix": [
        [
          0.995844,
          0.017118,
          -0.089453,
          1.920054
        ],
        [
          0.077362,
          -0.677296,
          0.731632,
          3.000849
        ],
        [
          -0.048062,
          -0.735511,
          -0.675806,
          1.233184
        ],
        [
          0.0,
          0.0,
          0.0,
          1.0
        ]
      ]
    },
    {
      "file_path": "/media/NFS/ttao/scannet/posed_images/scene0288_01/00030.jpg",
      "transform_matrix": [
        [
          0.993847,
          0.014362,
          -0.109826,
          1.830319
        ],
        [
          0.091996,
          -0.659234,
          0.746289,
          2.916949
        ],
        [
          -0.061683,
          -0.751801,
          -0.656499,
          1.245691
        ],
        [
          0.0,
          0.0,
          0.0,
          1.0
        ]
      ]
    },
    {
      "file_path": "/media/NFS/ttao/scannet/posed_images/scene0288_01/00037.jpg",
      "transform_matrix": [
        [
          0.995947,
          0.009248,
          -0.08947,
          1.797022
        ],
        [
          0.078023,
          -0.58374,
          0.808183,
          2.878844
        ],
        [
          -0.044754,
          -0.811887,
          -0.582096,
          1.283224
        ],
        [
          0.0,
          0.0,
          0.0,
          1.0
        ]
      ]
    },
    {
      "file_path": "/media/NFS/ttao/scannet/posed_images/scene0288_01/00043.jpg",
      "transform_matrix": [
        [
          0.997225,
          -0.000224,
          -0.074452,
          1.797853
        ],
        [
          0.063552,
          -0.518384,
          0.852783,
          2.882042
        ],
        [
          -0.038786,
          -0.855148,
          -0.516931,
          1.32591
        ],
        [
          0.0,
          0.0,
          0.0,
          1.0
        ]
      ]
    },
    {
      "file_path": "/media/NFS/ttao/scannet/posed_images/scene0288_01/00057.jpg",
      "transform_matrix": [
        [
          0.989991,
          0.024347,
          -0.139012,
          1.834145
        ],
        [
          0.137878,
          -0.377015,
          0.915887,
          2.902585
        ],
        [
          -0.03011,
          -0.925887,
          -0.376599,
          1.389325
        ],
        [
          0.0,
          0.0,
          0.0,
          1.0
        ]
      ]
    },
    {
      "file_path": "/media/NFS/ttao/scannet/posed_images/scene0288_01/00064.jpg",
      "transform_matrix": [
        [
          0.971637,
          0.019864,
          -0.235641,
          1.891968
        ],
        [
          0.230907,
          -0.294682,
          0.927278,
          2.930041
        ],
        [
          -0.05102,
          -0.955389,
          -0.290911,
          1.422332
        ],
        [
          0.0,
          0.0,
          0.0,
          1.0
        ]
      ]
    },
    {
      "file_path": "/media/NFS/ttao/scannet/posed_images/scene0288_01/00068.jpg",
      "transform_matrix": [
        [
          0.958516,
          0.052882,
          -0.28009,
          1.935922
        ],
        [
          0.284,
          -0.260981,
          0.922623,
          2.951152
        ],
        [
          -0.024308,
          -0.963894,
          -0.265173,
          1.432534
        ],
        [
          0.0,
          0.0,
          0.0,
          1.0
        ]
      ]
    },
    {
      "file_path": "/media/NFS/ttao/scannet/posed_images/scene0288_01/00078.jpg",
      "transform_matrix": [
        [
          0.927126,
          0.020218,
          -0.374205,
          2.006631
        ],
        [
          0.370309,
          -0.202705,
          0.906522,
          2.9867
        ],
        [
          -0.057525,
          -0.979031,
          -0.19542,
          1.493727
        ],
        [
          0.0,
          0.0,
          0.0,
          1.0
        ]
      ]
    },
    {
      "file_path": "/media/NFS/ttao/scannet/posed_images/scene0288_01/00084.jpg",
      "transform_matrix": [
        [
          0.928798,
          -0.023731,
          -0.369825,
          2.050082
        ],
        [
          0.361831,
          -0.157559,
          0.918833,
          2.990593
        ],
        [
          -0.080074,
          -0.987224,
          -0.137754,
          1.546475
        ],
        [
          0.0,
          0.0,
          0.0,
          1.0
        ]
      ]
    },
    {
      "file_path": "/media/NFS/ttao/scannet/posed_images/scene0288_01/00089.jpg",
      "transform_matrix": [
        [
          0.934632,
          -0.039004,
          -0.35347,
          2.078131
        ],
        [
          0.346633,
          -0.122064,
          0.930025,
          2.973545
        ],
        [
          -0.079421,
          -0.991755,
          -0.100565,
          1.578966
        ],
        [
          0.0,
          0.0,
          0.0,
          1.0
        ]
      ]
    },
    {
      "file_path": "/media/NFS/ttao/scannet/posed_images/scene0288_01/00100.jpg",
      "transform_matrix": [
        [
          0.946682,
          -0.042787,
          -0.319316,
          2.111357
        ],
        [
          0.317569,
          -0.04297,
          0.947261,
          2.894916
        ],
        [
          -0.054251,
          -0.99816,
          -0.027092,
          1.61582
        ],
        [
          0.0,
          0.0,
          0.0,
          1.0
        ]
      ]
    },
    {
      "file_path": "/media/NFS/ttao/scannet/posed_images/scene0288_01/00107.jpg",
      "transform_matrix": [
        [
          0.953694,
          -0.034428,
          -0.298801,
          2.159909
        ],
        [
          0.298458,
          -0.014832,
          0.954308,
          2.86302
        ],
        [
          -0.037286,
          -0.999297,
          -0.00387,
          1.654471
        ],
        [
          0.0,
          0.0,
          0.0,
          1.0
        ]
      ]
    },
    {
      "file_path": "/media/NFS/ttao/scannet/posed_images/scene0288_01/00119.jpg",
      "transform_matrix": [
        [
          0.984615,
          -0.042251,
          -0.169554,
          2.203853
        ],
        [
          0.169713,
          0.000186,
          0.985493,
          2.842103
        ],
        [
          -0.041607,
          -0.999107,
          0.007354,
          1.655801
        ],
        [
          0.0,
          0.0,
          0.0,
          1.0
        ]
      ]
    },
    {
      "file_path": "/media/NFS/ttao/scannet/posed_images/scene0288_01/00126.jpg",
      "transform_matrix": [
        [
          0.989906,
          -0.048752,
          -0.133075,
          2.202349
        ],
        [
          0.129698,
          -0.066903,
          0.989294,
          2.841348
        ],
        [
          -0.057133,
          -0.996568,
          -0.059905,
          1.584017
        ],
        [
          0.0,
          0.0,
          0.0,
          1.0
        ]
      ]
    },
    {
      "file_path": "/media/NFS/ttao/scannet/posed_images/scene0288_01/00132.jpg",
      "transform_matrix": [
        [
          0.99668,
          -0.034782,
          -0.073621,
          2.217453
        ],
        [
          0.065965,
          -0.185144,
          0.980495,
          2.845755
        ],
        [
          -0.047734,
          -0.982095,
          -0.182235,
          1.494952
        ],
        [
          0.0,
          0.0,
          0.0,
          1.0
        ]
      ]
    },
    {
      "file_path": "/media/NFS/ttao/scannet/posed_images/scene0288_01/00135.jpg",
      "transform_matrix": [
        [
          0.997238,
          -0.036509,
          -0.064685,
          2.221385
        ],
        [
          0.054503,
          -0.231964,
          0.971196,
          2.847466
        ],
        [
          -0.050462,
          -0.972039,
          -0.229334,
          1.454464
        ],
        [
          0.0,
          0.0,
          0.0,
          1.0
        ]
      ]
    },
    {
      "file_path": "/media/NFS/ttao/scannet/posed_images/scene0288_01/00144.jpg",
      "transform_matrix": [
        [
          0.997431,
          -0.046736,
          -0.054296,
          2.240364
        ],
        [
          0.0323,
          -0.383118,
          0.923134,
          2.865162
        ],
        [
          -0.063945,
          -0.922516,
          -0.380624,
          1.383044
        ],
        [
          0.0,
          0.0,
          0.0,
          1.0
        ]
      ]
    },
    {
      "file_path": "/media/NFS/ttao/scannet/posed_images/scene0288_01/00153.jpg",
      "transform_matrix": [
        [
          0.997949,
          -0.053781,
          -0.034729,
          2.286473
        ],
        [
          0.002224,
          -0.513024,
          0.858371,
          2.888567
        ],
        [
          -0.063981,
          -0.856688,
          -0.511852,
          1.309242
        ],
        [
          0.0,
          0.0,
          0.0,
          1.0
        ]
      ]
    },
    {
      "file_path": "/media/NFS/ttao/scannet/posed_images/scene0288_01/00164.jpg",
      "transform_matrix": [
        [
          0.997423,
          -0.065481,
          -0.029325,
          2.320227
        ],
        [
          -0.019101,
          -0.636322,
          0.771187,
          2.873334
        ],
        [
          -0.069158,
          -0.76864,
          -0.635933,
          1.250107
        ],
        [
          0.0,
          0.0,
          0.0,
          1.0
        ]
      ]
    },
    {
      "file_path": "/media/NFS/ttao/scannet/posed_images/scene0288_01/00169.jpg",
      "transform_matrix": [
        [
          0.99787,
          -0.050695,
          -0.041047,
          2.309629
        ],
        [
          -0.002122,
          -0.654173,
          0.756342,
          2.847546
        ],
        [
          -0.065195,
          -0.754644,
          -0.652888,
          1.246968
        ],
        [
          0.0,
          0.0,
          0.0,
          1.0
        ]
      ]
    },
    {
      "file_path": "/media/NFS/ttao/scannet/posed_images/scene0288_01/00174.jpg",
      "transform_matrix": [
        [
          0.998678,
          0.021358,
          -0.046757,
          2.25247
        ],
        [
          0.05012,
          -0.606637,
          0.793398,
          2.806862
        ],
        [
          -0.011419,
          -0.794692,
          -0.606905,
          1.27044
        ],
        [
          0.0,
          0.0,
          0.0,
          1.0
        ]
      ]
    },
    {
      "file_path": "/media/NFS/ttao/scannet/posed_images/scene0288_01/00180.jpg",
      "transform_matrix": [
        [
          0.994335,
          0.064924,
          -0.084155,
          2.205273
        ],
        [
          0.106263,
          -0.589978,
          0.800396,
          2.774049
        ],
        [
          0.002315,
          -0.804805,
          -0.593535,
          1.275678
        ],
        [
          0.0,
          0.0,
          0.0,
          1.0
        ]
      ]
    },
    {
      "file_path": "/media/NFS/ttao/scannet/posed_images/scene0288_01/00189.jpg",
      "transform_matrix": [
        [
          0.972165,
          0.138407,
          -0.189045,
          2.132865
        ],
        [
          0.233815,
          -0.52143,
          0.820635,
          2.730637
        ],
        [
          0.015008,
          -0.841994,
          -0.539277,
          1.298077
        ],
        [
          0.0,
          0.0,
          0.0,
          1.0
        ]
      ]
    },
    {
      "file_path": "/media/NFS/ttao/scannet/posed_images/scene0288_01/00201.jpg",
      "transform_matrix": [
        [
          0.921743,
          0.169635,
          -0.348732,
          2.115462
        ],
        [
          0.387433,
          -0.44199,
          0.809037,
          2.709718
        ],
        [
          -0.016895,
          -0.880834,
          -0.473124,
          1.344479
        ],
        [
          0.0,
          0.0,
          0.0,
          1.0
        ]
      ]
    },
    {
      "file_path": "/media/NFS/ttao/scannet/posed_images/scene0288_01/00208.jpg",
      "transform_matrix": [
        [
          0.884702,
          0.188557,
          -0.426321,
          2.16175
        ],
        [
          0.465679,
          -0.39892,
          0.78994,
          2.729598
        ],
        [
          -0.021119,
          -0.89739,
          -0.440733,
          1.354112
        ],
        [
          0.0,
          0.0,
          0.0,
          1.0
        ]
      ]
    },
    {
      "file_path": "/media/NFS/ttao/scannet/posed_images/scene0288_01/00217.jpg",
      "transform_matrix": [
        [
          0.816625,
          0.211379,
          -0.537068,
          2.229116
        ],
        [
          0.576589,
          -0.34048,
          0.742711,
          2.766103
        ],
        [
          -0.025867,
          -0.916184,
          -0.399923,
          1.382615
        ],
        [
          0.0,
          0.0,
          0.0,
          1.0
        ]
      ]
    },
    {
      "file_path": "/media/NFS/ttao/scannet/posed_images/scene0288_01/00221.jpg",
      "transform_matrix": [
        [
          0.788941,
          0.214593,
          -0.575779,
          2.242
        ],
        [
          0.613647,
          -0.323591,
          0.720226,
          2.770521
        ],
        [
          -0.031761,
          -0.921542,
          -0.386979,
          1.394698
        ],
        [
          0.0,
          0.0,
          0.0,
          1.0
        ]
      ]
    },
    {
      "file_path": "/media/NFS/ttao/scannet/posed_images/scene0288_01/00233.jpg",
      "transform_matrix": [
        [
          0.749518,
          0.179267,
          -0.637249,
          2.227321
        ],
        [
          0.658911,
          -0.294686,
          0.692096,
          2.772497
        ],
        [
          -0.063718,
          -0.938629,
          -0.338993,
          1.428979
        ],
        [
          0.0,
          0.0,
          0.0,
          1.0
        ]
      ]
    },
    {
      "file_path": "/media/NFS/ttao/scannet/posed_images/scene0288_01/00235.jpg",
      "transform_matrix": [
        [
          0.746424,
          0.184185,
          -0.639474,
          2.218634
        ],
        [
          0.662676,
          -0.293695,
          0.688915,
          2.775376
        ],
        [
          -0.060923,
          -0.937987,
          -0.341276,
          1.434607
        ],
        [
          0.0,
          0.0,
          0.0,
          1.0
        ]
      ]
    },
    {
      "file_path": "/media/NFS/ttao/scannet/posed_images/scene0288_01/00242.jpg",
      "transform_matrix": [
        [
          0.751571,
          0.172412,
          -0.636722,
          2.19184
        ],
        [
          0.657058,
          -0.281191,
          0.699434,
          2.78315
        ],
        [
          -0.05845,
          -0.944037,
          -0.324619,
          1.428476
        ],
        [
          0.0,
          0.0,
          0.0,
          1.0
        ]
      ]
    },
    {
      "file_path": "/media/NFS/ttao/scannet/posed_images/scene0288_01/00249.jpg",
      "transform_matrix": [
        [
          0.736949,
          0.224171,
          -0.637693,
          2.159655
        ],
        [
          0.67417,
          -0.312141,
          0.669375,
          2.795652
        ],
        [
          -0.048996,
          -0.923209,
          -0.381161,
          1.393668
        ],
        [
          0.0,
          0.0,
          0.0,
          1.0
        ]
      ]
    },
    {
      "file_path": "/media/NFS/ttao/scannet/posed_images/scene0288_01/00260.jpg",
      "transform_matrix": [
        [
          0.673529,
          0.332225,
          -0.660292,
          2.149261
        ],
        [
          0.739038,
          -0.31898,
          0.593359,
          2.877708
        ],
        [
          -0.013492,
          -0.887625,
          -0.460369,
          1.332259
        ],
        [
          0.0,
          0.0,
          0.0,
          1.0
        ]
      ]
    },
    {
      "file_path": "/media/NFS/ttao/scannet/posed_images/scene0288_01/00269.jpg",
      "transform_matrix": [
        [
          0.608252,
          0.348954,
          -0.712924,
          2.155872
        ],
        [
          0.793613,
          -0.283684,
          0.538239,
          3.000152
        ],
        [
          -0.014424,
          -0.893171,
          -0.449486,
          1.351183
        ],
        [
          0.0,
          0.0,
          0.0,
          1.0
        ]
      ]
    },
    {
      "file_path": "/media/NFS/ttao/scannet/posed_images/scene0288_01/00279.jpg",
      "transform_matrix": [
        [
          0.570492,
          0.371724,
          -0.732366,
          2.115611
        ],
        [
          0.820528,
          -0.296695,
          0.488575,
          3.092348
        ],
        [
          -0.035675,
          -0.879655,
          -0.474272,
          1.364178
        ],
        [
          0.0,
          0.0,
          0.0,
          1.0
        ]
      ]
    },
    {
      "file_path": "/media/NFS/ttao/scannet/posed_images/scene0288_01/00285.jpg",
      "transform_matrix": [
        [
          0.572626,
          0.363134,
          -0.735005,
          2.048196
        ],
        [
          0.819206,
          -0.288046,
          0.495914,
          3.125608
        ],
        [
          -0.031633,
          -0.886094,
          -0.462424,
          1.383384
        ],
        [
          0.0,
          0.0,
          0.0,
          1.0
        ]
      ]
    },
    {
      "file_path": "/media/NFS/ttao/scannet/posed_images/scene0288_01/00292.jpg",
      "transform_matrix": [
        [
          0.591131,
          0.311535,
          -0.743983,
          1.929547
        ],
        [
          0.806048,
          -0.261541,
          0.530927,
          3.152607
        ],
        [
          -0.02918,
          -0.913533,
          -0.405717,
          1.400183
        ],
        [
          0.0,
          0.0,
          0.0,
          1.0
        ]
      ]
    },
    {
      "file_path": "/media/NFS/ttao/scannet/posed_images/scene0288_01/00299.jpg",
      "transform_matrix": [
        [
          0.613153,
          0.322276,
          -0.721236,
          1.780565
        ],
        [
          0.789511,
          -0.280919,
          0.545671,
          3.194927
        ],
        [
          -0.026753,
          -0.904004,
          -0.426687,
          1.413435
        ],
        [
          0.0,
          0.0,
          0.0,
          1.0
        ]
      ]
    },
    {
      "file_path": "/media/NFS/ttao/scannet/posed_images/scene0288_01/00308.jpg",
      "transform_matrix": [
        [
          0.6226,
          0.331375,
          -0.708915,
          1.631544
        ],
        [
          0.78188,
          -0.300637,
          0.546151,
          3.277777
        ],
        [
          -0.032145,
          -0.89432,
          -0.446272,
          1.405721
        ],
        [
          0.0,
          0.0,
          0.0,
          1.0
        ]
      ]
    },
    {
      "file_path": "/media/NFS/ttao/scannet/posed_images/scene0288_01/00315.jpg",
      "transform_matrix": [
        [
          0.580157,
          0.296435,
          -0.758646,
          1.537666
        ],
        [
          0.811975,
          -0.283845,
          0.510028,
          3.370445
        ],
        [
          -0.064148,
          -0.911898,
          -0.405373,
          1.411728
        ],
        [
          0.0,
          0.0,
          0.0,
          1.0
        ]
      ]
    },
    {
      "file_path": "/media/NFS/ttao/scannet/posed_images/scene0288_01/00317.jpg",
      "transform_matrix": [
        [
          0.565745,
          0.297671,
          -0.768976,
          1.51616
        ],
        [
          0.821621,
          -0.282437,
          0.495144,
          3.388649
        ],
        [
          -0.069797,
          -0.911933,
          -0.40436,
          1.41275
        ],
        [
          0.0,
          0.0,
          0.0,
          1.0
        ]
      ]
    },
    {
      "file_path": "/media/NFS/ttao/scannet/posed_images/scene0288_01/00329.jpg",
      "transform_matrix": [
        [
          0.527086,
          0.345465,
          -0.776424,
          1.472349
        ],
        [
          0.847704,
          -0.278048,
          0.45176,
          3.419712
        ],
        [
          -0.059816,
          -0.896294,
          -0.439408,
          1.400506
        ],
        [
          0.0,
          0.0,
          0.0,
          1.0
        ]
      ]
    },
    {
      "file_path": "/media/NFS/ttao/scannet/posed_images/scene0288_01/00338.jpg",
      "transform_matrix": [
        [
          0.542739,
          0.327473,
          -0.773431,
          1.5472
        ],
        [
          0.839149,
          -0.250377,
          0.482846,
          3.330132
        ],
        [
          -0.03553,
          -0.911083,
          -0.410688,
          1.422405
        ],
        [
          0.0,
          0.0,
          0.0,
          1.0
        ]
      ]
    },
    {
      "file_path": "/media/NFS/ttao/scannet/posed_images/scene0288_01/00340.jpg",
      "transform_matrix": [
        [
          0.555526,
          0.301254,
          -0.775007,
          1.583925
        ],
        [
          0.830956,
          -0.234809,
          0.504358,
          3.296216
        ],
        [
          -0.030039,
          -0.924181,
          -0.380772,
          1.431486
        ],
        [
          0.0,
          0.0,
          0.0,
          1.0
        ]
      ]
    },
    {
      "file_path": "/media/NFS/ttao/scannet/posed_images/scene0288_01/00352.jpg",
      "transform_matrix": [
        [
          0.640302,
          0.16969,
          -0.749145,
          1.793029
        ],
        [
          0.767913,
          -0.164248,
          0.619138,
          3.108461
        ],
        [
          -0.017984,
          -0.971714,
          -0.235476,
          1.507635
        ],
        [
          0.0,
          0.0,
          0.0,
          1.0
        ]
      ]
    },
    {
      "file_path": "/media/NFS/ttao/scannet/posed_images/scene0288_01/00356.jpg",
      "transform_matrix": [
        [
          0.624283,
          0.118818,
          -0.77211,
          1.852007
        ],
        [
          0.780731,
          -0.129068,
          0.611392,
          3.067526
        ],
        [
          -0.02701,
          -0.984492,
          -0.17334,
          1.538082
        ],
        [
          0.0,
          0.0,
          0.0,
          1.0
        ]
      ]
    },
    {
      "file_path": "/media/NFS/ttao/scannet/posed_images/scene0288_01/00365.jpg",
      "transform_matrix": [
        [
          0.612531,
          0.043607,
          -0.789243,
          1.993469
        ],
        [
          0.78965,
          -0.078575,
          0.608506,
          3.022077
        ],
        [
          -0.03548,
          -0.995954,
          -0.082564,
          1.613686
        ],
        [
          0.0,
          0.0,
          0.0,
          1.0
        ]
      ]
    },
    {
      "file_path": "/media/NFS/ttao/scannet/posed_images/scene0288_01/00377.jpg",
      "transform_matrix": [
        [
          0.58901,
          4.2e-05,
          -0.808125,
          2.149517
        ],
        [
          0.804943,
          -0.088685,
          0.586687,
          2.972109
        ],
        [
          -0.071644,
          -0.99606,
          -0.052271,
          1.682443
        ],
        [
          0.0,
          0.0,
          0.0,
          1.0
        ]
      ]
    },
    {
      "file_path": "/media/NFS/ttao/scannet/posed_images/scene0288_01/00379.jpg",
      "transform_matrix": [
        [
          0.570839,
          -0.013747,
          -0.820947,
          2.164748
        ],
        [
          0.816783,
          -0.092439,
          0.569492,
          2.951051
        ],
        [
          -0.083717,
          -0.995623,
          -0.041539,
          1.701468
        ],
        [
          0.0,
          0.0,
          0.0,
          1.0
        ]
      ]
    },
    {
      "file_path": "/media/NFS/ttao/scannet/posed_images/scene0288_01/00393.jpg",
      "transform_matrix": [
        [
          0.516961,
          -0.006851,
          -0.855982,
          2.236658
        ],
        [
          0.849037,
          -0.123266,
          0.513753,
          2.800748
        ],
        [
          -0.109034,
          -0.99235,
          -0.057907,
          1.604298
        ],
        [
          0.0,
          0.0,
          0.0,
          1.0
        ]
      ]
    },
    {
      "file_path": "/media/NFS/ttao/scannet/posed_images/scene0288_01/00400.jpg",
      "transform_matrix": [
        [
          0.50307,
          0.192067,
          -0.842634,
          2.245857
        ],
        [
          0.858147,
          -0.226634,
          0.460674,
          2.676938
        ],
        [
          -0.10249,
          -0.954855,
          -0.278834,
          1.493883
        ],
        [
          0.0,
          0.0,
          0.0,
          1.0
        ]
      ]
    },
    {
      "file_path": "/media/NFS/ttao/scannet/posed_images/scene0288_01/00406.jpg",
      "transform_matrix": [
        [
          0.543523,
          0.276584,
          -0.792517,
          2.256052
        ],
        [
          0.835488,
          -0.269232,
          0.479033,
          2.629531
        ],
        [
          -0.080878,
          -0.922505,
          -0.377417,
          1.42816
        ],
        [
          0.0,
          0.0,
          0.0,
          1.0
        ]
      ]
    },
    {
      "file_path": "/media/NFS/ttao/scannet/posed_images/scene0288_01/00413.jpg",
      "transform_matrix": [
        [
          0.551292,
          0.358566,
          -0.753331,
          2.259588
        ],
        [
          0.833241,
          -0.28237,
          0.47537,
          2.611935
        ],
        [
          -0.042266,
          -0.889774,
          -0.454441,
          1.356475
        ],
        [
          0.0,
          0.0,
          0.0,
          1.0
        ]
      ]
    },
    {
      "file_path": "/media/NFS/ttao/scannet/posed_images/scene0288_01/00422.jpg",
      "transform_matrix": [
        [
          0.563878,
          0.502805,
          -0.655155,
          2.262691
        ],
        [
          0.825788,
          -0.353619,
          0.43935,
          2.621672
        ],
        [
          -0.010768,
          -0.788759,
          -0.614608,
          1.278291
        ],
        [
          0.0,
          0.0,
          0.0,
          1.0
        ]
      ]
    },
    {
      "file_path": "/media/NFS/ttao/scannet/posed_images/scene0288_01/00429.jpg",
      "transform_matrix": [
        [
          0.558822,
          0.485806,
          -0.672094,
          2.281041
        ],
        [
          0.827565,
          -0.378896,
          0.414216,
          2.660062
        ],
        [
          -0.053425,
          -0.787674,
          -0.613771,
          1.278575
        ],
        [
          0.0,
          0.0,
          0.0,
          1.0
        ]
      ]
    },
    {
      "file_path": "/media/NFS/ttao/scannet/posed_images/scene0288_01/00431.jpg",
      "transform_matrix": [
        [
          0.543691,
          0.493216,
          -0.679071,
          2.287461
        ],
        [
          0.837848,
          -0.366286,
          0.404777,
          2.682044
        ],
        [
          -0.049092,
          -0.789032,
          -0.612387,
          1.27857
        ],
        [
          0.0,
          0.0,
          0.0,
          1.0
        ]
      ]
    },
    {
      "file_path": "/media/NFS/ttao/scannet/posed_images/scene0288_01/00445.jpg",
      "transform_matrix": [
        [
          0.296952,
          0.544937,
          -0.784132,
          2.303073
        ],
        [
          0.951597,
          -0.237046,
          0.195635,
          2.698823
        ],
        [
          -0.079266,
          -0.804271,
          -0.588952,
          1.276698
        ],
        [
          0.0,
          0.0,
          0.0,
          1.0
        ]
      ]
    },
    {
      "file_path": "/media/NFS/ttao/scannet/posed_images/scene0288_01/00447.jpg",
      "transform_matrix": [
        [
          0.27079,
          0.554155,
          -0.787137,
          2.303552
        ],
        [
          0.9593,
          -0.223384,
          0.172752,
          2.697035
        ],
        [
          -0.080102,
          -0.80188,
          -0.592091,
          1.279444
        ],
        [
          0.0,
          0.0,
          0.0,
          1.0
        ]
      ]
    },
    {
      "file_path": "/media/NFS/ttao/scannet/posed_images/scene0288_01/00461.jpg",
      "transform_matrix": [
        [
          0.212362,
          0.405415,
          -0.889124,
          2.302391
        ],
        [
          0.974976,
          -0.149139,
          0.164864,
          2.688941
        ],
        [
          -0.065765,
          -0.901885,
          -0.426941,
          1.356631
        ],
        [
          0.0,
          0.0,
          0.0,
          1.0
        ]
      ]
    },
    {
      "file_path": "/media/NFS/ttao/scannet/posed_images/scene0288_01/00466.jpg",
      "transform_matrix": [
        [
          0.2247,
          0.316304,
          -0.921662,
          2.288389
        ],
        [
          0.974331,
          -0.086285,
          0.207928,
          2.654756
        ],
        [
          -0.013757,
          -0.944726,
          -0.327573,
          1.40316
        ],
        [
          0.0,
          0.0,
          0.0,
          1.0
        ]
      ]
    },
    {
      "file_path": "/media/NFS/ttao/scannet/posed_images/scene0288_01/00475.jpg",
      "transform_matrix": [
        [
          0.254904,
          0.182817,
          -0.949527,
          2.272835
        ],
        [
          0.966902,
          -0.059548,
          0.248103,
          2.584069
        ],
        [
          -0.011185,
          -0.981342,
          -0.191945,
          1.516919
        ],
        [
          0.0,
          0.0,
          0.0,
          1.0
        ]
      ]
    },
    {
      "file_path": "/media/NFS/ttao/scannet/posed_images/scene0288_01/00482.jpg",
      "transform_matrix": [
        [
          0.254937,
          0.107553,
          -0.960958,
          2.27541
        ],
        [
          0.966806,
          -0.045945,
          0.251347,
          2.547203
        ],
        [
          -0.017118,
          -0.993137,
          -0.115696,
          1.562287
        ],
        [
          0.0,
          0.0,
          0.0,
          1.0
        ]
      ]
    },
    {
      "file_path": "/media/NFS/ttao/scannet/posed_images/scene0288_01/00486.jpg",
      "transform_matrix": [
        [
          0.260567,
          0.069912,
          -0.962921,
          2.28168
        ],
        [
          0.965271,
          -0.038384,
          0.258416,
          2.537426
        ],
        [
          -0.018894,
          -0.996814,
          -0.077486,
          1.579433
        ],
        [
          0.0,
          0.0,
          0.0,
          1.0
        ]
      ]
    },
    {
      "file_path": "/media/NFS/ttao/scannet/posed_images/scene0288_01/00493.jpg",
      "transform_matrix": [
        [
          0.249179,
          0.004623,
          -0.968446,
          2.301136
        ],
        [
          0.96829,
          -0.019759,
          0.249045,
          2.535851
        ],
        [
          -0.017985,
          -0.999794,
          -0.0094,
          1.612811
        ],
        [
          0.0,
          0.0,
          0.0,
          1.0
        ]
      ]
    },
    {
      "file_path": "/media/NFS/ttao/scannet/posed_images/scene0288_01/00500.jpg",
      "transform_matrix": [
        [
          0.258141,
          -0.043763,
          -0.965116,
          2.314236
        ],
        [
          0.965182,
          -0.03203,
          0.259611,
          2.549225
        ],
        [
          -0.042274,
          -0.998528,
          0.033971,
          1.632777
        ],
        [
          0.0,
          0.0,
          0.0,
          1.0
        ]
      ]
    },
    {
      "file_path": "/media/NFS/ttao/scannet/posed_images/scene0288_01/00514.jpg",
      "transform_matrix": [
        [
          0.188053,
          -0.042094,
          -0.981256,
          2.330299
        ],
        [
          0.980202,
          -0.054989,
          0.19021,
          2.615425
        ],
        [
          -0.061965,
          -0.997599,
          0.03092,
          1.622927
        ],
        [
          0.0,
          0.0,
          0.0,
          1.0
        ]
      ]
    },
    {
      "file_path": "/media/NFS/ttao/scannet/posed_images/scene0288_01/00521.jpg",
      "transform_matrix": [
        [
          0.159817,
          0.012227,
          -0.987071,
          2.335562
        ],
        [
          0.984109,
          -0.080358,
          0.158342,
          2.706817
        ],
        [
          -0.077383,
          -0.996691,
          -0.024875,
          1.588982
        ],
        [
          0.0,
          0.0,
          0.0,
          1.0
        ]
      ]
    },
    {
      "file_path": "/media/NFS/ttao/scannet/posed_images/scene0288_01/00525.jpg",
      "transform_matrix": [
        [
          0.153342,
          0.031344,
          -0.987676,
          2.333323
        ],
        [
          0.98403,
          -0.096275,
          0.149721,
          2.771171
        ],
        [
          -0.090396,
          -0.994861,
          -0.045607,
          1.568963
        ],
        [
          0.0,
          0.0,
          0.0,
          1.0
        ]
      ]
    },
    {
      "file_path": "/media/NFS/ttao/scannet/posed_images/scene0288_01/00532.jpg",
      "transform_matrix": [
        [
          0.165191,
          0.063682,
          -0.984204,
          2.299506
        ],
        [
          0.982314,
          -0.099817,
          0.158416,
          2.872726
        ],
        [
          -0.088152,
          -0.992966,
          -0.079045,
          1.515001
        ],
        [
          0.0,
          0.0,
          0.0,
          1.0
        ]
      ]
    },
    {
      "file_path": "/media/NFS/ttao/scannet/posed_images/scene0288_01/00543.jpg",
      "transform_matrix": [
        [
          0.18,
          0.175411,
          -0.9679,
          2.154173
        ],
        [
          0.980034,
          -0.116468,
          0.161149,
          3.049859
        ],
        [
          -0.084462,
          -0.977582,
          -0.192873,
          1.463483
        ],
        [
          0.0,
          0.0,
          0.0,
          1.0
        ]
      ]
    },
    {
      "file_path": "/media/NFS/ttao/scannet/posed_images/scene0288_01/00546.jpg",
      "transform_matrix": [
        [
          0.177634,
          0.192093,
          -0.965167,
          2.124659
        ],
        [
          0.979449,
          -0.129712,
          0.154446,
          3.101328
        ],
        [
          -0.095526,
          -0.972767,
          -0.211186,
          1.46372
        ],
        [
          0.0,
          0.0,
          0.0,
          1.0
        ]
      ]
    },
    {
      "file_path": "/media/NFS/ttao/scannet/posed_images/scene0288_01/00557.jpg",
      "transform_matrix": [
        [
          0.106158,
          0.262539,
          -0.959064,
          2.029744
        ],
        [
          0.990132,
          -0.11665,
          0.077665,
          3.251562
        ],
        [
          -0.091485,
          -0.957844,
          -0.272332,
          1.443764
        ],
        [
          0.0,
          0.0,
          0.0,
          1.0
        ]
      ]
    },
    {
      "file_path": "/media/NFS/ttao/scannet/posed_images/scene0288_01/00566.jpg",
      "transform_matrix": [
        [
          0.151143,
          0.332468,
          -0.930925,
          1.997188
        ],
        [
          0.986938,
          -0.103874,
          0.12314,
          3.29313
        ],
        [
          -0.055758,
          -0.937377,
          -0.343826,
          1.416027
        ],
        [
          0.0,
          0.0,
          0.0,
          1.0
        ]
      ]
    },
    {
      "file_path": "/media/NFS/ttao/scannet/posed_images/scene0288_01/00571.jpg",
      "transform_matrix": [
        [
          0.174673,
          0.378243,
          -0.909077,
          2.000379
        ],
        [
          0.982339,
          -0.129841,
          0.134726,
          3.2713
        ],
        [
          -0.067076,
          -0.916555,
          -0.394242,
          1.38852
        ],
        [
          0.0,
          0.0,
          0.0,
          1.0
        ]
      ]
    },
    {
      "file_path": "/media/NFS/ttao/scannet/posed_images/scene0288_01/00582.jpg",
      "transform_matrix": [
        [
          0.370748,
          0.471991,
          -0.799856,
          2.00789
        ],
        [
          0.927333,
          -0.235416,
          0.290918,
          3.109251
        ],
        [
          -0.050988,
          -0.84959,
          -0.524973,
          1.315221
        ],
        [
          0.0,
          0.0,
          0.0,
          1.0
        ]
      ]
    },
    {
      "file_path": "/media/NFS/ttao/scannet/posed_images/scene0288_01/00584.jpg",
      "transform_matrix": [
        [
          0.400348,
          0.497998,
          -0.769233,
          2.009685
        ],
        [
          0.914084,
          -0.276198,
          0.296926,
          3.088343
        ],
        [
          -0.064592,
          -0.822017,
          -0.565788,
          1.306517
