{
  "frames": [
    {
      "file_path": "/media/NFS/ttao/scannet/posed_images/scene0161_00/00000.jpg",
      "transform_matrix": [
        [
          0.59597,
          0.482312,
          -0.642025,
          3.449961
        ],
        [
          0.802979,
          -0.35126,
          0.4815,
          1.112515
        ],
        [
          0.006716,
          -0.802491,
          -0.596626,
          1.412234
        ],
        [
          0.0,
          0.0,
          0.0,
          1.0
        ]
      ]
    },
    {
      "file_path": "/media/NFS/ttao/scannet/posed_images/scene0161_00/00001.jpg",
      "transform_matrix": [
        [
          0.596047,
          0.483799,
          -0.640833,
          3.451157
        ],
        [
          0.802896,
          -0.349913,
          0.482617,
          1.111087
        ],
        [
          0.009254,
          -0.802184,
          -0.597005,
          1.411899
        ],
        [
          0.0,
          0.0,
          0.0,
          1.0
        ]
      ]
    },
    {
      "file_path": "/media/NFS/ttao/scannet/posed_images/scene0161_00/00002.jpg",
      "transform_matrix": [
        [
          0.596167,
          0.487305,
          -0.638059,
          3.452477
        ],
        [
          0.802791,
          -0.351322,
          0.481768,
          1.114933
        ],
        [
          0.010604,
          -0.799442,
          -0.60065,
          1.412574
        ],
        [
          0.0,
          0.0,
          0.0,
          1.0
        ]
      ]
    },
    {
      "file_path": "/media/NFS/ttao/scannet/posed_images/scene0161_00/00003.jpg",
      "transform_matrix": [
        [
          0.595869,
          0.488846,
          -0.637158,
          3.453696
        ],
        [
          0.802996,
          -0.351087,
          0.481596,
          1.113575
        ],
        [
          0.011728,
          -0.798604,
          -0.601743,
          1.412785
        ],
        [
          0.0,
          0.0,
          0.0,
          1.0
        ]
      ]
    },
    {
      "file_path": "/media/NFS/ttao/scannet/posed_images/scene0161_00/00004.jpg",
      "transform_matrix": [
        [
          0.596116,
          0.489381,
          -0.636516,
          3.45192
        ],
        [
          0.802814,
          -0.351792,
          0.481386,
          1.112521
        ],
        [
          0.01166,
          -0.797966,
          -0.60259,
          1.411639
        ],
        [
          0.0,
          0.0,
          0.0,
          1.0
        ]
      ]
    },
    {
      "file_path": "/media/NFS/ttao/scannet/posed_images/scene0161_00/00005.jpg",
      "transform_matrix": [
        [
          0.595507,
          0.490404,
          -0.636298,
          3.451983
        ],
        [
          0.803256,
          -0.351356,
          0.480967,
          1.110262
        ],
        [
          0.012301,
          -0.79753,
          -0.603155,
          1.41085
        ],
        [
          0.0,
          0.0,
          0.0,
          1.0
        ]
      ]
    },
    {
      "file_path": "/media/NFS/ttao/scannet/posed_images/scene0161_00/00006.jpg",
      "transform_matrix": [
        [
          0.594209,
          0.492164,
          -0.636153,
          3.452441
        ],
        [
          0.804208,
          -0.350876,
          0.479725,
          1.110981
        ],
        [
          0.012892,
          -0.796656,
          -0.604296,
          1.410878
        ],
        [
          0.0,
          0.0,
          0.0,
          1.0
        ]
      ]
    },
    {
      "file_path": "/media/NFS/ttao/scannet/posed_images/scene0161_00/00007.jpg",
      "transform_matrix": [
        [
          0.593319,
          0.493559,
          -0.635902,
          3.45318
        ],
        [
          0.804854,
          -0.350511,
          0.478907,
          1.109725
        ],
        [
          0.013478,
          -0.795953,
          -0.605208,
          1.411057
        ],
        [
          0.0,
          0.0,
          0.0,
          1.0
        ]
      ]
    },
    {
      "file_path": "/media/NFS/ttao/scannet/posed_images/scene0161_00/00008.jpg",
      "transform_matrix": [
        [
          0.593148,
          0.494159,
          -0.635596,
          3.450842
        ],
        [
          0.804978,
          -0.350632,
          0.478611,
          1.108249
        ],
        [
          0.01365,
          -0.795528,
          -0.605763,
          1.411805
        ],
        [
          0.0,
          0.0,
          0.0,
          1.0
        ]
      ]
    },
    {
      "file_path": "/media/NFS/ttao/scannet/posed_images/scene0161_00/00009.jpg",
      "transform_matrix": [
        [
          0.59137,
          0.494753,
          -0.636789,
          3.452706
        ],
        [
          0.806303,
          -0.350525,
          0.476453,
          1.109482
        ],
        [
          0.012516,
          -0.795205,
          -0.606211,
          1.412867
        ],
        [
          0.0,
          0.0,
          0.0,
          1.0
        ]
      ]
    },
    {
      "file_path": "/media/NFS/ttao/scannet/posed_images/scene0161_00/00010.jpg",
      "transform_matrix": [
        [
          0.589147,
          0.494961,
          -0.638686,
          3.45074
        ],
        [
          0.807956,
          -0.350422,
          0.473722,
          1.11151
        ],
        [
          0.010664,
          -0.795122,
          -0.606356,
          1.413343
        ],
        [
          0.0,
          0.0,
          0.0,
          1.0
        ]
      ]
    },
    {
      "file_path": "/media/NFS/ttao/scannet/posed_images/scene0161_00/00011.jpg",
      "transform_matrix": [
        [
          0.589012,
          0.495254,
          -0.638583,
          3.448632
        ],
        [
          0.808055,
          -0.350606,
          0.473415,
          1.106383
        ],
        [
          0.010569,
          -0.794858,
          -0.606704,
          1.415472
        ],
        [
          0.0,
          0.0,
          0.0,
          1.0
        ]
      ]
    },
    {
      "file_path": "/media/NFS/ttao/scannet/posed_images/scene0161_00/00012.jpg",
      "transform_matrix": [
        [
          0.587222,
          0.495264,
          -0.640222,
          3.449702
        ],
        [
          0.809376,
          -0.350492,
          0.471239,
          1.108066
        ],
        [
          0.008995,
          -0.794902,
          -0.606671,
          1.416897
        ],
        [
          0.0,
          0.0,
          0.0,
          1.0
        ]
      ]
    },
    {
      "file_path": "/media/NFS/ttao/scannet/posed_images/scene0161_00/00013.jpg",
      "transform_matrix": [
        [
          0.585267,
          0.495143,
          -0.642103,
          3.449181
        ],
        [
          0.810803,
          -0.349774,
          0.469315,
          1.110069
        ],
        [
          0.007787,
          -0.795294,
          -0.606175,
          1.418985
        ],
        [
          0.0,
          0.0,
          0.0,
          1.0
        ]
      ]
    },
    {
      "file_path": "/media/NFS/ttao/scannet/posed_images/scene0161_00/00014.jpg",
      "transform_matrix": [
        [
          0.584419,
          0.494613,
          -0.643282,
          3.448027
        ],
        [
          0.811426,
          -0.349831,
          0.468196,
          1.109358
        ],
        [
          0.006536,
          -0.795598,
          -0.60579,
          1.422426
        ],
        [
          0.0,
          0.0,
          0.0,
          1.0
        ]
      ]
    },
    {
      "file_path": "/media/NFS/ttao/scannet/posed_images/scene0161_00/00015.jpg",
      "transform_matrix": [
        [
          0.581963,
          0.49322,
          -0.646571,
          3.448787
        ],
        [
          0.81321,
          -0.350016,
          0.464951,
          1.114704
        ],
        [
          0.003013,
          -0.796382,
          -0.604787,
          1.428455
        ],
        [
          0.0,
          0.0,
          0.0,
          1.0
        ]
      ]
    },
    {
      "file_path": "/media/NFS/ttao/scannet/posed_images/scene0161_00/00016.jpg",
      "transform_matrix": [
        [
          0.579989,
          0.483381,
          -0.65571,
          3.446997
        ],
        [
          0.814624,
          -0.344723,
          0.466427,
          1.116597
        ],
        [
          -0.000576,
          -0.804679,
          -0.59371,
          1.435372
        ],
        [
          0.0,
          0.0,
          0.0,
          1.0
        ]
      ]
    },
    {
      "file_path": "/media/NFS/ttao/scannet/posed_images/scene0161_00/00017.jpg",
      "transform_matrix": [
        [
          0.578733,
          0.478254,
          -0.660562,
          3.449393
        ],
        [
          0.815517,
          -0.3387,
          0.469271,
          1.117179
        ],
        [
          0.000699,
          -0.810282,
          -0.58604,
          1.43771
        ],
        [
          0.0,
          0.0,
          0.0,
          1.0
        ]
      ]
    },
    {
      "file_path": "/media/NFS/ttao/scannet/posed_images/scene0161_00/00018.jpg",
      "transform_matrix": [
        [
          0.578825,
          0.473274,
          -0.664059,
          3.45261
        ],
        [
          0.815451,
          -0.336911,
          0.47067,
          1.119386
        ],
        [
          -0.000973,
          -0.813943,
          -0.580944,
          1.44142
        ],
        [
          0.0,
          0.0,
          0.0,
          1.0
        ]
      ]
    },
    {
      "file_path": "/media/NFS/ttao/scannet/posed_images/scene0161_00/00019.jpg",
      "transform_matrix": [
        [
          0.576989,
          0.471066,
          -0.667219,
          3.454959
        ],
        [
          0.816751,
          -0.331573,
          0.472204,
          1.124914
        ],
        [
          0.001207,
          -0.817408,
          -0.576058,
          1.443318
        ],
        [
          0.0,
          0.0,
          0.0,
          1.0
        ]
      ]
    },
    {
      "file_path": "/media/NFS/ttao/scannet/posed_images/scene0161_00/00020.jpg",
      "transform_matrix": [
        [
          0.580429,
          0.468547,
          -0.666008,
          3.453478
        ],
        [
          0.814305,
          -0.330714,
          0.477008,
          1.122084
        ],
        [
          0.003243,
          -0.819202,
          -0.573495,
          1.448773
        ],
        [
          0.0,
          0.0,
          0.0,
          1.0
        ]
      ]
    },
    {
      "file_path": "/media/NFS/ttao/scannet/posed_images/scene0161_00/00021.jpg",
      "transform_matrix": [
        [
          0.581574,
          0.466726,
          -0.666288,
          3.45063
        ],
        [
          0.81348,
          -0.32889,
          0.479668,
          1.122783
        ],
        [
          0.004738,
          -0.820974,
          -0.570946,
          1.455816
        ],
        [
          0.0,
          0.0,
          0.0,
          1.0
        ]
      ]
    },
    {
      "file_path": "/media/NFS/ttao/scannet/posed_images/scene0161_00/00022.jpg",
      "transform_matrix": [
        [
          0.580113,
          0.463749,
          -0.669631,
          3.451902
        ],
        [
          0.814526,
          -0.326217,
          0.479719,
          1.128704
        ],
        [
          0.004024,
          -0.823723,
          -0.566978,
          1.459321
        ],
        [
          0.0,
          0.0,
          0.0,
          1.0
        ]
      ]
    },
    {
      "file_path": "/media/NFS/ttao/scannet/posed_images/scene0161_00/00023.jpg",
      "transform_matrix": [
        [
          0.580541,
          0.458874,
          -0.672612,
          3.451452
        ],
        [
          0.814228,
          -0.324784,
          0.481196,
          1.130077
        ],
        [
          0.002355,
          -0.827013,
          -0.562178,
          1.463072
        ],
        [
          0.0,
          0.0,
          0.0,
          1.0
        ]
      ]
    },
    {
      "file_path": "/media/NFS/ttao/scannet/posed_images/scene0161_00/00024.jpg",
      "transform_matrix": [
        [
          0.580286,
          0.455388,
          -0.675196,
          3.450759
        ],
        [
          0.814406,
          -0.320902,
          0.483493,
          1.1282
        ],
        [
          0.003505,
          -0.830448,
          -0.557086,
          1.464547
        ],
        [
          0.0,
          0.0,
          0.0,
          1.0
        ]
      ]
    },
    {
      "file_path": "/media/NFS/ttao/scannet/posed_images/scene0161_00/00025.jpg",
      "transform_matrix": [
        [
          0.579679,
          0.451767,
          -0.678144,
          3.452021
        ],
        [
          0.814843,
          -0.319621,
          0.483604,
          1.13047
        ],
        [
          0.001727,
          -0.832916,
          -0.553397,
          1.467188
        ],
        [
          0.0,
          0.0,
          0.0,
          1.0
        ]
      ]
    },
    {
      "file_path": "/media/NFS/ttao/scannet/posed_images/scene0161_00/00026.jpg",
      "transform_matrix": [
        [
          0.577383,
          0.448808,
          -0.682056,
          3.452906
        ],
        [
          0.816472,
          -0.315459,
          0.483591,
          1.131523
        ],
        [
          0.001879,
          -0.836096,
          -0.54858,
          1.469758
        ],
        [
          0.0,
          0.0,
          0.0,
          1.0
        ]
      ]
    },
    {
      "file_path": "/media/NFS/ttao/scannet/posed_images/scene0161_00/00027.jpg",
      "transform_matrix": [
        [
          0.577843,
          0.445122,
          -0.684079,
          3.45186
        ],
        [
          0.816147,
          -0.313783,
          0.485226,
          1.129958
        ],
        [
          0.001333,
          -0.838693,
          -0.544603,
          1.474078
        ],
        [
          0.0,
          0.0,
          0.0,
          1.0
        ]
      ]
    },
    {
      "file_path": "/media/NFS/ttao/scannet/posed_images/scene0161_00/00028.jpg",
      "transform_matrix": [
        [
          0.576819,
          0.441193,
          -0.68748,
          3.453088
        ],
        [
          0.816871,
          -0.30991,
          0.486496,
          1.131621
        ],
        [
          0.001582,
          -0.842202,
          -0.53916,
          1.475426
        ],
        [
          0.0,
          0.0,
          0.0,
          1.0
        ]
      ]
    },
    {
      "file_path": "/media/NFS/ttao/scannet/posed_images/scene0161_00/00029.jpg",
      "transform_matrix": [
        [
          0.577113,
          0.436812,
          -0.690026,
          3.454764
        ],
        [
          0.816664,
          -0.309748,
          0.486946,
          1.135134
        ],
        [
          -0.00103,
          -0.844542,
          -0.535489,
          1.478477
        ],
        [
          0.0,
          0.0,
          0.0,
          1.0
        ]
      ]
    },
    {
      "file_path": "/media/NFS/ttao/scannet/posed_images/scene0161_00/00030.jpg",
      "transform_matrix": [
        [
          0.57671,
          0.433132,
          -0.692678,
          3.459043
        ],
        [
          0.816949,
          -0.304904,
          0.489519,
          1.132836
        ],
        [
          0.000826,
          -0.848193,
          -0.529687,
          1.478017
        ],
        [
          0.0,
          0.0,
          0.0,
          1.0
        ]
      ]
    },
    {
      "file_path": "/media/NFS/ttao/scannet/posed_images/scene0161_00/00031.jpg",
      "transform_matrix": [
        [
          0.575621,
          0.433072,
          -0.69362,
          3.457706
        ],
        [
          0.817715,
          -0.30332,
          0.489223,
          1.137293
        ],
        [
          0.00148,
          -0.848791,
          -0.528727,
          1.486184
        ],
        [
          0.0,
          0.0,
          0.0,
          1.0
        ]
      ]
    },
    {
      "file_path": "/media/NFS/ttao/scannet/posed_images/scene0161_00/00032.jpg",
      "transform_matrix": [
        [
          0.576085,
          0.42885,
          -0.695855,
          3.456545
        ],
        [
          0.81739,
          -0.301581,
          0.490839,
          1.138022
        ],
        [
          0.00064,
          -0.85155,
          -0.524274,
          1.486588
        ],
        [
          0.0,
          0.0,
          0.0,
          1.0
        ]
      ]
    },
    {
      "file_path": "/media/NFS/ttao/scannet/posed_images/scene0161_00/00033.jpg",
      "transform_matrix": [
        [
          0.5759,
          0.425652,
          -0.697968,
          3.456418
        ],
        [
          0.817515,
          -0.296815,
          0.493529,
          1.136457
        ],
        [
          0.002904,
          -0.854823,
          -0.518913,
          1.490955
        ],
        [
          0.0,
          0.0,
          0.0,
          1.0
        ]
      ]
    },
    {
      "file_path": "/media/NFS/ttao/scannet/posed_images/scene0161_00/00034.jpg",
      "transform_matrix": [
        [
          0.575696,
          0.421069,
          -0.70091,
          3.457511
        ],
        [
          0.817658,
          -0.293145,
          0.495481,
          1.140539
        ],
        [
          0.003164,
          -0.858351,
          -0.513053,
          1.492879
        ],
        [
          0.0,
          0.0,
          0.0,
          1.0
        ]
      ]
    },
    {
      "file_path": "/media/NFS/ttao/scannet/posed_images/scene0161_00/00035.jpg",
      "transform_matrix": [
        [
          0.574946,
          0.417851,
          -0.703448,
          3.459259
        ],
        [
          0.818178,
          -0.288547,
          0.497319,
          1.144574
        ],
        [
          0.004828,
          -0.861476,
          -0.507775,
          1.495168
        ],
        [
          0.0,
          0.0,
          0.0,
          1.0
        ]
      ]
    },
    {
      "file_path": "/media/NFS/ttao/scannet/posed_images/scene0161_00/00036.jpg",
      "transform_matrix": [
        [
          0.575498,
          0.414251,
          -0.705123,
          3.461439
        ],
        [
          0.817788,
          -0.28621,
          0.499307,
          1.145993
        ],
        [
          0.005026,
          -0.863991,
          -0.503483,
          1.495654
        ],
        [
          0.0,
          0.0,
          0.0,
          1.0
        ]
      ]
    },
    {
      "file_path": "/media/NFS/ttao/scannet/posed_images/scene0161_00/00037.jpg",
      "transform_matrix": [
        [
          0.577236,
          0.41216,
          -0.704928,
          3.461173
        ],
        [
          0.816541,
          -0.283177,
          0.503062,
          1.143859
        ],
        [
          0.007722,
          -0.865988,
          -0.500005,
          1.495757
        ],
        [
          0.0,
          0.0,
          0.0,
          1.0
        ]
      ]
    },
    {
      "file_path": "/media/NFS/ttao/scannet/posed_images/scene0161_00/00038.jpg",
      "transform_matrix": [
        [
          0.576736,
          0.41153,
          -0.705705,
          3.464037
        ],
        [
          0.816872,
          -0.280104,
          0.504245,
          1.147478
        ],
        [
          0.009841,
          -0.867286,
          -0.497713,
          1.498048
        ],
        [
          0.0,
          0.0,
          0.0,
          1.0
        ]
      ]
    },
    {
      "file_path": "/media/NFS/ttao/scannet/posed_images/scene0161_00/00039.jpg",
      "transform_matrix": [
        [
          0.576592,
          0.410769,
          -0.706266,
          3.465916
        ],
        [
          0.816975,
          -0.279625,
          0.504343,
          1.148173
        ],
        [
          0.009679,
          -0.867801,
          -0.496817,
          1.498062
        ],
        [
          0.0,
          0.0,
          0.0,
          1.0
        ]
      ]
    },
    {
      "file_path": "/media/NFS/ttao/scannet/posed_images/scene0161_00/00040.jpg",
      "transform_matrix": [
        [
          0.577174,
          0.409236,
          -0.706679,
          3.467113
        ],
        [
          0.816543,
          -0.277236,
          0.506358,
          1.144354
        ],
        [
          0.011303,
          -0.869291,
          -0.494172,
          1.493295
        ],
        [
          0.0,
          0.0,
          0.0,
          1.0
        ]
      ]
    },
    {
      "file_path": "/media/NFS/ttao/scannet/posed_images/scene0161_00/00041.jpg",
      "transform_matrix": [
        [
          0.577653,
          0.407963,
          -0.707024,
          3.468789
        ],
        [
          0.81619,
          -0.275579,
          0.50783,
          1.141819
        ],
        [
          0.012335,
          -0.870415,
          -0.492164,
          1.488162
        ],
        [
          0.0,
          0.0,
          0.0,
          1.0
        ]
      ]
    },
    {
      "file_path": "/media/NFS/ttao/scannet/posed_images/scene0161_00/00042.jpg",
      "transform_matrix": [
        [
          0.575672,
          0.409273,
          -0.707882,
          3.47123
        ],
        [
          0.817579,
          -0.274432,
          0.506213,
          1.143967
        ],
        [
          0.012914,
          -0.870162,
          -0.492596,
          1.486512
        ],
        [
          0.0,
          0.0,
          0.0,
          1.0
        ]
      ]
    },
    {
      "file_path": "/media/NFS/ttao/scannet/posed_images/scene0161_00/00043.jpg",
      "transform_matrix": [
        [
          0.572753,
          0.413477,
          -0.707807,
          3.471005
        ],
        [
          0.819613,
          -0.274392,
          0.502935,
          1.144682
        ],
        [
          0.013735,
          -0.868186,
          -0.49605,
          1.487608
        ],
        [
          0.0,
          0.0,
          0.0,
          1.0
        ]
      ]
    },
    {
      "file_path": "/media/NFS/ttao/scannet/posed_images/scene0161_00/00044.jpg",
      "transform_matrix": [
        [
          0.56575,
          0.419895,
          -0.709659,
          3.476176
        ],
        [
          0.824481,
          -0.27493,
          0.494616,
          1.148039
        ],
        [
          0.012581,
          -0.864929,
          -0.501737,
          1.481909
        ],
        [
          0.0,
          0.0,
          0.0,
          1.0
        ]
      ]
    },
    {
      "file_path": "/media/NFS/ttao/scannet/posed_images/scene0161_00/00045.jpg",
      "transform_matrix": [
        [
          0.563632,
          0.424543,
          -0.708578,
          3.476852
        ],
        [
          0.825914,
          -0.275492,
          0.491905,
          1.146407
        ],
        [
          0.013627,
          -0.862478,
          -0.505912,
          1.480773
        ],
        [
          0.0,
          0.0,
          0.0,
          1.0
        ]
      ]
    },
    {
      "file_path": "/media/NFS/ttao/scannet/posed_images/scene0161_00/00046.jpg",
      "transform_matrix": [
        [
          0.56217,
          0.429273,
          -0.706888,
          3.478458
        ],
        [
          0.82687,
          -0.275342,
          0.490381,
          1.14459
        ],
        [
          0.015871,
          -0.860181,
          -0.509742,
          1.476605
        ],
        [
          0.0,
          0.0,
          0.0,
          1.0
        ]
      ]
    },
    {
      "file_path": "/media/NFS/ttao/scannet/posed_images/scene0161_00/00047.jpg",
      "transform_matrix": [
        [
          0.559377,
          0.435742,
          -0.705143,
          3.484
        ],
        [
          0.828729,
          -0.276044,
          0.486835,
          1.147684
        ],
        [
          0.017484,
          -0.856696,
          -0.515525,
          1.472933
        ],
        [
          0.0,
          0.0,
          0.0,
          1.0
        ]
      ]
    },
    {
      "file_path": "/media/NFS/ttao/scannet/posed_images/scene0161_00/00048.jpg",
      "transform_matrix": [
        [
          0.559505,
          0.440732,
          -0.701932,
          3.487058
        ],
        [
          0.828659,
          -0.280395,
          0.484463,
          1.150159
        ],
        [
          0.0167,
          -0.852722,
          -0.522099,
          1.466436
        ],
        [
          0.0,
          0.0,
          0.0,
          1.0
        ]
      ]
    },
    {
      "file_path": "/media/NFS/ttao/scannet/posed_images/scene0161_00/00049.jpg",
      "transform_matrix": [
        [
          0.557251,
          0.450506,
          -0.697507,
          3.489933
        ],
        [
          0.830155,
          -0.284342,
          0.479575,
          1.155522
        ],
        [
          0.017721,
          -0.846282,
          -0.53244,
          1.46539
        ],
        [
          0.0,
          0.0,
          0.0,
          1.0
        ]
      ]
    },
    {
      "file_path": "/media/NFS/ttao/scannet/posed_images/scene0161_00/00050.jpg",
      "transform_matrix": [
        [
          0.555658,
          0.456582,
          -0.694821,
          3.489206
        ],
        [
          0.831282,
          -0.29038,
          0.473973,
          1.161564
        ],
        [
          0.014645,
          -0.840959,
          -0.5409,
          1.460922
        ],
        [
          0.0,
          0.0,
          0.0,
          1.0
        ]
      ]
    },
    {
      "file_path": "/media/NFS/ttao/scannet/posed_images/scene0161_00/00051.jpg",
      "transform_matrix": [
        [
          0.554341,
          0.46399,
          -0.690956,
          3.492952
        ],
        [
          0.832168,
          -0.294764,
          0.469693,
          1.164397
        ],
        [
          0.014264,
          -0.835361,
          -0.549517,
          1.458676
        ],
        [
          0.0,
          0.0,
          0.0,
          1.0
        ]
      ]
    },
    {
      "file_path": "/media/NFS/ttao/scannet/posed_images/scene0161_00/00052.jpg",
      "transform_matrix": [
        [
          0.554833,
          0.469801,
          -0.68662,
          3.494772
        ],
        [
          0.831851,
          -0.2998,
          0.467059,
          1.168531
        ],
        [
          0.013575,
          -0.830306,
          -0.557143,
          1.454247
        ],
        [
          0.0,
          0.0,
          0.0,
          1.0
        ]
      ]
    },
    {
      "file_path": "/media/NFS/ttao/scannet/posed_images/scene0161_00/00053.jpg",
      "transform_matrix": [
        [
          0.555654,
          0.476032,
          -0.681647,
          3.49404
        ],
        [
          0.831301,
          -0.304597,
          0.46493,
          1.171857
        ],
        [
          0.013694,
          -0.824994,
          -0.564976,
          1.45456
        ],
        [
          0.0,
          0.0,
          0.0,
          1.0
        ]
      ]
    },
    {
      "file_path": "/media/NFS/ttao/scannet/posed_images/scene0161_00/00054.jpg",
      "transform_matrix": [
        [
          0.555118,
          0.480085,
          -0.679237,
          3.497789
        ],
        [
          0.831649,
          -0.306333,
          0.463164,
          1.175728
        ],
        [
          0.014285,
          -0.821997,
          -0.569312,
          1.450132
        ],
        [
          0.0,
          0.0,
          0.0,
          1.0
        ]
      ]
    },
    {
      "file_path": "/media/NFS/ttao/scannet/posed_images/scene0161_00/00055.jpg",
      "transform_matrix": [
        [
          0.556001,
          0.48126,
          -0.677681,
          3.501752
        ],
        [
          0.831124,
          -0.31231,
          0.460104,
          1.180154
        ],
        [
          0.009783,
          -0.819055,
          -0.573632,
          1.44426
        ],
        [
          0.0,
          0.0,
          0.0,
          1.0
        ]
      ]
    },
    {
      "file_path": "/media/NFS/ttao/scannet/posed_images/scene0161_00/00056.jpg",
      "transform_matrix": [
        [
          0.554965,
          0.483646,
          -0.676831,
          3.504626
        ],
        [
          0.831865,
          -0.31893,
          0.454184,
          1.187258
        ],
        [
          0.003802,
          -0.815089,
          -0.579324,
          1.443306
        ],
        [
          0.0,
          0.0,
          0.0,
          1.0
        ]
      ]
    },
    {
      "file_path": "/media/NFS/ttao/scannet/posed_images/scene0161_00/00057.jpg",
      "transform_matrix": [
        [
          0.556103,
          0.483693,
          -0.675863,
          3.506337
        ],
        [
          0.831114,
          -0.323424,
          0.45238,
          1.189323
        ],
        [
          0.000222,
          -0.813289,
          -0.58186,
          1.441177
        ],
        [
          0.0,
          0.0,
          0.0,
          1.0
        ]
      ]
    },
    {
      "file_path": "/media/NFS/ttao/scannet/posed_images/scene0161_00/00058.jpg",
      "transform_matrix": [
        [
          0.555221,
          0.48632,
          -0.674701,
          3.521044
        ],
        [
          0.831679,
          -0.33082,
          0.445947,
          1.210238
        ],
        [
          -0.006332,
          -0.808734,
          -0.588141,
          1.422368
        ],
        [
          0.0,
          0.0,
          0.0,
          1.0
        ]
      ]
    },
    {
      "file_path": "/media/NFS/ttao/scannet/posed_images/scene0161_00/00059.jpg",
      "transform_matrix": [
        [
          0.55602,
          0.491485,
          -0.670287,
          3.523268
        ],
        [
          0.831146,
          -0.33474,
          0.444011,
          1.217806
        ],
        [
          -0.006147,
          -0.803985,
          -0.594618,
          1.420033
        ],
        [
          0.0,
          0.0,
          0.0,
          1.0
        ]
      ]
    },
    {
      "file_path": "/media/NFS/ttao/scannet/posed_images/scene0161_00/00060.jpg",
      "transform_matrix": [
        [
          0.552901,
          0.494736,
          -0.670475,
          3.527356
        ],
        [
          0.833213,
          -0.335519,
          0.439525,
          1.231609
        ],
        [
          -0.007509,
          -0.801663,
          -0.597729,
          1.413755
        ],
        [
          0.0,
          0.0,
          0.0,
          1.0
        ]
      ]
    },
    {
      "file_path": "/media/NFS/ttao/scannet/posed_images/scene0161_00/00061.jpg",
      "transform_matrix": [
        [
          0.556014,
          0.495544,
          -0.667297,
          3.52787
        ],
        [
          0.831123,
          -0.340251,
          0.439845,
          1.23905
        ],
        [
          -0.009086,
          -0.799165,
          -0.601042,
          1.411354
        ],
        [
          0.0,
          0.0,
          0.0,
          1.0
        ]
      ]
    },
    {
      "file_path": "/media/NFS/ttao/scannet/posed_images/scene0161_00/00062.jpg",
      "transform_matrix": [
        [
          0.559383,
          0.496012,
          -0.664126,
          3.529825
        ],
        [
          0.828858,
          -0.343618,
          0.441499,
          1.248211
        ],
        [
          -0.009217,
          -0.797433,
          -0.603337,
          1.410248
        ],
        [
          0.0,
          0.0,
          0.0,
          1.0
        ]
      ]
    },
    {
      "file_path": "/media/NFS/ttao/scannet/posed_images/scene0161_00/00063.jpg",
      "transform_matrix": [
        [
          0.562187,
          0.495724,
          -0.66197,
          3.532116
        ],
        [
          0.826976,
          -0.344312,
          0.444478,
          1.259943
        ],
        [
          -0.007586,
          -0.797313,
          -0.603519,
          1.409581
        ],
        [
          0.0,
          0.0,
          0.0,
          1.0
        ]
      ]
    },
    {
      "file_path": "/media/NFS/ttao/scannet/posed_images/scene0161_00/00064.jpg",
      "transform_matrix": [
        [
          0.564407,
          0.493423,
          -0.6618,
          3.535985
        ],
        [
          0.825468,
          -0.344038,
          0.447482,
          1.274755
        ],
        [
          -0.006887,
          -0.798857,
          -0.601482,
          1.406375
        ],
        [
          0.0,
          0.0,
          0.0,
          1.0
        ]
      ]
    },
    {
      "file_path": "/media/NFS/ttao/scannet/posed_images/scene0161_00/00065.jpg",
      "transform_matrix": [
        [
          0.564988,
          0.492936,
          -0.661667,
          3.53985
        ],
        [
          0.825081,
          -0.342933,
          0.449043,
          1.285851
        ],
        [
          -0.005558,
          -0.799632,
          -0.600464,
          1.402057
        ],
        [
          0.0,
          0.0,
          0.0,
          1.0
        ]
      ]
    },
    {
      "file_path": "/media/NFS/ttao/scannet/posed_images/scene0161_00/00066.jpg",
      "transform_matrix": [
        [
          0.567584,
          0.493192,
          -0.659249,
          3.542264
        ],
        [
          0.823311,
          -0.342738,
          0.452427,
          1.295243
        ],
        [
          -0.002816,
          -0.799558,
          -0.600583,
          1.395478
        ],
        [
          0.0,
          0.0,
          0.0,
          1.0
        ]
      ]
    },
    {
      "file_path": "/media/NFS/ttao/scannet/posed_images/scene0161_00/00067.jpg",
      "transform_matrix": [
        [
          0.568218,
          0.496003,
          -0.656589,
          3.54516
        ],
        [
          0.822878,
          -0.343328,
          0.452767,
          1.307879
        ],
        [
          -0.000852,
          -0.797563,
          -0.603235,
          1.389081
        ],
        [
          0.0,
          0.0,
          0.0,
          1.0
        ]
      ]
    },
    {
      "file_path": "/media/NFS/ttao/scannet/posed_images/scene0161_00/00068.jpg",
      "transform_matrix": [
        [
          0.570359,
          0.500949,
          -0.650953,
          3.544586
        ],
        [
          0.821394,
          -0.346669,
          0.452915,
          1.316553
        ],
        [
          0.001222,
          -0.793014,
          -0.609203,
          1.38399
        ],
        [
          0.0,
          0.0,
          0.0,
          1.0
        ]
      ]
    },
    {
      "file_path": "/media/NFS/ttao/scannet/posed_images/scene0161_00/00069.jpg",
      "transform_matrix": [
        [
          0.567899,
          0.508291,
          -0.647403,
          3.544959
        ],
        [
          0.823095,
          -0.348467,
          0.448425,
          1.335032
        ],
        [
          0.002332,
          -0.787535,
          -0.616266,
          1.381275
        ],
        [
          0.0,
          0.0,
          0.0,
          1.0
        ]
      ]
    },
    {
      "file_path": "/media/NFS/ttao/scannet/posed_images/scene0161_00/00070.jpg",
      "transform_matrix": [
        [
          0.557851,
          0.521155,
          -0.645911,
          3.54491
        ],
        [
          0.829936,
          -0.347493,
          0.436412,
          1.372767
        ],
        [
          0.002989,
          -0.779517,
          -0.626374,
          1.377961
        ],
        [
          0.0,
          0.0,
          0.0,
          1.0
        ]
      ]
    },
    {
      "file_path": "/media/NFS/ttao/scannet/posed_images/scene0161_00/00071.jpg",
      "transform_matrix": [
        [
          0.552953,
          0.525704,
          -0.646435,
          3.54481
        ],
        [
          0.833193,
          -0.343526,
          0.433336,
          1.387167
        ],
        [
          0.005739,
          -0.778219,
          -0.627966,
          1.374309
        ],
        [
          0.0,
          0.0,
          0.0,
          1.0
        ]
      ]
    },
    {
      "file_path": "/media/NFS/ttao/scannet/posed_images/scene0161_00/00072.jpg",
      "transform_matrix": [
        [
          0.545528,
          0.530159,
          -0.6491,
          3.543262
        ],
        [
          0.83807,
          -0.339301,
          0.427217,
          1.405704
        ],
        [
          0.006253,
          -0.77705,
          -0.629408,
          1.373605
        ],
        [
          0.0,
          0.0,
          0.0,
          1.0
        ]
      ]
    },
    {
      "file_path": "/media/NFS/ttao/scannet/posed_images/scene0161_00/00073.jpg",
      "transform_matrix": [
        [
          0.535886,
          0.533039,
          -0.654749,
          3.541343
        ],
        [
          0.84427,
          -0.33296,
          0.419935,
          1.424173
        ],
        [
          0.005836,
          -0.777822,
          -0.628457,
          1.368587
        ],
        [
          0.0,
          0.0,
          0.0,
          1.0
        ]
      ]
    },
    {
      "file_path": "/media/NFS/ttao/scannet/posed_images/scene0161_00/00074.jpg",
      "transform_matrix": [
        [
          0.522269,
          0.538096,
          -0.66158,
          3.540488
        ],
        [
          0.852778,
          -0.327342,
          0.406962,
          1.449393
        ],
        [
          0.002422,
          -0.776724,
          -0.629837,
          1.367884
        ],
        [
          0.0,
          0.0,
          0.0,
          1.0
        ]
      ]
    },
    {
      "file_path": "/media/NFS/ttao/scannet/posed_images/scene0161_00/00075.jpg",
      "transform_matrix": [
        [
          0.508252,
          0.543145,
          -0.668336,
          3.537843
        ],
        [
          0.861205,
          -0.318378,
          0.396184,
          1.471108
        ],
        [
          0.002402,
          -0.776936,
          -0.629575,
          1.366325
        ],
        [
          0.0,
          0.0,
          0.0,
          1.0
        ]
      ]
    },
    {
      "file_path": "/media/NFS/ttao/scannet/posed_images/scene0161_00/00076.jpg",
      "transform_matrix": [
        [
          0.495184,
          0.548261,
          -0.673945,
          3.534693
        ],
        [
          0.868761,
          -0.306367,
          0.389094,
          1.490544
        ],
        [
          0.00685,
          -0.77817,
          -0.628016,
          1.363932
        ],
        [
          0.0,
          0.0,
          0.0,
          1.0
        ]
      ]
    },
    {
      "file_path": "/media/NFS/ttao/scannet/posed_images/scene0161_00/00077.jpg",
      "transform_matrix": [
        [
          0.482151,
          0.553587,
          -0.679023,
          3.533625
        ],
        [
          0.875993,
          -0.293219,
          0.38296,
          1.510978
        ],
        [
          0.012899,
          -0.779464,
          -0.626314,
          1.358127
        ],
        [
          0.0,
          0.0,
          0.0,
          1.0
        ]
