{
  "frames": [
    {
      "file_path": "/media/NFS/ttao/scannet/posed_images/scene0092_01/00002.jpg",
      "transform_matrix": [
        [
          -0.974978,
          -0.049644,
          0.21669,
          3.551792
        ],
        [
          -0.215453,
          0.451148,
          -0.866052,
          2.254838
        ],
        [
          -0.054765,
          -0.891067,
          -0.450555,
          1.334827
        ],
        [
          0.0,
          0.0,
          0.0,
          1.0
        ]
      ]
    },
    {
      "file_path": "/media/NFS/ttao/scannet/posed_images/scene0092_01/00006.jpg",
      "transform_matrix": [
        [
          -0.976761,
          -0.052643,
          0.207766,
          3.554582
        ],
        [
          -0.208761,
          0.453238,
          -0.866599,
          2.252952
        ],
        [
          -0.048547,
          -0.889834,
          -0.453695,
          1.334743
        ],
        [
          0.0,
          0.0,
          0.0,
          1.0
        ]
      ]
    },
    {
      "file_path": "/media/NFS/ttao/scannet/posed_images/scene0092_01/00012.jpg",
      "transform_matrix": [
        [
          -0.992398,
          -0.016503,
          0.121959,
          3.530368
        ],
        [
          -0.115593,
          0.465156,
          -0.877649,
          2.236926
        ],
        [
          -0.042246,
          -0.885075,
          -0.463527,
          1.340534
        ],
        [
          0.0,
          0.0,
          0.0,
          1.0
        ]
      ]
    },
    {
      "file_path": "/media/NFS/ttao/scannet/posed_images/scene0092_01/00020.jpg",
      "transform_matrix": [
        [
          -0.994978,
          0.090454,
          -0.042868,
          3.465732
        ],
        [
          0.081752,
          0.487206,
          -0.869452,
          2.2314
        ],
        [
          -0.05776,
          -0.86859,
          -0.492154,
          1.316925
        ],
        [
          0.0,
          0.0,
          0.0,
          1.0
        ]
      ]
    },
    {
      "file_path": "/media/NFS/ttao/scannet/posed_images/scene0092_01/00026.jpg",
      "transform_matrix": [
        [
          -0.986487,
          0.136441,
          -0.090707,
          3.454315
        ],
        [
          0.150033,
          0.529825,
          -0.834731,
          2.224131
        ],
        [
          -0.065833,
          -0.83706,
          -0.543136,
          1.295991
        ],
        [
          0.0,
          0.0,
          0.0,
          1.0
        ]
      ]
    },
    {
      "file_path": "/media/NFS/ttao/scannet/posed_images/scene0092_01/00034.jpg",
      "transform_matrix": [
        [
          -0.984523,
          0.153076,
          -0.085336,
          3.43534
        ],
        [
          0.158913,
          0.574422,
          -0.802986,
          2.223016
        ],
        [
          -0.073899,
          -0.804119,
          -0.589858,
          1.276218
        ],
        [
          0.0,
          0.0,
          0.0,
          1.0
        ]
      ]
    },
    {
      "file_path": "/media/NFS/ttao/scannet/posed_images/scene0092_01/00045.jpg",
      "transform_matrix": [
        [
          -0.971732,
          0.171074,
          -0.162697,
          3.40658
        ],
        [
          0.225582,
          0.469534,
          -0.853611,
          2.22923
        ],
        [
          -0.069638,
          -0.866182,
          -0.494852,
          1.340643
        ],
        [
          0.0,
          0.0,
          0.0,
          1.0
        ]
      ]
    },
    {
      "file_path": "/media/NFS/ttao/scannet/posed_images/scene0092_01/00051.jpg",
      "transform_matrix": [
        [
          -0.967183,
          0.153858,
          -0.202198,
          3.411636
        ],
        [
          0.247609,
          0.392315,
          -0.885878,
          2.243949
        ],
        [
          -0.056974,
          -0.906872,
          -0.417537,
          1.362662
        ],
        [
          0.0,
          0.0,
          0.0,
          1.0
        ]
      ]
    },
    {
      "file_path": "/media/NFS/ttao/scannet/posed_images/scene0092_01/00057.jpg",
      "transform_matrix": [
        [
          -0.968269,
          0.13747,
          -0.208703,
          3.413097
        ],
        [
          0.243926,
          0.338218,
          -0.908905,
          2.247871
        ],
        [
          -0.05436,
          -0.930973,
          -0.361019,
          1.398377
        ],
        [
          0.0,
          0.0,
          0.0,
          1.0
        ]
      ]
    },
    {
      "file_path": "/media/NFS/ttao/scannet/posed_images/scene0092_01/00065.jpg",
      "transform_matrix": [
        [
          -0.971649,
          0.118113,
          -0.20481,
          3.419442
        ],
        [
          0.230563,
          0.281637,
          -0.931408,
          2.265496
        ],
        [
          -0.052329,
          -0.952224,
          -0.300885,
          1.406062
        ],
        [
          0.0,
          0.0,
          0.0,
          1.0
        ]
      ]
    },
    {
      "file_path": "/media/NFS/ttao/scannet/posed_images/scene0092_01/00067.jpg",
      "transform_matrix": [
        [
          -0.971433,
          0.116571,
          -0.206711,
          3.421134
        ],
        [
          0.231708,
          0.277692,
          -0.932308,
          2.265717
        ],
        [
          -0.051278,
          -0.953571,
          -0.296769,
          1.410876
        ],
        [
          0.0,
          0.0,
          0.0,
          1.0
        ]
      ]
    },
    {
      "file_path": "/media/NFS/ttao/scannet/posed_images/scene0092_01/00077.jpg",
      "transform_matrix": [
        [
          -0.961894,
          0.120273,
          -0.24555,
          3.421602
        ],
        [
          0.268223,
          0.240747,
          -0.93279,
          2.275836
        ],
        [
          -0.053074,
          -0.963107,
          -0.263833,
          1.414356
        ],
        [
          0.0,
          0.0,
          0.0,
          1.0
        ]
      ]
    },
    {
      "file_path": "/media/NFS/ttao/scannet/posed_images/scene0092_01/00079.jpg",
      "transform_matrix": [
        [
          -0.959628,
          0.126244,
          -0.25135,
          3.418355
        ],
        [
          0.275676,
          0.244767,
          -0.929565,
          2.277598
        ],
        [
          -0.05583,
          -0.961328,
          -0.269688,
          1.40964
        ],
        [
          0.0,
          0.0,
          0.0,
          1.0
        ]
      ]
    },
    {
      "file_path": "/media/NFS/ttao/scannet/posed_images/scene0092_01/00091.jpg",
      "transform_matrix": [
        [
          -0.906038,
          0.217324,
          -0.363134,
          3.375589
        ],
        [
          0.419344,
          0.345517,
          -0.839505,
          2.259319
        ],
        [
          -0.056976,
          -0.912901,
          -0.404185,
          1.35841
        ],
        [
          0.0,
          0.0,
          0.0,
          1.0
        ]
      ]
    },
    {
      "file_path": "/media/NFS/ttao/scannet/posed_images/scene0092_01/00097.jpg",
      "transform_matrix": [
        [
          -0.870911,
          0.259953,
          -0.417061,
          3.350352
        ],
        [
          0.48898,
          0.373535,
          -0.78827,
          2.265806
        ],
        [
          -0.049126,
          -0.890447,
          -0.452427,
          1.328498
        ],
        [
          0.0,
          0.0,
          0.0,
          1.0
        ]
      ]
    },
    {
      "file_path": "/media/NFS/ttao/scannet/posed_images/scene0092_01/00105.jpg",
      "transform_matrix": [
        [
          -0.817572,
          0.319187,
          -0.479266,
          3.357473
        ],
        [
          0.573597,
          0.378274,
          -0.726564,
          2.276629
        ],
        [
          -0.050616,
          -0.868924,
          -0.492351,
          1.310378
        ],
        [
          0.0,
          0.0,
          0.0,
          1.0
        ]
      ]
    },
    {
      "file_path": "/media/NFS/ttao/scannet/posed_images/scene0092_01/00112.jpg",
      "transform_matrix": [
        [
          -0.755571,
          0.360941,
          -0.546658,
          3.439559
        ],
        [
          0.653157,
          0.351426,
          -0.670735,
          2.294178
        ],
        [
          -0.049986,
          -0.863841,
          -0.501278,
          1.302236
        ],
        [
          0.0,
          0.0,
          0.0,
          1.0
        ]
      ]
    },
    {
      "file_path": "/media/NFS/ttao/scannet/posed_images/scene0092_01/00114.jpg",
      "transform_matrix": [
        [
          -0.744471,
          0.369798,
          -0.555889,
          3.466538
        ],
        [
          0.665363,
          0.341996,
          -0.663575,
          2.2996
        ],
        [
          -0.055276,
          -0.86388,
          -0.500655,
          1.305659
        ],
        [
          0.0,
          0.0,
          0.0,
          1.0
        ]
      ]
    },
    {
      "file_path": "/media/NFS/ttao/scannet/posed_images/scene0092_01/00126.jpg",
      "transform_matrix": [
        [
          -0.735563,
          0.346578,
          -0.582091,
          3.610333
        ],
        [
          0.677119,
          0.34902,
          -0.647839,
          2.355443
        ],
        [
          -0.021366,
          -0.870671,
          -0.491401,
          1.326026
        ],
        [
          0.0,
          0.0,
          0.0,
          1.0
        ]
      ]
    },
    {
      "file_path": "/media/NFS/ttao/scannet/posed_images/scene0092_01/00128.jpg",
      "transform_matrix": [
        [
          -0.739918,
          0.338953,
          -0.581061,
          3.623428
        ],
        [
          0.672451,
          0.349369,
          -0.652495,
          2.363866
        ],
        [
          -0.018161,
          -0.873528,
          -0.486435,
          1.328116
        ],
        [
          0.0,
          0.0,
          0.0,
          1.0
        ]
      ]
    },
    {
      "file_path": "/media/NFS/ttao/scannet/posed_images/scene0092_01/00138.jpg",
      "transform_matrix": [
        [
          -0.798863,
          0.281907,
          -0.531363,
          3.704161
        ],
        [
          0.601241,
          0.347654,
          -0.719476,
          2.469213
        ],
        [
          -0.018095,
          -0.89424,
          -0.447222,
          1.334247
        ],
        [
          0.0,
          0.0,
          0.0,
          1.0
        ]
      ]
    },
    {
      "file_path": "/media/NFS/ttao/scannet/posed_images/scene0092_01/00144.jpg",
      "transform_matrix": [
        [
          -0.810955,
          0.26935,
          -0.519425,
          3.749401
        ],
        [
          0.584919,
          0.350655,
          -0.731376,
          2.554461
        ],
        [
          -0.014857,
          -0.896935,
          -0.441914,
          1.328037
        ],
        [
          0.0,
          0.0,
          0.0,
          1.0
        ]
      ]
    },
    {
      "file_path": "/media/NFS/ttao/scannet/posed_images/scene0092_01/00148.jpg",
      "transform_matrix": [
        [
          -0.798778,
          0.280121,
          -0.532435,
          3.763114
        ],
        [
          0.601315,
          0.343226,
          -0.721538,
          2.595336
        ],
        [
          -0.019372,
          -0.896509,
          -0.442602,
          1.333276
        ],
        [
          0.0,
          0.0,
          0.0,
          1.0
        ]
      ]
    },
    {
      "file_path": "/media/NFS/ttao/scannet/posed_images/scene0092_01/00154.jpg",
      "transform_matrix": [
        [
          -0.706605,
          0.315255,
          -0.633501,
          3.770502
        ],
        [
          0.707091,
          0.280377,
          -0.649162,
          2.636627
        ],
        [
          -0.027032,
          -0.906644,
          -0.42103,
          1.3434
        ],
        [
          0.0,
          0.0,
          0.0,
          1.0
        ]
      ]
    },
    {
      "file_path": "/media/NFS/ttao/scannet/posed_images/scene0092_01/00166.jpg",
      "transform_matrix": [
        [
          -0.474207,
          0.273659,
          -0.836803,
          3.775199
        ],
        [
          0.879384,
          0.193178,
          -0.435162,
          2.64059
        ],
        [
          0.042566,
          -0.942228,
          -0.332257,
          1.373515
        ],
        [
          0.0,
          0.0,
          0.0,
          1.0
        ]
      ]
    },
    {
      "file_path": "/media/NFS/ttao/scannet/posed_images/scene0092_01/00168.jpg",
      "transform_matrix": [
        [
          -0.473485,
          0.25667,
          -0.842575,
          3.776671
        ],
        [
          0.87997,
          0.179408,
          -0.439847,
          2.638792
        ],
        [
          0.038269,
          -0.949702,
          -0.310809,
          1.378494
        ],
        [
          0.0,
          0.0,
          0.0,
          1.0
        ]
      ]
    },
    {
      "file_path": "/media/NFS/ttao/scannet/posed_images/scene0092_01/00176.jpg",
      "transform_matrix": [
        [
          -0.493097,
          0.172249,
          -0.852752,
          3.752984
        ],
        [
          0.869001,
          0.143869,
          -0.473433,
          2.635026
        ],
        [
          0.041136,
          -0.974491,
          -0.220626,
          1.42256
        ],
        [
          0.0,
          0.0,
          0.0,
          1.0
        ]
      ]
    },
    {
      "file_path": "/media/NFS/ttao/scannet/posed_images/scene0092_01/00185.jpg",
      "transform_matrix": [
        [
          -0.442251,
          0.106926,
          -0.890495,
          3.73598
        ],
        [
          0.89612,
          0.093849,
          -0.433776,
          2.634813
        ],
        [
          0.037189,
          -0.989828,
          -0.137324,
          1.440989
        ],
        [
          0.0,
          0.0,
          0.0,
          1.0
        ]
      ]
    },
    {
      "file_path": "/media/NFS/ttao/scannet/posed_images/scene0092_01/00189.jpg",
      "transform_matrix": [
        [
          -0.418278,
          0.112918,
          -0.901273,
          3.728907
        ],
        [
          0.907912,
          0.081684,
          -0.411125,
          2.638573
        ],
        [
          0.027196,
          -0.990241,
          -0.136687,
          1.441029
        ],
        [
          0.0,
          0.0,
          0.0,
          1.0
        ]
      ]
    },
    {
      "file_path": "/media/NFS/ttao/scannet/posed_images/scene0092_01/00199.jpg",
      "transform_matrix": [
        [
          -0.333884,
          0.170278,
          -0.927107,
          3.702286
        ],
        [
          0.942545,
          0.048389,
          -0.330557,
          2.654893
        ],
        [
          -0.011424,
          -0.984207,
          -0.176651,
          1.430636
        ],
        [
          0.0,
          0.0,
          0.0,
          1.0
        ]
      ]
    },
    {
      "file_path": "/media/NFS/ttao/scannet/posed_images/scene0092_01/00207.jpg",
      "transform_matrix": [
        [
          -0.286022,
          0.191761,
          -0.938839,
          3.686697
        ],
        [
          0.958202,
          0.063653,
          -0.27892,
          2.660483
        ],
        [
          0.006274,
          -0.979375,
          -0.201952,
          1.421987
        ],
        [
          0.0,
          0.0,
          0.0,
          1.0
        ]
      ]
    },
    {
      "file_path": "/media/NFS/ttao/scannet/posed_images/scene0092_01/00211.jpg",
      "transform_matrix": [
        [
          -0.274546,
          0.198025,
          -0.940963,
          3.691968
        ],
        [
          0.96156,
          0.061831,
          -0.267544,
          2.659801
        ],
        [
          0.0052,
          -0.978245,
          -0.207388,
          1.413602
        ],
        [
          0.0,
          0.0,
          0.0,
          1.0
        ]
      ]
    },
    {
      "file_path": "/media/NFS/ttao/scannet/posed_images/scene0092_01/00215.jpg",
      "transform_matrix": [
        [
          -0.270973,
          0.182738,
          -0.945083,
          3.692623
        ],
        [
          0.962406,
          0.070463,
          -0.262315,
          2.649788
        ],
        [
          0.018658,
          -0.980633,
          -0.194962,
          1.434453
        ],
        [
          0.0,
          0.0,
          0.0,
          1.0
        ]
      ]
    },
    {
      "file_path": "/media/NFS/ttao/scannet/posed_images/scene0092_01/00227.jpg",
      "transform_matrix": [
        [
          -0.311273,
          0.055363,
          -0.948706,
          3.708631
        ],
        [
          0.950316,
          0.021257,
          -0.310561,
          2.665733
        ],
        [
          0.002973,
          -0.99824,
          -0.059229,
          1.465744
        ],
        [
          0.0,
          0.0,
          0.0,
          1.0
        ]
      ]
    },
    {
      "file_path": "/media/NFS/ttao/scannet/posed_images/scene0092_01/00229.jpg",
      "transform_matrix": [
        [
          -0.313717,
          0.060975,
          -0.947557,
          3.710237
        ],
        [
          0.949506,
          0.024763,
          -0.312769,
          2.666233
        ],
        [
          0.004393,
          -0.997832,
          -0.065664,
          1.458905
        ],
        [
          0.0,
          0.0,
          0.0,
          1.0
        ]
      ]
    },
    {
      "file_path": "/media/NFS/ttao/scannet/posed_images/scene0092_01/00237.jpg",
      "transform_matrix": [
        [
          -0.266352,
          0.156167,
          -0.951141,
          3.697044
        ],
        [
          0.963862,
          0.048451,
          -0.261959,
          2.653371
        ],
        [
          0.005175,
          -0.986541,
          -0.163429,
          1.422169
        ],
        [
          0.0,
          0.0,
          0.0,
          1.0
        ]
      ]
    },
    {
      "file_path": "/media/NFS/ttao/scannet/posed_images/scene0092_01/00247.jpg",
      "transform_matrix": [
        [
          -0.219439,
          0.268941,
          -0.937826,
          3.669628
        ],
        [
          0.975399,
          0.039739,
          -0.216835,
          2.667592
        ],
        [
          -0.021047,
          -0.962336,
          -0.271045,
          1.382958
        ],
        [
          0.0,
          0.0,
          0.0,
          1.0
        ]
      ]
    },
    {
      "file_path": "/media/NFS/ttao/scannet/posed_images/scene0092_01/00254.jpg",
      "transform_matrix": [
        [
          -0.214495,
          0.306035,
          -0.927542,
          3.671224
        ],
        [
          0.976547,
          0.049044,
          -0.209646,
          2.660988
        ],
        [
          -0.018669,
          -0.950756,
          -0.309377,
          1.368431
        ],
        [
          0.0,
          0.0,
          0.0,
          1.0
        ]
      ]
    },
    {
      "file_path": "/media/NFS/ttao/scannet/posed_images/scene0092_01/00256.jpg",
      "transform_matrix": [
        [
          -0.215039,
          0.315026,
          -0.924401,
          3.671219
        ],
        [
          0.976453,
          0.052589,
          -0.209226,
          2.662995
        ],
        [
          -0.017298,
          -0.947625,
          -0.318916,
          1.360125
        ],
        [
          0.0,
          0.0,
          0.0,
          1.0
        ]
      ]
    },
    {
      "file_path": "/media/NFS/ttao/scannet/posed_images/scene0092_01/00264.jpg",
      "transform_matrix": [
        [
          -0.186983,
          0.346957,
          -0.919053,
          3.639899
        ],
        [
          0.98226,
          0.052498,
          -0.180024,
          2.654082
        ],
        [
          -0.014212,
          -0.936411,
          -0.350618,
          1.344187
        ],
        [
          0.0,
          0.0,
          0.0,
          1.0
        ]
      ]
    },
    {
      "file_path": "/media/NFS/ttao/scannet/posed_images/scene0092_01/00274.jpg",
      "transform_matrix": [
        [
          -0.187625,
          0.364804,
          -0.911985,
          3.523493
        ],
        [
          0.980979,
          0.022534,
          -0.192805,
          2.6396
        ],
        [
          -0.049785,
          -0.930812,
          -0.362092,
          1.334904
        ],
        [
          0.0,
          0.0,
          0.0,
          1.0
        ]
      ]
    },
    {
      "file_path": "/media/NFS/ttao/scannet/posed_images/scene0092_01/00276.jpg",
      "transform_matrix": [
        [
          -0.189433,
          0.366681,
          -0.910857,
          3.494259
        ],
        [
          0.980201,
          0.016169,
          -0.197346,
          2.639054
        ],
        [
          -0.057636,
          -0.930206,
          -0.362484,
          1.333548
        ],
        [
          0.0,
          0.0,
          0.0,
          1.0
        ]
      ]
    },
    {
      "file_path": "/media/NFS/ttao/scannet/posed_images/scene0092_01/00284.jpg",
      "transform_matrix": [
        [
          -0.128021,
          0.371678,
          -0.919492,
          3.431293
        ],
        [
          0.990515,
          0.001262,
          -0.1374,
          2.629389
        ],
        [
          -0.049908,
          -0.928361,
          -0.368314,
          1.341418
        ],
        [
          0.0,
          0.0,
          0.0,
          1.0
        ]
      ]
    },
    {
      "file_path": "/media/NFS/ttao/scannet/posed_images/scene0092_01/00292.jpg",
      "transform_matrix": [
        [
          -0.014966,
          0.340031,
          -0.940295,
          3.382439
        ],
        [
          0.999857,
          0.012462,
          -0.011407,
          2.549723
        ],
        [
          0.007839,
          -0.940332,
          -0.340169,
          1.341877
        ],
        [
          0.0,
          0.0,
          0.0,
          1.0
        ]
      ]
    },
    {
      "file_path": "/media/NFS/ttao/scannet/posed_images/scene0092_01/00296.jpg",
      "transform_matrix": [
        [
          -0.034547,
          0.327719,
          -0.944144,
          3.35725
        ],
        [
          0.999399,
          0.008467,
          -0.03363,
          2.458277
        ],
        [
          -0.003027,
          -0.944737,
          -0.327814,
          1.340751
        ],
        [
          0.0,
          0.0,
          0.0,
          1.0
        ]
      ]
    },
    {
      "file_path": "/media/NFS/ttao/scannet/posed_images/scene0092_01/00308.jpg",
      "transform_matrix": [
        [
          -0.179358,
          0.32795,
          -0.927513,
          3.299198
        ],
        [
          0.982011,
          0.003109,
          -0.188798,
          2.186469
        ],
        [
          -0.059032,
          -0.94469,
          -0.322608,
          1.3728
        ],
        [
          0.0,
          0.0,
          0.0,
          1.0
        ]
      ]
    },
    {
      "file_path": "/media/NFS/ttao/scannet/posed_images/scene0092_01/00312.jpg",
      "transform_matrix": [
        [
          -0.202705,
          0.315805,
          -0.926919,
          3.265208
        ],
        [
          0.978485,
          0.028168,
          -0.204385,
          2.124708
        ],
        [
          -0.038436,
          -0.948406,
          -0.31472,
          1.375929
        ],
        [
          0.0,
          0.0,
          0.0,
          1.0
        ]
      ]
    },
    {
      "file_path": "/media/NFS/ttao/scannet/posed_images/scene0092_01/00320.jpg",
      "transform_matrix": [
        [
          -0.258725,
          0.199011,
          -0.945228,
          3.161614
        ],
        [
          0.963771,
          -0.012533,
          -0.266439,
          2.020463
        ],
        [
          -0.06487,
          -0.979917,
          -0.188559,
          1.4152
        ],
        [
          0.0,
          0.0,
          0.0,
          1.0
        ]
      ]
    },
    {
      "file_path": "/media/NFS/ttao/scannet/posed_images/scene0092_01/00329.jpg",
      "transform_matrix": [
        [
          -0.335935,
          0.212895,
          -0.91751,
          3.015534
        ],
        [
          0.941385,
          0.044141,
          -0.334435,
          1.90066
        ],
        [
          -0.0307,
          -0.976078,
          -0.215244,
          1.404859
        ],
        [
          0.0,
          0.0,
          0.0,
          1.0
        ]
      ]
    },
    {
      "file_path": "/media/NFS/ttao/scannet/posed_images/scene0092_01/00331.jpg",
      "transform_matrix": [
        [
          -0.321189,
          0.21137,
          -0.923126,
          2.979167
        ],
        [
          0.946793,
          0.050556,
          -0.317848,
          1.878115
        ],
        [
          -0.020514,
          -0.976098,
          -0.216361,
          1.398733
        ],
        [
          0.0,
          0.0,
          0.0,
          1.0
        ]
      ]
    },
    {
      "file_path": "/media/NFS/ttao/scannet/posed_images/scene0092_01/00341.jpg",
      "transform_matrix": [
        [
          -0.085368,
          0.253846,
          -0.96347,
          2.771861
        ],
        [
          0.995992,
          -0.004151,
          -0.089344,
          1.809756
        ],
        [
          -0.026679,
          -0.967236,
          -0.252474,
          1.391943
        ],
        [
          0.0,
          0.0,
          0.0,
          1.0
        ]
      ]
    },
    {
      "file_path": "/media/NFS/ttao/scannet/posed_images/scene0092_01/00345.jpg",
      "transform_matrix": [
        [
          -0.000177,
          0.265246,
          -0.964181,
          2.696462
        ],
        [
          0.999364,
          -0.034348,
          -0.009632,
          1.795465
        ],
        [
          -0.035672,
          -0.963569,
          -0.265071,
          1.390558
        ],
        [
          0.0,
          0.0,
          0.0,
          1.0
        ]
      ]
    },
    {
      "file_path": "/media/NFS/ttao/scannet/posed_images/scene0092_01/00353.jpg",
      "transform_matrix": [
        [
          0.098687,
          0.304614,
          -0.94735,
          2.592871
        ],
        [
          0.994808,
          -0.053993,
          0.086269,
          1.801656
        ],
        [
          -0.024871,
          -0.950944,
          -0.30836,
          1.371061
        ],
        [
          0.0,
          0.0,
          0.0,
          1.0
        ]
      ]
    },
    {
      "file_path": "/media/NFS/ttao/scannet/posed_images/scene0092_01/00357.jpg",
      "transform_matrix": [
        [
          0.068708,
          0.318399,
          -0.945463,
          2.562172
        ],
        [
          0.997381,
          -0.04339,
          0.057868,
          1.819929
        ],
        [
          -0.022598,
          -0.946963,
          -0.320546,
          1.367528
        ],
        [
          0.0,
          0.0,
          0.0,
          1.0
        ]
      ]
    },
    {
      "file_path": "/media/NFS/ttao/scannet/posed_images/scene0092_01/00367.jpg",
      "transform_matrix": [
        [
          -0.048232,
          0.411198,
          -0.910269,
          2.527432
        ],
        [
          0.998672,
          0.003328,
          -0.051413,
          1.874829
        ],
        [
          -0.018112,
          -0.91154,
          -0.410812,
          1.333487
        ],
        [
          0.0,
          0.0,
          0.0,
          1.0
        ]
      ]
    },
    {
      "file_path": "/media/NFS/ttao/scannet/posed_images/scene0092_01/00375.jpg",
      "transform_matrix": [
        [
          0.05042,
          0.463415,
          -0.884706,
          2.580413
        ],
        [
          0.998496,
          -0.042494,
          0.034647,
          1.957706
        ],
        [
          -0.021539,
          -0.885122,
          -0.46486,
          1.310417
        ],
        [
          0.0,
          0.0,
          0.0,
          1.0
        ]
      ]
    },
    {
      "file_path": "/media/NFS/ttao/scannet/posed_images/scene0092_01/00381.jpg",
      "transform_matrix": [
        [
          0.038279,
          0.491827,
          -0.869851,
          2.650156
        ],
        [
          0.999212,
          -0.009681,
          0.038498,
          2.001041
        ],
        [
          0.010513,
          -0.870639,
          -0.491809,
          1.300641
        ],
        [
          0.0,
          0.0,
          0.0,
          1.0
        ]
      ]
    },
    {
      "file_path": "/media/NFS/ttao/scannet/posed_images/scene0092_01/00383.jpg",
      "transform_matrix": [
        [
          0.0321,
          0.499065,
          -0.86597,
          2.666102
        ],
        [
          0.999472,
          -0.011661,
          0.030328,
          2.016173
        ],
        [
          0.005037,
          -0.866486,
          -0.499175,
          1.307515
        ],
        [
          0.0,
          0.0,
          0.0,
          1.0
        ]
      ]
    },
    {
      "file_path": "/media/NFS/ttao/scannet/posed_images/scene0092_01/00393.jpg",
      "transform_matrix": [
        [
          -0.026701,
          0.42626,
          -0.904207,
          2.769712
        ],
        [
          0.99964,
          0.013633,
          -0.023093,
          2.205324
        ],
        [
          0.002483,
          -0.904498,
          -0.42647,
          1.323392
        ],
        [
          0.0,
          0.0,
          0.0,
          1.0
        ]
      ]
    },
    {
      "file_path": "/media/NFS/ttao/scannet/posed_images/scene0092_01/00400.jpg",
      "transform_matrix": [
        [
          -0.010129,
          0.456568,
          -0.889631,
          2.818506
        ],
        [
          0.999582,
          0.028718,
          0.003357,
          2.37476
        ],
        [
          0.027081,
          -0.889225,
          -0.456668,
          1.322736
        ],
        [
          0.0,
          0.0,
          0.0,
          1.0
        ]
      ]
    },
    {
      "file_path": "/media/NFS/ttao/scannet/posed_images/scene0092_01/00410.jpg",
      "transform_matrix": [
        [
          0.147336,
          0.428589,
          -0.891406,
          2.862022
        ],
        [
          0.988979,
          -0.05051,
          0.139178,
          2.467248
        ],
        [
          0.014625,
          -0.902086,
          -0.431307,
          1.327679
        ],
        [
          0.0,
          0.0,
          0.0,
          1.0
        ]
      ]
    },
    {
      "file_path": "/media/NFS/ttao/scannet/posed_images/scene0092_01/00416.jpg",
      "transform_matrix": [
        [
          0.237168,
          0.426011,
          -0.873079,
          2.861738
        ],
        [
          0.971368,
          -0.091055,
          0.219438,
          2.480023
        ],
        [
          0.013985,
          -0.900124,
          -0.435408,
          1.32774
        ],
        [
          0.0,
          0.0,
          0.0,
          1.0
        ]
      ]
    },
    {
      "file_path": "/media/NFS/ttao/scannet/posed_images/scene0092_01/00420.jpg",
      "transform_matrix": [
        [
          0.27835,
          0.413529,
          -0.8669,
          2.86376
        ],
        [
          0.960378,
          -0.1067,
          0.257467,
          2.485579
        ],
        [
          0.013971,
          -0.904217,
          -0.426844,
          1.324879
        ],
        [
          0.0,
          0.0,
          0.0,
          1.0
        ]
      ]
    },
    {
      "file_path": "/media/NFS/ttao/scannet/posed_images/scene0092_01/00424.jpg",
      "transform_matrix": [
        [
          0.302954,
          0.406081,
          -0.862159,
          2.86388
        ],
        [
          0.952853,
          -0.112913,
          0.28164,
          2.482688
        ],
        [
          0.01702,
          -0.906835,
          -0.421143,
          1.327361
        ],
        [
          0.0,
          0.0,
          0.0,
          1.0
        ]
      ]
    },
    {
      "file_path": "/media/NFS/ttao/scannet/posed_images/scene0092_01/00434.jpg",
      "transform_matrix": [
        [
          0.405236,
          0.326605,
          -0.853881,
          2.84813
        ],
        [
          0.913456,
          -0.106674,
          0.392706,
          2.461654
        ],
        [
          0.037173,
          -0.939122,
          -0.341568,
          1.353131
        ],
        [
          0.0,
          0.0,
          0.0,
          1.0
        ]
      ]
    },
    {
      "file_path": "/media/NFS/ttao/scannet/posed_images/scene0092_01/00442.jpg",
      "transform_matrix": [
        [
          0.543396,
          0.252932,
          -0.800466,
          2.789263
        ],
        [
          0.839208,
          -0.139552,
          0.5256,
          2.399834
        ],
        [
          0.021235,
          -0.957367,
          -0.288094,
          1.366174
        ],
        [
          0.0,
          0.0,
          0.0,
          1.0
        ]
      ]
    },
    {
      "file_path": "/media/NFS/ttao/scannet/posed_images/scene0092_01/00444.jpg",
      "transform_matrix": [
        [
          0.556278,
          0.243798,
          -0.794429,
          2.776283
        ],
        [
          0.830887,
          -0.147697,
          0.536481,
          2.386833
        ],
        [
          0.013458,
          -0.958513,
          -0.284729,
          1.370105
        ],
        [
          0.0,
          0.0,
          0.0,
          1.0
        ]
      ]
    },
    {
      "file_path": "/media/NFS/ttao/scannet/posed_images/scene0092_01/00456.jpg",
      "transform_matrix": [
        [
          0.624995,
          0.215382,
          -0.750328,
          2.70581
        ],
        [
          0.780186,
          -0.139988,
          0.609682,
          2.388321
        ],
        [
          0.026277,
          -0.966444,
          -0.25553,
          1.379885
        ],
        [
          0.0,
          0.0,
          0.0,
          1.0
        ]
      ]
    },
    {
      "file_path": "/media/NFS/ttao/scannet/posed_images/scene0092_01/00458.jpg",
      "transform_matrix": [
        [
          0.6228,
          0.214815,
          -0.752313,
          2.697942
        ],
        [
          0.781987,
          -0.140411,
          0.607273,
          2.396008
        ],
        [
          0.024818,
          -0.966509,
          -0.25543,
          1.37746
        ],
        [
          0.0,
          0.0,
          0.0,
          1.0
        ]
      ]
    },
    {
      "file_path": "/media/NFS/ttao/scannet/posed_images/scene0092_01/00470.jpg",
      "transform_matrix": [
        [
          0.71201,
          0.232246,
          -0.662649,
          2.630057
        ],
        [
          0.701395,
          -0.190921,
          0.686727,
          2.517434
        ],
        [
          0.032976,
          -0.953735,
          -0.298834,
          1.348836
        ],
        [
          0.0,
          0.0,
          0.0,
          1.0
        ]
      ]
    },
    {
      "file_path": "/media/NFS/ttao/scannet/posed_images/scene0092_01/00473.jpg",
      "transform_matrix": [
        [
          0.729855,
          0.234626,
          -0.642076,
          2.622622
        ],
        [
          0.682771,
          -0.203898,
          0.701605,
          2.527673
        ],
        [
          0.033697,
          -0.950461,
          -0.309011,
          1.335929
        ],
        [
          0.0,
          0.0,
          0.0,
          1.0
        ]
      ]
    },
    {
      "file_path": "/media/NFS/ttao/scannet/posed_images/scene0092_01/00481.jpg",
      "transform_matrix": [
        [
          0.828561,
          0.241617,
          -0.505083,
          2.594565
        ],
        [
          0.557402,
          -0.270855,
          0.784819,
          2.51627
        ],
        [
          0.052821,
          -0.931804,
          -0.359097,
          1.30902
        ],
        [
          0.0,
          0.0,
          0.0,
          1.0
        ]
      ]
    },
    {
      "file_path": "/media/NFS/ttao/scannet/posed_images/scene0092_01/00487.jpg",
      "transform_matrix": [
        [
          0.890857,
          0.206549,
          -0.404612,
          2.565943
        ],
        [
          0.451574,
          -0.30551,
          0.838298,
          2.452522
        ],
        [
          0.049537,
          -0.929517,
          -0.365438,
          1.297607
        ],
        [
          0.0,
          0.0,
          0.0,
          1.0
        ]
      ]
    },
    {
      "file_path": "/media/NFS/ttao/scannet/posed_images/scene0092_01/00497.jpg",
      "transform_matrix": [
        [
          0.941512,
          0.196758,
          -0.27357,
          2.568956
        ],
        [
          0.329667,
          -0.369614,
          0.868737,
          2.379407
        ],
        [
          0.069816,
          -0.908114,
          -0.412861,
          1.269899
        ],
        [
          0.0,
          0.0,
          0.0,
          1.0
        ]
      ]
    },
    {
      "file_path": "/media/NFS/ttao/scannet/posed_images/scene0092_01/00501.jpg",
      "transform_matrix": [
        [
          0.962948,
          0.169247,
          -0.20997,
          2.608588
        ],
        [
          0.262188,
          -0.405162,
          0.875844,
          2.375974
        ],
        [
          0.063162,
          -0.898443,
          -0.434524,
          1.269649
        ],
        [
          0.0,
          0.0,
          0.0,
          1.0
        ]
      ]
    },
    {
      "file_path": "/media/NFS/ttao/scannet/posed_images/scene0092_01/00511.jpg",
      "transform_matrix": [
        [
          0.97703,
          0.138269,
          -0.162153,
          2.770439
        ],
        [
          0.208866,
          -0.470386,
          0.857387,
          2.340466
        ],
        [
          0.042275,
          -0.871561,
          -0.488461,
          1.26036
        ],
        [
          0.0,
          0.0,
          0.0,
          1.0
        ]
      ]
    },
    {
      "file_path": "/media/NFS/ttao/scannet/posed_images/scene0092_01/00513.jpg",
      "transform_matrix": [
        [
          0.979456,
          0.128219,
          -0.155648,
          2.793939
        ],
        [
          0.198179,
          -0.469221,
          0.860556,
          2.323785
        ],
        [
          0.037306,
          -0.873723,
          -0.484991,
          1.262989
        ],
        [
          0.0,
          0.0,
          0.0,
          1.0
        ]
      ]
    },
    {
      "file_path": "/media/NFS/ttao/scannet/posed_images/scene0092_01/00519.jpg",
      "transform_matrix": [
        [
          0.991581,
          0.0753,
          -0.105343,
          2.874604
        ],
        [
          0.128045,
          -0.449056,
          0.884281,
          2.271821
        ],
        [
          0.019281,
          -0.890325,
          -0.454917,
