{
  "frames": [
    {
      "file_path": "/media/NFS/ttao/scannet/posed_images/scene0246_00/00003.jpg",
      "transform_matrix": [
        [
          -0.485129,
          0.118697,
          -0.866349,
          6.731653
        ],
        [
          0.873373,
          0.016767,
          -0.486764,
          3.441061
        ],
        [
          -0.043252,
          -0.992789,
          -0.111801,
          1.728519
        ],
        [
          0.0,
          0.0,
          0.0,
          1.0
        ]
      ]
    },
    {
      "file_path": "/media/NFS/ttao/scannet/posed_images/scene0246_00/00009.jpg",
      "transform_matrix": [
        [
          -0.475152,
          0.124465,
          -0.871056,
          6.730535
        ],
        [
          0.878711,
          0.015587,
          -0.4771,
          3.4386
        ],
        [
          -0.045806,
          -0.992102,
          -0.116775,
          1.727538
        ],
        [
          0.0,
          0.0,
          0.0,
          1.0
        ]
      ]
    },
    {
      "file_path": "/media/NFS/ttao/scannet/posed_images/scene0246_00/00018.jpg",
      "transform_matrix": [
        [
          -0.425625,
          0.129228,
          -0.895624,
          6.751085
        ],
        [
          0.903788,
          0.01166,
          -0.427822,
          3.431921
        ],
        [
          -0.044843,
          -0.991547,
          -0.121758,
          1.744265
        ],
        [
          0.0,
          0.0,
          0.0,
          1.0
        ]
      ]
    },
    {
      "file_path": "/media/NFS/ttao/scannet/posed_images/scene0246_00/00035.jpg",
      "transform_matrix": [
        [
          -0.320096,
          0.099104,
          -0.942187,
          6.776854
        ],
        [
          0.946566,
          -0.007878,
          -0.322413,
          3.560214
        ],
        [
          -0.039375,
          -0.995046,
          -0.091287,
          1.781285
        ],
        [
          0.0,
          0.0,
          0.0,
          1.0
        ]
      ]
    },
    {
      "file_path": "/media/NFS/ttao/scannet/posed_images/scene0246_00/00044.jpg",
      "transform_matrix": [
        [
          -0.193512,
          0.081887,
          -0.977674,
          6.80349
        ],
        [
          0.981004,
          0.002405,
          -0.19397,
          3.534821
        ],
        [
          -0.013532,
          -0.996639,
          -0.080796,
          1.77843
        ],
        [
          0.0,
          0.0,
          0.0,
          1.0
        ]
      ]
    },
    {
      "file_path": "/media/NFS/ttao/scannet/posed_images/scene0246_00/00050.jpg",
      "transform_matrix": [
        [
          -0.099342,
          0.077113,
          -0.992061,
          6.81935
        ],
        [
          0.995005,
          -0.002148,
          -0.099804,
          3.475997
        ],
        [
          -0.009827,
          -0.99702,
          -0.076514,
          1.765724
        ],
        [
          0.0,
          0.0,
          0.0,
          1.0
        ]
      ]
    },
    {
      "file_path": "/media/NFS/ttao/scannet/posed_images/scene0246_00/00056.jpg",
      "transform_matrix": [
        [
          -0.00539,
          0.079713,
          -0.996803,
          6.827716
        ],
        [
          0.999978,
          -0.003328,
          -0.005673,
          3.457607
        ],
        [
          -0.00377,
          -0.996812,
          -0.079693,
          1.774658
        ],
        [
          0.0,
          0.0,
          0.0,
          1.0
        ]
      ]
    },
    {
      "file_path": "/media/NFS/ttao/scannet/posed_images/scene0246_00/00074.jpg",
      "transform_matrix": [
        [
          0.220731,
          0.099128,
          -0.970284,
          6.840171
        ],
        [
          0.974839,
          0.009282,
          0.222715,
          3.41623
        ],
        [
          0.031083,
          -0.995031,
          -0.094585,
          1.72213
        ],
        [
          0.0,
          0.0,
          0.0,
          1.0
        ]
      ]
    },
    {
      "file_path": "/media/NFS/ttao/scannet/posed_images/scene0246_00/00083.jpg",
      "transform_matrix": [
        [
          0.309468,
          0.135857,
          -0.941155,
          6.824003
        ],
        [
          0.949885,
          0.001775,
          0.312595,
          3.452169
        ],
        [
          0.044139,
          -0.990727,
          -0.128499,
          1.751657
        ],
        [
          0.0,
          0.0,
          0.0,
          1.0
        ]
      ]
    },
    {
      "file_path": "/media/NFS/ttao/scannet/posed_images/scene0246_00/00095.jpg",
      "transform_matrix": [
        [
          0.415648,
          0.153211,
          -0.896528,
          6.832914
        ],
        [
          0.908174,
          -0.016202,
          0.418279,
          3.426021
        ],
        [
          0.04956,
          -0.988061,
          -0.145877,
          1.720082
        ],
        [
          0.0,
          0.0,
          0.0,
          1.0
        ]
      ]
    },
    {
      "file_path": "/media/NFS/ttao/scannet/posed_images/scene0246_00/00104.jpg",
      "transform_matrix": [
        [
          0.496974,
          0.186434,
          -0.847502,
          6.819104
        ],
        [
          0.865565,
          -0.037001,
          0.499427,
          3.378122
        ],
        [
          0.061752,
          -0.981771,
          -0.179759,
          1.717938
        ],
        [
          0.0,
          0.0,
          0.0,
          1.0
        ]
      ]
    },
    {
      "file_path": "/media/NFS/ttao/scannet/posed_images/scene0246_00/00106.jpg",
      "transform_matrix": [
        [
          0.507989,
          0.190879,
          -0.839948,
          6.820156
        ],
        [
          0.859058,
          -0.040969,
          0.510236,
          3.377117
        ],
        [
          0.062981,
          -0.980758,
          -0.184788,
          1.714141
        ],
        [
          0.0,
          0.0,
          0.0,
          1.0
        ]
      ]
    },
    {
      "file_path": "/media/NFS/ttao/scannet/posed_images/scene0246_00/00118.jpg",
      "transform_matrix": [
        [
          0.456875,
          0.287863,
          -0.841665,
          6.819386
        ],
        [
          0.88495,
          -0.051184,
          0.462865,
          3.364179
        ],
        [
          0.090162,
          -0.956303,
          -0.278129,
          1.694998
        ],
        [
          0.0,
          0.0,
          0.0,
          1.0
        ]
      ]
    },
    {
      "file_path": "/media/NFS/ttao/scannet/posed_images/scene0246_00/00127.jpg",
      "transform_matrix": [
        [
          0.404351,
          0.374584,
          -0.834378,
          6.837023
        ],
        [
          0.910833,
          -0.08216,
          0.404516,
          3.378771
        ],
        [
          0.082972,
          -0.923546,
          -0.374405,
          1.655721
        ],
        [
          0.0,
          0.0,
          0.0,
          1.0
        ]
      ]
    },
    {
      "file_path": "/media/NFS/ttao/scannet/posed_images/scene0246_00/00139.jpg",
      "transform_matrix": [
        [
          0.317069,
          0.478417,
          -0.818892,
          6.833103
        ],
        [
          0.945805,
          -0.095652,
          0.310327,
          3.359203
        ],
        [
          0.070137,
          -0.872908,
          -0.482817,
          1.643695
        ],
        [
          0.0,
          0.0,
          0.0,
          1.0
        ]
      ]
    },
    {
      "file_path": "/media/NFS/ttao/scannet/posed_images/scene0246_00/00154.jpg",
      "transform_matrix": [
        [
          0.221042,
          0.568648,
          -0.792326,
          6.839576
        ],
        [
          0.972077,
          -0.062839,
          0.226089,
          3.322803
        ],
        [
          0.078777,
          -0.820177,
          -0.56666,
          1.620603
        ],
        [
          0.0,
          0.0,
          0.0,
          1.0
        ]
      ]
    },
    {
      "file_path": "/media/NFS/ttao/scannet/posed_images/scene0246_00/00157.jpg",
      "transform_matrix": [
        [
          0.183867,
          0.575062,
          -0.797181,
          6.837879
        ],
        [
          0.980321,
          -0.047996,
          0.191485,
          3.320192
        ],
        [
          0.071854,
          -0.816701,
          -0.57257,
          1.620859
        ],
        [
          0.0,
          0.0,
          0.0,
          1.0
        ]
      ]
    },
    {
      "file_path": "/media/NFS/ttao/scannet/posed_images/scene0246_00/00169.jpg",
      "transform_matrix": [
        [
          0.00793,
          0.591094,
          -0.806563,
          6.830793
        ],
        [
          0.998081,
          0.04486,
          0.042688,
          3.260794
        ],
        [
          0.061415,
          -0.805354,
          -0.589604,
          1.612315
        ],
        [
          0.0,
          0.0,
          0.0,
          1.0
        ]
      ]
    },
    {
      "file_path": "/media/NFS/ttao/scannet/posed_images/scene0246_00/00180.jpg",
      "transform_matrix": [
        [
          -0.102913,
          0.578342,
          -0.809277,
          6.806638
        ],
        [
          0.993853,
          0.093171,
          -0.059801,
          3.20757
        ],
        [
          0.040815,
          -0.810456,
          -0.584375,
          1.604234
        ],
        [
          0.0,
          0.0,
          0.0,
          1.0
        ]
      ]
    },
    {
      "file_path": "/media/NFS/ttao/scannet/posed_images/scene0246_00/00189.jpg",
      "transform_matrix": [
        [
          -0.16263,
          0.577149,
          -0.800281,
          6.767116
        ],
        [
          0.986679,
          0.091764,
          -0.13433,
          3.109414
        ],
        [
          -0.004092,
          -0.811467,
          -0.584385,
          1.590532
        ],
        [
          0.0,
          0.0,
          0.0,
          1.0
        ]
      ]
    },
    {
      "file_path": "/media/NFS/ttao/scannet/posed_images/scene0246_00/00201.jpg",
      "transform_matrix": [
        [
          -0.263078,
          0.509482,
          -0.819279,
          6.636711
        ],
        [
          0.964106,
          0.10722,
          -0.242907,
          2.923776
        ],
        [
          -0.035913,
          -0.853775,
          -0.519401,
          1.562215
        ],
        [
          0.0,
          0.0,
          0.0,
          1.0
        ]
      ]
    },
    {
      "file_path": "/media/NFS/ttao/scannet/posed_images/scene0246_00/00210.jpg",
      "transform_matrix": [
        [
          -0.344249,
          0.472606,
          -0.811255,
          6.537745
        ],
        [
          0.937038,
          0.118875,
          -0.328372,
          2.857074
        ],
        [
          -0.058753,
          -0.873219,
          -0.483773,
          1.569782
        ],
        [
          0.0,
          0.0,
          0.0,
          1.0
        ]
      ]
    },
    {
      "file_path": "/media/NFS/ttao/scannet/posed_images/scene0246_00/00216.jpg",
      "transform_matrix": [
        [
          -0.390277,
          0.466832,
          -0.793569,
          6.454797
        ],
        [
          0.917732,
          0.128127,
          -0.375967,
          2.805668
        ],
        [
          -0.073835,
          -0.875015,
          -0.478431,
          1.577071
        ],
        [
          0.0,
          0.0,
          0.0,
          1.0
        ]
      ]
    },
    {
      "file_path": "/media/NFS/ttao/scannet/posed_images/scene0246_00/00231.jpg",
      "transform_matrix": [
        [
          -0.539042,
          0.368424,
          -0.757428,
          6.187331
        ],
        [
          0.833863,
          0.106621,
          -0.541576,
          2.775801
        ],
        [
          -0.118772,
          -0.923523,
          -0.364689,
          1.57923
        ],
        [
          0.0,
          0.0,
          0.0,
          1.0
        ]
      ]
    },
    {
      "file_path": "/media/NFS/ttao/scannet/posed_images/scene0246_00/00243.jpg",
      "transform_matrix": [
        [
          -0.641342,
          0.329633,
          -0.692837,
          5.978188
        ],
        [
          0.756734,
          0.122729,
          -0.642098,
          2.720693
        ],
        [
          -0.126625,
          -0.936098,
          -0.328156,
          1.5624
        ],
        [
          0.0,
          0.0,
          0.0,
          1.0
        ]
      ]
    },
    {
      "file_path": "/media/NFS/ttao/scannet/posed_images/scene0246_00/00251.jpg",
      "transform_matrix": [
        [
          -0.680502,
          0.30087,
          -0.668127,
          5.852642
        ],
        [
          0.723146,
          0.128644,
          -0.678609,
          2.691153
        ],
        [
          -0.118223,
          -0.944949,
          -0.305115,
          1.584221
        ],
        [
          0.0,
          0.0,
          0.0,
          1.0
        ]
      ]
    },
    {
      "file_path": "/media/NFS/ttao/scannet/posed_images/scene0246_00/00254.jpg",
      "transform_matrix": [
        [
          -0.69239,
          0.296271,
          -0.65789,
          5.810325
        ],
        [
          0.710886,
          0.124124,
          -0.692268,
          2.677183
        ],
        [
          -0.123439,
          -0.947004,
          -0.296557,
          1.590318
        ],
        [
          0.0,
          0.0,
          0.0,
          1.0
        ]
      ]
    },
    {
      "file_path": "/media/NFS/ttao/scannet/posed_images/scene0246_00/00263.jpg",
      "transform_matrix": [
        [
          -0.728559,
          0.237032,
          -0.642664,
          5.706958
        ],
        [
          0.675788,
          0.095519,
          -0.730881,
          2.605156
        ],
        [
          -0.111856,
          -0.966795,
          -0.229774,
          1.596457
        ],
        [
          0.0,
          0.0,
          0.0,
          1.0
        ]
      ]
    },
    {
      "file_path": "/media/NFS/ttao/scannet/posed_images/scene0246_00/00275.jpg",
      "transform_matrix": [
        [
          -0.828477,
          0.156477,
          -0.537719,
          5.573112
        ],
        [
          0.548743,
          0.035074,
          -0.835255,
          2.494739
        ],
        [
          -0.111838,
          -0.987059,
          -0.114923,
          1.61536
        ],
        [
          0.0,
          0.0,
          0.0,
          1.0
        ]
      ]
    },
    {
      "file_path": "/media/NFS/ttao/scannet/posed_images/scene0246_00/00287.jpg",
      "transform_matrix": [
        [
          -0.89928,
          0.160101,
          -0.407016,
          5.445431
        ],
        [
          0.410172,
          -0.014345,
          -0.911895,
          2.46818
        ],
        [
          -0.151834,
          -0.986996,
          -0.052768,
          1.658324
        ],
        [
          0.0,
          0.0,
          0.0,
          1.0
        ]
      ]
    },
    {
      "file_path": "/media/NFS/ttao/scannet/posed_images/scene0246_00/00302.jpg",
      "transform_matrix": [
        [
          -0.945446,
          0.039394,
          -0.323387,
          5.275721
        ],
        [
          0.320612,
          -0.063564,
          -0.945075,
          2.511146
        ],
        [
          -0.057786,
          -0.9972,
          0.047467,
          1.621659
        ],
        [
          0.0,
          0.0,
          0.0,
          1.0
        ]
      ]
    },
    {
      "file_path": "/media/NFS/ttao/scannet/posed_images/scene0246_00/00311.jpg",
      "transform_matrix": [
        [
          -0.899442,
          0.022796,
          -0.436445,
          5.223948
        ],
        [
          0.43472,
          -0.056105,
          -0.898816,
          2.506642
        ],
        [
          -0.044976,
          -0.998165,
          0.040554,
          1.616011
        ],
        [
          0.0,
          0.0,
          0.0,
          1.0
        ]
      ]
    },
    {
      "file_path": "/media/NFS/ttao/scannet/posed_images/scene0246_00/00319.jpg",
      "transform_matrix": [
        [
          -0.820902,
          0.039156,
          -0.569724,
          5.256111
        ],
        [
          0.566297,
          -0.07288,
          -0.820973,
          2.499576
        ],
        [
          -0.073667,
          -0.996572,
          0.037654,
          1.60934
        ],
        [
          0.0,
          0.0,
          0.0,
          1.0
        ]
      ]
    },
    {
      "file_path": "/media/NFS/ttao/scannet/posed_images/scene0246_00/00328.jpg",
      "transform_matrix": [
        [
          -0.694554,
          0.033439,
          -0.718663,
          5.265641
        ],
        [
          0.717625,
          -0.03872,
          -0.695353,
          2.411717
        ],
        [
          -0.051078,
          -0.99869,
          0.002897,
          1.647561
        ],
        [
          0.0,
          0.0,
          0.0,
          1.0
        ]
      ]
    },
    {
      "file_path": "/media/NFS/ttao/scannet/posed_images/scene0246_00/00337.jpg",
      "transform_matrix": [
        [
          -0.600004,
          -0.031288,
          -0.799385,
          5.234474
        ],
        [
          0.798661,
          -0.081155,
          -0.596284,
          2.343625
        ],
        [
          -0.046217,
          -0.99621,
          0.073682,
          1.58122
        ],
        [
          0.0,
          0.0,
          0.0,
          1.0
        ]
      ]
    },
    {
      "file_path": "/media/NFS/ttao/scannet/posed_images/scene0246_00/00349.jpg",
      "transform_matrix": [
        [
          -0.439634,
          -0.019931,
          -0.897956,
          5.247267
        ],
        [
          0.897044,
          -0.05994,
          -0.437857,
          2.247121
        ],
        [
          -0.045096,
          -0.998003,
          0.04423,
          1.534111
        ],
        [
          0.0,
          0.0,
          0.0,
          1.0
        ]
      ]
    },
    {
      "file_path": "/media/NFS/ttao/scannet/posed_images/scene0246_00/00355.jpg",
      "transform_matrix": [
        [
          -0.385675,
          -0.005736,
          -0.922617,
          5.268767
        ],
        [
          0.921801,
          -0.044897,
          -0.385055,
          2.203469
        ],
        [
          -0.039214,
          -0.998975,
          0.022604,
          1.529988
        ],
        [
          0.0,
          0.0,
          0.0,
          1.0
        ]
      ]
    },
    {
      "file_path": "/media/NFS/ttao/scannet/posed_images/scene0246_00/00367.jpg",
      "transform_matrix": [
        [
          -0.320997,
          0.05192,
          -0.945656,
          5.31171
        ],
        [
          0.945662,
          -0.037049,
          -0.323034,
          2.162689
        ],
        [
          -0.051808,
          -0.997964,
          -0.037206,
          1.515196
        ],
        [
          0.0,
          0.0,
          0.0,
          1.0
        ]
      ]
    },
    {
      "file_path": "/media/NFS/ttao/scannet/posed_images/scene0246_00/00376.jpg",
      "transform_matrix": [
        [
          -0.276295,
          0.168429,
          -0.946199,
          5.353779
        ],
        [
          0.959361,
          -0.010406,
          -0.281991,
          2.147823
        ],
        [
          -0.057341,
          -0.985659,
          -0.158709,
          1.512589
        ],
        [
          0.0,
          0.0,
          0.0,
          1.0
        ]
      ]
    },
    {
      "file_path": "/media/NFS/ttao/scannet/posed_images/scene0246_00/00385.jpg",
      "transform_matrix": [
        [
          -0.145246,
          0.242092,
          -0.95932,
          5.384498
        ],
        [
          0.985908,
          -0.045925,
          -0.160861,
          2.101739
        ],
        [
          -0.083,
          -0.969166,
          -0.23201,
          1.468092
        ],
        [
          0.0,
          0.0,
          0.0,
          1.0
        ]
      ]
    },
    {
      "file_path": "/media/NFS/ttao/scannet/posed_images/scene0246_00/00393.jpg",
      "transform_matrix": [
        [
          -0.03847,
          0.325439,
          -0.94478,
          5.386718
        ],
        [
          0.996701,
          -0.05512,
          -0.05957,
          2.080221
        ],
        [
          -0.071463,
          -0.943955,
          -0.322245,
          1.505179
        ],
        [
          0.0,
          0.0,
          0.0,
          1.0
        ]
      ]
    },
    {
      "file_path": "/media/NFS/ttao/scannet/posed_images/scene0246_00/00402.jpg",
      "transform_matrix": [
        [
          0.117601,
          0.38426,
          -0.915704,
          5.383719
        ],
        [
          0.991456,
          -0.097832,
          0.086276,
          2.052913
        ],
        [
          -0.056433,
          -0.918027,
          -0.392482,
          1.480583
        ],
        [
          0.0,
          0.0,
          0.0,
          1.0
        ]
      ]
    },
    {
      "file_path": "/media/NFS/ttao/scannet/posed_images/scene0246_00/00411.jpg",
      "transform_matrix": [
        [
          0.259128,
          0.415438,
          -0.871931,
          5.388299
        ],
        [
          0.963984,
          -0.167227,
          0.206808,
          2.052446
        ],
        [
          -0.059894,
          -0.894118,
          -0.443809,
          1.468497
        ],
        [
          0.0,
          0.0,
          0.0,
          1.0
        ]
      ]
    },
    {
      "file_path": "/media/NFS/ttao/scannet/posed_images/scene0246_00/00429.jpg",
      "transform_matrix": [
        [
          0.506382,
          0.422455,
          -0.751737,
          5.397349
        ],
        [
          0.86115,
          -0.292943,
          0.415458,
          2.052772
        ],
        [
          -0.044704,
          -0.857739,
          -0.512139,
          1.455198
        ],
        [
          0.0,
          0.0,
          0.0,
          1.0
        ]
      ]
    },
    {
      "file_path": "/media/NFS/ttao/scannet/posed_images/scene0246_00/00438.jpg",
      "transform_matrix": [
        [
          0.665938,
          0.373739,
          -0.645635,
          5.405012
        ],
        [
          0.744631,
          -0.385544,
          0.544867,
          2.07066
        ],
        [
          -0.045282,
          -0.843608,
          -0.535046,
          1.465366
        ],
        [
          0.0,
          0.0,
          0.0,
          1.0
        ]
      ]
    },
    {
      "file_path": "/media/NFS/ttao/scannet/posed_images/scene0246_00/00450.jpg",
      "transform_matrix": [
        [
          0.798955,
          0.295484,
          -0.523793,
          5.420188
        ],
        [
          0.600569,
          -0.437521,
          0.669247,
          2.071364
        ],
        [
          -0.031418,
          -0.849273,
          -0.527019,
          1.451412
        ],
        [
          0.0,
          0.0,
          0.0,
          1.0
        ]
      ]
    },
    {
      "file_path": "/media/NFS/ttao/scannet/posed_images/scene0246_00/00456.jpg",
      "transform_matrix": [
        [
          0.849988,
          0.253162,
          -0.461984,
          5.424722
        ],
        [
          0.526199,
          -0.449956,
          0.721564,
          2.069278
        ],
        [
          -0.0252,
          -0.856416,
          -0.51567,
          1.449597
        ],
        [
          0.0,
          0.0,
          0.0,
          1.0
        ]
      ]
    },
    {
      "file_path": "/media/NFS/ttao/scannet/posed_images/scene0246_00/00461.jpg",
      "transform_matrix": [
        [
          0.874653,
          0.252778,
          -0.413625,
          5.423059
        ],
        [
          0.484627,
          -0.475161,
          0.734411,
          2.066401
        ],
        [
          -0.010896,
          -0.842808,
          -0.538104,
          1.447058
        ],
        [
          0.0,
          0.0,
          0.0,
          1.0
        ]
      ]
    },
    {
      "file_path": "/media/NFS/ttao/scannet/posed_images/scene0246_00/00476.jpg",
      "transform_matrix": [
        [
          0.917333,
          0.176907,
          -0.356658,
          5.433697
        ],
        [
          0.398015,
          -0.428251,
          0.811286,
          2.068058
        ],
        [
          -0.009217,
          -0.886174,
          -0.46326,
          1.487275
        ],
        [
          0.0,
          0.0,
          0.0,
          1.0
        ]
      ]
    },
    {
      "file_path": "/media/NFS/ttao/scannet/posed_images/scene0246_00/00485.jpg",
      "transform_matrix": [
        [
          0.907587,
          0.165219,
          -0.385989,
          5.421398
        ],
        [
          0.419606,
          -0.389116,
          0.820073,
          2.059357
        ],
        [
          -0.014703,
          -0.906251,
          -0.422483,
          1.486128
        ],
        [
          0.0,
          0.0,
          0.0,
          1.0
        ]
      ]
    },
    {
      "file_path": "/media/NFS/ttao/scannet/posed_images/scene0246_00/00491.jpg",
      "transform_matrix": [
        [
          0.893689,
          0.177092,
          -0.41226,
          5.392196
        ],
        [
          0.448397,
          -0.385528,
          0.806417,
          2.07501
        ],
        [
          -0.016128,
          -0.905542,
          -0.423949,
          1.478859
        ],
        [
          0.0,
          0.0,
          0.0,
          1.0
        ]
      ]
    },
    {
      "file_path": "/media/NFS/ttao/scannet/posed_images/scene0246_00/00500.jpg",
      "transform_matrix": [
        [
          0.877255,
          0.202623,
          -0.435164,
          5.308122
        ],
        [
          0.479917,
          -0.389386,
          0.786167,
          2.105229
        ],
        [
          -0.010151,
          -0.898512,
          -0.438833,
          1.454413
        ],
        [
          0.0,
          0.0,
          0.0,
          1.0
        ]
      ]
    },
    {
      "file_path": "/media/NFS/ttao/scannet/posed_images/scene0246_00/00515.jpg",
      "transform_matrix": [
        [
          0.6166,
          0.389475,
          -0.684188,
          5.168852
        ],
        [
          0.787129,
          -0.3218,
          0.526186,
          2.115097
        ],
        [
          -0.015235,
          -0.862991,
          -0.504989,
          1.42102
        ],
        [
          0.0,
          0.0,
          0.0,
          1.0
        ]
      ]
    },
    {
      "file_path": "/media/NFS/ttao/scannet/posed_images/scene0246_00/00524.jpg",
      "transform_matrix": [
        [
          0.459844,
          0.463746,
          -0.757286,
          5.064743
        ],
        [
          0.887319,
          -0.273343,
          0.371414,
          2.079365
        ],
        [
          -0.034757,
          -0.842747,
          -0.537186,
          1.406517
        ],
        [
          0.0,
          0.0,
          0.0,
          1.0
        ]
      ]
    },
    {
      "file_path": "/media/NFS/ttao/scannet/posed_images/scene0246_00/00538.jpg",
      "transform_matrix": [
        [
          0.215011,
          0.529628,
          -0.820527,
          4.908249
        ],
        [
          0.974624,
          -0.169946,
          0.145695,
          2.002039
        ],
        [
          -0.062281,
          -0.831031,
          -0.552728,
          1.392122
        ],
        [
          0.0,
          0.0,
          0.0,
          1.0
        ]
      ]
    },
    {
      "file_path": "/media/NFS/ttao/scannet/posed_images/scene0246_00/00544.jpg",
      "transform_matrix": [
        [
          0.102401,
          0.560533,
          -0.821776,
          4.862468
        ],
        [
          0.991765,
          -0.121405,
          0.040773,
          1.985532
        ],
        [
          -0.076913,
          -0.819184,
          -0.56835,
          1.385898
        ],
        [
          0.0,
          0.0,
          0.0,
          1.0
        ]
      ]
    },
    {
      "file_path": "/media/NFS/ttao/scannet/posed_images/scene0246_00/00556.jpg",
      "transform_matrix": [
        [
          -0.226313,
          0.554301,
          -0.800957,
          4.818153
        ],
        [
          0.970919,
          0.062451,
          -0.231117,
          2.018208
        ],
        [
          -0.078087,
          -0.82997,
          -0.552315,
          1.380648
        ],
        [
          0.0,
          0.0,
          0.0,
          1.0
        ]
      ]
    },
    {
      "file_path": "/media/NFS/ttao/scannet/posed_images/scene0246_00/00565.jpg",
      "transform_matrix": [
        [
          -0.417591,
          0.547759,
          -0.724967,
          4.811953
        ],
        [
          0.907723,
          0.215743,
          -0.359853,
          2.086465
        ],
        [
          -0.040706,
          -0.808341,
          -0.587306,
          1.372596
        ],
        [
          0.0,
          0.0,
          0.0,
          1.0
        ]
      ]
    },
    {
      "file_path": "/media/NFS/ttao/scannet/posed_images/scene0246_00/00577.jpg",
      "transform_matrix": [
        [
          -0.626097,
          0.488066,
          -0.608107,
          4.837458
        ],
        [
          0.776431,
          0.318394,
          -0.543857,
          2.136599
        ],
        [
          -0.07182,
          -0.81266,
          -0.578295,
          1.380439
        ],
        [
          0.0,
          0.0,
          0.0,
          1.0
        ]
      ]
    },
    {
      "file_path": "/media/NFS/ttao/scannet/posed_images/scene0246_00/00580.jpg",
      "transform_matrix": [
        [
          -0.670409,
          0.471826,
          -0.572654,
          4.841057
        ],
        [
          0.736839,
          0.332546,
          -0.588627,
          2.146046
        ],
        [
          -0.087296,
          -0.816574,
          -0.570602,
          1.38451
        ],
        [
          0.0,
          0.0,
          0.0,
          1.0
        ]
      ]
    },
    {
      "file_path": "/media/NFS/ttao/scannet/posed_images/scene0246_00/00598.jpg",
      "transform_matrix": [
        [
          -0.690501,
          0.456177,
          -0.561347,
          4.869391
        ],
        [
          0.719735,
          0.356018,
          -0.596014,
          2.128404
        ],
        [
          -0.072038,
          -0.81557,
          -0.574157,
          1.359443
        ],
        [
          0.0,
          0.0,
          0.0,
          1.0
        ]
      ]
    },
    {
      "file_path": "/media/NFS/ttao/scannet/posed_images/scene0246_00/00606.jpg",
      "transform_matrix": [
        [
          -0.6352,
          0.494402,
          -0.59337,
          4.873542
        ],
        [
          0.768253,
          0.32545,
          -0.551244,
          2.111256
        ],
        [
          -0.079424,
          -0.806008,
          -0.586552,
          1.358497
        ],
        [
          0.0,
          0.0,
          0.0,
          1.0
        ]
      ]
    },
    {
      "file_path": "/media/NFS/ttao/scannet/posed_images/scene0246_00/00612.jpg",
      "transform_matrix": [
        [
          -0.573575,
          0.522502,
          -0.630875,
          4.863675
        ],
        [
          0.814939,
          0.285953,
          -0.504089,
          2.099967
        ],
        [
          -0.082987,
          -0.803257,
          -0.589823,
          1.344689
        ],
        [
          0.0,
          0.0,
          0.0,
          1.0
        ]
      ]
    },
    {
      "file_path": "/media/NFS/ttao/scannet/posed_images/scene0246_00/00618.jpg",
      "transform_matrix": [
        [
          -0.539023,
          0.537255,
          -0.648699,
          4.825308
        ],
        [
          0.837965,
          0.264094,
          -0.477566,
          2.086165
        ],
        [
          -0.085257,
          -0.801006,
          -0.592554,
          1.333989
        ],
        [
          0.0,
          0.0,
          0.0,
          1.0
        ]
      ]
    },
    {
      "file_path": "/media/NFS/ttao/scannet/posed_images/scene0246_00/00633.jpg",
      "transform_matrix": [
        [
          -0.332109,
          0.497252,
          -0.801526,
          4.633512
        ],
        [
          0.941153,
          0.118183,
          -0.316644,
          2.073643
        ],
        [
          -0.062725,
          -0.859519,
          -0.50724,
          1.325334
        ],
        [
          0.0,
          0.0,
          0.0,
          1.0
        ]
      ]
    },
    {
      "file_path": "/media/NFS/ttao/scannet/posed_images/scene0246_00/00645.jpg",
      "transform_matrix": [
        [
          -0.048206,
          0.607724,
          -0.792684,
          4.527911
        ],
        [
          0.995472,
          -0.035859,
          -0.08803,
          2.083005
        ],
        [
          -0.081922,
          -0.793338,
          -0.603243,
          1.319286
        ],
        [
          0.0,
          0.0,
          0.0,
          1.0
        ]
      ]
    },
    {
      "file_path": "/media/NFS/ttao/scannet/posed_images/scene0246_00/00651.jpg",
      "transform_matrix": [
        [
          0.169538,
          0.63282,
          -0.75551,
          4.499301
        ],
        [
          0.983977,
          -0.151622,
          0.093807,
          2.105787
        ],
        [
          -0.055189,
          -0.759309,
          -0.648386,
          1.318961
        ],
        [
          0.0,
          0.0,
          0.0,
          1.0
        ]
      ]
    },
    {
      "file_path": "/media/NFS/ttao/scannet/posed_images/scene0246_00/00663.jpg",
      "transform_matrix": [
        [
          0.479034,
          0.586269,
          -0.653311,
          4.472763
        ],
        [
          0.877427,
          -0.341398,
          0.337,
          2.123529
        ],
        [
          -0.025466,
          -0.734667,
          -0.677949,
          1.323682
        ],
        [
          0.0,
          0.0,
          0.0,
          1.0
        ]
      ]
    },
    {
      "file_path": "/media/NFS/ttao/scannet/posed_images/scene0246_00/00674.jpg",
      "transform_matrix": [
        [
          0.671044,
          0.488602,
          -0.557644,
          4.495708
        ],
        [
          0.740665,
          -0.475648,
          0.474525,
          2.16714
        ],
        [
          -0.033388,
          -0.731455,
          -0.681072,
          1.321974
        ],
        [
          0.0,
          0.0,
          0.0,
          1.0
        ]
      ]
    },
    {
      "file_path": "/media/NFS/ttao/scannet/posed_images/scene0246_00/00683.jpg",
      "transform_matrix": [
        [
          0.767973,
          0.44695,
          -0.458752,
          4.533916
        ],
        [
          0.640434,
          -0.544679,
          0.541451,
          2.18513
        ],
        [
          -0.007871,
          -0.70962,
          -0.704541,
          1.321366
        ],
        [
          0.0,
          0.0,
          0.0,
          1.0
        ]
      ]
    },
    {
      "file_path": "/media/NFS/ttao/scannet/posed_images/scene0246_00/00695.jpg",
      "transform_matrix": [
        [
          0.845627,
          0.404417,
          -0.34837,
          4.604792
        ],
        [
          0.533598,
          -0.623702,
          0.5712,
          2.218901
        ],
        [
          0.013724,
          -0.668912,
          -0.743215,
          1.328279
        ],
        [
          0.0,
          0.0,
          0.0,
          1.0
        ]
      ]
    },
    {
      "file_path": "/media/NFS/ttao/scannet/posed_images/scene0246_00/00698.jpg",
      "transform_matrix": [
        [
          0.861822,
          0.38121,
          -0.334578,
          4.623219
        ],
        [
          0.507136,
          -0.6363,
          0.581323,
          2.223252
        ],
        [
          0.008714,
          -0.670673,
          -0.741702,
          1.330941
        ],
        [
          0.0,
          0.0,
          0.0,
          1.0
        ]
      ]
    },
    {
      "file_path": "/media/NFS/ttao/scannet/posed_images/scene0246_00/00716.jpg",
      "transform_matrix": [
        [
          0.910272,
          0.204212,
          -0.360142,
          4.688502
        ],
        [
          0.413557,
          -0.489254,
          0.767855,
          2.238001
        ],
        [
          -0.019395,
          -0.847897,
          -0.529807,
          1.423884
        ],
        [
          0.0,
          0.0,
          0.0,
          1.0
        ]
      ]
    },
    {
      "file_path": "/media/NFS/ttao/scannet/posed_images/scene0246_00/00722.jpg",
      "transform_matrix": [
        [
          0.894688,
          0.200366,
          -0.399233,
          4.680235
        ],
        [
          0.446442,
          -0.431012,
          0.784167,
          2.225072
        ],
        [
          -0.014954,
          -0.879819,
          -0.475073,
          1.447117
        ],
        [
          0.0,
          0.0,
          0.0,
          1.0
        ]
      ]
    },
    {
      "file_path": "/media/NFS/ttao/scannet/posed_images/scene0246_00/00731.jpg",
      "transform_matrix": [
        [
          0.885337,
          0.187714,
          -0.425372,
          4.678229
        ],
        [
          0.464897,
          -0.371105,
          0.803835,
          2.22011
        ],
        [
          -0.006967,
          -0.90942,
          -0.415821,
          1.469215
        ],
        [
          0.0,
          0.0,
          0.0,
          1.0
        ]
      ]
    },
    {
      "file_path": "/media/NFS/ttao/scannet/posed_images/scene0246_00/00737.jpg",
      "transform_matrix": [
        [
          0.884937,
          0.202825,
          -0.419223,
          4.68383
        ],
        [
          0.465643,
          -0.40061,
          0.789106,
          2.213226
        ],
        [
          -0.007895,
          -0.893517,
          -0.448959,
          1.442958
        ],
        [
          0.0,
          0.0,
          0.0,
          1.0
        ]
      ]
    },
    {
      "file_path": "/media/NFS/ttao/scannet/posed_images/scene0246_00/00754.jpg",
      "transform_matrix": [
        [
          0.888767,
          0.30691,
          -0.340442,
          4.704447
        ],
        [
          0.458317,
          -0.584838,
          0.669261,
          2.207835
        ],
        [
          0.006299,
          -0.750847,
          -0.660446,
          1.35113
        ],
        [
          0.0,
          0.0,
          0.0,
          1.0
        ]
      ]
    },
    {
      "file_path": "/media/NFS/ttao/scannet/posed_images/scene0246_00/00763.jpg",
      "transform_matrix": [
        [
          0.920899,
          0.230742,
          -0.314169,
          4.703965
        ],
        [
          0.38952,
          -0.514167,
          0.764138,
          2.24518
        ],
        [
          0.014783,
          -0.826069,
          -0.563374,
