{
  "frames": [
    {
      "file_path": "/media/NFS/ttao/scannet/posed_images/scene0620_01/00000.jpg",
      "transform_matrix": [
        [
          0.234003,
          0.575093,
          -0.783907,
          2.389282
        ],
        [
          0.97087,
          -0.095493,
          0.219757,
          2.52997
        ],
        [
          0.051523,
          -0.812496,
          -0.580686,
          1.40337
        ],
        [
          0.0,
          0.0,
          0.0,
          1.0
        ]
      ]
    },
    {
      "file_path": "/media/NFS/ttao/scannet/posed_images/scene0620_01/00001.jpg",
      "transform_matrix": [
        [
          0.231949,
          0.577836,
          -0.782499,
          2.390485
        ],
        [
          0.971067,
          -0.09056,
          0.220971,
          2.526529
        ],
        [
          0.056822,
          -0.811113,
          -0.582123,
          1.400231
        ],
        [
          0.0,
          0.0,
          0.0,
          1.0
        ]
      ]
    },
    {
      "file_path": "/media/NFS/ttao/scannet/posed_images/scene0620_01/00002.jpg",
      "transform_matrix": [
        [
          0.230687,
          0.580114,
          -0.781186,
          2.390024
        ],
        [
          0.971175,
          -0.087748,
          0.221628,
          2.527887
        ],
        [
          0.060022,
          -0.809795,
          -0.583635,
          1.399633
        ],
        [
          0.0,
          0.0,
          0.0,
          1.0
        ]
      ]
    },
    {
      "file_path": "/media/NFS/ttao/scannet/posed_images/scene0620_01/00004.jpg",
      "transform_matrix": [
        [
          0.225997,
          0.585016,
          -0.778897,
          2.388152
        ],
        [
          0.971695,
          -0.078905,
          0.222673,
          2.526684
        ],
        [
          0.068808,
          -0.807174,
          -0.58629,
          1.401394
        ],
        [
          0.0,
          0.0,
          0.0,
          1.0
        ]
      ]
    },
    {
      "file_path": "/media/NFS/ttao/scannet/posed_images/scene0620_01/00005.jpg",
      "transform_matrix": [
        [
          0.221343,
          0.585002,
          -0.780243,
          2.387718
        ],
        [
          0.972487,
          -0.072813,
          0.221287,
          2.525783
        ],
        [
          0.072641,
          -0.807757,
          -0.585024,
          1.402122
        ],
        [
          0.0,
          0.0,
          0.0,
          1.0
        ]
      ]
    },
    {
      "file_path": "/media/NFS/ttao/scannet/posed_images/scene0620_01/00007.jpg",
      "transform_matrix": [
        [
          0.21335,
          0.582494,
          -0.784335,
          2.387017
        ],
        [
          0.974174,
          -0.066077,
          0.215916,
          2.522936
        ],
        [
          0.073944,
          -0.810145,
          -0.581548,
          1.40584
        ],
        [
          0.0,
          0.0,
          0.0,
          1.0
        ]
      ]
    },
    {
      "file_path": "/media/NFS/ttao/scannet/posed_images/scene0620_01/00009.jpg",
      "transform_matrix": [
        [
          0.204654,
          0.575198,
          -0.792,
          2.389323
        ],
        [
          0.976466,
          -0.06372,
          0.206043,
          2.521079
        ],
        [
          0.068049,
          -0.815529,
          -0.574702,
          1.407938
        ],
        [
          0.0,
          0.0,
          0.0,
          1.0
        ]
      ]
    },
    {
      "file_path": "/media/NFS/ttao/scannet/posed_images/scene0620_01/00010.jpg",
      "transform_matrix": [
        [
          0.199849,
          0.572081,
          -0.795477,
          2.388659
        ],
        [
          0.977627,
          -0.062048,
          0.200988,
          2.515913
        ],
        [
          0.065624,
          -0.817847,
          -0.571681,
          1.413172
        ],
        [
          0.0,
          0.0,
          0.0,
          1.0
        ]
      ]
    },
    {
      "file_path": "/media/NFS/ttao/scannet/posed_images/scene0620_01/00012.jpg",
      "transform_matrix": [
        [
          0.194312,
          0.564642,
          -0.802136,
          2.389824
        ],
        [
          0.978915,
          -0.059106,
          0.19553,
          2.515684
        ],
        [
          0.062994,
          -0.823217,
          -0.564222,
          1.416393
        ],
        [
          0.0,
          0.0,
          0.0,
          1.0
        ]
      ]
    },
    {
      "file_path": "/media/NFS/ttao/scannet/posed_images/scene0620_01/00013.jpg",
      "transform_matrix": [
        [
          0.192784,
          0.561275,
          -0.804864,
          2.390231
        ],
        [
          0.97922,
          -0.057416,
          0.194507,
          2.515763
        ],
        [
          0.06296,
          -0.825636,
          -0.56068,
          1.418435
        ],
        [
          0.0,
          0.0,
          0.0,
          1.0
        ]
      ]
    },
    {
      "file_path": "/media/NFS/ttao/scannet/posed_images/scene0620_01/00014.jpg",
      "transform_matrix": [
        [
          0.192955,
          0.557451,
          -0.807476,
          2.391175
        ],
        [
          0.979198,
          -0.056759,
          0.194805,
          2.515365
        ],
        [
          0.062763,
          -0.828268,
          -0.556806,
          1.419577
        ],
        [
          0.0,
          0.0,
          0.0,
          1.0
        ]
      ]
    },
    {
      "file_path": "/media/NFS/ttao/scannet/posed_images/scene0620_01/00015.jpg",
      "transform_matrix": [
        [
          0.194278,
          0.546547,
          -0.814581,
          2.39168
        ],
        [
          0.97885,
          -0.053745,
          0.197396,
          2.515867
        ],
        [
          0.064106,
          -0.835702,
          -0.545429,
          1.422945
        ],
        [
          0.0,
          0.0,
          0.0,
          1.0
        ]
      ]
    },
    {
      "file_path": "/media/NFS/ttao/scannet/posed_images/scene0620_01/00017.jpg",
      "transform_matrix": [
        [
          0.204931,
          0.532309,
          -0.821371,
          2.390111
        ],
        [
          0.976543,
          -0.054542,
          0.208298,
          2.516609
        ],
        [
          0.06608,
          -0.844792,
          -0.531,
          1.428197
        ],
        [
          0.0,
          0.0,
          0.0,
          1.0
        ]
      ]
    },
    {
      "file_path": "/media/NFS/ttao/scannet/posed_images/scene0620_01/00018.jpg",
      "transform_matrix": [
        [
          0.20927,
          0.524375,
          -0.825371,
          2.388991
        ],
        [
          0.975885,
          -0.058404,
          0.210326,
          2.517935
        ],
        [
          0.062085,
          -0.849482,
          -0.523952,
          1.42968
        ],
        [
          0.0,
          0.0,
          0.0,
          1.0
        ]
      ]
    },
    {
      "file_path": "/media/NFS/ttao/scannet/posed_images/scene0620_01/00020.jpg",
      "transform_matrix": [
        [
          0.214108,
          0.506864,
          -0.835013,
          2.388623
        ],
        [
          0.975771,
          -0.071573,
          0.206755,
          2.514777
        ],
        [
          0.045033,
          -0.85905,
          -0.509907,
          1.431149
        ],
        [
          0.0,
          0.0,
          0.0,
          1.0
        ]
      ]
    },
    {
      "file_path": "/media/NFS/ttao/scannet/posed_images/scene0620_01/00021.jpg",
      "transform_matrix": [
        [
          0.213177,
          0.506645,
          -0.835384,
          2.383007
        ],
        [
          0.976079,
          -0.073051,
          0.204776,
          2.5155
        ],
        [
          0.042723,
          -0.859055,
          -0.510098,
          1.437714
        ],
        [
          0.0,
          0.0,
          0.0,
          1.0
        ]
      ]
    },
    {
      "file_path": "/media/NFS/ttao/scannet/posed_images/scene0620_01/00023.jpg",
      "transform_matrix": [
        [
          0.219635,
          0.502872,
          -0.835991,
          2.377911
        ],
        [
          0.974478,
          -0.072317,
          0.212518,
          2.516828
        ],
        [
          0.046413,
          -0.86133,
          -0.505921,
          1.438682
        ],
        [
          0.0,
          0.0,
          0.0,
          1.0
        ]
      ]
    },
    {
      "file_path": "/media/NFS/ttao/scannet/posed_images/scene0620_01/00025.jpg",
      "transform_matrix": [
        [
          0.234076,
          0.505095,
          -0.830715,
          2.367738
        ],
        [
          0.971367,
          -0.085752,
          0.221569,
          2.522498
        ],
        [
          0.040678,
          -0.858793,
          -0.510705,
          1.433805
        ],
        [
          0.0,
          0.0,
          0.0,
          1.0
        ]
      ]
    },
    {
      "file_path": "/media/NFS/ttao/scannet/posed_images/scene0620_01/00026.jpg",
      "transform_matrix": [
        [
          0.23295,
          0.494026,
          -0.837659,
          2.354665
        ],
        [
          0.972182,
          -0.096655,
          0.213356,
          2.525108
        ],
        [
          0.024439,
          -0.864058,
          -0.502798,
          1.437325
        ],
        [
          0.0,
          0.0,
          0.0,
          1.0
        ]
      ]
    },
    {
      "file_path": "/media/NFS/ttao/scannet/posed_images/scene0620_01/00027.jpg",
      "transform_matrix": [
        [
          0.228692,
          0.485135,
          -0.844005,
          2.347613
        ],
        [
          0.973368,
          -0.099707,
          0.206432,
          2.529001
        ],
        [
          0.015994,
          -0.868737,
          -0.495016,
          1.439504
        ],
        [
          0.0,
          0.0,
          0.0,
          1.0
        ]
      ]
    },
    {
      "file_path": "/media/NFS/ttao/scannet/posed_images/scene0620_01/00029.jpg",
      "transform_matrix": [
        [
          0.225264,
          0.473011,
          -0.851772,
          2.330988
        ],
        [
          0.974257,
          -0.101358,
          0.20137,
          2.53479
        ],
        [
          0.008916,
          -0.875207,
          -0.483667,
          1.443679
        ],
        [
          0.0,
          0.0,
          0.0,
          1.0
        ]
      ]
    },
    {
      "file_path": "/media/NFS/ttao/scannet/posed_images/scene0620_01/00030.jpg",
      "transform_matrix": [
        [
          0.223059,
          0.464309,
          -0.857124,
          2.32605
        ],
        [
          0.974799,
          -0.103117,
          0.197824,
          2.547728
        ],
        [
          0.003467,
          -0.87965,
          -0.475609,
          1.438447
        ],
        [
          0.0,
          0.0,
          0.0,
          1.0
        ]
      ]
    },
    {
      "file_path": "/media/NFS/ttao/scannet/posed_images/scene0620_01/00032.jpg",
      "transform_matrix": [
        [
          0.221908,
          0.455001,
          -0.862398,
          2.298612
        ],
        [
          0.97504,
          -0.096867,
          0.199785,
          2.557535
        ],
        [
          0.007364,
          -0.885207,
          -0.46514,
          1.447005
        ],
        [
          0.0,
          0.0,
          0.0,
          1.0
        ]
      ]
    },
    {
      "file_path": "/media/NFS/ttao/scannet/posed_images/scene0620_01/00033.jpg",
      "transform_matrix": [
        [
          0.214816,
          0.445259,
          -0.869252,
          2.288711
        ],
        [
          0.976618,
          -0.090216,
          0.195138,
          2.565761
        ],
        [
          0.008467,
          -0.890845,
          -0.454228,
          1.448601
        ],
        [
          0.0,
          0.0,
          0.0,
          1.0
        ]
      ]
    },
    {
      "file_path": "/media/NFS/ttao/scannet/posed_images/scene0620_01/00034.jpg",
      "transform_matrix": [
        [
          0.20745,
          0.4371,
          -0.875162,
          2.273687
        ],
        [
          0.978189,
          -0.083022,
          0.190406,
          2.572053
        ],
        [
          0.010569,
          -0.895573,
          -0.44479,
          1.452566
        ],
        [
          0.0,
          0.0,
          0.0,
          1.0
        ]
      ]
    },
    {
      "file_path": "/media/NFS/ttao/scannet/posed_images/scene0620_01/00036.jpg",
      "transform_matrix": [
        [
          0.201509,
          0.423451,
          -0.883223,
          2.250138
        ],
        [
          0.979251,
          -0.067317,
          0.191144,
          2.585402
        ],
        [
          0.021484,
          -0.903415,
          -0.428229,
          1.453603
        ],
        [
          0.0,
          0.0,
          0.0,
          1.0
        ]
      ]
    },
    {
      "file_path": "/media/NFS/ttao/scannet/posed_images/scene0620_01/00038.jpg",
      "transform_matrix": [
        [
          0.202989,
          0.417856,
          -0.885546,
          2.221311
        ],
        [
          0.978442,
          -0.051432,
          0.200014,
          2.599883
        ],
        [
          0.038032,
          -0.907056,
          -0.419288,
          1.46324
        ],
        [
          0.0,
          0.0,
          0.0,
          1.0
        ]
      ]
    },
    {
      "file_path": "/media/NFS/ttao/scannet/posed_images/scene0620_01/00039.jpg",
      "transform_matrix": [
        [
          0.205181,
          0.413967,
          -0.886866,
          2.207456
        ],
        [
          0.977748,
          -0.046234,
          0.204626,
          2.607584
        ],
        [
          0.043705,
          -0.909117,
          -0.414242,
          1.468501
        ],
        [
          0.0,
          0.0,
          0.0,
          1.0
        ]
      ]
    },
    {
      "file_path": "/media/NFS/ttao/scannet/posed_images/scene0620_01/00040.jpg",
      "transform_matrix": [
        [
          0.202707,
          0.402199,
          -0.89283,
          2.203103
        ],
        [
          0.978349,
          -0.044312,
          0.202162,
          2.627385
        ],
        [
          0.041746,
          -0.914479,
          -0.402474,
          1.463549
        ],
        [
          0.0,
          0.0,
          0.0,
          1.0
        ]
      ]
    },
    {
      "file_path": "/media/NFS/ttao/scannet/posed_images/scene0620_01/00042.jpg",
      "transform_matrix": [
        [
          0.206116,
          0.384994,
          -0.899609,
          2.181303
        ],
        [
          0.9777,
          -0.043218,
          0.205513,
          2.643176
        ],
        [
          0.040242,
          -0.921907,
          -0.385316,
          1.476826
        ],
        [
          0.0,
          0.0,
          0.0,
          1.0
        ]
      ]
    },
    {
      "file_path": "/media/NFS/ttao/scannet/posed_images/scene0620_01/00043.jpg",
      "transform_matrix": [
        [
          0.207839,
          0.377616,
          -0.902335,
          2.171797
        ],
        [
          0.977542,
          -0.047307,
          0.205364,
          2.64923
        ],
        [
          0.034862,
          -0.924753,
          -0.378967,
          1.47903
        ],
        [
          0.0,
          0.0,
          0.0,
          1.0
        ]
      ]
    },
    {
      "file_path": "/media/NFS/ttao/scannet/posed_images/scene0620_01/00045.jpg",
      "transform_matrix": [
        [
          0.205676,
          0.372489,
          -0.904958,
          2.153995
        ],
        [
          0.978496,
          -0.06357,
          0.196224,
          2.66485
        ],
        [
          0.015563,
          -0.925857,
          -0.377554,
          1.485338
        ],
        [
          0.0,
          0.0,
          0.0,
          1.0
        ]
      ]
    },
    {
      "file_path": "/media/NFS/ttao/scannet/posed_images/scene0620_01/00046.jpg",
      "transform_matrix": [
        [
          0.200543,
          0.368577,
          -0.907708,
          2.148483
        ],
        [
          0.979669,
          -0.070105,
          0.187975,
          2.674026
        ],
        [
          0.005648,
          -0.92695,
          -0.375143,
          1.485673
        ],
        [
          0.0,
          0.0,
          0.0,
          1.0
        ]
      ]
    },
    {
      "file_path": "/media/NFS/ttao/scannet/posed_images/scene0620_01/00048.jpg",
      "transform_matrix": [
        [
          0.188471,
          0.361509,
          -0.913121,
          2.135374
        ],
        [
          0.982063,
          -0.074612,
          0.173162,
          2.691082
        ],
        [
          -0.00553,
          -0.929379,
          -0.369087,
          1.490999
        ],
        [
          0.0,
          0.0,
          0.0,
          1.0
        ]
      ]
    },
    {
      "file_path": "/media/NFS/ttao/scannet/posed_images/scene0620_01/00049.jpg",
      "transform_matrix": [
        [
          0.184414,
          0.356743,
          -0.91582,
          2.131028
        ],
        [
          0.982821,
          -0.07394,
          0.169103,
          2.69907
        ],
        [
          -0.00739,
          -0.931272,
          -0.36425,
          1.490288
        ],
        [
          0.0,
          0.0,
          0.0,
          1.0
        ]
      ]
    },
    {
      "file_path": "/media/NFS/ttao/scannet/posed_images/scene0620_01/00051.jpg",
      "transform_matrix": [
        [
          0.180167,
          0.349226,
          -0.919555,
          2.123284
        ],
        [
          0.983601,
          -0.071899,
          0.16541,
          2.715934
        ],
        [
          -0.00835,
          -0.934276,
          -0.356453,
          1.478716
        ],
        [
          0.0,
          0.0,
          0.0,
          1.0
        ]
      ]
    },
    {
      "file_path": "/media/NFS/ttao/scannet/posed_images/scene0620_01/00052.jpg",
      "transform_matrix": [
        [
          0.176994,
          0.350472,
          -0.919697,
          2.117312
        ],
        [
          0.984158,
          -0.072869,
          0.161631,
          2.726171
        ],
        [
          -0.01037,
          -0.933734,
          -0.357817,
          1.478979
        ],
        [
          0.0,
          0.0,
          0.0,
          1.0
        ]
      ]
    },
    {
      "file_path": "/media/NFS/ttao/scannet/posed_images/scene0620_01/00053.jpg",
      "transform_matrix": [
        [
          0.172353,
          0.350736,
          -0.920477,
          2.113482
        ],
        [
          0.984952,
          -0.073515,
          0.156414,
          2.736311
        ],
        [
          -0.012809,
          -0.933584,
          -0.358129,
          1.478136
        ],
        [
          0.0,
          0.0,
          0.0,
          1.0
        ]
      ]
    },
    {
      "file_path": "/media/NFS/ttao/scannet/posed_images/scene0620_01/00055.jpg",
      "transform_matrix": [
        [
          0.155274,
          0.360889,
          -0.919592,
          2.109354
        ],
        [
          0.987744,
          -0.071665,
          0.138657,
          2.758108
        ],
        [
          -0.015863,
          -0.929851,
          -0.367593,
          1.473288
        ],
        [
          0.0,
          0.0,
          0.0,
          1.0
        ]
      ]
    },
    {
      "file_path": "/media/NFS/ttao/scannet/posed_images/scene0620_01/00056.jpg",
      "transform_matrix": [
        [
          0.146277,
          0.364526,
          -0.919632,
          2.104379
        ],
        [
          0.989152,
          -0.066531,
          0.130963,
          2.767006
        ],
        [
          -0.013444,
          -0.928813,
          -0.370304,
          1.47407
        ],
        [
          0.0,
          0.0,
          0.0,
          1.0
        ]
      ]
    },
    {
      "file_path": "/media/NFS/ttao/scannet/posed_images/scene0620_01/00058.jpg",
      "transform_matrix": [
        [
          0.120164,
          0.355816,
          -0.926798,
          2.096423
        ],
        [
          0.992689,
          -0.053718,
          0.108084,
          2.790001
        ],
        [
          -0.011327,
          -0.933011,
          -0.35967,
          1.485198
        ],
        [
          0.0,
          0.0,
          0.0,
          1.0
        ]
      ]
    },
    {
      "file_path": "/media/NFS/ttao/scannet/posed_images/scene0620_01/00060.jpg",
      "transform_matrix": [
        [
          0.090455,
          0.334016,
          -0.938217,
          2.091232
        ],
        [
          0.995894,
          -0.033705,
          0.084016,
          2.817405
        ],
        [
          -0.00356,
          -0.941965,
          -0.335693,
          1.496898
        ],
        [
          0.0,
          0.0,
          0.0,
          1.0
        ]
      ]
    },
    {
      "file_path": "/media/NFS/ttao/scannet/posed_images/scene0620_01/00061.jpg",
      "transform_matrix": [
        [
          0.077574,
          0.320187,
          -0.944173,
          2.088572
        ],
        [
          0.996987,
          -0.024409,
          0.073636,
          2.832302
        ],
        [
          0.000531,
          -0.94704,
          -0.321115,
          1.502814
        ],
        [
          0.0,
          0.0,
          0.0,
          1.0
        ]
      ]
    },
    {
      "file_path": "/media/NFS/ttao/scannet/posed_images/scene0620_01/00062.jpg",
      "transform_matrix": [
        [
          0.065867,
          0.3037,
          -0.950488,
          2.088998
        ],
        [
          0.997824,
          -0.01725,
          0.063636,
          2.844682
        ],
        [
          0.00293,
          -0.952611,
          -0.304175,
          1.499145
        ],
        [
          0.0,
          0.0,
          0.0,
          1.0
        ]
      ]
    },
    {
      "file_path": "/media/NFS/ttao/scannet/posed_images/scene0620_01/00064.jpg",
      "transform_matrix": [
        [
          0.045372,
          0.29269,
          -0.95513,
          2.08644
        ],
        [
          0.998935,
          -0.005241,
          0.045847,
          2.869747
        ],
        [
          0.008414,
          -0.956193,
          -0.292616,
          1.499093
        ],
        [
          0.0,
          0.0,
          0.0,
          1.0
        ]
      ]
    },
    {
      "file_path": "/media/NFS/ttao/scannet/posed_images/scene0620_01/00065.jpg",
      "transform_matrix": [
        [
          0.039379,
          0.291759,
          -0.955681,
          2.082738
        ],
        [
          0.999149,
          0.000226,
          0.041239,
          2.881423
        ],
        [
          0.012248,
          -0.956492,
          -0.291502,
          1.500624
        ],
        [
          0.0,
          0.0,
          0.0,
          1.0
        ]
      ]
    },
    {
      "file_path": "/media/NFS/ttao/scannet/posed_images/scene0620_01/00066.jpg",
      "transform_matrix": [
        [
          0.034958,
          0.291509,
          -0.955929,
          2.077638
        ],
        [
          0.999239,
          0.006358,
          0.03848,
          2.89152
        ],
        [
          0.017295,
          -0.956547,
          -0.291065,
          1.506781
        ],
        [
          0.0,
          0.0,
          0.0,
          1.0
        ]
      ]
    },
    {
      "file_path": "/media/NFS/ttao/scannet/posed_images/scene0620_01/00068.jpg",
      "transform_matrix": [
        [
          0.029,
          0.274459,
          -0.961161,
          2.067199
        ],
        [
          0.999341,
          0.013021,
          0.03387,
          2.912939
        ],
        [
          0.021811,
          -0.961511,
          -0.2739,
          1.514297
        ],
        [
          0.0,
          0.0,
          0.0,
          1.0
        ]
      ]
    },
    {
      "file_path": "/media/NFS/ttao/scannet/posed_images/scene0620_01/00069.jpg",
      "transform_matrix": [
        [
          0.031693,
          0.263004,
          -0.964274,
          2.064844
        ],
        [
          0.999324,
          0.009624,
          0.03547,
          2.917799
        ],
        [
          0.018609,
          -0.964747,
          -0.262521,
          1.506892
        ],
        [
          0.0,
          0.0,
          0.0,
          1.0
        ]
      ]
    },
    {
      "file_path": "/media/NFS/ttao/scannet/posed_images/scene0620_01/00071.jpg",
      "transform_matrix": [
        [
          0.027731,
          0.267021,
          -0.963292,
          2.049697
        ],
        [
          0.99956,
          0.002748,
          0.029537,
          2.928485
        ],
        [
          0.010534,
          -0.963687,
          -0.266827,
          1.511789
        ],
        [
          0.0,
          0.0,
          0.0,
          1.0
        ]
      ]
    },
    {
      "file_path": "/media/NFS/ttao/scannet/posed_images/scene0620_01/00073.jpg",
      "transform_matrix": [
        [
          0.014517,
          0.261887,
          -0.964989,
          2.033518
        ],
        [
          0.999816,
          0.008326,
          0.017301,
          2.939099
        ],
        [
          0.012565,
          -0.965063,
          -0.261718,
          1.517191
        ],
        [
          0.0,
          0.0,
          0.0,
          1.0
        ]
      ]
    },
    {
      "file_path": "/media/NFS/ttao/scannet/posed_images/scene0620_01/00074.jpg",
      "transform_matrix": [
        [
          0.006712,
          0.257617,
          -0.966224,
          2.025561
        ],
        [
          0.999863,
          0.012894,
          0.010383,
          2.943284
        ],
        [
          0.015134,
          -0.966161,
          -0.257495,
          1.520511
        ],
        [
          0.0,
          0.0,
          0.0,
          1.0
        ]
      ]
    },
    {
      "file_path": "/media/NFS/ttao/scannet/posed_images/scene0620_01/00075.jpg",
      "transform_matrix": [
        [
          -0.002502,
          0.250364,
          -0.968148,
          2.017729
        ],
        [
          0.99981,
          0.019343,
          0.002419,
          2.946414
        ],
        [
          0.019332,
          -0.967958,
          -0.250365,
          1.526493
        ],
        [
          0.0,
          0.0,
          0.0,
          1.0
        ]
      ]
    },
    {
      "file_path": "/media/NFS/ttao/scannet/posed_images/scene0620_01/00077.jpg",
      "transform_matrix": [
        [
          -0.022316,
          0.231137,
          -0.972665,
          2.001381
        ],
        [
          0.999392,
          0.031219,
          -0.015511,
          2.946848
        ],
        [
          0.02678,
          -0.97242,
          -0.231693,
          1.52077
        ],
        [
          0.0,
          0.0,
          0.0,
          1.0
        ]
      ]
    },
    {
      "file_path": "/media/NFS/ttao/scannet/posed_images/scene0620_01/00078.jpg",
      "transform_matrix": [
        [
          -0.035738,
          0.225045,
          -0.973693,
          1.99303
        ],
        [
          0.998881,
          0.038254,
          -0.027821,
          2.949432
        ],
        [
          0.030987,
          -0.973597,
          -0.22616,
          1.518655
        ],
        [
          0.0,
          0.0,
          0.0,
          1.0
        ]
      ]
    },
    {
      "file_path": "/media/NFS/ttao/scannet/posed_images/scene0620_01/00080.jpg",
      "transform_matrix": [
        [
          -0.062186,
          0.214101,
          -0.97483,
          1.972931
        ],
        [
          0.997072,
          0.056886,
          -0.051111,
          2.957836
        ],
        [
          0.044511,
          -0.975154,
          -0.217012,
          1.505554
        ],
        [
          0.0,
          0.0,
          0.0,
          1.0
        ]
      ]
    },
    {
      "file_path": "/media/NFS/ttao/scannet/posed_images/scene0620_01/00081.jpg",
      "transform_matrix": [
        [
          -0.071912,
          0.219066,
          -0.973056,
          1.962379
        ],
        [
          0.996266,
          0.062508,
          -0.059555,
          2.957949
        ],
        [
          0.047777,
          -0.973706,
          -0.222743,
          1.501053
        ],
        [
          0.0,
          0.0,
          0.0,
          1.0
        ]
      ]
    },
    {
      "file_path": "/media/NFS/ttao/scannet/posed_images/scene0620_01/00083.jpg",
      "transform_matrix": [
        [
          -0.093297,
          0.23568,
          -0.967342,
          1.938871
        ],
        [
          0.993966,
          0.078346,
          -0.076777,
          2.96112
        ],
        [
          0.057693,
          -0.968668,
          -0.241567,
          1.501449
        ],
        [
          0.0,
          0.0,
          0.0,
          1.0
        ]
      ]
    },
    {
      "file_path": "/media/NFS/ttao/scannet/posed_images/scene0620_01/00084.jpg",
      "transform_matrix": [
        [
          -0.103748,
          0.238151,
          -0.965671,
          1.928447
        ],
        [
          0.992744,
          0.084141,
          -0.085906,
          2.965251
        ],
        [
          0.060794,
          -0.967576,
          -0.245153,
          1.499302
        ],
        [
          0.0,
          0.0,
          0.0,
          1.0
        ]
      ]
    },
    {
      "file_path": "/media/NFS/ttao/scannet/posed_images/scene0620_01/00085.jpg",
      "transform_matrix": [
        [
          -0.113238,
          0.241897,
          -0.963672,
          1.917601
        ],
        [
          0.991571,
          0.088975,
          -0.094182,
          2.966771
        ],
        [
          0.06296,
          -0.966214,
          -0.249933,
          1.501262
        ],
        [
          0.0,
          0.0,
          0.0,
          1.0
        ]
      ]
    },
    {
      "file_path": "/media/NFS/ttao/scannet/posed_images/scene0620_01/00087.jpg",
      "transform_matrix": [
        [
          -0.135895,
          0.24188,
          -0.960743,
          1.899948
        ],
        [
          0.988721,
          0.094733,
          -0.116002,
          2.973301
        ],
        [
          0.062956,
          -0.96567,
          -0.252026,
          1.504424
        ],
        [
          0.0,
          0.0,
          0.0,
          1.0
        ]
      ]
    },
    {
      "file_path": "/media/NFS/ttao/scannet/posed_images/scene0620_01/00089.jpg",
      "transform_matrix": [
        [
          -0.159034,
          0.241638,
          -0.957246,
          1.886511
        ],
        [
          0.985558,
          0.095989,
          -0.139508,
          2.981606
        ],
        [
          0.058175,
          -0.965607,
          -0.253414,
          1.507396
        ],
        [
          0.0,
          0.0,
          0.0,
          1.0
        ]
      ]
    },
    {
      "file_path": "/media/NFS/ttao/scannet/posed_images/scene0620_01/00090.jpg",
      "transform_matrix": [
        [
          -0.17919,
          0.240218,
          -0.954037,
          1.88039
        ],
        [
          0.982495,
          0.093903,
          -0.160891,
          2.997962
        ],
        [
          0.050938,
          -0.966166,
          -0.25284,
          1.506904
        ],
        [
          0.0,
          0.0,
          0.0,
          1.0
        ]
      ]
    },
    {
      "file_path": "/media/NFS/ttao/scannet/posed_images/scene0620_01/00092.jpg",
      "transform_matrix": [
        [
          -0.207913,
          0.242035,
          -0.94773,
          1.871385
        ],
        [
          0.977536,
          0.085675,
          -0.192572,
          3.001127
        ],
        [
          0.034587,
          -0.966478,
          -0.254411,
          1.519376
        ],
        [
          0.0,
          0.0,
          0.0,
          1.0
        ]
      ]
    },
    {
      "file_path": "/media/NFS/ttao/scannet/posed_images/scene0620_01/00093.jpg",
      "transform_matrix": [
        [
          -0.223573,
          0.238728,
          -0.944999,
          1.870189
        ],
        [
          0.974283,
          0.082652,
          -0.209622,
          3.002589
        ],
        [
          0.028063,
          -0.967563,
          -0.251067,
          1.521892
        ],
        [
          0.0,
          0.0,
          0.0,
          1.0
        ]
      ]
    },
    {
      "file_path": "/media/NFS/ttao/scannet/posed_images/scene0620_01/00094.jpg",
      "transform_matrix": [
        [
          -0.260668,
          0.235904,
          -0.936163,
          1.863633
        ],
        [
          0.965236,
          0.083042,
          -0.247837,
          3.010533
        ],
        [
          0.019275,
          -0.968222,
          -0.24935,
          1.524619
        ],
        [
          0.0,
          0.0,
          0.0,
          1.0
        ]
      ]
    },
    {
      "file_path": "/media/NFS/ttao/scannet/posed_images/scene0620_01/00095.jpg",
      "transform_matrix": [
        [
          -0.280574,
          0.232068,
          -0.931355,
          1.862026
        ],
        [
          0.95966,
          0.086243,
          -0.267612,
          3.015689
        ],
        [
          0.018218,
          -0.968869,
          -0.246904,
          1.52507
        ],
        [
          0.0,
          0.0,
          0.0,
          1.0
        ]
      ]
    },
    {
      "file_path": "/media/NFS/ttao/scannet/posed_images/scene0620_01/00097.jpg",
      "transform_matrix": [
        [
          -0.320481,
          0.232942,
          -0.918167,
          1.861809
        ],
        [
          0.94716,
          0.092526,
          -0.307127,
          3.02283
        ],
        [
          0.013412,
          -0.968079,
          -0.250286,
          1.514109
        ],
        [
          0.0,
          0.0,
          0.0,
          1.0
        ]
      ]
    },
    {
      "file_path": "/media/NFS/ttao/scannet/posed_images/scene0620_01/00099.jpg",
      "transform_matrix": [
        [
          -0.367809,
          0.24582,
          -0.896821,
          1.86495
        ],
        [
          0.929863,
          0.105923,
          -0.352327,
          3.029744
        ],
        [
          0.008385,
          -0.963511,
          -0.267538,
          1.524996
        ],
        [
          0.0,
          0.0,
          0.0,
          1.0
        ]
      ]
    },
    {
      "file_path": "/media/NFS/ttao/scannet/posed_images/scene0620_01/00100.jpg",
      "transform_matrix": [
        [
          -0.398893,
          0.242546,
          -0.884339,
          1.862961
        ],
        [
          0.916956,
          0.11465,
          -0.38216,
          3.044686
        ],
        [
          0.008699,
          -0.963342,
          -0.268137,
          1.526474
        ],
        [
          0.0,
          0.0,
          0.0,
          1.0
        ]
      ]
    },
    {
      "file_path": "/media/NFS/ttao/scannet/posed_images/scene0620_01/00102.jpg",
      "transform_matrix": [
        [
          -0.440788,
          0.236839,
          -0.865802,
          1.868427
        ],
        [
          0.897526,
          0.129556,
          -0.421499,
          3.04785
        ],
        [
          0.012342,
          -0.962872,
          -0.269676,
          1.53228
        ],
        [
          0.0,
          0.0,
          0.0,
          1.0
        ]
      ]
    },
    {
      "file_path": "/media/NFS/ttao/scannet/posed_images/scene0620_01/00103.jpg",
      "transform_matrix": [
        [
          -0.459391,
          0.23191,
          -0.857425,
          1.871736
        ],
        [
          0.888137,
          0.134253,
          -0.439534,
          3.051328
        ],
        [
          0.013179,
          -0.963428,
          -0.267643,
          1.534621
        ],
        [
          0.0,
          0.0,
          0.0,
          1.0
        ]
      ]
    },
    {
      "file_path": "/media/NFS/ttao/scannet/posed_images/scene0620_01/00104.jpg",
      "transform_matrix": [
        [
          -0.476665,
          0.228139,
          -0.848966,
          1.874373
        ],
        [
          0.878995,
          0.137487,
          -0.45658,
          3.054202
        ],
        [
          0.012559,
          -0.963872,
          -0.266068,
          1.534412
        ],
        [
          0.0,
          0.0,
          0.0,
          1.0
        ]
      ]
    },
    {
      "file_path": "/media/NFS/ttao/scannet/posed_images/scene0620_01/00106.jpg",
      "transform_matrix": [
        [
          -0.508634,
          0.225002,
          -0.831063,
          1.884942
        ],
        [
          0.860909,
          0.145553,
          -0.487493,
          3.056429
        ],
        [
          0.011277,
          -0.963425,
          -0.267739,
          1.53716
        ],
        [
          0.0,
          0.0,
          0.0,
          1.0
        ]
      ]
    },
    {
      "file_path": "/media/NFS/ttao/scannet/posed_images/scene0620_01/00107.jpg",
      "transform_matrix": [
        [
          -0.525409,
          0.222827,
          -0.821153,
          1.888796
        ],
        [
          0.85079,
          0.149028,
          -0.503932,
          3.058439
        ],
        [
          0.010085,
          -0.963399,
          -0.26788,
          1.537341
        ],
        [
          0.0,
          0.0,
          0.0,
          1.0
        ]
      ]
    },
    {
      "file_path": "/media/NFS/ttao/scannet/posed_images/scene0620_01/00109.jpg",
      "transform_matrix": [
        [
          -0.557994,
          0.223852,
          -0.799082,
          1.901263
        ],
        [
          0.829837,
          0.154813,
          -0.536101,
          3.062854
        ],
        [
          0.003701,
          -0.962249,
          -0.272145,
          1.529273
        ],
        [
          0.0,
          0.0,
          0.0,
          1.0
        ]
      ]
    },
    {
      "file_path": "/media/NFS/ttao/scannet/posed_images/scene0620_01/00110.jpg",
      "transform_matrix": [
        [
          -0.578706,
          0.229872,
          -0.782469,
          1.897836
        ],
        [
          0.81551,
          0.155421,
          -0.557483,
          3.076752
        ],
        [
          -0.006537,
          -0.96073,
          -0.277406,
          1.523311
        ],
        [
          0.0,
          0.0,
          0.0,
          1.0
        ]
      ]
    },
    {
      "file_path": "/media/NFS/ttao/scannet/posed_images/scene0620_01/00112.jpg",
      "transform_matrix": [
        [
          -0.601381,
          0.250184,
          -0.758781,
          1.907009
        ],
        [
          0.798853,
          0.172548,
          -0.576248,
          3.079324
        ],
        [
          -0.013242,
          -0.952699,
          -0.303627,
          1.515975
        ],
        [
          0.0,
          0.0,
          0.0,
