{
  "frames": [
    {
      "file_path": "/media/NFS/ttao/scannet/posed_images/scene0695_00/00000.jpg",
      "transform_matrix": [
        [
          -0.998518,
          -0.015793,
          0.052082,
          4.305607
        ],
        [
          -0.053155,
          0.077618,
          -0.995565,
          1.277863
        ],
        [
          0.011681,
          -0.996858,
          -0.078342,
          1.493962
        ],
        [
          0.0,
          0.0,
          0.0,
          1.0
        ]
      ]
    },
    {
      "file_path": "/media/NFS/ttao/scannet/posed_images/scene0695_00/00005.jpg",
      "transform_matrix": [
        [
          -0.998872,
          -0.009527,
          0.046529,
          4.302869
        ],
        [
          -0.047196,
          0.089387,
          -0.994878,
          1.271814
        ],
        [
          0.005319,
          -0.995952,
          -0.089736,
          1.490531
        ],
        [
          0.0,
          0.0,
          0.0,
          1.0
        ]
      ]
    },
    {
      "file_path": "/media/NFS/ttao/scannet/posed_images/scene0695_00/00013.jpg",
      "transform_matrix": [
        [
          -0.997742,
          0.014774,
          0.065515,
          4.286234
        ],
        [
          -0.064119,
          0.080707,
          -0.994673,
          1.273078
        ],
        [
          -0.019983,
          -0.996628,
          -0.079577,
          1.522271
        ],
        [
          0.0,
          0.0,
          0.0,
          1.0
        ]
      ]
    },
    {
      "file_path": "/media/NFS/ttao/scannet/posed_images/scene0695_00/00016.jpg",
      "transform_matrix": [
        [
          -0.997767,
          0.020224,
          0.063664,
          4.283676
        ],
        [
          -0.061866,
          0.079681,
          -0.994899,
          1.272988
        ],
        [
          -0.025194,
          -0.996615,
          -0.078252,
          1.521227
        ],
        [
          0.0,
          0.0,
          0.0,
          1.0
        ]
      ]
    },
    {
      "file_path": "/media/NFS/ttao/scannet/posed_images/scene0695_00/00027.jpg",
      "transform_matrix": [
        [
          -0.998861,
          0.011111,
          0.046406,
          4.270157
        ],
        [
          -0.045672,
          0.059094,
          -0.997207,
          1.276614
        ],
        [
          -0.013822,
          -0.998191,
          -0.058519,
          1.533153
        ],
        [
          0.0,
          0.0,
          0.0,
          1.0
        ]
      ]
    },
    {
      "file_path": "/media/NFS/ttao/scannet/posed_images/scene0695_00/00029.jpg",
      "transform_matrix": [
        [
          -0.998889,
          0.009922,
          0.046072,
          4.269504
        ],
        [
          -0.045449,
          0.055893,
          -0.997402,
          1.278052
        ],
        [
          -0.012471,
          -0.998388,
          -0.05538,
          1.533403
        ],
        [
          0.0,
          0.0,
          0.0,
          1.0
        ]
      ]
    },
    {
      "file_path": "/media/NFS/ttao/scannet/posed_images/scene0695_00/00040.jpg",
      "transform_matrix": [
        [
          -0.997189,
          0.013992,
          0.073609,
          4.274574
        ],
        [
          -0.073003,
          0.039807,
          -0.996537,
          1.28871
        ],
        [
          -0.016874,
          -0.999109,
          -0.038673,
          1.537398
        ],
        [
          0.0,
          0.0,
          0.0,
          1.0
        ]
      ]
    },
    {
      "file_path": "/media/NFS/ttao/scannet/posed_images/scene0695_00/00042.jpg",
      "transform_matrix": [
        [
          -0.99763,
          0.009355,
          0.068164,
          4.27446
        ],
        [
          -0.067757,
          0.038465,
          -0.99696,
          1.289801
        ],
        [
          -0.011949,
          -0.999216,
          -0.03774,
          1.535395
        ],
        [
          0.0,
          0.0,
          0.0,
          1.0
        ]
      ]
    },
    {
      "file_path": "/media/NFS/ttao/scannet/posed_images/scene0695_00/00047.jpg",
      "transform_matrix": [
        [
          -0.999478,
          0.002018,
          0.032253,
          4.265944
        ],
        [
          -0.032156,
          0.037126,
          -0.998793,
          1.290485
        ],
        [
          -0.003213,
          -0.999309,
          -0.037042,
          1.532317
        ],
        [
          0.0,
          0.0,
          0.0,
          1.0
        ]
      ]
    },
    {
      "file_path": "/media/NFS/ttao/scannet/posed_images/scene0695_00/00058.jpg",
      "transform_matrix": [
        [
          -0.996562,
          -0.005161,
          -0.082689,
          4.247983
        ],
        [
          0.082292,
          0.05402,
          -0.995143,
          1.280614
        ],
        [
          0.009603,
          -0.998527,
          -0.053409,
          1.537688
        ],
        [
          0.0,
          0.0,
          0.0,
          1.0
        ]
      ]
    },
    {
      "file_path": "/media/NFS/ttao/scannet/posed_images/scene0695_00/00062.jpg",
      "transform_matrix": [
        [
          -0.994302,
          -0.001478,
          -0.106589,
          4.230201
        ],
        [
          0.106367,
          0.052145,
          -0.992959,
          1.279253
        ],
        [
          0.007026,
          -0.998639,
          -0.051691,
          1.542439
        ],
        [
          0.0,
          0.0,
          0.0,
          1.0
        ]
      ]
    },
    {
      "file_path": "/media/NFS/ttao/scannet/posed_images/scene0695_00/00067.jpg",
      "transform_matrix": [
        [
          -0.988536,
          -0.000162,
          -0.150984,
          4.217498
        ],
        [
          0.150765,
          0.052899,
          -0.987153,
          1.275912
        ],
        [
          0.008147,
          -0.9986,
          -0.052268,
          1.539293
        ],
        [
          0.0,
          0.0,
          0.0,
          1.0
        ]
      ]
    },
    {
      "file_path": "/media/NFS/ttao/scannet/posed_images/scene0695_00/00076.jpg",
      "transform_matrix": [
        [
          -0.968455,
          0.007458,
          -0.249076,
          4.182495
        ],
        [
          0.249151,
          0.046099,
          -0.967367,
          1.262892
        ],
        [
          0.004267,
          -0.998909,
          -0.046503,
          1.551616
        ],
        [
          0.0,
          0.0,
          0.0,
          1.0
        ]
      ]
    },
    {
      "file_path": "/media/NFS/ttao/scannet/posed_images/scene0695_00/00082.jpg",
      "transform_matrix": [
        [
          -0.947742,
          0.019913,
          -0.318415,
          4.15899
        ],
        [
          0.319006,
          0.04513,
          -0.946678,
          1.254998
        ],
        [
          -0.004481,
          -0.998783,
          -0.049124,
          1.553084
        ],
        [
          0.0,
          0.0,
          0.0,
          1.0
        ]
      ]
    },
    {
      "file_path": "/media/NFS/ttao/scannet/posed_images/scene0695_00/00086.jpg",
      "transform_matrix": [
        [
          -0.924935,
          0.026341,
          -0.379211,
          4.153296
        ],
        [
          0.379984,
          0.036924,
          -0.924256,
          1.245803
        ],
        [
          -0.010344,
          -0.998971,
          -0.044162,
          1.555412
        ],
        [
          0.0,
          0.0,
          0.0,
          1.0
        ]
      ]
    },
    {
      "file_path": "/media/NFS/ttao/scannet/posed_images/scene0695_00/00095.jpg",
      "transform_matrix": [
        [
          -0.854058,
          0.010022,
          -0.520081,
          4.134535
        ],
        [
          0.520119,
          0.001365,
          -0.854093,
          1.228815
        ],
        [
          -0.00785,
          -0.999949,
          -0.006379,
          1.545368
        ],
        [
          0.0,
          0.0,
          0.0,
          1.0
        ]
      ]
    },
    {
      "file_path": "/media/NFS/ttao/scannet/posed_images/scene0695_00/00100.jpg",
      "transform_matrix": [
        [
          -0.815236,
          0.005463,
          -0.579102,
          4.124357
        ],
        [
          0.579128,
          0.00823,
          -0.815195,
          1.220731
        ],
        [
          0.000312,
          -0.999951,
          -0.009873,
          1.545174
        ],
        [
          0.0,
          0.0,
          0.0,
          1.0
        ]
      ]
    },
    {
      "file_path": "/media/NFS/ttao/scannet/posed_images/scene0695_00/00102.jpg",
      "transform_matrix": [
        [
          -0.798414,
          0.007301,
          -0.602065,
          4.122496
        ],
        [
          0.602106,
          0.006338,
          -0.798391,
          1.218087
        ],
        [
          -0.002013,
          -0.999953,
          -0.009456,
          1.547042
        ],
        [
          0.0,
          0.0,
          0.0,
          1.0
        ]
      ]
    },
    {
      "file_path": "/media/NFS/ttao/scannet/posed_images/scene0695_00/00113.jpg",
      "transform_matrix": [
        [
          -0.705167,
          0.000137,
          -0.709041,
          4.101024
        ],
        [
          0.708915,
          -0.018652,
          -0.705047,
          1.222911
        ],
        [
          -0.013321,
          -0.999826,
          0.013056,
          1.573394
        ],
        [
          0.0,
          0.0,
          0.0,
          1.0
        ]
      ]
    },
    {
      "file_path": "/media/NFS/ttao/scannet/posed_images/scene0695_00/00118.jpg",
      "transform_matrix": [
        [
          -0.661841,
          -0.006797,
          -0.749613,
          4.099252
        ],
        [
          0.749417,
          -0.0306,
          -0.661391,
          1.226193
        ],
        [
          -0.018442,
          -0.999509,
          0.025346,
          1.576307
        ],
        [
          0.0,
          0.0,
          0.0,
          1.0
        ]
      ]
    },
    {
      "file_path": "/media/NFS/ttao/scannet/posed_images/scene0695_00/00122.jpg",
      "transform_matrix": [
        [
          -0.630242,
          -0.022334,
          -0.776078,
          4.085319
        ],
        [
          0.776304,
          -0.033754,
          -0.629454,
          1.232175
        ],
        [
          -0.012138,
          -0.999181,
          0.038611,
          1.570382
        ],
        [
          0.0,
          0.0,
          0.0,
          1.0
        ]
      ]
    },
    {
      "file_path": "/media/NFS/ttao/scannet/posed_images/scene0695_00/00131.jpg",
      "transform_matrix": [
        [
          -0.561811,
          -0.049656,
          -0.825774,
          4.079824
        ],
        [
          0.827097,
          -0.053854,
          -0.559472,
          1.241718
        ],
        [
          -0.01669,
          -0.997314,
          0.071326,
          1.569957
        ],
        [
          0.0,
          0.0,
          0.0,
          1.0
        ]
      ]
    },
    {
      "file_path": "/media/NFS/ttao/scannet/posed_images/scene0695_00/00136.jpg",
      "transform_matrix": [
        [
          -0.511284,
          -0.054382,
          -0.857689,
          4.082822
        ],
        [
          0.859154,
          -0.056772,
          -0.508558,
          1.247407
        ],
        [
          -0.021036,
          -0.996905,
          0.07575,
          1.575864
        ],
        [
          0.0,
          0.0,
          0.0,
          1.0
        ]
      ]
    },
    {
      "file_path": "/media/NFS/ttao/scannet/posed_images/scene0695_00/00138.jpg",
      "transform_matrix": [
        [
          -0.493298,
          -0.05678,
          -0.868005,
          4.082135
        ],
        [
          0.869562,
          -0.058318,
          -0.490368,
          1.25034
        ],
        [
          -0.022777,
          -0.996682,
          0.078142,
          1.575798
        ],
        [
          0.0,
          0.0,
          0.0,
          1.0
        ]
      ]
    },
    {
      "file_path": "/media/NFS/ttao/scannet/posed_images/scene0695_00/00149.jpg",
      "transform_matrix": [
        [
          -0.354676,
          -0.051075,
          -0.933593,
          4.076489
        ],
        [
          0.93497,
          -0.025792,
          -0.353788,
          1.258533
        ],
        [
          -0.00601,
          -0.998362,
          0.056901,
          1.587712
        ],
        [
          0.0,
          0.0,
          0.0,
          1.0
        ]
      ]
    },
    {
      "file_path": "/media/NFS/ttao/scannet/posed_images/scene0695_00/00151.jpg",
      "transform_matrix": [
        [
          -0.333636,
          -0.052237,
          -0.941254,
          4.066712
        ],
        [
          0.942675,
          -0.026052,
          -0.332694,
          1.273168
        ],
        [
          -0.007143,
          -0.998295,
          0.057934,
          1.578508
        ],
        [
          0.0,
          0.0,
          0.0,
          1.0
        ]
      ]
    },
    {
      "file_path": "/media/NFS/ttao/scannet/posed_images/scene0695_00/00160.jpg",
      "transform_matrix": [
        [
          -0.19763,
          -0.046288,
          -0.979183,
          4.078119
        ],
        [
          0.97996,
          0.01606,
          -0.198546,
          1.29657
        ],
        [
          0.024916,
          -0.998799,
          0.042186,
          1.55417
        ],
        [
          0.0,
          0.0,
          0.0,
          1.0
        ]
      ]
    },
    {
      "file_path": "/media/NFS/ttao/scannet/posed_images/scene0695_00/00167.jpg",
      "transform_matrix": [
        [
          -0.123098,
          -0.014783,
          -0.992284,
          4.073348
        ],
        [
          0.99232,
          0.010414,
          -0.123258,
          1.296028
        ],
        [
          0.012156,
          -0.999836,
          0.013387,
          1.536015
        ],
        [
          0.0,
          0.0,
          0.0,
          1.0
        ]
      ]
    },
    {
      "file_path": "/media/NFS/ttao/scannet/posed_images/scene0695_00/00171.jpg",
      "transform_matrix": [
        [
          -0.109099,
          -0.004751,
          -0.99402,
          4.068979
        ],
        [
          0.993788,
          0.021583,
          -0.109177,
          1.319908
        ],
        [
          0.021972,
          -0.999756,
          0.002367,
          1.534038
        ],
        [
          0.0,
          0.0,
          0.0,
          1.0
        ]
      ]
    },
    {
      "file_path": "/media/NFS/ttao/scannet/posed_images/scene0695_00/00177.jpg",
      "transform_matrix": [
        [
          -0.077475,
          0.000828,
          -0.996994,
          4.049089
        ],
        [
          0.996646,
          0.026485,
          -0.077426,
          1.348943
        ],
        [
          0.026342,
          -0.999649,
          -0.002877,
          1.524693
        ],
        [
          0.0,
          0.0,
          0.0,
          1.0
        ]
      ]
    },
    {
      "file_path": "/media/NFS/ttao/scannet/posed_images/scene0695_00/00180.jpg",
      "transform_matrix": [
        [
          -0.048766,
          0.006592,
          -0.998789,
          4.0443
        ],
        [
          0.998183,
          0.035758,
          -0.0485,
          1.365702
        ],
        [
          0.035395,
          -0.999339,
          -0.008324,
          1.527877
        ],
        [
          0.0,
          0.0,
          0.0,
          1.0
        ]
      ]
    },
    {
      "file_path": "/media/NFS/ttao/scannet/posed_images/scene0695_00/00187.jpg",
      "transform_matrix": [
        [
          0.056963,
          0.005188,
          -0.998363,
          4.031462
        ],
        [
          0.997639,
          0.038123,
          0.05712,
          1.359674
        ],
        [
          0.038357,
          -0.99926,
          -0.003004,
          1.527754
        ],
        [
          0.0,
          0.0,
          0.0,
          1.0
        ]
      ]
    },
    {
      "file_path": "/media/NFS/ttao/scannet/posed_images/scene0695_00/00193.jpg",
      "transform_matrix": [
        [
          0.192653,
          -0.001531,
          -0.981266,
          4.021846
        ],
        [
          0.980916,
          0.027033,
          0.192542,
          1.306417
        ],
        [
          0.026232,
          -0.999633,
          0.00671,
          1.543206
        ],
        [
          0.0,
          0.0,
          0.0,
          1.0
        ]
      ]
    },
    {
      "file_path": "/media/NFS/ttao/scannet/posed_images/scene0695_00/00200.jpg",
      "transform_matrix": [
        [
          0.336561,
          -0.004462,
          -0.941651,
          3.999494
        ],
        [
          0.941502,
          0.019991,
          0.336414,
          1.373885
        ],
        [
          0.017324,
          -0.99979,
          0.01093,
          1.539217
        ],
        [
          0.0,
          0.0,
          0.0,
          1.0
        ]
      ]
    },
    {
      "file_path": "/media/NFS/ttao/scannet/posed_images/scene0695_00/00209.jpg",
      "transform_matrix": [
        [
          0.527179,
          -0.036844,
          -0.848955,
          3.954497
        ],
        [
          0.849734,
          0.029726,
          0.526372,
          1.317547
        ],
        [
          0.005842,
          -0.998879,
          0.046978,
          1.546197
        ],
        [
          0.0,
          0.0,
          0.0,
          1.0
        ]
      ]
    },
    {
      "file_path": "/media/NFS/ttao/scannet/posed_images/scene0695_00/00215.jpg",
      "transform_matrix": [
        [
          0.613578,
          -0.023469,
          -0.789285,
          3.949477
        ],
        [
          0.789344,
          0.04532,
          0.612276,
          1.342781
        ],
        [
          0.021401,
          -0.998697,
          0.046332,
          1.528366
        ],
        [
          0.0,
          0.0,
          0.0,
          1.0
        ]
      ]
    },
    {
      "file_path": "/media/NFS/ttao/scannet/posed_images/scene0695_00/00218.jpg",
      "transform_matrix": [
        [
          0.666745,
          -0.017358,
          -0.745083,
          3.938281
        ],
        [
          0.74505,
          0.040641,
          0.665769,
          1.330833
        ],
        [
          0.018724,
          -0.999023,
          0.040029,
          1.528011
        ],
        [
          0.0,
          0.0,
          0.0,
          1.0
        ]
      ]
    },
    {
      "file_path": "/media/NFS/ttao/scannet/posed_images/scene0695_00/00226.jpg",
      "transform_matrix": [
        [
          0.779163,
          0.014317,
          -0.626658,
          3.930897
        ],
        [
          0.625879,
          0.037028,
          0.77904,
          1.340519
        ],
        [
          0.034357,
          -0.999212,
          0.01989,
          1.495904
        ],
        [
          0.0,
          0.0,
          0.0,
          1.0
        ]
      ]
    },
    {
      "file_path": "/media/NFS/ttao/scannet/posed_images/scene0695_00/00233.jpg",
      "transform_matrix": [
        [
          0.84005,
          0.040066,
          -0.541028,
          3.953826
        ],
        [
          0.539953,
          0.034946,
          0.840969,
          1.365615
        ],
        [
          0.052601,
          -0.998586,
          0.007722,
          1.500496
        ],
        [
          0.0,
          0.0,
          0.0,
          1.0
        ]
      ]
    },
    {
      "file_path": "/media/NFS/ttao/scannet/posed_images/scene0695_00/00235.jpg",
      "transform_matrix": [
        [
          0.85545,
          0.044091,
          -0.516005,
          3.956072
        ],
        [
          0.514762,
          0.03688,
          0.856539,
          1.370599
        ],
        [
          0.056796,
          -0.998347,
          0.008853,
          1.503665
        ],
        [
          0.0,
          0.0,
          0.0,
          1.0
        ]
      ]
    },
    {
      "file_path": "/media/NFS/ttao/scannet/posed_images/scene0695_00/00242.jpg",
      "transform_matrix": [
        [
          0.903832,
          0.064164,
          -0.423048,
          3.983843
        ],
        [
          0.421028,
          0.042955,
          0.90603,
          1.39038
        ],
        [
          0.076307,
          -0.997015,
          0.011809,
          1.51726
        ],
        [
          0.0,
          0.0,
          0.0,
          1.0
        ]
      ]
    },
    {
      "file_path": "/media/NFS/ttao/scannet/posed_images/scene0695_00/00249.jpg",
      "transform_matrix": [
        [
          0.943341,
          0.063931,
          -0.325608,
          4.001605
        ],
        [
          0.322099,
          0.059412,
          0.94484,
          1.397286
        ],
        [
          0.07975,
          -0.996184,
          0.035454,
          1.518552
        ],
        [
          0.0,
          0.0,
          0.0,
          1.0
        ]
      ]
    },
    {
      "file_path": "/media/NFS/ttao/scannet/posed_images/scene0695_00/00258.jpg",
      "transform_matrix": [
        [
          0.969137,
          0.038389,
          -0.243517,
          4.032015
        ],
        [
          0.238244,
          0.108014,
          0.96518,
          1.382859
        ],
        [
          0.063355,
          -0.993408,
          0.095534,
          1.520188
        ],
        [
          0.0,
          0.0,
          0.0,
          1.0
        ]
      ]
    },
    {
      "file_path": "/media/NFS/ttao/scannet/posed_images/scene0695_00/00262.jpg",
      "transform_matrix": [
        [
          0.97507,
          0.047554,
          -0.216741,
          4.044884
        ],
        [
          0.210133,
          0.115915,
          0.970777,
          1.376382
        ],
        [
          0.071288,
          -0.99212,
          0.103033,
          1.536049
        ],
        [
          0.0,
          0.0,
          0.0,
          1.0
        ]
      ]
    },
    {
      "file_path": "/media/NFS/ttao/scannet/posed_images/scene0695_00/00269.jpg",
      "transform_matrix": [
        [
          0.987229,
          0.02945,
          -0.156562,
          4.052713
        ],
        [
          0.150862,
          0.142904,
          0.978171,
          1.365574
        ],
        [
          0.05118,
          -0.989298,
          0.136636,
          1.531011
        ],
        [
          0.0,
          0.0,
          0.0,
          1.0
        ]
      ]
    },
    {
      "file_path": "/media/NFS/ttao/scannet/posed_images/scene0695_00/00271.jpg",
      "transform_matrix": [
        [
          0.990645,
          0.019661,
          -0.135045,
          4.048609
        ],
        [
          0.130705,
          0.147854,
          0.980335,
          1.366626
        ],
        [
          0.039241,
          -0.988814,
          0.143901,
          1.513086
        ],
        [
          0.0,
          0.0,
          0.0,
          1.0
        ]
      ]
    },
    {
      "file_path": "/media/NFS/ttao/scannet/posed_images/scene0695_00/00282.jpg",
      "transform_matrix": [
        [
          -Infinity,
          -Infinity,
          -Infinity,
          -Infinity
        ],
        [
          -Infinity,
          -Infinity,
          -Infinity,
          -Infinity
        ],
        [
          -Infinity,
          -Infinity,
          -Infinity,
          -Infinity
        ],
        [
          -Infinity,
          -Infinity,
          -Infinity,
          -Infinity
        ]
      ]
    },
    {
      "file_path": "/media/NFS/ttao/scannet/posed_images/scene0695_00/00286.jpg",
      "transform_matrix": [
        [
          -Infinity,
          -Infinity,
          -Infinity,
          -Infinity
        ],
        [
          -Infinity,
          -Infinity,
          -Infinity,
          -Infinity
        ],
        [
          -Infinity,
          -Infinity,
          -Infinity,
          -Infinity
        ],
        [
          -Infinity,
          -Infinity,
          -Infinity,
          -Infinity
        ]
      ]
    },
    {
      "file_path": "/media/NFS/ttao/scannet/posed_images/scene0695_00/00291.jpg",
      "transform_matrix": [
        [
          -Infinity,
          -Infinity,
          -Infinity,
          -Infinity
        ],
        [
          -Infinity,
          -Infinity,
          -Infinity,
          -Infinity
        ],
        [
          -Infinity,
          -Infinity,
          -Infinity,
          -Infinity
        ],
        [
          -Infinity,
          -Infinity,
          -Infinity,
          -Infinity
        ]
      ]
    },
    {
      "file_path": "/media/NFS/ttao/scannet/posed_images/scene0695_00/00300.jpg",
      "transform_matrix": [
        [
          -Infinity,
          -Infinity,
          -Infinity,
          -Infinity
        ],
        [
          -Infinity,
          -Infinity,
          -Infinity,
          -Infinity
        ],
        [
          -Infinity,
          -Infinity,
          -Infinity,
          -Infinity
        ],
        [
          -Infinity,
          -Infinity,
          -Infinity,
          -Infinity
        ]
      ]
    },
    {
      "file_path": "/media/NFS/ttao/scannet/posed_images/scene0695_00/00306.jpg",
      "transform_matrix": [
        [
          -Infinity,
          -Infinity,
          -Infinity,
          -Infinity
        ],
        [
          -Infinity,
          -Infinity,
          -Infinity,
          -Infinity
        ],
        [
          -Infinity,
          -Infinity,
          -Infinity,
          -Infinity
        ],
        [
          -Infinity,
          -Infinity,
          -Infinity,
          -Infinity
        ]
      ]
    },
    {
      "file_path": "/media/NFS/ttao/scannet/posed_images/scene0695_00/00311.jpg",
      "transform_matrix": [
        [
          -Infinity,
          -Infinity,
          -Infinity,
          -Infinity
        ],
        [
          -Infinity,
          -Infinity,
          -Infinity,
          -Infinity
        ],
        [
          -Infinity,
          -Infinity,
          -Infinity,
          -Infinity
        ],
        [
          -Infinity,
          -Infinity,
          -Infinity,
          -Infinity
        ]
      ]
    },
    {
      "file_path": "/media/NFS/ttao/scannet/posed_images/scene0695_00/00315.jpg",
      "transform_matrix": [
        [
          -Infinity,
          -Infinity,
          -Infinity,
          -Infinity
        ],
        [
          -Infinity,
          -Infinity,
          -Infinity,
          -Infinity
        ],
        [
          -Infinity,
          -Infinity,
          -Infinity,
          -Infinity
        ],
        [
          -Infinity,
          -Infinity,
          -Infinity,
          -Infinity
        ]
      ]
    },
    {
      "file_path": "/media/NFS/ttao/scannet/posed_images/scene0695_00/00324.jpg",
      "transform_matrix": [
        [
          -Infinity,
          -Infinity,
          -Infinity,
          -Infinity
        ],
        [
          -Infinity,
          -Infinity,
          -Infinity,
          -Infinity
        ],
        [
          -Infinity,
          -Infinity,
          -Infinity,
          -Infinity
        ],
        [
          -Infinity,
          -Infinity,
          -Infinity,
          -Infinity
        ]
      ]
    },
    {
      "file_path": "/media/NFS/ttao/scannet/posed_images/scene0695_00/00326.jpg",
      "transform_matrix": [
        [
          -Infinity,
          -Infinity,
          -Infinity,
          -Infinity
        ],
        [
          -Infinity,
          -Infinity,
          -Infinity,
          -Infinity
        ],
        [
          -Infinity,
          -Infinity,
          -Infinity,
          -Infinity
        ],
        [
          -Infinity,
          -Infinity,
          -Infinity,
          -Infinity
        ]
      ]
    },
    {
      "file_path": "/media/NFS/ttao/scannet/posed_images/scene0695_00/00335.jpg",
      "transform_matrix": [
        [
          -Infinity,
          -Infinity,
          -Infinity,
          -Infinity
        ],
        [
          -Infinity,
          -Infinity,
          -Infinity,
          -Infinity
        ],
        [
          -Infinity,
          -Infinity,
          -Infinity,
          -Infinity
        ],
        [
          -Infinity,
          -Infinity,
          -Infinity,
          -Infinity
        ]
      ]
    },
    {
      "file_path": "/media/NFS/ttao/scannet/posed_images/scene0695_00/00342.jpg",
      "transform_matrix": [
        [
          -Infinity,
          -Infinity,
          -Infinity,
          -Infinity
        ],
        [
          -Infinity,
          -Infinity,
          -Infinity,
          -Infinity
        ],
        [
          -Infinity,
          -Infinity,
          -Infinity,
          -Infinity
        ],
        [
          -Infinity,
          -Infinity,
          -Infinity,
          -Infinity
        ]
      ]
    },
    {
      "file_path": "/media/NFS/ttao/scannet/posed_images/scene0695_00/00346.jpg",
      "transform_matrix": [
        [
          -Infinity,
          -Infinity,
          -Infinity,
          -Infinity
        ],
        [
          -Infinity,
          -Infinity,
          -Infinity,
          -Infinity
        ],
        [
          -Infinity,
          -Infinity,
          -Infinity,
          -Infinity
        ],
        [
          -Infinity,
          -Infinity,
          -Infinity,
          -Infinity
        ]
      ]
    },
    {
      "file_path": "/media/NFS/ttao/scannet/posed_images/scene0695_00/00355.jpg",
      "transform_matrix": [
        [
          -Infinity,
          -Infinity,
          -Infinity,
          -Infinity
        ],
        [
          -Infinity,
          -Infinity,
          -Infinity,
          -Infinity
        ],
        [
          -Infinity,
          -Infinity,
          -Infinity,
          -Infinity
        ],
        [
          -Infinity,
          -Infinity,
          -Infinity,
          -Infinity
        ]
      ]
    },
    {
      "file_path": "/media/NFS/ttao/scannet/posed_images/scene0695_00/00360.jpg",
      "transform_matrix": [
        [
          -Infinity,
          -Infinity,
          -Infinity,
          -Infinity
        ],
        [
          -Infinity,
          -Infinity,
          -Infinity,
          -Infinity
        ],
        [
          -Infinity,
          -Infinity,
          -Infinity,
          -Infinity
        ],
        [
          -Infinity,
          -Infinity,
          -Infinity,
          -Infinity
        ]
      ]
    },
    {
      "file_path": "/media/NFS/ttao/scannet/posed_images/scene0695_00/00362.jpg",
      "transform_matrix": [
        [
          -Infinity,
          -Infinity,
          -Infinity,
          -Infinity
        ],
        [
          -Infinity,
          -Infinity,
          -Infinity,
          -Infinity
        ],
        [
          -Infinity,
          -Infinity,
          -Infinity,
          -Infinity
        ],
        [
          -Infinity,
          -Infinity,
          -Infinity,
          -Infinity
        ]
      ]
    },
    {
      "file_path": "/media/NFS/ttao/scannet/posed_images/scene0695_00/00369.jpg",
      "transform_matrix": [
        [
          -Infinity,
          -Infinity,
          -Infinity,
          -Infinity
        ],
        [
          -Infinity,
          -Infinity,
          -Infinity,
          -Infinity
        ],
        [
          -Infinity,
          -Infinity,
          -Infinity,
          -Infinity
        ],
        [
          -Infinity,
          -Infinity,
          -Infinity,
          -Infinity
        ]
      ]
    },
    {
      "file_path": "/media/NFS/ttao/scannet/posed_images/scene0695_00/00379.jpg",
      "transform_matrix": [
        [
          -Infinity,
          -Infinity,
          -Infinity,
          -Infinity
        ],
        [
          -Infinity,
          -Infinity,
          -Infinity,
          -Infinity
        ],
        [
          -Infinity,
          -Infinity,
          -Infinity,
          -Infinity
        ],
        [
          -Infinity,
          -Infinity,
          -Infinity,
          -Infinity
        ]
      ]
    },
    {
      "file_path": "/media/NFS/ttao/scannet/posed_images/scene0695_00/00386.jpg",
      "transform_matrix": [
        [
          0.096054,
          0.079805,
          0.992172,
          4.260805
        ],
        [
          -0.995369,
          0.003865,
          0.096052,
          1.24655
        ],
        [
          0.00383,
          -0.996803,
          0.079807,
          1.44836
        ],
        [
          0.0,
          0.0,
          0.0,
          1.0
        ]
      ]
    },
    {
      "file_path": "/media/NFS/ttao/scannet/posed_images/scene0695_00/00391.jpg",
      "transform_matrix": [
        [
          0.09663,
          0.014829,
          0.99521,
          4.256908
        ],
        [
          -0.99532,
          0.000362,
          0.096635,
          1.231463
        ],
        [
          0.001072,
          -0.99989,
          0.014794,
          1.446642
        ],
        [
          0.0,
          0.0,
          0.0,
          1.0
        ]
      ]
    },
    {
      "file_path": "/media/NFS/ttao/scannet/posed_images/scene0695_00/00395.jpg",
      "transform_matrix": [
        [
          0.081477,
          -0.044024,
          0.995702,
          4.261309
        ],
        [
          -0.996657,
          -0.0097,
          0.081126,
          1.223944
        ],
        [
          0.006087,
          -0.998983,
          -0.044667,
          1.449294
        ],
        [
          0.0,
          0.0,
          0.0,
          1.0
        ]
      ]
    },
    {
      "file_path": "/media/NFS/ttao/scannet/posed_images/scene0695_00/00400.jpg",
      "transform_matrix": [
        [
          0.03388,
          -0.140467,
          0.989506,
          4.267224
        ],
        [
          -0.999418,
          -0.008576,
          0.033002,
          1.213425
        ],
        [
          0.00385,
          -0.990048,
          -0.140676,
          1.478069
        ],
        [
          0.0,
          0.0,
          0.0,
          1.0
        ]
      ]
    },
    {
      "file_path": "/media/NFS/ttao/scannet/posed_images/scene0695_00/00406.jpg",
      "transform_matrix": [
        [
          -0.036546,
          -0.205931,
          0.977884,
          4.259064
        ],
        [
          -0.999244,
          0.020529,
          -0.033021,
          1.210618
        ],
        [
          -0.013275,
          -0.978351,
          -0.206526,
          1.476884
        ],
        [
          0.0,
          0.0,
          0.0,
          1.0
        ]
      ]
    },
    {
      "file_path": "/media/NFS/ttao/scannet/posed_images/scene0695_00/00415.jpg",
      "transform_matrix": [
        [
          -0.124591,
          -0.301822,
          0.945188,
          4.232251
        ],
        [
          -0.99196,
          0.059184,
          -0.111857,
          1.220798
        ],
        [
          -0.022179,
          -0.951525,
          -0.30677,
          1.461107
        ],
        [
          0.0,
          0.0,
          0.0,
          1.0
        ]
      ]
    },
    {
      "file_path": "/media/NFS/ttao/scannet/posed_images/scene0695_00/00422.jpg",
      "transform_matrix": [
        [
          -0.157757,
          -0.374513,
          0.913703,
          4.214014
        ],
        [
          -0.987273,
          0.078688,
          -0.138206,
          1.219969
        ],
        [
          -0.020138,
          -0.923877,
          -0.38216,
          1.448878
        ],
        [
          0.0,
          0.0,
          0.0,
          1.0
        ]
      ]
    },
    {
      "file_path": "/media/NFS/ttao/scannet/posed_images/scene0695_00/00428.jpg",
      "transform_matrix": [
        [
          -0.169615,
          -0.436977,
          0.883336,
          4.210989
        ],
        [
          -0.985434,
          0.08639,
          -0.146484,
          1.192806
        ],
        [
          -0.012301,
          -0.895315,
          -0.445265,
          1.424472
        ],
        [
          0.0,
          0.0,
          0.0,
          1.0
        ]
      ]
    },
    {
      "file_path": "/media/NFS/ttao/scannet/posed_images/scene0695_00/00430.jpg",
      "transform_matrix": [
        [
          -0.177793,
          -0.447098,
          0.876637,
          4.213109
        ],
        [
          -0.984068,
          0.080152,
          -0.158703,
          1.178514
        ],
        [
          0.000692,
          -0.890887,
          -0.454225,
          1.40319
        ],
        [
          0.0,
          0.0,
          0.0,
          1.0
        ]
      ]
    },
    {
      "file_path": "/media/NFS/ttao/scannet/posed_images/scene0695_00/00435.jpg",
      "transform_matrix": [
        [
          -0.229668,
          -0.481065,
          0.846067,
          4.218086
        ],
        [
          -0.973153,
          0.100069,
          -0.207268,
          1.134181
        ],
        [
          0.015044,
          -0.870955,
          -0.491133,
          1.391418
        ],
        [
          0.0,
          0.0,
          0.0,
          1.0
        ]
      ]
    },
    {
      "file_path": "/media/NFS/ttao/scannet/posed_images/scene0695_00/00446.jpg",
      "transform_matrix": [
        [
          -0.430034,
          -0.542972,
          0.721284,
          4.215626
        ],
        [
          -0.902706,
          0.246342,
          -0.352756,
          1.038338
        ],
        [
          0.013854,
          -0.802806,
          -0.59608,
          1.363121
        ],
        [
          0.0,
          0.0,
          0.0,
          1.0
        ]
      ]
    },
    {
      "file_path": "/media/NFS/ttao/scannet/posed_images/scene0695_00/00448.jpg",
      "transform_matrix": [
        [
          -0.461283,
          -0.544347,
          0.700646,
          4.212437
        ],
        [
          -0.887163,
          0.271725,
          -0.372971,
          1.026085
        ],
        [
          0.012642,
          -0.793632,
          -0.608267,
          1.358443
        ],
        [
          0.0,
          0.0,
          0.0,
          1.0
        ]
      ]
    },
    {
      "file_path": "/media/NFS/ttao/scannet/posed_images/scene0695_00/00455.jpg",
      "transform_matrix": [
        [
          -0.586405,
          -0.52491,
          0.616927,
          4.211204
        ],
        [
          -0.809806,
          0.362455,
          -0.461347,
          1.00214
        ],
        [
          0.018557,
          -0.770127,
          -0.63762,
          1.342543
        ],
        [
          0.0,
          0.0,
          0.0,
          1.0
        ]
      ]
    },
    {
      "file_path": "/media/NFS/ttao/scannet/posed_images/scene0695_00/00464.jpg",
      "transform_matrix": [
        [
          -0.75863,
          -0.426537,
          0.492491,
          4.197046
        ],
        [
          -0.651486,
          0.488698,
          -0.580293,
          0.980224
        ],
        [
          0.006837,
          -0.761079,
          -0.648624,
