{
  "frames": [
    {
      "file_path": "/media/NFS/ttao/scannet/posed_images/scene0210_00/00000.jpg",
      "transform_matrix": [
        [
          -0.677757,
          0.232227,
          -0.697651,
          2.837644
        ],
        [
          0.734942,
          0.184914,
          -0.652432,
          1.852214
        ],
        [
          -0.022507,
          -0.954923,
          -0.296,
          1.392853
        ],
        [
          0.0,
          0.0,
          0.0,
          1.0
        ]
      ]
    },
    {
      "file_path": "/media/NFS/ttao/scannet/posed_images/scene0210_00/00006.jpg",
      "transform_matrix": [
        [
          -0.683653,
          0.251955,
          -0.684936,
          2.825775
        ],
        [
          0.728949,
          0.190216,
          -0.657611,
          1.855016
        ],
        [
          -0.035403,
          -0.948861,
          -0.313704,
          1.394098
        ],
        [
          0.0,
          0.0,
          0.0,
          1.0
        ]
      ]
    },
    {
      "file_path": "/media/NFS/ttao/scannet/posed_images/scene0210_00/00015.jpg",
      "transform_matrix": [
        [
          -0.712005,
          0.221536,
          -0.666311,
          2.825131
        ],
        [
          0.701128,
          0.172524,
          -0.691849,
          1.865403
        ],
        [
          -0.038315,
          -0.959769,
          -0.278163,
          1.392206
        ],
        [
          0.0,
          0.0,
          0.0,
          1.0
        ]
      ]
    },
    {
      "file_path": "/media/NFS/ttao/scannet/posed_images/scene0210_00/00019.jpg",
      "transform_matrix": [
        [
          -0.713356,
          0.22767,
          -0.662789,
          2.821246
        ],
        [
          0.699149,
          0.166278,
          -0.695373,
          1.869358
        ],
        [
          -0.048109,
          -0.959436,
          -0.277791,
          1.398622
        ],
        [
          0.0,
          0.0,
          0.0,
          1.0
        ]
      ]
    },
    {
      "file_path": "/media/NFS/ttao/scannet/posed_images/scene0210_00/00026.jpg",
      "transform_matrix": [
        [
          -0.711432,
          0.215479,
          -0.668905,
          2.817686
        ],
        [
          0.701608,
          0.163421,
          -0.69357,
          1.873879
        ],
        [
          -0.040137,
          -0.962737,
          -0.267444,
          1.400905
        ],
        [
          0.0,
          0.0,
          0.0,
          1.0
        ]
      ]
    },
    {
      "file_path": "/media/NFS/ttao/scannet/posed_images/scene0210_00/00033.jpg",
      "transform_matrix": [
        [
          -0.711505,
          0.208362,
          -0.671078,
          2.801553
        ],
        [
          0.700959,
          0.143642,
          -0.698587,
          1.871545
        ],
        [
          -0.049164,
          -0.967446,
          -0.248255,
          1.410179
        ],
        [
          0.0,
          0.0,
          0.0,
          1.0
        ]
      ]
    },
    {
      "file_path": "/media/NFS/ttao/scannet/posed_images/scene0210_00/00041.jpg",
      "transform_matrix": [
        [
          -0.714995,
          0.182086,
          -0.675001,
          2.800242
        ],
        [
          0.697561,
          0.121175,
          -0.706204,
          1.851561
        ],
        [
          -0.046797,
          -0.975788,
          -0.213656,
          1.427425
        ],
        [
          0.0,
          0.0,
          0.0,
          1.0
        ]
      ]
    },
    {
      "file_path": "/media/NFS/ttao/scannet/posed_images/scene0210_00/00043.jpg",
      "transform_matrix": [
        [
          -0.709742,
          0.179308,
          -0.68126,
          2.804839
        ],
        [
          0.702684,
          0.111541,
          -0.702704,
          1.840987
        ],
        [
          -0.050012,
          -0.977449,
          -0.205163,
          1.43346
        ],
        [
          0.0,
          0.0,
          0.0,
          1.0
        ]
      ]
    },
    {
      "file_path": "/media/NFS/ttao/scannet/posed_images/scene0210_00/00048.jpg",
      "transform_matrix": [
        [
          -0.698582,
          0.173226,
          -0.694245,
          2.820566
        ],
        [
          0.712608,
          0.080839,
          -0.69689,
          1.80438
        ],
        [
          -0.064597,
          -0.981559,
          -0.179915,
          1.452897
        ],
        [
          0.0,
          0.0,
          0.0,
          1.0
        ]
      ]
    },
    {
      "file_path": "/media/NFS/ttao/scannet/posed_images/scene0210_00/00058.jpg",
      "transform_matrix": [
        [
          -0.666131,
          0.125455,
          -0.735208,
          2.875993
        ],
        [
          0.741951,
          0.010992,
          -0.670364,
          1.72014
        ],
        [
          -0.076019,
          -0.992038,
          -0.100403,
          1.502875
        ],
        [
          0.0,
          0.0,
          0.0,
          1.0
        ]
      ]
    },
    {
      "file_path": "/media/NFS/ttao/scannet/posed_images/scene0210_00/00063.jpg",
      "transform_matrix": [
        [
          -0.657492,
          0.100999,
          -0.746662,
          2.904506
        ],
        [
          0.750656,
          0.002359,
          -0.66069,
          1.689677
        ],
        [
          -0.064967,
          -0.994884,
          -0.077367,
          1.516529
        ],
        [
          0.0,
          0.0,
          0.0,
          1.0
        ]
      ]
    },
    {
      "file_path": "/media/NFS/ttao/scannet/posed_images/scene0210_00/00067.jpg",
      "transform_matrix": [
        [
          -0.648799,
          0.098984,
          -0.754495,
          2.916976
        ],
        [
          0.757896,
          -0.004837,
          -0.652358,
          1.671437
        ],
        [
          -0.068222,
          -0.995077,
          -0.071882,
          1.530376
        ],
        [
          0.0,
          0.0,
          0.0,
          1.0
        ]
      ]
    },
    {
      "file_path": "/media/NFS/ttao/scannet/posed_images/scene0210_00/00076.jpg",
      "transform_matrix": [
        [
          -0.635514,
          0.04645,
          -0.770691,
          2.937519
        ],
        [
          0.770168,
          -0.032238,
          -0.637026,
          1.658279
        ],
        [
          -0.054435,
          -0.9984,
          -0.015287,
          1.557427
        ],
        [
          0.0,
          0.0,
          0.0,
          1.0
        ]
      ]
    },
    {
      "file_path": "/media/NFS/ttao/scannet/posed_images/scene0210_00/00080.jpg",
      "transform_matrix": [
        [
          -0.641959,
          0.029441,
          -0.766174,
          2.936134
        ],
        [
          0.765384,
          -0.034791,
          -0.642633,
          1.665335
        ],
        [
          -0.045576,
          -0.998961,
          -0.000199,
          1.574938
        ],
        [
          0.0,
          0.0,
          0.0,
          1.0
        ]
      ]
    },
    {
      "file_path": "/media/NFS/ttao/scannet/posed_images/scene0210_00/00087.jpg",
      "transform_matrix": [
        [
          -0.660989,
          -0.005995,
          -0.750371,
          2.926122
        ],
        [
          0.749407,
          -0.05659,
          -0.659687,
          1.681549
        ],
        [
          -0.038509,
          -0.998379,
          0.041898,
          1.598811
        ],
        [
          0.0,
          0.0,
          0.0,
          1.0
        ]
      ]
    },
    {
      "file_path": "/media/NFS/ttao/scannet/posed_images/scene0210_00/00095.jpg",
      "transform_matrix": [
        [
          -0.653818,
          -0.044055,
          -0.755369,
          2.911401
        ],
        [
          0.755813,
          -0.085044,
          -0.649242,
          1.706278
        ],
        [
          -0.035637,
          -0.995403,
          0.0889,
          1.614762
        ],
        [
          0.0,
          0.0,
          0.0,
          1.0
        ]
      ]
    },
    {
      "file_path": "/media/NFS/ttao/scannet/posed_images/scene0210_00/00100.jpg",
      "transform_matrix": [
        [
          -0.657613,
          -0.055345,
          -0.75132,
          2.900379
        ],
        [
          0.752,
          -0.108044,
          -0.650248,
          1.722667
        ],
        [
          -0.045188,
          -0.992604,
          0.11267,
          1.613887
        ],
        [
          0.0,
          0.0,
          0.0,
          1.0
        ]
      ]
    },
    {
      "file_path": "/media/NFS/ttao/scannet/posed_images/scene0210_00/00106.jpg",
      "transform_matrix": [
        [
          -0.656804,
          -0.058407,
          -0.751796,
          2.885934
        ],
        [
          0.75221,
          -0.120564,
          -0.6478,
          1.737427
        ],
        [
          -0.052804,
          -0.990986,
          0.123122,
          1.6142
        ],
        [
          0.0,
          0.0,
          0.0,
          1.0
        ]
      ]
    },
    {
      "file_path": "/media/NFS/ttao/scannet/posed_images/scene0210_00/00115.jpg",
      "transform_matrix": [
        [
          -0.616575,
          0.028779,
          -0.78677,
          2.846328
        ],
        [
          0.785733,
          -0.040452,
          -0.617242,
          1.740327
        ],
        [
          -0.04959,
          -0.998767,
          0.002329,
          1.564558
        ],
        [
          0.0,
          0.0,
          0.0,
          1.0
        ]
      ]
    },
    {
      "file_path": "/media/NFS/ttao/scannet/posed_images/scene0210_00/00121.jpg",
      "transform_matrix": [
        [
          -0.588649,
          0.101276,
          -0.802019,
          2.818919
        ],
        [
          0.806271,
          0.001787,
          -0.591544,
          1.74567
        ],
        [
          -0.058476,
          -0.994857,
          -0.082707,
          1.527467
        ],
        [
          0.0,
          0.0,
          0.0,
          1.0
        ]
      ]
    },
    {
      "file_path": "/media/NFS/ttao/scannet/posed_images/scene0210_00/00126.jpg",
      "transform_matrix": [
        [
          -0.571732,
          0.138263,
          -0.808706,
          2.803199
        ],
        [
          0.817851,
          0.017803,
          -0.575154,
          1.754149
        ],
        [
          -0.065125,
          -0.990235,
          -0.123257,
          1.491079
        ],
        [
          0.0,
          0.0,
          0.0,
          1.0
        ]
      ]
    },
    {
      "file_path": "/media/NFS/ttao/scannet/posed_images/scene0210_00/00128.jpg",
      "transform_matrix": [
        [
          -0.566139,
          0.163236,
          -0.807985,
          2.797884
        ],
        [
          0.821578,
          0.031999,
          -0.569198,
          1.753606
        ],
        [
          -0.067059,
          -0.986068,
          -0.152227,
          1.480158
        ],
        [
          0.0,
          0.0,
          0.0,
          1.0
        ]
      ]
    },
    {
      "file_path": "/media/NFS/ttao/scannet/posed_images/scene0210_00/00139.jpg",
      "transform_matrix": [
        [
          -0.452389,
          0.255151,
          -0.854542,
          2.762342
        ],
        [
          0.88988,
          0.065963,
          -0.451401,
          1.726753
        ],
        [
          -0.058807,
          -0.964649,
          -0.256895,
          1.438634
        ],
        [
          0.0,
          0.0,
          0.0,
          1.0
        ]
      ]
    },
    {
      "file_path": "/media/NFS/ttao/scannet/posed_images/scene0210_00/00145.jpg",
      "transform_matrix": [
        [
          -0.389386,
          0.273255,
          -0.879608,
          2.757305
        ],
        [
          0.919035,
          0.051736,
          -0.390767,
          1.695728
        ],
        [
          -0.061272,
          -0.960549,
          -0.271277,
          1.427747
        ],
        [
          0.0,
          0.0,
          0.0,
          1.0
        ]
      ]
    },
    {
      "file_path": "/media/NFS/ttao/scannet/posed_images/scene0210_00/00147.jpg",
      "transform_matrix": [
        [
          -0.368336,
          0.271568,
          -0.889145,
          2.758777
        ],
        [
          0.927643,
          0.043883,
          -0.370881,
          1.681331
        ],
        [
          -0.061701,
          -0.961418,
          -0.268082,
          1.427225
        ],
        [
          0.0,
          0.0,
          0.0,
          1.0
        ]
      ]
    },
    {
      "file_path": "/media/NFS/ttao/scannet/posed_images/scene0210_00/00156.jpg",
      "transform_matrix": [
        [
          -0.235122,
          0.282129,
          -0.930119,
          2.759513
        ],
        [
          0.971538,
          0.039829,
          -0.233511,
          1.61913
        ],
        [
          -0.028835,
          -0.958549,
          -0.283464,
          1.423497
        ],
        [
          0.0,
          0.0,
          0.0,
          1.0
        ]
      ]
    },
    {
      "file_path": "/media/NFS/ttao/scannet/posed_images/scene0210_00/00161.jpg",
      "transform_matrix": [
        [
          -0.145516,
          0.274047,
          -0.950643,
          2.754914
        ],
        [
          0.989356,
          0.040117,
          -0.139877,
          1.634802
        ],
        [
          -0.000196,
          -0.960879,
          -0.276968,
          1.426235
        ],
        [
          0.0,
          0.0,
          0.0,
          1.0
        ]
      ]
    },
    {
      "file_path": "/media/NFS/ttao/scannet/posed_images/scene0210_00/00169.jpg",
      "transform_matrix": [
        [
          0.016813,
          0.284306,
          -0.958586,
          2.7571
        ],
        [
          0.999822,
          0.003447,
          0.018558,
          1.620551
        ],
        [
          0.00858,
          -0.958727,
          -0.284197,
          1.432485
        ],
        [
          0.0,
          0.0,
          0.0,
          1.0
        ]
      ]
    },
    {
      "file_path": "/media/NFS/ttao/scannet/posed_images/scene0210_00/00173.jpg",
      "transform_matrix": [
        [
          0.053315,
          0.267073,
          -0.9622,
          2.772242
        ],
        [
          0.998206,
          0.012014,
          0.058645,
          1.63006
        ],
        [
          0.027223,
          -0.963601,
          -0.265954,
          1.402075
        ],
        [
          0.0,
          0.0,
          0.0,
          1.0
        ]
      ]
    },
    {
      "file_path": "/media/NFS/ttao/scannet/posed_images/scene0210_00/00180.jpg",
      "transform_matrix": [
        [
          0.09774,
          0.25699,
          -0.961459,
          2.790989
        ],
        [
          0.994924,
          -0.00201,
          0.100605,
          1.676541
        ],
        [
          0.023923,
          -0.966412,
          -0.255882,
          1.409629
        ],
        [
          0.0,
          0.0,
          0.0,
          1.0
        ]
      ]
    },
    {
      "file_path": "/media/NFS/ttao/scannet/posed_images/scene0210_00/00186.jpg",
      "transform_matrix": [
        [
          0.141644,
          0.258924,
          -0.955455,
          2.801718
        ],
        [
          0.989826,
          -0.050152,
          0.133148,
          1.724541
        ],
        [
          -0.013443,
          -0.964595,
          -0.263394,
          1.413727
        ],
        [
          0.0,
          0.0,
          0.0,
          1.0
        ]
      ]
    },
    {
      "file_path": "/media/NFS/ttao/scannet/posed_images/scene0210_00/00195.jpg",
      "transform_matrix": [
        [
          0.181605,
          0.266225,
          -0.946649,
          2.814008
        ],
        [
          0.983203,
          -0.066983,
          0.16978,
          1.788028
        ],
        [
          -0.01821,
          -0.961581,
          -0.273917,
          1.419442
        ],
        [
          0.0,
          0.0,
          0.0,
          1.0
        ]
      ]
    },
    {
      "file_path": "/media/NFS/ttao/scannet/posed_images/scene0210_00/00197.jpg",
      "transform_matrix": [
        [
          0.185571,
          0.266988,
          -0.945664,
          2.819864
        ],
        [
          0.982533,
          -0.063983,
          0.174742,
          1.796626
        ],
        [
          -0.013852,
          -0.961574,
          -0.274198,
          1.418584
        ],
        [
          0.0,
          0.0,
          0.0,
          1.0
        ]
      ]
    },
    {
      "file_path": "/media/NFS/ttao/scannet/posed_images/scene0210_00/00204.jpg",
      "transform_matrix": [
        [
          0.18253,
          0.29709,
          -0.93724,
          2.836561
        ],
        [
          0.983054,
          -0.071561,
          0.168769,
          1.824265
        ],
        [
          -0.01693,
          -0.952164,
          -0.305118,
          1.411924
        ],
        [
          0.0,
          0.0,
          0.0,
          1.0
        ]
      ]
    },
    {
      "file_path": "/media/NFS/ttao/scannet/posed_images/scene0210_00/00210.jpg",
      "transform_matrix": [
        [
          0.186003,
          0.320766,
          -0.928715,
          2.85596
        ],
        [
          0.982155,
          -0.087477,
          0.166493,
          1.850199
        ],
        [
          -0.027836,
          -0.94311,
          -0.331313,
          1.399874
        ],
        [
          0.0,
          0.0,
          0.0,
          1.0
        ]
      ]
    },
    {
      "file_path": "/media/NFS/ttao/scannet/posed_images/scene0210_00/00219.jpg",
      "transform_matrix": [
        [
          0.228734,
          0.374709,
          -0.898484,
          2.867926
        ],
        [
          0.97311,
          -0.113746,
          0.200294,
          1.86467
        ],
        [
          -0.027147,
          -0.920139,
          -0.390651,
          1.372015
        ],
        [
          0.0,
          0.0,
          0.0,
          1.0
        ]
      ]
    },
    {
      "file_path": "/media/NFS/ttao/scannet/posed_images/scene0210_00/00223.jpg",
      "transform_matrix": [
        [
          0.254876,
          0.395821,
          -0.882249,
          2.867682
        ],
        [
          0.966572,
          -0.130587,
          0.220649,
          1.864489
        ],
        [
          -0.027873,
          -0.908995,
          -0.415873,
          1.364588
        ],
        [
          0.0,
          0.0,
          0.0,
          1.0
        ]
      ]
    },
    {
      "file_path": "/media/NFS/ttao/scannet/posed_images/scene0210_00/00232.jpg",
      "transform_matrix": [
        [
          0.289949,
          0.412976,
          -0.863354,
          2.865438
        ],
        [
          0.955837,
          -0.170215,
          0.239588,
          1.84395
        ],
        [
          -0.048012,
          -0.894694,
          -0.444091,
          1.351675
        ],
        [
          0.0,
          0.0,
          0.0,
          1.0
        ]
      ]
    },
    {
      "file_path": "/media/NFS/ttao/scannet/posed_images/scene0210_00/00238.jpg",
      "transform_matrix": [
        [
          0.314532,
          0.427825,
          -0.84737,
          2.849935
        ],
        [
          0.948364,
          -0.180123,
          0.261078,
          1.824945
        ],
        [
          -0.040935,
          -0.885732,
          -0.462389,
          1.34626
        ],
        [
          0.0,
          0.0,
          0.0,
          1.0
        ]
      ]
    },
    {
      "file_path": "/media/NFS/ttao/scannet/posed_images/scene0210_00/00239.jpg",
      "transform_matrix": [
        [
          0.313353,
          0.427484,
          -0.847979,
          2.846899
        ],
        [
          0.948893,
          -0.176288,
          0.261773,
          1.820177
        ],
        [
          -0.037585,
          -0.886668,
          -0.460877,
          1.345312
        ],
        [
          0.0,
          0.0,
          0.0,
          1.0
        ]
      ]
    },
    {
      "file_path": "/media/NFS/ttao/scannet/posed_images/scene0210_00/00247.jpg",
      "transform_matrix": [
        [
          0.31693,
          0.425985,
          -0.847403,
          2.803495
        ],
        [
          0.948449,
          -0.142343,
          0.283167,
          1.768292
        ],
        [
          3e-06,
          -0.893462,
          -0.449138,
          1.347859
        ],
        [
          0.0,
          0.0,
          0.0,
          1.0
        ]
      ]
    },
    {
      "file_path": "/media/NFS/ttao/scannet/posed_images/scene0210_00/00254.jpg",
      "transform_matrix": [
        [
          0.386386,
          0.423459,
          -0.819383,
          2.752314
        ],
        [
          0.922311,
          -0.170705,
          0.346701,
          1.744462
        ],
        [
          0.006941,
          -0.889686,
          -0.456519,
          1.348248
        ],
        [
          0.0,
          0.0,
          0.0,
          1.0
        ]
      ]
    },
    {
      "file_path": "/media/NFS/ttao/scannet/posed_images/scene0210_00/00258.jpg",
      "transform_matrix": [
        [
          0.44822,
          0.429713,
          -0.783865,
          2.723543
        ],
        [
          0.893794,
          -0.20051,
          0.401159,
          1.741962
        ],
        [
          0.015211,
          -0.880422,
          -0.473948,
          1.345082
        ],
        [
          0.0,
          0.0,
          0.0,
          1.0
        ]
      ]
    },
    {
      "file_path": "/media/NFS/ttao/scannet/posed_images/scene0210_00/00267.jpg",
      "transform_matrix": [
        [
          0.577961,
          0.358212,
          -0.733243,
          2.659466
        ],
        [
          0.816063,
          -0.251933,
          0.520165,
          1.778633
        ],
        [
          0.001601,
          -0.899007,
          -0.437931,
          1.34248
        ],
        [
          0.0,
          0.0,
          0.0,
          1.0
        ]
      ]
    },
    {
      "file_path": "/media/NFS/ttao/scannet/posed_images/scene0210_00/00273.jpg",
      "transform_matrix": [
        [
          0.67479,
          0.30838,
          -0.670492,
          2.59367
        ],
        [
          0.737615,
          -0.311507,
          0.599072,
          1.834322
        ],
        [
          -0.024121,
          -0.898813,
          -0.437668,
          1.343719
        ],
        [
          0.0,
          0.0,
          0.0,
          1.0
        ]
      ]
    },
    {
      "file_path": "/media/NFS/ttao/scannet/posed_images/scene0210_00/00282.jpg",
      "transform_matrix": [
        [
          0.815594,
          0.243058,
          -0.5251,
          2.518946
        ],
        [
          0.577926,
          -0.386766,
          0.718619,
          1.885401
        ],
        [
          -0.028425,
          -0.88957,
          -0.455914,
          1.353042
        ],
        [
          0.0,
          0.0,
          0.0,
          1.0
        ]
      ]
    },
    {
      "file_path": "/media/NFS/ttao/scannet/posed_images/scene0210_00/00288.jpg",
      "transform_matrix": [
        [
          0.887364,
          0.181004,
          -0.424056,
          2.469307
        ],
        [
          0.459054,
          -0.432746,
          0.775887,
          1.891281
        ],
        [
          -0.04307,
          -0.883158,
          -0.467094,
          1.358989
        ],
        [
          0.0,
          0.0,
          0.0,
          1.0
        ]
      ]
    },
    {
      "file_path": "/media/NFS/ttao/scannet/posed_images/scene0210_00/00290.jpg",
      "transform_matrix": [
        [
          0.905814,
          0.15294,
          -0.395107,
          2.448787
        ],
        [
          0.420408,
          -0.44004,
          0.793487,
          1.889954
        ],
        [
          -0.052507,
          -0.884858,
          -0.462892,
          1.366535
        ],
        [
          0.0,
          0.0,
          0.0,
          1.0
        ]
      ]
    },
    {
      "file_path": "/media/NFS/ttao/scannet/posed_images/scene0210_00/00299.jpg",
      "transform_matrix": [
        [
          0.959553,
          0.073865,
          -0.271663,
          2.357688
        ],
        [
          0.274389,
          -0.461279,
          0.843761,
          1.873942
        ],
        [
          -0.062988,
          -0.884175,
          -0.46289,
          1.374357
        ],
        [
          0.0,
          0.0,
          0.0,
          1.0
        ]
      ]
    },
    {
      "file_path": "/media/NFS/ttao/scannet/posed_images/scene0210_00/00306.jpg",
      "transform_matrix": [
        [
          0.985827,
          0.051737,
          -0.159586,
          2.318621
        ],
        [
          0.164742,
          -0.478248,
          0.862635,
          1.88714
        ],
        [
          -0.031692,
          -0.8767,
          -0.479993,
          1.370913
        ],
        [
          0.0,
          0.0,
          0.0,
          1.0
        ]
      ]
    },
    {
      "file_path": "/media/NFS/ttao/scannet/posed_images/scene0210_00/00312.jpg",
      "transform_matrix": [
        [
          0.991649,
          0.035184,
          -0.124077,
          2.311233
        ],
        [
          0.126154,
          -0.464516,
          0.876533,
          1.923407
        ],
        [
          -0.026796,
          -0.884866,
          -0.465075,
          1.368982
        ],
        [
          0.0,
          0.0,
          0.0,
          1.0
        ]
      ]
    },
    {
      "file_path": "/media/NFS/ttao/scannet/posed_images/scene0210_00/00316.jpg",
      "transform_matrix": [
        [
          0.992088,
          0.030578,
          -0.121759,
          2.297801
        ],
        [
          0.121801,
          -0.469384,
          0.874553,
          1.959696
        ],
        [
          -0.03041,
          -0.882465,
          -0.469395,
          1.366599
        ],
        [
          0.0,
          0.0,
          0.0,
          1.0
        ]
      ]
    },
    {
      "file_path": "/media/NFS/ttao/scannet/posed_images/scene0210_00/00323.jpg",
      "transform_matrix": [
        [
          0.997686,
          0.017922,
          -0.065581,
          2.28648
        ],
        [
          0.066644,
          -0.448513,
          0.891288,
          2.018626
        ],
        [
          -0.01344,
          -0.893596,
          -0.44867,
          1.374079
        ],
        [
          0.0,
          0.0,
          0.0,
          1.0
        ]
      ]
    },
    {
      "file_path": "/media/NFS/ttao/scannet/posed_images/scene0210_00/00327.jpg",
      "transform_matrix": [
        [
          0.999912,
          -0.009919,
          -0.008788,
          2.276736
        ],
        [
          0.003381,
          -0.450254,
          0.892894,
          2.034688
        ],
        [
          -0.012813,
          -0.892845,
          -0.450181,
          1.379438
        ],
        [
          0.0,
          0.0,
          0.0,
          1.0
        ]
      ]
    },
    {
      "file_path": "/media/NFS/ttao/scannet/posed_images/scene0210_00/00332.jpg",
      "transform_matrix": [
        [
          0.994639,
          -0.060558,
          0.083815,
          2.243688
        ],
        [
          -0.101897,
          -0.436172,
          0.894075,
          2.036376
        ],
        [
          -0.017586,
          -0.897823,
          -0.440004,
          1.379376
        ],
        [
          0.0,
          0.0,
          0.0,
          1.0
        ]
      ]
    },
    {
      "file_path": "/media/NFS/ttao/scannet/posed_images/scene0210_00/00340.jpg",
      "transform_matrix": [
        [
          0.964283,
          -0.162829,
          0.208911,
          2.169312
        ],
        [
          -0.260225,
          -0.435294,
          0.861859,
          2.021527
        ],
        [
          -0.049398,
          -0.885441,
          -0.462119,
          1.378545
        ],
        [
          0.0,
          0.0,
          0.0,
          1.0
        ]
      ]
    },
    {
      "file_path": "/media/NFS/ttao/scannet/posed_images/scene0210_00/00347.jpg",
      "transform_matrix": [
        [
          0.93345,
          -0.231106,
          0.274337,
          2.128133
        ],
        [
          -0.352424,
          -0.44834,
          0.821455,
          1.991279
        ],
        [
          -0.066847,
          -0.863471,
          -0.49995,
          1.36972
        ],
        [
          0.0,
          0.0,
          0.0,
          1.0
        ]
      ]
    },
    {
      "file_path": "/media/NFS/ttao/scannet/posed_images/scene0210_00/00351.jpg",
      "transform_matrix": [
        [
          0.913946,
          -0.256568,
          0.314443,
          2.110668
        ],
        [
          -0.399887,
          -0.437166,
          0.805591,
          1.968594
        ],
        [
          -0.069226,
          -0.862009,
          -0.502144,
          1.364718
        ],
        [
          0.0,
          0.0,
          0.0,
          1.0
        ]
      ]
    },
    {
      "file_path": "/media/NFS/ttao/scannet/posed_images/scene0210_00/00358.jpg",
      "transform_matrix": [
        [
          0.89235,
          -0.292386,
          0.343834,
          2.089751
        ],
        [
          -0.444479,
          -0.436918,
          0.782011,
          1.911654
        ],
        [
          -0.078422,
          -0.850655,
          -0.519843,
          1.323469
        ],
        [
          0.0,
          0.0,
          0.0,
          1.0
        ]
      ]
    },
    {
      "file_path": "/media/NFS/ttao/scannet/posed_images/scene0210_00/00366.jpg",
      "transform_matrix": [
        [
          0.903783,
          -0.29554,
          0.309567,
          2.054235
        ],
        [
          -0.421191,
          -0.485754,
          0.765926,
          1.816486
        ],
        [
          -0.075989,
          -0.822617,
          -0.563495,
          1.262853
        ],
        [
          0.0,
          0.0,
          0.0,
          1.0
        ]
      ]
    },
    {
      "file_path": "/media/NFS/ttao/scannet/posed_images/scene0210_00/00375.jpg",
      "transform_matrix": [
        [
          0.884656,
          -0.345558,
          0.313006,
          2.033467
        ],
        [
          -0.455702,
          -0.49889,
          0.737187,
          1.759846
        ],
        [
          -0.098585,
          -0.794795,
          -0.598817,
          1.242851
        ],
        [
          0.0,
          0.0,
          0.0,
          1.0
        ]
      ]
    },
    {
      "file_path": "/media/NFS/ttao/scannet/posed_images/scene0210_00/00377.jpg",
      "transform_matrix": [
        [
          0.879567,
          -0.337564,
          0.335279,
          2.026678
        ],
        [
          -0.46886,
          -0.495282,
          0.731346,
          1.753045
        ],
        [
          -0.080818,
          -0.800467,
          -0.593904,
          1.24177
        ],
        [
          0.0,
          0.0,
          0.0,
          1.0
        ]
      ]
    },
    {
      "file_path": "/media/NFS/ttao/scannet/posed_images/scene0210_00/00386.jpg",
      "transform_matrix": [
        [
          0.797679,
          -0.368307,
          0.477554,
          2.029535
        ],
        [
          -0.601791,
          -0.434332,
          0.670226,
          1.75057
        ],
        [
          -0.039432,
          -0.822013,
          -0.568101,
          1.243584
        ],
        [
          0.0,
          0.0,
          0.0,
          1.0
        ]
      ]
    },
    {
      "file_path": "/media/NFS/ttao/scannet/posed_images/scene0210_00/00388.jpg",
      "transform_matrix": [
        [
          0.776065,
          -0.372761,
          0.508696,
          2.030787
        ],
        [
          -0.629788,
          -0.41587,
          0.656063,
          1.756235
        ],
        [
          -0.033003,
          -0.829519,
          -0.557503,
          1.244678
        ],
        [
          0.0,
          0.0,
          0.0,
          1.0
        ]
      ]
    },
    {
      "file_path": "/media/NFS/ttao/scannet/posed_images/scene0210_00/00395.jpg",
      "transform_matrix": [
        [
          0.684101,
          -0.412495,
          0.601542,
          2.042513
        ],
        [
          -0.728829,
          -0.35434,
          0.585876,
          1.799365
        ],
        [
          -0.02852,
          -0.83922,
          -0.543043,
          1.246481
        ],
        [
          0.0,
          0.0,
          0.0,
          1.0
        ]
      ]
    },
    {
      "file_path": "/media/NFS/ttao/scannet/posed_images/scene0210_00/00403.jpg",
      "transform_matrix": [
        [
          0.549081,
          -0.450051,
          0.704247,
          2.049218
        ],
        [
          -0.835716,
          -0.305201,
          0.456543,
          1.860509
        ],
        [
          0.00947,
          -0.83923,
          -0.543694,
          1.241516
        ],
        [
          0.0,
          0.0,
          0.0,
          1.0
        ]
      ]
    },
    {
      "file_path": "/media/NFS/ttao/scannet/posed_images/scene0210_00/00408.jpg",
      "transform_matrix": [
        [
          0.464361,
          -0.452357,
          0.761408,
          2.058382
        ],
        [
          -0.885209,
          -0.26406,
          0.382985,
          1.897162
        ],
        [
          0.027811,
          -0.851848,
          -0.52305,
          1.254411
        ],
        [
          0.0,
          0.0,
          0.0,
          1.0
        ]
      ]
    },
    {
      "file_path": "/media/NFS/ttao/scannet/posed_images/scene0210_00/00416.jpg",
      "transform_matrix": [
        [
          0.328772,
          -0.402419,
          0.854381,
          2.07602
        ],
        [
          -0.944379,
          -0.147293,
          0.294028,
          1.925465
        ],
        [
          0.007521,
          -0.903528,
          -0.428462,
          1.257659
        ],
        [
          0.0,
          0.0,
          0.0,
          1.0
        ]
      ]
    },
    {
      "file_path": "/media/NFS/ttao/scannet/posed_images/scene0210_00/00419.jpg",
      "transform_matrix": [
        [
          0.281445,
          -0.407941,
          0.868546,
          2.090938
        ],
        [
          -0.958878,
          -0.154119,
          0.238329,
          1.938195
        ],
        [
          0.036635,
          -0.899906,
          -0.434542,
          1.275226
        ],
        [
          0.0,
          0.0,
          0.0,
          1.0
        ]
      ]
    },
    {
      "file_path": "/media/NFS/ttao/scannet/posed_images/scene0210_00/00431.jpg",
      "transform_matrix": [
        [
          0.258622,
          -0.372396,
          0.891311,
          2.200202
        ],
        [
          -0.965182,
          -0.137071,
          0.222787,
          1.929145
        ],
        [
          0.039208,
          -0.917896,
          -0.39488,
          1.317545
        ],
        [
          0.0,
          0.0,
          0.0,
          1.0
        ]
      ]
    },
    {
      "file_path": "/media/NFS/ttao/scannet/posed_images/scene0210_00/00436.jpg",
      "transform_matrix": [
        [
          0.25519,
          -0.405681,
          0.877668,
          2.257319
        ],
        [
          -0.966829,
          -0.117346,
          0.226874,
          1.937492
        ],
        [
          0.010953,
          -0.906451,
          -0.422169,
          1.321976
        ],
        [
          0.0,
          0.0,
          0.0,
          1.0
        ]
      ]
    },
    {
      "file_path": "/media/NFS/ttao/scannet/posed_images/scene0210_00/00442.jpg",
      "transform_matrix": [
        [
          0.254947,
          -0.386191,
          0.886487,
          2.324682
        ],
        [
          -0.96691,
          -0.092949,
          0.237584,
          1.941154
        ],
        [
          -0.009355,
          -0.917724,
          -0.397109,
          1.33787
        ],
        [
          0.0,
          0.0,
          0.0,
          1.0
        ]
      ]
    },
    {
      "file_path": "/media/NFS/ttao/scannet/posed_images/scene0210_00/00449.jpg",
      "transform_matrix": [
        [
          0.234502,
          -0.372411,
          0.897952,
          2.392598
        ],
        [
          -0.971724,
          -0.063576,
          0.227401,
          1.93198
        ],
        [
          -0.027598,
          -0.925888,
          -0.376789,
          1.357748
        ],
        [
          0.0,
          0.0,
          0.0,
          1.0
        ]
      ]
    },
    {
      "file_path": "/media/NFS/ttao/scannet/posed_images/scene0210_00/00453.jpg",
      "transform_matrix": [
        [
          0.24873,
          -0.383534,
          0.889402,
          2.417207
        ],
        [
          -0.967999,
          -0.066838,
          0.241889,
          1.92695
        ],
        [
          -0.033327,
          -0.921105,
          -0.387885,
          1.349591
        ],
        [
          0.0,
          0.0,
          0.0,
          1.0
        ]
      ]
    },
    {
      "file_path": "/media/NFS/ttao/scannet/posed_images/scene0210_00/00458.jpg",
      "transform_matrix": [
        [
          0.249557,
          -0.39702,
          0.88323,
          2.447679
        ],
        [
          -0.968332,
          -0.09542,
          0.230711,
          1.93089
        ],
        [
          -0.007319,
          -0.912836,
          -0.408261,
          1.346997
        ],
        [
          0.0,
          0.0,
          0.0,
          1.0
        ]
      ]
    },
    {
      "file_path": "/media/NFS/ttao/scannet/posed_images/scene0210_00/00464.jpg",
      "transform_matrix": [
        [
          0.228453,
          -0.401112,
          0.887084,
          2.477729
        ],
        [
          -0.973413,
          -0.078552,
          0.215167,
          1.942664
        ],
        [
          -0.016625,
          -0.912655,
          -0.408393,
          1.345612
        ],
        [
          0.0,
          0.0,
          0.0,
          1.0
        ]
      ]
    },
    {
      "file_path": "/media/NFS/ttao/scannet/posed_images/scene0210_00/00473.jpg",
      "transform_matrix": [
        [
          0.206647,
          -0.411374,
          0.887732,
          2.513139
        ],
        [
          -0.978384,
          -0.094198,
          0.184097,
          1.990342
        ],
        [
          0.00789,
          -0.906586,
          -0.421947,
          1.348277
        ],
        [
          0.0,
          0.0,
          0.0,
          1.0
        ]
      ]
    },
    {
      "file_path": "/media/NFS/ttao/scannet/posed_images/scene0210_00/00479.jpg",
      "transform_matrix": [
        [
          0.169144,
          -0.382239,
          0.908451,
          2.52738
        ],
        [
          -0.984925,
          -0.099439,
          0.141543,
          2.026294
        ],
        [
          0.036232,
          -0.918697,
          -0.393297,
