{
  "frames": [
    {
      "file_path": "/media/NFS/ttao/scannet/posed_images/scene0397_00/00000.jpg",
      "transform_matrix": [
        [
          0.235788,
          0.466699,
          -0.852406,
          2.803312
        ],
        [
          0.969241,
          -0.176601,
          0.171416,
          1.396223
        ],
        [
          -0.070536,
          -0.866605,
          -0.493984,
          1.506139
        ],
        [
          0.0,
          0.0,
          0.0,
          1.0
        ]
      ]
    },
    {
      "file_path": "/media/NFS/ttao/scannet/posed_images/scene0397_00/00007.jpg",
      "transform_matrix": [
        [
          0.23696,
          0.4674,
          -0.851697,
          2.802752
        ],
        [
          0.969339,
          -0.172452,
          0.175052,
          1.397195
        ],
        [
          -0.065057,
          -0.867063,
          -0.493933,
          1.504544
        ],
        [
          0.0,
          0.0,
          0.0,
          1.0
        ]
      ]
    },
    {
      "file_path": "/media/NFS/ttao/scannet/posed_images/scene0397_00/00010.jpg",
      "transform_matrix": [
        [
          0.237417,
          0.46697,
          -0.851805,
          2.802571
        ],
        [
          0.969255,
          -0.172227,
          0.175736,
          1.3924
        ],
        [
          -0.064641,
          -0.867339,
          -0.493502,
          1.505541
        ],
        [
          0.0,
          0.0,
          0.0,
          1.0
        ]
      ]
    },
    {
      "file_path": "/media/NFS/ttao/scannet/posed_images/scene0397_00/00015.jpg",
      "transform_matrix": [
        [
          0.227036,
          0.465754,
          -0.855294,
          2.802541
        ],
        [
          0.971459,
          -0.170274,
          0.165149,
          1.388888
        ],
        [
          -0.068716,
          -0.868378,
          -0.491119,
          1.506209
        ],
        [
          0.0,
          0.0,
          0.0,
          1.0
        ]
      ]
    },
    {
      "file_path": "/media/NFS/ttao/scannet/posed_images/scene0397_00/00023.jpg",
      "transform_matrix": [
        [
          0.183816,
          0.484888,
          -0.855041,
          2.804132
        ],
        [
          0.980947,
          -0.14614,
          0.128008,
          1.379638
        ],
        [
          -0.062886,
          -0.86228,
          -0.502512,
          1.500187
        ],
        [
          0.0,
          0.0,
          0.0,
          1.0
        ]
      ]
    },
    {
      "file_path": "/media/NFS/ttao/scannet/posed_images/scene0397_00/00027.jpg",
      "transform_matrix": [
        [
          0.157387,
          0.499296,
          -0.852017,
          2.807483
        ],
        [
          0.985931,
          -0.12862,
          0.10675,
          1.374132
        ],
        [
          -0.056287,
          -0.856831,
          -0.512515,
          1.493951
        ],
        [
          0.0,
          0.0,
          0.0,
          1.0
        ]
      ]
    },
    {
      "file_path": "/media/NFS/ttao/scannet/posed_images/scene0397_00/00037.jpg",
      "transform_matrix": [
        [
          0.051047,
          0.521465,
          -0.851744,
          2.828898
        ],
        [
          0.996783,
          -0.079371,
          0.011146,
          1.36774
        ],
        [
          -0.061791,
          -0.849573,
          -0.523839,
          1.488751
        ],
        [
          0.0,
          0.0,
          0.0,
          1.0
        ]
      ]
    },
    {
      "file_path": "/media/NFS/ttao/scannet/posed_images/scene0397_00/00039.jpg",
      "transform_matrix": [
        [
          0.033002,
          0.51885,
          -0.854228,
          2.835734
        ],
        [
          0.99754,
          -0.069994,
          -0.003975,
          1.369015
        ],
        [
          -0.061853,
          -0.851995,
          -0.519884,
          1.489474
        ],
        [
          0.0,
          0.0,
          0.0,
          1.0
        ]
      ]
    },
    {
      "file_path": "/media/NFS/ttao/scannet/posed_images/scene0397_00/00044.jpg",
      "transform_matrix": [
        [
          -0.023185,
          0.528613,
          -0.848546,
          2.863875
        ],
        [
          0.998063,
          -0.03678,
          -0.050183,
          1.382051
        ],
        [
          -0.057737,
          -0.848066,
          -0.526736,
          1.480384
        ],
        [
          0.0,
          0.0,
          0.0,
          1.0
        ]
      ]
    },
    {
      "file_path": "/media/NFS/ttao/scannet/posed_images/scene0397_00/00050.jpg",
      "transform_matrix": [
        [
          -0.106653,
          0.533848,
          -0.838827,
          2.902135
        ],
        [
          0.992545,
          0.007107,
          -0.121674,
          1.394144
        ],
        [
          -0.058994,
          -0.84555,
          -0.530626,
          1.471595
        ],
        [
          0.0,
          0.0,
          0.0,
          1.0
        ]
      ]
    },
    {
      "file_path": "/media/NFS/ttao/scannet/posed_images/scene0397_00/00055.jpg",
      "transform_matrix": [
        [
          -0.166885,
          0.542893,
          -0.823053,
          2.926049
        ],
        [
          0.983598,
          0.033724,
          -0.177193,
          1.391144
        ],
        [
          -0.06844,
          -0.839125,
          -0.539616,
          1.467463
        ],
        [
          0.0,
          0.0,
          0.0,
          1.0
        ]
      ]
    },
    {
      "file_path": "/media/NFS/ttao/scannet/posed_images/scene0397_00/00062.jpg",
      "transform_matrix": [
        [
          -0.249441,
          0.557122,
          -0.792082,
          2.950302
        ],
        [
          0.964613,
          0.070772,
          -0.253996,
          1.386796
        ],
        [
          -0.08545,
          -0.827409,
          -0.55506,
          1.460571
        ],
        [
          0.0,
          0.0,
          0.0,
          1.0
        ]
      ]
    },
    {
      "file_path": "/media/NFS/ttao/scannet/posed_images/scene0397_00/00069.jpg",
      "transform_matrix": [
        [
          -0.280112,
          0.568872,
          -0.773254,
          2.969843
        ],
        [
          0.954896,
          0.082428,
          -0.28527,
          1.359122
        ],
        [
          -0.098545,
          -0.818285,
          -0.566303,
          1.450433
        ],
        [
          0.0,
          0.0,
          0.0,
          1.0
        ]
      ]
    },
    {
      "file_path": "/media/NFS/ttao/scannet/posed_images/scene0397_00/00075.jpg",
      "transform_matrix": [
        [
          -0.278745,
          0.600686,
          -0.749318,
          2.984935
        ],
        [
          0.95526,
          0.093082,
          -0.280737,
          1.338793
        ],
        [
          -0.098887,
          -0.794048,
          -0.599758,
          1.438028
        ],
        [
          0.0,
          0.0,
          0.0,
          1.0
        ]
      ]
    },
    {
      "file_path": "/media/NFS/ttao/scannet/posed_images/scene0397_00/00080.jpg",
      "transform_matrix": [
        [
          -0.277103,
          0.622763,
          -0.731697,
          2.997832
        ],
        [
          0.956627,
          0.107581,
          -0.270722,
          1.32259
        ],
        [
          -0.089879,
          -0.774979,
          -0.625563,
          1.433801
        ],
        [
          0.0,
          0.0,
          0.0,
          1.0
        ]
      ]
    },
    {
      "file_path": "/media/NFS/ttao/scannet/posed_images/scene0397_00/00086.jpg",
      "transform_matrix": [
        [
          -0.2637,
          0.640445,
          -0.721313,
          3.01545
        ],
        [
          0.962353,
          0.123608,
          -0.242071,
          1.32285
        ],
        [
          -0.065873,
          -0.757991,
          -0.64893,
          1.418374
        ],
        [
          0.0,
          0.0,
          0.0,
          1.0
        ]
      ]
    },
    {
      "file_path": "/media/NFS/ttao/scannet/posed_images/scene0397_00/00089.jpg",
      "transform_matrix": [
        [
          -0.253212,
          0.647942,
          -0.71837,
          3.019816
        ],
        [
          0.966103,
          0.130769,
          -0.222585,
          1.332412
        ],
        [
          -0.050282,
          -0.75038,
          -0.659091,
          1.413292
        ],
        [
          0.0,
          0.0,
          0.0,
          1.0
        ]
      ]
    },
    {
      "file_path": "/media/NFS/ttao/scannet/posed_images/scene0397_00/00097.jpg",
      "transform_matrix": [
        [
          -0.20114,
          0.63637,
          -0.744698,
          3.004652
        ],
        [
          0.979189,
          0.10963,
          -0.170793,
          1.39797
        ],
        [
          -0.027046,
          -0.763554,
          -0.645178,
          1.421134
        ],
        [
          0.0,
          0.0,
          0.0,
          1.0
        ]
      ]
    },
    {
      "file_path": "/media/NFS/ttao/scannet/posed_images/scene0397_00/00101.jpg",
      "transform_matrix": [
        [
          -0.184265,
          0.621767,
          -0.761217,
          2.98403
        ],
        [
          0.982615,
          0.098666,
          -0.157266,
          1.445717
        ],
        [
          -0.022677,
          -0.776962,
          -0.629139,
          1.431802
        ],
        [
          0.0,
          0.0,
          0.0,
          1.0
        ]
      ]
    },
    {
      "file_path": "/media/NFS/ttao/scannet/posed_images/scene0397_00/00109.jpg",
      "transform_matrix": [
        [
          -0.159832,
          0.548583,
          -0.820677,
          2.946233
        ],
        [
          0.987088,
          0.079905,
          -0.138828,
          1.535212
        ],
        [
          -0.010582,
          -0.832269,
          -0.554271,
          1.462332
        ],
        [
          0.0,
          0.0,
          0.0,
          1.0
        ]
      ]
    },
    {
      "file_path": "/media/NFS/ttao/scannet/posed_images/scene0397_00/00112.jpg",
      "transform_matrix": [
        [
          -0.140709,
          0.524851,
          -0.839483,
          2.93743
        ],
        [
          0.990032,
          0.06941,
          -0.122548,
          1.553471
        ],
        [
          -0.006051,
          -0.848359,
          -0.529387,
          1.473532
        ],
        [
          0.0,
          0.0,
          0.0,
          1.0
        ]
      ]
    },
    {
      "file_path": "/media/NFS/ttao/scannet/posed_images/scene0397_00/00119.jpg",
      "transform_matrix": [
        [
          -0.135369,
          0.448222,
          -0.883613,
          2.90831
        ],
        [
          0.990496,
          0.03931,
          -0.131804,
          1.616255
        ],
        [
          -0.024343,
          -0.893058,
          -0.449283,
          1.516686
        ],
        [
          0.0,
          0.0,
          0.0,
          1.0
        ]
      ]
    },
    {
      "file_path": "/media/NFS/ttao/scannet/posed_images/scene0397_00/00124.jpg",
      "transform_matrix": [
        [
          -0.108936,
          0.404952,
          -0.907825,
          2.891145
        ],
        [
          0.993275,
          0.008312,
          -0.115482,
          1.640496
        ],
        [
          -0.039219,
          -0.9143,
          -0.403134,
          1.54219
        ],
        [
          0.0,
          0.0,
          0.0,
          1.0
        ]
      ]
    },
    {
      "file_path": "/media/NFS/ttao/scannet/posed_images/scene0397_00/00131.jpg",
      "transform_matrix": [
        [
          -0.111176,
          0.349511,
          -0.930313,
          2.862064
        ],
        [
          0.992589,
          -0.007167,
          -0.12131,
          1.693445
        ],
        [
          -0.049066,
          -0.936905,
          -0.346124,
          1.5678
        ],
        [
          0.0,
          0.0,
          0.0,
          1.0
        ]
      ]
    },
    {
      "file_path": "/media/NFS/ttao/scannet/posed_images/scene0397_00/00132.jpg",
      "transform_matrix": [
        [
          -0.115265,
          0.340277,
          -0.933234,
          2.857113
        ],
        [
          0.992273,
          -0.003985,
          -0.12401,
          1.703596
        ],
        [
          -0.045917,
          -0.940317,
          -0.337189,
          1.570191
        ],
        [
          0.0,
          0.0,
          0.0,
          1.0
        ]
      ]
    },
    {
      "file_path": "/media/NFS/ttao/scannet/posed_images/scene0397_00/00143.jpg",
      "transform_matrix": [
        [
          -0.092254,
          0.250968,
          -0.963589,
          2.794189
        ],
        [
          0.995412,
          -0.001406,
          -0.095667,
          1.818264
        ],
        [
          -0.025364,
          -0.967994,
          -0.249687,
          1.629845
        ],
        [
          0.0,
          0.0,
          0.0,
          1.0
        ]
      ]
    },
    {
      "file_path": "/media/NFS/ttao/scannet/posed_images/scene0397_00/00146.jpg",
      "transform_matrix": [
        [
          -0.091192,
          0.223539,
          -0.97042,
          2.793552
        ],
        [
          0.995082,
          -0.017395,
          -0.097516,
          1.848618
        ],
        [
          -0.038679,
          -0.97454,
          -0.220853,
          1.639244
        ],
        [
          0.0,
          0.0,
          0.0,
          1.0
        ]
      ]
    },
    {
      "file_path": "/media/NFS/ttao/scannet/posed_images/scene0397_00/00149.jpg",
      "transform_matrix": [
        [
          -0.096382,
          0.191139,
          -0.976819,
          2.799302
        ],
        [
          0.994398,
          -0.024291,
          -0.102869,
          1.883464
        ],
        [
          -0.04339,
          -0.981262,
          -0.187727,
          1.642472
        ],
        [
          0.0,
          0.0,
          0.0,
          1.0
        ]
      ]
    },
    {
      "file_path": "/media/NFS/ttao/scannet/posed_images/scene0397_00/00156.jpg",
      "transform_matrix": [
        [
          -0.172536,
          0.143252,
          -0.974531,
          2.831522
        ],
        [
          0.984137,
          -0.016405,
          -0.176649,
          1.976948
        ],
        [
          -0.041292,
          -0.98955,
          -0.138149,
          1.643847
        ],
        [
          0.0,
          0.0,
          0.0,
          1.0
        ]
      ]
    },
    {
      "file_path": "/media/NFS/ttao/scannet/posed_images/scene0397_00/00164.jpg",
      "transform_matrix": [
        [
          -0.299378,
          0.144998,
          -0.943052,
          2.865043
        ],
        [
          0.95367,
          0.014638,
          -0.300498,
          2.11466
        ],
        [
          -0.029768,
          -0.989324,
          -0.142663,
          1.627187
        ],
        [
          0.0,
          0.0,
          0.0,
          1.0
        ]
      ]
    },
    {
      "file_path": "/media/NFS/ttao/scannet/posed_images/scene0397_00/00166.jpg",
      "transform_matrix": [
        [
          -0.322954,
          0.15296,
          -0.933972,
          2.873735
        ],
        [
          0.945767,
          0.015644,
          -0.32447,
          2.138522
        ],
        [
          -0.03502,
          -0.988108,
          -0.149717,
          1.630611
        ],
        [
          0.0,
          0.0,
          0.0,
          1.0
        ]
      ]
    },
    {
      "file_path": "/media/NFS/ttao/scannet/posed_images/scene0397_00/00176.jpg",
      "transform_matrix": [
        [
          -0.466836,
          0.103467,
          -0.87827,
          2.926925
        ],
        [
          0.882476,
          -0.010014,
          -0.470252,
          2.237941
        ],
        [
          -0.057451,
          -0.994582,
          -0.086632,
          1.645103
        ],
        [
          0.0,
          0.0,
          0.0,
          1.0
        ]
      ]
    },
    {
      "file_path": "/media/NFS/ttao/scannet/posed_images/scene0397_00/00179.jpg",
      "transform_matrix": [
        [
          -0.491232,
          0.099425,
          -0.865335,
          2.933325
        ],
        [
          0.869052,
          -0.010935,
          -0.494599,
          2.249766
        ],
        [
          -0.058638,
          -0.994985,
          -0.081034,
          1.650239
        ],
        [
          0.0,
          0.0,
          0.0,
          1.0
        ]
      ]
    },
    {
      "file_path": "/media/NFS/ttao/scannet/posed_images/scene0397_00/00188.jpg",
      "transform_matrix": [
        [
          -0.574336,
          0.07713,
          -0.814978,
          2.936059
        ],
        [
          0.815634,
          -0.03104,
          -0.577735,
          2.301832
        ],
        [
          -0.069857,
          -0.996538,
          -0.045083,
          1.65334
        ],
        [
          0.0,
          0.0,
          0.0,
          1.0
        ]
      ]
    },
    {
      "file_path": "/media/NFS/ttao/scannet/posed_images/scene0397_00/00190.jpg",
      "transform_matrix": [
        [
          -0.595095,
          0.065892,
          -0.800949,
          2.948288
        ],
        [
          0.801068,
          -0.031265,
          -0.597756,
          2.304892
        ],
        [
          -0.064429,
          -0.997337,
          -0.034178,
          1.637287
        ],
        [
          0.0,
          0.0,
          0.0,
          1.0
        ]
      ]
    },
    {
      "file_path": "/media/NFS/ttao/scannet/posed_images/scene0397_00/00195.jpg",
      "transform_matrix": [
        [
          -0.646194,
          0.089336,
          -0.757926,
          2.930819
        ],
        [
          0.760966,
          -5.4e-05,
          -0.648792,
          2.313066
        ],
        [
          -0.058001,
          -0.996001,
          -0.067947,
          1.638851
        ],
        [
          0.0,
          0.0,
          0.0,
          1.0
        ]
      ]
    },
    {
      "file_path": "/media/NFS/ttao/scannet/posed_images/scene0397_00/00200.jpg",
      "transform_matrix": [
        [
          -0.685574,
          0.114524,
          -0.718938,
          2.931926
        ],
        [
          0.725195,
          0.020776,
          -0.68823,
          2.309223
        ],
        [
          -0.063883,
          -0.993203,
          -0.097296,
          1.602607
        ],
        [
          0.0,
          0.0,
          0.0,
          1.0
        ]
      ]
    },
    {
      "file_path": "/media/NFS/ttao/scannet/posed_images/scene0397_00/00206.jpg",
      "transform_matrix": [
        [
          -0.739995,
          0.134274,
          -0.659074,
          2.916172
        ],
        [
          0.669319,
          0.050154,
          -0.74128,
          2.304319
        ],
        [
          -0.066479,
          -0.989674,
          -0.126986,
          1.588251
        ],
        [
          0.0,
          0.0,
          0.0,
          1.0
        ]
      ]
    },
    {
      "file_path": "/media/NFS/ttao/scannet/posed_images/scene0397_00/00215.jpg",
      "transform_matrix": [
        [
          -0.796715,
          0.194443,
          -0.572221,
          2.903332
        ],
        [
          0.597391,
          0.11005,
          -0.794363,
          2.277632
        ],
        [
          -0.091485,
          -0.974721,
          -0.203837,
          1.576964
        ],
        [
          0.0,
          0.0,
          0.0,
          1.0
        ]
      ]
    },
    {
      "file_path": "/media/NFS/ttao/scannet/posed_images/scene0397_00/00218.jpg",
      "transform_matrix": [
        [
          -0.805106,
          0.210866,
          -0.554382,
          2.898188
        ],
        [
          0.586074,
          0.139079,
          -0.798232,
          2.269643
        ],
        [
          -0.091217,
          -0.96757,
          -0.235557,
          1.565106
        ],
        [
          0.0,
          0.0,
          0.0,
          1.0
        ]
      ]
    },
    {
      "file_path": "/media/NFS/ttao/scannet/posed_images/scene0397_00/00226.jpg",
      "transform_matrix": [
        [
          -0.771965,
          0.272522,
          -0.574284,
          2.91094
        ],
        [
          0.631692,
          0.22804,
          -0.74092,
          2.239127
        ],
        [
          -0.070957,
          -0.934735,
          -0.348189,
          1.528202
        ],
        [
          0.0,
          0.0,
          0.0,
          1.0
        ]
      ]
    },
    {
      "file_path": "/media/NFS/ttao/scannet/posed_images/scene0397_00/00230.jpg",
      "transform_matrix": [
        [
          -0.728266,
          0.304769,
          -0.613794,
          2.925387
        ],
        [
          0.682903,
          0.248003,
          -0.687123,
          2.206799
        ],
        [
          -0.057191,
          -0.919571,
          -0.38874,
          1.524512
        ],
        [
          0.0,
          0.0,
          0.0,
          1.0
        ]
      ]
    },
    {
      "file_path": "/media/NFS/ttao/scannet/posed_images/scene0397_00/00236.jpg",
      "transform_matrix": [
        [
          -0.657015,
          0.334604,
          -0.675553,
          2.915276
        ],
        [
          0.752654,
          0.240098,
          -0.613078,
          2.217179
        ],
        [
          -0.04294,
          -0.911259,
          -0.409588,
          1.508808
        ],
        [
          0.0,
          0.0,
          0.0,
          1.0
        ]
      ]
    },
    {
      "file_path": "/media/NFS/ttao/scannet/posed_images/scene0397_00/00243.jpg",
      "transform_matrix": [
        [
          -0.504421,
          0.376164,
          -0.777213,
          2.894159
        ],
        [
          0.862944,
          0.188559,
          -0.4688,
          2.219652
        ],
        [
          -0.029795,
          -0.907164,
          -0.419722,
          1.503015
        ],
        [
          0.0,
          0.0,
          0.0,
          1.0
        ]
      ]
    },
    {
      "file_path": "/media/NFS/ttao/scannet/posed_images/scene0397_00/00248.jpg",
      "transform_matrix": [
        [
          -0.397653,
          0.387399,
          -0.831741,
          2.877364
        ],
        [
          0.917178,
          0.142542,
          -0.372109,
          2.22262
        ],
        [
          -0.025597,
          -0.910826,
          -0.411997,
          1.502564
        ],
        [
          0.0,
          0.0,
          0.0,
          1.0
        ]
      ]
    },
    {
      "file_path": "/media/NFS/ttao/scannet/posed_images/scene0397_00/00253.jpg",
      "transform_matrix": [
        [
          -0.264641,
          0.3988,
          -0.878022,
          2.877531
        ],
        [
          0.964002,
          0.085066,
          -0.251919,
          2.185842
        ],
        [
          -0.025775,
          -0.913084,
          -0.406956,
          1.506539
        ],
        [
          0.0,
          0.0,
          0.0,
          1.0
        ]
      ]
    },
    {
      "file_path": "/media/NFS/ttao/scannet/posed_images/scene0397_00/00260.jpg",
      "transform_matrix": [
        [
          -0.11066,
          0.385847,
          -0.915902,
          2.858033
        ],
        [
          0.993789,
          0.032048,
          -0.106569,
          2.170497
        ],
        [
          -0.011766,
          -0.922006,
          -0.386997,
          1.518059
        ],
        [
          0.0,
          0.0,
          0.0,
          1.0
        ]
      ]
    },
    {
      "file_path": "/media/NFS/ttao/scannet/posed_images/scene0397_00/00265.jpg",
      "transform_matrix": [
        [
          0.005657,
          0.358832,
          -0.933385,
          2.83166
        ],
        [
          0.999881,
          -0.015408,
          0.000137,
          2.149823
        ],
        [
          -0.014333,
          -0.933275,
          -0.358876,
          1.536549
        ],
        [
          0.0,
          0.0,
          0.0,
          1.0
        ]
      ]
    },
    {
      "file_path": "/media/NFS/ttao/scannet/posed_images/scene0397_00/00267.jpg",
      "transform_matrix": [
        [
          0.04781,
          0.352805,
          -0.934475,
          2.822439
        ],
        [
          0.998774,
          -0.028943,
          0.040172,
          2.145731
        ],
        [
          -0.012873,
          -0.935249,
          -0.353756,
          1.540489
        ],
        [
          0.0,
          0.0,
          0.0,
          1.0
        ]
      ]
    },
    {
      "file_path": "/media/NFS/ttao/scannet/posed_images/scene0397_00/00277.jpg",
      "transform_matrix": [
        [
          0.260288,
          0.320178,
          -0.910898,
          2.793601
        ],
        [
          0.965433,
          -0.072868,
          0.250259,
          2.126942
        ],
        [
          0.013752,
          -0.944551,
          -0.328077,
          1.555668
        ],
        [
          0.0,
          0.0,
          0.0,
          1.0
        ]
      ]
    },
    {
      "file_path": "/media/NFS/ttao/scannet/posed_images/scene0397_00/00280.jpg",
      "transform_matrix": [
        [
          0.296012,
          0.304373,
          -0.905391,
          2.79831
        ],
        [
          0.954992,
          -0.075315,
          0.28691,
          2.138559
        ],
        [
          0.019138,
          -0.949571,
          -0.312968,
          1.542961
        ],
        [
          0.0,
          0.0,
          0.0,
          1.0
        ]
      ]
    },
    {
      "file_path": "/media/NFS/ttao/scannet/posed_images/scene0397_00/00285.jpg",
      "transform_matrix": [
        [
          0.341424,
          0.295907,
          -0.892114,
          2.786859
        ],
        [
          0.939815,
          -0.094003,
          0.3285,
          2.141921
        ],
        [
          0.013344,
          -0.95058,
          -0.310193,
          1.545281
        ],
        [
          0.0,
          0.0,
          0.0,
          1.0
        ]
      ]
    },
    {
      "file_path": "/media/NFS/ttao/scannet/posed_images/scene0397_00/00290.jpg",
      "transform_matrix": [
        [
          0.385986,
          0.303058,
          -0.871304,
          2.782114
        ],
        [
          0.922432,
          -0.114924,
          0.368663,
          2.151549
        ],
        [
          0.011592,
          -0.946017,
          -0.323909,
          1.536305
        ],
        [
          0.0,
          0.0,
          0.0,
          1.0
        ]
      ]
    },
    {
      "file_path": "/media/NFS/ttao/scannet/posed_images/scene0397_00/00299.jpg",
      "transform_matrix": [
        [
          0.524533,
          0.335732,
          -0.782399,
          2.752569
        ],
        [
          0.850813,
          -0.172866,
          0.49622,
          2.146642
        ],
        [
          0.031346,
          -0.925959,
          -0.37632,
          1.522336
        ],
        [
          0.0,
          0.0,
          0.0,
          1.0
        ]
      ]
    },
    {
      "file_path": "/media/NFS/ttao/scannet/posed_images/scene0397_00/00304.jpg",
      "transform_matrix": [
        [
          0.587263,
          0.324209,
          -0.741627,
          2.729429
        ],
        [
          0.809374,
          -0.242085,
          0.535079,
          2.151162
        ],
        [
          -0.00606,
          -0.914485,
          -0.404574,
          1.515769
        ],
        [
          0.0,
          0.0,
          0.0,
          1.0
        ]
      ]
    },
    {
      "file_path": "/media/NFS/ttao/scannet/posed_images/scene0397_00/00310.jpg",
      "transform_matrix": [
        [
          0.659162,
          0.311256,
          -0.684562,
          2.689407
        ],
        [
          0.750759,
          -0.324684,
          0.575275,
          2.128797
        ],
        [
          -0.043209,
          -0.89314,
          -0.447698,
          1.506313
        ],
        [
          0.0,
          0.0,
          0.0,
          1.0
        ]
      ]
    },
    {
      "file_path": "/media/NFS/ttao/scannet/posed_images/scene0397_00/00312.jpg",
      "transform_matrix": [
        [
          0.684461,
          0.304786,
          -0.662283,
          2.679677
        ],
        [
          0.727683,
          -0.341205,
          0.595026,
          2.117419
        ],
        [
          -0.044618,
          -0.889204,
          -0.455329,
          1.499112
        ],
        [
          0.0,
          0.0,
          0.0,
          1.0
        ]
      ]
    },
    {
      "file_path": "/media/NFS/ttao/scannet/posed_images/scene0397_00/00319.jpg",
      "transform_matrix": [
        [
          0.778258,
          0.280584,
          -0.561771,
          2.660442
        ],
        [
          0.625886,
          -0.418984,
          0.657813,
          2.09127
        ],
        [
          -0.050801,
          -0.863554,
          -0.501691,
          1.483472
        ],
        [
          0.0,
          0.0,
          0.0,
          1.0
        ]
      ]
    },
    {
      "file_path": "/media/NFS/ttao/scannet/posed_images/scene0397_00/00327.jpg",
      "transform_matrix": [
        [
          0.851681,
          0.23859,
          -0.466598,
          2.670921
        ],
        [
          0.522249,
          -0.460374,
          0.717853,
          2.060158
        ],
        [
          -0.043537,
          -0.855062,
          -0.516695,
          1.469893
        ],
        [
          0.0,
          0.0,
          0.0,
          1.0
        ]
      ]
    },
    {
      "file_path": "/media/NFS/ttao/scannet/posed_images/scene0397_00/00329.jpg",
      "transform_matrix": [
        [
          0.864817,
          0.225914,
          -0.44839,
          2.675465
        ],
        [
          0.499999,
          -0.468864,
          0.728127,
          2.052797
        ],
        [
          -0.04574,
          -0.853891,
          -0.518438,
          1.46807
        ],
        [
          0.0,
          0.0,
          0.0,
          1.0
        ]
      ]
    },
    {
      "file_path": "/media/NFS/ttao/scannet/posed_images/scene0397_00/00335.jpg",
      "transform_matrix": [
        [
          0.90793,
          0.173858,
          -0.38136,
          2.68987
        ],
        [
          0.415341,
          -0.495156,
          0.763094,
          2.012047
        ],
        [
          -0.056163,
          -0.851231,
          -0.521777,
          1.459446
        ],
        [
          0.0,
          0.0,
          0.0,
          1.0
        ]
      ]
    },
    {
      "file_path": "/media/NFS/ttao/scannet/posed_images/scene0397_00/00344.jpg",
      "transform_matrix": [
        [
          0.944045,
          0.119944,
          -0.307233,
          2.728001
        ],
        [
          0.322489,
          -0.530953,
          0.783639,
          1.943163
        ],
        [
          -0.069133,
          -0.838869,
          -0.539925,
          1.450061
        ],
        [
          0.0,
          0.0,
          0.0,
          1.0
        ]
      ]
    },
    {
      "file_path": "/media/NFS/ttao/scannet/posed_images/scene0397_00/00347.jpg",
      "transform_matrix": [
        [
          0.953867,
          0.098926,
          -0.283462,
          2.735976
        ],
        [
          0.291052,
          -0.536337,
          0.792232,
          1.91744
        ],
        [
          -0.073659,
          -0.838186,
          -0.540387,
          1.447947
        ],
        [
          0.0,
          0.0,
          0.0,
          1.0
        ]
      ]
    },
    {
      "file_path": "/media/NFS/ttao/scannet/posed_images/scene0397_00/00356.jpg",
      "transform_matrix": [
        [
          0.969283,
          0.066596,
          -0.23676,
          2.750293
        ],
        [
          0.232683,
          -0.560177,
          0.795022,
          1.861131
        ],
        [
          -0.079682,
          -0.825692,
          -0.558466,
          1.444793
        ],
        [
          0.0,
          0.0,
          0.0,
          1.0
        ]
      ]
    },
    {
      "file_path": "/media/NFS/ttao/scannet/posed_images/scene0397_00/00357.jpg",
      "transform_matrix": [
        [
          0.971455,
          0.060605,
          -0.22935,
          2.750987
        ],
        [
          0.223117,
          -0.561839,
          0.79659,
          1.856682
        ],
        [
          -0.080581,
          -0.825023,
          -0.559324,
          1.445255
        ],
        [
          0.0,
          0.0,
          0.0,
          1.0
        ]
      ]
    },
    {
      "file_path": "/media/NFS/ttao/scannet/posed_images/scene0397_00/00362.jpg",
      "transform_matrix": [
        [
          0.982296,
          0.016619,
          -0.186597,
          2.75478
        ],
        [
          0.162446,
          -0.571668,
          0.804243,
          1.831181
        ],
        [
          -0.093306,
          -0.820317,
          -0.564247,
          1.441341
        ],
        [
          0.0,
          0.0,
          0.0,
          1.0
        ]
      ]
    },
    {
      "file_path": "/media/NFS/ttao/scannet/posed_images/scene0397_00/00372.jpg",
      "transform_matrix": [
        [
          0.996342,
          -0.062669,
          -0.058087,
          2.747537
        ],
        [
          0.009539,
          -0.593971,
          0.80443,
          1.807763
        ],
        [
          -0.084915,
          -0.802041,
          -0.591201,
          1.433305
        ],
        [
          0.0,
          0.0,
          0.0,
          1.0
        ]
      ]
    },
    {
      "file_path": "/media/NFS/ttao/scannet/posed_images/scene0397_00/00374.jpg",
      "transform_matrix": [
        [
          0.994499,
          -0.104653,
          -0.004354,
          2.737174
        ],
        [
          -0.058888,
          -0.593012,
          0.803037,
          1.803518
        ],
        [
          -0.086622,
          -0.798364,
          -0.595913,
          1.428642
        ],
        [
          0.0,
          0.0,
          0.0,
          1.0
        ]
      ]
    },
    {
      "file_path": "/media/NFS/ttao/scannet/posed_images/scene0397_00/00379.jpg",
      "transform_matrix": [
        [
          0.984322,
          -0.165152,
          0.061916,
          2.720116
        ],
        [
          -0.149143,
          -0.591965,
          0.792044,
          1.790214
        ],
        [
          -0.094156,
          -0.788862,
          -0.607315,
          1.420928
        ],
        [
          0.0,
          0.0,
          0.0,
          1.0
        ]
      ]
    },
    {
      "file_path": "/media/NFS/ttao/scannet/posed_images/scene0397_00/00384.jpg",
      "transform_matrix": [
        [
          0.966597,
          -0.225646,
          0.121547,
          2.693764
        ],
        [
          -0.233945,
          -0.583063,
          0.778015,
          1.775351
        ],
        [
          -0.104686,
          -0.780462,
          -0.616376,
          1.416764
        ],
        [
          0.0,
          0.0,
          0.0,
          1.0
        ]
      ]
    },
    {
      "file_path": "/media/NFS/ttao/scannet/posed_images/scene0397_00/00392.jpg",
      "transform_matrix": [
        [
          0.927843,
          -0.303343,
          0.217003,
          2.669423
        ],
        [
          -0.358689,
          -0.566269,
          0.742079,
          1.745844
        ],
        [
          -0.102222,
          -0.766369,
          -0.634215,
          1.410494
        ],
        [
          0.0,
          0.0,
          0.0,
          1.0
        ]
      ]
    },
    {
      "file_path": "/media/NFS/ttao/scannet/posed_images/scene0397_00/00396.jpg",
      "transform_matrix": [
        [
          0.912959,
          -0.324021,
          0.248024,
          2.662204
        ],
        [
          -0.397039,
          -0.565133,
          0.723177,
          1.729821
        ],
        [
          -0.094159,
          -0.758706,
          -0.644592,
          1.40515
        ],
        [
          0.0,
          0.0,
          0.0,
          1.0
        ]
      ]
    },
    {
      "file_path": "/media/NFS/ttao/scannet/posed_images/scene0397_00/00402.jpg",
      "transform_matrix": [
        [
          0.887965,
          -0.353575,
          0.294114,
          2.660676
        ],
        [
          -0.453519,
          -0.56692,
          0.687693,
          1.712396
        ],
        [
          -0.076412,
          -0.744034,
          -0.663758,
          1.397252
        ],
        [
          0.0,
          0.0,
          0.0,
          1.0
        ]
      ]
    },
    {
      "file_path": "/media/NFS/ttao/scannet/posed_images/scene0397_00/00408.jpg",
      "transform_matrix": [
        [
          0.855464,
          -0.383911,
          0.347553,
          2.668061
        ],
        [
          -0.514242,
          -0.550537,
          0.657621,
          1.696851
        ],
        [
          -0.061127,
          -0.741297,
          -0.668388,
          1.393924
        ],
        [
          0.0,
          0.0,
          0.0,
          1.0
        ]
      ]
    },
    {
      "file_path": "/media/NFS/ttao/scannet/posed_images/scene0397_00/00413.jpg",
      "transform_matrix": [
        [
          0.8216,
          -0.401752,
          0.404436,
          2.676102
        ],
        [
          -0.568259,
          -0.520775,
          0.637083,
          1.690295
        ],
        [
          -0.04533,
          -0.753252,
          -0.656168,
          1.400668
        ],
        [
          0.0,
          0.0,
          0.0,
          1.0
        ]
      ]
    },
    {
      "file_path": "/media/NFS/ttao/scannet/posed_images/scene0397_00/00419.jpg",
      "transform_matrix": [
        [
          0.77129,
          -0.390589,
          0.502546,
          2.675821
        ],
        [
          -0.636312,
          -0.454801,
          0.623108,
          1.691843
        ],
        [
          -0.01482,
          -0.800372,
          -0.59932,
          1.437035
        ],
        [
          0.0,
          0.0,
          0.0,
          1.0
        ]
      ]
    },
    {
      "file_path": "/media/NFS/ttao/scannet/posed_images/scene0397_00/00428.jpg",
      "transform_matrix": [
        [
          0.692473,
          -0.356943,
          0.626955,
          2.655545
        ],
        [
          -0.721416,
          -0.350218,
          0.597417,
          1.692094
        ],
        [
          0.006327,
          -0.86599,
          -0.50002,
          1.49557
        ],
        [
          0.0,
          0.0,
          0.0,
          1.0
        ]
      ]
    },
    {
      "file_path": "/media/NFS/ttao/scannet/posed_images/scene0397_00/00433.jpg",
      "transform_matrix": [
        [
          0.659538,
          -0.325411,
          0.677582,
          2.64932
        ],
        [
          -0.751382,
          -0.310419,
          0.582293,
          1.676719
        ],
        [
          0.02085,
          -0.893167,
