{
  "frames": [
    {
      "file_path": "/media/NFS/ttao/scannet/posed_images/scene0509_02/00000.jpg",
      "transform_matrix": [
        [
          0.264216,
          0.598639,
          -0.756188,
          1.247767
        ],
        [
          0.964388,
          -0.154153,
          0.214926,
          1.302354
        ],
        [
          0.012095,
          -0.786046,
          -0.61805,
          1.242561
        ],
        [
          0.0,
          0.0,
          0.0,
          1.0
        ]
      ]
    },
    {
      "file_path": "/media/NFS/ttao/scannet/posed_images/scene0509_02/00003.jpg",
      "transform_matrix": [
        [
          0.268178,
          0.598262,
          -0.755092,
          1.246422
        ],
        [
          0.963189,
          -0.151339,
          0.222179,
          1.30295
        ],
        [
          0.018646,
          -0.78688,
          -0.616825,
          1.242995
        ],
        [
          0.0,
          0.0,
          0.0,
          1.0
        ]
      ]
    },
    {
      "file_path": "/media/NFS/ttao/scannet/posed_images/scene0509_02/00006.jpg",
      "transform_matrix": [
        [
          0.265519,
          0.597821,
          -0.75638,
          1.245898
        ],
        [
          0.963937,
          -0.149915,
          0.219891,
          1.303248
        ],
        [
          0.018063,
          -0.787487,
          -0.616066,
          1.243295
        ],
        [
          0.0,
          0.0,
          0.0,
          1.0
        ]
      ]
    },
    {
      "file_path": "/media/NFS/ttao/scannet/posed_images/scene0509_02/00011.jpg",
      "transform_matrix": [
        [
          0.258668,
          0.594467,
          -0.76138,
          1.245078
        ],
        [
          0.9659,
          -0.149902,
          0.211111,
          1.303227
        ],
        [
          0.011366,
          -0.790024,
          -0.61297,
          1.245078
        ],
        [
          0.0,
          0.0,
          0.0,
          1.0
        ]
      ]
    },
    {
      "file_path": "/media/NFS/ttao/scannet/posed_images/scene0509_02/00012.jpg",
      "transform_matrix": [
        [
          0.259062,
          0.594489,
          -0.76123,
          1.244672
        ],
        [
          0.965791,
          -0.149986,
          0.211545,
          1.303017
        ],
        [
          0.011588,
          -0.789992,
          -0.613007,
          1.245307
        ],
        [
          0.0,
          0.0,
          0.0,
          1.0
        ]
      ]
    },
    {
      "file_path": "/media/NFS/ttao/scannet/posed_images/scene0509_02/00016.jpg",
      "transform_matrix": [
        [
          0.263144,
          0.592319,
          -0.761521,
          1.24444
        ],
        [
          0.964611,
          -0.147795,
          0.218365,
          1.306824
        ],
        [
          0.016793,
          -0.792032,
          -0.610248,
          1.247308
        ],
        [
          0.0,
          0.0,
          0.0,
          1.0
        ]
      ]
    },
    {
      "file_path": "/media/NFS/ttao/scannet/posed_images/scene0509_02/00019.jpg",
      "transform_matrix": [
        [
          0.271852,
          0.584948,
          -0.764155,
          1.244394
        ],
        [
          0.962142,
          -0.149142,
          0.228121,
          1.311865
        ],
        [
          0.019472,
          -0.797241,
          -0.603347,
          1.251119
        ],
        [
          0.0,
          0.0,
          0.0,
          1.0
        ]
      ]
    },
    {
      "file_path": "/media/NFS/ttao/scannet/posed_images/scene0509_02/00024.jpg",
      "transform_matrix": [
        [
          0.291359,
          0.568483,
          -0.769374,
          1.244268
        ],
        [
          0.956462,
          -0.158785,
          0.244884,
          1.320656
        ],
        [
          0.017047,
          -0.807226,
          -0.589996,
          1.259926
        ],
        [
          0.0,
          0.0,
          0.0,
          1.0
        ]
      ]
    },
    {
      "file_path": "/media/NFS/ttao/scannet/posed_images/scene0509_02/00027.jpg",
      "transform_matrix": [
        [
          0.305339,
          0.5567,
          -0.772563,
          1.245137
        ],
        [
          0.952074,
          -0.163155,
          0.258719,
          1.328045
        ],
        [
          0.017981,
          -0.814534,
          -0.579837,
          1.264966
        ],
        [
          0.0,
          0.0,
          0.0,
          1.0
        ]
      ]
    },
    {
      "file_path": "/media/NFS/ttao/scannet/posed_images/scene0509_02/00031.jpg",
      "transform_matrix": [
        [
          0.318795,
          0.547035,
          -0.77403,
          1.247985
        ],
        [
          0.947566,
          -0.164881,
          0.27374,
          1.334209
        ],
        [
          0.022122,
          -0.820711,
          -0.570915,
          1.269502
        ],
        [
          0.0,
          0.0,
          0.0,
          1.0
        ]
      ]
    },
    {
      "file_path": "/media/NFS/ttao/scannet/posed_images/scene0509_02/00032.jpg",
      "transform_matrix": [
        [
          0.321843,
          0.548282,
          -0.771883,
          1.247613
        ],
        [
          0.946532,
          -0.167195,
          0.275903,
          1.336237
        ],
        [
          0.022217,
          -0.81941,
          -0.572777,
          1.270862
        ],
        [
          0.0,
          0.0,
          0.0,
          1.0
        ]
      ]
    },
    {
      "file_path": "/media/NFS/ttao/scannet/posed_images/scene0509_02/00035.jpg",
      "transform_matrix": [
        [
          0.333223,
          0.551449,
          -0.764766,
          1.248349
        ],
        [
          0.942598,
          -0.176162,
          0.283683,
          1.340385
        ],
        [
          0.021714,
          -0.815396,
          -0.578496,
          1.269544
        ],
        [
          0.0,
          0.0,
          0.0,
          1.0
        ]
      ]
    },
    {
      "file_path": "/media/NFS/ttao/scannet/posed_images/scene0509_02/00040.jpg",
      "transform_matrix": [
        [
          0.368183,
          0.546871,
          -0.751913,
          1.250121
        ],
        [
          0.929706,
          -0.20836,
          0.303701,
          1.347547
        ],
        [
          0.009417,
          -0.810875,
          -0.585143,
          1.266854
        ],
        [
          0.0,
          0.0,
          0.0,
          1.0
        ]
      ]
    },
    {
      "file_path": "/media/NFS/ttao/scannet/posed_images/scene0509_02/00041.jpg",
      "transform_matrix": [
        [
          0.376399,
          0.544262,
          -0.749736,
          1.250206
        ],
        [
          0.92643,
          -0.214859,
          0.309132,
          1.350249
        ],
        [
          0.007162,
          -0.810935,
          -0.585093,
          1.266879
        ],
        [
          0.0,
          0.0,
          0.0,
          1.0
        ]
      ]
    },
    {
      "file_path": "/media/NFS/ttao/scannet/posed_images/scene0509_02/00047.jpg",
      "transform_matrix": [
        [
          0.444666,
          0.521482,
          -0.728237,
          1.249591
        ],
        [
          0.895696,
          -0.257868,
          0.362262,
          1.36798
        ],
        [
          0.001125,
          -0.813364,
          -0.581754,
          1.26643
        ],
        [
          0.0,
          0.0,
          0.0,
          1.0
        ]
      ]
    },
    {
      "file_path": "/media/NFS/ttao/scannet/posed_images/scene0509_02/00048.jpg",
      "transform_matrix": [
        [
          0.454942,
          0.516878,
          -0.725166,
          1.24969
        ],
        [
          0.890521,
          -0.265267,
          0.369604,
          1.372429
        ],
        [
          -0.001322,
          -0.813923,
          -0.580971,
          1.266737
        ],
        [
          0.0,
          0.0,
          0.0,
          1.0
        ]
      ]
    },
    {
      "file_path": "/media/NFS/ttao/scannet/posed_images/scene0509_02/00051.jpg",
      "transform_matrix": [
        [
          0.484214,
          0.497314,
          -0.719872,
          1.249635
        ],
        [
          0.874903,
          -0.283693,
          0.392509,
          1.382725
        ],
        [
          -0.009022,
          -0.819877,
          -0.572469,
          1.267269
        ],
        [
          0.0,
          0.0,
          0.0,
          1.0
        ]
      ]
    },
    {
      "file_path": "/media/NFS/ttao/scannet/posed_images/scene0509_02/00056.jpg",
      "transform_matrix": [
        [
          0.520773,
          0.464801,
          -0.71607,
          1.246637
        ],
        [
          0.853496,
          -0.301627,
          0.424931,
          1.402712
        ],
        [
          -0.018478,
          -0.832455,
          -0.553785,
          1.271936
        ],
        [
          0.0,
          0.0,
          0.0,
          1.0
        ]
      ]
    },
    {
      "file_path": "/media/NFS/ttao/scannet/posed_images/scene0509_02/00060.jpg",
      "transform_matrix": [
        [
          0.55013,
          0.442737,
          -0.708055,
          1.241007
        ],
        [
          0.834639,
          -0.319038,
          0.44899,
          1.414148
        ],
        [
          -0.027112,
          -0.837973,
          -0.545038,
          1.273802
        ],
        [
          0.0,
          0.0,
          0.0,
          1.0
        ]
      ]
    },
    {
      "file_path": "/media/NFS/ttao/scannet/posed_images/scene0509_02/00062.jpg",
      "transform_matrix": [
        [
          0.562993,
          0.435177,
          -0.70261,
          1.238279
        ],
        [
          0.825842,
          -0.329144,
          0.457874,
          1.418836
        ],
        [
          -0.032003,
          -0.838024,
          -0.544693,
          1.27487
        ],
        [
          0.0,
          0.0,
          0.0,
          1.0
        ]
      ]
    },
    {
      "file_path": "/media/NFS/ttao/scannet/posed_images/scene0509_02/00064.jpg",
      "transform_matrix": [
        [
          0.576615,
          0.428315,
          -0.695745,
          1.235287
        ],
        [
          0.816317,
          -0.337246,
          0.468926,
          1.422213
        ],
        [
          -0.03379,
          -0.838339,
          -0.544102,
          1.275477
        ],
        [
          0.0,
          0.0,
          0.0,
          1.0
        ]
      ]
    },
    {
      "file_path": "/media/NFS/ttao/scannet/posed_images/scene0509_02/00069.jpg",
      "transform_matrix": [
        [
          0.615179,
          0.408603,
          -0.674239,
          1.225941
        ],
        [
          0.787537,
          -0.358197,
          0.501478,
          1.423448
        ],
        [
          -0.036605,
          -0.839487,
          -0.542145,
          1.274813
        ],
        [
          0.0,
          0.0,
          0.0,
          1.0
        ]
      ]
    },
    {
      "file_path": "/media/NFS/ttao/scannet/posed_images/scene0509_02/00070.jpg",
      "transform_matrix": [
        [
          0.625709,
          0.404233,
          -0.667146,
          1.221279
        ],
        [
          0.779128,
          -0.365592,
          0.509218,
          1.421503
        ],
        [
          -0.038061,
          -0.838414,
          -0.543703,
          1.276006
        ],
        [
          0.0,
          0.0,
          0.0,
          1.0
        ]
      ]
    },
    {
      "file_path": "/media/NFS/ttao/scannet/posed_images/scene0509_02/00074.jpg",
      "transform_matrix": [
        [
          0.664885,
          0.379124,
          -0.643578,
          1.205119
        ],
        [
          0.745484,
          -0.390686,
          0.540016,
          1.412495
        ],
        [
          -0.046704,
          -0.838826,
          -0.542392,
          1.27586
        ],
        [
          0.0,
          0.0,
          0.0,
          1.0
        ]
      ]
    },
    {
      "file_path": "/media/NFS/ttao/scannet/posed_images/scene0509_02/00077.jpg",
      "transform_matrix": [
        [
          0.702736,
          0.353234,
          -0.617566,
          1.188708
        ],
        [
          0.709571,
          -0.411049,
          0.572318,
          1.401622
        ],
        [
          -0.051688,
          -0.840396,
          -0.539503,
          1.275335
        ],
        [
          0.0,
          0.0,
          0.0,
          1.0
        ]
      ]
    },
    {
      "file_path": "/media/NFS/ttao/scannet/posed_images/scene0509_02/00082.jpg",
      "transform_matrix": [
        [
          0.778565,
          0.297471,
          -0.552582,
          1.164573
        ],
        [
          0.624107,
          -0.459305,
          0.632084,
          1.386785
        ],
        [
          -0.065776,
          -0.836989,
          -0.543253,
          1.278572
        ],
        [
          0.0,
          0.0,
          0.0,
          1.0
        ]
      ]
    },
    {
      "file_path": "/media/NFS/ttao/scannet/posed_images/scene0509_02/00084.jpg",
      "transform_matrix": [
        [
          0.800021,
          0.282235,
          -0.529442,
          1.158257
        ],
        [
          0.596679,
          -0.466607,
          0.65288,
          1.380545
        ],
        [
          -0.062775,
          -0.838225,
          -0.541699,
          1.277244
        ],
        [
          0.0,
          0.0,
          0.0,
          1.0
        ]
      ]
    },
    {
      "file_path": "/media/NFS/ttao/scannet/posed_images/scene0509_02/00086.jpg",
      "transform_matrix": [
        [
          0.817456,
          0.27147,
          -0.508005,
          1.152644
        ],
        [
          0.572603,
          -0.478519,
          0.665691,
          1.375766
        ],
        [
          -0.062375,
          -0.835059,
          -0.546614,
          1.277688
        ],
        [
          0.0,
          0.0,
          0.0,
          1.0
        ]
      ]
    },
    {
      "file_path": "/media/NFS/ttao/scannet/posed_images/scene0509_02/00090.jpg",
      "transform_matrix": [
        [
          0.843099,
          0.260946,
          -0.470204,
          1.143271
        ],
        [
          0.535072,
          -0.494366,
          0.685055,
          1.365095
        ],
        [
          -0.053691,
          -0.829162,
          -0.556424,
          1.2752
        ],
        [
          0.0,
          0.0,
          0.0,
          1.0
        ]
      ]
    },
    {
      "file_path": "/media/NFS/ttao/scannet/posed_images/scene0509_02/00093.jpg",
      "transform_matrix": [
        [
          0.854103,
          0.263532,
          -0.448396,
          1.143436
        ],
        [
          0.518168,
          -0.505471,
          0.689928,
          1.360341
        ],
        [
          -0.044833,
          -0.821614,
          -0.568278,
          1.271093
        ],
        [
          0.0,
          0.0,
          0.0,
          1.0
        ]
      ]
    },
    {
      "file_path": "/media/NFS/ttao/scannet/posed_images/scene0509_02/00098.jpg",
      "transform_matrix": [
        [
          0.863756,
          0.272062,
          -0.424156,
          1.153483
        ],
        [
          0.502291,
          -0.532272,
          0.681462,
          1.354817
        ],
        [
          -0.040367,
          -0.801666,
          -0.596407,
          1.262235
        ],
        [
          0.0,
          0.0,
          0.0,
          1.0
        ]
      ]
    },
    {
      "file_path": "/media/NFS/ttao/scannet/posed_images/scene0509_02/00100.jpg",
      "transform_matrix": [
        [
          0.865623,
          0.274704,
          -0.418611,
          1.159629
        ],
        [
          0.498858,
          -0.544772,
          0.674066,
          1.349289
        ],
        [
          -0.042878,
          -0.792314,
          -0.608605,
          1.259879
        ],
        [
          0.0,
          0.0,
          0.0,
          1.0
        ]
      ]
    },
    {
      "file_path": "/media/NFS/ttao/scannet/posed_images/scene0509_02/00103.jpg",
      "transform_matrix": [
        [
          0.860706,
          0.294074,
          -0.415579,
          1.174199
        ],
        [
          0.507554,
          -0.559288,
          0.655428,
          1.343324
        ],
        [
          -0.039684,
          -0.775059,
          -0.630641,
          1.25528
        ],
        [
          0.0,
          0.0,
          0.0,
          1.0
        ]
      ]
    },
    {
      "file_path": "/media/NFS/ttao/scannet/posed_images/scene0509_02/00106.jpg",
      "transform_matrix": [
        [
          0.850992,
          0.317207,
          -0.41856,
          1.189309
        ],
        [
          0.523863,
          -0.569088,
          0.633803,
          1.333085
        ],
        [
          -0.037151,
          -0.758629,
          -0.650463,
          1.249677
        ],
        [
          0.0,
          0.0,
          0.0,
          1.0
        ]
      ]
    },
    {
      "file_path": "/media/NFS/ttao/scannet/posed_images/scene0509_02/00111.jpg",
      "transform_matrix": [
        [
          0.839555,
          0.343582,
          -0.420831,
          1.210029
        ],
        [
          0.541308,
          -0.594889,
          0.594216,
          1.317264
        ],
        [
          -0.046185,
          -0.726676,
          -0.685426,
          1.239436
        ],
        [
          0.0,
          0.0,
          0.0,
          1.0
        ]
      ]
    },
    {
      "file_path": "/media/NFS/ttao/scannet/posed_images/scene0509_02/00114.jpg",
      "transform_matrix": [
        [
          0.837549,
          0.35629,
          -0.414209,
          1.216596
        ],
        [
          0.543863,
          -0.616103,
          0.569762,
          1.308049
        ],
        [
          -0.052195,
          -0.702477,
          -0.70979,
          1.231778
        ],
        [
          0.0,
          0.0,
          0.0,
          1.0
        ]
      ]
    },
    {
      "file_path": "/media/NFS/ttao/scannet/posed_images/scene0509_02/00118.jpg",
      "transform_matrix": [
        [
          0.83822,
          0.368114,
          -0.402342,
          1.224728
        ],
        [
          0.542705,
          -0.635427,
          0.549276,
          1.296246
        ],
        [
          -0.053463,
          -0.678767,
          -0.732405,
          1.221565
        ],
        [
          0.0,
          0.0,
          0.0,
          1.0
        ]
      ]
    },
    {
      "file_path": "/media/NFS/ttao/scannet/posed_images/scene0509_02/00121.jpg",
      "transform_matrix": [
        [
          0.846677,
          0.367011,
          -0.385281,
          1.229133
        ],
        [
          0.530342,
          -0.64097,
          0.554882,
          1.283642
        ],
        [
          -0.043305,
          -0.674136,
          -0.737336,
          1.208083
        ],
        [
          0.0,
          0.0,
          0.0,
          1.0
        ]
      ]
    },
    {
      "file_path": "/media/NFS/ttao/scannet/posed_images/scene0509_02/00124.jpg",
      "transform_matrix": [
        [
          0.860284,
          0.361984,
          -0.358997,
          1.226689
        ],
        [
          0.508981,
          -0.65008,
          0.56421,
          1.275683
        ],
        [
          -0.029142,
          -0.668104,
          -0.743497,
          1.204865
        ],
        [
          0.0,
          0.0,
          0.0,
          1.0
        ]
      ]
    },
    {
      "file_path": "/media/NFS/ttao/scannet/posed_images/scene0509_02/00125.jpg",
      "transform_matrix": [
        [
          0.864953,
          0.358022,
          -0.351678,
          1.226814
        ],
        [
          0.501222,
          -0.651429,
          0.569576,
          1.273257
        ],
        [
          -0.025172,
          -0.668925,
          -0.742904,
          1.203891
        ],
        [
          0.0,
          0.0,
          0.0,
          1.0
        ]
      ]
    },
    {
      "file_path": "/media/NFS/ttao/scannet/posed_images/scene0509_02/00129.jpg",
      "transform_matrix": [
        [
          0.891036,
          0.321711,
          -0.320246,
          1.215631
        ],
        [
          0.4538,
          -0.648424,
          0.611238,
          1.262101
        ],
        [
          -0.011013,
          -0.689962,
          -0.723762,
          1.210488
        ],
        [
          0.0,
          0.0,
          0.0,
          1.0
        ]
      ]
    },
    {
      "file_path": "/media/NFS/ttao/scannet/posed_images/scene0509_02/00133.jpg",
      "transform_matrix": [
        [
          0.918594,
          0.264434,
          -0.293699,
          1.196043
        ],
        [
          0.395035,
          -0.635953,
          0.662956,
          1.249551
        ],
        [
          -0.01147,
          -0.725009,
          -0.688644,
          1.226968
        ],
        [
          0.0,
          0.0,
          0.0,
          1.0
        ]
      ]
    },
    {
      "file_path": "/media/NFS/ttao/scannet/posed_images/scene0509_02/00137.jpg",
      "transform_matrix": [
        [
          0.937167,
          0.211861,
          -0.277187,
          1.169349
        ],
        [
          0.347964,
          -0.625177,
          0.698623,
          1.233908
        ],
        [
          -0.02528,
          -0.751178,
          -0.659616,
          1.244779
        ],
        [
          0.0,
          0.0,
          0.0,
          1.0
        ]
      ]
    },
    {
      "file_path": "/media/NFS/ttao/scannet/posed_images/scene0509_02/00140.jpg",
      "transform_matrix": [
        [
          0.947436,
          0.192228,
          -0.25576,
          1.141814
        ],
        [
          0.319382,
          -0.615668,
          0.720381,
          1.222743
        ],
        [
          -0.018986,
          -0.7642,
          -0.6447,
          1.252642
        ],
        [
          0.0,
          0.0,
          0.0,
          1.0
        ]
      ]
    },
    {
      "file_path": "/media/NFS/ttao/scannet/posed_images/scene0509_02/00143.jpg",
      "transform_matrix": [
        [
          0.954818,
          0.172517,
          -0.241992,
          1.1248
        ],
        [
          0.29653,
          -0.60731,
          0.737052,
          1.213784
        ],
        [
          -0.01981,
          -0.775508,
          -0.631027,
          1.259692
        ],
        [
          0.0,
          0.0,
          0.0,
          1.0
        ]
      ]
    },
    {
      "file_path": "/media/NFS/ttao/scannet/posed_images/scene0509_02/00147.jpg",
      "transform_matrix": [
        [
          0.960087,
          0.154529,
          -0.233138,
          1.110343
        ],
        [
          0.278982,
          -0.588777,
          0.758624,
          1.20636
        ],
        [
          -0.020037,
          -0.793387,
          -0.608388,
          1.271709
        ],
        [
          0.0,
          0.0,
          0.0,
          1.0
        ]
      ]
    },
    {
      "file_path": "/media/NFS/ttao/scannet/posed_images/scene0509_02/00150.jpg",
      "transform_matrix": [
        [
          0.95997,
          0.153106,
          -0.234555,
          1.099354
        ],
        [
          0.279637,
          -0.57212,
          0.771026,
          1.201348
        ],
        [
          -0.016145,
          -0.805752,
          -0.592033,
          1.279101
        ],
        [
          0.0,
          0.0,
          0.0,
          1.0
        ]
      ]
    },
    {
      "file_path": "/media/NFS/ttao/scannet/posed_images/scene0509_02/00152.jpg",
      "transform_matrix": [
        [
          0.957959,
          0.15523,
          -0.241283,
          1.096676
        ],
        [
          0.286539,
          -0.560014,
          0.777354,
          1.199407
        ],
        [
          -0.014453,
          -0.813811,
          -0.58095,
          1.285242
        ],
        [
          0.0,
          0.0,
          0.0,
          1.0
        ]
      ]
    },
    {
      "file_path": "/media/NFS/ttao/scannet/posed_images/scene0509_02/00154.jpg",
      "transform_matrix": [
        [
          0.954253,
          0.154151,
          -0.2562,
          1.096568
        ],
        [
          0.298383,
          -0.545952,
          0.782882,
          1.197412
        ],
        [
          -0.019191,
          -0.823513,
          -0.566972,
          1.29028
        ],
        [
          0.0,
          0.0,
          0.0,
          1.0
        ]
      ]
    },
    {
      "file_path": "/media/NFS/ttao/scannet/posed_images/scene0509_02/00158.jpg",
      "transform_matrix": [
        [
          0.941604,
          0.152332,
          -0.300294,
          1.09855
        ],
        [
          0.334721,
          -0.520528,
          0.785501,
          1.194773
        ],
        [
          -0.036654,
          -0.840146,
          -0.54112,
          1.301204
        ],
        [
          0.0,
          0.0,
          0.0,
          1.0
        ]
      ]
    },
    {
      "file_path": "/media/NFS/ttao/scannet/posed_images/scene0509_02/00163.jpg",
      "transform_matrix": [
        [
          0.928636,
          0.152142,
          -0.33836,
          1.105796
        ],
        [
          0.368285,
          -0.488013,
          0.791334,
          1.196367
        ],
        [
          -0.044729,
          -0.859475,
          -0.509218,
          1.311641
        ],
        [
          0.0,
          0.0,
          0.0,
          1.0
        ]
      ]
    },
    {
      "file_path": "/media/NFS/ttao/scannet/posed_images/scene0509_02/00166.jpg",
      "transform_matrix": [
        [
          0.924649,
          0.144701,
          -0.352257,
          1.1079
        ],
        [
          0.376925,
          -0.479706,
          0.792344,
          1.199387
        ],
        [
          -0.054327,
          -0.865415,
          -0.498102,
          1.318938
        ],
        [
          0.0,
          0.0,
          0.0,
          1.0
        ]
      ]
    },
    {
      "file_path": "/media/NFS/ttao/scannet/posed_images/scene0509_02/00167.jpg",
      "transform_matrix": [
        [
          0.924397,
          0.143064,
          -0.353586,
          1.108245
        ],
        [
          0.377347,
          -0.478319,
          0.792982,
          1.199666
        ],
        [
          -0.055679,
          -0.866455,
          -0.496141,
          1.318902
        ],
        [
          0.0,
          0.0,
          0.0,
          1.0
        ]
      ]
    },
    {
      "file_path": "/media/NFS/ttao/scannet/posed_images/scene0509_02/00170.jpg",
      "transform_matrix": [
        [
          0.926259,
          0.136592,
          -0.351264,
          1.107347
        ],
        [
          0.371817,
          -0.483532,
          0.792432,
          1.202364
        ],
        [
          -0.061608,
          -0.864604,
          -0.498663,
          1.320022
        ],
        [
          0.0,
          0.0,
          0.0,
          1.0
        ]
      ]
    },
    {
      "file_path": "/media/NFS/ttao/scannet/posed_images/scene0509_02/00173.jpg",
      "transform_matrix": [
        [
          0.929295,
          0.13388,
          -0.344221,
          1.10132
        ],
        [
          0.364269,
          -0.486136,
          0.794343,
          1.202691
        ],
        [
          -0.060992,
          -0.863567,
          -0.500531,
          1.316236
        ],
        [
          0.0,
          0.0,
          0.0,
          1.0
        ]
      ]
    },
    {
      "file_path": "/media/NFS/ttao/scannet/posed_images/scene0509_02/00178.jpg",
      "transform_matrix": [
        [
          0.939903,
          0.133618,
          -0.314211,
          1.077354
        ],
        [
          0.338111,
          -0.492455,
          0.801979,
          1.203466
        ],
        [
          -0.047576,
          -0.86002,
          -0.508037,
          1.308228
        ],
        [
          0.0,
          0.0,
          0.0,
          1.0
        ]
      ]
    },
    {
      "file_path": "/media/NFS/ttao/scannet/posed_images/scene0509_02/00181.jpg",
      "transform_matrix": [
        [
          0.95545,
          0.119401,
          -0.269923,
          1.048584
        ],
        [
          0.292971,
          -0.494638,
          0.818231,
          1.205542
        ],
        [
          -0.035817,
          -0.860858,
          -0.507583,
          1.305626
        ],
        [
          0.0,
          0.0,
          0.0,
          1.0
        ]
      ]
    },
    {
      "file_path": "/media/NFS/ttao/scannet/posed_images/scene0509_02/00184.jpg",
      "transform_matrix": [
        [
          0.973621,
          0.085974,
          -0.211353,
          1.021296
        ],
        [
          0.225605,
          -0.501259,
          0.83537,
          1.209916
        ],
        [
          -0.034123,
          -0.861016,
          -0.507432,
          1.304616
        ],
        [
          0.0,
          0.0,
          0.0,
          1.0
        ]
      ]
    },
    {
      "file_path": "/media/NFS/ttao/scannet/posed_images/scene0509_02/00186.jpg",
      "transform_matrix": [
        [
          0.981987,
          0.069037,
          -0.175887,
          1.009555
        ],
        [
          0.186515,
          -0.503135,
          0.843841,
          1.213818
        ],
        [
          -0.030239,
          -0.861446,
          -0.506948,
          1.304337
        ],
        [
          0.0,
          0.0,
          0.0,
          1.0
        ]
      ]
    },
    {
      "file_path": "/media/NFS/ttao/scannet/posed_images/scene0509_02/00189.jpg",
      "transform_matrix": [
        [
          0.991659,
          0.043784,
          -0.121227,
          0.995445
        ],
        [
          0.126704,
          -0.503704,
          0.854534,
          1.21822
        ],
        [
          -0.023647,
          -0.862766,
          -0.50505,
          1.301984
        ],
        [
          0.0,
          0.0,
          0.0,
          1.0
        ]
      ]
    },
    {
      "file_path": "/media/NFS/ttao/scannet/posed_images/scene0509_02/00195.jpg",
      "transform_matrix": [
        [
          0.999846,
          -0.003688,
          -0.017187,
          0.980596
        ],
        [
          0.0129,
          -0.510214,
          0.859951,
          1.226562
        ],
        [
          -0.01194,
          -0.86004,
          -0.510087,
          1.293775
        ],
        [
          0.0,
          0.0,
          0.0,
          1.0
        ]
      ]
    },
    {
      "file_path": "/media/NFS/ttao/scannet/posed_images/scene0509_02/00198.jpg",
      "transform_matrix": [
        [
          0.999481,
          -0.016678,
          0.027551,
          0.981051
        ],
        [
          -0.032205,
          -0.513195,
          0.857667,
          1.232142
        ],
        [
          -0.000165,
          -0.85811,
          -0.513466,
          1.291192
        ],
        [
          0.0,
          0.0,
          0.0,
          1.0
        ]
      ]
    },
    {
      "file_path": "/media/NFS/ttao/scannet/posed_images/scene0509_02/00200.jpg",
      "transform_matrix": [
        [
          0.998549,
          -0.021143,
          0.049535,
          0.985369
        ],
        [
          -0.05336,
          -0.513129,
          0.856651,
          1.233298
        ],
        [
          0.007306,
          -0.858051,
          -0.513512,
          1.288002
        ],
        [
          0.0,
          0.0,
          0.0,
          1.0
        ]
      ]
    },
    {
      "file_path": "/media/NFS/ttao/scannet/posed_images/scene0509_02/00202.jpg",
      "transform_matrix": [
        [
          0.997039,
          -0.030383,
          0.070644,
          0.988029
        ],
        [
          -0.076216,
          -0.512709,
          0.855173,
          1.235872
        ],
        [
          0.010237,
          -0.858025,
          -0.513507,
          1.286585
        ],
        [
          0.0,
          0.0,
          0.0,
          1.0
        ]
      ]
    },
    {
      "file_path": "/media/NFS/ttao/scannet/posed_images/scene0509_02/00208.jpg",
      "transform_matrix": [
        [
          0.989611,
          -0.065562,
          0.127952,
          1.005262
        ],
        [
          -0.143409,
          -0.513315,
          0.846133,
          1.247375
        ],
        [
          0.010206,
          -0.855692,
          -0.517385,
          1.283634
        ],
        [
          0.0,
          0.0,
          0.0,
          1.0
        ]
      ]
    },
    {
      "file_path": "/media/NFS/ttao/scannet/posed_images/scene0509_02/00211.jpg",
      "transform_matrix": [
        [
          0.987139,
          -0.079573,
          0.138656,
          1.017675
        ],
        [
          -0.159846,
          -0.505116,
          0.84812,
          1.250157
        ],
        [
          0.00255,
          -0.859376,
          -0.511339,
          1.275241
        ],
        [
          0.0,
          0.0,
          0.0,
          1.0
        ]
      ]
    },
    {
      "file_path": "/media/NFS/ttao/scannet/posed_images/scene0509_02/00213.jpg",
      "transform_matrix": [
        [
          0.986073,
          -0.089649,
          0.140086,
          1.027317
        ],
        [
          -0.166236,
          -0.505227,
          0.846825,
          1.253628
        ],
        [
          -0.005142,
          -0.858318,
          -0.513093,
          1.274888
        ],
        [
          0.0,
          0.0,
          0.0,
          1.0
        ]
      ]
    },
    {
      "file_path": "/media/NFS/ttao/scannet/posed_images/scene0509_02/00215.jpg",
      "transform_matrix": [
        [
          0.984445,
          -0.097859,
          0.145914,
          1.036698
        ],
        [
          -0.175463,
          -0.505277,
          0.844931,
          1.257698
        ],
        [
          -0.008957,
          -0.857391,
          -0.514588,
          1.274256
        ],
        [
          0.0,
          0.0,
          0.0,
          1.0
        ]
      ]
    },
    {
      "file_path": "/media/NFS/ttao/scannet/posed_images/scene0509_02/00221.jpg",
      "transform_matrix": [
        [
          0.975743,
          -0.117217,
          0.184892,
          1.068858
        ],
        [
          -0.218729,
          -0.486949,
          0.8456,
          1.270669
        ],
        [
          -0.009085,
          -0.865529,
          -0.500776,
          1.271096
        ],
        [
          0.0,
          0.0,
          0.0,
          1.0
        ]
      ]
    },
    {
      "file_path": "/media/NFS/ttao/scannet/posed_images/scene0509_02/00222.jpg",
      "transform_matrix": [
        [
          0.973768,
          -0.122899,
          0.191497,
          1.072888
        ],
        [
          -0.227309,
          -0.487358,
          0.843097,
          1.273829
        ],
        [
          -0.010288,
          -0.86451,
          -0.50251,
          1.271146
        ],
        [
          0.0,
          0.0,
          0.0,
          1.0
        ]
      ]
    },
    {
      "file_path": "/media/NFS/ttao/scannet/posed_images/scene0509_02/00226.jpg",
      "transform_matrix": [
        [
          0.963776,
          -0.148272,
          0.2217,
          1.088135
        ],
        [
          -0.266129,
          -0.479673,
          0.836116,
          1.287205
        ],
        [
          -0.017629,
          -0.864829,
          -0.501757,
          1.268781
        ],
        [
          0.0,
          0.0,
          0.0,
          1.0
        ]
      ]
    },
    {
      "file_path": "/media/NFS/ttao/scannet/posed_images/scene0509_02/00230.jpg",
      "transform_matrix": [
        [
          0.955709,
          -0.159784,
          0.247164,
          1.099024
        ],
        [
          -0.293737,
          -0.465242,
          0.835027,
          1.302275
        ],
        [
          -0.018433,
          -0.870643,
          -0.49157,
          1.271371
        ],
        [
          0.0,
          0.0,
          0.0,
          1.0
        ]
      ]
    },
    {
      "file_path": "/media/NFS/ttao/scannet/posed_images/scene0509_02/00234.jpg",
      "transform_matrix": [
        [
          0.950181,
          -0.169475,
          0.261601,
          1.100893
        ],
        [
          -0.310861,
          -0.453721,
          0.835167,
          1.320184
        ],
        [
          -0.022846,
          -0.874881,
          -0.4838,
          1.270267
        ],
        [
          0.0,
          0.0,
          0.0,
          1.0
        ]
      ]
    },
    {
      "file_path": "/media/NFS/ttao/scannet/posed_images/scene0509_02/00235.jpg",
      "transform_matrix": [
        [
          0.949377,
          -0.170581,
          0.26379,
          1.100463
        ],
        [
          -0.313285,
          -0.45228,
          0.835042,
          1.325092
        ],
        [
          -0.023136,
          -0.875411,
          -0.482825,
          1.269651
        ],
        [
          0.0,
          0.0,
          0.0,
          1.0
        ]
      ]
    },
    {
      "file_path": "/media/NFS/ttao/scannet/posed_images/scene0509_02/00238.jpg",
      "transform_matrix": [
        [
          0.943982,
          -0.170484,
          0.282548,
          1.097201
        ],
        [
          -0.329642,
          -0.447449,
          0.83134,
          1.342832
        ],
        [
          -0.015304,
          -0.877909,
          -0.478583,
          1.265238
        ],
        [
          0.0,
          0.0,
          0.0,
          1.0
        ]
      ]
    },
    {
      "file_path": "/media/NFS/ttao/scannet/posed_images/scene0509_02/00243.jpg",
      "transform_matrix": [
        [
          0.92273,
          -0.1923,
          0.334051,
          1.094283
        ],
        [
          -0.385446,
          -0.461288,
          0.799153,
          1.388274
        ],
        [
          0.000417,
          -0.866161,
          -0.499765,
          1.252884
        ],
        [
          0.0,
          0.0,
          0.0,
          1.0
        ]
      ]
    },
    {
      "file_path": "/media/NFS/ttao/scannet/posed_images/scene0509_02/00246.jpg",
      "transform_matrix": [
        [
          0.905029,
          -0.212849,
          0.368265,
          1.085576
        ],
        [
          -0.425243,
          -0.472282,
          0.772087,
          1.427069
        ],
        [
          0.009587,
          -0.855363,
          -0.517941,
          1.244026
        ],
        [
          0.0,
          0.0,
          0.0,
          1.0
        ]
      ]
    },
    {
      "file_path": "/media/NFS/ttao/scannet/posed_images/scene0509_02/00247.jpg",
      "transform_matrix": [
        [
          0.899503,
          -0.21644,
          0.379538,
          1.080205
        ],
        [
          -0.436685,
          -0.473549,
          0.764891,
          1.442016
        ],
        [
          0.014177,
          -0.85376,
          -0.520475,
          1.241765
        ],
        [
