{
  "frames": [
    {
      "file_path": "/media/NFS/ttao/scannet/posed_images/scene0587_03/00000.jpg",
      "transform_matrix": [
        [
          0.939686,
          -0.229412,
          0.253695,
          4.671379
        ],
        [
          -0.341279,
          -0.678273,
          0.65075,
          1.892266
        ],
        [
          0.022784,
          -0.698081,
          -0.715657,
          1.189783
        ],
        [
          0.0,
          0.0,
          0.0,
          1.0
        ]
      ]
    },
    {
      "file_path": "/media/NFS/ttao/scannet/posed_images/scene0587_03/00001.jpg",
      "transform_matrix": [
        [
          0.938488,
          -0.230872,
          0.256785,
          4.671495
        ],
        [
          -0.344149,
          -0.686327,
          0.640716,
          1.91356
        ],
        [
          0.028315,
          -0.689676,
          -0.723564,
          1.192093
        ],
        [
          0.0,
          0.0,
          0.0,
          1.0
        ]
      ]
    },
    {
      "file_path": "/media/NFS/ttao/scannet/posed_images/scene0587_03/00004.jpg",
      "transform_matrix": [
        [
          0.937049,
          -0.220495,
          0.270779,
          4.66667
        ],
        [
          -0.346569,
          -0.682195,
          0.643817,
          1.940261
        ],
        [
          0.042766,
          -0.697132,
          -0.715666,
          1.190644
        ],
        [
          0.0,
          0.0,
          0.0,
          1.0
        ]
      ]
    },
    {
      "file_path": "/media/NFS/ttao/scannet/posed_images/scene0587_03/00005.jpg",
      "transform_matrix": [
        [
          0.936952,
          -0.215441,
          0.275146,
          4.665403
        ],
        [
          -0.346099,
          -0.680967,
          0.645368,
          1.945868
        ],
        [
          0.048326,
          -0.699907,
          -0.712598,
          1.187474
        ],
        [
          0.0,
          0.0,
          0.0,
          1.0
        ]
      ]
    },
    {
      "file_path": "/media/NFS/ttao/scannet/posed_images/scene0587_03/00007.jpg",
      "transform_matrix": [
        [
          0.936585,
          -0.213916,
          0.277578,
          4.663093
        ],
        [
          -0.346646,
          -0.681787,
          0.644208,
          1.967411
        ],
        [
          0.051443,
          -0.699576,
          -0.712704,
          1.18726
        ],
        [
          0.0,
          0.0,
          0.0,
          1.0
        ]
      ]
    },
    {
      "file_path": "/media/NFS/ttao/scannet/posed_images/scene0587_03/00010.jpg",
      "transform_matrix": [
        [
          0.940586,
          -0.213336,
          0.264169,
          4.66489
        ],
        [
          -0.337452,
          -0.673741,
          0.657418,
          1.989738
        ],
        [
          0.037731,
          -0.707503,
          -0.705702,
          1.185233
        ],
        [
          0.0,
          0.0,
          0.0,
          1.0
        ]
      ]
    },
    {
      "file_path": "/media/NFS/ttao/scannet/posed_images/scene0587_03/00011.jpg",
      "transform_matrix": [
        [
          0.942035,
          -0.216206,
          0.256565,
          4.662909
        ],
        [
          -0.334076,
          -0.675204,
          0.657642,
          1.999843
        ],
        [
          0.031047,
          -0.705234,
          -0.708295,
          1.186418
        ],
        [
          0.0,
          0.0,
          0.0,
          1.0
        ]
      ]
    },
    {
      "file_path": "/media/NFS/ttao/scannet/posed_images/scene0587_03/00013.jpg",
      "transform_matrix": [
        [
          0.944914,
          -0.218404,
          0.243797,
          4.667224
        ],
        [
          -0.32663,
          -0.677472,
          0.659048,
          2.021461
        ],
        [
          0.021227,
          -0.702375,
          -0.71149,
          1.193289
        ],
        [
          0.0,
          0.0,
          0.0,
          1.0
        ]
      ]
    },
    {
      "file_path": "/media/NFS/ttao/scannet/posed_images/scene0587_03/00016.jpg",
      "transform_matrix": [
        [
          0.946955,
          -0.21553,
          0.238377,
          4.672488
        ],
        [
          -0.320888,
          -0.674622,
          0.664768,
          2.054386
        ],
        [
          0.017537,
          -0.705998,
          -0.707997,
          1.201864
        ],
        [
          0.0,
          0.0,
          0.0,
          1.0
        ]
      ]
    },
    {
      "file_path": "/media/NFS/ttao/scannet/posed_images/scene0587_03/00017.jpg",
      "transform_matrix": [
        [
          0.946825,
          -0.211624,
          0.242359,
          4.672453
        ],
        [
          -0.321064,
          -0.670566,
          0.668775,
          2.064445
        ],
        [
          0.020989,
          -0.711026,
          -0.702853,
          1.20403
        ],
        [
          0.0,
          0.0,
          0.0,
          1.0
        ]
      ]
    },
    {
      "file_path": "/media/NFS/ttao/scannet/posed_images/scene0587_03/00020.jpg",
      "transform_matrix": [
        [
          0.942274,
          -0.208072,
          0.262346,
          4.669609
        ],
        [
          -0.333435,
          -0.654827,
          0.67825,
          2.095806
        ],
        [
          0.030666,
          -0.726573,
          -0.686405,
          1.206834
        ],
        [
          0.0,
          0.0,
          0.0,
          1.0
        ]
      ]
    },
    {
      "file_path": "/media/NFS/ttao/scannet/posed_images/scene0587_03/00022.jpg",
      "transform_matrix": [
        [
          0.941806,
          -0.206669,
          0.265121,
          4.669057
        ],
        [
          -0.334627,
          -0.651554,
          0.680811,
          2.114523
        ],
        [
          0.032038,
          -0.729908,
          -0.682794,
          1.208944
        ],
        [
          0.0,
          0.0,
          0.0,
          1.0
        ]
      ]
    },
    {
      "file_path": "/media/NFS/ttao/scannet/posed_images/scene0587_03/00023.jpg",
      "transform_matrix": [
        [
          0.940071,
          -0.208318,
          0.269945,
          4.665478
        ],
        [
          -0.339325,
          -0.649431,
          0.680514,
          2.127481
        ],
        [
          0.033547,
          -0.73133,
          -0.681199,
          1.211213
        ],
        [
          0.0,
          0.0,
          0.0,
          1.0
        ]
      ]
    },
    {
      "file_path": "/media/NFS/ttao/scannet/posed_images/scene0587_03/00026.jpg",
      "transform_matrix": [
        [
          0.935718,
          -0.211284,
          0.282472,
          4.651546
        ],
        [
          -0.351004,
          -0.63724,
          0.686092,
          2.161295
        ],
        [
          0.035042,
          -0.741137,
          -0.670439,
          1.214726
        ],
        [
          0.0,
          0.0,
          0.0,
          1.0
        ]
      ]
    },
    {
      "file_path": "/media/NFS/ttao/scannet/posed_images/scene0587_03/00027.jpg",
      "transform_matrix": [
        [
          0.934075,
          -0.210146,
          0.288691,
          4.647692
        ],
        [
          -0.354983,
          -0.633927,
          0.687113,
          2.171091
        ],
        [
          0.038615,
          -0.744295,
          -0.666734,
          1.215543
        ],
        [
          0.0,
          0.0,
          0.0,
          1.0
        ]
      ]
    },
    {
      "file_path": "/media/NFS/ttao/scannet/posed_images/scene0587_03/00029.jpg",
      "transform_matrix": [
        [
          0.926891,
          -0.212407,
          0.309444,
          4.637739
        ],
        [
          -0.372311,
          -0.624683,
          0.686408,
          2.197135
        ],
        [
          0.047506,
          -0.751435,
          -0.658095,
          1.217908
        ],
        [
          0.0,
          0.0,
          0.0,
          1.0
        ]
      ]
    },
    {
      "file_path": "/media/NFS/ttao/scannet/posed_images/scene0587_03/00032.jpg",
      "transform_matrix": [
        [
          0.911983,
          -0.228846,
          0.340466,
          4.623125
        ],
        [
          -0.407649,
          -0.59848,
          0.68967,
          2.241534
        ],
        [
          0.045934,
          -0.767758,
          -0.639092,
          1.226834
        ],
        [
          0.0,
          0.0,
          0.0,
          1.0
        ]
      ]
    },
    {
      "file_path": "/media/NFS/ttao/scannet/posed_images/scene0587_03/00033.jpg",
      "transform_matrix": [
        [
          0.90448,
          -0.238565,
          0.353558,
          4.609316
        ],
        [
          -0.424406,
          -0.585768,
          0.690475,
          2.253211
        ],
        [
          0.04238,
          -0.774573,
          -0.631063,
          1.228815
        ],
        [
          0.0,
          0.0,
          0.0,
          1.0
        ]
      ]
    },
    {
      "file_path": "/media/NFS/ttao/scannet/posed_images/scene0587_03/00036.jpg",
      "transform_matrix": [
        [
          0.885403,
          -0.259553,
          0.385609,
          4.590497
        ],
        [
          -0.463828,
          -0.547635,
          0.696391,
          2.294391
        ],
        [
          0.030423,
          -0.795442,
          -0.605265,
          1.242374
        ],
        [
          0.0,
          0.0,
          0.0,
          1.0
        ]
      ]
    },
    {
      "file_path": "/media/NFS/ttao/scannet/posed_images/scene0587_03/00038.jpg",
      "transform_matrix": [
        [
          0.873895,
          -0.270786,
          0.40371,
          4.57375
        ],
        [
          -0.485527,
          -0.527001,
          0.697519,
          2.315612
        ],
        [
          0.023877,
          -0.805571,
          -0.592018,
          1.247172
        ],
        [
          0.0,
          0.0,
          0.0,
          1.0
        ]
      ]
    },
    {
      "file_path": "/media/NFS/ttao/scannet/posed_images/scene0587_03/00039.jpg",
      "transform_matrix": [
        [
          0.87034,
          -0.275674,
          0.40806,
          4.568696
        ],
        [
          -0.492106,
          -0.517932,
          0.699699,
          2.326448
        ],
        [
          0.018459,
          -0.809784,
          -0.586437,
          1.250878
        ],
        [
          0.0,
          0.0,
          0.0,
          1.0
        ]
      ]
    },
    {
      "file_path": "/media/NFS/ttao/scannet/posed_images/scene0587_03/00040.jpg",
      "transform_matrix": [
        [
          0.868869,
          -0.277319,
          0.410073,
          4.566987
        ],
        [
          -0.494866,
          -0.508635,
          0.704556,
          2.336826
        ],
        [
          0.013191,
          -0.815098,
          -0.579173,
          1.25114
        ],
        [
          0.0,
          0.0,
          0.0,
          1.0
        ]
      ]
    },
    {
      "file_path": "/media/NFS/ttao/scannet/posed_images/scene0587_03/00042.jpg",
      "transform_matrix": [
        [
          0.85755,
          -0.290192,
          0.42473,
          4.556551
        ],
        [
          -0.514389,
          -0.489241,
          0.704306,
          2.361927
        ],
        [
          0.003411,
          -0.822454,
          -0.568821,
          1.257732
        ],
        [
          0.0,
          0.0,
          0.0,
          1.0
        ]
      ]
    },
    {
      "file_path": "/media/NFS/ttao/scannet/posed_images/scene0587_03/00045.jpg",
      "transform_matrix": [
        [
          0.841249,
          -0.302721,
          0.447952,
          4.549392
        ],
        [
          -0.540564,
          -0.456284,
          0.706821,
          2.394977
        ],
        [
          -0.009576,
          -0.836759,
          -0.547488,
          1.262896
        ],
        [
          0.0,
          0.0,
          0.0,
          1.0
        ]
      ]
    },
    {
      "file_path": "/media/NFS/ttao/scannet/posed_images/scene0587_03/00046.jpg",
      "transform_matrix": [
        [
          0.836603,
          -0.304623,
          0.455302,
          4.548295
        ],
        [
          -0.547732,
          -0.45117,
          0.704582,
          2.402664
        ],
        [
          -0.009214,
          -0.838839,
          -0.544302,
          1.263001
        ],
        [
          0.0,
          0.0,
          0.0,
          1.0
        ]
      ]
    },
    {
      "file_path": "/media/NFS/ttao/scannet/posed_images/scene0587_03/00049.jpg",
      "transform_matrix": [
        [
          0.820186,
          -0.306073,
          0.483337,
          4.546127
        ],
        [
          -0.572088,
          -0.434048,
          0.695929,
          2.440693
        ],
        [
          -0.003213,
          -0.847302,
          -0.531101,
          1.268638
        ],
        [
          0.0,
          0.0,
          0.0,
          1.0
        ]
      ]
    },
    {
      "file_path": "/media/NFS/ttao/scannet/posed_images/scene0587_03/00050.jpg",
      "transform_matrix": [
        [
          0.818084,
          -0.300485,
          0.490355,
          4.544937
        ],
        [
          -0.575097,
          -0.429838,
          0.696062,
          2.452416
        ],
        [
          0.001617,
          -0.851439,
          -0.524452,
          1.266476
        ],
        [
          0.0,
          0.0,
          0.0,
          1.0
        ]
      ]
    },
    {
      "file_path": "/media/NFS/ttao/scannet/posed_images/scene0587_03/00053.jpg",
      "transform_matrix": [
        [
          0.811579,
          -0.294275,
          0.504719,
          4.552067
        ],
        [
          -0.58422,
          -0.416337,
          0.696671,
          2.488795
        ],
        [
          0.00512,
          -0.860271,
          -0.509812,
          1.269884
        ],
        [
          0.0,
          0.0,
          0.0,
          1.0
        ]
      ]
    },
    {
      "file_path": "/media/NFS/ttao/scannet/posed_images/scene0587_03/00054.jpg",
      "transform_matrix": [
        [
          0.810853,
          -0.293392,
          0.506397,
          4.555931
        ],
        [
          -0.585236,
          -0.412252,
          0.698246,
          2.502078
        ],
        [
          0.003904,
          -0.862537,
          -0.505979,
          1.272143
        ],
        [
          0.0,
          0.0,
          0.0,
          1.0
        ]
      ]
    },
    {
      "file_path": "/media/NFS/ttao/scannet/posed_images/scene0587_03/00056.jpg",
      "transform_matrix": [
        [
          0.812889,
          -0.289947,
          0.505117,
          4.558406
        ],
        [
          -0.582418,
          -0.4066,
          0.703894,
          2.52195
        ],
        [
          0.001289,
          -0.866376,
          -0.499391,
          1.272209
        ],
        [
          0.0,
          0.0,
          0.0,
          1.0
        ]
      ]
    },
    {
      "file_path": "/media/NFS/ttao/scannet/posed_images/scene0587_03/00058.jpg",
      "transform_matrix": [
        [
          0.81628,
          -0.291185,
          0.498896,
          4.571294
        ],
        [
          -0.577596,
          -0.398998,
          0.712168,
          2.543865
        ],
        [
          -0.008315,
          -0.869489,
          -0.493881,
          1.284226
        ],
        [
          0.0,
          0.0,
          0.0,
          1.0
        ]
      ]
    },
    {
      "file_path": "/media/NFS/ttao/scannet/posed_images/scene0587_03/00060.jpg",
      "transform_matrix": [
        [
          0.815319,
          -0.293897,
          0.498879,
          4.573246
        ],
        [
          -0.578536,
          -0.378552,
          0.722492,
          2.572309
        ],
        [
          -0.023487,
          -0.877681,
          -0.47867,
          1.284026
        ],
        [
          0.0,
          0.0,
          0.0,
          1.0
        ]
      ]
    },
    {
      "file_path": "/media/NFS/ttao/scannet/posed_images/scene0587_03/00063.jpg",
      "transform_matrix": [
        [
          0.820405,
          -0.289863,
          0.492863,
          4.585701
        ],
        [
          -0.570491,
          -0.357054,
          0.73963,
          2.597988
        ],
        [
          -0.038413,
          -0.88797,
          -0.458293,
          1.294024
        ],
        [
          0.0,
          0.0,
          0.0,
          1.0
        ]
      ]
    },
    {
      "file_path": "/media/NFS/ttao/scannet/posed_images/scene0587_03/00065.jpg",
      "transform_matrix": [
        [
          0.823172,
          -0.283718,
          0.491825,
          4.589024
        ],
        [
          -0.566748,
          -0.358065,
          0.742015,
          2.612136
        ],
        [
          -0.034418,
          -0.889547,
          -0.455546,
          1.289678
        ],
        [
          0.0,
          0.0,
          0.0,
          1.0
        ]
      ]
    },
    {
      "file_path": "/media/NFS/ttao/scannet/posed_images/scene0587_03/00066.jpg",
      "transform_matrix": [
        [
          0.821667,
          -0.282413,
          0.495082,
          4.589683
        ],
        [
          -0.569206,
          -0.361672,
          0.738376,
          2.625224
        ],
        [
          -0.02947,
          -0.888502,
          -0.457925,
          1.29019
        ],
        [
          0.0,
          0.0,
          0.0,
          1.0
        ]
      ]
    },
    {
      "file_path": "/media/NFS/ttao/scannet/posed_images/scene0587_03/00069.jpg",
      "transform_matrix": [
        [
          0.812707,
          -0.284443,
          0.508528,
          4.597737
        ],
        [
          -0.582288,
          -0.364739,
          0.726572,
          2.654197
        ],
        [
          -0.021188,
          -0.886599,
          -0.462053,
          1.293941
        ],
        [
          0.0,
          0.0,
          0.0,
          1.0
        ]
      ]
    },
    {
      "file_path": "/media/NFS/ttao/scannet/posed_images/scene0587_03/00070.jpg",
      "transform_matrix": [
        [
          0.812097,
          -0.285492,
          0.508914,
          4.603147
        ],
        [
          -0.583071,
          -0.362685,
          0.726972,
          2.664463
        ],
        [
          -0.022969,
          -0.887104,
          -0.460997,
          1.296584
        ],
        [
          0.0,
          0.0,
          0.0,
          1.0
        ]
      ]
    },
    {
      "file_path": "/media/NFS/ttao/scannet/posed_images/scene0587_03/00073.jpg",
      "transform_matrix": [
        [
          0.807298,
          -0.280905,
          0.519001,
          4.60501
        ],
        [
          -0.589736,
          -0.351311,
          0.727181,
          2.693867
        ],
        [
          -0.021938,
          -0.893125,
          -0.449272,
          1.296683
        ],
        [
          0.0,
          0.0,
          0.0,
          1.0
        ]
      ]
    },
    {
      "file_path": "/media/NFS/ttao/scannet/posed_images/scene0587_03/00074.jpg",
      "transform_matrix": [
        [
          0.805659,
          -0.279028,
          0.522549,
          4.60761
        ],
        [
          -0.592094,
          -0.351926,
          0.724964,
          2.703998
        ],
        [
          -0.018387,
          -0.893472,
          -0.448743,
          1.298361
        ],
        [
          0.0,
          0.0,
          0.0,
          1.0
        ]
      ]
    },
    {
      "file_path": "/media/NFS/ttao/scannet/posed_images/scene0587_03/00076.jpg",
      "transform_matrix": [
        [
          0.800875,
          -0.278211,
          0.530281,
          4.600642
        ],
        [
          -0.598576,
          -0.346018,
          0.722481,
          2.727032
        ],
        [
          -0.017516,
          -0.89603,
          -0.443647,
          1.304889
        ],
        [
          0.0,
          0.0,
          0.0,
          1.0
        ]
      ]
    },
    {
      "file_path": "/media/NFS/ttao/scannet/posed_images/scene0587_03/00078.jpg",
      "transform_matrix": [
        [
          0.804919,
          -0.269712,
          0.528545,
          4.598805
        ],
        [
          -0.593051,
          -0.335834,
          0.731783,
          2.746881
        ],
        [
          -0.019868,
          -0.90248,
          -0.430272,
          1.310002
        ],
        [
          0.0,
          0.0,
          0.0,
          1.0
        ]
      ]
    },
    {
      "file_path": "/media/NFS/ttao/scannet/posed_images/scene0587_03/00079.jpg",
      "transform_matrix": [
        [
          0.806387,
          -0.264674,
          0.528854,
          4.591338
        ],
        [
          -0.591037,
          -0.329894,
          0.736101,
          2.757796
        ],
        [
          -0.020361,
          -0.906155,
          -0.422455,
          1.310435
        ],
        [
          0.0,
          0.0,
          0.0,
          1.0
        ]
      ]
    },
    {
      "file_path": "/media/NFS/ttao/scannet/posed_images/scene0587_03/00081.jpg",
      "transform_matrix": [
        [
          0.812804,
          -0.260043,
          0.521274,
          4.572282
        ],
        [
          -0.582094,
          -0.327657,
          0.744183,
          2.786746
        ],
        [
          -0.02272,
          -0.908305,
          -0.417691,
          1.313542
        ],
        [
          0.0,
          0.0,
          0.0,
          1.0
        ]
      ]
    },
    {
      "file_path": "/media/NFS/ttao/scannet/posed_images/scene0587_03/00084.jpg",
      "transform_matrix": [
        [
          0.84115,
          -0.255312,
          0.476742,
          4.55659
        ],
        [
          -0.539793,
          -0.342533,
          0.768957,
          2.81205
        ],
        [
          -0.033024,
          -0.90415,
          -0.425937,
          1.318224
        ],
        [
          0.0,
          0.0,
          0.0,
          1.0
        ]
      ]
    },
    {
      "file_path": "/media/NFS/ttao/scannet/posed_images/scene0587_03/00086.jpg",
      "transform_matrix": [
        [
          0.861829,
          -0.249498,
          0.441589,
          4.548339
        ],
        [
          -0.505158,
          -0.344211,
          0.791413,
          2.837315
        ],
        [
          -0.045456,
          -0.905135,
          -0.422688,
          1.322008
        ],
        [
          0.0,
          0.0,
          0.0,
          1.0
        ]
      ]
    },
    {
      "file_path": "/media/NFS/ttao/scannet/posed_images/scene0587_03/00088.jpg",
      "transform_matrix": [
        [
          0.869923,
          -0.243991,
          0.428606,
          4.533689
        ],
        [
          -0.491171,
          -0.350077,
          0.79762,
          2.851051
        ],
        [
          -0.044567,
          -0.904386,
          -0.424381,
          1.319913
        ],
        [
          0.0,
          0.0,
          0.0,
          1.0
        ]
      ]
    },
    {
      "file_path": "/media/NFS/ttao/scannet/posed_images/scene0587_03/00089.jpg",
      "transform_matrix": [
        [
          0.874584,
          -0.240321,
          0.421128,
          4.531533
        ],
        [
          -0.48299,
          -0.3553,
          0.800301,
          2.85847
        ],
        [
          -0.042703,
          -0.903331,
          -0.426813,
          1.318681
        ],
        [
          0.0,
          0.0,
          0.0,
          1.0
        ]
      ]
    },
    {
      "file_path": "/media/NFS/ttao/scannet/posed_images/scene0587_03/00091.jpg",
      "transform_matrix": [
        [
          0.881138,
          -0.236452,
          0.409495,
          4.519587
        ],
        [
          -0.471457,
          -0.37267,
          0.799278,
          2.880359
        ],
        [
          -0.036384,
          -0.897334,
          -0.43985,
          1.309161
        ],
        [
          0.0,
          0.0,
          0.0,
          1.0
        ]
      ]
    },
    {
      "file_path": "/media/NFS/ttao/scannet/posed_images/scene0587_03/00094.jpg",
      "transform_matrix": [
        [
          0.890954,
          -0.239342,
          0.385896,
          4.509592
        ],
        [
          -0.452727,
          -0.402318,
          0.795725,
          2.906243
        ],
        [
          -0.035197,
          -0.88366,
          -0.466804,
          1.311567
        ],
        [
          0.0,
          0.0,
          0.0,
          1.0
        ]
      ]
    },
    {
      "file_path": "/media/NFS/ttao/scannet/posed_images/scene0587_03/00095.jpg",
      "transform_matrix": [
        [
          0.894911,
          -0.237882,
          0.377552,
          4.504455
        ],
        [
          -0.444759,
          -0.406512,
          0.798084,
          2.912198
        ],
        [
          -0.036371,
          -0.882134,
          -0.469592,
          1.310023
        ],
        [
          0.0,
          0.0,
          0.0,
          1.0
        ]
      ]
    },
    {
      "file_path": "/media/NFS/ttao/scannet/posed_images/scene0587_03/00098.jpg",
      "transform_matrix": [
        [
          0.908477,
          -0.231229,
          0.348143,
          4.500828
        ],
        [
          -0.41642,
          -0.429931,
          0.801095,
          2.936274
        ],
        [
          -0.035559,
          -0.87275,
          -0.486871,
          1.307371
        ],
        [
          0.0,
          0.0,
          0.0,
          1.0
        ]
      ]
    },
    {
      "file_path": "/media/NFS/ttao/scannet/posed_images/scene0587_03/00100.jpg",
      "transform_matrix": [
        [
          0.912602,
          -0.22297,
          0.342698,
          4.488487
        ],
        [
          -0.407727,
          -0.434259,
          0.80323,
          2.956491
        ],
        [
          -0.030277,
          -0.872756,
          -0.487216,
          1.307768
        ],
        [
          0.0,
          0.0,
          0.0,
          1.0
        ]
      ]
    },
    {
      "file_path": "/media/NFS/ttao/scannet/posed_images/scene0587_03/00101.jpg",
      "transform_matrix": [
        [
          0.915114,
          -0.217213,
          0.339684,
          4.48571
        ],
        [
          -0.402314,
          -0.436253,
          0.804877,
          2.963264
        ],
        [
          -0.026641,
          -0.873213,
          -0.486609,
          1.307208
        ],
        [
          0.0,
          0.0,
          0.0,
          1.0
        ]
      ]
    },
    {
      "file_path": "/media/NFS/ttao/scannet/posed_images/scene0587_03/00103.jpg",
      "transform_matrix": [
        [
          0.92241,
          -0.20283,
          0.328665,
          4.482992
        ],
        [
          -0.385734,
          -0.441437,
          0.81015,
          2.977237
        ],
        [
          -0.019238,
          -0.874067,
          -0.485424,
          1.303778
        ],
        [
          0.0,
          0.0,
          0.0,
          1.0
        ]
      ]
    },
    {
      "file_path": "/media/NFS/ttao/scannet/posed_images/scene0587_03/00105.jpg",
      "transform_matrix": [
        [
          0.931151,
          -0.195174,
          0.308001,
          4.483864
        ],
        [
          -0.364059,
          -0.450243,
          0.815317,
          2.991359
        ],
        [
          -0.020454,
          -0.871314,
          -0.490299,
          1.300374
        ],
        [
          0.0,
          0.0,
          0.0,
          1.0
        ]
      ]
    },
    {
      "file_path": "/media/NFS/ttao/scannet/posed_images/scene0587_03/00108.jpg",
      "transform_matrix": [
        [
          0.945263,
          -0.189722,
          0.265489,
          4.490928
        ],
        [
          -0.32422,
          -0.454123,
          0.829852,
          3.014736
        ],
        [
          -0.036876,
          -0.870504,
          -0.490777,
          1.303206
        ],
        [
          0.0,
          0.0,
          0.0,
          1.0
        ]
      ]
    },
    {
      "file_path": "/media/NFS/ttao/scannet/posed_images/scene0587_03/00109.jpg",
      "transform_matrix": [
        [
          0.950613,
          -0.187147,
          0.24761,
          4.498606
        ],
        [
          -0.307342,
          -0.456279,
          0.835075,
          3.027505
        ],
        [
          -0.043303,
          -0.869934,
          -0.491263,
          1.304592
        ],
        [
          0.0,
          0.0,
          0.0,
          1.0
        ]
      ]
    },
    {
      "file_path": "/media/NFS/ttao/scannet/posed_images/scene0587_03/00112.jpg",
      "transform_matrix": [
        [
          0.961499,
          -0.185724,
          0.202548,
          4.514012
        ],
        [
          -0.266604,
          -0.451663,
          0.851424,
          3.06503
        ],
        [
          -0.066646,
          -0.872643,
          -0.483789,
          1.30582
        ],
        [
          0.0,
          0.0,
          0.0,
          1.0
        ]
      ]
    },
    {
      "file_path": "/media/NFS/ttao/scannet/posed_images/scene0587_03/00114.jpg",
      "transform_matrix": [
        [
          0.969259,
          -0.182703,
          0.16479,
          4.532173
        ],
        [
          -0.230916,
          -0.444289,
          0.865613,
          3.093689
        ],
        [
          -0.084936,
          -0.877056,
          -0.47282,
          1.310942
        ],
        [
          0.0,
          0.0,
          0.0,
          1.0
        ]
      ]
    },
    {
      "file_path": "/media/NFS/ttao/scannet/posed_images/scene0587_03/00116.jpg",
      "transform_matrix": [
        [
          0.978037,
          -0.170144,
          0.120391,
          4.558293
        ],
        [
          -0.184864,
          -0.441317,
          0.878103,
          3.119566
        ],
        [
          -0.096274,
          -0.881073,
          -0.463078,
          1.313674
        ],
        [
          0.0,
          0.0,
          0.0,
          1.0
        ]
      ]
    },
    {
      "file_path": "/media/NFS/ttao/scannet/posed_images/scene0587_03/00117.jpg",
      "transform_matrix": [
        [
          0.982184,
          -0.157411,
          0.10265,
          4.57143
        ],
        [
          -0.162965,
          -0.44143,
          0.882373,
          3.130891
        ],
        [
          -0.093582,
          -0.883381,
          -0.459218,
          1.313506
        ],
        [
          0.0,
          0.0,
          0.0,
          1.0
        ]
      ]
    },
    {
      "file_path": "/media/NFS/ttao/scannet/posed_images/scene0587_03/00118.jpg",
      "transform_matrix": [
        [
          0.985886,
          -0.140506,
          0.091034,
          4.57843
        ],
        [
          -0.144821,
          -0.442903,
          0.884796,
          3.139765
        ],
        [
          -0.084,
          -0.885491,
          -0.457,
          1.310066
        ],
        [
          0.0,
          0.0,
          0.0,
          1.0
        ]
      ]
    },
    {
      "file_path": "/media/NFS/ttao/scannet/posed_images/scene0587_03/00120.jpg",
      "transform_matrix": [
        [
          0.990066,
          -0.117702,
          0.076907,
          4.590308
        ],
        [
          -0.122663,
          -0.455737,
          0.881622,
          3.164517
        ],
        [
          -0.068719,
          -0.882298,
          -0.465648,
          1.305364
        ],
        [
          0.0,
          0.0,
          0.0,
          1.0
        ]
      ]
    },
    {
      "file_path": "/media/NFS/ttao/scannet/posed_images/scene0587_03/00122.jpg",
      "transform_matrix": [
        [
          0.994048,
          -0.098736,
          0.04605,
          4.60124
        ],
        [
          -0.087373,
          -0.469998,
          0.878333,
          3.19193
        ],
        [
          -0.065079,
          -0.877128,
          -0.475827,
          1.30278
        ],
        [
          0.0,
          0.0,
          0.0,
          1.0
        ]
      ]
    },
    {
      "file_path": "/media/NFS/ttao/scannet/posed_images/scene0587_03/00125.jpg",
      "transform_matrix": [
        [
          0.996523,
          -0.078935,
          -0.02669,
          4.628836
        ],
        [
          -0.013909,
          -0.473391,
          0.880743,
          3.223298
        ],
        [
          -0.082156,
          -0.877308,
          -0.472843,
          1.29243
        ],
        [
          0.0,
          0.0,
          0.0,
          1.0
        ]
      ]
    },
    {
      "file_path": "/media/NFS/ttao/scannet/posed_images/scene0587_03/00126.jpg",
      "transform_matrix": [
        [
          0.996367,
          -0.062129,
          -0.058249,
          4.643594
        ],
        [
          0.021234,
          -0.48113,
          0.876392,
          3.244549
        ],
        [
          -0.082475,
          -0.874445,
          -0.478062,
          1.28873
        ],
        [
          0.0,
          0.0,
          0.0,
          1.0
        ]
      ]
    },
    {
      "file_path": "/media/NFS/ttao/scannet/posed_images/scene0587_03/00129.jpg",
      "transform_matrix": [
        [
          0.995665,
          -0.038744,
          -0.084557,
          4.65208
        ],
        [
          0.054041,
          -0.498944,
          0.864948,
          3.285503
        ],
        [
          -0.075701,
          -0.865767,
          -0.494688,
          1.296102
        ],
        [
          0.0,
          0.0,
          0.0,
          1.0
        ]
      ]
    },
    {
      "file_path": "/media/NFS/ttao/scannet/posed_images/scene0587_03/00130.jpg",
      "transform_matrix": [
        [
          0.994907,
          -0.044552,
          -0.090411,
          4.649984
        ],
        [
          0.056561,
          -0.495673,
          0.866666,
          3.29386
        ],
        [
          -0.083426,
          -0.867366,
          -0.490629,
          1.293566
        ],
        [
          0.0,
          0.0,
          0.0,
          1.0
        ]
      ]
    },
    {
      "file_path": "/media/NFS/ttao/scannet/posed_images/scene0587_03/00133.jpg",
      "transform_matrix": [
        [
          0.990146,
          -0.053871,
          -0.129261,
          4.655848
        ],
        [
          0.087336,
          -0.483987,
          0.870706,
          3.330213
        ],
        [
          -0.109466,
          -0.873415,
          -0.474514,
          1.29077
        ],
        [
          0.0,
          0.0,
          0.0,
          1.0
        ]
      ]
    },
    {
      "file_path": "/media/NFS/ttao/scannet/posed_images/scene0587_03/00135.jpg",
      "transform_matrix": [
        [
          0.987035,
          -0.04883,
          -0.152897,
          4.660503
        ],
        [
          0.110196,
          -0.486449,
          0.866732,
          3.359869
        ],
        [
          -0.116699,
          -0.872343,
          -0.474762,
          1.286671
        ],
        [
          0.0,
          0.0,
          0.0,
          1.0
        ]
      ]
    },
    {
      "file_path": "/media/NFS/ttao/scannet/posed_images/scene0587_03/00136.jpg",
      "transform_matrix": [
        [
          0.98669,
          -0.042205,
          -0.157043,
          4.660708
        ],
        [
          0.116396,
          -0.491102,
          0.863291,
          3.375642
        ],
        [
          -0.113559,
          -0.870079,
          -0.479653,
          1.288223
        ],
        [
          0.0,
          0.0,
          0.0,
          1.0
        ]
      ]
    },
    {
      "file_path": "/media/NFS/ttao/scannet/posed_images/scene0587_03/00138.jpg",
      "transform_matrix": [
        [
          0.987912,
          -0.02158,
          -0.153503,
          4.657441
        ],
        [
          0.122723,
          -0.49608,
          0.85956,
          3.409094
        ],
        [
          -0.0947,
          -0.868008,
          -0.487436,
          1.287289
        ],
        [
          0.0,
          0.0,
          0.0,
          1.0
        ]
      ]
    },
    {
      "file_path": "/media/NFS/ttao/scannet/posed_images/scene0587_03/00141.jpg",
      "transform_matrix": [
        [
          0.990305,
          -0.002222,
          -0.13889,
          4.644438
        ],
        [
          0.119464,
          -0.49656,
          0.859742,
          3.451703
        ],
        [
          -0.070877,
          -0.868,
          -0.49148,
          1.2832
        ],
        [
          0.0,
          0.0,
          0.0,
          1.0
        ]
      ]
    },
    {
      "file_path": "/media/NFS/ttao/scannet/posed_images/scene0587_03/00142.jpg",
      "transform_matrix": [
        [
          0.990229,
          -0.002968,
          -0.139416,
          4.63905
        ],
        [
          0.119686,
          -0.494964,
          0.860631,
          3.465377
        ],
        [
          -0.07156,
          -0.868909,
          -0.489773,
          1.282532
        ],
        [
          0.0,
          0.0,
          0.0,
          1.0
        ]
      ]
    },
    {
      "file_path": "/media/NFS/ttao/scannet/posed_images/scene0587_03/00144.jpg",
      "transform_matrix": [
        [
          0.987291,
          -0.000259,
          -0.158922,
          4.633217
        ],
        [
          0.138475,
          -0.489286,
          0.86106,
          3.492257
        ],
        [
          -0.077981,
          -0.872123,
          -0.483032,
          1.280899
        ],
        [
          0.0,
          0.0,
          0.0,
          1.0
        ]
      ]
    },
    {
      "file_path": "/media/NFS/ttao/scannet/posed_images/scene0587_03/00146.jpg",
      "transform_matrix": [
        [
          0.98191,
          0.017265,
          -0.18856,
          4.627495
        ],
        [
          0.172608,
          -0.49101,
          0.853883,
          3.52415
        ],
        [
          -0.077842,
          -0.870983,
          -0.485107,
          1.283402
        ],
        [
          0.0,
          0.0,
          0.0,
          1.0
        ]
      ]
    },
    {
      "file_path": "/media/NFS/ttao/scannet/posed_images/scene0587_03/00148.jpg",
      "transform_matrix": [
        [
          0.974712,
          0.031945,
          -0.22117,
          4.620784
        ],
        [
          0.20849,
          -0.486206,
          0.848608,
          3.55275
        ],
        [
          -0.080426,
          -0.87326,
          -0.480571,
          1.285247
        ],
        [
          0.0,
          0.0,
          0.0,
          1.0
        ]
      ]
    },
    {
      "file_path": "/media/NFS/ttao/scannet/posed_images/scene0587_03/00151.jpg",
      "transform_matrix": [
        [
          0.962233,
          0.049805,
          -0.267632,
          4.61919
        ],
        [
          0.25898,
          -0.470428,
          0.84358,
          3.595215
        ],
        [
          -0.083888,
          -0.881032,
          -0.46556,
