{
  "frames": [
    {
      "file_path": "/media/NFS/ttao/scannet/posed_images/scene0476_00/00002.jpg",
      "transform_matrix": [
        [
          0.691693,
          -0.361761,
          0.625051,
          1.607158
        ],
        [
          -0.721846,
          -0.319566,
          0.613853,
          2.150275
        ],
        [
          -0.022324,
          -0.875789,
          -0.482177,
          1.492095
        ],
        [
          0.0,
          0.0,
          0.0,
          1.0
        ]
      ]
    },
    {
      "file_path": "/media/NFS/ttao/scannet/posed_images/scene0476_00/00004.jpg",
      "transform_matrix": [
        [
          0.691363,
          -0.357948,
          0.627608,
          1.605804
        ],
        [
          -0.722278,
          -0.32049,
          0.612863,
          2.152972
        ],
        [
          -0.018231,
          -0.877017,
          -0.480113,
          1.490852
        ],
        [
          0.0,
          0.0,
          0.0,
          1.0
        ]
      ]
    },
    {
      "file_path": "/media/NFS/ttao/scannet/posed_images/scene0476_00/00008.jpg",
      "transform_matrix": [
        [
          0.68937,
          -0.354833,
          0.631556,
          1.603729
        ],
        [
          -0.72438,
          -0.329798,
          0.605398,
          2.162523
        ],
        [
          -0.006529,
          -0.87483,
          -0.484387,
          1.488524
        ],
        [
          0.0,
          0.0,
          0.0,
          1.0
        ]
      ]
    },
    {
      "file_path": "/media/NFS/ttao/scannet/posed_images/scene0476_00/00011.jpg",
      "transform_matrix": [
        [
          0.687688,
          -0.354998,
          0.633295,
          1.599289
        ],
        [
          -0.726005,
          -0.334546,
          0.600829,
          2.173149
        ],
        [
          -0.001427,
          -0.872958,
          -0.487793,
          1.4878
        ],
        [
          0.0,
          0.0,
          0.0,
          1.0
        ]
      ]
    },
    {
      "file_path": "/media/NFS/ttao/scannet/posed_images/scene0476_00/00015.jpg",
      "transform_matrix": [
        [
          0.688682,
          -0.35333,
          0.633147,
          1.598651
        ],
        [
          -0.72505,
          -0.341018,
          0.598339,
          2.179651
        ],
        [
          0.004503,
          -0.871128,
          -0.491035,
          1.485363
        ],
        [
          0.0,
          0.0,
          0.0,
          1.0
        ]
      ]
    },
    {
      "file_path": "/media/NFS/ttao/scannet/posed_images/scene0476_00/00018.jpg",
      "transform_matrix": [
        [
          0.6904,
          -0.353302,
          0.631288,
          1.60079
        ],
        [
          -0.723391,
          -0.345999,
          0.597487,
          2.183362
        ],
        [
          0.007331,
          -0.869173,
          -0.494453,
          1.483752
        ],
        [
          0.0,
          0.0,
          0.0,
          1.0
        ]
      ]
    },
    {
      "file_path": "/media/NFS/ttao/scannet/posed_images/scene0476_00/00022.jpg",
      "transform_matrix": [
        [
          0.696362,
          -0.348632,
          0.627325,
          1.598477
        ],
        [
          -0.717653,
          -0.347274,
          0.603635,
          2.194898
        ],
        [
          0.007407,
          -0.87055,
          -0.492025,
          1.488811
        ],
        [
          0.0,
          0.0,
          0.0,
          1.0
        ]
      ]
    },
    {
      "file_path": "/media/NFS/ttao/scannet/posed_images/scene0476_00/00026.jpg",
      "transform_matrix": [
        [
          0.710821,
          -0.333799,
          0.619122,
          1.593167
        ],
        [
          -0.703367,
          -0.340973,
          0.623708,
          2.196853
        ],
        [
          0.002911,
          -0.878815,
          -0.477154,
          1.499739
        ],
        [
          0.0,
          0.0,
          0.0,
          1.0
        ]
      ]
    },
    {
      "file_path": "/media/NFS/ttao/scannet/posed_images/scene0476_00/00029.jpg",
      "transform_matrix": [
        [
          0.728034,
          -0.318228,
          0.607205,
          1.591633
        ],
        [
          -0.685487,
          -0.326805,
          0.65062,
          2.195127
        ],
        [
          -0.008608,
          -0.889904,
          -0.456066,
          1.512573
        ],
        [
          0.0,
          0.0,
          0.0,
          1.0
        ]
      ]
    },
    {
      "file_path": "/media/NFS/ttao/scannet/posed_images/scene0476_00/00034.jpg",
      "transform_matrix": [
        [
          0.762813,
          -0.279385,
          0.583147,
          1.578379
        ],
        [
          -0.646451,
          -0.308962,
          0.697598,
          2.183213
        ],
        [
          -0.014728,
          -0.909113,
          -0.416289,
          1.534101
        ],
        [
          0.0,
          0.0,
          0.0,
          1.0
        ]
      ]
    },
    {
      "file_path": "/media/NFS/ttao/scannet/posed_images/scene0476_00/00038.jpg",
      "transform_matrix": [
        [
          0.78265,
          -0.247653,
          0.571075,
          1.569631
        ],
        [
          -0.622407,
          -0.299132,
          0.723277,
          2.178183
        ],
        [
          -0.008295,
          -0.921514,
          -0.388257,
          1.547131
        ],
        [
          0.0,
          0.0,
          0.0,
          1.0
        ]
      ]
    },
    {
      "file_path": "/media/NFS/ttao/scannet/posed_images/scene0476_00/00040.jpg",
      "transform_matrix": [
        [
          0.795954,
          -0.233801,
          0.558385,
          1.571835
        ],
        [
          -0.605316,
          -0.296631,
          0.738649,
          2.1772
        ],
        [
          -0.007063,
          -0.925931,
          -0.377628,
          1.557022
        ],
        [
          0.0,
          0.0,
          0.0,
          1.0
        ]
      ]
    },
    {
      "file_path": "/media/NFS/ttao/scannet/posed_images/scene0476_00/00044.jpg",
      "transform_matrix": [
        [
          0.81801,
          -0.204019,
          0.537806,
          1.559227
        ],
        [
          -0.575151,
          -0.277543,
          0.769526,
          2.177451
        ],
        [
          -0.007734,
          -0.9388,
          -0.344375,
          1.570629
        ],
        [
          0.0,
          0.0,
          0.0,
          1.0
        ]
      ]
    },
    {
      "file_path": "/media/NFS/ttao/scannet/posed_images/scene0476_00/00047.jpg",
      "transform_matrix": [
        [
          0.835008,
          -0.182414,
          0.519121,
          1.554005
        ],
        [
          -0.550173,
          -0.262294,
          0.792788,
          2.175452
        ],
        [
          -0.008453,
          -0.94759,
          -0.319377,
          1.58314
        ],
        [
          0.0,
          0.0,
          0.0,
          1.0
        ]
      ]
    },
    {
      "file_path": "/media/NFS/ttao/scannet/posed_images/scene0476_00/00051.jpg",
      "transform_matrix": [
        [
          0.855204,
          -0.14176,
          0.498529,
          1.538251
        ],
        [
          -0.518224,
          -0.249577,
          0.818019,
          2.177694
        ],
        [
          0.008459,
          -0.957922,
          -0.286903,
          1.593776
        ],
        [
          0.0,
          0.0,
          0.0,
          1.0
        ]
      ]
    },
    {
      "file_path": "/media/NFS/ttao/scannet/posed_images/scene0476_00/00054.jpg",
      "transform_matrix": [
        [
          0.870794,
          -0.119095,
          0.477005,
          1.534169
        ],
        [
          -0.491433,
          -0.239531,
          0.837328,
          2.180255
        ],
        [
          0.014536,
          -0.963556,
          -0.26711,
          1.60562
        ],
        [
          0.0,
          0.0,
          0.0,
          1.0
        ]
      ]
    },
    {
      "file_path": "/media/NFS/ttao/scannet/posed_images/scene0476_00/00061.jpg",
      "transform_matrix": [
        [
          0.900299,
          -0.086491,
          0.426593,
          1.511454
        ],
        [
          -0.43505,
          -0.210135,
          0.875543,
          2.184314
        ],
        [
          0.013916,
          -0.973839,
          -0.226812,
          1.614345
        ],
        [
          0.0,
          0.0,
          0.0,
          1.0
        ]
      ]
    },
    {
      "file_path": "/media/NFS/ttao/scannet/posed_images/scene0476_00/00064.jpg",
      "transform_matrix": [
        [
          0.912072,
          -0.074145,
          0.403271,
          1.504684
        ],
        [
          -0.409758,
          -0.200668,
          0.889849,
          2.188477
        ],
        [
          0.014946,
          -0.976849,
          -0.213405,
          1.623373
        ],
        [
          0.0,
          0.0,
          0.0,
          1.0
        ]
      ]
    },
    {
      "file_path": "/media/NFS/ttao/scannet/posed_images/scene0476_00/00067.jpg",
      "transform_matrix": [
        [
          0.921599,
          -0.065858,
          0.382516,
          1.494652
        ],
        [
          -0.387862,
          -0.193844,
          0.901103,
          2.192487
        ],
        [
          0.014803,
          -0.978819,
          -0.20419,
          1.633136
        ],
        [
          0.0,
          0.0,
          0.0,
          1.0
        ]
      ]
    },
    {
      "file_path": "/media/NFS/ttao/scannet/posed_images/scene0476_00/00072.jpg",
      "transform_matrix": [
        [
          0.93432,
          -0.053083,
          0.352462,
          1.482171
        ],
        [
          -0.356116,
          -0.180988,
          0.916747,
          2.191925
        ],
        [
          0.015128,
          -0.982052,
          -0.188004,
          1.641716
        ],
        [
          0.0,
          0.0,
          0.0,
          1.0
        ]
      ]
    },
    {
      "file_path": "/media/NFS/ttao/scannet/posed_images/scene0476_00/00075.jpg",
      "transform_matrix": [
        [
          0.938558,
          -0.043705,
          0.342344,
          1.475194
        ],
        [
          -0.344436,
          -0.18114,
          0.921169,
          2.193435
        ],
        [
          0.021752,
          -0.982486,
          -0.185064,
          1.642535
        ],
        [
          0.0,
          0.0,
          0.0,
          1.0
        ]
      ]
    },
    {
      "file_path": "/media/NFS/ttao/scannet/posed_images/scene0476_00/00079.jpg",
      "transform_matrix": [
        [
          0.943904,
          -0.035349,
          0.328323,
          1.470767
        ],
        [
          -0.32908,
          -0.183265,
          0.926348,
          2.195441
        ],
        [
          0.027425,
          -0.982428,
          -0.184617,
          1.644173
        ],
        [
          0.0,
          0.0,
          0.0,
          1.0
        ]
      ]
    },
    {
      "file_path": "/media/NFS/ttao/scannet/posed_images/scene0476_00/00081.jpg",
      "transform_matrix": [
        [
          0.946163,
          -0.034772,
          0.321819,
          1.470095
        ],
        [
          -0.322583,
          -0.183516,
          0.928581,
          2.195478
        ],
        [
          0.02677,
          -0.982401,
          -0.184853,
          1.637669
        ],
        [
          0.0,
          0.0,
          0.0,
          1.0
        ]
      ]
    },
    {
      "file_path": "/media/NFS/ttao/scannet/posed_images/scene0476_00/00084.jpg",
      "transform_matrix": [
        [
          0.949833,
          -0.038129,
          0.310426,
          1.464116
        ],
        [
          -0.311839,
          -0.19152,
          0.930632,
          2.19701
        ],
        [
          0.023968,
          -0.980748,
          -0.193803,
          1.634409
        ],
        [
          0.0,
          0.0,
          0.0,
          1.0
        ]
      ]
    },
    {
      "file_path": "/media/NFS/ttao/scannet/posed_images/scene0476_00/00087.jpg",
      "transform_matrix": [
        [
          0.954751,
          -0.042474,
          0.294358,
          1.454262
        ],
        [
          -0.296562,
          -0.210497,
          0.931527,
          2.198203
        ],
        [
          0.022395,
          -0.976671,
          -0.213568,
          1.62478
        ],
        [
          0.0,
          0.0,
          0.0,
          1.0
        ]
      ]
    },
    {
      "file_path": "/media/NFS/ttao/scannet/posed_images/scene0476_00/00094.jpg",
      "transform_matrix": [
        [
          0.962154,
          -0.061763,
          0.265415,
          1.431019
        ],
        [
          -0.271866,
          -0.284271,
          0.91939,
          2.206467
        ],
        [
          0.018666,
          -0.956752,
          -0.290304,
          1.604097
        ],
        [
          0.0,
          0.0,
          0.0,
          1.0
        ]
      ]
    },
    {
      "file_path": "/media/NFS/ttao/scannet/posed_images/scene0476_00/00095.jpg",
      "transform_matrix": [
        [
          0.962926,
          -0.065836,
          0.261608,
          1.427512
        ],
        [
          -0.269237,
          -0.295175,
          0.916724,
          2.207156
        ],
        [
          0.016867,
          -0.953172,
          -0.301957,
          1.602408
        ],
        [
          0.0,
          0.0,
          0.0,
          1.0
        ]
      ]
    },
    {
      "file_path": "/media/NFS/ttao/scannet/posed_images/scene0476_00/00101.jpg",
      "transform_matrix": [
        [
          0.964707,
          -0.09227,
          0.246632,
          1.410385
        ],
        [
          -0.263044,
          -0.381103,
          0.886323,
          2.206753
        ],
        [
          0.012212,
          -0.919916,
          -0.391924,
          1.565907
        ],
        [
          0.0,
          0.0,
          0.0,
          1.0
        ]
      ]
    },
    {
      "file_path": "/media/NFS/ttao/scannet/posed_images/scene0476_00/00105.jpg",
      "transform_matrix": [
        [
          0.961555,
          -0.120893,
          0.24657,
          1.400229
        ],
        [
          -0.274591,
          -0.434445,
          0.857821,
          2.194634
        ],
        [
          0.003417,
          -0.892548,
          -0.450939,
          1.534459
        ],
        [
          0.0,
          0.0,
          0.0,
          1.0
        ]
      ]
    },
    {
      "file_path": "/media/NFS/ttao/scannet/posed_images/scene0476_00/00107.jpg",
      "transform_matrix": [
        [
          0.959998,
          -0.133883,
          0.245926,
          1.39856
        ],
        [
          -0.280008,
          -0.459474,
          0.842899,
          2.189483
        ],
        [
          0.000147,
          -0.878043,
          -0.478583,
          1.524109
        ],
        [
          0.0,
          0.0,
          0.0,
          1.0
        ]
      ]
    },
    {
      "file_path": "/media/NFS/ttao/scannet/posed_images/scene0476_00/00113.jpg",
      "transform_matrix": [
        [
          0.952878,
          -0.160602,
          0.257351,
          1.386783
        ],
        [
          -0.303167,
          -0.533868,
          0.789351,
          2.165687
        ],
        [
          0.01062,
          -0.830176,
          -0.5574,
          1.488259
        ],
        [
          0.0,
          0.0,
          0.0,
          1.0
        ]
      ]
    },
    {
      "file_path": "/media/NFS/ttao/scannet/posed_images/scene0476_00/00114.jpg",
      "transform_matrix": [
        [
          0.951652,
          -0.165436,
          0.258823,
          1.388086
        ],
        [
          -0.30697,
          -0.543236,
          0.78145,
          2.162036
        ],
        [
          0.011322,
          -0.823119,
          -0.567756,
          1.484273
        ],
        [
          0.0,
          0.0,
          0.0,
          1.0
        ]
      ]
    },
    {
      "file_path": "/media/NFS/ttao/scannet/posed_images/scene0476_00/00117.jpg",
      "transform_matrix": [
        [
          0.94808,
          -0.174554,
          0.265847,
          1.387403
        ],
        [
          -0.317611,
          -0.562633,
          0.763261,
          2.151453
        ],
        [
          0.016344,
          -0.808069,
          -0.588861,
          1.474719
        ],
        [
          0.0,
          0.0,
          0.0,
          1.0
        ]
      ]
    },
    {
      "file_path": "/media/NFS/ttao/scannet/posed_images/scene0476_00/00121.jpg",
      "transform_matrix": [
        [
          0.942829,
          -0.19774,
          0.268277,
          1.386989
        ],
        [
          -0.333208,
          -0.575709,
          0.74668,
          2.13625
        ],
        [
          0.0068,
          -0.793384,
          -0.608684,
          1.465364
        ],
        [
          0.0,
          0.0,
          0.0,
          1.0
        ]
      ]
    },
    {
      "file_path": "/media/NFS/ttao/scannet/posed_images/scene0476_00/00125.jpg",
      "transform_matrix": [
        [
          0.936021,
          -0.216124,
          0.277767,
          1.386874
        ],
        [
          -0.351885,
          -0.589144,
          0.727384,
          2.124287
        ],
        [
          0.006439,
          -0.778589,
          -0.627502,
          1.453728
        ],
        [
          0.0,
          0.0,
          0.0,
          1.0
        ]
      ]
    },
    {
      "file_path": "/media/NFS/ttao/scannet/posed_images/scene0476_00/00130.jpg",
      "transform_matrix": [
        [
          0.925447,
          -0.250585,
          0.284176,
          1.386965
        ],
        [
          -0.37886,
          -0.604676,
          0.700595,
          2.105059
        ],
        [
          -0.003724,
          -0.756026,
          -0.654531,
          1.434429
        ],
        [
          0.0,
          0.0,
          0.0,
          1.0
        ]
      ]
    },
    {
      "file_path": "/media/NFS/ttao/scannet/posed_images/scene0476_00/00132.jpg",
      "transform_matrix": [
        [
          0.919991,
          -0.26294,
          0.290654,
          1.390145
        ],
        [
          -0.391905,
          -0.607278,
          0.691103,
          2.099786
        ],
        [
          -0.005211,
          -0.749717,
          -0.661737,
          1.42903
        ],
        [
          0.0,
          0.0,
          0.0,
          1.0
        ]
      ]
    },
    {
      "file_path": "/media/NFS/ttao/scannet/posed_images/scene0476_00/00138.jpg",
      "transform_matrix": [
        [
          0.901823,
          -0.292639,
          0.317929,
          1.397079
        ],
        [
          -0.432083,
          -0.618495,
          0.65633,
          2.090159
        ],
        [
          0.00457,
          -0.729264,
          -0.684217,
          1.413625
        ],
        [
          0.0,
          0.0,
          0.0,
          1.0
        ]
      ]
    },
    {
      "file_path": "/media/NFS/ttao/scannet/posed_images/scene0476_00/00141.jpg",
      "transform_matrix": [
        [
          0.890731,
          -0.310868,
          0.331602,
          1.40346
        ],
        [
          -0.454494,
          -0.618534,
          0.640977,
          2.08687
        ],
        [
          0.005848,
          -0.721649,
          -0.692235,
          1.409068
        ],
        [
          0.0,
          0.0,
          0.0,
          1.0
        ]
      ]
    },
    {
      "file_path": "/media/NFS/ttao/scannet/posed_images/scene0476_00/00143.jpg",
      "transform_matrix": [
        [
          0.88266,
          -0.320114,
          0.344148,
          1.406109
        ],
        [
          -0.469852,
          -0.620044,
          0.62832,
          2.088591
        ],
        [
          0.012253,
          -0.716291,
          -0.697694,
          1.405323
        ],
        [
          0.0,
          0.0,
          0.0,
          1.0
        ]
      ]
    },
    {
      "file_path": "/media/NFS/ttao/scannet/posed_images/scene0476_00/00147.jpg",
      "transform_matrix": [
        [
          0.859412,
          -0.342828,
          0.379315,
          1.415715
        ],
        [
          -0.510454,
          -0.617566,
          0.598371,
          2.099484
        ],
        [
          0.029114,
          -0.70787,
          -0.705742,
          1.399218
        ],
        [
          0.0,
          0.0,
          0.0,
          1.0
        ]
      ]
    },
    {
      "file_path": "/media/NFS/ttao/scannet/posed_images/scene0476_00/00150.jpg",
      "transform_matrix": [
        [
          0.826057,
          -0.373193,
          0.422324,
          1.426348
        ],
        [
          -0.562267,
          -0.596971,
          0.57226,
          2.118487
        ],
        [
          0.038552,
          -0.710178,
          -0.702965,
          1.402993
        ],
        [
          0.0,
          0.0,
          0.0,
          1.0
        ]
      ]
    },
    {
      "file_path": "/media/NFS/ttao/scannet/posed_images/scene0476_00/00154.jpg",
      "transform_matrix": [
        [
          0.779432,
          -0.407154,
          0.476143,
          1.442109
        ],
        [
          -0.62538,
          -0.550819,
          0.552719,
          2.144641
        ],
        [
          0.037227,
          -0.728577,
          -0.683952,
          1.411988
        ],
        [
          0.0,
          0.0,
          0.0,
          1.0
        ]
      ]
    },
    {
      "file_path": "/media/NFS/ttao/scannet/posed_images/scene0476_00/00158.jpg",
      "transform_matrix": [
        [
          0.734915,
          -0.430903,
          0.523663,
          1.455351
        ],
        [
          -0.677113,
          -0.509117,
          0.531336,
          2.169837
        ],
        [
          0.037652,
          -0.745066,
          -0.665928,
          1.419784
        ],
        [
          0.0,
          0.0,
          0.0,
          1.0
        ]
      ]
    },
    {
      "file_path": "/media/NFS/ttao/scannet/posed_images/scene0476_00/00162.jpg",
      "transform_matrix": [
        [
          0.683959,
          -0.452121,
          0.572526,
          1.467097
        ],
        [
          -0.728486,
          -0.465066,
          0.503013,
          2.203439
        ],
        [
          0.03884,
          -0.761118,
          -0.64745,
          1.429958
        ],
        [
          0.0,
          0.0,
          0.0,
          1.0
        ]
      ]
    },
    {
      "file_path": "/media/NFS/ttao/scannet/posed_images/scene0476_00/00165.jpg",
      "transform_matrix": [
        [
          0.649388,
          -0.464432,
          0.602162,
          1.47943
        ],
        [
          -0.759802,
          -0.429134,
          0.488411,
          2.222684
        ],
        [
          0.031575,
          -0.774692,
          -0.63155,
          1.43824
        ],
        [
          0.0,
          0.0,
          0.0,
          1.0
        ]
      ]
    },
    {
      "file_path": "/media/NFS/ttao/scannet/posed_images/scene0476_00/00171.jpg",
      "transform_matrix": [
        [
          0.589365,
          -0.470765,
          0.656528,
          1.501073
        ],
        [
          -0.807432,
          -0.369931,
          0.459571,
          2.248155
        ],
        [
          0.026521,
          -0.800956,
          -0.598135,
          1.458089
        ],
        [
          0.0,
          0.0,
          0.0,
          1.0
        ]
      ]
    },
    {
      "file_path": "/media/NFS/ttao/scannet/posed_images/scene0476_00/00174.jpg",
      "transform_matrix": [
        [
          0.559472,
          -0.466232,
          0.685288,
          1.502693
        ],
        [
          -0.828304,
          -0.34448,
          0.441866,
          2.264373
        ],
        [
          0.030056,
          -0.814838,
          -0.578908,
          1.464415
        ],
        [
          0.0,
          0.0,
          0.0,
          1.0
        ]
      ]
    },
    {
      "file_path": "/media/NFS/ttao/scannet/posed_images/scene0476_00/00179.jpg",
      "transform_matrix": [
        [
          0.524765,
          -0.463552,
          0.713961,
          1.506325
        ],
        [
          -0.850609,
          -0.318019,
          0.418722,
          2.300495
        ],
        [
          0.032954,
          -0.827033,
          -0.561187,
          1.47444
        ],
        [
          0.0,
          0.0,
          0.0,
          1.0
        ]
      ]
    },
    {
      "file_path": "/media/NFS/ttao/scannet/posed_images/scene0476_00/00181.jpg",
      "transform_matrix": [
        [
          0.51139,
          -0.461257,
          0.725067,
          1.50404
        ],
        [
          -0.858589,
          -0.309713,
          0.408537,
          2.318553
        ],
        [
          0.036122,
          -0.831456,
          -0.554414,
          1.473371
        ],
        [
          0.0,
          0.0,
          0.0,
          1.0
        ]
      ]
    },
    {
      "file_path": "/media/NFS/ttao/scannet/posed_images/scene0476_00/00185.jpg",
      "transform_matrix": [
        [
          0.50232,
          -0.461399,
          0.73129,
          1.502586
        ],
        [
          -0.86363,
          -0.309412,
          0.398004,
          2.348689
        ],
        [
          0.042631,
          -0.831489,
          -0.553902,
          1.476446
        ],
        [
          0.0,
          0.0,
          0.0,
          1.0
        ]
      ]
    },
    {
      "file_path": "/media/NFS/ttao/scannet/posed_images/scene0476_00/00186.jpg",
      "transform_matrix": [
        [
          0.500654,
          -0.461336,
          0.732472,
          1.502045
        ],
        [
          -0.864441,
          -0.311112,
          0.394907,
          2.355289
        ],
        [
          0.045696,
          -0.83089,
          -0.554557,
          1.476872
        ],
        [
          0.0,
          0.0,
          0.0,
          1.0
        ]
      ]
    },
    {
      "file_path": "/media/NFS/ttao/scannet/posed_images/scene0476_00/00191.jpg",
      "transform_matrix": [
        [
          0.480891,
          -0.457958,
          0.747675,
          1.502033
        ],
        [
          -0.874838,
          -0.307352,
          0.374424,
          2.405385
        ],
        [
          0.058329,
          -0.834151,
          -0.548442,
          1.483859
        ],
        [
          0.0,
          0.0,
          0.0,
          1.0
        ]
      ]
    },
    {
      "file_path": "/media/NFS/ttao/scannet/posed_images/scene0476_00/00196.jpg",
      "transform_matrix": [
        [
          0.459371,
          -0.455881,
          0.762333,
          1.513368
        ],
        [
          -0.886606,
          -0.287446,
          0.362361,
          2.450402
        ],
        [
          0.053936,
          -0.842346,
          -0.536231,
          1.493655
        ],
        [
          0.0,
          0.0,
          0.0,
          1.0
        ]
      ]
    },
    {
      "file_path": "/media/NFS/ttao/scannet/posed_images/scene0476_00/00199.jpg",
      "transform_matrix": [
        [
          0.436152,
          -0.46148,
          0.772533,
          1.52255
        ],
        [
          -0.898062,
          -0.277654,
          0.341163,
          2.484366
        ],
        [
          0.057057,
          -0.842582,
          -0.535537,
          1.493621
        ],
        [
          0.0,
          0.0,
          0.0,
          1.0
        ]
      ]
    },
    {
      "file_path": "/media/NFS/ttao/scannet/posed_images/scene0476_00/00202.jpg",
      "transform_matrix": [
        [
          0.405031,
          -0.469719,
          0.784419,
          1.534877
        ],
        [
          -0.911722,
          -0.27191,
          0.307941,
          2.520756
        ],
        [
          0.068646,
          -0.839898,
          -0.538386,
          1.486298
        ],
        [
          0.0,
          0.0,
          0.0,
          1.0
        ]
      ]
    },
    {
      "file_path": "/media/NFS/ttao/scannet/posed_images/scene0476_00/00206.jpg",
      "transform_matrix": [
        [
          0.341702,
          -0.48869,
          0.802759,
          1.567805
        ],
        [
          -0.939062,
          -0.211569,
          0.270926,
          2.575801
        ],
        [
          0.03744,
          -0.846416,
          -0.531204,
          1.491095
        ],
        [
          0.0,
          0.0,
          0.0,
          1.0
        ]
      ]
    },
    {
      "file_path": "/media/NFS/ttao/scannet/posed_images/scene0476_00/00212.jpg",
      "transform_matrix": [
        [
          0.2652,
          -0.497915,
          0.825681,
          1.598785
        ],
        [
          -0.964075,
          -0.150373,
          0.218969,
          2.650244
        ],
        [
          0.015132,
          -0.854089,
          -0.519906,
          1.486968
        ],
        [
          0.0,
          0.0,
          0.0,
          1.0
        ]
      ]
    },
    {
      "file_path": "/media/NFS/ttao/scannet/posed_images/scene0476_00/00213.jpg",
      "transform_matrix": [
        [
          0.250804,
          -0.500072,
          0.82887,
          1.605276
        ],
        [
          -0.967919,
          -0.142943,
          0.206639,
          2.662892
        ],
        [
          0.015147,
          -0.854105,
          -0.51988,
          1.48566
        ],
        [
          0.0,
          0.0,
          0.0,
          1.0
        ]
      ]
    },
    {
      "file_path": "/media/NFS/ttao/scannet/posed_images/scene0476_00/00217.jpg",
      "transform_matrix": [
        [
          0.190569,
          -0.516164,
          0.83502,
          1.625818
        ],
        [
          -0.981512,
          -0.115629,
          0.152526,
          2.70779
        ],
        [
          0.017824,
          -0.848649,
          -0.528656,
          1.479818
        ],
        [
          0.0,
          0.0,
          0.0,
          1.0
        ]
      ]
    },
    {
      "file_path": "/media/NFS/ttao/scannet/posed_images/scene0476_00/00221.jpg",
      "transform_matrix": [
        [
          0.139263,
          -0.532043,
          0.835186,
          1.649237
        ],
        [
          -0.989962,
          -0.095343,
          0.104335,
          2.756365
        ],
        [
          0.024118,
          -0.841332,
          -0.53998,
          1.472179
        ],
        [
          0.0,
          0.0,
          0.0,
          1.0
        ]
      ]
    },
    {
      "file_path": "/media/NFS/ttao/scannet/posed_images/scene0476_00/00224.jpg",
      "transform_matrix": [
        [
          0.10126,
          -0.532281,
          0.84049,
          1.664961
        ],
        [
          -0.994102,
          -0.087112,
          0.064599,
          2.782357
        ],
        [
          0.038832,
          -0.842074,
          -0.537963,
          1.470219
        ],
        [
          0.0,
          0.0,
          0.0,
          1.0
        ]
      ]
    },
    {
      "file_path": "/media/NFS/ttao/scannet/posed_images/scene0476_00/00228.jpg",
      "transform_matrix": [
        [
          0.032635,
          -0.537588,
          0.842576,
          1.688061
        ],
        [
          -0.998453,
          -0.055503,
          0.00326,
          2.824001
        ],
        [
          0.045014,
          -0.841379,
          -0.538567,
          1.470465
        ],
        [
          0.0,
          0.0,
          0.0,
          1.0
        ]
      ]
    },
    {
      "file_path": "/media/NFS/ttao/scannet/posed_images/scene0476_00/00234.jpg",
      "transform_matrix": [
        [
          -0.104217,
          -0.520898,
          0.847233,
          1.731315
        ],
        [
          -0.994126,
          0.029543,
          -0.104122,
          2.886551
        ],
        [
          0.029207,
          -0.853107,
          -0.520917,
          1.477674
        ],
        [
          0.0,
          0.0,
          0.0,
          1.0
        ]
      ]
    },
    {
      "file_path": "/media/NFS/ttao/scannet/posed_images/scene0476_00/00235.jpg",
      "transform_matrix": [
        [
          -0.127858,
          -0.514041,
          0.848183,
          1.734468
        ],
        [
          -0.991502,
          0.045551,
          -0.121856,
          2.899091
        ],
        [
          0.024003,
          -0.856555,
          -0.515497,
          1.477263
        ],
        [
          0.0,
          0.0,
          0.0,
          1.0
        ]
      ]
    },
    {
      "file_path": "/media/NFS/ttao/scannet/posed_images/scene0476_00/00238.jpg",
      "transform_matrix": [
        [
          -0.19086,
          -0.500882,
          0.844209,
          1.752996
        ],
        [
          -0.981462,
          0.082095,
          -0.173182,
          2.926942
        ],
        [
          0.017439,
          -0.861613,
          -0.507265,
          1.479508
        ],
        [
          0.0,
          0.0,
          0.0,
          1.0
        ]
      ]
    },
    {
      "file_path": "/media/NFS/ttao/scannet/posed_images/scene0476_00/00245.jpg",
      "transform_matrix": [
        [
          -0.339223,
          -0.476768,
          0.810938,
          1.807827
        ],
        [
          -0.940511,
          0.154344,
          -0.302683,
          2.98217
        ],
        [
          0.019146,
          -0.865373,
          -0.500762,
          1.484374
        ],
        [
          0.0,
          0.0,
          0.0,
          1.0
        ]
      ]
    },
    {
      "file_path": "/media/NFS/ttao/scannet/posed_images/scene0476_00/00247.jpg",
      "transform_matrix": [
        [
          -0.375084,
          -0.474206,
          0.796518,
          1.820469
        ],
        [
          -0.92649,
          0.163539,
          -0.338926,
          2.988624
        ],
        [
          0.030459,
          -0.865092,
          -0.500688,
          1.48186
        ],
        [
          0.0,
          0.0,
          0.0,
          1.0
        ]
      ]
    },
    {
      "file_path": "/media/NFS/ttao/scannet/posed_images/scene0476_00/00249.jpg",
      "transform_matrix": [
        [
          -0.412897,
          -0.468915,
          0.780791,
          1.844435
        ],
        [
          -0.909753,
          0.171692,
          -0.377983,
          2.993897
        ],
        [
          0.043186,
          -0.866395,
          -0.497488,
          1.484529
        ],
        [
          0.0,
          0.0,
          0.0,
          1.0
        ]
      ]
    },
    {
      "file_path": "/media/NFS/ttao/scannet/posed_images/scene0476_00/00256.jpg",
      "transform_matrix": [
        [
          -0.542154,
          -0.438362,
          0.716873,
          1.936121
        ],
        [
          -0.837853,
          0.217233,
          -0.500812,
          3.02235
        ],
        [
          0.063808,
          -0.872151,
          -0.485057,
          1.473396
        ],
        [
          0.0,
          0.0,
          0.0,
          1.0
        ]
      ]
    },
    {
      "file_path": "/media/NFS/ttao/scannet/posed_images/scene0476_00/00257.jpg",
      "transform_matrix": [
        [
          -0.554411,
          -0.432138,
          0.711256,
          1.950605
        ],
        [
          -0.830149,
          0.226564,
          -0.509432,
          3.02555
        ],
        [
          0.059,
          -0.872883,
          -0.484348,
          1.473025
        ],
        [
          0.0,
          0.0,
          0.0,
          1.0
        ]
      ]
    },
    {
      "file_path": "/media/NFS/ttao/scannet/posed_images/scene0476_00/00261.jpg",
      "transform_matrix": [
        [
          -0.590601,
          -0.397091,
          0.702502,
          2.007318
        ],
        [
          -0.806264,
          0.254123,
          -0.534191,
          3.031657
        ],
        [
          0.033601,
          -0.881896,
          -0.470246,
          1.474899
        ],
        [
          0.0,
          0.0,
          0.0,
          1.0
        ]
      ]
    },
    {
      "file_path": "/media/NFS/ttao/scannet/posed_images/scene0476_00/00267.jpg",
      "transform_matrix": [
        [
          -0.627409,
          -0.381778,
          0.678678,
          2.085093
        ],
        [
          -0.77817,
          0.275572,
          -0.564367,
          3.04681
        ],
        [
          0.028438,
          -0.882216,
          -0.469985,
          1.479968
        ],
        [
          0.0,
          0.0,
          0.0,
          1.0
        ]
      ]
    },
    {
      "file_path": "/media/NFS/ttao/scannet/posed_images/scene0476_00/00269.jpg",
      "transform_matrix": [
        [
          -0.640224,
          -0.387943,
          0.663033,
          2.109116
        ],
        [
          -0.767011,
          0.275065,
          -0.579684,
          3.054029
        ],
        [
          0.042507,
          -0.879681,
          -0.47366,
          1.480577
        ],
        [
          0.0,
          0.0,
          0.0,
          1.0
        ]
      ]
    },
    {
      "file_path": "/media/NFS/ttao/scannet/posed_images/scene0476_00/00271.jpg",
      "transform_matrix": [
        [
          -0.656144,
          -0.384174,
          0.649527,
          2.138739
        ],
        [
          -0.753137,
          0.279142,
          -0.595706,
          3.061792
        ],
        [
          0.047545,
          -0.880051,
          -0.472493,
          1.485141
        ],
        [
          0.0,
          0.0,
          0.0,
          1.0
        ]
      ]
    },
    {
      "file_path": "/media/NFS/ttao/scannet/posed_images/scene0476_00/00275.jpg",
      "transform_matrix": [
        [
          -0.687567,
          -0.353914,
          0.634032,
          2.173344
        ],
        [
          -0.724327,
          0.272954,
          -0.633125,
          3.067941
        ],
        [
          0.05101,
          -0.894562,
          -0.444024,
          1.496225
        ],
        [
          0.0,
          0.0,
          0.0,
          1.0
        ]
      ]
    },
    {
      "file_path": "/media/NFS/ttao/scannet/posed_images/scene0476_00/00279.jpg",
      "transform_matrix": [
        [
          -0.741149,
          -0.31789,
          0.591307,
          2.193398
        ],
        [
          -0.668638,
          0.270574,
          -0.692614,
          3.068521
        ],
        [
          0.060183,
          -0.9087,
          -0.413089,
          1.502138
        ],
        [
          0.0,
          0.0,
          0.0,
          1.0
        ]
      ]
    },
    {
      "file_path": "/media/NFS/ttao/scannet/posed_images/scene0476_00/00282.jpg",
      "transform_matrix": [
        [
          -0.791143,
          -0.285545,
          0.540885,
          2.209726
        ],
        [
          -0.608516,
          0.278336,
          -0.743127,
          3.076966
        ],
        [
          0.061648,
          -0.917057,
          -0.393962,
