{
  "frames": [
    {
      "file_path": "/media/NFS/ttao/scannet/posed_images/scene0591_00/00000.jpg",
      "transform_matrix": [
        [
          0.341355,
          -0.306655,
          0.888504,
          1.915711
        ],
        [
          -0.939736,
          -0.130782,
          0.3159,
          2.167614
        ],
        [
          0.019328,
          -0.942793,
          -0.332818,
          1.575091
        ],
        [
          0.0,
          0.0,
          0.0,
          1.0
        ]
      ]
    },
    {
      "file_path": "/media/NFS/ttao/scannet/posed_images/scene0591_00/00009.jpg",
      "transform_matrix": [
        [
          0.33139,
          -0.320615,
          0.887348,
          1.915242
        ],
        [
          -0.943367,
          -0.128018,
          0.306056,
          2.171026
        ],
        [
          0.01547,
          -0.938519,
          -0.344882,
          1.569943
        ],
        [
          0.0,
          0.0,
          0.0,
          1.0
        ]
      ]
    },
    {
      "file_path": "/media/NFS/ttao/scannet/posed_images/scene0591_00/00010.jpg",
      "transform_matrix": [
        [
          0.332055,
          -0.320751,
          0.88705,
          1.915889
        ],
        [
          -0.943168,
          -0.126025,
          0.307493,
          2.165737
        ],
        [
          0.013162,
          -0.938742,
          -0.34437,
          1.569439
        ],
        [
          0.0,
          0.0,
          0.0,
          1.0
        ]
      ]
    },
    {
      "file_path": "/media/NFS/ttao/scannet/posed_images/scene0591_00/00019.jpg",
      "transform_matrix": [
        [
          0.314934,
          -0.335592,
          0.887804,
          1.92005
        ],
        [
          -0.949093,
          -0.117495,
          0.292262,
          2.158057
        ],
        [
          0.006231,
          -0.934651,
          -0.355511,
          1.561705
        ],
        [
          0.0,
          0.0,
          0.0,
          1.0
        ]
      ]
    },
    {
      "file_path": "/media/NFS/ttao/scannet/posed_images/scene0591_00/00022.jpg",
      "transform_matrix": [
        [
          0.302983,
          -0.335872,
          0.891848,
          1.923353
        ],
        [
          -0.952943,
          -0.11663,
          0.279816,
          2.160987
        ],
        [
          0.010034,
          -0.934659,
          -0.355404,
          1.564511
        ],
        [
          0.0,
          0.0,
          0.0,
          1.0
        ]
      ]
    },
    {
      "file_path": "/media/NFS/ttao/scannet/posed_images/scene0591_00/00031.jpg",
      "transform_matrix": [
        [
          0.271193,
          -0.301607,
          0.914051,
          1.929005
        ],
        [
          -0.962503,
          -0.091384,
          0.255415,
          2.147231
        ],
        [
          0.006494,
          -0.949043,
          -0.31508,
          1.592806
        ],
        [
          0.0,
          0.0,
          0.0,
          1.0
        ]
      ]
    },
    {
      "file_path": "/media/NFS/ttao/scannet/posed_images/scene0591_00/00038.jpg",
      "transform_matrix": [
        [
          0.25128,
          -0.239916,
          0.93771,
          1.930755
        ],
        [
          -0.967808,
          -0.076631,
          0.239739,
          2.138473
        ],
        [
          0.01434,
          -0.967764,
          -0.251448,
          1.617919
        ],
        [
          0.0,
          0.0,
          0.0,
          1.0
        ]
      ]
    },
    {
      "file_path": "/media/NFS/ttao/scannet/posed_images/scene0591_00/00041.jpg",
      "transform_matrix": [
        [
          0.25024,
          -0.223378,
          0.942063,
          1.927004
        ],
        [
          -0.968046,
          -0.07416,
          0.239558,
          2.136889
        ],
        [
          0.016351,
          -0.971907,
          -0.234798,
          1.623381
        ],
        [
          0.0,
          0.0,
          0.0,
          1.0
        ]
      ]
    },
    {
      "file_path": "/media/NFS/ttao/scannet/posed_images/scene0591_00/00047.jpg",
      "transform_matrix": [
        [
          0.257642,
          -0.205595,
          0.944114,
          1.933932
        ],
        [
          -0.966088,
          -0.072138,
          0.24793,
          2.132682
        ],
        [
          0.017133,
          -0.975975,
          -0.217209,
          1.632461
        ],
        [
          0.0,
          0.0,
          0.0,
          1.0
        ]
      ]
    },
    {
      "file_path": "/media/NFS/ttao/scannet/posed_images/scene0591_00/00050.jpg",
      "transform_matrix": [
        [
          0.258522,
          -0.191529,
          0.946828,
          1.938887
        ],
        [
          -0.965844,
          -0.069176,
          0.249721,
          2.131025
        ],
        [
          0.017669,
          -0.979046,
          -0.202871,
          1.642256
        ],
        [
          0.0,
          0.0,
          0.0,
          1.0
        ]
      ]
    },
    {
      "file_path": "/media/NFS/ttao/scannet/posed_images/scene0591_00/00059.jpg",
      "transform_matrix": [
        [
          0.269783,
          -0.12759,
          0.954431,
          1.935759
        ],
        [
          -0.962732,
          -0.055362,
          0.264729,
          2.122013
        ],
        [
          0.019062,
          -0.990281,
          -0.137771,
          1.661672
        ],
        [
          0.0,
          0.0,
          0.0,
          1.0
        ]
      ]
    },
    {
      "file_path": "/media/NFS/ttao/scannet/posed_images/scene0591_00/00062.jpg",
      "transform_matrix": [
        [
          0.277777,
          -0.111359,
          0.954169,
          1.930513
        ],
        [
          -0.96049,
          -0.050089,
          0.273772,
          2.119502
        ],
        [
          0.017307,
          -0.992517,
          -0.120873,
          1.667591
        ],
        [
          0.0,
          0.0,
          0.0,
          1.0
        ]
      ]
    },
    {
      "file_path": "/media/NFS/ttao/scannet/posed_images/scene0591_00/00071.jpg",
      "transform_matrix": [
        [
          0.309532,
          -0.065739,
          0.948614,
          1.919673
        ],
        [
          -0.950752,
          -0.03831,
          0.307575,
          2.11349
        ],
        [
          0.016121,
          -0.997101,
          -0.07436,
          1.684956
        ],
        [
          0.0,
          0.0,
          0.0,
          1.0
        ]
      ]
    },
    {
      "file_path": "/media/NFS/ttao/scannet/posed_images/scene0591_00/00078.jpg",
      "transform_matrix": [
        [
          0.348328,
          -0.05727,
          0.935622,
          1.912221
        ],
        [
          -0.937239,
          -0.038174,
          0.346593,
          2.113012
        ],
        [
          0.015867,
          -0.997629,
          -0.066973,
          1.683452
        ],
        [
          0.0,
          0.0,
          0.0,
          1.0
        ]
      ]
    },
    {
      "file_path": "/media/NFS/ttao/scannet/posed_images/scene0591_00/00083.jpg",
      "transform_matrix": [
        [
          0.375038,
          -0.05749,
          0.925225,
          1.91328
        ],
        [
          -0.926964,
          -0.033178,
          0.373682,
          2.115003
        ],
        [
          0.009214,
          -0.997795,
          -0.065735,
          1.674969
        ],
        [
          0.0,
          0.0,
          0.0,
          1.0
        ]
      ]
    },
    {
      "file_path": "/media/NFS/ttao/scannet/posed_images/scene0591_00/00084.jpg",
      "transform_matrix": [
        [
          0.381485,
          -0.059435,
          0.922462,
          1.915236
        ],
        [
          -0.924346,
          -0.032445,
          0.380174,
          2.116571
        ],
        [
          0.007334,
          -0.997705,
          -0.067316,
          1.67488
        ],
        [
          0.0,
          0.0,
          0.0,
          1.0
        ]
      ]
    },
    {
      "file_path": "/media/NFS/ttao/scannet/posed_images/scene0591_00/00091.jpg",
      "transform_matrix": [
        [
          0.44202,
          -0.081418,
          0.893303,
          1.911692
        ],
        [
          -0.896927,
          -0.053266,
          0.438959,
          2.113518
        ],
        [
          0.011844,
          -0.995256,
          -0.096571,
          1.673061
        ],
        [
          0.0,
          0.0,
          0.0,
          1.0
        ]
      ]
    },
    {
      "file_path": "/media/NFS/ttao/scannet/posed_images/scene0591_00/00098.jpg",
      "transform_matrix": [
        [
          0.506759,
          -0.108999,
          0.855169,
          1.910823
        ],
        [
          -0.861974,
          -0.080203,
          0.500569,
          2.119868
        ],
        [
          0.014026,
          -0.990801,
          -0.134598,
          1.650107
        ],
        [
          0.0,
          0.0,
          0.0,
          1.0
        ]
      ]
    },
    {
      "file_path": "/media/NFS/ttao/scannet/posed_images/scene0591_00/00105.jpg",
      "transform_matrix": [
        [
          0.565066,
          -0.143185,
          0.812526,
          1.904517
        ],
        [
          -0.82491,
          -0.115893,
          0.553256,
          2.111449
        ],
        [
          0.014948,
          -0.982887,
          -0.183602,
          1.621112
        ],
        [
          0.0,
          0.0,
          0.0,
          1.0
        ]
      ]
    },
    {
      "file_path": "/media/NFS/ttao/scannet/posed_images/scene0591_00/00110.jpg",
      "transform_matrix": [
        [
          0.587988,
          -0.170419,
          0.790713,
          1.902083
        ],
        [
          -0.808697,
          -0.144051,
          0.570315,
          2.11171
        ],
        [
          0.016711,
          -0.974786,
          -0.222518,
          1.607871
        ],
        [
          0.0,
          0.0,
          0.0,
          1.0
        ]
      ]
    },
    {
      "file_path": "/media/NFS/ttao/scannet/posed_images/scene0591_00/00114.jpg",
      "transform_matrix": [
        [
          0.597562,
          -0.192355,
          0.778408,
          1.899816
        ],
        [
          -0.801583,
          -0.16706,
          0.57407,
          2.108384
        ],
        [
          0.019615,
          -0.967001,
          -0.254017,
          1.59008
        ],
        [
          0.0,
          0.0,
          0.0,
          1.0
        ]
      ]
    },
    {
      "file_path": "/media/NFS/ttao/scannet/posed_images/scene0591_00/00119.jpg",
      "transform_matrix": [
        [
          0.60397,
          -0.22703,
          0.763988,
          1.90402
        ],
        [
          -0.796662,
          -0.200191,
          0.57031,
          2.106146
        ],
        [
          0.023466,
          -0.95309,
          -0.301775,
          1.568254
        ],
        [
          0.0,
          0.0,
          0.0,
          1.0
        ]
      ]
    },
    {
      "file_path": "/media/NFS/ttao/scannet/posed_images/scene0591_00/00126.jpg",
      "transform_matrix": [
        [
          0.601549,
          -0.293983,
          0.742774,
          1.911557
        ],
        [
          -0.798773,
          -0.233026,
          0.554671,
          2.101597
        ],
        [
          0.010022,
          -0.92697,
          -0.375003,
          1.541009
        ],
        [
          0.0,
          0.0,
          0.0,
          1.0
        ]
      ]
    },
    {
      "file_path": "/media/NFS/ttao/scannet/posed_images/scene0591_00/00133.jpg",
      "transform_matrix": [
        [
          0.590465,
          -0.360017,
          0.722315,
          1.924689
        ],
        [
          -0.807001,
          -0.252287,
          0.533948,
          2.081712
        ],
        [
          -0.01,
          -0.898187,
          -0.439501,
          1.50704
        ],
        [
          0.0,
          0.0,
          0.0,
          1.0
        ]
      ]
    },
    {
      "file_path": "/media/NFS/ttao/scannet/posed_images/scene0591_00/00141.jpg",
      "transform_matrix": [
        [
          0.569829,
          -0.41228,
          0.710859,
          1.936342
        ],
        [
          -0.821744,
          -0.291747,
          0.48951,
          2.046616
        ],
        [
          0.005575,
          -0.863081,
          -0.505035,
          1.461231
        ],
        [
          0.0,
          0.0,
          0.0,
          1.0
        ]
      ]
    },
    {
      "file_path": "/media/NFS/ttao/scannet/posed_images/scene0591_00/00147.jpg",
      "transform_matrix": [
        [
          0.556566,
          -0.448274,
          0.699488,
          1.95022
        ],
        [
          -0.830254,
          -0.330711,
          0.448674,
          2.020281
        ],
        [
          0.030199,
          -0.83047,
          -0.556244,
          1.43613
        ],
        [
          0.0,
          0.0,
          0.0,
          1.0
        ]
      ]
    },
    {
      "file_path": "/media/NFS/ttao/scannet/posed_images/scene0591_00/00150.jpg",
      "transform_matrix": [
        [
          0.546718,
          -0.462939,
          0.697701,
          1.959447
        ],
        [
          -0.836915,
          -0.327948,
          0.438206,
          2.004744
        ],
        [
          0.025947,
          -0.823491,
          -0.566736,
          1.434543
        ],
        [
          0.0,
          0.0,
          0.0,
          1.0
        ]
      ]
    },
    {
      "file_path": "/media/NFS/ttao/scannet/posed_images/scene0591_00/00155.jpg",
      "transform_matrix": [
        [
          0.527875,
          -0.490403,
          0.693436,
          1.982706
        ],
        [
          -0.849003,
          -0.327076,
          0.414989,
          1.981599
        ],
        [
          0.023294,
          -0.807791,
          -0.589008,
          1.42678
        ],
        [
          0.0,
          0.0,
          0.0,
          1.0
        ]
      ]
    },
    {
      "file_path": "/media/NFS/ttao/scannet/posed_images/scene0591_00/00160.jpg",
      "transform_matrix": [
        [
          0.509917,
          -0.506064,
          0.695618,
          2.022478
        ],
        [
          -0.860211,
          -0.29562,
          0.415507,
          1.956535
        ],
        [
          -0.004635,
          -0.810252,
          -0.586063,
          1.432663
        ],
        [
          0.0,
          0.0,
          0.0,
          1.0
        ]
      ]
    },
    {
      "file_path": "/media/NFS/ttao/scannet/posed_images/scene0591_00/00167.jpg",
      "transform_matrix": [
        [
          0.508101,
          -0.505531,
          0.697332,
          2.108468
        ],
        [
          -0.861294,
          -0.295981,
          0.412998,
          1.908491
        ],
        [
          -0.002387,
          -0.810453,
          -0.585799,
          1.435239
        ],
        [
          0.0,
          0.0,
          0.0,
          1.0
        ]
      ]
    },
    {
      "file_path": "/media/NFS/ttao/scannet/posed_images/scene0591_00/00172.jpg",
      "transform_matrix": [
        [
          0.515478,
          -0.481231,
          0.709014,
          2.181157
        ],
        [
          -0.856848,
          -0.298883,
          0.420096,
          1.864066
        ],
        [
          0.009749,
          -0.824067,
          -0.566409,
          1.434177
        ],
        [
          0.0,
          0.0,
          0.0,
          1.0
        ]
      ]
    },
    {
      "file_path": "/media/NFS/ttao/scannet/posed_images/scene0591_00/00181.jpg",
      "transform_matrix": [
        [
          0.519759,
          -0.468375,
          0.714476,
          2.294956
        ],
        [
          -0.854297,
          -0.290139,
          0.431274,
          1.793326
        ],
        [
          0.005299,
          -0.834532,
          -0.550934,
          1.447381
        ],
        [
          0.0,
          0.0,
          0.0,
          1.0
        ]
      ]
    },
    {
      "file_path": "/media/NFS/ttao/scannet/posed_images/scene0591_00/00186.jpg",
      "transform_matrix": [
        [
          0.521914,
          -0.485626,
          0.701265,
          2.367413
        ],
        [
          -0.852944,
          -0.28783,
          0.435478,
          1.738828
        ],
        [
          -0.009634,
          -0.825422,
          -0.564434,
          1.453434
        ],
        [
          0.0,
          0.0,
          0.0,
          1.0
        ]
      ]
    },
    {
      "file_path": "/media/NFS/ttao/scannet/posed_images/scene0591_00/00190.jpg",
      "transform_matrix": [
        [
          0.533463,
          -0.480331,
          0.696204,
          2.413169
        ],
        [
          -0.845813,
          -0.298718,
          0.442005,
          1.701149
        ],
        [
          -0.00434,
          -0.824652,
          -0.565625,
          1.456161
        ],
        [
          0.0,
          0.0,
          0.0,
          1.0
        ]
      ]
    },
    {
      "file_path": "/media/NFS/ttao/scannet/posed_images/scene0591_00/00198.jpg",
      "transform_matrix": [
        [
          0.580076,
          -0.43453,
          0.688982,
          2.500043
        ],
        [
          -0.814562,
          -0.310219,
          0.490156,
          1.61663
        ],
        [
          0.000747,
          -0.845546,
          -0.533902,
          1.467409
        ],
        [
          0.0,
          0.0,
          0.0,
          1.0
        ]
      ]
    },
    {
      "file_path": "/media/NFS/ttao/scannet/posed_images/scene0591_00/00202.jpg",
      "transform_matrix": [
        [
          0.605214,
          -0.426038,
          0.672464,
          2.533176
        ],
        [
          -0.79606,
          -0.321488,
          0.512771,
          1.597428
        ],
        [
          -0.002271,
          -0.845658,
          -0.533721,
          1.476371
        ],
        [
          0.0,
          0.0,
          0.0,
          1.0
        ]
      ]
    },
    {
      "file_path": "/media/NFS/ttao/scannet/posed_images/scene0591_00/00207.jpg",
      "transform_matrix": [
        [
          0.620192,
          -0.422442,
          0.660988,
          2.582687
        ],
        [
          -0.78436,
          -0.321194,
          0.530673,
          1.582288
        ],
        [
          -0.011874,
          -0.847572,
          -0.530548,
          1.478418
        ],
        [
          0.0,
          0.0,
          0.0,
          1.0
        ]
      ]
    },
    {
      "file_path": "/media/NFS/ttao/scannet/posed_images/scene0591_00/00216.jpg",
      "transform_matrix": [
        [
          0.587544,
          -0.450162,
          0.672418,
          2.70459
        ],
        [
          -0.808681,
          -0.297122,
          0.507694,
          1.586065
        ],
        [
          -0.028754,
          -0.842065,
          -0.53861,
          1.477553
        ],
        [
          0.0,
          0.0,
          0.0,
          1.0
        ]
      ]
    },
    {
      "file_path": "/media/NFS/ttao/scannet/posed_images/scene0591_00/00221.jpg",
      "transform_matrix": [
        [
          0.548189,
          -0.452197,
          0.703568,
          2.783315
        ],
        [
          -0.836083,
          -0.274844,
          0.474791,
          1.612849
        ],
        [
          -0.021327,
          -0.848516,
          -0.52874,
          1.491154
        ],
        [
          0.0,
          0.0,
          0.0,
          1.0
        ]
      ]
    },
    {
      "file_path": "/media/NFS/ttao/scannet/posed_images/scene0591_00/00222.jpg",
      "transform_matrix": [
        [
          0.540619,
          -0.452967,
          0.708909,
          2.799798
        ],
        [
          -0.840906,
          -0.266252,
          0.471156,
          1.619031
        ],
        [
          -0.02467,
          -0.850841,
          -0.524844,
          1.493239
        ],
        [
          0.0,
          0.0,
          0.0,
          1.0
        ]
      ]
    },
    {
      "file_path": "/media/NFS/ttao/scannet/posed_images/scene0591_00/00233.jpg",
      "transform_matrix": [
        [
          0.490105,
          -0.452238,
          0.74517,
          2.973672
        ],
        [
          -0.871312,
          -0.229905,
          0.433543,
          1.699094
        ],
        [
          -0.024746,
          -0.861757,
          -0.506718,
          1.513819
        ],
        [
          0.0,
          0.0,
          0.0,
          1.0
        ]
      ]
    },
    {
      "file_path": "/media/NFS/ttao/scannet/posed_images/scene0591_00/00234.jpg",
      "transform_matrix": [
        [
          0.488328,
          -0.454024,
          0.745251,
          2.986494
        ],
        [
          -0.872223,
          -0.226913,
          0.433286,
          1.704254
        ],
        [
          -0.027616,
          -0.861611,
          -0.506818,
          1.514634
        ],
        [
          0.0,
          0.0,
          0.0,
          1.0
        ]
      ]
    },
    {
      "file_path": "/media/NFS/ttao/scannet/posed_images/scene0591_00/00240.jpg",
      "transform_matrix": [
        [
          0.500691,
          -0.444378,
          0.742858,
          3.057709
        ],
        [
          -0.865004,
          -0.224325,
          0.448827,
          1.746
        ],
        [
          -0.032807,
          -0.867298,
          -0.496706,
          1.520411
        ],
        [
          0.0,
          0.0,
          0.0,
          1.0
        ]
      ]
    },
    {
      "file_path": "/media/NFS/ttao/scannet/posed_images/scene0591_00/00250.jpg",
      "transform_matrix": [
        [
          0.58351,
          -0.410137,
          0.70093,
          3.19719
        ],
        [
          -0.811064,
          -0.250603,
          0.528558,
          1.781525
        ],
        [
          -0.041127,
          -0.876918,
          -0.478877,
          1.522633
        ],
        [
          0.0,
          0.0,
          0.0,
          1.0
        ]
      ]
    },
    {
      "file_path": "/media/NFS/ttao/scannet/posed_images/scene0591_00/00252.jpg",
      "transform_matrix": [
        [
          0.595903,
          -0.402072,
          0.695153,
          3.234135
        ],
        [
          -0.802644,
          -0.27047,
          0.531609,
          1.782152
        ],
        [
          -0.025727,
          -0.874748,
          -0.483895,
          1.521839
        ],
        [
          0.0,
          0.0,
          0.0,
          1.0
        ]
      ]
    },
    {
      "file_path": "/media/NFS/ttao/scannet/posed_images/scene0591_00/00260.jpg",
      "transform_matrix": [
        [
          0.666548,
          -0.364013,
          0.650544,
          3.374593
        ],
        [
          -0.745418,
          -0.315933,
          0.586975,
          1.792832
        ],
        [
          -0.008138,
          -0.876174,
          -0.481926,
          1.528589
        ],
        [
          0.0,
          0.0,
          0.0,
          1.0
        ]
      ]
    },
    {
      "file_path": "/media/NFS/ttao/scannet/posed_images/scene0591_00/00265.jpg",
      "transform_matrix": [
        [
          0.699159,
          -0.343768,
          0.626897,
          3.434718
        ],
        [
          -0.714966,
          -0.335898,
          0.613185,
          1.809957
        ],
        [
          -0.00022,
          -0.876924,
          -0.480629,
          1.536039
        ],
        [
          0.0,
          0.0,
          0.0,
          1.0
        ]
      ]
    },
    {
      "file_path": "/media/NFS/ttao/scannet/posed_images/scene0591_00/00272.jpg",
      "transform_matrix": [
        [
          0.748521,
          -0.317297,
          0.582271,
          3.521459
        ],
        [
          -0.663106,
          -0.354607,
          0.6592,
          1.823485
        ],
        [
          -0.002685,
          -0.879532,
          -0.475832,
          1.55166
        ],
        [
          0.0,
          0.0,
          0.0,
          1.0
        ]
      ]
    },
    {
      "file_path": "/media/NFS/ttao/scannet/posed_images/scene0591_00/00278.jpg",
      "transform_matrix": [
        [
          0.793731,
          -0.261048,
          0.549404,
          3.582872
        ],
        [
          -0.607973,
          -0.368645,
          0.703186,
          1.854602
        ],
        [
          0.018969,
          -0.892163,
          -0.451315,
          1.548815
        ],
        [
          0.0,
          0.0,
          0.0,
          1.0
        ]
      ]
    },
    {
      "file_path": "/media/NFS/ttao/scannet/posed_images/scene0591_00/00284.jpg",
      "transform_matrix": [
        [
          0.836396,
          -0.207693,
          0.507253,
          3.651284
        ],
        [
          -0.546273,
          -0.391874,
          0.740284,
          1.900885
        ],
        [
          0.045027,
          -0.896269,
          -0.441219,
          1.547498
        ],
        [
          0.0,
          0.0,
          0.0,
          1.0
        ]
      ]
    },
    {
      "file_path": "/media/NFS/ttao/scannet/posed_images/scene0591_00/00290.jpg",
      "transform_matrix": [
        [
          0.872689,
          -0.15476,
          0.463103,
          3.701183
        ],
        [
          -0.48392,
          -0.400562,
          0.778057,
          1.94101
        ],
        [
          0.065089,
          -0.903106,
          -0.424457,
          1.541194
        ],
        [
          0.0,
          0.0,
          0.0,
          1.0
        ]
      ]
    },
    {
      "file_path": "/media/NFS/ttao/scannet/posed_images/scene0591_00/00295.jpg",
      "transform_matrix": [
        [
          0.916398,
          -0.108374,
          0.385319,
          3.712464
        ],
        [
          -0.394868,
          -0.402377,
          0.825937,
          1.973708
        ],
        [
          0.065533,
          -0.909037,
          -0.41153,
          1.536769
        ],
        [
          0.0,
          0.0,
          0.0,
          1.0
        ]
      ]
    },
    {
      "file_path": "/media/NFS/ttao/scannet/posed_images/scene0591_00/00298.jpg",
      "transform_matrix": [
        [
          0.939637,
          -0.089893,
          0.330155,
          3.721079
        ],
        [
          -0.337978,
          -0.394466,
          0.854498,
          1.986412
        ],
        [
          0.053421,
          -0.914503,
          -0.401037,
          1.530094
        ],
        [
          0.0,
          0.0,
          0.0,
          1.0
        ]
      ]
    },
    {
      "file_path": "/media/NFS/ttao/scannet/posed_images/scene0591_00/00305.jpg",
      "transform_matrix": [
        [
          0.979904,
          -0.06176,
          0.189668,
          3.760506
        ],
        [
          -0.198371,
          -0.401411,
          0.894158,
          1.999692
        ],
        [
          0.020911,
          -0.913814,
          -0.405596,
          1.511974
        ],
        [
          0.0,
          0.0,
          0.0,
          1.0
        ]
      ]
    },
    {
      "file_path": "/media/NFS/ttao/scannet/posed_images/scene0591_00/00314.jpg",
      "transform_matrix": [
        [
          0.999888,
          0.014185,
          0.004865,
          3.829939
        ],
        [
          0.00114,
          -0.395357,
          0.918527,
          2.003627
        ],
        [
          0.014953,
          -0.918418,
          -0.395329,
          1.502852
        ],
        [
          0.0,
          0.0,
          0.0,
          1.0
        ]
      ]
    },
    {
      "file_path": "/media/NFS/ttao/scannet/posed_images/scene0591_00/00315.jpg",
      "transform_matrix": [
        [
          0.999674,
          0.022322,
          -0.012439,
          3.842426
        ],
        [
          0.020247,
          -0.394932,
          0.918487,
          2.004447
        ],
        [
          0.01559,
          -0.918439,
          -0.395255,
          1.500827
        ],
        [
          0.0,
          0.0,
          0.0,
          1.0
        ]
      ]
    },
    {
      "file_path": "/media/NFS/ttao/scannet/posed_images/scene0591_00/00321.jpg",
      "transform_matrix": [
        [
          0.994608,
          0.057077,
          -0.086589,
          3.889581
        ],
        [
          0.101798,
          -0.377772,
          0.920286,
          2.005532
        ],
        [
          0.019817,
          -0.924138,
          -0.381545,
          1.487066
        ],
        [
          0.0,
          0.0,
          0.0,
          1.0
        ]
      ]
    },
    {
      "file_path": "/media/NFS/ttao/scannet/posed_images/scene0591_00/00326.jpg",
      "transform_matrix": [
        [
          0.988773,
          0.091232,
          -0.118343,
          3.92215
        ],
        [
          0.144784,
          -0.389062,
          0.909763,
          2.018413
        ],
        [
          0.036957,
          -0.916683,
          -0.397903,
          1.475148
        ],
        [
          0.0,
          0.0,
          0.0,
          1.0
        ]
      ]
    },
    {
      "file_path": "/media/NFS/ttao/scannet/posed_images/scene0591_00/00334.jpg",
      "transform_matrix": [
        [
          0.983354,
          0.085237,
          -0.160469,
          3.980453
        ],
        [
          0.180828,
          -0.372535,
          0.91023,
          2.053445
        ],
        [
          0.017805,
          -0.924096,
          -0.381747,
          1.4702
        ],
        [
          0.0,
          0.0,
          0.0,
          1.0
        ]
      ]
    },
    {
      "file_path": "/media/NFS/ttao/scannet/posed_images/scene0591_00/00338.jpg",
      "transform_matrix": [
        [
          0.981516,
          0.080099,
          -0.17381,
          4.021797
        ],
        [
          0.191082,
          -0.359636,
          0.913318,
          2.078005
        ],
        [
          0.010647,
          -0.929649,
          -0.368294,
          1.462868
        ],
        [
          0.0,
          0.0,
          0.0,
          1.0
        ]
      ]
    },
    {
      "file_path": "/media/NFS/ttao/scannet/posed_images/scene0591_00/00348.jpg",
      "transform_matrix": [
        [
          0.983544,
          0.090472,
          -0.156387,
          4.142627
        ],
        [
          0.179236,
          -0.37973,
          0.907568,
          2.150351
        ],
        [
          0.022724,
          -0.920663,
          -0.389697,
          1.438211
        ],
        [
          0.0,
          0.0,
          0.0,
          1.0
        ]
      ]
    },
    {
      "file_path": "/media/NFS/ttao/scannet/posed_images/scene0591_00/00350.jpg",
      "transform_matrix": [
        [
          0.984239,
          0.085532,
          -0.154784,
          4.170719
        ],
        [
          0.175875,
          -0.381941,
          0.907298,
          2.162182
        ],
        [
          0.018485,
          -0.920221,
          -0.390964,
          1.437877
        ],
        [
          0.0,
          0.0,
          0.0,
          1.0
        ]
      ]
    },
    {
      "file_path": "/media/NFS/ttao/scannet/posed_images/scene0591_00/00359.jpg",
      "transform_matrix": [
        [
          0.985561,
          0.048555,
          -0.16221,
          4.293215
        ],
        [
          0.167993,
          -0.400202,
          0.900898,
          2.198503
        ],
        [
          -0.021174,
          -0.91514,
          -0.40258,
          1.41948
        ],
        [
          0.0,
          0.0,
          0.0,
          1.0
        ]
      ]
    },
    {
      "file_path": "/media/NFS/ttao/scannet/posed_images/scene0591_00/00360.jpg",
      "transform_matrix": [
        [
          0.984616,
          0.050009,
          -0.167426,
          4.308249
        ],
        [
          0.173299,
          -0.402102,
          0.899045,
          2.205161
        ],
        [
          -0.022362,
          -0.914228,
          -0.404583,
          1.420271
        ],
        [
          0.0,
          0.0,
          0.0,
          1.0
        ]
      ]
    },
    {
      "file_path": "/media/NFS/ttao/scannet/posed_images/scene0591_00/00369.jpg",
      "transform_matrix": [
        [
          0.968262,
          0.079645,
          -0.23691,
          4.426212
        ],
        [
          0.248404,
          -0.411558,
          0.876878,
          2.226069
        ],
        [
          -0.027663,
          -0.907897,
          -0.41828,
          1.395243
        ],
        [
          0.0,
          0.0,
          0.0,
          1.0
        ]
      ]
    },
    {
      "file_path": "/media/NFS/ttao/scannet/posed_images/scene0591_00/00376.jpg",
      "transform_matrix": [
        [
          0.961572,
          0.089082,
          -0.259699,
          4.509979
        ],
        [
          0.271864,
          -0.441009,
          0.855337,
          2.245228
        ],
        [
          -0.038334,
          -0.893071,
          -0.44828,
          1.378919
        ],
        [
          0.0,
          0.0,
          0.0,
          1.0
        ]
      ]
    },
    {
      "file_path": "/media/NFS/ttao/scannet/posed_images/scene0591_00/00381.jpg",
      "transform_matrix": [
        [
          0.967459,
          0.060841,
          -0.245605,
          4.558506
        ],
        [
          0.246598,
          -0.444151,
          0.861348,
          2.262385
        ],
        [
          -0.056681,
          -0.893884,
          -0.444701,
          1.393745
        ],
        [
          0.0,
          0.0,
          0.0,
          1.0
        ]
      ]
    },
    {
      "file_path": "/media/NFS/ttao/scannet/posed_images/scene0591_00/00386.jpg",
      "transform_matrix": [
        [
          0.975331,
          0.03821,
          -0.217415,
          4.602972
        ],
        [
          0.211884,
          -0.438335,
          0.873481,
          2.276196
        ],
        [
          -0.061925,
          -0.897999,
          -0.435617,
          1.403561
        ],
        [
          0.0,
          0.0,
          0.0,
          1.0
        ]
      ]
    },
    {
      "file_path": "/media/NFS/ttao/scannet/posed_images/scene0591_00/00393.jpg",
      "transform_matrix": [
        [
          0.984679,
          0.021939,
          -0.172992,
          4.656459
        ],
        [
          0.165201,
          -0.434959,
          0.885167,
          2.292754
        ],
        [
          -0.055825,
          -0.900183,
          -0.431919,
          1.415507
        ],
        [
          0.0,
          0.0,
          0.0,
          1.0
        ]
      ]
    },
    {
      "file_path": "/media/NFS/ttao/scannet/posed_images/scene0591_00/00398.jpg",
      "transform_matrix": [
        [
          0.989131,
          0.018258,
          -0.145898,
          4.671772
        ],
        [
          0.139382,
          -0.432398,
          0.890845,
          2.304885
        ],
        [
          -0.046821,
          -0.901498,
          -0.430243,
          1.433209
        ],
        [
          0.0,
          0.0,
          0.0,
          1.0
        ]
      ]
    },
    {
      "file_path": "/media/NFS/ttao/scannet/posed_images/scene0591_00/00402.jpg",
      "transform_matrix": [
        [
          0.990497,
          0.017882,
          -0.136371,
          4.669512
        ],
        [
          0.131464,
          -0.414501,
          0.900504,
          2.309953
        ],
        [
          -0.040423,
          -0.909873,
          -0.412912,
          1.447574
        ],
        [
          0.0,
          0.0,
          0.0,
          1.0
        ]
      ]
    },
    {
      "file_path": "/media/NFS/ttao/scannet/posed_images/scene0591_00/00410.jpg",
      "transform_matrix": [
        [
          0.987595,
          0.028483,
          -0.15442,
          4.665429
        ],
        [
          0.154197,
          -0.361707,
          0.919452,
          2.316477
        ],
        [
          -0.029666,
          -0.931857,
          -0.361612,
          1.476593
        ],
        [
          0.0,
          0.0,
          0.0,
          1.0
        ]
      ]
    },
    {
      "file_path": "/media/NFS/ttao/scannet/posed_images/scene0591_00/00415.jpg",
      "transform_matrix": [
        [
          0.984389,
          0.042122,
          -0.170894,
          4.649764
        ],
        [
          0.174786,
          -0.348217,
          0.920975,
          2.317302
        ],
        [
          -0.020715,
          -0.936467,
          -0.350143,
          1.494608
        ],
        [
          0.0,
          0.0,
          0.0,
          1.0
        ]
      ]
    },
    {
      "file_path": "/media/NFS/ttao/scannet/posed_images/scene0591_00/00419.jpg",
      "transform_matrix": [
        [
          0.980941,
          0.047468,
          -0.18842,
          4.635738
        ],
        [
          0.193299,
          -0.337045,
          0.921432,
          2.315818
        ],
        [
          -0.019767,
          -0.940291,
          -0.339797,
          1.506253
        ],
        [
          0.0,
          0.0,
          0.0,
          1.0
        ]
      ]
    },
    {
      "file_path": "/media/NFS/ttao/scannet/posed_images/scene0591_00/00428.jpg",
      "transform_matrix": [
        [
          0.958107,
          0.086461,
          -0.273049,
          4.581159
        ],
        [
          0.286291,
          -0.31662,
          0.904317,
          2.304821
        ],
        [
          -0.008265,
          -0.944604,
          -0.328109,
          1.533124
        ],
        [
          0.0,
          0.0,
          0.0,
          1.0
        ]
      ]
    },
    {
      "file_path": "/media/NFS/ttao/scannet/posed_images/scene0591_00/00429.jpg",
      "transform_matrix": [
        [
          0.954084,
          0.088847,
          -0.286059,
          4.577071
        ],
        [
          0.299401,
          -0.31187,
          0.901719,
          2.302596
        ],
        [
          -0.009098,
          -0.945962,
          -0.324151,
          1.536592
        ],
        [
          0.0,
          0.0,
          0.0,
          1.0
        ]
      ]
    },
    {
      "file_path": "/media/NFS/ttao/scannet/posed_images/scene0591_00/00440.jpg",
      "transform_matrix": [
        [
          0.898655,
          0.143592,
          -0.41449,
          4.51481
        ],
        [
          0.438576,
          -0.275893,
          0.855298,
          2.275001
        ],
        [
          0.008459,
          -0.950402,
          -0.310909,
          1.543514
        ],
        [
          0.0,
          0.0,
          0.0,
          1.0
        ]
      ]
    },
    {
      "file_path": "/media/NFS/ttao/scannet/posed_images/scene0591_00/00443.jpg",
      "transform_matrix": [
        [
          0.881194,
          0.155925,
          -0.446302,
          4.493561
        ],
        [
          0.472619,
          -0.267886,
          0.839564,
          2.266026
        ],
        [
          0.011351,
          -0.950749,
          -0.309753,
          1.541802
