{
  "frames": [
    {
      "file_path": "/media/NFS/ttao/scannet/posed_images/scene0183_00/00000.jpg",
      "transform_matrix": [
        [
          -0.799511,
          0.533863,
          -0.275266,
          2.031323
        ],
        [
          0.600541,
          0.71925,
          -0.349328,
          2.312379
        ],
        [
          0.011492,
          -0.4446,
          -0.895656,
          1.200993
        ],
        [
          0.0,
          0.0,
          0.0,
          1.0
        ]
      ]
    },
    {
      "file_path": "/media/NFS/ttao/scannet/posed_images/scene0183_00/00001.jpg",
      "transform_matrix": [
        [
          -0.794986,
          0.540559,
          -0.275306,
          2.031011
        ],
        [
          0.606553,
          0.715482,
          -0.346669,
          2.313572
        ],
        [
          0.009582,
          -0.442584,
          -0.896676,
          1.199732
        ],
        [
          0.0,
          0.0,
          0.0,
          1.0
        ]
      ]
    },
    {
      "file_path": "/media/NFS/ttao/scannet/posed_images/scene0183_00/00002.jpg",
      "transform_matrix": [
        [
          -0.794148,
          0.542055,
          -0.274783,
          2.029685
        ],
        [
          0.607642,
          0.715697,
          -0.34431,
          2.312871
        ],
        [
          0.010026,
          -0.440403,
          -0.897744,
          1.199782
        ],
        [
          0.0,
          0.0,
          0.0,
          1.0
        ]
      ]
    },
    {
      "file_path": "/media/NFS/ttao/scannet/posed_images/scene0183_00/00003.jpg",
      "transform_matrix": [
        [
          -0.792558,
          0.542991,
          -0.277512,
          2.028831
        ],
        [
          0.609667,
          0.714954,
          -0.342268,
          2.312793
        ],
        [
          0.01256,
          -0.440457,
          -0.897686,
          1.199579
        ],
        [
          0.0,
          0.0,
          0.0,
          1.0
        ]
      ]
    },
    {
      "file_path": "/media/NFS/ttao/scannet/posed_images/scene0183_00/00004.jpg",
      "transform_matrix": [
        [
          -0.789274,
          0.545355,
          -0.282196,
          2.029754
        ],
        [
          0.613822,
          0.713018,
          -0.338862,
          2.312013
        ],
        [
          0.016411,
          -0.440674,
          -0.897518,
          1.198812
        ],
        [
          0.0,
          0.0,
          0.0,
          1.0
        ]
      ]
    },
    {
      "file_path": "/media/NFS/ttao/scannet/posed_images/scene0183_00/00005.jpg",
      "transform_matrix": [
        [
          -0.786781,
          0.547914,
          -0.284193,
          2.030088
        ],
        [
          0.616946,
          0.712129,
          -0.335039,
          2.310072
        ],
        [
          0.01881,
          -0.438934,
          -0.898323,
          1.198888
        ],
        [
          0.0,
          0.0,
          0.0,
          1.0
        ]
      ]
    },
    {
      "file_path": "/media/NFS/ttao/scannet/posed_images/scene0183_00/00006.jpg",
      "transform_matrix": [
        [
          -0.784535,
          0.550102,
          -0.28617,
          2.029969
        ],
        [
          0.619742,
          0.710953,
          -0.332363,
          2.308131
        ],
        [
          0.02062,
          -0.438102,
          -0.898689,
          1.199293
        ],
        [
          0.0,
          0.0,
          0.0,
          1.0
        ]
      ]
    },
    {
      "file_path": "/media/NFS/ttao/scannet/posed_images/scene0183_00/00007.jpg",
      "transform_matrix": [
        [
          -0.78172,
          0.552681,
          -0.288891,
          2.031421
        ],
        [
          0.623246,
          0.708606,
          -0.330819,
          2.306798
        ],
        [
          0.021873,
          -0.438658,
          -0.898388,
          1.199298
        ],
        [
          0.0,
          0.0,
          0.0,
          1.0
        ]
      ]
    },
    {
      "file_path": "/media/NFS/ttao/scannet/posed_images/scene0183_00/00008.jpg",
      "transform_matrix": [
        [
          -0.777271,
          0.557713,
          -0.291214,
          2.033605
        ],
        [
          0.628771,
          0.704969,
          -0.328125,
          2.305616
        ],
        [
          0.022298,
          -0.438149,
          -0.898626,
          1.198895
        ],
        [
          0.0,
          0.0,
          0.0,
          1.0
        ]
      ]
    },
    {
      "file_path": "/media/NFS/ttao/scannet/posed_images/scene0183_00/00009.jpg",
      "transform_matrix": [
        [
          -0.773021,
          0.563749,
          -0.290906,
          2.034953
        ],
        [
          0.633995,
          0.702534,
          -0.323259,
          2.302037
        ],
        [
          0.022134,
          -0.434318,
          -0.900488,
          1.199248
        ],
        [
          0.0,
          0.0,
          0.0,
          1.0
        ]
      ]
    },
    {
      "file_path": "/media/NFS/ttao/scannet/posed_images/scene0183_00/00010.jpg",
      "transform_matrix": [
        [
          -0.76855,
          0.569183,
          -0.292166,
          2.036454
        ],
        [
          0.639357,
          0.700072,
          -0.317998,
          2.296782
        ],
        [
          0.023539,
          -0.431196,
          -0.901952,
          1.200298
        ],
        [
          0.0,
          0.0,
          0.0,
          1.0
        ]
      ]
    },
    {
      "file_path": "/media/NFS/ttao/scannet/posed_images/scene0183_00/00011.jpg",
      "transform_matrix": [
        [
          -0.76479,
          0.573065,
          -0.294435,
          2.04002
        ],
        [
          0.643818,
          0.697058,
          -0.315608,
          2.293643
        ],
        [
          0.024375,
          -0.430937,
          -0.902053,
          1.200485
        ],
        [
          0.0,
          0.0,
          0.0,
          1.0
        ]
      ]
    },
    {
      "file_path": "/media/NFS/ttao/scannet/posed_images/scene0183_00/00012.jpg",
      "transform_matrix": [
        [
          -0.760799,
          0.578082,
          -0.29497,
          2.044227
        ],
        [
          0.648537,
          0.694153,
          -0.312333,
          2.290595
        ],
        [
          0.0242,
          -0.428921,
          -0.903018,
          1.20054
        ],
        [
          0.0,
          0.0,
          0.0,
          1.0
        ]
      ]
    },
    {
      "file_path": "/media/NFS/ttao/scannet/posed_images/scene0183_00/00013.jpg",
      "transform_matrix": [
        [
          -0.756267,
          0.584487,
          -0.293998,
          2.051471
        ],
        [
          0.653755,
          0.692802,
          -0.304352,
          2.282459
        ],
        [
          0.025792,
          -0.422374,
          -0.906055,
          1.201413
        ],
        [
          0.0,
          0.0,
          0.0,
          1.0
        ]
      ]
    },
    {
      "file_path": "/media/NFS/ttao/scannet/posed_images/scene0183_00/00014.jpg",
      "transform_matrix": [
        [
          -0.755089,
          0.586169,
          -0.293678,
          2.056384
        ],
        [
          0.655056,
          0.693124,
          -0.300801,
          2.277873
        ],
        [
          0.027235,
          -0.419507,
          -0.907344,
          1.201689
        ],
        [
          0.0,
          0.0,
          0.0,
          1.0
        ]
      ]
    },
    {
      "file_path": "/media/NFS/ttao/scannet/posed_images/scene0183_00/00015.jpg",
      "transform_matrix": [
        [
          -0.754068,
          0.588368,
          -0.291899,
          2.061667
        ],
        [
          0.656199,
          0.693841,
          -0.296627,
          2.272425
        ],
        [
          0.028006,
          -0.415221,
          -0.909289,
          1.202433
        ],
        [
          0.0,
          0.0,
          0.0,
          1.0
        ]
      ]
    },
    {
      "file_path": "/media/NFS/ttao/scannet/posed_images/scene0183_00/00016.jpg",
      "transform_matrix": [
        [
          -0.754506,
          0.58922,
          -0.289035,
          2.065696
        ],
        [
          0.655665,
          0.696016,
          -0.292687,
          2.266905
        ],
        [
          0.028716,
          -0.410344,
          -0.911479,
          1.20342
        ],
        [
          0.0,
          0.0,
          0.0,
          1.0
        ]
      ]
    },
    {
      "file_path": "/media/NFS/ttao/scannet/posed_images/scene0183_00/00017.jpg",
      "transform_matrix": [
        [
          -0.754397,
          0.590308,
          -0.287091,
          2.068957
        ],
        [
          0.655746,
          0.697522,
          -0.288897,
          2.260077
        ],
        [
          0.029714,
          -0.406202,
          -0.9133,
          1.205485
        ],
        [
          0.0,
          0.0,
          0.0,
          1.0
        ]
      ]
    },
    {
      "file_path": "/media/NFS/ttao/scannet/posed_images/scene0183_00/00018.jpg",
      "transform_matrix": [
        [
          -0.753124,
          0.591909,
          -0.287139,
          2.076594
        ],
        [
          0.657167,
          0.697166,
          -0.286515,
          2.246565
        ],
        [
          0.030593,
          -0.40448,
          -0.914035,
          1.209995
        ],
        [
          0.0,
          0.0,
          0.0,
          1.0
        ]
      ]
    },
    {
      "file_path": "/media/NFS/ttao/scannet/posed_images/scene0183_00/00019.jpg",
      "transform_matrix": [
        [
          -0.751938,
          0.593418,
          -0.287131,
          2.080177
        ],
        [
          0.658548,
          0.696031,
          -0.286105,
          2.240416
        ],
        [
          0.030072,
          -0.404222,
          -0.914166,
          1.212237
        ],
        [
          0.0,
          0.0,
          0.0,
          1.0
        ]
      ]
    },
    {
      "file_path": "/media/NFS/ttao/scannet/posed_images/scene0183_00/00020.jpg",
      "transform_matrix": [
        [
          -0.748627,
          0.597794,
          -0.286706,
          2.082605
        ],
        [
          0.662375,
          0.693022,
          -0.284569,
          2.233793
        ],
        [
          0.02858,
          -0.402943,
          -0.914779,
          1.215155
        ],
        [
          0.0,
          0.0,
          0.0,
          1.0
        ]
      ]
    },
    {
      "file_path": "/media/NFS/ttao/scannet/posed_images/scene0183_00/00021.jpg",
      "transform_matrix": [
        [
          -0.74874,
          0.598023,
          -0.285931,
          2.08336
        ],
        [
          0.662254,
          0.69338,
          -0.283978,
          2.226753
        ],
        [
          0.028434,
          -0.401985,
          -0.915205,
          1.218378
        ],
        [
          0.0,
          0.0,
          0.0,
          1.0
        ]
      ]
    },
    {
      "file_path": "/media/NFS/ttao/scannet/posed_images/scene0183_00/00022.jpg",
      "transform_matrix": [
        [
          -0.74698,
          0.598991,
          -0.288497,
          2.085586
        ],
        [
          0.664161,
          0.692001,
          -0.282888,
          2.21933
        ],
        [
          0.030193,
          -0.40292,
          -0.914737,
          1.221353
        ],
        [
          0.0,
          0.0,
          0.0,
          1.0
        ]
      ]
    },
    {
      "file_path": "/media/NFS/ttao/scannet/posed_images/scene0183_00/00023.jpg",
      "transform_matrix": [
        [
          -0.745773,
          0.6,
          -0.289521,
          2.086232
        ],
        [
          0.665476,
          0.691188,
          -0.281782,
          2.212202
        ],
        [
          0.031045,
          -0.402815,
          -0.914755,
          1.225039
        ],
        [
          0.0,
          0.0,
          0.0,
          1.0
        ]
      ]
    },
    {
      "file_path": "/media/NFS/ttao/scannet/posed_images/scene0183_00/00024.jpg",
      "transform_matrix": [
        [
          -0.744149,
          0.601921,
          -0.289714,
          2.086024
        ],
        [
          0.667337,
          0.689373,
          -0.281829,
          2.204116
        ],
        [
          0.030082,
          -0.403059,
          -0.91468,
          1.229614
        ],
        [
          0.0,
          0.0,
          0.0,
          1.0
        ]
      ]
    },
    {
      "file_path": "/media/NFS/ttao/scannet/posed_images/scene0183_00/00025.jpg",
      "transform_matrix": [
        [
          -0.743882,
          0.601339,
          -0.2916,
          2.085563
        ],
        [
          0.667679,
          0.687681,
          -0.285132,
          2.195712
        ],
        [
          0.029067,
          -0.4068,
          -0.913055,
          1.234593
        ],
        [
          0.0,
          0.0,
          0.0,
          1.0
        ]
      ]
    },
    {
      "file_path": "/media/NFS/ttao/scannet/posed_images/scene0183_00/00026.jpg",
      "transform_matrix": [
        [
          -0.743195,
          0.599828,
          -0.296424,
          2.085852
        ],
        [
          0.668384,
          0.685713,
          -0.288201,
          2.189445
        ],
        [
          0.030391,
          -0.412315,
          -0.910534,
          1.238716
        ],
        [
          0.0,
          0.0,
          0.0,
          1.0
        ]
      ]
    },
    {
      "file_path": "/media/NFS/ttao/scannet/posed_images/scene0183_00/00027.jpg",
      "transform_matrix": [
        [
          -0.739405,
          0.602419,
          -0.300619,
          2.085904
        ],
        [
          0.672525,
          0.681762,
          -0.287944,
          2.180913
        ],
        [
          0.031487,
          -0.415081,
          -0.90924,
          1.242638
        ],
        [
          0.0,
          0.0,
          0.0,
          1.0
        ]
      ]
    },
    {
      "file_path": "/media/NFS/ttao/scannet/posed_images/scene0183_00/00028.jpg",
      "transform_matrix": [
        [
          -0.738706,
          0.602258,
          -0.302654,
          2.084974
        ],
        [
          0.673274,
          0.680548,
          -0.289062,
          2.172405
        ],
        [
          0.031881,
          -0.417301,
          -0.908209,
          1.247504
        ],
        [
          0.0,
          0.0,
          0.0,
          1.0
        ]
      ]
    },
    {
      "file_path": "/media/NFS/ttao/scannet/posed_images/scene0183_00/00029.jpg",
      "transform_matrix": [
        [
          -0.738026,
          0.6011,
          -0.306589,
          2.085681
        ],
        [
          0.673938,
          0.67922,
          -0.290634,
          2.166692
        ],
        [
          0.033541,
          -0.421117,
          -0.906386,
          1.250873
        ],
        [
          0.0,
          0.0,
          0.0,
          1.0
        ]
      ]
    },
    {
      "file_path": "/media/NFS/ttao/scannet/posed_images/scene0183_00/00030.jpg",
      "transform_matrix": [
        [
          -0.737326,
          0.600624,
          -0.309195,
          2.085394
        ],
        [
          0.674568,
          0.679128,
          -0.289383,
          2.160345
        ],
        [
          0.036172,
          -0.421942,
          -0.905901,
          1.25353
        ],
        [
          0.0,
          0.0,
          0.0,
          1.0
        ]
      ]
    },
    {
      "file_path": "/media/NFS/ttao/scannet/posed_images/scene0183_00/00031.jpg",
      "transform_matrix": [
        [
          -0.737376,
          0.600148,
          -0.309998,
          2.082417
        ],
        [
          0.674399,
          0.680069,
          -0.287563,
          2.1529
        ],
        [
          0.038239,
          -0.421105,
          -0.906206,
          1.258759
        ],
        [
          0.0,
          0.0,
          0.0,
          1.0
        ]
      ]
    },
    {
      "file_path": "/media/NFS/ttao/scannet/posed_images/scene0183_00/00032.jpg",
      "transform_matrix": [
        [
          -0.736961,
          0.597923,
          -0.315239,
          2.080756
        ],
        [
          0.674666,
          0.679252,
          -0.288865,
          2.145499
        ],
        [
          0.041408,
          -0.425563,
          -0.903981,
          1.263337
        ],
        [
          0.0,
          0.0,
          0.0,
          1.0
        ]
      ]
    },
    {
      "file_path": "/media/NFS/ttao/scannet/posed_images/scene0183_00/00033.jpg",
      "transform_matrix": [
        [
          -0.736203,
          0.595727,
          -0.321115,
          2.08048
        ],
        [
          0.675273,
          0.678069,
          -0.29022,
          2.140626
        ],
        [
          0.044846,
          -0.430501,
          -0.901475,
          1.26679
        ],
        [
          0.0,
          0.0,
          0.0,
          1.0
        ]
      ]
    },
    {
      "file_path": "/media/NFS/ttao/scannet/posed_images/scene0183_00/00034.jpg",
      "transform_matrix": [
        [
          -0.735082,
          0.595548,
          -0.324003,
          2.078648
        ],
        [
          0.676346,
          0.677299,
          -0.289522,
          2.134378
        ],
        [
          0.047023,
          -0.43196,
          -0.900666,
          1.270383
        ],
        [
          0.0,
          0.0,
          0.0,
          1.0
        ]
      ]
    },
    {
      "file_path": "/media/NFS/ttao/scannet/posed_images/scene0183_00/00035.jpg",
      "transform_matrix": [
        [
          -0.734089,
          0.595625,
          -0.326106,
          2.07685
        ],
        [
          0.677322,
          0.676528,
          -0.289041,
          2.128467
        ],
        [
          0.04846,
          -0.433061,
          -0.900061,
          1.274191
        ],
        [
          0.0,
          0.0,
          0.0,
          1.0
        ]
      ]
    },
    {
      "file_path": "/media/NFS/ttao/scannet/posed_images/scene0183_00/00036.jpg",
      "transform_matrix": [
        [
          -0.732407,
          0.596499,
          -0.328282,
          2.074043
        ],
        [
          0.679097,
          0.674732,
          -0.289075,
          2.121795
        ],
        [
          0.04907,
          -0.434655,
          -0.899259,
          1.278002
        ],
        [
          0.0,
          0.0,
          0.0,
          1.0
        ]
      ]
    },
    {
      "file_path": "/media/NFS/ttao/scannet/posed_images/scene0183_00/00037.jpg",
      "transform_matrix": [
        [
          -0.732538,
          0.594736,
          -0.331176,
          2.070929
        ],
        [
          0.678828,
          0.674527,
          -0.290182,
          2.116321
        ],
        [
          0.050805,
          -0.437381,
          -0.89784,
          1.281492
        ],
        [
          0.0,
          0.0,
          0.0,
          1.0
        ]
      ]
    },
    {
      "file_path": "/media/NFS/ttao/scannet/posed_images/scene0183_00/00038.jpg",
      "transform_matrix": [
        [
          -0.730601,
          0.59368,
          -0.337293,
          2.070351
        ],
        [
          0.680553,
          0.67323,
          -0.289152,
          2.113294
        ],
        [
          0.055412,
          -0.4408,
          -0.895893,
          1.282856
        ],
        [
          0.0,
          0.0,
          0.0,
          1.0
        ]
      ]
    },
    {
      "file_path": "/media/NFS/ttao/scannet/posed_images/scene0183_00/00039.jpg",
      "transform_matrix": [
        [
          -0.728009,
          0.59608,
          -0.338662,
          2.066633
        ],
        [
          0.683055,
          0.672919,
          -0.28393,
          2.109248
        ],
        [
          0.058648,
          -0.438028,
          -0.897046,
          1.284469
        ],
        [
          0.0,
          0.0,
          0.0,
          1.0
        ]
      ]
    },
    {
      "file_path": "/media/NFS/ttao/scannet/posed_images/scene0183_00/00040.jpg",
      "transform_matrix": [
        [
          -0.725176,
          0.599471,
          -0.338753,
          2.063378
        ],
        [
          0.685908,
          0.672075,
          -0.279008,
          2.100854
        ],
        [
          0.060411,
          -0.434684,
          -0.898555,
          1.286751
        ],
        [
          0.0,
          0.0,
          0.0,
          1.0
        ]
      ]
    },
    {
      "file_path": "/media/NFS/ttao/scannet/posed_images/scene0183_00/00041.jpg",
      "transform_matrix": [
        [
          -0.725502,
          0.599073,
          -0.338761,
          2.058218
        ],
        [
          0.685547,
          0.672415,
          -0.279076,
          2.096842
        ],
        [
          0.060601,
          -0.434707,
          -0.898531,
          1.290334
        ],
        [
          0.0,
          0.0,
          0.0,
          1.0
        ]
      ]
    },
    {
      "file_path": "/media/NFS/ttao/scannet/posed_images/scene0183_00/00042.jpg",
      "transform_matrix": [
        [
          -0.725806,
          0.598333,
          -0.339416,
          2.052933
        ],
        [
          0.685409,
          0.670962,
          -0.282885,
          2.093096
        ],
        [
          0.058476,
          -0.437959,
          -0.897091,
          1.293754
        ],
        [
          0.0,
          0.0,
          0.0,
          1.0
        ]
      ]
    },
    {
      "file_path": "/media/NFS/ttao/scannet/posed_images/scene0183_00/00043.jpg",
      "transform_matrix": [
        [
          -0.728895,
          0.595292,
          -0.338142,
          2.047265
        ],
        [
          0.682483,
          0.670851,
          -0.290132,
          2.092391
        ],
        [
          0.05413,
          -0.442251,
          -0.895257,
          1.296584
        ],
        [
          0.0,
          0.0,
          0.0,
          1.0
        ]
      ]
    },
    {
      "file_path": "/media/NFS/ttao/scannet/posed_images/scene0183_00/00044.jpg",
      "transform_matrix": [
        [
          -0.732233,
          0.591992,
          -0.336719,
          2.042499
        ],
        [
          0.679087,
          0.672188,
          -0.294966,
          2.09081
        ],
        [
          0.051721,
          -0.444645,
          -0.894212,
          1.298961
        ],
        [
          0.0,
          0.0,
          0.0,
          1.0
        ]
      ]
    },
    {
      "file_path": "/media/NFS/ttao/scannet/posed_images/scene0183_00/00045.jpg",
      "transform_matrix": [
        [
          -0.734516,
          0.590343,
          -0.334638,
          2.036345
        ],
        [
          0.676867,
          0.672503,
          -0.299315,
          2.088888
        ],
        [
          0.048346,
          -0.446357,
          -0.893548,
          1.30181
        ],
        [
          0.0,
          0.0,
          0.0,
          1.0
        ]
      ]
    },
    {
      "file_path": "/media/NFS/ttao/scannet/posed_images/scene0183_00/00046.jpg",
      "transform_matrix": [
        [
          -0.737437,
          0.587344,
          -0.333488,
          2.031309
        ],
        [
          0.673868,
          0.673222,
          -0.304425,
          2.089245
        ],
        [
          0.045709,
          -0.449221,
          -0.892251,
          1.303858
        ],
        [
          0.0,
          0.0,
          0.0,
          1.0
        ]
      ]
    },
    {
      "file_path": "/media/NFS/ttao/scannet/posed_images/scene0183_00/00047.jpg",
      "transform_matrix": [
        [
          -0.739438,
          0.586307,
          -0.330872,
          2.023666
        ],
        [
          0.671939,
          0.673105,
          -0.308915,
          2.088343
        ],
        [
          0.041593,
          -0.450749,
          -0.891681,
          1.307007
        ],
        [
          0.0,
          0.0,
          0.0,
          1.0
        ]
      ]
    },
    {
      "file_path": "/media/NFS/ttao/scannet/posed_images/scene0183_00/00048.jpg",
      "transform_matrix": [
        [
          -0.742175,
          0.583371,
          -0.329931,
          2.01579
        ],
        [
          0.669146,
          0.672669,
          -0.315847,
          2.088683
        ],
        [
          0.037679,
          -0.455186,
          -0.889599,
          1.30979
        ],
        [
          0.0,
          0.0,
          0.0,
          1.0
        ]
      ]
    },
    {
      "file_path": "/media/NFS/ttao/scannet/posed_images/scene0183_00/00049.jpg",
      "transform_matrix": [
        [
          -0.744555,
          0.580089,
          -0.330356,
          2.009601
        ],
        [
          0.666634,
          0.672168,
          -0.322164,
          2.090918
        ],
        [
          0.035171,
          -0.460095,
          -0.887173,
          1.310845
        ],
        [
          0.0,
          0.0,
          0.0,
          1.0
        ]
      ]
    },
    {
      "file_path": "/media/NFS/ttao/scannet/posed_images/scene0183_00/00050.jpg",
      "transform_matrix": [
        [
          -0.747379,
          0.577082,
          -0.329242,
          2.000288
        ],
        [
          0.663554,
          0.673298,
          -0.326137,
          2.092165
        ],
        [
          0.03347,
          -0.462218,
          -0.886134,
          1.311716
        ],
        [
          0.0,
          0.0,
          0.0,
          1.0
        ]
      ]
    },
    {
      "file_path": "/media/NFS/ttao/scannet/posed_images/scene0183_00/00051.jpg",
      "transform_matrix": [
        [
          -0.749113,
          0.576767,
          -0.325835,
          1.991536
        ],
        [
          0.661751,
          0.674003,
          -0.328338,
          2.093594
        ],
        [
          0.030239,
          -0.461584,
          -0.886581,
          1.312687
        ],
        [
          0.0,
          0.0,
          0.0,
          1.0
        ]
      ]
    },
    {
      "file_path": "/media/NFS/ttao/scannet/posed_images/scene0183_00/00052.jpg",
      "transform_matrix": [
        [
          -0.750737,
          0.577537,
          -0.320695,
          1.981845
        ],
        [
          0.66007,
          0.675276,
          -0.329104,
          2.094649
        ],
        [
          0.026488,
          -0.458752,
          -0.88817,
          1.313879
        ],
        [
          0.0,
          0.0,
          0.0,
          1.0
        ]
      ]
    },
    {
      "file_path": "/media/NFS/ttao/scannet/posed_images/scene0183_00/00053.jpg",
      "transform_matrix": [
        [
          -0.752491,
          0.578114,
          -0.315502,
          1.971548
        ],
        [
          0.658229,
          0.676288,
          -0.33071,
          2.096395
        ],
        [
          0.022182,
          -0.456529,
          -0.889432,
          1.315588
        ],
        [
          0.0,
          0.0,
          0.0,
          1.0
        ]
      ]
    },
    {
      "file_path": "/media/NFS/ttao/scannet/posed_images/scene0183_00/00054.jpg",
      "transform_matrix": [
        [
          -0.7542,
          0.578197,
          -0.31124,
          1.961085
        ],
        [
          0.656411,
          0.676506,
          -0.333862,
          2.099012
        ],
        [
          0.017518,
          -0.4561,
          -0.889756,
          1.316681
        ],
        [
          0.0,
          0.0,
          0.0,
          1.0
        ]
      ]
    },
    {
      "file_path": "/media/NFS/ttao/scannet/posed_images/scene0183_00/00055.jpg",
      "transform_matrix": [
        [
          -0.756463,
          0.577778,
          -0.30649,
          1.950718
        ],
        [
          0.653901,
          0.677675,
          -0.336409,
          2.102606
        ],
        [
          0.013331,
          -0.454894,
          -0.890446,
          1.317089
        ],
        [
          0.0,
          0.0,
          0.0,
          1.0
        ]
      ]
    },
    {
      "file_path": "/media/NFS/ttao/scannet/posed_images/scene0183_00/00056.jpg",
      "transform_matrix": [
        [
          -0.758791,
          0.577252,
          -0.301689,
          1.93903
        ],
        [
          0.651253,
          0.679733,
          -0.337391,
          2.105718
        ],
        [
          0.010308,
          -0.452485,
          -0.891713,
          1.316938
        ],
        [
          0.0,
          0.0,
          0.0,
          1.0
        ]
      ]
    },
    {
      "file_path": "/media/NFS/ttao/scannet/posed_images/scene0183_00/00057.jpg",
      "transform_matrix": [
        [
          -0.759355,
          0.578458,
          -0.297937,
          1.92618
        ],
        [
          0.650617,
          0.681229,
          -0.335597,
          2.108695
        ],
        [
          0.008834,
          -0.44868,
          -0.893649,
          1.316841
        ],
        [
          0.0,
          0.0,
          0.0,
          1.0
        ]
      ]
    },
    {
      "file_path": "/media/NFS/ttao/scannet/posed_images/scene0183_00/00058.jpg",
      "transform_matrix": [
        [
          -0.758955,
          0.581252,
          -0.293484,
          1.912868
        ],
        [
          0.651112,
          0.681845,
          -0.333376,
          2.111504
        ],
        [
          0.006335,
          -0.444109,
          -0.895951,
          1.316714
        ],
        [
          0.0,
          0.0,
          0.0,
          1.0
        ]
      ]
    },
    {
      "file_path": "/media/NFS/ttao/scannet/posed_images/scene0183_00/00059.jpg",
      "transform_matrix": [
        [
          -0.757897,
          0.584735,
          -0.289272,
          1.89957
        ],
        [
          0.652368,
          0.681393,
          -0.331843,
          2.114783
        ],
        [
          0.003068,
          -0.440214,
          -0.897888,
          1.316482
        ],
        [
          0.0,
          0.0,
          0.0,
          1.0
        ]
      ]
    },
    {
      "file_path": "/media/NFS/ttao/scannet/posed_images/scene0183_00/00060.jpg",
      "transform_matrix": [
        [
          -0.754119,
          0.590895,
          -0.286613,
          1.888839
        ],
        [
          0.656736,
          0.677532,
          -0.331131,
          2.117504
        ],
        [
          -0.001475,
          -0.437941,
          -0.899002,
          1.31535
        ],
        [
          0.0,
          0.0,
          0.0,
          1.0
        ]
      ]
    },
    {
      "file_path": "/media/NFS/ttao/scannet/posed_images/scene0183_00/00061.jpg",
      "transform_matrix": [
        [
          -0.751373,
          0.595973,
          -0.283293,
          1.873781
        ],
        [
          0.659857,
          0.675175,
          -0.329738,
          2.120945
        ],
        [
          -0.005243,
          -0.434689,
          -0.900565,
          1.314909
        ],
        [
          0.0,
          0.0,
          0.0,
          1.0
        ]
      ]
    },
    {
      "file_path": "/media/NFS/ttao/scannet/posed_images/scene0183_00/00062.jpg",
      "transform_matrix": [
        [
          -0.748682,
          0.601417,
          -0.27888,
          1.857343
        ],
        [
          0.662856,
          0.672835,
          -0.328506,
          2.124405
        ],
        [
          -0.009929,
          -0.430803,
          -0.902391,
          1.315155
        ],
        [
          0.0,
          0.0,
          0.0,
          1.0
        ]
      ]
    },
    {
      "file_path": "/media/NFS/ttao/scannet/posed_images/scene0183_00/00063.jpg",
      "transform_matrix": [
        [
          -0.746217,
          0.605673,
          -0.27626,
          1.84121
        ],
        [
          0.665546,
          0.669756,
          -0.329357,
          2.128657
        ],
        [
          -0.014456,
          -0.429635,
          -0.902887,
          1.315127
        ],
        [
          0.0,
          0.0,
          0.0,
          1.0
        ]
      ]
    },
    {
      "file_path": "/media/NFS/ttao/scannet/posed_images/scene0183_00/00064.jpg",
      "transform_matrix": [
        [
          -0.742786,
          0.610957,
          -0.273864,
          1.82533
        ],
        [
          0.669252,
          0.665742,
          -0.329983,
          2.132667
        ],
        [
          -0.019283,
          -0.428391,
          -0.903388,
          1.314542
        ],
        [
          0.0,
          0.0,
          0.0,
          1.0
        ]
      ]
    },
    {
      "file_path": "/media/NFS/ttao/scannet/posed_images/scene0183_00/00065.jpg",
      "transform_matrix": [
        [
          -0.741119,
          0.615132,
          -0.268989,
          1.808974
        ],
        [
          0.670917,
          0.663789,
          -0.330538,
          2.13792
        ],
        [
          -0.024773,
          -0.425437,
          -0.904649,
          1.314127
        ],
        [
          0.0,
          0.0,
          0.0,
          1.0
        ]
      ]
    },
    {
      "file_path": "/media/NFS/ttao/scannet/posed_images/scene0183_00/00066.jpg",
      "transform_matrix": [
        [
          -0.739575,
          0.6189,
          -0.264559,
          1.792573
        ],
        [
          0.672452,
          0.662534,
          -0.329935,
          2.141768
        ],
        [
          -0.028917,
          -0.421915,
          -0.906174,
          1.313923
        ],
        [
          0.0,
          0.0,
          0.0,
          1.0
        ]
      ]
    },
    {
      "file_path": "/media/NFS/ttao/scannet/posed_images/scene0183_00/00067.jpg",
      "transform_matrix": [
        [
          -0.739144,
          0.621024,
          -0.260758,
          1.77381
        ],
        [
          0.6728,
          0.662522,
          -0.329248,
          2.144668
        ],
        [
          -0.031713,
          -0.4188,
          -0.907525,
          1.31452
        ],
        [
          0.0,
          0.0,
          0.0,
          1.0
        ]
      ]
    },
    {
      "file_path": "/media/NFS/ttao/scannet/posed_images/scene0183_00/00068.jpg",
      "transform_matrix": [
        [
          -0.73846,
          0.621841,
          -0.26075,
          1.755313
        ],
        [
          0.673485,
          0.661213,
          -0.330477,
          2.149072
        ],
        [
          -0.033093,
          -0.419655,
          -0.90708,
          1.314358
        ],
        [
          0.0,
          0.0,
          0.0,
          1.0
        ]
      ]
    },
    {
      "file_path": "/media/NFS/ttao/scannet/posed_images/scene0183_00/00069.jpg",
      "transform_matrix": [
        [
          -0.73707,
          0.621964,
          -0.264364,
          1.738208
        ],
        [
          0.675084,
          0.659397,
          -0.330842,
          2.153898
        ],
        [
          -0.031451,
          -0.422322,
          -0.9059,
          1.313226
        ],
        [
          0.0,
          0.0,
          0.0,
          1.0
        ]
      ]
    },
    {
      "file_path": "/media/NFS/ttao/scannet/posed_images/scene0183_00/00070.jpg",
      "transform_matrix": [
        [
          -0.732707,
          0.624801,
          -0.26975,
          1.721029
        ],
        [
          0.679961,
          0.655709,
          -0.328175,
          2.158065
        ],
        [
          -0.028167,
          -0.423875,
          -0.905283,
          1.310436
        ],
        [
          0.0,
          0.0,
          0.0,
          1.0
        ]
      ]
    },
    {
      "file_path": "/media/NFS/ttao/scannet/posed_images/scene0183_00/00071.jpg",
      "transform_matrix": [
        [
          -0.729422,
          0.627122,
          -0.273245,
          1.70484
        ],
        [
          0.683637,
          0.654156,
          -0.323607,
          2.162293
        ],
        [
          -0.024196,
          -0.422846,
          -0.905879,
          1.308151
        ],
        [
          0.0,
          0.0,
          0.0,
          1.0
        ]
      ]
    },
    {
      "file_path": "/media/NFS/ttao/scannet/posed_images/scene0183_00/00072.jpg",
      "transform_matrix": [
        [
          -0.72679,
          0.630239,
          -0.273086,
          1.687788
        ],
        [
          0.686464,
          0.652983,
          -0.319971,
          2.166533
        ],
        [
          -0.023338,
          -0.420015,
          -0.907217,
          1.306587
        ],
        [
          0.0,
          0.0,
          0.0,
          1.0
        ]
      ]
    },
    {
      "file_path": "/media/NFS/ttao/scannet/posed_images/scene0183_00/00073.jpg",
      "transform_matrix": [
        [
          -0.725672,
          0.631532,
          -0.27307,
          1.669734
        ],
        [
          0.687711,
          0.65347,
          -0.316276,
          2.170842
        ],
        [
          -0.021296,
          -0.417306,
          -0.908517,
          1.305291
        ],
        [
          0.0,
          0.0,
          0.0,
          1.0
        ]
      ]
    },
    {
      "file_path": "/media/NFS/ttao/scannet/posed_images/scene0183_00/00074.jpg",
      "transform_matrix": [
        [
          -0.723736,
          0.633163,
          -0.274427,
          1.652922
        ],
        [
          0.68983,
          0.653178,
          -0.31224,
          2.173535
        ],
        [
          -0.018449,
          -0.415287,
          -0.909503,
          1.303843
        ],
        [
          0.0,
          0.0,
          0.0,
          1.0
        ]
      ]
    },
    {
      "file_path": "/media/NFS/ttao/scannet/posed_images/scene0183_00/00075.jpg",
      "transform_matrix": [
        [
          -0.724482,
          0.632268,
          -0.274523,
          1.636384
        ],
        [
          0.689098,
          0.654866,
          -0.310314,
          2.177583
        ],
        [
          -0.016426,
          -0.41399,
          -0.910133,
          1.302092
        ],
        [
          0.0,
          0.0,
          0.0,
          1.0
        ]
      ]
    },
    {
      "file_path": "/media/NFS/ttao/scannet/posed_images/scene0183_00/00076.jpg",
      "transform_matrix": [
        [
          -0.725216,
          0.632057,
          -0.273067,
          1.620622
        ],
        [
          0.688335,
          0.656335,
          -0.3089,
          2.180526
        ],
        [
          -0.016019,
          -0.411981,
          -0.911052,
          1.300604
        ],
        [
          0.0,
          0.0,
          0.0,
          1.0
        ]
      ]
    },
    {
      "file_path": "/media/NFS/ttao/scannet/posed_images/scene0183_00/00077.jpg",
      "transform_matrix": [
        [
          -0.728594,
          0.629447,
          -0.270088,
          1.603877
        ],
        [
          0.684739,
          0.659642,
          -0.309847,
          2.1857
        ],
        [
          -0.016871,
          -0.410693,
          -0.911618,
          1.298866
        ],
