{
  "frames": [
    {
      "file_path": "/media/NFS/ttao/scannet/posed_images/scene0430_00/00000.jpg",
      "transform_matrix": [
        [
          -0.983031,
          0.076365,
          -0.16679,
          1.666059
        ],
        [
          0.181123,
          0.259991,
          -0.948472,
          4.917631
        ],
        [
          -0.029066,
          -0.962587,
          -0.26941,
          1.55176
        ],
        [
          0.0,
          0.0,
          0.0,
          1.0
        ]
      ]
    },
    {
      "file_path": "/media/NFS/ttao/scannet/posed_images/scene0430_00/00009.jpg",
      "transform_matrix": [
        [
          -0.978345,
          0.05956,
          -0.198225,
          1.699991
        ],
        [
          0.206916,
          0.257674,
          -0.943817,
          4.925858
        ],
        [
          -0.005136,
          -0.964395,
          -0.264417,
          1.54382
        ],
        [
          0.0,
          0.0,
          0.0,
          1.0
        ]
      ]
    },
    {
      "file_path": "/media/NFS/ttao/scannet/posed_images/scene0430_00/00016.jpg",
      "transform_matrix": [
        [
          -0.978766,
          0.05714,
          -0.196857,
          1.694074
        ],
        [
          0.20498,
          0.276756,
          -0.938824,
          4.927266
        ],
        [
          0.000837,
          -0.95924,
          -0.282591,
          1.540506
        ],
        [
          0.0,
          0.0,
          0.0,
          1.0
        ]
      ]
    },
    {
      "file_path": "/media/NFS/ttao/scannet/posed_images/scene0430_00/00028.jpg",
      "transform_matrix": [
        [
          -0.979945,
          0.065084,
          -0.188341,
          1.673034
        ],
        [
          0.19925,
          0.333,
          -0.921635,
          4.926427
        ],
        [
          0.002734,
          -0.940678,
          -0.33929,
          1.506799
        ],
        [
          0.0,
          0.0,
          0.0,
          1.0
        ]
      ]
    },
    {
      "file_path": "/media/NFS/ttao/scannet/posed_images/scene0430_00/00030.jpg",
      "transform_matrix": [
        [
          -0.980376,
          0.070945,
          -0.183928,
          1.664301
        ],
        [
          0.197128,
          0.344126,
          -0.917997,
          4.91857
        ],
        [
          -0.001833,
          -0.936239,
          -0.351358,
          1.508056
        ],
        [
          0.0,
          0.0,
          0.0,
          1.0
        ]
      ]
    },
    {
      "file_path": "/media/NFS/ttao/scannet/posed_images/scene0430_00/00041.jpg",
      "transform_matrix": [
        [
          -0.979526,
          0.11039,
          -0.168354,
          1.641661
        ],
        [
          0.198538,
          0.391196,
          -0.898637,
          4.902934
        ],
        [
          -0.033341,
          -0.913663,
          -0.405103,
          1.475614
        ],
        [
          0.0,
          0.0,
          0.0,
          1.0
        ]
      ]
    },
    {
      "file_path": "/media/NFS/ttao/scannet/posed_images/scene0430_00/00048.jpg",
      "transform_matrix": [
        [
          -0.982146,
          0.107992,
          -0.154035,
          1.617066
        ],
        [
          0.185061,
          0.40757,
          -0.894226,
          4.897953
        ],
        [
          -0.033789,
          -0.906766,
          -0.420278,
          1.463479
        ],
        [
          0.0,
          0.0,
          0.0,
          1.0
        ]
      ]
    },
    {
      "file_path": "/media/NFS/ttao/scannet/posed_images/scene0430_00/00055.jpg",
      "transform_matrix": [
        [
          -0.987524,
          0.100505,
          -0.121224,
          1.575624
        ],
        [
          0.151665,
          0.39998,
          -0.903888,
          4.894094
        ],
        [
          -0.042358,
          -0.910997,
          -0.410233,
          1.45975
        ],
        [
          0.0,
          0.0,
          0.0,
          1.0
        ]
      ]
    },
    {
      "file_path": "/media/NFS/ttao/scannet/posed_images/scene0430_00/00065.jpg",
      "transform_matrix": [
        [
          -0.995997,
          0.061513,
          -0.064859,
          1.508598
        ],
        [
          0.083527,
          0.381976,
          -0.92039,
          4.862676
        ],
        [
          -0.031842,
          -0.922123,
          -0.385585,
          1.472634
        ],
        [
          0.0,
          0.0,
          0.0,
          1.0
        ]
      ]
    },
    {
      "file_path": "/media/NFS/ttao/scannet/posed_images/scene0430_00/00074.jpg",
      "transform_matrix": [
        [
          -0.998467,
          0.048491,
          -0.026696,
          1.470942
        ],
        [
          0.041312,
          0.331794,
          -0.942447,
          4.779383
        ],
        [
          -0.036842,
          -0.942105,
          -0.333288,
          1.490465
        ],
        [
          0.0,
          0.0,
          0.0,
          1.0
        ]
      ]
    },
    {
      "file_path": "/media/NFS/ttao/scannet/posed_images/scene0430_00/00078.jpg",
      "transform_matrix": [
        [
          -0.998881,
          0.04387,
          -0.017678,
          1.464108
        ],
        [
          0.030209,
          0.304141,
          -0.952148,
          4.732043
        ],
        [
          -0.036394,
          -0.951616,
          -0.305126,
          1.4949
        ],
        [
          0.0,
          0.0,
          0.0,
          1.0
        ]
      ]
    },
    {
      "file_path": "/media/NFS/ttao/scannet/posed_images/scene0430_00/00085.jpg",
      "transform_matrix": [
        [
          -0.99964,
          0.026294,
          -0.005294,
          1.454062
        ],
        [
          0.012041,
          0.263547,
          -0.964572,
          4.653664
        ],
        [
          -0.023967,
          -0.964288,
          -0.263769,
          1.516212
        ],
        [
          0.0,
          0.0,
          0.0,
          1.0
        ]
      ]
    },
    {
      "file_path": "/media/NFS/ttao/scannet/posed_images/scene0430_00/00095.jpg",
      "transform_matrix": [
        [
          -0.999676,
          0.010004,
          0.023407,
          1.398187
        ],
        [
          -0.019801,
          0.272244,
          -0.962025,
          4.556321
        ],
        [
          -0.015997,
          -0.962176,
          -0.271957,
          1.500168
        ],
        [
          0.0,
          0.0,
          0.0,
          1.0
        ]
      ]
    },
    {
      "file_path": "/media/NFS/ttao/scannet/posed_images/scene0430_00/00101.jpg",
      "transform_matrix": [
        [
          -0.99611,
          -0.016906,
          0.086483,
          1.314222
        ],
        [
          -0.087775,
          0.277047,
          -0.956839,
          4.489316
        ],
        [
          -0.007784,
          -0.960708,
          -0.277453,
          1.484245
        ],
        [
          0.0,
          0.0,
          0.0,
          1.0
        ]
      ]
    },
    {
      "file_path": "/media/NFS/ttao/scannet/posed_images/scene0430_00/00106.jpg",
      "transform_matrix": [
        [
          -0.989106,
          -0.032278,
          0.143619,
          1.240237
        ],
        [
          -0.146213,
          0.328296,
          -0.93319,
          4.44149
        ],
        [
          -0.017028,
          -0.944023,
          -0.329439,
          1.470701
        ],
        [
          0.0,
          0.0,
          0.0,
          1.0
        ]
      ]
    },
    {
      "file_path": "/media/NFS/ttao/scannet/posed_images/scene0430_00/00120.jpg",
      "transform_matrix": [
        [
          -0.988213,
          -0.056626,
          0.142227,
          1.151808
        ],
        [
          -0.153081,
          0.359133,
          -0.920647,
          4.326404
        ],
        [
          0.001054,
          -0.931567,
          -0.363568,
          1.46612
        ],
        [
          0.0,
          0.0,
          0.0,
          1.0
        ]
      ]
    },
    {
      "file_path": "/media/NFS/ttao/scannet/posed_images/scene0430_00/00124.jpg",
      "transform_matrix": [
        [
          -0.986362,
          -0.074422,
          0.146804,
          1.125953
        ],
        [
          -0.16347,
          0.339065,
          -0.926452,
          4.282845
        ],
        [
          0.019173,
          -0.937815,
          -0.346607,
          1.461486
        ],
        [
          0.0,
          0.0,
          0.0,
          1.0
        ]
      ]
    },
    {
      "file_path": "/media/NFS/ttao/scannet/posed_images/scene0430_00/00131.jpg",
      "transform_matrix": [
        [
          -0.989678,
          -0.066109,
          0.127147,
          1.105761
        ],
        [
          -0.142393,
          0.353585,
          -0.924501,
          4.202582
        ],
        [
          0.016161,
          -0.933063,
          -0.359349,
          1.464821
        ],
        [
          0.0,
          0.0,
          0.0,
          1.0
        ]
      ]
    },
    {
      "file_path": "/media/NFS/ttao/scannet/posed_images/scene0430_00/00141.jpg",
      "transform_matrix": [
        [
          -0.993671,
          -0.044829,
          0.102995,
          1.074999
        ],
        [
          -0.112312,
          0.381223,
          -0.917636,
          4.099967
        ],
        [
          0.001873,
          -0.923396,
          -0.383845,
          1.455396
        ],
        [
          0.0,
          0.0,
          0.0,
          1.0
        ]
      ]
    },
    {
      "file_path": "/media/NFS/ttao/scannet/posed_images/scene0430_00/00145.jpg",
      "transform_matrix": [
        [
          -0.994628,
          -0.036453,
          0.096885,
          1.053843
        ],
        [
          -0.103445,
          0.384667,
          -0.917241,
          4.062161
        ],
        [
          -0.003833,
          -0.922335,
          -0.386372,
          1.439101
        ],
        [
          0.0,
          0.0,
          0.0,
          1.0
        ]
      ]
    },
    {
      "file_path": "/media/NFS/ttao/scannet/posed_images/scene0430_00/00154.jpg",
      "transform_matrix": [
        [
          -0.986596,
          -0.052387,
          0.154542,
          0.980964
        ],
        [
          -0.162651,
          0.391874,
          -0.905527,
          3.940634
        ],
        [
          -0.013124,
          -0.918526,
          -0.395142,
          1.44198
        ],
        [
          0.0,
          0.0,
          0.0,
          1.0
        ]
      ]
    },
    {
      "file_path": "/media/NFS/ttao/scannet/posed_images/scene0430_00/00159.jpg",
      "transform_matrix": [
        [
          -0.982769,
          -0.077573,
          0.167769,
          0.965091
        ],
        [
          -0.184756,
          0.385683,
          -0.903944,
          3.888984
        ],
        [
          0.005416,
          -0.919365,
          -0.39337,
          1.440243
        ],
        [
          0.0,
          0.0,
          0.0,
          1.0
        ]
      ]
    },
    {
      "file_path": "/media/NFS/ttao/scannet/posed_images/scene0430_00/00168.jpg",
      "transform_matrix": [
        [
          -0.98088,
          -0.091661,
          0.171674,
          0.980178
        ],
        [
          -0.193946,
          0.387497,
          -0.901239,
          3.784758
        ],
        [
          0.016085,
          -0.917303,
          -0.397865,
          1.440627
        ],
        [
          0.0,
          0.0,
          0.0,
          1.0
        ]
      ]
    },
    {
      "file_path": "/media/NFS/ttao/scannet/posed_images/scene0430_00/00175.jpg",
      "transform_matrix": [
        [
          -0.984584,
          -0.119508,
          0.127722,
          1.031915
        ],
        [
          -0.163436,
          0.368405,
          -0.915187,
          3.697147
        ],
        [
          0.062319,
          -0.921952,
          -0.382258,
          1.427994
        ],
        [
          0.0,
          0.0,
          0.0,
          1.0
        ]
      ]
    },
    {
      "file_path": "/media/NFS/ttao/scannet/posed_images/scene0430_00/00182.jpg",
      "transform_matrix": [
        [
          -0.991115,
          -0.109228,
          0.075896,
          1.114506
        ],
        [
          -0.11311,
          0.391945,
          -0.913009,
          3.58614
        ],
        [
          0.069979,
          -0.913482,
          -0.400817,
          1.430744
        ],
        [
          0.0,
          0.0,
          0.0,
          1.0
        ]
      ]
    },
    {
      "file_path": "/media/NFS/ttao/scannet/posed_images/scene0430_00/00191.jpg",
      "transform_matrix": [
        [
          -0.997727,
          -0.064535,
          -0.019388,
          1.184955
        ],
        [
          -0.007676,
          0.394694,
          -0.918781,
          3.476959
        ],
        [
          0.066946,
          -0.916544,
          -0.394292,
          1.42892
        ],
        [
          0.0,
          0.0,
          0.0,
          1.0
        ]
      ]
    },
    {
      "file_path": "/media/NFS/ttao/scannet/posed_images/scene0430_00/00201.jpg",
      "transform_matrix": [
        [
          -0.997948,
          -0.054621,
          -0.033422,
          1.211171
        ],
        [
          0.006499,
          0.432838,
          -0.901449,
          3.355513
        ],
        [
          0.063704,
          -0.899816,
          -0.431594,
          1.408255
        ],
        [
          0.0,
          0.0,
          0.0,
          1.0
        ]
      ]
    },
    {
      "file_path": "/media/NFS/ttao/scannet/posed_images/scene0430_00/00205.jpg",
      "transform_matrix": [
        [
          -0.997605,
          -0.055262,
          -0.041609,
          1.220433
        ],
        [
          0.0147,
          0.418418,
          -0.908136,
          3.300365
        ],
        [
          0.067595,
          -0.906572,
          -0.416604,
          1.416631
        ],
        [
          0.0,
          0.0,
          0.0,
          1.0
        ]
      ]
    },
    {
      "file_path": "/media/NFS/ttao/scannet/posed_images/scene0430_00/00217.jpg",
      "transform_matrix": [
        [
          -0.998655,
          -0.05122,
          -0.008001,
          1.260393
        ],
        [
          -0.013205,
          0.400571,
          -0.916171,
          3.19839
        ],
        [
          0.050131,
          -0.914833,
          -0.400708,
          1.429604
        ],
        [
          0.0,
          0.0,
          0.0,
          1.0
        ]
      ]
    },
    {
      "file_path": "/media/NFS/ttao/scannet/posed_images/scene0430_00/00221.jpg",
      "transform_matrix": [
        [
          -0.997976,
          -0.055977,
          -0.030163,
          1.28432
        ],
        [
          0.003881,
          0.419861,
          -0.90758,
          3.16517
        ],
        [
          0.063468,
          -0.905861,
          -0.418794,
          1.417923
        ],
        [
          0.0,
          0.0,
          0.0,
          1.0
        ]
      ]
    },
    {
      "file_path": "/media/NFS/ttao/scannet/posed_images/scene0430_00/00235.jpg",
      "transform_matrix": [
        [
          -0.998181,
          -0.058866,
          0.01302,
          1.387867
        ],
        [
          -0.035334,
          0.396217,
          -0.917477,
          3.115299
        ],
        [
          0.048849,
          -0.916268,
          -0.397576,
          1.414998
        ],
        [
          0.0,
          0.0,
          0.0,
          1.0
        ]
      ]
    },
    {
      "file_path": "/media/NFS/ttao/scannet/posed_images/scene0430_00/00240.jpg",
      "transform_matrix": [
        [
          -0.994904,
          -0.067501,
          0.074899,
          1.377185
        ],
        [
          -0.094676,
          0.369919,
          -0.924227,
          3.104698
        ],
        [
          0.03468,
          -0.926609,
          -0.374425,
          1.428683
        ],
        [
          0.0,
          0.0,
          0.0,
          1.0
        ]
      ]
    },
    {
      "file_path": "/media/NFS/ttao/scannet/posed_images/scene0430_00/00249.jpg",
      "transform_matrix": [
        [
          -0.96142,
          -0.102043,
          0.255456,
          1.242194
        ],
        [
          -0.275082,
          0.35849,
          -0.892084,
          3.084882
        ],
        [
          -0.000548,
          -0.92794,
          -0.37273,
          1.419214
        ],
        [
          0.0,
          0.0,
          0.0,
          1.0
        ]
      ]
    },
    {
      "file_path": "/media/NFS/ttao/scannet/posed_images/scene0430_00/00251.jpg",
      "transform_matrix": [
        [
          -0.955412,
          -0.112379,
          0.273055,
          1.230246
        ],
        [
          -0.295259,
          0.373378,
          -0.879438,
          3.066706
        ],
        [
          -0.003122,
          -0.920848,
          -0.38991,
          1.42169
        ],
        [
          0.0,
          0.0,
          0.0,
          1.0
        ]
      ]
    },
    {
      "file_path": "/media/NFS/ttao/scannet/posed_images/scene0430_00/00263.jpg",
      "transform_matrix": [
        [
          -0.867226,
          -0.209075,
          0.451892,
          1.15147
        ],
        [
          -0.497798,
          0.344418,
          -0.795973,
          3.008383
        ],
        [
          0.010778,
          -0.91524,
          -0.402765,
          1.426798
        ],
        [
          0.0,
          0.0,
          0.0,
          1.0
        ]
      ]
    },
    {
      "file_path": "/media/NFS/ttao/scannet/posed_images/scene0430_00/00272.jpg",
      "transform_matrix": [
        [
          -0.798427,
          -0.229999,
          0.556431,
          1.195709
        ],
        [
          -0.602001,
          0.321022,
          -0.731122,
          2.946373
        ],
        [
          -0.010469,
          -0.918719,
          -0.394772,
          1.427367
        ],
        [
          0.0,
          0.0,
          0.0,
          1.0
        ]
      ]
    },
    {
      "file_path": "/media/NFS/ttao/scannet/posed_images/scene0430_00/00274.jpg",
      "transform_matrix": [
        [
          -0.789323,
          -0.245632,
          0.562702,
          1.208719
        ],
        [
          -0.613949,
          0.324564,
          -0.719531,
          2.93081
        ],
        [
          -0.005893,
          -0.913413,
          -0.406991,
          1.426363
        ],
        [
          0.0,
          0.0,
          0.0,
          1.0
        ]
      ]
    },
    {
      "file_path": "/media/NFS/ttao/scannet/posed_images/scene0430_00/00284.jpg",
      "transform_matrix": [
        [
          -0.72263,
          -0.302161,
          0.621695,
          1.27301
        ],
        [
          -0.690219,
          0.266673,
          -0.672669,
          2.87931
        ],
        [
          0.037465,
          -0.915196,
          -0.401264,
          1.424298
        ],
        [
          0.0,
          0.0,
          0.0,
          1.0
        ]
      ]
    },
    {
      "file_path": "/media/NFS/ttao/scannet/posed_images/scene0430_00/00295.jpg",
      "transform_matrix": [
        [
          -0.602087,
          -0.324165,
          0.729663,
          1.29811
        ],
        [
          -0.798429,
          0.246509,
          -0.549313,
          2.840749
        ],
        [
          -0.001801,
          -0.913318,
          -0.407243,
          1.428182
        ],
        [
          0.0,
          0.0,
          0.0,
          1.0
        ]
      ]
    },
    {
      "file_path": "/media/NFS/ttao/scannet/posed_images/scene0430_00/00300.jpg",
      "transform_matrix": [
        [
          -0.560137,
          -0.328849,
          0.760333,
          1.283625
        ],
        [
          -0.828315,
          0.235519,
          -0.508356,
          2.793122
        ],
        [
          -0.011901,
          -0.914543,
          -0.404313,
          1.429064
        ],
        [
          0.0,
          0.0,
          0.0,
          1.0
        ]
      ]
    },
    {
      "file_path": "/media/NFS/ttao/scannet/posed_images/scene0430_00/00307.jpg",
      "transform_matrix": [
        [
          -0.531412,
          -0.332811,
          0.778998,
          1.264715
        ],
        [
          -0.847102,
          0.213525,
          -0.486647,
          2.731505
        ],
        [
          -0.004374,
          -0.918501,
          -0.395395,
          1.429018
        ],
        [
          0.0,
          0.0,
          0.0,
          1.0
        ]
      ]
    },
    {
      "file_path": "/media/NFS/ttao/scannet/posed_images/scene0430_00/00318.jpg",
      "transform_matrix": [
        [
          -0.485594,
          -0.350642,
          0.80078,
          1.303833
        ],
        [
          -0.87418,
          0.197706,
          -0.443533,
          2.652311
        ],
        [
          -0.002798,
          -0.915403,
          -0.402529,
          1.422956
        ],
        [
          0.0,
          0.0,
          0.0,
          1.0
        ]
      ]
    },
    {
      "file_path": "/media/NFS/ttao/scannet/posed_images/scene0430_00/00320.jpg",
      "transform_matrix": [
        [
          -0.493523,
          -0.348782,
          0.796735,
          1.324975
        ],
        [
          -0.869732,
          0.198829,
          -0.4517,
          2.653507
        ],
        [
          -0.000869,
          -0.91587,
          -0.401474,
          1.420409
        ],
        [
          0.0,
          0.0,
          0.0,
          1.0
        ]
      ]
    },
    {
      "file_path": "/media/NFS/ttao/scannet/posed_images/scene0430_00/00332.jpg",
      "transform_matrix": [
        [
          -0.581133,
          -0.361898,
          0.728913,
          1.426525
        ],
        [
          -0.813389,
          0.229553,
          -0.534513,
          2.562546
        ],
        [
          0.026115,
          -0.903513,
          -0.427764,
          1.410992
        ],
        [
          0.0,
          0.0,
          0.0,
          1.0
        ]
      ]
    },
    {
      "file_path": "/media/NFS/ttao/scannet/posed_images/scene0430_00/00339.jpg",
      "transform_matrix": [
        [
          -0.62681,
          -0.362454,
          0.689736,
          1.458789
        ],
        [
          -0.77865,
          0.258986,
          -0.571516,
          2.504253
        ],
        [
          0.028516,
          -0.895295,
          -0.44456,
          1.408529
        ],
        [
          0.0,
          0.0,
          0.0,
          1.0
        ]
      ]
    },
    {
      "file_path": "/media/NFS/ttao/scannet/posed_images/scene0430_00/00343.jpg",
      "transform_matrix": [
        [
          -0.632648,
          -0.356732,
          0.687385,
          1.465018
        ],
        [
          -0.7744,
          0.282447,
          -0.566152,
          2.467859
        ],
        [
          0.007814,
          -0.890487,
          -0.454943,
          1.407855
        ],
        [
          0.0,
          0.0,
          0.0,
          1.0
        ]
      ]
    },
    {
      "file_path": "/media/NFS/ttao/scannet/posed_images/scene0430_00/00357.jpg",
      "transform_matrix": [
        [
          -0.579007,
          -0.331552,
          0.744865,
          1.473136
        ],
        [
          -0.815244,
          0.248118,
          -0.523273,
          2.277267
        ],
        [
          -0.011322,
          -0.910226,
          -0.413958,
          1.435524
        ],
        [
          0.0,
          0.0,
          0.0,
          1.0
        ]
      ]
    },
    {
      "file_path": "/media/NFS/ttao/scannet/posed_images/scene0430_00/00362.jpg",
      "transform_matrix": [
        [
          -0.556603,
          -0.326783,
          0.76381,
          1.479238
        ],
        [
          -0.830758,
          0.225484,
          -0.508919,
          2.213167
        ],
        [
          -0.005921,
          -0.917807,
          -0.396983,
          1.444239
        ],
        [
          0.0,
          0.0,
          0.0,
          1.0
        ]
      ]
    },
    {
      "file_path": "/media/NFS/ttao/scannet/posed_images/scene0430_00/00369.jpg",
      "transform_matrix": [
        [
          -0.521202,
          -0.325127,
          0.789076,
          1.510088
        ],
        [
          -0.852909,
          0.23084,
          -0.468251,
          2.132204
        ],
        [
          -0.02991,
          -0.917063,
          -0.397618,
          1.447443
        ],
        [
          0.0,
          0.0,
          0.0,
          1.0
        ]
      ]
    },
    {
      "file_path": "/media/NFS/ttao/scannet/posed_images/scene0430_00/00380.jpg",
      "transform_matrix": [
        [
          -0.519999,
          -0.364156,
          0.772652,
          1.612769
        ],
        [
          -0.854012,
          0.2044,
          -0.478419,
          2.005747
        ],
        [
          0.016289,
          -0.908632,
          -0.417281,
          1.440672
        ],
        [
          0.0,
          0.0,
          0.0,
          1.0
        ]
      ]
    },
    {
      "file_path": "/media/NFS/ttao/scannet/posed_images/scene0430_00/00387.jpg",
      "transform_matrix": [
        [
          -0.515053,
          -0.338324,
          0.787564,
          1.65231
        ],
        [
          -0.856831,
          0.228596,
          -0.462152,
          1.915566
        ],
        [
          -0.023677,
          -0.912842,
          -0.407626,
          1.446501
        ],
        [
          0.0,
          0.0,
          0.0,
          1.0
        ]
      ]
    },
    {
      "file_path": "/media/NFS/ttao/scannet/posed_images/scene0430_00/00390.jpg",
      "transform_matrix": [
        [
          -0.502866,
          -0.334382,
          0.797066,
          1.668127
        ],
        [
          -0.863702,
          0.230493,
          -0.448211,
          1.882202
        ],
        [
          -0.033844,
          -0.913817,
          -0.404713,
          1.44878
        ],
        [
          0.0,
          0.0,
          0.0,
          1.0
        ]
      ]
    },
    {
      "file_path": "/media/NFS/ttao/scannet/posed_images/scene0430_00/00403.jpg",
      "transform_matrix": [
        [
          -0.368889,
          -0.36666,
          0.854097,
          1.639594
        ],
        [
          -0.929319,
          0.16225,
          -0.331725,
          1.692863
        ],
        [
          -0.016947,
          -0.916098,
          -0.400596,
          1.449527
        ],
        [
          0.0,
          0.0,
          0.0,
          1.0
        ]
      ]
    },
    {
      "file_path": "/media/NFS/ttao/scannet/posed_images/scene0430_00/00408.jpg",
      "transform_matrix": [
        [
          -0.308082,
          -0.385389,
          0.869805,
          1.642198
        ],
        [
          -0.951021,
          0.149162,
          -0.270759,
          1.642258
        ],
        [
          -0.025394,
          -0.910619,
          -0.412467,
          1.457076
        ],
        [
          0.0,
          0.0,
          0.0,
          1.0
        ]
      ]
    },
    {
      "file_path": "/media/NFS/ttao/scannet/posed_images/scene0430_00/00415.jpg",
      "transform_matrix": [
        [
          -0.216058,
          -0.39135,
          0.894519,
          1.665462
        ],
        [
          -0.975156,
          0.13237,
          -0.177623,
          1.593637
        ],
        [
          -0.048894,
          -0.910672,
          -0.410227,
          1.451367
        ],
        [
          0.0,
          0.0,
          0.0,
          1.0
        ]
      ]
    },
    {
      "file_path": "/media/NFS/ttao/scannet/posed_images/scene0430_00/00424.jpg",
      "transform_matrix": [
        [
          -0.184719,
          -0.382296,
          0.905389,
          1.761431
        ],
        [
          -0.981256,
          0.020256,
          -0.191644,
          1.523328
        ],
        [
          0.054926,
          -0.923818,
          -0.378872,
          1.443763
        ],
        [
          0.0,
          0.0,
          0.0,
          1.0
        ]
      ]
    },
    {
      "file_path": "/media/NFS/ttao/scannet/posed_images/scene0430_00/00429.jpg",
      "transform_matrix": [
        [
          -0.172663,
          -0.401884,
          0.899265,
          1.829005
        ],
        [
          -0.982305,
          0.003002,
          -0.187265,
          1.483192
        ],
        [
          0.072559,
          -0.915685,
          -0.395292,
          1.433164
        ],
        [
          0.0,
          0.0,
          0.0,
          1.0
        ]
      ]
    },
    {
      "file_path": "/media/NFS/ttao/scannet/posed_images/scene0430_00/00443.jpg",
      "transform_matrix": [
        [
          -0.087534,
          -0.462927,
          0.882064,
          1.969462
        ],
        [
          -0.99616,
          0.042245,
          -0.076686,
          1.292586
        ],
        [
          -0.001763,
          -0.885389,
          -0.464848,
          1.420418
        ],
        [
          0.0,
          0.0,
          0.0,
          1.0
        ]
      ]
    },
    {
      "file_path": "/media/NFS/ttao/scannet/posed_images/scene0430_00/00447.jpg",
      "transform_matrix": [
        [
          -0.055301,
          -0.452287,
          0.890156,
          2.00139
        ],
        [
          -0.998454,
          0.020038,
          -0.051848,
          1.223267
        ],
        [
          0.005613,
          -0.891647,
          -0.452696,
          1.424123
        ],
        [
          0.0,
          0.0,
          0.0,
          1.0
        ]
      ]
    },
    {
      "file_path": "/media/NFS/ttao/scannet/posed_images/scene0430_00/00456.jpg",
      "transform_matrix": [
        [
          0.05673,
          -0.45643,
          0.887949,
          2.072715
        ],
        [
          -0.998302,
          -0.03773,
          0.044386,
          1.114941
        ],
        [
          0.013243,
          -0.888959,
          -0.457796,
          1.429822
        ],
        [
          0.0,
          0.0,
          0.0,
          1.0
        ]
      ]
    },
    {
      "file_path": "/media/NFS/ttao/scannet/posed_images/scene0430_00/00461.jpg",
      "transform_matrix": [
        [
          0.086601,
          -0.439595,
          0.894012,
          2.119989
        ],
        [
          -0.996058,
          -0.055512,
          0.069191,
          1.088101
        ],
        [
          0.019212,
          -0.896479,
          -0.442669,
          1.442183
        ],
        [
          0.0,
          0.0,
          0.0,
          1.0
        ]
      ]
    },
    {
      "file_path": "/media/NFS/ttao/scannet/posed_images/scene0430_00/00473.jpg",
      "transform_matrix": [
        [
          -0.016053,
          -0.419927,
          0.907416,
          2.236494
        ],
        [
          -0.99917,
          -0.02725,
          -0.030287,
          1.053792
        ],
        [
          0.037445,
          -0.907149,
          -0.419141,
          1.428758
        ],
        [
          0.0,
          0.0,
          0.0,
          1.0
        ]
      ]
    },
    {
      "file_path": "/media/NFS/ttao/scannet/posed_images/scene0430_00/00479.jpg",
      "transform_matrix": [
        [
          -0.026988,
          -0.417796,
          0.90814,
          2.2336
        ],
        [
          -0.999427,
          -0.007315,
          -0.033066,
          1.025759
        ],
        [
          0.020458,
          -0.908512,
          -0.417359,
          1.444057
        ],
        [
          0.0,
          0.0,
          0.0,
          1.0
        ]
      ]
    },
    {
      "file_path": "/media/NFS/ttao/scannet/posed_images/scene0430_00/00486.jpg",
      "transform_matrix": [
        [
          0.01379,
          -0.390031,
          0.920699,
          2.170031
        ],
        [
          -0.999674,
          -0.025191,
          0.004301,
          0.971359
        ],
        [
          0.021516,
          -0.920457,
          -0.390251,
          1.458724
        ],
        [
          0.0,
          0.0,
          0.0,
          1.0
        ]
      ]
    },
    {
      "file_path": "/media/NFS/ttao/scannet/posed_images/scene0430_00/00491.jpg",
      "transform_matrix": [
        [
          0.04016,
          -0.389227,
          0.920266,
          2.110103
        ],
        [
          -0.999119,
          -0.026886,
          0.03223,
          0.923654
        ],
        [
          0.012198,
          -0.92075,
          -0.389964,
          1.466185
        ],
        [
          0.0,
          0.0,
          0.0,
          1.0
        ]
      ]
    },
    {
      "file_path": "/media/NFS/ttao/scannet/posed_images/scene0430_00/00500.jpg",
      "transform_matrix": [
        [
          -0.018263,
          -0.339967,
          0.94026,
          2.007476
        ],
        [
          -0.999705,
          -0.008851,
          -0.022617,
          0.896246
        ],
        [
          0.016011,
          -0.940396,
          -0.339705,
          1.486295
        ],
        [
          0.0,
          0.0,
          0.0,
          1.0
        ]
      ]
    },
    {
      "file_path": "/media/NFS/ttao/scannet/posed_images/scene0430_00/00509.jpg",
      "transform_matrix": [
        [
          -0.090899,
          -0.305646,
          0.947797,
          1.897196
        ],
        [
          -0.995741,
          0.042646,
          -0.081744,
          0.902992
        ],
        [
          -0.015435,
          -0.95119,
          -0.30822,
          1.499152
        ],
        [
          0.0,
          0.0,
          0.0,
          1.0
        ]
      ]
    },
    {
      "file_path": "/media/NFS/ttao/scannet/posed_images/scene0430_00/00514.jpg",
      "transform_matrix": [
        [
          -0.09698,
          -0.297915,
          0.949654,
          1.838459
        ],
        [
          -0.994769,
          0.059794,
          -0.08283,
          0.931141
        ],
        [
          -0.032107,
          -0.952718,
          -0.302155,
          1.492316
        ],
        [
          0.0,
          0.0,
          0.0,
          1.0
        ]
      ]
    },
    {
      "file_path": "/media/NFS/ttao/scannet/posed_images/scene0430_00/00526.jpg",
      "transform_matrix": [
        [
          -0.154937,
          -0.265815,
          0.951492,
          1.738728
        ],
        [
          -0.987854,
          0.030204,
          -0.15242,
          0.933421
        ],
        [
          0.011777,
          -0.963551,
          -0.267266,
          1.494753
        ],
        [
          0.0,
          0.0,
          0.0,
          1.0
        ]
      ]
    },
    {
      "file_path": "/media/NFS/ttao/scannet/posed_images/scene0430_00/00528.jpg",
      "transform_matrix": [
        [
          -0.155305,
          -0.26422,
          0.951876,
          1.72725
        ],
        [
          -0.987719,
          0.024841,
          -0.154257,
          0.9247
        ],
        [
          0.017112,
          -0.964143,
          -0.264833,
          1.498851
        ],
        [
          0.0,
          0.0,
          0.0,
          1.0
        ]
      ]
    },
    {
      "file_path": "/media/NFS/ttao/scannet/posed_images/scene0430_00/00537.jpg",
      "transform_matrix": [
        [
          -0.137103,
          -0.255302,
          0.957091,
          1.702695
        ],
        [
          -0.99047,
          0.022508,
          -0.13588,
          0.85083
        ],
        [
          0.013148,
          -0.9666,
          -0.255955,
          1.516703
        ],
        [
          0.0,
          0.0,
          0.0,
          1.0
        ]
      ]
    },
    {
      "file_path": "/media/NFS/ttao/scannet/posed_images/scene0430_00/00549.jpg",
      "transform_matrix": [
        [
          -0.041788,
          -0.277177,
          0.95991,
          1.678268
        ],
        [
          -0.998963,
          0.028985,
          -0.035118,
          0.778451
        ],
        [
          -0.018089,
          -0.960382,
          -0.278101,
          1.519566
        ],
        [
          0.0,
          0.0,
          0.0,
          1.0
        ]
      ]
    },
    {
      "file_path": "/media/NFS/ttao/scannet/posed_images/scene0430_00/00558.jpg",
      "transform_matrix": [
        [
          -0.027288,
          -0.303473,
          0.952449,
          1.683831
        ],
        [
          -0.999448,
          0.026374,
          -0.020231,
          0.78957
        ],
        [
          -0.018981,
          -0.952475,
          -0.304025,
          1.512011
        ],
        [
          0.0,
          0.0,
          0.0,
          1.0
        ]
      ]
    },
    {
      "file_path": "/media/NFS/ttao/scannet/posed_images/scene0430_00/00562.jpg",
      "transform_matrix": [
        [
          -0.00815,
          -0.313116,
          0.94968,
          1.687228
        ],
        [
          -0.999959,
          -0.001172,
          -0.008968,
          0.816945
        ],
        [
          0.003921,
          -0.949714,
          -0.313094,
          1.508586
        ],
        [
          0.0,
          0.0,
          0.0,
          1.0
        ]
      ]
    },
    {
      "file_path": "/media/NFS/ttao/scannet/posed_images/scene0430_00/00567.jpg",
      "transform_matrix": [
        [
          0.025901,
          -0.305266,
          0.951915,
          1.683886
        ],
        [
          -0.999537,
          -0.023136,
          0.019777,
          0.854437
        ],
        [
          0.015986,
          -0.951986,
          -0.305724,
          1.505244
        ],
        [
          0.0,
          0.0,
          0.0,
          1.0
        ]
      ]
    },
    {
      "file_path": "/media/NFS/ttao/scannet/posed_images/scene0430_00/00579.jpg",
      "transform_matrix": [
        [
          0.120977,
          -0.307557,
          0.943808,
          1.707024
        ],
        [
          -0.992188,
          -0.066648,
          0.10546,
          0.973582
        ],
        [
          0.030468,
          -0.949193,
          -0.313217,
          1.503512
        ],
        [
          0.0,
          0.0,
          0.0,
          1.0
        ]
      ]
    },
    {
      "file_path": "/media/NFS/ttao/scannet/posed_images/scene0430_00/00585.jpg",
      "transform_matrix": [
        [
          0.144669,
          -0.327571,
          0.933685,
          1.73816
        ],
        [
          -0.989416,
          -0.058626,
          0.132736,
          1.00654
        ],
        [
          0.011258,
          -0.943006,
          -0.332585,
          1.489382
        ],
        [
          0.0,
          0.0,
          0.0,
          1.0
        ]
      ]
    },
    {
      "file_path": "/media/NFS/ttao/scannet/posed_images/scene0430_00/00592.jpg",
      "transform_matrix": [
        [
          0.162332,
          -0.363593,
          0.917305,
          1.813176
        ],
        [
          -0.986271,
          -0.088343,
          0.139519,
          1.040874
        ],
        [
