{
  "frames": [
    {
      "file_path": "/media/NFS/ttao/scannet/posed_images/scene0207_01/00000.jpg",
      "transform_matrix": [
        [
          -0.951997,
          0.05261,
          -0.301554,
          4.902456
        ],
        [
          0.290483,
          0.465988,
          -0.835748,
          2.875111
        ],
        [
          0.096552,
          -0.883225,
          -0.458901,
          1.510898
        ],
        [
          0.0,
          0.0,
          0.0,
          1.0
        ]
      ]
    },
    {
      "file_path": "/media/NFS/ttao/scannet/posed_images/scene0207_01/00006.jpg",
      "transform_matrix": [
        [
          -0.966151,
          0.053196,
          -0.252435,
          4.923518
        ],
        [
          0.247053,
          0.472542,
          -0.845972,
          2.832851
        ],
        [
          0.074284,
          -0.879701,
          -0.469689,
          1.515205
        ],
        [
          0.0,
          0.0,
          0.0,
          1.0
        ]
      ]
    },
    {
      "file_path": "/media/NFS/ttao/scannet/posed_images/scene0207_01/00012.jpg",
      "transform_matrix": [
        [
          -0.973875,
          0.072333,
          -0.215258,
          4.896503
        ],
        [
          0.223363,
          0.476066,
          -0.85057,
          2.776048
        ],
        [
          0.040953,
          -0.87643,
          -0.479785,
          1.517011
        ],
        [
          0.0,
          0.0,
          0.0,
          1.0
        ]
      ]
    },
    {
      "file_path": "/media/NFS/ttao/scannet/posed_images/scene0207_01/00019.jpg",
      "transform_matrix": [
        [
          -0.967043,
          0.120435,
          -0.224327,
          4.850417
        ],
        [
          0.254216,
          0.505824,
          -0.824328,
          2.653985
        ],
        [
          0.014192,
          -0.854188,
          -0.519771,
          1.50965
        ],
        [
          0.0,
          0.0,
          0.0,
          1.0
        ]
      ]
    },
    {
      "file_path": "/media/NFS/ttao/scannet/posed_images/scene0207_01/00025.jpg",
      "transform_matrix": [
        [
          -0.964827,
          0.160239,
          -0.208403,
          4.822345
        ],
        [
          0.261898,
          0.517277,
          -0.81476,
          2.548431
        ],
        [
          -0.022754,
          -0.840683,
          -0.541049,
          1.516841
        ],
        [
          0.0,
          0.0,
          0.0,
          1.0
        ]
      ]
    },
    {
      "file_path": "/media/NFS/ttao/scannet/posed_images/scene0207_01/00035.jpg",
      "transform_matrix": [
        [
          -0.950338,
          0.177216,
          -0.255836,
          4.774317
        ],
        [
          0.311202,
          0.532561,
          -0.787103,
          2.408996
        ],
        [
          -0.003239,
          -0.827631,
          -0.561263,
          1.513933
        ],
        [
          0.0,
          0.0,
          0.0,
          1.0
        ]
      ]
    },
    {
      "file_path": "/media/NFS/ttao/scannet/posed_images/scene0207_01/00037.jpg",
      "transform_matrix": [
        [
          -0.941657,
          0.189488,
          -0.278165,
          4.763603
        ],
        [
          0.336566,
          0.5356,
          -0.774504,
          2.381409
        ],
        [
          0.002226,
          -0.822938,
          -0.568126,
          1.511444
        ],
        [
          0.0,
          0.0,
          0.0,
          1.0
        ]
      ]
    },
    {
      "file_path": "/media/NFS/ttao/scannet/posed_images/scene0207_01/00044.jpg",
      "transform_matrix": [
        [
          -0.870324,
          0.267224,
          -0.413677,
          4.732198
        ],
        [
          0.491637,
          0.520577,
          -0.698063,
          2.27636
        ],
        [
          0.028811,
          -0.81092,
          -0.584447,
          1.503222
        ],
        [
          0.0,
          0.0,
          0.0,
          1.0
        ]
      ]
    },
    {
      "file_path": "/media/NFS/ttao/scannet/posed_images/scene0207_01/00052.jpg",
      "transform_matrix": [
        [
          -0.727476,
          0.396215,
          -0.560172,
          4.724698
        ],
        [
          0.686007,
          0.435656,
          -0.58275,
          2.166101
        ],
        [
          0.013148,
          -0.808219,
          -0.588735,
          1.5125
        ],
        [
          0.0,
          0.0,
          0.0,
          1.0
        ]
      ]
    },
    {
      "file_path": "/media/NFS/ttao/scannet/posed_images/scene0207_01/00056.jpg",
      "transform_matrix": [
        [
          -0.65715,
          0.448613,
          -0.605723,
          4.721062
        ],
        [
          0.753756,
          0.388507,
          -0.530014,
          2.133683
        ],
        [
          -0.002444,
          -0.804866,
          -0.593452,
          1.509994
        ],
        [
          0.0,
          0.0,
          0.0,
          1.0
        ]
      ]
    },
    {
      "file_path": "/media/NFS/ttao/scannet/posed_images/scene0207_01/00066.jpg",
      "transform_matrix": [
        [
          -0.463255,
          0.563671,
          -0.683863,
          4.698058
        ],
        [
          0.885807,
          0.270833,
          -0.376822,
          2.120014
        ],
        [
          -0.027191,
          -0.780336,
          -0.624769,
          1.508312
        ],
        [
          0.0,
          0.0,
          0.0,
          1.0
        ]
      ]
    },
    {
      "file_path": "/media/NFS/ttao/scannet/posed_images/scene0207_01/00073.jpg",
      "transform_matrix": [
        [
          -0.29003,
          0.639213,
          -0.712242,
          4.701561
        ],
        [
          0.95697,
          0.186286,
          -0.2225,
          2.18433
        ],
        [
          -0.009544,
          -0.746126,
          -0.665736,
          1.501228
        ],
        [
          0.0,
          0.0,
          0.0,
          1.0
        ]
      ]
    },
    {
      "file_path": "/media/NFS/ttao/scannet/posed_images/scene0207_01/00081.jpg",
      "transform_matrix": [
        [
          -0.145082,
          0.650482,
          -0.745536,
          4.74089
        ],
        [
          0.989196,
          0.079326,
          -0.123286,
          2.263202
        ],
        [
          -0.021055,
          -0.755368,
          -0.654963,
          1.510526
        ],
        [
          0.0,
          0.0,
          0.0,
          1.0
        ]
      ]
    },
    {
      "file_path": "/media/NFS/ttao/scannet/posed_images/scene0207_01/00087.jpg",
      "transform_matrix": [
        [
          -0.065184,
          0.636238,
          -0.768734,
          4.76991
        ],
        [
          0.997831,
          0.048671,
          -0.044328,
          2.305784
        ],
        [
          0.009212,
          -0.769956,
          -0.63803,
          1.513259
        ],
        [
          0.0,
          0.0,
          0.0,
          1.0
        ]
      ]
    },
    {
      "file_path": "/media/NFS/ttao/scannet/posed_images/scene0207_01/00093.jpg",
      "transform_matrix": [
        [
          0.028716,
          0.621095,
          -0.783209,
          4.78356
        ],
        [
          0.999096,
          0.006728,
          0.041966,
          2.329584
        ],
        [
          0.031335,
          -0.783706,
          -0.620341,
          1.514795
        ],
        [
          0.0,
          0.0,
          0.0,
          1.0
        ]
      ]
    },
    {
      "file_path": "/media/NFS/ttao/scannet/posed_images/scene0207_01/00100.jpg",
      "transform_matrix": [
        [
          0.141643,
          0.601503,
          -0.786214,
          4.791264
        ],
        [
          0.989129,
          -0.054304,
          0.136654,
          2.362887
        ],
        [
          0.039504,
          -0.797023,
          -0.602656,
          1.518635
        ],
        [
          0.0,
          0.0,
          0.0,
          1.0
        ]
      ]
    },
    {
      "file_path": "/media/NFS/ttao/scannet/posed_images/scene0207_01/00102.jpg",
      "transform_matrix": [
        [
          0.170487,
          0.596767,
          -0.784094,
          4.788826
        ],
        [
          0.984571,
          -0.071338,
          0.159783,
          2.372088
        ],
        [
          0.039418,
          -0.799237,
          -0.599721,
          1.521142
        ],
        [
          0.0,
          0.0,
          0.0,
          1.0
        ]
      ]
    },
    {
      "file_path": "/media/NFS/ttao/scannet/posed_images/scene0207_01/00108.jpg",
      "transform_matrix": [
        [
          0.23385,
          0.573944,
          -0.784794,
          4.782141
        ],
        [
          0.971472,
          -0.105181,
          0.212554,
          2.393623
        ],
        [
          0.039448,
          -0.812111,
          -0.582167,
          1.530325
        ],
        [
          0.0,
          0.0,
          0.0,
          1.0
        ]
      ]
    },
    {
      "file_path": "/media/NFS/ttao/scannet/posed_images/scene0207_01/00120.jpg",
      "transform_matrix": [
        [
          0.334039,
          0.510687,
          -0.792223,
          4.692611
        ],
        [
          0.941525,
          -0.141423,
          0.305827,
          2.390208
        ],
        [
          0.044143,
          -0.848056,
          -0.528065,
          1.56616
        ],
        [
          0.0,
          0.0,
          0.0,
          1.0
        ]
      ]
    },
    {
      "file_path": "/media/NFS/ttao/scannet/posed_images/scene0207_01/00124.jpg",
      "transform_matrix": [
        [
          0.357416,
          0.478943,
          -0.80179,
          4.648692
        ],
        [
          0.933056,
          -0.145659,
          0.328923,
          2.378784
        ],
        [
          0.040748,
          -0.865677,
          -0.498942,
          1.58261
        ],
        [
          0.0,
          0.0,
          0.0,
          1.0
        ]
      ]
    },
    {
      "file_path": "/media/NFS/ttao/scannet/posed_images/scene0207_01/00129.jpg",
      "transform_matrix": [
        [
          0.38044,
          0.439056,
          -0.813938,
          4.590383
        ],
        [
          0.924084,
          -0.145719,
          0.353319,
          2.348421
        ],
        [
          0.03652,
          -0.886564,
          -0.461162,
          1.602954
        ],
        [
          0.0,
          0.0,
          0.0,
          1.0
        ]
      ]
    },
    {
      "file_path": "/media/NFS/ttao/scannet/posed_images/scene0207_01/00139.jpg",
      "transform_matrix": [
        [
          0.405409,
          0.392386,
          -0.825637,
          4.484469
        ],
        [
          0.913726,
          -0.146907,
          0.378845,
          2.279139
        ],
        [
          0.027362,
          -0.907993,
          -0.418091,
          1.621821
        ],
        [
          0.0,
          0.0,
          0.0,
          1.0
        ]
      ]
    },
    {
      "file_path": "/media/NFS/ttao/scannet/posed_images/scene0207_01/00145.jpg",
      "transform_matrix": [
        [
          0.423648,
          0.388504,
          -0.818283,
          4.416138
        ],
        [
          0.905269,
          -0.149872,
          0.397526,
          2.247325
        ],
        [
          0.031803,
          -0.909177,
          -0.415193,
          1.63447
        ],
        [
          0.0,
          0.0,
          0.0,
          1.0
        ]
      ]
    },
    {
      "file_path": "/media/NFS/ttao/scannet/posed_images/scene0207_01/00151.jpg",
      "transform_matrix": [
        [
          0.435505,
          0.390177,
          -0.811232,
          4.348835
        ],
        [
          0.89926,
          -0.147698,
          0.411724,
          2.231039
        ],
        [
          0.040828,
          -0.908816,
          -0.415194,
          1.637459
        ],
        [
          0.0,
          0.0,
          0.0,
          1.0
        ]
      ]
    },
    {
      "file_path": "/media/NFS/ttao/scannet/posed_images/scene0207_01/00152.jpg",
      "transform_matrix": [
        [
          0.438956,
          0.392116,
          -0.808432,
          4.334311
        ],
        [
          0.897514,
          -0.149023,
          0.415043,
          2.22916
        ],
        [
          0.04227,
          -0.907765,
          -0.417344,
          1.638757
        ],
        [
          0.0,
          0.0,
          0.0,
          1.0
        ]
      ]
    },
    {
      "file_path": "/media/NFS/ttao/scannet/posed_images/scene0207_01/00162.jpg",
      "transform_matrix": [
        [
          0.453811,
          0.342622,
          -0.822597,
          4.171019
        ],
        [
          0.890977,
          -0.159258,
          0.425202,
          2.221095
        ],
        [
          0.014678,
          -0.925876,
          -0.377541,
          1.634262
        ],
        [
          0.0,
          0.0,
          0.0,
          1.0
        ]
      ]
    },
    {
      "file_path": "/media/NFS/ttao/scannet/posed_images/scene0207_01/00168.jpg",
      "transform_matrix": [
        [
          0.460431,
          0.335837,
          -0.821716,
          4.091415
        ],
        [
          0.887367,
          -0.148946,
          0.436343,
          2.210252
        ],
        [
          0.024149,
          -0.930069,
          -0.36659,
          1.641238
        ],
        [
          0.0,
          0.0,
          0.0,
          1.0
        ]
      ]
    },
    {
      "file_path": "/media/NFS/ttao/scannet/posed_images/scene0207_01/00172.jpg",
      "transform_matrix": [
        [
          0.486191,
          0.345588,
          -0.802613,
          4.055329
        ],
        [
          0.872896,
          -0.149098,
          0.464567,
          2.208416
        ],
        [
          0.040881,
          -0.926466,
          -0.374152,
          1.628278
        ],
        [
          0.0,
          0.0,
          0.0,
          1.0
        ]
      ]
    },
    {
      "file_path": "/media/NFS/ttao/scannet/posed_images/scene0207_01/00183.jpg",
      "transform_matrix": [
        [
          0.593809,
          0.384365,
          -0.706862,
          3.995839
        ],
        [
          0.800676,
          -0.195562,
          0.56628,
          2.127697
        ],
        [
          0.079423,
          -0.90223,
          -0.423879,
          1.579132
        ],
        [
          0.0,
          0.0,
          0.0,
          1.0
        ]
      ]
    },
    {
      "file_path": "/media/NFS/ttao/scannet/posed_images/scene0207_01/00189.jpg",
      "transform_matrix": [
        [
          0.644164,
          0.406394,
          -0.647994,
          3.977455
        ],
        [
          0.759485,
          -0.239322,
          0.604903,
          2.047309
        ],
        [
          0.09075,
          -0.881798,
          -0.462813,
          1.560003
        ],
        [
          0.0,
          0.0,
          0.0,
          1.0
        ]
      ]
    },
    {
      "file_path": "/media/NFS/ttao/scannet/posed_images/scene0207_01/00197.jpg",
      "transform_matrix": [
        [
          0.680914,
          0.391632,
          -0.618854,
          3.970758
        ],
        [
          0.725484,
          -0.245151,
          0.643097,
          1.926208
        ],
        [
          0.100145,
          -0.886863,
          -0.45105,
          1.542833
        ],
        [
          0.0,
          0.0,
          0.0,
          1.0
        ]
      ]
    },
    {
      "file_path": "/media/NFS/ttao/scannet/posed_images/scene0207_01/00203.jpg",
      "transform_matrix": [
        [
          0.702049,
          0.380909,
          -0.601694,
          3.966373
        ],
        [
          0.704111,
          -0.24486,
          0.666537,
          1.856127
        ],
        [
          0.106559,
          -0.891601,
          -0.440106,
          1.538178
        ],
        [
          0.0,
          0.0,
          0.0,
          1.0
        ]
      ]
    },
    {
      "file_path": "/media/NFS/ttao/scannet/posed_images/scene0207_01/00208.jpg",
      "transform_matrix": [
        [
          0.715363,
          0.369797,
          -0.592879,
          3.956795
        ],
        [
          0.689001,
          -0.232037,
          0.686613,
          1.805858
        ],
        [
          0.116337,
          -0.899671,
          -0.420781,
          1.531092
        ],
        [
          0.0,
          0.0,
          0.0,
          1.0
        ]
      ]
    },
    {
      "file_path": "/media/NFS/ttao/scannet/posed_images/scene0207_01/00210.jpg",
      "transform_matrix": [
        [
          0.72398,
          0.36846,
          -0.583173,
          3.947619
        ],
        [
          0.678253,
          -0.226046,
          0.699197,
          1.784615
        ],
        [
          0.125802,
          -0.901743,
          -0.413561,
          1.528316
        ],
        [
          0.0,
          0.0,
          0.0,
          1.0
        ]
      ]
    },
    {
      "file_path": "/media/NFS/ttao/scannet/posed_images/scene0207_01/00218.jpg",
      "transform_matrix": [
        [
          0.74669,
          0.343771,
          -0.569452,
          3.918191
        ],
        [
          0.650721,
          -0.200035,
          0.732495,
          1.722416
        ],
        [
          0.1379,
          -0.917501,
          -0.373063,
          1.518369
        ],
        [
          0.0,
          0.0,
          0.0,
          1.0
        ]
      ]
    },
    {
      "file_path": "/media/NFS/ttao/scannet/posed_images/scene0207_01/00228.jpg",
      "transform_matrix": [
        [
          0.746043,
          0.334852,
          -0.575581,
          3.891711
        ],
        [
          0.652246,
          -0.193337,
          0.732937,
          1.670009
        ],
        [
          0.134144,
          -0.922223,
          -0.362644,
          1.508009
        ],
        [
          0.0,
          0.0,
          0.0,
          1.0
        ]
      ]
    },
    {
      "file_path": "/media/NFS/ttao/scannet/posed_images/scene0207_01/00230.jpg",
      "transform_matrix": [
        [
          0.742063,
          0.332523,
          -0.582041,
          3.888522
        ],
        [
          0.657088,
          -0.189097,
          0.72971,
          1.660836
        ],
        [
          0.132583,
          -0.923943,
          -0.358819,
          1.508881
        ],
        [
          0.0,
          0.0,
          0.0,
          1.0
        ]
      ]
    },
    {
      "file_path": "/media/NFS/ttao/scannet/posed_images/scene0207_01/00239.jpg",
      "transform_matrix": [
        [
          0.734112,
          0.322283,
          -0.597673,
          3.873544
        ],
        [
          0.667671,
          -0.182286,
          0.721795,
          1.643406
        ],
        [
          0.123675,
          -0.928927,
          -0.348997,
          1.518667
        ],
        [
          0.0,
          0.0,
          0.0,
          1.0
        ]
      ]
    },
    {
      "file_path": "/media/NFS/ttao/scannet/posed_images/scene0207_01/00243.jpg",
      "transform_matrix": [
        [
          0.73784,
          0.30816,
          -0.600524,
          3.872962
        ],
        [
          0.666251,
          -0.18992,
          0.721138,
          1.648594
        ],
        [
          0.108175,
          -0.932184,
          -0.345443,
          1.526555
        ],
        [
          0.0,
          0.0,
          0.0,
          1.0
        ]
      ]
    },
    {
      "file_path": "/media/NFS/ttao/scannet/posed_images/scene0207_01/00249.jpg",
      "transform_matrix": [
        [
          0.764242,
          0.275077,
          -0.583324,
          3.865071
        ],
        [
          0.638717,
          -0.197583,
          0.743641,
          1.666652
        ],
        [
          0.089303,
          -0.9409,
          -0.326698,
          1.542035
        ],
        [
          0.0,
          0.0,
          0.0,
          1.0
        ]
      ]
    },
    {
      "file_path": "/media/NFS/ttao/scannet/posed_images/scene0207_01/00257.jpg",
      "transform_matrix": [
        [
          0.814885,
          0.221016,
          -0.53583,
          3.853332
        ],
        [
          0.576002,
          -0.205621,
          0.791165,
          1.719753
        ],
        [
          0.064682,
          -0.953348,
          -0.294863,
          1.578048
        ],
        [
          0.0,
          0.0,
          0.0,
          1.0
        ]
      ]
    },
    {
      "file_path": "/media/NFS/ttao/scannet/posed_images/scene0207_01/00266.jpg",
      "transform_matrix": [
        [
          0.855772,
          0.201946,
          -0.47631,
          3.849719
        ],
        [
          0.51266,
          -0.207298,
          0.833191,
          1.803345
        ],
        [
          0.069522,
          -0.957207,
          -0.28093,
          1.618294
        ],
        [
          0.0,
          0.0,
          0.0,
          1.0
        ]
      ]
    },
    {
      "file_path": "/media/NFS/ttao/scannet/posed_images/scene0207_01/00270.jpg",
      "transform_matrix": [
        [
          0.868464,
          0.186496,
          -0.459336,
          3.85491
        ],
        [
          0.491887,
          -0.208686,
          0.845279,
          1.838906
        ],
        [
          0.061784,
          -0.960036,
          -0.272971,
          1.631262
        ],
        [
          0.0,
          0.0,
          0.0,
          1.0
        ]
      ]
    },
    {
      "file_path": "/media/NFS/ttao/scannet/posed_images/scene0207_01/00276.jpg",
      "transform_matrix": [
        [
          0.899827,
          0.166409,
          -0.40326,
          3.872144
        ],
        [
          0.432498,
          -0.219366,
          0.874542,
          1.903278
        ],
        [
          0.05707,
          -0.961346,
          -0.269363,
          1.638365
        ],
        [
          0.0,
          0.0,
          0.0,
          1.0
        ]
      ]
    },
    {
      "file_path": "/media/NFS/ttao/scannet/posed_images/scene0207_01/00282.jpg",
      "transform_matrix": [
        [
          0.932674,
          0.128559,
          -0.337033,
          3.889816
        ],
        [
          0.359231,
          -0.246235,
          0.900179,
          1.968453
        ],
        [
          0.032737,
          -0.960646,
          -0.27584,
          1.642401
        ],
        [
          0.0,
          0.0,
          0.0,
          1.0
        ]
      ]
    },
    {
      "file_path": "/media/NFS/ttao/scannet/posed_images/scene0207_01/00288.jpg",
      "transform_matrix": [
        [
          0.957513,
          0.105114,
          -0.268552,
          3.905068
        ],
        [
          0.287526,
          -0.27589,
          0.917177,
          2.040149
        ],
        [
          0.022317,
          -0.955424,
          -0.294391,
          1.645667
        ],
        [
          0.0,
          0.0,
          0.0,
          1.0
        ]
      ]
    },
    {
      "file_path": "/media/NFS/ttao/scannet/posed_images/scene0207_01/00299.jpg",
      "transform_matrix": [
        [
          0.993426,
          0.041709,
          -0.106607,
          3.911284
        ],
        [
          0.114271,
          -0.305605,
          0.945277,
          2.181817
        ],
        [
          0.006847,
          -0.951244,
          -0.308362,
          1.653722
        ],
        [
          0.0,
          0.0,
          0.0,
          1.0
        ]
      ]
    },
    {
      "file_path": "/media/NFS/ttao/scannet/posed_images/scene0207_01/00305.jpg",
      "transform_matrix": [
        [
          0.999428,
          -0.004373,
          -0.033532,
          3.894201
        ],
        [
          0.030461,
          -0.314175,
          0.948876,
          2.270857
        ],
        [
          -0.014684,
          -0.949355,
          -0.313862,
          1.639245
        ],
        [
          0.0,
          0.0,
          0.0,
          1.0
        ]
      ]
    },
    {
      "file_path": "/media/NFS/ttao/scannet/posed_images/scene0207_01/00307.jpg",
      "transform_matrix": [
        [
          0.999648,
          -0.021039,
          -0.016183,
          3.887458
        ],
        [
          0.008738,
          -0.314853,
          0.9491,
          2.302147
        ],
        [
          -0.025063,
          -0.948907,
          -0.314558,
          1.63518
        ],
        [
          0.0,
          0.0,
          0.0,
          1.0
        ]
      ]
    },
    {
      "file_path": "/media/NFS/ttao/scannet/posed_images/scene0207_01/00315.jpg",
      "transform_matrix": [
        [
          0.997365,
          -0.042648,
          0.058675,
          3.862217
        ],
        [
          -0.070663,
          -0.388579,
          0.918702,
          2.424572
        ],
        [
          -0.016381,
          -0.920428,
          -0.390569,
          1.60134
        ],
        [
          0.0,
          0.0,
          0.0,
          1.0
        ]
      ]
    },
    {
      "file_path": "/media/NFS/ttao/scannet/posed_images/scene0207_01/00322.jpg",
      "transform_matrix": [
        [
          0.991519,
          -0.044986,
          0.12193,
          3.830589
        ],
        [
          -0.128634,
          -0.473558,
          0.871319,
          2.523878
        ],
        [
          0.018544,
          -0.879613,
          -0.475328,
          1.590551
        ],
        [
          0.0,
          0.0,
          0.0,
          1.0
        ]
      ]
    },
    {
      "file_path": "/media/NFS/ttao/scannet/posed_images/scene0207_01/00332.jpg",
      "transform_matrix": [
        [
          0.949395,
          -0.057321,
          0.308809,
          3.783947
        ],
        [
          -0.303287,
          -0.422889,
          0.853922,
          2.644141
        ],
        [
          0.081644,
          -0.904367,
          -0.418873,
          1.578933
        ],
        [
          0.0,
          0.0,
          0.0,
          1.0
        ]
      ]
    },
    {
      "file_path": "/media/NFS/ttao/scannet/posed_images/scene0207_01/00336.jpg",
      "transform_matrix": [
        [
          0.908587,
          -0.087965,
          0.408329,
          3.756481
        ],
        [
          -0.407818,
          -0.398161,
          0.821677,
          2.683603
        ],
        [
          0.090302,
          -0.913088,
          -0.397637,
          1.580206
        ],
        [
          0.0,
          0.0,
          0.0,
          1.0
        ]
      ]
    },
    {
      "file_path": "/media/NFS/ttao/scannet/posed_images/scene0207_01/00344.jpg",
      "transform_matrix": [
        [
          0.841364,
          -0.139895,
          0.52205,
          3.646489
        ],
        [
          -0.537338,
          -0.320334,
          0.780163,
          2.73945
        ],
        [
          0.05809,
          -0.936918,
          -0.344689,
          1.615842
        ],
        [
          0.0,
          0.0,
          0.0,
          1.0
        ]
      ]
    },
    {
      "file_path": "/media/NFS/ttao/scannet/posed_images/scene0207_01/00345.jpg",
      "transform_matrix": [
        [
          0.83658,
          -0.142956,
          0.528865,
          3.634268
        ],
        [
          -0.545388,
          -0.308655,
          0.779285,
          2.741807
        ],
        [
          0.051833,
          -0.94037,
          -0.33618,
          1.61691
        ],
        [
          0.0,
          0.0,
          0.0,
          1.0
        ]
      ]
    },
    {
      "file_path": "/media/NFS/ttao/scannet/posed_images/scene0207_01/00353.jpg",
      "transform_matrix": [
        [
          0.82232,
          -0.121593,
          0.555882,
          3.522121
        ],
        [
          -0.565139,
          -0.288496,
          0.772909,
          2.76659
        ],
        [
          0.06639,
          -0.949729,
          -0.305953,
          1.62416
        ],
        [
          0.0,
          0.0,
          0.0,
          1.0
        ]
      ]
    },
    {
      "file_path": "/media/NFS/ttao/scannet/posed_images/scene0207_01/00359.jpg",
      "transform_matrix": [
        [
          0.835828,
          -0.104196,
          0.539013,
          3.448387
        ],
        [
          -0.544351,
          -0.284684,
          0.789074,
          2.776348
        ],
        [
          0.07123,
          -0.952942,
          -0.294666,
          1.651181
        ],
        [
          0.0,
          0.0,
          0.0,
          1.0
        ]
      ]
    },
    {
      "file_path": "/media/NFS/ttao/scannet/posed_images/scene0207_01/00371.jpg",
      "transform_matrix": [
        [
          0.857996,
          -0.054692,
          0.510736,
          3.404848
        ],
        [
          -0.511644,
          -0.178913,
          0.840363,
          2.761285
        ],
        [
          0.045416,
          -0.982344,
          -0.181489,
          1.7295
        ],
        [
          0.0,
          0.0,
          0.0,
          1.0
        ]
      ]
    },
    {
      "file_path": "/media/NFS/ttao/scannet/posed_images/scene0207_01/00372.jpg",
      "transform_matrix": [
        [
          0.857919,
          -0.045941,
          0.511727,
          3.408196
        ],
        [
          -0.511398,
          -0.172258,
          0.841902,
          2.755069
        ],
        [
          0.049471,
          -0.98398,
          -0.171278,
          1.728621
        ],
        [
          0.0,
          0.0,
          0.0,
          1.0
        ]
      ]
    },
    {
      "file_path": "/media/NFS/ttao/scannet/posed_images/scene0207_01/00382.jpg",
      "transform_matrix": [
        [
          0.818454,
          0.019497,
          0.574241,
          3.462471
        ],
        [
          -0.569546,
          -0.104375,
          0.815306,
          2.733808
        ],
        [
          0.075833,
          -0.994347,
          -0.074322,
          1.748705
        ],
        [
          0.0,
          0.0,
          0.0,
          1.0
        ]
      ]
    },
    {
      "file_path": "/media/NFS/ttao/scannet/posed_images/scene0207_01/00386.jpg",
      "transform_matrix": [
        [
          0.793629,
          0.022049,
          0.608003,
          3.488283
        ],
        [
          -0.604272,
          -0.087679,
          0.791939,
          2.730764
        ],
        [
          0.070771,
          -0.995905,
          -0.056261,
          1.752302
        ],
        [
          0.0,
          0.0,
          0.0,
          1.0
        ]
      ]
    },
    {
      "file_path": "/media/NFS/ttao/scannet/posed_images/scene0207_01/00394.jpg",
      "transform_matrix": [
        [
          0.768169,
          0.00593,
          0.640221,
          3.536616
        ],
        [
          -0.638229,
          -0.072267,
          0.766448,
          2.715633
        ],
        [
          0.050812,
          -0.997368,
          -0.051728,
          1.747232
        ],
        [
          0.0,
          0.0,
          0.0,
          1.0
        ]
      ]
    },
    {
      "file_path": "/media/NFS/ttao/scannet/posed_images/scene0207_01/00400.jpg",
      "transform_matrix": [
        [
          0.74328,
          -0.011534,
          0.668882,
          3.545754
        ],
        [
          -0.667347,
          -0.082628,
          0.740149,
          2.727238
        ],
        [
          0.046732,
          -0.996514,
          -0.069113,
          1.743031
        ],
        [
          0.0,
          0.0,
          0.0,
          1.0
        ]
      ]
    },
    {
      "file_path": "/media/NFS/ttao/scannet/posed_images/scene0207_01/00409.jpg",
      "transform_matrix": [
        [
          0.713148,
          -0.045784,
          0.699517,
          3.551254
        ],
        [
          -0.69843,
          -0.131991,
          0.703401,
          2.750881
        ],
        [
          0.060125,
          -0.990193,
          -0.126107,
          1.71385
        ],
        [
          0.0,
          0.0,
          0.0,
          1.0
        ]
      ]
    },
    {
      "file_path": "/media/NFS/ttao/scannet/posed_images/scene0207_01/00411.jpg",
      "transform_matrix": [
        [
          0.708933,
          -0.058674,
          0.702831,
          3.538464
        ],
        [
          -0.702297,
          -0.150223,
          0.695853,
          2.764693
        ],
        [
          0.064753,
          -0.98691,
          -0.147705,
          1.704628
        ],
        [
          0.0,
          0.0,
          0.0,
          1.0
        ]
      ]
    },
    {
      "file_path": "/media/NFS/ttao/scannet/posed_images/scene0207_01/00417.jpg",
      "transform_matrix": [
        [
          0.709785,
          -0.071942,
          0.700735,
          3.52707
        ],
        [
          -0.699387,
          -0.190653,
          0.688846,
          2.780754
        ],
        [
          0.08404,
          -0.979018,
          -0.185638,
          1.681601
        ],
        [
          0.0,
          0.0,
          0.0,
          1.0
        ]
      ]
    },
    {
      "file_path": "/media/NFS/ttao/scannet/posed_images/scene0207_01/00425.jpg",
      "transform_matrix": [
        [
          0.707739,
          -0.06653,
          0.703334,
          3.530655
        ],
        [
          -0.694158,
          -0.250564,
          0.674805,
          2.780796
        ],
        [
          0.131336,
          -0.965811,
          -0.223516,
          1.628602
        ],
        [
          0.0,
          0.0,
          0.0,
          1.0
        ]
      ]
    },
    {
      "file_path": "/media/NFS/ttao/scannet/posed_images/scene0207_01/00432.jpg",
      "transform_matrix": [
        [
          0.696545,
          -0.099734,
          0.710549,
          3.562075
        ],
        [
          -0.702515,
          -0.296221,
          0.647091,
          2.767006
        ],
        [
          0.145942,
          -0.949898,
          -0.276395,
          1.606136
        ],
        [
          0.0,
          0.0,
          0.0,
          1.0
        ]
      ]
    },
    {
      "file_path": "/media/NFS/ttao/scannet/posed_images/scene0207_01/00436.jpg",
      "transform_matrix": [
        [
          0.684171,
          -0.134658,
          0.716783,
          3.591959
        ],
        [
          -0.718032,
          -0.29663,
          0.629636,
          2.751646
        ],
        [
          0.127833,
          -0.945451,
          -0.299634,
          1.599899
        ],
        [
          0.0,
          0.0,
          0.0,
          1.0
        ]
      ]
    },
    {
      "file_path": "/media/NFS/ttao/scannet/posed_images/scene0207_01/00442.jpg",
      "transform_matrix": [
        [
          0.642562,
          -0.158872,
          0.749582,
          3.658119
        ],
        [
          -0.756194,
          -0.289326,
          0.586908,
          2.721387
        ],
        [
          0.123631,
          -0.943954,
          -0.306048,
          1.58308
        ],
        [
          0.0,
          0.0,
          0.0,
          1.0
        ]
      ]
    },
    {
      "file_path": "/media/NFS/ttao/scannet/posed_images/scene0207_01/00454.jpg",
      "transform_matrix": [
        [
          0.59254,
          -0.201286,
          0.779987,
          3.779815
        ],
        [
          -0.800695,
          -0.253217,
          0.542926,
          2.664572
        ],
        [
          0.088222,
          -0.946237,
          -0.31121,
          1.569511
        ],
        [
          0.0,
          0.0,
          0.0,
          1.0
        ]
      ]
    },
    {
      "file_path": "/media/NFS/ttao/scannet/posed_images/scene0207_01/00455.jpg",
      "transform_matrix": [
        [
          0.590048,
          -0.20693,
          0.780399,
          3.79153
        ],
        [
          -0.803083,
          -0.249878,
          0.540942,
          2.658447
        ],
        [
          0.083067,
          -0.945907,
          -0.313622,
          1.569431
        ],
        [
          0.0,
          0.0,
          0.0,
          1.0
        ]
      ]
    },
    {
      "file_path": "/media/NFS/ttao/scannet/posed_images/scene0207_01/00465.jpg",
      "transform_matrix": [
        [
          0.52257,
          -0.272985,
          0.807713,
          3.91269
        ],
        [
          -0.850281,
          -0.236634,
          0.470135,
          2.60887
        ],
        [
          0.062792,
          -0.932461,
          -0.355771,
          1.559811
        ],
        [
          0.0,
          0.0,
          0.0,
          1.0
        ]
      ]
    },
    {
      "file_path": "/media/NFS/ttao/scannet/posed_images/scene0207_01/00469.jpg",
      "transform_matrix": [
        [
          0.487171,
          -0.295675,
          0.821731,
          3.951572
        ],
        [
          -0.870678,
          -0.237404,
          0.430766,
          2.585539
        ],
        [
          0.067716,
          -0.925319,
          -0.373094,
          1.53725
        ],
        [
          0.0,
          0.0,
          0.0,
          1.0
        ]
      ]
    },
    {
      "file_path": "/media/NFS/ttao/scannet/posed_images/scene0207_01/00475.jpg",
      "transform_matrix": [
        [
          0.441787,
          -0.344059,
          0.828522,
          4.002173
        ],
        [
          -0.894011,
          -0.245667,
          0.374689,
          2.554884
        ],
        [
          0.074626,
          -0.90624,
          -0.416125,
          1.519118
        ],
        [
          0.0,
          0.0,
          0.0,
          1.0
        ]
      ]
    },
    {
      "file_path": "/media/NFS/ttao/scannet/posed_images/scene0207_01/00482.jpg",
      "transform_matrix": [
        [
          0.374439,
          -0.394991,
          0.838914,
          4.033524
        ],
        [
          -0.926393,
          -0.198284,
          0.320125,
          2.523726
        ],
        [
          0.039897,
          -0.897032,
          -0.440162,
          1.508084
        ],
        [
          0.0,
          0.0,
          0.0,
          1.0
        ]
      ]
    },
    {
      "file_path": "/media/NFS/ttao/scannet/posed_images/scene0207_01/00488.jpg",
      "transform_matrix": [
        [
          0.298804,
          -0.439861,
          0.8469,
          4.045053
        ],
        [
          -0.954168,
          -0.153245,
          0.257059,
          2.499383
        ],
        [
          0.016713,
          -0.884895,
          -0.465491,
          1.487222
        ],
        [
          0.0,
          0.0,
          0.0,
          1.0
        ]
      ]
    },
    {
      "file_path": "/media/NFS/ttao/scannet/posed_images/scene0207_01/00494.jpg",
      "transform_matrix": [
        [
          0.225055,
          -0.477702,
          0.849206,
          4.054036
        ],
        [
          -0.97402,
          -0.132831,
          0.183412,
          2.493236
        ],
        [
          0.025184,
          -0.868422,
          -0.495186,
          1.477916
        ],
        [
          0.0,
