{
  "frames": [
    {
      "file_path": "/media/NFS/ttao/scannet/posed_images/scene0292_01/00001.jpg",
      "transform_matrix": [
        [
          -0.895861,
          -0.22202,
          0.384889,
          1.766609
        ],
        [
          -0.444321,
          0.441048,
          -0.779779,
          4.789982
        ],
        [
          0.003372,
          -0.869588,
          -0.493767,
          1.342293
        ],
        [
          0.0,
          0.0,
          0.0,
          1.0
        ]
      ]
    },
    {
      "file_path": "/media/NFS/ttao/scannet/posed_images/scene0292_01/00002.jpg",
      "transform_matrix": [
        [
          -0.894824,
          -0.224314,
          0.385972,
          1.770074
        ],
        [
          -0.446413,
          0.444568,
          -0.776579,
          4.768882
        ],
        [
          0.002607,
          -0.867204,
          -0.497947,
          1.34197
        ],
        [
          0.0,
          0.0,
          0.0,
          1.0
        ]
      ]
    },
    {
      "file_path": "/media/NFS/ttao/scannet/posed_images/scene0292_01/00004.jpg",
      "transform_matrix": [
        [
          -0.898237,
          -0.228989,
          0.375145,
          1.785028
        ],
        [
          -0.439448,
          0.45348,
          -0.775398,
          4.739173
        ],
        [
          0.007437,
          -0.861348,
          -0.507962,
          1.340115
        ],
        [
          0.0,
          0.0,
          0.0,
          1.0
        ]
      ]
    },
    {
      "file_path": "/media/NFS/ttao/scannet/posed_images/scene0292_01/00007.jpg",
      "transform_matrix": [
        [
          -0.902585,
          -0.229539,
          0.364216,
          1.812399
        ],
        [
          -0.430347,
          0.457601,
          -0.778076,
          4.690205
        ],
        [
          0.011934,
          -0.859019,
          -0.511805,
          1.343207
        ],
        [
          0.0,
          0.0,
          0.0,
          1.0
        ]
      ]
    },
    {
      "file_path": "/media/NFS/ttao/scannet/posed_images/scene0292_01/00008.jpg",
      "transform_matrix": [
        [
          -0.901585,
          -0.229808,
          0.366514,
          1.820109
        ],
        [
          -0.432441,
          0.455621,
          -0.778077,
          4.670746
        ],
        [
          0.011817,
          -0.859998,
          -0.51016,
          1.343189
        ],
        [
          0.0,
          0.0,
          0.0,
          1.0
        ]
      ]
    },
    {
      "file_path": "/media/NFS/ttao/scannet/posed_images/scene0292_01/00012.jpg",
      "transform_matrix": [
        [
          -0.911204,
          -0.22146,
          0.347367,
          1.892872
        ],
        [
          -0.411626,
          0.455708,
          -0.789236,
          4.60569
        ],
        [
          0.016486,
          -0.86214,
          -0.506401,
          1.404878
        ],
        [
          0.0,
          0.0,
          0.0,
          1.0
        ]
      ]
    },
    {
      "file_path": "/media/NFS/ttao/scannet/posed_images/scene0292_01/00013.jpg",
      "transform_matrix": [
        [
          -0.91395,
          -0.213838,
          0.34492,
          1.895494
        ],
        [
          -0.405608,
          0.453302,
          -0.793725,
          4.59361
        ],
        [
          0.013376,
          -0.865327,
          -0.501029,
          1.395491
        ],
        [
          0.0,
          0.0,
          0.0,
          1.0
        ]
      ]
    },
    {
      "file_path": "/media/NFS/ttao/scannet/posed_images/scene0292_01/00015.jpg",
      "transform_matrix": [
        [
          -0.916808,
          -0.208067,
          0.34084,
          1.912622
        ],
        [
          -0.399254,
          0.46098,
          -0.792524,
          4.559409
        ],
        [
          0.007778,
          -0.862673,
          -0.505702,
          1.401796
        ],
        [
          0.0,
          0.0,
          0.0,
          1.0
        ]
      ]
    },
    {
      "file_path": "/media/NFS/ttao/scannet/posed_images/scene0292_01/00018.jpg",
      "transform_matrix": [
        [
          -0.918957,
          -0.196339,
          0.342008,
          1.928432
        ],
        [
          -0.394358,
          0.459368,
          -0.795904,
          4.510894
        ],
        [
          -0.000841,
          -0.866275,
          -0.499567,
          1.403153
        ],
        [
          0.0,
          0.0,
          0.0,
          1.0
        ]
      ]
    },
    {
      "file_path": "/media/NFS/ttao/scannet/posed_images/scene0292_01/00019.jpg",
      "transform_matrix": [
        [
          -0.91983,
          -0.193067,
          0.341523,
          1.930189
        ],
        [
          -0.392307,
          0.458897,
          -0.797188,
          4.499613
        ],
        [
          -0.002813,
          -0.86726,
          -0.497848,
          1.39923
        ],
        [
          0.0,
          0.0,
          0.0,
          1.0
        ]
      ]
    },
    {
      "file_path": "/media/NFS/ttao/scannet/posed_images/scene0292_01/00023.jpg",
      "transform_matrix": [
        [
          -0.918367,
          -0.216215,
          0.331441,
          1.953914
        ],
        [
          -0.395689,
          0.489697,
          -0.776934,
          4.443439
        ],
        [
          0.005679,
          -0.844658,
          -0.535276,
          1.392818
        ],
        [
          0.0,
          0.0,
          0.0,
          1.0
        ]
      ]
    },
    {
      "file_path": "/media/NFS/ttao/scannet/posed_images/scene0292_01/00024.jpg",
      "transform_matrix": [
        [
          -0.915737,
          -0.224609,
          0.333132,
          1.964167
        ],
        [
          -0.401662,
          0.491765,
          -0.772551,
          4.433341
        ],
        [
          0.009699,
          -0.841259,
          -0.540544,
          1.393471
        ],
        [
          0.0,
          0.0,
          0.0,
          1.0
        ]
      ]
    },
    {
      "file_path": "/media/NFS/ttao/scannet/posed_images/scene0292_01/00027.jpg",
      "transform_matrix": [
        [
          -0.901647,
          -0.238441,
          0.360801,
          1.970046
        ],
        [
          -0.432446,
          0.487998,
          -0.758188,
          4.396539
        ],
        [
          0.004713,
          -0.839645,
          -0.543115,
          1.388384
        ],
        [
          0.0,
          0.0,
          0.0,
          1.0
        ]
      ]
    },
    {
      "file_path": "/media/NFS/ttao/scannet/posed_images/scene0292_01/00028.jpg",
      "transform_matrix": [
        [
          -0.896085,
          -0.245809,
          0.369607,
          1.968896
        ],
        [
          -0.443861,
          0.488009,
          -0.751555,
          4.383912
        ],
        [
          0.004368,
          -0.837512,
          -0.546402,
          1.385814
        ],
        [
          0.0,
          0.0,
          0.0,
          1.0
        ]
      ]
    },
    {
      "file_path": "/media/NFS/ttao/scannet/posed_images/scene0292_01/00032.jpg",
      "transform_matrix": [
        [
          -0.878008,
          -0.27407,
          0.392412,
          1.977647
        ],
        [
          -0.478591,
          0.490267,
          -0.728416,
          4.335358
        ],
        [
          0.00725,
          -0.82736,
          -0.561626,
          1.375226
        ],
        [
          0.0,
          0.0,
          0.0,
          1.0
        ]
      ]
    },
    {
      "file_path": "/media/NFS/ttao/scannet/posed_images/scene0292_01/00034.jpg",
      "transform_matrix": [
        [
          -0.873967,
          -0.280026,
          0.3972,
          1.97473
        ],
        [
          -0.485867,
          0.485392,
          -0.726862,
          4.309402
        ],
        [
          0.010743,
          -0.828239,
          -0.560271,
          1.370637
        ],
        [
          0.0,
          0.0,
          0.0,
          1.0
        ]
      ]
    },
    {
      "file_path": "/media/NFS/ttao/scannet/posed_images/scene0292_01/00035.jpg",
      "transform_matrix": [
        [
          -0.87402,
          -0.2817,
          0.395896,
          1.975409
        ],
        [
          -0.485727,
          0.4855,
          -0.726883,
          4.298708
        ],
        [
          0.012555,
          -0.827608,
          -0.561166,
          1.367441
        ],
        [
          0.0,
          0.0,
          0.0,
          1.0
        ]
      ]
    },
    {
      "file_path": "/media/NFS/ttao/scannet/posed_images/scene0292_01/00037.jpg",
      "transform_matrix": [
        [
          -0.872647,
          -0.287279,
          0.394915,
          1.965561
        ],
        [
          -0.488069,
          0.485546,
          -0.725282,
          4.264364
        ],
        [
          0.016609,
          -0.825661,
          -0.563923,
          1.362486
        ],
        [
          0.0,
          0.0,
          0.0,
          1.0
        ]
      ]
    },
    {
      "file_path": "/media/NFS/ttao/scannet/posed_images/scene0292_01/00039.jpg",
      "transform_matrix": [
        [
          -0.868308,
          -0.29854,
          0.396124,
          1.952094
        ],
        [
          -0.495377,
          0.481117,
          -0.723276,
          4.224961
        ],
        [
          0.025345,
          -0.824257,
          -0.565648,
          1.36173
        ],
        [
          0.0,
          0.0,
          0.0,
          1.0
        ]
      ]
    },
    {
      "file_path": "/media/NFS/ttao/scannet/posed_images/scene0292_01/00043.jpg",
      "transform_matrix": [
        [
          -0.855981,
          -0.328376,
          0.399332,
          1.91563
        ],
        [
          -0.5153,
          0.479145,
          -0.710553,
          4.151218
        ],
        [
          0.04199,
          -0.813996,
          -0.579351,
          1.363042
        ],
        [
          0.0,
          0.0,
          0.0,
          1.0
        ]
      ]
    },
    {
      "file_path": "/media/NFS/ttao/scannet/posed_images/scene0292_01/00044.jpg",
      "transform_matrix": [
        [
          -0.851833,
          -0.335798,
          0.402021,
          1.907907
        ],
        [
          -0.522143,
          0.483077,
          -0.702854,
          4.129568
        ],
        [
          0.04181,
          -0.808626,
          -0.586835,
          1.367206
        ],
        [
          0.0,
          0.0,
          0.0,
          1.0
        ]
      ]
    },
    {
      "file_path": "/media/NFS/ttao/scannet/posed_images/scene0292_01/00047.jpg",
      "transform_matrix": [
        [
          -0.845466,
          -0.338588,
          0.412971,
          1.89041
        ],
        [
          -0.53273,
          0.480839,
          -0.696414,
          4.081928
        ],
        [
          0.037225,
          -0.808797,
          -0.586909,
          1.367869
        ],
        [
          0.0,
          0.0,
          0.0,
          1.0
        ]
      ]
    },
    {
      "file_path": "/media/NFS/ttao/scannet/posed_images/scene0292_01/00048.jpg",
      "transform_matrix": [
        [
          -0.845612,
          -0.336401,
          0.414457,
          1.885415
        ],
        [
          -0.53284,
          0.485453,
          -0.693121,
          4.069689
        ],
        [
          0.031967,
          -0.806951,
          -0.589753,
          1.363444
        ],
        [
          0.0,
          0.0,
          0.0,
          1.0
        ]
      ]
    },
    {
      "file_path": "/media/NFS/ttao/scannet/posed_images/scene0292_01/00052.jpg",
      "transform_matrix": [
        [
          -0.853216,
          -0.332263,
          0.402024,
          1.884328
        ],
        [
          -0.521226,
          0.515738,
          -0.679954,
          4.017446
        ],
        [
          0.018584,
          -0.789693,
          -0.613221,
          1.36247
        ],
        [
          0.0,
          0.0,
          0.0,
          1.0
        ]
      ]
    },
    {
      "file_path": "/media/NFS/ttao/scannet/posed_images/scene0292_01/00053.jpg",
      "transform_matrix": [
        [
          -0.854712,
          -0.329394,
          0.401208,
          1.885193
        ],
        [
          -0.518858,
          0.518347,
          -0.679781,
          4.006044
        ],
        [
          0.015951,
          -0.789187,
          -0.613946,
          1.360667
        ],
        [
          0.0,
          0.0,
          0.0,
          1.0
        ]
      ]
    },
    {
      "file_path": "/media/NFS/ttao/scannet/posed_images/scene0292_01/00055.jpg",
      "transform_matrix": [
        [
          -0.856281,
          -0.329054,
          0.398128,
          1.879514
        ],
        [
          -0.516342,
          0.525661,
          -0.676071,
          3.973752
        ],
        [
          0.013183,
          -0.784477,
          -0.620018,
          1.356694
        ],
        [
          0.0,
          0.0,
          0.0,
          1.0
        ]
      ]
    },
    {
      "file_path": "/media/NFS/ttao/scannet/posed_images/scene0292_01/00058.jpg",
      "transform_matrix": [
        [
          -0.866325,
          -0.328537,
          0.376223,
          1.891356
        ],
        [
          -0.499014,
          0.536749,
          -0.680357,
          3.932493
        ],
        [
          0.021586,
          -0.777151,
          -0.628943,
          1.353128
        ],
        [
          0.0,
          0.0,
          0.0,
          1.0
        ]
      ]
    },
    {
      "file_path": "/media/NFS/ttao/scannet/posed_images/scene0292_01/00059.jpg",
      "transform_matrix": [
        [
          -0.868354,
          -0.327266,
          0.372636,
          1.892306
        ],
        [
          -0.495483,
          0.540075,
          -0.680306,
          3.91362
        ],
        [
          0.02139,
          -0.775381,
          -0.631131,
          1.352126
        ],
        [
          0.0,
          0.0,
          0.0,
          1.0
        ]
      ]
    },
    {
      "file_path": "/media/NFS/ttao/scannet/posed_images/scene0292_01/00062.jpg",
      "transform_matrix": [
        [
          -0.872454,
          -0.324076,
          0.365784,
          1.91193
        ],
        [
          -0.488298,
          0.547902,
          -0.679241,
          3.862009
        ],
        [
          0.019712,
          -0.771219,
          -0.636265,
          1.350566
        ],
        [
          0.0,
          0.0,
          0.0,
          1.0
        ]
      ]
    },
    {
      "file_path": "/media/NFS/ttao/scannet/posed_images/scene0292_01/00064.jpg",
      "transform_matrix": [
        [
          -0.87385,
          -0.32666,
          0.36011,
          1.929705
        ],
        [
          -0.485245,
          0.539671,
          -0.687963,
          3.823914
        ],
        [
          0.030389,
          -0.775918,
          -0.630102,
          1.350347
        ],
        [
          0.0,
          0.0,
          0.0,
          1.0
        ]
      ]
    },
    {
      "file_path": "/media/NFS/ttao/scannet/posed_images/scene0292_01/00067.jpg",
      "transform_matrix": [
        [
          -0.880883,
          -0.325416,
          0.343729,
          1.953927
        ],
        [
          -0.470519,
          0.522919,
          -0.710751,
          3.776265
        ],
        [
          0.051547,
          -0.78782,
          -0.613745,
          1.343722
        ],
        [
          0.0,
          0.0,
          0.0,
          1.0
        ]
      ]
    },
    {
      "file_path": "/media/NFS/ttao/scannet/posed_images/scene0292_01/00068.jpg",
      "transform_matrix": [
        [
          -0.881402,
          -0.32616,
          0.341686,
          1.96304
        ],
        [
          -0.470162,
          0.53595,
          -0.701217,
          3.754979
        ],
        [
          0.045582,
          -0.778702,
          -0.625736,
          1.346163
        ],
        [
          0.0,
          0.0,
          0.0,
          1.0
        ]
      ]
    },
    {
      "file_path": "/media/NFS/ttao/scannet/posed_images/scene0292_01/00072.jpg",
      "transform_matrix": [
        [
          -0.871196,
          -0.337998,
          0.356054,
          1.98805
        ],
        [
          -0.488296,
          0.521469,
          -0.699741,
          3.677774
        ],
        [
          0.05084,
          -0.783471,
          -0.619345,
          1.3528
        ],
        [
          0.0,
          0.0,
          0.0,
          1.0
        ]
      ]
    },
    {
      "file_path": "/media/NFS/ttao/scannet/posed_images/scene0292_01/00074.jpg",
      "transform_matrix": [
        [
          -0.879947,
          -0.329704,
          0.342036,
          1.993796
        ],
        [
          -0.471861,
          0.522984,
          -0.709813,
          3.648554
        ],
        [
          0.055149,
          -0.785991,
          -0.615773,
          1.347559
        ],
        [
          0.0,
          0.0,
          0.0,
          1.0
        ]
      ]
    },
    {
      "file_path": "/media/NFS/ttao/scannet/posed_images/scene0292_01/00075.jpg",
      "transform_matrix": [
        [
          -0.88292,
          -0.336554,
          0.32739,
          2.003301
        ],
        [
          -0.466123,
          0.544511,
          -0.697307,
          3.609484
        ],
        [
          0.056414,
          -0.768271,
          -0.637635,
          1.348198
        ],
        [
          0.0,
          0.0,
          0.0,
          1.0
        ]
      ]
    },
    {
      "file_path": "/media/NFS/ttao/scannet/posed_images/scene0292_01/00077.jpg",
      "transform_matrix": [
        [
          -0.878707,
          -0.344918,
          0.330008,
          2.011849
        ],
        [
          -0.473769,
          0.545474,
          -0.691377,
          3.573609
        ],
        [
          0.058457,
          -0.763865,
          -0.642723,
          1.348827
        ],
        [
          0.0,
          0.0,
          0.0,
          1.0
        ]
      ]
    },
    {
      "file_path": "/media/NFS/ttao/scannet/posed_images/scene0292_01/00079.jpg",
      "transform_matrix": [
        [
          -0.874743,
          -0.348011,
          0.337213,
          2.015002
        ],
        [
          -0.481429,
          0.54479,
          -0.686608,
          3.53703
        ],
        [
          0.055237,
          -0.76295,
          -0.644094,
          1.34539
        ],
        [
          0.0,
          0.0,
          0.0,
          1.0
        ]
      ]
    },
    {
      "file_path": "/media/NFS/ttao/scannet/posed_images/scene0292_01/00082.jpg",
      "transform_matrix": [
        [
          -0.859429,
          -0.367487,
          0.355437,
          2.009627
        ],
        [
          -0.507856,
          0.533601,
          -0.676278,
          3.475829
        ],
        [
          0.058862,
          -0.761724,
          -0.645222,
          1.338797
        ],
        [
          0.0,
          0.0,
          0.0,
          1.0
        ]
      ]
    },
    {
      "file_path": "/media/NFS/ttao/scannet/posed_images/scene0292_01/00084.jpg",
      "transform_matrix": [
        [
          -0.846922,
          -0.386066,
          0.365617,
          2.010005
        ],
        [
          -0.526819,
          0.516148,
          -0.675317,
          3.434484
        ],
        [
          0.072004,
          -0.764555,
          -0.640525,
          1.339847
        ],
        [
          0.0,
          0.0,
          0.0,
          1.0
        ]
      ]
    },
    {
      "file_path": "/media/NFS/ttao/scannet/posed_images/scene0292_01/00087.jpg",
      "transform_matrix": [
        [
          -0.832648,
          -0.396182,
          0.386959,
          2.001966
        ],
        [
          -0.547616,
          0.484856,
          -0.681932,
          3.368829
        ],
        [
          0.082549,
          -0.779715,
          -0.62067,
          1.346213
        ],
        [
          0.0,
          0.0,
          0.0,
          1.0
        ]
      ]
    },
    {
      "file_path": "/media/NFS/ttao/scannet/posed_images/scene0292_01/00090.jpg",
      "transform_matrix": [
        [
          -0.81821,
          -0.397419,
          0.41544,
          1.979793
        ],
        [
          -0.570676,
          0.473787,
          -0.670712,
          3.305872
        ],
        [
          0.069723,
          -0.785866,
          -0.614454,
          1.347688
        ],
        [
          0.0,
          0.0,
          0.0,
          1.0
        ]
      ]
    },
    {
      "file_path": "/media/NFS/ttao/scannet/posed_images/scene0292_01/00091.jpg",
      "transform_matrix": [
        [
          -0.815154,
          -0.401378,
          0.417637,
          1.977656
        ],
        [
          -0.575267,
          0.476615,
          -0.66476,
          3.287802
        ],
        [
          0.067769,
          -0.782134,
          -0.619414,
          1.351881
        ],
        [
          0.0,
          0.0,
          0.0,
          1.0
        ]
      ]
    },
    {
      "file_path": "/media/NFS/ttao/scannet/posed_images/scene0292_01/00094.jpg",
      "transform_matrix": [
        [
          -0.80037,
          -0.412426,
          0.435101,
          1.972461
        ],
        [
          -0.595757,
          0.466124,
          -0.654066,
          3.231545
        ],
        [
          0.066943,
          -0.782709,
          -0.618777,
          1.361131
        ],
        [
          0.0,
          0.0,
          0.0,
          1.0
        ]
      ]
    },
    {
      "file_path": "/media/NFS/ttao/scannet/posed_images/scene0292_01/00096.jpg",
      "transform_matrix": [
        [
          -0.791158,
          -0.419225,
          0.445332,
          1.970943
        ],
        [
          -0.608397,
          0.46488,
          -0.643226,
          3.198213
        ],
        [
          0.062631,
          -0.779832,
          -0.622848,
          1.36259
        ],
        [
          0.0,
          0.0,
          0.0,
          1.0
        ]
      ]
    },
    {
      "file_path": "/media/NFS/ttao/scannet/posed_images/scene0292_01/00097.jpg",
      "transform_matrix": [
        [
          -0.787737,
          -0.421902,
          0.448853,
          1.971346
        ],
        [
          -0.613146,
          0.466801,
          -0.637298,
          3.182026
        ],
        [
          0.059353,
          -0.777236,
          -0.626404,
          1.364515
        ],
        [
          0.0,
          0.0,
          0.0,
          1.0
        ]
      ]
    },
    {
      "file_path": "/media/NFS/ttao/scannet/posed_images/scene0292_01/00101.jpg",
      "transform_matrix": [
        [
          -0.774846,
          -0.424909,
          0.468045,
          1.978981
        ],
        [
          -0.630329,
          0.463167,
          -0.623026,
          3.121508
        ],
        [
          0.047947,
          -0.777772,
          -0.626715,
          1.367142
        ],
        [
          0.0,
          0.0,
          0.0,
          1.0
        ]
      ]
    },
    {
      "file_path": "/media/NFS/ttao/scannet/posed_images/scene0292_01/00102.jpg",
      "transform_matrix": [
        [
          -0.774012,
          -0.426705,
          0.467791,
          1.984256
        ],
        [
          -0.631251,
          0.462543,
          -0.622556,
          3.106883
        ],
        [
          0.049274,
          -0.77716,
          -0.627372,
          1.368827
        ],
        [
          0.0,
          0.0,
          0.0,
          1.0
        ]
      ]
    },
    {
      "file_path": "/media/NFS/ttao/scannet/posed_images/scene0292_01/00104.jpg",
      "transform_matrix": [
        [
          -0.77423,
          -0.421661,
          0.471986,
          1.991382
        ],
        [
          -0.631283,
          0.461131,
          -0.623571,
          3.078436
        ],
        [
          0.045288,
          -0.780744,
          -0.623208,
          1.369005
        ],
        [
          0.0,
          0.0,
          0.0,
          1.0
        ]
      ]
    },
    {
      "file_path": "/media/NFS/ttao/scannet/posed_images/scene0292_01/00107.jpg",
      "transform_matrix": [
        [
          -0.778108,
          -0.407981,
          0.477597,
          2.008173
        ],
        [
          -0.627159,
          0.46235,
          -0.62682,
          3.036874
        ],
        [
          0.034914,
          -0.787264,
          -0.615627,
          1.366612
        ],
        [
          0.0,
          0.0,
          0.0,
          1.0
        ]
      ]
    },
    {
      "file_path": "/media/NFS/ttao/scannet/posed_images/scene0292_01/00110.jpg",
      "transform_matrix": [
        [
          -0.775919,
          -0.399482,
          0.488226,
          2.023487
        ],
        [
          -0.630271,
          0.458258,
          -0.626704,
          2.985413
        ],
        [
          0.026624,
          -0.793986,
          -0.607353,
          1.360315
        ],
        [
          0.0,
          0.0,
          0.0,
          1.0
        ]
      ]
    },
    {
      "file_path": "/media/NFS/ttao/scannet/posed_images/scene0292_01/00111.jpg",
      "transform_matrix": [
        [
          -0.774365,
          -0.399554,
          0.490628,
          2.033664
        ],
        [
          -0.632121,
          0.454237,
          -0.627767,
          2.968313
        ],
        [
          0.027965,
          -0.796257,
          -0.604311,
          1.360146
        ],
        [
          0.0,
          0.0,
          0.0,
          1.0
        ]
      ]
    },
    {
      "file_path": "/media/NFS/ttao/scannet/posed_images/scene0292_01/00113.jpg",
      "transform_matrix": [
        [
          -0.77183,
          -0.397438,
          0.496308,
          2.054868
        ],
        [
          -0.634879,
          0.439065,
          -0.635728,
          2.936367
        ],
        [
          0.034751,
          -0.80577,
          -0.591209,
          1.358379
        ],
        [
          0.0,
          0.0,
          0.0,
          1.0
        ]
      ]
    },
    {
      "file_path": "/media/NFS/ttao/scannet/posed_images/scene0292_01/00116.jpg",
      "transform_matrix": [
        [
          -0.771755,
          -0.386068,
          0.505317,
          2.083021
        ],
        [
          -0.634453,
          0.413504,
          -0.653058,
          2.889731
        ],
        [
          0.043174,
          -0.8246,
          -0.564066,
          1.356677
        ],
        [
          0.0,
          0.0,
          0.0,
          1.0
        ]
      ]
    },
    {
      "file_path": "/media/NFS/ttao/scannet/posed_images/scene0292_01/00117.jpg",
      "transform_matrix": [
        [
          -0.773532,
          -0.386329,
          0.502392,
          2.100533
        ],
        [
          -0.632721,
          0.425446,
          -0.647039,
          2.869797
        ],
        [
          0.036229,
          -0.81838,
          -0.573535,
          1.357032
        ],
        [
          0.0,
          0.0,
          0.0,
          1.0
        ]
      ]
    },
    {
      "file_path": "/media/NFS/ttao/scannet/posed_images/scene0292_01/00121.jpg",
      "transform_matrix": [
        [
          -0.759529,
          -0.39015,
          0.52048,
          2.126905
        ],
        [
          -0.64936,
          0.407968,
          -0.64179,
          2.802699
        ],
        [
          0.038055,
          -0.825436,
          -0.563211,
          1.356556
        ],
        [
          0.0,
          0.0,
          0.0,
          1.0
        ]
      ]
    },
    {
      "file_path": "/media/NFS/ttao/scannet/posed_images/scene0292_01/00123.jpg",
      "transform_matrix": [
        [
          -0.755765,
          -0.403299,
          0.515917,
          2.145741
        ],
        [
          -0.653529,
          0.414617,
          -0.63324,
          2.778916
        ],
        [
          0.041477,
          -0.815747,
          -0.57692,
          1.353126
        ],
        [
          0.0,
          0.0,
          0.0,
          1.0
        ]
      ]
    },
    {
      "file_path": "/media/NFS/ttao/scannet/posed_images/scene0292_01/00124.jpg",
      "transform_matrix": [
        [
          -0.750716,
          -0.413649,
          0.515091,
          2.155453
        ],
        [
          -0.659018,
          0.414566,
          -0.627559,
          2.763484
        ],
        [
          0.04605,
          -0.810573,
          -0.583824,
          1.35385
        ],
        [
          0.0,
          0.0,
          0.0,
          1.0
        ]
      ]
    },
    {
      "file_path": "/media/NFS/ttao/scannet/posed_images/scene0292_01/00127.jpg",
      "transform_matrix": [
        [
          -0.725341,
          -0.44048,
          0.529016,
          2.179479
        ],
        [
          -0.686035,
          0.399028,
          -0.608385,
          2.729248
        ],
        [
          0.056889,
          -0.80421,
          -0.591616,
          1.354296
        ],
        [
          0.0,
          0.0,
          0.0,
          1.0
        ]
      ]
    },
    {
      "file_path": "/media/NFS/ttao/scannet/posed_images/scene0292_01/00129.jpg",
      "transform_matrix": [
        [
          -0.713715,
          -0.447947,
          0.538474,
          2.186303
        ],
        [
          -0.697838,
          0.388599,
          -0.601675,
          2.705729
        ],
        [
          0.060268,
          -0.805192,
          -0.589943,
          1.352982
        ],
        [
          0.0,
          0.0,
          0.0,
          1.0
        ]
      ]
    },
    {
      "file_path": "/media/NFS/ttao/scannet/posed_images/scene0292_01/00130.jpg",
      "transform_matrix": [
        [
          -0.709228,
          -0.44809,
          0.544253,
          2.190181
        ],
        [
          -0.702828,
          0.389145,
          -0.595482,
          2.687772
        ],
        [
          0.055036,
          -0.804849,
          -0.590923,
          1.348926
        ],
        [
          0.0,
          0.0,
          0.0,
          1.0
        ]
      ]
    },
    {
      "file_path": "/media/NFS/ttao/scannet/posed_images/scene0292_01/00133.jpg",
      "transform_matrix": [
        [
          -0.683054,
          -0.466302,
          0.562139,
          2.204487
        ],
        [
          -0.728141,
          0.37471,
          -0.573936,
          2.646473
        ],
        [
          0.056988,
          -0.801346,
          -0.595481,
          1.349286
        ],
        [
          0.0,
          0.0,
          0.0,
          1.0
        ]
      ]
    },
    {
      "file_path": "/media/NFS/ttao/scannet/posed_images/scene0292_01/00136.jpg",
      "transform_matrix": [
        [
          -0.644851,
          -0.487802,
          0.588402,
          2.213616
        ],
        [
          -0.76148,
          0.343866,
          -0.549458,
          2.599717
        ],
        [
          0.065696,
          -0.802375,
          -0.593194,
          1.342871
        ],
        [
          0.0,
          0.0,
          0.0,
          1.0
        ]
      ]
    },
    {
      "file_path": "/media/NFS/ttao/scannet/posed_images/scene0292_01/00138.jpg",
      "transform_matrix": [
        [
          -0.620919,
          -0.504012,
          0.600359,
          2.221525
        ],
        [
          -0.780334,
          0.324713,
          -0.534454,
          2.564527
        ],
        [
          0.074427,
          -0.800333,
          -0.594918,
          1.337068
        ],
        [
          0.0,
          0.0,
          0.0,
          1.0
        ]
      ]
    },
    {
      "file_path": "/media/NFS/ttao/scannet/posed_images/scene0292_01/00139.jpg",
      "transform_matrix": [
        [
          -0.607801,
          -0.513746,
          0.60551,
          2.225679
        ],
        [
          -0.790177,
          0.315685,
          -0.525323,
          2.54384
        ],
        [
          0.078732,
          -0.797752,
          -0.597824,
          1.335231
        ],
        [
          0.0,
          0.0,
          0.0,
          1.0
        ]
      ]
    },
    {
      "file_path": "/media/NFS/ttao/scannet/posed_images/scene0292_01/00143.jpg",
      "transform_matrix": [
        [
          -0.548584,
          -0.52978,
          0.646829,
          2.232303
        ],
        [
          -0.832791,
          0.277519,
          -0.479001,
          2.465878
        ],
        [
          0.074258,
          -0.801447,
          -0.593438,
          1.330852
        ],
        [
          0.0,
          0.0,
          0.0,
          1.0
        ]
      ]
    },
    {
      "file_path": "/media/NFS/ttao/scannet/posed_images/scene0292_01/00144.jpg",
      "transform_matrix": [
        [
          -0.539945,
          -0.534163,
          0.650484,
          2.233239
        ],
        [
          -0.838676,
          0.275981,
          -0.469528,
          2.448595
        ],
        [
          0.071283,
          -0.799065,
          -0.597004,
          1.332218
        ],
        [
          0.0,
          0.0,
          0.0,
          1.0
        ]
      ]
    },
    {
      "file_path": "/media/NFS/ttao/scannet/posed_images/scene0292_01/00146.jpg",
      "transform_matrix": [
        [
          -0.521829,
          -0.539635,
          0.660673,
          2.240871
        ],
        [
          -0.850941,
          0.274863,
          -0.447604,
          2.417241
        ],
        [
          0.059949,
          -0.795767,
          -0.602629,
          1.340743
        ],
        [
          0.0,
          0.0,
          0.0,
          1.0
        ]
      ]
    },
    {
      "file_path": "/media/NFS/ttao/scannet/posed_images/scene0292_01/00149.jpg",
      "transform_matrix": [
        [
          -0.500208,
          -0.535328,
          0.6806,
          2.246228
        ],
        [
          -0.8649,
          0.271022,
          -0.422486,
          2.371475
        ],
        [
          0.041711,
          -0.799982,
          -0.598572,
          1.347728
        ],
        [
          0.0,
          0.0,
          0.0,
          1.0
        ]
      ]
    },
    {
      "file_path": "/media/NFS/ttao/scannet/posed_images/scene0292_01/00150.jpg",
      "transform_matrix": [
        [
          -0.500127,
          -0.533427,
          0.68215,
          2.253372
        ],
        [
          -0.865334,
          0.278111,
          -0.416954,
          2.35651
        ],
        [
          0.032702,
          -0.798818,
          -0.600684,
          1.348585
        ],
        [
          0.0,
          0.0,
          0.0,
          1.0
        ]
      ]
    },
    {
      "file_path": "/media/NFS/ttao/scannet/posed_images/scene0292_01/00153.jpg",
      "transform_matrix": [
        [
          -0.491686,
          -0.529256,
          0.691472,
          2.272195
        ],
        [
          -0.870621,
          0.283989,
          -0.401707,
          2.320097
        ],
        [
          0.016236,
          -0.799524,
          -0.600415,
          1.350577
        ],
        [
          0.0,
          0.0,
          0.0,
          1.0
        ]
      ]
    },
    {
      "file_path": "/media/NFS/ttao/scannet/posed_images/scene0292_01/00156.jpg",
      "transform_matrix": [
        [
          -0.472428,
          -0.534625,
          0.700705,
          2.295201
        ],
        [
          -0.881332,
          0.279245,
          -0.381151,
          2.28476
        ],
        [
          0.008105,
          -0.797621,
          -0.603105,
          1.346595
        ],
        [
          0.0,
          0.0,
          0.0,
          1.0
        ]
      ]
    },
    {
      "file_path": "/media/NFS/ttao/scannet/posed_images/scene0292_01/00158.jpg",
      "transform_matrix": [
        [
          -0.464409,
          -0.537167,
          0.704113,
          2.318665
        ],
        [
          -0.88562,
          0.280826,
          -0.369883,
          2.258313
        ],
        [
          0.000956,
          -0.795354,
          -0.606144,
          1.342652
        ],
        [
          0.0,
          0.0,
          0.0,
          1.0
        ]
      ]
    },
    {
      "file_path": "/media/NFS/ttao/scannet/posed_images/scene0292_01/00159.jpg",
      "transform_matrix": [
        [
          -0.461087,
          -0.537817,
          0.705799,
          2.331398
        ],
        [
          -0.887353,
          0.280771,
          -0.365747,
          2.244619
        ],
        [
          -0.001463,
          -0.794935,
          -0.606694,
          1.340602
        ],
        [
          0.0,
          0.0,
          0.0,
          1.0
        ]
      ]
    },
    {
      "file_path": "/media/NFS/ttao/scannet/posed_images/scene0292_01/00163.jpg",
      "transform_matrix": [
        [
          -0.438175,
          -0.531536,
          0.724895,
          2.401374
        ],
        [
          -0.89889,
          0.25861,
          -0.35372,
          2.181227
        ],
        [
          0.00055,
          -0.806592,
          -0.591109,
          1.339173
        ],
        [
          0.0,
          0.0,
          0.0,
          1.0
        ]
      ]
    },
    {
      "file_path": "/media/NFS/ttao/scannet/posed_images/scene0292_01/00164.jpg",
      "transform_matrix": [
        [
          -0.429515,
          -0.528988,
          0.731907,
          2.41536
        ],
        [
          -0.903024,
          0.24439,
          -0.353301,
          2.168242
        ],
        [
          0.008021,
          -0.812678,
          -0.582658,
          1.340517
        ],
        [
          0.0,
          0.0,
          0.0,
          1.0
        ]
      ]
    },
    {
      "file_path": "/media/NFS/ttao/scannet/posed_images/scene0292_01/00167.jpg",
      "transform_matrix": [
        [
          -0.411023,
          -0.504796,
          0.759105,
          2.461998
        ],
        [
          -0.911348,
          0.206991,
          -0.355809,
          2.12551
        ],
        [
          0.022483,
          -0.838055,
          -0.545123,
          1.343848
        ],
        [
          0.0,
          0.0,
          0.0,
          1.0
        ]
      ]
    },
    {
      "file_path": "/media/NFS/ttao/scannet/posed_images/scene0292_01/00168.jpg",
      "transform_matrix": [
        [
          -0.412295,
          -0.507115,
          0.756867,
          2.478631
        ],
        [
          -0.91089,
          0.213854,
          -0.352911,
          2.111232
        ],
        [
          0.017108,
          -0.834926,
          -0.550096,
          1.345649
        ],
        [
          0.0,
          0.0,
          0.0,
          1.0
        ]
      ]
    },
    {
      "file_path": "/media/NFS/ttao/scannet/posed_images/scene0292_01/00172.jpg",
      "transform_matrix": [
        [
          -0.401093,
          -0.487944,
          0.775265,
          2.541034
        ],
        [
          -0.915989,
          0.204973,
          -0.34489,
          2.04868
        ],
        [
          0.009379,
