{
  "frames": [
    {
      "file_path": "/media/NFS/ttao/scannet/posed_images/scene0319_00/00000.jpg",
      "transform_matrix": [
        [
          -0.275356,
          0.651153,
          -0.707233,
          4.62845
        ],
        [
          0.956563,
          0.112313,
          -0.269024,
          2.992739
        ],
        [
          -0.095745,
          -0.75059,
          -0.653795,
          1.302423
        ],
        [
          0.0,
          0.0,
          0.0,
          1.0
        ]
      ]
    },
    {
      "file_path": "/media/NFS/ttao/scannet/posed_images/scene0319_00/00005.jpg",
      "transform_matrix": [
        [
          -0.24387,
          0.687327,
          -0.684185,
          4.680164
        ],
        [
          0.961055,
          0.076705,
          -0.2655,
          3.047671
        ],
        [
          -0.130005,
          -0.722287,
          -0.679265,
          1.298886
        ],
        [
          0.0,
          0.0,
          0.0,
          1.0
        ]
      ]
    },
    {
      "file_path": "/media/NFS/ttao/scannet/posed_images/scene0319_00/00014.jpg",
      "transform_matrix": [
        [
          -0.107473,
          0.691542,
          -0.714296,
          4.801039
        ],
        [
          0.983461,
          -0.031408,
          -0.178379,
          3.107841
        ],
        [
          -0.145791,
          -0.721653,
          -0.676729,
          1.333578
        ],
        [
          0.0,
          0.0,
          0.0,
          1.0
        ]
      ]
    },
    {
      "file_path": "/media/NFS/ttao/scannet/posed_images/scene0319_00/00021.jpg",
      "transform_matrix": [
        [
          -0.053157,
          0.596057,
          -0.801181,
          4.887805
        ],
        [
          0.989191,
          -0.078367,
          -0.123934,
          3.11075
        ],
        [
          -0.136658,
          -0.799109,
          -0.585448,
          1.371338
        ],
        [
          0.0,
          0.0,
          0.0,
          1.0
        ]
      ]
    },
    {
      "file_path": "/media/NFS/ttao/scannet/posed_images/scene0319_00/00023.jpg",
      "transform_matrix": [
        [
          -0.051602,
          0.58538,
          -0.809115,
          4.910311
        ],
        [
          0.987743,
          -0.089593,
          -0.127813,
          3.109174
        ],
        [
          -0.14731,
          -0.805794,
          -0.573582,
          1.376313
        ],
        [
          0.0,
          0.0,
          0.0,
          1.0
        ]
      ]
    },
    {
      "file_path": "/media/NFS/ttao/scannet/posed_images/scene0319_00/00032.jpg",
      "transform_matrix": [
        [
          -0.045318,
          0.49821,
          -0.865871,
          5.015722
        ],
        [
          0.978089,
          -0.154174,
          -0.139901,
          3.099258
        ],
        [
          -0.203195,
          -0.853239,
          -0.480307,
          1.408718
        ],
        [
          0.0,
          0.0,
          0.0,
          1.0
        ]
      ]
    },
    {
      "file_path": "/media/NFS/ttao/scannet/posed_images/scene0319_00/00036.jpg",
      "transform_matrix": [
        [
          -0.044347,
          0.474524,
          -0.879124,
          5.050269
        ],
        [
          0.973838,
          -0.175787,
          -0.144009,
          3.104485
        ],
        [
          -0.222875,
          -0.862511,
          -0.454314,
          1.444933
        ],
        [
          0.0,
          0.0,
          0.0,
          1.0
        ]
      ]
    },
    {
      "file_path": "/media/NFS/ttao/scannet/posed_images/scene0319_00/00043.jpg",
      "transform_matrix": [
        [
          -0.064919,
          0.315453,
          -0.946718,
          5.13857
        ],
        [
          0.970202,
          -0.201984,
          -0.133832,
          3.133996
        ],
        [
          -0.23344,
          -0.927196,
          -0.292941,
          1.521521
        ],
        [
          0.0,
          0.0,
          0.0,
          1.0
        ]
      ]
    },
    {
      "file_path": "/media/NFS/ttao/scannet/posed_images/scene0319_00/00050.jpg",
      "transform_matrix": [
        [
          -0.131248,
          0.219248,
          -0.966801,
          5.218654
        ],
        [
          0.964278,
          -0.198117,
          -0.175834,
          3.189411
        ],
        [
          -0.230091,
          -0.955343,
          -0.185413,
          1.53594
        ],
        [
          0.0,
          0.0,
          0.0,
          1.0
        ]
      ]
    },
    {
      "file_path": "/media/NFS/ttao/scannet/posed_images/scene0319_00/00057.jpg",
      "transform_matrix": [
        [
          -0.145477,
          0.198935,
          -0.969155,
          5.265483
        ],
        [
          0.964899,
          -0.187956,
          -0.18342,
          3.238706
        ],
        [
          -0.218647,
          -0.96182,
          -0.164609,
          1.551129
        ],
        [
          0.0,
          0.0,
          0.0,
          1.0
        ]
      ]
    },
    {
      "file_path": "/media/NFS/ttao/scannet/posed_images/scene0319_00/00059.jpg",
      "transform_matrix": [
        [
          -0.154113,
          0.197888,
          -0.968034,
          5.272323
        ],
        [
          0.962201,
          -0.192595,
          -0.192555,
          3.25474
        ],
        [
          -0.224543,
          -0.961118,
          -0.160726,
          1.548477
        ],
        [
          0.0,
          0.0,
          0.0,
          1.0
        ]
      ]
    },
    {
      "file_path": "/media/NFS/ttao/scannet/posed_images/scene0319_00/00067.jpg",
      "transform_matrix": [
        [
          -0.166237,
          0.12072,
          -0.978668,
          5.299719
        ],
        [
          0.965472,
          -0.181947,
          -0.186438,
          3.29324
        ],
        [
          -0.200573,
          -0.97587,
          -0.086305,
          1.558076
        ],
        [
          0.0,
          0.0,
          0.0,
          1.0
        ]
      ]
    },
    {
      "file_path": "/media/NFS/ttao/scannet/posed_images/scene0319_00/00069.jpg",
      "transform_matrix": [
        [
          -0.173837,
          0.112224,
          -0.978359,
          5.305464
        ],
        [
          0.962702,
          -0.1898,
          -0.192826,
          3.297507
        ],
        [
          -0.207333,
          -0.975388,
          -0.075044,
          1.558625
        ],
        [
          0.0,
          0.0,
          0.0,
          1.0
        ]
      ]
    },
    {
      "file_path": "/media/NFS/ttao/scannet/posed_images/scene0319_00/00078.jpg",
      "transform_matrix": [
        [
          -0.253017,
          0.092867,
          -0.962994,
          5.322073
        ],
        [
          0.946612,
          -0.181773,
          -0.266242,
          3.300682
        ],
        [
          -0.199772,
          -0.978946,
          -0.041918,
          1.54673
        ],
        [
          0.0,
          0.0,
          0.0,
          1.0
        ]
      ]
    },
    {
      "file_path": "/media/NFS/ttao/scannet/posed_images/scene0319_00/00085.jpg",
      "transform_matrix": [
        [
          -0.287671,
          0.09925,
          -0.952573,
          5.330912
        ],
        [
          0.937123,
          -0.176043,
          -0.301348,
          3.297264
        ],
        [
          -0.197603,
          -0.979366,
          -0.042367,
          1.549599
        ],
        [
          0.0,
          0.0,
          0.0,
          1.0
        ]
      ]
    },
    {
      "file_path": "/media/NFS/ttao/scannet/posed_images/scene0319_00/00091.jpg",
      "transform_matrix": [
        [
          -0.274627,
          0.065345,
          -0.959328,
          5.347232
        ],
        [
          0.944522,
          -0.168601,
          -0.281872,
          3.290075
        ],
        [
          -0.180163,
          -0.983516,
          -0.015418,
          1.557792
        ],
        [
          0.0,
          0.0,
          0.0,
          1.0
        ]
      ]
    },
    {
      "file_path": "/media/NFS/ttao/scannet/posed_images/scene0319_00/00096.jpg",
      "transform_matrix": [
        [
          -0.282409,
          0.049157,
          -0.958034,
          5.360188
        ],
        [
          0.943537,
          -0.166035,
          -0.286655,
          3.269283
        ],
        [
          -0.173158,
          -0.984894,
          0.000509,
          1.557046
        ],
        [
          0.0,
          0.0,
          0.0,
          1.0
        ]
      ]
    },
    {
      "file_path": "/media/NFS/ttao/scannet/posed_images/scene0319_00/00099.jpg",
      "transform_matrix": [
        [
          -0.283449,
          0.053391,
          -0.9575,
          5.369507
        ],
        [
          0.943331,
          -0.16416,
          -0.288408,
          3.248762
        ],
        [
          -0.172582,
          -0.984988,
          -0.003835,
          1.55896
        ],
        [
          0.0,
          0.0,
          0.0,
          1.0
        ]
      ]
    },
    {
      "file_path": "/media/NFS/ttao/scannet/posed_images/scene0319_00/00106.jpg",
      "transform_matrix": [
        [
          -0.277609,
          0.099047,
          -0.955575,
          5.397684
        ],
        [
          0.941907,
          -0.167686,
          -0.291019,
          3.181687
        ],
        [
          -0.189061,
          -0.980852,
          -0.046742,
          1.53448
        ],
        [
          0.0,
          0.0,
          0.0,
          1.0
        ]
      ]
    },
    {
      "file_path": "/media/NFS/ttao/scannet/posed_images/scene0319_00/00115.jpg",
      "transform_matrix": [
        [
          -0.163769,
          0.212685,
          -0.963299,
          5.45463
        ],
        [
          0.956282,
          -0.205603,
          -0.207971,
          3.08378
        ],
        [
          -0.24229,
          -0.955245,
          -0.169715,
          1.477928
        ],
        [
          0.0,
          0.0,
          0.0,
          1.0
        ]
      ]
    },
    {
      "file_path": "/media/NFS/ttao/scannet/posed_images/scene0319_00/00117.jpg",
      "transform_matrix": [
        [
          -0.127066,
          0.219819,
          -0.96723,
          5.475795
        ],
        [
          0.962804,
          -0.207096,
          -0.17355,
          3.062677
        ],
        [
          -0.238459,
          -0.953305,
          -0.185328,
          1.456831
        ],
        [
          0.0,
          0.0,
          0.0,
          1.0
        ]
      ]
    },
    {
      "file_path": "/media/NFS/ttao/scannet/posed_images/scene0319_00/00122.jpg",
      "transform_matrix": [
        [
          -0.045308,
          0.261034,
          -0.964266,
          5.517327
        ],
        [
          0.969973,
          -0.219397,
          -0.104969,
          3.019723
        ],
        [
          -0.238957,
          -0.940067,
          -0.243256,
          1.422095
        ],
        [
          0.0,
          0.0,
          0.0,
          1.0
        ]
      ]
    },
    {
      "file_path": "/media/NFS/ttao/scannet/posed_images/scene0319_00/00130.jpg",
      "transform_matrix": [
        [
          -0.010765,
          0.266112,
          -0.963882,
          5.619336
        ],
        [
          0.973006,
          -0.219439,
          -0.07145,
          2.996181
        ],
        [
          -0.230528,
          -0.938632,
          -0.256566,
          1.370365
        ],
        [
          0.0,
          0.0,
          0.0,
          1.0
        ]
      ]
    },
    {
      "file_path": "/media/NFS/ttao/scannet/posed_images/scene0319_00/00138.jpg",
      "transform_matrix": [
        [
          0.026327,
          0.285676,
          -0.957965,
          5.749714
        ],
        [
          0.974752,
          -0.219896,
          -0.038787,
          2.983802
        ],
        [
          -0.221733,
          -0.932757,
          -0.284252,
          1.323277
        ],
        [
          0.0,
          0.0,
          0.0,
          1.0
        ]
      ]
    },
    {
      "file_path": "/media/NFS/ttao/scannet/posed_images/scene0319_00/00140.jpg",
      "transform_matrix": [
        [
          0.029151,
          0.285415,
          -0.957961,
          5.791636
        ],
        [
          0.972696,
          -0.228856,
          -0.038586,
          2.989635
        ],
        [
          -0.230248,
          -0.930679,
          -0.284293,
          1.308398
        ],
        [
          0.0,
          0.0,
          0.0,
          1.0
        ]
      ]
    },
    {
      "file_path": "/media/NFS/ttao/scannet/posed_images/scene0319_00/00147.jpg",
      "transform_matrix": [
        [
          0.109681,
          0.3391,
          -0.934335,
          5.91844
        ],
        [
          0.977899,
          -0.205152,
          0.040339,
          2.992318
        ],
        [
          -0.178002,
          -0.918109,
          -0.354107,
          1.29851
        ],
        [
          0.0,
          0.0,
          0.0,
          1.0
        ]
      ]
    },
    {
      "file_path": "/media/NFS/ttao/scannet/posed_images/scene0319_00/00156.jpg",
      "transform_matrix": [
        [
          0.214068,
          0.264201,
          -0.940411,
          6.058271
        ],
        [
          0.962992,
          -0.218492,
          0.157825,
          2.992255
        ],
        [
          -0.163775,
          -0.939393,
          -0.301196,
          1.301253
        ],
        [
          0.0,
          0.0,
          0.0,
          1.0
        ]
      ]
    },
    {
      "file_path": "/media/NFS/ttao/scannet/posed_images/scene0319_00/00163.jpg",
      "transform_matrix": [
        [
          0.314239,
          0.268206,
          -0.91067,
          6.190434
        ],
        [
          0.93158,
          -0.271818,
          0.2414,
          2.955545
        ],
        [
          -0.182792,
          -0.924219,
          -0.335271,
          1.265519
        ],
        [
          0.0,
          0.0,
          0.0,
          1.0
        ]
      ]
    },
    {
      "file_path": "/media/NFS/ttao/scannet/posed_images/scene0319_00/00167.jpg",
      "transform_matrix": [
        [
          0.32674,
          0.303636,
          -0.895011,
          6.252317
        ],
        [
          0.931347,
          -0.264489,
          0.250277,
          2.950774
        ],
        [
          -0.160727,
          -0.915342,
          -0.36921,
          1.264028
        ],
        [
          0.0,
          0.0,
          0.0,
          1.0
        ]
      ]
    },
    {
      "file_path": "/media/NFS/ttao/scannet/posed_images/scene0319_00/00172.jpg",
      "transform_matrix": [
        [
          0.361925,
          0.320161,
          -0.875504,
          6.327225
        ],
        [
          0.917658,
          -0.287643,
          0.274164,
          2.957501
        ],
        [
          -0.164056,
          -0.90264,
          -0.397903,
          1.276167
        ],
        [
          0.0,
          0.0,
          0.0,
          1.0
        ]
      ]
    },
    {
      "file_path": "/media/NFS/ttao/scannet/posed_images/scene0319_00/00181.jpg",
      "transform_matrix": [
        [
          0.454504,
          0.264042,
          -0.85071,
          6.441846
        ],
        [
          0.871328,
          -0.330118,
          0.363057,
          3.008405
        ],
        [
          -0.184972,
          -0.906258,
          -0.380107,
          1.286989
        ],
        [
          0.0,
          0.0,
          0.0,
          1.0
        ]
      ]
    },
    {
      "file_path": "/media/NFS/ttao/scannet/posed_images/scene0319_00/00185.jpg",
      "transform_matrix": [
        [
          0.490533,
          0.248213,
          -0.835325,
          6.499104
        ],
        [
          0.854677,
          -0.324053,
          0.405607,
          3.035712
        ],
        [
          -0.170013,
          -0.912896,
          -0.371101,
          1.280819
        ],
        [
          0.0,
          0.0,
          0.0,
          1.0
        ]
      ]
    },
    {
      "file_path": "/media/NFS/ttao/scannet/posed_images/scene0319_00/00188.jpg",
      "transform_matrix": [
        [
          0.512893,
          0.259395,
          -0.818325,
          6.546157
        ],
        [
          0.844122,
          -0.325848,
          0.425773,
          3.063617
        ],
        [
          -0.156206,
          -0.909141,
          -0.386086,
          1.28328
        ],
        [
          0.0,
          0.0,
          0.0,
          1.0
        ]
      ]
    },
    {
      "file_path": "/media/NFS/ttao/scannet/posed_images/scene0319_00/00197.jpg",
      "transform_matrix": [
        [
          0.592746,
          0.288385,
          -0.751988,
          6.674443
        ],
        [
          0.799578,
          -0.322677,
          0.506513,
          3.211637
        ],
        [
          -0.096578,
          -0.901506,
          -0.421852,
          1.292878
        ],
        [
          0.0,
          0.0,
          0.0,
          1.0
        ]
      ]
    },
    {
      "file_path": "/media/NFS/ttao/scannet/posed_images/scene0319_00/00204.jpg",
      "transform_matrix": [
        [
          0.669328,
          0.230023,
          -0.706462,
          6.66351
        ],
        [
          0.736017,
          -0.335037,
          0.588243,
          3.220211
        ],
        [
          -0.101381,
          -0.913696,
          -0.393551,
          1.300418
        ],
        [
          0.0,
          0.0,
          0.0,
          1.0
        ]
      ]
    },
    {
      "file_path": "/media/NFS/ttao/scannet/posed_images/scene0319_00/00209.jpg",
      "transform_matrix": [
        [
          0.687756,
          0.200535,
          -0.697694,
          6.683341
        ],
        [
          0.71673,
          -0.3402,
          0.608739,
          3.299846
        ],
        [
          -0.115282,
          -0.918722,
          -0.377704,
          1.292489
        ],
        [
          0.0,
          0.0,
          0.0,
          1.0
        ]
      ]
    },
    {
      "file_path": "/media/NFS/ttao/scannet/posed_images/scene0319_00/00211.jpg",
      "transform_matrix": [
        [
          0.694136,
          0.198849,
          -0.691834,
          6.689548
        ],
        [
          0.710614,
          -0.342704,
          0.614477,
          3.32803
        ],
        [
          -0.114906,
          -0.918158,
          -0.379188,
          1.281576
        ],
        [
          0.0,
          0.0,
          0.0,
          1.0
        ]
      ]
    },
    {
      "file_path": "/media/NFS/ttao/scannet/posed_images/scene0319_00/00218.jpg",
      "transform_matrix": [
        [
          0.723723,
          0.205745,
          -0.658706,
          6.691894
        ],
        [
          0.683251,
          -0.347692,
          0.642089,
          3.470251
        ],
        [
          -0.09692,
          -0.914756,
          -0.392208,
          1.274168
        ],
        [
          0.0,
          0.0,
          0.0,
          1.0
        ]
      ]
    },
    {
      "file_path": "/media/NFS/ttao/scannet/posed_images/scene0319_00/00227.jpg",
      "transform_matrix": [
        [
          0.733062,
          0.15004,
          -0.663406,
          6.702573
        ],
        [
          0.665896,
          -0.357032,
          0.655065,
          3.646412
        ],
        [
          -0.138572,
          -0.921963,
          -0.361637,
          1.28314
        ],
        [
          0.0,
          0.0,
          0.0,
          1.0
        ]
      ]
    },
    {
      "file_path": "/media/NFS/ttao/scannet/posed_images/scene0319_00/00229.jpg",
      "transform_matrix": [
        [
          0.722577,
          0.149475,
          -0.674937,
          6.705929
        ],
        [
          0.676494,
          -0.35382,
          0.645885,
          3.68658
        ],
        [
          -0.142262,
          -0.923292,
          -0.356782,
          1.276377
        ],
        [
          0.0,
          0.0,
          0.0,
          1.0
        ]
      ]
    },
    {
      "file_path": "/media/NFS/ttao/scannet/posed_images/scene0319_00/00238.jpg",
      "transform_matrix": [
        [
          0.66119,
          0.22085,
          -0.716975,
          6.734302
        ],
        [
          0.745972,
          -0.29508,
          0.597037,
          3.881083
        ],
        [
          -0.079709,
          -0.929598,
          -0.359852,
          1.261063
        ],
        [
          0.0,
          0.0,
          0.0,
          1.0
        ]
      ]
    },
    {
      "file_path": "/media/NFS/ttao/scannet/posed_images/scene0319_00/00243.jpg",
      "transform_matrix": [
        [
          0.60447,
          0.221417,
          -0.765239,
          6.731609
        ],
        [
          0.787197,
          -0.313393,
          0.531137,
          3.961158
        ],
        [
          -0.122218,
          -0.92345,
          -0.363736,
          1.258304
        ],
        [
          0.0,
          0.0,
          0.0,
          1.0
        ]
      ]
    },
    {
      "file_path": "/media/NFS/ttao/scannet/posed_images/scene0319_00/00252.jpg",
      "transform_matrix": [
        [
          0.46765,
          0.266306,
          -0.842843,
          6.673614
        ],
        [
          0.869362,
          -0.310887,
          0.384136,
          4.114109
        ],
        [
          -0.159731,
          -0.912376,
          -0.376903,
          1.238574
        ],
        [
          0.0,
          0.0,
          0.0,
          1.0
        ]
      ]
    },
    {
      "file_path": "/media/NFS/ttao/scannet/posed_images/scene0319_00/00257.jpg",
      "transform_matrix": [
        [
          0.402599,
          0.267833,
          -0.875317,
          6.622005
        ],
        [
          0.903897,
          -0.267289,
          0.333958,
          4.216547
        ],
        [
          -0.144518,
          -0.925647,
          -0.349703,
          1.238849
        ],
        [
          0.0,
          0.0,
          0.0,
          1.0
        ]
      ]
    },
    {
      "file_path": "/media/NFS/ttao/scannet/posed_images/scene0319_00/00259.jpg",
      "transform_matrix": [
        [
          0.39056,
          0.286345,
          -0.874911,
          6.599486
        ],
        [
          0.911496,
          -0.25345,
          0.323941,
          4.256438
        ],
        [
          -0.128987,
          -0.923997,
          -0.35999,
          1.245345
        ],
        [
          0.0,
          0.0,
          0.0,
          1.0
        ]
      ]
    },
    {
      "file_path": "/media/NFS/ttao/scannet/posed_images/scene0319_00/00270.jpg",
      "transform_matrix": [
        [
          0.237663,
          0.307866,
          -0.921268,
          6.500241
        ],
        [
          0.956183,
          -0.241087,
          0.166105,
          4.442848
        ],
        [
          -0.170968,
          -0.920378,
          -0.351674,
          1.262966
        ],
        [
          0.0,
          0.0,
          0.0,
          1.0
        ]
      ]
    },
    {
      "file_path": "/media/NFS/ttao/scannet/posed_images/scene0319_00/00272.jpg",
      "transform_matrix": [
        [
          0.204498,
          0.310018,
          -0.928477,
          6.488836
        ],
        [
          0.964027,
          -0.228325,
          0.13609,
          4.47802
        ],
        [
          -0.169804,
          -0.922907,
          -0.345558,
          1.252984
        ],
        [
          0.0,
          0.0,
          0.0,
          1.0
        ]
      ]
    },
    {
      "file_path": "/media/NFS/ttao/scannet/posed_images/scene0319_00/00277.jpg",
      "transform_matrix": [
        [
          0.103326,
          0.321193,
          -0.94136,
          6.453914
        ],
        [
          0.983704,
          -0.173006,
          0.048944,
          4.578585
        ],
        [
          -0.14714,
          -0.931077,
          -0.333835,
          1.233191
        ],
        [
          0.0,
          0.0,
          0.0,
          1.0
        ]
      ]
    },
    {
      "file_path": "/media/NFS/ttao/scannet/posed_images/scene0319_00/00284.jpg",
      "transform_matrix": [
        [
          0.019188,
          0.354443,
          -0.93488,
          6.39586
        ],
        [
          0.98973,
          -0.139212,
          -0.032466,
          4.683308
        ],
        [
          -0.141654,
          -0.924657,
          -0.353474,
          1.218624
        ],
        [
          0.0,
          0.0,
          0.0,
          1.0
        ]
      ]
    },
    {
      "file_path": "/media/NFS/ttao/scannet/posed_images/scene0319_00/00289.jpg",
      "transform_matrix": [
        [
          -0.063861,
          0.365961,
          -0.928436,
          6.355668
        ],
        [
          0.985566,
          -0.123032,
          -0.116286,
          4.749649
        ],
        [
          -0.156784,
          -0.922462,
          -0.352822,
          1.198433
        ],
        [
          0.0,
          0.0,
          0.0,
          1.0
        ]
      ]
    },
    {
      "file_path": "/media/NFS/ttao/scannet/posed_images/scene0319_00/00298.jpg",
      "transform_matrix": [
        [
          -0.239733,
          0.351371,
          -0.905023,
          6.289185
        ],
        [
          0.96364,
          -0.027192,
          -0.265818,
          4.891909
        ],
        [
          -0.11801,
          -0.935842,
          -0.332076,
          1.166333
        ],
        [
          0.0,
          0.0,
          0.0,
          1.0
        ]
      ]
    },
    {
      "file_path": "/media/NFS/ttao/scannet/posed_images/scene0319_00/00300.jpg",
      "transform_matrix": [
        [
          -0.257983,
          0.363593,
          -0.895123,
          6.274076
        ],
        [
          0.960765,
          -0.001137,
          -0.277364,
          4.927783
        ],
        [
          -0.101865,
          -0.931557,
          -0.349034,
          1.162264
        ],
        [
          0.0,
          0.0,
          0.0,
          1.0
        ]
      ]
    },
    {
      "file_path": "/media/NFS/ttao/scannet/posed_images/scene0319_00/00309.jpg",
      "transform_matrix": [
        [
          -0.383379,
          0.385092,
          -0.839479,
          6.225654
        ],
        [
          0.909741,
          0.000631,
          -0.415177,
          5.052385
        ],
        [
          -0.159352,
          -0.922878,
          -0.350576,
          1.171941
        ],
        [
          0.0,
          0.0,
          0.0,
          1.0
        ]
      ]
    },
    {
      "file_path": "/media/NFS/ttao/scannet/posed_images/scene0319_00/00316.jpg",
      "transform_matrix": [
        [
          -0.531095,
          0.380163,
          -0.757241,
          6.222198
        ],
        [
          0.825994,
          0.033081,
          -0.562708,
          5.163006
        ],
        [
          -0.18887,
          -0.924328,
          -0.331581,
          1.160996
        ],
        [
          0.0,
          0.0,
          0.0,
          1.0
        ]
      ]
    },
    {
      "file_path": "/media/NFS/ttao/scannet/posed_images/scene0319_00/00318.jpg",
      "transform_matrix": [
        [
          -0.573907,
          0.356659,
          -0.737174,
          6.22605
        ],
        [
          0.801741,
          0.061288,
          -0.594521,
          5.19624
        ],
        [
          -0.166861,
          -0.932222,
          -0.321122,
          1.158726
        ],
        [
          0.0,
          0.0,
          0.0,
          1.0
        ]
      ]
    },
    {
      "file_path": "/media/NFS/ttao/scannet/posed_images/scene0319_00/00325.jpg",
      "transform_matrix": [
        [
          -0.673489,
          0.293649,
          -0.678368,
          6.249474
        ],
        [
          0.731227,
          0.130256,
          -0.669583,
          5.312331
        ],
        [
          -0.108261,
          -0.946997,
          -0.30245,
          1.155861
        ],
        [
          0.0,
          0.0,
          0.0,
          1.0
        ]
      ]
    },
    {
      "file_path": "/media/NFS/ttao/scannet/posed_images/scene0319_00/00330.jpg",
      "transform_matrix": [
        [
          -0.72631,
          0.309385,
          -0.613804,
          6.283772
        ],
        [
          0.672863,
          0.13754,
          -0.726869,
          5.381966
        ],
        [
          -0.140459,
          -0.940938,
          -0.30807,
          1.15547
        ],
        [
          0.0,
          0.0,
          0.0,
          1.0
        ]
      ]
    },
    {
      "file_path": "/media/NFS/ttao/scannet/posed_images/scene0319_00/00335.jpg",
      "transform_matrix": [
        [
          -0.779729,
          0.281754,
          -0.55914,
          6.327598
        ],
        [
          0.610848,
          0.1463,
          -0.778114,
          5.45289
        ],
        [
          -0.137434,
          -0.948267,
          -0.286183,
          1.150246
        ],
        [
          0.0,
          0.0,
          0.0,
          1.0
        ]
      ]
    },
    {
      "file_path": "/media/NFS/ttao/scannet/posed_images/scene0319_00/00344.jpg",
      "transform_matrix": [
        [
          -0.843954,
          0.231513,
          -0.483884,
          6.413748
        ],
        [
          0.519462,
          0.127731,
          -0.844893,
          5.606471
        ],
        [
          -0.133797,
          -0.96441,
          -0.228062,
          1.139521
        ],
        [
          0.0,
          0.0,
          0.0,
          1.0
        ]
      ]
    },
    {
      "file_path": "/media/NFS/ttao/scannet/posed_images/scene0319_00/00351.jpg",
      "transform_matrix": [
        [
          -0.870939,
          0.236705,
          -0.430623,
          6.444242
        ],
        [
          0.475639,
          0.185981,
          -0.859755,
          5.699992
        ],
        [
          -0.123421,
          -0.953615,
          -0.274564,
          1.144099
        ],
        [
          0.0,
          0.0,
          0.0,
          1.0
        ]
      ]
    },
    {
      "file_path": "/media/NFS/ttao/scannet/posed_images/scene0319_00/00353.jpg",
      "transform_matrix": [
        [
          -0.871211,
          0.229927,
          -0.433733,
          6.446556
        ],
        [
          0.476878,
          0.186663,
          -0.858921,
          5.724308
        ],
        [
          -0.116527,
          -0.955139,
          -0.27227,
          1.142713
        ],
        [
          0.0,
          0.0,
          0.0,
          1.0
        ]
      ]
    },
    {
      "file_path": "/media/NFS/ttao/scannet/posed_images/scene0319_00/00364.jpg",
      "transform_matrix": [
        [
          -0.841972,
          0.226584,
          -0.489636,
          6.412408
        ],
        [
          0.526195,
          0.144406,
          -0.838013,
          5.877191
        ],
        [
          -0.119174,
          -0.963227,
          -0.240813,
          1.128754
        ],
        [
          0.0,
          0.0,
          0.0,
          1.0
        ]
      ]
    },
    {
      "file_path": "/media/NFS/ttao/scannet/posed_images/scene0319_00/00366.jpg",
      "transform_matrix": [
        [
          -0.83885,
          0.232798,
          -0.492074,
          6.398108
        ],
        [
          0.531309,
          0.153356,
          -0.833183,
          5.910871
        ],
        [
          -0.118501,
          -0.960358,
          -0.25233,
          1.119431
        ],
        [
          0.0,
          0.0,
          0.0,
          1.0
        ]
      ]
    },
    {
      "file_path": "/media/NFS/ttao/scannet/posed_images/scene0319_00/00376.jpg",
      "transform_matrix": [
        [
          -0.753457,
          0.261508,
          -0.603254,
          6.275067
        ],
        [
          0.654507,
          0.210903,
          -0.726045,
          6.079806
        ],
        [
          -0.062638,
          -0.941878,
          -0.330065,
          1.085929
        ],
        [
          0.0,
          0.0,
          0.0,
          1.0
        ]
      ]
    },
    {
      "file_path": "/media/NFS/ttao/scannet/posed_images/scene0319_00/00380.jpg",
      "transform_matrix": [
        [
          -0.696955,
          0.291687,
          -0.655113,
          6.231555
        ],
        [
          0.712545,
          0.178708,
          -0.678486,
          6.119015
        ],
        [
          -0.080831,
          -0.939671,
          -0.332392,
          1.08348
        ],
        [
          0.0,
          0.0,
          0.0,
          1.0
        ]
      ]
    },
    {
      "file_path": "/media/NFS/ttao/scannet/posed_images/scene0319_00/00383.jpg",
      "transform_matrix": [
        [
          -0.673203,
          0.306319,
          -0.673028,
          6.188784
        ],
        [
          0.732907,
          0.155523,
          -0.662314,
          6.140581
        ],
        [
          -0.098208,
          -0.939139,
          -0.329201,
          1.088303
        ],
        [
          0.0,
          0.0,
          0.0,
          1.0
        ]
      ]
    },
    {
      "file_path": "/media/NFS/ttao/scannet/posed_images/scene0319_00/00392.jpg",
      "transform_matrix": [
        [
          -0.609491,
          0.287686,
          -0.738754,
          6.064013
        ],
        [
          0.787841,
          0.115792,
          -0.604896,
          6.154611
        ],
        [
          -0.088478,
          -0.950699,
          -0.297225,
          1.071973
        ],
        [
          0.0,
          0.0,
          0.0,
          1.0
        ]
      ]
    },
    {
      "file_path": "/media/NFS/ttao/scannet/posed_images/scene0319_00/00398.jpg",
      "transform_matrix": [
        [
          -0.555278,
          0.277218,
          -0.784103,
          5.950176
        ],
        [
          0.830937,
          0.145485,
          -0.537008,
          6.154343
        ],
        [
          -0.034794,
          -0.949728,
          -0.311135,
          1.082875
        ],
        [
          0.0,
          0.0,
          0.0,
          1.0
        ]
      ]
    },
    {
      "file_path": "/media/NFS/ttao/scannet/posed_images/scene0319_00/00405.jpg",
      "transform_matrix": [
        [
          -0.482678,
          0.280709,
          -0.829593,
          5.852367
        ],
        [
          0.875646,
          0.137018,
          -0.46311,
          6.102594
        ],
        [
          -0.01633,
          -0.949962,
          -0.311937,
          1.106411
        ],
        [
          0.0,
          0.0,
          0.0,
          1.0
        ]
      ]
    },
    {
      "file_path": "/media/NFS/ttao/scannet/posed_images/scene0319_00/00408.jpg",
      "transform_matrix": [
        [
          -0.495749,
          0.280692,
          -0.821855,
          5.797902
        ],
        [
          0.867894,
          0.125764,
          -0.480567,
          6.097783
        ],
        [
          -0.031531,
          -0.951523,
          -0.305958,
          1.101887
        ],
        [
          0.0,
          0.0,
          0.0,
          1.0
        ]
      ]
    },
    {
      "file_path": "/media/NFS/ttao/scannet/posed_images/scene0319_00/00414.jpg",
      "transform_matrix": [
        [
          -0.478033,
          0.30223,
          -0.824707,
          5.663646
        ],
        [
          0.877956,
          0.136585,
          -0.458844,
          6.094564
        ],
        [
          -0.026034,
          -0.943399,
          -0.330637,
          1.097886
        ],
        [
          0.0,
          0.0,
          0.0,
          1.0
        ]
      ]
    },
    {
      "file_path": "/media/NFS/ttao/scannet/posed_images/scene0319_00/00419.jpg",
      "transform_matrix": [
        [
          -0.390363,
          0.320367,
          -0.863123,
          5.556314
        ],
        [
          0.920121,
          0.103656,
          -0.377667,
          6.098961
        ],
        [
          -0.031524,
          -0.941605,
          -0.33524,
          1.120699
        ],
        [
          0.0,
          0.0,
          0.0,
          1.0
        ]
      ]
    },
    {
      "file_path": "/media/NFS/ttao/scannet/posed_images/scene0319_00/00424.jpg",
      "transform_matrix": [
        [
          -0.282474,
          0.322089,
          -0.903586,
          5.46154
        ],
        [
          0.9579,
          0.044292,
          -0.283666,
          6.090118
        ],
        [
          -0.051344,
          -0.945673,
          -0.32104,
          1.125247
        ],
        [
          0.0,
          0.0,
          0.0,
          1.0
        ]
      ]
    },
    {
      "file_path": "/media/NFS/ttao/scannet/posed_images/scene0319_00/00435.jpg",
      "transform_matrix": [
        [
          -0.016551,
          0.280658,
          -0.959665,
          5.286636
        ],
        [
          0.997239,
          -0.06486,
          -0.036167,
          6.096775
        ],
        [
          -0.072394,
          -0.957614,
          -0.278809,
          1.132236
        ],
        [
          0.0,
          0.0,
          0.0,
          1.0
        ]
      ]
    },
    {
      "file_path": "/media/NFS/ttao/scannet/posed_images/scene0319_00/00438.jpg",
      "transform_matrix": [
        [
          0.047204,
          0.294657,
          -0.954437,
          5.24591
        ],
        [
          0.996079,
          -0.085465,
          0.022879,
          6.086164
        ],
        [
          -0.074829,
          -0.951774,
          -0.297536,
          1.134693
        ],
        [
          0.0,
          0.0,
          0.0,
          1.0
        ]
      ]
    },
    {
      "file_path": "/media/NFS/ttao/scannet/posed_images/scene0319_00/00446.jpg",
      "transform_matrix": [
        [
          0.151461,
          0.272105,
          -0.950273,
          5.164248
        ],
        [
          0.98549,
          -0.116085,
          0.123833,
          6.043493
        ],
        [
          -0.076617,
          -0.95524,
          -0.285739,
          1.12727
        ],
        [
          0.0,
          0.0,
          0.0,
          1.0
        ]
      ]
    },
    {
      "file_path": "/media/NFS/ttao/scannet/posed_images/scene0319_00/00449.jpg",
      "transform_matrix": [
        [
          0.129526,
          0.2856,
          -0.949555,
          5.137627
        ],
        [
          0.988362,
          -0.114226,
          0.100463,
          6.031703
        ],
        [
          -0.079771,
          -0.951517,
          -0.297071,
          1.124373
        ],
        [
          0.0,
          0.0,
          0.0,
          1.0
        ]
      ]
    },
    {
      "file_path": "/media/NFS/ttao/scannet/posed_images/scene0319_00/00458.jpg",
      "transform_matrix": [
        [
          -0.020132,
          0.283957,
          -0.958626,
          5.054764
        ],
        [
          0.998137,
          -0.049526,
          -0.035632,
          6.014555
        ],
        [
          -0.057595,
