{
  "frames": [
    {
      "file_path": "/media/NFS/ttao/scannet/posed_images/scene0000_02/00000.jpg",
      "transform_matrix": [
        [
          -0.869565,
          0.231948,
          -0.435955,
          2.750575
        ],
        [
          0.492522,
          0.471291,
          -0.731647,
          3.154689
        ],
        [
          0.035758,
          -0.850932,
          -0.524058,
          1.290553
        ],
        [
          0.0,
          0.0,
          0.0,
          1.0
        ]
      ]
    },
    {
      "file_path": "/media/NFS/ttao/scannet/posed_images/scene0000_02/00019.jpg",
      "transform_matrix": [
        [
          -0.846126,
          0.35093,
          -0.401148,
          2.567975
        ],
        [
          0.532921,
          0.545448,
          -0.646902,
          3.000592
        ],
        [
          -0.008212,
          -0.761141,
          -0.648535,
          1.238974
        ],
        [
          0.0,
          0.0,
          0.0,
          1.0
        ]
      ]
    },
    {
      "file_path": "/media/NFS/ttao/scannet/posed_images/scene0000_02/00043.jpg",
      "transform_matrix": [
        [
          -0.856787,
          0.288194,
          -0.427622,
          2.65784
        ],
        [
          0.514876,
          0.43205,
          -0.740429,
          3.254154
        ],
        [
          -0.028633,
          -0.854562,
          -0.518559,
          1.318887
        ],
        [
          0.0,
          0.0,
          0.0,
          1.0
        ]
      ]
    },
    {
      "file_path": "/media/NFS/ttao/scannet/posed_images/scene0000_02/00056.jpg",
      "transform_matrix": [
        [
          -0.797197,
          0.326336,
          -0.507919,
          2.848541
        ],
        [
          0.603059,
          0.391092,
          -0.695246,
          3.375595
        ],
        [
          -0.028241,
          -0.860553,
          -0.508577,
          1.383848
        ],
        [
          0.0,
          0.0,
          0.0,
          1.0
        ]
      ]
    },
    {
      "file_path": "/media/NFS/ttao/scannet/posed_images/scene0000_02/00080.jpg",
      "transform_matrix": [
        [
          -0.803461,
          0.186326,
          -0.56545,
          3.005954
        ],
        [
          0.595129,
          0.225019,
          -0.771485,
          3.527926
        ],
        [
          -0.016511,
          -0.956373,
          -0.291681,
          1.442269
        ],
        [
          0.0,
          0.0,
          0.0,
          1.0
        ]
      ]
    },
    {
      "file_path": "/media/NFS/ttao/scannet/posed_images/scene0000_02/00105.jpg",
      "transform_matrix": [
        [
          -0.758146,
          0.050856,
          -0.650098,
          3.099059
        ],
        [
          0.652082,
          0.056161,
          -0.756066,
          3.46149
        ],
        [
          -0.00194,
          -0.997126,
          -0.075741,
          1.583815
        ],
        [
          0.0,
          0.0,
          0.0,
          1.0
        ]
      ]
    },
    {
      "file_path": "/media/NFS/ttao/scannet/posed_images/scene0000_02/00123.jpg",
      "transform_matrix": [
        [
          -0.732676,
          -0.038012,
          -0.679515,
          3.097224
        ],
        [
          0.68043,
          -0.020122,
          -0.732537,
          3.42403
        ],
        [
          0.014172,
          -0.999075,
          0.040607,
          1.655072
        ],
        [
          0.0,
          0.0,
          0.0,
          1.0
        ]
      ]
    },
    {
      "file_path": "/media/NFS/ttao/scannet/posed_images/scene0000_02/00142.jpg",
      "transform_matrix": [
        [
          -0.763001,
          -0.107572,
          -0.637383,
          3.109402
        ],
        [
          0.645243,
          -0.067866,
          -0.760957,
          3.408162
        ],
        [
          0.038601,
          -0.991878,
          0.121192,
          1.699095
        ],
        [
          0.0,
          0.0,
          0.0,
          1.0
        ]
      ]
    },
    {
      "file_path": "/media/NFS/ttao/scannet/posed_images/scene0000_02/00160.jpg",
      "transform_matrix": [
        [
          -0.80728,
          -0.012427,
          -0.590038,
          3.135055
        ],
        [
          0.589217,
          0.039783,
          -0.806995,
          3.370459
        ],
        [
          0.033502,
          -0.999131,
          -0.024794,
          1.619077
        ],
        [
          0.0,
          0.0,
          0.0,
          1.0
        ]
      ]
    },
    {
      "file_path": "/media/NFS/ttao/scannet/posed_images/scene0000_02/00191.jpg",
      "transform_matrix": [
        [
          -0.908684,
          0.172363,
          -0.380243,
          2.953822
        ],
        [
          0.417224,
          0.3427,
          -0.841713,
          3.302404
        ],
        [
          -0.014771,
          -0.923497,
          -0.38332,
          1.362344
        ],
        [
          0.0,
          0.0,
          0.0,
          1.0
        ]
      ]
    },
    {
      "file_path": "/media/NFS/ttao/scannet/posed_images/scene0000_02/00204.jpg",
      "transform_matrix": [
        [
          -0.939918,
          0.204517,
          -0.273363,
          2.858043
        ],
        [
          0.336765,
          0.423906,
          -0.840769,
          3.238263
        ],
        [
          -0.056071,
          -0.882313,
          -0.467311,
          1.336992
        ],
        [
          0.0,
          0.0,
          0.0,
          1.0
        ]
      ]
    },
    {
      "file_path": "/media/NFS/ttao/scannet/posed_images/scene0000_02/00222.jpg",
      "transform_matrix": [
        [
          -0.972667,
          0.080611,
          -0.217764,
          2.749376
        ],
        [
          0.232032,
          0.373671,
          -0.898071,
          3.100329
        ],
        [
          0.008978,
          -0.924052,
          -0.382162,
          1.368761
        ],
        [
          0.0,
          0.0,
          0.0,
          1.0
        ]
      ]
    },
    {
      "file_path": "/media/NFS/ttao/scannet/posed_images/scene0000_02/00241.jpg",
      "transform_matrix": [
        [
          -0.990918,
          0.021181,
          -0.13279,
          2.561184
        ],
        [
          0.133011,
          0.29943,
          -0.944801,
          2.97921
        ],
        [
          0.01975,
          -0.953883,
          -0.299528,
          1.435305
        ],
        [
          0.0,
          0.0,
          0.0,
          1.0
        ]
      ]
    },
    {
      "file_path": "/media/NFS/ttao/scannet/posed_images/scene0000_02/00271.jpg",
      "transform_matrix": [
        [
          -0.995763,
          0.051946,
          -0.075877,
          2.719005
        ],
        [
          0.081644,
          0.119783,
          -0.989437,
          2.795143
        ],
        [
          -0.042309,
          -0.99144,
          -0.123517,
          1.540008
        ],
        [
          0.0,
          0.0,
          0.0,
          1.0
        ]
      ]
    },
    {
      "file_path": "/media/NFS/ttao/scannet/posed_images/scene0000_02/00284.jpg",
      "transform_matrix": [
        [
          -0.999747,
          0.005179,
          0.021898,
          2.811427
        ],
        [
          -0.021564,
          0.057445,
          -0.998116,
          2.790987
        ],
        [
          -0.006427,
          -0.998335,
          -0.057318,
          1.584157
        ],
        [
          0.0,
          0.0,
          0.0,
          1.0
        ]
      ]
    },
    {
      "file_path": "/media/NFS/ttao/scannet/posed_images/scene0000_02/00302.jpg",
      "transform_matrix": [
        [
          -0.969011,
          0.007209,
          0.246912,
          2.821061
        ],
        [
          -0.245718,
          0.074257,
          -0.966493,
          2.936321
        ],
        [
          -0.025303,
          -0.997213,
          -0.070185,
          1.576418
        ],
        [
          0.0,
          0.0,
          0.0,
          1.0
        ]
      ]
    },
    {
      "file_path": "/media/NFS/ttao/scannet/posed_images/scene0000_02/00339.jpg",
      "transform_matrix": [
        [
          -0.997608,
          -0.01333,
          0.067827,
          3.192147
        ],
        [
          -0.068838,
          0.280866,
          -0.957275,
          3.034318
        ],
        [
          -0.006289,
          -0.959654,
          -0.281112,
          1.396752
        ],
        [
          0.0,
          0.0,
          0.0,
          1.0
        ]
      ]
    },
    {
      "file_path": "/media/NFS/ttao/scannet/posed_images/scene0000_02/00346.jpg",
      "transform_matrix": [
        [
          -0.99646,
          -0.001802,
          0.084048,
          3.314674
        ],
        [
          -0.080197,
          0.32021,
          -0.943946,
          2.965139
        ],
        [
          -0.025212,
          -0.947345,
          -0.319221,
          1.359261
        ],
        [
          0.0,
          0.0,
          0.0,
          1.0
        ]
      ]
    },
    {
      "file_path": "/media/NFS/ttao/scannet/posed_images/scene0000_02/00376.jpg",
      "transform_matrix": [
        [
          -0.968277,
          0.161688,
          -0.190517,
          3.78115
        ],
        [
          0.245327,
          0.470256,
          -0.847746,
          2.734955
        ],
        [
          -0.047478,
          -0.867592,
          -0.495005,
          1.297895
        ],
        [
          0.0,
          0.0,
          0.0,
          1.0
        ]
      ]
    },
    {
      "file_path": "/media/NFS/ttao/scannet/posed_images/scene0000_02/00401.jpg",
      "transform_matrix": [
        [
          -0.94408,
          0.175439,
          -0.279167,
          3.86326
        ],
        [
          0.328873,
          0.440519,
          -0.835336,
          2.708049
        ],
        [
          -0.023572,
          -0.880434,
          -0.473582,
          1.36635
        ],
        [
          0.0,
          0.0,
          0.0,
          1.0
        ]
      ]
    },
    {
      "file_path": "/media/NFS/ttao/scannet/posed_images/scene0000_02/00407.jpg",
      "transform_matrix": [
        [
          -0.934458,
          0.185458,
          -0.303964,
          3.857702
        ],
        [
          0.354615,
          0.407501,
          -0.841541,
          2.675134
        ],
        [
          -0.032204,
          -0.894175,
          -0.446559,
          1.383697
        ],
        [
          0.0,
          0.0,
          0.0,
          1.0
        ]
      ]
    },
    {
      "file_path": "/media/NFS/ttao/scannet/posed_images/scene0000_02/00426.jpg",
      "transform_matrix": [
        [
          -0.942851,
          0.128869,
          -0.307285,
          3.807618
        ],
        [
          0.333147,
          0.383045,
          -0.861562,
          2.648606
        ],
        [
          0.006676,
          -0.914696,
          -0.404087,
          1.385315
        ],
        [
          0.0,
          0.0,
          0.0,
          1.0
        ]
      ]
    },
    {
      "file_path": "/media/NFS/ttao/scannet/posed_images/scene0000_02/00450.jpg",
      "transform_matrix": [
        [
          -0.964262,
          0.151221,
          -0.217555,
          3.428001
        ],
        [
          0.263033,
          0.447801,
          -0.854569,
          2.836054
        ],
        [
          -0.031807,
          -0.881253,
          -0.471574,
          1.354166
        ],
        [
          0.0,
          0.0,
          0.0,
          1.0
        ]
      ]
    },
    {
      "file_path": "/media/NFS/ttao/scannet/posed_images/scene0000_02/00475.jpg",
      "transform_matrix": [
        [
          -0.994792,
          0.061283,
          -0.08144,
          2.928374
        ],
        [
          0.100392,
          0.451211,
          -0.886753,
          2.868308
        ],
        [
          -0.017597,
          -0.890311,
          -0.455013,
          1.344278
        ],
        [
          0.0,
          0.0,
          0.0,
          1.0
        ]
      ]
    },
    {
      "file_path": "/media/NFS/ttao/scannet/posed_images/scene0000_02/00500.jpg",
      "transform_matrix": [
        [
          -0.968284,
          -0.132483,
          0.211836,
          2.416185
        ],
        [
          -0.24671,
          0.372925,
          -0.894461,
          2.795028
        ],
        [
          0.039502,
          -0.918355,
          -0.393782,
          1.350787
        ],
        [
          0.0,
          0.0,
          0.0,
          1.0
        ]
      ]
    },
    {
      "file_path": "/media/NFS/ttao/scannet/posed_images/scene0000_02/00518.jpg",
      "transform_matrix": [
        [
          -0.882976,
          -0.228956,
          0.409796,
          2.156286
        ],
        [
          -0.469132,
          0.399898,
          -0.787399,
          2.61947
        ],
        [
          0.016403,
          -0.887502,
          -0.460511,
          1.367978
        ],
        [
          0.0,
          0.0,
          0.0,
          1.0
        ]
      ]
    },
    {
      "file_path": "/media/NFS/ttao/scannet/posed_images/scene0000_02/00537.jpg",
      "transform_matrix": [
        [
          -0.736912,
          -0.254496,
          0.626252,
          2.00284
        ],
        [
          -0.675682,
          0.305174,
          -0.671061,
          2.396133
        ],
        [
          -0.020334,
          -0.91766,
          -0.396845,
          1.405525
        ],
        [
          0.0,
          0.0,
          0.0,
          1.0
        ]
      ]
    },
    {
      "file_path": "/media/NFS/ttao/scannet/posed_images/scene0000_02/00555.jpg",
      "transform_matrix": [
        [
          -0.700327,
          -0.283997,
          0.654895,
          2.0723
        ],
        [
          -0.713787,
          0.287685,
          -0.638549,
          2.208186
        ],
        [
          -0.007057,
          -0.914649,
          -0.404187,
          1.394906
        ],
        [
          0.0,
          0.0,
          0.0,
          1.0
        ]
      ]
    },
    {
      "file_path": "/media/NFS/ttao/scannet/posed_images/scene0000_02/00574.jpg",
      "transform_matrix": [
        [
          -0.636448,
          -0.287984,
          0.715541,
          2.09921
        ],
        [
          -0.771095,
          0.215158,
          -0.599266,
          1.990585
        ],
        [
          0.018625,
          -0.933152,
          -0.358999,
          1.433019
        ],
        [
          0.0,
          0.0,
          0.0,
          1.0
        ]
      ]
    },
    {
      "file_path": "/media/NFS/ttao/scannet/posed_images/scene0000_02/00592.jpg",
      "transform_matrix": [
        [
          -0.551242,
          -0.255986,
          0.794106,
          2.101394
        ],
        [
          -0.834334,
          0.174199,
          -0.523012,
          1.961881
        ],
        [
          -0.004448,
          -0.950855,
          -0.309603,
          1.451385
        ],
        [
          0.0,
          0.0,
          0.0,
          1.0
        ]
      ]
    },
    {
      "file_path": "/media/NFS/ttao/scannet/posed_images/scene0000_02/00611.jpg",
      "transform_matrix": [
        [
          -0.530356,
          -0.216519,
          0.81966,
          2.104761
        ],
        [
          -0.847693,
          0.148869,
          -0.50917,
          2.018778
        ],
        [
          -0.011777,
          -0.964861,
          -0.262496,
          1.489422
        ],
        [
          0.0,
          0.0,
          0.0,
          1.0
        ]
      ]
    },
    {
      "file_path": "/media/NFS/ttao/scannet/posed_images/scene0000_02/00642.jpg",
      "transform_matrix": [
        [
          -0.60135,
          -0.132987,
          0.78784,
          2.228073
        ],
        [
          -0.796649,
          0.024443,
          -0.603948,
          2.512841
        ],
        [
          0.06106,
          -0.990816,
          -0.120643,
          1.587513
        ],
        [
          0.0,
          0.0,
          0.0,
          1.0
        ]
      ]
    },
    {
      "file_path": "/media/NFS/ttao/scannet/posed_images/scene0000_02/00666.jpg",
      "transform_matrix": [
        [
          -0.664422,
          -0.044405,
          0.746038,
          2.636169
        ],
        [
          -0.747,
          0.008549,
          -0.66477,
          2.597636
        ],
        [
          0.023141,
          -0.998977,
          -0.03885,
          1.577018
        ],
        [
          0.0,
          0.0,
          0.0,
          1.0
        ]
      ]
    },
    {
      "file_path": "/media/NFS/ttao/scannet/posed_images/scene0000_02/00691.jpg",
      "transform_matrix": [
        [
          -0.678559,
          -0.137888,
          0.721487,
          3.015741
        ],
        [
          -0.73451,
          0.137088,
          -0.664607,
          2.829906
        ],
        [
          -0.007266,
          -0.980915,
          -0.194303,
          1.468324
        ],
        [
          0.0,
          0.0,
          0.0,
          1.0
        ]
      ]
    },
    {
      "file_path": "/media/NFS/ttao/scannet/posed_images/scene0000_02/00703.jpg",
      "transform_matrix": [
        [
          -0.671346,
          -0.176933,
          0.719715,
          3.095176
        ],
        [
          -0.740798,
          0.18987,
          -0.644335,
          2.849036
        ],
        [
          -0.022648,
          -0.965735,
          -0.25854,
          1.422414
        ],
        [
          0.0,
          0.0,
          0.0,
          1.0
        ]
      ]
    },
    {
      "file_path": "/media/NFS/ttao/scannet/posed_images/scene0000_02/00716.jpg",
      "transform_matrix": [
        [
          -0.670044,
          -0.288516,
          0.683959,
          3.055558
        ],
        [
          -0.742185,
          0.278056,
          -0.609792,
          2.928506
        ],
        [
          -0.014244,
          -0.916211,
          -0.400442,
          1.369909
        ],
        [
          0.0,
          0.0,
          0.0,
          1.0
        ]
      ]
    },
    {
      "file_path": "/media/NFS/ttao/scannet/posed_images/scene0000_02/00753.jpg",
      "transform_matrix": [
        [
          -0.460023,
          -0.493051,
          0.738431,
          2.686821
        ],
        [
          -0.886484,
          0.302109,
          -0.350537,
          3.029475
        ],
        [
          -0.050254,
          -0.815862,
          -0.576059,
          1.290825
        ],
        [
          0.0,
          0.0,
          0.0,
          1.0
        ]
      ]
    },
    {
      "file_path": "/media/NFS/ttao/scannet/posed_images/scene0000_02/00765.jpg",
      "transform_matrix": [
        [
          -0.457053,
          -0.470632,
          0.754724,
          2.624074
        ],
        [
          -0.889152,
          0.263364,
          -0.374231,
          3.248557
        ],
        [
          -0.022642,
          -0.842107,
          -0.538834,
          1.290489
        ],
        [
          0.0,
          0.0,
          0.0,
          1.0
        ]
      ]
    },
    {
      "file_path": "/media/NFS/ttao/scannet/posed_images/scene0000_02/00790.jpg",
      "transform_matrix": [
        [
          -0.257533,
          -0.485594,
          0.835389,
          2.319259
        ],
        [
          -0.96616,
          0.142428,
          -0.215057,
          3.45663
        ],
        [
          -0.014552,
          -0.862504,
          -0.505842,
          1.314728
        ],
        [
          0.0,
          0.0,
          0.0,
          1.0
        ]
      ]
    },
    {
      "file_path": "/media/NFS/ttao/scannet/posed_images/scene0000_02/00808.jpg",
      "transform_matrix": [
        [
          -0.221025,
          -0.474205,
          0.852219,
          2.165331
        ],
        [
          -0.974964,
          0.129272,
          -0.180928,
          3.625532
        ],
        [
          -0.024371,
          -0.870872,
          -0.490905,
          1.330851
        ],
        [
          0.0,
          0.0,
          0.0,
          1.0
        ]
      ]
    },
    {
      "file_path": "/media/NFS/ttao/scannet/posed_images/scene0000_02/00821.jpg",
      "transform_matrix": [
        [
          -0.33551,
          -0.404905,
          0.850579,
          2.269923
        ],
        [
          -0.942034,
          0.141977,
          -0.303999,
          3.735527
        ],
        [
          0.002328,
          -0.903269,
          -0.429069,
          1.341436
        ],
        [
          0.0,
          0.0,
          0.0,
          1.0
        ]
      ]
    },
    {
      "file_path": "/media/NFS/ttao/scannet/posed_images/scene0000_02/00839.jpg",
      "transform_matrix": [
        [
          -0.438406,
          -0.383256,
          0.812967,
          2.640098
        ],
        [
          -0.897312,
          0.135014,
          -0.420241,
          3.751095
        ],
        [
          0.051298,
          -0.913721,
          -0.403091,
          1.374905
        ],
        [
          0.0,
          0.0,
          0.0,
          1.0
        ]
      ]
    },
    {
      "file_path": "/media/NFS/ttao/scannet/posed_images/scene0000_02/00858.jpg",
      "transform_matrix": [
        [
          -0.598304,
          -0.273132,
          0.75328,
          3.058002
        ],
        [
          -0.799826,
          0.147184,
          -0.581907,
          3.863794
        ],
        [
          0.048066,
          -0.95065,
          -0.306519,
          1.421464
        ],
        [
          0.0,
          0.0,
          0.0,
          1.0
        ]
      ]
    },
    {
      "file_path": "/media/NFS/ttao/scannet/posed_images/scene0000_02/00888.jpg",
      "transform_matrix": [
        [
          -0.760282,
          -0.059494,
          0.646863,
          3.700616
        ],
        [
          -0.649292,
          0.099884,
          -0.753952,
          3.909375
        ],
        [
          -0.019755,
          -0.993219,
          -0.114569,
          1.537893
        ],
        [
          0.0,
          0.0,
          0.0,
          1.0
        ]
      ]
    },
    {
      "file_path": "/media/NFS/ttao/scannet/posed_images/scene0000_02/00907.jpg",
      "transform_matrix": [
        [
          -0.752621,
          0.019284,
          0.658172,
          4.052667
        ],
        [
          -0.658218,
          0.004756,
          -0.752813,
          3.816248
        ],
        [
          -0.017648,
          -0.999803,
          0.009114,
          1.656373
        ],
        [
          0.0,
          0.0,
          0.0,
          1.0
        ]
      ]
    },
    {
      "file_path": "/media/NFS/ttao/scannet/posed_images/scene0000_02/00938.jpg",
      "transform_matrix": [
        [
          -0.814361,
          -0.140288,
          0.563148,
          4.448653
        ],
        [
          -0.578858,
          0.126602,
          -0.805541,
          3.944811
        ],
        [
          0.041712,
          -0.981983,
          -0.184307,
          1.476856
        ],
        [
          0.0,
          0.0,
          0.0,
          1.0
        ]
      ]
    },
    {
      "file_path": "/media/NFS/ttao/scannet/posed_images/scene0000_02/00944.jpg",
      "transform_matrix": [
        [
          -0.834854,
          -0.166247,
          0.524768,
          4.535665
        ],
        [
          -0.547854,
          0.158062,
          -0.821506,
          3.997604
        ],
        [
          0.053627,
          -0.973334,
          -0.223038,
          1.43346
        ],
        [
          0.0,
          0.0,
          0.0,
          1.0
        ]
      ]
    },
    {
      "file_path": "/media/NFS/ttao/scannet/posed_images/scene0000_02/00963.jpg",
      "transform_matrix": [
        [
          -0.931833,
          -0.14461,
          0.33283,
          4.897242
        ],
        [
          -0.361886,
          0.302183,
          -0.881887,
          4.083499
        ],
        [
          0.026954,
          -0.942217,
          -0.333916,
          1.367034
        ],
        [
          0.0,
          0.0,
          0.0,
          1.0
        ]
      ]
    },
    {
      "file_path": "/media/NFS/ttao/scannet/posed_images/scene0000_02/01000.jpg",
      "transform_matrix": [
        [
          -0.997781,
          0.066581,
          0.000662,
          5.339712
        ],
        [
          0.034577,
          0.526621,
          -0.849397,
          4.485033
        ],
        [
          -0.056902,
          -0.847489,
          -0.527755,
          1.270226
        ],
        [
          0.0,
          0.0,
          0.0,
          1.0
        ]
      ]
    },
    {
      "file_path": "/media/NFS/ttao/scannet/posed_images/scene0000_02/01006.jpg",
      "transform_matrix": [
        [
          -0.996094,
          0.080529,
          -0.036226,
          5.376872
        ],
        [
          0.073362,
          0.526383,
          -0.847077,
          4.507844
        ],
        [
          -0.049146,
          -0.846426,
          -0.530234,
          1.269378
        ],
        [
          0.0,
          0.0,
          0.0,
          1.0
        ]
      ]
    },
    {
      "file_path": "/media/NFS/ttao/scannet/posed_images/scene0000_02/01037.jpg",
      "transform_matrix": [
        [
          -0.981776,
          -0.100634,
          0.161209,
          5.136174
        ],
        [
          -0.189876,
          0.484123,
          -0.85415,
          4.523892
        ],
        [
          0.007911,
          -0.869194,
          -0.494409,
          1.311522
        ],
        [
          0.0,
          0.0,
          0.0,
          1.0
        ]
      ]
    },
    {
      "file_path": "/media/NFS/ttao/scannet/posed_images/scene0000_02/01055.jpg",
      "transform_matrix": [
        [
          -0.910611,
          -0.261978,
          0.319616,
          4.806357
        ],
        [
          -0.410863,
          0.490669,
          -0.768398,
          4.436481
        ],
        [
          0.044478,
          -0.83103,
          -0.554446,
          1.27741
        ],
        [
          0.0,
          0.0,
          0.0,
          1.0
        ]
      ]
    },
    {
      "file_path": "/media/NFS/ttao/scannet/posed_images/scene0000_02/01067.jpg",
      "transform_matrix": [
        [
          -0.81802,
          -0.321782,
          0.476759,
          4.550394
        ],
        [
          -0.575013,
          0.436949,
          -0.69169,
          4.390922
        ],
        [
          0.014254,
          -0.839959,
          -0.542462,
          1.287233
        ],
        [
          0.0,
          0.0,
          0.0,
          1.0
        ]
      ]
    },
    {
      "file_path": "/media/NFS/ttao/scannet/posed_images/scene0000_02/01086.jpg",
      "transform_matrix": [
        [
          -0.644723,
          -0.381367,
          0.662489,
          4.202412
        ],
        [
          -0.763774,
          0.356895,
          -0.537843,
          4.288157
        ],
        [
          -0.031324,
          -0.852752,
          -0.521376,
          1.306344
        ],
        [
          0.0,
          0.0,
          0.0,
          1.0
        ]
      ]
    },
    {
      "file_path": "/media/NFS/ttao/scannet/posed_images/scene0000_02/01104.jpg",
      "transform_matrix": [
        [
          -0.477409,
          -0.371737,
          0.796174,
          3.95729
        ],
        [
          -0.878234,
          0.172947,
          -0.445864,
          4.14888
        ],
        [
          0.028048,
          -0.912086,
          -0.409039,
          1.38229
        ],
        [
          0.0,
          0.0,
          0.0,
          1.0
        ]
      ]
    },
    {
      "file_path": "/media/NFS/ttao/scannet/posed_images/scene0000_02/01141.jpg",
      "transform_matrix": [
        [
          -0.41122,
          -0.057199,
          0.90974,
          3.942322
        ],
        [
          -0.911504,
          0.034152,
          -0.409871,
          3.989115
        ],
        [
          -0.007626,
          -0.997779,
          -0.066181,
          1.587633
        ],
        [
          0.0,
          0.0,
          0.0,
          1.0
        ]
      ]
    },
    {
      "file_path": "/media/NFS/ttao/scannet/posed_images/scene0000_02/01154.jpg",
      "transform_matrix": [
        [
          -0.372608,
          0.041913,
          0.927042,
          3.965128
        ],
        [
          -0.927169,
          0.025186,
          -0.373797,
          3.930668
        ],
        [
          -0.039016,
          -0.998804,
          0.029476,
          1.648339
        ],
        [
          0.0,
          0.0,
          0.0,
          1.0
        ]
      ]
    },
    {
      "file_path": "/media/NFS/ttao/scannet/posed_images/scene0000_02/01172.jpg",
      "transform_matrix": [
        [
          -0.308948,
          -0.083368,
          0.947418,
          4.035839
        ],
        [
          -0.950245,
          0.068762,
          -0.303819,
          3.947122
        ],
        [
          -0.039818,
          -0.994144,
          -0.100464,
          1.537735
        ],
        [
          0.0,
          0.0,
          0.0,
          1.0
        ]
      ]
    },
    {
      "file_path": "/media/NFS/ttao/scannet/posed_images/scene0000_02/01203.jpg",
      "transform_matrix": [
        [
          -0.331728,
          -0.374853,
          0.865703,
          4.220939
        ],
        [
          -0.943375,
          0.130685,
          -0.304904,
          4.332635
        ],
        [
          0.00116,
          -0.917827,
          -0.396979,
          1.344684
        ],
        [
          0.0,
          0.0,
          0.0,
          1.0
        ]
      ]
    },
    {
      "file_path": "/media/NFS/ttao/scannet/posed_images/scene0000_02/01222.jpg",
      "transform_matrix": [
        [
          -0.182723,
          -0.360724,
          0.914599,
          4.337891
        ],
        [
          -0.982632,
          0.097611,
          -0.157817,
          4.401518
        ],
        [
          -0.032346,
          -0.927551,
          -0.372294,
          1.343587
        ],
        [
          0.0,
          0.0,
          0.0,
          1.0
        ]
      ]
    },
    {
      "file_path": "/media/NFS/ttao/scannet/posed_images/scene0000_02/01234.jpg",
      "transform_matrix": [
        [
          -0.126401,
          -0.370101,
          0.920352,
          4.436384
        ],
        [
          -0.991899,
          0.058998,
          -0.112502,
          4.450151
        ],
        [
          -0.012662,
          -0.927116,
          -0.37456,
          1.341793
        ],
        [
          0.0,
          0.0,
          0.0,
          1.0
        ]
      ]
    },
    {
      "file_path": "/media/NFS/ttao/scannet/posed_images/scene0000_02/01259.jpg",
      "transform_matrix": [
        [
          -0.193076,
          -0.24161,
          0.950971,
          4.624709
        ],
        [
          -0.981156,
          0.054859,
          -0.185267,
          4.654698
        ],
        [
          -0.007407,
          -0.968822,
          -0.247649,
          1.408375
        ],
        [
          0.0,
          0.0,
          0.0,
          1.0
        ]
      ]
    },
    {
      "file_path": "/media/NFS/ttao/scannet/posed_images/scene0000_02/01283.jpg",
      "transform_matrix": [
        [
          -0.22898,
          -0.137624,
          0.963653,
          4.922769
        ],
        [
          -0.973391,
          0.041324,
          -0.225392,
          4.726078
        ],
        [
          -0.008803,
          -0.989622,
          -0.143424,
          1.428441
        ],
        [
          0.0,
          0.0,
          0.0,
          1.0
        ]
      ]
    },
    {
      "file_path": "/media/NFS/ttao/scannet/posed_images/scene0000_02/01302.jpg",
      "transform_matrix": [
        [
          -0.36625,
          -0.127936,
          0.921679,
          5.070501
        ],
        [
          -0.930516,
          0.049582,
          -0.36288,
          4.903541
        ],
        [
          0.000727,
          -0.990542,
          -0.137206,
          1.435002
        ],
        [
          0.0,
          0.0,
          0.0,
          1.0
        ]
      ]
    },
    {
      "file_path": "/media/NFS/ttao/scannet/posed_images/scene0000_02/01314.jpg",
      "transform_matrix": [
        [
          -0.346305,
          -0.120165,
          0.930394,
          5.12904
        ],
        [
          -0.938063,
          0.033225,
          -0.344869,
          4.953786
        ],
        [
          0.010529,
          -0.992198,
          -0.124229,
          1.432554
        ],
        [
          0.0,
          0.0,
          0.0,
          1.0
        ]
      ]
    },
    {
      "file_path": "/media/NFS/ttao/scannet/posed_images/scene0000_02/01339.jpg",
      "transform_matrix": [
        [
          -0.180577,
          -0.194006,
          0.964237,
          5.30559
        ],
        [
          -0.983534,
          0.028328,
          -0.178491,
          4.728861
        ],
        [
          0.007313,
          -0.980591,
          -0.195927,
          1.373428
        ],
        [
          0.0,
          0.0,
          0.0,
          1.0
        ]
      ]
    },
    {
      "file_path": "/media/NFS/ttao/scannet/posed_images/scene0000_02/01370.jpg",
      "transform_matrix": [
        [
          0.069005,
          0.023221,
          0.997346,
          5.19146
        ],
        [
          -0.996035,
          0.057874,
          0.067567,
          4.569493
        ],
        [
          -0.056151,
          -0.998054,
          0.027122,
          1.566683
        ],
        [
          0.0,
          0.0,
          0.0,
          1.0
        ]
      ]
    },
    {
      "file_path": "/media/NFS/ttao/scannet/posed_images/scene0000_02/01388.jpg",
      "transform_matrix": [
        [
          0.177358,
          -0.021386,
          0.983914,
          5.084974
        ],
        [
          -0.982146,
          0.059871,
          0.178341,
          4.476437
        ],
        [
          -0.062722,
          -0.997977,
          -0.010386,
          1.555048
        ],
        [
          0.0,
          0.0,
          0.0,
          1.0
        ]
      ]
    },
    {
      "file_path": "/media/NFS/ttao/scannet/posed_images/scene0000_02/01407.jpg",
      "transform_matrix": [
        [
          0.270269,
          -0.22487,
          0.936156,
          4.954451
        ],
        [
          -0.962393,
          -0.035343,
          0.269353,
          4.496787
        ],
        [
          -0.027483,
          -0.973748,
          -0.225965,
          1.405241
        ],
        [
          0.0,
          0.0,
          0.0,
          1.0
        ]
      ]
    },
    {
      "file_path": "/media/NFS/ttao/scannet/posed_images/scene0000_02/01419.jpg",
      "transform_matrix": [
        [
          0.282118,
          -0.283664,
          0.916485,
          4.96456
        ],
        [
          -0.959154,
          -0.062667,
          0.275857,
          4.569015
        ],
        [
          -0.020817,
          -0.956874,
          -0.289757,
          1.315062
        ],
        [
          0.0,
          0.0,
          0.0,
          1.0
        ]
      ]
    },
    {
      "file_path": "/media/NFS/ttao/scannet/posed_images/scene0000_02/01450.jpg",
      "transform_matrix": [
        [
          0.353374,
          -0.364351,
          0.861612,
          5.04021
        ],
        [
          -0.935467,
          -0.142994,
          0.323196,
          4.958459
        ],
        [
          0.005449,
          -0.920218,
          -0.391369,
          1.311733
        ],
        [
          0.0,
          0.0,
          0.0,
          1.0
        ]
      ]
    },
    {
      "file_path": "/media/NFS/ttao/scannet/posed_images/scene0000_02/01462.jpg",
      "transform_matrix": [
        [
          0.351103,
          -0.365081,
          0.862231,
          5.0145
        ],
        [
          -0.936324,
          -0.141725,
          0.321266,
          5.058684
        ],
        [
          0.004911,
          -0.920125,
          -0.391594,
          1.323056
        ],
        [
          0.0,
          0.0,
          0.0,
          1.0
        ]
      ]
    },
    {
      "file_path": "/media/NFS/ttao/scannet/posed_images/scene0000_02/01481.jpg",
      "transform_matrix": [
        [
          0.263988,
          -0.359588,
          0.89499,
          5.02143
        ],
        [
          -0.964524,
          -0.100327,
          0.244188,
          5.14678
        ],
        [
          0.001985,
          -0.927702,
          -0.373316,
          1.323962
        ],
        [
          0.0,
          0.0,
          0.0,
          1.0
        ]
      ]
    },
    {
      "file_path": "/media/NFS/ttao/scannet/posed_images/scene0000_02/01499.jpg",
      "transform_matrix": [
        [
          0.271089,
          -0.338437,
          0.901094,
          5.124975
        ],
        [
          -0.962542,
          -0.090557,
          0.255563,
          5.304625
        ],
        [
          -0.004891,
          -0.936621,
          -0.350309,
          1.357493
        ],
        [
          0.0,
          0.0,
          0.0,
          1.0
        ]
      ]
    },
    {
      "file_path": "/media/NFS/ttao/scannet/posed_images/scene0000_02/01518.jpg",
      "transform_matrix": [
        [
          0.177039,
          -0.250867,
          0.951695,
          5.139533
        ],
        [
          -0.983929,
          -0.022246,
          0.177172,
          5.426766
        ],
        [
          -0.023275,
          -0.967766,
          -0.250774,
          1.42721
        ],
        [
          0.0,
          0.0,
          0.0,
          1.0
        ]
      ]
    },
    {
      "file_path": "/media/NFS/ttao/scannet/posed_images/scene0000_02/01542.jpg",
      "transform_matrix": [
        [
          0.147982,
          -0.087908,
          0.985075,
          5.112361
        ],
        [
          -0.988908,
          -0.025964,
          0.146241,
          5.45045
        ],
        [
          0.012721,
          -0.99579,
          -0.090775,
          1.514757
        ],
        [
          0.0,
          0.0,
          0.0,
          1.0
        ]
      ]
    },
    {
      "file_path": "/media/NFS/ttao/scannet/posed_images/scene0000_02/01561.jpg",
      "transform_matrix": [
        [
          0.212048,
          0.034788,
          0.97664,
          5.085621
        ],
        [
          -0.977224,
          0.016026,
          0.211604,
          5.419953
        ],
        [
          -0.00829,
          -0.999266,
          0.037394,
          1.586069
        ],
        [
          0.0,
          0.0,
          0.0,
          1.0
        ]
      ]
    },
    {
      "file_path": "/media/NFS/ttao/scannet/posed_images/scene0000_02/01586.jpg",
      "transform_matrix": [
        [
          0.453531,
          0.043769,
          0.890165,
          5.0817
        ],
        [
          -0.889329,
          0.087611,
          0.448797,
          5.265975
        ],
        [
