{
  "frames": [
    {
      "file_path": "/media/NFS/ttao/scannet/posed_images/scene0475_02/00001.jpg",
      "transform_matrix": [
        [
          -0.675747,
          -0.386642,
          0.627594,
          5.688232
        ],
        [
          -0.737034,
          0.368385,
          -0.566633,
          7.561687
        ],
        [
          -0.012112,
          -0.845459,
          -0.533904,
          1.549476
        ],
        [
          0.0,
          0.0,
          0.0,
          1.0
        ]
      ]
    },
    {
      "file_path": "/media/NFS/ttao/scannet/posed_images/scene0475_02/00005.jpg",
      "transform_matrix": [
        [
          -0.711594,
          -0.365215,
          0.60021,
          5.708364
        ],
        [
          -0.702087,
          0.401982,
          -0.58778,
          7.637341
        ],
        [
          -0.026608,
          -0.83966,
          -0.542461,
          1.549076
        ],
        [
          0.0,
          0.0,
          0.0,
          1.0
        ]
      ]
    },
    {
      "file_path": "/media/NFS/ttao/scannet/posed_images/scene0475_02/00008.jpg",
      "transform_matrix": [
        [
          -0.726216,
          -0.367622,
          0.580917,
          5.718078
        ],
        [
          -0.687026,
          0.418344,
          -0.594125,
          7.681178
        ],
        [
          -0.02461,
          -0.830568,
          -0.556374,
          1.550675
        ],
        [
          0.0,
          0.0,
          0.0,
          1.0
        ]
      ]
    },
    {
      "file_path": "/media/NFS/ttao/scannet/posed_images/scene0475_02/00011.jpg",
      "transform_matrix": [
        [
          -0.726923,
          -0.369985,
          0.578528,
          5.729787
        ],
        [
          -0.686388,
          0.417612,
          -0.595375,
          7.720786
        ],
        [
          -0.02132,
          -0.829887,
          -0.557525,
          1.557214
        ],
        [
          0.0,
          0.0,
          0.0,
          1.0
        ]
      ]
    },
    {
      "file_path": "/media/NFS/ttao/scannet/posed_images/scene0475_02/00012.jpg",
      "transform_matrix": [
        [
          -0.726662,
          -0.369572,
          0.57912,
          5.731708
        ],
        [
          -0.686704,
          0.415307,
          -0.596622,
          7.731431
        ],
        [
          -0.020018,
          -0.831226,
          -0.555574,
          1.557077
        ],
        [
          0.0,
          0.0,
          0.0,
          1.0
        ]
      ]
    },
    {
      "file_path": "/media/NFS/ttao/scannet/posed_images/scene0475_02/00015.jpg",
      "transform_matrix": [
        [
          -0.72224,
          -0.373845,
          0.581901,
          5.738431
        ],
        [
          -0.691497,
          0.407597,
          -0.596404,
          7.757478
        ],
        [
          -0.014219,
          -0.83313,
          -0.552896,
          1.556111
        ],
        [
          0.0,
          0.0,
          0.0,
          1.0
        ]
      ]
    },
    {
      "file_path": "/media/NFS/ttao/scannet/posed_images/scene0475_02/00018.jpg",
      "transform_matrix": [
        [
          -0.714232,
          -0.393599,
          0.578751,
          5.739339
        ],
        [
          -0.699909,
          0.402421,
          -0.590072,
          7.782746
        ],
        [
          -0.000649,
          -0.826521,
          -0.562905,
          1.546538
        ],
        [
          0.0,
          0.0,
          0.0,
          1.0
        ]
      ]
    },
    {
      "file_path": "/media/NFS/ttao/scannet/posed_images/scene0475_02/00023.jpg",
      "transform_matrix": [
        [
          -0.695996,
          -0.422158,
          0.580838,
          5.738189
        ],
        [
          -0.718011,
          0.401207,
          -0.568765,
          7.801295
        ],
        [
          0.007072,
          -0.812906,
          -0.582353,
          1.54396
        ],
        [
          0.0,
          0.0,
          0.0,
          1.0
        ]
      ]
    },
    {
      "file_path": "/media/NFS/ttao/scannet/posed_images/scene0475_02/00024.jpg",
      "transform_matrix": [
        [
          -0.695139,
          -0.424349,
          0.580268,
          5.73637
        ],
        [
          -0.718822,
          0.400453,
          -0.568271,
          7.804836
        ],
        [
          0.008775,
          -0.812137,
          -0.583401,
          1.540869
        ],
        [
          0.0,
          0.0,
          0.0,
          1.0
        ]
      ]
    },
    {
      "file_path": "/media/NFS/ttao/scannet/posed_images/scene0475_02/00028.jpg",
      "transform_matrix": [
        [
          -0.700922,
          -0.437939,
          0.562954,
          5.726054
        ],
        [
          -0.713191,
          0.421304,
          -0.560234,
          7.804962
        ],
        [
          0.008174,
          -0.794174,
          -0.607635,
          1.531057
        ],
        [
          0.0,
          0.0,
          0.0,
          1.0
        ]
      ]
    },
    {
      "file_path": "/media/NFS/ttao/scannet/posed_images/scene0475_02/00033.jpg",
      "transform_matrix": [
        [
          -0.716817,
          -0.436976,
          0.543346,
          5.70252
        ],
        [
          -0.697248,
          0.453932,
          -0.554789,
          7.797991
        ],
        [
          -0.004213,
          -0.77653,
          -0.630067,
          1.510287
        ],
        [
          0.0,
          0.0,
          0.0,
          1.0
        ]
      ]
    },
    {
      "file_path": "/media/NFS/ttao/scannet/posed_images/scene0475_02/00034.jpg",
      "transform_matrix": [
        [
          -0.718727,
          -0.43422,
          0.543033,
          5.700298
        ],
        [
          -0.695246,
          0.457917,
          -0.554027,
          7.795518
        ],
        [
          -0.008094,
          -0.775735,
          -0.631006,
          1.512603
        ],
        [
          0.0,
          0.0,
          0.0,
          1.0
        ]
      ]
    },
    {
      "file_path": "/media/NFS/ttao/scannet/posed_images/scene0475_02/00039.jpg",
      "transform_matrix": [
        [
          -0.726273,
          -0.424199,
          0.54091,
          5.677058
        ],
        [
          -0.687379,
          0.45523,
          -0.56593,
          7.774272
        ],
        [
          -0.006171,
          -0.782829,
          -0.622206,
          1.517083
        ],
        [
          0.0,
          0.0,
          0.0,
          1.0
        ]
      ]
    },
    {
      "file_path": "/media/NFS/ttao/scannet/posed_images/scene0475_02/00040.jpg",
      "transform_matrix": [
        [
          -0.721444,
          -0.427493,
          0.544765,
          5.670742
        ],
        [
          -0.692419,
          0.45521,
          -0.559769,
          7.760025
        ],
        [
          -0.008685,
          -0.781047,
          -0.624412,
          1.527209
        ],
        [
          0.0,
          0.0,
          0.0,
          1.0
        ]
      ]
    },
    {
      "file_path": "/media/NFS/ttao/scannet/posed_images/scene0475_02/00044.jpg",
      "transform_matrix": [
        [
          -0.717895,
          -0.433852,
          0.544426,
          5.658097
        ],
        [
          -0.696096,
          0.43752,
          -0.569233,
          7.738249
        ],
        [
          0.008766,
          -0.787623,
          -0.616096,
          1.531125
        ],
        [
          0.0,
          0.0,
          0.0,
          1.0
        ]
      ]
    },
    {
      "file_path": "/media/NFS/ttao/scannet/posed_images/scene0475_02/00047.jpg",
      "transform_matrix": [
        [
          -0.716772,
          -0.433385,
          0.546275,
          5.648651
        ],
        [
          -0.697145,
          0.428425,
          -0.57484,
          7.717689
        ],
        [
          0.015089,
          -0.792862,
          -0.609215,
          1.528961
        ],
        [
          0.0,
          0.0,
          0.0,
          1.0
        ]
      ]
    },
    {
      "file_path": "/media/NFS/ttao/scannet/posed_images/scene0475_02/00050.jpg",
      "transform_matrix": [
        [
          -0.733729,
          -0.42784,
          0.52782,
          5.643233
        ],
        [
          -0.679037,
          0.434903,
          -0.591413,
          7.694473
        ],
        [
          0.02348,
          -0.792346,
          -0.60962,
          1.524985
        ],
        [
          0.0,
          0.0,
          0.0,
          1.0
        ]
      ]
    },
    {
      "file_path": "/media/NFS/ttao/scannet/posed_images/scene0475_02/00054.jpg",
      "transform_matrix": [
        [
          -0.776974,
          -0.395653,
          0.489664,
          5.642569
        ],
        [
          -0.6287,
          0.447668,
          -0.635869,
          7.655023
        ],
        [
          0.032376,
          -0.801906,
          -0.596573,
          1.525974
        ],
        [
          0.0,
          0.0,
          0.0,
          1.0
        ]
      ]
    },
    {
      "file_path": "/media/NFS/ttao/scannet/posed_images/scene0475_02/00057.jpg",
      "transform_matrix": [
        [
          -0.824313,
          -0.35909,
          0.437678,
          5.642324
        ],
        [
          -0.564529,
          0.46319,
          -0.6832,
          7.623955
        ],
        [
          0.042602,
          -0.810253,
          -0.58453,
          1.525574
        ],
        [
          0.0,
          0.0,
          0.0,
          1.0
        ]
      ]
    },
    {
      "file_path": "/media/NFS/ttao/scannet/posed_images/scene0475_02/00060.jpg",
      "transform_matrix": [
        [
          -0.868309,
          -0.306176,
          0.390251,
          5.651586
        ],
        [
          -0.495088,
          0.48665,
          -0.719764,
          7.594357
        ],
        [
          0.030459,
          -0.818186,
          -0.574146,
          1.546316
        ],
        [
          0.0,
          0.0,
          0.0,
          1.0
        ]
      ]
    },
    {
      "file_path": "/media/NFS/ttao/scannet/posed_images/scene0475_02/00061.jpg",
      "transform_matrix": [
        [
          -0.882022,
          -0.288926,
          0.372236,
          5.652937
        ],
        [
          -0.470293,
          0.490536,
          -0.73362,
          7.583354
        ],
        [
          0.029367,
          -0.822129,
          -0.568543,
          1.551695
        ],
        [
          0.0,
          0.0,
          0.0,
          1.0
        ]
      ]
    },
    {
      "file_path": "/media/NFS/ttao/scannet/posed_images/scene0475_02/00065.jpg",
      "transform_matrix": [
        [
          -0.923054,
          -0.221393,
          0.314574,
          5.655655
        ],
        [
          -0.384206,
          0.490402,
          -0.782235,
          7.545894
        ],
        [
          0.018914,
          -0.842906,
          -0.537728,
          1.555611
        ],
        [
          0.0,
          0.0,
          0.0,
          1.0
        ]
      ]
    },
    {
      "file_path": "/media/NFS/ttao/scannet/posed_images/scene0475_02/00068.jpg",
      "transform_matrix": [
        [
          -0.946946,
          -0.184001,
          0.26351,
          5.659203
        ],
        [
          -0.320694,
          0.486892,
          -0.81246,
          7.525472
        ],
        [
          0.021193,
          -0.853862,
          -0.520068,
          1.558438
        ],
        [
          0.0,
          0.0,
          0.0,
          1.0
        ]
      ]
    },
    {
      "file_path": "/media/NFS/ttao/scannet/posed_images/scene0475_02/00073.jpg",
      "transform_matrix": [
        [
          -0.978923,
          -0.116783,
          0.167545,
          5.657173
        ],
        [
          -0.203453,
          0.486158,
          -0.849857,
          7.496027
        ],
        [
          0.017796,
          -0.866032,
          -0.499672,
          1.56258
        ],
        [
          0.0,
          0.0,
          0.0,
          1.0
        ]
      ]
    },
    {
      "file_path": "/media/NFS/ttao/scannet/posed_images/scene0475_02/00076.jpg",
      "transform_matrix": [
        [
          -0.989929,
          -0.078683,
          0.117686,
          5.648884
        ],
        [
          -0.141204,
          0.489413,
          -0.860544,
          7.486254
        ],
        [
          0.010113,
          -0.868495,
          -0.495595,
          1.559572
        ],
        [
          0.0,
          0.0,
          0.0,
          1.0
        ]
      ]
    },
    {
      "file_path": "/media/NFS/ttao/scannet/posed_images/scene0475_02/00079.jpg",
      "transform_matrix": [
        [
          -0.995895,
          -0.046708,
          0.077537,
          5.6328
        ],
        [
          -0.09047,
          0.485377,
          -0.869612,
          7.478403
        ],
        [
          0.002983,
          -0.873057,
          -0.48761,
          1.559865
        ],
        [
          0.0,
          0.0,
          0.0,
          1.0
        ]
      ]
    },
    {
      "file_path": "/media/NFS/ttao/scannet/posed_images/scene0475_02/00081.jpg",
      "transform_matrix": [
        [
          -0.998417,
          -0.03265,
          0.045807,
          5.630757
        ],
        [
          -0.055887,
          0.483018,
          -0.873825,
          7.470612
        ],
        [
          0.006405,
          -0.875002,
          -0.484078,
          1.557422
        ],
        [
          0.0,
          0.0,
          0.0,
          1.0
        ]
      ]
    },
    {
      "file_path": "/media/NFS/ttao/scannet/posed_images/scene0475_02/00083.jpg",
      "transform_matrix": [
        [
          -0.99975,
          -0.019179,
          0.011464,
          5.619583
        ],
        [
          -0.019256,
          0.479214,
          -0.877487,
          7.471101
        ],
        [
          0.011336,
          -0.877489,
          -0.479463,
          1.561539
        ],
        [
          0.0,
          0.0,
          0.0,
          1.0
        ]
      ]
    },
    {
      "file_path": "/media/NFS/ttao/scannet/posed_images/scene0475_02/00088.jpg",
      "transform_matrix": [
        [
          -0.998047,
          0.016045,
          -0.06037,
          5.58307
        ],
        [
          0.060986,
          0.459426,
          -0.88612,
          7.465607
        ],
        [
          0.013518,
          -0.888071,
          -0.459507,
          1.564438
        ],
        [
          0.0,
          0.0,
          0.0,
          1.0
        ]
      ]
    },
    {
      "file_path": "/media/NFS/ttao/scannet/posed_images/scene0475_02/00089.jpg",
      "transform_matrix": [
        [
          -0.996876,
          0.023086,
          -0.075536,
          5.576917
        ],
        [
          0.077789,
          0.452759,
          -0.888233,
          7.471403
        ],
        [
          0.013693,
          -0.891334,
          -0.453141,
          1.562883
        ],
        [
          0.0,
          0.0,
          0.0,
          1.0
        ]
      ]
    },
    {
      "file_path": "/media/NFS/ttao/scannet/posed_images/scene0475_02/00094.jpg",
      "transform_matrix": [
        [
          -0.986147,
          0.063776,
          -0.153123,
          5.534915
        ],
        [
          0.165597,
          0.431735,
          -0.886669,
          7.468357
        ],
        [
          0.00956,
          -0.899743,
          -0.436315,
          1.585752
        ],
        [
          0.0,
          0.0,
          0.0,
          1.0
        ]
      ]
    },
    {
      "file_path": "/media/NFS/ttao/scannet/posed_images/scene0475_02/00097.jpg",
      "transform_matrix": [
        [
          -0.978466,
          0.077964,
          -0.191116,
          5.509667
        ],
        [
          0.206032,
          0.424639,
          -0.881608,
          7.474028
        ],
        [
          0.012421,
          -0.902,
          -0.431558,
          1.580089
        ],
        [
          0.0,
          0.0,
          0.0,
          1.0
        ]
      ]
    },
    {
      "file_path": "/media/NFS/ttao/scannet/posed_images/scene0475_02/00100.jpg",
      "transform_matrix": [
        [
          -0.966052,
          0.09351,
          -0.240832,
          5.497594
        ],
        [
          0.257628,
          0.418291,
          -0.871011,
          7.47549
        ],
        [
          0.019289,
          -0.903487,
          -0.428182,
          1.566783
        ],
        [
          0.0,
          0.0,
          0.0,
          1.0
        ]
      ]
    },
    {
      "file_path": "/media/NFS/ttao/scannet/posed_images/scene0475_02/00103.jpg",
      "transform_matrix": [
        [
          -0.951461,
          0.122549,
          -0.28232,
          5.490885
        ],
        [
          0.307668,
          0.402371,
          -0.862228,
          7.478588
        ],
        [
          0.007932,
          -0.907237,
          -0.420545,
          1.571193
        ],
        [
          0.0,
          0.0,
          0.0,
          1.0
        ]
      ]
    },
    {
      "file_path": "/media/NFS/ttao/scannet/posed_images/scene0475_02/00105.jpg",
      "transform_matrix": [
        [
          -0.945806,
          0.138795,
          -0.293576,
          5.479009
        ],
        [
          0.324709,
          0.393486,
          -0.860077,
          7.491897
        ],
        [
          -0.003856,
          -0.908793,
          -0.417229,
          1.569443
        ],
        [
          0.0,
          0.0,
          0.0,
          1.0
        ]
      ]
    },
    {
      "file_path": "/media/NFS/ttao/scannet/posed_images/scene0475_02/00108.jpg",
      "transform_matrix": [
        [
          -0.93631,
          0.152459,
          -0.316354,
          5.47333
        ],
        [
          0.350981,
          0.376353,
          -0.857421,
          7.512274
        ],
        [
          -0.01166,
          -0.913846,
          -0.405894,
          1.571359
        ],
        [
          0.0,
          0.0,
          0.0,
          1.0
        ]
      ]
    },
    {
      "file_path": "/media/NFS/ttao/scannet/posed_images/scene0475_02/00113.jpg",
      "transform_matrix": [
        [
          -0.928833,
          0.158512,
          -0.334878,
          5.453251
        ],
        [
          0.370363,
          0.372791,
          -0.850798,
          7.555588
        ],
        [
          -0.010022,
          -0.914276,
          -0.404968,
          1.592771
        ],
        [
          0.0,
          0.0,
          0.0,
          1.0
        ]
      ]
    },
    {
      "file_path": "/media/NFS/ttao/scannet/posed_images/scene0475_02/00115.jpg",
      "transform_matrix": [
        [
          -0.927847,
          0.152188,
          -0.340499,
          5.448393
        ],
        [
          0.372951,
          0.371691,
          -0.850149,
          7.589835
        ],
        [
          -0.002822,
          -0.915798,
          -0.401631,
          1.598211
        ],
        [
          0.0,
          0.0,
          0.0,
          1.0
        ]
      ]
    },
    {
      "file_path": "/media/NFS/ttao/scannet/posed_images/scene0475_02/00119.jpg",
      "transform_matrix": [
        [
          -0.927996,
          0.147656,
          -0.342084,
          5.428278
        ],
        [
          0.372588,
          0.370815,
          -0.850691,
          7.649816
        ],
        [
          0.00124,
          -0.916894,
          -0.39913,
          1.599794
        ],
        [
          0.0,
          0.0,
          0.0,
          1.0
        ]
      ]
    },
    {
      "file_path": "/media/NFS/ttao/scannet/posed_images/scene0475_02/00120.jpg",
      "transform_matrix": [
        [
          -0.924934,
          0.150828,
          -0.348923,
          5.451231
        ],
        [
          0.380127,
          0.366429,
          -0.849255,
          7.663323
        ],
        [
          -0.000236,
          -0.91814,
          -0.396257,
          1.593698
        ],
        [
          0.0,
          0.0,
          0.0,
          1.0
        ]
      ]
    },
    {
      "file_path": "/media/NFS/ttao/scannet/posed_images/scene0475_02/00123.jpg",
      "transform_matrix": [
        [
          -0.927634,
          0.156743,
          -0.339009,
          5.445994
        ],
        [
          0.373373,
          0.366433,
          -0.852244,
          7.71399
        ],
        [
          -0.009359,
          -0.917147,
          -0.398439,
          1.586449
        ],
        [
          0.0,
          0.0,
          0.0,
          1.0
        ]
      ]
    },
    {
      "file_path": "/media/NFS/ttao/scannet/posed_images/scene0475_02/00126.jpg",
      "transform_matrix": [
        [
          -0.930977,
          0.153182,
          -0.331388,
          5.429248
        ],
        [
          0.364989,
          0.370343,
          -0.854184,
          7.770175
        ],
        [
          -0.008118,
          -0.916178,
          -0.40069,
          1.581281
        ],
        [
          0.0,
          0.0,
          0.0,
          1.0
        ]
      ]
    },
    {
      "file_path": "/media/NFS/ttao/scannet/posed_images/scene0475_02/00130.jpg",
      "transform_matrix": [
        [
          -0.925628,
          0.169944,
          -0.338129,
          5.423087
        ],
        [
          0.378255,
          0.387988,
          -0.840469,
          7.850072
        ],
        [
          -0.011643,
          -0.905861,
          -0.423415,
          1.566227
        ],
        [
          0.0,
          0.0,
          0.0,
          1.0
        ]
      ]
    },
    {
      "file_path": "/media/NFS/ttao/scannet/posed_images/scene0475_02/00134.jpg",
      "transform_matrix": [
        [
          -0.916107,
          0.196895,
          -0.349258,
          5.408486
        ],
        [
          0.40057,
          0.41237,
          -0.818226,
          7.942691
        ],
        [
          -0.017081,
          -0.889485,
          -0.456645,
          1.551781
        ],
        [
          0.0,
          0.0,
          0.0,
          1.0
        ]
      ]
    },
    {
      "file_path": "/media/NFS/ttao/scannet/posed_images/scene0475_02/00138.jpg",
      "transform_matrix": [
        [
          -0.910258,
          0.210133,
          -0.356755,
          5.40867
        ],
        [
          0.413634,
          0.423302,
          -0.806054,
          8.009182
        ],
        [
          -0.018364,
          -0.881283,
          -0.472233,
          1.54699
        ],
        [
          0.0,
          0.0,
          0.0,
          1.0
        ]
      ]
    },
    {
      "file_path": "/media/NFS/ttao/scannet/posed_images/scene0475_02/00139.jpg",
      "transform_matrix": [
        [
          -0.91011,
          0.213961,
          -0.354852,
          5.40683
        ],
        [
          0.413719,
          0.421366,
          -0.807024,
          8.026802
        ],
        [
          -0.023149,
          -0.88129,
          -0.47201,
          1.546143
        ],
        [
          0.0,
          0.0,
          0.0,
          1.0
        ]
      ]
    },
    {
      "file_path": "/media/NFS/ttao/scannet/posed_images/scene0475_02/00142.jpg",
      "transform_matrix": [
        [
          -0.907648,
          0.219809,
          -0.357573,
          5.406797
        ],
        [
          0.419148,
          0.429789,
          -0.799748,
          8.062272
        ],
        [
          -0.022111,
          -0.875766,
          -0.48223,
          1.553353
        ],
        [
          0.0,
          0.0,
          0.0,
          1.0
        ]
      ]
    },
    {
      "file_path": "/media/NFS/ttao/scannet/posed_images/scene0475_02/00145.jpg",
      "transform_matrix": [
        [
          -0.899377,
          0.228728,
          -0.372565,
          5.392834
        ],
        [
          0.43696,
          0.443654,
          -0.782456,
          8.105479
        ],
        [
          -0.013679,
          -0.866519,
          -0.498957,
          1.550019
        ],
        [
          0.0,
          0.0,
          0.0,
          1.0
        ]
      ]
    },
    {
      "file_path": "/media/NFS/ttao/scannet/posed_images/scene0475_02/00148.jpg",
      "transform_matrix": [
        [
          -0.888853,
          0.240091,
          -0.390252,
          5.37313
        ],
        [
          0.458076,
          0.446378,
          -0.768709,
          8.140113
        ],
        [
          -0.01036,
          -0.862034,
          -0.506744,
          1.548188
        ],
        [
          0.0,
          0.0,
          0.0,
          1.0
        ]
      ]
    },
    {
      "file_path": "/media/NFS/ttao/scannet/posed_images/scene0475_02/00153.jpg",
      "transform_matrix": [
        [
          -0.846398,
          0.277525,
          -0.454523,
          5.314964
        ],
        [
          0.532213,
          0.410367,
          -0.740506,
          8.209263
        ],
        [
          -0.018988,
          -0.868665,
          -0.495036,
          1.549397
        ],
        [
          0.0,
          0.0,
          0.0,
          1.0
        ]
      ]
    },
    {
      "file_path": "/media/NFS/ttao/scannet/posed_images/scene0475_02/00154.jpg",
      "transform_matrix": [
        [
          -0.840461,
          0.281265,
          -0.463158,
          5.298837
        ],
        [
          0.541417,
          0.400886,
          -0.739025,
          8.220149
        ],
        [
          -0.022188,
          -0.871883,
          -0.489211,
          1.549606
        ],
        [
          0.0,
          0.0,
          0.0,
          1.0
        ]
      ]
    },
    {
      "file_path": "/media/NFS/ttao/scannet/posed_images/scene0475_02/00159.jpg",
      "transform_matrix": [
        [
          -0.800524,
          0.30404,
          -0.51645,
          5.241721
        ],
        [
          0.598837,
          0.371918,
          -0.709275,
          8.270107
        ],
        [
          -0.023571,
          -0.877062,
          -0.479799,
          1.536706
        ],
        [
          0.0,
          0.0,
          0.0,
          1.0
        ]
      ]
    },
    {
      "file_path": "/media/NFS/ttao/scannet/posed_images/scene0475_02/00162.jpg",
      "transform_matrix": [
        [
          -0.774529,
          0.326786,
          -0.541586,
          5.204788
        ],
        [
          0.632255,
          0.374334,
          -0.678327,
          8.291859
        ],
        [
          -0.018934,
          -0.867805,
          -0.496545,
          1.53157
        ],
        [
          0.0,
          0.0,
          0.0,
          1.0
        ]
      ]
    },
    {
      "file_path": "/media/NFS/ttao/scannet/posed_images/scene0475_02/00166.jpg",
      "transform_matrix": [
        [
          -0.74611,
          0.345836,
          -0.568961,
          5.14158
        ],
        [
          0.665142,
          0.348532,
          -0.660388,
          8.32652
        ],
        [
          -0.030084,
          -0.871162,
          -0.490073,
          1.528015
        ],
        [
          0.0,
          0.0,
          0.0,
          1.0
        ]
      ]
    },
    {
      "file_path": "/media/NFS/ttao/scannet/posed_images/scene0475_02/00169.jpg",
      "transform_matrix": [
        [
          -0.727729,
          0.35959,
          -0.584042,
          5.087802
        ],
        [
          0.685118,
          0.341396,
          -0.643477,
          8.350025
        ],
        [
          -0.031998,
          -0.868415,
          -0.494806,
          1.523436
        ],
        [
          0.0,
          0.0,
          0.0,
          1.0
        ]
      ]
    },
    {
      "file_path": "/media/NFS/ttao/scannet/posed_images/scene0475_02/00170.jpg",
      "transform_matrix": [
        [
          -0.719167,
          0.363886,
          -0.591934,
          5.068423
        ],
        [
          0.694091,
          0.336729,
          -0.63628,
          8.36591
        ],
        [
          -0.032212,
          -0.868447,
          -0.494734,
          1.519348
        ],
        [
          0.0,
          0.0,
          0.0,
          1.0
        ]
      ]
    },
    {
      "file_path": "/media/NFS/ttao/scannet/posed_images/scene0475_02/00174.jpg",
      "transform_matrix": [
        [
          -0.692648,
          0.362885,
          -0.623341,
          5.002988
        ],
        [
          0.721174,
          0.333921,
          -0.606963,
          8.387638
        ],
        [
          -0.012111,
          -0.869949,
          -0.492993,
          1.511833
        ],
        [
          0.0,
          0.0,
          0.0,
          1.0
        ]
      ]
    },
    {
      "file_path": "/media/NFS/ttao/scannet/posed_images/scene0475_02/00178.jpg",
      "transform_matrix": [
        [
          -0.689946,
          0.387098,
          -0.611661,
          4.932852
        ],
        [
          0.723789,
          0.357019,
          -0.590481,
          8.416046
        ],
        [
          -0.010199,
          -0.850113,
          -0.526501,
          1.49889
        ],
        [
          0.0,
          0.0,
          0.0,
          1.0
        ]
      ]
    },
    {
      "file_path": "/media/NFS/ttao/scannet/posed_images/scene0475_02/00181.jpg",
      "transform_matrix": [
        [
          -0.682739,
          0.398991,
          -0.612106,
          4.856805
        ],
        [
          0.73066,
          0.370463,
          -0.573493,
          8.452286
        ],
        [
          -0.002056,
          -0.838787,
          -0.544456,
          1.494557
        ],
        [
          0.0,
          0.0,
          0.0,
          1.0
        ]
      ]
    },
    {
      "file_path": "/media/NFS/ttao/scannet/posed_images/scene0475_02/00184.jpg",
      "transform_matrix": [
        [
          -0.659971,
          0.42888,
          -0.616847,
          4.796073
        ],
        [
          0.751039,
          0.355359,
          -0.556472,
          8.488317
        ],
        [
          -0.019458,
          -0.830531,
          -0.556632,
          1.490694
        ],
        [
          0.0,
          0.0,
          0.0,
          1.0
        ]
      ]
    },
    {
      "file_path": "/media/NFS/ttao/scannet/posed_images/scene0475_02/00187.jpg",
      "transform_matrix": [
        [
          -0.634258,
          0.449568,
          -0.628971,
          4.736349
        ],
        [
          0.772415,
          0.333706,
          -0.540385,
          8.523853
        ],
        [
          -0.033048,
          -0.82857,
          -0.558909,
          1.493745
        ],
        [
          0.0,
          0.0,
          0.0,
          1.0
        ]
      ]
    },
    {
      "file_path": "/media/NFS/ttao/scannet/posed_images/scene0475_02/00188.jpg",
      "transform_matrix": [
        [
          -0.627664,
          0.453195,
          -0.632971,
          4.718674
        ],
        [
          0.777578,
          0.325756,
          -0.537824,
          8.53669
        ],
        [
          -0.037545,
          -0.829757,
          -0.55686,
          1.492995
        ],
        [
          0.0,
          0.0,
          0.0,
          1.0
        ]
      ]
    },
    {
      "file_path": "/media/NFS/ttao/scannet/posed_images/scene0475_02/00194.jpg",
      "transform_matrix": [
        [
          -0.599896,
          0.437934,
          -0.669581,
          4.60129
        ],
        [
          0.799519,
          0.296845,
          -0.522162,
          8.635077
        ],
        [
          -0.029911,
          -0.848585,
          -0.528213,
          1.493584
        ],
        [
          0.0,
          0.0,
          0.0,
          1.0
        ]
      ]
    },
    {
      "file_path": "/media/NFS/ttao/scannet/posed_images/scene0475_02/00197.jpg",
      "transform_matrix": [
        [
          -0.568757,
          0.433564,
          -0.698955,
          4.545877
        ],
        [
          0.82247,
          0.291817,
          -0.488249,
          8.676558
        ],
        [
          -0.00772,
          -0.852564,
          -0.522566,
          1.500489
        ],
        [
          0.0,
          0.0,
          0.0,
          1.0
        ]
      ]
    },
    {
      "file_path": "/media/NFS/ttao/scannet/posed_images/scene0475_02/00200.jpg",
      "transform_matrix": [
        [
          -0.563311,
          0.438159,
          -0.700497,
          4.490273
        ],
        [
          0.826191,
          0.289012,
          -0.483612,
          8.737607
        ],
        [
          -0.009447,
          -0.851169,
          -0.524807,
          1.496149
        ],
        [
          0.0,
          0.0,
          0.0,
          1.0
        ]
      ]
    },
    {
      "file_path": "/media/NFS/ttao/scannet/posed_images/scene0475_02/00202.jpg",
      "transform_matrix": [
        [
          -0.554018,
          0.436773,
          -0.708727,
          4.438281
        ],
        [
          0.832481,
          0.297027,
          -0.467707,
          8.772793
        ],
        [
          0.006229,
          -0.84912,
          -0.528164,
          1.505004
        ],
        [
          0.0,
          0.0,
          0.0,
          1.0
        ]
      ]
    },
    {
      "file_path": "/media/NFS/ttao/scannet/posed_images/scene0475_02/00204.jpg",
      "transform_matrix": [
        [
          -0.551041,
          0.45009,
          -0.70269,
          4.403432
        ],
        [
          0.834471,
          0.300655,
          -0.461805,
          8.793821
        ],
        [
          0.003413,
          -0.840848,
          -0.54126,
          1.511677
        ],
        [
          0.0,
          0.0,
          0.0,
          1.0
        ]
      ]
    },
    {
      "file_path": "/media/NFS/ttao/scannet/posed_images/scene0475_02/00209.jpg",
      "transform_matrix": [
        [
          -0.540783,
          0.439638,
          -0.717128,
          4.303155
        ],
        [
          0.840938,
          0.262885,
          -0.472985,
          8.835219
        ],
        [
          -0.019421,
          -0.858842,
          -0.511872,
          1.539065
        ],
        [
          0.0,
          0.0,
          0.0,
          1.0
        ]
      ]
    },
    {
      "file_path": "/media/NFS/ttao/scannet/posed_images/scene0475_02/00210.jpg",
      "transform_matrix": [
        [
          -0.541742,
          0.433152,
          -0.720344,
          4.284173
        ],
        [
          0.840209,
          0.25485,
          -0.478644,
          8.848452
        ],
        [
          -0.023746,
          -0.864541,
          -0.502001,
          1.536694
        ],
        [
          0.0,
          0.0,
          0.0,
          1.0
        ]
      ]
    },
    {
      "file_path": "/media/NFS/ttao/scannet/posed_images/scene0475_02/00215.jpg",
      "transform_matrix": [
        [
          -0.514096,
          0.424471,
          -0.745338,
          4.17628
        ],
        [
          0.857612,
          0.239837,
          -0.45495,
          8.888968
        ],
        [
          -0.014354,
          -0.873099,
          -0.487331,
          1.527235
        ],
        [
          0.0,
          0.0,
          0.0,
          1.0
        ]
      ]
    },
    {
      "file_path": "/media/NFS/ttao/scannet/posed_images/scene0475_02/00218.jpg",
      "transform_matrix": [
        [
          -0.491041,
          0.423573,
          -0.761225,
          4.096552
        ],
        [
          0.871071,
          0.249411,
          -0.423118,
          8.91868
        ],
        [
          0.010636,
          -0.87085,
          -0.491434,
          1.522671
        ],
        [
          0.0,
          0.0,
          0.0,
          1.0
        ]
      ]
    },
    {
      "file_path": "/media/NFS/ttao/scannet/posed_images/scene0475_02/00219.jpg",
      "transform_matrix": [
        [
          -0.469202,
          0.416489,
          -0.778708,
          4.045539
        ],
        [
          0.882689,
          0.247784,
          -0.399328,
          8.931482
        ],
        [
          0.026635,
          -0.874723,
          -0.483891,
          1.513159
        ],
        [
          0.0,
          0.0,
          0.0,
          1.0
        ]
      ]
    },
    {
      "file_path": "/media/NFS/ttao/scannet/posed_images/scene0475_02/00225.jpg",
      "transform_matrix": [
        [
          -0.443744,
          0.416313,
          -0.793583,
          3.904618
        ],
        [
          0.894426,
          0.260706,
          -0.363365,
          8.982743
        ],
        [
          0.055618,
          -0.871043,
          -0.488048,
          1.518732
        ],
        [
          0.0,
          0.0,
          0.0,
          1.0
        ]
      ]
    },
    {
      "file_path": "/media/NFS/ttao/scannet/posed_images/scene0475_02/00227.jpg",
      "transform_matrix": [
        [
          -0.441758,
          0.415674,
          -0.795025,
          3.871115
        ],
        [
          0.895935,
          0.250211,
          -0.367007,
          8.994491
        ],
        [
          0.046368,
          -0.87442,
          -0.48295,
          1.513558
        ],
        [
          0.0,
          0.0,
          0.0,
          1.0
        ]
      ]
    },
    {
      "file_path": "/media/NFS/ttao/scannet/posed_images/scene0475_02/00230.jpg",
      "transform_matrix": [
        [
          -0.451878,
          0.419591,
          -0.787241,
          3.806886
        ],
        [
          0.891502,
          0.244155,
          -0.381592,
          9.02086
        ],
        [
          0.032096,
          -0.87426,
          -0.484395,
          1.520884
        ],
        [
          0.0,
          0.0,
          0.0,
          1.0
        ]
      ]
    },
    {
      "file_path": "/media/NFS/ttao/scannet/posed_images/scene0475_02/00232.jpg",
      "transform_matrix": [
        [
          -0.465141,
          0.411095,
          -0.783993,
          3.758907
        ],
        [
          0.884645,
          0.248239,
          -0.39469,
          9.02056
        ],
        [
          0.032363,
          -0.877142,
          -0.479139,
          1.525218
        ],
        [
          0.0,
          0.0,
          0.0,
          1.0
        ]
      ]
    },
    {
      "file_path": "/media/NFS/ttao/scannet/posed_images/scene0475_02/00235.jpg",
      "transform_matrix": [
        [
          -0.495476,
          0.41011,
          -0.765711,
          3.710103
        ],
        [
          0.867844,
          0.271018,
          -0.416409,
          9.01346
        ],
        [
          0.036748,
          -0.870838,
          -0.490194,
          1.522685
        ],
        [
          0.0,
          0.0,
          0.0,
          1.0
        ]
      ]
    },
    {
      "file_path": "/media/NFS/ttao/scannet/posed_images/scene0475_02/00238.jpg",
      "transform_matrix": [
        [
          -0.543108,
          0.39648,
          -0.74016,
          3.666717
        ],
        [
          0.838675,
          0.298894,
          -0.455287,
          9.014767
        ],
        [
          0.040717,
