{
  "frames": [
    {
      "file_path": "/media/NFS/ttao/scannet/posed_images/scene0102_00/00000.jpg",
      "transform_matrix": [
        [
          -0.925351,
          0.122106,
          -0.358909,
          4.735593
        ],
        [
          0.376741,
          0.190476,
          -0.906524,
          2.732706
        ],
        [
          -0.042329,
          -0.974068,
          -0.222259,
          1.21643
        ],
        [
          0.0,
          0.0,
          0.0,
          1.0
        ]
      ]
    },
    {
      "file_path": "/media/NFS/ttao/scannet/posed_images/scene0102_00/00006.jpg",
      "transform_matrix": [
        [
          -0.928359,
          0.113653,
          -0.353882,
          4.728786
        ],
        [
          0.368963,
          0.16678,
          -0.914358,
          2.74116
        ],
        [
          -0.044899,
          -0.979422,
          -0.196766,
          1.234567
        ],
        [
          0.0,
          0.0,
          0.0,
          1.0
        ]
      ]
    },
    {
      "file_path": "/media/NFS/ttao/scannet/posed_images/scene0102_00/00012.jpg",
      "transform_matrix": [
        [
          -0.923068,
          0.093128,
          -0.373193,
          4.736924
        ],
        [
          0.382686,
          0.124742,
          -0.915419,
          2.738492
        ],
        [
          -0.038699,
          -0.987809,
          -0.150784,
          1.282334
        ],
        [
          0.0,
          0.0,
          0.0,
          1.0
        ]
      ]
    },
    {
      "file_path": "/media/NFS/ttao/scannet/posed_images/scene0102_00/00022.jpg",
      "transform_matrix": [
        [
          -0.929767,
          0.051599,
          -0.364514,
          4.736163
        ],
        [
          0.36547,
          0.010155,
          -0.930768,
          2.739044
        ],
        [
          -0.044326,
          -0.998616,
          -0.028299,
          1.380289
        ],
        [
          0.0,
          0.0,
          0.0,
          1.0
        ]
      ]
    },
    {
      "file_path": "/media/NFS/ttao/scannet/posed_images/scene0102_00/00028.jpg",
      "transform_matrix": [
        [
          -0.938353,
          0.064063,
          -0.339691,
          4.724182
        ],
        [
          0.335929,
          -0.062752,
          -0.939795,
          2.734719
        ],
        [
          -0.081523,
          -0.995971,
          0.037363,
          1.414873
        ],
        [
          0.0,
          0.0,
          0.0,
          1.0
        ]
      ]
    },
    {
      "file_path": "/media/NFS/ttao/scannet/posed_images/scene0102_00/00032.jpg",
      "transform_matrix": [
        [
          -0.931217,
          0.102434,
          -0.349775,
          4.742235
        ],
        [
          0.343769,
          -0.071945,
          -0.936294,
          2.718737
        ],
        [
          -0.121072,
          -0.992135,
          0.031783,
          1.365183
        ],
        [
          0.0,
          0.0,
          0.0,
          1.0
        ]
      ]
    },
    {
      "file_path": "/media/NFS/ttao/scannet/posed_images/scene0102_00/00042.jpg",
      "transform_matrix": [
        [
          -0.935723,
          0.092178,
          -0.340478,
          4.815541
        ],
        [
          0.345499,
          0.045,
          -0.937339,
          2.679284
        ],
        [
          -0.071081,
          -0.994725,
          -0.073955,
          1.278163
        ],
        [
          0.0,
          0.0,
          0.0,
          1.0
        ]
      ]
    },
    {
      "file_path": "/media/NFS/ttao/scannet/posed_images/scene0102_00/00045.jpg",
      "transform_matrix": [
        [
          -0.927323,
          0.096056,
          -0.361727,
          4.854325
        ],
        [
          0.36904,
          0.073764,
          -0.926482,
          2.658849
        ],
        [
          -0.062312,
          -0.992639,
          -0.103851,
          1.250722
        ],
        [
          0.0,
          0.0,
          0.0,
          1.0
        ]
      ]
    },
    {
      "file_path": "/media/NFS/ttao/scannet/posed_images/scene0102_00/00055.jpg",
      "transform_matrix": [
        [
          -0.895278,
          0.145514,
          -0.421073,
          4.94767
        ],
        [
          0.440861,
          0.153231,
          -0.884399,
          2.592544
        ],
        [
          -0.064171,
          -0.977418,
          -0.201336,
          1.210811
        ],
        [
          0.0,
          0.0,
          0.0,
          1.0
        ]
      ]
    },
    {
      "file_path": "/media/NFS/ttao/scannet/posed_images/scene0102_00/00063.jpg",
      "transform_matrix": [
        [
          -0.88622,
          0.121486,
          -0.447052,
          4.943317
        ],
        [
          0.461944,
          0.158928,
          -0.872554,
          2.586158
        ],
        [
          -0.034954,
          -0.979787,
          -0.196965,
          1.207037
        ],
        [
          0.0,
          0.0,
          0.0,
          1.0
        ]
      ]
    },
    {
      "file_path": "/media/NFS/ttao/scannet/posed_images/scene0102_00/00065.jpg",
      "transform_matrix": [
        [
          -0.887649,
          0.118651,
          -0.444973,
          4.930675
        ],
        [
          0.45939,
          0.160485,
          -0.873616,
          2.590123
        ],
        [
          -0.032244,
          -0.979881,
          -0.196961,
          1.213378
        ],
        [
          0.0,
          0.0,
          0.0,
          1.0
        ]
      ]
    },
    {
      "file_path": "/media/NFS/ttao/scannet/posed_images/scene0102_00/00073.jpg",
      "transform_matrix": [
        [
          -0.885589,
          0.135845,
          -0.44416,
          4.841229
        ],
        [
          0.46073,
          0.135831,
          -0.877085,
          2.61931
        ],
        [
          -0.058816,
          -0.981375,
          -0.182878,
          1.213872
        ],
        [
          0.0,
          0.0,
          0.0,
          1.0
        ]
      ]
    },
    {
      "file_path": "/media/NFS/ttao/scannet/posed_images/scene0102_00/00083.jpg",
      "transform_matrix": [
        [
          -0.936243,
          0.151899,
          -0.316822,
          4.643959
        ],
        [
          0.336761,
          0.130777,
          -0.932464,
          2.697823
        ],
        [
          -0.100208,
          -0.979706,
          -0.173593,
          1.204208
        ],
        [
          0.0,
          0.0,
          0.0,
          1.0
        ]
      ]
    },
    {
      "file_path": "/media/NFS/ttao/scannet/posed_images/scene0102_00/00085.jpg",
      "transform_matrix": [
        [
          -0.941952,
          0.153206,
          -0.298756,
          4.607061
        ],
        [
          0.319733,
          0.13778,
          -0.937437,
          2.709372
        ],
        [
          -0.102459,
          -0.978542,
          -0.178767,
          1.203786
        ],
        [
          0.0,
          0.0,
          0.0,
          1.0
        ]
      ]
    },
    {
      "file_path": "/media/NFS/ttao/scannet/posed_images/scene0102_00/00095.jpg",
      "transform_matrix": [
        [
          -0.941886,
          0.129695,
          -0.309888,
          4.487413
        ],
        [
          0.326126,
          0.131748,
          -0.936101,
          2.723845
        ],
        [
          -0.080581,
          -0.982762,
          -0.166388,
          1.221945
        ],
        [
          0.0,
          0.0,
          0.0,
          1.0
        ]
      ]
    },
    {
      "file_path": "/media/NFS/ttao/scannet/posed_images/scene0102_00/00103.jpg",
      "transform_matrix": [
        [
          -0.926521,
          0.126926,
          -0.354186,
          4.442289
        ],
        [
          0.370284,
          0.140752,
          -0.918193,
          2.694746
        ],
        [
          -0.066691,
          -0.981875,
          -0.177408,
          1.222931
        ],
        [
          0.0,
          0.0,
          0.0,
          1.0
        ]
      ]
    },
    {
      "file_path": "/media/NFS/ttao/scannet/posed_images/scene0102_00/00105.jpg",
      "transform_matrix": [
        [
          -0.927974,
          0.123422,
          -0.351612,
          4.429496
        ],
        [
          0.366692,
          0.134474,
          -0.920573,
          2.693678
        ],
        [
          -0.066337,
          -0.983201,
          -0.170046,
          1.225151
        ],
        [
          0.0,
          0.0,
          0.0,
          1.0
        ]
      ]
    },
    {
      "file_path": "/media/NFS/ttao/scannet/posed_images/scene0102_00/00111.jpg",
      "transform_matrix": [
        [
          -0.922151,
          0.128771,
          -0.364768,
          4.383265
        ],
        [
          0.3811,
          0.140718,
          -0.913762,
          2.68883
        ],
        [
          -0.066337,
          -0.98164,
          -0.178838,
          1.245067
        ],
        [
          0.0,
          0.0,
          0.0,
          1.0
        ]
      ]
    },
    {
      "file_path": "/media/NFS/ttao/scannet/posed_images/scene0102_00/00123.jpg",
      "transform_matrix": [
        [
          -0.899324,
          0.11064,
          -0.423055,
          4.263157
        ],
        [
          0.435228,
          0.132787,
          -0.890474,
          2.751727
        ],
        [
          -0.042346,
          -0.98495,
          -0.167572,
          1.259804
        ],
        [
          0.0,
          0.0,
          0.0,
          1.0
        ]
      ]
    },
    {
      "file_path": "/media/NFS/ttao/scannet/posed_images/scene0102_00/00127.jpg",
      "transform_matrix": [
        [
          -0.896802,
          0.120759,
          -0.425633,
          4.232898
        ],
        [
          0.4397,
          0.136531,
          -0.887707,
          2.77139
        ],
        [
          -0.049086,
          -0.983248,
          -0.175539,
          1.262863
        ],
        [
          0.0,
          0.0,
          0.0,
          1.0
        ]
      ]
    },
    {
      "file_path": "/media/NFS/ttao/scannet/posed_images/scene0102_00/00130.jpg",
      "transform_matrix": [
        [
          -0.894887,
          0.125414,
          -0.428308,
          4.217829
        ],
        [
          0.442698,
          0.1279,
          -0.887502,
          2.781613
        ],
        [
          -0.056524,
          -0.983826,
          -0.169977,
          1.265565
        ],
        [
          0.0,
          0.0,
          0.0,
          1.0
        ]
      ]
    },
    {
      "file_path": "/media/NFS/ttao/scannet/posed_images/scene0102_00/00138.jpg",
      "transform_matrix": [
        [
          -0.886114,
          0.118477,
          -0.448069,
          4.197321
        ],
        [
          0.459217,
          0.093812,
          -0.883357,
          2.776435
        ],
        [
          -0.062623,
          -0.988515,
          -0.137535,
          1.284875
        ],
        [
          0.0,
          0.0,
          0.0,
          1.0
        ]
      ]
    },
    {
      "file_path": "/media/NFS/ttao/scannet/posed_images/scene0102_00/00148.jpg",
      "transform_matrix": [
        [
          -0.884164,
          0.117911,
          -0.452052,
          4.233179
        ],
        [
          0.465152,
          0.132216,
          -0.875301,
          2.707808
        ],
        [
          -0.043439,
          -0.984183,
          -0.171747,
          1.271845
        ],
        [
          0.0,
          0.0,
          0.0,
          1.0
        ]
      ]
    },
    {
      "file_path": "/media/NFS/ttao/scannet/posed_images/scene0102_00/00150.jpg",
      "transform_matrix": [
        [
          -0.882024,
          0.11362,
          -0.457301,
          4.255958
        ],
        [
          0.46952,
          0.129941,
          -0.873308,
          2.692938
        ],
        [
          -0.039803,
          -0.98499,
          -0.167958,
          1.288128
        ],
        [
          0.0,
          0.0,
          0.0,
          1.0
        ]
      ]
    },
    {
      "file_path": "/media/NFS/ttao/scannet/posed_images/scene0102_00/00158.jpg",
      "transform_matrix": [
        [
          -0.881918,
          0.089057,
          -0.462914,
          4.390105
        ],
        [
          0.470083,
          0.092729,
          -0.877738,
          2.597963
        ],
        [
          -0.035243,
          -0.991701,
          -0.123644,
          1.277746
        ],
        [
          0.0,
          0.0,
          0.0,
          1.0
        ]
      ]
    },
    {
      "file_path": "/media/NFS/ttao/scannet/posed_images/scene0102_00/00166.jpg",
      "transform_matrix": [
        [
          -0.84996,
          0.079719,
          -0.520781,
          4.468482
        ],
        [
          0.526618,
          0.099452,
          -0.844264,
          2.474585
        ],
        [
          -0.015511,
          -0.991844,
          -0.126511,
          1.294263
        ],
        [
          0.0,
          0.0,
          0.0,
          1.0
        ]
      ]
    },
    {
      "file_path": "/media/NFS/ttao/scannet/posed_images/scene0102_00/00174.jpg",
      "transform_matrix": [
        [
          -0.832133,
          0.07254,
          -0.549812,
          4.467683
        ],
        [
          0.554567,
          0.114807,
          -0.824182,
          2.347327
        ],
        [
          0.003336,
          -0.990736,
          -0.135763,
          1.266328
        ],
        [
          0.0,
          0.0,
          0.0,
          1.0
        ]
      ]
    },
    {
      "file_path": "/media/NFS/ttao/scannet/posed_images/scene0102_00/00180.jpg",
      "transform_matrix": [
        [
          -0.805307,
          0.114042,
          -0.581786,
          4.44467
        ],
        [
          0.592809,
          0.142284,
          -0.792674,
          2.242027
        ],
        [
          -0.007619,
          -0.983234,
          -0.182187,
          1.280606
        ],
        [
          0.0,
          0.0,
          0.0,
          1.0
        ]
      ]
    },
    {
      "file_path": "/media/NFS/ttao/scannet/posed_images/scene0102_00/00184.jpg",
      "transform_matrix": [
        [
          -0.795309,
          0.124896,
          -0.593199,
          4.435033
        ],
        [
          0.605927,
          0.134187,
          -0.784121,
          2.191136
        ],
        [
          -0.018334,
          -0.983054,
          -0.182397,
          1.288962
        ],
        [
          0.0,
          0.0,
          0.0,
          1.0
        ]
      ]
    },
    {
      "file_path": "/media/NFS/ttao/scannet/posed_images/scene0102_00/00190.jpg",
      "transform_matrix": [
        [
          -0.729935,
          0.17183,
          -0.661566,
          4.428515
        ],
        [
          0.683057,
          0.147873,
          -0.715239,
          2.095537
        ],
        [
          -0.025072,
          -0.973965,
          -0.225307,
          1.311253
        ],
        [
          0.0,
          0.0,
          0.0,
          1.0
        ]
      ]
    },
    {
      "file_path": "/media/NFS/ttao/scannet/posed_images/scene0102_00/00200.jpg",
      "transform_matrix": [
        [
          -0.618258,
          0.257886,
          -0.742463,
          4.44258
        ],
        [
          0.784523,
          0.145082,
          -0.602889,
          1.949787
        ],
        [
          -0.047759,
          -0.95522,
          -0.292016,
          1.30588
        ],
        [
          0.0,
          0.0,
          0.0,
          1.0
        ]
      ]
    },
    {
      "file_path": "/media/NFS/ttao/scannet/posed_images/scene0102_00/00204.jpg",
      "transform_matrix": [
        [
          -0.603491,
          0.277131,
          -0.747661,
          4.450609
        ],
        [
          0.796443,
          0.164306,
          -0.581964,
          1.921155
        ],
        [
          -0.038435,
          -0.946679,
          -0.319876,
          1.296976
        ],
        [
          0.0,
          0.0,
          0.0,
          1.0
        ]
      ]
    },
    {
      "file_path": "/media/NFS/ttao/scannet/posed_images/scene0102_00/00210.jpg",
      "transform_matrix": [
        [
          -0.611478,
          0.299949,
          -0.732206,
          4.462917
        ],
        [
          0.791126,
          0.214649,
          -0.572752,
          1.90456
        ],
        [
          -0.014628,
          -0.929493,
          -0.368551,
          1.275121
        ],
        [
          0.0,
          0.0,
          0.0,
          1.0
        ]
      ]
    },
    {
      "file_path": "/media/NFS/ttao/scannet/posed_images/scene0102_00/00217.jpg",
      "transform_matrix": [
        [
          -0.663447,
          0.302404,
          -0.68439,
          4.490185
        ],
        [
          0.748149,
          0.255269,
          -0.612462,
          1.937643
        ],
        [
          -0.010507,
          -0.918363,
          -0.3956,
          1.259924
        ],
        [
          0.0,
          0.0,
          0.0,
          1.0
        ]
      ]
    },
    {
      "file_path": "/media/NFS/ttao/scannet/posed_images/scene0102_00/00227.jpg",
      "transform_matrix": [
        [
          -0.728372,
          0.265646,
          -0.63159,
          4.53332
        ],
        [
          0.685181,
          0.283827,
          -0.670798,
          2.051676
        ],
        [
          0.001067,
          -0.921344,
          -0.388747,
          1.247472
        ],
        [
          0.0,
          0.0,
          0.0,
          1.0
        ]
      ]
    },
    {
      "file_path": "/media/NFS/ttao/scannet/posed_images/scene0102_00/00229.jpg",
      "transform_matrix": [
        [
          -0.733931,
          0.258505,
          -0.628108,
          4.54114
        ],
        [
          0.679222,
          0.27748,
          -0.679457,
          2.072571
        ],
        [
          -0.001355,
          -0.9253,
          -0.379233,
          1.253209
        ],
        [
          0.0,
          0.0,
          0.0,
          1.0
        ]
      ]
    },
    {
      "file_path": "/media/NFS/ttao/scannet/posed_images/scene0102_00/00241.jpg",
      "transform_matrix": [
        [
          -0.694789,
          0.165259,
          -0.69997,
          4.55967
        ],
        [
          0.719023,
          0.182033,
          -0.670724,
          2.131812
        ],
        [
          0.016574,
          -0.969306,
          -0.2453,
          1.321305
        ],
        [
          0.0,
          0.0,
          0.0,
          1.0
        ]
      ]
    },
    {
      "file_path": "/media/NFS/ttao/scannet/posed_images/scene0102_00/00243.jpg",
      "transform_matrix": [
        [
          -0.683522,
          0.156806,
          -0.712888,
          4.55384
        ],
        [
          0.729811,
          0.164482,
          -0.663568,
          2.132736
        ],
        [
          0.013205,
          -0.973836,
          -0.226866,
          1.333517
        ],
        [
          0.0,
          0.0,
          0.0,
          1.0
        ]
      ]
    },
    {
      "file_path": "/media/NFS/ttao/scannet/posed_images/scene0102_00/00251.jpg",
      "transform_matrix": [
        [
          -0.633693,
          0.123778,
          -0.763618,
          4.541483
        ],
        [
          0.773569,
          0.095038,
          -0.626546,
          2.120455
        ],
        [
          -0.00498,
          -0.987749,
          -0.155975,
          1.365661
        ],
        [
          0.0,
          0.0,
          0.0,
          1.0
        ]
      ]
    },
    {
      "file_path": "/media/NFS/ttao/scannet/posed_images/scene0102_00/00261.jpg",
      "transform_matrix": [
        [
          -0.595043,
          0.088045,
          -0.798857,
          4.520394
        ],
        [
          0.803427,
          0.039539,
          -0.594089,
          2.072264
        ],
        [
          -0.020721,
          -0.995332,
          -0.094265,
          1.413149
        ],
        [
          0.0,
          0.0,
          0.0,
          1.0
        ]
      ]
    },
    {
      "file_path": "/media/NFS/ttao/scannet/posed_images/scene0102_00/00267.jpg",
      "transform_matrix": [
        [
          -0.570962,
          0.087801,
          -0.816268,
          4.502595
        ],
        [
          0.819993,
          0.012328,
          -0.572241,
          2.039886
        ],
        [
          -0.04018,
          -0.996062,
          -0.079035,
          1.446241
        ],
        [
          0.0,
          0.0,
          0.0,
          1.0
        ]
      ]
    },
    {
      "file_path": "/media/NFS/ttao/scannet/posed_images/scene0102_00/00273.jpg",
      "transform_matrix": [
        [
          -0.542559,
          0.044094,
          -0.838859,
          4.493538
        ],
        [
          0.839119,
          -0.017716,
          -0.543659,
          2.011651
        ],
        [
          -0.038834,
          -0.99887,
          -0.027388,
          1.472643
        ],
        [
          0.0,
          0.0,
          0.0,
          1.0
        ]
      ]
    },
    {
      "file_path": "/media/NFS/ttao/scannet/posed_images/scene0102_00/00279.jpg",
      "transform_matrix": [
        [
          -0.54464,
          0.010319,
          -0.838606,
          4.479014
        ],
        [
          0.8372,
          -0.052478,
          -0.544373,
          1.989129
        ],
        [
          -0.049626,
          -0.998569,
          0.019942,
          1.502467
        ],
        [
          0.0,
          0.0,
          0.0,
          1.0
        ]
      ]
    },
    {
      "file_path": "/media/NFS/ttao/scannet/posed_images/scene0102_00/00285.jpg",
      "transform_matrix": [
        [
          -0.521389,
          -0.004607,
          -0.853307,
          4.4564
        ],
        [
          0.85121,
          -0.073077,
          -0.519713,
          1.95001
        ],
        [
          -0.059963,
          -0.997316,
          0.042023,
          1.520239
        ],
        [
          0.0,
          0.0,
          0.0,
          1.0
        ]
      ]
    },
    {
      "file_path": "/media/NFS/ttao/scannet/posed_images/scene0102_00/00291.jpg",
      "transform_matrix": [
        [
          -0.496613,
          0.003106,
          -0.867967,
          4.414145
        ],
        [
          0.866072,
          -0.064361,
          -0.495759,
          1.925413
        ],
        [
          -0.057404,
          -0.997922,
          0.029272,
          1.567442
        ],
        [
          0.0,
          0.0,
          0.0,
          1.0
        ]
      ]
    },
    {
      "file_path": "/media/NFS/ttao/scannet/posed_images/scene0102_00/00299.jpg",
      "transform_matrix": [
        [
          -0.471336,
          -0.055101,
          -0.880231,
          4.33151
        ],
        [
          0.879561,
          -0.102837,
          -0.46454,
          1.894107
        ],
        [
          -0.064924,
          -0.993171,
          0.096936,
          1.60397
        ],
        [
          0.0,
          0.0,
          0.0,
          1.0
        ]
      ]
    },
    {
      "file_path": "/media/NFS/ttao/scannet/posed_images/scene0102_00/00304.jpg",
      "transform_matrix": [
        [
          -0.48716,
          -0.099923,
          -0.867577,
          4.277523
        ],
        [
          0.871541,
          -0.118877,
          -0.475694,
          1.90598
        ],
        [
          -0.055602,
          -0.987868,
          0.144999,
          1.598362
        ],
        [
          0.0,
          0.0,
          0.0,
          1.0
        ]
      ]
    },
    {
      "file_path": "/media/NFS/ttao/scannet/posed_images/scene0102_00/00310.jpg",
      "transform_matrix": [
        [
          -0.473933,
          -0.117657,
          -0.872665,
          4.258275
        ],
        [
          0.879501,
          -0.111865,
          -0.462563,
          1.890941
        ],
        [
          -0.043197,
          -0.986733,
          0.156496,
          1.623434
        ],
        [
          0.0,
          0.0,
          0.0,
          1.0
        ]
      ]
    },
    {
      "file_path": "/media/NFS/ttao/scannet/posed_images/scene0102_00/00314.jpg",
      "transform_matrix": [
        [
          -0.457498,
          -0.123644,
          -0.880572,
          4.251517
        ],
        [
          0.888449,
          -0.104529,
          -0.446913,
          1.884857
        ],
        [
          -0.036787,
          -0.986806,
          0.157673,
          1.628253
        ],
        [
          0.0,
          0.0,
          0.0,
          1.0
        ]
      ]
    },
    {
      "file_path": "/media/NFS/ttao/scannet/posed_images/scene0102_00/00326.jpg",
      "transform_matrix": [
        [
          -0.273698,
          -0.073153,
          -0.95903,
          4.317165
        ],
        [
          0.961788,
          -0.028373,
          -0.272321,
          1.826015
        ],
        [
          -0.00729,
          -0.996917,
          0.078123,
          1.597618
        ],
        [
          0.0,
          0.0,
          0.0,
          1.0
        ]
      ]
    },
    {
      "file_path": "/media/NFS/ttao/scannet/posed_images/scene0102_00/00332.jpg",
      "transform_matrix": [
        [
          -0.255794,
          -0.018008,
          -0.966564,
          4.369252
        ],
        [
          0.966667,
          -0.0163,
          -0.255518,
          1.829018
        ],
        [
          -0.011153,
          -0.999705,
          0.021577,
          1.560652
        ],
        [
          0.0,
          0.0,
          0.0,
          1.0
        ]
      ]
    },
    {
      "file_path": "/media/NFS/ttao/scannet/posed_images/scene0102_00/00334.jpg",
      "transform_matrix": [
        [
          -0.25059,
          0.004528,
          -0.968083,
          4.381369
        ],
        [
          0.96792,
          -0.01774,
          -0.250631,
          1.823958
        ],
        [
          -0.018309,
          -0.999832,
          6.3e-05,
          1.533618
        ],
        [
          0.0,
          0.0,
          0.0,
          1.0
        ]
      ]
    },
    {
      "file_path": "/media/NFS/ttao/scannet/posed_images/scene0102_00/00346.jpg",
      "transform_matrix": [
        [
          -0.174333,
          0.167902,
          -0.970266,
          4.396952
        ],
        [
          0.984678,
          0.033818,
          -0.17107,
          1.784274
        ],
        [
          0.004089,
          -0.985223,
          -0.171225,
          1.466779
        ],
        [
          0.0,
          0.0,
          0.0,
          1.0
        ]
      ]
    },
    {
      "file_path": "/media/NFS/ttao/scannet/posed_images/scene0102_00/00348.jpg",
      "transform_matrix": [
        [
          -0.173927,
          0.18311,
          -0.967585,
          4.398991
        ],
        [
          0.984714,
          0.041673,
          -0.169119,
          1.780961
        ],
        [
          0.009355,
          -0.982209,
          -0.187559,
          1.454491
        ],
        [
          0.0,
          0.0,
          0.0,
          1.0
        ]
      ]
    },
    {
      "file_path": "/media/NFS/ttao/scannet/posed_images/scene0102_00/00356.jpg",
      "transform_matrix": [
        [
          -0.19935,
          0.216815,
          -0.955642,
          4.407356
        ],
        [
          0.979923,
          0.047275,
          -0.193689,
          1.794502
        ],
        [
          0.003183,
          -0.975067,
          -0.221886,
          1.436176
        ],
        [
          0.0,
          0.0,
          0.0,
          1.0
        ]
      ]
    },
    {
      "file_path": "/media/NFS/ttao/scannet/posed_images/scene0102_00/00362.jpg",
      "transform_matrix": [
        [
          -0.185914,
          0.235988,
          -0.953806,
          4.433542
        ],
        [
          0.982563,
          0.047018,
          -0.179886,
          1.793244
        ],
        [
          0.002395,
          -0.970618,
          -0.240614,
          1.423216
        ],
        [
          0.0,
          0.0,
          0.0,
          1.0
        ]
      ]
    },
    {
      "file_path": "/media/NFS/ttao/scannet/posed_images/scene0102_00/00368.jpg",
      "transform_matrix": [
        [
          -0.207366,
          0.221296,
          -0.952905,
          4.487841
        ],
        [
          0.977709,
          0.014086,
          -0.209493,
          1.819295
        ],
        [
          -0.032937,
          -0.975105,
          -0.219284,
          1.406866
        ],
        [
          0.0,
          0.0,
          0.0,
          1.0
        ]
      ]
    },
    {
      "file_path": "/media/NFS/ttao/scannet/posed_images/scene0102_00/00380.jpg",
      "transform_matrix": [
        [
          -0.151714,
          0.258142,
          -0.95412,
          4.592447
        ],
        [
          0.987502,
          -0.00212,
          -0.157595,
          1.770138
        ],
        [
          -0.042705,
          -0.966105,
          -0.254594,
          1.386273
        ],
        [
          0.0,
          0.0,
          0.0,
          1.0
        ]
      ]
    },
    {
      "file_path": "/media/NFS/ttao/scannet/posed_images/scene0102_00/00384.jpg",
      "transform_matrix": [
        [
          -0.115607,
          0.237214,
          -0.964554,
          4.640005
        ],
        [
          0.992629,
          -0.007966,
          -0.120931,
          1.710762
        ],
        [
          -0.03637,
          -0.971425,
          -0.234544,
          1.368339
        ],
        [
          0.0,
          0.0,
          0.0,
          1.0
        ]
      ]
    },
    {
      "file_path": "/media/NFS/ttao/scannet/posed_images/scene0102_00/00387.jpg",
      "transform_matrix": [
        [
          -0.08452,
          0.243301,
          -0.966262,
          4.667868
        ],
        [
          0.995434,
          -0.022562,
          -0.092753,
          1.65138
        ],
        [
          -0.044368,
          -0.969689,
          -0.240283,
          1.357163
        ],
        [
          0.0,
          0.0,
          0.0,
          1.0
        ]
      ]
    },
    {
      "file_path": "/media/NFS/ttao/scannet/posed_images/scene0102_00/00399.jpg",
      "transform_matrix": [
        [
          0.034115,
          0.319308,
          -0.947037,
          4.67724
        ],
        [
          0.999359,
          -0.000625,
          0.035789,
          1.509314
        ],
        [
          0.010835,
          -0.947651,
          -0.319125,
          1.299147
        ],
        [
          0.0,
          0.0,
          0.0,
          1.0
        ]
      ]
    },
    {
      "file_path": "/media/NFS/ttao/scannet/posed_images/scene0102_00/00401.jpg",
      "transform_matrix": [
        [
          0.051666,
          0.323859,
          -0.944694,
          4.675823
        ],
        [
          0.998335,
          0.007558,
          0.057191,
          1.475524
        ],
        [
          0.025662,
          -0.946075,
          -0.322929,
          1.279063
        ],
        [
          0.0,
          0.0,
          0.0,
          1.0
        ]
      ]
    },
    {
      "file_path": "/media/NFS/ttao/scannet/posed_images/scene0102_00/00407.jpg",
      "transform_matrix": [
        [
          0.058609,
          0.378789,
          -0.923625,
          4.634555
        ],
        [
          0.997985,
          0.000304,
          0.063452,
          1.442322
        ],
        [
          0.024315,
          -0.925483,
          -0.378008,
          1.257588
        ],
        [
          0.0,
          0.0,
          0.0,
          1.0
        ]
      ]
    },
    {
      "file_path": "/media/NFS/ttao/scannet/posed_images/scene0102_00/00413.jpg",
      "transform_matrix": [
        [
          0.092055,
          0.439165,
          -0.893678,
          4.589587
        ],
        [
          0.995752,
          -0.03867,
          0.083566,
          1.427958
        ],
        [
          0.002141,
          -0.897574,
          -0.440859,
          1.255528
        ],
        [
          0.0,
          0.0,
          0.0,
          1.0
        ]
      ]
    },
    {
      "file_path": "/media/NFS/ttao/scannet/posed_images/scene0102_00/00425.jpg",
      "transform_matrix": [
        [
          0.234093,
          0.467997,
          -0.852162,
          4.559373
        ],
        [
          0.970282,
          -0.057228,
          0.235112,
          1.346319
        ],
        [
          0.061264,
          -0.881875,
          -0.467486,
          1.238552
        ],
        [
          0.0,
          0.0,
          0.0,
          1.0
        ]
      ]
    },
    {
      "file_path": "/media/NFS/ttao/scannet/posed_images/scene0102_00/00427.jpg",
      "transform_matrix": [
        [
          0.244282,
          0.465015,
          -0.850933,
          4.56665
        ],
        [
          0.967834,
          -0.06245,
          0.243714,
          1.327731
        ],
        [
          0.060189,
          -0.883097,
          -0.465313,
          1.237279
        ],
        [
          0.0,
          0.0,
          0.0,
          1.0
        ]
      ]
    },
    {
      "file_path": "/media/NFS/ttao/scannet/posed_images/scene0102_00/00435.jpg",
      "transform_matrix": [
        [
          0.365086,
          0.450504,
          -0.814714,
          4.583611
        ],
        [
          0.927314,
          -0.098446,
          0.361107,
          1.231345
        ],
        [
          0.082474,
          -0.88733,
          -0.4537,
          1.258062
        ],
        [
          0.0,
          0.0,
          0.0,
          1.0
        ]
      ]
    },
    {
      "file_path": "/media/NFS/ttao/scannet/posed_images/scene0102_00/00445.jpg",
      "transform_matrix": [
        [
          0.387195,
          0.466925,
          -0.795023,
          4.614421
        ],
        [
          0.917546,
          -0.110499,
          0.381969,
          1.154393
        ],
        [
          0.090502,
          -0.877366,
          -0.471209,
          1.245362
        ],
        [
          0.0,
          0.0,
          0.0,
          1.0
        ]
      ]
    },
    {
      "file_path": "/media/NFS/ttao/scannet/posed_images/scene0102_00/00447.jpg",
      "transform_matrix": [
        [
          0.390629,
          0.472967,
          -0.789754,
          4.617434
        ],
        [
          0.914969,
          -0.10517,
          0.389578,
          1.148722
        ],
        [
          0.101199,
          -0.874781,
          -0.473833,
          1.241202
        ],
        [
          0.0,
          0.0,
          0.0,
          1.0
        ]
      ]
    },
    {
      "file_path": "/media/NFS/ttao/scannet/posed_images/scene0102_00/00457.jpg",
      "transform_matrix": [
        [
          0.399733,
          0.496405,
          -0.770582,
          4.664147
        ],
        [
          0.912903,
          -0.139843,
          0.383474,
          1.170771
        ],
        [
          0.082598,
          -0.856753,
          -0.509069,
          1.227814
        ],
        [
          0.0,
          0.0,
          0.0,
          1.0
        ]
      ]
    },
    {
      "file_path": "/media/NFS/ttao/scannet/posed_images/scene0102_00/00461.jpg",
      "transform_matrix": [
        [
          0.428761,
          0.492347,
          -0.757468,
          4.693253
        ],
        [
          0.900808,
          -0.169299,
          0.399855,
          1.191922
        ],
        [
          0.068629,
          -0.853775,
          -0.516098,
          1.226658
        ],
        [
          0.0,
          0.0,
          0.0,
          1.0
        ]
      ]
    },
    {
      "file_path": "/media/NFS/ttao/scannet/posed_images/scene0102_00/00469.jpg",
      "transform_matrix": [
        [
          0.482945,
          0.498277,
          -0.720059,
          4.792232
        ],
        [
          0.874817,
          -0.238657,
          0.421592,
          1.255735
        ],
        [
          0.038223,
          -0.833524,
          -0.551159,
          1.220546
        ],
        [
          0.0,
          0.0,
          0.0,
          1.0
        ]
      ]
    },
    {
      "file_path": "/media/NFS/ttao/scannet/posed_images/scene0102_00/00478.jpg",
      "transform_matrix": [
        [
          0.526232,
          0.494759,
          -0.691588,
          4.88465
        ],
        [
          0.850327,
          -0.301533,
          0.431301,
          1.295387
        ],
        [
          0.004853,
          -0.815041,
          -0.579383,
          1.227737
        ],
        [
          0.0,
          0.0,
          0.0,
          1.0
        ]
      ]
    },
    {
      "file_path": "/media/NFS/ttao/scannet/posed_images/scene0102_00/00480.jpg",
      "transform_matrix": [
        [
          0.537439,
          0.482229,
          -0.69182,
          4.900689
        ],
        [
          0.843302,
          -0.308177,
          0.440305,
          1.29879
        ],
        [
          -0.000875,
          -0.82005,
          -0.572291,
          1.223333
        ],
        [
          0.0,
          0.0,
          0.0,
          1.0
        ]
      ]
    },
    {
      "file_path": "/media/NFS/ttao/scannet/posed_images/scene0102_00/00490.jpg",
      "transform_matrix": [
        [
          0.647773,
          0.412477,
          -0.64051,
          4.948791
        ],
        [
          0.761827,
          -0.34731,
          0.546804,
          1.34788
        ],
        [
          0.003089,
          -0.842163,
          -0.539214,
          1.243842
        ],
        [
          0.0,
          0.0,
          0.0,
          1.0
        ]
      ]
    },
    {
      "file_path": "/media/NFS/ttao/scannet/posed_images/scene0102_00/00494.jpg",
      "transform_matrix": [
        [
          0.664723,
          0.405333,
          -0.627574,
          4.952248
        ],
        [
          0.747086,
          -0.357657,
          0.560308,
          1.357766
        ],
        [
          0.002655,
          -0.841301,
          -0.540561,
          1.254363
        ],
        [
          0.0,
          0.0,
          0.0,
          1.0
        ]
      ]
    },
    {
      "file_path": "/media/NFS/ttao/scannet/posed_images/scene0102_00/00500.jpg",
      "transform_matrix": [
        [
          0.634975,
          0.374151,
          -0.675883,
          4.945505
        ],
        [
          0.772379,
          -0.324929,
          0.545758,
          1.347944
        ],
        [
          -0.015419,
          -0.868581,
          -0.495308,
          1.293941
        ],
        [
          0.0,
          0.0,
          0.0,
          1.0
        ]
      ]
    },
    {
      "file_path": "/media/NFS/ttao/scannet/posed_images/scene0102_00/00508.jpg",
      "transform_matrix": [
        [
          0.605622,
          0.341011,
          -0.718981,
          4.928542
        ],
        [
          0.795431,
          -0.285116,
          0.534788,
          1.327613
        ],
        [
          -0.022624,
          -0.895779,
