{
  "frames": [
    {
      "file_path": "/media/NFS/ttao/scannet/posed_images/scene0649_00/00003.jpg",
      "transform_matrix": [
        [
          -0.622916,
          -0.122371,
          0.772658,
          2.17474
        ],
        [
          -0.780935,
          0.039181,
          -0.623383,
          1.553059
        ],
        [
          0.046011,
          -0.991711,
          -0.119971,
          1.502381
        ],
        [
          0.0,
          0.0,
          0.0,
          1.0
        ]
      ]
    },
    {
      "file_path": "/media/NFS/ttao/scannet/posed_images/scene0649_00/00005.jpg",
      "transform_matrix": [
        [
          -0.629084,
          -0.118859,
          0.768196,
          2.178971
        ],
        [
          -0.776169,
          0.041887,
          -0.629132,
          1.551505
        ],
        [
          0.0426,
          -0.992027,
          -0.118605,
          1.502855
        ],
        [
          0.0,
          0.0,
          0.0,
          1.0
        ]
      ]
    },
    {
      "file_path": "/media/NFS/ttao/scannet/posed_images/scene0649_00/00013.jpg",
      "transform_matrix": [
        [
          -0.647473,
          -0.144666,
          0.748231,
          2.202816
        ],
        [
          -0.761256,
          0.076897,
          -0.643876,
          1.552859
        ],
        [
          0.035611,
          -0.986488,
          -0.159917,
          1.4988
        ],
        [
          0.0,
          0.0,
          0.0,
          1.0
        ]
      ]
    },
    {
      "file_path": "/media/NFS/ttao/scannet/posed_images/scene0649_00/00018.jpg",
      "transform_matrix": [
        [
          -0.664273,
          -0.146318,
          0.733029,
          2.202884
        ],
        [
          -0.746525,
          0.080042,
          -0.660526,
          1.551837
        ],
        [
          0.037974,
          -0.985994,
          -0.1624,
          1.489905
        ],
        [
          0.0,
          0.0,
          0.0,
          1.0
        ]
      ]
    },
    {
      "file_path": "/media/NFS/ttao/scannet/posed_images/scene0649_00/00021.jpg",
      "transform_matrix": [
        [
          -0.679608,
          -0.146483,
          0.718802,
          2.202583
        ],
        [
          -0.73249,
          0.08222,
          -0.675794,
          1.552332
        ],
        [
          0.039893,
          -0.98579,
          -0.163175,
          1.48623
        ],
        [
          0.0,
          0.0,
          0.0,
          1.0
        ]
      ]
    },
    {
      "file_path": "/media/NFS/ttao/scannet/posed_images/scene0649_00/00026.jpg",
      "transform_matrix": [
        [
          -0.69217,
          -0.157642,
          0.704308,
          2.19686
        ],
        [
          -0.720404,
          0.091664,
          -0.687471,
          1.555117
        ],
        [
          0.043815,
          -0.983233,
          -0.177013,
          1.480417
        ],
        [
          0.0,
          0.0,
          0.0,
          1.0
        ]
      ]
    },
    {
      "file_path": "/media/NFS/ttao/scannet/posed_images/scene0649_00/00031.jpg",
      "transform_matrix": [
        [
          -0.696948,
          -0.163995,
          0.698118,
          2.179837
        ],
        [
          -0.715694,
          0.09768,
          -0.691549,
          1.565988
        ],
        [
          0.045219,
          -0.981613,
          -0.185448,
          1.474376
        ],
        [
          0.0,
          0.0,
          0.0,
          1.0
        ]
      ]
    },
    {
      "file_path": "/media/NFS/ttao/scannet/posed_images/scene0649_00/00037.jpg",
      "transform_matrix": [
        [
          -0.671321,
          -0.190562,
          0.71625,
          2.135952
        ],
        [
          -0.739484,
          0.107133,
          -0.664595,
          1.580785
        ],
        [
          0.049913,
          -0.975812,
          -0.212838,
          1.454747
        ],
        [
          0.0,
          0.0,
          0.0,
          1.0
        ]
      ]
    },
    {
      "file_path": "/media/NFS/ttao/scannet/posed_images/scene0649_00/00042.jpg",
      "transform_matrix": [
        [
          -0.643214,
          -0.219529,
          0.733541,
          2.059233
        ],
        [
          -0.763535,
          0.112124,
          -0.635958,
          1.589674
        ],
        [
          0.057364,
          -0.969141,
          -0.239738,
          1.423806
        ],
        [
          0.0,
          0.0,
          0.0,
          1.0
        ]
      ]
    },
    {
      "file_path": "/media/NFS/ttao/scannet/posed_images/scene0649_00/00047.jpg",
      "transform_matrix": [
        [
          -0.59884,
          -0.251195,
          0.760455,
          1.987281
        ],
        [
          -0.798328,
          0.111656,
          -0.591782,
          1.599317
        ],
        [
          0.063743,
          -0.961475,
          -0.2674,
          1.403667
        ],
        [
          0.0,
          0.0,
          0.0,
          1.0
        ]
      ]
    },
    {
      "file_path": "/media/NFS/ttao/scannet/posed_images/scene0649_00/00057.jpg",
      "transform_matrix": [
        [
          -0.502766,
          -0.370491,
          0.781001,
          1.89651
        ],
        [
          -0.860713,
          0.130947,
          -0.491961,
          1.622287
        ],
        [
          0.079997,
          -0.919559,
          -0.384722,
          1.357814
        ],
        [
          0.0,
          0.0,
          0.0,
          1.0
        ]
      ]
    },
    {
      "file_path": "/media/NFS/ttao/scannet/posed_images/scene0649_00/00060.jpg",
      "transform_matrix": [
        [
          -0.487617,
          -0.397189,
          0.777477,
          1.881166
        ],
        [
          -0.869784,
          0.143952,
          -0.471968,
          1.621904
        ],
        [
          0.075541,
          -0.906376,
          -0.415662,
          1.345813
        ],
        [
          0.0,
          0.0,
          0.0,
          1.0
        ]
      ]
    },
    {
      "file_path": "/media/NFS/ttao/scannet/posed_images/scene0649_00/00065.jpg",
      "transform_matrix": [
        [
          -0.467981,
          -0.446139,
          0.762859,
          1.870219
        ],
        [
          -0.881298,
          0.171481,
          -0.440351,
          1.618373
        ],
        [
          0.065642,
          -0.878382,
          -0.473431,
          1.330554
        ],
        [
          0.0,
          0.0,
          0.0,
          1.0
        ]
      ]
    },
    {
      "file_path": "/media/NFS/ttao/scannet/posed_images/scene0649_00/00070.jpg",
      "transform_matrix": [
        [
          -0.447862,
          -0.477627,
          0.755838,
          1.861888
        ],
        [
          -0.892519,
          0.188534,
          -0.409713,
          1.619095
        ],
        [
          0.053189,
          -0.858095,
          -0.510728,
          1.31071
        ],
        [
          0.0,
          0.0,
          0.0,
          1.0
        ]
      ]
    },
    {
      "file_path": "/media/NFS/ttao/scannet/posed_images/scene0649_00/00078.jpg",
      "transform_matrix": [
        [
          -0.441227,
          -0.514268,
          0.735423,
          1.852621
        ],
        [
          -0.895569,
          0.200082,
          -0.397395,
          1.616055
        ],
        [
          0.057222,
          -0.833964,
          -0.548844,
          1.293126
        ],
        [
          0.0,
          0.0,
          0.0,
          1.0
        ]
      ]
    },
    {
      "file_path": "/media/NFS/ttao/scannet/posed_images/scene0649_00/00081.jpg",
      "transform_matrix": [
        [
          -0.437034,
          -0.518726,
          0.734795,
          1.847144
        ],
        [
          -0.897967,
          0.204813,
          -0.389496,
          1.615658
        ],
        [
          0.051546,
          -0.830045,
          -0.555309,
          1.287376
        ],
        [
          0.0,
          0.0,
          0.0,
          1.0
        ]
      ]
    },
    {
      "file_path": "/media/NFS/ttao/scannet/posed_images/scene0649_00/00086.jpg",
      "transform_matrix": [
        [
          -0.443335,
          -0.523472,
          0.72762,
          1.840837
        ],
        [
          -0.895064,
          0.214974,
          -0.3907,
          1.613925
        ],
        [
          0.048101,
          -0.824478,
          -0.563847,
          1.282799
        ],
        [
          0.0,
          0.0,
          0.0,
          1.0
        ]
      ]
    },
    {
      "file_path": "/media/NFS/ttao/scannet/posed_images/scene0649_00/00091.jpg",
      "transform_matrix": [
        [
          -0.425787,
          -0.519635,
          0.740733,
          1.838884
        ],
        [
          -0.904112,
          0.211883,
          -0.371061,
          1.61418
        ],
        [
          0.035867,
          -0.827699,
          -0.560025,
          1.288093
        ],
        [
          0.0,
          0.0,
          0.0,
          1.0
        ]
      ]
    },
    {
      "file_path": "/media/NFS/ttao/scannet/posed_images/scene0649_00/00100.jpg",
      "transform_matrix": [
        [
          -0.409149,
          -0.428068,
          0.805825,
          1.841109
        ],
        [
          -0.912107,
          0.167056,
          -0.374369,
          1.613444
        ],
        [
          0.025637,
          -0.888172,
          -0.458795,
          1.329995
        ],
        [
          0.0,
          0.0,
          0.0,
          1.0
        ]
      ]
    },
    {
      "file_path": "/media/NFS/ttao/scannet/posed_images/scene0649_00/00104.jpg",
      "transform_matrix": [
        [
          -0.428806,
          -0.391451,
          0.814181,
          1.847981
        ],
        [
          -0.902461,
          0.144615,
          -0.405771,
          1.610823
        ],
        [
          0.041096,
          -0.908764,
          -0.415281,
          1.353395
        ],
        [
          0.0,
          0.0,
          0.0,
          1.0
        ]
      ]
    },
    {
      "file_path": "/media/NFS/ttao/scannet/posed_images/scene0649_00/00108.jpg",
      "transform_matrix": [
        [
          -0.407373,
          -0.369447,
          0.835198,
          1.847775
        ],
        [
          -0.912711,
          0.132937,
          -0.386376,
          1.617884
        ],
        [
          0.031717,
          -0.919694,
          -0.391354,
          1.365787
        ],
        [
          0.0,
          0.0,
          0.0,
          1.0
        ]
      ]
    },
    {
      "file_path": "/media/NFS/ttao/scannet/posed_images/scene0649_00/00113.jpg",
      "transform_matrix": [
        [
          -0.367377,
          -0.373954,
          0.851583,
          1.849856
        ],
        [
          -0.929777,
          0.124603,
          -0.346394,
          1.618525
        ],
        [
          0.023425,
          -0.919039,
          -0.39347,
          1.371549
        ],
        [
          0.0,
          0.0,
          0.0,
          1.0
        ]
      ]
    },
    {
      "file_path": "/media/NFS/ttao/scannet/posed_images/scene0649_00/00121.jpg",
      "transform_matrix": [
        [
          -0.312797,
          -0.340636,
          0.886637,
          1.857193
        ],
        [
          -0.949704,
          0.097585,
          -0.297555,
          1.599268
        ],
        [
          0.014836,
          -0.935117,
          -0.354028,
          1.379181
        ],
        [
          0.0,
          0.0,
          0.0,
          1.0
        ]
      ]
    },
    {
      "file_path": "/media/NFS/ttao/scannet/posed_images/scene0649_00/00123.jpg",
      "transform_matrix": [
        [
          -0.306801,
          -0.347456,
          0.886086,
          1.862159
        ],
        [
          -0.951649,
          0.096902,
          -0.291504,
          1.591248
        ],
        [
          0.015421,
          -0.932676,
          -0.360386,
          1.381869
        ],
        [
          0.0,
          0.0,
          0.0,
          1.0
        ]
      ]
    },
    {
      "file_path": "/media/NFS/ttao/scannet/posed_images/scene0649_00/00128.jpg",
      "transform_matrix": [
        [
          -0.266962,
          -0.362881,
          0.892776,
          1.862592
        ],
        [
          -0.963697,
          0.104843,
          -0.245554,
          1.566103
        ],
        [
          -0.004495,
          -0.925919,
          -0.377696,
          1.387396
        ],
        [
          0.0,
          0.0,
          0.0,
          1.0
        ]
      ]
    },
    {
      "file_path": "/media/NFS/ttao/scannet/posed_images/scene0649_00/00136.jpg",
      "transform_matrix": [
        [
          -0.117471,
          -0.395804,
          0.910791,
          1.816804
        ],
        [
          -0.992204,
          0.085214,
          -0.09094,
          1.520689
        ],
        [
          -0.041618,
          -0.914373,
          -0.402728,
          1.380276
        ],
        [
          0.0,
          0.0,
          0.0,
          1.0
        ]
      ]
    },
    {
      "file_path": "/media/NFS/ttao/scannet/posed_images/scene0649_00/00142.jpg",
      "transform_matrix": [
        [
          0.01828,
          -0.432558,
          0.90142,
          1.759129
        ],
        [
          -0.999486,
          0.015833,
          0.027866,
          1.493477
        ],
        [
          -0.026326,
          -0.901467,
          -0.432047,
          1.36048
        ],
        [
          0.0,
          0.0,
          0.0,
          1.0
        ]
      ]
    },
    {
      "file_path": "/media/NFS/ttao/scannet/posed_images/scene0649_00/00149.jpg",
      "transform_matrix": [
        [
          0.076802,
          -0.470353,
          0.87913,
          1.708285
        ],
        [
          -0.99652,
          -0.007554,
          0.083015,
          1.461282
        ],
        [
          -0.032406,
          -0.882446,
          -0.469297,
          1.343058
        ],
        [
          0.0,
          0.0,
          0.0,
          1.0
        ]
      ]
    },
    {
      "file_path": "/media/NFS/ttao/scannet/posed_images/scene0649_00/00150.jpg",
      "transform_matrix": [
        [
          0.070291,
          -0.473411,
          0.878032,
          1.706345
        ],
        [
          -0.997089,
          -0.007265,
          0.075905,
          1.46893
        ],
        [
          -0.029555,
          -0.880812,
          -0.472544,
          1.339036
        ],
        [
          0.0,
          0.0,
          0.0,
          1.0
        ]
      ]
    },
    {
      "file_path": "/media/NFS/ttao/scannet/posed_images/scene0649_00/00159.jpg",
      "transform_matrix": [
        [
          0.042994,
          -0.512762,
          0.857453,
          1.679967
        ],
        [
          -0.99877,
          -0.000839,
          0.049578,
          1.454226
        ],
        [
          -0.024702,
          -0.85853,
          -0.512167,
          1.327446
        ],
        [
          0.0,
          0.0,
          0.0,
          1.0
        ]
      ]
    },
    {
      "file_path": "/media/NFS/ttao/scannet/posed_images/scene0649_00/00160.jpg",
      "transform_matrix": [
        [
          0.036931,
          -0.513513,
          0.857286,
          1.678053
        ],
        [
          -0.999046,
          0.001035,
          0.043657,
          1.45847
        ],
        [
          -0.023306,
          -0.858081,
          -0.512985,
          1.325755
        ],
        [
          0.0,
          0.0,
          0.0,
          1.0
        ]
      ]
    },
    {
      "file_path": "/media/NFS/ttao/scannet/posed_images/scene0649_00/00170.jpg",
      "transform_matrix": [
        [
          -0.020562,
          -0.487325,
          0.872978,
          1.662953
        ],
        [
          -0.999125,
          -0.021793,
          -0.035698,
          1.484271
        ],
        [
          0.036421,
          -0.872948,
          -0.486451,
          1.336085
        ],
        [
          0.0,
          0.0,
          0.0,
          1.0
        ]
      ]
    },
    {
      "file_path": "/media/NFS/ttao/scannet/posed_images/scene0649_00/00173.jpg",
      "transform_matrix": [
        [
          -0.030983,
          -0.465189,
          0.884669,
          1.661031
        ],
        [
          -0.998449,
          -0.026563,
          -0.048936,
          1.50203
        ],
        [
          0.046264,
          -0.884813,
          -0.463644,
          1.344145
        ],
        [
          0.0,
          0.0,
          0.0,
          1.0
        ]
      ]
    },
    {
      "file_path": "/media/NFS/ttao/scannet/posed_images/scene0649_00/00176.jpg",
      "transform_matrix": [
        [
          -0.043643,
          -0.446731,
          0.893603,
          1.660291
        ],
        [
          -0.99772,
          -0.026601,
          -0.062026,
          1.517275
        ],
        [
          0.051479,
          -0.894273,
          -0.444551,
          1.352102
        ],
        [
          0.0,
          0.0,
          0.0,
          1.0
        ]
      ]
    },
    {
      "file_path": "/media/NFS/ttao/scannet/posed_images/scene0649_00/00183.jpg",
      "transform_matrix": [
        [
          -0.135191,
          -0.38433,
          0.913244,
          1.671744
        ],
        [
          -0.989324,
          0.00173,
          -0.145725,
          1.554879
        ],
        [
          0.054426,
          -0.923194,
          -0.38046,
          1.382326
        ],
        [
          0.0,
          0.0,
          0.0,
          1.0
        ]
      ]
    },
    {
      "file_path": "/media/NFS/ttao/scannet/posed_images/scene0649_00/00191.jpg",
      "transform_matrix": [
        [
          -0.272224,
          -0.337996,
          0.900918,
          1.683548
        ],
        [
          -0.956224,
          -0.009457,
          -0.292483,
          1.588711
        ],
        [
          0.107378,
          -0.9411,
          -0.320626,
          1.416945
        ],
        [
          0.0,
          0.0,
          0.0,
          1.0
        ]
      ]
    },
    {
      "file_path": "/media/NFS/ttao/scannet/posed_images/scene0649_00/00197.jpg",
      "transform_matrix": [
        [
          -0.333305,
          -0.294609,
          0.895608,
          1.683668
        ],
        [
          -0.935598,
          -0.013992,
          -0.35279,
          1.600543
        ],
        [
          0.116466,
          -0.955515,
          -0.270972,
          1.436972
        ],
        [
          0.0,
          0.0,
          0.0,
          1.0
        ]
      ]
    },
    {
      "file_path": "/media/NFS/ttao/scannet/posed_images/scene0649_00/00199.jpg",
      "transform_matrix": [
        [
          -0.346569,
          -0.281311,
          0.894849,
          1.681562
        ],
        [
          -0.930531,
          -0.017235,
          -0.365807,
          1.600772
        ],
        [
          0.118329,
          -0.959462,
          -0.255796,
          1.443354
        ],
        [
          0.0,
          0.0,
          0.0,
          1.0
        ]
      ]
    },
    {
      "file_path": "/media/NFS/ttao/scannet/posed_images/scene0649_00/00205.jpg",
      "transform_matrix": [
        [
          -0.404534,
          -0.245964,
          0.880826,
          1.671236
        ],
        [
          -0.904512,
          -0.034514,
          -0.42505,
          1.5908
        ],
        [
          0.134947,
          -0.968664,
          -0.208515,
          1.472703
        ],
        [
          0.0,
          0.0,
          0.0,
          1.0
        ]
      ]
    },
    {
      "file_path": "/media/NFS/ttao/scannet/posed_images/scene0649_00/00214.jpg",
      "transform_matrix": [
        [
          -0.496781,
          -0.202626,
          0.84389,
          1.653297
        ],
        [
          -0.857824,
          -0.03292,
          -0.512888,
          1.571526
        ],
        [
          0.131705,
          -0.978703,
          -0.157464,
          1.505511
        ],
        [
          0.0,
          0.0,
          0.0,
          1.0
        ]
      ]
    },
    {
      "file_path": "/media/NFS/ttao/scannet/posed_images/scene0649_00/00217.jpg",
      "transform_matrix": [
        [
          -0.508191,
          -0.189712,
          0.84009,
          1.644729
        ],
        [
          -0.852096,
          -0.031039,
          -0.522463,
          1.568035
        ],
        [
          0.125193,
          -0.981349,
          -0.145879,
          1.512746
        ],
        [
          0.0,
          0.0,
          0.0,
          1.0
        ]
      ]
    },
    {
      "file_path": "/media/NFS/ttao/scannet/posed_images/scene0649_00/00220.jpg",
      "transform_matrix": [
        [
          -0.517207,
          -0.166154,
          0.839577,
          1.63629
        ],
        [
          -0.846159,
          -0.04801,
          -0.530763,
          1.566735
        ],
        [
          0.128497,
          -0.98493,
          -0.115761,
          1.525332
        ],
        [
          0.0,
          0.0,
          0.0,
          1.0
        ]
      ]
    },
    {
      "file_path": "/media/NFS/ttao/scannet/posed_images/scene0649_00/00230.jpg",
      "transform_matrix": [
        [
          -0.612294,
          -0.128535,
          0.780112,
          1.609042
        ],
        [
          -0.783352,
          -0.034944,
          -0.620595,
          1.546766
        ],
        [
          0.107029,
          -0.991089,
          -0.079293,
          1.54624
        ],
        [
          0.0,
          0.0,
          0.0,
          1.0
        ]
      ]
    },
    {
      "file_path": "/media/NFS/ttao/scannet/posed_images/scene0649_00/00231.jpg",
      "transform_matrix": [
        [
          -0.620209,
          -0.130483,
          0.773508,
          1.608659
        ],
        [
          -0.776748,
          -0.03557,
          -0.628807,
          1.547205
        ],
        [
          0.109563,
          -0.990812,
          -0.079292,
          1.551197
        ],
        [
          0.0,
          0.0,
          0.0,
          1.0
        ]
      ]
    },
    {
      "file_path": "/media/NFS/ttao/scannet/posed_images/scene0649_00/00239.jpg",
      "transform_matrix": [
        [
          -0.677456,
          -0.101409,
          0.728539,
          1.587019
        ],
        [
          -0.725823,
          -0.068488,
          -0.684464,
          1.546684
        ],
        [
          0.119307,
          -0.992485,
          -0.027207,
          1.578367
        ],
        [
          0.0,
          0.0,
          0.0,
          1.0
        ]
      ]
    },
    {
      "file_path": "/media/NFS/ttao/scannet/posed_images/scene0649_00/00241.jpg",
      "transform_matrix": [
        [
          -0.683813,
          -0.086131,
          0.724555,
          1.579741
        ],
        [
          -0.721075,
          -0.072082,
          -0.689097,
          1.547363
        ],
        [
          0.11158,
          -0.993673,
          -0.012816,
          1.59385
        ],
        [
          0.0,
          0.0,
          0.0,
          1.0
        ]
      ]
    },
    {
      "file_path": "/media/NFS/ttao/scannet/posed_images/scene0649_00/00251.jpg",
      "transform_matrix": [
        [
          -0.71947,
          -0.041169,
          0.693302,
          1.525759
        ],
        [
          -0.684125,
          -0.130085,
          -0.717671,
          1.53262
        ],
        [
          0.119734,
          -0.990648,
          0.065427,
          1.622574
        ],
        [
          0.0,
          0.0,
          0.0,
          1.0
        ]
      ]
    },
    {
      "file_path": "/media/NFS/ttao/scannet/posed_images/scene0649_00/00256.jpg",
      "transform_matrix": [
        [
          -0.751072,
          -0.04432,
          0.658731,
          1.500887
        ],
        [
          -0.648394,
          -0.138478,
          -0.748604,
          1.522234
        ],
        [
          0.124398,
          -0.989373,
          0.07527,
          1.630159
        ],
        [
          0.0,
          0.0,
          0.0,
          1.0
        ]
      ]
    },
    {
      "file_path": "/media/NFS/ttao/scannet/posed_images/scene0649_00/00262.jpg",
      "transform_matrix": [
        [
          -0.769866,
          -0.033449,
          0.637328,
          1.466115
        ],
        [
          -0.629553,
          -0.124082,
          -0.766986,
          1.507753
        ],
        [
          0.104736,
          -0.991708,
          0.074469,
          1.632538
        ],
        [
          0.0,
          0.0,
          0.0,
          1.0
        ]
      ]
    },
    {
      "file_path": "/media/NFS/ttao/scannet/posed_images/scene0649_00/00267.jpg",
      "transform_matrix": [
        [
          -0.77117,
          -0.036427,
          0.635586,
          1.446892
        ],
        [
          -0.629044,
          -0.110056,
          -0.76954,
          1.503911
        ],
        [
          0.097982,
          -0.993258,
          0.061958,
          1.624648
        ],
        [
          0.0,
          0.0,
          0.0,
          1.0
        ]
      ]
    },
    {
      "file_path": "/media/NFS/ttao/scannet/posed_images/scene0649_00/00272.jpg",
      "transform_matrix": [
        [
          -0.778947,
          -0.041939,
          0.625685,
          1.432619
        ],
        [
          -0.620694,
          -0.090568,
          -0.778805,
          1.496807
        ],
        [
          0.08933,
          -0.995007,
          0.044517,
          1.618235
        ],
        [
          0.0,
          0.0,
          0.0,
          1.0
        ]
      ]
    },
    {
      "file_path": "/media/NFS/ttao/scannet/posed_images/scene0649_00/00273.jpg",
      "transform_matrix": [
        [
          -0.779878,
          -0.040974,
          0.62459,
          1.430708
        ],
        [
          -0.619775,
          -0.089065,
          -0.779709,
          1.497039
        ],
        [
          0.087576,
          -0.995183,
          0.044065,
          1.619441
        ],
        [
          0.0,
          0.0,
          0.0,
          1.0
        ]
      ]
    },
    {
      "file_path": "/media/NFS/ttao/scannet/posed_images/scene0649_00/00283.jpg",
      "transform_matrix": [
        [
          -0.769156,
          -0.033212,
          0.638197,
          1.398366
        ],
        [
          -0.635482,
          -0.065791,
          -0.769308,
          1.500307
        ],
        [
          0.067537,
          -0.997281,
          0.029498,
          1.606291
        ],
        [
          0.0,
          0.0,
          0.0,
          1.0
        ]
      ]
    },
    {
      "file_path": "/media/NFS/ttao/scannet/posed_images/scene0649_00/00286.jpg",
      "transform_matrix": [
        [
          -0.773473,
          -0.030549,
          0.633092,
          1.390157
        ],
        [
          -0.63013,
          -0.070696,
          -0.773265,
          1.50311
        ],
        [
          0.06838,
          -0.99703,
          0.035432,
          1.603406
        ],
        [
          0.0,
          0.0,
          0.0,
          1.0
        ]
      ]
    },
    {
      "file_path": "/media/NFS/ttao/scannet/posed_images/scene0649_00/00294.jpg",
      "transform_matrix": [
        [
          -0.784487,
          -0.031102,
          0.619365,
          1.367601
        ],
        [
          -0.614207,
          -0.098921,
          -0.782921,
          1.509916
        ],
        [
          0.085619,
          -0.994609,
          0.058499,
          1.600585
        ],
        [
          0.0,
          0.0,
          0.0,
          1.0
        ]
      ]
    },
    {
      "file_path": "/media/NFS/ttao/scannet/posed_images/scene0649_00/00296.jpg",
      "transform_matrix": [
        [
          -0.7878,
          -0.029551,
          0.615222,
          1.36279
        ],
        [
          -0.609847,
          -0.102631,
          -0.785846,
          1.510528
        ],
        [
          0.086363,
          -0.99428,
          0.062831,
          1.599477
        ],
        [
          0.0,
          0.0,
          0.0,
          1.0
        ]
      ]
    },
    {
      "file_path": "/media/NFS/ttao/scannet/posed_images/scene0649_00/00301.jpg",
      "transform_matrix": [
        [
          -0.79581,
          -0.032272,
          0.604686,
          1.352714
        ],
        [
          -0.601584,
          -0.071911,
          -0.795566,
          1.50545
        ],
        [
          0.069158,
          -0.996889,
          0.037813,
          1.5901
        ],
        [
          0.0,
          0.0,
          0.0,
          1.0
        ]
      ]
    },
    {
      "file_path": "/media/NFS/ttao/scannet/posed_images/scene0649_00/00307.jpg",
      "transform_matrix": [
        [
          -0.808129,
          -0.043752,
          0.587378,
          1.344124
        ],
        [
          -0.586267,
          -0.036308,
          -0.809304,
          1.496913
        ],
        [
          0.056735,
          -0.998382,
          0.003691,
          1.571892
        ],
        [
          0.0,
          0.0,
          0.0,
          1.0
        ]
      ]
    },
    {
      "file_path": "/media/NFS/ttao/scannet/posed_images/scene0649_00/00316.jpg",
      "transform_matrix": [
        [
          -0.826279,
          -0.102183,
          0.553915,
          1.356118
        ],
        [
          -0.55987,
          0.041241,
          -0.827554,
          1.489411
        ],
        [
          0.061718,
          -0.99391,
          -0.091286,
          1.522436
        ],
        [
          0.0,
          0.0,
          0.0,
          1.0
        ]
      ]
    },
    {
      "file_path": "/media/NFS/ttao/scannet/posed_images/scene0649_00/00319.jpg",
      "transform_matrix": [
        [
          -0.820442,
          -0.112711,
          0.56051,
          1.36154
        ],
        [
          -0.567827,
          0.046281,
          -0.821846,
          1.491871
        ],
        [
          0.06669,
          -0.992549,
          -0.101971,
          1.511633
        ],
        [
          0.0,
          0.0,
          0.0,
          1.0
        ]
      ]
    },
    {
      "file_path": "/media/NFS/ttao/scannet/posed_images/scene0649_00/00322.jpg",
      "transform_matrix": [
        [
          -0.810791,
          -0.116511,
          0.573623,
          1.365342
        ],
        [
          -0.581405,
          0.046912,
          -0.812261,
          1.499375
        ],
        [
          0.067728,
          -0.992081,
          -0.105776,
          1.499718
        ],
        [
          0.0,
          0.0,
          0.0,
          1.0
        ]
      ]
    },
    {
      "file_path": "/media/NFS/ttao/scannet/posed_images/scene0649_00/00330.jpg",
      "transform_matrix": [
        [
          -0.790107,
          -0.125706,
          0.59994,
          1.377789
        ],
        [
          -0.610004,
          0.065102,
          -0.78972,
          1.517913
        ],
        [
          0.060215,
          -0.989929,
          -0.128119,
          1.477297
        ],
        [
          0.0,
          0.0,
          0.0,
          1.0
        ]
      ]
    },
    {
      "file_path": "/media/NFS/ttao/scannet/posed_images/scene0649_00/00337.jpg",
      "transform_matrix": [
        [
          -0.772025,
          -0.136596,
          0.62074,
          1.378846
        ],
        [
          -0.634729,
          0.114832,
          -0.764155,
          1.525214
        ],
        [
          0.0331,
          -0.983949,
          -0.175354,
          1.45616
        ],
        [
          0.0,
          0.0,
          0.0,
          1.0
        ]
      ]
    },
    {
      "file_path": "/media/NFS/ttao/scannet/posed_images/scene0649_00/00338.jpg",
      "transform_matrix": [
        [
          -0.771559,
          -0.142432,
          0.620008,
          1.379056
        ],
        [
          -0.635175,
          0.118332,
          -0.76325,
          1.525812
        ],
        [
          0.035345,
          -0.982706,
          -0.181769,
          1.451786
        ],
        [
          0.0,
          0.0,
          0.0,
          1.0
        ]
      ]
    },
    {
      "file_path": "/media/NFS/ttao/scannet/posed_images/scene0649_00/00345.jpg",
      "transform_matrix": [
        [
          -0.762877,
          -0.162809,
          0.625709,
          1.377961
        ],
        [
          -0.646224,
          0.16158,
          -0.745846,
          1.529511
        ],
        [
          0.020328,
          -0.973337,
          -0.228476,
          1.424348
        ],
        [
          0.0,
          0.0,
          0.0,
          1.0
        ]
      ]
    },
    {
      "file_path": "/media/NFS/ttao/scannet/posed_images/scene0649_00/00351.jpg",
      "transform_matrix": [
        [
          -0.766948,
          -0.196584,
          0.610856,
          1.375664
        ],
        [
          -0.641561,
          0.214461,
          -0.736482,
          1.534285
        ],
        [
          0.013776,
          -0.956745,
          -0.290601,
          1.40037
        ],
        [
          0.0,
          0.0,
          0.0,
          1.0
        ]
      ]
    },
    {
      "file_path": "/media/NFS/ttao/scannet/posed_images/scene0649_00/00356.jpg",
      "transform_matrix": [
        [
          -0.763251,
          -0.221625,
          0.606902,
          1.368241
        ],
        [
          -0.646074,
          0.253173,
          -0.720063,
          1.542562
        ],
        [
          0.005933,
          -0.941693,
          -0.336421,
          1.37629
        ],
        [
          0.0,
          0.0,
          0.0,
          1.0
        ]
      ]
    },
    {
      "file_path": "/media/NFS/ttao/scannet/posed_images/scene0649_00/00361.jpg",
      "transform_matrix": [
        [
          -0.769672,
          -0.239351,
          0.591875,
          1.364383
        ],
        [
          -0.638439,
          0.289489,
          -0.713157,
          1.544271
        ],
        [
          -0.000647,
          -0.926773,
          -0.375622,
          1.366469
        ],
        [
          0.0,
          0.0,
          0.0,
          1.0
        ]
      ]
    },
    {
      "file_path": "/media/NFS/ttao/scannet/posed_images/scene0649_00/00369.jpg",
      "transform_matrix": [
        [
          -0.787876,
          -0.263257,
          0.556729,
          1.35891
        ],
        [
          -0.61583,
          0.340136,
          -0.710676,
          1.540504
        ],
        [
          -0.002273,
          -0.902775,
          -0.430106,
          1.345112
        ],
        [
          0.0,
          0.0,
          0.0,
          1.0
        ]
      ]
    },
    {
      "file_path": "/media/NFS/ttao/scannet/posed_images/scene0649_00/00374.jpg",
      "transform_matrix": [
        [
          -0.788954,
          -0.277082,
          0.548431,
          1.357251
        ],
        [
          -0.61443,
          0.363273,
          -0.700363,
          1.543809
        ],
        [
          -0.005172,
          -0.889527,
          -0.456853,
          1.338427
        ],
        [
          0.0,
          0.0,
          0.0,
          1.0
        ]
      ]
    },
    {
      "file_path": "/media/NFS/ttao/scannet/posed_images/scene0649_00/00377.jpg",
      "transform_matrix": [
        [
          -0.789605,
          -0.281566,
          0.545202,
          1.354441
        ],
        [
          -0.613585,
          0.371309,
          -0.696882,
          1.545441
        ],
        [
          -0.00622,
          -0.884789,
          -0.465951,
          1.337959
        ],
        [
          0.0,
          0.0,
          0.0,
          1.0
        ]
      ]
    },
    {
      "file_path": "/media/NFS/ttao/scannet/posed_images/scene0649_00/00383.jpg",
      "transform_matrix": [
        [
          -0.775851,
          -0.320427,
          0.54349,
          1.350254
        ],
        [
          -0.630906,
          0.389257,
          -0.671145,
          1.553428
        ],
        [
          0.003496,
          -0.8636,
          -0.504165,
          1.333019
        ],
        [
          0.0,
          0.0,
          0.0,
          1.0
        ]
      ]
    },
    {
      "file_path": "/media/NFS/ttao/scannet/posed_images/scene0649_00/00387.jpg",
      "transform_matrix": [
        [
          -0.770827,
          -0.33901,
          0.53935,
          1.347682
        ],
        [
          -0.637045,
          0.409715,
          -0.652923,
          1.557879
        ],
        [
          0.000368,
          -0.84688,
          -0.531783,
          1.324791
        ],
        [
          0.0,
          0.0,
          0.0,
          1.0
        ]
      ]
    },
    {
      "file_path": "/media/NFS/ttao/scannet/posed_images/scene0649_00/00396.jpg",
      "transform_matrix": [
        [
          -0.781821,
          -0.360352,
          0.508824,
          1.349961
        ],
        [
          -0.623465,
          0.442843,
          -0.644346,
          1.559985
        ],
        [
          0.006862,
          -0.820997,
          -0.570891,
          1.317456
        ],
        [
          0.0,
          0.0,
          0.0,
          1.0
        ]
      ]
    },
    {
      "file_path": "/media/NFS/ttao/scannet/posed_images/scene0649_00/00398.jpg",
      "transform_matrix": [
        [
          -0.785382,
          -0.358279,
          0.504788,
          1.350337
        ],
        [
          -0.618982,
          0.44658,
          -0.646087,
          1.558836
        ],
        [
          0.006052,
          -0.81988,
          -0.572504,
          1.317598
        ],
        [
          0.0,
          0.0,
          0.0,
          1.0
        ]
      ]
    },
    {
      "file_path": "/media/NFS/ttao/scannet/posed_images/scene0649_00/00404.jpg",
      "transform_matrix": [
        [
          -0.800138,
          -0.353808,
          0.484354,
          1.350112
        ],
        [
          -0.599474,
          0.444474,
          -0.665637,
          1.553935
        ],
        [
          0.020225,
          -0.82296,
          -0.567739,
          1.316222
        ],
        [
          0.0,
          0.0,
          0.0,
          1.0
        ]
      ]
    },
    {
      "file_path": "/media/NFS/ttao/scannet/posed_images/scene0649_00/00411.jpg",
      "transform_matrix": [
        [
          -0.833009,
          -0.330775,
          0.44349,
          1.348933
        ],
        [
          -0.552538,
          0.45646,
          -0.697385,
          1.53868
        ],
        [
          0.028242,
          -0.825973,
          -0.563001,
          1.318386
        ],
        [
          0.0,
          0.0,
          0.0,
          1.0
        ]
      ]
    },
    {
      "file_path": "/media/NFS/ttao/scannet/posed_images/scene0649_00/00414.jpg",
      "transform_matrix": [
        [
          -0.856208,
          -0.309287,
          0.413822,
          1.346257
        ],
        [
          -0.516068,
          0.474647,
          -0.71301,
          1.530141
        ],
        [
