{
  "frames": [
    {
      "file_path": "/media/NFS/ttao/scannet/posed_images/scene0430_01/00000.jpg",
      "transform_matrix": [
        [
          0.984516,
          -0.118529,
          0.129147,
          4.563847
        ],
        [
          -0.166673,
          -0.404764,
          0.899103,
          1.816341
        ],
        [
          -0.054296,
          -0.906707,
          -0.418252,
          1.413615
        ],
        [
          0.0,
          0.0,
          0.0,
          1.0
        ]
      ]
    },
    {
      "file_path": "/media/NFS/ttao/scannet/posed_images/scene0430_01/00008.jpg",
      "transform_matrix": [
        [
          0.974841,
          -0.125609,
          0.184138,
          4.541813
        ],
        [
          -0.219459,
          -0.396266,
          0.891522,
          1.787215
        ],
        [
          -0.039015,
          -0.909503,
          -0.413862,
          1.409774
        ],
        [
          0.0,
          0.0,
          0.0,
          1.0
        ]
      ]
    },
    {
      "file_path": "/media/NFS/ttao/scannet/posed_images/scene0430_01/00013.jpg",
      "transform_matrix": [
        [
          0.97405,
          -0.121561,
          0.190916,
          4.53056
        ],
        [
          -0.224518,
          -0.412374,
          0.882915,
          1.786147
        ],
        [
          -0.0286,
          -0.902868,
          -0.428965,
          1.412399
        ],
        [
          0.0,
          0.0,
          0.0,
          1.0
        ]
      ]
    },
    {
      "file_path": "/media/NFS/ttao/scannet/posed_images/scene0430_01/00019.jpg",
      "transform_matrix": [
        [
          0.976819,
          -0.104212,
          0.186987,
          4.540014
        ],
        [
          -0.213031,
          -0.38743,
          0.896948,
          1.779468
        ],
        [
          -0.021029,
          -0.91599,
          -0.40065,
          1.417324
        ],
        [
          0.0,
          0.0,
          0.0,
          1.0
        ]
      ]
    },
    {
      "file_path": "/media/NFS/ttao/scannet/posed_images/scene0430_01/00024.jpg",
      "transform_matrix": [
        [
          0.979332,
          -0.107656,
          0.171226,
          4.548676
        ],
        [
          -0.199866,
          -0.385309,
          0.900883,
          1.78286
        ],
        [
          -0.03101,
          -0.916486,
          -0.398863,
          1.427679
        ],
        [
          0.0,
          0.0,
          0.0,
          1.0
        ]
      ]
    },
    {
      "file_path": "/media/NFS/ttao/scannet/posed_images/scene0430_01/00025.jpg",
      "transform_matrix": [
        [
          0.979305,
          -0.108442,
          0.170887,
          4.549689
        ],
        [
          -0.19977,
          -0.382465,
          0.902116,
          1.782729
        ],
        [
          -0.032468,
          -0.917584,
          -0.396213,
          1.426878
        ],
        [
          0.0,
          0.0,
          0.0,
          1.0
        ]
      ]
    },
    {
      "file_path": "/media/NFS/ttao/scannet/posed_images/scene0430_01/00031.jpg",
      "transform_matrix": [
        [
          0.984822,
          -0.088301,
          0.149429,
          4.565964
        ],
        [
          -0.17142,
          -0.359765,
          0.917161,
          1.782252
        ],
        [
          -0.027227,
          -0.928855,
          -0.369441,
          1.4403
        ],
        [
          0.0,
          0.0,
          0.0,
          1.0
        ]
      ]
    },
    {
      "file_path": "/media/NFS/ttao/scannet/posed_images/scene0430_01/00039.jpg",
      "transform_matrix": [
        [
          0.984609,
          -0.051047,
          0.167153,
          4.590062
        ],
        [
          -0.174272,
          -0.359198,
          0.916846,
          1.796726
        ],
        [
          0.013239,
          -0.931864,
          -0.362565,
          1.435875
        ],
        [
          0.0,
          0.0,
          0.0,
          1.0
        ]
      ]
    },
    {
      "file_path": "/media/NFS/ttao/scannet/posed_images/scene0430_01/00044.jpg",
      "transform_matrix": [
        [
          0.990281,
          -0.050194,
          0.129707,
          4.61161
        ],
        [
          -0.139075,
          -0.349828,
          0.926433,
          1.805542
        ],
        [
          -0.001126,
          -0.935468,
          -0.353409,
          1.431273
        ],
        [
          0.0,
          0.0,
          0.0,
          1.0
        ]
      ]
    },
    {
      "file_path": "/media/NFS/ttao/scannet/posed_images/scene0430_01/00050.jpg",
      "transform_matrix": [
        [
          0.996961,
          -0.042633,
          0.065195,
          4.634753
        ],
        [
          -0.076027,
          -0.350246,
          0.933567,
          1.828031
        ],
        [
          -0.016966,
          -0.935687,
          -0.352423,
          1.430372
        ],
        [
          0.0,
          0.0,
          0.0,
          1.0
        ]
      ]
    },
    {
      "file_path": "/media/NFS/ttao/scannet/posed_images/scene0430_01/00053.jpg",
      "transform_matrix": [
        [
          0.997271,
          -0.042314,
          0.060494,
          4.636735
        ],
        [
          -0.071953,
          -0.373831,
          0.924702,
          1.845151
        ],
        [
          -0.016514,
          -0.926531,
          -0.375855,
          1.431559
        ],
        [
          0.0,
          0.0,
          0.0,
          1.0
        ]
      ]
    },
    {
      "file_path": "/media/NFS/ttao/scannet/posed_images/scene0430_01/00060.jpg",
      "transform_matrix": [
        [
          0.999539,
          -0.024369,
          0.018132,
          4.627187
        ],
        [
          -0.0256,
          -0.354579,
          0.934676,
          1.905213
        ],
        [
          -0.016348,
          -0.934708,
          -0.355039,
          1.431725
        ],
        [
          0.0,
          0.0,
          0.0,
          1.0
        ]
      ]
    },
    {
      "file_path": "/media/NFS/ttao/scannet/posed_images/scene0430_01/00066.jpg",
      "transform_matrix": [
        [
          0.999187,
          0.039582,
          0.007691,
          4.604887
        ],
        [
          0.006238,
          -0.340185,
          0.940338,
          1.970848
        ],
        [
          0.039837,
          -0.939525,
          -0.340155,
          1.429095
        ],
        [
          0.0,
          0.0,
          0.0,
          1.0
        ]
      ]
    },
    {
      "file_path": "/media/NFS/ttao/scannet/posed_images/scene0430_01/00069.jpg",
      "transform_matrix": [
        [
          0.998144,
          0.060426,
          -0.007594,
          4.588684
        ],
        [
          0.027559,
          -0.336966,
          0.941113,
          2.013285
        ],
        [
          0.054309,
          -0.939576,
          -0.338006,
          1.432389
        ],
        [
          0.0,
          0.0,
          0.0,
          1.0
        ]
      ]
    },
    {
      "file_path": "/media/NFS/ttao/scannet/posed_images/scene0430_01/00075.jpg",
      "transform_matrix": [
        [
          0.997793,
          0.050857,
          -0.042694,
          4.570003
        ],
        [
          0.056926,
          -0.324125,
          0.9443,
          2.087507
        ],
        [
          0.034186,
          -0.944646,
          -0.326304,
          1.43224
        ],
        [
          0.0,
          0.0,
          0.0,
          1.0
        ]
      ]
    },
    {
      "file_path": "/media/NFS/ttao/scannet/posed_images/scene0430_01/00077.jpg",
      "transform_matrix": [
        [
          0.997821,
          0.049791,
          -0.043294,
          4.572064
        ],
        [
          0.05724,
          -0.326863,
          0.943337,
          2.108272
        ],
        [
          0.032818,
          -0.943759,
          -0.329,
          1.427565
        ],
        [
          0.0,
          0.0,
          0.0,
          1.0
        ]
      ]
    },
    {
      "file_path": "/media/NFS/ttao/scannet/posed_images/scene0430_01/00086.jpg",
      "transform_matrix": [
        [
          0.995459,
          0.024327,
          -0.092026,
          4.581718
        ],
        [
          0.094491,
          -0.369243,
          0.924516,
          2.23114
        ],
        [
          -0.011489,
          -0.929014,
          -0.369865,
          1.419699
        ],
        [
          0.0,
          0.0,
          0.0,
          1.0
        ]
      ]
    },
    {
      "file_path": "/media/NFS/ttao/scannet/posed_images/scene0430_01/00088.jpg",
      "transform_matrix": [
        [
          0.993536,
          0.029615,
          -0.109587,
          4.598986
        ],
        [
          0.112604,
          -0.379382,
          0.918362,
          2.261217
        ],
        [
          -0.014379,
          -0.924766,
          -0.380264,
          1.411103
        ],
        [
          0.0,
          0.0,
          0.0,
          1.0
        ]
      ]
    },
    {
      "file_path": "/media/NFS/ttao/scannet/posed_images/scene0430_01/00096.jpg",
      "transform_matrix": [
        [
          0.977227,
          0.094718,
          -0.189882,
          4.638218
        ],
        [
          0.211489,
          -0.361804,
          0.907948,
          2.373843
        ],
        [
          0.017299,
          -0.92743,
          -0.373597,
          1.401011
        ],
        [
          0.0,
          0.0,
          0.0,
          1.0
        ]
      ]
    },
    {
      "file_path": "/media/NFS/ttao/scannet/posed_images/scene0430_01/00099.jpg",
      "transform_matrix": [
        [
          0.971601,
          0.110859,
          -0.20905,
          4.653337
        ],
        [
          0.235599,
          -0.371019,
          0.898242,
          2.414638
        ],
        [
          0.022016,
          -0.921984,
          -0.386601,
          1.405894
        ],
        [
          0.0,
          0.0,
          0.0,
          1.0
        ]
      ]
    },
    {
      "file_path": "/media/NFS/ttao/scannet/posed_images/scene0430_01/00105.jpg",
      "transform_matrix": [
        [
          0.950106,
          0.132926,
          -0.282186,
          4.679221
        ],
        [
          0.311742,
          -0.373499,
          0.873679,
          2.509067
        ],
        [
          0.010738,
          -0.918057,
          -0.396303,
          1.400198
        ],
        [
          0.0,
          0.0,
          0.0,
          1.0
        ]
      ]
    },
    {
      "file_path": "/media/NFS/ttao/scannet/posed_images/scene0430_01/00113.jpg",
      "transform_matrix": [
        [
          0.949066,
          0.113708,
          -0.293844,
          4.678026
        ],
        [
          0.314935,
          -0.370392,
          0.873856,
          2.627311
        ],
        [
          -0.009473,
          -0.921889,
          -0.387337,
          1.382447
        ],
        [
          0.0,
          0.0,
          0.0,
          1.0
        ]
      ]
    },
    {
      "file_path": "/media/NFS/ttao/scannet/posed_images/scene0430_01/00115.jpg",
      "transform_matrix": [
        [
          0.948497,
          0.116074,
          -0.294755,
          4.677752
        ],
        [
          0.316532,
          -0.384533,
          0.867146,
          2.655462
        ],
        [
          -0.01269,
          -0.915785,
          -0.401469,
          1.37438
        ],
        [
          0.0,
          0.0,
          0.0,
          1.0
        ]
      ]
    },
    {
      "file_path": "/media/NFS/ttao/scannet/posed_images/scene0430_01/00119.jpg",
      "transform_matrix": [
        [
          0.947511,
          0.108398,
          -0.300788,
          4.66743
        ],
        [
          0.317398,
          -0.432169,
          0.84409,
          2.727483
        ],
        [
          -0.038494,
          -0.895254,
          -0.44389,
          1.384585
        ],
        [
          0.0,
          0.0,
          0.0,
          1.0
        ]
      ]
    },
    {
      "file_path": "/media/NFS/ttao/scannet/posed_images/scene0430_01/00126.jpg",
      "transform_matrix": [
        [
          0.954069,
          0.131977,
          -0.26895,
          4.65431
        ],
        [
          0.299341,
          -0.456289,
          0.837971,
          2.815069
        ],
        [
          -0.012126,
          -0.87999,
          -0.474838,
          1.378034
        ],
        [
          0.0,
          0.0,
          0.0,
          1.0
        ]
      ]
    },
    {
      "file_path": "/media/NFS/ttao/scannet/posed_images/scene0430_01/00134.jpg",
      "transform_matrix": [
        [
          0.942822,
          0.116647,
          -0.312218,
          4.685567
        ],
        [
          0.332231,
          -0.403732,
          0.852422,
          2.905188
        ],
        [
          -0.02662,
          -0.907411,
          -0.419401,
          1.373845
        ],
        [
          0.0,
          0.0,
          0.0,
          1.0
        ]
      ]
    },
    {
      "file_path": "/media/NFS/ttao/scannet/posed_images/scene0430_01/00135.jpg",
      "transform_matrix": [
        [
          0.938721,
          0.123042,
          -0.321967,
          4.694478
        ],
        [
          0.34365,
          -0.406179,
          0.846713,
          2.924773
        ],
        [
          -0.026595,
          -0.905472,
          -0.423572,
          1.377874
        ],
        [
          0.0,
          0.0,
          0.0,
          1.0
        ]
      ]
    },
    {
      "file_path": "/media/NFS/ttao/scannet/posed_images/scene0430_01/00145.jpg",
      "transform_matrix": [
        [
          0.91191,
          0.136601,
          -0.386989,
          4.771707
        ],
        [
          0.409553,
          -0.363148,
          0.836893,
          3.04137
        ],
        [
          -0.026214,
          -0.921663,
          -0.387104,
          1.385922
        ],
        [
          0.0,
          0.0,
          0.0,
          1.0
        ]
      ]
    },
    {
      "file_path": "/media/NFS/ttao/scannet/posed_images/scene0430_01/00149.jpg",
      "transform_matrix": [
        [
          0.89944,
          0.139079,
          -0.414325,
          4.792687
        ],
        [
          0.435854,
          -0.355384,
          0.826882,
          3.079797
        ],
        [
          -0.032243,
          -0.924316,
          -0.380265,
          1.382945
        ],
        [
          0.0,
          0.0,
          0.0,
          1.0
        ]
      ]
    },
    {
      "file_path": "/media/NFS/ttao/scannet/posed_images/scene0430_01/00151.jpg",
      "transform_matrix": [
        [
          0.892656,
          0.146165,
          -0.426382,
          4.810442
        ],
        [
          0.449149,
          -0.367829,
          0.814227,
          3.102246
        ],
        [
          -0.037824,
          -0.918334,
          -0.393995,
          1.389549
        ],
        [
          0.0,
          0.0,
          0.0,
          1.0
        ]
      ]
    },
    {
      "file_path": "/media/NFS/ttao/scannet/posed_images/scene0430_01/00156.jpg",
      "transform_matrix": [
        [
          0.889853,
          0.13704,
          -0.43518,
          4.822227
        ],
        [
          0.454002,
          -0.360456,
          0.814833,
          3.144944
        ],
        [
          -0.045199,
          -0.922655,
          -0.38297,
          1.388642
        ],
        [
          0.0,
          0.0,
          0.0,
          1.0
        ]
      ]
    },
    {
      "file_path": "/media/NFS/ttao/scannet/posed_images/scene0430_01/00162.jpg",
      "transform_matrix": [
        [
          0.894582,
          0.134895,
          -0.426058,
          4.814969
        ],
        [
          0.44497,
          -0.357423,
          0.821127,
          3.198847
        ],
        [
          -0.041517,
          -0.924149,
          -0.379768,
          1.386674
        ],
        [
          0.0,
          0.0,
          0.0,
          1.0
        ]
      ]
    },
    {
      "file_path": "/media/NFS/ttao/scannet/posed_images/scene0430_01/00170.jpg",
      "transform_matrix": [
        [
          0.90336,
          0.152062,
          -0.401021,
          4.783247
        ],
        [
          0.428835,
          -0.334302,
          0.839251,
          3.28432
        ],
        [
          -0.006444,
          -0.930118,
          -0.367204,
          1.389272
        ],
        [
          0.0,
          0.0,
          0.0,
          1.0
        ]
      ]
    },
    {
      "file_path": "/media/NFS/ttao/scannet/posed_images/scene0430_01/00171.jpg",
      "transform_matrix": [
        [
          0.901839,
          0.157344,
          -0.402405,
          4.78505
        ],
        [
          0.432057,
          -0.336277,
          0.836806,
          3.303506
        ],
        [
          -0.003653,
          -0.928526,
          -0.371249,
          1.395373
        ],
        [
          0.0,
          0.0,
          0.0,
          1.0
        ]
      ]
    },
    {
      "file_path": "/media/NFS/ttao/scannet/posed_images/scene0430_01/00178.jpg",
      "transform_matrix": [
        [
          0.900582,
          0.143328,
          -0.410377,
          4.761578
        ],
        [
          0.434533,
          -0.321967,
          0.841141,
          3.394177
        ],
        [
          -0.011569,
          -0.935839,
          -0.352239,
          1.400681
        ],
        [
          0.0,
          0.0,
          0.0,
          1.0
        ]
      ]
    },
    {
      "file_path": "/media/NFS/ttao/scannet/posed_images/scene0430_01/00182.jpg",
      "transform_matrix": [
        [
          0.893332,
          0.151282,
          -0.423168,
          4.761275
        ],
        [
          0.448396,
          -0.362836,
          0.816878,
          3.454602
        ],
        [
          -0.029962,
          -0.919491,
          -0.391968,
          1.39362
        ],
        [
          0.0,
          0.0,
          0.0,
          1.0
        ]
      ]
    },
    {
      "file_path": "/media/NFS/ttao/scannet/posed_images/scene0430_01/00192.jpg",
      "transform_matrix": [
        [
          0.854046,
          0.1595,
          -0.495142,
          4.79417
        ],
        [
          0.517155,
          -0.363138,
          0.775036,
          3.593316
        ],
        [
          -0.056186,
          -0.917982,
          -0.392623,
          1.378438
        ],
        [
          0.0,
          0.0,
          0.0,
          1.0
        ]
      ]
    },
    {
      "file_path": "/media/NFS/ttao/scannet/posed_images/scene0430_01/00193.jpg",
      "transform_matrix": [
        [
          0.849102,
          0.164116,
          -0.502087,
          4.79802
        ],
        [
          0.525384,
          -0.360897,
          0.770535,
          3.602407
        ],
        [
          -0.054744,
          -0.918052,
          -0.392662,
          1.374799
        ],
        [
          0.0,
          0.0,
          0.0,
          1.0
        ]
      ]
    },
    {
      "file_path": "/media/NFS/ttao/scannet/posed_images/scene0430_01/00198.jpg",
      "transform_matrix": [
        [
          0.803582,
          0.215717,
          -0.554727,
          4.841044
        ],
        [
          0.593585,
          -0.358946,
          0.720288,
          3.69662
        ],
        [
          -0.043739,
          -0.908088,
          -0.416488,
          1.383921
        ],
        [
          0.0,
          0.0,
          0.0,
          1.0
        ]
      ]
    },
    {
      "file_path": "/media/NFS/ttao/scannet/posed_images/scene0430_01/00204.jpg",
      "transform_matrix": [
        [
          0.739055,
          0.239626,
          -0.629585,
          4.866858
        ],
        [
          0.672049,
          -0.326564,
          0.664609,
          3.76953
        ],
        [
          -0.046342,
          -0.914295,
          -0.40239,
          1.363455
        ],
        [
          0.0,
          0.0,
          0.0,
          1.0
        ]
      ]
    },
    {
      "file_path": "/media/NFS/ttao/scannet/posed_images/scene0430_01/00211.jpg",
      "transform_matrix": [
        [
          0.691561,
          0.240486,
          -0.681109,
          4.850697
        ],
        [
          0.720719,
          -0.292444,
          0.628523,
          3.842172
        ],
        [
          -0.048036,
          -0.92555,
          -0.375566,
          1.369313
        ],
        [
          0.0,
          0.0,
          0.0,
          1.0
        ]
      ]
    },
    {
      "file_path": "/media/NFS/ttao/scannet/posed_images/scene0430_01/00214.jpg",
      "transform_matrix": [
        [
          0.669387,
          0.276168,
          -0.689676,
          4.835414
        ],
        [
          0.741527,
          -0.305069,
          0.597553,
          3.875543
        ],
        [
          -0.045374,
          -0.911408,
          -0.408995,
          1.380589
        ],
        [
          0.0,
          0.0,
          0.0,
          1.0
        ]
      ]
    },
    {
      "file_path": "/media/NFS/ttao/scannet/posed_images/scene0430_01/00220.jpg",
      "transform_matrix": [
        [
          0.611697,
          0.280973,
          -0.739514,
          4.833816
        ],
        [
          0.789466,
          -0.276713,
          0.547881,
          3.897874
        ],
        [
          -0.050694,
          -0.918958,
          -0.391083,
          1.383638
        ],
        [
          0.0,
          0.0,
          0.0,
          1.0
        ]
      ]
    },
    {
      "file_path": "/media/NFS/ttao/scannet/posed_images/scene0430_01/00228.jpg",
      "transform_matrix": [
        [
          0.480434,
          0.304828,
          -0.822352,
          4.897868
        ],
        [
          0.876532,
          -0.198496,
          0.438509,
          3.927951
        ],
        [
          -0.029563,
          -0.931493,
          -0.362556,
          1.394829
        ],
        [
          0.0,
          0.0,
          0.0,
          1.0
        ]
      ]
    },
    {
      "file_path": "/media/NFS/ttao/scannet/posed_images/scene0430_01/00233.jpg",
      "transform_matrix": [
        [
          0.415529,
          0.302757,
          -0.857714,
          4.941472
        ],
        [
          0.90919,
          -0.165845,
          0.381927,
          3.910897
        ],
        [
          -0.026617,
          -0.938527,
          -0.344177,
          1.381206
        ],
        [
          0.0,
          0.0,
          0.0,
          1.0
        ]
      ]
    },
    {
      "file_path": "/media/NFS/ttao/scannet/posed_images/scene0430_01/00234.jpg",
      "transform_matrix": [
        [
          0.401115,
          0.305962,
          -0.86342,
          4.951163
        ],
        [
          0.915655,
          -0.160781,
          0.368408,
          3.915375
        ],
        [
          -0.026102,
          -0.938369,
          -0.344648,
          1.383964
        ],
        [
          0.0,
          0.0,
          0.0,
          1.0
        ]
      ]
    },
    {
      "file_path": "/media/NFS/ttao/scannet/posed_images/scene0430_01/00244.jpg",
      "transform_matrix": [
        [
          0.319157,
          0.250654,
          -0.913954,
          4.986065
        ],
        [
          0.946676,
          -0.129183,
          0.295155,
          3.856502
        ],
        [
          -0.044086,
          -0.959419,
          -0.278517,
          1.39841
        ],
        [
          0.0,
          0.0,
          0.0,
          1.0
        ]
      ]
    },
    {
      "file_path": "/media/NFS/ttao/scannet/posed_images/scene0430_01/00247.jpg",
      "transform_matrix": [
        [
          0.31037,
          0.237081,
          -0.920577,
          4.99083
        ],
        [
          0.948868,
          -0.135965,
          0.284892,
          3.850154
        ],
        [
          -0.057624,
          -0.961928,
          -0.267158,
          1.404966
        ],
        [
          0.0,
          0.0,
          0.0,
          1.0
        ]
      ]
    },
    {
      "file_path": "/media/NFS/ttao/scannet/posed_images/scene0430_01/00250.jpg",
      "transform_matrix": [
        [
          0.301108,
          0.222969,
          -0.927156,
          4.996449
        ],
        [
          0.951549,
          -0.133829,
          0.276846,
          3.830748
        ],
        [
          -0.062352,
          -0.965596,
          -0.252463,
          1.398644
        ],
        [
          0.0,
          0.0,
          0.0,
          1.0
        ]
      ]
    },
    {
      "file_path": "/media/NFS/ttao/scannet/posed_images/scene0430_01/00256.jpg",
      "transform_matrix": [
        [
          0.257776,
          0.239108,
          -0.936151,
          4.992714
        ],
        [
          0.965121,
          -0.109594,
          0.237761,
          3.806084
        ],
        [
          -0.045746,
          -0.964788,
          -0.259019,
          1.394772
        ],
        [
          0.0,
          0.0,
          0.0,
          1.0
        ]
      ]
    },
    {
      "file_path": "/media/NFS/ttao/scannet/posed_images/scene0430_01/00264.jpg",
      "transform_matrix": [
        [
          0.189147,
          0.258978,
          -0.947182,
          4.997047
        ],
        [
          0.981301,
          -0.084881,
          0.172752,
          3.791801
        ],
        [
          -0.035658,
          -0.962146,
          -0.27019,
          1.397914
        ],
        [
          0.0,
          0.0,
          0.0,
          1.0
        ]
      ]
    },
    {
      "file_path": "/media/NFS/ttao/scannet/posed_images/scene0430_01/00265.jpg",
      "transform_matrix": [
        [
          0.185141,
          0.263636,
          -0.946688,
          4.994543
        ],
        [
          0.982209,
          -0.080457,
          0.169682,
          3.788002
        ],
        [
          -0.031433,
          -0.961261,
          -0.273842,
          1.40219
        ],
        [
          0.0,
          0.0,
          0.0,
          1.0
        ]
      ]
    },
    {
      "file_path": "/media/NFS/ttao/scannet/posed_images/scene0430_01/00273.jpg",
      "transform_matrix": [
        [
          0.143619,
          0.257841,
          -0.955454,
          5.003024
        ],
        [
          0.989384,
          -0.059056,
          0.132783,
          3.782969
        ],
        [
          -0.022189,
          -0.964381,
          -0.263585,
          1.397526
        ],
        [
          0.0,
          0.0,
          0.0,
          1.0
        ]
      ]
    },
    {
      "file_path": "/media/NFS/ttao/scannet/posed_images/scene0430_01/00276.jpg",
      "transform_matrix": [
        [
          0.122147,
          0.256929,
          -0.95868,
          5.00739
        ],
        [
          0.992325,
          -0.050365,
          0.112936,
          3.784484
        ],
        [
          -0.019267,
          -0.965117,
          -0.261109,
          1.394781
        ],
        [
          0.0,
          0.0,
          0.0,
          1.0
        ]
      ]
    },
    {
      "file_path": "/media/NFS/ttao/scannet/posed_images/scene0430_01/00281.jpg",
      "transform_matrix": [
        [
          0.095019,
          0.264768,
          -0.959619,
          5.007293
        ],
        [
          0.995414,
          -0.035939,
          0.088647,
          3.77108
        ],
        [
          -0.011017,
          -0.963642,
          -0.266969,
          1.392172
        ],
        [
          0.0,
          0.0,
          0.0,
          1.0
        ]
      ]
    },
    {
      "file_path": "/media/NFS/ttao/scannet/posed_images/scene0430_01/00287.jpg",
      "transform_matrix": [
        [
          0.059236,
          0.262233,
          -0.963185,
          5.000524
        ],
        [
          0.998234,
          -0.019882,
          0.055979,
          3.762648
        ],
        [
          -0.00447,
          -0.9648,
          -0.262948,
          1.395042
        ],
        [
          0.0,
          0.0,
          0.0,
          1.0
        ]
      ]
    },
    {
      "file_path": "/media/NFS/ttao/scannet/posed_images/scene0430_01/00294.jpg",
      "transform_matrix": [
        [
          0.013224,
          0.260485,
          -0.965387,
          4.997832
        ],
        [
          0.999904,
          -0.007488,
          0.011676,
          3.748865
        ],
        [
          -0.004188,
          -0.965449,
          -0.260559,
          1.396067
        ],
        [
          0.0,
          0.0,
          0.0,
          1.0
        ]
      ]
    },
    {
      "file_path": "/media/NFS/ttao/scannet/posed_images/scene0430_01/00300.jpg",
      "transform_matrix": [
        [
          0.003728,
          0.276088,
          -0.961125,
          4.977646
        ],
        [
          0.999986,
          0.002533,
          0.004606,
          3.713535
        ],
        [
          0.003706,
          -0.961129,
          -0.276075,
          1.399296
        ],
        [
          0.0,
          0.0,
          0.0,
          1.0
        ]
      ]
    },
    {
      "file_path": "/media/NFS/ttao/scannet/posed_images/scene0430_01/00305.jpg",
      "transform_matrix": [
        [
          -0.012936,
          0.276352,
          -0.96097,
          4.966235
        ],
        [
          0.999915,
          0.00185,
          -0.012928,
          3.692499
        ],
        [
          -0.001795,
          -0.961055,
          -0.276352,
          1.398363
        ],
        [
          0.0,
          0.0,
          0.0,
          1.0
        ]
      ]
    },
    {
      "file_path": "/media/NFS/ttao/scannet/posed_images/scene0430_01/00308.jpg",
      "transform_matrix": [
        [
          -0.03007,
          0.27873,
          -0.959899,
          4.956917
        ],
        [
          0.999529,
          0.00245,
          -0.0306,
          3.68599
        ],
        [
          -0.006177,
          -0.960367,
          -0.278672,
          1.392921
        ],
        [
          0.0,
          0.0,
          0.0,
          1.0
        ]
      ]
    },
    {
      "file_path": "/media/NFS/ttao/scannet/posed_images/scene0430_01/00314.jpg",
      "transform_matrix": [
        [
          -0.044876,
          0.29502,
          -0.954436,
          4.927844
        ],
        [
          0.998912,
          0.001147,
          -0.046613,
          3.656997
        ],
        [
          -0.012657,
          -0.95549,
          -0.294751,
          1.388331
        ],
        [
          0.0,
          0.0,
          0.0,
          1.0
        ]
      ]
    },
    {
      "file_path": "/media/NFS/ttao/scannet/posed_images/scene0430_01/00320.jpg",
      "transform_matrix": [
        [
          -0.078218,
          0.323621,
          -0.942948,
          4.878827
        ],
        [
          0.996691,
          0.004409,
          -0.081163,
          3.655516
        ],
        [
          -0.022109,
          -0.946177,
          -0.322895,
          1.381508
        ],
        [
          0.0,
          0.0,
          0.0,
          1.0
        ]
      ]
    },
    {
      "file_path": "/media/NFS/ttao/scannet/posed_images/scene0430_01/00324.jpg",
      "transform_matrix": [
        [
          -0.132802,
          0.308714,
          -0.941838,
          4.857038
        ],
        [
          0.9909,
          0.020346,
          -0.133051,
          3.692512
        ],
        [
          -0.021912,
          -0.950937,
          -0.308607,
          1.371799
        ],
        [
          0.0,
          0.0,
          0.0,
          1.0
        ]
      ]
    },
    {
      "file_path": "/media/NFS/ttao/scannet/posed_images/scene0430_01/00331.jpg",
      "transform_matrix": [
        [
          -0.200311,
          0.320751,
          -0.92574,
          4.813418
        ],
        [
          0.979693,
          0.057064,
          -0.192214,
          3.754748
        ],
        [
          -0.008826,
          -0.945443,
          -0.325668,
          1.374494
        ],
        [
          0.0,
          0.0,
          0.0,
          1.0
        ]
      ]
    },
    {
      "file_path": "/media/NFS/ttao/scannet/posed_images/scene0430_01/00336.jpg",
      "transform_matrix": [
        [
          -0.249049,
          0.321793,
          -0.913468,
          4.787284
        ],
        [
          0.968488,
          0.084929,
          -0.234132,
          3.807195
        ],
        [
          0.002238,
          -0.942993,
          -0.332804,
          1.371341
        ],
        [
          0.0,
          0.0,
          0.0,
          1.0
        ]
      ]
    },
    {
      "file_path": "/media/NFS/ttao/scannet/posed_images/scene0430_01/00341.jpg",
      "transform_matrix": [
        [
          -0.293722,
          0.333719,
          -0.895745,
          4.762183
        ],
        [
          0.955846,
          0.093499,
          -0.278595,
          3.84417
        ],
        [
          -0.009221,
          -0.938024,
          -0.346447,
          1.372287
        ],
        [
          0.0,
          0.0,
          0.0,
          1.0
        ]
      ]
    },
    {
      "file_path": "/media/NFS/ttao/scannet/posed_images/scene0430_01/00347.jpg",
      "transform_matrix": [
        [
          -0.320024,
          0.328125,
          -0.888774,
          4.727985
        ],
        [
          0.946609,
          0.072201,
          -0.314193,
          3.8778
        ],
        [
          -0.038924,
          -0.941871,
          -0.333712,
          1.372755
        ],
        [
          0.0,
          0.0,
          0.0,
          1.0
        ]
      ]
    },
    {
      "file_path": "/media/NFS/ttao/scannet/posed_images/scene0430_01/00352.jpg",
      "transform_matrix": [
        [
          -0.317754,
          0.328254,
          -0.88954,
          4.689825
        ],
        [
          0.947561,
          0.07621,
          -0.310357,
          3.88305
        ],
        [
          -0.034084,
          -0.94151,
          -0.335257,
          1.36992
        ],
        [
          0.0,
          0.0,
          0.0,
          1.0
        ]
      ]
    },
    {
      "file_path": "/media/NFS/ttao/scannet/posed_images/scene0430_01/00355.jpg",
      "transform_matrix": [
        [
          -0.33149,
          0.325254,
          -0.885621,
          4.657762
        ],
        [
          0.943059,
          0.086892,
          -0.321077,
          3.889327
        ],
        [
          -0.027479,
          -0.941626,
          -0.335537,
          1.366423
        ],
        [
          0.0,
          0.0,
          0.0,
          1.0
        ]
      ]
    },
    {
      "file_path": "/media/NFS/ttao/scannet/posed_images/scene0430_01/00364.jpg",
      "transform_matrix": [
        [
          -0.347621,
          0.31909,
          -0.88167,
          4.554663
        ],
        [
          0.937612,
          0.124904,
          -0.324473,
          3.883948
        ],
        [
          0.006588,
          -0.939458,
          -0.342602,
          1.366141
        ],
        [
          0.0,
          0.0,
          0.0,
          1.0
        ]
      ]
    },
    {
      "file_path": "/media/NFS/ttao/scannet/posed_images/scene0430_01/00366.jpg",
      "transform_matrix": [
        [
          -0.351674,
          0.323055,
          -0.878613,
          4.525118
        ],
        [
          0.936118,
          0.124206,
          -0.329022,
          3.888784
        ],
        [
          0.002836,
          -0.938194,
          -0.346098,
          1.369055
        ],
        [
          0.0,
          0.0,
          0.0,
          1.0
        ]
      ]
    },
    {
      "file_path": "/media/NFS/ttao/scannet/posed_images/scene0430_01/00372.jpg",
      "transform_matrix": [
        [
          -0.365772,
          0.338403,
          -0.867003,
          4.480347
        ],
        [
          0.930637,
          0.121786,
          -0.345083,
          3.880816
        ],
        [
          -0.011188,
          -0.933087,
          -0.359477,
          1.367793
        ],
        [
          0.0,
          0.0,
          0.0,
          1.0
        ]
      ]
    },
    {
      "file_path": "/media/NFS/ttao/scannet/posed_images/scene0430_01/00377.jpg",
      "transform_matrix": [
        [
          -0.40553,
          0.292015,
          -0.866182,
          4.449554
        ],
        [
          0.914064,
          0.123699,
          -0.386245,
          3.909605
        ],
        [
          -0.005643,
          -0.94838,
          -0.317085,
          1.361301
        ],
        [
          0.0,
          0.0,
          0.0,
          1.0
        ]
      ]
    },
    {
      "file_path": "/media/NFS/ttao/scannet/posed_images/scene0430_01/00383.jpg",
      "transform_matrix": [
        [
          -0.481175,
          0.324986,
          -0.814158,
          4.402172
        ],
        [
          0.876432,
          0.158883,
          -0.454558,
          3.929222
        ],
        [
          -0.01837,
          -0.932277,
          -0.361279,
          1.359702
        ],
        [
          0.0,
          0.0,
          0.0,
          1.0
        ]
      ]
    },
    {
      "file_path": "/media/NFS/ttao/scannet/posed_images/scene0430_01/00390.jpg",
      "transform_matrix": [
        [
          -0.574313,
          0.243335,
          -0.781634,
          4.370855
        ],
        [
          0.818283,
          0.198634,
          -0.539404,
          3.996098
        ],
        [
          0.024003,
          -0.949385,
          -0.313195,
          1.367174
        ],
        [
          0.0,
          0.0,
          0.0,
          1.0
        ]
      ]
    },
    {
      "file_path": "/media/NFS/ttao/scannet/posed_images/scene0430_01/00393.jpg",
      "transform_matrix": [
        [
          -0.588136,
          0.231202,
          -0.77501,
          4.351645
        ],
        [
          0.808386,
          0.197247,
          -0.554621,
          4.021947
        ],
        [
          0.024638,
          -0.952701,
          -0.302909,
          1.369871
        ],
        [
          0.0,
          0.0,
          0.0,
          1.0
        ]
      ]
    },
    {
      "file_path": "/media/NFS/ttao/scannet/posed_images/scene0430_01/00399.jpg",
      "transform_matrix": [
        [
          -0.648278,
          0.246654,
          -0.720345,
          4.31046
        ],
        [
          0.761235,
          0.22985,
          -0.606374,
          4.081097
        ],
        [
          0.016006,
          -0.941451,
          -0.336769,
          1.37664
        ],
        [
          0.0,
          0.0,
          0.0,
          1.0
        ]
      ]
    },
    {
      "file_path": "/media/NFS/ttao/scannet/posed_images/scene0430_01/00405.jpg",
      "transform_matrix": [
        [
          -0.695093,
          0.212492,
          -0.686799,
          4.327389
        ],
        [
          0.718799,
          0.222901,
          -0.658516,
          4.132494
        ],
        [
          0.013159,
          -0.9514,
          -0.307676,
          1.382013
