{
  "frames": [
    {
      "file_path": "/media/NFS/ttao/scannet/posed_images/scene0017_02/00002.jpg",
      "transform_matrix": [
        [
          -0.975285,
          -0.129853,
          0.178766,
          3.853958
        ],
        [
          -0.214233,
          0.357768,
          -0.908904,
          3.467395
        ],
        [
          0.054067,
          -0.924738,
          -0.376745,
          1.567634
        ],
        [
          0.0,
          0.0,
          0.0,
          1.0
        ]
      ]
    },
    {
      "file_path": "/media/NFS/ttao/scannet/posed_images/scene0017_02/00003.jpg",
      "transform_matrix": [
        [
          -0.975886,
          -0.126173,
          0.178121,
          3.851862
        ],
        [
          -0.21226,
          0.358187,
          -0.909202,
          3.460781
        ],
        [
          0.050916,
          -0.925085,
          -0.376331,
          1.565962
        ],
        [
          0.0,
          0.0,
          0.0,
          1.0
        ]
      ]
    },
    {
      "file_path": "/media/NFS/ttao/scannet/posed_images/scene0017_02/00006.jpg",
      "transform_matrix": [
        [
          -0.977942,
          -0.109452,
          0.177902,
          3.841676
        ],
        [
          -0.206145,
          0.368505,
          -0.906481,
          3.438677
        ],
        [
          0.033659,
          -0.92316,
          -0.38294,
          1.565868
        ],
        [
          0.0,
          0.0,
          0.0,
          1.0
        ]
      ]
    },
    {
      "file_path": "/media/NFS/ttao/scannet/posed_images/scene0017_02/00009.jpg",
      "transform_matrix": [
        [
          -0.980125,
          -0.104885,
          0.168385,
          3.834937
        ],
        [
          -0.195799,
          0.374988,
          -0.906116,
          3.420224
        ],
        [
          0.031895,
          -0.921077,
          -0.388071,
          1.564153
        ],
        [
          0.0,
          0.0,
          0.0,
          1.0
        ]
      ]
    },
    {
      "file_path": "/media/NFS/ttao/scannet/posed_images/scene0017_02/00015.jpg",
      "transform_matrix": [
        [
          -0.988163,
          -0.09756,
          0.118394,
          3.828007
        ],
        [
          -0.14829,
          0.40968,
          -0.900096,
          3.389635
        ],
        [
          0.03931,
          -0.906997,
          -0.419298,
          1.570788
        ],
        [
          0.0,
          0.0,
          0.0,
          1.0
        ]
      ]
    },
    {
      "file_path": "/media/NFS/ttao/scannet/posed_images/scene0017_02/00018.jpg",
      "transform_matrix": [
        [
          -0.993179,
          -0.081821,
          0.083068,
          3.833617
        ],
        [
          -0.10938,
          0.407044,
          -0.906836,
          3.385385
        ],
        [
          0.040386,
          -0.909737,
          -0.413217,
          1.567506
        ],
        [
          0.0,
          0.0,
          0.0,
          1.0
        ]
      ]
    },
    {
      "file_path": "/media/NFS/ttao/scannet/posed_images/scene0017_02/00019.jpg",
      "transform_matrix": [
        [
          -0.994399,
          -0.074058,
          0.075409,
          3.834995
        ],
        [
          -0.099315,
          0.410623,
          -0.90638,
          3.383045
        ],
        [
          0.03616,
          -0.908793,
          -0.415678,
          1.569806
        ],
        [
          0.0,
          0.0,
          0.0,
          1.0
        ]
      ]
    },
    {
      "file_path": "/media/NFS/ttao/scannet/posed_images/scene0017_02/00024.jpg",
      "transform_matrix": [
        [
          -0.999815,
          -0.019233,
          -0.001014,
          3.865578
        ],
        [
          -0.007352,
          0.42981,
          -0.902889,
          3.373159
        ],
        [
          0.017801,
          -0.902715,
          -0.429871,
          1.576556
        ],
        [
          0.0,
          0.0,
          0.0,
          1.0
        ]
      ]
    },
    {
      "file_path": "/media/NFS/ttao/scannet/posed_images/scene0017_02/00027.jpg",
      "transform_matrix": [
        [
          -0.998977,
          0.006461,
          -0.044748,
          3.88402
        ],
        [
          0.043017,
          0.440488,
          -0.896728,
          3.376647
        ],
        [
          0.013917,
          -0.897736,
          -0.440315,
          1.574684
        ],
        [
          0.0,
          0.0,
          0.0,
          1.0
        ]
      ]
    },
    {
      "file_path": "/media/NFS/ttao/scannet/posed_images/scene0017_02/00030.jpg",
      "transform_matrix": [
        [
          -0.994566,
          0.051752,
          -0.090337,
          3.915517
        ],
        [
          0.103931,
          0.442583,
          -0.890684,
          3.379391
        ],
        [
          -0.006113,
          -0.895233,
          -0.445556,
          1.575637
        ],
        [
          0.0,
          0.0,
          0.0,
          1.0
        ]
      ]
    },
    {
      "file_path": "/media/NFS/ttao/scannet/posed_images/scene0017_02/00032.jpg",
      "transform_matrix": [
        [
          -0.989274,
          0.078443,
          -0.12322,
          3.937954
        ],
        [
          0.145338,
          0.444261,
          -0.88403,
          3.388932
        ],
        [
          -0.014604,
          -0.892457,
          -0.450897,
          1.575222
        ],
        [
          0.0,
          0.0,
          0.0,
          1.0
        ]
      ]
    },
    {
      "file_path": "/media/NFS/ttao/scannet/posed_images/scene0017_02/00037.jpg",
      "transform_matrix": [
        [
          -0.977078,
          0.10731,
          -0.183856,
          3.963441
        ],
        [
          0.212414,
          0.434296,
          -0.875367,
          3.410178
        ],
        [
          -0.014088,
          -0.894356,
          -0.447135,
          1.573576
        ],
        [
          0.0,
          0.0,
          0.0,
          1.0
        ]
      ]
    },
    {
      "file_path": "/media/NFS/ttao/scannet/posed_images/scene0017_02/00039.jpg",
      "transform_matrix": [
        [
          -0.97169,
          0.11608,
          -0.205776,
          3.972125
        ],
        [
          0.235972,
          0.433926,
          -0.869497,
          3.42016
        ],
        [
          -0.011639,
          -0.89344,
          -0.449033,
          1.569999
        ],
        [
          0.0,
          0.0,
          0.0,
          1.0
        ]
      ]
    },
    {
      "file_path": "/media/NFS/ttao/scannet/posed_images/scene0017_02/00042.jpg",
      "transform_matrix": [
        [
          -0.962385,
          0.13152,
          -0.237735,
          3.982653
        ],
        [
          0.271557,
          0.438319,
          -0.856816,
          3.43325
        ],
        [
          -0.008484,
          -0.889145,
          -0.457547,
          1.567392
        ],
        [
          0.0,
          0.0,
          0.0,
          1.0
        ]
      ]
    },
    {
      "file_path": "/media/NFS/ttao/scannet/posed_images/scene0017_02/00047.jpg",
      "transform_matrix": [
        [
          -0.947546,
          0.148571,
          -0.282992,
          3.99088
        ],
        [
          0.319604,
          0.449417,
          -0.834193,
          3.450184
        ],
        [
          0.003245,
          -0.880881,
          -0.473327,
          1.566919
        ],
        [
          0.0,
          0.0,
          0.0,
          1.0
        ]
      ]
    },
    {
      "file_path": "/media/NFS/ttao/scannet/posed_images/scene0017_02/00048.jpg",
      "transform_matrix": [
        [
          -0.944988,
          0.151639,
          -0.289833,
          3.990627
        ],
        [
          0.327081,
          0.448612,
          -0.831724,
          3.45362
        ],
        [
          0.0039,
          -0.880768,
          -0.473532,
          1.56771
        ],
        [
          0.0,
          0.0,
          0.0,
          1.0
        ]
      ]
    },
    {
      "file_path": "/media/NFS/ttao/scannet/posed_images/scene0017_02/00051.jpg",
      "transform_matrix": [
        [
          -0.929737,
          0.167566,
          -0.327888,
          3.998518
        ],
        [
          0.368125,
          0.44356,
          -0.817153,
          3.466238
        ],
        [
          0.008511,
          -0.880441,
          -0.474079,
          1.563065
        ],
        [
          0.0,
          0.0,
          0.0,
          1.0
        ]
      ]
    },
    {
      "file_path": "/media/NFS/ttao/scannet/posed_images/scene0017_02/00054.jpg",
      "transform_matrix": [
        [
          -0.919445,
          0.183995,
          -0.347517,
          3.993161
        ],
        [
          0.393148,
          0.447034,
          -0.80349,
          3.476681
        ],
        [
          0.007514,
          -0.87539,
          -0.48336,
          1.560046
        ],
        [
          0.0,
          0.0,
          0.0,
          1.0
        ]
      ]
    },
    {
      "file_path": "/media/NFS/ttao/scannet/posed_images/scene0017_02/00057.jpg",
      "transform_matrix": [
        [
          -0.905714,
          0.20583,
          -0.370563,
          3.981358
        ],
        [
          0.423829,
          0.454585,
          -0.783404,
          3.488034
        ],
        [
          0.007205,
          -0.866595,
          -0.498961,
          1.555796
        ],
        [
          0.0,
          0.0,
          0.0,
          1.0
        ]
      ]
    },
    {
      "file_path": "/media/NFS/ttao/scannet/posed_images/scene0017_02/00060.jpg",
      "transform_matrix": [
        [
          -0.887219,
          0.227548,
          -0.401329,
          3.972362
        ],
        [
          0.461169,
          0.461765,
          -0.757692,
          3.500461
        ],
        [
          0.012908,
          -0.857319,
          -0.514624,
          1.549837
        ],
        [
          0.0,
          0.0,
          0.0,
          1.0
        ]
      ]
    },
    {
      "file_path": "/media/NFS/ttao/scannet/posed_images/scene0017_02/00066.jpg",
      "transform_matrix": [
        [
          -0.850426,
          0.266685,
          -0.453492,
          3.936796
        ],
        [
          0.525404,
          0.474683,
          -0.706135,
          3.534374
        ],
        [
          0.026949,
          -0.838782,
          -0.5438,
          1.546886
        ],
        [
          0.0,
          0.0,
          0.0,
          1.0
        ]
      ]
    },
    {
      "file_path": "/media/NFS/ttao/scannet/posed_images/scene0017_02/00067.jpg",
      "transform_matrix": [
        [
          -0.844823,
          0.272156,
          -0.460658,
          3.930248
        ],
        [
          0.534412,
          0.47111,
          -0.701754,
          3.542787
        ],
        [
          0.026034,
          -0.839039,
          -0.543448,
          1.546566
        ],
        [
          0.0,
          0.0,
          0.0,
          1.0
        ]
      ]
    },
    {
      "file_path": "/media/NFS/ttao/scannet/posed_images/scene0017_02/00071.jpg",
      "transform_matrix": [
        [
          -0.803666,
          0.309619,
          -0.50819,
          3.911674
        ],
        [
          0.594542,
          0.454064,
          -0.663585,
          3.57706
        ],
        [
          0.025292,
          -0.835442,
          -0.548997,
          1.542937
        ],
        [
          0.0,
          0.0,
          0.0,
          1.0
        ]
      ]
    },
    {
      "file_path": "/media/NFS/ttao/scannet/posed_images/scene0017_02/00073.jpg",
      "transform_matrix": [
        [
          -0.788268,
          0.323222,
          -0.523603,
          3.899497
        ],
        [
          0.614873,
          0.446596,
          -0.649987,
          3.590265
        ],
        [
          0.023749,
          -0.834314,
          -0.550778,
          1.544007
        ],
        [
          0.0,
          0.0,
          0.0,
          1.0
        ]
      ]
    },
    {
      "file_path": "/media/NFS/ttao/scannet/posed_images/scene0017_02/00076.jpg",
      "transform_matrix": [
        [
          -0.765263,
          0.343339,
          -0.54451,
          3.884388
        ],
        [
          0.643518,
          0.429155,
          -0.633807,
          3.608193
        ],
        [
          0.016069,
          -0.835431,
          -0.549361,
          1.544954
        ],
        [
          0.0,
          0.0,
          0.0,
          1.0
        ]
      ]
    },
    {
      "file_path": "/media/NFS/ttao/scannet/posed_images/scene0017_02/00080.jpg",
      "transform_matrix": [
        [
          -0.737216,
          0.365424,
          -0.568312,
          3.866517
        ],
        [
          0.675601,
          0.409609,
          -0.613012,
          3.629041
        ],
        [
          0.008777,
          -0.835874,
          -0.548851,
          1.545493
        ],
        [
          0.0,
          0.0,
          0.0,
          1.0
        ]
      ]
    },
    {
      "file_path": "/media/NFS/ttao/scannet/posed_images/scene0017_02/00083.jpg",
      "transform_matrix": [
        [
          -0.714183,
          0.38049,
          -0.587512,
          3.854573
        ],
        [
          0.699934,
          0.395293,
          -0.594841,
          3.641802
        ],
        [
          0.005908,
          -0.836044,
          -0.54863,
          1.546883
        ],
        [
          0.0,
          0.0,
          0.0,
          1.0
        ]
      ]
    },
    {
      "file_path": "/media/NFS/ttao/scannet/posed_images/scene0017_02/00086.jpg",
      "transform_matrix": [
        [
          -0.685478,
          0.398824,
          -0.609146,
          3.840088
        ],
        [
          0.728089,
          0.37257,
          -0.575394,
          3.660182
        ],
        [
          -0.002531,
          -0.837933,
          -0.545768,
          1.546361
        ],
        [
          0.0,
          0.0,
          0.0,
          1.0
        ]
      ]
    },
    {
      "file_path": "/media/NFS/ttao/scannet/posed_images/scene0017_02/00089.jpg",
      "transform_matrix": [
        [
          -0.662223,
          0.411718,
          -0.626059,
          3.83081
        ],
        [
          0.749306,
          0.36232,
          -0.554315,
          3.671548
        ],
        [
          -0.001387,
          -0.836189,
          -0.548439,
          1.545569
        ],
        [
          0.0,
          0.0,
          0.0,
          1.0
        ]
      ]
    },
    {
      "file_path": "/media/NFS/ttao/scannet/posed_images/scene0017_02/00092.jpg",
      "transform_matrix": [
        [
          -0.635613,
          0.4255,
          -0.644163,
          3.820833
        ],
        [
          0.772001,
          0.347005,
          -0.532542,
          3.679429
        ],
        [
          -0.003069,
          -0.835786,
          -0.549048,
          1.547598
        ],
        [
          0.0,
          0.0,
          0.0,
          1.0
        ]
      ]
    },
    {
      "file_path": "/media/NFS/ttao/scannet/posed_images/scene0017_02/00097.jpg",
      "transform_matrix": [
        [
          -0.58615,
          0.446946,
          -0.675772,
          3.802405
        ],
        [
          0.810039,
          0.306498,
          -0.499897,
          3.698685
        ],
        [
          -0.016304,
          -0.840416,
          -0.541697,
          1.550353
        ],
        [
          0.0,
          0.0,
          0.0,
          1.0
        ]
      ]
    },
    {
      "file_path": "/media/NFS/ttao/scannet/posed_images/scene0017_02/00100.jpg",
      "transform_matrix": [
        [
          -0.55358,
          0.457641,
          -0.695783,
          3.796674
        ],
        [
          0.832642,
          0.28808,
          -0.472987,
          3.702227
        ],
        [
          -0.016017,
          -0.841175,
          -0.540527,
          1.551263
        ],
        [
          0.0,
          0.0,
          0.0,
          1.0
        ]
      ]
    },
    {
      "file_path": "/media/NFS/ttao/scannet/posed_images/scene0017_02/00102.jpg",
      "transform_matrix": [
        [
          -0.536918,
          0.462261,
          -0.705715,
          3.78855
        ],
        [
          0.843517,
          0.28021,
          -0.458215,
          3.709638
        ],
        [
          -0.014066,
          -0.841307,
          -0.540375,
          1.553452
        ],
        [
          0.0,
          0.0,
          0.0,
          1.0
        ]
      ]
    },
    {
      "file_path": "/media/NFS/ttao/scannet/posed_images/scene0017_02/00107.jpg",
      "transform_matrix": [
        [
          -0.479232,
          0.466115,
          -0.74369,
          3.772625
        ],
        [
          0.877688,
          0.254588,
          -0.406015,
          3.724754
        ],
        [
          8.5e-05,
          -0.847303,
          -0.53111,
          1.560787
        ],
        [
          0.0,
          0.0,
          0.0,
          1.0
        ]
      ]
    },
    {
      "file_path": "/media/NFS/ttao/scannet/posed_images/scene0017_02/00110.jpg",
      "transform_matrix": [
        [
          -0.436688,
          0.45841,
          -0.774057,
          3.774037
        ],
        [
          0.899539,
          0.23353,
          -0.369179,
          3.724165
        ],
        [
          0.011531,
          -0.857511,
          -0.514337,
          1.566133
        ],
        [
          0.0,
          0.0,
          0.0,
          1.0
        ]
      ]
    },
    {
      "file_path": "/media/NFS/ttao/scannet/posed_images/scene0017_02/00114.jpg",
      "transform_matrix": [
        [
          -0.403648,
          0.446741,
          -0.798431,
          3.773324
        ],
        [
          0.914845,
          0.207859,
          -0.346199,
          3.720887
        ],
        [
          0.0113,
          -0.870183,
          -0.4926,
          1.576391
        ],
        [
          0.0,
          0.0,
          0.0,
          1.0
        ]
      ]
    },
    {
      "file_path": "/media/NFS/ttao/scannet/posed_images/scene0017_02/00117.jpg",
      "transform_matrix": [
        [
          -0.397902,
          0.436596,
          -0.806882,
          3.777532
        ],
        [
          0.917414,
          0.194281,
          -0.347285,
          3.716784
        ],
        [
          0.005139,
          -0.87843,
          -0.477844,
          1.57949
        ],
        [
          0.0,
          0.0,
          0.0,
          1.0
        ]
      ]
    },
    {
      "file_path": "/media/NFS/ttao/scannet/posed_images/scene0017_02/00119.jpg",
      "transform_matrix": [
        [
          -0.398395,
          0.431972,
          -0.809124,
          3.779778
        ],
        [
          0.917205,
          0.19148,
          -0.349385,
          3.712582
        ],
        [
          0.004007,
          -0.881326,
          -0.472492,
          1.581031
        ],
        [
          0.0,
          0.0,
          0.0,
          1.0
        ]
      ]
    },
    {
      "file_path": "/media/NFS/ttao/scannet/posed_images/scene0017_02/00121.jpg",
      "transform_matrix": [
        [
          -0.407416,
          0.423608,
          -0.809054,
          3.781329
        ],
        [
          0.913232,
          0.193238,
          -0.3587,
          3.706885
        ],
        [
          0.004391,
          -0.884995,
          -0.465581,
          1.586115
        ],
        [
          0.0,
          0.0,
          0.0,
          1.0
        ]
      ]
    },
    {
      "file_path": "/media/NFS/ttao/scannet/posed_images/scene0017_02/00124.jpg",
      "transform_matrix": [
        [
          -0.420372,
          0.412976,
          -0.807922,
          3.789546
        ],
        [
          0.907343,
          0.195273,
          -0.372286,
          3.695462
        ],
        [
          0.00402,
          -0.889561,
          -0.456798,
          1.587295
        ],
        [
          0.0,
          0.0,
          0.0,
          1.0
        ]
      ]
    },
    {
      "file_path": "/media/NFS/ttao/scannet/posed_images/scene0017_02/00128.jpg",
      "transform_matrix": [
        [
          -0.44369,
          0.398399,
          -0.802756,
          3.795928
        ],
        [
          0.896166,
          0.202342,
          -0.394899,
          3.686968
        ],
        [
          0.005104,
          -0.894615,
          -0.446808,
          1.589273
        ],
        [
          0.0,
          0.0,
          0.0,
          1.0
        ]
      ]
    },
    {
      "file_path": "/media/NFS/ttao/scannet/posed_images/scene0017_02/00133.jpg",
      "transform_matrix": [
        [
          -0.461317,
          0.387593,
          -0.798097,
          3.80441
        ],
        [
          0.887091,
          0.217757,
          -0.407004,
          3.674249
        ],
        [
          0.016039,
          -0.895742,
          -0.444285,
          1.59188
        ],
        [
          0.0,
          0.0,
          0.0,
          1.0
        ]
      ]
    },
    {
      "file_path": "/media/NFS/ttao/scannet/posed_images/scene0017_02/00135.jpg",
      "transform_matrix": [
        [
          -0.462667,
          0.384767,
          -0.798682,
          3.80778
        ],
        [
          0.886226,
          0.22442,
          -0.405265,
          3.668695
        ],
        [
          0.023307,
          -0.895316,
          -0.444822,
          1.592696
        ],
        [
          0.0,
          0.0,
          0.0,
          1.0
        ]
      ]
    },
    {
      "file_path": "/media/NFS/ttao/scannet/posed_images/scene0017_02/00137.jpg",
      "transform_matrix": [
        [
          -0.465685,
          0.381867,
          -0.79832,
          3.812185
        ],
        [
          0.884507,
          0.229413,
          -0.406224,
          3.658226
        ],
        [
          0.028022,
          -0.895292,
          -0.444598,
          1.597761
        ],
        [
          0.0,
          0.0,
          0.0,
          1.0
        ]
      ]
    },
    {
      "file_path": "/media/NFS/ttao/scannet/posed_images/scene0017_02/00140.jpg",
      "transform_matrix": [
        [
          -0.483223,
          0.369187,
          -0.793849,
          3.820391
        ],
        [
          0.874952,
          0.235644,
          -0.423002,
          3.647213
        ],
        [
          0.030899,
          -0.898984,
          -0.43689,
          1.606478
        ],
        [
          0.0,
          0.0,
          0.0,
          1.0
        ]
      ]
    },
    {
      "file_path": "/media/NFS/ttao/scannet/posed_images/scene0017_02/00146.jpg",
      "transform_matrix": [
        [
          -0.556638,
          0.284919,
          -0.780368,
          3.855834
        ],
        [
          0.830665,
          0.204709,
          -0.517774,
          3.587548
        ],
        [
          0.012225,
          -0.936438,
          -0.350621,
          1.639287
        ],
        [
          0.0,
          0.0,
          0.0,
          1.0
        ]
      ]
    },
    {
      "file_path": "/media/NFS/ttao/scannet/posed_images/scene0017_02/00149.jpg",
      "transform_matrix": [
        [
          -0.588169,
          0.247468,
          -0.769946,
          3.871218
        ],
        [
          0.808499,
          0.20306,
          -0.552355,
          3.563442
        ],
        [
          0.019655,
          -0.947379,
          -0.319511,
          1.650461
        ],
        [
          0.0,
          0.0,
          0.0,
          1.0
        ]
      ]
    },
    {
      "file_path": "/media/NFS/ttao/scannet/posed_images/scene0017_02/00152.jpg",
      "transform_matrix": [
        [
          -0.621632,
          0.203154,
          -0.756507,
          3.882887
        ],
        [
          0.782643,
          0.200941,
          -0.589146,
          3.563751
        ],
        [
          0.032326,
          -0.958307,
          -0.283908,
          1.645237
        ],
        [
          0.0,
          0.0,
          0.0,
          1.0
        ]
      ]
    },
    {
      "file_path": "/media/NFS/ttao/scannet/posed_images/scene0017_02/00155.jpg",
      "transform_matrix": [
        [
          -0.64132,
          0.175286,
          -0.746983,
          3.888254
        ],
        [
          0.766374,
          0.193474,
          -0.612568,
          3.531267
        ],
        [
          0.037147,
          -0.96532,
          -0.258414,
          1.657459
        ],
        [
          0.0,
          0.0,
          0.0,
          1.0
        ]
      ]
    },
    {
      "file_path": "/media/NFS/ttao/scannet/posed_images/scene0017_02/00159.jpg",
      "transform_matrix": [
        [
          -0.665601,
          0.144989,
          -0.732089,
          3.884888
        ],
        [
          0.745112,
          0.184614,
          -0.640879,
          3.497763
        ],
        [
          0.042234,
          -0.972058,
          -0.230912,
          1.669869
        ],
        [
          0.0,
          0.0,
          0.0,
          1.0
        ]
      ]
    },
    {
      "file_path": "/media/NFS/ttao/scannet/posed_images/scene0017_02/00161.jpg",
      "transform_matrix": [
        [
          -0.703458,
          0.129396,
          -0.698859,
          3.835116
        ],
        [
          0.709349,
          0.189242,
          -0.678978,
          3.571249
        ],
        [
          0.044396,
          -0.973368,
          -0.224911,
          1.67349
        ],
        [
          0.0,
          0.0,
          0.0,
          1.0
        ]
      ]
    },
    {
      "file_path": "/media/NFS/ttao/scannet/posed_images/scene0017_02/00165.jpg",
      "transform_matrix": [
        [
          -0.725615,
          0.107731,
          -0.679615,
          3.838341
        ],
        [
          0.686742,
          0.175421,
          -0.705417,
          3.514428
        ],
        [
          0.043223,
          -0.978582,
          -0.201271,
          1.692571
        ],
        [
          0.0,
          0.0,
          0.0,
          1.0
        ]
      ]
    },
    {
      "file_path": "/media/NFS/ttao/scannet/posed_images/scene0017_02/00167.jpg",
      "transform_matrix": [
        [
          -0.73744,
          0.094696,
          -0.668741,
          3.837739
        ],
        [
          0.673996,
          0.167282,
          -0.719546,
          3.483755
        ],
        [
          0.04373,
          -0.981351,
          -0.187185,
          1.699741
        ],
        [
          0.0,
          0.0,
          0.0,
          1.0
        ]
      ]
    },
    {
      "file_path": "/media/NFS/ttao/scannet/posed_images/scene0017_02/00169.jpg",
      "transform_matrix": [
        [
          -0.752068,
          0.083311,
          -0.653799,
          3.83366
        ],
        [
          0.657637,
          0.160588,
          -0.736019,
          3.451531
        ],
        [
          0.043674,
          -0.983499,
          -0.175562,
          1.709261
        ],
        [
          0.0,
          0.0,
          0.0,
          1.0
        ]
      ]
    },
    {
      "file_path": "/media/NFS/ttao/scannet/posed_images/scene0017_02/00175.jpg",
      "transform_matrix": [
        [
          -0.799961,
          0.041581,
          -0.59861,
          3.814266
        ],
        [
          0.597468,
          0.147682,
          -0.788176,
          3.374556
        ],
        [
          0.055631,
          -0.988161,
          -0.142983,
          1.741107
        ],
        [
          0.0,
          0.0,
          0.0,
          1.0
        ]
      ]
    },
    {
      "file_path": "/media/NFS/ttao/scannet/posed_images/scene0017_02/00178.jpg",
      "transform_matrix": [
        [
          -0.817423,
          0.021372,
          -0.575642,
          3.815402
        ],
        [
          0.571813,
          0.15092,
          -0.806383,
          3.323899
        ],
        [
          0.069642,
          -0.988315,
          -0.135587,
          1.750731
        ],
        [
          0.0,
          0.0,
          0.0,
          1.0
        ]
      ]
    },
    {
      "file_path": "/media/NFS/ttao/scannet/posed_images/scene0017_02/00179.jpg",
      "transform_matrix": [
        [
          -0.820444,
          0.015748,
          -0.571511,
          3.814157
        ],
        [
          0.566588,
          0.156128,
          -0.809075,
          3.31446
        ],
        [
          0.076488,
          -0.987611,
          -0.137017,
          1.747906
        ],
        [
          0.0,
          0.0,
          0.0,
          1.0
        ]
      ]
    },
    {
      "file_path": "/media/NFS/ttao/scannet/posed_images/scene0017_02/00184.jpg",
      "transform_matrix": [
        [
          -0.846706,
          0.014093,
          -0.531875,
          3.829787
        ],
        [
          0.526923,
          0.160807,
          -0.834562,
          3.22859
        ],
        [
          0.073768,
          -0.986885,
          -0.143582,
          1.739427
        ],
        [
          0.0,
          0.0,
          0.0,
          1.0
        ]
      ]
    },
    {
      "file_path": "/media/NFS/ttao/scannet/posed_images/scene0017_02/00185.jpg",
      "transform_matrix": [
        [
          -0.852021,
          0.01003,
          -0.523412,
          3.833993
        ],
        [
          0.518136,
          0.159024,
          -0.840385,
          3.214623
        ],
        [
          0.074806,
          -0.987224,
          -0.140689,
          1.736405
        ],
        [
          0.0,
          0.0,
          0.0,
          1.0
        ]
      ]
    },
    {
      "file_path": "/media/NFS/ttao/scannet/posed_images/scene0017_02/00191.jpg",
      "transform_matrix": [
        [
          -0.868454,
          -0.020912,
          -0.495329,
          3.870488
        ],
        [
          0.485941,
          0.162049,
          -0.858837,
          3.112426
        ],
        [
          0.098227,
          -0.986561,
          -0.13057,
          1.734782
        ],
        [
          0.0,
          0.0,
          0.0,
          1.0
        ]
      ]
    },
    {
      "file_path": "/media/NFS/ttao/scannet/posed_images/scene0017_02/00194.jpg",
      "transform_matrix": [
        [
          -0.862646,
          -0.024998,
          -0.50519,
          3.899741
        ],
        [
          0.495937,
          0.154547,
          -0.854495,
          3.066792
        ],
        [
          0.099437,
          -0.987669,
          -0.120922,
          1.73045
        ],
        [
          0.0,
          0.0,
          0.0,
          1.0
        ]
      ]
    },
    {
      "file_path": "/media/NFS/ttao/scannet/posed_images/scene0017_02/00196.jpg",
      "transform_matrix": [
        [
          -0.855136,
          -0.02272,
          -0.517906,
          3.923427
        ],
        [
          0.509268,
          0.149916,
          -0.84745,
          3.036028
        ],
        [
          0.096896,
          -0.988438,
          -0.116628,
          1.732147
        ],
        [
          0.0,
          0.0,
          0.0,
          1.0
        ]
      ]
    },
    {
      "file_path": "/media/NFS/ttao/scannet/posed_images/scene0017_02/00200.jpg",
      "transform_matrix": [
        [
          -0.838296,
          0.011442,
          -0.545095,
          3.97115
        ],
        [
          0.539656,
          0.159809,
          -0.826578,
          2.969701
        ],
        [
          0.077654,
          -0.987082,
          -0.140142,
          1.738855
        ],
        [
          0.0,
          0.0,
          0.0,
          1.0
        ]
      ]
    },
    {
      "file_path": "/media/NFS/ttao/scannet/posed_images/scene0017_02/00201.jpg",
      "transform_matrix": [
        [
          -0.834618,
          0.012693,
          -0.550684,
          3.98192
        ],
        [
          0.545979,
          0.151445,
          -0.823997,
          2.958002
        ],
        [
          0.072939,
          -0.988384,
          -0.133329,
          1.714976
        ],
        [
          0.0,
          0.0,
          0.0,
          1.0
        ]
      ]
    },
    {
      "file_path": "/media/NFS/ttao/scannet/posed_images/scene0017_02/00206.jpg",
      "transform_matrix": [
        [
          -0.811936,
          0.051075,
          -0.581507,
          4.037134
        ],
        [
          0.581315,
          0.161561,
          -0.797478,
          2.88861
        ],
        [
          0.053218,
          -0.98554,
          -0.160868,
          1.714465
        ],
        [
          0.0,
          0.0,
          0.0,
          1.0
        ]
      ]
    },
    {
      "file_path": "/media/NFS/ttao/scannet/posed_images/scene0017_02/00208.jpg",
      "transform_matrix": [
        [
          -0.807988,
          0.059509,
          -0.586186,
          4.058348
        ],
        [
          0.587523,
          0.156344,
          -0.79396,
          2.863896
        ],
        [
          0.044398,
          -0.985909,
          -0.161287,
          1.715222
        ],
        [
          0.0,
          0.0,
          0.0,
          1.0
        ]
      ]
    },
    {
      "file_path": "/media/NFS/ttao/scannet/posed_images/scene0017_02/00213.jpg",
      "transform_matrix": [
        [
          -0.809248,
          0.073466,
          -0.582856,
          4.109528
        ],
        [
          0.586778,
          0.149145,
          -0.795894,
          2.791873
        ],
        [
          0.028459,
          -0.986083,
          -0.163804,
          1.726474
        ],
        [
          0.0,
          0.0,
          0.0,
          1.0
        ]
      ]
    },
    {
      "file_path": "/media/NFS/ttao/scannet/posed_images/scene0017_02/00216.jpg",
      "transform_matrix": [
        [
          -0.80912,
          0.075063,
          -0.582829,
          4.132823
        ],
        [
          0.587254,
          0.139333,
          -0.797319,
          2.74998
        ],
        [
          0.021358,
          -0.987397,
          -0.156818,
          1.715661
        ],
        [
          0.0,
          0.0,
          0.0,
          1.0
        ]
      ]
    },
    {
      "file_path": "/media/NFS/ttao/scannet/posed_images/scene0017_02/00217.jpg",
      "transform_matrix": [
        [
          -0.809132,
          0.076327,
          -0.582649,
          4.142456
        ],
        [
          0.587266,
          0.139789,
          -0.797231,
          2.734266
        ],
        [
          0.020598,
          -0.987235,
          -0.157932,
          1.717517
        ],
        [
          0.0,
          0.0,
          0.0,
          1.0
        ]
      ]
    },
    {
      "file_path": "/media/NFS/ttao/scannet/posed_images/scene0017_02/00222.jpg",
      "transform_matrix": [
        [
          -0.813604,
          0.096297,
          -0.57339,
          4.167314
        ],
        [
          0.581327,
          0.152317,
          -0.799286,
          2.662633
        ],
        [
          0.010369,
          -0.983629,
          -0.179906,
          1.669371
        ],
        [
          0.0,
          0.0,
          0.0,
          1.0
        ]
      ]
    },
    {
      "file_path": "/media/NFS/ttao/scannet/posed_images/scene0017_02/00224.jpg",
      "transform_matrix": [
        [
          -0.809575,
          0.108062,
          -0.576984,
          4.177167
        ],
        [
          0.586937,
          0.165198,
          -0.7926,
          2.630454
        ],
        [
          0.009666,
          -0.980323,
          -0.197166,
          1.65412
        ],
        [
          0.0,
          0.0,
          0.0,
          1.0
        ]
      ]
    },
    {
      "file_path": "/media/NFS/ttao/scannet/posed_images/scene0017_02/00227.jpg",
      "transform_matrix": [
        [
          -0.791907,
          0.134957,
          -0.595542,
          4.196638
        ],
        [
          0.610426,
          0.200901,
          -0.766171,
          2.560846
        ],
        [
          0.016245,
          -0.970271,
          -0.241476,
          1.617138
        ],
        [
          0.0,
          0.0,
          0.0,
          1.0
        ]
      ]
    },
    {
      "file_path": "/media/NFS/ttao/scannet/posed_images/scene0017_02/00232.jpg",
      "transform_matrix": [
        [
          -0.784374,
          0.192704,
          -0.589595,
          4.209823
        ],
        [
          0.620282,
          0.23944,
          -0.746939,
          2.47139
        ],
        [
          -0.002766,
          -0.951595,
          -0.307341,
          1.599088
        ],
        [
          0.0,
          0.0,
          0.0,
          1.0
        ]
      ]
    },
    {
      "file_path": "/media/NFS/ttao/scannet/posed_images/scene0017_02/00233.jpg",
      "transform_matrix": [
        [
          -0.783855,
          0.20149,
          -0.587343,
          4.212867
        ],
        [
          0.620879,
          0.240767,
          -0.746016,
          2.44971
        ],
        [
          -0.008902,
          -0.949438,
          -0.313828,
          1.601588
        ],
        [
          0.0,
          0.0,
          0.0,
          1.0
        ]
      ]
    },
    {
      "file_path": "/media/NFS/ttao/scannet/posed_images/scene0017_02/00239.jpg",
      "transform_matrix": [
        [
          -0.777726,
          0.236443,
          -0.582441,
          4.242072
        ],
        [
          0.628472,
          0.273511,
          -0.728158,
          2.347
        ],
        [
          -0.012864,
          -0.932355,
          -0.361314,
          1.578107
        ],
        [
          0.0,
          0.0,
          0.0,
          1.0
        ]
      ]
    },
    {
      "file_path": "/media/NFS/ttao/scannet/posed_images/scene0017_02/00240.jpg",
      "transform_matrix": [
        [
          -0.773676,
          0.244735,
          -0.584406,
          4.245098
        ],
        [
          0.633535,
          0.287592,
          -0.718279,
          2.323042
        ],
        [
          -0.007717,
          -0.925957,
          -0.377551,
          1.590926
        ],
        [
          0.0,
          0.0,
          0.0,
          1.0
        ]
      ]
    },
    {
      "file_path": "/media/NFS/ttao/scannet/posed_images/scene0017_02/00244.jpg",
      "transform_matrix": [
        [
          -0.767208,
          0.257736,
          -0.587337,
          4.261249
        ],
        [
          0.641385,
          0.314403,
          -0.69984,
          2.27887
        ],
        [
          0.004287,
          -0.913632,
          -0.40652,
          1.551022
        ],
        [
          0.0,
          0.0,
          0.0,
          1.0
        ]
      ]
    },
    {
      "file_path": "/media/NFS/ttao/scannet/posed_images/scene0017_02/00248.jpg",
      "transform_matrix": [
        [
          -0.744426,
          0.279507,
          -0.606388,
          4.286229
        ],
        [
          0.667541,
          0.331664,
          -0.666624,
          2.220113
        ],
        [
          0.014791,
          -0.901041,
          -0.433482,
          1.534002
