{
  "frames": [
    {
      "file_path": "/media/NFS/ttao/scannet/posed_images/scene0652_00/00000.jpg",
      "transform_matrix": [
        [
          0.615258,
          0.248389,
          -0.748172,
          4.865881
        ],
        [
          0.788272,
          -0.182685,
          0.587584,
          4.512417
        ],
        [
          0.00927,
          -0.951278,
          -0.308196,
          1.377526
        ],
        [
          0.0,
          0.0,
          0.0,
          1.0
        ]
      ]
    },
    {
      "file_path": "/media/NFS/ttao/scannet/posed_images/scene0652_00/00004.jpg",
      "transform_matrix": [
        [
          0.616239,
          0.238894,
          -0.750453,
          4.867701
        ],
        [
          0.787458,
          -0.171626,
          0.591992,
          4.513821
        ],
        [
          0.012626,
          -0.955759,
          -0.293881,
          1.380034
        ],
        [
          0.0,
          0.0,
          0.0,
          1.0
        ]
      ]
    },
    {
      "file_path": "/media/NFS/ttao/scannet/posed_images/scene0652_00/00012.jpg",
      "transform_matrix": [
        [
          0.605813,
          0.200856,
          -0.769836,
          4.889638
        ],
        [
          0.795605,
          -0.150701,
          0.586772,
          4.53229
        ],
        [
          0.001842,
          -0.96796,
          -0.251099,
          1.355587
        ],
        [
          0.0,
          0.0,
          0.0,
          1.0
        ]
      ]
    },
    {
      "file_path": "/media/NFS/ttao/scannet/posed_images/scene0652_00/00014.jpg",
      "transform_matrix": [
        [
          0.603465,
          0.197238,
          -0.772611,
          4.893735
        ],
        [
          0.797387,
          -0.151808,
          0.584063,
          4.540379
        ],
        [
          -0.002089,
          -0.968531,
          -0.248886,
          1.367848
        ],
        [
          0.0,
          0.0,
          0.0,
          1.0
        ]
      ]
    },
    {
      "file_path": "/media/NFS/ttao/scannet/posed_images/scene0652_00/00022.jpg",
      "transform_matrix": [
        [
          0.589237,
          0.172871,
          -0.78925,
          4.900053
        ],
        [
          0.807925,
          -0.135186,
          0.57357,
          4.549959
        ],
        [
          -0.007542,
          -0.975623,
          -0.219324,
          1.362193
        ],
        [
          0.0,
          0.0,
          0.0,
          1.0
        ]
      ]
    },
    {
      "file_path": "/media/NFS/ttao/scannet/posed_images/scene0652_00/00026.jpg",
      "transform_matrix": [
        [
          0.588677,
          0.183625,
          -0.787236,
          4.895692
        ],
        [
          0.808292,
          -0.147098,
          0.570111,
          4.551334
        ],
        [
          -0.011114,
          -0.971928,
          -0.235016,
          1.365353
        ],
        [
          0.0,
          0.0,
          0.0,
          1.0
        ]
      ]
    },
    {
      "file_path": "/media/NFS/ttao/scannet/posed_images/scene0652_00/00027.jpg",
      "transform_matrix": [
        [
          0.588379,
          0.183504,
          -0.787488,
          4.893904
        ],
        [
          0.808501,
          -0.147556,
          0.569696,
          4.551022
        ],
        [
          -0.011657,
          -0.971882,
          -0.235182,
          1.365748
        ],
        [
          0.0,
          0.0,
          0.0,
          1.0
        ]
      ]
    },
    {
      "file_path": "/media/NFS/ttao/scannet/posed_images/scene0652_00/00033.jpg",
      "transform_matrix": [
        [
          0.585222,
          0.179825,
          -0.790682,
          4.89277
        ],
        [
          0.810873,
          -0.129259,
          0.570769,
          4.558402
        ],
        [
          0.000436,
          -0.975169,
          -0.22146,
          1.371611
        ],
        [
          0.0,
          0.0,
          0.0,
          1.0
        ]
      ]
    },
    {
      "file_path": "/media/NFS/ttao/scannet/posed_images/scene0652_00/00037.jpg",
      "transform_matrix": [
        [
          0.585455,
          0.168546,
          -0.792992,
          4.891272
        ],
        [
          0.810658,
          -0.111193,
          0.574865,
          4.558289
        ],
        [
          0.008716,
          -0.979402,
          -0.201732,
          1.384246
        ],
        [
          0.0,
          0.0,
          0.0,
          1.0
        ]
      ]
    },
    {
      "file_path": "/media/NFS/ttao/scannet/posed_images/scene0652_00/00043.jpg",
      "transform_matrix": [
        [
          0.580791,
          0.135118,
          -0.802761,
          4.895151
        ],
        [
          0.814009,
          -0.086105,
          0.574435,
          4.555409
        ],
        [
          0.008495,
          -0.987081,
          -0.159997,
          1.392014
        ],
        [
          0.0,
          0.0,
          0.0,
          1.0
        ]
      ]
    },
    {
      "file_path": "/media/NFS/ttao/scannet/posed_images/scene0652_00/00049.jpg",
      "transform_matrix": [
        [
          0.57431,
          0.116942,
          -0.810242,
          4.896537
        ],
        [
          0.818582,
          -0.070432,
          0.570056,
          4.557558
        ],
        [
          0.009597,
          -0.990638,
          -0.136176,
          1.405499
        ],
        [
          0.0,
          0.0,
          0.0,
          1.0
        ]
      ]
    },
    {
      "file_path": "/media/NFS/ttao/scannet/posed_images/scene0652_00/00055.jpg",
      "transform_matrix": [
        [
          0.579682,
          0.098641,
          -0.808851,
          4.896821
        ],
        [
          0.814481,
          -0.04053,
          0.578774,
          4.555247
        ],
        [
          0.024308,
          -0.994297,
          -0.103835,
          1.412062
        ],
        [
          0.0,
          0.0,
          0.0,
          1.0
        ]
      ]
    },
    {
      "file_path": "/media/NFS/ttao/scannet/posed_images/scene0652_00/00056.jpg",
      "transform_matrix": [
        [
          0.579747,
          0.09563,
          -0.809165,
          4.895181
        ],
        [
          0.814405,
          -0.03721,
          0.579104,
          4.553079
        ],
        [
          0.02527,
          -0.994721,
          -0.099454,
          1.412155
        ],
        [
          0.0,
          0.0,
          0.0,
          1.0
        ]
      ]
    },
    {
      "file_path": "/media/NFS/ttao/scannet/posed_images/scene0652_00/00065.jpg",
      "transform_matrix": [
        [
          0.567703,
          0.054736,
          -0.821412,
          4.896358
        ],
        [
          0.822913,
          -0.009883,
          0.568082,
          4.547774
        ],
        [
          0.022977,
          -0.998452,
          -0.050653,
          1.426256
        ],
        [
          0.0,
          0.0,
          0.0,
          1.0
        ]
      ]
    },
    {
      "file_path": "/media/NFS/ttao/scannet/posed_images/scene0652_00/00068.jpg",
      "transform_matrix": [
        [
          0.561375,
          0.055674,
          -0.825687,
          4.892431
        ],
        [
          0.827176,
          -0.007279,
          0.561896,
          4.545563
        ],
        [
          0.025273,
          -0.998422,
          -0.050139,
          1.433634
        ],
        [
          0.0,
          0.0,
          0.0,
          1.0
        ]
      ]
    },
    {
      "file_path": "/media/NFS/ttao/scannet/posed_images/scene0652_00/00075.jpg",
      "transform_matrix": [
        [
          0.539259,
          0.06808,
          -0.839384,
          4.88311
        ],
        [
          0.840568,
          0.017363,
          0.541428,
          4.535938
        ],
        [
          0.051434,
          -0.997529,
          -0.047863,
          1.449528
        ],
        [
          0.0,
          0.0,
          0.0,
          1.0
        ]
      ]
    },
    {
      "file_path": "/media/NFS/ttao/scannet/posed_images/scene0652_00/00079.jpg",
      "transform_matrix": [
        [
          0.536919,
          0.058006,
          -0.841638,
          4.876866
        ],
        [
          0.841626,
          0.031972,
          0.539114,
          4.527345
        ],
        [
          0.058181,
          -0.997804,
          -0.031653,
          1.459934
        ],
        [
          0.0,
          0.0,
          0.0,
          1.0
        ]
      ]
    },
    {
      "file_path": "/media/NFS/ttao/scannet/posed_images/scene0652_00/00081.jpg",
      "transform_matrix": [
        [
          0.536715,
          0.062342,
          -0.841457,
          4.876341
        ],
        [
          0.841387,
          0.035255,
          0.539283,
          4.525265
        ],
        [
          0.063285,
          -0.997432,
          -0.033532,
          1.459632
        ],
        [
          0.0,
          0.0,
          0.0,
          1.0
        ]
      ]
    },
    {
      "file_path": "/media/NFS/ttao/scannet/posed_images/scene0652_00/00086.jpg",
      "transform_matrix": [
        [
          0.547286,
          0.049512,
          -0.83548,
          4.865219
        ],
        [
          0.835395,
          0.028422,
          0.548914,
          4.517482
        ],
        [
          0.050924,
          -0.998369,
          -0.025807,
          1.466953
        ],
        [
          0.0,
          0.0,
          0.0,
          1.0
        ]
      ]
    },
    {
      "file_path": "/media/NFS/ttao/scannet/posed_images/scene0652_00/00092.jpg",
      "transform_matrix": [
        [
          0.549204,
          0.016051,
          -0.835534,
          4.859924
        ],
        [
          0.835396,
          0.015896,
          0.549419,
          4.514884
        ],
        [
          0.0221,
          -0.999745,
          -0.004679,
          1.472832
        ],
        [
          0.0,
          0.0,
          0.0,
          1.0
        ]
      ]
    },
    {
      "file_path": "/media/NFS/ttao/scannet/posed_images/scene0652_00/00098.jpg",
      "transform_matrix": [
        [
          0.56427,
          -0.016756,
          -0.82542,
          4.848084
        ],
        [
          0.825562,
          0.019656,
          0.563969,
          4.502631
        ],
        [
          0.006775,
          -0.999666,
          0.024924,
          1.47468
        ],
        [
          0.0,
          0.0,
          0.0,
          1.0
        ]
      ]
    },
    {
      "file_path": "/media/NFS/ttao/scannet/posed_images/scene0652_00/00101.jpg",
      "transform_matrix": [
        [
          0.570746,
          -0.012428,
          -0.821033,
          4.835825
        ],
        [
          0.820993,
          0.026659,
          0.570315,
          4.499601
        ],
        [
          0.0148,
          -0.999567,
          0.025419,
          1.474105
        ],
        [
          0.0,
          0.0,
          0.0,
          1.0
        ]
      ]
    },
    {
      "file_path": "/media/NFS/ttao/scannet/posed_images/scene0652_00/00105.jpg",
      "transform_matrix": [
        [
          0.578484,
          -0.002416,
          -0.815691,
          4.8197
        ],
        [
          0.815137,
          0.03868,
          0.577976,
          4.490146
        ],
        [
          0.030155,
          -0.999249,
          0.024346,
          1.476093
        ],
        [
          0.0,
          0.0,
          0.0,
          1.0
        ]
      ]
    },
    {
      "file_path": "/media/NFS/ttao/scannet/posed_images/scene0652_00/00112.jpg",
      "transform_matrix": [
        [
          0.569981,
          0.04083,
          -0.820643,
          4.789921
        ],
        [
          0.821404,
          -0.003511,
          0.570336,
          4.479797
        ],
        [
          0.020405,
          -0.99916,
          -0.035539,
          1.454653
        ],
        [
          0.0,
          0.0,
          0.0,
          1.0
        ]
      ]
    },
    {
      "file_path": "/media/NFS/ttao/scannet/posed_images/scene0652_00/00114.jpg",
      "transform_matrix": [
        [
          0.571474,
          0.060192,
          -0.81841,
          4.77549
        ],
        [
          0.820339,
          -0.015793,
          0.57166,
          4.479239
        ],
        [
          0.021484,
          -0.998062,
          -0.058402,
          1.441985
        ],
        [
          0.0,
          0.0,
          0.0,
          1.0
        ]
      ]
    },
    {
      "file_path": "/media/NFS/ttao/scannet/posed_images/scene0652_00/00119.jpg",
      "transform_matrix": [
        [
          0.573039,
          0.125281,
          -0.809896,
          4.737318
        ],
        [
          0.819055,
          -0.053946,
          0.571174,
          4.491629
        ],
        [
          0.027866,
          -0.990654,
          -0.133525,
          1.422726
        ],
        [
          0.0,
          0.0,
          0.0,
          1.0
        ]
      ]
    },
    {
      "file_path": "/media/NFS/ttao/scannet/posed_images/scene0652_00/00124.jpg",
      "transform_matrix": [
        [
          0.552399,
          0.161283,
          -0.817828,
          4.711356
        ],
        [
          0.833463,
          -0.090413,
          0.545129,
          4.537941
        ],
        [
          0.013978,
          -0.982758,
          -0.184367,
          1.413445
        ],
        [
          0.0,
          0.0,
          0.0,
          1.0
        ]
      ]
    },
    {
      "file_path": "/media/NFS/ttao/scannet/posed_images/scene0652_00/00132.jpg",
      "transform_matrix": [
        [
          0.493628,
          0.209354,
          -0.844099,
          4.66704
        ],
        [
          0.869447,
          -0.140952,
          0.473492,
          4.604327
        ],
        [
          -0.01985,
          -0.967628,
          -0.2516,
          1.397478
        ],
        [
          0.0,
          0.0,
          0.0,
          1.0
        ]
      ]
    },
    {
      "file_path": "/media/NFS/ttao/scannet/posed_images/scene0652_00/00137.jpg",
      "transform_matrix": [
        [
          0.403748,
          0.222773,
          -0.887333,
          4.620684
        ],
        [
          0.913974,
          -0.141137,
          0.380437,
          4.65105
        ],
        [
          -0.040484,
          -0.9646,
          -0.260592,
          1.405034
        ],
        [
          0.0,
          0.0,
          0.0,
          1.0
        ]
      ]
    },
    {
      "file_path": "/media/NFS/ttao/scannet/posed_images/scene0652_00/00138.jpg",
      "transform_matrix": [
        [
          0.384115,
          0.222755,
          -0.896011,
          4.614757
        ],
        [
          0.922274,
          -0.13797,
          0.361074,
          4.659874
        ],
        [
          -0.043192,
          -0.965062,
          -0.258438,
          1.405974
        ],
        [
          0.0,
          0.0,
          0.0,
          1.0
        ]
      ]
    },
    {
      "file_path": "/media/NFS/ttao/scannet/posed_images/scene0652_00/00145.jpg",
      "transform_matrix": [
        [
          0.283367,
          0.238991,
          -0.928755,
          4.565828
        ],
        [
          0.958248,
          -0.109189,
          0.264269,
          4.689574
        ],
        [
          -0.038251,
          -0.964863,
          -0.259953,
          1.387892
        ],
        [
          0.0,
          0.0,
          0.0,
          1.0
        ]
      ]
    },
    {
      "file_path": "/media/NFS/ttao/scannet/posed_images/scene0652_00/00150.jpg",
      "transform_matrix": [
        [
          0.20719,
          0.274095,
          -0.939119,
          4.544553
        ],
        [
          0.977031,
          -0.106871,
          0.184362,
          4.714077
        ],
        [
          -0.049832,
          -0.955746,
          -0.289942,
          1.378513
        ],
        [
          0.0,
          0.0,
          0.0,
          1.0
        ]
      ]
    },
    {
      "file_path": "/media/NFS/ttao/scannet/posed_images/scene0652_00/00153.jpg",
      "transform_matrix": [
        [
          0.171541,
          0.270603,
          -0.947284,
          4.529435
        ],
        [
          0.983632,
          -0.100871,
          0.149308,
          4.725162
        ],
        [
          -0.05515,
          -0.957392,
          -0.283477,
          1.36975
        ],
        [
          0.0,
          0.0,
          0.0,
          1.0
        ]
      ]
    },
    {
      "file_path": "/media/NFS/ttao/scannet/posed_images/scene0652_00/00161.jpg",
      "transform_matrix": [
        [
          0.108526,
          0.275307,
          -0.955211,
          4.46325
        ],
        [
          0.993733,
          -0.055936,
          0.096781,
          4.722202
        ],
        [
          -0.026786,
          -0.959728,
          -0.279652,
          1.375992
        ],
        [
          0.0,
          0.0,
          0.0,
          1.0
        ]
      ]
    },
    {
      "file_path": "/media/NFS/ttao/scannet/posed_images/scene0652_00/00164.jpg",
      "transform_matrix": [
        [
          0.0788,
          0.288667,
          -0.954181,
          4.422933
        ],
        [
          0.996623,
          -0.044988,
          0.068695,
          4.722299
        ],
        [
          -0.023096,
          -0.956372,
          -0.291237,
          1.374155
        ],
        [
          0.0,
          0.0,
          0.0,
          1.0
        ]
      ]
    },
    {
      "file_path": "/media/NFS/ttao/scannet/posed_images/scene0652_00/00170.jpg",
      "transform_matrix": [
        [
          0.037435,
          0.256168,
          -0.965907,
          4.353867
        ],
        [
          0.998998,
          -0.033326,
          0.029879,
          4.713274
        ],
        [
          -0.024536,
          -0.966058,
          -0.257159,
          1.40664
        ],
        [
          0.0,
          0.0,
          0.0,
          1.0
        ]
      ]
    },
    {
      "file_path": "/media/NFS/ttao/scannet/posed_images/scene0652_00/00174.jpg",
      "transform_matrix": [
        [
          0.011152,
          0.236152,
          -0.971652,
          4.309019
        ],
        [
          0.999413,
          -0.034124,
          0.003177,
          4.709571
        ],
        [
          -0.032407,
          -0.971117,
          -0.236394,
          1.403749
        ],
        [
          0.0,
          0.0,
          0.0,
          1.0
        ]
      ]
    },
    {
      "file_path": "/media/NFS/ttao/scannet/posed_images/scene0652_00/00178.jpg",
      "transform_matrix": [
        [
          -0.009864,
          0.228456,
          -0.973504,
          4.268121
        ],
        [
          0.998269,
          -0.0542,
          -0.022834,
          4.70663
        ],
        [
          -0.05798,
          -0.972044,
          -0.227526,
          1.402128
        ],
        [
          0.0,
          0.0,
          0.0,
          1.0
        ]
      ]
    },
    {
      "file_path": "/media/NFS/ttao/scannet/posed_images/scene0652_00/00183.jpg",
      "transform_matrix": [
        [
          -0.046799,
          0.274957,
          -0.960317,
          4.206868
        ],
        [
          0.99787,
          -0.030875,
          -0.057469,
          4.660385
        ],
        [
          -0.045451,
          -0.960961,
          -0.272926,
          1.414444
        ],
        [
          0.0,
          0.0,
          0.0,
          1.0
        ]
      ]
    },
    {
      "file_path": "/media/NFS/ttao/scannet/posed_images/scene0652_00/00189.jpg",
      "transform_matrix": [
        [
          -0.099495,
          0.279474,
          -0.954984,
          4.16512
        ],
        [
          0.994022,
          -0.015441,
          -0.108081,
          4.69636
        ],
        [
          -0.044951,
          -0.960029,
          -0.276267,
          1.409944
        ],
        [
          0.0,
          0.0,
          0.0,
          1.0
        ]
      ]
    },
    {
      "file_path": "/media/NFS/ttao/scannet/posed_images/scene0652_00/00194.jpg",
      "transform_matrix": [
        [
          -0.132368,
          0.270392,
          -0.953607,
          4.133671
        ],
        [
          0.990398,
          -0.002631,
          -0.138221,
          4.715567
        ],
        [
          -0.039882,
          -0.962747,
          -0.267448,
          1.41074
        ],
        [
          0.0,
          0.0,
          0.0,
          1.0
        ]
      ]
    },
    {
      "file_path": "/media/NFS/ttao/scannet/posed_images/scene0652_00/00199.jpg",
      "transform_matrix": [
        [
          -0.10924,
          0.294216,
          -0.949475,
          4.112396
        ],
        [
          0.993021,
          -0.010406,
          -0.117474,
          4.73098
        ],
        [
          -0.044443,
          -0.955682,
          -0.291026,
          1.412472
        ],
        [
          0.0,
          0.0,
          0.0,
          1.0
        ]
      ]
    },
    {
      "file_path": "/media/NFS/ttao/scannet/posed_images/scene0652_00/00200.jpg",
      "transform_matrix": [
        [
          -0.11295,
          0.292948,
          -0.949434,
          4.105085
        ],
        [
          0.992587,
          -0.009894,
          -0.121136,
          4.743532
        ],
        [
          -0.04488,
          -0.956077,
          -0.289658,
          1.408977
        ],
        [
          0.0,
          0.0,
          0.0,
          1.0
        ]
      ]
    },
    {
      "file_path": "/media/NFS/ttao/scannet/posed_images/scene0652_00/00207.jpg",
      "transform_matrix": [
        [
          -0.157691,
          0.278269,
          -0.94747,
          4.068477
        ],
        [
          0.986314,
          -0.002395,
          -0.164859,
          4.802173
        ],
        [
          -0.048144,
          -0.9605,
          -0.274083,
          1.412557
        ],
        [
          0.0,
          0.0,
          0.0,
          1.0
        ]
      ]
    },
    {
      "file_path": "/media/NFS/ttao/scannet/posed_images/scene0652_00/00210.jpg",
      "transform_matrix": [
        [
          -0.184724,
          0.275219,
          -0.943468,
          4.052568
        ],
        [
          0.981516,
          0.002798,
          -0.191358,
          4.825214
        ],
        [
          -0.050025,
          -0.961378,
          -0.270649,
          1.419853
        ],
        [
          0.0,
          0.0,
          0.0,
          1.0
        ]
      ]
    },
    {
      "file_path": "/media/NFS/ttao/scannet/posed_images/scene0652_00/00216.jpg",
      "transform_matrix": [
        [
          -0.284882,
          0.248347,
          -0.925833,
          4.006845
        ],
        [
          0.957284,
          0.023827,
          -0.288168,
          4.902331
        ],
        [
          -0.049505,
          -0.968378,
          -0.244526,
          1.416247
        ],
        [
          0.0,
          0.0,
          0.0,
          1.0
        ]
      ]
    },
    {
      "file_path": "/media/NFS/ttao/scannet/posed_images/scene0652_00/00223.jpg",
      "transform_matrix": [
        [
          -0.347278,
          0.234641,
          -0.907933,
          3.946889
        ],
        [
          0.935226,
          0.015504,
          -0.353711,
          4.912652
        ],
        [
          -0.068919,
          -0.971959,
          -0.224827,
          1.438244
        ],
        [
          0.0,
          0.0,
          0.0,
          1.0
        ]
      ]
    },
    {
      "file_path": "/media/NFS/ttao/scannet/posed_images/scene0652_00/00224.jpg",
      "transform_matrix": [
        [
          -0.352347,
          0.238103,
          -0.905074,
          3.936653
        ],
        [
          0.933443,
          0.019812,
          -0.358179,
          4.911074
        ],
        [
          -0.067353,
          -0.971038,
          -0.229236,
          1.443716
        ],
        [
          0.0,
          0.0,
          0.0,
          1.0
        ]
      ]
    },
    {
      "file_path": "/media/NFS/ttao/scannet/posed_images/scene0652_00/00229.jpg",
      "transform_matrix": [
        [
          -0.372882,
          0.206543,
          -0.904599,
          3.874049
        ],
        [
          0.927145,
          0.044164,
          -0.372092,
          4.904992
        ],
        [
          -0.036902,
          -0.97744,
          -0.207964,
          1.456062
        ],
        [
          0.0,
          0.0,
          0.0,
          1.0
        ]
      ]
    },
    {
      "file_path": "/media/NFS/ttao/scannet/posed_images/scene0652_00/00235.jpg",
      "transform_matrix": [
        [
          -0.353348,
          0.161573,
          -0.921433,
          3.822627
        ],
        [
          0.935486,
          0.064609,
          -0.347408,
          4.874327
        ],
        [
          0.003402,
          -0.984744,
          -0.173979,
          1.463233
        ],
        [
          0.0,
          0.0,
          0.0,
          1.0
        ]
      ]
    },
    {
      "file_path": "/media/NFS/ttao/scannet/posed_images/scene0652_00/00240.jpg",
      "transform_matrix": [
        [
          -0.348405,
          0.135312,
          -0.927526,
          3.77607
        ],
        [
          0.937229,
          0.065812,
          -0.342449,
          4.845564
        ],
        [
          0.014705,
          -0.988615,
          -0.149748,
          1.451151
        ],
        [
          0.0,
          0.0,
          0.0,
          1.0
        ]
      ]
    },
    {
      "file_path": "/media/NFS/ttao/scannet/posed_images/scene0652_00/00248.jpg",
      "transform_matrix": [
        [
          -0.394249,
          0.120791,
          -0.911031,
          3.691451
        ],
        [
          0.918831,
          0.032565,
          -0.393307,
          4.828345
        ],
        [
          -0.01784,
          -0.992144,
          -0.123825,
          1.440471
        ],
        [
          0.0,
          0.0,
          0.0,
          1.0
        ]
      ]
    },
    {
      "file_path": "/media/NFS/ttao/scannet/posed_images/scene0652_00/00252.jpg",
      "transform_matrix": [
        [
          -0.429155,
          0.13684,
          -0.892805,
          3.65639
        ],
        [
          0.902899,
          0.038176,
          -0.428155,
          4.804756
        ],
        [
          -0.024505,
          -0.989857,
          -0.139936,
          1.470252
        ],
        [
          0.0,
          0.0,
          0.0,
          1.0
        ]
      ]
    },
    {
      "file_path": "/media/NFS/ttao/scannet/posed_images/scene0652_00/00256.jpg",
      "transform_matrix": [
        [
          -0.454889,
          0.134694,
          -0.880303,
          3.631732
        ],
        [
          0.890066,
          0.036239,
          -0.454389,
          4.797061
        ],
        [
          -0.029302,
          -0.990224,
          -0.136371,
          1.457404
        ],
        [
          0.0,
          0.0,
          0.0,
          1.0
        ]
      ]
    },
    {
      "file_path": "/media/NFS/ttao/scannet/posed_images/scene0652_00/00258.jpg",
      "transform_matrix": [
        [
          -0.472385,
          0.139915,
          -0.870216,
          3.614679
        ],
        [
          0.880908,
          0.042223,
          -0.471401,
          4.809804
        ],
        [
          -0.029213,
          -0.989263,
          -0.143197,
          1.467434
        ],
        [
          0.0,
          0.0,
          0.0,
          1.0
        ]
      ]
    },
    {
      "file_path": "/media/NFS/ttao/scannet/posed_images/scene0652_00/00265.jpg",
      "transform_matrix": [
        [
          -0.510856,
          0.202852,
          -0.83539,
          3.57231
        ],
        [
          0.857904,
          0.058102,
          -0.510515,
          4.80599
        ],
        [
          -0.055021,
          -0.977484,
          -0.203709,
          1.461744
        ],
        [
          0.0,
          0.0,
          0.0,
          1.0
        ]
      ]
    },
    {
      "file_path": "/media/NFS/ttao/scannet/posed_images/scene0652_00/00268.jpg",
      "transform_matrix": [
        [
          -0.530257,
          0.222351,
          -0.818161,
          3.548475
        ],
        [
          0.846137,
          0.077699,
          -0.527272,
          4.822557
        ],
        [
          -0.053669,
          -0.971866,
          -0.22934,
          1.452478
        ],
        [
          0.0,
          0.0,
          0.0,
          1.0
        ]
      ]
    },
    {
      "file_path": "/media/NFS/ttao/scannet/posed_images/scene0652_00/00273.jpg",
      "transform_matrix": [
        [
          -0.558869,
          0.263912,
          -0.78614,
          3.527361
        ],
        [
          0.827733,
          0.120088,
          -0.548122,
          4.827721
        ],
        [
          -0.05025,
          -0.957042,
          -0.285562,
          1.434519
        ],
        [
          0.0,
          0.0,
          0.0,
          1.0
        ]
      ]
    },
    {
      "file_path": "/media/NFS/ttao/scannet/posed_images/scene0652_00/00281.jpg",
      "transform_matrix": [
        [
          -0.602309,
          0.2861,
          -0.745232,
          3.482669
        ],
        [
          0.795396,
          0.136043,
          -0.590624,
          4.883358
        ],
        [
          -0.067594,
          -0.948493,
          -0.309503,
          1.373826
        ],
        [
          0.0,
          0.0,
          0.0,
          1.0
        ]
      ]
    },
    {
      "file_path": "/media/NFS/ttao/scannet/posed_images/scene0652_00/00285.jpg",
      "transform_matrix": [
        [
          -0.610364,
          0.295448,
          -0.73496,
          3.455268
        ],
        [
          0.788747,
          0.14114,
          -0.598295,
          4.906859
        ],
        [
          -0.073033,
          -0.944876,
          -0.319181,
          1.364549
        ],
        [
          0.0,
          0.0,
          0.0,
          1.0
        ]
      ]
    },
    {
      "file_path": "/media/NFS/ttao/scannet/posed_images/scene0652_00/00286.jpg",
      "transform_matrix": [
        [
          -0.614082,
          0.295707,
          -0.731752,
          3.44716
        ],
        [
          0.785069,
          0.133638,
          -0.604821,
          4.916052
        ],
        [
          -0.08106,
          -0.945885,
          -0.314215,
          1.359498
        ],
        [
          0.0,
          0.0,
          0.0,
          1.0
        ]
      ]
    },
    {
      "file_path": "/media/NFS/ttao/scannet/posed_images/scene0652_00/00292.jpg",
      "transform_matrix": [
        [
          -0.63334,
          0.307472,
          -0.71017,
          3.415287
        ],
        [
          0.769725,
          0.155389,
          -0.619175,
          4.955292
        ],
        [
          -0.080026,
          -0.938784,
          -0.335083,
          1.325026
        ],
        [
          0.0,
          0.0,
          0.0,
          1.0
        ]
      ]
    },
    {
      "file_path": "/media/NFS/ttao/scannet/posed_images/scene0652_00/00298.jpg",
      "transform_matrix": [
        [
          -0.619133,
          0.34621,
          -0.704849,
          3.387424
        ],
        [
          0.781414,
          0.182585,
          -0.596704,
          4.964631
        ],
        [
          -0.07789,
          -0.920218,
          -0.383578,
          1.324208
        ],
        [
          0.0,
          0.0,
          0.0,
          1.0
        ]
      ]
    },
    {
      "file_path": "/media/NFS/ttao/scannet/posed_images/scene0652_00/00301.jpg",
      "transform_matrix": [
        [
          -0.614449,
          0.350052,
          -0.707048,
          3.363841
        ],
        [
          0.785057,
          0.18228,
          -0.591997,
          4.971077
        ],
        [
          -0.078349,
          -0.918824,
          -0.386812,
          1.315055
        ],
        [
          0.0,
          0.0,
          0.0,
          1.0
        ]
      ]
    },
    {
      "file_path": "/media/NFS/ttao/scannet/posed_images/scene0652_00/00307.jpg",
      "transform_matrix": [
        [
          -0.600707,
          0.349843,
          -0.718861,
          3.317424
        ],
        [
          0.797477,
          0.19877,
          -0.569668,
          4.941409
        ],
        [
          -0.056406,
          -0.915478,
          -0.398394,
          1.307431
        ],
        [
          0.0,
          0.0,
          0.0,
          1.0
        ]
      ]
    },
    {
      "file_path": "/media/NFS/ttao/scannet/posed_images/scene0652_00/00312.jpg",
      "transform_matrix": [
        [
          -0.603192,
          0.332142,
          -0.725149,
          3.26358
        ],
        [
          0.796376,
          0.200529,
          -0.570591,
          4.905759
        ],
        [
          -0.044104,
          -0.921667,
          -0.385467,
          1.308533
        ],
        [
          0.0,
          0.0,
          0.0,
          1.0
        ]
      ]
    },
    {
      "file_path": "/media/NFS/ttao/scannet/posed_images/scene0652_00/00315.jpg",
      "transform_matrix": [
        [
          -0.620572,
          0.322883,
          -0.714589,
          3.225079
        ],
        [
          0.783597,
          0.221121,
          -0.580587,
          4.882303
        ],
        [
          -0.029451,
          -0.920246,
          -0.390232,
          1.314742
        ],
        [
          0.0,
          0.0,
          0.0,
          1.0
        ]
      ]
    },
    {
      "file_path": "/media/NFS/ttao/scannet/posed_images/scene0652_00/00322.jpg",
      "transform_matrix": [
        [
          -0.647197,
          0.29548,
          -0.702729,
          3.146497
        ],
        [
          0.761033,
          0.196828,
          -0.618133,
          4.811913
        ],
        [
          -0.04433,
          -0.934853,
          -0.352256,
          1.346002
        ],
        [
          0.0,
          0.0,
          0.0,
          1.0
        ]
      ]
    },
    {
      "file_path": "/media/NFS/ttao/scannet/posed_images/scene0652_00/00325.jpg",
      "transform_matrix": [
        [
          -0.660481,
          0.304869,
          -0.686163,
          3.121185
        ],
        [
          0.749479,
          0.212629,
          -0.626953,
          4.794835
        ],
        [
          -0.04524,
          -0.928355,
          -0.36893,
          1.350038
        ],
        [
          0.0,
          0.0,
          0.0,
          1.0
        ]
      ]
    },
    {
      "file_path": "/media/NFS/ttao/scannet/posed_images/scene0652_00/00331.jpg",
      "transform_matrix": [
        [
          -0.670689,
          0.281435,
          -0.686273,
          3.082518
        ],
        [
          0.740589,
          0.202584,
          -0.640693,
          4.765949
        ],
        [
          -0.041286,
          -0.937952,
          -0.344299,
          1.345244
        ],
        [
          0.0,
          0.0,
          0.0,
          1.0
        ]
      ]
    },
    {
      "file_path": "/media/NFS/ttao/scannet/posed_images/scene0652_00/00338.jpg",
      "transform_matrix": [
        [
          -0.703876,
          0.287664,
          -0.649467,
          3.014812
        ],
        [
          0.708126,
          0.212319,
          -0.673408,
          4.758538
        ],
        [
          -0.055821,
          -0.933901,
          -0.353148,
          1.34342
        ],
        [
          0.0,
          0.0,
          0.0,
          1.0
        ]
      ]
    },
    {
      "file_path": "/media/NFS/ttao/scannet/posed_images/scene0652_00/00342.jpg",
      "transform_matrix": [
        [
          -0.733856,
          0.280945,
          -0.618486,
          2.973833
        ],
        [
          0.67713,
          0.229734,
          -0.699083,
          4.767672
        ],
        [
          -0.054317,
          -0.931822,
          -0.358829,
          1.346005
        ],
        [
          0.0,
          0.0,
          0.0,
          1.0
        ]
      ]
    },
    {
      "file_path": "/media/NFS/ttao/scannet/posed_images/scene0652_00/00344.jpg",
      "transform_matrix": [
        [
          -0.746411,
          0.269209,
          -0.608603,
          2.959699
        ],
        [
          0.663774,
          0.235629,
          -0.709847,
          4.770849
        ],
        [
          -0.047693,
          -0.933812,
          -0.35457,
          1.343251
        ],
        [
          0.0,
          0.0,
          0.0,
          1.0
        ]
      ]
    },
    {
      "file_path": "/media/NFS/ttao/scannet/posed_images/scene0652_00/00350.jpg",
      "transform_matrix": [
        [
          -0.787012,
          0.253915,
          -0.562263,
          2.936219
        ],
        [
          0.614469,
          0.241171,
          -0.751175,
          4.76574
        ],
        [
          -0.055133,
          -0.936677,
          -0.345828,
          1.335063
        ],
        [
          0.0,
          0.0,
          0.0,
          1.0
        ]
      ]
    },
    {
      "file_path": "/media/NFS/ttao/scannet/posed_images/scene0652_00/00357.jpg",
      "transform_matrix": [
        [
          -0.856642,
          0.240701,
          -0.45632,
          2.926135
        ],
        [
          0.511588,
          0.282052,
          -0.811619,
          4.765381
        ],
        [
          -0.066652,
          -0.928714,
          -0.364757,
          1.327254
        ],
        [
          0.0,
          0.0,
          0.0,
          1.0
        ]
      ]
    },
    {
      "file_path": "/media/NFS/ttao/scannet/posed_images/scene0652_00/00360.jpg",
      "transform_matrix": [
        [
          -0.866947,
          0.230301,
          -0.442,
          2.946303
        ],
        [
          0.494515,
          0.286973,
          -0.820428,
          4.766177
        ],
        [
          -0.062104,
          -0.929843,
          -0.362678,
          1.310428
        ],
        [
          0.0,
          0.0,
          0.0,
          1.0
        ]
      ]
    },
    {
      "file_path": "/media/NFS/ttao/scannet/posed_images/scene0652_00/00364.jpg",
      "transform_matrix": [
        [
          -0.866034,
          0.235284,
          -0.441166,
          2.960889
        ],
        [
          0.496267,
          0.297086,
          -0.815757,
          4.763277
        ],
        [
          -0.06087,
          -0.925409,
          -0.37405,
          1.30791
        ],
        [
          0.0,
          0.0,
          0.0,
          1.0
        ]
      ]
    },
    {
      "file_path": "/media/NFS/ttao/scannet/posed_images/scene0652_00/00368.jpg",
      "transform_matrix": [
        [
          -0.874586,
          0.232911,
          -0.425267,
          2.989819
        ],
        [
          0.480573,
          0.299881,
          -0.824088,
          4.763118
        ],
        [
          -0.06441,
          -0.925108,
          -0.374203,
          1.30239
