{
  "frames": [
    {
      "file_path": "/media/NFS/ttao/scannet/posed_images/scene0694_01/00000.jpg",
      "transform_matrix": [
        [
          0.760969,
          -0.190739,
          0.620117,
          7.134042
        ],
        [
          -0.647621,
          -0.280633,
          0.708401,
          2.479884
        ],
        [
          0.038905,
          -0.940672,
          -0.33708,
          1.571978
        ],
        [
          0.0,
          0.0,
          0.0,
          1.0
        ]
      ]
    },
    {
      "file_path": "/media/NFS/ttao/scannet/posed_images/scene0694_01/00006.jpg",
      "transform_matrix": [
        [
          0.799965,
          -0.18297,
          0.57147,
          7.292615
        ],
        [
          -0.599199,
          -0.294184,
          0.744592,
          2.443143
        ],
        [
          0.031879,
          -0.938072,
          -0.344972,
          1.57592
        ],
        [
          0.0,
          0.0,
          0.0,
          1.0
        ]
      ]
    },
    {
      "file_path": "/media/NFS/ttao/scannet/posed_images/scene0694_01/00014.jpg",
      "transform_matrix": [
        [
          0.826316,
          -0.203667,
          0.525093,
          7.46415
        ],
        [
          -0.563205,
          -0.296027,
          0.771471,
          2.411234
        ],
        [
          -0.001681,
          -0.933214,
          -0.359318,
          1.573113
        ],
        [
          0.0,
          0.0,
          0.0,
          1.0
        ]
      ]
    },
    {
      "file_path": "/media/NFS/ttao/scannet/posed_images/scene0694_01/00023.jpg",
      "transform_matrix": [
        [
          0.842629,
          -0.179955,
          0.507536,
          7.63443
        ],
        [
          -0.536676,
          -0.358037,
          0.764061,
          2.460171
        ],
        [
          0.04422,
          -0.916202,
          -0.39827,
          1.527503
        ],
        [
          0.0,
          0.0,
          0.0,
          1.0
        ]
      ]
    },
    {
      "file_path": "/media/NFS/ttao/scannet/posed_images/scene0694_01/00029.jpg",
      "transform_matrix": [
        [
          0.82828,
          -0.183882,
          0.529282,
          7.726069
        ],
        [
          -0.556497,
          -0.380047,
          0.738834,
          2.501205
        ],
        [
          0.065294,
          -0.906505,
          -0.417115,
          1.519852
        ],
        [
          0.0,
          0.0,
          0.0,
          1.0
        ]
      ]
    },
    {
      "file_path": "/media/NFS/ttao/scannet/posed_images/scene0694_01/00035.jpg",
      "transform_matrix": [
        [
          0.823344,
          -0.213862,
          0.525707,
          7.81829
        ],
        [
          -0.565682,
          -0.384183,
          0.729663,
          2.495891
        ],
        [
          0.045921,
          -0.898146,
          -0.437293,
          1.515785
        ],
        [
          0.0,
          0.0,
          0.0,
          1.0
        ]
      ]
    },
    {
      "file_path": "/media/NFS/ttao/scannet/posed_images/scene0694_01/00045.jpg",
      "transform_matrix": [
        [
          0.857297,
          -0.193239,
          0.477179,
          7.936131
        ],
        [
          -0.512576,
          -0.406856,
          0.756131,
          2.40324
        ],
        [
          0.048029,
          -0.89282,
          -0.447846,
          1.520426
        ],
        [
          0.0,
          0.0,
          0.0,
          1.0
        ]
      ]
    },
    {
      "file_path": "/media/NFS/ttao/scannet/posed_images/scene0694_01/00047.jpg",
      "transform_matrix": [
        [
          0.863947,
          -0.18564,
          0.468116,
          7.958255
        ],
        [
          -0.500823,
          -0.413921,
          0.760162,
          2.374577
        ],
        [
          0.052647,
          -0.891183,
          -0.450579,
          1.518056
        ],
        [
          0.0,
          0.0,
          0.0,
          1.0
        ]
      ]
    },
    {
      "file_path": "/media/NFS/ttao/scannet/posed_images/scene0694_01/00053.jpg",
      "transform_matrix": [
        [
          0.854015,
          -0.205516,
          0.477935,
          8.016289
        ],
        [
          -0.517768,
          -0.425347,
          0.742291,
          2.303777
        ],
        [
          0.050736,
          -0.881387,
          -0.469663,
          1.520998
        ],
        [
          0.0,
          0.0,
          0.0,
          1.0
        ]
      ]
    },
    {
      "file_path": "/media/NFS/ttao/scannet/posed_images/scene0694_01/00064.jpg",
      "transform_matrix": [
        [
          0.818219,
          -0.221506,
          0.530522,
          7.965498
        ],
        [
          -0.571178,
          -0.418139,
          0.70634,
          2.206468
        ],
        [
          0.065373,
          -0.880963,
          -0.468648,
          1.526475
        ],
        [
          0.0,
          0.0,
          0.0,
          1.0
        ]
      ]
    },
    {
      "file_path": "/media/NFS/ttao/scannet/posed_images/scene0694_01/00068.jpg",
      "transform_matrix": [
        [
          0.797961,
          -0.223214,
          0.559852,
          7.895005
        ],
        [
          -0.59951,
          -0.389537,
          0.699177,
          2.186451
        ],
        [
          0.062017,
          -0.893553,
          -0.444654,
          1.521847
        ],
        [
          0.0,
          0.0,
          0.0,
          1.0
        ]
      ]
    },
    {
      "file_path": "/media/NFS/ttao/scannet/posed_images/scene0694_01/00078.jpg",
      "transform_matrix": [
        [
          0.758617,
          -0.283521,
          0.586614,
          7.751459
        ],
        [
          -0.651226,
          -0.357761,
          0.669262,
          2.183532
        ],
        [
          0.020118,
          -0.889732,
          -0.45604,
          1.526918
        ],
        [
          0.0,
          0.0,
          0.0,
          1.0
        ]
      ]
    },
    {
      "file_path": "/media/NFS/ttao/scannet/posed_images/scene0694_01/00086.jpg",
      "transform_matrix": [
        [
          0.757488,
          -0.235935,
          0.608725,
          7.706544
        ],
        [
          -0.650335,
          -0.354451,
          0.671885,
          2.249935
        ],
        [
          0.057242,
          -0.90482,
          -0.421929,
          1.536255
        ],
        [
          0.0,
          0.0,
          0.0,
          1.0
        ]
      ]
    },
    {
      "file_path": "/media/NFS/ttao/scannet/posed_images/scene0694_01/00093.jpg",
      "transform_matrix": [
        [
          0.770568,
          -0.232839,
          0.593305,
          7.748107
        ],
        [
          -0.635689,
          -0.348076,
          0.689016,
          2.3586
        ],
        [
          0.046086,
          -0.908091,
          -0.416229,
          1.535851
        ],
        [
          0.0,
          0.0,
          0.0,
          1.0
        ]
      ]
    },
    {
      "file_path": "/media/NFS/ttao/scannet/posed_images/scene0694_01/00095.jpg",
      "transform_matrix": [
        [
          0.785852,
          -0.22396,
          0.576437,
          7.773654
        ],
        [
          -0.616643,
          -0.354293,
          0.703013,
          2.399985
        ],
        [
          0.04678,
          -0.90792,
          -0.416525,
          1.541969
        ],
        [
          0.0,
          0.0,
          0.0,
          1.0
        ]
      ]
    },
    {
      "file_path": "/media/NFS/ttao/scannet/posed_images/scene0694_01/00101.jpg",
      "transform_matrix": [
        [
          0.814949,
          -0.217769,
          0.537062,
          7.820827
        ],
        [
          -0.579201,
          -0.337432,
          0.742069,
          2.505914
        ],
        [
          0.019622,
          -0.915815,
          -0.401122,
          1.569729
        ],
        [
          0.0,
          0.0,
          0.0,
          1.0
        ]
      ]
    },
    {
      "file_path": "/media/NFS/ttao/scannet/posed_images/scene0694_01/00109.jpg",
      "transform_matrix": [
        [
          0.806321,
          -0.209714,
          0.553052,
          7.86372
        ],
        [
          -0.590583,
          -0.336874,
          0.733299,
          2.6798
        ],
        [
          0.032526,
          -0.917898,
          -0.395482,
          1.554505
        ],
        [
          0.0,
          0.0,
          0.0,
          1.0
        ]
      ]
    },
    {
      "file_path": "/media/NFS/ttao/scannet/posed_images/scene0694_01/00115.jpg",
      "transform_matrix": [
        [
          0.800426,
          -0.208288,
          0.562081,
          7.872674
        ],
        [
          -0.597892,
          -0.344589,
          0.723729,
          2.810903
        ],
        [
          0.042943,
          -0.915355,
          -0.400351,
          1.523454
        ],
        [
          0.0,
          0.0,
          0.0,
          1.0
        ]
      ]
    },
    {
      "file_path": "/media/NFS/ttao/scannet/posed_images/scene0694_01/00125.jpg",
      "transform_matrix": [
        [
          0.811298,
          -0.188086,
          0.553551,
          7.877496
        ],
        [
          -0.579972,
          -0.378243,
          0.721502,
          3.000851
        ],
        [
          0.073672,
          -0.906397,
          -0.415952,
          1.498734
        ],
        [
          0.0,
          0.0,
          0.0,
          1.0
        ]
      ]
    },
    {
      "file_path": "/media/NFS/ttao/scannet/posed_images/scene0694_01/00134.jpg",
      "transform_matrix": [
        [
          0.830033,
          -0.162333,
          0.533566,
          7.88601
        ],
        [
          -0.548429,
          -0.411421,
          0.727983,
          3.185681
        ],
        [
          0.101344,
          -0.896873,
          -0.430521,
          1.470874
        ],
        [
          0.0,
          0.0,
          0.0,
          1.0
        ]
      ]
    },
    {
      "file_path": "/media/NFS/ttao/scannet/posed_images/scene0694_01/00136.jpg",
      "transform_matrix": [
        [
          0.82159,
          -0.166019,
          0.54537,
          7.884028
        ],
        [
          -0.559853,
          -0.415363,
          0.716965,
          3.224432
        ],
        [
          0.107497,
          -0.894378,
          -0.434204,
          1.464927
        ],
        [
          0.0,
          0.0,
          0.0,
          1.0
        ]
      ]
    },
    {
      "file_path": "/media/NFS/ttao/scannet/posed_images/scene0694_01/00142.jpg",
      "transform_matrix": [
        [
          0.795145,
          -0.196449,
          0.573718,
          7.888821
        ],
        [
          -0.596243,
          -0.42586,
          0.680543,
          3.319969
        ],
        [
          0.110632,
          -0.883205,
          -0.455751,
          1.475408
        ],
        [
          0.0,
          0.0,
          0.0,
          1.0
        ]
      ]
    },
    {
      "file_path": "/media/NFS/ttao/scannet/posed_images/scene0694_01/00154.jpg",
      "transform_matrix": [
        [
          0.532585,
          -0.378022,
          0.757267,
          7.842261
        ],
        [
          -0.845463,
          -0.279178,
          0.45525,
          3.461653
        ],
        [
          0.039317,
          -0.8827,
          -0.468289,
          1.470141
        ],
        [
          0.0,
          0.0,
          0.0,
          1.0
        ]
      ]
    },
    {
      "file_path": "/media/NFS/ttao/scannet/posed_images/scene0694_01/00160.jpg",
      "transform_matrix": [
        [
          0.351003,
          -0.45738,
          0.817068,
          7.726511
        ],
        [
          -0.936097,
          -0.192629,
          0.294306,
          3.578415
        ],
        [
          0.022782,
          -0.868158,
          -0.495765,
          1.465583
        ],
        [
          0.0,
          0.0,
          0.0,
          1.0
        ]
      ]
    },
    {
      "file_path": "/media/NFS/ttao/scannet/posed_images/scene0694_01/00162.jpg",
      "transform_matrix": [
        [
          0.329542,
          -0.464321,
          0.822076,
          7.705138
        ],
        [
          -0.943528,
          -0.193332,
          0.269031,
          3.589637
        ],
        [
          0.034017,
          -0.864308,
          -0.50181,
          1.476844
        ],
        [
          0.0,
          0.0,
          0.0,
          1.0
        ]
      ]
    },
    {
      "file_path": "/media/NFS/ttao/scannet/posed_images/scene0694_01/00175.jpg",
      "transform_matrix": [
        [
          0.170812,
          -0.500056,
          0.84898,
          7.638684
        ],
        [
          -0.985133,
          -0.102709,
          0.13771,
          3.603354
        ],
        [
          0.018336,
          -0.859881,
          -0.510165,
          1.47002
        ],
        [
          0.0,
          0.0,
          0.0,
          1.0
        ]
      ]
    },
    {
      "file_path": "/media/NFS/ttao/scannet/posed_images/scene0694_01/00177.jpg",
      "transform_matrix": [
        [
          0.159337,
          -0.504568,
          0.848541,
          7.635944
        ],
        [
          -0.987224,
          -0.080882,
          0.137284,
          3.599732
        ],
        [
          -0.000637,
          -0.859575,
          -0.51101,
          1.466442
        ],
        [
          0.0,
          0.0,
          0.0,
          1.0
        ]
      ]
    },
    {
      "file_path": "/media/NFS/ttao/scannet/posed_images/scene0694_01/00187.jpg",
      "transform_matrix": [
        [
          0.017918,
          -0.52118,
          0.853259,
          7.620256
        ],
        [
          -0.999769,
          -0.019477,
          0.009098,
          3.610025
        ],
        [
          0.011877,
          -0.853225,
          -0.521408,
          1.464106
        ],
        [
          0.0,
          0.0,
          0.0,
          1.0
        ]
      ]
    },
    {
      "file_path": "/media/NFS/ttao/scannet/posed_images/scene0694_01/00193.jpg",
      "transform_matrix": [
        [
          -0.103522,
          -0.519776,
          0.848007,
          7.588063
        ],
        [
          -0.994624,
          0.056248,
          -0.086943,
          3.677512
        ],
        [
          -0.002508,
          -0.852449,
          -0.522805,
          1.447251
        ],
        [
          0.0,
          0.0,
          0.0,
          1.0
        ]
      ]
    },
    {
      "file_path": "/media/NFS/ttao/scannet/posed_images/scene0694_01/00201.jpg",
      "transform_matrix": [
        [
          -0.230777,
          -0.511087,
          0.827968,
          7.562647
        ],
        [
          -0.973007,
          0.121319,
          -0.196316,
          3.731381
        ],
        [
          -0.000113,
          -0.850924,
          -0.525289,
          1.453457
        ],
        [
          0.0,
          0.0,
          0.0,
          1.0
        ]
      ]
    },
    {
      "file_path": "/media/NFS/ttao/scannet/posed_images/scene0694_01/00204.jpg",
      "transform_matrix": [
        [
          -0.26814,
          -0.498514,
          0.824369,
          7.559798
        ],
        [
          -0.963357,
          0.144612,
          -0.225899,
          3.730652
        ],
        [
          -0.0066,
          -0.854735,
          -0.519023,
          1.461183
        ],
        [
          0.0,
          0.0,
          0.0,
          1.0
        ]
      ]
    },
    {
      "file_path": "/media/NFS/ttao/scannet/posed_images/scene0694_01/00212.jpg",
      "transform_matrix": [
        [
          -0.393985,
          -0.467515,
          0.791332,
          7.559711
        ],
        [
          -0.91893,
          0.21775,
          -0.328867,
          3.717603
        ],
        [
          -0.018562,
          -0.856747,
          -0.515403,
          1.448409
        ],
        [
          0.0,
          0.0,
          0.0,
          1.0
        ]
      ]
    },
    {
      "file_path": "/media/NFS/ttao/scannet/posed_images/scene0694_01/00222.jpg",
      "transform_matrix": [
        [
          -0.489696,
          -0.478191,
          0.729062,
          7.58918
        ],
        [
          -0.871893,
          0.267828,
          -0.409964,
          3.707435
        ],
        [
          0.000778,
          -0.836422,
          -0.548086,
          1.435276
        ],
        [
          0.0,
          0.0,
          0.0,
          1.0
        ]
      ]
    },
    {
      "file_path": "/media/NFS/ttao/scannet/posed_images/scene0694_01/00226.jpg",
      "transform_matrix": [
        [
          -0.489238,
          -0.493904,
          0.718822,
          7.607944
        ],
        [
          -0.872068,
          0.265743,
          -0.410947,
          3.706263
        ],
        [
          0.011947,
          -0.827913,
          -0.560729,
          1.426361
        ],
        [
          0.0,
          0.0,
          0.0,
          1.0
        ]
      ]
    },
    {
      "file_path": "/media/NFS/ttao/scannet/posed_images/scene0694_01/00232.jpg",
      "transform_matrix": [
        [
          -0.498497,
          -0.501443,
          0.707147,
          7.675391
        ],
        [
          -0.866728,
          0.272427,
          -0.417812,
          3.688385
        ],
        [
          0.016863,
          -0.821181,
          -0.570418,
          1.440764
        ],
        [
          0.0,
          0.0,
          0.0,
          1.0
        ]
      ]
    },
    {
      "file_path": "/media/NFS/ttao/scannet/posed_images/scene0694_01/00243.jpg",
      "transform_matrix": [
        [
          -0.418546,
          -0.506146,
          0.75408,
          7.796654
        ],
        [
          -0.907945,
          0.213672,
          -0.360529,
          3.679527
        ],
        [
          0.021355,
          -0.835561,
          -0.548983,
          1.420683
        ],
        [
          0.0,
          0.0,
          0.0,
          1.0
        ]
      ]
    },
    {
      "file_path": "/media/NFS/ttao/scannet/posed_images/scene0694_01/00247.jpg",
      "transform_matrix": [
        [
          -0.419853,
          -0.522184,
          0.742326,
          7.840807
        ],
        [
          -0.906566,
          0.202412,
          -0.370362,
          3.687879
        ],
        [
          0.043141,
          -0.828465,
          -0.558377,
          1.417296
        ],
        [
          0.0,
          0.0,
          0.0,
          1.0
        ]
      ]
    },
    {
      "file_path": "/media/NFS/ttao/scannet/posed_images/scene0694_01/00257.jpg",
      "transform_matrix": [
        [
          -0.474301,
          -0.526205,
          0.705795,
          8.001836
        ],
        [
          -0.876989,
          0.212295,
          -0.43107,
          3.765198
        ],
        [
          0.076995,
          -0.823431,
          -0.562168,
          1.412576
        ],
        [
          0.0,
          0.0,
          0.0,
          1.0
        ]
      ]
    },
    {
      "file_path": "/media/NFS/ttao/scannet/posed_images/scene0694_01/00261.jpg",
      "transform_matrix": [
        [
          -0.536069,
          -0.544181,
          0.645366,
          8.088058
        ],
        [
          -0.838235,
          0.252609,
          -0.483271,
          3.869292
        ],
        [
          0.099962,
          -0.800035,
          -0.591568,
          1.396653
        ],
        [
          0.0,
          0.0,
          0.0,
          1.0
        ]
      ]
    },
    {
      "file_path": "/media/NFS/ttao/scannet/posed_images/scene0694_01/00271.jpg",
      "transform_matrix": [
        [
          -0.628795,
          -0.533185,
          0.565978,
          8.251578
        ],
        [
          -0.77473,
          0.367424,
          -0.514581,
          4.058647
        ],
        [
          0.066413,
          -0.762045,
          -0.644109,
          1.430466
        ],
        [
          0.0,
          0.0,
          0.0,
          1.0
        ]
      ]
    },
    {
      "file_path": "/media/NFS/ttao/scannet/posed_images/scene0694_01/00278.jpg",
      "transform_matrix": [
        [
          -0.630718,
          -0.526859,
          0.569749,
          8.317877
        ],
        [
          -0.77118,
          0.343739,
          -0.535841,
          4.104482
        ],
        [
          0.086468,
          -0.777344,
          -0.623105,
          1.453156
        ],
        [
          0.0,
          0.0,
          0.0,
          1.0
        ]
      ]
    },
    {
      "file_path": "/media/NFS/ttao/scannet/posed_images/scene0694_01/00282.jpg",
      "transform_matrix": [
        [
          -0.638896,
          -0.501065,
          0.583734,
          8.341316
        ],
        [
          -0.765731,
          0.34127,
          -0.545153,
          4.116127
        ],
        [
          0.073946,
          -0.795279,
          -0.601717,
          1.450366
        ],
        [
          0.0,
          0.0,
          0.0,
          1.0
        ]
      ]
    },
    {
      "file_path": "/media/NFS/ttao/scannet/posed_images/scene0694_01/00292.jpg",
      "transform_matrix": [
        [
          -0.807115,
          -0.37876,
          0.452887,
          8.418624
        ],
        [
          -0.587545,
          0.440013,
          -0.679102,
          4.219133
        ],
        [
          0.05794,
          -0.814205,
          -0.57768,
          1.440681
        ],
        [
          0.0,
          0.0,
          0.0,
          1.0
        ]
      ]
    },
    {
      "file_path": "/media/NFS/ttao/scannet/posed_images/scene0694_01/00294.jpg",
      "transform_matrix": [
        [
          -0.835214,
          -0.339215,
          0.432839,
          8.430263
        ],
        [
          -0.548919,
          0.466673,
          -0.693473,
          4.253211
        ],
        [
          0.033242,
          -0.816792,
          -0.575973,
          1.439569
        ],
        [
          0.0,
          0.0,
          0.0,
          1.0
        ]
      ]
    },
    {
      "file_path": "/media/NFS/ttao/scannet/posed_images/scene0694_01/00300.jpg",
      "transform_matrix": [
        [
          -0.898433,
          -0.26033,
          0.353619,
          8.459349
        ],
        [
          -0.438445,
          0.576164,
          -0.689784,
          4.341767
        ],
        [
          -0.024171,
          -0.774767,
          -0.631785,
          1.461515
        ],
        [
          0.0,
          0.0,
          0.0,
          1.0
        ]
      ]
    },
    {
      "file_path": "/media/NFS/ttao/scannet/posed_images/scene0694_01/00313.jpg",
      "transform_matrix": [
        [
          -0.957027,
          -0.147016,
          0.249971,
          8.436458
        ],
        [
          -0.288068,
          0.581222,
          -0.761051,
          4.413135
        ],
        [
          -0.033402,
          -0.800354,
          -0.598596,
          1.491326
        ],
        [
          0.0,
          0.0,
          0.0,
          1.0
        ]
      ]
    },
    {
      "file_path": "/media/NFS/ttao/scannet/posed_images/scene0694_01/00317.jpg",
      "transform_matrix": [
        [
          -0.966624,
          -0.118838,
          0.22697,
          8.427274
        ],
        [
          -0.253113,
          0.58005,
          -0.774258,
          4.429609
        ],
        [
          -0.039642,
          -0.805866,
          -0.59077,
          1.491688
        ],
        [
          0.0,
          0.0,
          0.0,
          1.0
        ]
      ]
    },
    {
      "file_path": "/media/NFS/ttao/scannet/posed_images/scene0694_01/00325.jpg",
      "transform_matrix": [
        [
          -0.986851,
          -0.075897,
          0.142708,
          8.443974
        ],
        [
          -0.160178,
          0.57748,
          -0.800538,
          4.461986
        ],
        [
          -0.021653,
          -0.81287,
          -0.582043,
          1.496084
        ],
        [
          0.0,
          0.0,
          0.0,
          1.0
        ]
      ]
    },
    {
      "file_path": "/media/NFS/ttao/scannet/posed_images/scene0694_01/00329.jpg",
      "transform_matrix": [
        [
          -0.993542,
          -0.039683,
          0.106304,
          8.48837
        ],
        [
          -0.109716,
          0.574941,
          -0.810805,
          4.480816
        ],
        [
          -0.028943,
          -0.817232,
          -0.575582,
          1.496883
        ],
        [
          0.0,
          0.0,
          0.0,
          1.0
        ]
      ]
    },
    {
      "file_path": "/media/NFS/ttao/scannet/posed_images/scene0694_01/00335.jpg",
      "transform_matrix": [
        [
          -0.999276,
          0.029616,
          0.023867,
          8.573054
        ],
        [
          -0.002659,
          0.571568,
          -0.82055,
          4.515949
        ],
        [
          -0.037943,
          -0.82002,
          -0.571076,
          1.488992
        ],
        [
          0.0,
          0.0,
          0.0,
          1.0
        ]
      ]
    },
    {
      "file_path": "/media/NFS/ttao/scannet/posed_images/scene0694_01/00345.jpg",
      "transform_matrix": [
        [
          -0.98813,
          0.112326,
          -0.104792,
          8.617834
        ],
        [
          0.149848,
          0.554618,
          -0.818501,
          4.521622
        ],
        [
          -0.033819,
          -0.824489,
          -0.564867,
          1.509579
        ],
        [
          0.0,
          0.0,
          0.0,
          1.0
        ]
      ]
    },
    {
      "file_path": "/media/NFS/ttao/scannet/posed_images/scene0694_01/00350.jpg",
      "transform_matrix": [
        [
          -0.979646,
          0.136325,
          -0.147341,
          8.640428
        ],
        [
          0.197412,
          0.521331,
          -0.830206,
          4.515661
        ],
        [
          -0.036364,
          -0.842395,
          -0.537632,
          1.509177
        ],
        [
          0.0,
          0.0,
          0.0,
          1.0
        ]
      ]
    },
    {
      "file_path": "/media/NFS/ttao/scannet/posed_images/scene0694_01/00360.jpg",
      "transform_matrix": [
        [
          -0.964945,
          0.176165,
          -0.194545,
          8.633087
        ],
        [
          0.257954,
          0.499913,
          -0.826769,
          4.446946
        ],
        [
          -0.048393,
          -0.84797,
          -0.527831,
          1.51732
        ],
        [
          0.0,
          0.0,
          0.0,
          1.0
        ]
      ]
    },
    {
      "file_path": "/media/NFS/ttao/scannet/posed_images/scene0694_01/00366.jpg",
      "transform_matrix": [
        [
          -0.950982,
          0.18931,
          -0.244531,
          8.661282
        ],
        [
          0.306831,
          0.478967,
          -0.822463,
          4.400029
        ],
        [
          -0.038578,
          -0.857177,
          -0.513575,
          1.521374
        ],
        [
          0.0,
          0.0,
          0.0,
          1.0
        ]
      ]
    },
    {
      "file_path": "/media/NFS/ttao/scannet/posed_images/scene0694_01/00368.jpg",
      "transform_matrix": [
        [
          -0.943762,
          0.197194,
          -0.265384,
          8.677252
        ],
        [
          0.328816,
          0.475903,
          -0.815718,
          4.38464
        ],
        [
          -0.034557,
          -0.857106,
          -0.51398,
          1.522501
        ],
        [
          0.0,
          0.0,
          0.0,
          1.0
        ]
      ]
    },
    {
      "file_path": "/media/NFS/ttao/scannet/posed_images/scene0694_01/00380.jpg",
      "transform_matrix": [
        [
          -0.819974,
          0.334998,
          -0.464132,
          8.758154
        ],
        [
          0.568138,
          0.377539,
          -0.731221,
          4.291102
        ],
        [
          -0.06973,
          -0.863273,
          -0.499897,
          1.545169
        ],
        [
          0.0,
          0.0,
          0.0,
          1.0
        ]
      ]
    },
    {
      "file_path": "/media/NFS/ttao/scannet/posed_images/scene0694_01/00387.jpg",
      "transform_matrix": [
        [
          -0.741416,
          0.367608,
          -0.561398,
          8.769771
        ],
        [
          0.669358,
          0.345829,
          -0.657543,
          4.214628
        ],
        [
          -0.04757,
          -0.863288,
          -0.502464,
          1.531348
        ],
        [
          0.0,
          0.0,
          0.0,
          1.0
        ]
      ]
    },
    {
      "file_path": "/media/NFS/ttao/scannet/posed_images/scene0694_01/00389.jpg",
      "transform_matrix": [
        [
          -0.728473,
          0.373878,
          -0.574058,
          8.772408
        ],
        [
          0.683573,
          0.341231,
          -0.645205,
          4.188227
        ],
        [
          -0.045342,
          -0.862425,
          -0.50415,
          1.527977
        ],
        [
          0.0,
          0.0,
          0.0,
          1.0
        ]
      ]
    },
    {
      "file_path": "/media/NFS/ttao/scannet/posed_images/scene0694_01/00401.jpg",
      "transform_matrix": [
        [
          -0.574061,
          0.441909,
          -0.689326,
          8.754071
        ],
        [
          0.818207,
          0.27722,
          -0.503673,
          3.980262
        ],
        [
          -0.031483,
          -0.85315,
          -0.520714,
          1.505148
        ],
        [
          0.0,
          0.0,
          0.0,
          1.0
        ]
      ]
    },
    {
      "file_path": "/media/NFS/ttao/scannet/posed_images/scene0694_01/00405.jpg",
      "transform_matrix": [
        [
          -0.54726,
          0.463863,
          -0.696662,
          8.745396
        ],
        [
          0.836477,
          0.274757,
          -0.474148,
          3.910276
        ],
        [
          -0.028526,
          -0.842223,
          -0.538374,
          1.516518
        ],
        [
          0.0,
          0.0,
          0.0,
          1.0
        ]
      ]
    },
    {
      "file_path": "/media/NFS/ttao/scannet/posed_images/scene0694_01/00413.jpg",
      "transform_matrix": [
        [
          -0.39933,
          0.509108,
          -0.76246,
          8.760066
        ],
        [
          0.916482,
          0.199523,
          -0.346773,
          3.778862
        ],
        [
          -0.024416,
          -0.837257,
          -0.546264,
          1.508504
        ],
        [
          0.0,
          0.0,
          0.0,
          1.0
        ]
      ]
    },
    {
      "file_path": "/media/NFS/ttao/scannet/posed_images/scene0694_01/00421.jpg",
      "transform_matrix": [
        [
          -0.339342,
          0.569501,
          -0.748676,
          8.75731
        ],
        [
          0.94029,
          0.182944,
          -0.287031,
          3.634268
        ],
        [
          -0.026499,
          -0.801374,
          -0.597576,
          1.499988
        ],
        [
          0.0,
          0.0,
          0.0,
          1.0
        ]
      ]
    },
    {
      "file_path": "/media/NFS/ttao/scannet/posed_images/scene0694_01/00426.jpg",
      "transform_matrix": [
        [
          -0.322131,
          0.562601,
          -0.761388,
          8.738268
        ],
        [
          0.946545,
          0.177061,
          -0.269635,
          3.541577
        ],
        [
          -0.016885,
          -0.807545,
          -0.589564,
          1.500029
        ],
        [
          0.0,
          0.0,
          0.0,
          1.0
        ]
      ]
    },
    {
      "file_path": "/media/NFS/ttao/scannet/posed_images/scene0694_01/00432.jpg",
      "transform_matrix": [
        [
          -0.271948,
          0.588579,
          -0.761327,
          8.724419
        ],
        [
          0.961831,
          0.141239,
          -0.234377,
          3.442766
        ],
        [
          -0.03042,
          -0.796006,
          -0.604524,
          1.477116
        ],
        [
          0.0,
          0.0,
          0.0,
          1.0
        ]
      ]
    },
    {
      "file_path": "/media/NFS/ttao/scannet/posed_images/scene0694_01/00438.jpg",
      "transform_matrix": [
        [
          -0.193757,
          0.633457,
          -0.749126,
          8.683645
        ],
        [
          0.980873,
          0.110605,
          -0.160169,
          3.390515
        ],
        [
          -0.018604,
          -0.765832,
          -0.642772,
          1.48158
        ],
        [
          0.0,
          0.0,
          0.0,
          1.0
        ]
      ]
    },
    {
      "file_path": "/media/NFS/ttao/scannet/posed_images/scene0694_01/00448.jpg",
      "transform_matrix": [
        [
          -0.015091,
          0.597533,
          -0.801702,
          8.7208
        ],
        [
          0.999877,
          0.012529,
          -0.009483,
          3.290869
        ],
        [
          0.004378,
          -0.801746,
          -0.597648,
          1.496964
        ],
        [
          0.0,
          0.0,
          0.0,
          1.0
        ]
      ]
    },
    {
      "file_path": "/media/NFS/ttao/scannet/posed_images/scene0694_01/00454.jpg",
      "transform_matrix": [
        [
          0.056483,
          0.576357,
          -0.815243,
          8.832047
        ],
        [
          0.998348,
          -0.023974,
          0.05222,
          3.167895
        ],
        [
          0.010552,
          -0.816846,
          -0.576759,
          1.500011
        ],
        [
          0.0,
          0.0,
          0.0,
          1.0
        ]
      ]
    },
    {
      "file_path": "/media/NFS/ttao/scannet/posed_images/scene0694_01/00461.jpg",
      "transform_matrix": [
        [
          0.147425,
          0.572043,
          -0.806866,
          8.929043
        ],
        [
          0.98838,
          -0.054663,
          0.141835,
          3.024959
        ],
        [
          0.03703,
          -0.8184,
          -0.573455,
          1.543752
        ],
        [
          0.0,
          0.0,
          0.0,
          1.0
        ]
      ]
    },
    {
      "file_path": "/media/NFS/ttao/scannet/posed_images/scene0694_01/00467.jpg",
      "transform_matrix": [
        [
          0.21425,
          0.527696,
          -0.82197,
          8.965947
        ],
        [
          0.975452,
          -0.071738,
          0.208201,
          2.932571
        ],
        [
          0.0509,
          -0.846399,
          -0.530112,
          1.547297
        ],
        [
          0.0,
          0.0,
          0.0,
          1.0
        ]
      ]
    },
    {
      "file_path": "/media/NFS/ttao/scannet/posed_images/scene0694_01/00477.jpg",
      "transform_matrix": [
        [
          0.326634,
          0.492305,
          -0.806812,
          8.941091
        ],
        [
          0.944957,
          -0.187406,
          0.268209,
          2.809137
        ],
        [
          -0.019161,
          -0.850009,
          -0.52642,
          1.542688
        ],
        [
          0.0,
          0.0,
          0.0,
          1.0
        ]
      ]
    },
    {
      "file_path": "/media/NFS/ttao/scannet/posed_images/scene0694_01/00479.jpg",
      "transform_matrix": [
        [
          0.403827,
          0.481381,
          -0.777943,
          8.9251
        ],
        [
          0.914336,
          -0.240472,
          0.325827,
          2.786131
        ],
        [
          -0.030227,
          -0.842879,
          -0.537254,
          1.541034
        ],
        [
          0.0,
          0.0,
          0.0,
          1.0
        ]
      ]
    },
    {
      "file_path": "/media/NFS/ttao/scannet/posed_images/scene0694_01/00487.jpg",
      "transform_matrix": [
        [
          0.580934,
          0.409502,
          -0.703437,
          8.887047
        ],
        [
          0.813768,
          -0.273897,
          0.512603,
          2.707046
        ],
        [
          0.017243,
          -0.870223,
          -0.492356,
          1.559875
        ],
        [
          0.0,
          0.0,
          0.0,
          1.0
        ]
      ]
    },
    {
      "file_path": "/media/NFS/ttao/scannet/posed_images/scene0694_01/00498.jpg",
      "transform_matrix": [
        [
          0.745035,
          0.30843,
          -0.591433,
          8.85085
        ],
        [
          0.666786,
          -0.368139,
          0.647974,
          2.588676
        ],
        [
          -0.017875,
          -0.877123,
          -0.479933,
          1.577308
        ],
        [
          0.0,
          0.0,
          0.0,
          1.0
        ]
      ]
    },
    {
      "file_path": "/media/NFS/ttao/scannet/posed_images/scene0694_01/00500.jpg",
      "transform_matrix": [
        [
          0.784234,
          0.288361,
          -0.549386,
          8.823024
        ],
        [
          0.620216,
          -0.389408,
          0.68095,
          2.53192
        ],
        [
          -0.017576,
          -0.874762,
          -0.484233,
          1.588369
        ],
        [
          0.0,
          0.0,
          0.0,
          1.0
        ]
      ]
    },
    {
      "file_path": "/media/NFS/ttao/scannet/posed_images/scene0694_01/00510.jpg",
      "transform_matrix": [
        [
          0.871301,
          0.232779,
          -0.432028,
          8.800657
        ],
        [
          0.490749,
          -0.412687,
          0.767369,
          2.407825
        ],
        [
          0.000335,
          -0.880627,
          -0.47381,
          1.595524
        ],
        [
          0.0,
          0.0,
          0.0,
          1.0
        ]
      ]
    },
    {
      "file_path": "/media/NFS/ttao/scannet/posed_images/scene0694_01/00518.jpg",
      "transform_matrix": [
        [
          0.915013,
          0.194818,
          -0.353268,
          8.858172
        ],
        [
          0.403209,
          -0.412927,
          0.816648,
          2.361292
        ],
        [
          0.013224,
          -0.889684,
          -0.456386,
          1.605415
        ],
        [
          0.0,
          0.0,
          0.0,
          1.0
        ]
      ]
    },
    {
      "file_path": "/media/NFS/ttao/scannet/posed_images/scene0694_01/00520.jpg",
      "transform_matrix": [
        [
          0.921352,
          0.18385,
          -0.342505,
          8.894868
        ],
        [
          0.388565,
          -0.409936,
          0.825209,
          2.326794
        ],
        [
          0.011309,
          -0.893393,
          -0.449133,
          1.603337
        ],
        [
          0.0,
          0.0,
          0.0,
          1.0
        ]
      ]
    },
    {
      "file_path": "/media/NFS/ttao/scannet/posed_images/scene0694_01/00526.jpg",
      "transform_matrix": [
        [
          0.937869,
          0.170179,
          -0.302393,
          8.973444
        ],
        [
          0.346421,
          -0.40932,
          0.844067,
          2.268657
        ],
        [
          0.019867,
          -0.89638,
          -0.442842,
