{
  "frames": [
    {
      "file_path": "/media/NFS/ttao/scannet/posed_images/scene0003_01/00000.jpg",
      "transform_matrix": [
        [
          0.93874,
          0.188266,
          -0.288657,
          4.224027
        ],
        [
          0.344322,
          -0.547558,
          0.762642,
          1.990205
        ],
        [
          -0.014477,
          -0.815314,
          -0.578839,
          1.346125
        ],
        [
          0.0,
          0.0,
          0.0,
          1.0
        ]
      ]
    },
    {
      "file_path": "/media/NFS/ttao/scannet/posed_images/scene0003_01/00005.jpg",
      "transform_matrix": [
        [
          0.941403,
          0.175003,
          -0.288332,
          4.235017
        ],
        [
          0.337024,
          -0.521676,
          0.783753,
          1.993739
        ],
        [
          -0.013257,
          -0.835002,
          -0.550087,
          1.357852
        ],
        [
          0.0,
          0.0,
          0.0,
          1.0
        ]
      ]
    },
    {
      "file_path": "/media/NFS/ttao/scannet/posed_images/scene0003_01/00010.jpg",
      "transform_matrix": [
        [
          0.942703,
          0.162068,
          -0.291624,
          4.260752
        ],
        [
          0.33296,
          -0.512483,
          0.791517,
          2.001364
        ],
        [
          -0.021173,
          -0.843264,
          -0.537082,
          1.366414
        ],
        [
          0.0,
          0.0,
          0.0,
          1.0
        ]
      ]
    },
    {
      "file_path": "/media/NFS/ttao/scannet/posed_images/scene0003_01/00015.jpg",
      "transform_matrix": [
        [
          0.947232,
          0.147479,
          -0.284607,
          4.259094
        ],
        [
          0.320081,
          -0.483094,
          0.814965,
          2.003201
        ],
        [
          -0.017302,
          -0.863059,
          -0.504807,
          1.380736
        ],
        [
          0.0,
          0.0,
          0.0,
          1.0
        ]
      ]
    },
    {
      "file_path": "/media/NFS/ttao/scannet/posed_images/scene0003_01/00025.jpg",
      "transform_matrix": [
        [
          0.940866,
          0.126309,
          -0.314353,
          4.25421
        ],
        [
          0.338335,
          -0.397847,
          0.852788,
          1.994708
        ],
        [
          -0.017349,
          -0.908715,
          -0.417055,
          1.427127
        ],
        [
          0.0,
          0.0,
          0.0,
          1.0
        ]
      ]
    },
    {
      "file_path": "/media/NFS/ttao/scannet/posed_images/scene0003_01/00030.jpg",
      "transform_matrix": [
        [
          0.940275,
          0.118218,
          -0.319231,
          4.255786
        ],
        [
          0.340068,
          -0.368676,
          0.86512,
          1.989581
        ],
        [
          -0.01542,
          -0.92201,
          -0.386859,
          1.443126
        ],
        [
          0.0,
          0.0,
          0.0,
          1.0
        ]
      ]
    },
    {
      "file_path": "/media/NFS/ttao/scannet/posed_images/scene0003_01/00035.jpg",
      "transform_matrix": [
        [
          0.948525,
          0.109469,
          -0.297182,
          4.243567
        ],
        [
          0.316691,
          -0.336096,
          0.886987,
          1.988714
        ],
        [
          -0.002784,
          -0.935444,
          -0.353463,
          1.446737
        ],
        [
          0.0,
          0.0,
          0.0,
          1.0
        ]
      ]
    },
    {
      "file_path": "/media/NFS/ttao/scannet/posed_images/scene0003_01/00042.jpg",
      "transform_matrix": [
        [
          0.956059,
          0.110933,
          -0.271378,
          4.24373
        ],
        [
          0.292387,
          -0.292905,
          0.910339,
          1.984818
        ],
        [
          0.021498,
          -0.949684,
          -0.31247,
          1.458912
        ],
        [
          0.0,
          0.0,
          0.0,
          1.0
        ]
      ]
    },
    {
      "file_path": "/media/NFS/ttao/scannet/posed_images/scene0003_01/00047.jpg",
      "transform_matrix": [
        [
          0.951885,
          0.111852,
          -0.285316,
          4.240404
        ],
        [
          0.305453,
          -0.27099,
          0.912832,
          1.981361
        ],
        [
          0.024785,
          -0.956061,
          -0.292117,
          1.469659
        ],
        [
          0.0,
          0.0,
          0.0,
          1.0
        ]
      ]
    },
    {
      "file_path": "/media/NFS/ttao/scannet/posed_images/scene0003_01/00054.jpg",
      "transform_matrix": [
        [
          0.948064,
          0.114116,
          -0.296904,
          4.241846
        ],
        [
          0.31565,
          -0.222384,
          0.922448,
          1.974477
        ],
        [
          0.039239,
          -0.968258,
          -0.246855,
          1.487774
        ],
        [
          0.0,
          0.0,
          0.0,
          1.0
        ]
      ]
    },
    {
      "file_path": "/media/NFS/ttao/scannet/posed_images/scene0003_01/00055.jpg",
      "transform_matrix": [
        [
          0.948629,
          0.113713,
          -0.29525,
          4.24125
        ],
        [
          0.313688,
          -0.216308,
          0.92456,
          1.973687
        ],
        [
          0.04127,
          -0.96968,
          -0.240867,
          1.490981
        ],
        [
          0.0,
          0.0,
          0.0,
          1.0
        ]
      ]
    },
    {
      "file_path": "/media/NFS/ttao/scannet/posed_images/scene0003_01/00064.jpg",
      "transform_matrix": [
        [
          0.942109,
          0.088639,
          -0.32338,
          4.246595
        ],
        [
          0.332354,
          -0.119105,
          0.935604,
          1.956646
        ],
        [
          0.044414,
          -0.988917,
          -0.141669,
          1.536799
        ],
        [
          0.0,
          0.0,
          0.0,
          1.0
        ]
      ]
    },
    {
      "file_path": "/media/NFS/ttao/scannet/posed_images/scene0003_01/00065.jpg",
      "transform_matrix": [
        [
          0.940922,
          0.085977,
          -0.327527,
          4.247343
        ],
        [
          0.335715,
          -0.110341,
          0.935479,
          1.954471
        ],
        [
          0.04429,
          -0.990168,
          -0.132686,
          1.541451
        ],
        [
          0.0,
          0.0,
          0.0,
          1.0
        ]
      ]
    },
    {
      "file_path": "/media/NFS/ttao/scannet/posed_images/scene0003_01/00072.jpg",
      "transform_matrix": [
        [
          0.939904,
          0.058868,
          -0.336326,
          4.247487
        ],
        [
          0.339536,
          -0.057279,
          0.938848,
          1.938077
        ],
        [
          0.036004,
          -0.996621,
          -0.073825,
          1.56041
        ],
        [
          0.0,
          0.0,
          0.0,
          1.0
        ]
      ]
    },
    {
      "file_path": "/media/NFS/ttao/scannet/posed_images/scene0003_01/00080.jpg",
      "transform_matrix": [
        [
          0.94243,
          0.053197,
          -0.330146,
          4.247856
        ],
        [
          0.330918,
          -0.006166,
          0.943639,
          1.923129
        ],
        [
          0.048163,
          -0.998565,
          -0.023415,
          1.583084
        ],
        [
          0.0,
          0.0,
          0.0,
          1.0
        ]
      ]
    },
    {
      "file_path": "/media/NFS/ttao/scannet/posed_images/scene0003_01/00082.jpg",
      "transform_matrix": [
        [
          0.942623,
          0.052849,
          -0.329649,
          4.248154
        ],
        [
          0.329921,
          0.003745,
          0.944001,
          1.921033
        ],
        [
          0.051124,
          -0.998595,
          -0.013906,
          1.587854
        ],
        [
          0.0,
          0.0,
          0.0,
          1.0
        ]
      ]
    },
    {
      "file_path": "/media/NFS/ttao/scannet/posed_images/scene0003_01/00090.jpg",
      "transform_matrix": [
        [
          0.936938,
          0.037752,
          -0.34745,
          4.249102
        ],
        [
          0.34562,
          0.04755,
          0.937169,
          1.912605
        ],
        [
          0.051901,
          -0.998155,
          0.031503,
          1.603005
        ],
        [
          0.0,
          0.0,
          0.0,
          1.0
        ]
      ]
    },
    {
      "file_path": "/media/NFS/ttao/scannet/posed_images/scene0003_01/00097.jpg",
      "transform_matrix": [
        [
          0.944703,
          0.025775,
          -0.326912,
          4.24962
        ],
        [
          0.323181,
          0.095816,
          0.941474,
          1.905284
        ],
        [
          0.05559,
          -0.995065,
          0.082188,
          1.621809
        ],
        [
          0.0,
          0.0,
          0.0,
          1.0
        ]
      ]
    },
    {
      "file_path": "/media/NFS/ttao/scannet/posed_images/scene0003_01/00100.jpg",
      "transform_matrix": [
        [
          0.946287,
          0.023682,
          -0.32246,
          4.246255
        ],
        [
          0.31785,
          0.114671,
          0.941181,
          1.901454
        ],
        [
          0.059265,
          -0.993121,
          0.100984,
          1.633606
        ],
        [
          0.0,
          0.0,
          0.0,
          1.0
        ]
      ]
    },
    {
      "file_path": "/media/NFS/ttao/scannet/posed_images/scene0003_01/00109.jpg",
      "transform_matrix": [
        [
          0.951424,
          0.004897,
          -0.307846,
          4.248767
        ],
        [
          0.302934,
          0.163699,
          0.938847,
          1.89108
        ],
        [
          0.054991,
          -0.986498,
          0.154264,
          1.662313
        ],
        [
          0.0,
          0.0,
          0.0,
          1.0
        ]
      ]
    },
    {
      "file_path": "/media/NFS/ttao/scannet/posed_images/scene0003_01/00110.jpg",
      "transform_matrix": [
        [
          0.952354,
          0.001398,
          -0.304991,
          4.247647
        ],
        [
          0.300258,
          0.171254,
          0.938359,
          1.889133
        ],
        [
          0.053543,
          -0.985226,
          0.162675,
          1.664958
        ],
        [
          0.0,
          0.0,
          0.0,
          1.0
        ]
      ]
    },
    {
      "file_path": "/media/NFS/ttao/scannet/posed_images/scene0003_01/00121.jpg",
      "transform_matrix": [
        [
          0.96612,
          -0.031156,
          -0.256205,
          4.276368
        ],
        [
          0.255837,
          0.246568,
          0.934747,
          1.876475
        ],
        [
          0.034049,
          -0.968624,
          0.246186,
          1.692471
        ],
        [
          0.0,
          0.0,
          0.0,
          1.0
        ]
      ]
    },
    {
      "file_path": "/media/NFS/ttao/scannet/posed_images/scene0003_01/00126.jpg",
      "transform_matrix": [
        [
          0.976168,
          -0.030145,
          -0.214912,
          4.292022
        ],
        [
          0.215289,
          0.259223,
          0.941517,
          1.879421
        ],
        [
          0.027328,
          -0.965347,
          0.259535,
          1.69705
        ],
        [
          0.0,
          0.0,
          0.0,
          1.0
        ]
      ]
    },
    {
      "file_path": "/media/NFS/ttao/scannet/posed_images/scene0003_01/00127.jpg",
      "transform_matrix": [
        [
          0.97803,
          -0.031115,
          -0.20613,
          4.295871
        ],
        [
          0.207049,
          0.260072,
          0.943129,
          1.880532
        ],
        [
          0.024263,
          -0.965088,
          0.260801,
          1.697558
        ],
        [
          0.0,
          0.0,
          0.0,
          1.0
        ]
      ]
    },
    {
      "file_path": "/media/NFS/ttao/scannet/posed_images/scene0003_01/00132.jpg",
      "transform_matrix": [
        [
          0.984465,
          -0.026438,
          -0.17358,
          4.317911
        ],
        [
          0.174524,
          0.255722,
          0.950867,
          1.886961
        ],
        [
          0.019249,
          -0.966389,
          0.256363,
          1.69409
        ],
        [
          0.0,
          0.0,
          0.0,
          1.0
        ]
      ]
    },
    {
      "file_path": "/media/NFS/ttao/scannet/posed_images/scene0003_01/00142.jpg",
      "transform_matrix": [
        [
          0.990142,
          0.019991,
          -0.138631,
          4.340212
        ],
        [
          0.135613,
          0.110736,
          0.984554,
          1.923862
        ],
        [
          0.035033,
          -0.993649,
          0.106933,
          1.631666
        ],
        [
          0.0,
          0.0,
          0.0,
          1.0
        ]
      ]
    },
    {
      "file_path": "/media/NFS/ttao/scannet/posed_images/scene0003_01/00147.jpg",
      "transform_matrix": [
        [
          0.986787,
          0.017484,
          -0.161078,
          4.35491
        ],
        [
          0.160856,
          0.013418,
          0.986887,
          1.94191
        ],
        [
          0.019415,
          -0.999757,
          0.010428,
          1.596229
        ],
        [
          0.0,
          0.0,
          0.0,
          1.0
        ]
      ]
    },
    {
      "file_path": "/media/NFS/ttao/scannet/posed_images/scene0003_01/00154.jpg",
      "transform_matrix": [
        [
          0.981956,
          0.005097,
          -0.189042,
          4.377631
        ],
        [
          0.188745,
          -0.08852,
          0.978028,
          1.951597
        ],
        [
          -0.01175,
          -0.996061,
          -0.087885,
          1.576018
        ],
        [
          0.0,
          0.0,
          0.0,
          1.0
        ]
      ]
    },
    {
      "file_path": "/media/NFS/ttao/scannet/posed_images/scene0003_01/00156.jpg",
      "transform_matrix": [
        [
          0.981386,
          0.008685,
          -0.191849,
          4.380672
        ],
        [
          0.191638,
          -0.109362,
          0.975354,
          1.953331
        ],
        [
          -0.01251,
          -0.993964,
          -0.108991,
          1.568049
        ],
        [
          0.0,
          0.0,
          0.0,
          1.0
        ]
      ]
    },
    {
      "file_path": "/media/NFS/ttao/scannet/posed_images/scene0003_01/00161.jpg",
      "transform_matrix": [
        [
          0.979645,
          0.018156,
          -0.199914,
          4.386162
        ],
        [
          0.200255,
          -0.157344,
          0.967027,
          1.954825
        ],
        [
          -0.013898,
          -0.987377,
          -0.157777,
          1.528785
        ],
        [
          0.0,
          0.0,
          0.0,
          1.0
        ]
      ]
    },
    {
      "file_path": "/media/NFS/ttao/scannet/posed_images/scene0003_01/00166.jpg",
      "transform_matrix": [
        [
          0.980575,
          0.044691,
          -0.190985,
          4.379716
        ],
        [
          0.196111,
          -0.205485,
          0.95881,
          1.950475
        ],
        [
          0.003605,
          -0.977639,
          -0.210258,
          1.501283
        ],
        [
          0.0,
          0.0,
          0.0,
          1.0
        ]
      ]
    },
    {
      "file_path": "/media/NFS/ttao/scannet/posed_images/scene0003_01/00172.jpg",
      "transform_matrix": [
        [
          0.979337,
          0.092566,
          -0.179809,
          4.358396
        ],
        [
          0.198217,
          -0.262957,
          0.944227,
          1.945058
        ],
        [
          0.040121,
          -0.960357,
          -0.275872,
          1.478298
        ],
        [
          0.0,
          0.0,
          0.0,
          1.0
        ]
      ]
    },
    {
      "file_path": "/media/NFS/ttao/scannet/posed_images/scene0003_01/00181.jpg",
      "transform_matrix": [
        [
          0.971408,
          0.141018,
          -0.191001,
          4.324943
        ],
        [
          0.228465,
          -0.336381,
          0.913593,
          1.930575
        ],
        [
          0.064584,
          -0.931108,
          -0.358981,
          1.441663
        ],
        [
          0.0,
          0.0,
          0.0,
          1.0
        ]
      ]
    },
    {
      "file_path": "/media/NFS/ttao/scannet/posed_images/scene0003_01/00182.jpg",
      "transform_matrix": [
        [
          0.971919,
          0.141979,
          -0.187658,
          4.322526
        ],
        [
          0.226291,
          -0.345189,
          0.910844,
          1.929028
        ],
        [
          0.064543,
          -0.927732,
          -0.367624,
          1.437768
        ],
        [
          0.0,
          0.0,
          0.0,
          1.0
        ]
      ]
    },
    {
      "file_path": "/media/NFS/ttao/scannet/posed_images/scene0003_01/00193.jpg",
      "transform_matrix": [
        [
          0.990354,
          0.105186,
          -0.09019,
          4.333389
        ],
        [
          0.129556,
          -0.47218,
          0.87193,
          1.916776
        ],
        [
          0.049129,
          -0.875204,
          -0.481253,
          1.381684
        ],
        [
          0.0,
          0.0,
          0.0,
          1.0
        ]
      ]
    },
    {
      "file_path": "/media/NFS/ttao/scannet/posed_images/scene0003_01/00198.jpg",
      "transform_matrix": [
        [
          0.991165,
          0.088149,
          -0.099102,
          4.360025
        ],
        [
          0.130166,
          -0.503032,
          0.85441,
          1.91065
        ],
        [
          0.025464,
          -0.859761,
          -0.510062,
          1.367839
        ],
        [
          0.0,
          0.0,
          0.0,
          1.0
        ]
      ]
    },
    {
      "file_path": "/media/NFS/ttao/scannet/posed_images/scene0003_01/00201.jpg",
      "transform_matrix": [
        [
          0.990493,
          0.080815,
          -0.11132,
          4.392803
        ],
        [
          0.137076,
          -0.511876,
          0.848053,
          1.908957
        ],
        [
          0.011553,
          -0.85525,
          -0.518087,
          1.359983
        ],
        [
          0.0,
          0.0,
          0.0,
          1.0
        ]
      ]
    },
    {
      "file_path": "/media/NFS/ttao/scannet/posed_images/scene0003_01/00206.jpg",
      "transform_matrix": [
        [
          0.990659,
          0.065224,
          -0.119756,
          4.464274
        ],
        [
          0.136183,
          -0.518673,
          0.844057,
          1.908621
        ],
        [
          -0.007062,
          -0.852481,
          -0.52271,
          1.354212
        ],
        [
          0.0,
          0.0,
          0.0,
          1.0
        ]
      ]
    },
    {
      "file_path": "/media/NFS/ttao/scannet/posed_images/scene0003_01/00214.jpg",
      "transform_matrix": [
        [
          0.987516,
          0.088096,
          -0.130581,
          4.632648
        ],
        [
          0.157399,
          -0.519479,
          0.839861,
          1.91674
        ],
        [
          0.006154,
          -0.84993,
          -0.52686,
          1.350794
        ],
        [
          0.0,
          0.0,
          0.0,
          1.0
        ]
      ]
    },
    {
      "file_path": "/media/NFS/ttao/scannet/posed_images/scene0003_01/00216.jpg",
      "transform_matrix": [
        [
          0.985886,
          0.086368,
          -0.143422,
          4.664602
        ],
        [
          0.167392,
          -0.523798,
          0.835234,
          1.920336
        ],
        [
          -0.002987,
          -0.847453,
          -0.530863,
          1.353875
        ],
        [
          0.0,
          0.0,
          0.0,
          1.0
        ]
      ]
    },
    {
      "file_path": "/media/NFS/ttao/scannet/posed_images/scene0003_01/00224.jpg",
      "transform_matrix": [
        [
          0.983547,
          0.08106,
          -0.161445,
          4.774005
        ],
        [
          0.179652,
          -0.532807,
          0.826948,
          1.943561
        ],
        [
          -0.018987,
          -0.842346,
          -0.538603,
          1.330334
        ],
        [
          0.0,
          0.0,
          0.0,
          1.0
        ]
      ]
    },
    {
      "file_path": "/media/NFS/ttao/scannet/posed_images/scene0003_01/00231.jpg",
      "transform_matrix": [
        [
          0.984075,
          0.076753,
          -0.160328,
          4.848171
        ],
        [
          0.176053,
          -0.545308,
          0.819539,
          1.979087
        ],
        [
          -0.024526,
          -0.834715,
          -0.550136,
          1.283276
        ],
        [
          0.0,
          0.0,
          0.0,
          1.0
        ]
      ]
    },
    {
      "file_path": "/media/NFS/ttao/scannet/posed_images/scene0003_01/00233.jpg",
      "transform_matrix": [
        [
          0.981908,
          0.063106,
          -0.178537,
          4.870218
        ],
        [
          0.184094,
          -0.538944,
          0.821978,
          1.988057
        ],
        [
          -0.04435,
          -0.839974,
          -0.540811,
          1.26964
        ],
        [
          0.0,
          0.0,
          0.0,
          1.0
        ]
      ]
    },
    {
      "file_path": "/media/NFS/ttao/scannet/posed_images/scene0003_01/00243.jpg",
      "transform_matrix": [
        [
          0.947902,
          0.041435,
          -0.315856,
          4.941257
        ],
        [
          0.293871,
          -0.496475,
          0.816794,
          2.019723
        ],
        [
          -0.122971,
          -0.867061,
          -0.482787,
          1.219821
        ],
        [
          0.0,
          0.0,
          0.0,
          1.0
        ]
      ]
    },
    {
      "file_path": "/media/NFS/ttao/scannet/posed_images/scene0003_01/00244.jpg",
      "transform_matrix": [
        [
          0.946439,
          0.043306,
          -0.319965,
          4.945094
        ],
        [
          0.298764,
          -0.49326,
          0.816966,
          2.021035
        ],
        [
          -0.122446,
          -0.868803,
          -0.479779,
          1.216199
        ],
        [
          0.0,
          0.0,
          0.0,
          1.0
        ]
      ]
    },
    {
      "file_path": "/media/NFS/ttao/scannet/posed_images/scene0003_01/00249.jpg",
      "transform_matrix": [
        [
          0.952247,
          0.066781,
          -0.297936,
          4.951104
        ],
        [
          0.289849,
          -0.504474,
          0.813323,
          2.027909
        ],
        [
          -0.095987,
          -0.86084,
          -0.49974,
          1.210405
        ],
        [
          0.0,
          0.0,
          0.0,
          1.0
        ]
      ]
    },
    {
      "file_path": "/media/NFS/ttao/scannet/posed_images/scene0003_01/00259.jpg",
      "transform_matrix": [
        [
          0.965238,
          0.129388,
          -0.227098,
          4.913932
        ],
        [
          0.261256,
          -0.45179,
          0.853013,
          2.027485
        ],
        [
          0.007769,
          -0.882692,
          -0.469889,
          1.279768
        ],
        [
          0.0,
          0.0,
          0.0,
          1.0
        ]
      ]
    },
    {
      "file_path": "/media/NFS/ttao/scannet/posed_images/scene0003_01/00263.jpg",
      "transform_matrix": [
        [
          0.968656,
          0.147927,
          -0.199559,
          4.882461
        ],
        [
          0.245446,
          -0.446286,
          0.860573,
          2.023644
        ],
        [
          0.038241,
          -0.88258,
          -0.468605,
          1.317055
        ],
        [
          0.0,
          0.0,
          0.0,
          1.0
        ]
      ]
    },
    {
      "file_path": "/media/NFS/ttao/scannet/posed_images/scene0003_01/00266.jpg",
      "transform_matrix": [
        [
          0.974152,
          0.160667,
          -0.158787,
          4.848869
        ],
        [
          0.216544,
          -0.46407,
          0.858923,
          2.019954
        ],
        [
          0.064312,
          -0.871106,
          -0.486866,
          1.339255
        ],
        [
          0.0,
          0.0,
          0.0,
          1.0
        ]
      ]
    },
    {
      "file_path": "/media/NFS/ttao/scannet/posed_images/scene0003_01/00276.jpg",
      "transform_matrix": [
        [
          0.989218,
          0.129522,
          -0.068353,
          4.751759
        ],
        [
          0.108915,
          -0.338618,
          0.934599,
          1.980538
        ],
        [
          0.097905,
          -0.931967,
          -0.349074,
          1.429933
        ],
        [
          0.0,
          0.0,
          0.0,
          1.0
        ]
      ]
    },
    {
      "file_path": "/media/NFS/ttao/scannet/posed_images/scene0003_01/00280.jpg",
      "transform_matrix": [
        [
          0.98904,
          0.142844,
          -0.037361,
          4.697354
        ],
        [
          0.075538,
          -0.272114,
          0.959296,
          1.944095
        ],
        [
          0.126863,
          -0.951604,
          -0.279922,
          1.477454
        ],
        [
          0.0,
          0.0,
          0.0,
          1.0
        ]
      ]
    },
    {
      "file_path": "/media/NFS/ttao/scannet/posed_images/scene0003_01/00286.jpg",
      "transform_matrix": [
        [
          0.988621,
          0.130862,
          -0.074191,
          4.678353
        ],
        [
          0.098211,
          -0.187903,
          0.977265,
          1.901208
        ],
        [
          0.113947,
          -0.973431,
          -0.198617,
          1.523385
        ],
        [
          0.0,
          0.0,
          0.0,
          1.0
        ]
      ]
    },
    {
      "file_path": "/media/NFS/ttao/scannet/posed_images/scene0003_01/00291.jpg",
      "transform_matrix": [
        [
          0.987649,
          0.121044,
          -0.099486,
          4.678231
        ],
        [
          0.117097,
          -0.148358,
          0.981977,
          1.871021
        ],
        [
          0.104102,
          -0.981498,
          -0.1607,
          1.555128
        ],
        [
          0.0,
          0.0,
          0.0,
          1.0
        ]
      ]
    },
    {
      "file_path": "/media/NFS/ttao/scannet/posed_images/scene0003_01/00298.jpg",
      "transform_matrix": [
        [
          0.988017,
          0.097039,
          -0.120024,
          4.710898
        ],
        [
          0.128948,
          -0.091604,
          0.987411,
          1.846995
        ],
        [
          0.084823,
          -0.991056,
          -0.10302,
          1.575429
        ],
        [
          0.0,
          0.0,
          0.0,
          1.0
        ]
      ]
    },
    {
      "file_path": "/media/NFS/ttao/scannet/posed_images/scene0003_01/00300.jpg",
      "transform_matrix": [
        [
          0.987555,
          0.091942,
          -0.127602,
          4.715025
        ],
        [
          0.135042,
          -0.079822,
          0.987619,
          1.84056
        ],
        [
          0.080619,
          -0.99256,
          -0.091245,
          1.581356
        ],
        [
          0.0,
          0.0,
          0.0,
          1.0
        ]
      ]
    },
    {
      "file_path": "/media/NFS/ttao/scannet/posed_images/scene0003_01/00310.jpg",
      "transform_matrix": [
        [
          0.964576,
          -0.02179,
          -0.262904,
          4.798254
        ],
        [
          0.262409,
          -0.023186,
          0.964678,
          1.848649
        ],
        [
          -0.027116,
          -0.999494,
          -0.016647,
          1.600801
        ],
        [
          0.0,
          0.0,
          0.0,
          1.0
        ]
      ]
    },
    {
      "file_path": "/media/NFS/ttao/scannet/posed_images/scene0003_01/00315.jpg",
      "transform_matrix": [
        [
          0.96063,
          -0.044083,
          -0.274312,
          4.832554
        ],
        [
          0.274218,
          -0.008302,
          0.961632,
          1.86293
        ],
        [
          -0.044669,
          -0.998993,
          0.004113,
          1.606422
        ],
        [
          0.0,
          0.0,
          0.0,
          1.0
        ]
      ]
    },
    {
      "file_path": "/media/NFS/ttao/scannet/posed_images/scene0003_01/00316.jpg",
      "transform_matrix": [
        [
          0.961923,
          -0.043766,
          -0.269793,
          4.838451
        ],
        [
          0.269669,
          -0.008837,
          0.962913,
          1.866202
        ],
        [
          -0.044528,
          -0.999003,
          0.003302,
          1.607388
        ],
        [
          0.0,
          0.0,
          0.0,
          1.0
        ]
      ]
    },
    {
      "file_path": "/media/NFS/ttao/scannet/posed_images/scene0003_01/00326.jpg",
      "transform_matrix": [
        [
          0.977768,
          -0.014057,
          -0.209218,
          4.839415
        ],
        [
          0.208315,
          -0.048971,
          0.976835,
          1.883473
        ],
        [
          -0.023977,
          -0.998701,
          -0.044954,
          1.58953
        ],
        [
          0.0,
          0.0,
          0.0,
          1.0
        ]
      ]
    },
    {
      "file_path": "/media/NFS/ttao/scannet/posed_images/scene0003_01/00328.jpg",
      "transform_matrix": [
        [
          0.979974,
          -0.004986,
          -0.199065,
          4.828698
        ],
        [
          0.197985,
          -0.082544,
          0.976723,
          1.884554
        ],
        [
          -0.021301,
          -0.996575,
          -0.079904,
          1.583769
        ],
        [
          0.0,
          0.0,
          0.0,
          1.0
        ]
      ]
    },
    {
      "file_path": "/media/NFS/ttao/scannet/posed_images/scene0003_01/00333.jpg",
      "transform_matrix": [
        [
          0.987081,
          -0.005888,
          -0.160116,
          4.791133
        ],
        [
          0.155735,
          -0.199657,
          0.967411,
          1.892147
        ],
        [
          -0.037664,
          -0.979848,
          -0.196161,
          1.517593
        ],
        [
          0.0,
          0.0,
          0.0,
          1.0
        ]
      ]
    },
    {
      "file_path": "/media/NFS/ttao/scannet/posed_images/scene0003_01/00340.jpg",
      "transform_matrix": [
        [
          0.998383,
          -0.023325,
          -0.051841,
          4.761821
        ],
        [
          0.040032,
          -0.358984,
          0.932485,
          1.912652
        ],
        [
          -0.04036,
          -0.933052,
          -0.35747,
          1.453246
        ],
        [
          0.0,
          0.0,
          0.0,
          1.0
        ]
      ]
    },
    {
      "file_path": "/media/NFS/ttao/scannet/posed_images/scene0003_01/00347.jpg",
      "transform_matrix": [
        [
          0.999604,
          -0.028141,
          -0.000809,
          4.688693
        ],
        [
          -0.011712,
          -0.441787,
          0.897044,
          1.900965
        ],
        [
          -0.025601,
          -0.896679,
          -0.441941,
          1.404327
        ],
        [
          0.0,
          0.0,
          0.0,
          1.0
        ]
      ]
    },
    {
      "file_path": "/media/NFS/ttao/scannet/posed_images/scene0003_01/00355.jpg",
      "transform_matrix": [
        [
          0.988691,
          -0.034047,
          0.146052,
          4.600218
        ],
        [
          -0.144095,
          -0.485542,
          0.862256,
          1.907061
        ],
        [
          0.041557,
          -0.87355,
          -0.484957,
          1.38543
        ],
        [
          0.0,
          0.0,
          0.0,
          1.0
        ]
      ]
    },
    {
      "file_path": "/media/NFS/ttao/scannet/posed_images/scene0003_01/00357.jpg",
      "transform_matrix": [
        [
          0.981526,
          -0.043861,
          0.186234,
          4.569888
        ],
        [
          -0.184088,
          -0.481747,
          0.856756,
          1.908651
        ],
        [
          0.052139,
          -0.875212,
          -0.480921,
          1.384373
        ],
        [
          0.0,
          0.0,
          0.0,
          1.0
        ]
      ]
    },
    {
      "file_path": "/media/NFS/ttao/scannet/posed_images/scene0003_01/00362.jpg",
      "transform_matrix": [
        [
          0.961909,
          -0.062265,
          0.266184,
          4.500318
        ],
        [
          -0.264795,
          -0.454175,
          0.850652,
          1.915274
        ],
        [
          0.067928,
          -0.888734,
          -0.453362,
          1.391027
        ],
        [
          0.0,
          0.0,
          0.0,
          1.0
        ]
      ]
    },
    {
      "file_path": "/media/NFS/ttao/scannet/posed_images/scene0003_01/00367.jpg",
      "transform_matrix": [
        [
          0.949107,
          -0.083365,
          0.303722,
          4.45807
        ],
        [
          -0.308771,
          -0.436439,
          0.845092,
          1.922652
        ],
        [
          0.062105,
          -0.895863,
          -0.439968,
          1.395911
        ],
        [
          0.0,
          0.0,
          0.0,
          1.0
        ]
      ]
    },
    {
      "file_path": "/media/NFS/ttao/scannet/posed_images/scene0003_01/00377.jpg",
      "transform_matrix": [
        [
          0.914451,
          -0.150345,
          0.375733,
          4.430689
        ],
        [
          -0.401565,
          -0.452345,
          0.796322,
          1.967491
        ],
        [
          0.050238,
          -0.879079,
          -0.474021,
          1.383759
        ],
        [
          0.0,
          0.0,
          0.0,
          1.0
        ]
      ]
    },
    {
      "file_path": "/media/NFS/ttao/scannet/posed_images/scene0003_01/00380.jpg",
      "transform_matrix": [
        [
          0.888212,
          -0.188967,
          0.418772,
          4.427647
        ],
        [
          -0.457291,
          -0.451528,
          0.766164,
          1.999561
        ],
        [
          0.044307,
          -0.872017,
          -0.487466,
          1.371434
        ],
        [
          0.0,
          0.0,
          0.0,
          1.0
        ]
      ]
    },
    {
      "file_path": "/media/NFS/ttao/scannet/posed_images/scene0003_01/00383.jpg",
      "transform_matrix": [
        [
          0.867171,
          -0.23013,
          0.441649,
          4.425776
        ],
        [
          -0.497473,
          -0.441428,
          0.746767,
          2.027737
        ],
        [
          0.023103,
          -0.867284,
          -0.497277,
          1.365633
        ],
        [
          0.0,
          0.0,
          0.0,
          1.0
        ]
      ]
    },
    {
      "file_path": "/media/NFS/ttao/scannet/posed_images/scene0003_01/00392.jpg",
      "transform_matrix": [
        [
          0.78754,
          -0.336163,
          0.516502,
          4.425107
        ],
        [
          -0.616263,
          -0.429687,
          0.659991,
          2.135341
        ],
        [
          7e-05,
          -0.838071,
          -0.545561,
          1.356494
        ],
        [
          0.0,
          0.0,
          0.0,
          1.0
        ]
      ]
    },
    {
      "file_path": "/media/NFS/ttao/scannet/posed_images/scene0003_01/00395.jpg",
      "transform_matrix": [
        [
          0.771085,
          -0.354834,
          0.528697,
          4.424387
        ],
        [
          -0.636706,
          -0.422206,
          0.64525,
          2.164986
        ],
        [
          -0.005738,
          -0.834167,
          -0.551482,
          1.357891
        ],
        [
          0.0,
          0.0,
          0.0,
          1.0
        ]
      ]
    },
    {
      "file_path": "/media/NFS/ttao/scannet/posed_images/scene0003_01/00400.jpg",
      "transform_matrix": [
        [
          0.728396,
          -0.37979,
          0.570262,
          4.421983
        ],
        [
          -0.685153,
          -0.40647,
          0.60444,
          2.212777
        ],
        [
          0.002234,
          -0.830989,
          -0.556285,
          1.366888
        ],
        [
          0.0,
          0.0,
          0.0,
          1.0
        ]
      ]
    },
    {
      "file_path": "/media/NFS/ttao/scannet/posed_images/scene0003_01/00410.jpg",
      "transform_matrix": [
        [
          0.54981,
          -0.41433,
          0.725286,
          4.360237
        ],
        [
          -0.835069,
          -0.292607,
          0.465876,
          2.293064
        ],
        [
          0.019197,
          -0.861808,
          -0.506872,
          1.376819
        ],
        [
          0.0,
          0.0,
          0.0,
          1.0
        ]
      ]
    },
    {
      "file_path": "/media/NFS/ttao/scannet/posed_images/scene0003_01/00415.jpg",
      "transform_matrix": [
        [
          0.417766,
          -0.466062,
          0.779909,
          4.312398
        ],
        [
          -0.908554,
          -0.215061,
          0.358159,
          2.340903
        ],
        [
          0.000804,
          -0.858216,
          -0.513288,
          1.383384
        ],
        [
          0.0,
          0.0,
          0.0,
          1.0
        ]
      ]
    },
    {
      "file_path": "/media/NFS/ttao/scannet/posed_images/scene0003_01/00420.jpg",
      "transform_matrix": [
        [
          0.369525,
          -0.482181,
          0.794325,
          4.270286
        ],
        [
          -0.929129,
          -0.179749,
          0.323124,
          2.368308
        ],
        [
          -0.013025,
          -0.857433,
          -0.51443,
          1.390269
        ],
        [
          0.0,
          0.0,
          0.0,
          1.0
        ]
      ]
    },
    {
      "file_path": "/media/NFS/ttao/scannet/posed_images/scene0003_01/00427.jpg",
      "transform_matrix": [
        [
          0.335866,
          -0.456858,
          0.823696,
          4.223457
        ],
        [
          -0.941626,
          -0.184332,
          0.281714,
          2.380399
        ],
        [
          0.02313,
          -0.870231,
          -0.4921,
          1.394767
        ],
        [
          0.0,
          0.0,
          0.0,
          1.0
        ]
      ]
    },
    {
      "file_path": "/media/NFS/ttao/scannet/posed_images/scene0003_01/00429.jpg",
      "transform_matrix": [
        [
          0.332151,
          -0.450813,
          0.828519,
          4.210678
        ],
        [
          -0.942954,
          -0.179799,
          0.280196,
          2.377116
        ],
        [
          0.02265,
          -0.874322,
          -0.484817,
          1.39472
        ],
        [
          0.0,
          0.0,
