{
  "frames": [
    {
      "file_path": "/media/NFS/ttao/scannet/posed_images/scene0684_01/00000.jpg",
      "transform_matrix": [
        [
          -0.78879,
          -0.307203,
          0.532388,
          1.028437
        ],
        [
          -0.61204,
          0.472483,
          -0.634167,
          3.318914
        ],
        [
          -0.056727,
          -0.826067,
          -0.56071,
          1.299271
        ],
        [
          0.0,
          0.0,
          0.0,
          1.0
        ]
      ]
    },
    {
      "file_path": "/media/NFS/ttao/scannet/posed_images/scene0684_01/00001.jpg",
      "transform_matrix": [
        [
          -0.789452,
          -0.308723,
          0.530524,
          1.029944
        ],
        [
          -0.61134,
          0.472954,
          -0.63449,
          3.319594
        ],
        [
          -0.055032,
          -0.82523,
          -0.562109,
          1.298843
        ],
        [
          0.0,
          0.0,
          0.0,
          1.0
        ]
      ]
    },
    {
      "file_path": "/media/NFS/ttao/scannet/posed_images/scene0684_01/00003.jpg",
      "transform_matrix": [
        [
          -0.792421,
          -0.31274,
          0.523702,
          1.033404
        ],
        [
          -0.607801,
          0.477257,
          -0.634668,
          3.320559
        ],
        [
          -0.051455,
          -0.82123,
          -0.568272,
          1.299113
        ],
        [
          0.0,
          0.0,
          0.0,
          1.0
        ]
      ]
    },
    {
      "file_path": "/media/NFS/ttao/scannet/posed_images/scene0684_01/00006.jpg",
      "transform_matrix": [
        [
          -0.796172,
          -0.318143,
          0.51468,
          1.036905
        ],
        [
          -0.603405,
          0.480546,
          -0.636379,
          3.321607
        ],
        [
          -0.044867,
          -0.817227,
          -0.574566,
          1.296614
        ],
        [
          0.0,
          0.0,
          0.0,
          1.0
        ]
      ]
    },
    {
      "file_path": "/media/NFS/ttao/scannet/posed_images/scene0684_01/00007.jpg",
      "transform_matrix": [
        [
          -0.7982,
          -0.318514,
          0.511298,
          1.03838
        ],
        [
          -0.60076,
          0.483366,
          -0.636746,
          3.321504
        ],
        [
          -0.044332,
          -0.815418,
          -0.577173,
          1.296782
        ],
        [
          0.0,
          0.0,
          0.0,
          1.0
        ]
      ]
    },
    {
      "file_path": "/media/NFS/ttao/scannet/posed_images/scene0684_01/00009.jpg",
      "transform_matrix": [
        [
          -0.797699,
          -0.322294,
          0.509708,
          1.039533
        ],
        [
          -0.60085,
          0.49698,
          -0.626091,
          3.320492
        ],
        [
          -0.051529,
          -0.805691,
          -0.590091,
          1.295553
        ],
        [
          0.0,
          0.0,
          0.0,
          1.0
        ]
      ]
    },
    {
      "file_path": "/media/NFS/ttao/scannet/posed_images/scene0684_01/00011.jpg",
      "transform_matrix": [
        [
          -0.799997,
          -0.318832,
          0.508283,
          1.042617
        ],
        [
          -0.597886,
          0.494725,
          -0.630698,
          3.323211
        ],
        [
          -0.050373,
          -0.808451,
          -0.586404,
          1.294825
        ],
        [
          0.0,
          0.0,
          0.0,
          1.0
        ]
      ]
    },
    {
      "file_path": "/media/NFS/ttao/scannet/posed_images/scene0684_01/00012.jpg",
      "transform_matrix": [
        [
          -0.799805,
          -0.322948,
          0.505981,
          1.044498
        ],
        [
          -0.598364,
          0.495894,
          -0.629325,
          3.322765
        ],
        [
          -0.047674,
          -0.806098,
          -0.589859,
          1.295076
        ],
        [
          0.0,
          0.0,
          0.0,
          1.0
        ]
      ]
    },
    {
      "file_path": "/media/NFS/ttao/scannet/posed_images/scene0684_01/00014.jpg",
      "transform_matrix": [
        [
          -0.800063,
          -0.324018,
          0.504887,
          1.044019
        ],
        [
          -0.598031,
          0.497422,
          -0.628435,
          3.321848
        ],
        [
          -0.047517,
          -0.804726,
          -0.591742,
          1.293439
        ],
        [
          0.0,
          0.0,
          0.0,
          1.0
        ]
      ]
    },
    {
      "file_path": "/media/NFS/ttao/scannet/posed_images/scene0684_01/00016.jpg",
      "transform_matrix": [
        [
          -0.795642,
          -0.327074,
          0.509879,
          1.042658
        ],
        [
          -0.603754,
          0.496734,
          -0.623488,
          3.322631
        ],
        [
          -0.049347,
          -0.803914,
          -0.592694,
          1.292213
        ],
        [
          0.0,
          0.0,
          0.0,
          1.0
        ]
      ]
    },
    {
      "file_path": "/media/NFS/ttao/scannet/posed_images/scene0684_01/00017.jpg",
      "transform_matrix": [
        [
          -0.793254,
          -0.329999,
          0.511712,
          1.042493
        ],
        [
          -0.606929,
          0.495947,
          -0.621026,
          3.323147
        ],
        [
          -0.048844,
          -0.803204,
          -0.593698,
          1.291958
        ],
        [
          0.0,
          0.0,
          0.0,
          1.0
        ]
      ]
    },
    {
      "file_path": "/media/NFS/ttao/scannet/posed_images/scene0684_01/00020.jpg",
      "transform_matrix": [
        [
          -0.7877,
          -0.338705,
          0.514594,
          1.042272
        ],
        [
          -0.61344,
          0.508162,
          -0.604535,
          3.323428
        ],
        [
          -0.056738,
          -0.791865,
          -0.608054,
          1.289581
        ],
        [
          0.0,
          0.0,
          0.0,
          1.0
        ]
      ]
    },
    {
      "file_path": "/media/NFS/ttao/scannet/posed_images/scene0684_01/00022.jpg",
      "transform_matrix": [
        [
          -0.786759,
          -0.336676,
          0.517358,
          1.041185
        ],
        [
          -0.614235,
          0.509909,
          -0.602253,
          3.325061
        ],
        [
          -0.061041,
          -0.791607,
          -0.607974,
          1.288589
        ],
        [
          0.0,
          0.0,
          0.0,
          1.0
        ]
      ]
    },
    {
      "file_path": "/media/NFS/ttao/scannet/posed_images/scene0684_01/00023.jpg",
      "transform_matrix": [
        [
          -0.785863,
          -0.336196,
          0.51903,
          1.040428
        ],
        [
          -0.615237,
          0.509845,
          -0.601283,
          3.325915
        ],
        [
          -0.062476,
          -0.791853,
          -0.607508,
          1.287647
        ],
        [
          0.0,
          0.0,
          0.0,
          1.0
        ]
      ]
    },
    {
      "file_path": "/media/NFS/ttao/scannet/posed_images/scene0684_01/00025.jpg",
      "transform_matrix": [
        [
          -0.781919,
          -0.341035,
          0.521822,
          1.03916
        ],
        [
          -0.62043,
          0.507088,
          -0.598272,
          3.328162
        ],
        [
          -0.060578,
          -0.791554,
          -0.60809,
          1.286478
        ],
        [
          0.0,
          0.0,
          0.0,
          1.0
        ]
      ]
    },
    {
      "file_path": "/media/NFS/ttao/scannet/posed_images/scene0684_01/00026.jpg",
      "transform_matrix": [
        [
          -0.778884,
          -0.343633,
          0.524649,
          1.037996
        ],
        [
          -0.624355,
          0.503998,
          -0.596798,
          3.329754
        ],
        [
          -0.059343,
          -0.792403,
          -0.607104,
          1.285041
        ],
        [
          0.0,
          0.0,
          0.0,
          1.0
        ]
      ]
    },
    {
      "file_path": "/media/NFS/ttao/scannet/posed_images/scene0684_01/00029.jpg",
      "transform_matrix": [
        [
          -0.768874,
          -0.349883,
          0.535177,
          1.035309
        ],
        [
          -0.636596,
          0.4972,
          -0.589524,
          3.334907
        ],
        [
          -0.059826,
          -0.793961,
          -0.605018,
          1.281672
        ],
        [
          0.0,
          0.0,
          0.0,
          1.0
        ]
      ]
    },
    {
      "file_path": "/media/NFS/ttao/scannet/posed_images/scene0684_01/00030.jpg",
      "transform_matrix": [
        [
          -0.764981,
          -0.351724,
          0.539532,
          1.034515
        ],
        [
          -0.641246,
          0.494075,
          -0.587107,
          3.336915
        ],
        [
          -0.06007,
          -0.795098,
          -0.603499,
          1.280349
        ],
        [
          0.0,
          0.0,
          0.0,
          1.0
        ]
      ]
    },
    {
      "file_path": "/media/NFS/ttao/scannet/posed_images/scene0684_01/00032.jpg",
      "transform_matrix": [
        [
          -0.753006,
          -0.361761,
          0.549646,
          1.032426
        ],
        [
          -0.65506,
          0.491183,
          -0.574139,
          3.340088
        ],
        [
          -0.062275,
          -0.792381,
          -0.606839,
          1.278543
        ],
        [
          0.0,
          0.0,
          0.0,
          1.0
        ]
      ]
    },
    {
      "file_path": "/media/NFS/ttao/scannet/posed_images/scene0684_01/00033.jpg",
      "transform_matrix": [
        [
          -0.745303,
          -0.369029,
          0.555285,
          1.031111
        ],
        [
          -0.663662,
          0.490382,
          -0.56487,
          3.341436
        ],
        [
          -0.063849,
          -0.789521,
          -0.610394,
          1.277278
        ],
        [
          0.0,
          0.0,
          0.0,
          1.0
        ]
      ]
    },
    {
      "file_path": "/media/NFS/ttao/scannet/posed_images/scene0684_01/00036.jpg",
      "transform_matrix": [
        [
          -0.72422,
          -0.393093,
          0.566554,
          1.028959
        ],
        [
          -0.685754,
          0.496872,
          -0.531846,
          3.345136
        ],
        [
          -0.07244,
          -0.77369,
          -0.629409,
          1.274858
        ],
        [
          0.0,
          0.0,
          0.0,
          1.0
        ]
      ]
    },
    {
      "file_path": "/media/NFS/ttao/scannet/posed_images/scene0684_01/00038.jpg",
      "transform_matrix": [
        [
          -0.70849,
          -0.403917,
          0.578699,
          1.025612
        ],
        [
          -0.70082,
          0.49916,
          -0.509599,
          3.349303
        ],
        [
          -0.083027,
          -0.766609,
          -0.636723,
          1.272192
        ],
        [
          0.0,
          0.0,
          0.0,
          1.0
        ]
      ]
    },
    {
      "file_path": "/media/NFS/ttao/scannet/posed_images/scene0684_01/00039.jpg",
      "transform_matrix": [
        [
          -0.702175,
          -0.408383,
          0.583245,
          1.024784
        ],
        [
          -0.706988,
          0.49698,
          -0.50317,
          3.350945
        ],
        [
          -0.084375,
          -0.76566,
          -0.637688,
          1.271818
        ],
        [
          0.0,
          0.0,
          0.0,
          1.0
        ]
      ]
    },
    {
      "file_path": "/media/NFS/ttao/scannet/posed_images/scene0684_01/00041.jpg",
      "transform_matrix": [
        [
          -0.691067,
          -0.41479,
          0.591926,
          1.022902
        ],
        [
          -0.717386,
          0.493582,
          -0.491665,
          3.35439
        ],
        [
          -0.088227,
          -0.764412,
          -0.638663,
          1.269435
        ],
        [
          0.0,
          0.0,
          0.0,
          1.0
        ]
      ]
    },
    {
      "file_path": "/media/NFS/ttao/scannet/posed_images/scene0684_01/00042.jpg",
      "transform_matrix": [
        [
          -0.684761,
          -0.419698,
          0.595782,
          1.022161
        ],
        [
          -0.723306,
          0.491299,
          -0.485236,
          3.356003
        ],
        [
          -0.089054,
          -0.763203,
          -0.639992,
          1.267823
        ],
        [
          0.0,
          0.0,
          0.0,
          1.0
        ]
      ]
    },
    {
      "file_path": "/media/NFS/ttao/scannet/posed_images/scene0684_01/00045.jpg",
      "transform_matrix": [
        [
          -0.660506,
          -0.438651,
          0.609358,
          1.021592
        ],
        [
          -0.744813,
          0.485262,
          -0.458011,
          3.360335
        ],
        [
          -0.094791,
          -0.756377,
          -0.647232,
          1.263355
        ],
        [
          0.0,
          0.0,
          0.0,
          1.0
        ]
      ]
    },
    {
      "file_path": "/media/NFS/ttao/scannet/posed_images/scene0684_01/00046.jpg",
      "transform_matrix": [
        [
          -0.652285,
          -0.444087,
          0.614257,
          1.022171
        ],
        [
          -0.752101,
          0.479885,
          -0.451723,
          3.362792
        ],
        [
          -0.094169,
          -0.756635,
          -0.64702,
          1.260996
        ],
        [
          0.0,
          0.0,
          0.0,
          1.0
        ]
      ]
    },
    {
      "file_path": "/media/NFS/ttao/scannet/posed_images/scene0684_01/00048.jpg",
      "transform_matrix": [
        [
          -0.635083,
          -0.454938,
          0.62426,
          1.026247
        ],
        [
          -0.766721,
          0.469465,
          -0.437884,
          3.366643
        ],
        [
          -0.093858,
          -0.756726,
          -0.64696,
          1.2571
        ],
        [
          0.0,
          0.0,
          0.0,
          1.0
        ]
      ]
    },
    {
      "file_path": "/media/NFS/ttao/scannet/posed_images/scene0684_01/00050.jpg",
      "transform_matrix": [
        [
          -0.61483,
          -0.475104,
          0.629492,
          1.032871
        ],
        [
          -0.783517,
          0.458972,
          -0.418863,
          3.371473
        ],
        [
          -0.089916,
          -0.750747,
          -0.654442,
          1.254689
        ],
        [
          0.0,
          0.0,
          0.0,
          1.0
        ]
      ]
    },
    {
      "file_path": "/media/NFS/ttao/scannet/posed_images/scene0684_01/00051.jpg",
      "transform_matrix": [
        [
          -0.603557,
          -0.485219,
          0.632678,
          1.036181
        ],
        [
          -0.792148,
          0.455154,
          -0.406616,
          3.373197
        ],
        [
          -0.090668,
          -0.746591,
          -0.659076,
          1.25226
        ],
        [
          0.0,
          0.0,
          0.0,
          1.0
        ]
      ]
    },
    {
      "file_path": "/media/NFS/ttao/scannet/posed_images/scene0684_01/00053.jpg",
      "transform_matrix": [
        [
          -0.581664,
          -0.502116,
          0.639958,
          1.045498
        ],
        [
          -0.809066,
          0.438503,
          -0.391315,
          3.37818
        ],
        [
          -0.084138,
          -0.745382,
          -0.661306,
          1.249078
        ],
        [
          0.0,
          0.0,
          0.0,
          1.0
        ]
      ]
    },
    {
      "file_path": "/media/NFS/ttao/scannet/posed_images/scene0684_01/00056.jpg",
      "transform_matrix": [
        [
          -0.367273,
          -0.614983,
          0.697787,
          1.194838
        ],
        [
          -0.927855,
          0.294496,
          -0.228817,
          3.411038
        ],
        [
          -0.064777,
          -0.731483,
          -0.678775,
          1.247474
        ],
        [
          0.0,
          0.0,
          0.0,
          1.0
        ]
      ]
    },
    {
      "file_path": "/media/NFS/ttao/scannet/posed_images/scene0684_01/00057.jpg",
      "transform_matrix": [
        [
          -0.353551,
          -0.621554,
          0.699051,
          1.201819
        ],
        [
          -0.933474,
          0.282556,
          -0.22088,
          3.41245
        ],
        [
          -0.060232,
          -0.730639,
          -0.680102,
          1.24691
        ],
        [
          0.0,
          0.0,
          0.0,
          1.0
        ]
      ]
    },
    {
      "file_path": "/media/NFS/ttao/scannet/posed_images/scene0684_01/00059.jpg",
      "transform_matrix": [
        [
          -0.327107,
          -0.632463,
          0.702133,
          1.22651
        ],
        [
          -0.943984,
          0.252921,
          -0.211955,
          3.419837
        ],
        [
          -0.043531,
          -0.732135,
          -0.679767,
          1.250987
        ],
        [
          0.0,
          0.0,
          0.0,
          1.0
        ]
      ]
    },
    {
      "file_path": "/media/NFS/ttao/scannet/posed_images/scene0684_01/00061.jpg",
      "transform_matrix": [
        [
          -0.312917,
          -0.646851,
          0.695462,
          1.23825
        ],
        [
          -0.949136,
          0.239945,
          -0.203881,
          3.411744
        ],
        [
          -0.034992,
          -0.723885,
          -0.689032,
          1.253974
        ],
        [
          0.0,
          0.0,
          0.0,
          1.0
        ]
      ]
    },
    {
      "file_path": "/media/NFS/ttao/scannet/posed_images/scene0684_01/00063.jpg",
      "transform_matrix": [
        [
          -0.300829,
          -0.656835,
          0.691426,
          1.24776
        ],
        [
          -0.953254,
          0.228711,
          -0.197478,
          3.410016
        ],
        [
          -0.028427,
          -0.718512,
          -0.694934,
          1.255034
        ],
        [
          0.0,
          0.0,
          0.0,
          1.0
        ]
      ]
    },
    {
      "file_path": "/media/NFS/ttao/scannet/posed_images/scene0684_01/00065.jpg",
      "transform_matrix": [
        [
          -0.288231,
          -0.662946,
          0.69096,
          1.255304
        ],
        [
          -0.957345,
          0.214826,
          -0.193237,
          3.406978
        ],
        [
          -0.02033,
          -0.717184,
          -0.696588,
          1.256237
        ],
        [
          0.0,
          0.0,
          0.0,
          1.0
        ]
      ]
    },
    {
      "file_path": "/media/NFS/ttao/scannet/posed_images/scene0684_01/00066.jpg",
      "transform_matrix": [
        [
          -0.284032,
          -0.665462,
          0.69028,
          1.259005
        ],
        [
          -0.958641,
          0.210801,
          -0.191233,
          3.404815
        ],
        [
          -0.018254,
          -0.716047,
          -0.697814,
          1.257091
        ],
        [
          0.0,
          0.0,
          0.0,
          1.0
        ]
      ]
    },
    {
      "file_path": "/media/NFS/ttao/scannet/posed_images/scene0684_01/00067.jpg",
      "transform_matrix": [
        [
          -0.277416,
          -0.668491,
          0.690043,
          1.261985
        ],
        [
          -0.960571,
          0.206861,
          -0.185776,
          3.401646
        ],
        [
          -0.018553,
          -0.714372,
          -0.69952,
          1.258163
        ],
        [
          0.0,
          0.0,
          0.0,
          1.0
        ]
      ]
    },
    {
      "file_path": "/media/NFS/ttao/scannet/posed_images/scene0684_01/00070.jpg",
      "transform_matrix": [
        [
          -0.258558,
          -0.677201,
          0.688873,
          1.273062
        ],
        [
          -0.965743,
          0.19752,
          -0.168303,
          3.391998
        ],
        [
          -0.022092,
          -0.708791,
          -0.705073,
          1.263891
        ],
        [
          0.0,
          0.0,
          0.0,
          1.0
        ]
      ]
    },
    {
      "file_path": "/media/NFS/ttao/scannet/posed_images/scene0684_01/00071.jpg",
      "transform_matrix": [
        [
          -0.25234,
          -0.683229,
          0.685218,
          1.276374
        ],
        [
          -0.967434,
          0.192688,
          -0.164141,
          3.389969
        ],
        [
          -0.019887,
          -0.704322,
          -0.709602,
          1.264969
        ],
        [
          0.0,
          0.0,
          0.0,
          1.0
        ]
      ]
    },
    {
      "file_path": "/media/NFS/ttao/scannet/posed_images/scene0684_01/00073.jpg",
      "transform_matrix": [
        [
          -0.231615,
          -0.693245,
          0.68247,
          1.280796
        ],
        [
          -0.972656,
          0.177418,
          -0.149878,
          3.38048
        ],
        [
          -0.017181,
          -0.698522,
          -0.715382,
          1.270342
        ],
        [
          0.0,
          0.0,
          0.0,
          1.0
        ]
      ]
    },
    {
      "file_path": "/media/NFS/ttao/scannet/posed_images/scene0684_01/00075.jpg",
      "transform_matrix": [
        [
          -0.206876,
          -0.698581,
          0.684971,
          1.283898
        ],
        [
          -0.978305,
          0.155581,
          -0.136797,
          3.369493
        ],
        [
          -0.011004,
          -0.698411,
          -0.715612,
          1.277549
        ],
        [
          0.0,
          0.0,
          0.0,
          1.0
        ]
      ]
    },
    {
      "file_path": "/media/NFS/ttao/scannet/posed_images/scene0684_01/00076.jpg",
      "transform_matrix": [
        [
          -0.181515,
          -0.705534,
          0.685035,
          1.288094
        ],
        [
          -0.983377,
          0.126917,
          -0.129851,
          3.357955
        ],
        [
          0.004671,
          -0.697218,
          -0.716844,
          1.285564
        ],
        [
          0.0,
          0.0,
          0.0,
          1.0
        ]
      ]
    },
    {
      "file_path": "/media/NFS/ttao/scannet/posed_images/scene0684_01/00078.jpg",
      "transform_matrix": [
        [
          -0.145201,
          -0.710071,
          0.688996,
          1.289151
        ],
        [
          -0.989291,
          0.093769,
          -0.111849,
          3.346822
        ],
        [
          0.014814,
          -0.697858,
          -0.716083,
          1.295083
        ],
        [
          0.0,
          0.0,
          0.0,
          1.0
        ]
      ]
    },
    {
      "file_path": "/media/NFS/ttao/scannet/posed_images/scene0684_01/00081.jpg",
      "transform_matrix": [
        [
          -0.084164,
          -0.696877,
          0.712235,
          1.289006
        ],
        [
          -0.996353,
          0.048806,
          -0.069983,
          3.329113
        ],
        [
          0.014008,
          -0.715528,
          -0.698443,
          1.310349
        ],
        [
          0.0,
          0.0,
          0.0,
          1.0
        ]
      ]
    },
    {
      "file_path": "/media/NFS/ttao/scannet/posed_images/scene0684_01/00082.jpg",
      "transform_matrix": [
        [
          -0.065482,
          -0.696492,
          0.714571,
          1.289566
        ],
        [
          -0.997757,
          0.035724,
          -0.056612,
          3.323286
        ],
        [
          0.013903,
          -0.716675,
          -0.697269,
          1.313591
        ],
        [
          0.0,
          0.0,
          0.0,
          1.0
        ]
      ]
    },
    {
      "file_path": "/media/NFS/ttao/scannet/posed_images/scene0684_01/00083.jpg",
      "transform_matrix": [
        [
          -0.044057,
          -0.697197,
          0.715524,
          1.288855
        ],
        [
          -0.998954,
          0.021992,
          -0.040079,
          3.316989
        ],
        [
          0.012207,
          -0.716542,
          -0.697438,
          1.316388
        ],
        [
          0.0,
          0.0,
          0.0,
          1.0
        ]
      ]
    },
    {
      "file_path": "/media/NFS/ttao/scannet/posed_images/scene0684_01/00086.jpg",
      "transform_matrix": [
        [
          0.02324,
          -0.692074,
          0.721452,
          1.282574
        ],
        [
          -0.999729,
          -0.017136,
          0.015766,
          3.301937
        ],
        [
          0.001451,
          -0.721623,
          -0.692285,
          1.321112
        ],
        [
          0.0,
          0.0,
          0.0,
          1.0
        ]
      ]
    },
    {
      "file_path": "/media/NFS/ttao/scannet/posed_images/scene0684_01/00088.jpg",
      "transform_matrix": [
        [
          0.059796,
          -0.699609,
          0.712019,
          1.27752
        ],
        [
          -0.998209,
          -0.040655,
          0.043885,
          3.291818
        ],
        [
          -0.001755,
          -0.713368,
          -0.700787,
          1.320295
        ],
        [
          0.0,
          0.0,
          0.0,
          1.0
        ]
      ]
    },
    {
      "file_path": "/media/NFS/ttao/scannet/posed_images/scene0684_01/00090.jpg",
      "transform_matrix": [
        [
          0.092678,
          -0.708652,
          0.699445,
          1.263233
        ],
        [
          -0.995689,
          -0.068596,
          0.062433,
          3.284479
        ],
        [
          0.003735,
          -0.702215,
          -0.711955,
          1.311233
        ],
        [
          0.0,
          0.0,
          0.0,
          1.0
        ]
      ]
    },
    {
      "file_path": "/media/NFS/ttao/scannet/posed_images/scene0684_01/00091.jpg",
      "transform_matrix": [
        [
          0.106557,
          -0.71695,
          0.688932,
          1.258854
        ],
        [
          -0.994302,
          -0.078922,
          0.071658,
          3.281102
        ],
        [
          0.002997,
          -0.692643,
          -0.721275,
          1.308333
        ],
        [
          0.0,
          0.0,
          0.0,
          1.0
        ]
      ]
    },
    {
      "file_path": "/media/NFS/ttao/scannet/posed_images/scene0684_01/00092.jpg",
      "transform_matrix": [
        [
          0.12139,
          -0.725009,
          0.677957,
          1.254569
        ],
        [
          -0.992602,
          -0.090172,
          0.081299,
          3.278084
        ],
        [
          0.002191,
          -0.682811,
          -0.730592,
          1.305855
        ],
        [
          0.0,
          0.0,
          0.0,
          1.0
        ]
      ]
    },
    {
      "file_path": "/media/NFS/ttao/scannet/posed_images/scene0684_01/00094.jpg",
      "transform_matrix": [
        [
          0.146653,
          -0.741136,
          0.655141,
          1.245214
        ],
        [
          -0.989186,
          -0.108569,
          0.098608,
          3.272949
        ],
        [
          -0.001954,
          -0.662518,
          -0.749044,
          1.299291
        ],
        [
          0.0,
          0.0,
          0.0,
          1.0
        ]
      ]
    },
    {
      "file_path": "/media/NFS/ttao/scannet/posed_images/scene0684_01/00097.jpg",
      "transform_matrix": [
        [
          0.17705,
          -0.756951,
          0.62903,
          1.232934
        ],
        [
          -0.98405,
          -0.124906,
          0.126668,
          3.27342
        ],
        [
          -0.017312,
          -0.641423,
          -0.766992,
          1.29247
        ],
        [
          0.0,
          0.0,
          0.0,
          1.0
        ]
      ]
    },
    {
      "file_path": "/media/NFS/ttao/scannet/posed_images/scene0684_01/00099.jpg",
      "transform_matrix": [
        [
          0.200693,
          -0.757994,
          0.620619,
          1.222168
        ],
        [
          -0.979143,
          -0.134733,
          0.152075,
          3.278076
        ],
        [
          -0.031655,
          -0.638195,
          -0.769224,
          1.289568
        ],
        [
          0.0,
          0.0,
          0.0,
          1.0
        ]
      ]
    },
    {
      "file_path": "/media/NFS/ttao/scannet/posed_images/scene0684_01/00100.jpg",
      "transform_matrix": [
        [
          0.209305,
          -0.750756,
          0.626543,
          1.205474
        ],
        [
          -0.977366,
          -0.140448,
          0.15821,
          3.28568
        ],
        [
          -0.030781,
          -0.645476,
          -0.76316,
          1.281777
        ],
        [
          0.0,
          0.0,
          0.0,
          1.0
        ]
      ]
    },
    {
      "file_path": "/media/NFS/ttao/scannet/posed_images/scene0684_01/00102.jpg",
      "transform_matrix": [
        [
          0.231089,
          -0.748326,
          0.621776,
          1.194271
        ],
        [
          -0.972516,
          -0.158965,
          0.170126,
          3.291536
        ],
        [
          -0.028469,
          -0.644002,
          -0.764494,
          1.279757
        ],
        [
          0.0,
          0.0,
          0.0,
          1.0
        ]
      ]
    },
    {
      "file_path": "/media/NFS/ttao/scannet/posed_images/scene0684_01/00104.jpg",
      "transform_matrix": [
        [
          0.245166,
          -0.74115,
          0.624972,
          1.180956
        ],
        [
          -0.96921,
          -0.172118,
          0.176092,
          3.299023
        ],
        [
          -0.022942,
          -0.6489,
          -0.760528,
          1.276854
        ],
        [
          0.0,
          0.0,
          0.0,
          1.0
        ]
      ]
    },
    {
      "file_path": "/media/NFS/ttao/scannet/posed_images/scene0684_01/00106.jpg",
      "transform_matrix": [
        [
          0.260185,
          -0.732806,
          0.628727,
          1.166546
        ],
        [
          -0.96548,
          -0.189121,
          0.179115,
          3.307753
        ],
        [
          -0.012351,
          -0.653627,
          -0.756716,
          1.274667
        ],
        [
          0.0,
          0.0,
          0.0,
          1.0
        ]
      ]
    },
    {
      "file_path": "/media/NFS/ttao/scannet/posed_images/scene0684_01/00107.jpg",
      "transform_matrix": [
        [
          0.267874,
          -0.728222,
          0.630822,
          1.158628
        ],
        [
          -0.963439,
          -0.198841,
          0.179576,
          3.314416
        ],
        [
          -0.005338,
          -0.655862,
          -0.754862,
          1.273955
        ],
        [
          0.0,
          0.0,
          0.0,
          1.0
        ]
      ]
    },
    {
      "file_path": "/media/NFS/ttao/scannet/posed_images/scene0684_01/00108.jpg",
      "transform_matrix": [
        [
          0.27959,
          -0.722699,
          0.632089,
          1.150505
        ],
        [
          -0.960113,
          -0.212869,
          0.181301,
          3.321035
        ],
        [
          0.003526,
          -0.657566,
          -0.753388,
          1.2739
        ],
        [
          0.0,
          0.0,
          0.0,
          1.0
        ]
      ]
    },
    {
      "file_path": "/media/NFS/ttao/scannet/posed_images/scene0684_01/00111.jpg",
      "transform_matrix": [
        [
          0.304633,
          -0.70175,
          0.644008,
          1.125896
        ],
        [
          -0.95218,
          -0.241046,
          0.187749,
          3.345072
        ],
        [
          0.023483,
          -0.670406,
          -0.741623,
          1.276664
        ],
        [
          0.0,
          0.0,
          0.0,
          1.0
        ]
      ]
    },
    {
      "file_path": "/media/NFS/ttao/scannet/posed_images/scene0684_01/00112.jpg",
      "transform_matrix": [
        [
          0.315883,
          -0.694212,
          0.646752,
          1.115793
        ],
        [
          -0.948376,
          -0.251355,
          0.193402,
          3.35047
        ],
        [
          0.028302,
          -0.674456,
          -0.737772,
          1.276209
        ],
        [
          0.0,
          0.0,
          0.0,
          1.0
        ]
      ]
    },
    {
      "file_path": "/media/NFS/ttao/scannet/posed_images/scene0684_01/00114.jpg",
      "transform_matrix": [
        [
          0.341401,
          -0.686851,
          0.641623,
          1.100738
        ],
        [
          -0.939237,
          -0.275279,
          0.205075,
          3.36483
        ],
        [
          0.035769,
          -0.672649,
          -0.739096,
          1.277862
        ],
        [
          0.0,
          0.0,
          0.0,
          1.0
        ]
      ]
    },
    {
      "file_path": "/media/NFS/ttao/scannet/posed_images/scene0684_01/00116.jpg",
      "transform_matrix": [
        [
          0.367609,
          -0.669996,
          0.644957,
          1.091609
        ],
        [
          -0.929301,
          -0.291161,
          0.227213,
          3.385092
        ],
        [
          0.035554,
          -0.682884,
          -0.729661,
          1.287173
        ],
        [
          0.0,
          0.0,
          0.0,
          1.0
        ]
      ]
    },
    {
      "file_path": "/media/NFS/ttao/scannet/posed_images/scene0684_01/00117.jpg",
      "transform_matrix": [
        [
          0.382487,
          -0.653637,
          0.653041,
          1.082604
        ],
        [
          -0.923393,
          -0.295187,
          0.245376,
          3.392531
        ],
        [
          0.032382,
          -0.696867,
          -0.716469,
          1.289046
        ],
        [
          0.0,
          0.0,
          0.0,
          1.0
        ]
      ]
    },
    {
      "file_path": "/media/NFS/ttao/scannet/posed_images/scene0684_01/00120.jpg",
      "transform_matrix": [
        [
          0.440818,
          -0.607732,
          0.660562,
          1.05355
        ],
        [
          -0.897002,
          -0.325054,
          0.299546,
          3.404573
        ],
        [
          0.032674,
          -0.72457,
          -0.688426,
          1.285038
        ],
        [
          0.0,
          0.0,
          0.0,
          1.0
        ]
      ]
    },
    {
      "file_path": "/media/NFS/ttao/scannet/posed_images/scene0684_01/00121.jpg",
      "transform_matrix": [
        [
          0.455262,
          -0.600609,
          0.657271,
          1.046437
        ],
        [
          -0.889744,
          -0.334303,
          0.310803,
          3.415458
        ],
        [
          0.033056,
          -0.726299,
          -0.686583,
          1.285055
        ],
        [
          0.0,
          0.0,
          0.0,
          1.0
        ]
      ]
    },
    {
      "file_path": "/media/NFS/ttao/scannet/posed_images/scene0684_01/00123.jpg",
      "transform_matrix": [
        [
          0.490937,
          -0.588792,
          0.64211,
          1.038496
        ],
        [
          -0.870811,
          -0.353537,
          0.341615,
          3.429112
        ],
        [
          0.025869,
          -0.726867,
          -0.68629,
          1.28908
        ],
        [
          0.0,
          0.0,
          0.0,
          1.0
        ]
      ]
    },
    {
      "file_path": "/media/NFS/ttao/scannet/posed_images/scene0684_01/00125.jpg",
      "transform_matrix": [
        [
          0.532635,
          -0.56598,
          0.629259,
          1.039128
        ],
        [
          -0.846196,
          -0.370098,
          0.38338,
          3.441433
        ],
        [
          0.015902,
          -0.736678,
          -0.676057,
          1.301311
        ],
        [
          0.0,
          0.0,
          0.0,
          1.0
        ]
      ]
    },
    {
      "file_path": "/media/NFS/ttao/scannet/posed_images/scene0684_01/00127.jpg",
      "transform_matrix": [
        [
          0.570141,
          -0.52735,
          0.629953,
          1.030725
        ],
        [
          -0.821474,
          -0.376113,
          0.428624,
          3.440189
        ],
        [
          0.010899,
          -0.761866,
          -0.647642,
          1.304947
        ],
        [
          0.0,
          0.0,
          0.0,
          1.0
        ]
      ]
    },
    {
      "file_path": "/media/NFS/ttao/scannet/posed_images/scene0684_01/00128.jpg",
      "transform_matrix": [
        [
          0.586346,
          -0.511616,
          0.628051,
          1.026441
        ],
        [
          -0.809977,
          -0.381451,
          0.445458,
          3.442497
        ],
        [
          0.011667,
          -0.769899,
          -0.638059,
          1.305213
        ],
        [
          0.0,
          0.0,
          0.0,
          1.0
        ]
      ]
    },
    {
      "file_path": "/media/NFS/ttao/scannet/posed_images/scene0684_01/00131.jpg",
      "transform_matrix": [
        [
          0.646982,
          -0.468999,
          0.601211,
          1.022601
        ],
        [
          -0.762263,
          -0.417722,
          0.494433,
          3.442096
        ],
        [
          0.01925,
          -0.778169,
          -0.627759,
          1.319653
        ],
        [
          0.0,
          0.0,
          0.0,
          1.0
        ]
      ]
    },
    {
      "file_path": "/media/NFS/ttao/scannet/posed_images/scene0684_01/00133.jpg",
      "transform_matrix": [
        [
          0.676405,
          -0.438808,
          0.591543,
          1.022317
        ],
        [
          -0.736385,
          -0.418819,
          0.531345,
          3.441092
        ],
        [
          0.014591,
          -0.795008,
          -0.606423,
          1.325879
        ],
        [
          0.0,
          0.0,
          0.0,
          1.0
        ]
      ]
    },
    {
      "file_path": "/media/NFS/ttao/scannet/posed_images/scene0684_01/00134.jpg",
      "transform_matrix": [
        [
          0.687474,
          -0.425907,
          0.588204,
          1.02104
        ],
        [
          -0.726068,
          -0.419102,
          0.545142,
          3.441529
        ],
        [
          0.014338,
          -0.801846,
          -0.597359,
          1.328235
        ],
        [
          0.0,
          0.0,
          0.0,
          1.0
        ]
      ]
    },
    {
      "file_path": "/media/NFS/ttao/scannet/posed_images/scene0684_01/00135.jpg",
      "transform_matrix": [
        [
          0.700972,
          -0.411164,
          0.582737,
          1.022733
        ],
        [
          -0.713,
          -0.422827,
          0.559329,
          3.439764
        ],
        [
          0.01642,
          -0.807565,
          -0.58955,
          1.33007
        ],
        [
          0.0,
          0.0,
          0.0,
          1.0
        ]
      ]
    },
    {
      "file_path": "/media/NFS/ttao/scannet/posed_images/scene0684_01/00137.jpg",
      "transform_matrix": [
        [
          0.726636,
          -0.383346,
          0.570128,
          1.025481
        ],
        [
          -0.686655,
          -0.432393,
          0.584416,
          3.443506
        ],
        [
