{
  "frames": [
    {
      "file_path": "/media/NFS/ttao/scannet/posed_images/scene0033_00/00000.jpg",
      "transform_matrix": [
        [
          0.974605,
          -0.106498,
          0.196986,
          2.006689
        ],
        [
          -0.223762,
          -0.428932,
          0.875185,
          0.552817
        ],
        [
          -0.008712,
          -0.897037,
          -0.44187,
          1.711334
        ],
        [
          0.0,
          0.0,
          0.0,
          1.0
        ]
      ]
    },
    {
      "file_path": "/media/NFS/ttao/scannet/posed_images/scene0033_00/00007.jpg",
      "transform_matrix": [
        [
          0.982295,
          -0.082897,
          0.168003,
          1.930504
        ],
        [
          -0.187319,
          -0.44841,
          0.873979,
          0.686055
        ],
        [
          0.002884,
          -0.889975,
          -0.456,
          1.698023
        ],
        [
          0.0,
          0.0,
          0.0,
          1.0
        ]
      ]
    },
    {
      "file_path": "/media/NFS/ttao/scannet/posed_images/scene0033_00/00011.jpg",
      "transform_matrix": [
        [
          0.986793,
          -0.057329,
          0.151507,
          1.930569
        ],
        [
          -0.161209,
          -0.439349,
          0.883733,
          0.707325
        ],
        [
          0.015901,
          -0.896485,
          -0.442789,
          1.672382
        ],
        [
          0.0,
          0.0,
          0.0,
          1.0
        ]
      ]
    },
    {
      "file_path": "/media/NFS/ttao/scannet/posed_images/scene0033_00/00017.jpg",
      "transform_matrix": [
        [
          0.987357,
          -0.069292,
          0.142566,
          1.849918
        ],
        [
          -0.158513,
          -0.434769,
          0.886482,
          0.85336
        ],
        [
          0.000557,
          -0.897872,
          -0.440256,
          1.686395
        ],
        [
          0.0,
          0.0,
          0.0,
          1.0
        ]
      ]
    },
    {
      "file_path": "/media/NFS/ttao/scannet/posed_images/scene0033_00/00018.jpg",
      "transform_matrix": [
        [
          0.987901,
          -0.066356,
          0.140178,
          1.842247
        ],
        [
          -0.155067,
          -0.438371,
          0.885316,
          0.866846
        ],
        [
          0.002704,
          -0.896341,
          -0.443357,
          1.688066
        ],
        [
          0.0,
          0.0,
          0.0,
          1.0
        ]
      ]
    },
    {
      "file_path": "/media/NFS/ttao/scannet/posed_images/scene0033_00/00026.jpg",
      "transform_matrix": [
        [
          0.984527,
          -0.058438,
          0.165204,
          1.787467
        ],
        [
          -0.173957,
          -0.439606,
          0.881184,
          1.02552
        ],
        [
          0.02113,
          -0.896288,
          -0.44297,
          1.688595
        ],
        [
          0.0,
          0.0,
          0.0,
          1.0
        ]
      ]
    },
    {
      "file_path": "/media/NFS/ttao/scannet/posed_images/scene0033_00/00027.jpg",
      "transform_matrix": [
        [
          0.984364,
          -0.059076,
          0.165945,
          1.782966
        ],
        [
          -0.175024,
          -0.434242,
          0.88363,
          1.031493
        ],
        [
          0.019858,
          -0.898857,
          -0.437792,
          1.679263
        ],
        [
          0.0,
          0.0,
          0.0,
          1.0
        ]
      ]
    },
    {
      "file_path": "/media/NFS/ttao/scannet/posed_images/scene0033_00/00034.jpg",
      "transform_matrix": [
        [
          0.975091,
          -0.076808,
          0.208082,
          1.670065
        ],
        [
          -0.221066,
          -0.413063,
          0.883464,
          1.193009
        ],
        [
          0.018094,
          -0.907457,
          -0.419754,
          1.669469
        ],
        [
          0.0,
          0.0,
          0.0,
          1.0
        ]
      ]
    },
    {
      "file_path": "/media/NFS/ttao/scannet/posed_images/scene0033_00/00038.jpg",
      "transform_matrix": [
        [
          0.968183,
          -0.112345,
          0.223609,
          1.607144
        ],
        [
          -0.250216,
          -0.42113,
          0.871804,
          1.290817
        ],
        [
          -0.003775,
          -0.900016,
          -0.435842,
          1.677682
        ],
        [
          0.0,
          0.0,
          0.0,
          1.0
        ]
      ]
    },
    {
      "file_path": "/media/NFS/ttao/scannet/posed_images/scene0033_00/00046.jpg",
      "transform_matrix": [
        [
          0.964715,
          -0.133324,
          0.227046,
          1.492018
        ],
        [
          -0.2626,
          -0.424472,
          0.866525,
          1.506974
        ],
        [
          -0.019154,
          -0.895571,
          -0.444506,
          1.669866
        ],
        [
          0.0,
          0.0,
          0.0,
          1.0
        ]
      ]
    },
    {
      "file_path": "/media/NFS/ttao/scannet/posed_images/scene0033_00/00047.jpg",
      "transform_matrix": [
        [
          0.966042,
          -0.126925,
          0.225062,
          1.489796
        ],
        [
          -0.257938,
          -0.422456,
          0.868907,
          1.52508
        ],
        [
          -0.015208,
          -0.897452,
          -0.44085,
          1.658269
        ],
        [
          0.0,
          0.0,
          0.0,
          1.0
        ]
      ]
    },
    {
      "file_path": "/media/NFS/ttao/scannet/posed_images/scene0033_00/00051.jpg",
      "transform_matrix": [
        [
          0.960528,
          -0.126389,
          0.247813,
          1.442385
        ],
        [
          -0.278145,
          -0.421597,
          0.863071,
          1.655517
        ],
        [
          -0.004605,
          -0.897932,
          -0.440111,
          1.655616
        ],
        [
          0.0,
          0.0,
          0.0,
          1.0
        ]
      ]
    },
    {
      "file_path": "/media/NFS/ttao/scannet/posed_images/scene0033_00/00058.jpg",
      "transform_matrix": [
        [
          0.956204,
          -0.111073,
          0.270808,
          1.393065
        ],
        [
          -0.29255,
          -0.392458,
          0.872004,
          1.860515
        ],
        [
          0.009425,
          -0.913038,
          -0.407765,
          1.649973
        ],
        [
          0.0,
          0.0,
          0.0,
          1.0
        ]
      ]
    },
    {
      "file_path": "/media/NFS/ttao/scannet/posed_images/scene0033_00/00064.jpg",
      "transform_matrix": [
        [
          0.959084,
          -0.104848,
          0.262994,
          1.360806
        ],
        [
          -0.282016,
          -0.435901,
          0.854668,
          2.041732
        ],
        [
          0.025029,
          -0.893866,
          -0.447634,
          1.677668
        ],
        [
          0.0,
          0.0,
          0.0,
          1.0
        ]
      ]
    },
    {
      "file_path": "/media/NFS/ttao/scannet/posed_images/scene0033_00/00068.jpg",
      "transform_matrix": [
        [
          0.955072,
          -0.103008,
          0.277898,
          1.335196
        ],
        [
          -0.294232,
          -0.4421,
          0.847335,
          2.139648
        ],
        [
          0.035576,
          -0.891031,
          -0.452546,
          1.675889
        ],
        [
          0.0,
          0.0,
          0.0,
          1.0
        ]
      ]
    },
    {
      "file_path": "/media/NFS/ttao/scannet/posed_images/scene0033_00/00074.jpg",
      "transform_matrix": [
        [
          0.937626,
          -0.135405,
          0.320193,
          1.272455
        ],
        [
          -0.346804,
          -0.428408,
          0.834382,
          2.294222
        ],
        [
          0.024194,
          -0.893382,
          -0.448646,
          1.662853
        ],
        [
          0.0,
          0.0,
          0.0,
          1.0
        ]
      ]
    },
    {
      "file_path": "/media/NFS/ttao/scannet/posed_images/scene0033_00/00075.jpg",
      "transform_matrix": [
        [
          0.93188,
          -0.141603,
          0.333988,
          1.249195
        ],
        [
          -0.362002,
          -0.422705,
          0.830828,
          2.315156
        ],
        [
          0.02353,
          -0.895136,
          -0.445172,
          1.646367
        ],
        [
          0.0,
          0.0,
          0.0,
          1.0
        ]
      ]
    },
    {
      "file_path": "/media/NFS/ttao/scannet/posed_images/scene0033_00/00080.jpg",
      "transform_matrix": [
        [
          0.915086,
          -0.190564,
          0.355391,
          1.190705
        ],
        [
          -0.403256,
          -0.428705,
          0.808454,
          2.43785
        ],
        [
          -0.001705,
          -0.883118,
          -0.469148,
          1.646622
        ],
        [
          0.0,
          0.0,
          0.0,
          1.0
        ]
      ]
    },
    {
      "file_path": "/media/NFS/ttao/scannet/posed_images/scene0033_00/00088.jpg",
      "transform_matrix": [
        [
          0.895121,
          -0.227417,
          0.383459,
          1.154033
        ],
        [
          -0.445787,
          -0.445344,
          0.776494,
          2.584228
        ],
        [
          -0.005817,
          -0.865997,
          -0.500016,
          1.635515
        ],
        [
          0.0,
          0.0,
          0.0,
          1.0
        ]
      ]
    },
    {
      "file_path": "/media/NFS/ttao/scannet/posed_images/scene0033_00/00090.jpg",
      "transform_matrix": [
        [
          0.882825,
          -0.24319,
          0.401846,
          1.138522
        ],
        [
          -0.469703,
          -0.455679,
          0.756132,
          2.662246
        ],
        [
          -0.000771,
          -0.85628,
          -0.516512,
          1.636466
        ],
        [
          0.0,
          0.0,
          0.0,
          1.0
        ]
      ]
    },
    {
      "file_path": "/media/NFS/ttao/scannet/posed_images/scene0033_00/00097.jpg",
      "transform_matrix": [
        [
          0.857416,
          -0.265797,
          0.44067,
          1.141227
        ],
        [
          -0.514592,
          -0.452411,
          0.728368,
          2.797263
        ],
        [
          0.005766,
          -0.851279,
          -0.524682,
          1.618746
        ],
        [
          0.0,
          0.0,
          0.0,
          1.0
        ]
      ]
    },
    {
      "file_path": "/media/NFS/ttao/scannet/posed_images/scene0033_00/00100.jpg",
      "transform_matrix": [
        [
          0.83509,
          -0.28539,
          0.470296,
          1.113782
        ],
        [
          -0.549985,
          -0.451716,
          0.702474,
          2.881389
        ],
        [
          0.011961,
          -0.845284,
          -0.534184,
          1.618556
        ],
        [
          0.0,
          0.0,
          0.0,
          1.0
        ]
      ]
    },
    {
      "file_path": "/media/NFS/ttao/scannet/posed_images/scene0033_00/00104.jpg",
      "transform_matrix": [
        [
          0.819506,
          -0.300254,
          0.488116,
          1.121241
        ],
        [
          -0.57261,
          -0.463167,
          0.676457,
          2.943273
        ],
        [
          0.022971,
          -0.833861,
          -0.551497,
          1.613186
        ],
        [
          0.0,
          0.0,
          0.0,
          1.0
        ]
      ]
    },
    {
      "file_path": "/media/NFS/ttao/scannet/posed_images/scene0033_00/00108.jpg",
      "transform_matrix": [
        [
          0.806776,
          -0.310898,
          0.50245,
          1.121194
        ],
        [
          -0.590156,
          -0.465444,
          0.659604,
          3.010312
        ],
        [
          0.028793,
          -0.828676,
          -0.558988,
          1.60732
        ],
        [
          0.0,
          0.0,
          0.0,
          1.0
        ]
      ]
    },
    {
      "file_path": "/media/NFS/ttao/scannet/posed_images/scene0033_00/00112.jpg",
      "transform_matrix": [
        [
          0.783169,
          -0.329698,
          0.527206,
          1.116843
        ],
        [
          -0.620649,
          -0.466245,
          0.630405,
          3.091367
        ],
        [
          0.037964,
          -0.820923,
          -0.569776,
          1.611902
        ],
        [
          0.0,
          0.0,
          0.0,
          1.0
        ]
      ]
    },
    {
      "file_path": "/media/NFS/ttao/scannet/posed_images/scene0033_00/00118.jpg",
      "transform_matrix": [
        [
          0.739626,
          -0.374979,
          0.558878,
          1.081339
        ],
        [
          -0.672783,
          -0.433921,
          0.599229,
          3.211526
        ],
        [
          0.01781,
          -0.819209,
          -0.573219,
          1.607298
        ],
        [
          0.0,
          0.0,
          0.0,
          1.0
        ]
      ]
    },
    {
      "file_path": "/media/NFS/ttao/scannet/posed_images/scene0033_00/00124.jpg",
      "transform_matrix": [
        [
          0.691276,
          -0.436462,
          0.575882,
          1.034084
        ],
        [
          -0.722233,
          -0.392226,
          0.569683,
          3.326392
        ],
        [
          -0.022769,
          -0.809728,
          -0.586364,
          1.600284
        ],
        [
          0.0,
          0.0,
          0.0,
          1.0
        ]
      ]
    },
    {
      "file_path": "/media/NFS/ttao/scannet/posed_images/scene0033_00/00131.jpg",
      "transform_matrix": [
        [
          0.655416,
          -0.476966,
          0.585605,
          0.993608
        ],
        [
          -0.754591,
          -0.38072,
          0.534457,
          3.45732
        ],
        [
          -0.031966,
          -0.792184,
          -0.609445,
          1.595248
        ],
        [
          0.0,
          0.0,
          0.0,
          1.0
        ]
      ]
    },
    {
      "file_path": "/media/NFS/ttao/scannet/posed_images/scene0033_00/00132.jpg",
      "transform_matrix": [
        [
          0.652083,
          -0.477859,
          0.588591,
          0.990688
        ],
        [
          -0.757591,
          -0.380956,
          0.530026,
          3.472715
        ],
        [
          -0.029051,
          -0.791532,
          -0.610437,
          1.592289
        ],
        [
          0.0,
          0.0,
          0.0,
          1.0
        ]
      ]
    },
    {
      "file_path": "/media/NFS/ttao/scannet/posed_images/scene0033_00/00137.jpg",
      "transform_matrix": [
        [
          0.628373,
          -0.491822,
          0.602709,
          0.9812
        ],
        [
          -0.777606,
          -0.375381,
          0.504399,
          3.565077
        ],
        [
          -0.021829,
          -0.78562,
          -0.618324,
          1.580464
        ],
        [
          0.0,
          0.0,
          0.0,
          1.0
        ]
      ]
    },
    {
      "file_path": "/media/NFS/ttao/scannet/posed_images/scene0033_00/00141.jpg",
      "transform_matrix": [
        [
          0.60515,
          -0.508132,
          0.612859,
          0.979861
        ],
        [
          -0.795878,
          -0.367472,
          0.481188,
          3.650865
        ],
        [
          -0.019298,
          -0.778952,
          -0.626787,
          1.574011
        ],
        [
          0.0,
          0.0,
          0.0,
          1.0
        ]
      ]
    },
    {
      "file_path": "/media/NFS/ttao/scannet/posed_images/scene0033_00/00149.jpg",
      "transform_matrix": [
        [
          0.546488,
          -0.541742,
          0.638645,
          0.991795
        ],
        [
          -0.837379,
          -0.342406,
          0.426092,
          3.796546
        ],
        [
          -0.012155,
          -0.767641,
          -0.640764,
          1.561718
        ],
        [
          0.0,
          0.0,
          0.0,
          1.0
        ]
      ]
    },
    {
      "file_path": "/media/NFS/ttao/scannet/posed_images/scene0033_00/00154.jpg",
      "transform_matrix": [
        [
          0.51307,
          -0.562877,
          0.648019,
          1.000169
        ],
        [
          -0.85834,
          -0.339381,
          0.384802,
          3.877303
        ],
        [
          0.003329,
          -0.753651,
          -0.657266,
          1.557058
        ],
        [
          0.0,
          0.0,
          0.0,
          1.0
        ]
      ]
    },
    {
      "file_path": "/media/NFS/ttao/scannet/posed_images/scene0033_00/00155.jpg",
      "transform_matrix": [
        [
          0.504627,
          -0.566131,
          0.651803,
          1.001726
        ],
        [
          -0.863318,
          -0.336048,
          0.376503,
          3.891725
        ],
        [
          0.005888,
          -0.752707,
          -0.65833,
          1.556054
        ],
        [
          0.0,
          0.0,
          0.0,
          1.0
        ]
      ]
    },
    {
      "file_path": "/media/NFS/ttao/scannet/posed_images/scene0033_00/00164.jpg",
      "transform_matrix": [
        [
          0.379728,
          -0.613824,
          0.692118,
          1.00484
        ],
        [
          -0.924981,
          -0.263838,
          0.273495,
          4.040149
        ],
        [
          0.014729,
          -0.744049,
          -0.667963,
          1.550891
        ],
        [
          0.0,
          0.0,
          0.0,
          1.0
        ]
      ]
    },
    {
      "file_path": "/media/NFS/ttao/scannet/posed_images/scene0033_00/00168.jpg",
      "transform_matrix": [
        [
          0.299282,
          -0.649496,
          0.698988,
          0.994334
        ],
        [
          -0.954135,
          -0.197914,
          0.224626,
          4.116539
        ],
        [
          -0.007554,
          -0.734155,
          -0.67894,
          1.552008
        ],
        [
          0.0,
          0.0,
          0.0,
          1.0
        ]
      ]
    },
    {
      "file_path": "/media/NFS/ttao/scannet/posed_images/scene0033_00/00171.jpg",
      "transform_matrix": [
        [
          0.254848,
          -0.661309,
          0.705496,
          0.983831
        ],
        [
          -0.966804,
          -0.160284,
          0.198996,
          4.167967
        ],
        [
          -0.018517,
          -0.732789,
          -0.680204,
          1.553792
        ],
        [
          0.0,
          0.0,
          0.0,
          1.0
        ]
      ]
    },
    {
      "file_path": "/media/NFS/ttao/scannet/posed_images/scene0033_00/00178.jpg",
      "transform_matrix": [
        [
          0.184792,
          -0.680396,
          0.709164,
          0.974764
        ],
        [
          -0.982401,
          -0.107896,
          0.152472,
          4.292309
        ],
        [
          -0.027224,
          -0.724858,
          -0.68836,
          1.553236
        ],
        [
          0.0,
          0.0,
          0.0,
          1.0
        ]
      ]
    },
    {
      "file_path": "/media/NFS/ttao/scannet/posed_images/scene0033_00/00181.jpg",
      "transform_matrix": [
        [
          0.166605,
          -0.682133,
          0.711996,
          0.974102
        ],
        [
          -0.985692,
          -0.09649,
          0.138206,
          4.342207
        ],
        [
          -0.025574,
          -0.724834,
          -0.688449,
          1.546908
        ],
        [
          0.0,
          0.0,
          0.0,
          1.0
        ]
      ]
    },
    {
      "file_path": "/media/NFS/ttao/scannet/posed_images/scene0033_00/00183.jpg",
      "transform_matrix": [
        [
          0.150467,
          -0.684262,
          0.713544,
          0.977496
        ],
        [
          -0.988261,
          -0.08478,
          0.127096,
          4.379763
        ],
        [
          -0.026472,
          -0.724291,
          -0.688986,
          1.542409
        ],
        [
          0.0,
          0.0,
          0.0,
          1.0
        ]
      ]
    },
    {
      "file_path": "/media/NFS/ttao/scannet/posed_images/scene0033_00/00189.jpg",
      "transform_matrix": [
        [
          0.103904,
          -0.683999,
          0.722045,
          0.992998
        ],
        [
          -0.994387,
          -0.056858,
          0.089233,
          4.496127
        ],
        [
          -0.019981,
          -0.727264,
          -0.686068,
          1.53152
        ],
        [
          0.0,
          0.0,
          0.0,
          1.0
        ]
      ]
    },
    {
      "file_path": "/media/NFS/ttao/scannet/posed_images/scene0033_00/00193.jpg",
      "transform_matrix": [
        [
          0.122209,
          -0.686637,
          0.716656,
          0.994304
        ],
        [
          -0.992434,
          -0.075926,
          0.09649,
          4.5713
        ],
        [
          -0.01184,
          -0.723025,
          -0.69072,
          1.524493
        ],
        [
          0.0,
          0.0,
          0.0,
          1.0
        ]
      ]
    },
    {
      "file_path": "/media/NFS/ttao/scannet/posed_images/scene0033_00/00198.jpg",
      "transform_matrix": [
        [
          0.140209,
          -0.69531,
          0.704901,
          1.004127
        ],
        [
          -0.99005,
          -0.107061,
          0.091321,
          4.663793
        ],
        [
          0.011971,
          -0.710691,
          -0.703403,
          1.526875
        ],
        [
          0.0,
          0.0,
          0.0,
          1.0
        ]
      ]
    },
    {
      "file_path": "/media/NFS/ttao/scannet/posed_images/scene0033_00/00203.jpg",
      "transform_matrix": [
        [
          0.131913,
          -0.687032,
          0.714553,
          1.001109
        ],
        [
          -0.990667,
          -0.116331,
          0.071035,
          4.795598
        ],
        [
          0.034322,
          -0.717254,
          -0.695966,
          1.524268
        ],
        [
          0.0,
          0.0,
          0.0,
          1.0
        ]
      ]
    },
    {
      "file_path": "/media/NFS/ttao/scannet/posed_images/scene0033_00/00208.jpg",
      "transform_matrix": [
        [
          0.074259,
          -0.687597,
          0.722286,
          0.999697
        ],
        [
          -0.99718,
          -0.059069,
          0.046288,
          4.905525
        ],
        [
          0.010838,
          -0.723686,
          -0.690045,
          1.52925
        ],
        [
          0.0,
          0.0,
          0.0,
          1.0
        ]
      ]
    },
    {
      "file_path": "/media/NFS/ttao/scannet/posed_images/scene0033_00/00215.jpg",
      "transform_matrix": [
        [
          0.008765,
          -0.67561,
          0.737207,
          0.99241
        ],
        [
          -0.999229,
          0.022302,
          0.032318,
          5.050641
        ],
        [
          -0.038275,
          -0.736921,
          -0.674894,
          1.550059
        ],
        [
          0.0,
          0.0,
          0.0,
          1.0
        ]
      ]
    },
    {
      "file_path": "/media/NFS/ttao/scannet/posed_images/scene0033_00/00218.jpg",
      "transform_matrix": [
        [
          -0.011589,
          -0.664007,
          0.747637,
          0.997004
        ],
        [
          -0.999053,
          0.039042,
          0.019188,
          5.11276
        ],
        [
          -0.04193,
          -0.746706,
          -0.663831,
          1.559861
        ],
        [
          0.0,
          0.0,
          0.0,
          1.0
        ]
      ]
    },
    {
      "file_path": "/media/NFS/ttao/scannet/posed_images/scene0033_00/00225.jpg",
      "transform_matrix": [
        [
          -0.023092,
          -0.621901,
          0.782756,
          1.01666
        ],
        [
          -0.998826,
          0.047704,
          0.008433,
          5.222219
        ],
        [
          -0.042585,
          -0.781642,
          -0.622272,
          1.576464
        ],
        [
          0.0,
          0.0,
          0.0,
          1.0
        ]
      ]
    },
    {
      "file_path": "/media/NFS/ttao/scannet/posed_images/scene0033_00/00230.jpg",
      "transform_matrix": [
        [
          -0.038052,
          -0.598138,
          0.80049,
          1.054099
        ],
        [
          -0.998122,
          0.061239,
          -0.001689,
          5.314727
        ],
        [
          -0.048011,
          -0.79905,
          -0.599344,
          1.579308
        ],
        [
          0.0,
          0.0,
          0.0,
          1.0
        ]
      ]
    },
    {
      "file_path": "/media/NFS/ttao/scannet/posed_images/scene0033_00/00235.jpg",
      "transform_matrix": [
        [
          -0.038247,
          -0.581633,
          0.812552,
          1.100218
        ],
        [
          -0.99814,
          0.060873,
          -0.00341,
          5.396262
        ],
        [
          -0.047479,
          -0.81117,
          -0.58288,
          1.584088
        ],
        [
          0.0,
          0.0,
          0.0,
          1.0
        ]
      ]
    },
    {
      "file_path": "/media/NFS/ttao/scannet/posed_images/scene0033_00/00236.jpg",
      "transform_matrix": [
        [
          -0.034111,
          -0.580343,
          0.813658,
          1.110921
        ],
        [
          -0.998281,
          0.058613,
          -4.6e-05,
          5.414584
        ],
        [
          -0.047663,
          -0.81226,
          -0.581345,
          1.584961
        ],
        [
          0.0,
          0.0,
          0.0,
          1.0
        ]
      ]
    },
    {
      "file_path": "/media/NFS/ttao/scannet/posed_images/scene0033_00/00245.jpg",
      "transform_matrix": [
        [
          -0.029852,
          -0.577114,
          0.816118,
          1.176136
        ],
        [
          -0.999487,
          0.026706,
          -0.017675,
          5.536737
        ],
        [
          -0.011594,
          -0.816227,
          -0.577615,
          1.589299
        ],
        [
          0.0,
          0.0,
          0.0,
          1.0
        ]
      ]
    },
    {
      "file_path": "/media/NFS/ttao/scannet/posed_images/scene0033_00/00249.jpg",
      "transform_matrix": [
        [
          -0.059907,
          -0.581014,
          0.811686,
          1.193248
        ],
        [
          -0.998202,
          0.036554,
          -0.047508,
          5.588833
        ],
        [
          -0.002068,
          -0.813072,
          -0.58216,
          1.585702
        ],
        [
          0.0,
          0.0,
          0.0,
          1.0
        ]
      ]
    },
    {
      "file_path": "/media/NFS/ttao/scannet/posed_images/scene0033_00/00250.jpg",
      "transform_matrix": [
        [
          -0.065293,
          -0.579017,
          0.812697,
          1.19392
        ],
        [
          -0.997864,
          0.036129,
          -0.054429,
          5.602096
        ],
        [
          0.002154,
          -0.814515,
          -0.580139,
          1.581756
        ],
        [
          0.0,
          0.0,
          0.0,
          1.0
        ]
      ]
    },
    {
      "file_path": "/media/NFS/ttao/scannet/posed_images/scene0033_00/00257.jpg",
      "transform_matrix": [
        [
          -0.116292,
          -0.598186,
          0.792874,
          1.1966
        ],
        [
          -0.99321,
          0.067569,
          -0.094699,
          5.706668
        ],
        [
          0.003075,
          -0.798503,
          -0.601982,
          1.56339
        ],
        [
          0.0,
          0.0,
          0.0,
          1.0
        ]
      ]
    },
    {
      "file_path": "/media/NFS/ttao/scannet/posed_images/scene0033_00/00262.jpg",
      "transform_matrix": [
        [
          -0.16873,
          -0.618208,
          0.767691,
          1.190372
        ],
        [
          -0.985484,
          0.120604,
          -0.119479,
          5.790687
        ],
        [
          -0.018723,
          -0.776707,
          -0.629584,
          1.556561
        ],
        [
          0.0,
          0.0,
          0.0,
          1.0
        ]
      ]
    },
    {
      "file_path": "/media/NFS/ttao/scannet/posed_images/scene0033_00/00264.jpg",
      "transform_matrix": [
        [
          -0.18771,
          -0.617503,
          0.763842,
          1.185655
        ],
        [
          -0.981773,
          0.141537,
          -0.126845,
          5.828419
        ],
        [
          -0.029784,
          -0.773729,
          -0.632816,
          1.558507
        ],
        [
          0.0,
          0.0,
          0.0,
          1.0
        ]
      ]
    },
    {
      "file_path": "/media/NFS/ttao/scannet/posed_images/scene0033_00/00272.jpg",
      "transform_matrix": [
        [
          -0.188614,
          -0.639616,
          0.745196,
          1.174959
        ],
        [
          -0.981742,
          0.141854,
          -0.12673,
          5.997776
        ],
        [
          -0.02465,
          -0.755493,
          -0.654693,
          1.55118
        ],
        [
          0.0,
          0.0,
          0.0,
          1.0
        ]
      ]
    },
    {
      "file_path": "/media/NFS/ttao/scannet/posed_images/scene0033_00/00277.jpg",
      "transform_matrix": [
        [
          -0.136248,
          -0.648444,
          0.748971,
          1.184744
        ],
        [
          -0.990557,
          0.100827,
          -0.092902,
          6.121512
        ],
        [
          -0.015274,
          -0.754556,
          -0.656058,
          1.542373
        ],
        [
          0.0,
          0.0,
          0.0,
          1.0
        ]
      ]
    },
    {
      "file_path": "/media/NFS/ttao/scannet/posed_images/scene0033_00/00279.jpg",
      "transform_matrix": [
        [
          -0.129267,
          -0.648505,
          0.750155,
          1.193086
        ],
        [
          -0.991529,
          0.094175,
          -0.089448,
          6.161688
        ],
        [
          -0.012638,
          -0.755363,
          -0.655185,
          1.542646
        ],
        [
          0.0,
          0.0,
          0.0,
          1.0
        ]
      ]
    },
    {
      "file_path": "/media/NFS/ttao/scannet/posed_images/scene0033_00/00287.jpg",
      "transform_matrix": [
        [
          -0.124083,
          -0.643869,
          0.755008,
          1.232595
        ],
        [
          -0.992256,
          0.084874,
          -0.090695,
          6.292089
        ],
        [
          -0.005685,
          -0.760414,
          -0.649414,
          1.551849
        ],
        [
          0.0,
          0.0,
          0.0,
          1.0
        ]
      ]
    },
    {
      "file_path": "/media/NFS/ttao/scannet/posed_images/scene0033_00/00290.jpg",
      "transform_matrix": [
        [
          -0.1244,
          -0.639832,
          0.75838,
          1.240179
        ],
        [
          -0.99222,
          0.07638,
          -0.098318,
          6.347207
        ],
        [
          0.004983,
          -0.76471,
          -0.644356,
          1.550033
        ],
        [
          0.0,
          0.0,
          0.0,
          1.0
        ]
      ]
    },
    {
      "file_path": "/media/NFS/ttao/scannet/posed_images/scene0033_00/00294.jpg",
      "transform_matrix": [
        [
          -0.110831,
          -0.645064,
          0.756049,
          1.253551
        ],
        [
          -0.993611,
          0.055589,
          -0.098227,
          6.412945
        ],
        [
          0.021335,
          -0.762104,
          -0.647103,
          1.551584
        ],
        [
          0.0,
          0.0,
          0.0,
          1.0
        ]
      ]
    },
    {
      "file_path": "/media/NFS/ttao/scannet/posed_images/scene0033_00/00297.jpg",
      "transform_matrix": [
        [
          -0.103343,
          -0.643503,
          0.758435,
          1.267223
        ],
        [
          -0.994107,
          0.04172,
          -0.100058,
          6.466752
        ],
        [
          0.032747,
          -0.764306,
          -0.644022,
          1.554483
        ],
        [
          0.0,
          0.0,
          0.0,
          1.0
        ]
      ]
    },
    {
      "file_path": "/media/NFS/ttao/scannet/posed_images/scene0033_00/00303.jpg",
      "transform_matrix": [
        [
          -0.10338,
          -0.627018,
          0.772115,
          1.282482
        ],
        [
          -0.993879,
          0.034714,
          -0.104882,
          6.59317
        ],
        [
          0.03896,
          -0.778231,
          -0.626769,
          1.550205
        ],
        [
          0.0,
          0.0,
          0.0,
          1.0
        ]
      ]
    },
    {
      "file_path": "/media/NFS/ttao/scannet/posed_images/scene0033_00/00307.jpg",
      "transform_matrix": [
        [
          -0.122802,
          -0.624226,
          0.771532,
          1.285662
        ],
        [
          -0.992089,
          0.056819,
          -0.111937,
          6.69216
        ],
        [
          0.026037,
          -0.779175,
          -0.626266,
          1.550507
        ],
        [
          0.0,
          0.0,
          0.0,
          1.0
        ]
      ]
    },
    {
      "file_path": "/media/NFS/ttao/scannet/posed_images/scene0033_00/00316.jpg",
      "transform_matrix": [
        [
          -0.145642,
          -0.645974,
          0.749338,
          1.283041
        ],
        [
          -0.989202,
          0.107609,
          -0.099498,
          6.919724
        ],
        [
          -0.016362,
          -0.755737,
          -0.654671,
          1.547851
        ],
        [
          0.0,
          0.0,
          0.0,
          1.0
        ]
      ]
    },
    {
      "file_path": "/media/NFS/ttao/scannet/posed_images/scene0033_00/00317.jpg",
      "transform_matrix": [
        [
          -0.145495,
          -0.651137,
          0.744884,
          1.285236
        ],
        [
          -0.989225,
          0.108159,
          -0.098675,
          6.941334
        ],
        [
          -0.016314,
          -0.751214,
          -0.659858,
          1.549469
        ],
        [
          0.0,
          0.0,
          0.0,
          1.0
        ]
      ]
    },
    {
      "file_path": "/media/NFS/ttao/scannet/posed_images/scene0033_00/00323.jpg",
      "transform_matrix": [
        [
          -0.136641,
          -0.6447,
          0.752125,
          1.304739
        ],
        [
          -0.990592,
          0.094683,
          -0.098804,
          7.060286
        ],
        [
          -0.007514,
          -0.75855,
          -0.651572,
          1.550128
        ],
        [
          0.0,
          0.0,
          0.0,
          1.0
        ]
      ]
    },
    {
      "file_path": "/media/NFS/ttao/scannet/posed_images/scene0033_00/00326.jpg",
      "transform_matrix": [
        [
          -0.133833,
          -0.64476,
          0.752578,
          1.320472
        ],
        [
          -0.99098,
          0.092322,
          -0.097134,
          7.120124
        ],
        [
          -0.006852,
          -0.758789,
          -0.6513,
          1.545866
        ],
        [
          0.0,
          0.0,
          0.0,
          1.0
        ]
      ]
    },
    {
      "file_path": "/media/NFS/ttao/scannet/posed_images/scene0033_00/00331.jpg",
      "transform_matrix": [
        [
          -0.112403,
          -0.654088,
          0.748021,
          1.346097
        ],
        [
          -0.993662,
          0.073022,
          -0.085464,
          7.228953
        ],
        [
          0.00128,
          -0.752886,
          -0.65815,
          1.529026
        ],
        [
          0.0,
          0.0,
          0.0,
          1.0
        ]
      ]
    },
    {
      "file_path": "/media/NFS/ttao/scannet/posed_images/scene0033_00/00337.jpg",
      "transform_matrix": [
        [
          -0.078311,
          -0.665098,
          0.742639,
          1.379878
        ],
        [
          -0.996844,
          0.04253,
          -0.067028,
          7.37078
        ],
        [
          0.012996,
          -0.745544,
          -0.66633,
          1.525507
        ],
        [
          0.0,
          0.0,
          0.0,
          1.0
        ]
      ]
    },
    {
      "file_path": "/media/NFS/ttao/scannet/posed_images/scene0033_00/00344.jpg",
      "transform_matrix": [
        [
          -0.098449,
          -0.658721,
          0.745919,
          1.404692
        ],
        [
          -0.994322,
          0.034687,
          -0.100603,
          7.500422
        ],
        [
          0.040396,
          -0.751588,
          -0.658395,
          1.532427
        ],
        [
          0.0,
          0.0,
          0.0,
          1.0
        ]
      ]
    },
    {
      "file_path": "/media/NFS/ttao/scannet/posed_images/scene0033_00/00348.jpg",
      "transform_matrix": [
        [
          -0.143413,
          -0.656433,
          0.740628,
          1.405144
        ],
        [
          -0.988943,
          0.066519,
          -0.132539,
          7.579244
        ],
        [
          0.037738,
          -0.751446,
          -0.658715,
          1.52624
        ],
        [
          0.0,
          0.0,
          0.0,
          1.0
        ]
      ]
    },
    {
      "file_path": "/media/NFS/ttao/scannet/posed_images/scene0033_00/00353.jpg",
      "transform_matrix": [
        [
          -0.231539,
          -0.651092,
          0.72282,
          1.399472
        ],
        [
          -0.972825,
          0.154188,
          -0.172736,
          7.685771
        ],
        [
          0.001018,
          -0.743172,
          -0.6691,
          1.524327
        ],
        [
          0.0,
          0.0,
          0.0,
          1.0
        ]
      ]
    },
    {
      "file_path": "/media/NFS/ttao/scannet/posed_images/scene0033_00/00357.jpg",
      "transform_matrix": [
        [
          -0.271916,
          -0.657236,
          0.702925,
          1.390619
        ],
        [
          -0.961975,
          0.205242,
          -0.180225,
          7.766249
        ],
        [
          -0.025819,
          -0.725202,
          -0.688052,
          1.520543
        ],
        [
          0.0,
          0.0,
          0.0,
          1.0
        ]
      ]
    },
    {
      "file_path": "/media/NFS/ttao/scannet/posed_images/scene0033_00/00363.jpg",
      "transform_matrix": [
        [
          -0.305079,
          -0.663324,
          0.683322,
          1.407962
        ],
        [
          -0.952098,
          0.228199,
          -0.203557,
          7.876174
        ],
        [
          -0.020908,
          -0.71269,
          -0.701168,
          1.525219
        ],
        [
          0.0,
          0.0,
          0.0,
          1.0
        ]
      ]
    },
    {
      "file_path": "/media/NFS/ttao/scannet/posed_images/scene0033_00/00365.jpg",
      "transform_matrix": [
        [
          -0.315466,
          -0.659268,
          0.682531,
          1.414142
        ],
        [
          -0.948787,
          0.231931,
          -0.214504,
          7.904095
        ],
        [
          -0.016884,
