{
  "frames": [
    {
      "file_path": "/media/NFS/ttao/scannet/posed_images/scene0191_01/00001.jpg",
      "transform_matrix": [
        [
          -0.063067,
          -0.410675,
          0.909598,
          2.26367
        ],
        [
          -0.99797,
          0.034052,
          -0.053821,
          5.499553
        ],
        [
          -0.008871,
          -0.911146,
          -0.411989,
          1.322165
        ],
        [
          0.0,
          0.0,
          0.0,
          1.0
        ]
      ]
    },
    {
      "file_path": "/media/NFS/ttao/scannet/posed_images/scene0191_01/00006.jpg",
      "transform_matrix": [
        [
          -0.08117,
          -0.404283,
          0.911025,
          2.262447
        ],
        [
          -0.9967,
          0.033023,
          -0.074148,
          5.503664
        ],
        [
          -0.000108,
          -0.914038,
          -0.40563,
          1.319564
        ],
        [
          0.0,
          0.0,
          0.0,
          1.0
        ]
      ]
    },
    {
      "file_path": "/media/NFS/ttao/scannet/posed_images/scene0191_01/00008.jpg",
      "transform_matrix": [
        [
          -0.090183,
          -0.402679,
          0.910888,
          2.262161
        ],
        [
          -0.995925,
          0.037272,
          -0.082125,
          5.506367
        ],
        [
          -0.00088,
          -0.914582,
          -0.4044,
          1.318281
        ],
        [
          0.0,
          0.0,
          0.0,
          1.0
        ]
      ]
    },
    {
      "file_path": "/media/NFS/ttao/scannet/posed_images/scene0191_01/00011.jpg",
      "transform_matrix": [
        [
          -0.113083,
          -0.41758,
          0.901576,
          2.267555
        ],
        [
          -0.993575,
          0.043276,
          -0.104578,
          5.536669
        ],
        [
          0.004653,
          -0.907609,
          -0.419791,
          1.358662
        ],
        [
          0.0,
          0.0,
          0.0,
          1.0
        ]
      ]
    },
    {
      "file_path": "/media/NFS/ttao/scannet/posed_images/scene0191_01/00015.jpg",
      "transform_matrix": [
        [
          -0.144016,
          -0.423218,
          0.894509,
          2.282518
        ],
        [
          -0.989537,
          0.053637,
          -0.133938,
          5.531398
        ],
        [
          0.008706,
          -0.904439,
          -0.426514,
          1.352771
        ],
        [
          0.0,
          0.0,
          0.0,
          1.0
        ]
      ]
    },
    {
      "file_path": "/media/NFS/ttao/scannet/posed_images/scene0191_01/00021.jpg",
      "transform_matrix": [
        [
          -0.175543,
          -0.441538,
          0.879903,
          2.31047
        ],
        [
          -0.984471,
          0.079755,
          -0.156384,
          5.517172
        ],
        [
          -0.001127,
          -0.893691,
          -0.448682,
          1.327953
        ],
        [
          0.0,
          0.0,
          0.0,
          1.0
        ]
      ]
    },
    {
      "file_path": "/media/NFS/ttao/scannet/posed_images/scene0191_01/00024.jpg",
      "transform_matrix": [
        [
          -0.173917,
          -0.452732,
          0.874521,
          2.337026
        ],
        [
          -0.984672,
          0.091843,
          -0.148276,
          5.501399
        ],
        [
          -0.013189,
          -0.886904,
          -0.461766,
          1.326975
        ],
        [
          0.0,
          0.0,
          0.0,
          1.0
        ]
      ]
    },
    {
      "file_path": "/media/NFS/ttao/scannet/posed_images/scene0191_01/00027.jpg",
      "transform_matrix": [
        [
          -0.173584,
          -0.456459,
          0.872647,
          2.364552
        ],
        [
          -0.984605,
          0.098933,
          -0.144105,
          5.487211
        ],
        [
          -0.020556,
          -0.884227,
          -0.466605,
          1.317932
        ],
        [
          0.0,
          0.0,
          0.0,
          1.0
        ]
      ]
    },
    {
      "file_path": "/media/NFS/ttao/scannet/posed_images/scene0191_01/00031.jpg",
      "transform_matrix": [
        [
          -0.175088,
          -0.463395,
          0.868683,
          2.418662
        ],
        [
          -0.983989,
          0.112212,
          -0.13847,
          5.458942
        ],
        [
          -0.03331,
          -0.879019,
          -0.475622,
          1.325174
        ],
        [
          0.0,
          0.0,
          0.0,
          1.0
        ]
      ]
    },
    {
      "file_path": "/media/NFS/ttao/scannet/posed_images/scene0191_01/00037.jpg",
      "transform_matrix": [
        [
          -0.189589,
          -0.43528,
          0.880106,
          2.482572
        ],
        [
          -0.981478,
          0.10914,
          -0.157448,
          5.417192
        ],
        [
          -0.027521,
          -0.893655,
          -0.44791,
          1.336531
        ],
        [
          0.0,
          0.0,
          0.0,
          1.0
        ]
      ]
    },
    {
      "file_path": "/media/NFS/ttao/scannet/posed_images/scene0191_01/00039.jpg",
      "transform_matrix": [
        [
          -0.195949,
          -0.427091,
          0.882722,
          2.505547
        ],
        [
          -0.980249,
          0.109873,
          -0.164438,
          5.399394
        ],
        [
          -0.026758,
          -0.897509,
          -0.440185,
          1.344976
        ],
        [
          0.0,
          0.0,
          0.0,
          1.0
        ]
      ]
    },
    {
      "file_path": "/media/NFS/ttao/scannet/posed_images/scene0191_01/00043.jpg",
      "transform_matrix": [
        [
          -0.220297,
          -0.405211,
          0.887284,
          2.537366
        ],
        [
          -0.975282,
          0.107525,
          -0.19304,
          5.380174
        ],
        [
          -0.017183,
          -0.907878,
          -0.418883,
          1.348156
        ],
        [
          0.0,
          0.0,
          0.0,
          1.0
        ]
      ]
    },
    {
      "file_path": "/media/NFS/ttao/scannet/posed_images/scene0191_01/00046.jpg",
      "transform_matrix": [
        [
          -0.24375,
          -0.40749,
          0.880078,
          2.560617
        ],
        [
          -0.969793,
          0.111139,
          -0.217139,
          5.373806
        ],
        [
          -0.009329,
          -0.906422,
          -0.422271,
          1.359127
        ],
        [
          0.0,
          0.0,
          0.0,
          1.0
        ]
      ]
    },
    {
      "file_path": "/media/NFS/ttao/scannet/posed_images/scene0191_01/00052.jpg",
      "transform_matrix": [
        [
          -0.34433,
          -0.362498,
          0.866044,
          2.615016
        ],
        [
          -0.938843,
          0.136049,
          -0.316329,
          5.379234
        ],
        [
          -0.003156,
          -0.922001,
          -0.387174,
          1.373228
        ],
        [
          0.0,
          0.0,
          0.0,
          1.0
        ]
      ]
    },
    {
      "file_path": "/media/NFS/ttao/scannet/posed_images/scene0191_01/00057.jpg",
      "transform_matrix": [
        [
          -0.419188,
          -0.323223,
          0.848415,
          2.652673
        ],
        [
          -0.907859,
          0.158037,
          -0.38835,
          5.407733
        ],
        [
          -0.008557,
          -0.933033,
          -0.359688,
          1.384299
        ],
        [
          0.0,
          0.0,
          0.0,
          1.0
        ]
      ]
    },
    {
      "file_path": "/media/NFS/ttao/scannet/posed_images/scene0191_01/00062.jpg",
      "transform_matrix": [
        [
          -0.487602,
          -0.271729,
          0.829703,
          2.709621
        ],
        [
          -0.872775,
          0.176254,
          -0.455191,
          5.454217
        ],
        [
          -0.02255,
          -0.946096,
          -0.3231,
          1.390007
        ],
        [
          0.0,
          0.0,
          0.0,
          1.0
        ]
      ]
    },
    {
      "file_path": "/media/NFS/ttao/scannet/posed_images/scene0191_01/00063.jpg",
      "transform_matrix": [
        [
          -0.494943,
          -0.266848,
          0.826936,
          2.713982
        ],
        [
          -0.868604,
          0.17782,
          -0.462501,
          5.462302
        ],
        [
          -0.023628,
          -0.947192,
          -0.319796,
          1.386912
        ],
        [
          0.0,
          0.0,
          0.0,
          1.0
        ]
      ]
    },
    {
      "file_path": "/media/NFS/ttao/scannet/posed_images/scene0191_01/00066.jpg",
      "transform_matrix": [
        [
          -0.523451,
          -0.259274,
          0.81165,
          2.733423
        ],
        [
          -0.851475,
          0.194331,
          -0.487058,
          5.477014
        ],
        [
          -0.031447,
          -0.946051,
          -0.322488,
          1.3912
        ],
        [
          0.0,
          0.0,
          0.0,
          1.0
        ]
      ]
    },
    {
      "file_path": "/media/NFS/ttao/scannet/posed_images/scene0191_01/00071.jpg",
      "transform_matrix": [
        [
          -0.57686,
          -0.24576,
          0.778996,
          2.7617
        ],
        [
          -0.815543,
          0.227075,
          -0.532284,
          5.479565
        ],
        [
          -0.046077,
          -0.942358,
          -0.331419,
          1.389584
        ],
        [
          0.0,
          0.0,
          0.0,
          1.0
        ]
      ]
    },
    {
      "file_path": "/media/NFS/ttao/scannet/posed_images/scene0191_01/00077.jpg",
      "transform_matrix": [
        [
          -0.640743,
          -0.275328,
          0.716689,
          2.796408
        ],
        [
          -0.767666,
          0.244006,
          -0.592579,
          5.476116
        ],
        [
          -0.011723,
          -0.929869,
          -0.367705,
          1.367982
        ],
        [
          0.0,
          0.0,
          0.0,
          1.0
        ]
      ]
    },
    {
      "file_path": "/media/NFS/ttao/scannet/posed_images/scene0191_01/00079.jpg",
      "transform_matrix": [
        [
          -0.655463,
          -0.275915,
          0.703021,
          2.813354
        ],
        [
          -0.755064,
          0.258779,
          -0.602422,
          5.456867
        ],
        [
          -0.01571,
          -0.925692,
          -0.377953,
          1.370117
        ],
        [
          0.0,
          0.0,
          0.0,
          1.0
        ]
      ]
    },
    {
      "file_path": "/media/NFS/ttao/scannet/posed_images/scene0191_01/00085.jpg",
      "transform_matrix": [
        [
          -0.688951,
          -0.271074,
          0.672209,
          2.855693
        ],
        [
          -0.724588,
          0.280412,
          -0.629556,
          5.412297
        ],
        [
          -0.017839,
          -0.920808,
          -0.389608,
          1.345121
        ],
        [
          0.0,
          0.0,
          0.0,
          1.0
        ]
      ]
    },
    {
      "file_path": "/media/NFS/ttao/scannet/posed_images/scene0191_01/00088.jpg",
      "transform_matrix": [
        [
          -0.69566,
          -0.242675,
          0.67614,
          2.869945
        ],
        [
          -0.71715,
          0.289463,
          -0.633962,
          5.388954
        ],
        [
          -0.041871,
          -0.925916,
          -0.375402,
          1.341455
        ],
        [
          0.0,
          0.0,
          0.0,
          1.0
        ]
      ]
    },
    {
      "file_path": "/media/NFS/ttao/scannet/posed_images/scene0191_01/00090.jpg",
      "transform_matrix": [
        [
          -0.703343,
          -0.235323,
          0.67077,
          2.890777
        ],
        [
          -0.709125,
          0.297984,
          -0.63902,
          5.376326
        ],
        [
          -0.049502,
          -0.92511,
          -0.376459,
          1.347379
        ],
        [
          0.0,
          0.0,
          0.0,
          1.0
        ]
      ]
    },
    {
      "file_path": "/media/NFS/ttao/scannet/posed_images/scene0191_01/00094.jpg",
      "transform_matrix": [
        [
          -0.700175,
          -0.222364,
          0.67846,
          2.907463
        ],
        [
          -0.711776,
          0.291844,
          -0.638906,
          5.338123
        ],
        [
          -0.055935,
          -0.930259,
          -0.362616,
          1.350068
        ],
        [
          0.0,
          0.0,
          0.0,
          1.0
        ]
      ]
    },
    {
      "file_path": "/media/NFS/ttao/scannet/posed_images/scene0191_01/00100.jpg",
      "transform_matrix": [
        [
          -0.727367,
          -0.204398,
          0.655102,
          2.931285
        ],
        [
          -0.685111,
          0.27123,
          -0.67606,
          5.282961
        ],
        [
          -0.039498,
          -0.940561,
          -0.337319,
          1.347817
        ],
        [
          0.0,
          0.0,
          0.0,
          1.0
        ]
      ]
    },
    {
      "file_path": "/media/NFS/ttao/scannet/posed_images/scene0191_01/00103.jpg",
      "transform_matrix": [
        [
          -0.74699,
          -0.215344,
          0.628994,
          2.963487
        ],
        [
          -0.66432,
          0.278999,
          -0.693425,
          5.271039
        ],
        [
          -0.026164,
          -0.935835,
          -0.351467,
          1.345824
        ],
        [
          0.0,
          0.0,
          0.0,
          1.0
        ]
      ]
    },
    {
      "file_path": "/media/NFS/ttao/scannet/posed_images/scene0191_01/00109.jpg",
      "transform_matrix": [
        [
          -0.787398,
          -0.191928,
          0.585806,
          3.048963
        ],
        [
          -0.616344,
          0.262352,
          -0.74249,
          5.26118
        ],
        [
          -0.011183,
          -0.945693,
          -0.324869,
          1.348732
        ],
        [
          0.0,
          0.0,
          0.0,
          1.0
        ]
      ]
    },
    {
      "file_path": "/media/NFS/ttao/scannet/posed_images/scene0191_01/00110.jpg",
      "transform_matrix": [
        [
          -0.794842,
          -0.177808,
          0.580182,
          3.056142
        ],
        [
          -0.60656,
          0.260623,
          -0.751106,
          5.268572
        ],
        [
          -0.017656,
          -0.948926,
          -0.315005,
          1.343661
        ],
        [
          0.0,
          0.0,
          0.0,
          1.0
        ]
      ]
    },
    {
      "file_path": "/media/NFS/ttao/scannet/posed_images/scene0191_01/00116.jpg",
      "transform_matrix": [
        [
          -0.84812,
          -0.110605,
          0.51813,
          3.144659
        ],
        [
          -0.528719,
          0.239239,
          -0.814384,
          5.284122
        ],
        [
          -0.033881,
          -0.964641,
          -0.261382,
          1.367272
        ],
        [
          0.0,
          0.0,
          0.0,
          1.0
        ]
      ]
    },
    {
      "file_path": "/media/NFS/ttao/scannet/posed_images/scene0191_01/00119.jpg",
      "transform_matrix": [
        [
          -0.868409,
          -0.088758,
          0.48784,
          3.188133
        ],
        [
          -0.49407,
          0.238147,
          -0.83617,
          5.29143
        ],
        [
          -0.041961,
          -0.967165,
          -0.250662,
          1.374599
        ],
        [
          0.0,
          0.0,
          0.0,
          1.0
        ]
      ]
    },
    {
      "file_path": "/media/NFS/ttao/scannet/posed_images/scene0191_01/00122.jpg",
      "transform_matrix": [
        [
          -0.874018,
          -0.077344,
          0.479698,
          3.185395
        ],
        [
          -0.482646,
          0.252159,
          -0.838731,
          5.244191
        ],
        [
          -0.056089,
          -0.96459,
          -0.257721,
          1.380867
        ],
        [
          0.0,
          0.0,
          0.0,
          1.0
        ]
      ]
    },
    {
      "file_path": "/media/NFS/ttao/scannet/posed_images/scene0191_01/00128.jpg",
      "transform_matrix": [
        [
          -0.914777,
          -0.074119,
          0.397101,
          3.244816
        ],
        [
          -0.402132,
          0.260485,
          -0.877746,
          5.227705
        ],
        [
          -0.038381,
          -0.962629,
          -0.268092,
          1.376593
        ],
        [
          0.0,
          0.0,
          0.0,
          1.0
        ]
      ]
    },
    {
      "file_path": "/media/NFS/ttao/scannet/posed_images/scene0191_01/00129.jpg",
      "transform_matrix": [
        [
          -0.919278,
          -0.074301,
          0.386531,
          3.255092
        ],
        [
          -0.392077,
          0.259378,
          -0.882609,
          5.221015
        ],
        [
          -0.034679,
          -0.962913,
          -0.267573,
          1.373566
        ],
        [
          0.0,
          0.0,
          0.0,
          1.0
        ]
      ]
    },
    {
      "file_path": "/media/NFS/ttao/scannet/posed_images/scene0191_01/00134.jpg",
      "transform_matrix": [
        [
          -0.936838,
          -0.050138,
          0.346151,
          3.281849
        ],
        [
          -0.347013,
          0.257104,
          -0.901931,
          5.177159
        ],
        [
          -0.043776,
          -0.965082,
          -0.258263,
          1.370954
        ],
        [
          0.0,
          0.0,
          0.0,
          1.0
        ]
      ]
    },
    {
      "file_path": "/media/NFS/ttao/scannet/posed_images/scene0191_01/00140.jpg",
      "transform_matrix": [
        [
          -0.95097,
          -0.039312,
          0.306774,
          3.315765
        ],
        [
          -0.304583,
          0.291293,
          -0.906851,
          5.12372
        ],
        [
          -0.053711,
          -0.955826,
          -0.288985,
          1.365848
        ],
        [
          0.0,
          0.0,
          0.0,
          1.0
        ]
      ]
    },
    {
      "file_path": "/media/NFS/ttao/scannet/posed_images/scene0191_01/00144.jpg",
      "transform_matrix": [
        [
          -0.96981,
          -0.041227,
          0.240354,
          3.336652
        ],
        [
          -0.240748,
          0.318897,
          -0.916703,
          5.083481
        ],
        [
          -0.038855,
          -0.946892,
          -0.319195,
          1.363884
        ],
        [
          0.0,
          0.0,
          0.0,
          1.0
        ]
      ]
    },
    {
      "file_path": "/media/NFS/ttao/scannet/posed_images/scene0191_01/00146.jpg",
      "transform_matrix": [
        [
          -0.979477,
          -0.033497,
          0.198754,
          3.360503
        ],
        [
          -0.199078,
          0.314975,
          -0.927987,
          5.062594
        ],
        [
          -0.031518,
          -0.948509,
          -0.315179,
          1.370467
        ],
        [
          0.0,
          0.0,
          0.0,
          1.0
        ]
      ]
    },
    {
      "file_path": "/media/NFS/ttao/scannet/posed_images/scene0191_01/00152.jpg",
      "transform_matrix": [
        [
          -0.998185,
          0.002245,
          0.060184,
          3.385358
        ],
        [
          -0.057243,
          0.275249,
          -0.959668,
          5.029333
        ],
        [
          -0.01872,
          -0.961371,
          -0.27462,
          1.363817
        ],
        [
          0.0,
          0.0,
          0.0,
          1.0
        ]
      ]
    },
    {
      "file_path": "/media/NFS/ttao/scannet/posed_images/scene0191_01/00154.jpg",
      "transform_matrix": [
        [
          -0.999744,
          0.019531,
          0.011401,
          3.406949
        ],
        [
          -0.005499,
          0.279061,
          -0.960258,
          5.01349
        ],
        [
          -0.021937,
          -0.960075,
          -0.278883,
          1.372375
        ],
        [
          0.0,
          0.0,
          0.0,
          1.0
        ]
      ]
    },
    {
      "file_path": "/media/NFS/ttao/scannet/posed_images/scene0191_01/00159.jpg",
      "transform_matrix": [
        [
          -0.994236,
          0.054476,
          -0.092348,
          3.476661
        ],
        [
          0.102776,
          0.238847,
          -0.965603,
          4.989903
        ],
        [
          -0.030545,
          -0.969528,
          -0.243069,
          1.374533
        ],
        [
          0.0,
          0.0,
          0.0,
          1.0
        ]
      ]
    },
    {
      "file_path": "/media/NFS/ttao/scannet/posed_images/scene0191_01/00161.jpg",
      "transform_matrix": [
        [
          -0.99634,
          0.049645,
          -0.069588,
          3.339604
        ],
        [
          0.079574,
          0.24129,
          -0.967185,
          5.007467
        ],
        [
          -0.031225,
          -0.969182,
          -0.244357,
          1.368175
        ],
        [
          0.0,
          0.0,
          0.0,
          1.0
        ]
      ]
    },
    {
      "file_path": "/media/NFS/ttao/scannet/posed_images/scene0191_01/00168.jpg",
      "transform_matrix": [
        [
          -0.9727,
          0.079836,
          -0.2179,
          3.393214
        ],
        [
          0.230421,
          0.220722,
          -0.947728,
          4.977844
        ],
        [
          -0.027567,
          -0.972064,
          -0.233092,
          1.380992
        ],
        [
          0.0,
          0.0,
          0.0,
          1.0
        ]
      ]
    },
    {
      "file_path": "/media/NFS/ttao/scannet/posed_images/scene0191_01/00171.jpg",
      "transform_matrix": [
        [
          -0.962001,
          0.082846,
          -0.260174,
          3.370204
        ],
        [
          0.272195,
          0.215779,
          -0.937737,
          4.989267
        ],
        [
          -0.021548,
          -0.972921,
          -0.23013,
          1.371404
        ],
        [
          0.0,
          0.0,
          0.0,
          1.0
        ]
      ]
    },
    {
      "file_path": "/media/NFS/ttao/scannet/posed_images/scene0191_01/00173.jpg",
      "transform_matrix": [
        [
          -0.95039,
          0.086711,
          -0.298732,
          3.379005
        ],
        [
          0.310712,
          0.219048,
          -0.92492,
          4.981367
        ],
        [
          -0.014764,
          -0.971854,
          -0.235123,
          1.374836
        ],
        [
          0.0,
          0.0,
          0.0,
          1.0
        ]
      ]
    },
    {
      "file_path": "/media/NFS/ttao/scannet/posed_images/scene0191_01/00177.jpg",
      "transform_matrix": [
        [
          -0.924915,
          0.096592,
          -0.367699,
          3.383654
        ],
        [
          0.379937,
          0.200622,
          -0.902995,
          4.975492
        ],
        [
          -0.013453,
          -0.974895,
          -0.222257,
          1.378404
        ],
        [
          0.0,
          0.0,
          0.0,
          1.0
        ]
      ]
    },
    {
      "file_path": "/media/NFS/ttao/scannet/posed_images/scene0191_01/00183.jpg",
      "transform_matrix": [
        [
          -0.899669,
          0.101815,
          -0.424534,
          3.31842
        ],
        [
          0.436569,
          0.213849,
          -0.873886,
          4.986824
        ],
        [
          0.001811,
          -0.971546,
          -0.236843,
          1.394957
        ],
        [
          0.0,
          0.0,
          0.0,
          1.0
        ]
      ]
    },
    {
      "file_path": "/media/NFS/ttao/scannet/posed_images/scene0191_01/00186.jpg",
      "transform_matrix": [
        [
          -0.872992,
          0.114838,
          -0.474023,
          3.309397
        ],
        [
          0.487728,
          0.210832,
          -0.847155,
          4.982205
        ],
        [
          0.002654,
          -0.970754,
          -0.240064,
          1.400638
        ],
        [
          0.0,
          0.0,
          0.0,
          1.0
        ]
      ]
    },
    {
      "file_path": "/media/NFS/ttao/scannet/posed_images/scene0191_01/00190.jpg",
      "transform_matrix": [
        [
          -0.849773,
          0.12179,
          -0.512888,
          3.26
        ],
        [
          0.527148,
          0.198969,
          -0.826152,
          4.998214
        ],
        [
          0.001432,
          -0.972409,
          -0.233279,
          1.3827
        ],
        [
          0.0,
          0.0,
          0.0,
          1.0
        ]
      ]
    },
    {
      "file_path": "/media/NFS/ttao/scannet/posed_images/scene0191_01/00193.jpg",
      "transform_matrix": [
        [
          -0.825151,
          0.134757,
          -0.548604,
          3.245192
        ],
        [
          0.564913,
          0.196935,
          -0.801305,
          4.990752
        ],
        [
          5.8e-05,
          -0.971111,
          -0.238627,
          1.392893
        ],
        [
          0.0,
          0.0,
          0.0,
          1.0
        ]
      ]
    },
    {
      "file_path": "/media/NFS/ttao/scannet/posed_images/scene0191_01/00197.jpg",
      "transform_matrix": [
        [
          -0.794331,
          0.145788,
          -0.589732,
          3.228455
        ],
        [
          0.607483,
          0.193291,
          -0.770456,
          4.982519
        ],
        [
          0.001667,
          -0.97025,
          -0.242101,
          1.396942
        ],
        [
          0.0,
          0.0,
          0.0,
          1.0
        ]
      ]
    },
    {
      "file_path": "/media/NFS/ttao/scannet/posed_images/scene0191_01/00200.jpg",
      "transform_matrix": [
        [
          -0.802513,
          0.145131,
          -0.578714,
          3.131233
        ],
        [
          0.596617,
          0.187788,
          -0.780246,
          5.044014
        ],
        [
          -0.004562,
          -0.971428,
          -0.23729,
          1.382394
        ],
        [
          0.0,
          0.0,
          0.0,
          1.0
        ]
      ]
    },
    {
      "file_path": "/media/NFS/ttao/scannet/posed_images/scene0191_01/00206.jpg",
      "transform_matrix": [
        [
          -0.751581,
          0.15041,
          -0.642264,
          3.098441
        ],
        [
          0.659579,
          0.184709,
          -0.728586,
          5.035556
        ],
        [
          0.009045,
          -0.971215,
          -0.238031,
          1.377805
        ],
        [
          0.0,
          0.0,
          0.0,
          1.0
        ]
      ]
    },
    {
      "file_path": "/media/NFS/ttao/scannet/posed_images/scene0191_01/00211.jpg",
      "transform_matrix": [
        [
          -0.714568,
          0.164174,
          -0.680029,
          3.016525
        ],
        [
          0.699102,
          0.202973,
          -0.685608,
          5.07197
        ],
        [
          0.025469,
          -0.965323,
          -0.259812,
          1.369192
        ],
        [
          0.0,
          0.0,
          0.0,
          1.0
        ]
      ]
    },
    {
      "file_path": "/media/NFS/ttao/scannet/posed_images/scene0191_01/00212.jpg",
      "transform_matrix": [
        [
          -0.702758,
          0.167441,
          -0.691444,
          3.013353
        ],
        [
          0.710855,
          0.204313,
          -0.673009,
          5.067916
        ],
        [
          0.028582,
          -0.964479,
          -0.262609,
          1.372721
        ],
        [
          0.0,
          0.0,
          0.0,
          1.0
        ]
      ]
    },
    {
      "file_path": "/media/NFS/ttao/scannet/posed_images/scene0191_01/00218.jpg",
      "transform_matrix": [
        [
          -0.601906,
          0.170751,
          -0.780099,
          3.028979
        ],
        [
          0.79836,
          0.150912,
          -0.582964,
          5.020593
        ],
        [
          0.018185,
          -0.973689,
          -0.227155,
          1.362584
        ],
        [
          0.0,
          0.0,
          0.0,
          1.0
        ]
      ]
    },
    {
      "file_path": "/media/NFS/ttao/scannet/posed_images/scene0191_01/00223.jpg",
      "transform_matrix": [
        [
          -0.545809,
          0.258689,
          -0.796977,
          2.995216
        ],
        [
          0.836994,
          0.123871,
          -0.533007,
          5.037555
        ],
        [
          -0.039161,
          -0.957985,
          -0.284131,
          1.364044
        ],
        [
          0.0,
          0.0,
          0.0,
          1.0
        ]
      ]
    },
    {
      "file_path": "/media/NFS/ttao/scannet/posed_images/scene0191_01/00225.jpg",
      "transform_matrix": [
        [
          -0.509514,
          0.264829,
          -0.818694,
          3.011928
        ],
        [
          0.859421,
          0.109841,
          -0.49933,
          5.019383
        ],
        [
          -0.042311,
          -0.958019,
          -0.283565,
          1.357548
        ],
        [
          0.0,
          0.0,
          0.0,
          1.0
        ]
      ]
    },
    {
      "file_path": "/media/NFS/ttao/scannet/posed_images/scene0191_01/00231.jpg",
      "transform_matrix": [
        [
          -0.399306,
          0.285494,
          -0.871233,
          3.030856
        ],
        [
          0.916807,
          0.119853,
          -0.380919,
          4.967185
        ],
        [
          -0.00433,
          -0.950857,
          -0.309601,
          1.368628
        ],
        [
          0.0,
          0.0,
          0.0,
          1.0
        ]
      ]
    },
    {
      "file_path": "/media/NFS/ttao/scannet/posed_images/scene0191_01/00234.jpg",
      "transform_matrix": [
        [
          -0.358555,
          0.274048,
          -0.892377,
          3.059836
        ],
        [
          0.933504,
          0.108237,
          -0.341841,
          4.936738
        ],
        [
          0.002908,
          -0.955606,
          -0.294634,
          1.356672
        ],
        [
          0.0,
          0.0,
          0.0,
          1.0
        ]
      ]
    },
    {
      "file_path": "/media/NFS/ttao/scannet/posed_images/scene0191_01/00237.jpg",
      "transform_matrix": [
        [
          -0.320096,
          0.293297,
          -0.900842,
          3.071684
        ],
        [
          0.947349,
          0.107447,
          -0.301638,
          4.925735
        ],
        [
          0.008323,
          -0.949964,
          -0.312248,
          1.359301
        ],
        [
          0.0,
          0.0,
          0.0,
          1.0
        ]
      ]
    },
    {
      "file_path": "/media/NFS/ttao/scannet/posed_images/scene0191_01/00242.jpg",
      "transform_matrix": [
        [
          -0.266082,
          0.266393,
          -0.92641,
          3.106157
        ],
        [
          0.963925,
          0.080462,
          -0.25372,
          4.915458
        ],
        [
          0.006951,
          -0.9605,
          -0.278193,
          1.375145
        ],
        [
          0.0,
          0.0,
          0.0,
          1.0
        ]
      ]
    },
    {
      "file_path": "/media/NFS/ttao/scannet/posed_images/scene0191_01/00246.jpg",
      "transform_matrix": [
        [
          -0.237095,
          0.244382,
          -0.940247,
          3.136341
        ],
        [
          0.97147,
          0.065259,
          -0.228006,
          4.915359
        ],
        [
          0.005639,
          -0.967481,
          -0.252882,
          1.383288
        ],
        [
          0.0,
          0.0,
          0.0,
          1.0
        ]
      ]
    },
    {
      "file_path": "/media/NFS/ttao/scannet/posed_images/scene0191_01/00251.jpg",
      "transform_matrix": [
        [
          -0.195662,
          0.211228,
          -0.957653,
          3.182705
        ],
        [
          0.980451,
          0.06283,
          -0.186462,
          4.92384
        ],
        [
          0.020783,
          -0.975415,
          -0.219392,
          1.390168
        ],
        [
          0.0,
          0.0,
          0.0,
          1.0
        ]
      ]
    },
    {
      "file_path": "/media/NFS/ttao/scannet/posed_images/scene0191_01/00255.jpg",
      "transform_matrix": [
        [
          -0.158999,
          0.219302,
          -0.962614,
          3.22789
        ],
        [
          0.987143,
          0.051492,
          -0.15132,
          4.932294
        ],
        [
          0.016382,
          -0.974297,
          -0.22467,
          1.388635
        ],
        [
          0.0,
          0.0,
          0.0,
          1.0
        ]
      ]
    },
    {
      "file_path": "/media/NFS/ttao/scannet/posed_images/scene0191_01/00259.jpg",
      "transform_matrix": [
        [
          -0.142729,
          0.224003,
          -0.96408,
          3.268704
        ],
        [
          0.98975,
          0.03713,
          -0.137902,
          4.947628
        ],
        [
          0.004906,
          -0.973881,
          -0.227006,
          1.390428
        ],
        [
          0.0,
          0.0,
          0.0,
          1.0
        ]
      ]
    },
    {
      "file_path": "/media/NFS/ttao/scannet/posed_images/scene0191_01/00263.jpg",
      "transform_matrix": [
        [
          -0.133881,
          0.238959,
          -0.961756,
          3.306899
        ],
        [
          0.990965,
          0.024435,
          -0.131876,
          4.943988
        ],
        [
          -0.008012,
          -0.970722,
          -0.240072,
          1.36388
        ],
        [
          0.0,
          0.0,
          0.0,
          1.0
        ]
      ]
    },
    {
      "file_path": "/media/NFS/ttao/scannet/posed_images/scene0191_01/00264.jpg",
      "transform_matrix": [
        [
          -0.133581,
          0.244789,
          -0.96033,
          3.314157
        ],
        [
          0.991011,
          0.025816,
          -0.131268,
          4.943135
        ],
        [
          -0.007341,
          -0.969233,
          -0.246037,
          1.365188
        ],
        [
          0.0,
          0.0,
          0.0,
          1.0
        ]
      ]
    },
    {
      "file_path": "/media/NFS/ttao/scannet/posed_images/scene0191_01/00270.jpg",
      "transform_matrix": [
        [
          -0.121089,
          0.206341,
          -0.970958,
          3.35323
        ],
        [
          0.99263,
          0.020565,
          -0.119422,
          4.937915
        ],
        [
          -0.004674,
          -0.978264,
          -0.207311,
          1.396425
        ],
        [
          0.0,
          0.0,
          0.0,
          1.0
        ]
      ]
    },
    {
      "file_path": "/media/NFS/ttao/scannet/posed_images/scene0191_01/00272.jpg",
      "transform_matrix": [
        [
          -0.118124,
          0.196347,
          -0.973393,
          3.369323
        ],
        [
          0.992996,
          0.025474,
          -0.115364,
          4.932985
        ],
        [
          0.002145,
          -0.980204,
          -0.197981,
          1.386108
        ],
        [
          0.0,
          0.0,
          0.0,
          1.0
        ]
      ]
    },
    {
      "file_path": "/media/NFS/ttao/scannet/posed_images/scene0191_01/00276.jpg",
      "transform_matrix": [
        [
          -0.086509,
          0.198796,
          -0.976215,
          3.385724
        ],
        [
          0.996229,
          0.010761,
          -0.086091,
          4.923281
        ],
        [
          -0.00661,
          -0.979982,
          -0.198978,
          1.388029
        ],
        [
          0.0,
          0.0,
          0.0,
          1.0
        ]
      ]
    },
    {
      "file_path": "/media/NFS/ttao/scannet/posed_images/scene0191_01/00282.jpg",
      "transform_matrix": [
        [
          -0.017876,
          0.18311,
          -0.98293,
          3.402398
        ],
        [
          0.999837,
          0.000854,
          -0.018025,
          4.878465
        ],
        [
          -0.002462,
          -0.983092,
          -0.183095,
          1.402749
        ],
        [
          0.0,
          0.0,
          0.0,
          1.0
        ]
      ]
    },
    {
      "file_path": "/media/NFS/ttao/scannet/posed_images/scene0191_01/00286.jpg",
      "transform_matrix": [
        [
          0.030401,
          0.172466,
          -0.984546,
          3.415248
        ],
        [
          0.999526,
          -0.010017,
          0.029109,
          4.823908
        ],
        [
          -0.004842,
          -0.984965,
          -0.172689,
          1.40301
        ],
        [
          0.0,
          0.0,
          0.0,
          1.0
        ]
      ]
    },
    {
      "file_path": "/media/NFS/ttao/scannet/posed_images/scene0191_01/00289.jpg",
      "transform_matrix": [
        [
          0.055848,
          0.168047,
          -0.984196,
          3.425556
        ],
        [
          0.99843,
          -0.013656,
          0.054324,
          4.788204
        ],
        [
          -0.004311,
          -0.985685,
          -0.168545,
          1.405923
        ],
        [
          0.0,
          0.0,
          0.0,
          1.0
        ]
      ]
    },
    {
      "file_path": "/media/NFS/ttao/scannet/posed_images/scene0191_01/00294.jpg",
      "transform_matrix": [
        [
          0.107687,
          0.165106,
          -0.980379,
          3.435958
        ],
        [
          0.994185,
          -0.017306,
          0.106289,
          4.74255
        ],
        [
          0.000583,
          -0.986124,
          -0.166009,
          1.393662
        ],
        [
          0.0,
          0.0,
          0.0,
          1.0
        ]
      ]
    },
    {
      "file_path": "/media/NFS/ttao/scannet/posed_images/scene0191_01/00295.jpg",
      "transform_matrix": [
        [
          0.123306,
          0.165582,
          -0.978457,
          3.436511
        ],
        [
          0.992365,
          -0.017957,
          0.12202,
          4.725202
        ],
        [
          0.002635,
          -0.986033,
          -0.166532,
          1.395313
        ],
        [
          0.0,
          0.0,
          0.0,
          1.0
        ]
      ]
    },
    {
      "file_path": "/media/NFS/ttao/scannet/posed_images/scene0191_01/00300.jpg",
      "transform_matrix": [
        [
          0.194431,
          0.169817,
          -0.966105,
          3.441589
        ],
        [
          0.980871,
          -0.024235,
          0.193143,
          4.667518
        ],
        [
          0.009386,
          -0.985178,
          -0.17128,
          1.393142
        ],
        [
          0.0,
          0.0,
          0.0,
          1.0
        ]
      ]
    },
    {
      "file_path": "/media/NFS/ttao/scannet/posed_images/scene0191_01/00304.jpg",
      "transform_matrix": [
        [
          0.248781,
          0.171542,
          -0.953248,
          3.436936
        ],
        [
          0.968521,
          -0.035238,
          0.246425,
          4.62875
        ],
        [
          0.008682,
