{
  "frames": [
    {
      "file_path": "/media/NFS/ttao/scannet/posed_images/scene0077_00/00000.jpg",
      "transform_matrix": [
        [
          0.348231,
          0.123124,
          -0.929288,
          2.712005
        ],
        [
          0.936413,
          -1.6e-05,
          0.350899,
          2.075202
        ],
        [
          0.043189,
          -0.992391,
          -0.1153,
          1.464169
        ],
        [
          0.0,
          0.0,
          0.0,
          1.0
        ]
      ]
    },
    {
      "file_path": "/media/NFS/ttao/scannet/posed_images/scene0077_00/00002.jpg",
      "transform_matrix": [
        [
          0.34832,
          0.118845,
          -0.929811,
          2.712512
        ],
        [
          0.936428,
          0.00049,
          0.350861,
          2.080143
        ],
        [
          0.042154,
          -0.992913,
          -0.111119,
          1.464219
        ],
        [
          0.0,
          0.0,
          0.0,
          1.0
        ]
      ]
    },
    {
      "file_path": "/media/NFS/ttao/scannet/posed_images/scene0077_00/00004.jpg",
      "transform_matrix": [
        [
          0.34785,
          0.12218,
          -0.929555,
          2.709976
        ],
        [
          0.936582,
          -0.000241,
          0.350448,
          2.082475
        ],
        [
          0.042594,
          -0.992508,
          -0.114515,
          1.464411
        ],
        [
          0.0,
          0.0,
          0.0,
          1.0
        ]
      ]
    },
    {
      "file_path": "/media/NFS/ttao/scannet/posed_images/scene0077_00/00007.jpg",
      "transform_matrix": [
        [
          0.340719,
          0.12692,
          -0.931559,
          2.705745
        ],
        [
          0.939346,
          -0.004603,
          0.34294,
          2.08535
        ],
        [
          0.039238,
          -0.991902,
          -0.12079,
          1.466482
        ],
        [
          0.0,
          0.0,
          0.0,
          1.0
        ]
      ]
    },
    {
      "file_path": "/media/NFS/ttao/scannet/posed_images/scene0077_00/00009.jpg",
      "transform_matrix": [
        [
          0.330226,
          0.128954,
          -0.935052,
          2.702959
        ],
        [
          0.94318,
          -0.00633,
          0.332223,
          2.087481
        ],
        [
          0.036923,
          -0.99163,
          -0.123717,
          1.468829
        ],
        [
          0.0,
          0.0,
          0.0,
          1.0
        ]
      ]
    },
    {
      "file_path": "/media/NFS/ttao/scannet/posed_images/scene0077_00/00010.jpg",
      "transform_matrix": [
        [
          0.324341,
          0.127828,
          -0.937264,
          2.702747
        ],
        [
          0.945422,
          -0.011021,
          0.325662,
          2.088304
        ],
        [
          0.031299,
          -0.991735,
          -0.124425,
          1.469941
        ],
        [
          0.0,
          0.0,
          0.0,
          1.0
        ]
      ]
    },
    {
      "file_path": "/media/NFS/ttao/scannet/posed_images/scene0077_00/00012.jpg",
      "transform_matrix": [
        [
          0.30657,
          0.12865,
          -0.943114,
          2.701403
        ],
        [
          0.951395,
          -0.010853,
          0.307782,
          2.089616
        ],
        [
          0.02936,
          -0.991631,
          -0.125724,
          1.470419
        ],
        [
          0.0,
          0.0,
          0.0,
          1.0
        ]
      ]
    },
    {
      "file_path": "/media/NFS/ttao/scannet/posed_images/scene0077_00/00014.jpg",
      "transform_matrix": [
        [
          0.288383,
          0.127297,
          -0.949016,
          2.699105
        ],
        [
          0.957016,
          -0.006315,
          0.289967,
          2.091106
        ],
        [
          0.030919,
          -0.991845,
          -0.123647,
          1.471534
        ],
        [
          0.0,
          0.0,
          0.0,
          1.0
        ]
      ]
    },
    {
      "file_path": "/media/NFS/ttao/scannet/posed_images/scene0077_00/00016.jpg",
      "transform_matrix": [
        [
          0.268221,
          0.122689,
          -0.955513,
          2.699448
        ],
        [
          0.962889,
          -0.003228,
          0.269877,
          2.094235
        ],
        [
          0.030026,
          -0.99244,
          -0.119002,
          1.47429
        ],
        [
          0.0,
          0.0,
          0.0,
          1.0
        ]
      ]
    },
    {
      "file_path": "/media/NFS/ttao/scannet/posed_images/scene0077_00/00019.jpg",
      "transform_matrix": [
        [
          0.231046,
          0.116573,
          -0.965934,
          2.694583
        ],
        [
          0.97244,
          0.004254,
          0.233115,
          2.097513
        ],
        [
          0.031284,
          -0.993173,
          -0.112378,
          1.482225
        ],
        [
          0.0,
          0.0,
          0.0,
          1.0
        ]
      ]
    },
    {
      "file_path": "/media/NFS/ttao/scannet/posed_images/scene0077_00/00021.jpg",
      "transform_matrix": [
        [
          0.199345,
          0.108367,
          -0.973919,
          2.698478
        ],
        [
          0.979554,
          0.005486,
          0.201108,
          2.097298
        ],
        [
          0.027137,
          -0.994096,
          -0.105058,
          1.482351
        ],
        [
          0.0,
          0.0,
          0.0,
          1.0
        ]
      ]
    },
    {
      "file_path": "/media/NFS/ttao/scannet/posed_images/scene0077_00/00022.jpg",
      "transform_matrix": [
        [
          0.180841,
          0.107194,
          -0.977653,
          2.698627
        ],
        [
          0.983135,
          0.007821,
          0.182713,
          2.098479
        ],
        [
          0.027232,
          -0.994207,
          -0.103972,
          1.482196
        ],
        [
          0.0,
          0.0,
          0.0,
          1.0
        ]
      ]
    },
    {
      "file_path": "/media/NFS/ttao/scannet/posed_images/scene0077_00/00024.jpg",
      "transform_matrix": [
        [
          0.142468,
          0.111411,
          -0.983509,
          2.695105
        ],
        [
          0.989361,
          0.013544,
          0.14485,
          2.100121
        ],
        [
          0.029459,
          -0.993682,
          -0.108296,
          1.483582
        ],
        [
          0.0,
          0.0,
          0.0,
          1.0
        ]
      ]
    },
    {
      "file_path": "/media/NFS/ttao/scannet/posed_images/scene0077_00/00027.jpg",
      "transform_matrix": [
        [
          0.080151,
          0.122354,
          -0.989245,
          2.688166
        ],
        [
          0.996155,
          0.025377,
          0.083849,
          2.10448
        ],
        [
          0.035364,
          -0.992162,
          -0.11985,
          1.481648
        ],
        [
          0.0,
          0.0,
          0.0,
          1.0
        ]
      ]
    },
    {
      "file_path": "/media/NFS/ttao/scannet/posed_images/scene0077_00/00029.jpg",
      "transform_matrix": [
        [
          0.041184,
          0.122208,
          -0.99165,
          2.684022
        ],
        [
          0.998531,
          0.029945,
          0.04516,
          2.103853
        ],
        [
          0.035214,
          -0.992053,
          -0.120796,
          1.474665
        ],
        [
          0.0,
          0.0,
          0.0,
          1.0
        ]
      ]
    },
    {
      "file_path": "/media/NFS/ttao/scannet/posed_images/scene0077_00/00031.jpg",
      "transform_matrix": [
        [
          -0.000258,
          0.127542,
          -0.991833,
          2.679096
        ],
        [
          0.999871,
          0.015931,
          0.001789,
          2.127592
        ],
        [
          0.016029,
          -0.991705,
          -0.12753,
          1.478624
        ],
        [
          0.0,
          0.0,
          0.0,
          1.0
        ]
      ]
    },
    {
      "file_path": "/media/NFS/ttao/scannet/posed_images/scene0077_00/00033.jpg",
      "transform_matrix": [
        [
          -0.023189,
          0.126597,
          -0.991683,
          2.671244
        ],
        [
          0.999679,
          0.013026,
          -0.021713,
          2.124114
        ],
        [
          0.010169,
          -0.991869,
          -0.126858,
          1.474996
        ],
        [
          0.0,
          0.0,
          0.0,
          1.0
        ]
      ]
    },
    {
      "file_path": "/media/NFS/ttao/scannet/posed_images/scene0077_00/00034.jpg",
      "transform_matrix": [
        [
          -0.036291,
          0.125955,
          -0.991372,
          2.666056
        ],
        [
          0.999309,
          0.012553,
          -0.034987,
          2.124866
        ],
        [
          0.008038,
          -0.991956,
          -0.126324,
          1.473415
        ],
        [
          0.0,
          0.0,
          0.0,
          1.0
        ]
      ]
    },
    {
      "file_path": "/media/NFS/ttao/scannet/posed_images/scene0077_00/00036.jpg",
      "transform_matrix": [
        [
          -0.058626,
          0.11893,
          -0.99117,
          2.65438
        ],
        [
          0.998209,
          0.018819,
          -0.056784,
          2.118497
        ],
        [
          0.0119,
          -0.992724,
          -0.11982,
          1.471037
        ],
        [
          0.0,
          0.0,
          0.0,
          1.0
        ]
      ]
    },
    {
      "file_path": "/media/NFS/ttao/scannet/posed_images/scene0077_00/00038.jpg",
      "transform_matrix": [
        [
          -0.07752,
          0.109276,
          -0.990984,
          2.64123
        ],
        [
          0.996828,
          0.026451,
          -0.07506,
          2.112707
        ],
        [
          0.01801,
          -0.993659,
          -0.11098,
          1.474361
        ],
        [
          0.0,
          0.0,
          0.0,
          1.0
        ]
      ]
    },
    {
      "file_path": "/media/NFS/ttao/scannet/posed_images/scene0077_00/00040.jpg",
      "transform_matrix": [
        [
          -0.105329,
          0.098545,
          -0.989543,
          2.626921
        ],
        [
          0.994339,
          0.024406,
          -0.103409,
          2.135043
        ],
        [
          0.01396,
          -0.994833,
          -0.100558,
          1.481723
        ],
        [
          0.0,
          0.0,
          0.0,
          1.0
        ]
      ]
    },
    {
      "file_path": "/media/NFS/ttao/scannet/posed_images/scene0077_00/00043.jpg",
      "transform_matrix": [
        [
          -0.12431,
          0.070223,
          -0.989755,
          2.610593
        ],
        [
          0.99213,
          0.023908,
          -0.122911,
          2.124063
        ],
        [
          0.015032,
          -0.997245,
          -0.072643,
          1.492057
        ],
        [
          0.0,
          0.0,
          0.0,
          1.0
        ]
      ]
    },
    {
      "file_path": "/media/NFS/ttao/scannet/posed_images/scene0077_00/00045.jpg",
      "transform_matrix": [
        [
          -0.137411,
          0.049747,
          -0.989264,
          2.601334
        ],
        [
          0.99035,
          0.025045,
          -0.136302,
          2.114688
        ],
        [
          0.017996,
          -0.998448,
          -0.052708,
          1.498781
        ],
        [
          0.0,
          0.0,
          0.0,
          1.0
        ]
      ]
    },
    {
      "file_path": "/media/NFS/ttao/scannet/posed_images/scene0077_00/00047.jpg",
      "transform_matrix": [
        [
          -0.164084,
          0.031236,
          -0.985952,
          2.589778
        ],
        [
          0.986285,
          0.023274,
          -0.163402,
          2.118296
        ],
        [
          0.017844,
          -0.999241,
          -0.034626,
          1.502757
        ],
        [
          0.0,
          0.0,
          0.0,
          1.0
        ]
      ]
    },
    {
      "file_path": "/media/NFS/ttao/scannet/posed_images/scene0077_00/00049.jpg",
      "transform_matrix": [
        [
          -0.187293,
          0.020565,
          -0.982089,
          2.578602
        ],
        [
          0.981984,
          0.029448,
          -0.186656,
          2.115249
        ],
        [
          0.025082,
          -0.999355,
          -0.02571,
          1.509176
        ],
        [
          0.0,
          0.0,
          0.0,
          1.0
        ]
      ]
    },
    {
      "file_path": "/media/NFS/ttao/scannet/posed_images/scene0077_00/00051.jpg",
      "transform_matrix": [
        [
          -0.208623,
          0.01683,
          -0.977852,
          2.566021
        ],
        [
          0.977541,
          0.034092,
          -0.20797,
          2.116213
        ],
        [
          0.029837,
          -0.999277,
          -0.023564,
          1.504875
        ],
        [
          0.0,
          0.0,
          0.0,
          1.0
        ]
      ]
    },
    {
      "file_path": "/media/NFS/ttao/scannet/posed_images/scene0077_00/00053.jpg",
      "transform_matrix": [
        [
          -0.225904,
          0.015047,
          -0.974033,
          2.556897
        ],
        [
          0.973565,
          0.03811,
          -0.225206,
          2.113746
        ],
        [
          0.033732,
          -0.99916,
          -0.023258,
          1.510533
        ],
        [
          0.0,
          0.0,
          0.0,
          1.0
        ]
      ]
    },
    {
      "file_path": "/media/NFS/ttao/scannet/posed_images/scene0077_00/00054.jpg",
      "transform_matrix": [
        [
          -0.233857,
          0.01526,
          -0.972151,
          2.551758
        ],
        [
          0.971656,
          0.039224,
          -0.233122,
          2.113245
        ],
        [
          0.034575,
          -0.999114,
          -0.024,
          1.515935
        ],
        [
          0.0,
          0.0,
          0.0,
          1.0
        ]
      ]
    },
    {
      "file_path": "/media/NFS/ttao/scannet/posed_images/scene0077_00/00057.jpg",
      "transform_matrix": [
        [
          -0.258881,
          0.006189,
          -0.965889,
          2.540374
        ],
        [
          0.965287,
          0.037541,
          -0.258479,
          2.118075
        ],
        [
          0.034661,
          -0.999276,
          -0.015693,
          1.523851
        ],
        [
          0.0,
          0.0,
          0.0,
          1.0
        ]
      ]
    },
    {
      "file_path": "/media/NFS/ttao/scannet/posed_images/scene0077_00/00058.jpg",
      "transform_matrix": [
        [
          -0.267041,
          0.007247,
          -0.963658,
          2.536517
        ],
        [
          0.963079,
          0.037459,
          -0.266599,
          2.119457
        ],
        [
          0.034166,
          -0.999272,
          -0.016983,
          1.528782
        ],
        [
          0.0,
          0.0,
          0.0,
          1.0
        ]
      ]
    },
    {
      "file_path": "/media/NFS/ttao/scannet/posed_images/scene0077_00/00061.jpg",
      "transform_matrix": [
        [
          -0.282917,
          -0.003767,
          -0.959137,
          2.52644
        ],
        [
          0.958674,
          0.030215,
          -0.282899,
          2.122343
        ],
        [
          0.030046,
          -0.999536,
          -0.004937,
          1.537843
        ],
        [
          0.0,
          0.0,
          0.0,
          1.0
        ]
      ]
    },
    {
      "file_path": "/media/NFS/ttao/scannet/posed_images/scene0077_00/00062.jpg",
      "transform_matrix": [
        [
          -0.28543,
          -0.014209,
          -0.958294,
          2.523085
        ],
        [
          0.957893,
          0.02829,
          -0.285729,
          2.127806
        ],
        [
          0.03117,
          -0.999499,
          0.005535,
          1.535306
        ],
        [
          0.0,
          0.0,
          0.0,
          1.0
        ]
      ]
    },
    {
      "file_path": "/media/NFS/ttao/scannet/posed_images/scene0077_00/00065.jpg",
      "transform_matrix": [
        [
          -0.277347,
          -0.033191,
          -0.960196,
          2.532052
        ],
        [
          0.960016,
          0.030018,
          -0.278332,
          2.092454
        ],
        [
          0.038061,
          -0.998998,
          0.023538,
          1.538979
        ],
        [
          0.0,
          0.0,
          0.0,
          1.0
        ]
      ]
    },
    {
      "file_path": "/media/NFS/ttao/scannet/posed_images/scene0077_00/00066.jpg",
      "transform_matrix": [
        [
          -0.283195,
          -0.039738,
          -0.958238,
          2.531379
        ],
        [
          0.958173,
          0.031288,
          -0.284474,
          2.094364
        ],
        [
          0.041286,
          -0.99872,
          0.029215,
          1.537995
        ],
        [
          0.0,
          0.0,
          0.0,
          1.0
        ]
      ]
    },
    {
      "file_path": "/media/NFS/ttao/scannet/posed_images/scene0077_00/00069.jpg",
      "transform_matrix": [
        [
          -0.305603,
          -0.05659,
          -0.950476,
          2.525426
        ],
        [
          0.950784,
          0.03548,
          -0.307815,
          2.116344
        ],
        [
          0.051142,
          -0.997767,
          0.042962,
          1.553565
        ],
        [
          0.0,
          0.0,
          0.0,
          1.0
        ]
      ]
    },
    {
      "file_path": "/media/NFS/ttao/scannet/posed_images/scene0077_00/00070.jpg",
      "transform_matrix": [
        [
          -0.307162,
          -0.065269,
          -0.949416,
          2.524221
        ],
        [
          0.949971,
          0.038336,
          -0.309977,
          2.11736
        ],
        [
          0.056629,
          -0.997131,
          0.050228,
          1.557176
        ],
        [
          0.0,
          0.0,
          0.0,
          1.0
        ]
      ]
    },
    {
      "file_path": "/media/NFS/ttao/scannet/posed_images/scene0077_00/00072.jpg",
      "transform_matrix": [
        [
          -0.313724,
          -0.092673,
          -0.944981,
          2.522444
        ],
        [
          0.947636,
          0.032013,
          -0.317745,
          2.128203
        ],
        [
          0.059698,
          -0.995182,
          0.077777,
          1.548916
        ],
        [
          0.0,
          0.0,
          0.0,
          1.0
        ]
      ]
    },
    {
      "file_path": "/media/NFS/ttao/scannet/posed_images/scene0077_00/00074.jpg",
      "transform_matrix": [
        [
          -0.319677,
          -0.111829,
          -0.940904,
          2.523715
        ],
        [
          0.94588,
          0.02085,
          -0.323846,
          2.135987
        ],
        [
          0.055833,
          -0.993509,
          0.099112,
          1.554873
        ],
        [
          0.0,
          0.0,
          0.0,
          1.0
        ]
      ]
    },
    {
      "file_path": "/media/NFS/ttao/scannet/posed_images/scene0077_00/00077.jpg",
      "transform_matrix": [
        [
          -0.333947,
          -0.128455,
          -0.933798,
          2.521112
        ],
        [
          0.941004,
          0.01204,
          -0.33818,
          2.151702
        ],
        [
          0.054684,
          -0.991642,
          0.116856,
          1.553214
        ],
        [
          0.0,
          0.0,
          0.0,
          1.0
        ]
      ]
    },
    {
      "file_path": "/media/NFS/ttao/scannet/posed_images/scene0077_00/00078.jpg",
      "transform_matrix": [
        [
          -0.335963,
          -0.130256,
          -0.932825,
          2.520984
        ],
        [
          0.940267,
          0.011464,
          -0.340244,
          2.153447
        ],
        [
          0.055013,
          -0.991414,
          0.118624,
          1.555567
        ],
        [
          0.0,
          0.0,
          0.0,
          1.0
        ]
      ]
    },
    {
      "file_path": "/media/NFS/ttao/scannet/posed_images/scene0077_00/00080.jpg",
      "transform_matrix": [
        [
          -0.344533,
          -0.138406,
          -0.928515,
          2.521348
        ],
        [
          0.937264,
          0.005367,
          -0.348579,
          2.166213
        ],
        [
          0.053229,
          -0.990361,
          0.127873,
          1.547978
        ],
        [
          0.0,
          0.0,
          0.0,
          1.0
        ]
      ]
    },
    {
      "file_path": "/media/NFS/ttao/scannet/posed_images/scene0077_00/00083.jpg",
      "transform_matrix": [
        [
          -0.35126,
          -0.149215,
          -0.924311,
          2.52129
        ],
        [
          0.934376,
          0.007016,
          -0.356218,
          2.172011
        ],
        [
          0.059638,
          -0.98878,
          0.136959,
          1.549977
        ],
        [
          0.0,
          0.0,
          0.0,
          1.0
        ]
      ]
    },
    {
      "file_path": "/media/NFS/ttao/scannet/posed_images/scene0077_00/00085.jpg",
      "transform_matrix": [
        [
          -0.353968,
          -0.1468,
          -0.923665,
          2.52316
        ],
        [
          0.933508,
          0.004918,
          -0.358522,
          2.175011
        ],
        [
          0.057174,
          -0.989154,
          0.135298,
          1.556838
        ],
        [
          0.0,
          0.0,
          0.0,
          1.0
        ]
      ]
    },
    {
      "file_path": "/media/NFS/ttao/scannet/posed_images/scene0077_00/00086.jpg",
      "transform_matrix": [
        [
          -0.35614,
          -0.149123,
          -0.922457,
          2.521706
        ],
        [
          0.932764,
          0.002233,
          -0.360481,
          2.178077
        ],
        [
          0.055815,
          -0.988816,
          0.138301,
          1.552367
        ],
        [
          0.0,
          0.0,
          0.0,
          1.0
        ]
      ]
    },
    {
      "file_path": "/media/NFS/ttao/scannet/posed_images/scene0077_00/00088.jpg",
      "transform_matrix": [
        [
          -0.360726,
          -0.150926,
          -0.920379,
          2.523286
        ],
        [
          0.931116,
          -0.001308,
          -0.36472,
          2.181128
        ],
        [
          0.053842,
          -0.988544,
          0.141001,
          1.554141
        ],
        [
          0.0,
          0.0,
          0.0,
          1.0
        ]
      ]
    },
    {
      "file_path": "/media/NFS/ttao/scannet/posed_images/scene0077_00/00090.jpg",
      "transform_matrix": [
        [
          -0.363836,
          -0.156925,
          -0.918149,
          2.522822
        ],
        [
          0.929832,
          -0.002878,
          -0.367974,
          2.185906
        ],
        [
          0.055102,
          -0.987606,
          0.146961,
          1.548595
        ],
        [
          0.0,
          0.0,
          0.0,
          1.0
        ]
      ]
    },
    {
      "file_path": "/media/NFS/ttao/scannet/posed_images/scene0077_00/00092.jpg",
      "transform_matrix": [
        [
          -0.366903,
          -0.150593,
          -0.917989,
          2.526068
        ],
        [
          0.928695,
          -0.002094,
          -0.370838,
          2.18842
        ],
        [
          0.053923,
          -0.988594,
          0.140623,
          1.560284
        ],
        [
          0.0,
          0.0,
          0.0,
          1.0
        ]
      ]
    },
    {
      "file_path": "/media/NFS/ttao/scannet/posed_images/scene0077_00/00094.jpg",
      "transform_matrix": [
        [
          -0.372139,
          -0.144731,
          -0.916824,
          2.524841
        ],
        [
          0.926691,
          -0.002062,
          -0.375819,
          2.190518
        ],
        [
          0.052502,
          -0.989469,
          0.134888,
          1.560254
        ],
        [
          0.0,
          0.0,
          0.0,
          1.0
        ]
      ]
    },
    {
      "file_path": "/media/NFS/ttao/scannet/posed_images/scene0077_00/00097.jpg",
      "transform_matrix": [
        [
          -0.382256,
          -0.108101,
          -0.917711,
          2.514481
        ],
        [
          0.922863,
          0.005803,
          -0.385085,
          2.195723
        ],
        [
          0.046954,
          -0.994123,
          0.097544,
          1.544279
        ],
        [
          0.0,
          0.0,
          0.0,
          1.0
        ]
      ]
    },
    {
      "file_path": "/media/NFS/ttao/scannet/posed_images/scene0077_00/00099.jpg",
      "transform_matrix": [
        [
          -0.382234,
          -0.079005,
          -0.920682,
          2.50939
        ],
        [
          0.92304,
          0.014278,
          -0.384438,
          2.195675
        ],
        [
          0.043518,
          -0.996772,
          0.067467,
          1.543013
        ],
        [
          0.0,
          0.0,
          0.0,
          1.0
        ]
      ]
    },
    {
      "file_path": "/media/NFS/ttao/scannet/posed_images/scene0077_00/00100.jpg",
      "transform_matrix": [
        [
          -0.379127,
          -0.066287,
          -0.922967,
          2.50437
        ],
        [
          0.924349,
          0.019132,
          -0.381068,
          2.191273
        ],
        [
          0.042918,
          -0.997617,
          0.054019,
          1.527116
        ],
        [
          0.0,
          0.0,
          0.0,
          1.0
        ]
      ]
    },
    {
      "file_path": "/media/NFS/ttao/scannet/posed_images/scene0077_00/00102.jpg",
      "transform_matrix": [
        [
          -0.374913,
          -0.041665,
          -0.926123,
          2.499414
        ],
        [
          0.926189,
          0.026448,
          -0.37613,
          2.189884
        ],
        [
          0.040165,
          -0.998782,
          0.028674,
          1.517978
        ],
        [
          0.0,
          0.0,
          0.0,
          1.0
        ]
      ]
    },
    {
      "file_path": "/media/NFS/ttao/scannet/posed_images/scene0077_00/00104.jpg",
      "transform_matrix": [
        [
          -0.367179,
          -0.021484,
          -0.929902,
          2.494772
        ],
        [
          0.9292,
          0.036696,
          -0.367749,
          2.188325
        ],
        [
          0.042025,
          -0.999096,
          0.006488,
          1.513756
        ],
        [
          0.0,
          0.0,
          0.0,
          1.0
        ]
      ]
    },
    {
      "file_path": "/media/NFS/ttao/scannet/posed_images/scene0077_00/00106.jpg",
      "transform_matrix": [
        [
          -0.358078,
          -0.003433,
          -0.933685,
          2.489638
        ],
        [
          0.93288,
          0.040373,
          -0.357918,
          2.188381
        ],
        [
          0.038925,
          -0.999179,
          -0.011254,
          1.504288
        ],
        [
          0.0,
          0.0,
          0.0,
          1.0
        ]
      ]
    },
    {
      "file_path": "/media/NFS/ttao/scannet/posed_images/scene0077_00/00109.jpg",
      "transform_matrix": [
        [
          -0.349012,
          0.031322,
          -0.936595,
          2.480031
        ],
        [
          0.936562,
          0.046072,
          -0.347459,
          2.188931
        ],
        [
          0.032268,
          -0.998447,
          -0.045415,
          1.493567
        ],
        [
          0.0,
          0.0,
          0.0,
          1.0
        ]
      ]
    },
    {
      "file_path": "/media/NFS/ttao/scannet/posed_images/scene0077_00/00111.jpg",
      "transform_matrix": [
        [
          -0.337934,
          0.059182,
          -0.939307,
          2.474952
        ],
        [
          0.940773,
          0.050216,
          -0.335297,
          2.178116
        ],
        [
          0.027324,
          -0.996983,
          -0.072646,
          1.502478
        ],
        [
          0.0,
          0.0,
          0.0,
          1.0
        ]
      ]
    },
    {
      "file_path": "/media/NFS/ttao/scannet/posed_images/scene0077_00/00112.jpg",
      "transform_matrix": [
        [
          -0.333619,
          0.066938,
          -0.940329,
          2.474746
        ],
        [
          0.94228,
          0.053734,
          -0.330486,
          2.175964
        ],
        [
          0.028405,
          -0.996309,
          -0.081001,
          1.492151
        ],
        [
          0.0,
          0.0,
          0.0,
          1.0
        ]
      ]
    },
    {
      "file_path": "/media/NFS/ttao/scannet/posed_images/scene0077_00/00115.jpg",
      "transform_matrix": [
        [
          -0.325142,
          0.106687,
          -0.939628,
          2.464838
        ],
        [
          0.945291,
          0.064616,
          -0.319765,
          2.174691
        ],
        [
          0.0266,
          -0.992191,
          -0.12186,
          1.47479
        ],
        [
          0.0,
          0.0,
          0.0,
          1.0
        ]
      ]
    },
    {
      "file_path": "/media/NFS/ttao/scannet/posed_images/scene0077_00/00116.jpg",
      "transform_matrix": [
        [
          -0.323095,
          0.122853,
          -0.938358,
          2.460651
        ],
        [
          0.94596,
          0.070962,
          -0.316422,
          2.17326
        ],
        [
          0.027714,
          -0.989885,
          -0.139141,
          1.47127
        ],
        [
          0.0,
          0.0,
          0.0,
          1.0
        ]
      ]
    },
    {
      "file_path": "/media/NFS/ttao/scannet/posed_images/scene0077_00/00118.jpg",
      "transform_matrix": [
        [
          -0.32168,
          0.155832,
          -0.933937,
          2.452942
        ],
        [
          0.946634,
          0.073914,
          -0.31372,
          2.179111
        ],
        [
          0.020143,
          -0.985014,
          -0.171292,
          1.458844
        ],
        [
          0.0,
          0.0,
          0.0,
          1.0
        ]
      ]
    },
    {
      "file_path": "/media/NFS/ttao/scannet/posed_images/scene0077_00/00120.jpg",
      "transform_matrix": [
        [
          -0.318238,
          0.188577,
          -0.929066,
          2.451878
        ],
        [
          0.947912,
          0.077474,
          -0.308968,
          2.181149
        ],
        [
          0.013714,
          -0.978998,
          -0.20341,
          1.448128
        ],
        [
          0.0,
          0.0,
          0.0,
          1.0
        ]
      ]
    },
    {
      "file_path": "/media/NFS/ttao/scannet/posed_images/scene0077_00/00123.jpg",
      "transform_matrix": [
        [
          -0.31489,
          0.219759,
          -0.923336,
          2.443507
        ],
        [
          0.949068,
          0.083861,
          -0.303706,
          2.187202
        ],
        [
          0.01069,
          -0.971943,
          -0.234973,
          1.436227
        ],
        [
          0.0,
          0.0,
          0.0,
          1.0
        ]
      ]
    },
    {
      "file_path": "/media/NFS/ttao/scannet/posed_images/scene0077_00/00124.jpg",
      "transform_matrix": [
        [
          -0.313859,
          0.228467,
          -0.921572,
          2.441249
        ],
        [
          0.949408,
          0.086601,
          -0.30187,
          2.190504
        ],
        [
          0.010842,
          -0.969692,
          -0.244089,
          1.432892
        ],
        [
          0.0,
          0.0,
          0.0,
          1.0
        ]
      ]
    },
    {
      "file_path": "/media/NFS/ttao/scannet/posed_images/scene0077_00/00126.jpg",
      "transform_matrix": [
        [
          -0.311183,
          0.243474,
          -0.918632,
          2.437804
        ],
        [
          0.95027,
          0.092254,
          -0.297449,
          2.193791
        ],
        [
          0.012326,
          -0.96551,
          -0.260074,
          1.424086
        ],
        [
          0.0,
          0.0,
          0.0,
          1.0
        ]
      ]
    },
    {
      "file_path": "/media/NFS/ttao/scannet/posed_images/scene0077_00/00129.jpg",
      "transform_matrix": [
        [
          -0.323025,
          0.268084,
          -0.907626,
          2.431984
        ],
        [
          0.946364,
          0.098688,
          -0.307663,
          2.196353
        ],
        [
          0.007093,
          -0.958328,
          -0.285584,
          1.414846
        ],
        [
          0.0,
          0.0,
          0.0,
          1.0
        ]
      ]
    },
    {
      "file_path": "/media/NFS/ttao/scannet/posed_images/scene0077_00/00130.jpg",
      "transform_matrix": [
        [
          -0.33424,
          0.266481,
          -0.904031,
          2.433044
        ],
        [
          0.942485,
          0.097095,
          -0.319837,
          2.200343
        ],
        [
          0.002546,
          -0.958937,
          -0.283608,
          1.402663
        ],
        [
          0.0,
          0.0,
          0.0,
          1.0
        ]
      ]
    },
    {
      "file_path": "/media/NFS/ttao/scannet/posed_images/scene0077_00/00133.jpg",
      "transform_matrix": [
        [
          -0.374648,
          0.278156,
          -0.884459,
          2.427947
        ],
        [
          0.927165,
          0.110662,
          -0.357936,
          2.196323
        ],
        [
          -0.001686,
          -0.95414,
          -0.299356,
          1.393147
        ],
        [
          0.0,
          0.0,
          0.0,
          1.0
        ]
      ]
    },
    {
      "file_path": "/media/NFS/ttao/scannet/posed_images/scene0077_00/00134.jpg",
      "transform_matrix": [
        [
          -0.389562,
          0.282549,
          -0.876588,
          2.426353
        ],
        [
          0.920998,
          0.117458,
          -0.371438,
          2.194071
        ],
        [
          -0.001987,
          -0.952035,
          -0.305984,
          1.391848
        ],
        [
          0.0,
          0.0,
          0.0,
          1.0
        ]
      ]
    },
    {
      "file_path": "/media/NFS/ttao/scannet/posed_images/scene0077_00/00136.jpg",
      "transform_matrix": [
        [
          -0.417484,
          0.28716,
          -0.862117,
          2.422606
        ],
        [
          0.908682,
          0.133727,
          -0.395491,
          2.186152
        ],
        [
          0.001719,
          -0.948502,
          -0.316766,
          1.395766
        ],
        [
          0.0,
          0.0,
          0.0,
          1.0
        ]
      ]
    },
    {
      "file_path": "/media/NFS/ttao/scannet/posed_images/scene0077_00/00138.jpg",
      "transform_matrix": [
        [
          -0.441121,
          0.289726,
          -0.849394,
          2.41899
        ],
        [
          0.897446,
          0.140982,
          -0.417988,
          2.186161
        ],
        [
          -0.001352,
          -0.946669,
          -0.322203,
          1.392015
        ],
        [
          0.0,
          0.0,
          0.0,
          1.0
        ]
      ]
    },
    {
      "file_path": "/media/NFS/ttao/scannet/posed_images/scene0077_00/00141.jpg",
      "transform_matrix": [
        [
          -0.477485,
          0.306313,
          -0.823517,
          2.406999
        ],
        [
          0.878604,
          0.157916,
          -0.450686,
          2.190071
        ],
        [
          -0.008005,
          -0.938741,
          -0.344531,
          1.387495
        ],
        [
          0.0,
          0.0,
          0.0,
          1.0
        ]
      ]
    },
    {
      "file_path": "/media/NFS/ttao/scannet/posed_images/scene0077_00/00143.jpg",
      "transform_matrix": [
        [
          -0.503348,
          0.299045,
          -0.810686,
          2.418285
        ],
        [
          0.864025,
          0.163278,
          -0.476236,
          2.186153
        ],
        [
          -0.010049,
          -0.940166,
          -0.340568,
          1.385378
        ],
        [
          0.0,
          0.0,
          0.0,
          1.0
        ]
      ]
    },
    {
      "file_path": "/media/NFS/ttao/scannet/posed_images/scene0077_00/00144.jpg",
      "transform_matrix": [
        [
          -0.517971,
          0.301447,
          -0.800522,
          2.420146
        ],
        [
          0.855364,
          0.174147,
          -0.487878,
          2.182372
        ],
        [
          -0.007661,
          -0.937445,
          -0.34805,
          1.390627
        ],
        [
          0.0,
          0.0,
          0.0,
          1.0
        ]
      ]
    },
    {
      "file_path": "/media/NFS/ttao/scannet/posed_images/scene0077_00/00147.jpg",
      "transform_matrix": [
        [
          -0.564155,
          0.307045,
          -0.766454,
          2.440112
        ],
        [
          0.825621,
          0.199823,
          -0.527655,
          2.179688
        ],
        [
          -0.008858,
          -0.93048,
          -0.366234,
          1.384074
        ],
        [
          0.0,
          0.0,
          0.0,
          1.0
        ]
      ]
    },
    {
      "file_path": "/media/NFS/ttao/scannet/posed_images/scene0077_00/00148.jpg",
      "transform_matrix": [
        [
          -0.576326,
          0.306719,
          -0.757477,
          2.450224
        ],
        [
          0.817204,
          0.210525,
          -0.536523,
          2.175786
        ],
        [
          -0.005094,
          -0.928225,
          -0.371984,
          1.386471
        ],
        [
          0.0,
          0.0,
          0.0,
          1.0
        ]
      ]
    },
    {
      "file_path": "/media/NFS/ttao/scannet/posed_images/scene0077_00/00150.jpg",
      "transform_matrix": [
        [
          -0.619217,
          0.299356,
          -0.725918,
          2.442507
        ],
        [
          0.785171,
          0.225728,
          -0.576674,
          2.190636
        ],
        [
          -0.008771,
          -0.927056,
          -0.374821,
          1.38759
        ],
        [
          0.0,
          0.0,
          0.0,
          1.0
        ]
      ]
    },
    {
      "file_path": "/media/NFS/ttao/scannet/posed_images/scene0077_00/00152.jpg",
      "transform_matrix": [
        [
          -0.648711,
          0.290248,
          -0.703513,
          2.465396
        ],
        [
          0.760987,
          0.237,
          -0.603929,
          2.192585
        ],
        [
          -0.008557,
          -0.927139,
          -0.374619,
          1.384276
        ],
        [
          0.0,
          0.0,
          0.0,
          1.0
        ]
      ]
    },
    {
      "file_path": "/media/NFS/ttao/scannet/posed_images/scene0077_00/00155.jpg",
      "transform_matrix": [
        [
          -0.686665,
          0.289282,
          -0.666939,
          2.490405
        ],
        [
          0.726925,
          0.262565,
          -0.634539,
          2.193172
        ],
        [
          -0.008446,
          -0.92053,
          -0.390581,
          1.388491
        ],
        [
