{
  "frames": [
    {
      "file_path": "/media/NFS/ttao/scannet/posed_images/scene0138_00/00000.jpg",
      "transform_matrix": [
        [
          -0.999494,
          0.005595,
          0.031322,
          6.687301
        ],
        [
          -0.029883,
          0.172936,
          -0.98448,
          5.436423
        ],
        [
          -0.010925,
          -0.984917,
          -0.172681,
          1.742894
        ],
        [
          0.0,
          0.0,
          0.0,
          1.0
        ]
      ]
    },
    {
      "file_path": "/media/NFS/ttao/scannet/posed_images/scene0138_00/00008.jpg",
      "transform_matrix": [
        [
          -0.999581,
          0.013879,
          0.025392,
          6.689903
        ],
        [
          -0.022893,
          0.157432,
          -0.987265,
          5.427374
        ],
        [
          -0.0177,
          -0.987432,
          -0.157049,
          1.749215
        ],
        [
          0.0,
          0.0,
          0.0,
          1.0
        ]
      ]
    },
    {
      "file_path": "/media/NFS/ttao/scannet/posed_images/scene0138_00/00012.jpg",
      "transform_matrix": [
        [
          -0.999831,
          0.012646,
          0.013368,
          6.705756
        ],
        [
          -0.011012,
          0.170834,
          -0.985238,
          5.422374
        ],
        [
          -0.014743,
          -0.985219,
          -0.170666,
          1.777572
        ],
        [
          0.0,
          0.0,
          0.0,
          1.0
        ]
      ]
    },
    {
      "file_path": "/media/NFS/ttao/scannet/posed_images/scene0138_00/00018.jpg",
      "transform_matrix": [
        [
          -0.999757,
          0.01478,
          -0.016346,
          6.691476
        ],
        [
          0.018758,
          0.18137,
          -0.983236,
          5.432115
        ],
        [
          -0.011568,
          -0.983304,
          -0.181603,
          1.761662
        ],
        [
          0.0,
          0.0,
          0.0,
          1.0
        ]
      ]
    },
    {
      "file_path": "/media/NFS/ttao/scannet/posed_images/scene0138_00/00026.jpg",
      "transform_matrix": [
        [
          -0.996765,
          0.038607,
          -0.070489,
          6.666417
        ],
        [
          0.07697,
          0.206177,
          -0.975483,
          5.452622
        ],
        [
          -0.023128,
          -0.977753,
          -0.208481,
          1.754207
        ],
        [
          0.0,
          0.0,
          0.0,
          1.0
        ]
      ]
    },
    {
      "file_path": "/media/NFS/ttao/scannet/posed_images/scene0138_00/00034.jpg",
      "transform_matrix": [
        [
          -0.989384,
          0.046256,
          -0.137764,
          6.646181
        ],
        [
          0.144437,
          0.208468,
          -0.967305,
          5.479636
        ],
        [
          -0.016025,
          -0.976935,
          -0.212936,
          1.730386
        ],
        [
          0.0,
          0.0,
          0.0,
          1.0
        ]
      ]
    },
    {
      "file_path": "/media/NFS/ttao/scannet/posed_images/scene0138_00/00042.jpg",
      "transform_matrix": [
        [
          -0.978916,
          0.059538,
          -0.195394,
          6.592162
        ],
        [
          0.20349,
          0.201077,
          -0.958207,
          5.522171
        ],
        [
          -0.01776,
          -0.977764,
          -0.208953,
          1.698588
        ],
        [
          0.0,
          0.0,
          0.0,
          1.0
        ]
      ]
    },
    {
      "file_path": "/media/NFS/ttao/scannet/posed_images/scene0138_00/00050.jpg",
      "transform_matrix": [
        [
          -0.965919,
          0.080345,
          -0.24606,
          6.582624
        ],
        [
          0.257002,
          0.184457,
          -0.948644,
          5.550635
        ],
        [
          -0.030831,
          -0.979551,
          -0.198819,
          1.689328
        ],
        [
          0.0,
          0.0,
          0.0,
          1.0
        ]
      ]
    },
    {
      "file_path": "/media/NFS/ttao/scannet/posed_images/scene0138_00/00052.jpg",
      "transform_matrix": [
        [
          -0.964116,
          0.089058,
          -0.2501,
          6.55739
        ],
        [
          0.2627,
          0.183989,
          -0.947173,
          5.566536
        ],
        [
          -0.038337,
          -0.978885,
          -0.200782,
          1.697713
        ],
        [
          0.0,
          0.0,
          0.0,
          1.0
        ]
      ]
    },
    {
      "file_path": "/media/NFS/ttao/scannet/posed_images/scene0138_00/00064.jpg",
      "transform_matrix": [
        [
          -0.936923,
          0.118329,
          -0.328897,
          6.503018
        ],
        [
          0.345771,
          0.17605,
          -0.921655,
          5.61937
        ],
        [
          -0.051156,
          -0.977243,
          -0.20586,
          1.692777
        ],
        [
          0.0,
          0.0,
          0.0,
          1.0
        ]
      ]
    },
    {
      "file_path": "/media/NFS/ttao/scannet/posed_images/scene0138_00/00069.jpg",
      "transform_matrix": [
        [
          -0.921914,
          0.132013,
          -0.364207,
          6.477969
        ],
        [
          0.383625,
          0.18028,
          -0.905721,
          5.636809
        ],
        [
          -0.053908,
          -0.974716,
          -0.216846,
          1.700949
        ],
        [
          0.0,
          0.0,
          0.0,
          1.0
        ]
      ]
    },
    {
      "file_path": "/media/NFS/ttao/scannet/posed_images/scene0138_00/00075.jpg",
      "transform_matrix": [
        [
          -0.908925,
          0.151081,
          -0.388626,
          6.429316
        ],
        [
          0.411857,
          0.179941,
          -0.893306,
          5.677157
        ],
        [
          -0.065032,
          -0.972006,
          -0.225777,
          1.683645
        ],
        [
          0.0,
          0.0,
          0.0,
          1.0
        ]
      ]
    },
    {
      "file_path": "/media/NFS/ttao/scannet/posed_images/scene0138_00/00085.jpg",
      "transform_matrix": [
        [
          -0.873312,
          0.183329,
          -0.451351,
          6.394682
        ],
        [
          0.480815,
          0.175293,
          -0.859121,
          5.719774
        ],
        [
          -0.078383,
          -0.967297,
          -0.241233,
          1.672535
        ],
        [
          0.0,
          0.0,
          0.0,
          1.0
        ]
      ]
    },
    {
      "file_path": "/media/NFS/ttao/scannet/posed_images/scene0138_00/00087.jpg",
      "transform_matrix": [
        [
          -0.863984,
          0.191316,
          -0.465758,
          6.382788
        ],
        [
          0.497281,
          0.179043,
          -0.848914,
          5.72687
        ],
        [
          -0.079021,
          -0.965061,
          -0.249828,
          1.68067
        ],
        [
          0.0,
          0.0,
          0.0,
          1.0
        ]
      ]
    },
    {
      "file_path": "/media/NFS/ttao/scannet/posed_images/scene0138_00/00093.jpg",
      "transform_matrix": [
        [
          -0.826928,
          0.198764,
          -0.526007,
          6.373946
        ],
        [
          0.557581,
          0.168804,
          -0.812778,
          5.763546
        ],
        [
          -0.072759,
          -0.965401,
          -0.250415,
          1.663979
        ],
        [
          0.0,
          0.0,
          0.0,
          1.0
        ]
      ]
    },
    {
      "file_path": "/media/NFS/ttao/scannet/posed_images/scene0138_00/00101.jpg",
      "transform_matrix": [
        [
          -0.776443,
          0.206272,
          -0.595474,
          6.357515
        ],
        [
          0.627118,
          0.15975,
          -0.762367,
          5.801755
        ],
        [
          -0.062127,
          -0.965366,
          -0.253394,
          1.667087
        ],
        [
          0.0,
          0.0,
          0.0,
          1.0
        ]
      ]
    },
    {
      "file_path": "/media/NFS/ttao/scannet/posed_images/scene0138_00/00111.jpg",
      "transform_matrix": [
        [
          -0.72157,
          0.221182,
          -0.656061,
          6.334678
        ],
        [
          0.689044,
          0.137037,
          -0.711646,
          5.85871
        ],
        [
          -0.067499,
          -0.965556,
          -0.251286,
          1.647377
        ],
        [
          0.0,
          0.0,
          0.0,
          1.0
        ]
      ]
    },
    {
      "file_path": "/media/NFS/ttao/scannet/posed_images/scene0138_00/00113.jpg",
      "transform_matrix": [
        [
          -0.711768,
          0.226252,
          -0.664978,
          6.329763
        ],
        [
          0.699342,
          0.139811,
          -0.700981,
          5.863216
        ],
        [
          -0.065627,
          -0.963983,
          -0.257741,
          1.650245
        ],
        [
          0.0,
          0.0,
          0.0,
          1.0
        ]
      ]
    },
    {
      "file_path": "/media/NFS/ttao/scannet/posed_images/scene0138_00/00121.jpg",
      "transform_matrix": [
        [
          -0.670859,
          0.246872,
          -0.699287,
          6.301458
        ],
        [
          0.738855,
          0.141659,
          -0.658807,
          5.888348
        ],
        [
          -0.063581,
          -0.958638,
          -0.277436,
          1.635364
        ],
        [
          0.0,
          0.0,
          0.0,
          1.0
        ]
      ]
    },
    {
      "file_path": "/media/NFS/ttao/scannet/posed_images/scene0138_00/00131.jpg",
      "transform_matrix": [
        [
          -0.603599,
          0.281267,
          -0.746028,
          6.237096
        ],
        [
          0.795084,
          0.142817,
          -0.589445,
          5.921218
        ],
        [
          -0.059246,
          -0.948943,
          -0.309835,
          1.63681
        ],
        [
          0.0,
          0.0,
          0.0,
          1.0
        ]
      ]
    },
    {
      "file_path": "/media/NFS/ttao/scannet/posed_images/scene0138_00/00137.jpg",
      "transform_matrix": [
        [
          -0.56468,
          0.288929,
          -0.773082,
          6.199601
        ],
        [
          0.823708,
          0.138966,
          -0.549722,
          5.945847
        ],
        [
          -0.051399,
          -0.947211,
          -0.316465,
          1.63066
        ],
        [
          0.0,
          0.0,
          0.0,
          1.0
        ]
      ]
    },
    {
      "file_path": "/media/NFS/ttao/scannet/posed_images/scene0138_00/00139.jpg",
      "transform_matrix": [
        [
          -0.552655,
          0.289111,
          -0.781657,
          6.184056
        ],
        [
          0.832031,
          0.137477,
          -0.537423,
          5.956773
        ],
        [
          -0.047915,
          -0.947373,
          -0.316527,
          1.624348
        ],
        [
          0.0,
          0.0,
          0.0,
          1.0
        ]
      ]
    },
    {
      "file_path": "/media/NFS/ttao/scannet/posed_images/scene0138_00/00147.jpg",
      "transform_matrix": [
        [
          -0.499464,
          0.295735,
          -0.814296,
          6.14594
        ],
        [
          0.865068,
          0.119432,
          -0.487231,
          5.97617
        ],
        [
          -0.046838,
          -0.947775,
          -0.315482,
          1.632569
        ],
        [
          0.0,
          0.0,
          0.0,
          1.0
        ]
      ]
    },
    {
      "file_path": "/media/NFS/ttao/scannet/posed_images/scene0138_00/00153.jpg",
      "transform_matrix": [
        [
          -0.458906,
          0.303759,
          -0.834947,
          6.117857
        ],
        [
          0.886989,
          0.102124,
          -0.450356,
          5.995864
        ],
        [
          -0.051531,
          -0.94726,
          -0.316297,
          1.633405
        ],
        [
          0.0,
          0.0,
          0.0,
          1.0
        ]
      ]
    },
    {
      "file_path": "/media/NFS/ttao/scannet/posed_images/scene0138_00/00163.jpg",
      "transform_matrix": [
        [
          -0.386047,
          0.321015,
          -0.864822,
          6.101383
        ],
        [
          0.92108,
          0.082517,
          -0.38053,
          6.009344
        ],
        [
          -0.050793,
          -0.943473,
          -0.327536,
          1.622903
        ],
        [
          0.0,
          0.0,
          0.0,
          1.0
        ]
      ]
    },
    {
      "file_path": "/media/NFS/ttao/scannet/posed_images/scene0138_00/00169.jpg",
      "transform_matrix": [
        [
          -0.318788,
          0.334595,
          -0.886804,
          6.095767
        ],
        [
          0.946606,
          0.064942,
          -0.315783,
          6.037776
        ],
        [
          -0.048069,
          -0.940122,
          -0.337432,
          1.624506
        ],
        [
          0.0,
          0.0,
          0.0,
          1.0
        ]
      ]
    },
    {
      "file_path": "/media/NFS/ttao/scannet/posed_images/scene0138_00/00177.jpg",
      "transform_matrix": [
        [
          -0.212126,
          0.343658,
          -0.914823,
          6.118049
        ],
        [
          0.976522,
          0.038601,
          -0.211932,
          6.058486
        ],
        [
          -0.037519,
          -0.938301,
          -0.343778,
          1.617207
        ],
        [
          0.0,
          0.0,
          0.0,
          1.0
        ]
      ]
    },
    {
      "file_path": "/media/NFS/ttao/scannet/posed_images/scene0138_00/00185.jpg",
      "transform_matrix": [
        [
          -0.122823,
          0.345996,
          -0.930162,
          6.153965
        ],
        [
          0.991644,
          0.005526,
          -0.128886,
          6.060676
        ],
        [
          -0.039454,
          -0.93822,
          -0.343783,
          1.609849
        ],
        [
          0.0,
          0.0,
          0.0,
          1.0
        ]
      ]
    },
    {
      "file_path": "/media/NFS/ttao/scannet/posed_images/scene0138_00/00189.jpg",
      "transform_matrix": [
        [
          -0.086095,
          0.346048,
          -0.934258,
          6.16855
        ],
        [
          0.995662,
          -0.003324,
          -0.092985,
          6.066753
        ],
        [
          -0.035283,
          -0.938211,
          -0.344261,
          1.612862
        ],
        [
          0.0,
          0.0,
          0.0,
          1.0
        ]
      ]
    },
    {
      "file_path": "/media/NFS/ttao/scannet/posed_images/scene0138_00/00195.jpg",
      "transform_matrix": [
        [
          -0.02782,
          0.339237,
          -0.94029,
          6.202243
        ],
        [
          0.998997,
          -0.023581,
          -0.038065,
          6.058854
        ],
        [
          -0.035086,
          -0.940405,
          -0.338241,
          1.603166
        ],
        [
          0.0,
          0.0,
          0.0,
          1.0
        ]
      ]
    },
    {
      "file_path": "/media/NFS/ttao/scannet/posed_images/scene0138_00/00202.jpg",
      "transform_matrix": [
        [
          0.022485,
          0.330907,
          -0.943396,
          6.235308
        ],
        [
          0.998661,
          -0.051416,
          0.005768,
          6.080928
        ],
        [
          -0.046597,
          -0.942262,
          -0.331619,
          1.60382
        ],
        [
          0.0,
          0.0,
          0.0,
          1.0
        ]
      ]
    },
    {
      "file_path": "/media/NFS/ttao/scannet/posed_images/scene0138_00/00208.jpg",
      "transform_matrix": [
        [
          0.070339,
          0.343029,
          -0.936688,
          6.257612
        ],
        [
          0.995764,
          -0.079899,
          0.045515,
          6.091214
        ],
        [
          -0.059227,
          -0.93592,
          -0.347196,
          1.589257
        ],
        [
          0.0,
          0.0,
          0.0,
          1.0
        ]
      ]
    },
    {
      "file_path": "/media/NFS/ttao/scannet/posed_images/scene0138_00/00218.jpg",
      "transform_matrix": [
        [
          0.151592,
          0.379417,
          -0.912723,
          6.29146
        ],
        [
          0.98706,
          -0.106942,
          0.119482,
          6.154149
        ],
        [
          -0.052275,
          -0.919024,
          -0.390719,
          1.554348
        ],
        [
          0.0,
          0.0,
          0.0,
          1.0
        ]
      ]
    },
    {
      "file_path": "/media/NFS/ttao/scannet/posed_images/scene0138_00/00220.jpg",
      "transform_matrix": [
        [
          0.165199,
          0.386158,
          -0.907519,
          6.298939
        ],
        [
          0.984839,
          -0.113976,
          0.130775,
          6.172989
        ],
        [
          -0.052936,
          -0.915364,
          -0.399132,
          1.55476
        ],
        [
          0.0,
          0.0,
          0.0,
          1.0
        ]
      ]
    },
    {
      "file_path": "/media/NFS/ttao/scannet/posed_images/scene0138_00/00232.jpg",
      "transform_matrix": [
        [
          0.262999,
          0.397467,
          -0.87912,
          6.275218
        ],
        [
          0.963579,
          -0.153966,
          0.218655,
          6.283344
        ],
        [
          -0.048446,
          -0.904607,
          -0.423483,
          1.544024
        ],
        [
          0.0,
          0.0,
          0.0,
          1.0
        ]
      ]
    },
    {
      "file_path": "/media/NFS/ttao/scannet/posed_images/scene0138_00/00238.jpg",
      "transform_matrix": [
        [
          0.285168,
          0.388656,
          -0.876143,
          6.243197
        ],
        [
          0.957278,
          -0.161207,
          0.240065,
          6.331764
        ],
        [
          -0.047938,
          -0.907171,
          -0.418022,
          1.549075
        ],
        [
          0.0,
          0.0,
          0.0,
          1.0
        ]
      ]
    },
    {
      "file_path": "/media/NFS/ttao/scannet/posed_images/scene0138_00/00242.jpg",
      "transform_matrix": [
        [
          0.284527,
          0.388154,
          -0.876573,
          6.221767
        ],
        [
          0.957683,
          -0.156522,
          0.241545,
          6.360603
        ],
        [
          -0.043447,
          -0.908205,
          -0.416263,
          1.557393
        ],
        [
          0.0,
          0.0,
          0.0,
          1.0
        ]
      ]
    },
    {
      "file_path": "/media/NFS/ttao/scannet/posed_images/scene0138_00/00252.jpg",
      "transform_matrix": [
        [
          0.225122,
          0.359578,
          -0.905552,
          6.134753
        ],
        [
          0.972483,
          -0.14013,
          0.186118,
          6.38601
        ],
        [
          -0.059971,
          -0.922533,
          -0.38123,
          1.571533
        ],
        [
          0.0,
          0.0,
          0.0,
          1.0
        ]
      ]
    },
    {
      "file_path": "/media/NFS/ttao/scannet/posed_images/scene0138_00/00256.jpg",
      "transform_matrix": [
        [
          0.181934,
          0.359022,
          -0.915425,
          6.096653
        ],
        [
          0.9813,
          -0.125797,
          0.145689,
          6.381303
        ],
        [
          -0.062853,
          -0.924812,
          -0.375195,
          1.576083
        ],
        [
          0.0,
          0.0,
          0.0,
          1.0
        ]
      ]
    },
    {
      "file_path": "/media/NFS/ttao/scannet/posed_images/scene0138_00/00260.jpg",
      "transform_matrix": [
        [
          0.143616,
          0.349599,
          -0.925827,
          6.047875
        ],
        [
          0.988012,
          -0.104175,
          0.113925,
          6.356962
        ],
        [
          -0.05662,
          -0.93109,
          -0.360369,
          1.575549
        ],
        [
          0.0,
          0.0,
          0.0,
          1.0
        ]
      ]
    },
    {
      "file_path": "/media/NFS/ttao/scannet/posed_images/scene0138_00/00268.jpg",
      "transform_matrix": [
        [
          0.073565,
          0.337987,
          -0.938271,
          5.959249
        ],
        [
          0.99685,
          -0.052859,
          0.059117,
          6.321087
        ],
        [
          -0.029616,
          -0.939665,
          -0.340811,
          1.573999
        ],
        [
          0.0,
          0.0,
          0.0,
          1.0
        ]
      ]
    },
    {
      "file_path": "/media/NFS/ttao/scannet/posed_images/scene0138_00/00278.jpg",
      "transform_matrix": [
        [
          0.036219,
          0.29034,
          -0.956238,
          5.804362
        ],
        [
          0.998709,
          -0.044614,
          0.024282,
          6.248839
        ],
        [
          -0.035611,
          -0.955883,
          -0.291581,
          1.60657
        ],
        [
          0.0,
          0.0,
          0.0,
          1.0
        ]
      ]
    },
    {
      "file_path": "/media/NFS/ttao/scannet/posed_images/scene0138_00/00286.jpg",
      "transform_matrix": [
        [
          0.03911,
          0.286951,
          -0.957147,
          5.693718
        ],
        [
          0.999191,
          -0.020263,
          0.034753,
          6.209194
        ],
        [
          -0.009422,
          -0.957731,
          -0.287511,
          1.603343
        ],
        [
          0.0,
          0.0,
          0.0,
          1.0
        ]
      ]
    },
    {
      "file_path": "/media/NFS/ttao/scannet/posed_images/scene0138_00/00290.jpg",
      "transform_matrix": [
        [
          0.035885,
          0.289254,
          -0.95658,
          5.643521
        ],
        [
          0.999353,
          -0.007951,
          0.035085,
          6.197774
        ],
        [
          0.002543,
          -0.957219,
          -0.289352,
          1.600432
        ],
        [
          0.0,
          0.0,
          0.0,
          1.0
        ]
      ]
    },
    {
      "file_path": "/media/NFS/ttao/scannet/posed_images/scene0138_00/00294.jpg",
      "transform_matrix": [
        [
          0.022998,
          0.304286,
          -0.952303,
          5.591468
        ],
        [
          0.999563,
          0.010693,
          0.027556,
          6.198917
        ],
        [
          0.018568,
          -0.952521,
          -0.303907,
          1.58954
        ],
        [
          0.0,
          0.0,
          0.0,
          1.0
        ]
      ]
    },
    {
      "file_path": "/media/NFS/ttao/scannet/posed_images/scene0138_00/00304.jpg",
      "transform_matrix": [
        [
          -0.039901,
          0.287682,
          -0.956895,
          5.425065
        ],
        [
          0.999161,
          0.020322,
          -0.035554,
          6.197961
        ],
        [
          0.009218,
          -0.95751,
          -0.288251,
          1.583656
        ],
        [
          0.0,
          0.0,
          0.0,
          1.0
        ]
      ]
    },
    {
      "file_path": "/media/NFS/ttao/scannet/posed_images/scene0138_00/00308.jpg",
      "transform_matrix": [
        [
          -0.081898,
          0.285874,
          -0.954761,
          5.360356
        ],
        [
          0.996617,
          0.030132,
          -0.076466,
          6.193994
        ],
        [
          0.006909,
          -0.957793,
          -0.287375,
          1.579615
        ],
        [
          0.0,
          0.0,
          0.0,
          1.0
        ]
      ]
    },
    {
      "file_path": "/media/NFS/ttao/scannet/posed_images/scene0138_00/00316.jpg",
      "transform_matrix": [
        [
          -0.172664,
          0.298043,
          -0.938806,
          5.24966
        ],
        [
          0.984887,
          0.065384,
          -0.160382,
          6.149216
        ],
        [
          0.013582,
          -0.952311,
          -0.304828,
          1.552374
        ],
        [
          0.0,
          0.0,
          0.0,
          1.0
        ]
      ]
    },
    {
      "file_path": "/media/NFS/ttao/scannet/posed_images/scene0138_00/00322.jpg",
      "transform_matrix": [
        [
          -0.23736,
          0.300055,
          -0.923919,
          5.162922
        ],
        [
          0.971151,
          0.09576,
          -0.218394,
          6.093721
        ],
        [
          0.022944,
          -0.949103,
          -0.314128,
          1.535356
        ],
        [
          0.0,
          0.0,
          0.0,
          1.0
        ]
      ]
    },
    {
      "file_path": "/media/NFS/ttao/scannet/posed_images/scene0138_00/00328.jpg",
      "transform_matrix": [
        [
          -0.291088,
          0.277773,
          -0.915484,
          5.043081
        ],
        [
          0.956617,
          0.096798,
          -0.274797,
          6.022206
        ],
        [
          0.012286,
          -0.955758,
          -0.293899,
          1.537409
        ],
        [
          0.0,
          0.0,
          0.0,
          1.0
        ]
      ]
    },
    {
      "file_path": "/media/NFS/ttao/scannet/posed_images/scene0138_00/00334.jpg",
      "transform_matrix": [
        [
          -0.331009,
          0.242851,
          -0.911843,
          4.933052
        ],
        [
          0.943401,
          0.106371,
          -0.314135,
          5.944348
        ],
        [
          0.020706,
          -0.964214,
          -0.264315,
          1.539984
        ],
        [
          0.0,
          0.0,
          0.0,
          1.0
        ]
      ]
    },
    {
      "file_path": "/media/NFS/ttao/scannet/posed_images/scene0138_00/00345.jpg",
      "transform_matrix": [
        [
          -0.336189,
          0.22103,
          -0.91549,
          4.750942
        ],
        [
          0.941236,
          0.112328,
          -0.318524,
          5.850028
        ],
        [
          0.032432,
          -0.968777,
          -0.245805,
          1.559012
        ],
        [
          0.0,
          0.0,
          0.0,
          1.0
        ]
      ]
    },
    {
      "file_path": "/media/NFS/ttao/scannet/posed_images/scene0138_00/00353.jpg",
      "transform_matrix": [
        [
          -0.382349,
          0.214762,
          -0.898714,
          4.605
        ],
        [
          0.923828,
          0.108542,
          -0.367096,
          5.78439
        ],
        [
          0.01871,
          -0.970616,
          -0.239904,
          1.532741
        ],
        [
          0.0,
          0.0,
          0.0,
          1.0
        ]
      ]
    },
    {
      "file_path": "/media/NFS/ttao/scannet/posed_images/scene0138_00/00359.jpg",
      "transform_matrix": [
        [
          -0.420734,
          0.232013,
          -0.877014,
          4.48176
        ],
        [
          0.906995,
          0.12733,
          -0.401432,
          5.742809
        ],
        [
          0.018533,
          -0.964343,
          -0.264007,
          1.516924
        ],
        [
          0.0,
          0.0,
          0.0,
          1.0
        ]
      ]
    },
    {
      "file_path": "/media/NFS/ttao/scannet/posed_images/scene0138_00/00361.jpg",
      "transform_matrix": [
        [
          -0.422783,
          0.232824,
          -0.875813,
          4.443865
        ],
        [
          0.905975,
          0.131561,
          -0.40237,
          5.731874
        ],
        [
          0.021542,
          -0.963579,
          -0.266554,
          1.505868
        ],
        [
          0.0,
          0.0,
          0.0,
          1.0
        ]
      ]
    },
    {
      "file_path": "/media/NFS/ttao/scannet/posed_images/scene0138_00/00373.jpg",
      "transform_matrix": [
        [
          -0.494168,
          0.282816,
          -0.822079,
          4.256757
        ],
        [
          0.869187,
          0.179902,
          -0.460596,
          5.576915
        ],
        [
          0.01763,
          -0.942152,
          -0.334722,
          1.485372
        ],
        [
          0.0,
          0.0,
          0.0,
          1.0
        ]
      ]
    },
    {
      "file_path": "/media/NFS/ttao/scannet/posed_images/scene0138_00/00375.jpg",
      "transform_matrix": [
        [
          -0.493692,
          0.27689,
          -0.824379,
          4.228447
        ],
        [
          0.869285,
          0.184118,
          -0.458743,
          5.539996
        ],
        [
          0.024762,
          -0.943097,
          -0.331593,
          1.493466
        ],
        [
          0.0,
          0.0,
          0.0,
          1.0
        ]
      ]
    },
    {
      "file_path": "/media/NFS/ttao/scannet/posed_images/scene0138_00/00383.jpg",
      "transform_matrix": [
        [
          -0.53096,
          0.237904,
          -0.813316,
          4.153434
        ],
        [
          0.846707,
          0.187661,
          -0.497866,
          5.417294
        ],
        [
          0.034184,
          -0.952987,
          -0.301076,
          1.502666
        ],
        [
          0.0,
          0.0,
          0.0,
          1.0
        ]
      ]
    },
    {
      "file_path": "/media/NFS/ttao/scannet/posed_images/scene0138_00/00393.jpg",
      "transform_matrix": [
        [
          -0.559711,
          0.258277,
          -0.787411,
          4.06924
        ],
        [
          0.828224,
          0.206119,
          -0.521114,
          5.302225
        ],
        [
          0.027709,
          -0.943826,
          -0.329278,
          1.493579
        ],
        [
          0.0,
          0.0,
          0.0,
          1.0
        ]
      ]
    },
    {
      "file_path": "/media/NFS/ttao/scannet/posed_images/scene0138_00/00399.jpg",
      "transform_matrix": [
        [
          -0.581142,
          0.25732,
          -0.77205,
          4.008502
        ],
        [
          0.813501,
          0.209478,
          -0.542526,
          5.2422
        ],
        [
          0.022125,
          -0.943348,
          -0.331066,
          1.489655
        ],
        [
          0.0,
          0.0,
          0.0,
          1.0
        ]
      ]
    },
    {
      "file_path": "/media/NFS/ttao/scannet/posed_images/scene0138_00/00407.jpg",
      "transform_matrix": [
        [
          -0.577652,
          0.250685,
          -0.776837,
          3.870817
        ],
        [
          0.816052,
          0.199983,
          -0.542278,
          5.181501
        ],
        [
          0.019413,
          -0.947187,
          -0.320093,
          1.481883
        ],
        [
          0.0,
          0.0,
          0.0,
          1.0
        ]
      ]
    },
    {
      "file_path": "/media/NFS/ttao/scannet/posed_images/scene0138_00/00413.jpg",
      "transform_matrix": [
        [
          -0.589491,
          0.244807,
          -0.769786,
          3.780228
        ],
        [
          0.807672,
          0.193834,
          -0.556861,
          5.118639
        ],
        [
          0.012887,
          -0.949999,
          -0.311987,
          1.480204
        ],
        [
          0.0,
          0.0,
          0.0,
          1.0
        ]
      ]
    },
    {
      "file_path": "/media/NFS/ttao/scannet/posed_images/scene0138_00/00417.jpg",
      "transform_matrix": [
        [
          -0.593679,
          0.261035,
          -0.761187,
          3.724789
        ],
        [
          0.80444,
          0.21661,
          -0.553132,
          5.084037
        ],
        [
          0.020494,
          -0.940713,
          -0.338584,
          1.484553
        ],
        [
          0.0,
          0.0,
          0.0,
          1.0
        ]
      ]
    },
    {
      "file_path": "/media/NFS/ttao/scannet/posed_images/scene0138_00/00423.jpg",
      "transform_matrix": [
        [
          -0.588322,
          0.249528,
          -0.769164,
          3.654987
        ],
        [
          0.808566,
          0.193192,
          -0.555786,
          5.023661
        ],
        [
          0.009913,
          -0.948901,
          -0.315419,
          1.499983
        ],
        [
          0.0,
          0.0,
          0.0,
          1.0
        ]
      ]
    },
    {
      "file_path": "/media/NFS/ttao/scannet/posed_images/scene0138_00/00431.jpg",
      "transform_matrix": [
        [
          -0.584935,
          0.23684,
          -0.775731,
          3.564036
        ],
        [
          0.811077,
          0.17358,
          -0.558591,
          4.91945
        ],
        [
          0.002355,
          -0.955917,
          -0.293628,
          1.493965
        ],
        [
          0.0,
          0.0,
          0.0,
          1.0
        ]
      ]
    },
    {
      "file_path": "/media/NFS/ttao/scannet/posed_images/scene0138_00/00437.jpg",
      "transform_matrix": [
        [
          -0.580064,
          0.233246,
          -0.780463,
          3.50701
        ],
        [
          0.814399,
          0.185764,
          -0.54977,
          4.843535
        ],
        [
          0.01675,
          -0.954509,
          -0.29771,
          1.488544
        ],
        [
          0.0,
          0.0,
          0.0,
          1.0
        ]
      ]
    },
    {
      "file_path": "/media/NFS/ttao/scannet/posed_images/scene0138_00/00441.jpg",
      "transform_matrix": [
        [
          -0.584216,
          0.251179,
          -0.771752,
          3.473339
        ],
        [
          0.811464,
          0.198065,
          -0.549815,
          4.795812
        ],
        [
          0.014755,
          -0.947459,
          -0.319536,
          1.48489
        ],
        [
          0.0,
          0.0,
          0.0,
          1.0
        ]
      ]
    },
    {
      "file_path": "/media/NFS/ttao/scannet/posed_images/scene0138_00/00451.jpg",
      "transform_matrix": [
        [
          -0.659104,
          0.255279,
          -0.7074,
          3.381226
        ],
        [
          0.751736,
          0.250916,
          -0.609864,
          4.71919
        ],
        [
          0.021812,
          -0.933742,
          -0.357282,
          1.472129
        ],
        [
          0.0,
          0.0,
          0.0,
          1.0
        ]
      ]
    },
    {
      "file_path": "/media/NFS/ttao/scannet/posed_images/scene0138_00/00457.jpg",
      "transform_matrix": [
        [
          -0.73619,
          0.202149,
          -0.645879,
          3.325757
        ],
        [
          0.676178,
          0.259746,
          -0.689431,
          4.676772
        ],
        [
          0.028396,
          -0.944282,
          -0.327911,
          1.468166
        ],
        [
          0.0,
          0.0,
          0.0,
          1.0
        ]
      ]
    },
    {
      "file_path": "/media/NFS/ttao/scannet/posed_images/scene0138_00/00467.jpg",
      "transform_matrix": [
        [
          -0.85183,
          0.129479,
          -0.507564,
          3.25272
        ],
        [
          0.521139,
          0.307347,
          -0.796211,
          4.605945
        ],
        [
          0.052906,
          -0.942748,
          -0.329284,
          1.466732
        ],
        [
          0.0,
          0.0,
          0.0,
          1.0
        ]
      ]
    },
    {
      "file_path": "/media/NFS/ttao/scannet/posed_images/scene0138_00/00469.jpg",
      "transform_matrix": [
        [
          -0.870836,
          0.115938,
          -0.477707,
          3.241016
        ],
        [
          0.487677,
          0.325877,
          -0.809923,
          4.581426
        ],
        [
          0.061773,
          -0.938276,
          -0.340326,
          1.474698
        ],
        [
          0.0,
          0.0,
          0.0,
          1.0
        ]
      ]
    },
    {
      "file_path": "/media/NFS/ttao/scannet/posed_images/scene0138_00/00480.jpg",
      "transform_matrix": [
        [
          -0.936118,
          0.079327,
          -0.342623,
          3.182916
        ],
        [
          0.349868,
          0.309004,
          -0.884369,
          4.459329
        ],
        [
          0.035717,
          -0.947747,
          -0.317018,
          1.499982
        ],
        [
          0.0,
          0.0,
          0.0,
          1.0
        ]
      ]
    },
    {
      "file_path": "/media/NFS/ttao/scannet/posed_images/scene0138_00/00482.jpg",
      "transform_matrix": [
        [
          -0.937458,
          0.078843,
          -0.339053,
          3.183551
        ],
        [
          0.34628,
          0.310678,
          -0.885194,
          4.428995
        ],
        [
          0.035545,
          -0.947239,
          -0.31855,
          1.497537
        ],
        [
          0.0,
          0.0,
          0.0,
          1.0
        ]
      ]
    },
    {
      "file_path": "/media/NFS/ttao/scannet/posed_images/scene0138_00/00494.jpg",
      "transform_matrix": [
        [
          -0.952143,
          0.068138,
          -0.29796,
          3.165473
        ],
        [
          0.305003,
          0.275291,
          -0.911695,
          4.233101
        ],
        [
          0.019904,
          -0.958943,
          -0.282899,
          1.514059
        ],
        [
          0.0,
          0.0,
          0.0,
          1.0
        ]
      ]
    },
    {
      "file_path": "/media/NFS/ttao/scannet/posed_images/scene0138_00/00496.jpg",
      "transform_matrix": [
        [
          -0.954042,
          0.067397,
          -0.291997,
          3.160108
        ],
        [
          0.299114,
          0.273688,
          -0.914126,
          4.209032
        ],
        [
          0.018307,
          -0.959454,
          -0.281269,
          1.507469
        ],
        [
          0.0,
          0.0,
          0.0,
          1.0
        ]
      ]
    },
    {
      "file_path": "/media/NFS/ttao/scannet/posed_images/scene0138_00/00502.jpg",
      "transform_matrix": [
        [
          -0.960691,
          0.066493,
          -0.269541,
          3.150284
        ],
        [
          0.277178,
          0.284601,
          -0.917701,
          4.141012
        ],
        [
          0.015692,
          -0.956337,
          -0.291844,
          1.498929
        ],
        [
          0.0,
          0.0,
          0.0,
          1.0
        ]
      ]
    },
    {
      "file_path": "/media/NFS/ttao/scannet/posed_images/scene0138_00/00510.jpg",
      "transform_matrix": [
        [
          -0.975793,
          0.058791,
          -0.210647,
          3.113228
        ],
        [
          0.218319,
          0.318491,
          -0.922442,
          4.045197
        ],
        [
          0.012858,
          -0.946101,
          -0.323617,
          1.489913
        ],
        [
          0.0,
          0.0,
          0.0,
          1.0
        ]
      ]
    },
    {
      "file_path": "/media/NFS/ttao/scannet/posed_images/scene0138_00/00516.jpg",
      "transform_matrix": [
        [
          -0.987969,
          0.031664,
          -0.151376,
          3.09379
        ],
        [
          0.153677,
          0.310734,
          -0.937991,
          3.937694
        ],
        [
          0.017337,
          -0.949969,
          -0.311862,
