{
  "frames": [
    {
      "file_path": "/media/NFS/ttao/scannet/posed_images/scene0289_01/00000.jpg",
      "transform_matrix": [
        [
          0.920447,
          0.182207,
          -0.345799,
          3.052958
        ],
        [
          0.390318,
          -0.475326,
          0.788491,
          2.741487
        ],
        [
          -0.020699,
          -0.860736,
          -0.508631,
          1.282571
        ],
        [
          0.0,
          0.0,
          0.0,
          1.0
        ]
      ]
    },
    {
      "file_path": "/media/NFS/ttao/scannet/posed_images/scene0289_01/00005.jpg",
      "transform_matrix": [
        [
          0.912148,
          0.200886,
          -0.357255,
          3.063972
        ],
        [
          0.409681,
          -0.472713,
          0.780195,
          2.739835
        ],
        [
          -0.012149,
          -0.858013,
          -0.513484,
          1.278998
        ],
        [
          0.0,
          0.0,
          0.0,
          1.0
        ]
      ]
    },
    {
      "file_path": "/media/NFS/ttao/scannet/posed_images/scene0289_01/00007.jpg",
      "transform_matrix": [
        [
          0.913388,
          0.202431,
          -0.353191,
          3.067233
        ],
        [
          0.406968,
          -0.475267,
          0.780063,
          2.74068
        ],
        [
          -0.009951,
          -0.856238,
          -0.516486,
          1.279778
        ],
        [
          0.0,
          0.0,
          0.0,
          1.0
        ]
      ]
    },
    {
      "file_path": "/media/NFS/ttao/scannet/posed_images/scene0289_01/00010.jpg",
      "transform_matrix": [
        [
          0.920762,
          0.194939,
          -0.33793,
          3.058121
        ],
        [
          0.389878,
          -0.490636,
          0.779276,
          2.744818
        ],
        [
          -0.013889,
          -0.849279,
          -0.527761,
          1.290342
        ],
        [
          0.0,
          0.0,
          0.0,
          1.0
        ]
      ]
    },
    {
      "file_path": "/media/NFS/ttao/scannet/posed_images/scene0289_01/00017.jpg",
      "transform_matrix": [
        [
          0.938996,
          0.173428,
          -0.297,
          3.067898
        ],
        [
          0.343692,
          -0.505112,
          0.791668,
          2.748627
        ],
        [
          -0.012721,
          -0.84545,
          -0.533904,
          1.29152
        ],
        [
          0.0,
          0.0,
          0.0,
          1.0
        ]
      ]
    },
    {
      "file_path": "/media/NFS/ttao/scannet/posed_images/scene0289_01/00018.jpg",
      "transform_matrix": [
        [
          0.941684,
          0.170607,
          -0.290044,
          3.0676
        ],
        [
          0.336294,
          -0.507282,
          0.793455,
          2.750502
        ],
        [
          -0.011765,
          -0.844724,
          -0.535073,
          1.295521
        ],
        [
          0.0,
          0.0,
          0.0,
          1.0
        ]
      ]
    },
    {
      "file_path": "/media/NFS/ttao/scannet/posed_images/scene0289_01/00025.jpg",
      "transform_matrix": [
        [
          0.961641,
          0.138162,
          -0.236977,
          3.057547
        ],
        [
          0.27414,
          -0.514604,
          0.812422,
          2.746045
        ],
        [
          -0.009703,
          -0.846223,
          -0.532741,
          1.301899
        ],
        [
          0.0,
          0.0,
          0.0,
          1.0
        ]
      ]
    },
    {
      "file_path": "/media/NFS/ttao/scannet/posed_images/scene0289_01/00026.jpg",
      "transform_matrix": [
        [
          0.963654,
          0.132982,
          -0.231704,
          3.059798
        ],
        [
          0.266927,
          -0.514913,
          0.814625,
          2.745453
        ],
        [
          -0.010977,
          -0.846865,
          -0.531695,
          1.301223
        ],
        [
          0.0,
          0.0,
          0.0,
          1.0
        ]
      ]
    },
    {
      "file_path": "/media/NFS/ttao/scannet/posed_images/scene0289_01/00032.jpg",
      "transform_matrix": [
        [
          0.975934,
          0.108523,
          -0.189145,
          3.06548
        ],
        [
          0.217874,
          -0.521691,
          0.824845,
          2.745405
        ],
        [
          -0.009161,
          -0.846204,
          -0.532781,
          1.302122
        ],
        [
          0.0,
          0.0,
          0.0,
          1.0
        ]
      ]
    },
    {
      "file_path": "/media/NFS/ttao/scannet/posed_images/scene0289_01/00033.jpg",
      "transform_matrix": [
        [
          0.977426,
          0.104242,
          -0.183773,
          3.067848
        ],
        [
          0.211035,
          -0.523498,
          0.825478,
          2.745861
        ],
        [
          -0.010155,
          -0.845626,
          -0.533679,
          1.302197
        ],
        [
          0.0,
          0.0,
          0.0,
          1.0
        ]
      ]
    },
    {
      "file_path": "/media/NFS/ttao/scannet/posed_images/scene0289_01/00037.jpg",
      "transform_matrix": [
        [
          0.98328,
          0.088853,
          -0.158949,
          3.07722
        ],
        [
          0.181809,
          -0.52814,
          0.829466,
          2.747908
        ],
        [
          -0.010247,
          -0.844496,
          -0.535464,
          1.301482
        ],
        [
          0.0,
          0.0,
          0.0,
          1.0
        ]
      ]
    },
    {
      "file_path": "/media/NFS/ttao/scannet/posed_images/scene0289_01/00041.jpg",
      "transform_matrix": [
        [
          0.989161,
          0.080176,
          -0.123013,
          3.080717
        ],
        [
          0.146832,
          -0.535117,
          0.831919,
          2.748761
        ],
        [
          0.000873,
          -0.840965,
          -0.541089,
          1.29494
        ],
        [
          0.0,
          0.0,
          0.0,
          1.0
        ]
      ]
    },
    {
      "file_path": "/media/NFS/ttao/scannet/posed_images/scene0289_01/00047.jpg",
      "transform_matrix": [
        [
          0.996396,
          0.05658,
          -0.063194,
          3.096839
        ],
        [
          0.083711,
          -0.535739,
          0.840224,
          2.751532
        ],
        [
          0.013685,
          -0.842486,
          -0.538545,
          1.293291
        ],
        [
          0.0,
          0.0,
          0.0,
          1.0
        ]
      ]
    },
    {
      "file_path": "/media/NFS/ttao/scannet/posed_images/scene0289_01/00051.jpg",
      "transform_matrix": [
        [
          0.999153,
          0.036348,
          -0.019293,
          3.110068
        ],
        [
          0.03509,
          -0.507631,
          0.86086,
          2.745526
        ],
        [
          0.021497,
          -0.860808,
          -0.508477,
          1.290657
        ],
        [
          0.0,
          0.0,
          0.0,
          1.0
        ]
      ]
    },
    {
      "file_path": "/media/NFS/ttao/scannet/posed_images/scene0289_01/00054.jpg",
      "transform_matrix": [
        [
          0.999626,
          0.018381,
          0.020227,
          3.119488
        ],
        [
          -0.007891,
          -0.51445,
          0.857484,
          2.744456
        ],
        [
          0.026167,
          -0.857323,
          -0.514113,
          1.289469
        ],
        [
          0.0,
          0.0,
          0.0,
          1.0
        ]
      ]
    },
    {
      "file_path": "/media/NFS/ttao/scannet/posed_images/scene0289_01/00059.jpg",
      "transform_matrix": [
        [
          0.997617,
          -0.016325,
          0.067043,
          3.128161
        ],
        [
          -0.065832,
          -0.516296,
          0.853876,
          2.742859
        ],
        [
          0.020674,
          -0.856255,
          -0.51614,
          1.288373
        ],
        [
          0.0,
          0.0,
          0.0,
          1.0
        ]
      ]
    },
    {
      "file_path": "/media/NFS/ttao/scannet/posed_images/scene0289_01/00060.jpg",
      "transform_matrix": [
        [
          0.996006,
          -0.027797,
          0.084846,
          3.118053
        ],
        [
          -0.086822,
          -0.523129,
          0.847819,
          2.750377
        ],
        [
          0.020819,
          -0.8518,
          -0.523453,
          1.291206
        ],
        [
          0.0,
          0.0,
          0.0,
          1.0
        ]
      ]
    },
    {
      "file_path": "/media/NFS/ttao/scannet/posed_images/scene0289_01/00065.jpg",
      "transform_matrix": [
        [
          0.987359,
          -0.065197,
          0.144468,
          3.123176
        ],
        [
          -0.156828,
          -0.533831,
          0.830921,
          2.752779
        ],
        [
          0.022948,
          -0.843074,
          -0.537307,
          1.289374
        ],
        [
          0.0,
          0.0,
          0.0,
          1.0
        ]
      ]
    },
    {
      "file_path": "/media/NFS/ttao/scannet/posed_images/scene0289_01/00067.jpg",
      "transform_matrix": [
        [
          0.981221,
          -0.082352,
          0.174423,
          3.125189
        ],
        [
          -0.191053,
          -0.539345,
          0.820125,
          2.752496
        ],
        [
          0.026535,
          -0.838048,
          -0.54495,
          1.285088
        ],
        [
          0.0,
          0.0,
          0.0,
          1.0
        ]
      ]
    },
    {
      "file_path": "/media/NFS/ttao/scannet/posed_images/scene0289_01/00071.jpg",
      "transform_matrix": [
        [
          0.963395,
          -0.132767,
          0.232901,
          3.132076
        ],
        [
          -0.266991,
          -0.553586,
          0.788833,
          2.754059
        ],
        [
          0.0242,
          -0.822141,
          -0.56877,
          1.280231
        ],
        [
          0.0,
          0.0,
          0.0,
          1.0
        ]
      ]
    },
    {
      "file_path": "/media/NFS/ttao/scannet/posed_images/scene0289_01/00074.jpg",
      "transform_matrix": [
        [
          0.947197,
          -0.166949,
          0.273762,
          3.143466
        ],
        [
          -0.320014,
          -0.546012,
          0.774249,
          2.754384
        ],
        [
          0.020217,
          -0.820974,
          -0.570607,
          1.280894
        ],
        [
          0.0,
          0.0,
          0.0,
          1.0
        ]
      ]
    },
    {
      "file_path": "/media/NFS/ttao/scannet/posed_images/scene0289_01/00081.jpg",
      "transform_matrix": [
        [
          0.910764,
          -0.211785,
          0.35448,
          3.157627
        ],
        [
          -0.411769,
          -0.530071,
          0.741263,
          2.719817
        ],
        [
          0.030911,
          -0.821079,
          -0.569977,
          1.276517
        ],
        [
          0.0,
          0.0,
          0.0,
          1.0
        ]
      ]
    },
    {
      "file_path": "/media/NFS/ttao/scannet/posed_images/scene0289_01/00085.jpg",
      "transform_matrix": [
        [
          0.898384,
          -0.241018,
          0.367173,
          3.164489
        ],
        [
          -0.439103,
          -0.511337,
          0.73873,
          2.684891
        ],
        [
          0.009702,
          -0.824891,
          -0.565209,
          1.28111
        ],
        [
          0.0,
          0.0,
          0.0,
          1.0
        ]
      ]
    },
    {
      "file_path": "/media/NFS/ttao/scannet/posed_images/scene0289_01/00087.jpg",
      "transform_matrix": [
        [
          0.896564,
          -0.250754,
          0.365096,
          3.167703
        ],
        [
          -0.442913,
          -0.507695,
          0.738967,
          2.663141
        ],
        [
          5.9e-05,
          -0.824238,
          -0.566244,
          1.282811
        ],
        [
          0.0,
          0.0,
          0.0,
          1.0
        ]
      ]
    },
    {
      "file_path": "/media/NFS/ttao/scannet/posed_images/scene0289_01/00092.jpg",
      "transform_matrix": [
        [
          0.896243,
          -0.257401,
          0.361239,
          3.176885
        ],
        [
          -0.44354,
          -0.528525,
          0.723832,
          2.608212
        ],
        [
          0.004609,
          -0.808954,
          -0.587855,
          1.282758
        ],
        [
          0.0,
          0.0,
          0.0,
          1.0
        ]
      ]
    },
    {
      "file_path": "/media/NFS/ttao/scannet/posed_images/scene0289_01/00095.jpg",
      "transform_matrix": [
        [
          0.8938,
          -0.260854,
          0.364796,
          3.184348
        ],
        [
          -0.448428,
          -0.530265,
          0.719535,
          2.579561
        ],
        [
          0.005745,
          -0.806706,
          -0.590925,
          1.285319
        ],
        [
          0.0,
          0.0,
          0.0,
          1.0
        ]
      ]
    },
    {
      "file_path": "/media/NFS/ttao/scannet/posed_images/scene0289_01/00099.jpg",
      "transform_matrix": [
        [
          0.891416,
          -0.270997,
          0.363232,
          3.18825
        ],
        [
          -0.453185,
          -0.5341,
          0.713694,
          2.544231
        ],
        [
          0.000594,
          -0.80081,
          -0.598918,
          1.28312
        ],
        [
          0.0,
          0.0,
          0.0,
          1.0
        ]
      ]
    },
    {
      "file_path": "/media/NFS/ttao/scannet/posed_images/scene0289_01/00100.jpg",
      "transform_matrix": [
        [
          0.895007,
          -0.267674,
          0.35681,
          3.192578
        ],
        [
          -0.446052,
          -0.536708,
          0.716228,
          2.536428
        ],
        [
          -0.000213,
          -0.800185,
          -0.599754,
          1.285503
        ],
        [
          0.0,
          0.0,
          0.0,
          1.0
        ]
      ]
    },
    {
      "file_path": "/media/NFS/ttao/scannet/posed_images/scene0289_01/00105.jpg",
      "transform_matrix": [
        [
          0.898534,
          -0.258899,
          0.354413,
          3.193855
        ],
        [
          -0.438829,
          -0.51491,
          0.736408,
          2.496101
        ],
        [
          -0.008165,
          -0.817214,
          -0.576277,
          1.290658
        ],
        [
          0.0,
          0.0,
          0.0,
          1.0
        ]
      ]
    },
    {
      "file_path": "/media/NFS/ttao/scannet/posed_images/scene0289_01/00108.jpg",
      "transform_matrix": [
        [
          0.89318,
          -0.269718,
          0.359836,
          3.196198
        ],
        [
          -0.449307,
          -0.501807,
          0.739129,
          2.480476
        ],
        [
          -0.018788,
          -0.821853,
          -0.569391,
          1.294006
        ],
        [
          0.0,
          0.0,
          0.0,
          1.0
        ]
      ]
    },
    {
      "file_path": "/media/NFS/ttao/scannet/posed_images/scene0289_01/00114.jpg",
      "transform_matrix": [
        [
          0.870925,
          -0.282893,
          0.401823,
          3.203472
        ],
        [
          -0.490614,
          -0.453841,
          0.743859,
          2.471402
        ],
        [
          -0.028069,
          -0.844985,
          -0.534053,
          1.303402
        ],
        [
          0.0,
          0.0,
          0.0,
          1.0
        ]
      ]
    },
    {
      "file_path": "/media/NFS/ttao/scannet/posed_images/scene0289_01/00116.jpg",
      "transform_matrix": [
        [
          0.857284,
          -0.286065,
          0.428055,
          3.207009
        ],
        [
          -0.514277,
          -0.436796,
          0.738057,
          2.477387
        ],
        [
          -0.024159,
          -0.852863,
          -0.521575,
          1.308528
        ],
        [
          0.0,
          0.0,
          0.0,
          1.0
        ]
      ]
    },
    {
      "file_path": "/media/NFS/ttao/scannet/posed_images/scene0289_01/00120.jpg",
      "transform_matrix": [
        [
          0.825335,
          -0.291297,
          0.483702,
          3.219872
        ],
        [
          -0.564069,
          -0.386726,
          0.729568,
          2.487459
        ],
        [
          -0.02546,
          -0.87498,
          -0.48349,
          1.321745
        ],
        [
          0.0,
          0.0,
          0.0,
          1.0
        ]
      ]
    },
    {
      "file_path": "/media/NFS/ttao/scannet/posed_images/scene0289_01/00124.jpg",
      "transform_matrix": [
        [
          0.784352,
          -0.295905,
          0.54519,
          3.222405
        ],
        [
          -0.619883,
          -0.341075,
          0.706692,
          2.506313
        ],
        [
          -0.023163,
          -0.892249,
          -0.450949,
          1.32639
        ],
        [
          0.0,
          0.0,
          0.0,
          1.0
        ]
      ]
    },
    {
      "file_path": "/media/NFS/ttao/scannet/posed_images/scene0289_01/00130.jpg",
      "transform_matrix": [
        [
          0.738859,
          -0.309462,
          0.598599,
          3.231827
        ],
        [
          -0.673335,
          -0.30399,
          0.67395,
          2.526653
        ],
        [
          -0.026593,
          -0.901012,
          -0.432977,
          1.334141
        ],
        [
          0.0,
          0.0,
          0.0,
          1.0
        ]
      ]
    },
    {
      "file_path": "/media/NFS/ttao/scannet/posed_images/scene0289_01/00133.jpg",
      "transform_matrix": [
        [
          0.708726,
          -0.323257,
          0.627067,
          3.236715
        ],
        [
          -0.705178,
          -0.298417,
          0.643173,
          2.534115
        ],
        [
          -0.020783,
          -0.898027,
          -0.439449,
          1.333158
        ],
        [
          0.0,
          0.0,
          0.0,
          1.0
        ]
      ]
    },
    {
      "file_path": "/media/NFS/ttao/scannet/posed_images/scene0289_01/00138.jpg",
      "transform_matrix": [
        [
          0.6545,
          -0.357688,
          0.6661,
          3.245069
        ],
        [
          -0.75587,
          -0.289746,
          0.587117,
          2.540056
        ],
        [
          -0.017005,
          -0.887754,
          -0.460005,
          1.330772
        ],
        [
          0.0,
          0.0,
          0.0,
          1.0
        ]
      ]
    },
    {
      "file_path": "/media/NFS/ttao/scannet/posed_images/scene0289_01/00141.jpg",
      "transform_matrix": [
        [
          0.623197,
          -0.374497,
          0.686569,
          3.256074
        ],
        [
          -0.781879,
          -0.27921,
          0.557411,
          2.535359
        ],
        [
          -0.017052,
          -0.884191,
          -0.466814,
          1.331066
        ],
        [
          0.0,
          0.0,
          0.0,
          1.0
        ]
      ]
    },
    {
      "file_path": "/media/NFS/ttao/scannet/posed_images/scene0289_01/00144.jpg",
      "transform_matrix": [
        [
          0.587813,
          -0.386138,
          0.710896,
          3.260709
        ],
        [
          -0.808848,
          -0.26368,
          0.525583,
          2.532959
        ],
        [
          -0.015498,
          -0.883951,
          -0.467322,
          1.333166
        ],
        [
          0.0,
          0.0,
          0.0,
          1.0
        ]
      ]
    },
    {
      "file_path": "/media/NFS/ttao/scannet/posed_images/scene0289_01/00147.jpg",
      "transform_matrix": [
        [
          0.552976,
          -0.395074,
          0.733576,
          3.262606
        ],
        [
          -0.833104,
          -0.249023,
          0.493887,
          2.529773
        ],
        [
          -0.012445,
          -0.884253,
          -0.466842,
          1.333198
        ],
        [
          0.0,
          0.0,
          0.0,
          1.0
        ]
      ]
    },
    {
      "file_path": "/media/NFS/ttao/scannet/posed_images/scene0289_01/00150.jpg",
      "transform_matrix": [
        [
          0.524078,
          -0.399947,
          0.751921,
          3.270935
        ],
        [
          -0.851602,
          -0.234875,
          0.468624,
          2.518794
        ],
        [
          -0.010817,
          -0.885932,
          -0.463688,
          1.33286
        ],
        [
          0.0,
          0.0,
          0.0,
          1.0
        ]
      ]
    },
    {
      "file_path": "/media/NFS/ttao/scannet/posed_images/scene0289_01/00153.jpg",
      "transform_matrix": [
        [
          0.489271,
          -0.40579,
          0.771977,
          3.27388
        ],
        [
          -0.872091,
          -0.219041,
          0.437583,
          2.514379
        ],
        [
          -0.008472,
          -0.887331,
          -0.461056,
          1.330518
        ],
        [
          0.0,
          0.0,
          0.0,
          1.0
        ]
      ]
    },
    {
      "file_path": "/media/NFS/ttao/scannet/posed_images/scene0289_01/00159.jpg",
      "transform_matrix": [
        [
          0.402523,
          -0.427116,
          0.809659,
          3.285323
        ],
        [
          -0.915405,
          -0.190834,
          0.354425,
          2.505152
        ],
        [
          0.00313,
          -0.883829,
          -0.467799,
          1.328554
        ],
        [
          0.0,
          0.0,
          0.0,
          1.0
        ]
      ]
    },
    {
      "file_path": "/media/NFS/ttao/scannet/posed_images/scene0289_01/00164.jpg",
      "transform_matrix": [
        [
          0.338166,
          -0.437686,
          0.833111,
          3.300525
        ],
        [
          -0.941082,
          -0.159996,
          0.297936,
          2.488847
        ],
        [
          0.002892,
          -0.884778,
          -0.466004,
          1.329866
        ],
        [
          0.0,
          0.0,
          0.0,
          1.0
        ]
      ]
    },
    {
      "file_path": "/media/NFS/ttao/scannet/posed_images/scene0289_01/00167.jpg",
      "transform_matrix": [
        [
          0.300806,
          -0.442513,
          0.844806,
          3.30443
        ],
        [
          -0.953675,
          -0.143564,
          0.264372,
          2.481116
        ],
        [
          0.004296,
          -0.885196,
          -0.465198,
          1.330353
        ],
        [
          0.0,
          0.0,
          0.0,
          1.0
        ]
      ]
    },
    {
      "file_path": "/media/NFS/ttao/scannet/posed_images/scene0289_01/00168.jpg",
      "transform_matrix": [
        [
          0.286668,
          -0.44357,
          0.849157,
          3.306273
        ],
        [
          -0.958014,
          -0.137823,
          0.251423,
          2.480495
        ],
        [
          0.005509,
          -0.88558,
          -0.464455,
          1.330398
        ],
        [
          0.0,
          0.0,
          0.0,
          1.0
        ]
      ]
    },
    {
      "file_path": "/media/NFS/ttao/scannet/posed_images/scene0289_01/00175.jpg",
      "transform_matrix": [
        [
          0.212324,
          -0.447481,
          0.868722,
          3.32372
        ],
        [
          -0.977187,
          -0.101731,
          0.186432,
          2.448325
        ],
        [
          0.004951,
          -0.888488,
          -0.458873,
          1.329339
        ],
        [
          0.0,
          0.0,
          0.0,
          1.0
        ]
      ]
    },
    {
      "file_path": "/media/NFS/ttao/scannet/posed_images/scene0289_01/00177.jpg",
      "transform_matrix": [
        [
          0.191993,
          -0.448877,
          0.872725,
          3.328919
        ],
        [
          -0.981387,
          -0.091681,
          0.168743,
          2.441858
        ],
        [
          0.004267,
          -0.888878,
          -0.458124,
          1.330218
        ],
        [
          0.0,
          0.0,
          0.0,
          1.0
        ]
      ]
    },
    {
      "file_path": "/media/NFS/ttao/scannet/posed_images/scene0289_01/00179.jpg",
      "transform_matrix": [
        [
          0.173571,
          -0.447919,
          0.877064,
          3.329897
        ],
        [
          -0.984818,
          -0.081171,
          0.153441,
          2.4387
        ],
        [
          0.002463,
          -0.890382,
          -0.455208,
          1.332192
        ],
        [
          0.0,
          0.0,
          0.0,
          1.0
        ]
      ]
    },
    {
      "file_path": "/media/NFS/ttao/scannet/posed_images/scene0289_01/00186.jpg",
      "transform_matrix": [
        [
          0.156036,
          -0.409469,
          0.898881,
          3.338401
        ],
        [
          -0.987685,
          -0.05413,
          0.146793,
          2.418388
        ],
        [
          -0.011451,
          -0.910717,
          -0.412872,
          1.345691
        ],
        [
          0.0,
          0.0,
          0.0,
          1.0
        ]
      ]
    },
    {
      "file_path": "/media/NFS/ttao/scannet/posed_images/scene0289_01/00190.jpg",
      "transform_matrix": [
        [
          0.156732,
          -0.39682,
          0.904417,
          3.349381
        ],
        [
          -0.987555,
          -0.050882,
          0.148815,
          2.400581
        ],
        [
          -0.013034,
          -0.916485,
          -0.399856,
          1.345912
        ],
        [
          0.0,
          0.0,
          0.0,
          1.0
        ]
      ]
    },
    {
      "file_path": "/media/NFS/ttao/scannet/posed_images/scene0289_01/00191.jpg",
      "transform_matrix": [
        [
          0.151968,
          -0.396166,
          0.905516,
          3.347971
        ],
        [
          -0.988329,
          -0.051124,
          0.143499,
          2.400096
        ],
        [
          -0.010555,
          -0.916755,
          -0.399312,
          1.343184
        ],
        [
          0.0,
          0.0,
          0.0,
          1.0
        ]
      ]
    },
    {
      "file_path": "/media/NFS/ttao/scannet/posed_images/scene0289_01/00197.jpg",
      "transform_matrix": [
        [
          0.095473,
          -0.42069,
          0.902167,
          3.357767
        ],
        [
          -0.995432,
          -0.040853,
          0.086292,
          2.394972
        ],
        [
          0.000554,
          -0.906284,
          -0.422668,
          1.335546
        ],
        [
          0.0,
          0.0,
          0.0,
          1.0
        ]
      ]
    },
    {
      "file_path": "/media/NFS/ttao/scannet/posed_images/scene0289_01/00200.jpg",
      "transform_matrix": [
        [
          0.062307,
          -0.441162,
          0.895262,
          3.368476
        ],
        [
          -0.998057,
          -0.027558,
          0.055881,
          2.400113
        ],
        [
          1.9e-05,
          -0.897004,
          -0.442022,
          1.324281
        ],
        [
          0.0,
          0.0,
          0.0,
          1.0
        ]
      ]
    },
    {
      "file_path": "/media/NFS/ttao/scannet/posed_images/scene0289_01/00203.jpg",
      "transform_matrix": [
        [
          0.021249,
          -0.457001,
          0.889212,
          3.371922
        ],
        [
          -0.999772,
          -0.011536,
          0.017962,
          2.410383
        ],
        [
          0.002049,
          -0.889392,
          -0.457142,
          1.325572
        ],
        [
          0.0,
          0.0,
          0.0,
          1.0
        ]
      ]
    },
    {
      "file_path": "/media/NFS/ttao/scannet/posed_images/scene0289_01/00206.jpg",
      "transform_matrix": [
        [
          -0.043931,
          -0.454333,
          0.889748,
          3.368397
        ],
        [
          -0.999034,
          0.019294,
          -0.039474,
          2.435251
        ],
        [
          0.000767,
          -0.890623,
          -0.454742,
          1.319333
        ],
        [
          0.0,
          0.0,
          0.0,
          1.0
        ]
      ]
    },
    {
      "file_path": "/media/NFS/ttao/scannet/posed_images/scene0289_01/00211.jpg",
      "transform_matrix": [
        [
          -0.133316,
          -0.478645,
          0.867828,
          3.362107
        ],
        [
          -0.990995,
          0.07543,
          -0.110634,
          2.475965
        ],
        [
          -0.012506,
          -0.874763,
          -0.48439,
          1.30226
        ],
        [
          0.0,
          0.0,
          0.0,
          1.0
        ]
      ]
    },
    {
      "file_path": "/media/NFS/ttao/scannet/posed_images/scene0289_01/00217.jpg",
      "transform_matrix": [
        [
          -0.235903,
          -0.521416,
          0.820046,
          3.337423
        ],
        [
          -0.971261,
          0.153995,
          -0.181487,
          2.535804
        ],
        [
          -0.031653,
          -0.839292,
          -0.542759,
          1.278501
        ],
        [
          0.0,
          0.0,
          0.0,
          1.0
        ]
      ]
    },
    {
      "file_path": "/media/NFS/ttao/scannet/posed_images/scene0289_01/00220.jpg",
      "transform_matrix": [
        [
          -0.262809,
          -0.532561,
          0.804556,
          3.314318
        ],
        [
          -0.96406,
          0.17863,
          -0.19667,
          2.560274
        ],
        [
          -0.038979,
          -0.827327,
          -0.560367,
          1.277357
        ],
        [
          0.0,
          0.0,
          0.0,
          1.0
        ]
      ]
    },
    {
      "file_path": "/media/NFS/ttao/scannet/posed_images/scene0289_01/00222.jpg",
      "transform_matrix": [
        [
          -0.269674,
          -0.531214,
          0.803173,
          3.298825
        ],
        [
          -0.96249,
          0.174513,
          -0.207745,
          2.574177
        ],
        [
          -0.029806,
          -0.82907,
          -0.55835,
          1.283259
        ],
        [
          0.0,
          0.0,
          0.0,
          1.0
        ]
      ]
    },
    {
      "file_path": "/media/NFS/ttao/scannet/posed_images/scene0289_01/00226.jpg",
      "transform_matrix": [
        [
          -0.273711,
          -0.496105,
          0.823992,
          3.258199
        ],
        [
          -0.960643,
          0.183228,
          -0.208786,
          2.610354
        ],
        [
          -0.047399,
          -0.848709,
          -0.526732,
          1.284689
        ],
        [
          0.0,
          0.0,
          0.0,
          1.0
        ]
      ]
    },
    {
      "file_path": "/media/NFS/ttao/scannet/posed_images/scene0289_01/00231.jpg",
      "transform_matrix": [
        [
          -0.310102,
          -0.511567,
          0.801334,
          3.207149
        ],
        [
          -0.950224,
          0.193534,
          -0.244168,
          2.64258
        ],
        [
          -0.030177,
          -0.837164,
          -0.546118,
          1.272414
        ],
        [
          0.0,
          0.0,
          0.0,
          1.0
        ]
      ]
    },
    {
      "file_path": "/media/NFS/ttao/scannet/posed_images/scene0289_01/00233.jpg",
      "transform_matrix": [
        [
          -0.339193,
          -0.504616,
          0.793922,
          3.187475
        ],
        [
          -0.94037,
          0.204792,
          -0.271595,
          2.653965
        ],
        [
          -0.025538,
          -0.838704,
          -0.543989,
          1.273033
        ],
        [
          0.0,
          0.0,
          0.0,
          1.0
        ]
      ]
    },
    {
      "file_path": "/media/NFS/ttao/scannet/posed_images/scene0289_01/00239.jpg",
      "transform_matrix": [
        [
          -0.446033,
          -0.449072,
          0.774202,
          3.12565
        ],
        [
          -0.893482,
          0.274043,
          -0.355795,
          2.68653
        ],
        [
          -0.052387,
          -0.850432,
          -0.52347,
          1.280645
        ],
        [
          0.0,
          0.0,
          0.0,
          1.0
        ]
      ]
    },
    {
      "file_path": "/media/NFS/ttao/scannet/posed_images/scene0289_01/00241.jpg",
      "transform_matrix": [
        [
          -0.46363,
          -0.436267,
          0.771179,
          3.101336
        ],
        [
          -0.8836,
          0.292055,
          -0.365997,
          2.676802
        ],
        [
          -0.065554,
          -0.851102,
          -0.520891,
          1.281605
        ],
        [
          0.0,
          0.0,
          0.0,
          1.0
        ]
      ]
    },
    {
      "file_path": "/media/NFS/ttao/scannet/posed_images/scene0289_01/00246.jpg",
      "transform_matrix": [
        [
          -0.55828,
          -0.40388,
          0.724709,
          3.07662
        ],
        [
          -0.827436,
          0.334848,
          -0.450805,
          2.704305
        ],
        [
          -0.060596,
          -0.851327,
          -0.521125,
          1.282152
        ],
        [
          0.0,
          0.0,
          0.0,
          1.0
        ]
      ]
    },
    {
      "file_path": "/media/NFS/ttao/scannet/posed_images/scene0289_01/00250.jpg",
      "transform_matrix": [
        [
          -0.633654,
          -0.385709,
          0.670605,
          3.08828
        ],
        [
          -0.773157,
          0.3456,
          -0.531779,
          2.730987
        ],
        [
          -0.026649,
          -0.855447,
          -0.517205,
          1.283934
        ],
        [
          0.0,
          0.0,
          0.0,
          1.0
        ]
      ]
    },
    {
      "file_path": "/media/NFS/ttao/scannet/posed_images/scene0289_01/00254.jpg",
      "transform_matrix": [
        [
          -0.703388,
          -0.351284,
          0.617936,
          3.113538
        ],
        [
          -0.710738,
          0.359606,
          -0.604594,
          2.759951
        ],
        [
          -0.009829,
          -0.864456,
          -0.502613,
          1.281127
        ],
        [
          0.0,
          0.0,
          0.0,
          1.0
        ]
      ]
    },
    {
      "file_path": "/media/NFS/ttao/scannet/posed_images/scene0289_01/00257.jpg",
      "transform_matrix": [
        [
          -0.756426,
          -0.316799,
          0.57224,
          3.144432
        ],
        [
          -0.654002,
          0.379788,
          -0.654249,
          2.789598
        ],
        [
          -0.010064,
          -0.869138,
          -0.494468,
          1.280572
        ],
        [
          0.0,
          0.0,
          0.0,
          1.0
        ]
      ]
    },
    {
      "file_path": "/media/NFS/ttao/scannet/posed_images/scene0289_01/00258.jpg",
      "transform_matrix": [
        [
          -0.771509,
          -0.304553,
          0.558588,
          3.155192
        ],
        [
          -0.636041,
          0.389934,
          -0.665885,
          2.800002
        ],
        [
          -0.015015,
          -0.869022,
          -0.494546,
          1.27976
        ],
        [
          0.0,
          0.0,
          0.0,
          1.0
        ]
      ]
    },
    {
      "file_path": "/media/NFS/ttao/scannet/posed_images/scene0289_01/00263.jpg",
      "transform_matrix": [
        [
          -0.829006,
          -0.258507,
          0.495905,
          3.194171
        ],
        [
          -0.558783,
          0.418691,
          -0.715862,
          2.829775
        ],
        [
          -0.022576,
          -0.870558,
          -0.491547,
          1.274375
        ],
        [
          0.0,
          0.0,
          0.0,
          1.0
        ]
      ]
    },
    {
      "file_path": "/media/NFS/ttao/scannet/posed_images/scene0289_01/00267.jpg",
      "transform_matrix": [
        [
          -0.871401,
          -0.238452,
          0.428719,
          3.209606
        ],
        [
          -0.490396,
          0.446689,
          -0.748318,
          2.840363
        ],
        [
          -0.013066,
          -0.862328,
          -0.506182,
          1.271453
        ],
        [
          0.0,
          0.0,
          0.0,
          1.0
        ]
      ]
    },
    {
      "file_path": "/media/NFS/ttao/scannet/posed_images/scene0289_01/00272.jpg",
      "transform_matrix": [
        [
          -0.902497,
          -0.219395,
          0.370629,
          3.2187
        ],
        [
          -0.430478,
          0.432085,
          -0.792459,
          2.828188
        ],
        [
          0.013718,
          -0.874739,
          -0.4844,
          1.259386
        ],
        [
          0.0,
          0.0,
          0.0,
          1.0
        ]
      ]
    },
    {
      "file_path": "/media/NFS/ttao/scannet/posed_images/scene0289_01/00276.jpg",
      "transform_matrix": [
        [
          -0.920932,
          -0.172777,
          0.34933,
          3.222311
        ],
        [
          -0.389655,
          0.424835,
          -0.817119,
          2.799912
        ],
        [
          -0.007228,
          -0.88863,
          -0.458568,
          1.26243
        ],
        [
          0.0,
          0.0,
          0.0,
          1.0
        ]
      ]
    },
    {
      "file_path": "/media/NFS/ttao/scannet/posed_images/scene0289_01/00279.jpg",
      "transform_matrix": [
        [
          -0.928466,
          -0.150781,
          0.339434,
          3.229201
        ],
        [
          -0.370923,
          0.423492,
          -0.826481,
          2.770294
        ],
        [
          -0.01913,
          -0.893263,
          -0.449127,
          1.262497
        ],
        [
          0.0,
          0.0,
          0.0,
          1.0
        ]
      ]
    },
    {
      "file_path": "/media/NFS/ttao/scannet/posed_images/scene0289_01/00284.jpg",
      "transform_matrix": [
        [
          -0.930273,
          -0.136959,
          0.340343,
          3.226305
        ],
        [
          -0.365601,
          0.423086,
          -0.829056,
          2.706538
        ],
        [
          -0.030447,
          -0.895679,
          -0.443658,
          1.266215
        ],
        [
          0.0,
          0.0,
          0.0,
          1.0
        ]
      ]
    },
    {
      "file_path": "/media/NFS/ttao/scannet/posed_images/scene0289_01/00285.jpg",
      "transform_matrix": [
        [
          -0.929344,
          -0.141311,
          0.341101,
          3.226135
        ],
        [
          -0.368158,
          0.424481,
          -0.827209,
          2.693298
        ],
        [
          -0.027897,
          -0.894342,
          -0.446514,
          1.265569
        ],
        [
          0.0,
          0.0,
          0.0,
          1.0
        ]
      ]
    },
    {
      "file_path": "/media/NFS/ttao/scannet/posed_images/scene0289_01/00291.jpg",
      "transform_matrix": [
        [
          -0.927769,
          -0.178777,
          0.327541,
          3.24158
        ],
        [
          -0.373139,
          0.436321,
          -0.818774,
          2.616712
        ],
        [
          0.003464,
          -0.881852,
