{
  "frames": [
    {
      "file_path": "/media/NFS/ttao/scannet/posed_images/scene0109_01/00000.jpg",
      "transform_matrix": [
        [
          0.07086,
          0.23038,
          -0.970517,
          2.804818
        ],
        [
          0.997448,
          -0.024954,
          0.066902,
          2.001944
        ],
        [
          -0.008806,
          -0.972781,
          -0.23156,
          1.417634
        ],
        [
          0.0,
          0.0,
          0.0,
          1.0
        ]
      ]
    },
    {
      "file_path": "/media/NFS/ttao/scannet/posed_images/scene0109_01/00004.jpg",
      "transform_matrix": [
        [
          0.069717,
          0.248209,
          -0.966195,
          2.794185
        ],
        [
          0.997446,
          -0.032402,
          0.063648,
          2.016933
        ],
        [
          -0.015508,
          -0.968165,
          -0.249834,
          1.40876
        ],
        [
          0.0,
          0.0,
          0.0,
          1.0
        ]
      ]
    },
    {
      "file_path": "/media/NFS/ttao/scannet/posed_images/scene0109_01/00005.jpg",
      "transform_matrix": [
        [
          0.070348,
          0.248739,
          -0.966012,
          2.792561
        ],
        [
          0.99741,
          -0.032091,
          0.064371,
          2.019815
        ],
        [
          -0.014989,
          -0.968039,
          -0.250353,
          1.408229
        ],
        [
          0.0,
          0.0,
          0.0,
          1.0
        ]
      ]
    },
    {
      "file_path": "/media/NFS/ttao/scannet/posed_images/scene0109_01/00008.jpg",
      "transform_matrix": [
        [
          0.07971,
          0.247688,
          -0.965555,
          2.78423
        ],
        [
          0.996712,
          -0.033929,
          0.073579,
          2.02649
        ],
        [
          -0.014536,
          -0.968245,
          -0.249578,
          1.409711
        ],
        [
          0.0,
          0.0,
          0.0,
          1.0
        ]
      ]
    },
    {
      "file_path": "/media/NFS/ttao/scannet/posed_images/scene0109_01/00013.jpg",
      "transform_matrix": [
        [
          0.071078,
          0.230607,
          -0.970448,
          2.777502
        ],
        [
          0.997329,
          -0.032858,
          0.065239,
          2.067594
        ],
        [
          -0.016842,
          -0.972492,
          -0.232326,
          1.412088
        ],
        [
          0.0,
          0.0,
          0.0,
          1.0
        ]
      ]
    },
    {
      "file_path": "/media/NFS/ttao/scannet/posed_images/scene0109_01/00015.jpg",
      "transform_matrix": [
        [
          0.067367,
          0.227353,
          -0.97148,
          2.772649
        ],
        [
          0.997572,
          -0.032593,
          0.061549,
          2.076769
        ],
        [
          -0.01767,
          -0.973267,
          -0.228997,
          1.410423
        ],
        [
          0.0,
          0.0,
          0.0,
          1.0
        ]
      ]
    },
    {
      "file_path": "/media/NFS/ttao/scannet/posed_images/scene0109_01/00016.jpg",
      "transform_matrix": [
        [
          0.065494,
          0.226104,
          -0.971899,
          2.770595
        ],
        [
          0.997697,
          -0.032041,
          0.059778,
          2.080872
        ],
        [
          -0.017625,
          -0.973576,
          -0.227682,
          1.408972
        ],
        [
          0.0,
          0.0,
          0.0,
          1.0
        ]
      ]
    },
    {
      "file_path": "/media/NFS/ttao/scannet/posed_images/scene0109_01/00020.jpg",
      "transform_matrix": [
        [
          0.062264,
          0.219263,
          -0.973677,
          2.759198
        ],
        [
          0.997963,
          -0.027278,
          0.057675,
          2.09346
        ],
        [
          -0.013914,
          -0.975285,
          -0.220514,
          1.41307
        ],
        [
          0.0,
          0.0,
          0.0,
          1.0
        ]
      ]
    },
    {
      "file_path": "/media/NFS/ttao/scannet/posed_images/scene0109_01/00023.jpg",
      "transform_matrix": [
        [
          0.058916,
          0.210608,
          -0.975794,
          2.752887
        ],
        [
          0.998106,
          -0.029795,
          0.053832,
          2.108561
        ],
        [
          -0.017736,
          -0.977117,
          -0.211964,
          1.40838
        ],
        [
          0.0,
          0.0,
          0.0,
          1.0
        ]
      ]
    },
    {
      "file_path": "/media/NFS/ttao/scannet/posed_images/scene0109_01/00025.jpg",
      "transform_matrix": [
        [
          0.05203,
          0.218436,
          -0.974463,
          2.745584
        ],
        [
          0.998468,
          -0.02981,
          0.046629,
          2.112573
        ],
        [
          -0.018863,
          -0.975396,
          -0.219653,
          1.406757
        ],
        [
          0.0,
          0.0,
          0.0,
          1.0
        ]
      ]
    },
    {
      "file_path": "/media/NFS/ttao/scannet/posed_images/scene0109_01/00028.jpg",
      "transform_matrix": [
        [
          0.032521,
          0.244435,
          -0.96912,
          2.731184
        ],
        [
          0.999226,
          -0.029411,
          0.026113,
          2.119205
        ],
        [
          -0.02212,
          -0.96922,
          -0.245203,
          1.393984
        ],
        [
          0.0,
          0.0,
          0.0,
          1.0
        ]
      ]
    },
    {
      "file_path": "/media/NFS/ttao/scannet/posed_images/scene0109_01/00032.jpg",
      "transform_matrix": [
        [
          0.032842,
          0.285376,
          -0.957853,
          2.689263
        ],
        [
          0.999337,
          -0.024444,
          0.026981,
          2.103662
        ],
        [
          -0.015714,
          -0.958104,
          -0.285989,
          1.395781
        ],
        [
          0.0,
          0.0,
          0.0,
          1.0
        ]
      ]
    },
    {
      "file_path": "/media/NFS/ttao/scannet/posed_images/scene0109_01/00033.jpg",
      "transform_matrix": [
        [
          0.032708,
          0.285756,
          -0.957744,
          2.682703
        ],
        [
          0.99941,
          -0.019405,
          0.028341,
          2.104917
        ],
        [
          -0.010487,
          -0.958106,
          -0.286222,
          1.391857
        ],
        [
          0.0,
          0.0,
          0.0,
          1.0
        ]
      ]
    },
    {
      "file_path": "/media/NFS/ttao/scannet/posed_images/scene0109_01/00038.jpg",
      "transform_matrix": [
        [
          0.050752,
          0.304634,
          -0.951116,
          2.63015
        ],
        [
          0.998553,
          0.001481,
          0.053758,
          2.103124
        ],
        [
          0.017785,
          -0.952468,
          -0.304118,
          1.381617
        ],
        [
          0.0,
          0.0,
          0.0,
          1.0
        ]
      ]
    },
    {
      "file_path": "/media/NFS/ttao/scannet/posed_images/scene0109_01/00040.jpg",
      "transform_matrix": [
        [
          0.045092,
          0.307031,
          -0.950631,
          2.60423
        ],
        [
          0.99866,
          0.010348,
          0.050712,
          2.113205
        ],
        [
          0.025407,
          -0.951643,
          -0.306153,
          1.382147
        ],
        [
          0.0,
          0.0,
          0.0,
          1.0
        ]
      ]
    },
    {
      "file_path": "/media/NFS/ttao/scannet/posed_images/scene0109_01/00042.jpg",
      "transform_matrix": [
        [
          0.034257,
          0.308872,
          -0.950487,
          2.58053
        ],
        [
          0.998846,
          0.021448,
          0.042969,
          2.11404
        ],
        [
          0.033658,
          -0.950862,
          -0.307781,
          1.381703
        ],
        [
          0.0,
          0.0,
          0.0,
          1.0
        ]
      ]
    },
    {
      "file_path": "/media/NFS/ttao/scannet/posed_images/scene0109_01/00046.jpg",
      "transform_matrix": [
        [
          0.000716,
          0.302586,
          -0.953122,
          2.527081
        ],
        [
          0.999707,
          0.022846,
          0.008004,
          2.12219
        ],
        [
          0.024197,
          -0.952848,
          -0.302481,
          1.391261
        ],
        [
          0.0,
          0.0,
          0.0,
          1.0
        ]
      ]
    },
    {
      "file_path": "/media/NFS/ttao/scannet/posed_images/scene0109_01/00049.jpg",
      "transform_matrix": [
        [
          -0.043215,
          0.294538,
          -0.954662,
          2.484872
        ],
        [
          0.999051,
          0.017905,
          -0.0397,
          2.129178
        ],
        [
          0.005401,
          -0.955472,
          -0.295032,
          1.388747
        ],
        [
          0.0,
          0.0,
          0.0,
          1.0
        ]
      ]
    },
    {
      "file_path": "/media/NFS/ttao/scannet/posed_images/scene0109_01/00050.jpg",
      "transform_matrix": [
        [
          -0.063233,
          0.293399,
          -0.953897,
          2.469696
        ],
        [
          0.997997,
          0.020528,
          -0.059842,
          2.135682
        ],
        [
          0.002024,
          -0.95577,
          -0.294109,
          1.388194
        ],
        [
          0.0,
          0.0,
          0.0,
          1.0
        ]
      ]
    },
    {
      "file_path": "/media/NFS/ttao/scannet/posed_images/scene0109_01/00055.jpg",
      "transform_matrix": [
        [
          -0.1351,
          0.272836,
          -0.952527,
          2.402487
        ],
        [
          0.990793,
          0.045728,
          -0.127429,
          2.154669
        ],
        [
          0.00879,
          -0.960973,
          -0.276501,
          1.387972
        ],
        [
          0.0,
          0.0,
          0.0,
          1.0
        ]
      ]
    },
    {
      "file_path": "/media/NFS/ttao/scannet/posed_images/scene0109_01/00056.jpg",
      "transform_matrix": [
        [
          -0.140154,
          0.287892,
          -0.947352,
          2.390252
        ],
        [
          0.990021,
          0.054941,
          -0.129771,
          2.15638
        ],
        [
          0.014689,
          -0.956086,
          -0.292719,
          1.386809
        ],
        [
          0.0,
          0.0,
          0.0,
          1.0
        ]
      ]
    },
    {
      "file_path": "/media/NFS/ttao/scannet/posed_images/scene0109_01/00060.jpg",
      "transform_matrix": [
        [
          -0.163368,
          0.362788,
          -0.91744,
          2.33234
        ],
        [
          0.98648,
          0.072312,
          -0.147067,
          2.181059
        ],
        [
          0.012988,
          -0.929062,
          -0.369696,
          1.381496
        ],
        [
          0.0,
          0.0,
          0.0,
          1.0
        ]
      ]
    },
    {
      "file_path": "/media/NFS/ttao/scannet/posed_images/scene0109_01/00062.jpg",
      "transform_matrix": [
        [
          -0.178614,
          0.370217,
          -0.911612,
          2.305797
        ],
        [
          0.983911,
          0.070954,
          -0.163965,
          2.197473
        ],
        [
          0.00398,
          -0.926231,
          -0.376934,
          1.376894
        ],
        [
          0.0,
          0.0,
          0.0,
          1.0
        ]
      ]
    },
    {
      "file_path": "/media/NFS/ttao/scannet/posed_images/scene0109_01/00064.jpg",
      "transform_matrix": [
        [
          -0.201248,
          0.368328,
          -0.907653,
          2.278147
        ],
        [
          0.97954,
          0.075004,
          -0.18675,
          2.215894
        ],
        [
          -0.000707,
          -0.926666,
          -0.375886,
          1.375585
        ],
        [
          0.0,
          0.0,
          0.0,
          1.0
        ]
      ]
    },
    {
      "file_path": "/media/NFS/ttao/scannet/posed_images/scene0109_01/00067.jpg",
      "transform_matrix": [
        [
          -0.25062,
          0.377541,
          -0.891433,
          2.236259
        ],
        [
          0.968081,
          0.094975,
          -0.231945,
          2.244107
        ],
        [
          -0.002905,
          -0.92111,
          -0.389292,
          1.376859
        ],
        [
          0.0,
          0.0,
          0.0,
          1.0
        ]
      ]
    },
    {
      "file_path": "/media/NFS/ttao/scannet/posed_images/scene0109_01/00072.jpg",
      "transform_matrix": [
        [
          -0.323182,
          0.35271,
          -0.878151,
          2.168505
        ],
        [
          0.94621,
          0.105245,
          -0.305958,
          2.297354
        ],
        [
          -0.015493,
          -0.929795,
          -0.367751,
          1.397955
        ],
        [
          0.0,
          0.0,
          0.0,
          1.0
        ]
      ]
    },
    {
      "file_path": "/media/NFS/ttao/scannet/posed_images/scene0109_01/00073.jpg",
      "transform_matrix": [
        [
          -0.332512,
          0.346619,
          -0.877092,
          2.158032
        ],
        [
          0.943074,
          0.115391,
          -0.311925,
          2.307081
        ],
        [
          -0.00691,
          -0.930881,
          -0.365256,
          1.40035
        ],
        [
          0.0,
          0.0,
          0.0,
          1.0
        ]
      ]
    },
    {
      "file_path": "/media/NFS/ttao/scannet/posed_images/scene0109_01/00077.jpg",
      "transform_matrix": [
        [
          -0.371202,
          0.358924,
          -0.856378,
          2.116372
        ],
        [
          0.928424,
          0.158796,
          -0.335876,
          2.337343
        ],
        [
          0.015435,
          -0.919759,
          -0.392179,
          1.406373
        ],
        [
          0.0,
          0.0,
          0.0,
          1.0
        ]
      ]
    },
    {
      "file_path": "/media/NFS/ttao/scannet/posed_images/scene0109_01/00078.jpg",
      "transform_matrix": [
        [
          -0.382645,
          0.357595,
          -0.851885,
          2.106468
        ],
        [
          0.92373,
          0.165559,
          -0.345419,
          2.343886
        ],
        [
          0.017518,
          -0.919084,
          -0.393672,
          1.408907
        ],
        [
          0.0,
          0.0,
          0.0,
          1.0
        ]
      ]
    },
    {
      "file_path": "/media/NFS/ttao/scannet/posed_images/scene0109_01/00083.jpg",
      "transform_matrix": [
        [
          -0.439247,
          0.364092,
          -0.821279,
          2.056349
        ],
        [
          0.898319,
          0.187462,
          -0.397344,
          2.366047
        ],
        [
          0.009289,
          -0.912302,
          -0.409413,
          1.41561
        ],
        [
          0.0,
          0.0,
          0.0,
          1.0
        ]
      ]
    },
    {
      "file_path": "/media/NFS/ttao/scannet/posed_images/scene0109_01/00084.jpg",
      "transform_matrix": [
        [
          -0.447803,
          0.36335,
          -0.816976,
          2.0459
        ],
        [
          0.894091,
          0.190792,
          -0.405217,
          2.367102
        ],
        [
          0.008637,
          -0.911907,
          -0.410305,
          1.416293
        ],
        [
          0.0,
          0.0,
          0.0,
          1.0
        ]
      ]
    },
    {
      "file_path": "/media/NFS/ttao/scannet/posed_images/scene0109_01/00087.jpg",
      "transform_matrix": [
        [
          -0.479369,
          0.35552,
          -0.802379,
          2.010206
        ],
        [
          0.877498,
          0.20903,
          -0.43163,
          2.370998
        ],
        [
          0.014268,
          -0.910995,
          -0.41217,
          1.41653
        ],
        [
          0.0,
          0.0,
          0.0,
          1.0
        ]
      ]
    },
    {
      "file_path": "/media/NFS/ttao/scannet/posed_images/scene0109_01/00090.jpg",
      "transform_matrix": [
        [
          -0.501216,
          0.345323,
          -0.793432,
          1.970699
        ],
        [
          0.865037,
          0.223481,
          -0.449184,
          2.375581
        ],
        [
          0.022204,
          -0.911487,
          -0.41073,
          1.412995
        ],
        [
          0.0,
          0.0,
          0.0,
          1.0
        ]
      ]
    },
    {
      "file_path": "/media/NFS/ttao/scannet/posed_images/scene0109_01/00092.jpg",
      "transform_matrix": [
        [
          -0.512039,
          0.343217,
          -0.787412,
          1.939467
        ],
        [
          0.858522,
          0.233846,
          -0.456352,
          2.375048
        ],
        [
          0.027506,
          -0.90968,
          -0.414398,
          1.417072
        ],
        [
          0.0,
          0.0,
          0.0,
          1.0
        ]
      ]
    },
    {
      "file_path": "/media/NFS/ttao/scannet/posed_images/scene0109_01/00097.jpg",
      "transform_matrix": [
        [
          -0.540734,
          0.322264,
          -0.777015,
          1.863802
        ],
        [
          0.839778,
          0.260366,
          -0.476426,
          2.373286
        ],
        [
          0.048773,
          -0.91014,
          -0.411419,
          1.42472
        ],
        [
          0.0,
          0.0,
          0.0,
          1.0
        ]
      ]
    },
    {
      "file_path": "/media/NFS/ttao/scannet/posed_images/scene0109_01/00100.jpg",
      "transform_matrix": [
        [
          -0.564933,
          0.309998,
          -0.76469,
          1.82436
        ],
        [
          0.82303,
          0.277875,
          -0.495385,
          2.371376
        ],
        [
          0.05892,
          -0.909223,
          -0.412119,
          1.42911
        ],
        [
          0.0,
          0.0,
          0.0,
          1.0
        ]
      ]
    },
    {
      "file_path": "/media/NFS/ttao/scannet/posed_images/scene0109_01/00101.jpg",
      "transform_matrix": [
        [
          -0.571146,
          0.311003,
          -0.759651,
          1.812446
        ],
        [
          0.818712,
          0.282562,
          -0.49987,
          2.36859
        ],
        [
          0.059187,
          -0.907433,
          -0.416006,
          1.432011
        ],
        [
          0.0,
          0.0,
          0.0,
          1.0
        ]
      ]
    },
    {
      "file_path": "/media/NFS/ttao/scannet/posed_images/scene0109_01/00106.jpg",
      "transform_matrix": [
        [
          -0.617977,
          0.34261,
          -0.707618,
          1.76597
        ],
        [
          0.785552,
          0.305529,
          -0.538109,
          2.360987
        ],
        [
          0.031836,
          -0.888409,
          -0.457947,
          1.431193
        ],
        [
          0.0,
          0.0,
          0.0,
          1.0
        ]
      ]
    },
    {
      "file_path": "/media/NFS/ttao/scannet/posed_images/scene0109_01/00108.jpg",
      "transform_matrix": [
        [
          -0.6403,
          0.337714,
          -0.689903,
          1.752371
        ],
        [
          0.767676,
          0.312064,
          -0.559723,
          2.360057
        ],
        [
          0.026268,
          -0.888012,
          -0.459069,
          1.426796
        ],
        [
          0.0,
          0.0,
          0.0,
          1.0
        ]
      ]
    },
    {
      "file_path": "/media/NFS/ttao/scannet/posed_images/scene0109_01/00109.jpg",
      "transform_matrix": [
        [
          -0.65157,
          0.335825,
          -0.680204,
          1.746151
        ],
        [
          0.758047,
          0.322108,
          -0.567108,
          2.358027
        ],
        [
          0.02865,
          -0.885137,
          -0.464448,
          1.427203
        ],
        [
          0.0,
          0.0,
          0.0,
          1.0
        ]
      ]
    },
    {
      "file_path": "/media/NFS/ttao/scannet/posed_images/scene0109_01/00114.jpg",
      "transform_matrix": [
        [
          -0.738531,
          0.346659,
          -0.578273,
          1.718457
        ],
        [
          0.674217,
          0.382075,
          -0.632021,
          2.364069
        ],
        [
          0.001848,
          -0.856648,
          -0.515898,
          1.412322
        ],
        [
          0.0,
          0.0,
          0.0,
          1.0
        ]
      ]
    },
    {
      "file_path": "/media/NFS/ttao/scannet/posed_images/scene0109_01/00115.jpg",
      "transform_matrix": [
        [
          -0.756375,
          0.339614,
          -0.55907,
          1.714207
        ],
        [
          0.654137,
          0.390666,
          -0.647677,
          2.365695
        ],
        [
          -0.001551,
          -0.855594,
          -0.517644,
          1.410503
        ],
        [
          0.0,
          0.0,
          0.0,
          1.0
        ]
      ]
    },
    {
      "file_path": "/media/NFS/ttao/scannet/posed_images/scene0109_01/00120.jpg",
      "transform_matrix": [
        [
          -0.830863,
          0.306357,
          -0.464555,
          1.689505
        ],
        [
          0.556473,
          0.454253,
          -0.695696,
          2.380911
        ],
        [
          -0.002106,
          -0.836541,
          -0.547901,
          1.397116
        ],
        [
          0.0,
          0.0,
          0.0,
          1.0
        ]
      ]
    },
    {
      "file_path": "/media/NFS/ttao/scannet/posed_images/scene0109_01/00121.jpg",
      "transform_matrix": [
        [
          -0.84506,
          0.293725,
          -0.446765,
          1.686221
        ],
        [
          0.534671,
          0.464325,
          -0.706066,
          2.381371
        ],
        [
          5.5e-05,
          -0.83554,
          -0.549429,
          1.398206
        ],
        [
          0.0,
          0.0,
          0.0,
          1.0
        ]
      ]
    },
    {
      "file_path": "/media/NFS/ttao/scannet/posed_images/scene0109_01/00124.jpg",
      "transform_matrix": [
        [
          -0.881766,
          0.267973,
          -0.388175,
          1.678452
        ],
        [
          0.471687,
          0.49954,
          -0.726616,
          2.384037
        ],
        [
          -0.000805,
          -0.823802,
          -0.566876,
          1.395351
        ],
        [
          0.0,
          0.0,
          0.0,
          1.0
        ]
      ]
    },
    {
      "file_path": "/media/NFS/ttao/scannet/posed_images/scene0109_01/00126.jpg",
      "transform_matrix": [
        [
          -0.905835,
          0.244789,
          -0.345747,
          1.675534
        ],
        [
          0.423611,
          0.515546,
          -0.744826,
          2.385931
        ],
        [
          -0.004077,
          -0.821152,
          -0.570695,
          1.393094
        ],
        [
          0.0,
          0.0,
          0.0,
          1.0
        ]
      ]
    },
    {
      "file_path": "/media/NFS/ttao/scannet/posed_images/scene0109_01/00131.jpg",
      "transform_matrix": [
        [
          -0.958805,
          0.165342,
          -0.230989,
          1.6725
        ],
        [
          0.284066,
          0.556773,
          -0.780583,
          2.38735
        ],
        [
          -0.000455,
          -0.814043,
          -0.580805,
          1.388884
        ],
        [
          0.0,
          0.0,
          0.0,
          1.0
        ]
      ]
    },
    {
      "file_path": "/media/NFS/ttao/scannet/posed_images/scene0109_01/00132.jpg",
      "transform_matrix": [
        [
          -0.966115,
          0.149835,
          -0.21017,
          1.676696
        ],
        [
          0.258112,
          0.561368,
          -0.786285,
          2.386855
        ],
        [
          0.000169,
          -0.813889,
          -0.58102,
          1.38779
        ],
        [
          0.0,
          0.0,
          0.0,
          1.0
        ]
      ]
    },
    {
      "file_path": "/media/NFS/ttao/scannet/posed_images/scene0109_01/00136.jpg",
      "transform_matrix": [
        [
          -0.986031,
          0.107986,
          -0.126818,
          1.683955
        ],
        [
          0.166157,
          0.584452,
          -0.794234,
          2.385304
        ],
        [
          -0.011646,
          -0.804211,
          -0.59423,
          1.383956
        ],
        [
          0.0,
          0.0,
          0.0,
          1.0
        ]
      ]
    },
    {
      "file_path": "/media/NFS/ttao/scannet/posed_images/scene0109_01/00139.jpg",
      "transform_matrix": [
        [
          -0.993299,
          0.085943,
          -0.077274,
          1.694525
        ],
        [
          0.113412,
          0.596085,
          -0.794871,
          2.383285
        ],
        [
          -0.022252,
          -0.798309,
          -0.601837,
          1.377456
        ],
        [
          0.0,
          0.0,
          0.0,
          1.0
        ]
      ]
    },
    {
      "file_path": "/media/NFS/ttao/scannet/posed_images/scene0109_01/00140.jpg",
      "transform_matrix": [
        [
          -0.993671,
          0.085018,
          -0.073421,
          1.714347
        ],
        [
          0.109786,
          0.596626,
          -0.794975,
          2.37676
        ],
        [
          -0.023782,
          -0.798003,
          -0.602183,
          1.377688
        ],
        [
          0.0,
          0.0,
          0.0,
          1.0
        ]
      ]
    },
    {
      "file_path": "/media/NFS/ttao/scannet/posed_images/scene0109_01/00145.jpg",
      "transform_matrix": [
        [
          -0.998428,
          0.050163,
          -0.025006,
          1.736717
        ],
        [
          0.050534,
          0.612647,
          -0.788739,
          2.362797
        ],
        [
          -0.024246,
          -0.788763,
          -0.614219,
          1.370152
        ],
        [
          0.0,
          0.0,
          0.0,
          1.0
        ]
      ]
    },
    {
      "file_path": "/media/NFS/ttao/scannet/posed_images/scene0109_01/00147.jpg",
      "transform_matrix": [
        [
          -0.998679,
          0.043157,
          -0.027908,
          1.749511
        ],
        [
          0.048597,
          0.616249,
          -0.786051,
          2.354559
        ],
        [
          -0.016725,
          -0.786368,
          -0.617532,
          1.365854
        ],
        [
          0.0,
          0.0,
          0.0,
          1.0
        ]
      ]
    },
    {
      "file_path": "/media/NFS/ttao/scannet/posed_images/scene0109_01/00149.jpg",
      "transform_matrix": [
        [
          -0.998838,
          0.03771,
          -0.029998,
          1.760808
        ],
        [
          0.04691,
          0.61861,
          -0.784297,
          2.343898
        ],
        [
          -0.011018,
          -0.784793,
          -0.61966,
          1.364731
        ],
        [
          0.0,
          0.0,
          0.0,
          1.0
        ]
      ]
    },
    {
      "file_path": "/media/NFS/ttao/scannet/posed_images/scene0109_01/00152.jpg",
      "transform_matrix": [
        [
          -0.998648,
          0.031214,
          -0.041568,
          1.785355
        ],
        [
          0.051977,
          0.611576,
          -0.789477,
          2.32937
        ],
        [
          0.00078,
          -0.790569,
          -0.612372,
          1.360596
        ],
        [
          0.0,
          0.0,
          0.0,
          1.0
        ]
      ]
    },
    {
      "file_path": "/media/NFS/ttao/scannet/posed_images/scene0109_01/00156.jpg",
      "transform_matrix": [
        [
          -0.997879,
          0.02358,
          -0.060679,
          1.818246
        ],
        [
          0.062591,
          0.603758,
          -0.794707,
          2.303092
        ],
        [
          0.017896,
          -0.796819,
          -0.603953,
          1.35721
        ],
        [
          0.0,
          0.0,
          0.0,
          1.0
        ]
      ]
    },
    {
      "file_path": "/media/NFS/ttao/scannet/posed_images/scene0109_01/00158.jpg",
      "transform_matrix": [
        [
          -0.997678,
          0.020835,
          -0.064851,
          1.834073
        ],
        [
          0.06426,
          0.603656,
          -0.794651,
          2.289947
        ],
        [
          0.022591,
          -0.796973,
          -0.603593,
          1.355533
        ],
        [
          0.0,
          0.0,
          0.0,
          1.0
        ]
      ]
    },
    {
      "file_path": "/media/NFS/ttao/scannet/posed_images/scene0109_01/00161.jpg",
      "transform_matrix": [
        [
          -0.997673,
          0.020994,
          -0.064873,
          1.86099
        ],
        [
          0.064171,
          0.610754,
          -0.789216,
          2.270282
        ],
        [
          0.023052,
          -0.791542,
          -0.61068,
          1.350416
        ],
        [
          0.0,
          0.0,
          0.0,
          1.0
        ]
      ]
    },
    {
      "file_path": "/media/NFS/ttao/scannet/posed_images/scene0109_01/00164.jpg",
      "transform_matrix": [
        [
          -0.997495,
          0.032685,
          -0.062732,
          1.882406
        ],
        [
          0.069492,
          0.618404,
          -0.782782,
          2.252604
        ],
        [
          0.013208,
          -0.78518,
          -0.619126,
          1.34581
        ],
        [
          0.0,
          0.0,
          0.0,
          1.0
        ]
      ]
    },
    {
      "file_path": "/media/NFS/ttao/scannet/posed_images/scene0109_01/00166.jpg",
      "transform_matrix": [
        [
          -0.997274,
          0.042348,
          -0.060422,
          1.895913
        ],
        [
          0.073692,
          0.612806,
          -0.78679,
          2.241949
        ],
        [
          0.003708,
          -0.789098,
          -0.614256,
          1.34473
        ],
        [
          0.0,
          0.0,
          0.0,
          1.0
        ]
      ]
    },
    {
      "file_path": "/media/NFS/ttao/scannet/posed_images/scene0109_01/00170.jpg",
      "transform_matrix": [
        [
          -0.995932,
          0.064079,
          -0.063346,
          1.914543
        ],
        [
          0.088674,
          0.572237,
          -0.81528,
          2.226296
        ],
        [
          -0.015994,
          -0.817581,
          -0.575592,
          1.35286
        ],
        [
          0.0,
          0.0,
          0.0,
          1.0
        ]
      ]
    },
    {
      "file_path": "/media/NFS/ttao/scannet/posed_images/scene0109_01/00173.jpg",
      "transform_matrix": [
        [
          -0.995223,
          0.071866,
          -0.066072,
          1.925092
        ],
        [
          0.094427,
          0.536876,
          -0.83836,
          2.217196
        ],
        [
          -0.024777,
          -0.840595,
          -0.541098,
          1.367268
        ],
        [
          0.0,
          0.0,
          0.0,
          1.0
        ]
      ]
    },
    {
      "file_path": "/media/NFS/ttao/scannet/posed_images/scene0109_01/00174.jpg",
      "transform_matrix": [
        [
          -0.995364,
          0.070686,
          -0.065229,
          1.927126
        ],
        [
          0.092783,
          0.526868,
          -0.844868,
          2.214936
        ],
        [
          -0.025353,
          -0.847003,
          -0.530984,
          1.373423
        ],
        [
          0.0,
          0.0,
          0.0,
          1.0
        ]
      ]
    },
    {
      "file_path": "/media/NFS/ttao/scannet/posed_images/scene0109_01/00179.jpg",
      "transform_matrix": [
        [
          -0.998286,
          0.048338,
          -0.032988,
          1.935009
        ],
        [
          0.05168,
          0.463662,
          -0.884504,
          2.210633
        ],
        [
          -0.02746,
          -0.884693,
          -0.465365,
          1.408169
        ],
        [
          0.0,
          0.0,
          0.0,
          1.0
        ]
      ]
    },
    {
      "file_path": "/media/NFS/ttao/scannet/posed_images/scene0109_01/00180.jpg",
      "transform_matrix": [
        [
          -0.998936,
          0.038386,
          -0.025581,
          1.937304
        ],
        [
          0.040449,
          0.462313,
          -0.885794,
          2.208476
        ],
        [
          -0.022176,
          -0.885886,
          -0.463373,
          1.418866
        ],
        [
          0.0,
          0.0,
          0.0,
          1.0
        ]
      ]
    },
    {
      "file_path": "/media/NFS/ttao/scannet/posed_images/scene0109_01/00184.jpg",
      "transform_matrix": [
        [
          -0.999557,
          -0.010679,
          0.02777,
          1.951832
        ],
        [
          -0.029718,
          0.402886,
          -0.914767,
          2.211206
        ],
        [
          -0.001419,
          -0.915188,
          -0.403025,
          1.451036
        ],
        [
          0.0,
          0.0,
          0.0,
          1.0
        ]
      ]
    },
    {
      "file_path": "/media/NFS/ttao/scannet/posed_images/scene0109_01/00187.jpg",
      "transform_matrix": [
        [
          -0.998202,
          -0.033211,
          0.049897,
          1.946051
        ],
        [
          -0.058519,
          0.359876,
          -0.931163,
          2.214824
        ],
        [
          0.012969,
          -0.932409,
          -0.361172,
          1.467752
        ],
        [
          0.0,
          0.0,
          0.0,
          1.0
        ]
      ]
    },
    {
      "file_path": "/media/NFS/ttao/scannet/posed_images/scene0109_01/00188.jpg",
      "transform_matrix": [
        [
          -0.99772,
          -0.03976,
          0.054533,
          1.944087
        ],
        [
          -0.065133,
          0.355689,
          -0.932332,
          2.214137
        ],
        [
          0.017673,
          -0.933758,
          -0.357468,
          1.475564
        ],
        [
          0.0,
          0.0,
          0.0,
          1.0
        ]
      ]
    },
    {
      "file_path": "/media/NFS/ttao/scannet/posed_images/scene0109_01/00193.jpg",
      "transform_matrix": [
        [
          -0.991968,
          -0.052192,
          0.115217,
          1.935966
        ],
        [
          -0.12545,
          0.289584,
          -0.948896,
          2.222614
        ],
        [
          0.01616,
          -0.955728,
          -0.293806,
          1.513902
        ],
        [
          0.0,
          0.0,
          0.0,
          1.0
        ]
      ]
    },
    {
      "file_path": "/media/NFS/ttao/scannet/posed_images/scene0109_01/00195.jpg",
      "transform_matrix": [
        [
          -0.990665,
          -0.050556,
          0.126599,
          1.930854
        ],
        [
          -0.13568,
          0.275747,
          -0.951606,
          2.225855
        ],
        [
          0.0132,
          -0.9599,
          -0.280032,
          1.524904
        ],
        [
          0.0,
          0.0,
          0.0,
          1.0
        ]
      ]
    },
    {
      "file_path": "/media/NFS/ttao/scannet/posed_images/scene0109_01/00198.jpg",
      "transform_matrix": [
        [
          -0.991244,
          -0.04147,
          0.125363,
          1.922684
        ],
        [
          -0.131913,
          0.268628,
          -0.954169,
          2.228602
        ],
        [
          0.005893,
          -0.962351,
          -0.271746,
          1.533691
        ],
        [
          0.0,
          0.0,
          0.0,
          1.0
        ]
      ]
    },
    {
      "file_path": "/media/NFS/ttao/scannet/posed_images/scene0109_01/00199.jpg",
      "transform_matrix": [
        [
          -0.991217,
          -0.040667,
          0.125841,
          1.920169
        ],
        [
          -0.132151,
          0.267939,
          -0.95433,
          2.229197
        ],
        [
          0.005091,
          -0.962577,
          -0.27096,
          1.537769
        ],
        [
          0.0,
          0.0,
          0.0,
          1.0
        ]
      ]
    },
    {
      "file_path": "/media/NFS/ttao/scannet/posed_images/scene0109_01/00204.jpg",
      "transform_matrix": [
        [
          -0.987912,
          -0.040198,
          0.149714,
          1.906852
        ],
        [
          -0.155016,
          0.254796,
          -0.954489,
          2.236463
        ],
        [
          0.000222,
          -0.966159,
          -0.257948,
          1.5419
        ],
        [
          0.0,
          0.0,
          0.0,
          1.0
        ]
      ]
    },
    {
      "file_path": "/media/NFS/ttao/scannet/posed_images/scene0109_01/00205.jpg",
      "transform_matrix": [
        [
          -0.986717,
          -0.042235,
          0.156863,
          1.904405
        ],
        [
          -0.162449,
          0.258502,
          -0.952254,
          2.23764
        ],
        [
          -0.000331,
          -0.965087,
          -0.261929,
          1.541394
        ],
        [
          0.0,
          0.0,
          0.0,
          1.0
        ]
      ]
    },
    {
      "file_path": "/media/NFS/ttao/scannet/posed_images/scene0109_01/00209.jpg",
      "transform_matrix": [
        [
          -0.980904,
          -0.044381,
          0.18936,
          1.889285
        ],
        [
          -0.194229,
          0.274143,
          -0.941871,
          2.23807
        ],
        [
          -0.010111,
          -0.960664,
          -0.277528,
          1.543066
        ],
        [
          0.0,
          0.0,
          0.0,
          1.0
        ]
      ]
    },
    {
      "file_path": "/media/NFS/ttao/scannet/posed_images/scene0109_01/00211.jpg",
      "transform_matrix": [
        [
          -0.97766,
          -0.039836,
          0.206381,
          1.880996
        ],
        [
          -0.209133,
          0.282752,
          -0.936117,
          2.238674
        ],
        [
          -0.021063,
          -0.958366,
          -0.284766,
          1.522553
        ],
        [
          0.0,
          0.0,
          0.0,
          1.0
        ]
      ]
    },
    {
      "file_path": "/media/NFS/ttao/scannet/posed_images/scene0109_01/00215.jpg",
      "transform_matrix": [
        [
          -0.972163,
          -0.049707,
          0.228972,
          1.881015
        ],
        [
          -0.232764,
          0.316808,
          -0.919485,
          2.239471
        ],
        [
          -0.026836,
          -0.947186,
          -0.319559,
          1.510002
        ],
        [
          0.0,
          0.0,
          0.0,
          1.0
        ]
      ]
    },
    {
      "file_path": "/media/NFS/ttao/scannet/posed_images/scene0109_01/00218.jpg",
      "transform_matrix": [
        [
          -0.964399,
          -0.065907,
          0.256105,
          1.883842
        ],
        [
          -0.263184,
          0.333837,
          -0.905145,
          2.241685
        ],
        [
          -0.025842,
          -0.940324,
          -0.339298,
          1.500493
        ],
