{
  "frames": [
    {
      "file_path": "/media/NFS/ttao/scannet/posed_images/scene0149_00/00000.jpg",
      "transform_matrix": [
        [
          -0.964843,
          0.186346,
          -0.185345,
          3.779865
        ],
        [
          0.252505,
          0.461537,
          -0.850426,
          2.337391
        ],
        [
          -0.07293,
          -0.867329,
          -0.492364,
          1.461827
        ],
        [
          0.0,
          0.0,
          0.0,
          1.0
        ]
      ]
    },
    {
      "file_path": "/media/NFS/ttao/scannet/posed_images/scene0149_00/00006.jpg",
      "transform_matrix": [
        [
          -0.97153,
          0.176454,
          -0.158098,
          3.782724
        ],
        [
          0.225729,
          0.48674,
          -0.843878,
          2.331968
        ],
        [
          -0.071953,
          -0.85554,
          -0.512713,
          1.456663
        ],
        [
          0.0,
          0.0,
          0.0,
          1.0
        ]
      ]
    },
    {
      "file_path": "/media/NFS/ttao/scannet/posed_images/scene0149_00/00008.jpg",
      "transform_matrix": [
        [
          -0.974038,
          0.172322,
          -0.146815,
          3.7826
        ],
        [
          0.214492,
          0.49506,
          -0.841967,
          2.330261
        ],
        [
          -0.072407,
          -0.851599,
          -0.519169,
          1.456381
        ],
        [
          0.0,
          0.0,
          0.0,
          1.0
        ]
      ]
    },
    {
      "file_path": "/media/NFS/ttao/scannet/posed_images/scene0149_00/00013.jpg",
      "transform_matrix": [
        [
          -0.977339,
          0.157073,
          -0.141907,
          3.79954
        ],
        [
          0.200994,
          0.478256,
          -0.854911,
          2.330307
        ],
        [
          -0.066416,
          -0.86406,
          -0.498989,
          1.444448
        ],
        [
          0.0,
          0.0,
          0.0,
          1.0
        ]
      ]
    },
    {
      "file_path": "/media/NFS/ttao/scannet/posed_images/scene0149_00/00021.jpg",
      "transform_matrix": [
        [
          -0.988333,
          0.113821,
          -0.101206,
          3.79777
        ],
        [
          0.139932,
          0.416194,
          -0.898444,
          2.346468
        ],
        [
          -0.060141,
          -0.902124,
          -0.427266,
          1.454013
        ],
        [
          0.0,
          0.0,
          0.0,
          1.0
        ]
      ]
    },
    {
      "file_path": "/media/NFS/ttao/scannet/posed_images/scene0149_00/00025.jpg",
      "transform_matrix": [
        [
          -0.989904,
          0.096113,
          -0.104179,
          3.797183
        ],
        [
          0.134109,
          0.397132,
          -0.90791,
          2.35105
        ],
        [
          -0.045889,
          -0.912715,
          -0.406012,
          1.461777
        ],
        [
          0.0,
          0.0,
          0.0,
          1.0
        ]
      ]
    },
    {
      "file_path": "/media/NFS/ttao/scannet/posed_images/scene0149_00/00028.jpg",
      "transform_matrix": [
        [
          -0.989643,
          0.08582,
          -0.115077,
          3.795656
        ],
        [
          0.139146,
          0.376327,
          -0.915978,
          2.353074
        ],
        [
          -0.035303,
          -0.922504,
          -0.384371,
          1.464202
        ],
        [
          0.0,
          0.0,
          0.0,
          1.0
        ]
      ]
    },
    {
      "file_path": "/media/NFS/ttao/scannet/posed_images/scene0149_00/00035.jpg",
      "transform_matrix": [
        [
          -0.990393,
          0.071148,
          -0.118573,
          3.788845
        ],
        [
          0.133971,
          0.281295,
          -0.950223,
          2.357341
        ],
        [
          -0.034252,
          -0.95698,
          -0.288125,
          1.480253
        ],
        [
          0.0,
          0.0,
          0.0,
          1.0
        ]
      ]
    },
    {
      "file_path": "/media/NFS/ttao/scannet/posed_images/scene0149_00/00037.jpg",
      "transform_matrix": [
        [
          -0.99071,
          0.07408,
          -0.114049,
          3.787248
        ],
        [
          0.130208,
          0.274643,
          -0.952689,
          2.356414
        ],
        [
          -0.039252,
          -0.958688,
          -0.281737,
          1.481332
        ],
        [
          0.0,
          0.0,
          0.0,
          1.0
        ]
      ]
    },
    {
      "file_path": "/media/NFS/ttao/scannet/posed_images/scene0149_00/00045.jpg",
      "transform_matrix": [
        [
          -0.994647,
          0.070291,
          -0.075741,
          3.792062
        ],
        [
          0.087709,
          0.186774,
          -0.97848,
          2.361717
        ],
        [
          -0.054632,
          -0.979885,
          -0.19194,
          1.501223
        ],
        [
          0.0,
          0.0,
          0.0,
          1.0
        ]
      ]
    },
    {
      "file_path": "/media/NFS/ttao/scannet/posed_images/scene0149_00/00048.jpg",
      "transform_matrix": [
        [
          -0.995761,
          0.067142,
          -0.062864,
          3.792252
        ],
        [
          0.072825,
          0.158045,
          -0.984743,
          2.364169
        ],
        [
          -0.056182,
          -0.985146,
          -0.162265,
          1.51291
        ],
        [
          0.0,
          0.0,
          0.0,
          1.0
        ]
      ]
    },
    {
      "file_path": "/media/NFS/ttao/scannet/posed_images/scene0149_00/00052.jpg",
      "transform_matrix": [
        [
          -0.99334,
          0.070126,
          -0.091425,
          3.795476
        ],
        [
          0.099341,
          0.119257,
          -0.987881,
          2.368736
        ],
        [
          -0.058373,
          -0.990384,
          -0.125429,
          1.528159
        ],
        [
          0.0,
          0.0,
          0.0,
          1.0
        ]
      ]
    },
    {
      "file_path": "/media/NFS/ttao/scannet/posed_images/scene0149_00/00056.jpg",
      "transform_matrix": [
        [
          -0.993785,
          0.074351,
          -0.082846,
          3.792652
        ],
        [
          0.088173,
          0.07148,
          -0.993537,
          2.376482
        ],
        [
          -0.067949,
          -0.994667,
          -0.077591,
          1.537122
        ],
        [
          0.0,
          0.0,
          0.0,
          1.0
        ]
      ]
    },
    {
      "file_path": "/media/NFS/ttao/scannet/posed_images/scene0149_00/00063.jpg",
      "transform_matrix": [
        [
          -0.993526,
          0.042742,
          -0.105256,
          3.799955
        ],
        [
          0.105816,
          0.011058,
          -0.994324,
          2.38606
        ],
        [
          -0.041335,
          -0.999025,
          -0.015509,
          1.545531
        ],
        [
          0.0,
          0.0,
          0.0,
          1.0
        ]
      ]
    },
    {
      "file_path": "/media/NFS/ttao/scannet/posed_images/scene0149_00/00068.jpg",
      "transform_matrix": [
        [
          -0.992059,
          0.043012,
          -0.118193,
          3.800869
        ],
        [
          0.117411,
          -0.020264,
          -0.992876,
          2.392401
        ],
        [
          -0.0451,
          -0.998869,
          0.015053,
          1.555056
        ],
        [
          0.0,
          0.0,
          0.0,
          1.0
        ]
      ]
    },
    {
      "file_path": "/media/NFS/ttao/scannet/posed_images/scene0149_00/00069.jpg",
      "transform_matrix": [
        [
          -0.992105,
          0.041894,
          -0.118205,
          3.800437
        ],
        [
          0.117016,
          -0.029786,
          -0.992683,
          2.394086
        ],
        [
          -0.045108,
          -0.998678,
          0.024649,
          1.557909
        ],
        [
          0.0,
          0.0,
          0.0,
          1.0
        ]
      ]
    },
    {
      "file_path": "/media/NFS/ttao/scannet/posed_images/scene0149_00/00077.jpg",
      "transform_matrix": [
        [
          -0.989799,
          0.038294,
          -0.13723,
          3.801055
        ],
        [
          0.132201,
          -0.11224,
          -0.984848,
          2.404724
        ],
        [
          -0.053117,
          -0.992943,
          0.106033,
          1.56612
        ],
        [
          0.0,
          0.0,
          0.0,
          1.0
        ]
      ]
    },
    {
      "file_path": "/media/NFS/ttao/scannet/posed_images/scene0149_00/00080.jpg",
      "transform_matrix": [
        [
          -0.989946,
          0.050497,
          -0.132125,
          3.801592
        ],
        [
          0.12414,
          -0.137545,
          -0.982685,
          2.408651
        ],
        [
          -0.067796,
          -0.989207,
          0.129893,
          1.572421
        ],
        [
          0.0,
          0.0,
          0.0,
          1.0
        ]
      ]
    },
    {
      "file_path": "/media/NFS/ttao/scannet/posed_images/scene0149_00/00087.jpg",
      "transform_matrix": [
        [
          -0.991,
          0.060091,
          -0.119621,
          3.798179
        ],
        [
          0.10513,
          -0.203844,
          -0.973342,
          2.421744
        ],
        [
          -0.082873,
          -0.977157,
          0.195691,
          1.591917
        ],
        [
          0.0,
          0.0,
          0.0,
          1.0
        ]
      ]
    },
    {
      "file_path": "/media/NFS/ttao/scannet/posed_images/scene0149_00/00092.jpg",
      "transform_matrix": [
        [
          -0.990876,
          0.0668,
          -0.117062,
          3.794745
        ],
        [
          0.097484,
          -0.244567,
          -0.964719,
          2.426084
        ],
        [
          -0.093072,
          -0.967329,
          0.235824,
          1.594722
        ],
        [
          0.0,
          0.0,
          0.0,
          1.0
        ]
      ]
    },
    {
      "file_path": "/media/NFS/ttao/scannet/posed_images/scene0149_00/00093.jpg",
      "transform_matrix": [
        [
          -0.990565,
          0.067863,
          -0.119065,
          3.795243
        ],
        [
          0.09877,
          -0.248774,
          -0.963512,
          2.426344
        ],
        [
          -0.095007,
          -0.966181,
          0.239724,
          1.595698
        ],
        [
          0.0,
          0.0,
          0.0,
          1.0
        ]
      ]
    },
    {
      "file_path": "/media/NFS/ttao/scannet/posed_images/scene0149_00/00100.jpg",
      "transform_matrix": [
        [
          -0.988058,
          0.078523,
          -0.132576,
          3.794333
        ],
        [
          0.108054,
          -0.260282,
          -0.959467,
          2.422628
        ],
        [
          -0.109847,
          -0.962334,
          0.248688,
          1.606995
        ],
        [
          0.0,
          0.0,
          0.0,
          1.0
        ]
      ]
    },
    {
      "file_path": "/media/NFS/ttao/scannet/posed_images/scene0149_00/00103.jpg",
      "transform_matrix": [
        [
          -0.988447,
          0.074571,
          -0.131958,
          3.793412
        ],
        [
          0.10777,
          -0.26641,
          -0.957816,
          2.420103
        ],
        [
          -0.10658,
          -0.960971,
          0.255295,
          1.612346
        ],
        [
          0.0,
          0.0,
          0.0,
          1.0
        ]
      ]
    },
    {
      "file_path": "/media/NFS/ttao/scannet/posed_images/scene0149_00/00107.jpg",
      "transform_matrix": [
        [
          -0.987056,
          0.062899,
          -0.147528,
          3.793572
        ],
        [
          0.125757,
          -0.267317,
          -0.955367,
          2.415267
        ],
        [
          -0.099529,
          -0.961553,
          0.255947,
          1.620218
        ],
        [
          0.0,
          0.0,
          0.0,
          1.0
        ]
      ]
    },
    {
      "file_path": "/media/NFS/ttao/scannet/posed_images/scene0149_00/00116.jpg",
      "transform_matrix": [
        [
          -0.981716,
          0.04848,
          -0.184075,
          3.796727
        ],
        [
          0.164714,
          -0.268354,
          -0.949134,
          2.409775
        ],
        [
          -0.095411,
          -0.9621,
          0.255462,
          1.622518
        ],
        [
          0.0,
          0.0,
          0.0,
          1.0
        ]
      ]
    },
    {
      "file_path": "/media/NFS/ttao/scannet/posed_images/scene0149_00/00117.jpg",
      "transform_matrix": [
        [
          -0.981788,
          0.048184,
          -0.183769,
          3.797183
        ],
        [
          0.164599,
          -0.267284,
          -0.949455,
          2.40863
        ],
        [
          -0.094867,
          -0.962412,
          0.254485,
          1.622282
        ],
        [
          0.0,
          0.0,
          0.0,
          1.0
        ]
      ]
    },
    {
      "file_path": "/media/NFS/ttao/scannet/posed_images/scene0149_00/00121.jpg",
      "transform_matrix": [
        [
          -0.982697,
          0.055925,
          -0.176578,
          3.803319
        ],
        [
          0.157063,
          -0.253705,
          -0.954445,
          2.406603
        ],
        [
          -0.098176,
          -0.965663,
          0.240531,
          1.61822
        ],
        [
          0.0,
          0.0,
          0.0,
          1.0
        ]
      ]
    },
    {
      "file_path": "/media/NFS/ttao/scannet/posed_images/scene0149_00/00127.jpg",
      "transform_matrix": [
        [
          -0.985804,
          0.058381,
          -0.157422,
          3.802258
        ],
        [
          0.143358,
          -0.195389,
          -0.970191,
          2.396295
        ],
        [
          -0.087399,
          -0.978987,
          0.184246,
          1.607053
        ],
        [
          0.0,
          0.0,
          0.0,
          1.0
        ]
      ]
    },
    {
      "file_path": "/media/NFS/ttao/scannet/posed_images/scene0149_00/00134.jpg",
      "transform_matrix": [
        [
          -0.976261,
          0.055094,
          -0.209475,
          3.791123
        ],
        [
          0.204923,
          -0.078302,
          -0.975641,
          2.386623
        ],
        [
          -0.070154,
          -0.995406,
          0.065153,
          1.590935
        ],
        [
          0.0,
          0.0,
          0.0,
          1.0
        ]
      ]
    },
    {
      "file_path": "/media/NFS/ttao/scannet/posed_images/scene0149_00/00137.jpg",
      "transform_matrix": [
        [
          -0.972438,
          0.061584,
          -0.224882,
          3.787278
        ],
        [
          0.225619,
          0.005206,
          -0.974201,
          2.386484
        ],
        [
          -0.058824,
          -0.998088,
          -0.018957,
          1.569919
        ],
        [
          0.0,
          0.0,
          0.0,
          1.0
        ]
      ]
    },
    {
      "file_path": "/media/NFS/ttao/scannet/posed_images/scene0149_00/00139.jpg",
      "transform_matrix": [
        [
          -0.971152,
          0.064173,
          -0.229667,
          3.786579
        ],
        [
          0.232387,
          0.038645,
          -0.971855,
          2.386137
        ],
        [
          -0.053491,
          -0.99719,
          -0.052443,
          1.56305
        ],
        [
          0.0,
          0.0,
          0.0,
          1.0
        ]
      ]
    },
    {
      "file_path": "/media/NFS/ttao/scannet/posed_images/scene0149_00/00145.jpg",
      "transform_matrix": [
        [
          -0.960131,
          0.072977,
          -0.269859,
          3.780237
        ],
        [
          0.276686,
          0.110198,
          -0.954621,
          2.389303
        ],
        [
          -0.039927,
          -0.991227,
          -0.125996,
          1.555615
        ],
        [
          0.0,
          0.0,
          0.0,
          1.0
        ]
      ]
    },
    {
      "file_path": "/media/NFS/ttao/scannet/posed_images/scene0149_00/00149.jpg",
      "transform_matrix": [
        [
          -0.95222,
          0.083922,
          -0.293656,
          3.772479
        ],
        [
          0.302278,
          0.12157,
          -0.945436,
          2.394919
        ],
        [
          -0.043643,
          -0.989029,
          -0.141129,
          1.549751
        ],
        [
          0.0,
          0.0,
          0.0,
          1.0
        ]
      ]
    },
    {
      "file_path": "/media/NFS/ttao/scannet/posed_images/scene0149_00/00155.jpg",
      "transform_matrix": [
        [
          -0.944082,
          0.110478,
          -0.310652,
          3.757739
        ],
        [
          0.325219,
          0.157023,
          -0.932511,
          2.408583
        ],
        [
          -0.054242,
          -0.981396,
          -0.184172,
          1.531645
        ],
        [
          0.0,
          0.0,
          0.0,
          1.0
        ]
      ]
    },
    {
      "file_path": "/media/NFS/ttao/scannet/posed_images/scene0149_00/00162.jpg",
      "transform_matrix": [
        [
          -0.929146,
          0.152077,
          -0.336989,
          3.743969
        ],
        [
          0.363706,
          0.212325,
          -0.906992,
          2.413502
        ],
        [
          -0.066382,
          -0.965293,
          -0.252593,
          1.514173
        ],
        [
          0.0,
          0.0,
          0.0,
          1.0
        ]
      ]
    },
    {
      "file_path": "/media/NFS/ttao/scannet/posed_images/scene0149_00/00163.jpg",
      "transform_matrix": [
        [
          -0.926479,
          0.159325,
          -0.34096,
          3.743806
        ],
        [
          0.370012,
          0.220074,
          -0.902584,
          2.411949
        ],
        [
          -0.068768,
          -0.962384,
          -0.262846,
          1.514056
        ],
        [
          0.0,
          0.0,
          0.0,
          1.0
        ]
      ]
    },
    {
      "file_path": "/media/NFS/ttao/scannet/posed_images/scene0149_00/00168.jpg",
      "transform_matrix": [
        [
          -0.906516,
          0.186694,
          -0.378648,
          3.752034
        ],
        [
          0.416056,
          0.242967,
          -0.876279,
          2.404771
        ],
        [
          -0.071597,
          -0.951899,
          -0.297928,
          1.510407
        ],
        [
          0.0,
          0.0,
          0.0,
          1.0
        ]
      ]
    },
    {
      "file_path": "/media/NFS/ttao/scannet/posed_images/scene0149_00/00173.jpg",
      "transform_matrix": [
        [
          -0.880092,
          0.216508,
          -0.422567,
          3.76361
        ],
        [
          0.469615,
          0.265717,
          -0.841936,
          2.389479
        ],
        [
          -0.070003,
          -0.939425,
          -0.33553,
          1.504083
        ],
        [
          0.0,
          0.0,
          0.0,
          1.0
        ]
      ]
    },
    {
      "file_path": "/media/NFS/ttao/scannet/posed_images/scene0149_00/00179.jpg",
      "transform_matrix": [
        [
          -0.845512,
          0.255051,
          -0.469103,
          3.800076
        ],
        [
          0.53108,
          0.310633,
          -0.788328,
          2.37606
        ],
        [
          -0.055345,
          -0.915672,
          -0.398096,
          1.492631
        ],
        [
          0.0,
          0.0,
          0.0,
          1.0
        ]
      ]
    },
    {
      "file_path": "/media/NFS/ttao/scannet/posed_images/scene0149_00/00185.jpg",
      "transform_matrix": [
        [
          -0.800402,
          0.289706,
          -0.524812,
          3.83357
        ],
        [
          0.598301,
          0.331571,
          -0.729449,
          2.35506
        ],
        [
          -0.037314,
          -0.897848,
          -0.438721,
          1.491141
        ],
        [
          0.0,
          0.0,
          0.0,
          1.0
        ]
      ]
    },
    {
      "file_path": "/media/NFS/ttao/scannet/posed_images/scene0149_00/00189.jpg",
      "transform_matrix": [
        [
          -0.773012,
          0.30107,
          -0.558399,
          3.850574
        ],
        [
          0.632307,
          0.294364,
          -0.716615,
          2.352478
        ],
        [
          -0.051379,
          -0.907032,
          -0.417916,
          1.497302
        ],
        [
          0.0,
          0.0,
          0.0,
          1.0
        ]
      ]
    },
    {
      "file_path": "/media/NFS/ttao/scannet/posed_images/scene0149_00/00192.jpg",
      "transform_matrix": [
        [
          -0.740171,
          0.311498,
          -0.595916,
          3.857031
        ],
        [
          0.670239,
          0.270477,
          -0.691102,
          2.352081
        ],
        [
          -0.054095,
          -0.91094,
          -0.408977,
          1.499722
        ],
        [
          0.0,
          0.0,
          0.0,
          1.0
        ]
      ]
    },
    {
      "file_path": "/media/NFS/ttao/scannet/posed_images/scene0149_00/00200.jpg",
      "transform_matrix": [
        [
          -0.6228,
          0.347215,
          -0.701114,
          3.877933
        ],
        [
          0.780982,
          0.22234,
          -0.583637,
          2.367035
        ],
        [
          -0.046761,
          -0.911047,
          -0.409642,
          1.487659
        ],
        [
          0.0,
          0.0,
          0.0,
          1.0
        ]
      ]
    },
    {
      "file_path": "/media/NFS/ttao/scannet/posed_images/scene0149_00/00201.jpg",
      "transform_matrix": [
        [
          -0.602675,
          0.342685,
          -0.720659,
          3.896275
        ],
        [
          0.797301,
          0.221169,
          -0.561601,
          2.343309
        ],
        [
          -0.033065,
          -0.913045,
          -0.406516,
          1.485626
        ],
        [
          0.0,
          0.0,
          0.0,
          1.0
        ]
      ]
    },
    {
      "file_path": "/media/NFS/ttao/scannet/posed_images/scene0149_00/00209.jpg",
      "transform_matrix": [
        [
          -0.486026,
          0.351791,
          -0.800013,
          3.900744
        ],
        [
          0.872935,
          0.151446,
          -0.463733,
          2.351106
        ],
        [
          -0.041978,
          -0.923746,
          -0.380698,
          1.504856
        ],
        [
          0.0,
          0.0,
          0.0,
          1.0
        ]
      ]
    },
    {
      "file_path": "/media/NFS/ttao/scannet/posed_images/scene0149_00/00213.jpg",
      "transform_matrix": [
        [
          -0.439803,
          0.340754,
          -0.83094,
          3.912759
        ],
        [
          0.896581,
          0.112898,
          -0.428248,
          2.365216
        ],
        [
          -0.052116,
          -0.933349,
          -0.355166,
          1.495645
        ],
        [
          0.0,
          0.0,
          0.0,
          1.0
        ]
      ]
    },
    {
      "file_path": "/media/NFS/ttao/scannet/posed_images/scene0149_00/00216.jpg",
      "transform_matrix": [
        [
          -0.401737,
          0.340408,
          -0.850136,
          3.921336
        ],
        [
          0.914374,
          0.098149,
          -0.392793,
          2.367502
        ],
        [
          -0.05027,
          -0.935141,
          -0.35069,
          1.498108
        ],
        [
          0.0,
          0.0,
          0.0,
          1.0
        ]
      ]
    },
    {
      "file_path": "/media/NFS/ttao/scannet/posed_images/scene0149_00/00220.jpg",
      "transform_matrix": [
        [
          -0.351889,
          0.340141,
          -0.872054,
          3.933278
        ],
        [
          0.934993,
          0.083639,
          -0.344663,
          2.331385
        ],
        [
          -0.044296,
          -0.936648,
          -0.347461,
          1.504391
        ],
        [
          0.0,
          0.0,
          0.0,
          1.0
        ]
      ]
    },
    {
      "file_path": "/media/NFS/ttao/scannet/posed_images/scene0149_00/00228.jpg",
      "transform_matrix": [
        [
          -0.259483,
          0.307946,
          -0.915335,
          3.943355
        ],
        [
          0.963947,
          0.024738,
          -0.264941,
          2.328778
        ],
        [
          -0.058944,
          -0.951082,
          -0.303262,
          1.53692
        ],
        [
          0.0,
          0.0,
          0.0,
          1.0
        ]
      ]
    },
    {
      "file_path": "/media/NFS/ttao/scannet/posed_images/scene0149_00/00231.jpg",
      "transform_matrix": [
        [
          -0.224747,
          0.28802,
          -0.930878,
          3.947735
        ],
        [
          0.973128,
          0.017221,
          -0.22962,
          2.318609
        ],
        [
          -0.050105,
          -0.95747,
          -0.28415,
          1.541106
        ],
        [
          0.0,
          0.0,
          0.0,
          1.0
        ]
      ]
    },
    {
      "file_path": "/media/NFS/ttao/scannet/posed_images/scene0149_00/00237.jpg",
      "transform_matrix": [
        [
          -0.174095,
          0.232,
          -0.957009,
          3.955723
        ],
        [
          0.983857,
          8.9e-05,
          -0.178958,
          2.317701
        ],
        [
          -0.041433,
          -0.972716,
          -0.22827,
          1.559169
        ],
        [
          0.0,
          0.0,
          0.0,
          1.0
        ]
      ]
    },
    {
      "file_path": "/media/NFS/ttao/scannet/posed_images/scene0149_00/00240.jpg",
      "transform_matrix": [
        [
          -0.17843,
          0.213214,
          -0.960574,
          3.958237
        ],
        [
          0.98331,
          0.003352,
          -0.181909,
          2.323648
        ],
        [
          -0.035566,
          -0.977,
          -0.210253,
          1.553715
        ],
        [
          0.0,
          0.0,
          0.0,
          1.0
        ]
      ]
    },
    {
      "file_path": "/media/NFS/ttao/scannet/posed_images/scene0149_00/00244.jpg",
      "transform_matrix": [
        [
          -0.197973,
          0.20621,
          -0.958272,
          3.949051
        ],
        [
          0.979652,
          0.008718,
          -0.200514,
          2.326301
        ],
        [
          -0.032994,
          -0.978469,
          -0.20374,
          1.575357
        ],
        [
          0.0,
          0.0,
          0.0,
          1.0
        ]
      ]
    },
    {
      "file_path": "/media/NFS/ttao/scannet/posed_images/scene0149_00/00251.jpg",
      "transform_matrix": [
        [
          -0.243772,
          0.159973,
          -0.956548,
          3.947945
        ],
        [
          0.96925,
          0.00602,
          -0.246002,
          2.339108
        ],
        [
          -0.033595,
          -0.987103,
          -0.156521,
          1.579643
        ],
        [
          0.0,
          0.0,
          0.0,
          1.0
        ]
      ]
    },
    {
      "file_path": "/media/NFS/ttao/scannet/posed_images/scene0149_00/00252.jpg",
      "transform_matrix": [
        [
          -0.247376,
          0.155016,
          -0.956439,
          3.944841
        ],
        [
          0.968261,
          0.003156,
          -0.249923,
          2.340969
        ],
        [
          -0.035723,
          -0.987907,
          -0.150876,
          1.58085
        ],
        [
          0.0,
          0.0,
          0.0,
          1.0
        ]
      ]
    },
    {
      "file_path": "/media/NFS/ttao/scannet/posed_images/scene0149_00/00258.jpg",
      "transform_matrix": [
        [
          -0.277857,
          0.115723,
          -0.953627,
          3.936786
        ],
        [
          0.95949,
          -0.014747,
          -0.281356,
          2.346526
        ],
        [
          -0.046623,
          -0.993172,
          -0.106938,
          1.596568
        ],
        [
          0.0,
          0.0,
          0.0,
          1.0
        ]
      ]
    },
    {
      "file_path": "/media/NFS/ttao/scannet/posed_images/scene0149_00/00263.jpg",
      "transform_matrix": [
        [
          -0.300111,
          0.084029,
          -0.950196,
          3.938515
        ],
        [
          0.952492,
          -0.027795,
          -0.303294,
          2.353108
        ],
        [
          -0.051896,
          -0.996076,
          -0.071696,
          1.607307
        ],
        [
          0.0,
          0.0,
          0.0,
          1.0
        ]
      ]
    },
    {
      "file_path": "/media/NFS/ttao/scannet/posed_images/scene0149_00/00268.jpg",
      "transform_matrix": [
        [
          -0.305584,
          0.055264,
          -0.95056,
          3.950369
        ],
        [
          0.950303,
          -0.044699,
          -0.3081,
          2.358145
        ],
        [
          -0.059516,
          -0.997471,
          -0.038858,
          1.628304
        ],
        [
          0.0,
          0.0,
          0.0,
          1.0
        ]
      ]
    },
    {
      "file_path": "/media/NFS/ttao/scannet/posed_images/scene0149_00/00275.jpg",
      "transform_matrix": [
        [
          -0.296107,
          0.025718,
          -0.954809,
          3.961126
        ],
        [
          0.953983,
          -0.041542,
          -0.296969,
          2.375073
        ],
        [
          -0.047302,
          -0.998806,
          -0.012233,
          1.631291
        ],
        [
          0.0,
          0.0,
          0.0,
          1.0
        ]
      ]
    },
    {
      "file_path": "/media/NFS/ttao/scannet/posed_images/scene0149_00/00278.jpg",
      "transform_matrix": [
        [
          -0.294791,
          0.021465,
          -0.955321,
          3.964225
        ],
        [
          0.954194,
          -0.046857,
          -0.295497,
          2.373878
        ],
        [
          -0.051106,
          -0.998671,
          -0.006668,
          1.634622
        ],
        [
          0.0,
          0.0,
          0.0,
          1.0
        ]
      ]
    },
    {
      "file_path": "/media/NFS/ttao/scannet/posed_images/scene0149_00/00280.jpg",
      "transform_matrix": [
        [
          -0.284464,
          0.016843,
          -0.958539,
          3.972824
        ],
        [
          0.957509,
          -0.044547,
          -0.284941,
          2.345234
        ],
        [
          -0.0475,
          -0.998865,
          -0.003455,
          1.631014
        ],
        [
          0.0,
          0.0,
          0.0,
          1.0
        ]
      ]
    },
    {
      "file_path": "/media/NFS/ttao/scannet/posed_images/scene0149_00/00286.jpg",
      "transform_matrix": [
        [
          -0.274932,
          0.018378,
          -0.961288,
          3.977049
        ],
        [
          0.960451,
          -0.040634,
          -0.27547,
          2.352329
        ],
        [
          -0.044123,
          -0.999005,
          -0.006479,
          1.635477
        ],
        [
          0.0,
          0.0,
          0.0,
          1.0
        ]
      ]
    },
    {
      "file_path": "/media/NFS/ttao/scannet/posed_images/scene0149_00/00293.jpg",
      "transform_matrix": [
        [
          -0.218065,
          0.043473,
          -0.974966,
          3.980834
        ],
        [
          0.97521,
          -0.028777,
          -0.219403,
          2.341451
        ],
        [
          -0.037595,
          -0.99864,
          -0.03612,
          1.635275
        ],
        [
          0.0,
          0.0,
          0.0,
          1.0
        ]
      ]
    },
    {
      "file_path": "/media/NFS/ttao/scannet/posed_images/scene0149_00/00296.jpg",
      "transform_matrix": [
        [
          -0.18859,
          0.043071,
          -0.981111,
          3.990749
        ],
        [
          0.981523,
          -0.024648,
          -0.189752,
          2.344268
        ],
        [
          -0.032356,
          -0.998768,
          -0.037626,
          1.630253
        ],
        [
          0.0,
          0.0,
          0.0,
          1.0
        ]
      ]
    },
    {
      "file_path": "/media/NFS/ttao/scannet/posed_images/scene0149_00/00300.jpg",
      "transform_matrix": [
        [
          -0.143484,
          0.044448,
          -0.988654,
          3.994685
        ],
        [
          0.989431,
          -0.014716,
          -0.144258,
          2.334674
        ],
        [
          -0.020961,
          -0.998903,
          -0.041867,
          1.639145
        ],
        [
          0.0,
          0.0,
          0.0,
          1.0
        ]
      ]
    },
    {
      "file_path": "/media/NFS/ttao/scannet/posed_images/scene0149_00/00307.jpg",
      "transform_matrix": [
        [
          -0.084775,
          0.046646,
          -0.995308,
          4.011541
        ],
        [
          0.996342,
          0.014796,
          -0.084169,
          2.334604
        ],
        [
          0.0108,
          -0.998802,
          -0.04773,
          1.631431
        ],
        [
          0.0,
          0.0,
          0.0,
          1.0
        ]
      ]
    },
    {
      "file_path": "/media/NFS/ttao/scannet/posed_images/scene0149_00/00311.jpg",
      "transform_matrix": [
        [
          -0.050111,
          0.046222,
          -0.997674,
          4.020122
        ],
        [
          0.998602,
          0.019165,
          -0.04927,
          2.342621
        ],
        [
          0.016843,
          -0.998747,
          -0.047117,
          1.630122
        ],
        [
          0.0,
          0.0,
          0.0,
          1.0
        ]
      ]
    },
    {
      "file_path": "/media/NFS/ttao/scannet/posed_images/scene0149_00/00314.jpg",
      "transform_matrix": [
        [
          -0.019045,
          0.042496,
          -0.998915,
          4.030907
        ],
        [
          0.999537,
          0.024527,
          -0.018013,
          2.345203
        ],
        [
          0.023735,
          -0.998796,
          -0.042943,
          1.629785
        ],
        [
          0.0,
          0.0,
          0.0,
          1.0
        ]
      ]
    },
    {
      "file_path": "/media/NFS/ttao/scannet/posed_images/scene0149_00/00321.jpg",
      "transform_matrix": [
        [
          0.061837,
          0.004141,
          -0.998078,
          4.049547
        ],
        [
          0.997078,
          0.044687,
          0.06196,
          2.350687
        ],
        [
          0.044857,
          -0.998993,
          -0.001366,
          1.629665
        ],
        [
          0.0,
          0.0,
          0.0,
          1.0
        ]
      ]
    },
    {
      "file_path": "/media/NFS/ttao/scannet/posed_images/scene0149_00/00327.jpg",
      "transform_matrix": [
        [
          0.109532,
          -0.008701,
          -0.993945,
          4.053543
        ],
        [
          0.992866,
          0.048354,
          0.10899,
          2.349479
        ],
        [
          0.047112,
          -0.998792,
          0.013935,
          1.639269
        ],
        [
          0.0,
          0.0,
          0.0,
          1.0
        ]
      ]
    },
    {
      "file_path": "/media/NFS/ttao/scannet/posed_images/scene0149_00/00330.jpg",
      "transform_matrix": [
        [
          0.131497,
          -0.007814,
          -0.991286,
          4.053298
        ],
        [
          0.990133,
          0.049891,
          0.130951,
          2.354385
        ],
        [
          0.048433,
          -0.998724,
          0.014297,
          1.638853
        ],
        [
          0.0,
          0.0,
          0.0,
          1.0
        ]
      ]
    },
    {
      "file_path": "/media/NFS/ttao/scannet/posed_images/scene0149_00/00333.jpg",
      "transform_matrix": [
        [
          0.158812,
          -0.00969,
          -0.987262,
          4.050525
        ],
        [
          0.985945,
          0.054108,
          0.158069,
          2.349388
        ],
        [
          0.051888,
          -0.998488,
          0.018147,
          1.642186
        ],
        [
          0.0,
          0.0,
          0.0,
          1.0
        ]
      ]
    },
    {
      "file_path": "/media/NFS/ttao/scannet/posed_images/scene0149_00/00341.jpg",
      "transform_matrix": [
        [
          0.196923,
          -0.036244,
          -0.979749,
          4.05475
        ],
        [
          0.97918,
          0.057493,
          0.194682,
          2.353928
        ],
        [
          0.049273,
          -0.997688,
          0.046811,
          1.645547
        ],
        [
          0.0,
          0.0,
          0.0,
          1.0
        ]
      ]
    },
    {
      "file_path": "/media/NFS/ttao/scannet/posed_images/scene0149_00/00345.jpg",
      "transform_matrix": [
        [
          0.203864,
          -0.03671,
          -0.978311,
          4.054521
        ],
        [
          0.977281,
          0.066815,
          0.201142,
          2.352227
        ],
        [
          0.057982,
          -0.99709,
          0.049497,
          1.654868
        ],
        [
          0.0,
          0.0,
          0.0,
          1.0
        ]
      ]
    },
    {
      "file_path": "/media/NFS/ttao/scannet/posed_images/scene0149_00/00348.jpg",
      "transform_matrix": [
        [
          0.211609,
          -0.037757,
          -0.976625,
          4.054935
        ],
        [
          0.975966,
          0.06141,
          0.209092,
          2.349596
        ],
        [
          0.05208,
          -0.997398,
          0.049844,
          1.655683
        ],
        [
          0.0,
          0.0,
          0.0,
          1.0
        ]
      ]
    },
    {
      "file_path": "/media/NFS/ttao/scannet/posed_images/scene0149_00/00351.jpg",
      "transform_matrix": [
        [
          0.209876,
          -0.031888,
          -0.977208,
          4.058452
        ],
        [
          0.976617,
          0.05447,
          0.207971,
          2.354508
        ],
        [
          0.046597,
          -0.998006,
          0.042574,
          1.644135
        ],
        [
          0.0,
          0.0,
          0.0,
          1.0
        ]
      ]
    },
    {
      "file_path": "/media/NFS/ttao/scannet/posed_images/scene0149_00/00356.jpg",
      "transform_matrix": [
        [
          0.207253,
          0.035334,
          -0.977649,
          4.050745
        ],
        [
          0.976199,
          0.057789,
          0.209034,
          2.352925
        ],
        [
          0.063883,
          -0.997703,
          -0.022516,
          1.633831
        ],
        [
          0.0,
          0.0,
          0.0,
          1.0
        ]
      ]
    },
    {
      "file_path": "/media/NFS/ttao/scannet/posed_images/scene0149_00/00364.jpg",
      "transform_matrix": [
        [
          0.24389,
          0.127542,
          -0.96138,
          4.043018
        ],
        [
          0.965085,
          0.065746,
          0.253552,
          2.342298
        ],
        [
          0.095545,
          -0.989652,
