{
  "frames": [
    {
      "file_path": "/media/NFS/ttao/scannet/posed_images/scene0084_00/00000.jpg",
      "transform_matrix": [
        [
          -0.506976,
          -0.449046,
          0.735753,
          1.568574
        ],
        [
          -0.861802,
          0.247713,
          -0.442646,
          4.423309
        ],
        [
          0.016513,
          -0.858485,
          -0.512574,
          1.333385
        ],
        [
          0.0,
          0.0,
          0.0,
          1.0
        ]
      ]
    },
    {
      "file_path": "/media/NFS/ttao/scannet/posed_images/scene0084_00/00006.jpg",
      "transform_matrix": [
        [
          -0.48539,
          -0.456577,
          0.74561,
          1.600943
        ],
        [
          -0.874246,
          0.244214,
          -0.419587,
          4.394027
        ],
        [
          0.009485,
          -0.85551,
          -0.5177,
          1.327189
        ],
        [
          0.0,
          0.0,
          0.0,
          1.0
        ]
      ]
    },
    {
      "file_path": "/media/NFS/ttao/scannet/posed_images/scene0084_00/00012.jpg",
      "transform_matrix": [
        [
          -0.474834,
          -0.480971,
          0.737021,
          1.642189
        ],
        [
          -0.879789,
          0.238028,
          -0.411479,
          4.373353
        ],
        [
          0.022477,
          -0.843807,
          -0.536176,
          1.33163
        ],
        [
          0.0,
          0.0,
          0.0,
          1.0
        ]
      ]
    },
    {
      "file_path": "/media/NFS/ttao/scannet/posed_images/scene0084_00/00022.jpg",
      "transform_matrix": [
        [
          -0.519792,
          -0.453756,
          0.723825,
          1.714502
        ],
        [
          -0.852465,
          0.220097,
          -0.474195,
          4.337728
        ],
        [
          0.055857,
          -0.863518,
          -0.501216,
          1.345814
        ],
        [
          0.0,
          0.0,
          0.0,
          1.0
        ]
      ]
    },
    {
      "file_path": "/media/NFS/ttao/scannet/posed_images/scene0084_00/00030.jpg",
      "transform_matrix": [
        [
          -0.653997,
          -0.385385,
          0.650973,
          1.819575
        ],
        [
          -0.755188,
          0.281997,
          -0.59175,
          4.332777
        ],
        [
          0.044479,
          -0.87861,
          -0.475463,
          1.354531
        ],
        [
          0.0,
          0.0,
          0.0,
          1.0
        ]
      ]
    },
    {
      "file_path": "/media/NFS/ttao/scannet/posed_images/scene0084_00/00035.jpg",
      "transform_matrix": [
        [
          -0.708912,
          -0.356724,
          0.608433,
          1.899431
        ],
        [
          -0.704163,
          0.309101,
          -0.639226,
          4.356816
        ],
        [
          0.03996,
          -0.881592,
          -0.470318,
          1.37186
        ],
        [
          0.0,
          0.0,
          0.0,
          1.0
        ]
      ]
    },
    {
      "file_path": "/media/NFS/ttao/scannet/posed_images/scene0084_00/00043.jpg",
      "transform_matrix": [
        [
          -0.736897,
          -0.323447,
          0.593603,
          2.000293
        ],
        [
          -0.67488,
          0.301372,
          -0.673581,
          4.393711
        ],
        [
          0.038972,
          -0.896971,
          -0.440368,
          1.408965
        ],
        [
          0.0,
          0.0,
          0.0,
          1.0
        ]
      ]
    },
    {
      "file_path": "/media/NFS/ttao/scannet/posed_images/scene0084_00/00049.jpg",
      "transform_matrix": [
        [
          -0.740957,
          -0.306931,
          0.597307,
          2.02774
        ],
        [
          -0.670165,
          0.280826,
          -0.687033,
          4.415273
        ],
        [
          0.043132,
          -0.909357,
          -0.413774,
          1.421446
        ],
        [
          0.0,
          0.0,
          0.0,
          1.0
        ]
      ]
    },
    {
      "file_path": "/media/NFS/ttao/scannet/posed_images/scene0084_00/00051.jpg",
      "transform_matrix": [
        [
          -0.742965,
          -0.309963,
          0.593234,
          2.024094
        ],
        [
          -0.667703,
          0.281462,
          -0.689167,
          4.418009
        ],
        [
          0.046643,
          -0.908131,
          -0.416079,
          1.417512
        ],
        [
          0.0,
          0.0,
          0.0,
          1.0
        ]
      ]
    },
    {
      "file_path": "/media/NFS/ttao/scannet/posed_images/scene0084_00/00057.jpg",
      "transform_matrix": [
        [
          -0.756919,
          -0.362427,
          0.543801,
          2.009058
        ],
        [
          -0.652408,
          0.370796,
          -0.660965,
          4.429112
        ],
        [
          0.037912,
          -0.855077,
          -0.517113,
          1.355649
        ],
        [
          0.0,
          0.0,
          0.0,
          1.0
        ]
      ]
    },
    {
      "file_path": "/media/NFS/ttao/scannet/posed_images/scene0084_00/00069.jpg",
      "transform_matrix": [
        [
          -0.745277,
          -0.440267,
          0.500727,
          2.011152
        ],
        [
          -0.664869,
          0.434273,
          -0.607747,
          4.437634
        ],
        [
          0.050119,
          -0.785857,
          -0.616374,
          1.30022
        ],
        [
          0.0,
          0.0,
          0.0,
          1.0
        ]
      ]
    },
    {
      "file_path": "/media/NFS/ttao/scannet/posed_images/scene0084_00/00075.jpg",
      "transform_matrix": [
        [
          -0.74126,
          -0.447004,
          0.500721,
          1.956269
        ],
        [
          -0.669212,
          0.434554,
          -0.602758,
          4.435315
        ],
        [
          0.051845,
          -0.781889,
          -0.621258,
          1.299096
        ],
        [
          0.0,
          0.0,
          0.0,
          1.0
        ]
      ]
    },
    {
      "file_path": "/media/NFS/ttao/scannet/posed_images/scene0084_00/00079.jpg",
      "transform_matrix": [
        [
          -0.741078,
          -0.421907,
          0.5223,
          1.892833
        ],
        [
          -0.670211,
          0.418196,
          -0.613131,
          4.422484
        ],
        [
          0.04026,
          -0.804429,
          -0.592683,
          1.318676
        ],
        [
          0.0,
          0.0,
          0.0,
          1.0
        ]
      ]
    },
    {
      "file_path": "/media/NFS/ttao/scannet/posed_images/scene0084_00/00089.jpg",
      "transform_matrix": [
        [
          -0.706657,
          -0.378561,
          0.597769,
          1.708781
        ],
        [
          -0.706548,
          0.332447,
          -0.624715,
          4.399892
        ],
        [
          0.037766,
          -0.863812,
          -0.502397,
          1.359866
        ],
        [
          0.0,
          0.0,
          0.0,
          1.0
        ]
      ]
    },
    {
      "file_path": "/media/NFS/ttao/scannet/posed_images/scene0084_00/00091.jpg",
      "transform_matrix": [
        [
          -0.704142,
          -0.3702,
          0.605918,
          1.679652
        ],
        [
          -0.709846,
          0.346109,
          -0.613455,
          4.399176
        ],
        [
          0.017387,
          -0.862068,
          -0.506495,
          1.361289
        ],
        [
          0.0,
          0.0,
          0.0,
          1.0
        ]
      ]
    },
    {
      "file_path": "/media/NFS/ttao/scannet/posed_images/scene0084_00/00103.jpg",
      "transform_matrix": [
        [
          -0.71376,
          -0.375504,
          0.591221,
          1.537552
        ],
        [
          -0.699562,
          0.423245,
          -0.57574,
          4.433408
        ],
        [
          -0.034039,
          -0.824536,
          -0.564784,
          1.30673
        ],
        [
          0.0,
          0.0,
          0.0,
          1.0
        ]
      ]
    },
    {
      "file_path": "/media/NFS/ttao/scannet/posed_images/scene0084_00/00108.jpg",
      "transform_matrix": [
        [
          -0.716911,
          -0.403142,
          0.568784,
          1.503617
        ],
        [
          -0.697007,
          0.431851,
          -0.572439,
          4.469727
        ],
        [
          -0.014856,
          -0.806834,
          -0.590592,
          1.27682
        ],
        [
          0.0,
          0.0,
          0.0,
          1.0
        ]
      ]
    },
    {
      "file_path": "/media/NFS/ttao/scannet/posed_images/scene0084_00/00114.jpg",
      "transform_matrix": [
        [
          -0.727885,
          -0.433067,
          0.531636,
          1.472729
        ],
        [
          -0.685693,
          0.456305,
          -0.567107,
          4.523341
        ],
        [
          0.003008,
          -0.777327,
          -0.629089,
          1.242259
        ],
        [
          0.0,
          0.0,
          0.0,
          1.0
        ]
      ]
    },
    {
      "file_path": "/media/NFS/ttao/scannet/posed_images/scene0084_00/00122.jpg",
      "transform_matrix": [
        [
          -0.74404,
          -0.447122,
          0.496474,
          1.422097
        ],
        [
          -0.668028,
          0.484539,
          -0.564765,
          4.532289
        ],
        [
          0.011957,
          -0.751867,
          -0.659206,
          1.245697
        ],
        [
          0.0,
          0.0,
          0.0,
          1.0
        ]
      ]
    },
    {
      "file_path": "/media/NFS/ttao/scannet/posed_images/scene0084_00/00128.jpg",
      "transform_matrix": [
        [
          -0.735802,
          -0.441581,
          0.513422,
          1.376152
        ],
        [
          -0.677195,
          0.481447,
          -0.556431,
          4.526182
        ],
        [
          -0.001476,
          -0.75711,
          -0.653286,
          1.251193
        ],
        [
          0.0,
          0.0,
          0.0,
          1.0
        ]
      ]
    },
    {
      "file_path": "/media/NFS/ttao/scannet/posed_images/scene0084_00/00134.jpg",
      "transform_matrix": [
        [
          -0.721912,
          -0.434908,
          0.538236,
          1.300246
        ],
        [
          -0.691816,
          0.47078,
          -0.547501,
          4.496868
        ],
        [
          -0.015279,
          -0.767608,
          -0.640738,
          1.259121
        ],
        [
          0.0,
          0.0,
          0.0,
          1.0
        ]
      ]
    },
    {
      "file_path": "/media/NFS/ttao/scannet/posed_images/scene0084_00/00136.jpg",
      "transform_matrix": [
        [
          -0.718904,
          -0.441792,
          0.536653,
          1.270473
        ],
        [
          -0.695009,
          0.469936,
          -0.544171,
          4.480701
        ],
        [
          -0.011782,
          -0.764186,
          -0.644889,
          1.255502
        ],
        [
          0.0,
          0.0,
          0.0,
          1.0
        ]
      ]
    },
    {
      "file_path": "/media/NFS/ttao/scannet/posed_images/scene0084_00/00148.jpg",
      "transform_matrix": [
        [
          -0.654835,
          -0.486375,
          0.578473,
          1.132622
        ],
        [
          -0.755569,
          0.439035,
          -0.486173,
          4.422021
        ],
        [
          -0.017508,
          -0.755439,
          -0.654985,
          1.268
        ],
        [
          0.0,
          0.0,
          0.0,
          1.0
        ]
      ]
    },
    {
      "file_path": "/media/NFS/ttao/scannet/posed_images/scene0084_00/00152.jpg",
      "transform_matrix": [
        [
          -0.640605,
          -0.489827,
          0.59135,
          1.109888
        ],
        [
          -0.767315,
          0.437631,
          -0.468728,
          4.416982
        ],
        [
          -0.029197,
          -0.754021,
          -0.656201,
          1.265799
        ],
        [
          0.0,
          0.0,
          0.0,
          1.0
        ]
      ]
    },
    {
      "file_path": "/media/NFS/ttao/scannet/posed_images/scene0084_00/00156.jpg",
      "transform_matrix": [
        [
          -0.621876,
          -0.500873,
          0.601993,
          1.104357
        ],
        [
          -0.782308,
          0.432241,
          -0.448512,
          4.411946
        ],
        [
          -0.035558,
          -0.749863,
          -0.660637,
          1.261798
        ],
        [
          0.0,
          0.0,
          0.0,
          1.0
        ]
      ]
    },
    {
      "file_path": "/media/NFS/ttao/scannet/posed_images/scene0084_00/00168.jpg",
      "transform_matrix": [
        [
          -0.432795,
          -0.577606,
          0.692141,
          1.13462
        ],
        [
          -0.90149,
          0.278804,
          -0.331034,
          4.381539
        ],
        [
          -0.001765,
          -0.767228,
          -0.641371,
          1.250231
        ],
        [
          0.0,
          0.0,
          0.0,
          1.0
        ]
      ]
    },
    {
      "file_path": "/media/NFS/ttao/scannet/posed_images/scene0084_00/00170.jpg",
      "transform_matrix": [
        [
          -0.39172,
          -0.593729,
          0.702881,
          1.135482
        ],
        [
          -0.920068,
          0.24814,
          -0.303153,
          4.363583
        ],
        [
          0.005578,
          -0.765449,
          -0.643472,
          1.247917
        ],
        [
          0.0,
          0.0,
          0.0,
          1.0
        ]
      ]
    },
    {
      "file_path": "/media/NFS/ttao/scannet/posed_images/scene0084_00/00176.jpg",
      "transform_matrix": [
        [
          -0.324008,
          -0.632391,
          0.703634,
          1.140758
        ],
        [
          -0.945865,
          0.201669,
          -0.2543,
          4.310346
        ],
        [
          0.018916,
          -0.747938,
          -0.663499,
          1.247597
        ],
        [
          0.0,
          0.0,
          0.0,
          1.0
        ]
      ]
    },
    {
      "file_path": "/media/NFS/ttao/scannet/posed_images/scene0084_00/00187.jpg",
      "transform_matrix": [
        [
          -0.170933,
          -0.632438,
          0.755515,
          1.120547
        ],
        [
          -0.985155,
          0.122041,
          -0.120729,
          4.209871
        ],
        [
          -0.015851,
          -0.764936,
          -0.643911,
          1.274428
        ],
        [
          0.0,
          0.0,
          0.0,
          1.0
        ]
      ]
    },
    {
      "file_path": "/media/NFS/ttao/scannet/posed_images/scene0084_00/00193.jpg",
      "transform_matrix": [
        [
          -0.072293,
          -0.620196,
          0.781108,
          1.07303
        ],
        [
          -0.997349,
          0.051484,
          -0.051429,
          4.128212
        ],
        [
          -0.008319,
          -0.782755,
          -0.622274,
          1.274967
        ],
        [
          0.0,
          0.0,
          0.0,
          1.0
        ]
      ]
    },
    {
      "file_path": "/media/NFS/ttao/scannet/posed_images/scene0084_00/00199.jpg",
      "transform_matrix": [
        [
          -0.006552,
          -0.631786,
          0.775115,
          1.03428
        ],
        [
          -0.999967,
          0.007839,
          -0.002063,
          4.05921
        ],
        [
          -0.004772,
          -0.775103,
          -0.631817,
          1.276821
        ],
        [
          0.0,
          0.0,
          0.0,
          1.0
        ]
      ]
    },
    {
      "file_path": "/media/NFS/ttao/scannet/posed_images/scene0084_00/00203.jpg",
      "transform_matrix": [
        [
          0.042831,
          -0.635256,
          0.771113,
          1.024115
        ],
        [
          -0.999078,
          -0.025004,
          0.034895,
          4.04068
        ],
        [
          -0.002887,
          -0.771897,
          -0.635741,
          1.278758
        ],
        [
          0.0,
          0.0,
          0.0,
          1.0
        ]
      ]
    },
    {
      "file_path": "/media/NFS/ttao/scannet/posed_images/scene0084_00/00209.jpg",
      "transform_matrix": [
        [
          0.125879,
          -0.619733,
          0.774652,
          1.029177
        ],
        [
          -0.991947,
          -0.06762,
          0.107092,
          4.01698
        ],
        [
          -0.013986,
          -0.781894,
          -0.623254,
          1.285828
        ],
        [
          0.0,
          0.0,
          0.0,
          1.0
        ]
      ]
    },
    {
      "file_path": "/media/NFS/ttao/scannet/posed_images/scene0084_00/00215.jpg",
      "transform_matrix": [
        [
          0.171761,
          -0.589414,
          0.78936,
          1.066987
        ],
        [
          -0.985115,
          -0.108253,
          0.133524,
          3.997427
        ],
        [
          0.00675,
          -0.800545,
          -0.599235,
          1.294147
        ],
        [
          0.0,
          0.0,
          0.0,
          1.0
        ]
      ]
    },
    {
      "file_path": "/media/NFS/ttao/scannet/posed_images/scene0084_00/00223.jpg",
      "transform_matrix": [
        [
          0.191713,
          -0.560705,
          0.805516,
          1.13278
        ],
        [
          -0.980599,
          -0.143628,
          0.133406,
          3.939554
        ],
        [
          0.040893,
          -0.815464,
          -0.577362,
          1.291246
        ],
        [
          0.0,
          0.0,
          0.0,
          1.0
        ]
      ]
    },
    {
      "file_path": "/media/NFS/ttao/scannet/posed_images/scene0084_00/00229.jpg",
      "transform_matrix": [
        [
          0.241794,
          -0.535052,
          0.809478,
          1.168238
        ],
        [
          -0.969572,
          -0.166146,
          0.179794,
          3.918372
        ],
        [
          0.038292,
          -0.82832,
          -0.558945,
          1.309634
        ],
        [
          0.0,
          0.0,
          0.0,
          1.0
        ]
      ]
    },
    {
      "file_path": "/media/NFS/ttao/scannet/posed_images/scene0084_00/00241.jpg",
      "transform_matrix": [
        [
          0.400706,
          -0.495302,
          0.770786,
          1.222346
        ],
        [
          -0.915707,
          -0.244303,
          0.319057,
          3.883624
        ],
        [
          0.030275,
          -0.833662,
          -0.551445,
          1.334407
        ],
        [
          0.0,
          0.0,
          0.0,
          1.0
        ]
      ]
    },
    {
      "file_path": "/media/NFS/ttao/scannet/posed_images/scene0084_00/00246.jpg",
      "transform_matrix": [
        [
          0.424959,
          -0.493579,
          0.758808,
          1.239776
        ],
        [
          -0.904869,
          -0.254728,
          0.341066,
          3.866184
        ],
        [
          0.024947,
          -0.831561,
          -0.554873,
          1.330297
        ],
        [
          0.0,
          0.0,
          0.0,
          1.0
        ]
      ]
    },
    {
      "file_path": "/media/NFS/ttao/scannet/posed_images/scene0084_00/00248.jpg",
      "transform_matrix": [
        [
          0.429543,
          -0.493581,
          0.756221,
          1.246935
        ],
        [
          -0.902781,
          -0.255006,
          0.34635,
          3.863674
        ],
        [
          0.021889,
          -0.831475,
          -0.555131,
          1.330787
        ],
        [
          0.0,
          0.0,
          0.0,
          1.0
        ]
      ]
    },
    {
      "file_path": "/media/NFS/ttao/scannet/posed_images/scene0084_00/00260.jpg",
      "transform_matrix": [
        [
          0.524263,
          -0.438311,
          0.73009,
          1.297059
        ],
        [
          -0.851556,
          -0.269317,
          0.4498,
          3.91556
        ],
        [
          -0.000527,
          -0.857527,
          -0.514439,
          1.345972
        ],
        [
          0.0,
          0.0,
          0.0,
          1.0
        ]
      ]
    },
    {
      "file_path": "/media/NFS/ttao/scannet/posed_images/scene0084_00/00266.jpg",
      "transform_matrix": [
        [
          0.530758,
          -0.396327,
          0.749147,
          1.344763
        ],
        [
          -0.847301,
          -0.26838,
          0.458315,
          3.98382
        ],
        [
          0.019413,
          -0.878008,
          -0.478253,
          1.368819
        ],
        [
          0.0,
          0.0,
          0.0,
          1.0
        ]
      ]
    },
    {
      "file_path": "/media/NFS/ttao/scannet/posed_images/scene0084_00/00272.jpg",
      "transform_matrix": [
        [
          0.526358,
          -0.367754,
          0.766618,
          1.386607
        ],
        [
          -0.85009,
          -0.245781,
          0.465766,
          4.029351
        ],
        [
          0.017133,
          -0.896855,
          -0.441993,
          1.385815
        ],
        [
          0.0,
          0.0,
          0.0,
          1.0
        ]
      ]
    },
    {
      "file_path": "/media/NFS/ttao/scannet/posed_images/scene0084_00/00280.jpg",
      "transform_matrix": [
        [
          0.559187,
          -0.32242,
          0.763777,
          1.430934
        ],
        [
          -0.828968,
          -0.229678,
          0.50996,
          4.048732
        ],
        [
          0.011001,
          -0.91831,
          -0.395709,
          1.421397
        ],
        [
          0.0,
          0.0,
          0.0,
          1.0
        ]
      ]
    },
    {
      "file_path": "/media/NFS/ttao/scannet/posed_images/scene0084_00/00286.jpg",
      "transform_matrix": [
        [
          0.590964,
          -0.283737,
          0.755152,
          1.454966
        ],
        [
          -0.806264,
          -0.238442,
          0.541372,
          4.042891
        ],
        [
          0.026453,
          -0.928783,
          -0.369678,
          1.439187
        ],
        [
          0.0,
          0.0,
          0.0,
          1.0
        ]
      ]
    },
    {
      "file_path": "/media/NFS/ttao/scannet/posed_images/scene0084_00/00288.jpg",
      "transform_matrix": [
        [
          0.594421,
          -0.265328,
          0.759121,
          1.46346
        ],
        [
          -0.803352,
          -0.238083,
          0.54584,
          4.037765
        ],
        [
          0.035907,
          -0.934301,
          -0.354673,
          1.446691
        ],
        [
          0.0,
          0.0,
          0.0,
          1.0
        ]
      ]
    },
    {
      "file_path": "/media/NFS/ttao/scannet/posed_images/scene0084_00/00294.jpg",
      "transform_matrix": [
        [
          0.610848,
          -0.227548,
          0.758345,
          1.482523
        ],
        [
          -0.791574,
          -0.195577,
          0.578929,
          4.019127
        ],
        [
          0.016581,
          -0.953924,
          -0.299589,
          1.480911
        ],
        [
          0.0,
          0.0,
          0.0,
          1.0
        ]
      ]
    },
    {
      "file_path": "/media/NFS/ttao/scannet/posed_images/scene0084_00/00306.jpg",
      "transform_matrix": [
        [
          0.645392,
          -0.181879,
          0.741882,
          1.455406
        ],
        [
          -0.763359,
          -0.118694,
          0.634977,
          4.009408
        ],
        [
          -0.027431,
          -0.976131,
          -0.215443,
          1.524495
        ],
        [
          0.0,
          0.0,
          0.0,
          1.0
        ]
      ]
    },
    {
      "file_path": "/media/NFS/ttao/scannet/posed_images/scene0084_00/00312.jpg",
      "transform_matrix": [
        [
          0.658237,
          -0.126073,
          0.742179,
          1.433411
        ],
        [
          -0.752622,
          -0.088136,
          0.652527,
          4.009808
        ],
        [
          -0.016853,
          -0.988098,
          -0.152899,
          1.539978
        ],
        [
          0.0,
          0.0,
          0.0,
          1.0
        ]
      ]
    },
    {
      "file_path": "/media/NFS/ttao/scannet/posed_images/scene0084_00/00314.jpg",
      "transform_matrix": [
        [
          0.659151,
          -0.110076,
          0.743911,
          1.425845
        ],
        [
          -0.751915,
          -0.080682,
          0.654304,
          4.010217
        ],
        [
          -0.012003,
          -0.990643,
          -0.13595,
          1.545828
        ],
        [
          0.0,
          0.0,
          0.0,
          1.0
        ]
      ]
    },
    {
      "file_path": "/media/NFS/ttao/scannet/posed_images/scene0084_00/00321.jpg",
      "transform_matrix": [
        [
          0.661228,
          -0.086539,
          0.745177,
          1.394547
        ],
        [
          -0.750145,
          -0.065918,
          0.65798,
          4.019356
        ],
        [
          -0.007821,
          -0.994065,
          -0.108504,
          1.551682
        ],
        [
          0.0,
          0.0,
          0.0,
          1.0
        ]
      ]
    },
    {
      "file_path": "/media/NFS/ttao/scannet/posed_images/scene0084_00/00327.jpg",
      "transform_matrix": [
        [
          0.6578,
          -0.094769,
          0.747206,
          1.36107
        ],
        [
          -0.752969,
          -0.058602,
          0.655441,
          4.031065
        ],
        [
          -0.018328,
          -0.993773,
          -0.109907,
          1.546659
        ],
        [
          0.0,
          0.0,
          0.0,
          1.0
        ]
      ]
    },
    {
      "file_path": "/media/NFS/ttao/scannet/posed_images/scene0084_00/00337.jpg",
      "transform_matrix": [
        [
          0.667616,
          -0.131021,
          0.732886,
          1.266167
        ],
        [
          -0.744437,
          -0.104111,
          0.659526,
          4.061029
        ],
        [
          -0.01011,
          -0.985898,
          -0.167043,
          1.484376
        ],
        [
          0.0,
          0.0,
          0.0,
          1.0
        ]
      ]
    },
    {
      "file_path": "/media/NFS/ttao/scannet/posed_images/scene0084_00/00345.jpg",
      "transform_matrix": [
        [
          0.674602,
          -0.216608,
          0.705687,
          1.193868
        ],
        [
          -0.738182,
          -0.197131,
          0.645156,
          4.05675
        ],
        [
          -0.000633,
          -0.956149,
          -0.292881,
          1.420161
        ],
        [
          0.0,
          0.0,
          0.0,
          1.0
        ]
      ]
    },
    {
      "file_path": "/media/NFS/ttao/scannet/posed_images/scene0084_00/00347.jpg",
      "transform_matrix": [
        [
          0.67399,
          -0.248794,
          0.695585,
          1.180794
        ],
        [
          -0.738706,
          -0.217895,
          0.637836,
          4.051596
        ],
        [
          -0.007125,
          -0.943728,
          -0.330645,
          1.410471
        ],
        [
          0.0,
          0.0,
          0.0,
          1.0
        ]
      ]
    },
    {
      "file_path": "/media/NFS/ttao/scannet/posed_images/scene0084_00/00353.jpg",
      "transform_matrix": [
        [
          0.651483,
          -0.33919,
          0.678617,
          1.143286
        ],
        [
          -0.757803,
          -0.248354,
          0.603369,
          4.040864
        ],
        [
          -0.036119,
          -0.907342,
          -0.418838,
          1.380602
        ],
        [
          0.0,
          0.0,
          0.0,
          1.0
        ]
      ]
    },
    {
      "file_path": "/media/NFS/ttao/scannet/posed_images/scene0084_00/00363.jpg",
      "transform_matrix": [
        [
          0.708745,
          -0.320157,
          0.628633,
          1.156601
        ],
        [
          -0.705464,
          -0.320993,
          0.631889,
          4.051432
        ],
        [
          -0.000517,
          -0.891326,
          -0.453362,
          1.320097
        ],
        [
          0.0,
          0.0,
          0.0,
          1.0
        ]
      ]
    },
    {
      "file_path": "/media/NFS/ttao/scannet/posed_images/scene0084_00/00369.jpg",
      "transform_matrix": [
        [
          0.770496,
          -0.290645,
          0.567329,
          1.202682
        ],
        [
          -0.63571,
          -0.415988,
          0.650252,
          4.080977
        ],
        [
          0.047009,
          -0.861673,
          -0.505283,
          1.287552
        ],
        [
          0.0,
          0.0,
          0.0,
          1.0
        ]
      ]
    },
    {
      "file_path": "/media/NFS/ttao/scannet/posed_images/scene0084_00/00377.jpg",
      "transform_matrix": [
        [
          0.806299,
          -0.322227,
          0.496036,
          1.270906
        ],
        [
          -0.591491,
          -0.445575,
          0.672012,
          4.072283
        ],
        [
          0.004481,
          -0.835244,
          -0.549861,
          1.300738
        ],
        [
          0.0,
          0.0,
          0.0,
          1.0
        ]
      ]
    },
    {
      "file_path": "/media/NFS/ttao/scannet/posed_images/scene0084_00/00385.jpg",
      "transform_matrix": [
        [
          0.830898,
          -0.288502,
          0.47579,
          1.348726
        ],
        [
          -0.556199,
          -0.455011,
          0.695419,
          4.037205
        ],
        [
          0.01586,
          -0.842456,
          -0.538532,
          1.320412
        ],
        [
          0.0,
          0.0,
          0.0,
          1.0
        ]
      ]
    },
    {
      "file_path": "/media/NFS/ttao/scannet/posed_images/scene0084_00/00387.jpg",
      "transform_matrix": [
        [
          0.840816,
          -0.277347,
          0.464874,
          1.370126
        ],
        [
          -0.540861,
          -0.465826,
          0.700339,
          4.025235
        ],
        [
          0.022313,
          -0.840289,
          -0.54168,
          1.316142
        ],
        [
          0.0,
          0.0,
          0.0,
          1.0
        ]
      ]
    },
    {
      "file_path": "/media/NFS/ttao/scannet/posed_images/scene0084_00/00392.jpg",
      "transform_matrix": [
        [
          0.842039,
          -0.262826,
          0.471056,
          1.446642
        ],
        [
          -0.537544,
          -0.481567,
          0.692199,
          3.992422
        ],
        [
          0.044918,
          -0.836072,
          -0.546779,
          1.325702
        ],
        [
          0.0,
          0.0,
          0.0,
          1.0
        ]
      ]
    },
    {
      "file_path": "/media/NFS/ttao/scannet/posed_images/scene0084_00/00400.jpg",
      "transform_matrix": [
        [
          0.834475,
          -0.280219,
          0.474477,
          1.535546
        ],
        [
          -0.548982,
          -0.497214,
          0.671861,
          3.932235
        ],
        [
          0.047648,
          -0.821131,
          -0.568748,
          1.329368
        ],
        [
          0.0,
          0.0,
          0.0,
          1.0
        ]
      ]
    },
    {
      "file_path": "/media/NFS/ttao/scannet/posed_images/scene0084_00/00406.jpg",
      "transform_matrix": [
        [
          0.881806,
          -0.246258,
          0.402212,
          1.53103
        ],
        [
          -0.469408,
          -0.540642,
          0.698113,
          3.911325
        ],
        [
          0.045536,
          -0.804402,
          -0.592337,
          1.320263
        ],
        [
          0.0,
          0.0,
          0.0,
          1.0
        ]
      ]
    },
    {
      "file_path": "/media/NFS/ttao/scannet/posed_images/scene0084_00/00412.jpg",
      "transform_matrix": [
        [
          0.930925,
          -0.192568,
          0.310316,
          1.498975
        ],
        [
          -0.362445,
          -0.591503,
          0.720248,
          3.896494
        ],
        [
          0.044856,
          -0.78297,
          -0.62044,
          1.303456
        ],
        [
          0.0,
          0.0,
          0.0,
          1.0
        ]
      ]
    },
    {
      "file_path": "/media/NFS/ttao/scannet/posed_images/scene0084_00/00420.jpg",
      "transform_matrix": [
        [
          0.956183,
          -0.151,
          0.250823,
          1.471375
        ],
        [
          -0.289896,
          -0.608049,
          0.739078,
          3.888881
        ],
        [
          0.040912,
          -0.779407,
          -0.625181,
          1.304044
        ],
        [
          0.0,
          0.0,
          0.0,
          1.0
        ]
      ]
    },
    {
      "file_path": "/media/NFS/ttao/scannet/posed_images/scene0084_00/00428.jpg",
      "transform_matrix": [
        [
          0.967625,
          -0.12336,
          0.22019,
          1.448634
        ],
        [
          -0.24718,
          -0.639549,
          0.727928,
          3.887959
        ],
        [
          0.051025,
          -0.758788,
          -0.649336,
          1.295976
        ],
        [
          0.0,
          0.0,
          0.0,
          1.0
        ]
      ]
    },
    {
      "file_path": "/media/NFS/ttao/scannet/posed_images/scene0084_00/00438.jpg",
      "transform_matrix": [
        [
          0.95925,
          -0.127554,
          0.252131,
          1.434836
        ],
        [
          -0.268216,
          -0.691736,
          0.670494,
          3.88887
        ],
        [
          0.088884,
          -0.710796,
          -0.697759,
          1.287653
        ],
        [
          0.0,
          0.0,
          0.0,
          1.0
        ]
      ]
    },
    {
      "file_path": "/media/NFS/ttao/scannet/posed_images/scene0084_00/00440.jpg",
      "transform_matrix": [
        [
          0.958591,
          -0.130136,
          0.253313,
          1.43822
        ],
        [
          -0.270356,
          -0.695385,
          0.665843,
          3.890187
        ],
        [
          0.0895,
          -0.706756,
          -0.701773,
          1.291739
        ],
        [
          0.0,
          0.0,
          0.0,
          1.0
        ]
      ]
    },
    {
      "file_path": "/media/NFS/ttao/scannet/posed_images/scene0084_00/00446.jpg",
      "transform_matrix": [
        [
          0.963408,
          -0.121712,
          0.238813,
          1.41866
        ],
        [
          -0.254028,
          -0.698891,
          0.668596,
          3.891541
        ],
        [
          0.085529,
          -0.704796,
          -0.704235,
          1.289244
        ],
        [
          0.0,
          0.0,
          0.0,
          1.0
        ]
      ]
    },
    {
      "file_path": "/media/NFS/ttao/scannet/posed_images/scene0084_00/00458.jpg",
      "transform_matrix": [
        [
          0.987979,
          -0.059683,
          0.1426,
          1.358723
        ],
        [
          -0.139897,
          -0.737669,
          0.66051,
          3.887397
        ],
        [
          0.065771,
          -0.67252,
          -0.737151,
          1.27026
        ],
        [
          0.0,
          0.0,
          0.0,
          1.0
        ]
      ]
    },
    {
      "file_path": "/media/NFS/ttao/scannet/posed_images/scene0084_00/00463.jpg",
      "transform_matrix": [
        [
          0.993218,
          -0.026425,
          0.11322,
          1.340922
        ],
        [
          -0.095065,
          -0.745208,
          0.660021,
          3.895671
        ],
        [
          0.066932,
          -0.666309,
          -0.742666,
          1.273387
        ],
        [
          0.0,
          0.0,
          0.0,
          1.0
        ]
      ]
    },
    {
      "file_path": "/media/NFS/ttao/scannet/posed_images/scene0084_00/00467.jpg",
      "transform_matrix": [
        [
          0.995448,
          -0.001957,
          0.095289,
          1.328316
        ],
        [
          -0.065637,
          -0.738988,
          0.670513,
          3.897146
        ],
        [
          0.069105,
          -0.673715,
          -0.735753,
          1.277461
        ],
        [
          0.0,
          0.0,
          0.0,
          1.0
        ]
      ]
    },
    {
      "file_path": "/media/NFS/ttao/scannet/posed_images/scene0084_00/00473.jpg",
      "transform_matrix": [
        [
          0.997005,
          0.008346,
          0.076884,
          1.315881
        ],
        [
          -0.047199,
          -0.721873,
          0.690414,
          3.898013
        ],
        [
          0.061262,
          -0.691975,
          -0.719317,
          1.285601
        ],
        [
          0.0,
          0.0,
          0.0,
          1.0
        ]
      ]
    },
    {
      "file_path": "/media/NFS/ttao/scannet/posed_images/scene0084_00/00479.jpg",
      "transform_matrix": [
        [
          0.994332,
          -0.011323,
          0.105712,
          1.3283
        ],
        [
          -0.084388,
          -0.688856,
          0.719969,
          3.905634
        ],
        [
          0.064668,
          -0.72481,
          -0.685908,
          1.296838
        ],
        [
          0.0,
          0.0,
          0.0,
          1.0
        ]
      ]
    },
    {
      "file_path": "/media/NFS/ttao/scannet/posed_images/scene0084_00/00485.jpg",
      "transform_matrix": [
        [
          0.991178,
          -0.040929,
          0.126058,
          1.338901
        ],
        [
          -0.123958,
          -0.622908,
          0.772412,
          3.922558
        ],
        [
          0.046909,
          -0.781224,
          -0.622486,
          1.330152
        ],
        [
          0.0,
          0.0,
          0.0,
          1.0
        ]
      ]
    },
    {
      "file_path": "/media/NFS/ttao/scannet/posed_images/scene0084_00/00493.jpg",
      "transform_matrix": [
        [
          0.983124,
          -0.044593,
          0.17742,
          1.313947
        ],
        [
          -0.171208,
          -0.565977,
          0.806448,
          3.948801
        ],
        [
          0.064454,
          -0.823214,
          -0.56406,
          1.345366
        ],
        [
          0.0,
          0.0,
          0.0,
          1.0
        ]
      ]
    },
    {
      "file_path": "/media/NFS/ttao/scannet/posed_images/scene0084_00/00503.jpg",
      "transform_matrix": [
        [
          0.917376,
          -0.190815,
          0.349301,
          1.204997
        ],
        [
          -0.396803,
          -0.50707,
          0.765132,
          3.998378
        ],
        [
          0.031122,
          -0.840517,
          -0.54089,
          1.346725
        ],
        [
          0.0,
          0.0,
          0.0,
          1.0
        ]
      ]
    },
    {
      "file_path": "/media/NFS/ttao/scannet/posed_images/scene0084_00/00505.jpg",
      "transform_matrix": [
        [
          0.898358,
          -0.213096,
          0.384112,
          1.173526
        ],
        [
          -0.438717,
          -0.47885,
          0.760414,
          4.006647
        ],
        [
          0.021891,
          -0.851641,
