{
  "frames": [
    {
      "file_path": "/media/NFS/ttao/scannet/posed_images/scene0416_01/00000.jpg",
      "transform_matrix": [
        [
          -0.989844,
          -0.115967,
          0.082227,
          1.45169
        ],
        [
          -0.118673,
          0.355595,
          -0.927076,
          2.500182
        ],
        [
          0.078271,
          -0.927418,
          -0.365746,
          1.522809
        ],
        [
          0.0,
          0.0,
          0.0,
          1.0
        ]
      ]
    },
    {
      "file_path": "/media/NFS/ttao/scannet/posed_images/scene0416_01/00011.jpg",
      "transform_matrix": [
        [
          -0.986963,
          -0.14851,
          0.062044,
          1.476083
        ],
        [
          -0.111721,
          0.354651,
          -0.9283,
          2.497277
        ],
        [
          0.115858,
          -0.923129,
          -0.366619,
          1.525701
        ],
        [
          0.0,
          0.0,
          0.0,
          1.0
        ]
      ]
    },
    {
      "file_path": "/media/NFS/ttao/scannet/posed_images/scene0416_01/00016.jpg",
      "transform_matrix": [
        [
          -0.987842,
          -0.147505,
          0.049098,
          1.501547
        ],
        [
          -0.098797,
          0.351805,
          -0.930845,
          2.49666
        ],
        [
          0.120032,
          -0.924378,
          -0.362101,
          1.527868
        ],
        [
          0.0,
          0.0,
          0.0,
          1.0
        ]
      ]
    },
    {
      "file_path": "/media/NFS/ttao/scannet/posed_images/scene0416_01/00029.jpg",
      "transform_matrix": [
        [
          -0.994065,
          -0.104307,
          -0.030877,
          1.520561
        ],
        [
          -0.010489,
          0.374432,
          -0.927195,
          2.494231
        ],
        [
          0.108274,
          -0.921369,
          -0.373304,
          1.526956
        ],
        [
          0.0,
          0.0,
          0.0,
          1.0
        ]
      ]
    },
    {
      "file_path": "/media/NFS/ttao/scannet/posed_images/scene0416_01/00034.jpg",
      "transform_matrix": [
        [
          -0.996289,
          -0.082356,
          -0.025016,
          1.47724
        ],
        [
          -0.007723,
          0.375009,
          -0.926989,
          2.500627
        ],
        [
          0.085725,
          -0.923356,
          -0.374253,
          1.522468
        ],
        [
          0.0,
          0.0,
          0.0,
          1.0
        ]
      ]
    },
    {
      "file_path": "/media/NFS/ttao/scannet/posed_images/scene0416_01/00042.jpg",
      "transform_matrix": [
        [
          -0.99496,
          -0.099525,
          -0.012232,
          1.355357
        ],
        [
          -0.027602,
          0.389104,
          -0.92078,
          2.524725
        ],
        [
          0.0964,
          -0.915802,
          -0.38989,
          1.51026
        ],
        [
          0.0,
          0.0,
          0.0,
          1.0
        ]
      ]
    },
    {
      "file_path": "/media/NFS/ttao/scannet/posed_images/scene0416_01/00056.jpg",
      "transform_matrix": [
        [
          -0.973029,
          -0.194307,
          0.124339,
          1.199251
        ],
        [
          -0.1993,
          0.436653,
          -0.877277,
          2.594727
        ],
        [
          0.116168,
          -0.878396,
          -0.463601,
          1.515749
        ],
        [
          0.0,
          0.0,
          0.0,
          1.0
        ]
      ]
    },
    {
      "file_path": "/media/NFS/ttao/scannet/posed_images/scene0416_01/00064.jpg",
      "transform_matrix": [
        [
          -0.976667,
          -0.181144,
          0.115361,
          1.173096
        ],
        [
          -0.187989,
          0.461393,
          -0.867051,
          2.624471
        ],
        [
          0.103834,
          -0.868506,
          -0.48468,
          1.508996
        ],
        [
          0.0,
          0.0,
          0.0,
          1.0
        ]
      ]
    },
    {
      "file_path": "/media/NFS/ttao/scannet/posed_images/scene0416_01/00069.jpg",
      "transform_matrix": [
        [
          -0.977512,
          -0.175551,
          0.116843,
          1.178781
        ],
        [
          -0.188958,
          0.483158,
          -0.8549,
          2.641045
        ],
        [
          0.093625,
          -0.857753,
          -0.505464,
          1.505415
        ],
        [
          0.0,
          0.0,
          0.0,
          1.0
        ]
      ]
    },
    {
      "file_path": "/media/NFS/ttao/scannet/posed_images/scene0416_01/00082.jpg",
      "transform_matrix": [
        [
          -0.994937,
          -0.080457,
          0.060225,
          1.191529
        ],
        [
          -0.093572,
          0.522951,
          -0.847211,
          2.714406
        ],
        [
          0.03667,
          -0.848557,
          -0.527832,
          1.478109
        ],
        [
          0.0,
          0.0,
          0.0,
          1.0
        ]
      ]
    },
    {
      "file_path": "/media/NFS/ttao/scannet/posed_images/scene0416_01/00093.jpg",
      "transform_matrix": [
        [
          -0.9987,
          -0.032922,
          -0.038913,
          1.232878
        ],
        [
          0.014299,
          0.551814,
          -0.833845,
          2.781114
        ],
        [
          0.048924,
          -0.833317,
          -0.550626,
          1.465568
        ],
        [
          0.0,
          0.0,
          0.0,
          1.0
        ]
      ]
    },
    {
      "file_path": "/media/NFS/ttao/scannet/posed_images/scene0416_01/00098.jpg",
      "transform_matrix": [
        [
          -0.99649,
          -0.031094,
          -0.077723,
          1.247854
        ],
        [
          0.047124,
          0.559012,
          -0.827819,
          2.811381
        ],
        [
          0.069189,
          -0.828576,
          -0.555585,
          1.45844
        ],
        [
          0.0,
          0.0,
          0.0,
          1.0
        ]
      ]
    },
    {
      "file_path": "/media/NFS/ttao/scannet/posed_images/scene0416_01/00111.jpg",
      "transform_matrix": [
        [
          -0.990518,
          0.012943,
          -0.136768,
          1.304488
        ],
        [
          0.121113,
          0.552185,
          -0.824878,
          2.895192
        ],
        [
          0.064845,
          -0.833621,
          -0.548517,
          1.438323
        ],
        [
          0.0,
          0.0,
          0.0,
          1.0
        ]
      ]
    },
    {
      "file_path": "/media/NFS/ttao/scannet/posed_images/scene0416_01/00117.jpg",
      "transform_matrix": [
        [
          -0.978701,
          0.056595,
          -0.197338,
          1.311384
        ],
        [
          0.197395,
          0.523495,
          -0.828848,
          2.936782
        ],
        [
          0.056396,
          -0.850147,
          -0.523516,
          1.430277
        ],
        [
          0.0,
          0.0,
          0.0,
          1.0
        ]
      ]
    },
    {
      "file_path": "/media/NFS/ttao/scannet/posed_images/scene0416_01/00122.jpg",
      "transform_matrix": [
        [
          -0.961077,
          0.08117,
          -0.264089,
          1.324306
        ],
        [
          0.267537,
          0.51201,
          -0.816254,
          2.963082
        ],
        [
          0.06896,
          -0.855136,
          -0.513797,
          1.420457
        ],
        [
          0.0,
          0.0,
          0.0,
          1.0
        ]
      ]
    },
    {
      "file_path": "/media/NFS/ttao/scannet/posed_images/scene0416_01/00138.jpg",
      "transform_matrix": [
        [
          -0.943341,
          0.144909,
          -0.29851,
          1.323425
        ],
        [
          0.326661,
          0.563632,
          -0.758691,
          2.954715
        ],
        [
          0.058308,
          -0.813216,
          -0.579034,
          1.423769
        ],
        [
          0.0,
          0.0,
          0.0,
          1.0
        ]
      ]
    },
    {
      "file_path": "/media/NFS/ttao/scannet/posed_images/scene0416_01/00140.jpg",
      "transform_matrix": [
        [
          -0.942877,
          0.143255,
          -0.300766,
          1.325084
        ],
        [
          0.326731,
          0.57389,
          -0.750931,
          2.951437
        ],
        [
          0.065032,
          -0.806306,
          -0.587913,
          1.424074
        ],
        [
          0.0,
          0.0,
          0.0,
          1.0
        ]
      ]
    },
    {
      "file_path": "/media/NFS/ttao/scannet/posed_images/scene0416_01/00148.jpg",
      "transform_matrix": [
        [
          -0.956368,
          0.124543,
          -0.264289,
          1.30255
        ],
        [
          0.286335,
          0.579339,
          -0.763137,
          2.971772
        ],
        [
          0.058069,
          -0.805516,
          -0.589723,
          1.422413
        ],
        [
          0.0,
          0.0,
          0.0,
          1.0
        ]
      ]
    },
    {
      "file_path": "/media/NFS/ttao/scannet/posed_images/scene0416_01/00164.jpg",
      "transform_matrix": [
        [
          -0.994734,
          0.036385,
          -0.095812,
          1.16658
        ],
        [
          0.100647,
          0.523198,
          -0.846247,
          3.071489
        ],
        [
          0.019338,
          -0.851434,
          -0.524105,
          1.399747
        ],
        [
          0.0,
          0.0,
          0.0,
          1.0
        ]
      ]
    },
    {
      "file_path": "/media/NFS/ttao/scannet/posed_images/scene0416_01/00172.jpg",
      "transform_matrix": [
        [
          -0.999143,
          0.019227,
          -0.036649,
          1.123116
        ],
        [
          0.041289,
          0.523974,
          -0.850733,
          3.100563
        ],
        [
          0.002846,
          -0.851517,
          -0.524319,
          1.349887
        ],
        [
          0.0,
          0.0,
          0.0,
          1.0
        ]
      ]
    },
    {
      "file_path": "/media/NFS/ttao/scannet/posed_images/scene0416_01/00178.jpg",
      "transform_matrix": [
        [
          -0.999423,
          0.0148,
          -0.030567,
          1.108787
        ],
        [
          0.033786,
          0.52478,
          -0.850567,
          3.101704
        ],
        [
          0.003453,
          -0.851109,
          -0.524977,
          1.326184
        ],
        [
          0.0,
          0.0,
          0.0,
          1.0
        ]
      ]
    },
    {
      "file_path": "/media/NFS/ttao/scannet/posed_images/scene0416_01/00191.jpg",
      "transform_matrix": [
        [
          -0.998628,
          -0.024487,
          -0.046294,
          1.116694
        ],
        [
          0.029632,
          0.464678,
          -0.884984,
          3.108066
        ],
        [
          0.043182,
          -0.885141,
          -0.463315,
          1.354013
        ],
        [
          0.0,
          0.0,
          0.0,
          1.0
        ]
      ]
    },
    {
      "file_path": "/media/NFS/ttao/scannet/posed_images/scene0416_01/00199.jpg",
      "transform_matrix": [
        [
          -0.995812,
          -0.077321,
          -0.048784,
          1.150322
        ],
        [
          0.006787,
          0.469609,
          -0.882848,
          3.105805
        ],
        [
          0.091172,
          -0.879482,
          -0.467118,
          1.391536
        ],
        [
          0.0,
          0.0,
          0.0,
          1.0
        ]
      ]
    },
    {
      "file_path": "/media/NFS/ttao/scannet/posed_images/scene0416_01/00201.jpg",
      "transform_matrix": [
        [
          -0.995348,
          -0.078042,
          -0.056494,
          1.161067
        ],
        [
          0.012843,
          0.473669,
          -0.88061,
          3.107005
        ],
        [
          0.095484,
          -0.877239,
          -0.470463,
          1.399404
        ],
        [
          0.0,
          0.0,
          0.0,
          1.0
        ]
      ]
    },
    {
      "file_path": "/media/NFS/ttao/scannet/posed_images/scene0416_01/00217.jpg",
      "transform_matrix": [
        [
          -0.968594,
          -0.078934,
          -0.235784,
          1.355754
        ],
        [
          0.16317,
          0.513745,
          -0.842284,
          3.058639
        ],
        [
          0.187618,
          -0.854304,
          -0.484731,
          1.466681
        ],
        [
          0.0,
          0.0,
          0.0,
          1.0
        ]
      ]
    },
    {
      "file_path": "/media/NFS/ttao/scannet/posed_images/scene0416_01/00225.jpg",
      "transform_matrix": [
        [
          -0.963607,
          -0.138106,
          -0.228885,
          1.503842
        ],
        [
          0.130182,
          0.505395,
          -0.853012,
          3.016586
        ],
        [
          0.233484,
          -0.851765,
          -0.469023,
          1.485561
        ],
        [
          0.0,
          0.0,
          0.0,
          1.0
        ]
      ]
    },
    {
      "file_path": "/media/NFS/ttao/scannet/posed_images/scene0416_01/00233.jpg",
      "transform_matrix": [
        [
          -0.96271,
          -0.164406,
          -0.214847,
          1.670103
        ],
        [
          0.11752,
          0.461172,
          -0.879494,
          2.977097
        ],
        [
          0.243676,
          -0.871946,
          -0.424654,
          1.494054
        ],
        [
          0.0,
          0.0,
          0.0,
          1.0
        ]
      ]
    },
    {
      "file_path": "/media/NFS/ttao/scannet/posed_images/scene0416_01/00238.jpg",
      "transform_matrix": [
        [
          -0.958006,
          -0.17343,
          -0.228354,
          1.753077
        ],
        [
          0.138419,
          0.417735,
          -0.897963,
          2.967633
        ],
        [
          0.251126,
          -0.891863,
          -0.376187,
          1.502838
        ],
        [
          0.0,
          0.0,
          0.0,
          1.0
        ]
      ]
    },
    {
      "file_path": "/media/NFS/ttao/scannet/posed_images/scene0416_01/00246.jpg",
      "transform_matrix": [
        [
          -0.951134,
          -0.179706,
          -0.251097,
          1.822196
        ],
        [
          0.16321,
          0.397726,
          -0.902871,
          2.950145
        ],
        [
          0.262119,
          -0.899733,
          -0.348961,
          1.513895
        ],
        [
          0.0,
          0.0,
          0.0,
          1.0
        ]
      ]
    },
    {
      "file_path": "/media/NFS/ttao/scannet/posed_images/scene0416_01/00254.jpg",
      "transform_matrix": [
        [
          -0.961918,
          -0.188953,
          -0.197508,
          1.856366
        ],
        [
          0.109048,
          0.397302,
          -0.911186,
          2.888891
        ],
        [
          0.250642,
          -0.898024,
          -0.361567,
          1.516574
        ],
        [
          0.0,
          0.0,
          0.0,
          1.0
        ]
      ]
    },
    {
      "file_path": "/media/NFS/ttao/scannet/posed_images/scene0416_01/00268.jpg",
      "transform_matrix": [
        [
          -0.988088,
          -0.134394,
          -0.074965,
          1.813435
        ],
        [
          0.02521,
          0.3392,
          -0.940377,
          2.715952
        ],
        [
          0.151809,
          -0.931065,
          -0.331772,
          1.542277
        ],
        [
          0.0,
          0.0,
          0.0,
          1.0
        ]
      ]
    },
    {
      "file_path": "/media/NFS/ttao/scannet/posed_images/scene0416_01/00278.jpg",
      "transform_matrix": [
        [
          -0.988464,
          -0.150526,
          0.016727,
          1.821774
        ],
        [
          -0.074533,
          0.387325,
          -0.918926,
          2.641157
        ],
        [
          0.131843,
          -0.909572,
          -0.394076,
          1.527071
        ],
        [
          0.0,
          0.0,
          0.0,
          1.0
        ]
      ]
    },
    {
      "file_path": "/media/NFS/ttao/scannet/posed_images/scene0416_01/00284.jpg",
      "transform_matrix": [
        [
          -0.980368,
          -0.181618,
          0.076768,
          1.875608
        ],
        [
          -0.144436,
          0.396437,
          -0.906629,
          2.611219
        ],
        [
          0.134226,
          -0.899918,
          -0.414886,
          1.512201
        ],
        [
          0.0,
          0.0,
          0.0,
          1.0
        ]
      ]
    },
    {
      "file_path": "/media/NFS/ttao/scannet/posed_images/scene0416_01/00289.jpg",
      "transform_matrix": [
        [
          -0.976694,
          -0.196017,
          0.087437,
          1.931239
        ],
        [
          -0.163156,
          0.413354,
          -0.895834,
          2.593751
        ],
        [
          0.139457,
          -0.889222,
          -0.435702,
          1.498045
        ],
        [
          0.0,
          0.0,
          0.0,
          1.0
        ]
      ]
    },
    {
      "file_path": "/media/NFS/ttao/scannet/posed_images/scene0416_01/00305.jpg",
      "transform_matrix": [
        [
          -0.972403,
          -0.211686,
          0.098086,
          2.069045
        ],
        [
          -0.189329,
          0.470313,
          -0.861951,
          2.64416
        ],
        [
          0.136331,
          -0.856735,
          -0.497412,
          1.441867
        ],
        [
          0.0,
          0.0,
          0.0,
          1.0
        ]
      ]
    },
    {
      "file_path": "/media/NFS/ttao/scannet/posed_images/scene0416_01/00310.jpg",
      "transform_matrix": [
        [
          -0.975132,
          -0.209001,
          0.073723,
          2.105213
        ],
        [
          -0.166227,
          0.469729,
          -0.86702,
          2.702047
        ],
        [
          0.146578,
          -0.857714,
          -0.49279,
          1.433123
        ],
        [
          0.0,
          0.0,
          0.0,
          1.0
        ]
      ]
    },
    {
      "file_path": "/media/NFS/ttao/scannet/posed_images/scene0416_01/00318.jpg",
      "transform_matrix": [
        [
          -0.982232,
          -0.165974,
          0.087592,
          2.145513
        ],
        [
          -0.155611,
          0.45939,
          -0.874498,
          2.808675
        ],
        [
          0.104905,
          -0.87259,
          -0.477055,
          1.430772
        ],
        [
          0.0,
          0.0,
          0.0,
          1.0
        ]
      ]
    },
    {
      "file_path": "/media/NFS/ttao/scannet/posed_images/scene0416_01/00329.jpg",
      "transform_matrix": [
        [
          -0.991558,
          -0.119021,
          0.05145,
          2.206094
        ],
        [
          -0.106684,
          0.523317,
          -0.845433,
          2.87896
        ],
        [
          0.0737,
          -0.843785,
          -0.531597,
          1.418151
        ],
        [
          0.0,
          0.0,
          0.0,
          1.0
        ]
      ]
    },
    {
      "file_path": "/media/NFS/ttao/scannet/posed_images/scene0416_01/00334.jpg",
      "transform_matrix": [
        [
          -0.996014,
          -0.086417,
          -0.022084,
          2.222349
        ],
        [
          -0.0267,
          0.525113,
          -0.850614,
          2.888319
        ],
        [
          0.085104,
          -0.846633,
          -0.525328,
          1.41487
        ],
        [
          0.0,
          0.0,
          0.0,
          1.0
        ]
      ]
    },
    {
      "file_path": "/media/NFS/ttao/scannet/posed_images/scene0416_01/00342.jpg",
      "transform_matrix": [
        [
          -0.978102,
          -0.017299,
          -0.207407,
          2.25363
        ],
        [
          0.165672,
          0.538471,
          -0.826197,
          2.879706
        ],
        [
          0.125975,
          -0.842467,
          -0.523813,
          1.389624
        ],
        [
          0.0,
          0.0,
          0.0,
          1.0
        ]
      ]
    },
    {
      "file_path": "/media/NFS/ttao/scannet/posed_images/scene0416_01/00352.jpg",
      "transform_matrix": [
        [
          -0.892226,
          0.170689,
          -0.418089,
          2.292252
        ],
        [
          0.444715,
          0.493034,
          -0.747761,
          2.886208
        ],
        [
          0.078498,
          -0.853102,
          -0.515806,
          1.389141
        ],
        [
          0.0,
          0.0,
          0.0,
          1.0
        ]
      ]
    },
    {
      "file_path": "/media/NFS/ttao/scannet/posed_images/scene0416_01/00363.jpg",
      "transform_matrix": [
        [
          -0.778445,
          0.283372,
          -0.56011,
          2.258816
        ],
        [
          0.625899,
          0.418182,
          -0.658312,
          2.918775
        ],
        [
          0.047681,
          -0.863032,
          -0.502894,
          1.387296
        ],
        [
          0.0,
          0.0,
          0.0,
          1.0
        ]
      ]
    },
    {
      "file_path": "/media/NFS/ttao/scannet/posed_images/scene0416_01/00371.jpg",
      "transform_matrix": [
        [
          -0.71791,
          0.374678,
          -0.586703,
          2.206403
        ],
        [
          0.69597,
          0.404659,
          -0.593192,
          2.936478
        ],
        [
          0.015159,
          -0.834187,
          -0.551274,
          1.377983
        ],
        [
          0.0,
          0.0,
          0.0,
          1.0
        ]
      ]
    },
    {
      "file_path": "/media/NFS/ttao/scannet/posed_images/scene0416_01/00384.jpg",
      "transform_matrix": [
        [
          -0.578073,
          0.417179,
          -0.701279,
          2.164132
        ],
        [
          0.814181,
          0.352,
          -0.461741,
          2.951314
        ],
        [
          0.054222,
          -0.837889,
          -0.543141,
          1.383299
        ],
        [
          0.0,
          0.0,
          0.0,
          1.0
        ]
      ]
    },
    {
      "file_path": "/media/NFS/ttao/scannet/posed_images/scene0416_01/00387.jpg",
      "transform_matrix": [
        [
          -0.550856,
          0.431779,
          -0.71423,
          2.163577
        ],
        [
          0.832385,
          0.346531,
          -0.432494,
          2.946196
        ],
        [
          0.060761,
          -0.832756,
          -0.550296,
          1.382463
        ],
        [
          0.0,
          0.0,
          0.0,
          1.0
        ]
      ]
    },
    {
      "file_path": "/media/NFS/ttao/scannet/posed_images/scene0416_01/00400.jpg",
      "transform_matrix": [
        [
          -0.334809,
          0.459817,
          -0.822479,
          2.210167
        ],
        [
          0.939203,
          0.2334,
          -0.251839,
          2.906986
        ],
        [
          0.076167,
          -0.856792,
          -0.510006,
          1.380301
        ],
        [
          0.0,
          0.0,
          0.0,
          1.0
        ]
      ]
    },
    {
      "file_path": "/media/NFS/ttao/scannet/posed_images/scene0416_01/00408.jpg",
      "transform_matrix": [
        [
          -0.265806,
          0.488492,
          -0.831097,
          2.291451
        ],
        [
          0.962179,
          0.187782,
          -0.197356,
          2.854035
        ],
        [
          0.059658,
          -0.852123,
          -0.519931,
          1.368433
        ],
        [
          0.0,
          0.0,
          0.0,
          1.0
        ]
      ]
    },
    {
      "file_path": "/media/NFS/ttao/scannet/posed_images/scene0416_01/00416.jpg",
      "transform_matrix": [
        [
          -0.197911,
          0.519266,
          -0.83138,
          2.359468
        ],
        [
          0.977891,
          0.163035,
          -0.130958,
          2.839467
        ],
        [
          0.067542,
          -0.838917,
          -0.540052,
          1.363513
        ],
        [
          0.0,
          0.0,
          0.0,
          1.0
        ]
      ]
    },
    {
      "file_path": "/media/NFS/ttao/scannet/posed_images/scene0416_01/00421.jpg",
      "transform_matrix": [
        [
          -0.1423,
          0.516691,
          -0.844263,
          2.400086
        ],
        [
          0.987736,
          0.129498,
          -0.087228,
          2.844788
        ],
        [
          0.06426,
          -0.846322,
          -0.528782,
          1.354875
        ],
        [
          0.0,
          0.0,
          0.0,
          1.0
        ]
      ]
    },
    {
      "file_path": "/media/NFS/ttao/scannet/posed_images/scene0416_01/00432.jpg",
      "transform_matrix": [
        [
          0.044877,
          0.491962,
          -0.869459,
          2.456398
        ],
        [
          0.997483,
          0.025756,
          0.066059,
          2.864192
        ],
        [
          0.054892,
          -0.870236,
          -0.489568,
          1.333649
        ],
        [
          0.0,
          0.0,
          0.0,
          1.0
        ]
      ]
    },
    {
      "file_path": "/media/NFS/ttao/scannet/posed_images/scene0416_01/00445.jpg",
      "transform_matrix": [
        [
          0.213397,
          0.485032,
          -0.84806,
          2.446975
        ],
        [
          0.975583,
          -0.05962,
          0.211388,
          2.863368
        ],
        [
          0.051969,
          -0.872462,
          -0.485911,
          1.353704
        ],
        [
          0.0,
          0.0,
          0.0,
          1.0
        ]
      ]
    },
    {
      "file_path": "/media/NFS/ttao/scannet/posed_images/scene0416_01/00448.jpg",
      "transform_matrix": [
        [
          0.21925,
          0.479941,
          -0.849462,
          2.442316
        ],
        [
          0.974324,
          -0.061992,
          0.216452,
          2.857115
        ],
        [
          0.051225,
          -0.875108,
          -0.48121,
          1.355063
        ],
        [
          0.0,
          0.0,
          0.0,
          1.0
        ]
      ]
    },
    {
      "file_path": "/media/NFS/ttao/scannet/posed_images/scene0416_01/00461.jpg",
      "transform_matrix": [
        [
          0.279106,
          0.41913,
          -0.863962,
          2.33621
        ],
        [
          0.958721,
          -0.070698,
          0.275421,
          2.805973
        ],
        [
          0.054357,
          -0.905169,
          -0.421561,
          1.38624
        ],
        [
          0.0,
          0.0,
          0.0,
          1.0
        ]
      ]
    },
    {
      "file_path": "/media/NFS/ttao/scannet/posed_images/scene0416_01/00472.jpg",
      "transform_matrix": [
        [
          0.384469,
          0.367301,
          -0.84692,
          2.234705
        ],
        [
          0.922829,
          -0.129169,
          0.362909,
          2.804869
        ],
        [
          0.023901,
          -0.921089,
          -0.388617,
          1.429342
        ],
        [
          0.0,
          0.0,
          0.0,
          1.0
        ]
      ]
    },
    {
      "file_path": "/media/NFS/ttao/scannet/posed_images/scene0416_01/00477.jpg",
      "transform_matrix": [
        [
          0.397146,
          0.346222,
          -0.849944,
          2.206861
        ],
        [
          0.917592,
          -0.132327,
          0.374853,
          2.801829
        ],
        [
          0.017312,
          -0.928774,
          -0.370243,
          1.443442
        ],
        [
          0.0,
          0.0,
          0.0,
          1.0
        ]
      ]
    },
    {
      "file_path": "/media/NFS/ttao/scannet/posed_images/scene0416_01/00485.jpg",
      "transform_matrix": [
        [
          0.408175,
          0.309163,
          -0.858959,
          2.182179
        ],
        [
          0.912365,
          -0.105825,
          0.395464,
          2.799632
        ],
        [
          0.031363,
          -0.945103,
          -0.325265,
          1.466305
        ],
        [
          0.0,
          0.0,
          0.0,
          1.0
        ]
      ]
    },
    {
      "file_path": "/media/NFS/ttao/scannet/posed_images/scene0416_01/00493.jpg",
      "transform_matrix": [
        [
          0.402038,
          0.281579,
          -0.871251,
          2.152867
        ],
        [
          0.91525,
          -0.096413,
          0.391181,
          2.811898
        ],
        [
          0.026148,
          -0.954682,
          -0.296477,
          1.488422
        ],
        [
          0.0,
          0.0,
          0.0,
          1.0
        ]
      ]
    },
    {
      "file_path": "/media/NFS/ttao/scannet/posed_images/scene0416_01/00504.jpg",
      "transform_matrix": [
        [
          0.375249,
          0.271268,
          -0.886342,
          2.072651
        ],
        [
          0.926322,
          -0.075295,
          0.369131,
          2.865293
        ],
        [
          0.033396,
          -0.959554,
          -0.279536,
          1.507007
        ],
        [
          0.0,
          0.0,
          0.0,
          1.0
        ]
      ]
    },
    {
      "file_path": "/media/NFS/ttao/scannet/posed_images/scene0416_01/00514.jpg",
      "transform_matrix": [
        [
          0.386664,
          0.300296,
          -0.87196,
          2.025001
        ],
        [
          0.922153,
          -0.114464,
          0.369501,
          2.895219
        ],
        [
          0.011151,
          -0.946953,
          -0.321178,
          1.498727
        ],
        [
          0.0,
          0.0,
          0.0,
          1.0
        ]
      ]
    },
    {
      "file_path": "/media/NFS/ttao/scannet/posed_images/scene0416_01/00522.jpg",
      "transform_matrix": [
        [
          0.345873,
          0.323373,
          -0.880796,
          2.038303
        ],
        [
          0.938281,
          -0.118355,
          0.324994,
          2.837988
        ],
        [
          0.000848,
          -0.938841,
          -0.344351,
          1.482398
        ],
        [
          0.0,
          0.0,
          0.0,
          1.0
        ]
      ]
    },
    {
      "file_path": "/media/NFS/ttao/scannet/posed_images/scene0416_01/00535.jpg",
      "transform_matrix": [
        [
          0.404119,
          0.359054,
          -0.84129,
          2.051274
        ],
        [
          0.914707,
          -0.158241,
          0.371849,
          2.786788
        ],
        [
          0.000387,
          -0.919804,
          -0.392377,
          1.436728
        ],
        [
          0.0,
          0.0,
          0.0,
          1.0
        ]
      ]
    },
    {
      "file_path": "/media/NFS/ttao/scannet/posed_images/scene0416_01/00538.jpg",
      "transform_matrix": [
        [
          0.420219,
          0.3595,
          -0.833172,
          2.034535
        ],
        [
          0.90742,
          -0.164457,
          0.386707,
          2.792123
        ],
        [
          0.002,
          -0.918539,
          -0.395326,
          1.429746
        ],
        [
          0.0,
          0.0,
          0.0,
          1.0
        ]
      ]
    },
    {
      "file_path": "/media/NFS/ttao/scannet/posed_images/scene0416_01/00551.jpg",
      "transform_matrix": [
        [
          0.27365,
          0.436146,
          -0.857259,
          1.982392
        ],
        [
          0.960547,
          -0.077907,
          0.266985,
          2.80736
        ],
        [
          0.049658,
          -0.896497,
          -0.440257,
          1.412054
        ],
        [
          0.0,
          0.0,
          0.0,
          1.0
        ]
      ]
    },
    {
      "file_path": "/media/NFS/ttao/scannet/posed_images/scene0416_01/00554.jpg",
      "transform_matrix": [
        [
          0.272836,
          0.447224,
          -0.851793,
          1.97454
        ],
        [
          0.961541,
          -0.097667,
          0.25671,
          2.811397
        ],
        [
          0.031615,
          -0.889074,
          -0.456671,
          1.406643
        ],
        [
          0.0,
          0.0,
          0.0,
          1.0
        ]
      ]
    },
    {
      "file_path": "/media/NFS/ttao/scannet/posed_images/scene0416_01/00567.jpg",
      "transform_matrix": [
        [
          0.404444,
          0.491484,
          -0.771277,
          1.898805
        ],
        [
          0.914049,
          -0.188955,
          0.358903,
          2.808305
        ],
        [
          0.030658,
          -0.850141,
          -0.525662,
          1.364608
        ],
        [
          0.0,
          0.0,
          0.0,
          1.0
        ]
      ]
    },
    {
      "file_path": "/media/NFS/ttao/scannet/posed_images/scene0416_01/00572.jpg",
      "transform_matrix": [
        [
          0.471461,
          0.519818,
          -0.7124,
          1.845235
        ],
        [
          0.879629,
          -0.219411,
          0.422034,
          2.764044
        ],
        [
          0.063072,
          -0.825619,
          -0.560691,
          1.333706
        ],
        [
          0.0,
          0.0,
          0.0,
          1.0
        ]
      ]
    },
    {
      "file_path": "/media/NFS/ttao/scannet/posed_images/scene0416_01/00583.jpg",
      "transform_matrix": [
        [
          0.671919,
          0.506247,
          -0.54059,
          1.686493
        ],
        [
          0.738509,
          -0.402849,
          0.540664,
          2.637127
        ],
        [
          0.055934,
          -0.762513,
          -0.64455,
          1.318949
        ],
        [
          0.0,
          0.0,
          0.0,
          1.0
        ]
      ]
    },
    {
      "file_path": "/media/NFS/ttao/scannet/posed_images/scene0416_01/00594.jpg",
      "transform_matrix": [
        [
          0.752173,
          0.438849,
          -0.491577,
          1.569196
        ],
        [
          0.652703,
          -0.393554,
          0.647375,
          2.54726
        ],
        [
          0.090638,
          -0.807791,
          -0.582459,
          1.308264
        ],
        [
          0.0,
          0.0,
          0.0,
          1.0
        ]
      ]
    },
    {
      "file_path": "/media/NFS/ttao/scannet/posed_images/scene0416_01/00599.jpg",
      "transform_matrix": [
        [
          0.774693,
          0.415729,
          -0.476466,
          1.53355
        ],
        [
          0.623386,
          -0.375774,
          0.6857,
          2.520733
        ],
        [
          0.106022,
          -0.828229,
          -0.550269,
          1.301633
        ],
        [
          0.0,
          0.0,
          0.0,
          1.0
        ]
      ]
    },
    {
      "file_path": "/media/NFS/ttao/scannet/posed_images/scene0416_01/00607.jpg",
      "transform_matrix": [
        [
          0.801695,
          0.373492,
          -0.466679,
          1.504761
        ],
        [
          0.59153,
          -0.383553,
          0.709211,
          2.490333
        ],
        [
          0.085889,
          -0.844625,
          -0.528424,
          1.295515
        ],
        [
          0.0,
          0.0,
          0.0,
          1.0
        ]
      ]
    },
    {
      "file_path": "/media/NFS/ttao/scannet/posed_images/scene0416_01/00623.jpg",
      "transform_matrix": [
        [
          0.738936,
          0.42649,
          -0.521612,
          1.530333
        ],
        [
          0.668954,
          -0.371944,
          0.643552,
          2.498429
        ],
        [
          0.080458,
          -0.824478,
          -0.560145,
          1.299218
        ],
        [
          0.0,
          0.0,
          0.0,
          1.0
        ]
      ]
    },
    {
      "file_path": "/media/NFS/ttao/scannet/posed_images/scene0416_01/00628.jpg",
      "transform_matrix": [
        [
          0.724872,
          0.433994,
          -0.534985,
          1.567722
        ],
        [
          0.686258,
          -0.387201,
          0.615731,
          2.53699
        ],
        [
          0.060077,
          -0.813465,
          -0.578503,
          1.304572
        ],
        [
          0.0,
          0.0,
          0.0,
          1.0
        ]
      ]
    },
    {
      "file_path": "/media/NFS/ttao/scannet/posed_images/scene0416_01/00633.jpg",
      "transform_matrix": [
        [
          0.695872,
          0.430193,
          -0.575062,
          1.63339
        ],
        [
          0.717739,
          -0.389,
          0.57752,
          2.598447
        ],
        [
          0.024746,
          -0.814625,
          -0.57946,
          1.314564
        ],
        [
          0.0,
          0.0,
          0.0,
          1.0
        ]
      ]
    },
    {
      "file_path": "/media/NFS/ttao/scannet/posed_images/scene0416_01/00649.jpg",
      "transform_matrix": [
        [
          0.37675,
          0.604388,
          -0.701979,
          1.969259
        ],
        [
          0.920642,
          -0.160568,
          0.35586,
          2.792367
        ],
        [
          0.102362,
          -0.780342,
          -0.616919,
          1.286417
        ],
        [
          0.0,
          0.0,
          0.0,
          1.0
        ]
      ]
    },
    {
      "file_path": "/media/NFS/ttao/scannet/posed_images/scene0416_01/00657.jpg",
      "transform_matrix": [
        [
          0.317918,
          0.634299,
          -0.704693,
          2.05943
        ],
        [
          0.938565,
          -0.105305,
          0.328643,
          2.817715
        ],
        [
          0.13425,
          -0.765882,
          -0.62881,
          1.279111
        ],
        [
          0.0,
          0.0,
          0.0,
          1.0
        ]
      ]
    },
    {
      "file_path": "/media/NFS/ttao/scannet/posed_images/scene0416_01/00668.jpg",
      "transform_matrix": [
        [
          0.301909,
          0.585003,
          -0.752743,
          2.175317
        ],
        [
          0.946585,
          -0.090145,
          0.309598,
          2.779186
        ],
        [
          0.11326,
          -0.806006,
          -0.580971,
          1.272822
        ],
        [
          0.0,
          0.0,
          0.0,
          1.0
        ]
      ]
    },
    {
      "file_path": "/media/NFS/ttao/scannet/posed_images/scene0416_01/00670.jpg",
      "transform_matrix": [
        [
          0.301152,
          0.570169,
          -0.764339,
          2.215551
        ],
        [
          0.947466,
          -0.088322,
          0.30742,
          2.771471
        ],
        [
          0.107774,
          -0.816766,
          -0.566814,
          1.267824
        ],
        [
          0.0,
          0.0,
          0.0,
          1.0
        ]
      ]
    },
    {
      "file_path": "/media/NFS/ttao/scannet/posed_images/scene0416_01/00681.jpg",
      "transform_matrix": [
        [
          0.330582,
          0.584541,
          -0.740964,
          2.408991
        ],
        [
          0.940561,
          -0.139287,
          0.30975,
          2.766616
        ],
        [
          0.077856,
          -0.799319,
          -0.595842,
          1.279543
        ],
        [
