{
  "frames": [
    {
      "file_path": "/media/NFS/ttao/scannet/posed_images/scene0025_00/00002.jpg",
      "transform_matrix": [
        [
          -0.863173,
          -0.254818,
          0.43589,
          2.007018
        ],
        [
          -0.503388,
          0.367381,
          -0.782069,
          3.816806
        ],
        [
          0.039148,
          -0.894483,
          -0.445386,
          1.542476
        ],
        [
          0.0,
          0.0,
          0.0,
          1.0
        ]
      ]
    },
    {
      "file_path": "/media/NFS/ttao/scannet/posed_images/scene0025_00/00010.jpg",
      "transform_matrix": [
        [
          -0.862055,
          -0.257226,
          0.436687,
          2.012134
        ],
        [
          -0.505227,
          0.368014,
          -0.780584,
          3.812217
        ],
        [
          0.04008,
          -0.893533,
          -0.447206,
          1.545359
        ],
        [
          0.0,
          0.0,
          0.0,
          1.0
        ]
      ]
    },
    {
      "file_path": "/media/NFS/ttao/scannet/posed_images/scene0025_00/00014.jpg",
      "transform_matrix": [
        [
          -0.860985,
          -0.257295,
          0.438754,
          2.020096
        ],
        [
          -0.507228,
          0.370319,
          -0.778193,
          3.813245
        ],
        [
          0.037746,
          -0.89256,
          -0.449346,
          1.543978
        ],
        [
          0.0,
          0.0,
          0.0,
          1.0
        ]
      ]
    },
    {
      "file_path": "/media/NFS/ttao/scannet/posed_images/scene0025_00/00019.jpg",
      "transform_matrix": [
        [
          -0.856167,
          -0.258639,
          0.447308,
          2.026054
        ],
        [
          -0.515503,
          0.368685,
          -0.773517,
          3.813508
        ],
        [
          0.035146,
          -0.892848,
          -0.448985,
          1.542493
        ],
        [
          0.0,
          0.0,
          0.0,
          1.0
        ]
      ]
    },
    {
      "file_path": "/media/NFS/ttao/scannet/posed_images/scene0025_00/00029.jpg",
      "transform_matrix": [
        [
          -0.842232,
          -0.258976,
          0.47284,
          2.035465
        ],
        [
          -0.537876,
          0.344203,
          -0.769554,
          3.813571
        ],
        [
          0.036543,
          -0.902472,
          -0.429195,
          1.559654
        ],
        [
          0.0,
          0.0,
          0.0,
          1.0
        ]
      ]
    },
    {
      "file_path": "/media/NFS/ttao/scannet/posed_images/scene0025_00/00035.jpg",
      "transform_matrix": [
        [
          -0.833423,
          -0.23358,
          0.500847,
          2.029711
        ],
        [
          -0.551939,
          0.306288,
          -0.775598,
          3.814299
        ],
        [
          0.027761,
          -0.922837,
          -0.384189,
          1.577031
        ],
        [
          0.0,
          0.0,
          0.0,
          1.0
        ]
      ]
    },
    {
      "file_path": "/media/NFS/ttao/scannet/posed_images/scene0025_00/00041.jpg",
      "transform_matrix": [
        [
          -0.819109,
          -0.229575,
          0.525696,
          2.029207
        ],
        [
          -0.572849,
          0.27932,
          -0.7706,
          3.82302
        ],
        [
          0.030073,
          -0.93235,
          -0.360305,
          1.589567
        ],
        [
          0.0,
          0.0,
          0.0,
          1.0
        ]
      ]
    },
    {
      "file_path": "/media/NFS/ttao/scannet/posed_images/scene0025_00/00045.jpg",
      "transform_matrix": [
        [
          -0.795849,
          -0.230548,
          0.559885,
          2.025691
        ],
        [
          -0.605035,
          0.266768,
          -0.750178,
          3.832607
        ],
        [
          0.023593,
          -0.935779,
          -0.351797,
          1.593684
        ],
        [
          0.0,
          0.0,
          0.0,
          1.0
        ]
      ]
    },
    {
      "file_path": "/media/NFS/ttao/scannet/posed_images/scene0025_00/00054.jpg",
      "transform_matrix": [
        [
          -0.71661,
          -0.254101,
          0.649541,
          2.005729
        ],
        [
          -0.696922,
          0.223822,
          -0.681325,
          3.859235
        ],
        [
          0.027744,
          -0.940923,
          -0.337482,
          1.595956
        ],
        [
          0.0,
          0.0,
          0.0,
          1.0
        ]
      ]
    },
    {
      "file_path": "/media/NFS/ttao/scannet/posed_images/scene0025_00/00062.jpg",
      "transform_matrix": [
        [
          -0.651096,
          -0.267914,
          0.710138,
          1.972952
        ],
        [
          -0.758544,
          0.197429,
          -0.620994,
          3.873752
        ],
        [
          0.026171,
          -0.942997,
          -0.33177,
          1.594915
        ],
        [
          0.0,
          0.0,
          0.0,
          1.0
        ]
      ]
    },
    {
      "file_path": "/media/NFS/ttao/scannet/posed_images/scene0025_00/00068.jpg",
      "transform_matrix": [
        [
          -0.606818,
          -0.278513,
          0.744447,
          1.947265
        ],
        [
          -0.794419,
          0.182017,
          -0.579455,
          3.872805
        ],
        [
          0.025883,
          -0.943027,
          -0.331707,
          1.5939
        ],
        [
          0.0,
          0.0,
          0.0,
          1.0
        ]
      ]
    },
    {
      "file_path": "/media/NFS/ttao/scannet/posed_images/scene0025_00/00070.jpg",
      "transform_matrix": [
        [
          -0.594112,
          -0.279587,
          0.75423,
          1.938187
        ],
        [
          -0.80409,
          0.181147,
          -0.566238,
          3.869002
        ],
        [
          0.021686,
          -0.942877,
          -0.332435,
          1.593793
        ],
        [
          0.0,
          0.0,
          0.0,
          1.0
        ]
      ]
    },
    {
      "file_path": "/media/NFS/ttao/scannet/posed_images/scene0025_00/00076.jpg",
      "transform_matrix": [
        [
          -0.565549,
          -0.293193,
          0.770839,
          1.929432
        ],
        [
          -0.824625,
          0.187242,
          -0.533792,
          3.860837
        ],
        [
          0.01217,
          -0.937538,
          -0.347669,
          1.591206
        ],
        [
          0.0,
          0.0,
          0.0,
          1.0
        ]
      ]
    },
    {
      "file_path": "/media/NFS/ttao/scannet/posed_images/scene0025_00/00084.jpg",
      "transform_matrix": [
        [
          -0.494291,
          -0.30049,
          0.81571,
          1.953533
        ],
        [
          -0.869296,
          0.171653,
          -0.463529,
          3.835984
        ],
        [
          -0.000733,
          -0.938212,
          -0.346061,
          1.588853
        ],
        [
          0.0,
          0.0,
          0.0,
          1.0
        ]
      ]
    },
    {
      "file_path": "/media/NFS/ttao/scannet/posed_images/scene0025_00/00091.jpg",
      "transform_matrix": [
        [
          -0.429608,
          -0.29157,
          0.854649,
          2.013994
        ],
        [
          -0.902995,
          0.132256,
          -0.40879,
          3.772073
        ],
        [
          0.006159,
          -0.947362,
          -0.320105,
          1.58659
        ],
        [
          0.0,
          0.0,
          0.0,
          1.0
        ]
      ]
    },
    {
      "file_path": "/media/NFS/ttao/scannet/posed_images/scene0025_00/00099.jpg",
      "transform_matrix": [
        [
          -0.380593,
          -0.294972,
          0.876436,
          2.074043
        ],
        [
          -0.924693,
          0.111618,
          -0.363984,
          3.704039
        ],
        [
          0.009539,
          -0.948964,
          -0.315239,
          1.597107
        ],
        [
          0.0,
          0.0,
          0.0,
          1.0
        ]
      ]
    },
    {
      "file_path": "/media/NFS/ttao/scannet/posed_images/scene0025_00/00105.jpg",
      "transform_matrix": [
        [
          -0.332088,
          -0.287901,
          0.898238,
          2.098874
        ],
        [
          -0.943238,
          0.105852,
          -0.314798,
          3.671413
        ],
        [
          -0.004449,
          -0.951792,
          -0.306712,
          1.603177
        ],
        [
          0.0,
          0.0,
          0.0,
          1.0
        ]
      ]
    },
    {
      "file_path": "/media/NFS/ttao/scannet/posed_images/scene0025_00/00109.jpg",
      "transform_matrix": [
        [
          -0.286161,
          -0.290992,
          0.912927,
          2.111448
        ],
        [
          -0.958146,
          0.095073,
          -0.270032,
          3.649235
        ],
        [
          -0.008217,
          -0.95199,
          -0.306019,
          1.603401
        ],
        [
          0.0,
          0.0,
          0.0,
          1.0
        ]
      ]
    },
    {
      "file_path": "/media/NFS/ttao/scannet/posed_images/scene0025_00/00115.jpg",
      "transform_matrix": [
        [
          -0.190368,
          -0.294009,
          0.936653,
          2.112079
        ],
        [
          -0.981658,
          0.067047,
          -0.17847,
          3.605965
        ],
        [
          -0.010328,
          -0.953448,
          -0.30138,
          1.600313
        ],
        [
          0.0,
          0.0,
          0.0,
          1.0
        ]
      ]
    },
    {
      "file_path": "/media/NFS/ttao/scannet/posed_images/scene0025_00/00126.jpg",
      "transform_matrix": [
        [
          -0.019517,
          -0.324858,
          0.945561,
          2.083626
        ],
        [
          -0.999432,
          -0.019639,
          -0.027376,
          3.523905
        ],
        [
          0.027463,
          -0.945559,
          -0.32429,
          1.588847
        ],
        [
          0.0,
          0.0,
          0.0,
          1.0
        ]
      ]
    },
    {
      "file_path": "/media/NFS/ttao/scannet/posed_images/scene0025_00/00128.jpg",
      "transform_matrix": [
        [
          0.002155,
          -0.326329,
          0.945254,
          2.079049
        ],
        [
          -0.999617,
          -0.026766,
          -0.006962,
          3.510457
        ],
        [
          0.027572,
          -0.944877,
          -0.326261,
          1.5893
        ],
        [
          0.0,
          0.0,
          0.0,
          1.0
        ]
      ]
    },
    {
      "file_path": "/media/NFS/ttao/scannet/posed_images/scene0025_00/00136.jpg",
      "transform_matrix": [
        [
          0.090168,
          -0.323111,
          0.942056,
          2.055089
        ],
        [
          -0.995869,
          -0.03946,
          0.081784,
          3.480298
        ],
        [
          0.010749,
          -0.945538,
          -0.325334,
          1.5845
        ],
        [
          0.0,
          0.0,
          0.0,
          1.0
        ]
      ]
    },
    {
      "file_path": "/media/NFS/ttao/scannet/posed_images/scene0025_00/00146.jpg",
      "transform_matrix": [
        [
          0.178533,
          -0.356863,
          0.916938,
          2.021888
        ],
        [
          -0.983896,
          -0.072887,
          0.163203,
          3.467704
        ],
        [
          0.008592,
          -0.931309,
          -0.364129,
          1.549738
        ],
        [
          0.0,
          0.0,
          0.0,
          1.0
        ]
      ]
    },
    {
      "file_path": "/media/NFS/ttao/scannet/posed_images/scene0025_00/00152.jpg",
      "transform_matrix": [
        [
          0.204637,
          -0.417958,
          0.885119,
          2.014984
        ],
        [
          -0.97874,
          -0.100193,
          0.17897,
          3.466863
        ],
        [
          0.01388,
          -0.902924,
          -0.429575,
          1.525147
        ],
        [
          0.0,
          0.0,
          0.0,
          1.0
        ]
      ]
    },
    {
      "file_path": "/media/NFS/ttao/scannet/posed_images/scene0025_00/00156.jpg",
      "transform_matrix": [
        [
          0.210555,
          -0.466035,
          0.859348,
          2.011116
        ],
        [
          -0.977486,
          -0.112657,
          0.178406,
          3.464264
        ],
        [
          0.013668,
          -0.877565,
          -0.479263,
          1.499421
        ],
        [
          0.0,
          0.0,
          0.0,
          1.0
        ]
      ]
    },
    {
      "file_path": "/media/NFS/ttao/scannet/posed_images/scene0025_00/00165.jpg",
      "transform_matrix": [
        [
          0.22697,
          -0.542202,
          0.809013,
          2.007608
        ],
        [
          -0.97388,
          -0.12087,
          0.192216,
          3.45186
        ],
        [
          -0.006434,
          -0.831509,
          -0.555474,
          1.46533
        ],
        [
          0.0,
          0.0,
          0.0,
          1.0
        ]
      ]
    },
    {
      "file_path": "/media/NFS/ttao/scannet/posed_images/scene0025_00/00169.jpg",
      "transform_matrix": [
        [
          0.243808,
          -0.56289,
          0.789755,
          2.005308
        ],
        [
          -0.969792,
          -0.134944,
          0.203207,
          3.45581
        ],
        [
          -0.007811,
          -0.815441,
          -0.578787,
          1.455193
        ],
        [
          0.0,
          0.0,
          0.0,
          1.0
        ]
      ]
    },
    {
      "file_path": "/media/NFS/ttao/scannet/posed_images/scene0025_00/00179.jpg",
      "transform_matrix": [
        [
          0.325557,
          -0.568779,
          0.755317,
          1.991557
        ],
        [
          -0.945523,
          -0.19643,
          0.25962,
          3.478261
        ],
        [
          0.000701,
          -0.79869,
          -0.601742,
          1.44466
        ],
        [
          0.0,
          0.0,
          0.0,
          1.0
        ]
      ]
    },
    {
      "file_path": "/media/NFS/ttao/scannet/posed_images/scene0025_00/00181.jpg",
      "transform_matrix": [
        [
          0.34876,
          -0.561488,
          0.750398,
          1.988347
        ],
        [
          -0.937212,
          -0.210048,
          0.278414,
          3.478827
        ],
        [
          0.001294,
          -0.800382,
          -0.59949,
          1.444239
        ],
        [
          0.0,
          0.0,
          0.0,
          1.0
        ]
      ]
    },
    {
      "file_path": "/media/NFS/ttao/scannet/posed_images/scene0025_00/00189.jpg",
      "transform_matrix": [
        [
          0.447609,
          -0.506382,
          0.737037,
          1.970855
        ],
        [
          -0.894226,
          -0.255862,
          0.36728,
          3.516399
        ],
        [
          0.002596,
          -0.823475,
          -0.567347,
          1.459614
        ],
        [
          0.0,
          0.0,
          0.0,
          1.0
        ]
      ]
    },
    {
      "file_path": "/media/NFS/ttao/scannet/posed_images/scene0025_00/00193.jpg",
      "transform_matrix": [
        [
          0.49345,
          -0.457861,
          0.739507,
          1.962534
        ],
        [
          -0.869772,
          -0.261572,
          0.418421,
          3.525395
        ],
        [
          0.001856,
          -0.849673,
          -0.527307,
          1.478884
        ],
        [
          0.0,
          0.0,
          0.0,
          1.0
        ]
      ]
    },
    {
      "file_path": "/media/NFS/ttao/scannet/posed_images/scene0025_00/00204.jpg",
      "transform_matrix": [
        [
          0.546822,
          -0.355135,
          0.758199,
          1.946405
        ],
        [
          -0.837119,
          -0.247883,
          0.487633,
          3.551642
        ],
        [
          0.014769,
          -0.901351,
          -0.432838,
          1.532938
        ],
        [
          0.0,
          0.0,
          0.0,
          1.0
        ]
      ]
    },
    {
      "file_path": "/media/NFS/ttao/scannet/posed_images/scene0025_00/00210.jpg",
      "transform_matrix": [
        [
          0.54269,
          -0.303324,
          0.783251,
          1.939956
        ],
        [
          -0.839527,
          -0.224874,
          0.494597,
          3.555744
        ],
        [
          0.02611,
          -0.925973,
          -0.376685,
          1.545764
        ],
        [
          0.0,
          0.0,
          0.0,
          1.0
        ]
      ]
    },
    {
      "file_path": "/media/NFS/ttao/scannet/posed_images/scene0025_00/00212.jpg",
      "transform_matrix": [
        [
          0.537842,
          -0.291142,
          0.791178,
          1.939181
        ],
        [
          -0.842694,
          -0.212772,
          0.494565,
          3.559389
        ],
        [
          0.024352,
          -0.932719,
          -0.359782,
          1.561652
        ],
        [
          0.0,
          0.0,
          0.0,
          1.0
        ]
      ]
    },
    {
      "file_path": "/media/NFS/ttao/scannet/posed_images/scene0025_00/00220.jpg",
      "transform_matrix": [
        [
          0.520114,
          -0.23361,
          0.821528,
          1.932596
        ],
        [
          -0.853853,
          -0.165207,
          0.493601,
          3.55453
        ],
        [
          0.020412,
          -0.958193,
          -0.285395,
          1.581601
        ],
        [
          0.0,
          0.0,
          0.0,
          1.0
        ]
      ]
    },
    {
      "file_path": "/media/NFS/ttao/scannet/posed_images/scene0025_00/00230.jpg",
      "transform_matrix": [
        [
          0.495038,
          -0.175409,
          0.850981,
          1.939604
        ],
        [
          -0.868842,
          -0.107986,
          0.483169,
          3.532201
        ],
        [
          0.007142,
          -0.978556,
          -0.20586,
          1.611453
        ],
        [
          0.0,
          0.0,
          0.0,
          1.0
        ]
      ]
    },
    {
      "file_path": "/media/NFS/ttao/scannet/posed_images/scene0025_00/00237.jpg",
      "transform_matrix": [
        [
          0.48451,
          -0.15463,
          0.861011,
          1.948523
        ],
        [
          -0.874764,
          -0.092628,
          0.475614,
          3.515112
        ],
        [
          0.00621,
          -0.983621,
          -0.180143,
          1.64851
        ],
        [
          0.0,
          0.0,
          0.0,
          1.0
        ]
      ]
    },
    {
      "file_path": "/media/NFS/ttao/scannet/posed_images/scene0025_00/00239.jpg",
      "transform_matrix": [
        [
          0.482242,
          -0.154147,
          0.86237,
          1.952157
        ],
        [
          -0.876019,
          -0.091442,
          0.473529,
          3.508988
        ],
        [
          0.005864,
          -0.983808,
          -0.179132,
          1.652032
        ],
        [
          0.0,
          0.0,
          0.0,
          1.0
        ]
      ]
    },
    {
      "file_path": "/media/NFS/ttao/scannet/posed_images/scene0025_00/00249.jpg",
      "transform_matrix": [
        [
          0.498441,
          -0.109743,
          0.85995,
          1.972697
        ],
        [
          -0.86692,
          -0.066051,
          0.494052,
          3.492973
        ],
        [
          0.002582,
          -0.991763,
          -0.128061,
          1.654988
        ],
        [
          0.0,
          0.0,
          0.0,
          1.0
        ]
      ]
    },
    {
      "file_path": "/media/NFS/ttao/scannet/posed_images/scene0025_00/00253.jpg",
      "transform_matrix": [
        [
          0.514912,
          -0.098074,
          0.851615,
          1.990092
        ],
        [
          -0.857239,
          -0.05584,
          0.511882,
          3.494475
        ],
        [
          -0.002648,
          -0.993611,
          -0.112825,
          1.650091
        ],
        [
          0.0,
          0.0,
          0.0,
          1.0
        ]
      ]
    },
    {
      "file_path": "/media/NFS/ttao/scannet/posed_images/scene0025_00/00263.jpg",
      "transform_matrix": [
        [
          0.584782,
          -0.058553,
          0.809075,
          2.065334
        ],
        [
          -0.810975,
          -0.065185,
          0.581438,
          3.503951
        ],
        [
          0.018694,
          -0.996154,
          -0.085604,
          1.653083
        ],
        [
          0.0,
          0.0,
          0.0,
          1.0
        ]
      ]
    },
    {
      "file_path": "/media/NFS/ttao/scannet/posed_images/scene0025_00/00265.jpg",
      "transform_matrix": [
        [
          0.602954,
          -0.059045,
          0.795588,
          2.077595
        ],
        [
          -0.79744,
          -0.073555,
          0.598898,
          3.508436
        ],
        [
          0.023158,
          -0.995542,
          -0.091435,
          1.656555
        ],
        [
          0.0,
          0.0,
          0.0,
          1.0
        ]
      ]
    },
    {
      "file_path": "/media/NFS/ttao/scannet/posed_images/scene0025_00/00276.jpg",
      "transform_matrix": [
        [
          0.702376,
          -0.080494,
          0.70724,
          2.122925
        ],
        [
          -0.711716,
          -0.095192,
          0.695987,
          3.503655
        ],
        [
          0.011301,
          -0.992199,
          -0.124149,
          1.66567
        ],
        [
          0.0,
          0.0,
          0.0,
          1.0
        ]
      ]
    },
    {
      "file_path": "/media/NFS/ttao/scannet/posed_images/scene0025_00/00278.jpg",
      "transform_matrix": [
        [
          0.721098,
          -0.077644,
          0.688468,
          2.123635
        ],
        [
          -0.692688,
          -0.101078,
          0.714119,
          3.498256
        ],
        [
          0.014142,
          -0.991844,
          -0.12667,
          1.666726
        ],
        [
          0.0,
          0.0,
          0.0,
          1.0
        ]
      ]
    },
    {
      "file_path": "/media/NFS/ttao/scannet/posed_images/scene0025_00/00286.jpg",
      "transform_matrix": [
        [
          0.796943,
          -0.070939,
          0.599874,
          2.124688
        ],
        [
          -0.603897,
          -0.116265,
          0.788537,
          3.447114
        ],
        [
          0.013806,
          -0.990682,
          -0.135496,
          1.669107
        ],
        [
          0.0,
          0.0,
          0.0,
          1.0
        ]
      ]
    },
    {
      "file_path": "/media/NFS/ttao/scannet/posed_images/scene0025_00/00292.jpg",
      "transform_matrix": [
        [
          0.844585,
          -0.063374,
          0.531658,
          2.122209
        ],
        [
          -0.534924,
          -0.142693,
          0.832764,
          3.399891
        ],
        [
          0.023088,
          -0.987736,
          -0.154417,
          1.670163
        ],
        [
          0.0,
          0.0,
          0.0,
          1.0
        ]
      ]
    },
    {
      "file_path": "/media/NFS/ttao/scannet/posed_images/scene0025_00/00301.jpg",
      "transform_matrix": [
        [
          0.907377,
          -0.05299,
          0.416964,
          2.094345
        ],
        [
          -0.419222,
          -0.185676,
          0.888694,
          3.35059
        ],
        [
          0.030329,
          -0.981181,
          -0.190693,
          1.655807
        ],
        [
          0.0,
          0.0,
          0.0,
          1.0
        ]
      ]
    },
    {
      "file_path": "/media/NFS/ttao/scannet/posed_images/scene0025_00/00303.jpg",
      "transform_matrix": [
        [
          0.916551,
          -0.053702,
          0.396296,
          2.079019
        ],
        [
          -0.39875,
          -0.19842,
          0.895337,
          3.349321
        ],
        [
          0.030552,
          -0.978645,
          -0.203276,
          1.652663
        ],
        [
          0.0,
          0.0,
          0.0,
          1.0
        ]
      ]
    },
    {
      "file_path": "/media/NFS/ttao/scannet/posed_images/scene0025_00/00311.jpg",
      "transform_matrix": [
        [
          0.956777,
          -0.058258,
          0.284929,
          2.080044
        ],
        [
          -0.290206,
          -0.255096,
          0.922337,
          3.318341
        ],
        [
          0.018951,
          -0.965159,
          -0.260977,
          1.629471
        ],
        [
          0.0,
          0.0,
          0.0,
          1.0
        ]
      ]
    },
    {
      "file_path": "/media/NFS/ttao/scannet/posed_images/scene0025_00/00317.jpg",
      "transform_matrix": [
        [
          0.973094,
          -0.048425,
          0.225261,
          2.04558
        ],
        [
          -0.229185,
          -0.304018,
          0.924688,
          3.314796
        ],
        [
          0.023706,
          -0.951435,
          -0.306936,
          1.591209
        ],
        [
          0.0,
          0.0,
          0.0,
          1.0
        ]
      ]
    },
    {
      "file_path": "/media/NFS/ttao/scannet/posed_images/scene0025_00/00327.jpg",
      "transform_matrix": [
        [
          0.991501,
          -0.025913,
          0.127491,
          2.01676
        ],
        [
          -0.127699,
          -0.381193,
          0.915633,
          3.307204
        ],
        [
          0.024871,
          -0.924132,
          -0.381263,
          1.548732
        ],
        [
          0.0,
          0.0,
          0.0,
          1.0
        ]
      ]
    },
    {
      "file_path": "/media/NFS/ttao/scannet/posed_images/scene0025_00/00329.jpg",
      "transform_matrix": [
        [
          0.993073,
          -0.024064,
          0.11501,
          2.006984
        ],
        [
          -0.115191,
          -0.392532,
          0.912496,
          3.306638
        ],
        [
          0.023187,
          -0.919423,
          -0.392585,
          1.534023
        ],
        [
          0.0,
          0.0,
          0.0,
          1.0
        ]
      ]
    },
    {
      "file_path": "/media/NFS/ttao/scannet/posed_images/scene0025_00/00340.jpg",
      "transform_matrix": [
        [
          0.998827,
          -0.022634,
          0.042807,
          2.023449
        ],
        [
          -0.04842,
          -0.477145,
          0.87749,
          3.296994
        ],
        [
          0.000564,
          -0.878533,
          -0.477681,
          1.486027
        ],
        [
          0.0,
          0.0,
          0.0,
          1.0
        ]
      ]
    },
    {
      "file_path": "/media/NFS/ttao/scannet/posed_images/scene0025_00/00344.jpg",
      "transform_matrix": [
        [
          0.999316,
          -0.020439,
          0.030806,
          2.013479
        ],
        [
          -0.03688,
          -0.49314,
          0.869168,
          3.288177
        ],
        [
          -0.002574,
          -0.86971,
          -0.493557,
          1.460132
        ],
        [
          0.0,
          0.0,
          0.0,
          1.0
        ]
      ]
    },
    {
      "file_path": "/media/NFS/ttao/scannet/posed_images/scene0025_00/00348.jpg",
      "transform_matrix": [
        [
          0.999721,
          -0.017683,
          0.015659,
          2.018347
        ],
        [
          -0.022492,
          -0.510296,
          0.859704,
          3.287472
        ],
        [
          -0.007212,
          -0.859817,
          -0.510551,
          1.451292
        ],
        [
          0.0,
          0.0,
          0.0,
          1.0
        ]
      ]
    },
    {
      "file_path": "/media/NFS/ttao/scannet/posed_images/scene0025_00/00358.jpg",
      "transform_matrix": [
        [
          0.999634,
          -0.026296,
          -0.006417,
          2.02677
        ],
        [
          -0.008851,
          -0.541567,
          0.840611,
          3.300215
        ],
        [
          -0.02558,
          -0.840246,
          -0.541601,
          1.453447
        ],
        [
          0.0,
          0.0,
          0.0,
          1.0
        ]
      ]
    },
    {
      "file_path": "/media/NFS/ttao/scannet/posed_images/scene0025_00/00362.jpg",
      "transform_matrix": [
        [
          0.999354,
          -0.034817,
          -0.008945,
          2.041445
        ],
        [
          -0.011499,
          -0.545368,
          0.838118,
          3.296735
        ],
        [
          -0.034059,
          -0.837473,
          -0.545416,
          1.440681
        ],
        [
          0.0,
          0.0,
          0.0,
          1.0
        ]
      ]
    },
    {
      "file_path": "/media/NFS/ttao/scannet/posed_images/scene0025_00/00373.jpg",
      "transform_matrix": [
        [
          0.996521,
          -0.07023,
          0.044871,
          2.085115
        ],
        [
          -0.076786,
          -0.564412,
          0.821915,
          3.305662
        ],
        [
          -0.032397,
          -0.822501,
          -0.567841,
          1.436335
        ],
        [
          0.0,
          0.0,
          0.0,
          1.0
        ]
      ]
    },
    {
      "file_path": "/media/NFS/ttao/scannet/posed_images/scene0025_00/00379.jpg",
      "transform_matrix": [
        [
          0.989641,
          -0.104445,
          0.098502,
          2.103832
        ],
        [
          -0.140635,
          -0.5673,
          0.811414,
          3.320743
        ],
        [
          -0.028868,
          -0.816861,
          -0.576111,
          1.435438
        ],
        [
          0.0,
          0.0,
          0.0,
          1.0
        ]
      ]
    },
    {
      "file_path": "/media/NFS/ttao/scannet/posed_images/scene0025_00/00383.jpg",
      "transform_matrix": [
        [
          0.985108,
          -0.121445,
          0.121712,
          2.089632
        ],
        [
          -0.169379,
          -0.563772,
          0.808377,
          3.32188
        ],
        [
          -0.029556,
          -0.816953,
          -0.575946,
          1.416584
        ],
        [
          0.0,
          0.0,
          0.0,
          1.0
        ]
      ]
    },
    {
      "file_path": "/media/NFS/ttao/scannet/posed_images/scene0025_00/00389.jpg",
      "transform_matrix": [
        [
          0.979718,
          -0.150202,
          0.132638,
          2.085258
        ],
        [
          -0.195803,
          -0.576865,
          0.793025,
          3.353346
        ],
        [
          -0.0426,
          -0.802911,
          -0.594575,
          1.419505
        ],
        [
          0.0,
          0.0,
          0.0,
          1.0
        ]
      ]
    },
    {
      "file_path": "/media/NFS/ttao/scannet/posed_images/scene0025_00/00399.jpg",
      "transform_matrix": [
        [
          0.952625,
          -0.228411,
          0.200835,
          2.065833
        ],
        [
          -0.297684,
          -0.564792,
          0.769671,
          3.394995
        ],
        [
          -0.062372,
          -0.792993,
          -0.60603,
          1.425107
        ],
        [
          0.0,
          0.0,
          0.0,
          1.0
        ]
      ]
    },
    {
      "file_path": "/media/NFS/ttao/scannet/posed_images/scene0025_00/00405.jpg",
      "transform_matrix": [
        [
          0.925983,
          -0.285071,
          0.247567,
          2.077111
        ],
        [
          -0.369087,
          -0.54528,
          0.752625,
          3.397708
        ],
        [
          -0.079559,
          -0.788292,
          -0.610136,
          1.425513
        ],
        [
          0.0,
          0.0,
          0.0,
          1.0
        ]
      ]
    },
    {
      "file_path": "/media/NFS/ttao/scannet/posed_images/scene0025_00/00407.jpg",
      "transform_matrix": [
        [
          0.916771,
          -0.300957,
          0.262595,
          2.080362
        ],
        [
          -0.390828,
          -0.540353,
          0.745166,
          3.395029
        ],
        [
          -0.082369,
          -0.785776,
          -0.613002,
          1.427406
        ],
        [
          0.0,
          0.0,
          0.0,
          1.0
        ]
      ]
    },
    {
      "file_path": "/media/NFS/ttao/scannet/posed_images/scene0025_00/00414.jpg",
      "transform_matrix": [
        [
          0.877776,
          -0.34694,
          0.330366,
          2.086169
        ],
        [
          -0.47104,
          -0.499279,
          0.727215,
          3.379877
        ],
        [
          -0.087355,
          -0.793948,
          -0.601677,
          1.445386
        ],
        [
          0.0,
          0.0,
          0.0,
          1.0
        ]
      ]
    },
    {
      "file_path": "/media/NFS/ttao/scannet/posed_images/scene0025_00/00422.jpg",
      "transform_matrix": [
        [
          0.848359,
          -0.364868,
          0.383612,
          2.097073
        ],
        [
          -0.51979,
          -0.436454,
          0.734388,
          3.310694
        ],
        [
          -0.100526,
          -0.822423,
          -0.559924,
          1.47086
        ],
        [
          0.0,
          0.0,
          0.0,
          1.0
        ]
      ]
    },
    {
      "file_path": "/media/NFS/ttao/scannet/posed_images/scene0025_00/00432.jpg",
      "transform_matrix": [
        [
          0.833878,
          -0.337944,
          0.436397,
          2.133819
        ],
        [
          -0.5472,
          -0.402672,
          0.733776,
          3.132801
        ],
        [
          -0.072251,
          -0.850676,
          -0.520702,
          1.482293
        ],
        [
          0.0,
          0.0,
          0.0,
          1.0
        ]
      ]
    },
    {
      "file_path": "/media/NFS/ttao/scannet/posed_images/scene0025_00/00434.jpg",
      "transform_matrix": [
        [
          0.833019,
          -0.337237,
          0.438578,
          2.143378
        ],
        [
          -0.548785,
          -0.403242,
          0.732278,
          3.095556
        ],
        [
          -0.070098,
          -0.850686,
          -0.520979,
          1.483615
        ],
        [
          0.0,
          0.0,
          0.0,
          1.0
        ]
      ]
    },
    {
      "file_path": "/media/NFS/ttao/scannet/posed_images/scene0025_00/00440.jpg",
      "transform_matrix": [
        [
          0.832528,
          -0.32922,
          0.445547,
          2.170644
        ],
        [
          -0.550318,
          -0.399117,
          0.733386,
          2.991983
        ],
        [
          -0.06362,
          -0.855757,
          -0.513451,
          1.489762
        ],
        [
          0.0,
          0.0,
          0.0,
          1.0
        ]
      ]
    },
    {
      "file_path": "/media/NFS/ttao/scannet/posed_images/scene0025_00/00445.jpg",
      "transform_matrix": [
        [
          0.825692,
          -0.328699,
          0.458465,
          2.196013
        ],
        [
          -0.560721,
          -0.38911,
          0.73088,
          2.930641
        ],
        [
          -0.061846,
          -0.860552,
          -0.505593,
          1.505427
        ],
        [
          0.0,
          0.0,
          0.0,
          1.0
        ]
      ]
    },
    {
      "file_path": "/media/NFS/ttao/scannet/posed_images/scene0025_00/00457.jpg",
      "transform_matrix": [
        [
          0.816729,
          -0.317882,
          0.481565,
          2.268447
        ],
        [
          -0.5718,
          -0.333845,
          0.749395,
          2.849207
        ],
        [
          -0.077451,
          -0.887411,
          -0.454426,
          1.546892
        ],
        [
          0.0,
          0.0,
          0.0,
          1.0
        ]
      ]
    },
    {
      "file_path": "/media/NFS/ttao/scannet/posed_images/scene0025_00/00461.jpg",
      "transform_matrix": [
        [
          0.839414,
          -0.269003,
          0.472253,
          2.282768
        ],
        [
          -0.540525,
          -0.322514,
          0.777057,
          2.819769
        ],
        [
          -0.056722,
          -0.907536,
          -0.416125,
          1.545025
        ],
        [
          0.0,
          0.0,
          0.0,
          1.0
        ]
      ]
    },
    {
      "file_path": "/media/NFS/ttao/scannet/posed_images/scene0025_00/00471.jpg",
      "transform_matrix": [
        [
          0.866423,
          -0.225158,
          0.445664,
          2.314265
        ],
        [
          -0.49867,
          -0.344934,
          0.795204,
          2.775284
        ],
        [
          -0.025322,
          -0.911221,
          -0.411138,
          1.558109
        ],
        [
          0.0,
          0.0,
          0.0,
          1.0
        ]
      ]
    },
    {
      "file_path": "/media/NFS/ttao/scannet/posed_images/scene0025_00/00477.jpg",
      "transform_matrix": [
        [
          0.892138,
          -0.205763,
          0.402183,
          2.316244
        ],
        [
          -0.451073,
          -0.356537,
          0.818178,
          2.746943
        ],
        [
          -0.024958,
          -0.911341,
          -0.410894,
          1.558465
        ],
        [
          0.0,
          0.0,
          0.0,
          1.0
        ]
      ]
    },
    {
      "file_path": "/media/NFS/ttao/scannet/posed_images/scene0025_00/00482.jpg",
      "transform_matrix": [
        [
          0.919248,
          -0.188086,
          0.345844,
          2.319333
        ],
        [
          -0.392233,
          -0.362308,
          0.845509,
          2.703779
        ],
        [
          -0.033726,
          -0.912884,
          -0.406824,
          1.562755
        ],
        [
          0.0,
          0.0,
          0.0,
          1.0
        ]
      ]
    },
    {
      "file_path": "/media/NFS/ttao/scannet/posed_images/scene0025_00/00490.jpg",
      "transform_matrix": [
        [
          0.962525,
          -0.106776,
          0.249287,
          2.324811
        ],
        [
          -0.271192,
          -0.381352,
          0.883756,
          2.602597
        ],
        [
          0.000702,
          -0.918242,
          -0.396018,
          1.557104
        ],
        [
          0.0,
          0.0,
          0.0,
          1.0
        ]
      ]
    },
    {
      "file_path": "/media/NFS/ttao/scannet/posed_images/scene0025_00/00494.jpg",
      "transform_matrix": [
        [
          0.974969,
          -0.075963,
          0.208961,
          2.330459
        ],
        [
          -0.22173,
          -0.401747,
          0.888501,
          2.537274
        ],
        [
          0.016456,
          -0.912595,
          -0.408534,
          1.547375
        ],
        [
          0.0,
          0.0,
          0.0,
          1.0
        ]
      ]
    },
    {
      "file_path": "/media/NFS/ttao/scannet/posed_images/scene0025_00/00502.jpg",
      "transform_matrix": [
        [
          0.991391,
          -0.059578,
          0.116603,
          2.336178
        ],
        [
          -0.130882,
          -0.423925,
          0.896191,
          2.431316
        ],
        [
          -0.003963,
          -0.903736,
