{
  "frames": [
    {
      "file_path": "/media/NFS/ttao/scannet/posed_images/scene0239_00/00003.jpg",
      "transform_matrix": [
        [
          -0.946243,
          0.031733,
          -0.321898,
          2.374151
        ],
        [
          0.311747,
          0.354831,
          -0.881424,
          4.96891
        ],
        [
          0.086249,
          -0.934392,
          -0.345649,
          1.481598
        ],
        [
          0.0,
          0.0,
          0.0,
          1.0
        ]
      ]
    },
    {
      "file_path": "/media/NFS/ttao/scannet/posed_images/scene0239_00/00004.jpg",
      "transform_matrix": [
        [
          -0.946411,
          0.031003,
          -0.321472,
          2.373372
        ],
        [
          0.311131,
          0.354492,
          -0.881778,
          4.968857
        ],
        [
          0.086622,
          -0.934545,
          -0.345141,
          1.480045
        ],
        [
          0.0,
          0.0,
          0.0,
          1.0
        ]
      ]
    },
    {
      "file_path": "/media/NFS/ttao/scannet/posed_images/scene0239_00/00010.jpg",
      "transform_matrix": [
        [
          -0.948136,
          0.036961,
          -0.315708,
          2.366658
        ],
        [
          0.306409,
          0.370516,
          -0.87683,
          4.963249
        ],
        [
          0.084566,
          -0.928091,
          -0.362625,
          1.488976
        ],
        [
          0.0,
          0.0,
          0.0,
          1.0
        ]
      ]
    },
    {
      "file_path": "/media/NFS/ttao/scannet/posed_images/scene0239_00/00013.jpg",
      "transform_matrix": [
        [
          -0.949301,
          0.043266,
          -0.311378,
          2.365686
        ],
        [
          0.303717,
          0.381885,
          -0.87288,
          4.960528
        ],
        [
          0.081144,
          -0.923197,
          -0.375664,
          1.489798
        ],
        [
          0.0,
          0.0,
          0.0,
          1.0
        ]
      ]
    },
    {
      "file_path": "/media/NFS/ttao/scannet/posed_images/scene0239_00/00019.jpg",
      "transform_matrix": [
        [
          -0.949738,
          0.062598,
          -0.306724,
          2.371725
        ],
        [
          0.302585,
          0.434746,
          -0.848197,
          4.964747
        ],
        [
          0.080252,
          -0.898375,
          -0.431836,
          1.459474
        ],
        [
          0.0,
          0.0,
          0.0,
          1.0
        ]
      ]
    },
    {
      "file_path": "/media/NFS/ttao/scannet/posed_images/scene0239_00/00026.jpg",
      "transform_matrix": [
        [
          -0.938318,
          0.10626,
          -0.329043,
          2.384253
        ],
        [
          0.337303,
          0.490653,
          -0.803422,
          4.945863
        ],
        [
          0.076075,
          -0.864852,
          -0.49623,
          1.440395
        ],
        [
          0.0,
          0.0,
          0.0,
          1.0
        ]
      ]
    },
    {
      "file_path": "/media/NFS/ttao/scannet/posed_images/scene0239_00/00028.jpg",
      "transform_matrix": [
        [
          -0.931354,
          0.124199,
          -0.342279,
          2.396579
        ],
        [
          0.356128,
          0.506534,
          -0.785237,
          4.934506
        ],
        [
          0.07585,
          -0.853228,
          -0.515993,
          1.43327
        ],
        [
          0.0,
          0.0,
          0.0,
          1.0
        ]
      ]
    },
    {
      "file_path": "/media/NFS/ttao/scannet/posed_images/scene0239_00/00034.jpg",
      "transform_matrix": [
        [
          -0.906995,
          0.182172,
          -0.379702,
          2.438154
        ],
        [
          0.415851,
          0.529868,
          -0.739126,
          4.900611
        ],
        [
          0.066544,
          -0.828283,
          -0.556344,
          1.428282
        ],
        [
          0.0,
          0.0,
          0.0,
          1.0
        ]
      ]
    },
    {
      "file_path": "/media/NFS/ttao/scannet/posed_images/scene0239_00/00041.jpg",
      "transform_matrix": [
        [
          -0.879131,
          0.224066,
          -0.420622,
          2.489914
        ],
        [
          0.472688,
          0.522519,
          -0.709605,
          4.871628
        ],
        [
          0.060785,
          -0.822659,
          -0.565276,
          1.419519
        ],
        [
          0.0,
          0.0,
          0.0,
          1.0
        ]
      ]
    },
    {
      "file_path": "/media/NFS/ttao/scannet/posed_images/scene0239_00/00047.jpg",
      "transform_matrix": [
        [
          -0.866402,
          0.239587,
          -0.438117,
          2.519992
        ],
        [
          0.496538,
          0.506306,
          -0.705056,
          4.857399
        ],
        [
          0.052899,
          -0.828404,
          -0.557628,
          1.418887
        ],
        [
          0.0,
          0.0,
          0.0,
          1.0
        ]
      ]
    },
    {
      "file_path": "/media/NFS/ttao/scannet/posed_images/scene0239_00/00048.jpg",
      "transform_matrix": [
        [
          -0.865445,
          0.239284,
          -0.440169,
          2.524331
        ],
        [
          0.498136,
          0.50485,
          -0.704973,
          4.85796
        ],
        [
          0.053531,
          -0.829379,
          -0.556116,
          1.417511
        ],
        [
          0.0,
          0.0,
          0.0,
          1.0
        ]
      ]
    },
    {
      "file_path": "/media/NFS/ttao/scannet/posed_images/scene0239_00/00054.jpg",
      "transform_matrix": [
        [
          -0.865846,
          0.227178,
          -0.44576,
          2.549587
        ],
        [
          0.497718,
          0.481719,
          -0.721265,
          4.850739
        ],
        [
          0.050875,
          -0.846367,
          -0.530165,
          1.433946
        ],
        [
          0.0,
          0.0,
          0.0,
          1.0
        ]
      ]
    },
    {
      "file_path": "/media/NFS/ttao/scannet/posed_images/scene0239_00/00061.jpg",
      "transform_matrix": [
        [
          -0.873697,
          0.19675,
          -0.444907,
          2.572959
        ],
        [
          0.48316,
          0.457469,
          -0.746511,
          4.854634
        ],
        [
          0.056655,
          -0.867186,
          -0.494751,
          1.440202
        ],
        [
          0.0,
          0.0,
          0.0,
          1.0
        ]
      ]
    },
    {
      "file_path": "/media/NFS/ttao/scannet/posed_images/scene0239_00/00063.jpg",
      "transform_matrix": [
        [
          -0.874888,
          0.184657,
          -0.447742,
          2.576713
        ],
        [
          0.480585,
          0.445669,
          -0.75526,
          4.855806
        ],
        [
          0.060081,
          -0.875946,
          -0.478654,
          1.44351
        ],
        [
          0.0,
          0.0,
          0.0,
          1.0
        ]
      ]
    },
    {
      "file_path": "/media/NFS/ttao/scannet/posed_images/scene0239_00/00070.jpg",
      "transform_matrix": [
        [
          -0.880271,
          0.162246,
          -0.445868,
          2.590697
        ],
        [
          0.470453,
          0.420495,
          -0.775795,
          4.854995
        ],
        [
          0.061616,
          -0.892671,
          -0.446478,
          1.449939
        ],
        [
          0.0,
          0.0,
          0.0,
          1.0
        ]
      ]
    },
    {
      "file_path": "/media/NFS/ttao/scannet/posed_images/scene0239_00/00071.jpg",
      "transform_matrix": [
        [
          -0.880458,
          0.160878,
          -0.445995,
          2.594205
        ],
        [
          0.470038,
          0.419404,
          -0.776637,
          4.855793
        ],
        [
          0.062108,
          -0.893431,
          -0.444886,
          1.451337
        ],
        [
          0.0,
          0.0,
          0.0,
          1.0
        ]
      ]
    },
    {
      "file_path": "/media/NFS/ttao/scannet/posed_images/scene0239_00/00077.jpg",
      "transform_matrix": [
        [
          -0.890086,
          0.122606,
          -0.438994,
          2.601076
        ],
        [
          0.449955,
          0.390024,
          -0.803381,
          4.849087
        ],
        [
          0.072719,
          -0.912606,
          -0.402322,
          1.477986
        ],
        [
          0.0,
          0.0,
          0.0,
          1.0
        ]
      ]
    },
    {
      "file_path": "/media/NFS/ttao/scannet/posed_images/scene0239_00/00085.jpg",
      "transform_matrix": [
        [
          -0.900964,
          0.092073,
          -0.424013,
          2.607163
        ],
        [
          0.428285,
          0.345337,
          -0.835053,
          4.863139
        ],
        [
          0.069541,
          -0.933951,
          -0.35057,
          1.483771
        ],
        [
          0.0,
          0.0,
          0.0,
          1.0
        ]
      ]
    },
    {
      "file_path": "/media/NFS/ttao/scannet/posed_images/scene0239_00/00086.jpg",
      "transform_matrix": [
        [
          -0.901027,
          0.088759,
          -0.424586,
          2.613207
        ],
        [
          0.427989,
          0.341106,
          -0.836942,
          4.865073
        ],
        [
          0.070543,
          -0.935825,
          -0.345333,
          1.481079
        ],
        [
          0.0,
          0.0,
          0.0,
          1.0
        ]
      ]
    },
    {
      "file_path": "/media/NFS/ttao/scannet/posed_images/scene0239_00/00093.jpg",
      "transform_matrix": [
        [
          -0.903609,
          0.076063,
          -0.421552,
          2.620498
        ],
        [
          0.421866,
          0.328726,
          -0.844967,
          4.873539
        ],
        [
          0.074305,
          -0.941357,
          -0.329128,
          1.4782
        ],
        [
          0.0,
          0.0,
          0.0,
          1.0
        ]
      ]
    },
    {
      "file_path": "/media/NFS/ttao/scannet/posed_images/scene0239_00/00096.jpg",
      "transform_matrix": [
        [
          -0.903848,
          0.073853,
          -0.421432,
          2.621543
        ],
        [
          0.421111,
          0.327743,
          -0.845725,
          4.873068
        ],
        [
          0.075662,
          -0.941876,
          -0.32733,
          1.478999
        ],
        [
          0.0,
          0.0,
          0.0,
          1.0
        ]
      ]
    },
    {
      "file_path": "/media/NFS/ttao/scannet/posed_images/scene0239_00/00101.jpg",
      "transform_matrix": [
        [
          -0.905731,
          0.070233,
          -0.417993,
          2.616989
        ],
        [
          0.416851,
          0.326109,
          -0.848462,
          4.874687
        ],
        [
          0.076722,
          -0.94272,
          -0.324644,
          1.482774
        ],
        [
          0.0,
          0.0,
          0.0,
          1.0
        ]
      ]
    },
    {
      "file_path": "/media/NFS/ttao/scannet/posed_images/scene0239_00/00108.jpg",
      "transform_matrix": [
        [
          -0.906504,
          0.069611,
          -0.41642,
          2.610532
        ],
        [
          0.415129,
          0.326685,
          -0.849085,
          4.873106
        ],
        [
          0.076932,
          -0.942567,
          -0.325038,
          1.490257
        ],
        [
          0.0,
          0.0,
          0.0,
          1.0
        ]
      ]
    },
    {
      "file_path": "/media/NFS/ttao/scannet/posed_images/scene0239_00/00111.jpg",
      "transform_matrix": [
        [
          -0.907743,
          0.071809,
          -0.413336,
          2.606256
        ],
        [
          0.413226,
          0.323151,
          -0.851362,
          4.872531
        ],
        [
          0.072435,
          -0.943619,
          -0.323011,
          1.484161
        ],
        [
          0.0,
          0.0,
          0.0,
          1.0
        ]
      ]
    },
    {
      "file_path": "/media/NFS/ttao/scannet/posed_images/scene0239_00/00120.jpg",
      "transform_matrix": [
        [
          -0.908039,
          0.064045,
          -0.41396,
          2.58398
        ],
        [
          0.411697,
          0.318747,
          -0.85376,
          4.848113
        ],
        [
          0.077269,
          -0.945674,
          -0.315802,
          1.496761
        ],
        [
          0.0,
          0.0,
          0.0,
          1.0
        ]
      ]
    },
    {
      "file_path": "/media/NFS/ttao/scannet/posed_images/scene0239_00/00124.jpg",
      "transform_matrix": [
        [
          -0.907186,
          0.061862,
          -0.416156,
          2.573744
        ],
        [
          0.412921,
          0.320589,
          -0.852478,
          4.835302
        ],
        [
          0.080679,
          -0.945196,
          -0.316378,
          1.492438
        ],
        [
          0.0,
          0.0,
          0.0,
          1.0
        ]
      ]
    },
    {
      "file_path": "/media/NFS/ttao/scannet/posed_images/scene0239_00/00125.jpg",
      "transform_matrix": [
        [
          -0.908966,
          0.064503,
          -0.411849,
          2.561657
        ],
        [
          0.409415,
          0.324136,
          -0.852828,
          4.824264
        ],
        [
          0.078485,
          -0.943809,
          -0.321038,
          1.493341
        ],
        [
          0.0,
          0.0,
          0.0,
          1.0
        ]
      ]
    },
    {
      "file_path": "/media/NFS/ttao/scannet/posed_images/scene0239_00/00133.jpg",
      "transform_matrix": [
        [
          -0.92569,
          0.038615,
          -0.376308,
          2.494598
        ],
        [
          0.367604,
          0.326533,
          -0.870772,
          4.770125
        ],
        [
          0.089252,
          -0.944397,
          -0.316464,
          1.494681
        ],
        [
          0.0,
          0.0,
          0.0,
          1.0
        ]
      ]
    },
    {
      "file_path": "/media/NFS/ttao/scannet/posed_images/scene0239_00/00139.jpg",
      "transform_matrix": [
        [
          -0.944729,
          0.002776,
          -0.327841,
          2.434256
        ],
        [
          0.309937,
          0.333591,
          -0.890312,
          4.71967
        ],
        [
          0.106894,
          -0.942714,
          -0.316013,
          1.504855
        ],
        [
          0.0,
          0.0,
          0.0,
          1.0
        ]
      ]
    },
    {
      "file_path": "/media/NFS/ttao/scannet/posed_images/scene0239_00/00143.jpg",
      "transform_matrix": [
        [
          -0.953934,
          -0.014658,
          -0.299658,
          2.382066
        ],
        [
          0.275753,
          0.350655,
          -0.894987,
          4.691263
        ],
        [
          0.118195,
          -0.93639,
          -0.330459,
          1.518832
        ],
        [
          0.0,
          0.0,
          0.0,
          1.0
        ]
      ]
    },
    {
      "file_path": "/media/NFS/ttao/scannet/posed_images/scene0239_00/00144.jpg",
      "transform_matrix": [
        [
          -0.954502,
          -0.016581,
          -0.297742,
          2.374007
        ],
        [
          0.272951,
          0.353526,
          -0.894716,
          4.68849
        ],
        [
          0.120095,
          -0.935278,
          -0.332916,
          1.516859
        ],
        [
          0.0,
          0.0,
          0.0,
          1.0
        ]
      ]
    },
    {
      "file_path": "/media/NFS/ttao/scannet/posed_images/scene0239_00/00152.jpg",
      "transform_matrix": [
        [
          -0.944107,
          0.007763,
          -0.329547,
          2.305373
        ],
        [
          0.307582,
          0.380291,
          -0.872223,
          4.616127
        ],
        [
          0.118553,
          -0.924834,
          -0.361423,
          1.518082
        ],
        [
          0.0,
          0.0,
          0.0,
          1.0
        ]
      ]
    },
    {
      "file_path": "/media/NFS/ttao/scannet/posed_images/scene0239_00/00158.jpg",
      "transform_matrix": [
        [
          -0.927815,
          0.020345,
          -0.372485,
          2.281023
        ],
        [
          0.353243,
          0.368875,
          -0.859738,
          4.561357
        ],
        [
          0.119909,
          -0.929256,
          -0.349435,
          1.514233
        ],
        [
          0.0,
          0.0,
          0.0,
          1.0
        ]
      ]
    },
    {
      "file_path": "/media/NFS/ttao/scannet/posed_images/scene0239_00/00162.jpg",
      "transform_matrix": [
        [
          -0.922989,
          0.0353,
          -0.383204,
          2.273748
        ],
        [
          0.367942,
          0.372682,
          -0.851896,
          4.517053
        ],
        [
          0.112741,
          -0.927288,
          -0.356969,
          1.513347
        ],
        [
          0.0,
          0.0,
          0.0,
          1.0
        ]
      ]
    },
    {
      "file_path": "/media/NFS/ttao/scannet/posed_images/scene0239_00/00168.jpg",
      "transform_matrix": [
        [
          -0.91235,
          0.061835,
          -0.404714,
          2.262858
        ],
        [
          0.398053,
          0.365204,
          -0.841534,
          4.481786
        ],
        [
          0.095767,
          -0.928872,
          -0.357807,
          1.514349
        ],
        [
          0.0,
          0.0,
          0.0,
          1.0
        ]
      ]
    },
    {
      "file_path": "/media/NFS/ttao/scannet/posed_images/scene0239_00/00172.jpg",
      "transform_matrix": [
        [
          -0.90704,
          0.070809,
          -0.415047,
          2.260634
        ],
        [
          0.411962,
          0.352887,
          -0.840094,
          4.469459
        ],
        [
          0.086978,
          -0.932983,
          -0.349253,
          1.517917
        ],
        [
          0.0,
          0.0,
          0.0,
          1.0
        ]
      ]
    },
    {
      "file_path": "/media/NFS/ttao/scannet/posed_images/scene0239_00/00177.jpg",
      "transform_matrix": [
        [
          -0.910886,
          0.07326,
          -0.406104,
          2.264312
        ],
        [
          0.403933,
          0.359601,
          -0.841146,
          4.469975
        ],
        [
          0.084413,
          -0.930226,
          -0.357147,
          1.519383
        ],
        [
          0.0,
          0.0,
          0.0,
          1.0
        ]
      ]
    },
    {
      "file_path": "/media/NFS/ttao/scannet/posed_images/scene0239_00/00179.jpg",
      "transform_matrix": [
        [
          -0.913823,
          0.065562,
          -0.400786,
          2.270065
        ],
        [
          0.396015,
          0.362559,
          -0.843637,
          4.473183
        ],
        [
          0.089998,
          -0.929652,
          -0.357279,
          1.521827
        ],
        [
          0.0,
          0.0,
          0.0,
          1.0
        ]
      ]
    },
    {
      "file_path": "/media/NFS/ttao/scannet/posed_images/scene0239_00/00187.jpg",
      "transform_matrix": [
        [
          -0.931049,
          0.036768,
          -0.363039,
          2.271799
        ],
        [
          0.3493,
          0.377561,
          -0.857576,
          4.527785
        ],
        [
          0.105538,
          -0.925255,
          -0.364371,
          1.50364
        ],
        [
          0.0,
          0.0,
          0.0,
          1.0
        ]
      ]
    },
    {
      "file_path": "/media/NFS/ttao/scannet/posed_images/scene0239_00/00193.jpg",
      "transform_matrix": [
        [
          -0.937357,
          0.030579,
          -0.347026,
          2.278303
        ],
        [
          0.330731,
          0.391072,
          -0.858883,
          4.562783
        ],
        [
          0.109448,
          -0.919852,
          -0.376687,
          1.496911
        ],
        [
          0.0,
          0.0,
          0.0,
          1.0
        ]
      ]
    },
    {
      "file_path": "/media/NFS/ttao/scannet/posed_images/scene0239_00/00194.jpg",
      "transform_matrix": [
        [
          -0.937961,
          0.030905,
          -0.345362,
          2.279694
        ],
        [
          0.329089,
          0.393104,
          -0.858586,
          4.564379
        ],
        [
          0.109228,
          -0.918975,
          -0.378886,
          1.498535
        ],
        [
          0.0,
          0.0,
          0.0,
          1.0
        ]
      ]
    },
    {
      "file_path": "/media/NFS/ttao/scannet/posed_images/scene0239_00/00198.jpg",
      "transform_matrix": [
        [
          -0.941986,
          0.022481,
          -0.334899,
          2.286488
        ],
        [
          0.316646,
          0.3905,
          -0.864433,
          4.575398
        ],
        [
          0.111345,
          -0.920328,
          -0.374964,
          1.496346
        ],
        [
          0.0,
          0.0,
          0.0,
          1.0
        ]
      ]
    },
    {
      "file_path": "/media/NFS/ttao/scannet/posed_images/scene0239_00/00207.jpg",
      "transform_matrix": [
        [
          -0.951111,
          0.013559,
          -0.308552,
          2.317976
        ],
        [
          0.28814,
          0.39863,
          -0.870672,
          4.583024
        ],
        [
          0.111193,
          -0.917012,
          -0.383048,
          1.485434
        ],
        [
          0.0,
          0.0,
          0.0,
          1.0
        ]
      ]
    },
    {
      "file_path": "/media/NFS/ttao/scannet/posed_images/scene0239_00/00210.jpg",
      "transform_matrix": [
        [
          -0.94912,
          0.011661,
          -0.314699,
          2.336024
        ],
        [
          0.292657,
          0.401682,
          -0.867758,
          4.573896
        ],
        [
          0.11629,
          -0.915705,
          -0.384657,
          1.482059
        ],
        [
          0.0,
          0.0,
          0.0,
          1.0
        ]
      ]
    },
    {
      "file_path": "/media/NFS/ttao/scannet/posed_images/scene0239_00/00213.jpg",
      "transform_matrix": [
        [
          -0.944927,
          0.013482,
          -0.327004,
          2.359524
        ],
        [
          0.304532,
          0.402231,
          -0.863407,
          4.562397
        ],
        [
          0.119891,
          -0.915439,
          -0.384184,
          1.47393
        ],
        [
          0.0,
          0.0,
          0.0,
          1.0
        ]
      ]
    },
    {
      "file_path": "/media/NFS/ttao/scannet/posed_images/scene0239_00/00217.jpg",
      "transform_matrix": [
        [
          -0.9345,
          0.033083,
          -0.354423,
          2.404056
        ],
        [
          0.337892,
          0.395651,
          -0.853984,
          4.532858
        ],
        [
          0.111976,
          -0.917805,
          -0.380915,
          1.458452
        ],
        [
          0.0,
          0.0,
          0.0,
          1.0
        ]
      ]
    },
    {
      "file_path": "/media/NFS/ttao/scannet/posed_images/scene0239_00/00226.jpg",
      "transform_matrix": [
        [
          -0.888661,
          0.124543,
          -0.441329,
          2.518575
        ],
        [
          0.456469,
          0.332161,
          -0.825412,
          4.45915
        ],
        [
          0.043793,
          -0.934964,
          -0.352029,
          1.420922
        ],
        [
          0.0,
          0.0,
          0.0,
          1.0
        ]
      ]
    },
    {
      "file_path": "/media/NFS/ttao/scannet/posed_images/scene0239_00/00228.jpg",
      "transform_matrix": [
        [
          -0.885904,
          0.12466,
          -0.446804,
          2.530207
        ],
        [
          0.461636,
          0.331306,
          -0.822878,
          4.455189
        ],
        [
          0.045449,
          -0.935252,
          -0.351053,
          1.392306
        ],
        [
          0.0,
          0.0,
          0.0,
          1.0
        ]
      ]
    },
    {
      "file_path": "/media/NFS/ttao/scannet/posed_images/scene0239_00/00236.jpg",
      "transform_matrix": [
        [
          -0.905831,
          0.074459,
          -0.417045,
          2.545003
        ],
        [
          0.417166,
          0.328214,
          -0.847495,
          4.42165
        ],
        [
          0.073777,
          -0.941664,
          -0.328368,
          1.238085
        ],
        [
          0.0,
          0.0,
          0.0,
          1.0
        ]
      ]
    },
    {
      "file_path": "/media/NFS/ttao/scannet/posed_images/scene0239_00/00241.jpg",
      "transform_matrix": [
        [
          -0.91464,
          0.041147,
          -0.402171,
          2.536925
        ],
        [
          0.395085,
          0.301832,
          -0.867644,
          4.420118
        ],
        [
          0.085687,
          -0.952473,
          -0.292324,
          1.154064
        ],
        [
          0.0,
          0.0,
          0.0,
          1.0
        ]
      ]
    },
    {
      "file_path": "/media/NFS/ttao/scannet/posed_images/scene0239_00/00244.jpg",
      "transform_matrix": [
        [
          -0.921168,
          0.02607,
          -0.388291,
          2.527555
        ],
        [
          0.380902,
          0.264917,
          -0.885851,
          4.422112
        ],
        [
          0.079771,
          -0.963919,
          -0.253963,
          1.096073
        ],
        [
          0.0,
          0.0,
          0.0,
          1.0
        ]
      ]
    },
    {
      "file_path": "/media/NFS/ttao/scannet/posed_images/scene0239_00/00248.jpg",
      "transform_matrix": [
        [
          -0.920537,
          0.010513,
          -0.390515,
          2.521561
        ],
        [
          0.382227,
          0.230774,
          -0.894788,
          4.42249
        ],
        [
          0.080714,
          -0.972951,
          -0.216454,
          1.028849
        ],
        [
          0.0,
          0.0,
          0.0,
          1.0
        ]
      ]
    },
    {
      "file_path": "/media/NFS/ttao/scannet/posed_images/scene0239_00/00254.jpg",
      "transform_matrix": [
        [
          -0.923073,
          -0.007544,
          -0.384551,
          2.514557
        ],
        [
          0.374767,
          0.20727,
          -0.903653,
          4.425244
        ],
        [
          0.086524,
          -0.978255,
          -0.188498,
          0.976662
        ],
        [
          0.0,
          0.0,
          0.0,
          1.0
        ]
      ]
    },
    {
      "file_path": "/media/NFS/ttao/scannet/posed_images/scene0239_00/00260.jpg",
      "transform_matrix": [
        [
          -0.921162,
          -0.014272,
          -0.388918,
          2.506743
        ],
        [
          0.378457,
          0.200108,
          -0.903729,
          4.430502
        ],
        [
          0.090724,
          -0.97967,
          -0.17893,
          0.958711
        ],
        [
          0.0,
          0.0,
          0.0,
          1.0
        ]
      ]
    },
    {
      "file_path": "/media/NFS/ttao/scannet/posed_images/scene0239_00/00261.jpg",
      "transform_matrix": [
        [
          -0.920876,
          -0.015462,
          -0.38955,
          2.507465
        ],
        [
          0.378944,
          0.199257,
          -0.903713,
          4.431122
        ],
        [
          0.091594,
          -0.979825,
          -0.177632,
          0.957
        ],
        [
          0.0,
          0.0,
          0.0,
          1.0
        ]
      ]
    },
    {
      "file_path": "/media/NFS/ttao/scannet/posed_images/scene0239_00/00267.jpg",
      "transform_matrix": [
        [
          -0.917709,
          -0.023361,
          -0.396567,
          2.503793
        ],
        [
          0.385456,
          0.18912,
          -0.903137,
          4.437307
        ],
        [
          0.096097,
          -0.981676,
          -0.164553,
          0.945513
        ],
        [
          0.0,
          0.0,
          0.0,
          1.0
        ]
      ]
    },
    {
      "file_path": "/media/NFS/ttao/scannet/posed_images/scene0239_00/00271.jpg",
      "transform_matrix": [
        [
          -0.915446,
          -0.030878,
          -0.401254,
          2.505447
        ],
        [
          0.389095,
          0.186729,
          -0.902074,
          4.439811
        ],
        [
          0.10278,
          -0.981926,
          -0.158926,
          0.936763
        ],
        [
          0.0,
          0.0,
          0.0,
          1.0
        ]
      ]
    },
    {
      "file_path": "/media/NFS/ttao/scannet/posed_images/scene0239_00/00280.jpg",
      "transform_matrix": [
        [
          -0.906783,
          -0.030257,
          -0.420511,
          2.50348
        ],
        [
          0.409176,
          0.177175,
          -0.895089,
          4.449719
        ],
        [
          0.101587,
          -0.983714,
          -0.148278,
          0.922442
        ],
        [
          0.0,
          0.0,
          0.0,
          1.0
        ]
      ]
    },
    {
      "file_path": "/media/NFS/ttao/scannet/posed_images/scene0239_00/00283.jpg",
      "transform_matrix": [
        [
          -0.906843,
          -0.027209,
          -0.42059,
          2.49958
        ],
        [
          0.409253,
          0.181672,
          -0.894152,
          4.451401
        ],
        [
          0.100738,
          -0.982983,
          -0.153612,
          0.91757
        ],
        [
          0.0,
          0.0,
          0.0,
          1.0
        ]
      ]
    },
    {
      "file_path": "/media/NFS/ttao/scannet/posed_images/scene0239_00/00289.jpg",
      "transform_matrix": [
        [
          -0.904071,
          -0.014593,
          -0.427134,
          2.494057
        ],
        [
          0.417227,
          0.186441,
          -0.889472,
          4.453638
        ],
        [
          0.092616,
          -0.982358,
          -0.162467,
          0.910946
        ],
        [
          0.0,
          0.0,
          0.0,
          1.0
        ]
      ]
    },
    {
      "file_path": "/media/NFS/ttao/scannet/posed_images/scene0239_00/00292.jpg",
      "transform_matrix": [
        [
          -0.903877,
          -0.012527,
          -0.427608,
          2.496803
        ],
        [
          0.418528,
          0.18099,
          -0.889987,
          4.452558
        ],
        [
          0.088542,
          -0.983405,
          -0.15835,
          0.903669
        ],
        [
          0.0,
          0.0,
          0.0,
          1.0
        ]
      ]
    },
    {
      "file_path": "/media/NFS/ttao/scannet/posed_images/scene0239_00/00296.jpg",
      "transform_matrix": [
        [
          -0.9017,
          -0.004014,
          -0.432343,
          2.508423
        ],
        [
          0.424835,
          0.177546,
          -0.887689,
          4.451591
        ],
        [
          0.080324,
          -0.984104,
          -0.158388,
          0.886472
        ],
        [
          0.0,
          0.0,
          0.0,
          1.0
        ]
      ]
    },
    {
      "file_path": "/media/NFS/ttao/scannet/posed_images/scene0239_00/00303.jpg",
      "transform_matrix": [
        [
          -0.904007,
          0.023316,
          -0.42688,
          2.530546
        ],
        [
          0.423082,
          0.192242,
          -0.885463,
          4.438972
        ],
        [
          0.061419,
          -0.981071,
          -0.183653,
          0.826092
        ],
        [
          0.0,
          0.0,
          0.0,
          1.0
        ]
      ]
    },
    {
      "file_path": "/media/NFS/ttao/scannet/posed_images/scene0239_00/00306.jpg",
      "transform_matrix": [
        [
          -0.903802,
          0.024989,
          -0.42722,
          2.539165
        ],
        [
          0.422368,
          0.212803,
          -0.881091,
          4.434114
        ],
        [
          0.068896,
          -0.976776,
          -0.202886,
          0.808969
        ],
        [
          0.0,
          0.0,
          0.0,
          1.0
        ]
      ]
    },
    {
      "file_path": "/media/NFS/ttao/scannet/posed_images/scene0239_00/00314.jpg",
      "transform_matrix": [
        [
          -0.898012,
          0.028534,
          -0.439044,
          2.554704
        ],
        [
          0.431121,
          0.256205,
          -0.865155,
          4.416702
        ],
        [
          0.087799,
          -0.966201,
          -0.242377,
          0.777668
        ],
        [
          0.0,
          0.0,
          0.0,
          1.0
        ]
      ]
    },
    {
      "file_path": "/media/NFS/ttao/scannet/posed_images/scene0239_00/00315.jpg",
      "transform_matrix": [
        [
          -0.897662,
          0.027007,
          -0.439856,
          2.555869
        ],
        [
          0.43167,
          0.254739,
          -0.865314,
          4.416203
        ],
        [
          0.088679,
          -0.966633,
          -0.240327,
          0.780601
        ],
        [
          0.0,
          0.0,
          0.0,
          1.0
        ]
      ]
    },
    {
      "file_path": "/media/NFS/ttao/scannet/posed_images/scene0239_00/00324.jpg",
      "transform_matrix": [
        [
          -0.885564,
          0.009792,
          -0.464414,
          2.562767
        ],
        [
          0.454222,
          0.227575,
          -0.861331,
          4.402377
        ],
        [
          0.097254,
          -0.973711,
          -0.20598,
          0.811786
        ],
        [
          0.0,
          0.0,
          0.0,
          1.0
        ]
      ]
    },
    {
      "file_path": "/media/NFS/ttao/scannet/posed_images/scene0239_00/00325.jpg",
      "transform_matrix": [
        [
          -0.885667,
          0.009281,
          -0.464228,
          2.561722
        ],
        [
          0.453926,
          0.227667,
          -0.861463,
          4.401328
        ],
        [
          0.097695,
          -0.973695,
          -0.20585,
          0.813876
        ],
        [
          0.0,
          0.0,
          0.0,
          1.0
        ]
      ]
    },
    {
      "file_path": "/media/NFS/ttao/scannet/posed_images/scene0239_00/00333.jpg",
      "transform_matrix": [
        [
          -0.883337,
          0.017812,
          -0.468399,
          2.557723
        ],
        [
          0.459224,
          0.233197,
          -0.857166,
          4.392577
        ],
        [
          0.093961,
          -0.972267,
          -0.214171,
          0.868354
        ],
        [
          0.0,
          0.0,
          0.0,
          1.0
        ]
      ]
    },
    {
      "file_path": "/media/NFS/ttao/scannet/posed_images/scene0239_00/00334.jpg",
      "transform_matrix": [
        [
          -0.883663,
          0.022613,
          -0.467578,
          2.557938
        ],
        [
          0.459031,
          0.237767,
          -0.856012,
          4.39107
        ],
        [
          0.091818,
          -0.971059,
          -0.220486,
          0.878242
        ],
        [
          0.0,
          0.0,
          0.0,
          1.0
        ]
      ]
    },
    {
      "file_path": "/media/NFS/ttao/scannet/posed_images/scene0239_00/00340.jpg",
      "transform_matrix": [
        [
          -0.885692,
          0.048353,
          -0.461748,
          2.561666
        ],
        [
          0.457453,
          0.260739,
          -0.850148,
          4.381882
        ],
        [
          0.079289,
          -0.964198,
          -0.253054,
          0.979046
        ],
        [
          0.0,
          0.0,
          0.0,
          1.0
        ]
      ]
    },
    {
      "file_path": "/media/NFS/ttao/scannet/posed_images/scene0239_00/00346.jpg",
      "transform_matrix": [
        [
          -0.889893,
          0.048686,
          -0.453565,
          2.571083
        ],
        [
          0.44956,
          0.26225,
          -0.853886,
          4.37349
        ],
        [
          0.077375,
          -0.963771,
          -0.255262,
          1.104819
        ],
        [
          0.0,
          0.0,
          0.0,
          1.0
        ]
      ]
    },
    {
      "file_path": "/media/NFS/ttao/scannet/posed_images/scene0239_00/00353.jpg",
      "transform_matrix": [
        [
          -0.887707,
          0.038643,
          -0.458784,
          2.582504
        ],
        [
          0.449516,
          0.288218,
          -0.845497,
          4.356165
        ],
        [
          0.099557,
          -0.956785,
          -0.273224,
          1.276441
        ],
        [
          0.0,
          0.0,
          0.0,
          1.0
        ]
      ]
    },
    {
      "file_path": "/media/NFS/ttao/scannet/posed_images/scene0239_00/00357.jpg",
      "transform_matrix": [
        [
          -0.884428,
          0.051933,
          -0.463779,
          2.593103
        ],
        [
          0.45731,
          0.294563,
          -0.839107,
          4.339231
        ],
        [
          0.093035,
          -0.95422,
          -0.284269,
          1.364756
        ],
        [
          0.0,
          0.0,
          0.0,
          1.0
        ]
      ]
    },
    {
      "file_path": "/media/NFS/ttao/scannet/posed_images/scene0239_00/00359.jpg",
      "transform_matrix": [
        [
          -0.884836,
          0.058923,
          -0.462162,
          2.598465
        ],
        [
          0.457551,
          0.29688,
          -0.838158,
          4.332097
        ],
        [
          0.08782,
          -0.953095,
          -0.289651,
          1.389508
        ],
        [
          0.0,
          0.0,
          0.0,
          1.0
        ]
      ]
    },
    {
      "file_path": "/media/NFS/ttao/scannet/posed_images/scene0239_00/00368.jpg",
      "transform_matrix": [
        [
          -0.881417,
          0.067792,
          -0.46745,
          2.61539
        ],
        [
          0.467442,
          0.267331,
          -0.842634,
          4.318269
        ],
        [
          0.06784,
          -0.961217,
          -0.267319,
          1.487584
        ],
        [
          0.0,
          0.0,
          0.0,
          1.0
        ]
      ]
    },
    {
      "file_path": "/media/NFS/ttao/scannet/posed_images/scene0239_00/00372.jpg",
      "transform_matrix": [
        [
          -0.868887,
          0.065237,
          -0.490692,
          2.624092
        ],
        [
          0.488904,
          0.268308,
          -0.83005,
          4.31057
        ],
        [
          0.077507,
          -0.961122,
          -0.265024,
          1.505827
        ],
        [
          0.0,
          0.0,
          0.0,
          1.0
        ]
      ]
    },
    {
      "file_path": "/media/NFS/ttao/scannet/posed_images/scene0239_00/00374.jpg",
      "transform_matrix": [
        [
          -0.865745,
          0.069262,
          -0.495669,
          2.621197
        ],
        [
          0.494641,
          0.269321,
          -0.826315,
          4.313977
        ],
        [
          0.076262,
          -0.960557,
          -0.267423,
