{
  "frames": [
    {
      "file_path": "/media/NFS/ttao/scannet/posed_images/scene0526_01/00000.jpg",
      "transform_matrix": [
        [
          -0.346235,
          0.685383,
          -0.640603,
          5.211637
        ],
        [
          0.929875,
          0.160234,
          -0.331147,
          1.688454
        ],
        [
          -0.124316,
          -0.710335,
          -0.692799,
          1.349327
        ],
        [
          0.0,
          0.0,
          0.0,
          1.0
        ]
      ]
    },
    {
      "file_path": "/media/NFS/ttao/scannet/posed_images/scene0526_01/00001.jpg",
      "transform_matrix": [
        [
          -0.350217,
          0.692585,
          -0.630614,
          5.222903
        ],
        [
          0.9274,
          0.161918,
          -0.33721,
          1.690533
        ],
        [
          -0.131439,
          -0.702929,
          -0.69901,
          1.349121
        ],
        [
          0.0,
          0.0,
          0.0,
          1.0
        ]
      ]
    },
    {
      "file_path": "/media/NFS/ttao/scannet/posed_images/scene0526_01/00003.jpg",
      "transform_matrix": [
        [
          -0.348509,
          0.697707,
          -0.625896,
          5.222472
        ],
        [
          0.928233,
          0.164225,
          -0.333788,
          1.69018
        ],
        [
          -0.130099,
          -0.697306,
          -0.704868,
          1.358014
        ],
        [
          0.0,
          0.0,
          0.0,
          1.0
        ]
      ]
    },
    {
      "file_path": "/media/NFS/ttao/scannet/posed_images/scene0526_01/00004.jpg",
      "transform_matrix": [
        [
          -0.344852,
          0.694904,
          -0.631019,
          5.225172
        ],
        [
          0.929587,
          0.159602,
          -0.332258,
          1.692076
        ],
        [
          -0.130176,
          -0.701167,
          -0.701013,
          1.357591
        ],
        [
          0.0,
          0.0,
          0.0,
          1.0
        ]
      ]
    },
    {
      "file_path": "/media/NFS/ttao/scannet/posed_images/scene0526_01/00006.jpg",
      "transform_matrix": [
        [
          -0.333383,
          0.694976,
          -0.637075,
          5.229977
        ],
        [
          0.932895,
          0.145519,
          -0.329441,
          1.692992
        ],
        [
          -0.136247,
          -0.704154,
          -0.696853,
          1.358178
        ],
        [
          0.0,
          0.0,
          0.0,
          1.0
        ]
      ]
    },
    {
      "file_path": "/media/NFS/ttao/scannet/posed_images/scene0526_01/00008.jpg",
      "transform_matrix": [
        [
          -0.328406,
          0.698135,
          -0.636205,
          5.234293
        ],
        [
          0.934232,
          0.140864,
          -0.32767,
          1.694882
        ],
        [
          -0.13914,
          -0.701972,
          -0.698481,
          1.35916
        ],
        [
          0.0,
          0.0,
          0.0,
          1.0
        ]
      ]
    },
    {
      "file_path": "/media/NFS/ttao/scannet/posed_images/scene0526_01/00009.jpg",
      "transform_matrix": [
        [
          -0.329201,
          0.697326,
          -0.636681,
          5.235264
        ],
        [
          0.934431,
          0.143548,
          -0.325934,
          1.696137
        ],
        [
          -0.135889,
          -0.702232,
          -0.698859,
          1.360945
        ],
        [
          0.0,
          0.0,
          0.0,
          1.0
        ]
      ]
    },
    {
      "file_path": "/media/NFS/ttao/scannet/posed_images/scene0526_01/00010.jpg",
      "transform_matrix": [
        [
          -0.324461,
          0.694294,
          -0.642403,
          5.237989
        ],
        [
          0.937032,
          0.14315,
          -0.318558,
          1.691475
        ],
        [
          -0.129213,
          -0.705312,
          -0.697022,
          1.361583
        ],
        [
          0.0,
          0.0,
          0.0,
          1.0
        ]
      ]
    },
    {
      "file_path": "/media/NFS/ttao/scannet/posed_images/scene0526_01/00012.jpg",
      "transform_matrix": [
        [
          -0.321525,
          0.686857,
          -0.651805,
          5.246187
        ],
        [
          0.939187,
          0.143641,
          -0.31192,
          1.69303
        ],
        [
          -0.120619,
          -0.712457,
          -0.691272,
          1.359786
        ],
        [
          0.0,
          0.0,
          0.0,
          1.0
        ]
      ]
    },
    {
      "file_path": "/media/NFS/ttao/scannet/posed_images/scene0526_01/00014.jpg",
      "transform_matrix": [
        [
          -0.317386,
          0.689329,
          -0.651224,
          5.253505
        ],
        [
          0.939543,
          0.135487,
          -0.314488,
          1.69577
        ],
        [
          -0.128553,
          -0.711667,
          -0.690656,
          1.35523
        ],
        [
          0.0,
          0.0,
          0.0,
          1.0
        ]
      ]
    },
    {
      "file_path": "/media/NFS/ttao/scannet/posed_images/scene0526_01/00015.jpg",
      "transform_matrix": [
        [
          -0.315796,
          0.693939,
          -0.647087,
          5.2564
        ],
        [
          0.939071,
          0.131038,
          -0.317766,
          1.696363
        ],
        [
          -0.135718,
          -0.70801,
          -0.693039,
          1.353878
        ],
        [
          0.0,
          0.0,
          0.0,
          1.0
        ]
      ]
    },
    {
      "file_path": "/media/NFS/ttao/scannet/posed_images/scene0526_01/00016.jpg",
      "transform_matrix": [
        [
          -0.313417,
          0.69786,
          -0.64402,
          5.259032
        ],
        [
          0.939342,
          0.128344,
          -0.318063,
          1.696528
        ],
        [
          -0.139308,
          -0.704642,
          -0.695754,
          1.353588
        ],
        [
          0.0,
          0.0,
          0.0,
          1.0
        ]
      ]
    },
    {
      "file_path": "/media/NFS/ttao/scannet/posed_images/scene0526_01/00018.jpg",
      "transform_matrix": [
        [
          -0.310783,
          0.70346,
          -0.639186,
          5.26767
        ],
        [
          0.940264,
          0.129204,
          -0.314975,
          1.69894
        ],
        [
          -0.138987,
          -0.698893,
          -0.701592,
          1.347509
        ],
        [
          0.0,
          0.0,
          0.0,
          1.0
        ]
      ]
    },
    {
      "file_path": "/media/NFS/ttao/scannet/posed_images/scene0526_01/00020.jpg",
      "transform_matrix": [
        [
          -0.305154,
          0.708148,
          -0.636716,
          5.271081
        ],
        [
          0.942324,
          0.127999,
          -0.309261,
          1.696479
        ],
        [
          -0.137503,
          -0.694365,
          -0.706364,
          1.345338
        ],
        [
          0.0,
          0.0,
          0.0,
          1.0
        ]
      ]
    },
    {
      "file_path": "/media/NFS/ttao/scannet/posed_images/scene0526_01/00021.jpg",
      "transform_matrix": [
        [
          -0.304439,
          0.706803,
          -0.63855,
          5.275656
        ],
        [
          0.942852,
          0.128279,
          -0.307529,
          1.697105
        ],
        [
          -0.13545,
          -0.695683,
          -0.705464,
          1.343208
        ],
        [
          0.0,
          0.0,
          0.0,
          1.0
        ]
      ]
    },
    {
      "file_path": "/media/NFS/ttao/scannet/posed_images/scene0526_01/00022.jpg",
      "transform_matrix": [
        [
          -0.30585,
          0.704512,
          -0.640405,
          5.277778
        ],
        [
          0.942751,
          0.130173,
          -0.307042,
          1.698856
        ],
        [
          -0.132951,
          -0.697652,
          -0.703993,
          1.342446
        ],
        [
          0.0,
          0.0,
          0.0,
          1.0
        ]
      ]
    },
    {
      "file_path": "/media/NFS/ttao/scannet/posed_images/scene0526_01/00024.jpg",
      "transform_matrix": [
        [
          -0.307887,
          0.693878,
          -0.650952,
          5.289289
        ],
        [
          0.943335,
          0.133617,
          -0.303751,
          1.702194
        ],
        [
          -0.123789,
          -0.707587,
          -0.695699,
          1.334907
        ],
        [
          0.0,
          0.0,
          0.0,
          1.0
        ]
      ]
    },
    {
      "file_path": "/media/NFS/ttao/scannet/posed_images/scene0526_01/00025.jpg",
      "transform_matrix": [
        [
          -0.31105,
          0.691779,
          -0.651682,
          5.29698
        ],
        [
          0.942625,
          0.137068,
          -0.304417,
          1.70633
        ],
        [
          -0.121264,
          -0.708981,
          -0.694724,
          1.328248
        ],
        [
          0.0,
          0.0,
          0.0,
          1.0
        ]
      ]
    },
    {
      "file_path": "/media/NFS/ttao/scannet/posed_images/scene0526_01/00027.jpg",
      "transform_matrix": [
        [
          -0.316252,
          0.69745,
          -0.643077,
          5.308735
        ],
        [
          0.941423,
          0.147065,
          -0.303472,
          1.710554
        ],
        [
          -0.117083,
          -0.701381,
          -0.703105,
          1.320551
        ],
        [
          0.0,
          0.0,
          0.0,
          1.0
        ]
      ]
    },
    {
      "file_path": "/media/NFS/ttao/scannet/posed_images/scene0526_01/00029.jpg",
      "transform_matrix": [
        [
          -0.324536,
          0.698692,
          -0.637578,
          5.319179
        ],
        [
          0.93881,
          0.155714,
          -0.307227,
          1.721694
        ],
        [
          -0.115377,
          -0.698271,
          -0.706474,
          1.315714
        ],
        [
          0.0,
          0.0,
          0.0,
          1.0
        ]
      ]
    },
    {
      "file_path": "/media/NFS/ttao/scannet/posed_images/scene0526_01/00030.jpg",
      "transform_matrix": [
        [
          -0.32649,
          0.698567,
          -0.636717,
          5.325776
        ],
        [
          0.937864,
          0.155657,
          -0.310131,
          1.728836
        ],
        [
          -0.117538,
          -0.698409,
          -0.705982,
          1.312509
        ],
        [
          0.0,
          0.0,
          0.0,
          1.0
        ]
      ]
    },
    {
      "file_path": "/media/NFS/ttao/scannet/posed_images/scene0526_01/00031.jpg",
      "transform_matrix": [
        [
          -0.330816,
          0.700565,
          -0.632273,
          5.332294
        ],
        [
          0.935393,
          0.154747,
          -0.317951,
          1.739851
        ],
        [
          -0.124903,
          -0.696607,
          -0.706497,
          1.309135
        ],
        [
          0.0,
          0.0,
          0.0,
          1.0
        ]
      ]
    },
    {
      "file_path": "/media/NFS/ttao/scannet/posed_images/scene0526_01/00033.jpg",
      "transform_matrix": [
        [
          -0.33203,
          0.710417,
          -0.620535,
          5.339745
        ],
        [
          0.932354,
          0.147382,
          -0.330144,
          1.754696
        ],
        [
          -0.143084,
          -0.688176,
          -0.711295,
          1.311074
        ],
        [
          0.0,
          0.0,
          0.0,
          1.0
        ]
      ]
    },
    {
      "file_path": "/media/NFS/ttao/scannet/posed_images/scene0526_01/00034.jpg",
      "transform_matrix": [
        [
          -0.336671,
          0.708784,
          -0.619901,
          5.340525
        ],
        [
          0.930031,
          0.147324,
          -0.336657,
          1.764744
        ],
        [
          -0.147291,
          -0.68987,
          -0.708791,
          1.314719
        ],
        [
          0.0,
          0.0,
          0.0,
          1.0
        ]
      ]
    },
    {
      "file_path": "/media/NFS/ttao/scannet/posed_images/scene0526_01/00036.jpg",
      "transform_matrix": [
        [
          -0.348162,
          0.687,
          -0.63782,
          5.347353
        ],
        [
          0.925481,
          0.143588,
          -0.350525,
          1.799877
        ],
        [
          -0.149227,
          -0.712329,
          -0.685798,
          1.314321
        ],
        [
          0.0,
          0.0,
          0.0,
          1.0
        ]
      ]
    },
    {
      "file_path": "/media/NFS/ttao/scannet/posed_images/scene0526_01/00038.jpg",
      "transform_matrix": [
        [
          -0.35168,
          0.682543,
          -0.640669,
          5.356009
        ],
        [
          0.92326,
          0.139842,
          -0.357819,
          1.835895
        ],
        [
          -0.154634,
          -0.717342,
          -0.679345,
          1.309219
        ],
        [
          0.0,
          0.0,
          0.0,
          1.0
        ]
      ]
    },
    {
      "file_path": "/media/NFS/ttao/scannet/posed_images/scene0526_01/00039.jpg",
      "transform_matrix": [
        [
          -0.350689,
          0.683717,
          -0.63996,
          5.358017
        ],
        [
          0.923286,
          0.138065,
          -0.358442,
          1.851447
        ],
        [
          -0.156717,
          -0.716568,
          -0.679684,
          1.310776
        ],
        [
          0.0,
          0.0,
          0.0,
          1.0
        ]
      ]
    },
    {
      "file_path": "/media/NFS/ttao/scannet/posed_images/scene0526_01/00040.jpg",
      "transform_matrix": [
        [
          -0.352511,
          0.681412,
          -0.641416,
          5.360641
        ],
        [
          0.922746,
          0.13898,
          -0.359478,
          1.868142
        ],
        [
          -0.155809,
          -0.718584,
          -0.677762,
          1.311321
        ],
        [
          0.0,
          0.0,
          0.0,
          1.0
        ]
      ]
    },
    {
      "file_path": "/media/NFS/ttao/scannet/posed_images/scene0526_01/00042.jpg",
      "transform_matrix": [
        [
          -0.372723,
          0.665943,
          -0.646218,
          5.367108
        ],
        [
          0.916276,
          0.154041,
          -0.369744,
          1.902954
        ],
        [
          -0.146684,
          -0.729926,
          -0.667602,
          1.310821
        ],
        [
          0.0,
          0.0,
          0.0,
          1.0
        ]
      ]
    },
    {
      "file_path": "/media/NFS/ttao/scannet/posed_images/scene0526_01/00044.jpg",
      "transform_matrix": [
        [
          -0.386075,
          0.644658,
          -0.659819,
          5.381052
        ],
        [
          0.912916,
          0.164349,
          -0.373595,
          1.934885
        ],
        [
          -0.1324,
          -0.746596,
          -0.65197,
          1.299359
        ],
        [
          0.0,
          0.0,
          0.0,
          1.0
        ]
      ]
    },
    {
      "file_path": "/media/NFS/ttao/scannet/posed_images/scene0526_01/00046.jpg",
      "transform_matrix": [
        [
          -0.395301,
          0.64002,
          -0.658871,
          5.389502
        ],
        [
          0.908856,
          0.168585,
          -0.381523,
          1.966696
        ],
        [
          -0.133107,
          -0.749636,
          -0.648328,
          1.291632
        ],
        [
          0.0,
          0.0,
          0.0,
          1.0
        ]
      ]
    },
    {
      "file_path": "/media/NFS/ttao/scannet/posed_images/scene0526_01/00047.jpg",
      "transform_matrix": [
        [
          -0.40045,
          0.640108,
          -0.655668,
          5.390555
        ],
        [
          0.906246,
          0.170858,
          -0.386687,
          1.980303
        ],
        [
          -0.135495,
          -0.749045,
          -0.648516,
          1.291364
        ],
        [
          0.0,
          0.0,
          0.0,
          1.0
        ]
      ]
    },
    {
      "file_path": "/media/NFS/ttao/scannet/posed_images/scene0526_01/00048.jpg",
      "transform_matrix": [
        [
          -0.404298,
          0.638146,
          -0.65522,
          5.392433
        ],
        [
          0.904364,
          0.171897,
          -0.390612,
          1.992012
        ],
        [
          -0.136637,
          -0.750481,
          -0.646614,
          1.290668
        ],
        [
          0.0,
          0.0,
          0.0,
          1.0
        ]
      ]
    },
    {
      "file_path": "/media/NFS/ttao/scannet/posed_images/scene0526_01/00050.jpg",
      "transform_matrix": [
        [
          -0.416793,
          0.632637,
          -0.652728,
          5.393188
        ],
        [
          0.898884,
          0.180006,
          -0.399507,
          2.02281
        ],
        [
          -0.135248,
          -0.753238,
          -0.643693,
          1.291463
        ],
        [
          0.0,
          0.0,
          0.0,
          1.0
        ]
      ]
    },
    {
      "file_path": "/media/NFS/ttao/scannet/posed_images/scene0526_01/00051.jpg",
      "transform_matrix": [
        [
          -0.418665,
          0.631057,
          -0.653059,
          5.393274
        ],
        [
          0.897631,
          0.17847,
          -0.402998,
          2.0318
        ],
        [
          -0.137763,
          -0.754928,
          -0.641176,
          1.29286
        ],
        [
          0.0,
          0.0,
          0.0,
          1.0
        ]
      ]
    },
    {
      "file_path": "/media/NFS/ttao/scannet/posed_images/scene0526_01/00053.jpg",
      "transform_matrix": [
        [
          -0.422869,
          0.624397,
          -0.656741,
          5.390078
        ],
        [
          0.894973,
          0.174087,
          -0.410751,
          2.056308
        ],
        [
          -0.142142,
          -0.76146,
          -0.632435,
          1.295241
        ],
        [
          0.0,
          0.0,
          0.0,
          1.0
        ]
      ]
    },
    {
      "file_path": "/media/NFS/ttao/scannet/posed_images/scene0526_01/00055.jpg",
      "transform_matrix": [
        [
          -0.418404,
          0.627354,
          -0.656783,
          5.38662
        ],
        [
          0.895237,
          0.162835,
          -0.414772,
          2.076266
        ],
        [
          -0.153262,
          -0.761519,
          -0.629762,
          1.296155
        ],
        [
          0.0,
          0.0,
          0.0,
          1.0
        ]
      ]
    },
    {
      "file_path": "/media/NFS/ttao/scannet/posed_images/scene0526_01/00056.jpg",
      "transform_matrix": [
        [
          -0.415358,
          0.63056,
          -0.655646,
          5.381387
        ],
        [
          0.895407,
          0.156327,
          -0.416904,
          2.084932
        ],
        [
          -0.160388,
          -0.760234,
          -0.629539,
          1.301212
        ],
        [
          0.0,
          0.0,
          0.0,
          1.0
        ]
      ]
    },
    {
      "file_path": "/media/NFS/ttao/scannet/posed_images/scene0526_01/00058.jpg",
      "transform_matrix": [
        [
          -0.409474,
          0.630805,
          -0.659102,
          5.375508
        ],
        [
          0.894999,
          0.13763,
          -0.424305,
          2.103662
        ],
        [
          -0.176942,
          -0.763638,
          -0.620926,
          1.301411
        ],
        [
          0.0,
          0.0,
          0.0,
          1.0
        ]
      ]
    },
    {
      "file_path": "/media/NFS/ttao/scannet/posed_images/scene0526_01/00059.jpg",
      "transform_matrix": [
        [
          -0.40855,
          0.634727,
          -0.655902,
          5.370222
        ],
        [
          0.89375,
          0.132393,
          -0.428583,
          2.112574
        ],
        [
          -0.185196,
          -0.76131,
          -0.621377,
          1.300183
        ],
        [
          0.0,
          0.0,
          0.0,
          1.0
        ]
      ]
    },
    {
      "file_path": "/media/NFS/ttao/scannet/posed_images/scene0526_01/00060.jpg",
      "transform_matrix": [
        [
          -0.404513,
          0.641553,
          -0.651751,
          5.364428
        ],
        [
          0.895537,
          0.133379,
          -0.424528,
          2.115235
        ],
        [
          -0.185428,
          -0.755394,
          -0.628488,
          1.308385
        ],
        [
          0.0,
          0.0,
          0.0,
          1.0
        ]
      ]
    },
    {
      "file_path": "/media/NFS/ttao/scannet/posed_images/scene0526_01/00062.jpg",
      "transform_matrix": [
        [
          -0.395273,
          0.643325,
          -0.655662,
          5.349607
        ],
        [
          0.900064,
          0.128727,
          -0.416309,
          2.130919
        ],
        [
          -0.183421,
          -0.754694,
          -0.629916,
          1.308745
        ],
        [
          0.0,
          0.0,
          0.0,
          1.0
        ]
      ]
    },
    {
      "file_path": "/media/NFS/ttao/scannet/posed_images/scene0526_01/00063.jpg",
      "transform_matrix": [
        [
          -0.38718,
          0.646627,
          -0.657241,
          5.344363
        ],
        [
          0.903972,
          0.125939,
          -0.408624,
          2.136443
        ],
        [
          -0.181455,
          -0.752339,
          -0.633294,
          1.306597
        ],
        [
          0.0,
          0.0,
          0.0,
          1.0
        ]
      ]
    },
    {
      "file_path": "/media/NFS/ttao/scannet/posed_images/scene0526_01/00065.jpg",
      "transform_matrix": [
        [
          -0.365493,
          0.652207,
          -0.664109,
          5.325099
        ],
        [
          0.914336,
          0.117907,
          -0.387411,
          2.141358
        ],
        [
          -0.17437,
          -0.748815,
          -0.639431,
          1.309364
        ],
        [
          0.0,
          0.0,
          0.0,
          1.0
        ]
      ]
    },
    {
      "file_path": "/media/NFS/ttao/scannet/posed_images/scene0526_01/00066.jpg",
      "transform_matrix": [
        [
          -0.353141,
          0.651511,
          -0.671435,
          5.317293
        ],
        [
          0.920466,
          0.113512,
          -0.373976,
          2.148359
        ],
        [
          -0.167434,
          -0.750099,
          -0.639779,
          1.305549
        ],
        [
          0.0,
          0.0,
          0.0,
          1.0
        ]
      ]
    },
    {
      "file_path": "/media/NFS/ttao/scannet/posed_images/scene0526_01/00068.jpg",
      "transform_matrix": [
        [
          -0.328814,
          0.652098,
          -0.683118,
          5.299725
        ],
        [
          0.931974,
          0.10713,
          -0.346334,
          2.154747
        ],
        [
          -0.152662,
          -0.750528,
          -0.642964,
          1.307506
        ],
        [
          0.0,
          0.0,
          0.0,
          1.0
        ]
      ]
    },
    {
      "file_path": "/media/NFS/ttao/scannet/posed_images/scene0526_01/00069.jpg",
      "transform_matrix": [
        [
          -0.321869,
          0.648902,
          -0.689439,
          5.28252
        ],
        [
          0.935378,
          0.105254,
          -0.337623,
          2.161841
        ],
        [
          -0.146518,
          -0.753557,
          -0.640847,
          1.309944
        ],
        [
          0.0,
          0.0,
          0.0,
          1.0
        ]
      ]
    },
    {
      "file_path": "/media/NFS/ttao/scannet/posed_images/scene0526_01/00071.jpg",
      "transform_matrix": [
        [
          -0.304044,
          0.635956,
          -0.709307,
          5.261536
        ],
        [
          0.943849,
          0.10007,
          -0.314858,
          2.17873
        ],
        [
          -0.129255,
          -0.765209,
          -0.630673,
          1.304593
        ],
        [
          0.0,
          0.0,
          0.0,
          1.0
        ]
      ]
    },
    {
      "file_path": "/media/NFS/ttao/scannet/posed_images/scene0526_01/00072.jpg",
      "transform_matrix": [
        [
          -0.297328,
          0.6369,
          -0.711304,
          5.248697
        ],
        [
          0.946359,
          0.097891,
          -0.307931,
          2.186362
        ],
        [
          -0.126491,
          -0.764706,
          -0.631842,
          1.301249
        ],
        [
          0.0,
          0.0,
          0.0,
          1.0
        ]
      ]
    },
    {
      "file_path": "/media/NFS/ttao/scannet/posed_images/scene0526_01/00074.jpg",
      "transform_matrix": [
        [
          -0.271055,
          0.641361,
          -0.717764,
          5.218853
        ],
        [
          0.955385,
          0.08836,
          -0.281836,
          2.191175
        ],
        [
          -0.117337,
          -0.762134,
          -0.636697,
          1.308043
        ],
        [
          0.0,
          0.0,
          0.0,
          1.0
        ]
      ]
    },
    {
      "file_path": "/media/NFS/ttao/scannet/posed_images/scene0526_01/00075.jpg",
      "transform_matrix": [
        [
          -0.259787,
          0.640499,
          -0.722683,
          5.203775
        ],
        [
          0.958775,
          0.081836,
          -0.272127,
          2.201979
        ],
        [
          -0.115155,
          -0.763586,
          -0.635355,
          1.306266
        ],
        [
          0.0,
          0.0,
          0.0,
          1.0
        ]
      ]
    },
    {
      "file_path": "/media/NFS/ttao/scannet/posed_images/scene0526_01/00077.jpg",
      "transform_matrix": [
        [
          -0.232497,
          0.636927,
          -0.73503,
          5.169139
        ],
        [
          0.967116,
          0.071273,
          -0.244147,
          2.211296
        ],
        [
          -0.103116,
          -0.767622,
          -0.632553,
          1.318728
        ],
        [
          0.0,
          0.0,
          0.0,
          1.0
        ]
      ]
    },
    {
      "file_path": "/media/NFS/ttao/scannet/posed_images/scene0526_01/00078.jpg",
      "transform_matrix": [
        [
          -0.217124,
          0.626626,
          -0.748463,
          5.155013
        ],
        [
          0.971217,
          0.061738,
          -0.230055,
          2.215648
        ],
        [
          -0.09795,
          -0.776871,
          -0.621995,
          1.318018
        ],
        [
          0.0,
          0.0,
          0.0,
          1.0
        ]
      ]
    },
    {
      "file_path": "/media/NFS/ttao/scannet/posed_images/scene0526_01/00080.jpg",
      "transform_matrix": [
        [
          -0.184905,
          0.607448,
          -0.772539,
          5.138941
        ],
        [
          0.979261,
          0.047648,
          -0.196918,
          2.213668
        ],
        [
          -0.082808,
          -0.792929,
          -0.603661,
          1.313895
        ],
        [
          0.0,
          0.0,
          0.0,
          1.0
        ]
      ]
    },
    {
      "file_path": "/media/NFS/ttao/scannet/posed_images/scene0526_01/00082.jpg",
      "transform_matrix": [
        [
          -0.167486,
          0.598568,
          -0.783368,
          5.115959
        ],
        [
          0.983047,
          0.041262,
          -0.178649,
          2.232123
        ],
        [
          -0.074611,
          -0.800009,
          -0.595331,
          1.309752
        ],
        [
          0.0,
          0.0,
          0.0,
          1.0
        ]
      ]
    },
    {
      "file_path": "/media/NFS/ttao/scannet/posed_images/scene0526_01/00083.jpg",
      "transform_matrix": [
        [
          -0.161959,
          0.602638,
          -0.781407,
          5.102518
        ],
        [
          0.983756,
          0.036476,
          -0.175768,
          2.239078
        ],
        [
          -0.077422,
          -0.797181,
          -0.598756,
          1.313597
        ],
        [
          0.0,
          0.0,
          0.0,
          1.0
        ]
      ]
    },
    {
      "file_path": "/media/NFS/ttao/scannet/posed_images/scene0526_01/00084.jpg",
      "transform_matrix": [
        [
          -0.161009,
          0.601769,
          -0.782272,
          5.085373
        ],
        [
          0.983767,
          0.034214,
          -0.176161,
          2.251094
        ],
        [
          -0.079243,
          -0.797937,
          -0.59751,
          1.315509
        ],
        [
          0.0,
          0.0,
          0.0,
          1.0
        ]
      ]
    },
    {
      "file_path": "/media/NFS/ttao/scannet/posed_images/scene0526_01/00086.jpg",
      "transform_matrix": [
        [
          -0.151649,
          0.594885,
          -0.789376,
          5.065718
        ],
        [
          0.985463,
          0.029118,
          -0.167376,
          2.269229
        ],
        [
          -0.076585,
          -0.803283,
          -0.590653,
          1.310366
        ],
        [
          0.0,
          0.0,
          0.0,
          1.0
        ]
      ]
    },
    {
      "file_path": "/media/NFS/ttao/scannet/posed_images/scene0526_01/00087.jpg",
      "transform_matrix": [
        [
          -0.146787,
          0.595356,
          -0.78994,
          5.053476
        ],
        [
          0.986433,
          0.02876,
          -0.161623,
          2.281036
        ],
        [
          -0.073505,
          -0.802947,
          -0.591501,
          1.309138
        ],
        [
          0.0,
          0.0,
          0.0,
          1.0
        ]
      ]
    },
    {
      "file_path": "/media/NFS/ttao/scannet/posed_images/scene0526_01/00089.jpg",
      "transform_matrix": [
        [
          -0.146027,
          0.599332,
          -0.787069,
          5.031977
        ],
        [
          0.987025,
          0.034566,
          -0.156804,
          2.301075
        ],
        [
          -0.066772,
          -0.799754,
          -0.596603,
          1.303889
        ],
        [
          0.0,
          0.0,
          0.0,
          1.0
        ]
      ]
    },
    {
      "file_path": "/media/NFS/ttao/scannet/posed_images/scene0526_01/00091.jpg",
      "transform_matrix": [
        [
          -0.159149,
          0.594713,
          -0.788028,
          4.999291
        ],
        [
          0.98581,
          0.052565,
          -0.159423,
          2.320073
        ],
        [
          -0.053388,
          -0.802218,
          -0.59464,
          1.317555
        ],
        [
          0.0,
          0.0,
          0.0,
          1.0
        ]
      ]
    },
    {
      "file_path": "/media/NFS/ttao/scannet/posed_images/scene0526_01/00092.jpg",
      "transform_matrix": [
        [
          -0.171279,
          0.576085,
          -0.799243,
          4.986556
        ],
        [
          0.98393,
          0.05847,
          -0.168713,
          2.332748
        ],
        [
          -0.050461,
          -0.815296,
          -0.576841,
          1.315688
        ],
        [
          0.0,
          0.0,
          0.0,
          1.0
        ]
      ]
    },
    {
      "file_path": "/media/NFS/ttao/scannet/posed_images/scene0526_01/00094.jpg",
      "transform_matrix": [
        [
          -0.205742,
          0.545973,
          -0.812148,
          4.966894
        ],
        [
          0.977078,
          0.068242,
          -0.201647,
          2.361598
        ],
        [
          -0.054672,
          -0.835019,
          -0.547498,
          1.315773
        ],
        [
          0.0,
          0.0,
          0.0,
          1.0
        ]
      ]
    },
    {
      "file_path": "/media/NFS/ttao/scannet/posed_images/scene0526_01/00096.jpg",
      "transform_matrix": [
        [
          -0.247766,
          0.523963,
          -0.814908,
          4.949025
        ],
        [
          0.967291,
          0.086546,
          -0.23845,
          2.39573
        ],
        [
          -0.054412,
          -0.847333,
          -0.528268,
          1.316594
        ],
        [
          0.0,
          0.0,
          0.0,
          1.0
        ]
      ]
    },
    {
      "file_path": "/media/NFS/ttao/scannet/posed_images/scene0526_01/00097.jpg",
      "transform_matrix": [
        [
          -0.266684,
          0.523456,
          -0.809243,
          4.940602
        ],
        [
          0.962264,
          0.097475,
          -0.25406,
          2.409138
        ],
        [
          -0.054109,
          -0.846459,
          -0.529698,
          1.314283
        ],
        [
          0.0,
          0.0,
          0.0,
          1.0
        ]
      ]
    },
    {
      "file_path": "/media/NFS/ttao/scannet/posed_images/scene0526_01/00098.jpg",
      "transform_matrix": [
        [
          -0.287272,
          0.521622,
          -0.803359,
          4.92772
        ],
        [
          0.956462,
          0.111104,
          -0.26988,
          2.425777
        ],
        [
          -0.051519,
          -0.845912,
          -0.530829,
          1.315908
        ],
        [
          0.0,
          0.0,
          0.0,
          1.0
        ]
      ]
    },
    {
      "file_path": "/media/NFS/ttao/scannet/posed_images/scene0526_01/00100.jpg",
      "transform_matrix": [
        [
          -0.316788,
          0.5109,
          -0.799141,
          4.900783
        ],
        [
          0.947547,
          0.132783,
          -0.290728,
          2.456978
        ],
        [
          -0.04242,
          -0.849323,
          -0.526166,
          1.329208
        ],
        [
          0.0,
          0.0,
          0.0,
          1.0
        ]
      ]
    },
    {
      "file_path": "/media/NFS/ttao/scannet/posed_images/scene0526_01/00102.jpg",
      "transform_matrix": [
        [
          -0.329912,
          0.488006,
          -0.808089,
          4.885496
        ],
        [
          0.943626,
          0.146013,
          -0.297069,
          2.479279
        ],
        [
          -0.02698,
          -0.860541,
          -0.508667,
          1.3327
        ],
        [
          0.0,
          0.0,
          0.0,
          1.0
        ]
      ]
    },
    {
      "file_path": "/media/NFS/ttao/scannet/posed_images/scene0526_01/00103.jpg",
      "transform_matrix": [
        [
          -0.333596,
          0.48029,
          -0.811194,
          4.87849
        ],
        [
          0.942495,
          0.1513,
          -0.298011,
          2.493117
        ],
        [
          -0.020398,
          -0.863962,
          -0.503144,
          1.330726
        ],
        [
          0.0,
          0.0,
          0.0,
          1.0
        ]
      ]
    },
    {
      "file_path": "/media/NFS/ttao/scannet/posed_images/scene0526_01/00104.jpg",
      "transform_matrix": [
        [
          -0.336974,
          0.478668,
          -0.810756,
          4.870844
        ],
        [
          0.941397,
          0.157722,
          -0.298154,
          2.504498
        ],
        [
          -0.014843,
          -0.863714,
          -0.503765,
          1.330915
        ],
        [
          0.0,
          0.0,
          0.0,
          1.0
        ]
      ]
    },
    {
      "file_path": "/media/NFS/ttao/scannet/posed_images/scene0526_01/00106.jpg",
      "transform_matrix": [
        [
          -0.347278,
          0.485441,
          -0.802337,
          4.851611
        ],
        [
          0.93767,
          0.16776,
          -0.304354,
          2.525576
        ],
        [
          -0.013146,
          -0.858023,
          -0.513443,
          1.331065
        ],
        [
          0.0,
          0.0,
          0.0,
          1.0
        ]
      ]
    },
    {
      "file_path": "/media/NFS/ttao/scannet/posed_images/scene0526_01/00108.jpg",
      "transform_matrix": [
        [
          -0.349111,
          0.489698,
          -0.798948,
          4.829629
        ],
        [
          0.936956,
          0.168481,
          -0.306148,
          2.539777
        ],
        [
          -0.015313,
          -0.855459,
          -0.517644,
          1.335214
        ],
        [
          0.0,
          0.0,
          0.0,
          1.0
        ]
      ]
    },
    {
      "file_path": "/media/NFS/ttao/scannet/posed_images/scene0526_01/00109.jpg",
      "transform_matrix": [
        [
          -0.348569,
          0.49014,
          -0.798913,
          4.818244
        ],
        [
          0.937133,
          0.166983,
          -0.30643,
          2.546016
        ],
        [
          -0.016789,
          -0.855499,
          -0.517532,
          1.336167
        ],
        [
          0.0,
          0.0,
          0.0,
          1.0
        ]
      ]
    },
    {
      "file_path": "/media/NFS/ttao/scannet/posed_images/scene0526_01/00110.jpg",
      "transform_matrix": [
        [
          -0.360722,
          0.486933,
          -0.795472,
          4.79672
        ],
        [
          0.932446,
          0.169462,
          -0.319103,
          2.569618
        ],
        [
          -0.020579,
          -0.856843,
          -0.515167,
          1.337836
        ],
        [
          0.0,
          0.0,
          0.0,
          1.0
        ]
      ]
    },
    {
      "file_path": "/media/NFS/ttao/scannet/posed_images/scene0526_01/00112.jpg",
      "transform_matrix": [
        [
          -0.378376,
          0.472882,
          -0.795747,
          4.771476
        ],
        [
          0.925321,
          0.170243,
          -0.338819,
          2.589007
        ],
        [
          -0.024751,
          -0.864523,
          -0.501983,
          1.335433
        ],
        [
          0.0,
          0.0,
          0.0,
          1.0
        ]
      ]
    },
    {
      "file_path": "/media/NFS/ttao/scannet/posed_images/scene0526_01/00114.jpg",
      "transform_matrix": [
        [
          -0.389979,
          0.460336,
          -0.7975,
          4.74799
        ],
        [
          0.920533,
          0.173139,
          -0.350203,
          2.606842
        ],
        [
          -0.023133,
          -0.870697,
          -0.491276,
          1.325965
        ],
        [
          0.0,
          0.0,
          0.0,
          1.0
        ]
      ]
    },
    {
      "file_path": "/media/NFS/ttao/scannet/posed_images/scene0526_01/00115.jpg",
      "transform_matrix": [
        [
          -0.394737,
          0.459315,
          -0.795746,
          4.732241
        ],
        [
          0.91856,
          0.177757,
          -0.353057,
          2.61937
        ],
        [
          -0.020715,
          -0.870306,
          -0.492076,
          1.318973
        ],
        [
          0.0,
          0.0,
          0.0,
          1.0
        ]
      ]
    },
    {
      "file_path": "/media/NFS/ttao/scannet/posed_images/scene0526_01/00116.jpg",
      "transform_matrix": [
        [
          -0.394359,
          0.46194,
          -0.794413,
          4.716512
        ],
        [
          0.918834,
          0.184056,
          -0.349096,
          2.62441
        ],
        [
          -0.015045,
