{
  "frames": [
    {
      "file_path": "/media/NFS/ttao/scannet/posed_images/scene0303_00/00002.jpg",
      "transform_matrix": [
        [
          -0.99715,
          0.040567,
          -0.063619,
          1.792911
        ],
        [
          0.073682,
          0.34199,
          -0.93681,
          2.487298
        ],
        [
          -0.016247,
          -0.938827,
          -0.344005,
          1.339901
        ],
        [
          0.0,
          0.0,
          0.0,
          1.0
        ]
      ]
    },
    {
      "file_path": "/media/NFS/ttao/scannet/posed_images/scene0303_00/00005.jpg",
      "transform_matrix": [
        [
          -0.997122,
          0.038734,
          -0.065175,
          1.791661
        ],
        [
          0.074537,
          0.343552,
          -0.936171,
          2.486165
        ],
        [
          -0.013871,
          -0.938335,
          -0.34545,
          1.33748
        ],
        [
          0.0,
          0.0,
          0.0,
          1.0
        ]
      ]
    },
    {
      "file_path": "/media/NFS/ttao/scannet/posed_images/scene0303_00/00009.jpg",
      "transform_matrix": [
        [
          -0.996432,
          0.039547,
          -0.074568,
          1.792184
        ],
        [
          0.083635,
          0.343403,
          -0.935457,
          2.485594
        ],
        [
          -0.011388,
          -0.938355,
          -0.345485,
          1.344192
        ],
        [
          0.0,
          0.0,
          0.0,
          1.0
        ]
      ]
    },
    {
      "file_path": "/media/NFS/ttao/scannet/posed_images/scene0303_00/00017.jpg",
      "transform_matrix": [
        [
          -0.994097,
          0.049356,
          -0.096621,
          1.801055
        ],
        [
          0.10767,
          0.339017,
          -0.934599,
          2.484114
        ],
        [
          -0.013371,
          -0.939485,
          -0.34233,
          1.351242
        ],
        [
          0.0,
          0.0,
          0.0,
          1.0
        ]
      ]
    },
    {
      "file_path": "/media/NFS/ttao/scannet/posed_images/scene0303_00/00021.jpg",
      "transform_matrix": [
        [
          -0.991518,
          0.055609,
          -0.117472,
          1.82364
        ],
        [
          0.129386,
          0.33677,
          -0.932655,
          2.481213
        ],
        [
          -0.012303,
          -0.939943,
          -0.341109,
          1.348446
        ],
        [
          0.0,
          0.0,
          0.0,
          1.0
        ]
      ]
    },
    {
      "file_path": "/media/NFS/ttao/scannet/posed_images/scene0303_00/00028.jpg",
      "transform_matrix": [
        [
          -0.986817,
          0.056084,
          -0.151809,
          1.823897
        ],
        [
          0.161836,
          0.337328,
          -0.927372,
          2.481001
        ],
        [
          -0.000801,
          -0.939715,
          -0.341957,
          1.351074
        ],
        [
          0.0,
          0.0,
          0.0,
          1.0
        ]
      ]
    },
    {
      "file_path": "/media/NFS/ttao/scannet/posed_images/scene0303_00/00032.jpg",
      "transform_matrix": [
        [
          -0.980801,
          0.062713,
          -0.184656,
          1.853989
        ],
        [
          0.194967,
          0.336244,
          -0.921373,
          2.469956
        ],
        [
          0.004307,
          -0.939685,
          -0.342015,
          1.356719
        ],
        [
          0.0,
          0.0,
          0.0,
          1.0
        ]
      ]
    },
    {
      "file_path": "/media/NFS/ttao/scannet/posed_images/scene0303_00/00037.jpg",
      "transform_matrix": [
        [
          -0.976821,
          0.068827,
          -0.202689,
          1.847863
        ],
        [
          0.214015,
          0.332608,
          -0.918461,
          2.470382
        ],
        [
          0.004201,
          -0.94055,
          -0.339628,
          1.362441
        ],
        [
          0.0,
          0.0,
          0.0,
          1.0
        ]
      ]
    },
    {
      "file_path": "/media/NFS/ttao/scannet/posed_images/scene0303_00/00040.jpg",
      "transform_matrix": [
        [
          -0.972508,
          0.067863,
          -0.222764,
          1.864827
        ],
        [
          0.232609,
          0.328496,
          -0.915414,
          2.467298
        ],
        [
          0.011054,
          -0.942064,
          -0.33525,
          1.351564
        ],
        [
          0.0,
          0.0,
          0.0,
          1.0
        ]
      ]
    },
    {
      "file_path": "/media/NFS/ttao/scannet/posed_images/scene0303_00/00045.jpg",
      "transform_matrix": [
        [
          -0.964652,
          0.074182,
          -0.252871,
          1.866523
        ],
        [
          0.263148,
          0.322593,
          -0.909223,
          2.465767
        ],
        [
          0.014126,
          -0.943627,
          -0.33071,
          1.35713
        ],
        [
          0.0,
          0.0,
          0.0,
          1.0
        ]
      ]
    },
    {
      "file_path": "/media/NFS/ttao/scannet/posed_images/scene0303_00/00054.jpg",
      "transform_matrix": [
        [
          -0.941373,
          0.082157,
          -0.327212,
          1.867562
        ],
        [
          0.336385,
          0.302597,
          -0.891785,
          2.468069
        ],
        [
          0.025747,
          -0.949571,
          -0.312493,
          1.360606
        ],
        [
          0.0,
          0.0,
          0.0,
          1.0
        ]
      ]
    },
    {
      "file_path": "/media/NFS/ttao/scannet/posed_images/scene0303_00/00057.jpg",
      "transform_matrix": [
        [
          -0.9326,
          0.088992,
          -0.349768,
          1.867225
        ],
        [
          0.359947,
          0.300131,
          -0.88338,
          2.467995
        ],
        [
          0.026362,
          -0.949738,
          -0.311934,
          1.363627
        ],
        [
          0.0,
          0.0,
          0.0,
          1.0
        ]
      ]
    },
    {
      "file_path": "/media/NFS/ttao/scannet/posed_images/scene0303_00/00063.jpg",
      "transform_matrix": [
        [
          -0.914039,
          0.102756,
          -0.392397,
          1.86055
        ],
        [
          0.404861,
          0.290566,
          -0.866983,
          2.469791
        ],
        [
          0.02493,
          -0.951321,
          -0.307191,
          1.368074
        ],
        [
          0.0,
          0.0,
          0.0,
          1.0
        ]
      ]
    },
    {
      "file_path": "/media/NFS/ttao/scannet/posed_images/scene0303_00/00069.jpg",
      "transform_matrix": [
        [
          -0.892145,
          0.114239,
          -0.437066,
          1.853812
        ],
        [
          0.450792,
          0.288087,
          -0.844862,
          2.4739
        ],
        [
          0.029397,
          -0.950766,
          -0.308513,
          1.36129
        ],
        [
          0.0,
          0.0,
          0.0,
          1.0
        ]
      ]
    },
    {
      "file_path": "/media/NFS/ttao/scannet/posed_images/scene0303_00/00071.jpg",
      "transform_matrix": [
        [
          -0.88654,
          0.121032,
          -0.44654,
          1.847829
        ],
        [
          0.461612,
          0.296099,
          -0.836206,
          2.473011
        ],
        [
          0.031012,
          -0.947458,
          -0.318373,
          1.369782
        ],
        [
          0.0,
          0.0,
          0.0,
          1.0
        ]
      ]
    },
    {
      "file_path": "/media/NFS/ttao/scannet/posed_images/scene0303_00/00077.jpg",
      "transform_matrix": [
        [
          -0.862713,
          0.150362,
          -0.482823,
          1.83851
        ],
        [
          0.504989,
          0.306565,
          -0.806848,
          2.472953
        ],
        [
          0.026698,
          -0.939898,
          -0.340409,
          1.356107
        ],
        [
          0.0,
          0.0,
          0.0,
          1.0
        ]
      ]
    },
    {
      "file_path": "/media/NFS/ttao/scannet/posed_images/scene0303_00/00084.jpg",
      "transform_matrix": [
        [
          -0.833829,
          0.19839,
          -0.515141,
          1.825372
        ],
        [
          0.55197,
          0.312583,
          -0.77306,
          2.461969
        ],
        [
          0.007657,
          -0.928942,
          -0.370146,
          1.34521
        ],
        [
          0.0,
          0.0,
          0.0,
          1.0
        ]
      ]
    },
    {
      "file_path": "/media/NFS/ttao/scannet/posed_images/scene0303_00/00086.jpg",
      "transform_matrix": [
        [
          -0.826623,
          0.199629,
          -0.526159,
          1.825177
        ],
        [
          0.562687,
          0.307818,
          -0.767223,
          2.462942
        ],
        [
          0.008801,
          -0.930267,
          -0.366778,
          1.340621
        ],
        [
          0.0,
          0.0,
          0.0,
          1.0
        ]
      ]
    },
    {
      "file_path": "/media/NFS/ttao/scannet/posed_images/scene0303_00/00095.jpg",
      "transform_matrix": [
        [
          -0.783467,
          0.245107,
          -0.571054,
          1.821008
        ],
        [
          0.621357,
          0.323389,
          -0.713677,
          2.445988
        ],
        [
          0.009746,
          -0.91397,
          -0.405664,
          1.316879
        ],
        [
          0.0,
          0.0,
          0.0,
          1.0
        ]
      ]
    },
    {
      "file_path": "/media/NFS/ttao/scannet/posed_images/scene0303_00/00100.jpg",
      "transform_matrix": [
        [
          -0.762138,
          0.257219,
          -0.594124,
          1.819525
        ],
        [
          0.64728,
          0.321432,
          -0.691166,
          2.434512
        ],
        [
          0.01319,
          -0.911328,
          -0.411469,
          1.309841
        ],
        [
          0.0,
          0.0,
          0.0,
          1.0
        ]
      ]
    },
    {
      "file_path": "/media/NFS/ttao/scannet/posed_images/scene0303_00/00101.jpg",
      "transform_matrix": [
        [
          -0.752303,
          0.258297,
          -0.606071,
          1.831938
        ],
        [
          0.658591,
          0.318953,
          -0.681562,
          2.420409
        ],
        [
          0.017263,
          -0.911894,
          -0.410062,
          1.305521
        ],
        [
          0.0,
          0.0,
          0.0,
          1.0
        ]
      ]
    },
    {
      "file_path": "/media/NFS/ttao/scannet/posed_images/scene0303_00/00111.jpg",
      "transform_matrix": [
        [
          -0.697632,
          0.267743,
          -0.664547,
          1.832575
        ],
        [
          0.715929,
          0.296094,
          -0.632277,
          2.400852
        ],
        [
          0.02748,
          -0.916865,
          -0.398249,
          1.308114
        ],
        [
          0.0,
          0.0,
          0.0,
          1.0
        ]
      ]
    },
    {
      "file_path": "/media/NFS/ttao/scannet/posed_images/scene0303_00/00112.jpg",
      "transform_matrix": [
        [
          -0.692363,
          0.270608,
          -0.668883,
          1.831841
        ],
        [
          0.721023,
          0.294882,
          -0.627033,
          2.400189
        ],
        [
          0.027561,
          -0.916415,
          -0.39928,
          1.307653
        ],
        [
          0.0,
          0.0,
          0.0,
          1.0
        ]
      ]
    },
    {
      "file_path": "/media/NFS/ttao/scannet/posed_images/scene0303_00/00120.jpg",
      "transform_matrix": [
        [
          -0.656782,
          0.26074,
          -0.707568,
          1.827598
        ],
        [
          0.753737,
          0.255329,
          -0.605548,
          2.402436
        ],
        [
          0.022772,
          -0.931033,
          -0.364225,
          1.322343
        ],
        [
          0.0,
          0.0,
          0.0,
          1.0
        ]
      ]
    },
    {
      "file_path": "/media/NFS/ttao/scannet/posed_images/scene0303_00/00121.jpg",
      "transform_matrix": [
        [
          -0.651968,
          0.258345,
          -0.712879,
          1.827422
        ],
        [
          0.757939,
          0.248814,
          -0.603009,
          2.404354
        ],
        [
          0.02159,
          -0.933461,
          -0.358029,
          1.323378
        ],
        [
          0.0,
          0.0,
          0.0,
          1.0
        ]
      ]
    },
    {
      "file_path": "/media/NFS/ttao/scannet/posed_images/scene0303_00/00130.jpg",
      "transform_matrix": [
        [
          -0.613555,
          0.242496,
          -0.751496,
          1.813201
        ],
        [
          0.789651,
          0.190115,
          -0.583359,
          2.415113
        ],
        [
          0.001408,
          -0.951342,
          -0.308133,
          1.350242
        ],
        [
          0.0,
          0.0,
          0.0,
          1.0
        ]
      ]
    },
    {
      "file_path": "/media/NFS/ttao/scannet/posed_images/scene0303_00/00135.jpg",
      "transform_matrix": [
        [
          -0.60438,
          0.23161,
          -0.762287,
          1.806087
        ],
        [
          0.796694,
          0.178047,
          -0.577562,
          2.415286
        ],
        [
          0.001954,
          -0.956377,
          -0.29213,
          1.360455
        ],
        [
          0.0,
          0.0,
          0.0,
          1.0
        ]
      ]
    },
    {
      "file_path": "/media/NFS/ttao/scannet/posed_images/scene0303_00/00137.jpg",
      "transform_matrix": [
        [
          -0.597759,
          0.226778,
          -0.768932,
          1.802704
        ],
        [
          0.801575,
          0.184233,
          -0.568801,
          2.410992
        ],
        [
          0.012671,
          -0.956363,
          -0.291906,
          1.360821
        ],
        [
          0.0,
          0.0,
          0.0,
          1.0
        ]
      ]
    },
    {
      "file_path": "/media/NFS/ttao/scannet/posed_images/scene0303_00/00143.jpg",
      "transform_matrix": [
        [
          -0.592354,
          0.239301,
          -0.769319,
          1.776155
        ],
        [
          0.805475,
          0.197352,
          -0.558805,
          2.393221
        ],
        [
          0.018104,
          -0.950677,
          -0.309653,
          1.357787
        ],
        [
          0.0,
          0.0,
          0.0,
          1.0
        ]
      ]
    },
    {
      "file_path": "/media/NFS/ttao/scannet/posed_images/scene0303_00/00149.jpg",
      "transform_matrix": [
        [
          -0.595937,
          0.24748,
          -0.763946,
          1.731583
        ],
        [
          0.802993,
          0.192943,
          -0.563893,
          2.356459
        ],
        [
          0.007846,
          -0.949488,
          -0.313706,
          1.359623
        ],
        [
          0.0,
          0.0,
          0.0,
          1.0
        ]
      ]
    },
    {
      "file_path": "/media/NFS/ttao/scannet/posed_images/scene0303_00/00152.jpg",
      "transform_matrix": [
        [
          -0.587249,
          0.249744,
          -0.769913,
          1.702115
        ],
        [
          0.8093,
          0.19659,
          -0.553522,
          2.329852
        ],
        [
          0.013118,
          -0.948146,
          -0.317565,
          1.355637
        ],
        [
          0.0,
          0.0,
          0.0,
          1.0
        ]
      ]
    },
    {
      "file_path": "/media/NFS/ttao/scannet/posed_images/scene0303_00/00161.jpg",
      "transform_matrix": [
        [
          -0.534033,
          0.163161,
          -0.829571,
          1.597464
        ],
        [
          0.844569,
          0.148098,
          -0.514559,
          2.26043
        ],
        [
          0.038901,
          -0.975421,
          -0.21689,
          1.39472
        ],
        [
          0.0,
          0.0,
          0.0,
          1.0
        ]
      ]
    },
    {
      "file_path": "/media/NFS/ttao/scannet/posed_images/scene0303_00/00163.jpg",
      "transform_matrix": [
        [
          -0.519451,
          0.166326,
          -0.838157,
          1.584393
        ],
        [
          0.85379,
          0.141007,
          -0.501158,
          2.249393
        ],
        [
          0.03483,
          -0.975937,
          -0.215254,
          1.401788
        ],
        [
          0.0,
          0.0,
          0.0,
          1.0
        ]
      ]
    },
    {
      "file_path": "/media/NFS/ttao/scannet/posed_images/scene0303_00/00169.jpg",
      "transform_matrix": [
        [
          -0.46106,
          0.154844,
          -0.873755,
          1.563039
        ],
        [
          0.886996,
          0.108956,
          -0.448738,
          2.218261
        ],
        [
          0.025716,
          -0.981912,
          -0.187581,
          1.415392
        ],
        [
          0.0,
          0.0,
          0.0,
          1.0
        ]
      ]
    },
    {
      "file_path": "/media/NFS/ttao/scannet/posed_images/scene0303_00/00177.jpg",
      "transform_matrix": [
        [
          -0.367728,
          0.175185,
          -0.913284,
          1.546179
        ],
        [
          0.929907,
          0.061901,
          -0.362548,
          2.187343
        ],
        [
          -0.00698,
          -0.982588,
          -0.185668,
          1.430465
        ],
        [
          0.0,
          0.0,
          0.0,
          1.0
        ]
      ]
    },
    {
      "file_path": "/media/NFS/ttao/scannet/posed_images/scene0303_00/00180.jpg",
      "transform_matrix": [
        [
          -0.353164,
          0.168526,
          -0.920258,
          1.545927
        ],
        [
          0.935406,
          0.045669,
          -0.350614,
          2.176363
        ],
        [
          -0.017061,
          -0.984639,
          -0.173769,
          1.434201
        ],
        [
          0.0,
          0.0,
          0.0,
          1.0
        ]
      ]
    },
    {
      "file_path": "/media/NFS/ttao/scannet/posed_images/scene0303_00/00186.jpg",
      "transform_matrix": [
        [
          -0.332405,
          0.159191,
          -0.929605,
          1.546196
        ],
        [
          0.942761,
          0.02827,
          -0.332268,
          2.158454
        ],
        [
          -0.026614,
          -0.986843,
          -0.159476,
          1.436013
        ],
        [
          0.0,
          0.0,
          0.0,
          1.0
        ]
      ]
    },
    {
      "file_path": "/media/NFS/ttao/scannet/posed_images/scene0303_00/00190.jpg",
      "transform_matrix": [
        [
          -0.308628,
          0.154462,
          -0.938558,
          1.545246
        ],
        [
          0.951122,
          0.038992,
          -0.306343,
          2.151492
        ],
        [
          -0.010722,
          -0.987229,
          -0.158946,
          1.438464
        ],
        [
          0.0,
          0.0,
          0.0,
          1.0
        ]
      ]
    },
    {
      "file_path": "/media/NFS/ttao/scannet/posed_images/scene0303_00/00195.jpg",
      "transform_matrix": [
        [
          -0.274359,
          0.160925,
          -0.948067,
          1.540893
        ],
        [
          0.961603,
          0.038862,
          -0.27168,
          2.15033
        ],
        [
          -0.006876,
          -0.986201,
          -0.165408,
          1.437845
        ],
        [
          0.0,
          0.0,
          0.0,
          1.0
        ]
      ]
    },
    {
      "file_path": "/media/NFS/ttao/scannet/posed_images/scene0303_00/00200.jpg",
      "transform_matrix": [
        [
          -0.23791,
          0.170707,
          -0.956168,
          1.534368
        ],
        [
          0.971265,
          0.035115,
          -0.235397,
          2.155623
        ],
        [
          -0.006608,
          -0.984696,
          -0.174156,
          1.43698
        ],
        [
          0.0,
          0.0,
          0.0,
          1.0
        ]
      ]
    },
    {
      "file_path": "/media/NFS/ttao/scannet/posed_images/scene0303_00/00207.jpg",
      "transform_matrix": [
        [
          -0.17512,
          0.184032,
          -0.967195,
          1.520535
        ],
        [
          0.984532,
          0.027356,
          -0.173053,
          2.161673
        ],
        [
          -0.005389,
          -0.982539,
          -0.185976,
          1.431822
        ],
        [
          0.0,
          0.0,
          0.0,
          1.0
        ]
      ]
    },
    {
      "file_path": "/media/NFS/ttao/scannet/posed_images/scene0303_00/00209.jpg",
      "transform_matrix": [
        [
          -0.153731,
          0.191532,
          -0.969372,
          1.51582
        ],
        [
          0.988098,
          0.024531,
          -0.151854,
          2.162494
        ],
        [
          -0.005305,
          -0.98118,
          -0.193024,
          1.426056
        ],
        [
          0.0,
          0.0,
          0.0,
          1.0
        ]
      ]
    },
    {
      "file_path": "/media/NFS/ttao/scannet/posed_images/scene0303_00/00216.jpg",
      "transform_matrix": [
        [
          -0.09944,
          0.25218,
          -0.962558,
          1.487875
        ],
        [
          0.994975,
          0.013845,
          -0.099162,
          2.170364
        ],
        [
          -0.01168,
          -0.967582,
          -0.252289,
          1.406946
        ],
        [
          0.0,
          0.0,
          0.0,
          1.0
        ]
      ]
    },
    {
      "file_path": "/media/NFS/ttao/scannet/posed_images/scene0303_00/00220.jpg",
      "transform_matrix": [
        [
          -0.093334,
          0.278315,
          -0.955944,
          1.462928
        ],
        [
          0.995208,
          -0.002032,
          -0.097759,
          2.176414
        ],
        [
          -0.02915,
          -0.960488,
          -0.276791,
          1.403659
        ],
        [
          0.0,
          0.0,
          0.0,
          1.0
        ]
      ]
    },
    {
      "file_path": "/media/NFS/ttao/scannet/posed_images/scene0303_00/00224.jpg",
      "transform_matrix": [
        [
          -0.091114,
          0.271084,
          -0.958234,
          1.433751
        ],
        [
          0.995163,
          -0.010699,
          -0.097652,
          2.191888
        ],
        [
          -0.036724,
          -0.962497,
          -0.268797,
          1.403598
        ],
        [
          0.0,
          0.0,
          0.0,
          1.0
        ]
      ]
    },
    {
      "file_path": "/media/NFS/ttao/scannet/posed_images/scene0303_00/00229.jpg",
      "transform_matrix": [
        [
          -0.068693,
          0.265123,
          -0.961765,
          1.383807
        ],
        [
          0.996755,
          -0.022308,
          -0.077341,
          2.215589
        ],
        [
          -0.04196,
          -0.963956,
          -0.262731,
          1.403447
        ],
        [
          0.0,
          0.0,
          0.0,
          1.0
        ]
      ]
    },
    {
      "file_path": "/media/NFS/ttao/scannet/posed_images/scene0303_00/00236.jpg",
      "transform_matrix": [
        [
          -0.003395,
          0.287322,
          -0.957828,
          1.322024
        ],
        [
          0.999714,
          -0.021717,
          -0.010058,
          2.243531
        ],
        [
          -0.023691,
          -0.957588,
          -0.287166,
          1.398727
        ],
        [
          0.0,
          0.0,
          0.0,
          1.0
        ]
      ]
    },
    {
      "file_path": "/media/NFS/ttao/scannet/posed_images/scene0303_00/00243.jpg",
      "transform_matrix": [
        [
          0.081046,
          0.283136,
          -0.955649,
          1.269974
        ],
        [
          0.99613,
          -0.055742,
          0.067964,
          2.23697
        ],
        [
          -0.034026,
          -0.957459,
          -0.286558,
          1.400129
        ],
        [
          0.0,
          0.0,
          0.0,
          1.0
        ]
      ]
    },
    {
      "file_path": "/media/NFS/ttao/scannet/posed_images/scene0303_00/00247.jpg",
      "transform_matrix": [
        [
          0.120542,
          0.277422,
          -0.953156,
          1.24354
        ],
        [
          0.991984,
          -0.070325,
          0.104984,
          2.203789
        ],
        [
          -0.037906,
          -0.958171,
          -0.283675,
          1.402746
        ],
        [
          0.0,
          0.0,
          0.0,
          1.0
        ]
      ]
    },
    {
      "file_path": "/media/NFS/ttao/scannet/posed_images/scene0303_00/00253.jpg",
      "transform_matrix": [
        [
          0.211562,
          0.268349,
          -0.939803,
          1.20498
        ],
        [
          0.976696,
          -0.0936,
          0.193141,
          2.143867
        ],
        [
          -0.036137,
          -0.958764,
          -0.281898,
          1.410465
        ],
        [
          0.0,
          0.0,
          0.0,
          1.0
        ]
      ]
    },
    {
      "file_path": "/media/NFS/ttao/scannet/posed_images/scene0303_00/00255.jpg",
      "transform_matrix": [
        [
          0.244694,
          0.266909,
          -0.93214,
          1.19401
        ],
        [
          0.969096,
          -0.09832,
          0.226243,
          2.125426
        ],
        [
          -0.031262,
          -0.958693,
          -0.282719,
          1.411054
        ],
        [
          0.0,
          0.0,
          0.0,
          1.0
        ]
      ]
    },
    {
      "file_path": "/media/NFS/ttao/scannet/posed_images/scene0303_00/00262.jpg",
      "transform_matrix": [
        [
          0.335704,
          0.268862,
          -0.902782,
          1.173979
        ],
        [
          0.940405,
          -0.150848,
          0.304769,
          2.079421
        ],
        [
          -0.054242,
          -0.951293,
          -0.30348,
          1.416782
        ],
        [
          0.0,
          0.0,
          0.0,
          1.0
        ]
      ]
    },
    {
      "file_path": "/media/NFS/ttao/scannet/posed_images/scene0303_00/00267.jpg",
      "transform_matrix": [
        [
          0.378792,
          0.261205,
          -0.887856,
          1.182358
        ],
        [
          0.924615,
          -0.148317,
          0.350841,
          2.058476
        ],
        [
          -0.040042,
          -0.953821,
          -0.297695,
          1.418956
        ],
        [
          0.0,
          0.0,
          0.0,
          1.0
        ]
      ]
    },
    {
      "file_path": "/media/NFS/ttao/scannet/posed_images/scene0303_00/00272.jpg",
      "transform_matrix": [
        [
          0.435026,
          0.244387,
          -0.866618,
          1.199146
        ],
        [
          0.899609,
          -0.158755,
          0.406818,
          2.041417
        ],
        [
          -0.038159,
          -0.956594,
          -0.288915,
          1.424831
        ],
        [
          0.0,
          0.0,
          0.0,
          1.0
        ]
      ]
    },
    {
      "file_path": "/media/NFS/ttao/scannet/posed_images/scene0303_00/00276.jpg",
      "transform_matrix": [
        [
          0.460015,
          0.217229,
          -0.860928,
          1.228245
        ],
        [
          0.887098,
          -0.153933,
          0.435158,
          2.029149
        ],
        [
          -0.037997,
          -0.963907,
          -0.263515,
          1.434959
        ],
        [
          0.0,
          0.0,
          0.0,
          1.0
        ]
      ]
    },
    {
      "file_path": "/media/NFS/ttao/scannet/posed_images/scene0303_00/00282.jpg",
      "transform_matrix": [
        [
          0.516218,
          0.165492,
          -0.840316,
          1.285235
        ],
        [
          0.854789,
          -0.160754,
          0.49345,
          2.006912
        ],
        [
          -0.053423,
          -0.973022,
          -0.224445,
          1.45022
        ],
        [
          0.0,
          0.0,
          0.0,
          1.0
        ]
      ]
    },
    {
      "file_path": "/media/NFS/ttao/scannet/posed_images/scene0303_00/00289.jpg",
      "transform_matrix": [
        [
          0.570974,
          0.105985,
          -0.814098,
          1.351229
        ],
        [
          0.81714,
          -0.169015,
          0.551104,
          1.972242
        ],
        [
          -0.079186,
          -0.979899,
          -0.183108,
          1.462014
        ],
        [
          0.0,
          0.0,
          0.0,
          1.0
        ]
      ]
    },
    {
      "file_path": "/media/NFS/ttao/scannet/posed_images/scene0303_00/00290.jpg",
      "transform_matrix": [
        [
          0.576361,
          0.100854,
          -0.810948,
          1.359883
        ],
        [
          0.812868,
          -0.172745,
          0.556242,
          1.968
        ],
        [
          -0.083988,
          -0.97979,
          -0.181545,
          1.461365
        ],
        [
          0.0,
          0.0,
          0.0,
          1.0
        ]
      ]
    },
    {
      "file_path": "/media/NFS/ttao/scannet/posed_images/scene0303_00/00296.jpg",
      "transform_matrix": [
        [
          0.602922,
          0.072117,
          -0.794534,
          1.393908
        ],
        [
          0.792531,
          -0.168406,
          0.586117,
          1.931204
        ],
        [
          -0.091536,
          -0.983076,
          -0.158691,
          1.477385
        ],
        [
          0.0,
          0.0,
          0.0,
          1.0
        ]
      ]
    },
    {
      "file_path": "/media/NFS/ttao/scannet/posed_images/scene0303_00/00304.jpg",
      "transform_matrix": [
        [
          0.637613,
          0.0409,
          -0.769271,
          1.401697
        ],
        [
          0.763755,
          -0.164018,
          0.624321,
          1.871195
        ],
        [
          -0.10064,
          -0.985609,
          -0.135818,
          1.4898
        ],
        [
          0.0,
          0.0,
          0.0,
          1.0
        ]
      ]
    },
    {
      "file_path": "/media/NFS/ttao/scannet/posed_images/scene0303_00/00309.jpg",
      "transform_matrix": [
        [
          0.66224,
          0.02797,
          -0.748769,
          1.388137
        ],
        [
          0.741374,
          -0.169346,
          0.649374,
          1.824881
        ],
        [
          -0.108638,
          -0.98516,
          -0.132884,
          1.491548
        ],
        [
          0.0,
          0.0,
          0.0,
          1.0
        ]
      ]
    },
    {
      "file_path": "/media/NFS/ttao/scannet/posed_images/scene0303_00/00312.jpg",
      "transform_matrix": [
        [
          0.680814,
          0.020008,
          -0.732183,
          1.373235
        ],
        [
          0.722474,
          -0.182812,
          0.666791,
          1.793943
        ],
        [
          -0.120511,
          -0.982944,
          -0.138916,
          1.496486
        ],
        [
          0.0,
          0.0,
          0.0,
          1.0
        ]
      ]
    },
    {
      "file_path": "/media/NFS/ttao/scannet/posed_images/scene0303_00/00318.jpg",
      "transform_matrix": [
        [
          0.724516,
          -0.026956,
          -0.688731,
          1.348095
        ],
        [
          0.675353,
          -0.171938,
          0.717172,
          1.722795
        ],
        [
          -0.137751,
          -0.984739,
          -0.106367,
          1.504285
        ],
        [
          0.0,
          0.0,
          0.0,
          1.0
        ]
      ]
    },
    {
      "file_path": "/media/NFS/ttao/scannet/posed_images/scene0303_00/00324.jpg",
      "transform_matrix": [
        [
          0.781779,
          -0.006494,
          -0.623522,
          1.318382
        ],
        [
          0.61172,
          -0.185911,
          0.768918,
          1.666055
        ],
        [
          -0.120913,
          -0.982545,
          -0.141369,
          1.482649
        ],
        [
          0.0,
          0.0,
          0.0,
          1.0
        ]
      ]
    },
    {
      "file_path": "/media/NFS/ttao/scannet/posed_images/scene0303_00/00330.jpg",
      "transform_matrix": [
        [
          0.815299,
          0.012859,
          -0.578897,
          1.3009
        ],
        [
          0.567376,
          -0.217395,
          0.794244,
          1.634911
        ],
        [
          -0.115636,
          -0.975999,
          -0.184538,
          1.474395
        ],
        [
          0.0,
          0.0,
          0.0,
          1.0
        ]
      ]
    },
    {
      "file_path": "/media/NFS/ttao/scannet/posed_images/scene0303_00/00332.jpg",
      "transform_matrix": [
        [
          0.82429,
          0.010363,
          -0.566073,
          1.296911
        ],
        [
          0.554066,
          -0.220383,
          0.802772,
          1.627585
        ],
        [
          -0.116434,
          -0.975358,
          -0.187401,
          1.472214
        ],
        [
          0.0,
          0.0,
          0.0,
          1.0
        ]
      ]
    },
    {
      "file_path": "/media/NFS/ttao/scannet/posed_images/scene0303_00/00341.jpg",
      "transform_matrix": [
        [
          0.844338,
          0.062202,
          -0.532189,
          1.285921
        ],
        [
          0.527599,
          -0.269749,
          0.805527,
          1.618358
        ],
        [
          -0.093452,
          -0.96092,
          -0.260577,
          1.447778
        ],
        [
          0.0,
          0.0,
          0.0,
          1.0
        ]
      ]
    },
    {
      "file_path": "/media/NFS/ttao/scannet/posed_images/scene0303_00/00345.jpg",
      "transform_matrix": [
        [
          0.849873,
          0.065882,
          -0.522854,
          1.285886
        ],
        [
          0.519419,
          -0.272273,
          0.809982,
          1.619412
        ],
        [
          -0.088996,
          -0.959962,
          -0.265618,
          1.441157
        ],
        [
          0.0,
          0.0,
          0.0,
          1.0
        ]
      ]
    },
    {
      "file_path": "/media/NFS/ttao/scannet/posed_images/scene0303_00/00350.jpg",
      "transform_matrix": [
        [
          0.858667,
          0.065698,
          -0.508306,
          1.288659
        ],
        [
          0.504736,
          -0.280725,
          0.816355,
          1.623917
        ],
        [
          -0.089061,
          -0.957537,
          -0.27421,
          1.432108
        ],
        [
          0.0,
          0.0,
          0.0,
          1.0
        ]
      ]
    },
    {
      "file_path": "/media/NFS/ttao/scannet/posed_images/scene0303_00/00356.jpg",
      "transform_matrix": [
        [
          0.86995,
          0.073044,
          -0.487701,
          1.288899
        ],
        [
          0.486081,
          -0.293745,
          0.823067,
          1.632072
        ],
        [
          -0.083139,
          -0.953089,
          -0.291049,
          1.426008
        ],
        [
          0.0,
          0.0,
          0.0,
          1.0
        ]
      ]
    },
    {
      "file_path": "/media/NFS/ttao/scannet/posed_images/scene0303_00/00358.jpg",
      "transform_matrix": [
        [
          0.876386,
          0.073896,
          -0.475906,
          1.29059
        ],
        [
          0.475277,
          -0.292408,
          0.829825,
          1.635565
        ],
        [
          -0.077838,
          -0.953434,
          -0.291384,
          1.42488
        ],
        [
          0.0,
          0.0,
          0.0,
          1.0
        ]
      ]
    },
    {
      "file_path": "/media/NFS/ttao/scannet/posed_images/scene0303_00/00365.jpg",
      "transform_matrix": [
        [
          0.901214,
          0.070001,
          -0.427683,
          1.295726
        ],
        [
          0.428783,
          -0.287298,
          0.856507,
          1.643931
        ],
        [
          -0.062916,
          -0.95528,
          -0.288932,
          1.420164
        ],
        [
          0.0,
          0.0,
          0.0,
          1.0
        ]
      ]
    },
    {
      "file_path": "/media/NFS/ttao/scannet/posed_images/scene0303_00/00371.jpg",
      "transform_matrix": [
        [
          0.918766,
          0.055549,
          -0.390876,
          1.306829
        ],
        [
          0.388492,
          -0.303521,
          0.870029,
          1.656262
        ],
        [
          -0.07031,
          -0.951204,
          -0.300444,
          1.412995
        ],
        [
          0.0,
          0.0,
          0.0,
          1.0
        ]
      ]
    },
    {
      "file_path": "/media/NFS/ttao/scannet/posed_images/scene0303_00/00373.jpg",
      "transform_matrix": [
        [
          0.923474,
          0.052054,
          -0.380115,
          1.310801
        ],
        [
          0.37711,
          -0.305472,
          0.874343,
          1.660347
        ],
        [
          -0.070601,
          -0.950777,
          -0.301725,
          1.41147
        ],
        [
          0.0,
          0.0,
          0.0,
          1.0
        ]
      ]
    },
    {
      "file_path": "/media/NFS/ttao/scannet/posed_images/scene0303_00/00378.jpg",
      "transform_matrix": [
        [
          0.936454,
          0.036868,
          -0.348848,
          1.319337
        ],
        [
          0.341842,
          -0.319106,
          0.883921,
          1.666556
        ],
        [
          -0.078732,
          -0.947002,
          -0.311431,
          1.407509
        ],
        [
          0.0,
          0.0,
          0.0,
          1.0
        ]
      ]
    },
    {
      "file_path": "/media/NFS/ttao/scannet/posed_images/scene0303_00/00387.jpg",
      "transform_matrix": [
        [
          0.963934,
          0.028726,
          -0.264587,
          1.326209
        ],
        [
          0.255473,
          -0.378529,
          0.889634,
          1.684797
        ],
        [
          -0.074599,
          -0.925143,
          -0.372216,
          1.387523
        ],
        [
          0.0,
          0.0,
          0.0,
          1.0
        ]
      ]
    },
    {
      "file_path": "/media/NFS/ttao/scannet/posed_images/scene0303_00/00388.jpg",
      "transform_matrix": [
        [
          0.966229,
          0.029328,
          -0.256009,
          1.327453
        ],
        [
          0.247656,
          -0.380141,
          0.891156,
          1.687762
        ],
        [
          -0.071184,
          -0.924464,
          -0.374566,
          1.386335
        ],
        [
          0.0,
          0.0,
          0.0,
          1.0
        ]
      ]
    },
    {
      "file_path": "/media/NFS/ttao/scannet/posed_images/scene0303_00/00394.jpg",
      "transform_matrix": [
        [
          0.972785,
          0.019749,
          -0.230869,
          1.348316
        ],
        [
          0.221829,
          -0.367254,
          0.903281,
          1.715795
        ],
        [
          -0.066949,
          -0.929911,
          -0.36164,
