{
  "frames": [
    {
      "file_path": "/media/NFS/ttao/scannet/posed_images/scene0195_02/00000.jpg",
      "transform_matrix": [
        [
          0.917675,
          0.255393,
          -0.30438,
          3.128047
        ],
        [
          0.397327,
          -0.59384,
          0.699632,
          1.206745
        ],
        [
          -0.002073,
          -0.762973,
          -0.646427,
          1.367685
        ],
        [
          0.0,
          0.0,
          0.0,
          1.0
        ]
      ]
    },
    {
      "file_path": "/media/NFS/ttao/scannet/posed_images/scene0195_02/00007.jpg",
      "transform_matrix": [
        [
          0.920221,
          0.254814,
          -0.297091,
          3.143709
        ],
        [
          0.391369,
          -0.589646,
          0.706505,
          1.209414
        ],
        [
          0.004849,
          -0.766413,
          -0.64233,
          1.369809
        ],
        [
          0.0,
          0.0,
          0.0,
          1.0
        ]
      ]
    },
    {
      "file_path": "/media/NFS/ttao/scannet/posed_images/scene0195_02/00009.jpg",
      "transform_matrix": [
        [
          0.921292,
          0.255241,
          -0.293381,
          3.148305
        ],
        [
          0.388826,
          -0.593149,
          0.704975,
          1.209418
        ],
        [
          0.005919,
          -0.763562,
          -0.645707,
          1.365329
        ],
        [
          0.0,
          0.0,
          0.0,
          1.0
        ]
      ]
    },
    {
      "file_path": "/media/NFS/ttao/scannet/posed_images/scene0195_02/00013.jpg",
      "transform_matrix": [
        [
          0.92384,
          0.255093,
          -0.28539,
          3.159359
        ],
        [
          0.382779,
          -0.615608,
          0.688845,
          1.212053
        ],
        [
          3.1e-05,
          -0.745624,
          -0.666367,
          1.354898
        ],
        [
          0.0,
          0.0,
          0.0,
          1.0
        ]
      ]
    },
    {
      "file_path": "/media/NFS/ttao/scannet/posed_images/scene0195_02/00022.jpg",
      "transform_matrix": [
        [
          0.93212,
          0.246451,
          -0.265357,
          3.187447
        ],
        [
          0.362022,
          -0.65358,
          0.66466,
          1.206536
        ],
        [
          -0.009625,
          -0.715608,
          -0.698436,
          1.324401
        ],
        [
          0.0,
          0.0,
          0.0,
          1.0
        ]
      ]
    },
    {
      "file_path": "/media/NFS/ttao/scannet/posed_images/scene0195_02/00027.jpg",
      "transform_matrix": [
        [
          0.940688,
          0.232887,
          -0.246715,
          3.203219
        ],
        [
          0.339099,
          -0.668569,
          0.661836,
          1.214752
        ],
        [
          -0.010813,
          -0.706243,
          -0.707887,
          1.321853
        ],
        [
          0.0,
          0.0,
          0.0,
          1.0
        ]
      ]
    },
    {
      "file_path": "/media/NFS/ttao/scannet/posed_images/scene0195_02/00033.jpg",
      "transform_matrix": [
        [
          0.95392,
          0.199124,
          -0.224469,
          3.215737
        ],
        [
          0.299716,
          -0.668189,
          0.680951,
          1.241281
        ],
        [
          -0.014394,
          -0.716849,
          -0.69708,
          1.351818
        ],
        [
          0.0,
          0.0,
          0.0,
          1.0
        ]
      ]
    },
    {
      "file_path": "/media/NFS/ttao/scannet/posed_images/scene0195_02/00037.jpg",
      "transform_matrix": [
        [
          0.961668,
          0.167898,
          -0.216806,
          3.228781
        ],
        [
          0.273648,
          -0.638448,
          0.719375,
          1.259701
        ],
        [
          -0.017637,
          -0.751129,
          -0.65992,
          1.380744
        ],
        [
          0.0,
          0.0,
          0.0,
          1.0
        ]
      ]
    },
    {
      "file_path": "/media/NFS/ttao/scannet/posed_images/scene0195_02/00039.jpg",
      "transform_matrix": [
        [
          0.964646,
          0.154664,
          -0.213396,
          3.234133
        ],
        [
          0.262899,
          -0.621596,
          0.737904,
          1.266484
        ],
        [
          -0.018519,
          -0.767918,
          -0.640281,
          1.392017
        ],
        [
          0.0,
          0.0,
          0.0,
          1.0
        ]
      ]
    },
    {
      "file_path": "/media/NFS/ttao/scannet/posed_images/scene0195_02/00043.jpg",
      "transform_matrix": [
        [
          0.971395,
          0.13371,
          -0.196246,
          3.235677
        ],
        [
          0.236883,
          -0.603524,
          0.761344,
          1.274829
        ],
        [
          -0.01664,
          -0.786054,
          -0.617934,
          1.410533
        ],
        [
          0.0,
          0.0,
          0.0,
          1.0
        ]
      ]
    },
    {
      "file_path": "/media/NFS/ttao/scannet/posed_images/scene0195_02/00052.jpg",
      "transform_matrix": [
        [
          0.980528,
          0.106615,
          -0.164921,
          3.240413
        ],
        [
          0.196307,
          -0.555118,
          0.808274,
          1.2776
        ],
        [
          -0.005377,
          -0.82491,
          -0.565238,
          1.443214
        ],
        [
          0.0,
          0.0,
          0.0,
          1.0
        ]
      ]
    },
    {
      "file_path": "/media/NFS/ttao/scannet/posed_images/scene0195_02/00054.jpg",
      "transform_matrix": [
        [
          0.982574,
          0.102795,
          -0.154858,
          3.234964
        ],
        [
          0.185869,
          -0.540045,
          0.820856,
          1.275441
        ],
        [
          0.000749,
          -0.835335,
          -0.549741,
          1.449047
        ],
        [
          0.0,
          0.0,
          0.0,
          1.0
        ]
      ]
    },
    {
      "file_path": "/media/NFS/ttao/scannet/posed_images/scene0195_02/00060.jpg",
      "transform_matrix": [
        [
          0.98661,
          0.089251,
          -0.136506,
          3.211417
        ],
        [
          0.163025,
          -0.515222,
          0.841409,
          1.266191
        ],
        [
          0.004766,
          -0.852397,
          -0.522874,
          1.453631
        ],
        [
          0.0,
          0.0,
          0.0,
          1.0
        ]
      ]
    },
    {
      "file_path": "/media/NFS/ttao/scannet/posed_images/scene0195_02/00066.jpg",
      "transform_matrix": [
        [
          0.992488,
          0.073678,
          -0.097671,
          3.186816
        ],
        [
          0.121654,
          -0.509633,
          0.851748,
          1.274714
        ],
        [
          0.012979,
          -0.857231,
          -0.514768,
          1.463657
        ],
        [
          0.0,
          0.0,
          0.0,
          1.0
        ]
      ]
    },
    {
      "file_path": "/media/NFS/ttao/scannet/posed_images/scene0195_02/00070.jpg",
      "transform_matrix": [
        [
          0.995116,
          0.047154,
          -0.086722,
          3.166345
        ],
        [
          0.098701,
          -0.488527,
          0.866948,
          1.273551
        ],
        [
          -0.001486,
          -0.871274,
          -0.490795,
          1.47107
        ],
        [
          0.0,
          0.0,
          0.0,
          1.0
        ]
      ]
    },
    {
      "file_path": "/media/NFS/ttao/scannet/posed_images/scene0195_02/00078.jpg",
      "transform_matrix": [
        [
          0.996652,
          0.028477,
          -0.076636,
          3.101107
        ],
        [
          0.081012,
          -0.470159,
          0.878856,
          1.260759
        ],
        [
          -0.011004,
          -0.882122,
          -0.470892,
          1.475167
        ],
        [
          0.0,
          0.0,
          0.0,
          1.0
        ]
      ]
    },
    {
      "file_path": "/media/NFS/ttao/scannet/posed_images/scene0195_02/00079.jpg",
      "transform_matrix": [
        [
          0.996471,
          0.031819,
          -0.077671,
          3.092679
        ],
        [
          0.083498,
          -0.470213,
          0.878594,
          1.258673
        ],
        [
          -0.008566,
          -0.881979,
          -0.47121,
          1.472929
        ],
        [
          0.0,
          0.0,
          0.0,
          1.0
        ]
      ]
    },
    {
      "file_path": "/media/NFS/ttao/scannet/posed_images/scene0195_02/00087.jpg",
      "transform_matrix": [
        [
          0.991958,
          0.073634,
          -0.102943,
          3.024687
        ],
        [
          0.126062,
          -0.502168,
          0.855532,
          1.234285
        ],
        [
          0.011301,
          -0.861629,
          -0.507412,
          1.446235
        ],
        [
          0.0,
          0.0,
          0.0,
          1.0
        ]
      ]
    },
    {
      "file_path": "/media/NFS/ttao/scannet/posed_images/scene0195_02/00090.jpg",
      "transform_matrix": [
        [
          0.990304,
          0.087386,
          -0.107989,
          3.008045
        ],
        [
          0.137826,
          -0.520833,
          0.842459,
          1.226012
        ],
        [
          0.017375,
          -0.849174,
          -0.527827,
          1.435218
        ],
        [
          0.0,
          0.0,
          0.0,
          1.0
        ]
      ]
    },
    {
      "file_path": "/media/NFS/ttao/scannet/posed_images/scene0195_02/00096.jpg",
      "transform_matrix": [
        [
          0.990012,
          0.094541,
          -0.10459,
          3.005823
        ],
        [
          0.139029,
          -0.531464,
          0.835594,
          1.222299
        ],
        [
          0.023412,
          -0.841789,
          -0.539299,
          1.42934
        ],
        [
          0.0,
          0.0,
          0.0,
          1.0
        ]
      ]
    },
    {
      "file_path": "/media/NFS/ttao/scannet/posed_images/scene0195_02/00099.jpg",
      "transform_matrix": [
        [
          0.989585,
          0.097434,
          -0.105965,
          3.008383
        ],
        [
          0.141698,
          -0.529594,
          0.836332,
          1.225445
        ],
        [
          0.025369,
          -0.842637,
          -0.537885,
          1.435754
        ],
        [
          0.0,
          0.0,
          0.0,
          1.0
        ]
      ]
    },
    {
      "file_path": "/media/NFS/ttao/scannet/posed_images/scene0195_02/00108.jpg",
      "transform_matrix": [
        [
          0.991388,
          0.075007,
          -0.107348,
          3.058325
        ],
        [
          0.130308,
          -0.483538,
          0.865569,
          1.250462
        ],
        [
          0.013017,
          -0.872103,
          -0.489148,
          1.468582
        ],
        [
          0.0,
          0.0,
          0.0,
          1.0
        ]
      ]
    },
    {
      "file_path": "/media/NFS/ttao/scannet/posed_images/scene0195_02/00109.jpg",
      "transform_matrix": [
        [
          0.990637,
          0.073065,
          -0.115324,
          3.065964
        ],
        [
          0.136263,
          -0.477225,
          0.868152,
          1.254892
        ],
        [
          0.008396,
          -0.875739,
          -0.482713,
          1.474983
        ],
        [
          0.0,
          0.0,
          0.0,
          1.0
        ]
      ]
    },
    {
      "file_path": "/media/NFS/ttao/scannet/posed_images/scene0195_02/00114.jpg",
      "transform_matrix": [
        [
          0.985578,
          0.07244,
          -0.152933,
          3.089439
        ],
        [
          0.16916,
          -0.44624,
          0.87878,
          1.265217
        ],
        [
          -0.004586,
          -0.891977,
          -0.452058,
          1.497512
        ],
        [
          0.0,
          0.0,
          0.0,
          1.0
        ]
      ]
    },
    {
      "file_path": "/media/NFS/ttao/scannet/posed_images/scene0195_02/00123.jpg",
      "transform_matrix": [
        [
          0.981574,
          0.058503,
          -0.181909,
          3.146928
        ],
        [
          0.190522,
          -0.372654,
          0.908201,
          1.282636
        ],
        [
          -0.014657,
          -0.926124,
          -0.376934,
          1.545408
        ],
        [
          0.0,
          0.0,
          0.0,
          1.0
        ]
      ]
    },
    {
      "file_path": "/media/NFS/ttao/scannet/posed_images/scene0195_02/00124.jpg",
      "transform_matrix": [
        [
          0.982642,
          0.054964,
          -0.177183,
          3.155049
        ],
        [
          0.184896,
          -0.367984,
          0.911263,
          1.282632
        ],
        [
          -0.015114,
          -0.928206,
          -0.371759,
          1.544816
        ],
        [
          0.0,
          0.0,
          0.0,
          1.0
        ]
      ]
    },
    {
      "file_path": "/media/NFS/ttao/scannet/posed_images/scene0195_02/00130.jpg",
      "transform_matrix": [
        [
          0.989034,
          0.036958,
          -0.142986,
          3.17809
        ],
        [
          0.146758,
          -0.354263,
          0.923558,
          1.285111
        ],
        [
          -0.016521,
          -0.934415,
          -0.355803,
          1.550435
        ],
        [
          0.0,
          0.0,
          0.0,
          1.0
        ]
      ]
    },
    {
      "file_path": "/media/NFS/ttao/scannet/posed_images/scene0195_02/00133.jpg",
      "transform_matrix": [
        [
          0.991503,
          0.034498,
          -0.125421,
          3.183046
        ],
        [
          0.129577,
          -0.3466,
          0.92902,
          1.292226
        ],
        [
          -0.011422,
          -0.937378,
          -0.348125,
          1.569229
        ],
        [
          0.0,
          0.0,
          0.0,
          1.0
        ]
      ]
    },
    {
      "file_path": "/media/NFS/ttao/scannet/posed_images/scene0195_02/00139.jpg",
      "transform_matrix": [
        [
          0.992671,
          0.024583,
          -0.118324,
          3.181385
        ],
        [
          0.120271,
          -0.296709,
          0.947364,
          1.284065
        ],
        [
          -0.011819,
          -0.954651,
          -0.297491,
          1.593322
        ],
        [
          0.0,
          0.0,
          0.0,
          1.0
        ]
      ]
    },
    {
      "file_path": "/media/NFS/ttao/scannet/posed_images/scene0195_02/00147.jpg",
      "transform_matrix": [
        [
          0.992677,
          0.029579,
          -0.117124,
          3.173093
        ],
        [
          0.120716,
          -0.206366,
          0.971,
          1.268582
        ],
        [
          0.004551,
          -0.978028,
          -0.208425,
          1.609137
        ],
        [
          0.0,
          0.0,
          0.0,
          1.0
        ]
      ]
    },
    {
      "file_path": "/media/NFS/ttao/scannet/posed_images/scene0195_02/00153.jpg",
      "transform_matrix": [
        [
          0.992381,
          0.033792,
          -0.118483,
          3.163686
        ],
        [
          0.122521,
          -0.169285,
          0.977922,
          1.257577
        ],
        [
          0.012989,
          -0.984988,
          -0.172135,
          1.617873
        ],
        [
          0.0,
          0.0,
          0.0,
          1.0
        ]
      ]
    },
    {
      "file_path": "/media/NFS/ttao/scannet/posed_images/scene0195_02/00156.jpg",
      "transform_matrix": [
        [
          0.990719,
          0.036312,
          -0.130988,
          3.15506
        ],
        [
          0.135507,
          -0.188021,
          0.972772,
          1.254686
        ],
        [
          0.010695,
          -0.981493,
          -0.191197,
          1.623414
        ],
        [
          0.0,
          0.0,
          0.0,
          1.0
        ]
      ]
    },
    {
      "file_path": "/media/NFS/ttao/scannet/posed_images/scene0195_02/00160.jpg",
      "transform_matrix": [
        [
          0.988354,
          0.023026,
          -0.150418,
          3.161524
        ],
        [
          0.152153,
          -0.164274,
          0.974609,
          1.246441
        ],
        [
          -0.002268,
          -0.986146,
          -0.165864,
          1.629271
        ],
        [
          0.0,
          0.0,
          0.0,
          1.0
        ]
      ]
    },
    {
      "file_path": "/media/NFS/ttao/scannet/posed_images/scene0195_02/00163.jpg",
      "transform_matrix": [
        [
          0.988193,
          0.016519,
          -0.152322,
          3.15807
        ],
        [
          0.152991,
          -0.160151,
          0.975164,
          1.248041
        ],
        [
          -0.008286,
          -0.986954,
          -0.160788,
          1.648111
        ],
        [
          0.0,
          0.0,
          0.0,
          1.0
        ]
      ]
    },
    {
      "file_path": "/media/NFS/ttao/scannet/posed_images/scene0195_02/00169.jpg",
      "transform_matrix": [
        [
          0.987092,
          0.004457,
          -0.160092,
          3.152678
        ],
        [
          0.159304,
          -0.130222,
          0.978603,
          1.242411
        ],
        [
          -0.016486,
          -0.991475,
          -0.129251,
          1.671578
        ],
        [
          0.0,
          0.0,
          0.0,
          1.0
        ]
      ]
    },
    {
      "file_path": "/media/NFS/ttao/scannet/posed_images/scene0195_02/00177.jpg",
      "transform_matrix": [
        [
          0.980573,
          -0.014407,
          -0.195622,
          3.143206
        ],
        [
          0.194039,
          -0.074765,
          0.97814,
          1.225755
        ],
        [
          -0.028718,
          -0.997097,
          -0.070517,
          1.68985
        ],
        [
          0.0,
          0.0,
          0.0,
          1.0
        ]
      ]
    },
    {
      "file_path": "/media/NFS/ttao/scannet/posed_images/scene0195_02/00183.jpg",
      "transform_matrix": [
        [
          0.972825,
          -0.034633,
          -0.228936,
          3.147588
        ],
        [
          0.226573,
          -0.061342,
          0.972061,
          1.219929
        ],
        [
          -0.047708,
          -0.997516,
          -0.051828,
          1.700378
        ],
        [
          0.0,
          0.0,
          0.0,
          1.0
        ]
      ]
    },
    {
      "file_path": "/media/NFS/ttao/scannet/posed_images/scene0195_02/00184.jpg",
      "transform_matrix": [
        [
          0.972424,
          -0.035553,
          -0.230493,
          3.145466
        ],
        [
          0.22807,
          -0.061556,
          0.971697,
          1.217713
        ],
        [
          -0.048735,
          -0.99747,
          -0.051749,
          1.699035
        ],
        [
          0.0,
          0.0,
          0.0,
          1.0
        ]
      ]
    },
    {
      "file_path": "/media/NFS/ttao/scannet/posed_images/scene0195_02/00192.jpg",
      "transform_matrix": [
        [
          0.976188,
          -0.002374,
          -0.216913,
          3.167769
        ],
        [
          0.212237,
          -0.196334,
          0.957292,
          1.22855
        ],
        [
          -0.04486,
          -0.980534,
          -0.191155,
          1.602933
        ],
        [
          0.0,
          0.0,
          0.0,
          1.0
        ]
      ]
    },
    {
      "file_path": "/media/NFS/ttao/scannet/posed_images/scene0195_02/00193.jpg",
      "transform_matrix": [
        [
          0.978224,
          0.002902,
          -0.20753,
          3.16751
        ],
        [
          0.202933,
          -0.223099,
          0.953438,
          1.231892
        ],
        [
          -0.043533,
          -0.974791,
          -0.21883,
          1.595686
        ],
        [
          0.0,
          0.0,
          0.0,
          1.0
        ]
      ]
    },
    {
      "file_path": "/media/NFS/ttao/scannet/posed_images/scene0195_02/00202.jpg",
      "transform_matrix": [
        [
          0.987517,
          -0.004851,
          -0.157437,
          3.20411
        ],
        [
          0.143527,
          -0.384012,
          0.912104,
          1.2681
        ],
        [
          -0.064883,
          -0.923315,
          -0.378523,
          1.531507
        ],
        [
          0.0,
          0.0,
          0.0,
          1.0
        ]
      ]
    },
    {
      "file_path": "/media/NFS/ttao/scannet/posed_images/scene0195_02/00207.jpg",
      "transform_matrix": [
        [
          0.991652,
          -0.005006,
          -0.128846,
          3.226185
        ],
        [
          0.113008,
          -0.447449,
          0.88714,
          1.281235
        ],
        [
          -0.062093,
          -0.894295,
          -0.443148,
          1.49564
        ],
        [
          0.0,
          0.0,
          0.0,
          1.0
        ]
      ]
    },
    {
      "file_path": "/media/NFS/ttao/scannet/posed_images/scene0195_02/00213.jpg",
      "transform_matrix": [
        [
          0.994349,
          0.004648,
          -0.106055,
          3.230176
        ],
        [
          0.09369,
          -0.50816,
          0.856151,
          1.292072
        ],
        [
          -0.049913,
          -0.86125,
          -0.505724,
          1.460539
        ],
        [
          0.0,
          0.0,
          0.0,
          1.0
        ]
      ]
    },
    {
      "file_path": "/media/NFS/ttao/scannet/posed_images/scene0195_02/00216.jpg",
      "transform_matrix": [
        [
          0.9961,
          0.004674,
          -0.088101,
          3.234642
        ],
        [
          0.077031,
          -0.532893,
          0.842669,
          1.299062
        ],
        [
          -0.04301,
          -0.84617,
          -0.531175,
          1.445294
        ],
        [
          0.0,
          0.0,
          0.0,
          1.0
        ]
      ]
    },
    {
      "file_path": "/media/NFS/ttao/scannet/posed_images/scene0195_02/00219.jpg",
      "transform_matrix": [
        [
          0.997797,
          -0.00143,
          -0.066327,
          3.239566
        ],
        [
          0.055058,
          -0.539934,
          0.839905,
          1.300823
        ],
        [
          -0.037013,
          -0.841706,
          -0.538665,
          1.431879
        ],
        [
          0.0,
          0.0,
          0.0,
          1.0
        ]
      ]
    },
    {
      "file_path": "/media/NFS/ttao/scannet/posed_images/scene0195_02/00228.jpg",
      "transform_matrix": [
        [
          0.999324,
          -0.035339,
          0.010121,
          3.228128
        ],
        [
          -0.028946,
          -0.586767,
          0.809238,
          1.28539
        ],
        [
          -0.02266,
          -0.808984,
          -0.587393,
          1.390979
        ],
        [
          0.0,
          0.0,
          0.0,
          1.0
        ]
      ]
    },
    {
      "file_path": "/media/NFS/ttao/scannet/posed_images/scene0195_02/00229.jpg",
      "transform_matrix": [
        [
          0.999162,
          -0.037362,
          0.016715,
          3.224856
        ],
        [
          -0.035614,
          -0.592306,
          0.804926,
          1.280202
        ],
        [
          -0.020173,
          -0.804847,
          -0.59314,
          1.385773
        ],
        [
          0.0,
          0.0,
          0.0,
          1.0
        ]
      ]
    },
    {
      "file_path": "/media/NFS/ttao/scannet/posed_images/scene0195_02/00237.jpg",
      "transform_matrix": [
        [
          0.999141,
          -0.01251,
          0.0395,
          3.187819
        ],
        [
          -0.038135,
          -0.650434,
          0.758605,
          1.240517
        ],
        [
          0.016202,
          -0.75946,
          -0.650352,
          1.35764
        ],
        [
          0.0,
          0.0,
          0.0,
          1.0
        ]
      ]
    },
    {
      "file_path": "/media/NFS/ttao/scannet/posed_images/scene0195_02/00240.jpg",
      "transform_matrix": [
        [
          0.998954,
          -0.005016,
          0.045442,
          3.175816
        ],
        [
          -0.037505,
          -0.658309,
          0.751813,
          1.235367
        ],
        [
          0.026143,
          -0.752731,
          -0.657809,
          1.361267
        ],
        [
          0.0,
          0.0,
          0.0,
          1.0
        ]
      ]
    },
    {
      "file_path": "/media/NFS/ttao/scannet/posed_images/scene0195_02/00247.jpg",
      "transform_matrix": [
        [
          0.998971,
          0.012356,
          0.043639,
          3.187383
        ],
        [
          -0.024309,
          -0.666445,
          0.745158,
          1.229988
        ],
        [
          0.03829,
          -0.745452,
          -0.665459,
          1.356444
        ],
        [
          0.0,
          0.0,
          0.0,
          1.0
        ]
      ]
    },
    {
      "file_path": "/media/NFS/ttao/scannet/posed_images/scene0195_02/00249.jpg",
      "transform_matrix": [
        [
          0.999344,
          0.019865,
          0.030284,
          3.192609
        ],
        [
          -0.009397,
          -0.665288,
          0.746528,
          1.229807
        ],
        [
          0.034977,
          -0.746323,
          -0.664665,
          1.353514
        ],
        [
          0.0,
          0.0,
          0.0,
          1.0
        ]
      ]
    },
    {
      "file_path": "/media/NFS/ttao/scannet/posed_images/scene0195_02/00253.jpg",
      "transform_matrix": [
        [
          0.998527,
          0.052627,
          -0.013187,
          3.205475
        ],
        [
          0.045022,
          -0.668146,
          0.742666,
          1.229939
        ],
        [
          0.030274,
          -0.742167,
          -0.669532,
          1.34391
        ],
        [
          0.0,
          0.0,
          0.0,
          1.0
        ]
      ]
    },
    {
      "file_path": "/media/NFS/ttao/scannet/posed_images/scene0195_02/00259.jpg",
      "transform_matrix": [
        [
          0.989503,
          0.117953,
          -0.083489,
          3.236547
        ],
        [
          0.141908,
          -0.68396,
          0.715584,
          1.231567
        ],
        [
          0.027302,
          -0.719921,
          -0.693519,
          1.335153
        ],
        [
          0.0,
          0.0,
          0.0,
          1.0
        ]
      ]
    },
    {
      "file_path": "/media/NFS/ttao/scannet/posed_images/scene0195_02/00267.jpg",
      "transform_matrix": [
        [
          0.963123,
          0.191963,
          -0.18853,
          3.269346
        ],
        [
          0.269055,
          -0.682504,
          0.679557,
          1.231609
        ],
        [
          0.001778,
          -0.705223,
          -0.708984,
          1.342736
        ],
        [
          0.0,
          0.0,
          0.0,
          1.0
        ]
      ]
    },
    {
      "file_path": "/media/NFS/ttao/scannet/posed_images/scene0195_02/00268.jpg",
      "transform_matrix": [
        [
          0.962683,
          0.192139,
          -0.190591,
          3.273655
        ],
        [
          0.270633,
          -0.684065,
          0.677357,
          1.234856
        ],
        [
          -0.00023,
          -0.70366,
          -0.710537,
          1.345443
        ],
        [
          0.0,
          0.0,
          0.0,
          1.0
        ]
      ]
    },
    {
      "file_path": "/media/NFS/ttao/scannet/posed_images/scene0195_02/00277.jpg",
      "transform_matrix": [
        [
          0.964798,
          0.201522,
          -0.168976,
          3.309885
        ],
        [
          0.261121,
          -0.657566,
          0.706699,
          1.259198
        ],
        [
          0.031303,
          -0.725945,
          -0.68704,
          1.343642
        ],
        [
          0.0,
          0.0,
          0.0,
          1.0
        ]
      ]
    },
    {
      "file_path": "/media/NFS/ttao/scannet/posed_images/scene0195_02/00279.jpg",
      "transform_matrix": [
        [
          0.961925,
          0.215546,
          -0.168049,
          3.314424
        ],
        [
          0.270124,
          -0.656098,
          0.704676,
          1.260591
        ],
        [
          0.041634,
          -0.72324,
          -0.689341,
          1.340065
        ],
        [
          0.0,
          0.0,
          0.0,
          1.0
        ]
      ]
    },
    {
      "file_path": "/media/NFS/ttao/scannet/posed_images/scene0195_02/00285.jpg",
      "transform_matrix": [
        [
          0.937357,
          0.259873,
          -0.23201,
          3.322053
        ],
        [
          0.34756,
          -0.652191,
          0.673683,
          1.271744
        ],
        [
          0.023757,
          -0.712118,
          -0.701658,
          1.335716
        ],
        [
          0.0,
          0.0,
          0.0,
          1.0
        ]
      ]
    },
    {
      "file_path": "/media/NFS/ttao/scannet/posed_images/scene0195_02/00292.jpg",
      "transform_matrix": [
        [
          0.871565,
          0.346142,
          -0.347218,
          3.383553
        ],
        [
          0.490022,
          -0.592064,
          0.639796,
          1.324264
        ],
        [
          0.015885,
          -0.727768,
          -0.685639,
          1.330785
        ],
        [
          0.0,
          0.0,
          0.0,
          1.0
        ]
      ]
    },
    {
      "file_path": "/media/NFS/ttao/scannet/posed_images/scene0195_02/00295.jpg",
      "transform_matrix": [
        [
          0.835372,
          0.377877,
          -0.399202,
          3.424072
        ],
        [
          0.54943,
          -0.551877,
          0.627343,
          1.36104
        ],
        [
          0.016748,
          -0.743398,
          -0.66864,
          1.335943
        ],
        [
          0.0,
          0.0,
          0.0,
          1.0
        ]
      ]
    },
    {
      "file_path": "/media/NFS/ttao/scannet/posed_images/scene0195_02/00300.jpg",
      "transform_matrix": [
        [
          0.77355,
          0.430957,
          -0.464646,
          3.487696
        ],
        [
          0.633498,
          -0.505818,
          0.585515,
          1.407938
        ],
        [
          0.017305,
          -0.747278,
          -0.664287,
          1.342952
        ],
        [
          0.0,
          0.0,
          0.0,
          1.0
        ]
      ]
    },
    {
      "file_path": "/media/NFS/ttao/scannet/posed_images/scene0195_02/00307.jpg",
      "transform_matrix": [
        [
          0.735932,
          0.459293,
          -0.497447,
          3.53063
        ],
        [
          0.676943,
          -0.485748,
          0.552989,
          1.467593
        ],
        [
          0.01235,
          -0.743706,
          -0.668393,
          1.356004
        ],
        [
          0.0,
          0.0,
          0.0,
          1.0
        ]
      ]
    },
    {
      "file_path": "/media/NFS/ttao/scannet/posed_images/scene0195_02/00312.jpg",
      "transform_matrix": [
        [
          0.706356,
          0.474769,
          -0.525029,
          3.551341
        ],
        [
          0.7078,
          -0.464327,
          0.532371,
          1.495217
        ],
        [
          0.008968,
          -0.747659,
          -0.664022,
          1.353058
        ],
        [
          0.0,
          0.0,
          0.0,
          1.0
        ]
      ]
    },
    {
      "file_path": "/media/NFS/ttao/scannet/posed_images/scene0195_02/00313.jpg",
      "transform_matrix": [
        [
          0.703555,
          0.478285,
          -0.525599,
          3.551272
        ],
        [
          0.71058,
          -0.463758,
          0.529155,
          1.499409
        ],
        [
          0.009337,
          -0.745769,
          -0.666139,
          1.351667
        ],
        [
          0.0,
          0.0,
          0.0,
          1.0
        ]
      ]
    },
    {
      "file_path": "/media/NFS/ttao/scannet/posed_images/scene0195_02/00319.jpg",
      "transform_matrix": [
        [
          0.684802,
          0.496049,
          -0.533837,
          3.555571
        ],
        [
          0.72866,
          -0.456026,
          0.510974,
          1.541609
        ],
        [
          0.010025,
          -0.738902,
          -0.673739,
          1.344154
        ],
        [
          0.0,
          0.0,
          0.0,
          1.0
        ]
      ]
    },
    {
      "file_path": "/media/NFS/ttao/scannet/posed_images/scene0195_02/00327.jpg",
      "transform_matrix": [
        [
          0.660525,
          0.517656,
          -0.54382,
          3.55269
        ],
        [
          0.750195,
          -0.425866,
          0.505811,
          1.634584
        ],
        [
          0.030242,
          -0.742072,
          -0.669638,
          1.342692
        ],
        [
          0.0,
          0.0,
          0.0,
          1.0
        ]
      ]
    },
    {
      "file_path": "/media/NFS/ttao/scannet/posed_images/scene0195_02/00331.jpg",
      "transform_matrix": [
        [
          0.645537,
          0.526711,
          -0.553045,
          3.55213
        ],
        [
          0.76279,
          -0.408747,
          0.501076,
          1.690064
        ],
        [
          0.037867,
          -0.74532,
          -0.665631,
          1.341814
        ],
        [
          0.0,
          0.0,
          0.0,
          1.0
        ]
      ]
    },
    {
      "file_path": "/media/NFS/ttao/scannet/posed_images/scene0195_02/00334.jpg",
      "transform_matrix": [
        [
          0.629504,
          0.531772,
          -0.566519,
          3.55036
        ],
        [
          0.776111,
          -0.395524,
          0.491133,
          1.725747
        ],
        [
          0.037098,
          -0.748852,
          -0.661698,
          1.344593
        ],
        [
          0.0,
          0.0,
          0.0,
          1.0
        ]
      ]
    },
    {
      "file_path": "/media/NFS/ttao/scannet/posed_images/scene0195_02/00340.jpg",
      "transform_matrix": [
        [
          0.57976,
          0.553916,
          -0.59754,
          3.551752
        ],
        [
          0.814434,
          -0.372381,
          0.445005,
          1.773439
        ],
        [
          0.023983,
          -0.744654,
          -0.66702,
          1.346877
        ],
        [
          0.0,
          0.0,
          0.0,
          1.0
        ]
      ]
    },
    {
      "file_path": "/media/NFS/ttao/scannet/posed_images/scene0195_02/00343.jpg",
      "transform_matrix": [
        [
          0.546545,
          0.565316,
          -0.617823,
          3.549066
        ],
        [
          0.836904,
          -0.342598,
          0.426869,
          1.789736
        ],
        [
          0.029651,
          -0.750363,
          -0.660361,
          1.352268
        ],
        [
          0.0,
          0.0,
          0.0,
          1.0
        ]
      ]
    },
    {
      "file_path": "/media/NFS/ttao/scannet/posed_images/scene0195_02/00349.jpg",
      "transform_matrix": [
        [
          0.488618,
          0.573484,
          -0.657548,
          3.558186
        ],
        [
          0.871735,
          -0.289367,
          0.395405,
          1.834787
        ],
        [
          0.036486,
          -0.766409,
          -0.641315,
          1.370591
        ],
        [
          0.0,
          0.0,
          0.0,
          1.0
        ]
      ]
    },
    {
      "file_path": "/media/NFS/ttao/scannet/posed_images/scene0195_02/00357.jpg",
      "transform_matrix": [
        [
          0.480638,
          0.551965,
          -0.681411,
          3.57907
        ],
        [
          0.876845,
          -0.292443,
          0.3816,
          1.899673
        ],
        [
          0.011356,
          -0.780904,
          -0.624548,
          1.38499
        ],
        [
          0.0,
          0.0,
          0.0,
          1.0
        ]
      ]
    },
    {
      "file_path": "/media/NFS/ttao/scannet/posed_images/scene0195_02/00363.jpg",
      "transform_matrix": [
        [
          0.484016,
          0.543667,
          -0.685678,
          3.569564
        ],
        [
          0.874818,
          -0.282242,
          0.393742,
          1.899943
        ],
        [
          0.020538,
          -0.790421,
          -0.612219,
          1.392853
        ],
        [
          0.0,
          0.0,
          0.0,
          1.0
        ]
      ]
    },
    {
      "file_path": "/media/NFS/ttao/scannet/posed_images/scene0195_02/00364.jpg",
      "transform_matrix": [
        [
          0.493911,
          0.540667,
          -0.680978,
          3.565625
        ],
        [
          0.869067,
          -0.281889,
          0.406523,
          1.897448
        ],
        [
          0.027833,
          -0.792602,
          -0.609104,
          1.392975
        ],
        [
          0.0,
          0.0,
          0.0,
          1.0
        ]
      ]
    },
    {
      "file_path": "/media/NFS/ttao/scannet/posed_images/scene0195_02/00369.jpg",
      "transform_matrix": [
        [
          0.570013,
          0.526215,
          -0.631018,
          3.542087
        ],
        [
          0.820641,
          -0.326838,
          0.468749,
          1.891633
        ],
        [
          0.040422,
          -0.785032,
          -0.618135,
          1.39262
        ],
        [
          0.0,
          0.0,
          0.0,
          1.0
        ]
      ]
    },
    {
      "file_path": "/media/NFS/ttao/scannet/posed_images/scene0195_02/00375.jpg",
      "transform_matrix": [
        [
          0.699632,
          0.474563,
          -0.53414,
          3.496127
        ],
        [
          0.712887,
          -0.413371,
          0.566495,
          1.872001
        ],
        [
          0.048039,
          -0.777119,
          -0.627517,
          1.379542
        ],
        [
          0.0,
          0.0,
          0.0,
          1.0
        ]
      ]
    },
    {
      "file_path": "/media/NFS/ttao/scannet/posed_images/scene0195_02/00382.jpg",
      "transform_matrix": [
        [
          0.830105,
          0.373724,
          -0.41383,
          3.423767
        ],
        [
          0.555026,
          -0.482467,
          0.677622,
          1.825378
        ],
        [
          0.053584,
          -0.792184,
          -0.607925,
          1.386696
        ],
        [
          0.0,
          0.0,
          0.0,
          1.0
        ]
      ]
    },
    {
      "file_path": "/media/NFS/ttao/scannet/posed_images/scene0195_02/00384.jpg",
      "transform_matrix": [
        [
          0.845699,
          0.356554,
          -0.397068,
          3.408004
        ],
        [
          0.531254,
          -0.491897,
          0.689788,
          1.811325
        ],
        [
          0.05063,
          -0.794296,
          -0.605417,
          1.397379
        ],
        [
          0.0,
          0.0,
