{
  "frames": [
    {
      "file_path": "/media/NFS/ttao/scannet/posed_images/scene0620_00/00001.jpg",
      "transform_matrix": [
        [
          -0.615849,
          -0.512596,
          0.59831,
          1.405169
        ],
        [
          -0.787288,
          0.429416,
          -0.442469,
          3.941777
        ],
        [
          -0.030116,
          -0.743537,
          -0.668017,
          1.409765
        ],
        [
          0.0,
          0.0,
          0.0,
          1.0
        ]
      ]
    },
    {
      "file_path": "/media/NFS/ttao/scannet/posed_images/scene0620_00/00002.jpg",
      "transform_matrix": [
        [
          -0.612821,
          -0.516583,
          0.59799,
          1.396806
        ],
        [
          -0.78967,
          0.428595,
          -0.439007,
          3.941036
        ],
        [
          -0.029512,
          -0.741248,
          -0.670583,
          1.409177
        ],
        [
          0.0,
          0.0,
          0.0,
          1.0
        ]
      ]
    },
    {
      "file_path": "/media/NFS/ttao/scannet/posed_images/scene0620_00/00007.jpg",
      "transform_matrix": [
        [
          -0.594402,
          -0.524252,
          0.609792,
          1.375604
        ],
        [
          -0.803428,
          0.419671,
          -0.42235,
          3.948135
        ],
        [
          -0.034494,
          -0.74097,
          -0.670652,
          1.407832
        ],
        [
          0.0,
          0.0,
          0.0,
          1.0
        ]
      ]
    },
    {
      "file_path": "/media/NFS/ttao/scannet/posed_images/scene0620_00/00010.jpg",
      "transform_matrix": [
        [
          -0.59126,
          -0.529351,
          0.60844,
          1.373301
        ],
        [
          -0.806071,
          0.411936,
          -0.424921,
          3.954207
        ],
        [
          -0.025706,
          -0.741685,
          -0.670256,
          1.408524
        ],
        [
          0.0,
          0.0,
          0.0,
          1.0
        ]
      ]
    },
    {
      "file_path": "/media/NFS/ttao/scannet/posed_images/scene0620_00/00011.jpg",
      "transform_matrix": [
        [
          -0.5907,
          -0.530012,
          0.608407,
          1.372647
        ],
        [
          -0.806492,
          0.411535,
          -0.424512,
          3.954663
        ],
        [
          -0.025384,
          -0.741435,
          -0.670544,
          1.409804
        ],
        [
          0.0,
          0.0,
          0.0,
          1.0
        ]
      ]
    },
    {
      "file_path": "/media/NFS/ttao/scannet/posed_images/scene0620_00/00015.jpg",
      "transform_matrix": [
        [
          -0.587636,
          -0.501774,
          0.634749,
          1.366089
        ],
        [
          -0.808786,
          0.386963,
          -0.442859,
          3.959059
        ],
        [
          -0.023409,
          -0.773616,
          -0.633222,
          1.421975
        ],
        [
          0.0,
          0.0,
          0.0,
          1.0
        ]
      ]
    },
    {
      "file_path": "/media/NFS/ttao/scannet/posed_images/scene0620_00/00016.jpg",
      "transform_matrix": [
        [
          -0.5878,
          -0.493686,
          0.64091,
          1.365625
        ],
        [
          -0.808631,
          0.38267,
          -0.446855,
          3.958494
        ],
        [
          -0.024651,
          -0.780921,
          -0.624143,
          1.426491
        ],
        [
          0.0,
          0.0,
          0.0,
          1.0
        ]
      ]
    },
    {
      "file_path": "/media/NFS/ttao/scannet/posed_images/scene0620_00/00021.jpg",
      "transform_matrix": [
        [
          -0.589869,
          -0.442767,
          0.675286,
          1.355361
        ],
        [
          -0.807112,
          0.349178,
          -0.476073,
          3.957873
        ],
        [
          -0.025005,
          -0.825852,
          -0.563332,
          1.430095
        ],
        [
          0.0,
          0.0,
          0.0,
          1.0
        ]
      ]
    },
    {
      "file_path": "/media/NFS/ttao/scannet/posed_images/scene0620_00/00023.jpg",
      "transform_matrix": [
        [
          -0.589124,
          -0.409605,
          0.696532,
          1.350785
        ],
        [
          -0.807662,
          0.32495,
          -0.492027,
          3.95617
        ],
        [
          -0.024801,
          -0.852427,
          -0.522258,
          1.445958
        ],
        [
          0.0,
          0.0,
          0.0,
          1.0
        ]
      ]
    },
    {
      "file_path": "/media/NFS/ttao/scannet/posed_images/scene0620_00/00026.jpg",
      "transform_matrix": [
        [
          -0.590287,
          -0.374714,
          0.714948,
          1.34593
        ],
        [
          -0.806755,
          0.303041,
          -0.50726,
          3.955787
        ],
        [
          -0.026581,
          -0.876217,
          -0.481184,
          1.462435
        ],
        [
          0.0,
          0.0,
          0.0,
          1.0
        ]
      ]
    },
    {
      "file_path": "/media/NFS/ttao/scannet/posed_images/scene0620_00/00029.jpg",
      "transform_matrix": [
        [
          -0.591668,
          -0.34624,
          0.728043,
          1.339384
        ],
        [
          -0.805738,
          0.283932,
          -0.519778,
          3.954658
        ],
        [
          -0.026747,
          -0.894148,
          -0.446972,
          1.473357
        ],
        [
          0.0,
          0.0,
          0.0,
          1.0
        ]
      ]
    },
    {
      "file_path": "/media/NFS/ttao/scannet/posed_images/scene0620_00/00032.jpg",
      "transform_matrix": [
        [
          -0.595905,
          -0.339141,
          0.727929,
          1.345924
        ],
        [
          -0.802661,
          0.279927,
          -0.526666,
          3.947038
        ],
        [
          -0.025153,
          -0.898123,
          -0.439025,
          1.496722
        ],
        [
          0.0,
          0.0,
          0.0,
          1.0
        ]
      ]
    },
    {
      "file_path": "/media/NFS/ttao/scannet/posed_images/scene0620_00/00033.jpg",
      "transform_matrix": [
        [
          -0.597349,
          -0.337017,
          0.727731,
          1.345807
        ],
        [
          -0.801679,
          0.275859,
          -0.530295,
          3.946782
        ],
        [
          -0.022033,
          -0.900178,
          -0.434964,
          1.500291
        ],
        [
          0.0,
          0.0,
          0.0,
          1.0
        ]
      ]
    },
    {
      "file_path": "/media/NFS/ttao/scannet/posed_images/scene0620_00/00037.jpg",
      "transform_matrix": [
        [
          -0.602434,
          -0.327284,
          0.727982,
          1.344174
        ],
        [
          -0.797904,
          0.270424,
          -0.538721,
          3.944088
        ],
        [
          -0.020549,
          -0.905404,
          -0.424054,
          1.505919
        ],
        [
          0.0,
          0.0,
          0.0,
          1.0
        ]
      ]
    },
    {
      "file_path": "/media/NFS/ttao/scannet/posed_images/scene0620_00/00040.jpg",
      "transform_matrix": [
        [
          -0.604972,
          -0.326738,
          0.72612,
          1.342708
        ],
        [
          -0.795996,
          0.27107,
          -0.541213,
          3.938701
        ],
        [
          -0.019995,
          -0.905407,
          -0.424073,
          1.508
        ],
        [
          0.0,
          0.0,
          0.0,
          1.0
        ]
      ]
    },
    {
      "file_path": "/media/NFS/ttao/scannet/posed_images/scene0620_00/00041.jpg",
      "transform_matrix": [
        [
          -0.606648,
          -0.326613,
          0.724777,
          1.34328
        ],
        [
          -0.794735,
          0.271352,
          -0.542923,
          3.938218
        ],
        [
          -0.019344,
          -0.905368,
          -0.424186,
          1.508493
        ],
        [
          0.0,
          0.0,
          0.0,
          1.0
        ]
      ]
    },
    {
      "file_path": "/media/NFS/ttao/scannet/posed_images/scene0620_00/00044.jpg",
      "transform_matrix": [
        [
          -0.608141,
          -0.325762,
          0.723908,
          1.341041
        ],
        [
          -0.793633,
          0.269756,
          -0.545325,
          3.934639
        ],
        [
          -0.017632,
          -0.906152,
          -0.422585,
          1.50592
        ],
        [
          0.0,
          0.0,
          0.0,
          1.0
        ]
      ]
    },
    {
      "file_path": "/media/NFS/ttao/scannet/posed_images/scene0620_00/00046.jpg",
      "transform_matrix": [
        [
          -0.608585,
          -0.326222,
          0.723328,
          1.339545
        ],
        [
          -0.79329,
          0.270582,
          -0.545415,
          3.931873
        ],
        [
          -0.017793,
          -0.90574,
          -0.42346,
          1.504062
        ],
        [
          0.0,
          0.0,
          0.0,
          1.0
        ]
      ]
    },
    {
      "file_path": "/media/NFS/ttao/scannet/posed_images/scene0620_00/00051.jpg",
      "transform_matrix": [
        [
          -0.611638,
          -0.323595,
          0.721931,
          1.338314
        ],
        [
          -0.791012,
          0.266425,
          -0.550744,
          3.929972
        ],
        [
          -0.014123,
          -0.907912,
          -0.418923,
          1.503483
        ],
        [
          0.0,
          0.0,
          0.0,
          1.0
        ]
      ]
    },
    {
      "file_path": "/media/NFS/ttao/scannet/posed_images/scene0620_00/00054.jpg",
      "transform_matrix": [
        [
          -0.609625,
          -0.328238,
          0.721538,
          1.336248
        ],
        [
          -0.79261,
          0.26534,
          -0.548966,
          3.925749
        ],
        [
          -0.011262,
          -0.906562,
          -0.421922,
          1.50044
        ],
        [
          0.0,
          0.0,
          0.0,
          1.0
        ]
      ]
    },
    {
      "file_path": "/media/NFS/ttao/scannet/posed_images/scene0620_00/00055.jpg",
      "transform_matrix": [
        [
          -0.608991,
          -0.33009,
          0.721229,
          1.337172
        ],
        [
          -0.793101,
          0.266007,
          -0.547933,
          3.92497
        ],
        [
          -0.010985,
          -0.905693,
          -0.423791,
          1.501203
        ],
        [
          0.0,
          0.0,
          0.0,
          1.0
        ]
      ]
    },
    {
      "file_path": "/media/NFS/ttao/scannet/posed_images/scene0620_00/00057.jpg",
      "transform_matrix": [
        [
          -0.608475,
          -0.332628,
          0.720498,
          1.336773
        ],
        [
          -0.793509,
          0.266546,
          -0.54708,
          3.924798
        ],
        [
          -0.010072,
          -0.904606,
          -0.426129,
          1.49861
        ],
        [
          0.0,
          0.0,
          0.0,
          1.0
        ]
      ]
    },
    {
      "file_path": "/media/NFS/ttao/scannet/posed_images/scene0620_00/00062.jpg",
      "transform_matrix": [
        [
          -0.61203,
          -0.352521,
          0.707918,
          1.338698
        ],
        [
          -0.790813,
          0.279359,
          -0.544585,
          3.915601
        ],
        [
          -0.005786,
          -0.893133,
          -0.449755,
          1.49869
        ],
        [
          0.0,
          0.0,
          0.0,
          1.0
        ]
      ]
    },
    {
      "file_path": "/media/NFS/ttao/scannet/posed_images/scene0620_00/00064.jpg",
      "transform_matrix": [
        [
          -0.625487,
          -0.353729,
          0.695443,
          1.337004
        ],
        [
          -0.780232,
          0.281506,
          -0.558562,
          3.905831
        ],
        [
          0.001808,
          -0.891981,
          -0.452069,
          1.492545
        ],
        [
          0.0,
          0.0,
          0.0,
          1.0
        ]
      ]
    },
    {
      "file_path": "/media/NFS/ttao/scannet/posed_images/scene0620_00/00066.jpg",
      "transform_matrix": [
        [
          -0.642583,
          -0.355502,
          0.678753,
          1.331299
        ],
        [
          -0.766078,
          0.281254,
          -0.577945,
          3.894049
        ],
        [
          0.014558,
          -0.891355,
          -0.453071,
          1.484739
        ],
        [
          0.0,
          0.0,
          0.0,
          1.0
        ]
      ]
    },
    {
      "file_path": "/media/NFS/ttao/scannet/posed_images/scene0620_00/00069.jpg",
      "transform_matrix": [
        [
          -0.65485,
          -0.374367,
          0.656521,
          1.329488
        ],
        [
          -0.755734,
          0.317334,
          -0.572857,
          3.883342
        ],
        [
          0.006122,
          -0.871291,
          -0.490728,
          1.471201
        ],
        [
          0.0,
          0.0,
          0.0,
          1.0
        ]
      ]
    },
    {
      "file_path": "/media/NFS/ttao/scannet/posed_images/scene0620_00/00071.jpg",
      "transform_matrix": [
        [
          -0.661568,
          -0.36865,
          0.653012,
          1.322479
        ],
        [
          -0.749818,
          0.336872,
          -0.569465,
          3.872126
        ],
        [
          -0.010049,
          -0.86638,
          -0.499284,
          1.460842
        ],
        [
          0.0,
          0.0,
          0.0,
          1.0
        ]
      ]
    },
    {
      "file_path": "/media/NFS/ttao/scannet/posed_images/scene0620_00/00074.jpg",
      "transform_matrix": [
        [
          -0.678448,
          -0.365303,
          0.637387,
          1.312004
        ],
        [
          -0.73429,
          0.364278,
          -0.572817,
          3.855756
        ],
        [
          -0.022935,
          -0.856653,
          -0.515383,
          1.451347
        ],
        [
          0.0,
          0.0,
          0.0,
          1.0
        ]
      ]
    },
    {
      "file_path": "/media/NFS/ttao/scannet/posed_images/scene0620_00/00077.jpg",
      "transform_matrix": [
        [
          -0.703736,
          -0.357596,
          0.613905,
          1.304268
        ],
        [
          -0.710295,
          0.372798,
          -0.597078,
          3.846454
        ],
        [
          -0.01535,
          -0.85624,
          -0.51635,
          1.440471
        ],
        [
          0.0,
          0.0,
          0.0,
          1.0
        ]
      ]
    },
    {
      "file_path": "/media/NFS/ttao/scannet/posed_images/scene0620_00/00081.jpg",
      "transform_matrix": [
        [
          -0.743442,
          -0.352027,
          0.568657,
          1.28818
        ],
        [
          -0.668787,
          0.396636,
          -0.628812,
          3.813631
        ],
        [
          -0.004191,
          -0.847795,
          -0.530307,
          1.4361
        ],
        [
          0.0,
          0.0,
          0.0,
          1.0
        ]
      ]
    },
    {
      "file_path": "/media/NFS/ttao/scannet/posed_images/scene0620_00/00083.jpg",
      "transform_matrix": [
        [
          -0.760005,
          -0.340774,
          0.553412,
          1.281388
        ],
        [
          -0.649891,
          0.406144,
          -0.642409,
          3.806172
        ],
        [
          -0.005849,
          -0.847891,
          -0.530138,
          1.4332
        ],
        [
          0.0,
          0.0,
          0.0,
          1.0
        ]
      ]
    },
    {
      "file_path": "/media/NFS/ttao/scannet/posed_images/scene0620_00/00086.jpg",
      "transform_matrix": [
        [
          -0.781787,
          -0.33059,
          0.528696,
          1.268483
        ],
        [
          -0.623545,
          0.413705,
          -0.663355,
          3.798794
        ],
        [
          0.000575,
          -0.848268,
          -0.529567,
          1.427225
        ],
        [
          0.0,
          0.0,
          0.0,
          1.0
        ]
      ]
    },
    {
      "file_path": "/media/NFS/ttao/scannet/posed_images/scene0620_00/00088.jpg",
      "transform_matrix": [
        [
          -0.797741,
          -0.328865,
          0.505428,
          1.260158
        ],
        [
          -0.602916,
          0.421,
          -0.677681,
          3.792087
        ],
        [
          0.01008,
          -0.845344,
          -0.534127,
          1.423798
        ],
        [
          0.0,
          0.0,
          0.0,
          1.0
        ]
      ]
    },
    {
      "file_path": "/media/NFS/ttao/scannet/posed_images/scene0620_00/00090.jpg",
      "transform_matrix": [
        [
          -0.811733,
          -0.328318,
          0.483007,
          1.245025
        ],
        [
          -0.583863,
          0.43655,
          -0.684491,
          3.769811
        ],
        [
          0.013874,
          -0.837634,
          -0.546055,
          1.423527
        ],
        [
          0.0,
          0.0,
          0.0,
          1.0
        ]
      ]
    },
    {
      "file_path": "/media/NFS/ttao/scannet/posed_images/scene0620_00/00093.jpg",
      "transform_matrix": [
        [
          -0.839567,
          -0.318927,
          0.439786,
          1.237038
        ],
        [
          -0.543003,
          0.468002,
          -0.697225,
          3.762223
        ],
        [
          0.016543,
          -0.824172,
          -0.566097,
          1.413371
        ],
        [
          0.0,
          0.0,
          0.0,
          1.0
        ]
      ]
    },
    {
      "file_path": "/media/NFS/ttao/scannet/posed_images/scene0620_00/00096.jpg",
      "transform_matrix": [
        [
          -0.861679,
          -0.30147,
          0.408197,
          1.230043
        ],
        [
          -0.506952,
          0.475656,
          -0.718854,
          3.762578
        ],
        [
          0.022552,
          -0.826358,
          -0.562694,
          1.406887
        ],
        [
          0.0,
          0.0,
          0.0,
          1.0
        ]
      ]
    },
    {
      "file_path": "/media/NFS/ttao/scannet/posed_images/scene0620_00/00100.jpg",
      "transform_matrix": [
        [
          -0.876524,
          -0.278171,
          0.392843,
          1.2121
        ],
        [
          -0.481102,
          0.479706,
          -0.733773,
          3.743158
        ],
        [
          0.015665,
          -0.832167,
          -0.554303,
          1.415146
        ],
        [
          0.0,
          0.0,
          0.0,
          1.0
        ]
      ]
    },
    {
      "file_path": "/media/NFS/ttao/scannet/posed_images/scene0620_00/00101.jpg",
      "transform_matrix": [
        [
          -0.879514,
          -0.275949,
          0.387694,
          1.211692
        ],
        [
          -0.475616,
          0.482997,
          -0.73519,
          3.742672
        ],
        [
          0.01562,
          -0.831003,
          -0.556048,
          1.417013
        ],
        [
          0.0,
          0.0,
          0.0,
          1.0
        ]
      ]
    },
    {
      "file_path": "/media/NFS/ttao/scannet/posed_images/scene0620_00/00106.jpg",
      "transform_matrix": [
        [
          -0.886859,
          -0.261289,
          0.381063,
          1.205147
        ],
        [
          -0.461886,
          0.48002,
          -0.745817,
          3.741694
        ],
        [
          0.011956,
          -0.837442,
          -0.546395,
          1.418394
        ],
        [
          0.0,
          0.0,
          0.0,
          1.0
        ]
      ]
    },
    {
      "file_path": "/media/NFS/ttao/scannet/posed_images/scene0620_00/00109.jpg",
      "transform_matrix": [
        [
          -0.884842,
          -0.254726,
          0.390089,
          1.202257
        ],
        [
          -0.465887,
          0.480246,
          -0.743178,
          3.739428
        ],
        [
          0.001968,
          -0.839332,
          -0.543615,
          1.41934
        ],
        [
          0.0,
          0.0,
          0.0,
          1.0
        ]
      ]
    },
    {
      "file_path": "/media/NFS/ttao/scannet/posed_images/scene0620_00/00110.jpg",
      "transform_matrix": [
        [
          -0.883447,
          -0.252768,
          0.394498,
          1.196904
        ],
        [
          -0.468528,
          0.47909,
          -0.742263,
          3.734524
        ],
        [
          -0.00138,
          -0.840584,
          -0.54168,
          1.41682
        ],
        [
          0.0,
          0.0,
          0.0,
          1.0
        ]
      ]
    },
    {
      "file_path": "/media/NFS/ttao/scannet/posed_images/scene0620_00/00113.jpg",
      "transform_matrix": [
        [
          -0.881973,
          -0.262254,
          0.391594,
          1.195939
        ],
        [
          -0.471242,
          0.477791,
          -0.741382,
          3.730078
        ],
        [
          0.00733,
          -0.838415,
          -0.544984,
          1.419318
        ],
        [
          0.0,
          0.0,
          0.0,
          1.0
        ]
      ]
    },
    {
      "file_path": "/media/NFS/ttao/scannet/posed_images/scene0620_00/00117.jpg",
      "transform_matrix": [
        [
          -0.873222,
          -0.278915,
          0.399612,
          1.186353
        ],
        [
          -0.486426,
          0.44912,
          -0.749454,
          3.726355
        ],
        [
          0.02956,
          -0.848821,
          -0.527853,
          1.415894
        ],
        [
          0.0,
          0.0,
          0.0,
          1.0
        ]
      ]
    },
    {
      "file_path": "/media/NFS/ttao/scannet/posed_images/scene0620_00/00120.jpg",
      "transform_matrix": [
        [
          -0.874531,
          -0.276111,
          0.398695,
          1.178016
        ],
        [
          -0.483981,
          0.444448,
          -0.753809,
          3.713802
        ],
        [
          0.030936,
          -0.85219,
          -0.522317,
          1.416485
        ],
        [
          0.0,
          0.0,
          0.0,
          1.0
        ]
      ]
    },
    {
      "file_path": "/media/NFS/ttao/scannet/posed_images/scene0620_00/00121.jpg",
      "transform_matrix": [
        [
          -0.876661,
          -0.272807,
          0.396285,
          1.177173
        ],
        [
          -0.480155,
          0.444295,
          -0.756342,
          3.709752
        ],
        [
          0.030268,
          -0.853333,
          -0.520486,
          1.416616
        ],
        [
          0.0,
          0.0,
          0.0,
          1.0
        ]
      ]
    },
    {
      "file_path": "/media/NFS/ttao/scannet/posed_images/scene0620_00/00125.jpg",
      "transform_matrix": [
        [
          -0.876039,
          -0.248083,
          0.413535,
          1.160774
        ],
        [
          -0.481309,
          0.396517,
          -0.781739,
          3.694251
        ],
        [
          0.029962,
          -0.883872,
          -0.466768,
          1.411697
        ],
        [
          0.0,
          0.0,
          0.0,
          1.0
        ]
      ]
    },
    {
      "file_path": "/media/NFS/ttao/scannet/posed_images/scene0620_00/00128.jpg",
      "transform_matrix": [
        [
          -0.874042,
          -0.2179,
          0.434246,
          1.152071
        ],
        [
          -0.485589,
          0.362522,
          -0.795475,
          3.681398
        ],
        [
          0.015911,
          -0.906144,
          -0.42267,
          1.419818
        ],
        [
          0.0,
          0.0,
          0.0,
          1.0
        ]
      ]
    },
    {
      "file_path": "/media/NFS/ttao/scannet/posed_images/scene0620_00/00130.jpg",
      "transform_matrix": [
        [
          -0.869799,
          -0.205797,
          0.448439,
          1.151428
        ],
        [
          -0.493406,
          0.363132,
          -0.790371,
          3.671929
        ],
        [
          -0.000187,
          -0.908726,
          -0.417393,
          1.425585
        ],
        [
          0.0,
          0.0,
          0.0,
          1.0
        ]
      ]
    },
    {
      "file_path": "/media/NFS/ttao/scannet/posed_images/scene0620_00/00132.jpg",
      "transform_matrix": [
        [
          -0.863004,
          -0.196078,
          0.465593,
          1.151951
        ],
        [
          -0.504479,
          0.383557,
          -0.773553,
          3.655516
        ],
        [
          -0.026905,
          -0.902462,
          -0.429929,
          1.423959
        ],
        [
          0.0,
          0.0,
          0.0,
          1.0
        ]
      ]
    },
    {
      "file_path": "/media/NFS/ttao/scannet/posed_images/scene0620_00/00136.jpg",
      "transform_matrix": [
        [
          -0.861168,
          -0.150746,
          0.485454,
          1.162095
        ],
        [
          -0.503237,
          0.387554,
          -0.772369,
          3.616479
        ],
        [
          -0.071709,
          -0.909438,
          -0.40961,
          1.437921
        ],
        [
          0.0,
          0.0,
          0.0,
          1.0
        ]
      ]
    },
    {
      "file_path": "/media/NFS/ttao/scannet/posed_images/scene0620_00/00137.jpg",
      "transform_matrix": [
        [
          -0.862774,
          -0.13835,
          0.486293,
          1.168047
        ],
        [
          -0.498753,
          0.390546,
          -0.77377,
          3.612499
        ],
        [
          -0.082869,
          -0.910128,
          -0.405955,
          1.433868
        ],
        [
          0.0,
          0.0,
          0.0,
          1.0
        ]
      ]
    },
    {
      "file_path": "/media/NFS/ttao/scannet/posed_images/scene0620_00/00142.jpg",
      "transform_matrix": [
        [
          -0.865564,
          -0.125402,
          0.484842,
          1.193123
        ],
        [
          -0.490935,
          0.403664,
          -0.772035,
          3.55227
        ],
        [
          -0.098899,
          -0.906272,
          -0.410962,
          1.443953
        ],
        [
          0.0,
          0.0,
          0.0,
          1.0
        ]
      ]
    },
    {
      "file_path": "/media/NFS/ttao/scannet/posed_images/scene0620_00/00143.jpg",
      "transform_matrix": [
        [
          -0.873001,
          -0.124742,
          0.471496,
          1.200794
        ],
        [
          -0.478718,
          0.404031,
          -0.77948,
          3.54075
        ],
        [
          -0.093265,
          -0.9062,
          -0.412436,
          1.442312
        ],
        [
          0.0,
          0.0,
          0.0,
          1.0
        ]
      ]
    },
    {
      "file_path": "/media/NFS/ttao/scannet/posed_images/scene0620_00/00147.jpg",
      "transform_matrix": [
        [
          -0.877081,
          -0.121506,
          0.464721,
          1.208956
        ],
        [
          -0.472488,
          0.392476,
          -0.789125,
          3.491576
        ],
        [
          -0.086508,
          -0.911701,
          -0.401643,
          1.432679
        ],
        [
          0.0,
          0.0,
          0.0,
          1.0
        ]
      ]
    },
    {
      "file_path": "/media/NFS/ttao/scannet/posed_images/scene0620_00/00149.jpg",
      "transform_matrix": [
        [
          -0.885405,
          -0.11329,
          0.450802,
          1.207321
        ],
        [
          -0.458228,
          0.375499,
          -0.805623,
          3.464005
        ],
        [
          -0.078006,
          -0.919873,
          -0.384382,
          1.44522
        ],
        [
          0.0,
          0.0,
          0.0,
          1.0
        ]
      ]
    },
    {
      "file_path": "/media/NFS/ttao/scannet/posed_images/scene0620_00/00151.jpg",
      "transform_matrix": [
        [
          -0.907765,
          -0.108644,
          0.405165,
          1.202911
        ],
        [
          -0.414629,
          0.378836,
          -0.827385,
          3.435773
        ],
        [
          -0.063601,
          -0.919065,
          -0.388941,
          1.439869
        ],
        [
          0.0,
          0.0,
          0.0,
          1.0
        ]
      ]
    },
    {
      "file_path": "/media/NFS/ttao/scannet/posed_images/scene0620_00/00156.jpg",
      "transform_matrix": [
        [
          -0.95235,
          -0.088061,
          0.292017,
          1.183864
        ],
        [
          -0.302006,
          0.406199,
          -0.862435,
          3.37155
        ],
        [
          -0.042671,
          -0.909531,
          -0.413439,
          1.422873
        ],
        [
          0.0,
          0.0,
          0.0,
          1.0
        ]
      ]
    },
    {
      "file_path": "/media/NFS/ttao/scannet/posed_images/scene0620_00/00157.jpg",
      "transform_matrix": [
        [
          -0.959988,
          -0.084993,
          0.266829,
          1.179747
        ],
        [
          -0.277815,
          0.408902,
          -0.869263,
          3.358246
        ],
        [
          -0.035226,
          -0.908612,
          -0.416154,
          1.422656
        ],
        [
          0.0,
          0.0,
          0.0,
          1.0
        ]
      ]
    },
    {
      "file_path": "/media/NFS/ttao/scannet/posed_images/scene0620_00/00159.jpg",
      "transform_matrix": [
        [
          -0.973066,
          -0.073573,
          0.21847,
          1.16511
        ],
        [
          -0.229054,
          0.415515,
          -0.880274,
          3.330697
        ],
        [
          -0.026013,
          -0.906606,
          -0.421176,
          1.413883
        ],
        [
          0.0,
          0.0,
          0.0,
          1.0
        ]
      ]
    },
    {
      "file_path": "/media/NFS/ttao/scannet/posed_images/scene0620_00/00162.jpg",
      "transform_matrix": [
        [
          -0.984956,
          -0.050935,
          0.165127,
          1.139328
        ],
        [
          -0.1703,
          0.448208,
          -0.877558,
          3.281814
        ],
        [
          -0.029313,
          -0.892477,
          -0.45014,
          1.40865
        ],
        [
          0.0,
          0.0,
          0.0,
          1.0
        ]
      ]
    },
    {
      "file_path": "/media/NFS/ttao/scannet/posed_images/scene0620_00/00165.jpg",
      "transform_matrix": [
        [
          -0.990432,
          -0.033623,
          0.133843,
          1.110715
        ],
        [
          -0.134286,
          0.458349,
          -0.878569,
          3.237102
        ],
        [
          -0.031807,
          -0.888136,
          -0.458479,
          1.396436
        ],
        [
          0.0,
          0.0,
          0.0,
          1.0
        ]
      ]
    },
    {
      "file_path": "/media/NFS/ttao/scannet/posed_images/scene0620_00/00168.jpg",
      "transform_matrix": [
        [
          -0.991743,
          -0.035136,
          0.123329,
          1.077512
        ],
        [
          -0.125893,
          0.449801,
          -0.884212,
          3.19211
        ],
        [
          -0.024406,
          -0.892437,
          -0.450511,
          1.39449
        ],
        [
          0.0,
          0.0,
          0.0,
          1.0
        ]
      ]
    },
    {
      "file_path": "/media/NFS/ttao/scannet/posed_images/scene0620_00/00170.jpg",
      "transform_matrix": [
        [
          -0.99114,
          -0.059505,
          0.118747,
          1.044592
        ],
        [
          -0.132742,
          0.474786,
          -0.870033,
          3.143363
        ],
        [
          -0.004608,
          -0.878087,
          -0.478478,
          1.394813
        ],
        [
          0.0,
          0.0,
          0.0,
          1.0
        ]
      ]
    },
    {
      "file_path": "/media/NFS/ttao/scannet/posed_images/scene0620_00/00173.jpg",
      "transform_matrix": [
        [
          -0.986046,
          -0.082985,
          0.144315,
          1.006764
        ],
        [
          -0.166291,
          0.450518,
          -0.877143,
          3.081718
        ],
        [
          0.007774,
          -0.888902,
          -0.458032,
          1.390267
        ],
        [
          0.0,
          0.0,
          0.0,
          1.0
        ]
      ]
    },
    {
      "file_path": "/media/NFS/ttao/scannet/posed_images/scene0620_00/00177.jpg",
      "transform_matrix": [
        [
          -0.98118,
          -0.0726,
          0.178928,
          0.984485
        ],
        [
          -0.191714,
          0.47691,
          -0.85779,
          3.04027
        ],
        [
          -0.023057,
          -0.875949,
          -0.481852,
          1.388159
        ],
        [
          0.0,
          0.0,
          0.0,
          1.0
        ]
      ]
    },
    {
      "file_path": "/media/NFS/ttao/scannet/posed_images/scene0620_00/00180.jpg",
      "transform_matrix": [
        [
          -0.986356,
          -0.065253,
          0.15114,
          0.962484
        ],
        [
          -0.163241,
          0.506484,
          -0.846656,
          2.991807
        ],
        [
          -0.021303,
          -0.859776,
          -0.510226,
          1.391858
        ],
        [
          0.0,
          0.0,
          0.0,
          1.0
        ]
      ]
    },
    {
      "file_path": "/media/NFS/ttao/scannet/posed_images/scene0620_00/00183.jpg",
      "transform_matrix": [
        [
          -0.992436,
          -0.038288,
          0.116641,
          0.94518
        ],
        [
          -0.120131,
          0.498594,
          -0.858471,
          2.950481
        ],
        [
          -0.025288,
          -0.865989,
          -0.499423,
          1.381531
        ],
        [
          0.0,
          0.0,
          0.0,
          1.0
        ]
      ]
    },
    {
      "file_path": "/media/NFS/ttao/scannet/posed_images/scene0620_00/00186.jpg",
      "transform_matrix": [
        [
          -0.992457,
          -0.053686,
          0.110209,
          0.930323
        ],
        [
          -0.122399,
          0.484098,
          -0.866411,
          2.897031
        ],
        [
          -0.006838,
          -0.873365,
          -0.487018,
          1.381292
        ],
        [
          0.0,
          0.0,
          0.0,
          1.0
        ]
      ]
    },
    {
      "file_path": "/media/NFS/ttao/scannet/posed_images/scene0620_00/00189.jpg",
      "transform_matrix": [
        [
          -0.992779,
          -0.080099,
          0.089292,
          0.933646
        ],
        [
          -0.116776,
          0.475164,
          -0.872113,
          2.844311
        ],
        [
          0.027427,
          -0.876244,
          -0.481087,
          1.376735
        ],
        [
          0.0,
          0.0,
          0.0,
          1.0
        ]
      ]
    },
    {
      "file_path": "/media/NFS/ttao/scannet/posed_images/scene0620_00/00191.jpg",
      "transform_matrix": [
        [
          -0.991191,
          -0.087512,
          0.099406,
          0.934906
        ],
        [
          -0.129039,
          0.469194,
          -0.873617,
          2.809917
        ],
        [
          0.029811,
          -0.878749,
          -0.476353,
          1.365296
        ],
        [
          0.0,
          0.0,
          0.0,
          1.0
        ]
      ]
    },
    {
      "file_path": "/media/NFS/ttao/scannet/posed_images/scene0620_00/00193.jpg",
      "transform_matrix": [
        [
          -0.987201,
          -0.103247,
          0.121545,
          0.931231
        ],
        [
          -0.156296,
          0.474889,
          -0.866055,
          2.770348
        ],
        [
          0.031697,
          -0.873968,
          -0.484949,
          1.36562
        ],
        [
          0.0,
          0.0,
          0.0,
          1.0
        ]
      ]
    },
    {
      "file_path": "/media/NFS/ttao/scannet/posed_images/scene0620_00/00195.jpg",
      "transform_matrix": [
        [
          -0.984135,
          -0.117726,
          0.132734,
          0.928199
        ],
        [
          -0.173581,
          0.484115,
          -0.857614,
          2.731548
        ],
        [
          0.036705,
          -0.867048,
          -0.49687,
          1.365606
        ],
        [
          0.0,
          0.0,
          0.0,
          1.0
        ]
      ]
    },
    {
      "file_path": "/media/NFS/ttao/scannet/posed_images/scene0620_00/00199.jpg",
      "transform_matrix": [
        [
          -0.980115,
          -0.122906,
          0.155782,
          0.911314
        ],
        [
          -0.195683,
          0.468547,
          -0.861494,
          2.65978
        ],
        [
          0.032891,
          -0.874847,
          -0.483281,
          1.366323
        ],
        [
          0.0,
          0.0,
          0.0,
          1.0
        ]
      ]
    },
    {
      "file_path": "/media/NFS/ttao/scannet/posed_images/scene0620_00/00202.jpg",
      "transform_matrix": [
        [
          -0.979836,
          -0.135342,
          0.146981,
          0.896959
        ],
        [
          -0.194865,
          0.4848,
          -0.852641,
          2.614297
        ],
        [
          0.044142,
          -0.86409,
          -0.501398,
          1.357956
        ],
        [
          0.0,
          0.0,
          0.0,
          1.0
        ]
      ]
    },
    {
      "file_path": "/media/NFS/ttao/scannet/posed_images/scene0620_00/00203.jpg",
      "transform_matrix": [
        [
          -0.97898,
          -0.144141,
          0.144295,
          0.892188
        ],
        [
          -0.197014,
          0.485327,
          -0.851847,
          2.597721
        ],
        [
          0.052756,
          -0.862369,
          -0.503523,
          1.357417
        ],
        [
          0.0,
          0.0,
          0.0,
          1.0
        ]
      ]
    },
    {
      "file_path": "/media/NFS/ttao/scannet/posed_images/scene0620_00/00206.jpg",
      "transform_matrix": [
        [
          -0.971891,
          -0.169086,
          0.163822,
          0.877583
        ],
        [
          -0.225051,
          0.462892,
          -0.85737,
          2.545171
        ],
        [
          0.069137,
          -0.870139,
          -0.487933,
          1.362049
        ],
        [
          0.0,
          0.0,
          0.0,
          1.0
        ]
      ]
    },
    {
      "file_path": "/media/NFS/ttao/scannet/posed_images/scene0620_00/00211.jpg",
      "transform_matrix": [
        [
          -0.935409,
          -0.222593,
          0.274702,
          0.836546
        ],
        [
          -0.343905,
          0.392426,
          -0.853072,
          2.46542
        ],
        [
          0.082087,
          -0.892443,
          -0.44363,
          1.376418
        ],
        [
          0.0,
          0.0,
          0.0,
          1.0
        ]
      ]
    },
    {
      "file_path": "/media/NFS/ttao/scannet/posed_images/scene0620_00/00214.jpg",
      "transform_matrix": [
        [
          -0.912126,
          -0.248995,
          0.325619,
          0.808161
        ],
        [
          -0.403815,
          0.409353,
          -0.818146,
          2.424401
