{
  "frames": [
    {
      "file_path": "/media/NFS/ttao/scannet/posed_images/scene0490_00/00001.jpg",
      "transform_matrix": [
        [
          0.917348,
          0.050053,
          -0.394927,
          4.965477
        ],
        [
          0.385002,
          -0.363811,
          0.848184,
          1.094999
        ],
        [
          -0.101225,
          -0.930127,
          -0.353012,
          1.412481
        ],
        [
          0.0,
          0.0,
          0.0,
          1.0
        ]
      ]
    },
    {
      "file_path": "/media/NFS/ttao/scannet/posed_images/scene0490_00/00004.jpg",
      "transform_matrix": [
        [
          0.922947,
          0.061641,
          -0.379959,
          4.942809
        ],
        [
          0.373755,
          -0.379595,
          0.846295,
          1.132467
        ],
        [
          -0.092064,
          -0.923097,
          -0.373385,
          1.406307
        ],
        [
          0.0,
          0.0,
          0.0,
          1.0
        ]
      ]
    },
    {
      "file_path": "/media/NFS/ttao/scannet/posed_images/scene0490_00/00009.jpg",
      "transform_matrix": [
        [
          0.930868,
          0.049528,
          -0.361982,
          4.904554
        ],
        [
          0.354922,
          -0.357662,
          0.863776,
          1.189857
        ],
        [
          -0.086686,
          -0.932537,
          -0.350514,
          1.406642
        ],
        [
          0.0,
          0.0,
          0.0,
          1.0
        ]
      ]
    },
    {
      "file_path": "/media/NFS/ttao/scannet/posed_images/scene0490_00/00012.jpg",
      "transform_matrix": [
        [
          0.933686,
          0.046523,
          -0.355058,
          4.862693
        ],
        [
          0.348671,
          -0.344068,
          0.871806,
          1.227651
        ],
        [
          -0.081605,
          -0.937792,
          -0.337472,
          1.419498
        ],
        [
          0.0,
          0.0,
          0.0,
          1.0
        ]
      ]
    },
    {
      "file_path": "/media/NFS/ttao/scannet/posed_images/scene0490_00/00017.jpg",
      "transform_matrix": [
        [
          0.941378,
          0.034309,
          -0.335605,
          4.802768
        ],
        [
          0.328869,
          -0.315037,
          0.890279,
          1.296508
        ],
        [
          -0.075183,
          -0.948459,
          -0.307852,
          1.423951
        ],
        [
          0.0,
          0.0,
          0.0,
          1.0
        ]
      ]
    },
    {
      "file_path": "/media/NFS/ttao/scannet/posed_images/scene0490_00/00021.jpg",
      "transform_matrix": [
        [
          0.948249,
          0.0407,
          -0.314908,
          4.743337
        ],
        [
          0.310306,
          -0.329088,
          0.891858,
          1.358528
        ],
        [
          -0.067334,
          -0.943422,
          -0.324687,
          1.428269
        ],
        [
          0.0,
          0.0,
          0.0,
          1.0
        ]
      ]
    },
    {
      "file_path": "/media/NFS/ttao/scannet/posed_images/scene0490_00/00026.jpg",
      "transform_matrix": [
        [
          0.957984,
          -0.0053,
          -0.286772,
          4.707215
        ],
        [
          0.273239,
          -0.287167,
          0.918082,
          1.403481
        ],
        [
          -0.087218,
          -0.957866,
          -0.273653,
          1.437507
        ],
        [
          0.0,
          0.0,
          0.0,
          1.0
        ]
      ]
    },
    {
      "file_path": "/media/NFS/ttao/scannet/posed_images/scene0490_00/00032.jpg",
      "transform_matrix": [
        [
          0.965012,
          -0.005447,
          -0.26215,
          4.666229
        ],
        [
          0.251393,
          -0.264935,
          0.93092,
          1.46613
        ],
        [
          -0.074523,
          -0.964251,
          -0.254296,
          1.448562
        ],
        [
          0.0,
          0.0,
          0.0,
          1.0
        ]
      ]
    },
    {
      "file_path": "/media/NFS/ttao/scannet/posed_images/scene0490_00/00036.jpg",
      "transform_matrix": [
        [
          0.96583,
          -0.008822,
          -0.259025,
          4.649638
        ],
        [
          0.24899,
          -0.24583,
          0.936788,
          1.518826
        ],
        [
          -0.07194,
          -0.969273,
          -0.235234,
          1.447877
        ],
        [
          0.0,
          0.0,
          0.0,
          1.0
        ]
      ]
    },
    {
      "file_path": "/media/NFS/ttao/scannet/posed_images/scene0490_00/00037.jpg",
      "transform_matrix": [
        [
          0.965761,
          -0.007518,
          -0.259322,
          4.647728
        ],
        [
          0.249921,
          -0.241209,
          0.937741,
          1.529531
        ],
        [
          -0.069601,
          -0.970444,
          -0.231072,
          1.444334
        ],
        [
          0.0,
          0.0,
          0.0,
          1.0
        ]
      ]
    },
    {
      "file_path": "/media/NFS/ttao/scannet/posed_images/scene0490_00/00045.jpg",
      "transform_matrix": [
        [
          0.973273,
          -0.04178,
          -0.225821,
          4.589234
        ],
        [
          0.211057,
          -0.22489,
          0.951252,
          1.695098
        ],
        [
          -0.090528,
          -0.973488,
          -0.210061,
          1.448041
        ],
        [
          0.0,
          0.0,
          0.0,
          1.0
        ]
      ]
    },
    {
      "file_path": "/media/NFS/ttao/scannet/posed_images/scene0490_00/00046.jpg",
      "transform_matrix": [
        [
          0.972256,
          -0.043235,
          -0.229888,
          4.58637
        ],
        [
          0.214407,
          -0.228229,
          0.949706,
          1.70988
        ],
        [
          -0.093528,
          -0.972647,
          -0.212627,
          1.452278
        ],
        [
          0.0,
          0.0,
          0.0,
          1.0
        ]
      ]
    },
    {
      "file_path": "/media/NFS/ttao/scannet/posed_images/scene0490_00/00051.jpg",
      "transform_matrix": [
        [
          0.974533,
          -0.071163,
          -0.212651,
          4.555534
        ],
        [
          0.196175,
          -0.188827,
          0.962216,
          1.781812
        ],
        [
          -0.108628,
          -0.979429,
          -0.170058,
          1.463399
        ],
        [
          0.0,
          0.0,
          0.0,
          1.0
        ]
      ]
    },
    {
      "file_path": "/media/NFS/ttao/scannet/posed_images/scene0490_00/00056.jpg",
      "transform_matrix": [
        [
          0.981788,
          -0.057766,
          -0.180987,
          4.540918
        ],
        [
          0.166135,
          -0.201056,
          0.965389,
          1.84563
        ],
        [
          -0.092155,
          -0.977875,
          -0.187798,
          1.456766
        ],
        [
          0.0,
          0.0,
          0.0,
          1.0
        ]
      ]
    },
    {
      "file_path": "/media/NFS/ttao/scannet/posed_images/scene0490_00/00059.jpg",
      "transform_matrix": [
        [
          0.984986,
          -0.04942,
          -0.16541,
          4.527459
        ],
        [
          0.152054,
          -0.205348,
          0.966805,
          1.887483
        ],
        [
          -0.081746,
          -0.97744,
          -0.19475,
          1.444776
        ],
        [
          0.0,
          0.0,
          0.0,
          1.0
        ]
      ]
    },
    {
      "file_path": "/media/NFS/ttao/scannet/posed_images/scene0490_00/00065.jpg",
      "transform_matrix": [
        [
          0.994136,
          -0.023105,
          -0.105642,
          4.489221
        ],
        [
          0.097287,
          -0.235443,
          0.967006,
          1.996161
        ],
        [
          -0.047216,
          -0.971613,
          -0.231815,
          1.428232
        ],
        [
          0.0,
          0.0,
          0.0,
          1.0
        ]
      ]
    },
    {
      "file_path": "/media/NFS/ttao/scannet/posed_images/scene0490_00/00068.jpg",
      "transform_matrix": [
        [
          0.997726,
          -0.027627,
          -0.061481,
          4.471225
        ],
        [
          0.053696,
          -0.225564,
          0.972747,
          2.042144
        ],
        [
          -0.040742,
          -0.973837,
          -0.223567,
          1.422535
        ],
        [
          0.0,
          0.0,
          0.0,
          1.0
        ]
      ]
    },
    {
      "file_path": "/media/NFS/ttao/scannet/posed_images/scene0490_00/00072.jpg",
      "transform_matrix": [
        [
          0.998396,
          -0.056273,
          0.006277,
          4.453841
        ],
        [
          -0.020221,
          -0.250797,
          0.967828,
          2.13036
        ],
        [
          -0.052888,
          -0.966403,
          -0.251533,
          1.43778
        ],
        [
          0.0,
          0.0,
          0.0,
          1.0
        ]
      ]
    },
    {
      "file_path": "/media/NFS/ttao/scannet/posed_images/scene0490_00/00080.jpg",
      "transform_matrix": [
        [
          0.987502,
          -0.103343,
          0.118993,
          4.434088
        ],
        [
          -0.14246,
          -0.262359,
          0.954396,
          2.259261
        ],
        [
          -0.067411,
          -0.959421,
          -0.273803,
          1.440465
        ],
        [
          0.0,
          0.0,
          0.0,
          1.0
        ]
      ]
    },
    {
      "file_path": "/media/NFS/ttao/scannet/posed_images/scene0490_00/00081.jpg",
      "transform_matrix": [
        [
          0.984967,
          -0.103838,
          0.138046,
          4.425553
        ],
        [
          -0.160784,
          -0.258959,
          0.952412,
          2.278228
        ],
        [
          -0.063149,
          -0.96029,
          -0.271762,
          1.439021
        ],
        [
          0.0,
          0.0,
          0.0,
          1.0
        ]
      ]
    },
    {
      "file_path": "/media/NFS/ttao/scannet/posed_images/scene0490_00/00086.jpg",
      "transform_matrix": [
        [
          0.970531,
          -0.138537,
          0.197171,
          4.435338
        ],
        [
          -0.229206,
          -0.278125,
          0.932797,
          2.342077
        ],
        [
          -0.074389,
          -0.950502,
          -0.301682,
          1.433026
        ],
        [
          0.0,
          0.0,
          0.0,
          1.0
        ]
      ]
    },
    {
      "file_path": "/media/NFS/ttao/scannet/posed_images/scene0490_00/00089.jpg",
      "transform_matrix": [
        [
          0.96037,
          -0.122337,
          0.250447,
          4.435311
        ],
        [
          -0.274725,
          -0.263688,
          0.924659,
          2.382049
        ],
        [
          -0.047081,
          -0.956819,
          -0.286847,
          1.427642
        ],
        [
          0.0,
          0.0,
          0.0,
          1.0
        ]
      ]
    },
    {
      "file_path": "/media/NFS/ttao/scannet/posed_images/scene0490_00/00094.jpg",
      "transform_matrix": [
        [
          0.940423,
          -0.124861,
          0.316249,
          4.45271
        ],
        [
          -0.338025,
          -0.243094,
          0.9092,
          2.445776
        ],
        [
          -0.036646,
          -0.961933,
          -0.270817,
          1.432363
        ],
        [
          0.0,
          0.0,
          0.0,
          1.0
        ]
      ]
    },
    {
      "file_path": "/media/NFS/ttao/scannet/posed_images/scene0490_00/00100.jpg",
      "transform_matrix": [
        [
          0.91483,
          -0.151616,
          0.374298,
          4.488545
        ],
        [
          -0.401415,
          -0.239982,
          0.883897,
          2.510873
        ],
        [
          -0.044188,
          -0.958865,
          -0.280403,
          1.430119
        ],
        [
          0.0,
          0.0,
          0.0,
          1.0
        ]
      ]
    },
    {
      "file_path": "/media/NFS/ttao/scannet/posed_images/scene0490_00/00101.jpg",
      "transform_matrix": [
        [
          0.910006,
          -0.153505,
          0.38513,
          4.489102
        ],
        [
          -0.412397,
          -0.239611,
          0.878929,
          2.521094
        ],
        [
          -0.042639,
          -0.958657,
          -0.281353,
          1.428134
        ],
        [
          0.0,
          0.0,
          0.0,
          1.0
        ]
      ]
    },
    {
      "file_path": "/media/NFS/ttao/scannet/posed_images/scene0490_00/00109.jpg",
      "transform_matrix": [
        [
          0.849758,
          -0.170691,
          0.498774,
          4.501614
        ],
        [
          -0.526875,
          -0.243165,
          0.814416,
          2.601701
        ],
        [
          -0.017729,
          -0.954848,
          -0.296564,
          1.427392
        ],
        [
          0.0,
          0.0,
          0.0,
          1.0
        ]
      ]
    },
    {
      "file_path": "/media/NFS/ttao/scannet/posed_images/scene0490_00/00110.jpg",
      "transform_matrix": [
        [
          0.849499,
          -0.170119,
          0.49941,
          4.523382
        ],
        [
          -0.527258,
          -0.240148,
          0.815063,
          2.598308
        ],
        [
          -0.018726,
          -0.955714,
          -0.293702,
          1.422647
        ],
        [
          0.0,
          0.0,
          0.0,
          1.0
        ]
      ]
    },
    {
      "file_path": "/media/NFS/ttao/scannet/posed_images/scene0490_00/00116.jpg",
      "transform_matrix": [
        [
          0.782516,
          -0.193107,
          0.591927,
          4.526004
        ],
        [
          -0.622451,
          -0.219814,
          0.751157,
          2.635434
        ],
        [
          -0.01494,
          -0.956238,
          -0.292207,
          1.43139
        ],
        [
          0.0,
          0.0,
          0.0,
          1.0
        ]
      ]
    },
    {
      "file_path": "/media/NFS/ttao/scannet/posed_images/scene0490_00/00119.jpg",
      "transform_matrix": [
        [
          0.752681,
          -0.221421,
          0.620035,
          4.518317
        ],
        [
          -0.657664,
          -0.208774,
          0.723804,
          2.647564
        ],
        [
          -0.030819,
          -0.952568,
          -0.302761,
          1.437273
        ],
        [
          0.0,
          0.0,
          0.0,
          1.0
        ]
      ]
    },
    {
      "file_path": "/media/NFS/ttao/scannet/posed_images/scene0490_00/00125.jpg",
      "transform_matrix": [
        [
          0.662954,
          -0.222368,
          0.714874,
          4.464023
        ],
        [
          -0.748349,
          -0.169307,
          0.641334,
          2.663891
        ],
        [
          -0.021579,
          -0.96015,
          -0.278652,
          1.438557
        ],
        [
          0.0,
          0.0,
          0.0,
          1.0
        ]
      ]
    },
    {
      "file_path": "/media/NFS/ttao/scannet/posed_images/scene0490_00/00127.jpg",
      "transform_matrix": [
        [
          0.641415,
          -0.222512,
          0.734217,
          4.456666
        ],
        [
          -0.766891,
          -0.159081,
          0.621748,
          2.666382
        ],
        [
          -0.021546,
          -0.961863,
          -0.27268,
          1.440028
        ],
        [
          0.0,
          0.0,
          0.0,
          1.0
        ]
      ]
    },
    {
      "file_path": "/media/NFS/ttao/scannet/posed_images/scene0490_00/00132.jpg",
      "transform_matrix": [
        [
          0.584488,
          -0.20756,
          0.784406,
          4.450745
        ],
        [
          -0.81138,
          -0.142319,
          0.566929,
          2.624471
        ],
        [
          -0.006036,
          -0.967814,
          -0.251593,
          1.435719
        ],
        [
          0.0,
          0.0,
          0.0,
          1.0
        ]
      ]
    },
    {
      "file_path": "/media/NFS/ttao/scannet/posed_images/scene0490_00/00137.jpg",
      "transform_matrix": [
        [
          0.498151,
          -0.220964,
          0.838463,
          4.440708
        ],
        [
          -0.867088,
          -0.124549,
          0.482335,
          2.636545
        ],
        [
          -0.002149,
          -0.967297,
          -0.253639,
          1.428185
        ],
        [
          0.0,
          0.0,
          0.0,
          1.0
        ]
      ]
    },
    {
      "file_path": "/media/NFS/ttao/scannet/posed_images/scene0490_00/00140.jpg",
      "transform_matrix": [
        [
          0.460562,
          -0.236609,
          0.855511,
          4.431069
        ],
        [
          -0.887628,
          -0.122371,
          0.444007,
          2.577384
        ],
        [
          -0.000367,
          -0.963868,
          -0.26638,
          1.430478
        ],
        [
          0.0,
          0.0,
          0.0,
          1.0
        ]
      ]
    },
    {
      "file_path": "/media/NFS/ttao/scannet/posed_images/scene0490_00/00146.jpg",
      "transform_matrix": [
        [
          0.383586,
          -0.256799,
          0.887083,
          4.427656
        ],
        [
          -0.923504,
          -0.108163,
          0.368023,
          2.56979
        ],
        [
          0.001441,
          -0.960393,
          -0.278644,
          1.427276
        ],
        [
          0.0,
          0.0,
          0.0,
          1.0
        ]
      ]
    },
    {
      "file_path": "/media/NFS/ttao/scannet/posed_images/scene0490_00/00152.jpg",
      "transform_matrix": [
        [
          0.293994,
          -0.273964,
          0.915703,
          4.435044
        ],
        [
          -0.955807,
          -0.084177,
          0.281685,
          2.551509
        ],
        [
          -9e-05,
          -0.958049,
          -0.286605,
          1.427908
        ],
        [
          0.0,
          0.0,
          0.0,
          1.0
        ]
      ]
    },
    {
      "file_path": "/media/NFS/ttao/scannet/posed_images/scene0490_00/00153.jpg",
      "transform_matrix": [
        [
          0.277855,
          -0.273652,
          0.920821,
          4.441825
        ],
        [
          -0.960622,
          -0.08047,
          0.26595,
          2.546525
        ],
        [
          0.00132,
          -0.958457,
          -0.285235,
          1.42875
        ],
        [
          0.0,
          0.0,
          0.0,
          1.0
        ]
      ]
    },
    {
      "file_path": "/media/NFS/ttao/scannet/posed_images/scene0490_00/00159.jpg",
      "transform_matrix": [
        [
          0.188264,
          -0.2758,
          0.942598,
          4.446177
        ],
        [
          -0.982108,
          -0.057263,
          0.1794,
          2.562658
        ],
        [
          0.004498,
          -0.959508,
          -0.281646,
          1.433417
        ],
        [
          0.0,
          0.0,
          0.0,
          1.0
        ]
      ]
    },
    {
      "file_path": "/media/NFS/ttao/scannet/posed_images/scene0490_00/00163.jpg",
      "transform_matrix": [
        [
          0.139037,
          -0.258659,
          0.95591,
          4.47968
        ],
        [
          -0.990286,
          -0.035024,
          0.13456,
          2.524621
        ],
        [
          -0.001326,
          -0.965334,
          -0.261016,
          1.440734
        ],
        [
          0.0,
          0.0,
          0.0,
          1.0
        ]
      ]
    },
    {
      "file_path": "/media/NFS/ttao/scannet/posed_images/scene0490_00/00166.jpg",
      "transform_matrix": [
        [
          0.099409,
          -0.264036,
          0.959376,
          4.487881
        ],
        [
          -0.994922,
          -0.011104,
          0.100036,
          2.5126
        ],
        [
          -0.01576,
          -0.964449,
          -0.263799,
          1.438093
        ],
        [
          0.0,
          0.0,
          0.0,
          1.0
        ]
      ]
    },
    {
      "file_path": "/media/NFS/ttao/scannet/posed_images/scene0490_00/00171.jpg",
      "transform_matrix": [
        [
          0.019229,
          -0.291657,
          0.956329,
          4.537491
        ],
        [
          -0.999623,
          0.013124,
          0.024102,
          2.453891
        ],
        [
          -0.019581,
          -0.956433,
          -0.291295,
          1.441407
        ],
        [
          0.0,
          0.0,
          0.0,
          1.0
        ]
      ]
    },
    {
      "file_path": "/media/NFS/ttao/scannet/posed_images/scene0490_00/00176.jpg",
      "transform_matrix": [
        [
          -0.063384,
          -0.289382,
          0.955113,
          4.569493
        ],
        [
          -0.997746,
          0.039514,
          -0.054241,
          2.439304
        ],
        [
          -0.022044,
          -0.956398,
          -0.291235,
          1.446018
        ],
        [
          0.0,
          0.0,
          0.0,
          1.0
        ]
      ]
    },
    {
      "file_path": "/media/NFS/ttao/scannet/posed_images/scene0490_00/00181.jpg",
      "transform_matrix": [
        [
          -0.149743,
          -0.266854,
          0.952032,
          4.609669
        ],
        [
          -0.988575,
          0.057164,
          -0.139468,
          2.413228
        ],
        [
          -0.017204,
          -0.96204,
          -0.272366,
          1.451386
        ],
        [
          0.0,
          0.0,
          0.0,
          1.0
        ]
      ]
    },
    {
      "file_path": "/media/NFS/ttao/scannet/posed_images/scene0490_00/00184.jpg",
      "transform_matrix": [
        [
          -0.211287,
          -0.250674,
          0.944733,
          4.6134
        ],
        [
          -0.977057,
          0.080665,
          -0.197113,
          2.470213
        ],
        [
          -0.026796,
          -0.964705,
          -0.261966,
          1.449674
        ],
        [
          0.0,
          0.0,
          0.0,
          1.0
        ]
      ]
    },
    {
      "file_path": "/media/NFS/ttao/scannet/posed_images/scene0490_00/00189.jpg",
      "transform_matrix": [
        [
          -0.302772,
          -0.229223,
          0.925087,
          4.626217
        ],
        [
          -0.952361,
          0.110007,
          -0.284441,
          2.546576
        ],
        [
          -0.036566,
          -0.967138,
          -0.25161,
          1.448369
        ],
        [
          0.0,
          0.0,
          0.0,
          1.0
        ]
      ]
    },
    {
      "file_path": "/media/NFS/ttao/scannet/posed_images/scene0490_00/00195.jpg",
      "transform_matrix": [
        [
          -Infinity,
          -Infinity,
          -Infinity,
          -Infinity
        ],
        [
          -Infinity,
          -Infinity,
          -Infinity,
          -Infinity
        ],
        [
          -Infinity,
          -Infinity,
          -Infinity,
          -Infinity
        ],
        [
          -Infinity,
          -Infinity,
          -Infinity,
          -Infinity
        ]
      ]
    },
    {
      "file_path": "/media/NFS/ttao/scannet/posed_images/scene0490_00/00198.jpg",
      "transform_matrix": [
        [
          -Infinity,
          -Infinity,
          -Infinity,
          -Infinity
        ],
        [
          -Infinity,
          -Infinity,
          -Infinity,
          -Infinity
        ],
        [
          -Infinity,
          -Infinity,
          -Infinity,
          -Infinity
        ],
        [
          -Infinity,
          -Infinity,
          -Infinity,
          -Infinity
        ]
      ]
    },
    {
      "file_path": "/media/NFS/ttao/scannet/posed_images/scene0490_00/00203.jpg",
      "transform_matrix": [
        [
          -Infinity,
          -Infinity,
          -Infinity,
          -Infinity
        ],
        [
          -Infinity,
          -Infinity,
          -Infinity,
          -Infinity
        ],
        [
          -Infinity,
          -Infinity,
          -Infinity,
          -Infinity
        ],
        [
          -Infinity,
          -Infinity,
          -Infinity,
          -Infinity
        ]
      ]
    },
    {
      "file_path": "/media/NFS/ttao/scannet/posed_images/scene0490_00/00208.jpg",
      "transform_matrix": [
        [
          -Infinity,
          -Infinity,
          -Infinity,
          -Infinity
        ],
        [
          -Infinity,
          -Infinity,
          -Infinity,
          -Infinity
        ],
        [
          -Infinity,
          -Infinity,
          -Infinity,
          -Infinity
        ],
        [
          -Infinity,
          -Infinity,
          -Infinity,
          -Infinity
        ]
      ]
    },
    {
      "file_path": "/media/NFS/ttao/scannet/posed_images/scene0490_00/00209.jpg",
      "transform_matrix": [
        [
          -Infinity,
          -Infinity,
          -Infinity,
          -Infinity
        ],
        [
          -Infinity,
          -Infinity,
          -Infinity,
          -Infinity
        ],
        [
          -Infinity,
          -Infinity,
          -Infinity,
          -Infinity
        ],
        [
          -Infinity,
          -Infinity,
          -Infinity,
          -Infinity
        ]
      ]
    },
    {
      "file_path": "/media/NFS/ttao/scannet/posed_images/scene0490_00/00213.jpg",
      "transform_matrix": [
        [
          -Infinity,
          -Infinity,
          -Infinity,
          -Infinity
        ],
        [
          -Infinity,
          -Infinity,
          -Infinity,
          -Infinity
        ],
        [
          -Infinity,
          -Infinity,
          -Infinity,
          -Infinity
        ],
        [
          -Infinity,
          -Infinity,
          -Infinity,
          -Infinity
        ]
      ]
    },
    {
      "file_path": "/media/NFS/ttao/scannet/posed_images/scene0490_00/00217.jpg",
      "transform_matrix": [
        [
          -Infinity,
          -Infinity,
          -Infinity,
          -Infinity
        ],
        [
          -Infinity,
          -Infinity,
          -Infinity,
          -Infinity
        ],
        [
          -Infinity,
          -Infinity,
          -Infinity,
          -Infinity
        ],
        [
          -Infinity,
          -Infinity,
          -Infinity,
          -Infinity
        ]
      ]
    },
    {
      "file_path": "/media/NFS/ttao/scannet/posed_images/scene0490_00/00225.jpg",
      "transform_matrix": [
        [
          -Infinity,
          -Infinity,
          -Infinity,
          -Infinity
        ],
        [
          -Infinity,
          -Infinity,
          -Infinity,
          -Infinity
        ],
        [
          -Infinity,
          -Infinity,
          -Infinity,
          -Infinity
        ],
        [
          -Infinity,
          -Infinity,
          -Infinity,
          -Infinity
        ]
      ]
    },
    {
      "file_path": "/media/NFS/ttao/scannet/posed_images/scene0490_00/00226.jpg",
      "transform_matrix": [
        [
          -Infinity,
          -Infinity,
          -Infinity,
          -Infinity
        ],
        [
          -Infinity,
          -Infinity,
          -Infinity,
          -Infinity
        ],
        [
          -Infinity,
          -Infinity,
          -Infinity,
          -Infinity
        ],
        [
          -Infinity,
          -Infinity,
          -Infinity,
          -Infinity
        ]
      ]
    },
    {
      "file_path": "/media/NFS/ttao/scannet/posed_images/scene0490_00/00232.jpg",
      "transform_matrix": [
        [
          -Infinity,
          -Infinity,
          -Infinity,
          -Infinity
        ],
        [
          -Infinity,
          -Infinity,
          -Infinity,
          -Infinity
        ],
        [
          -Infinity,
          -Infinity,
          -Infinity,
          -Infinity
        ],
        [
          -Infinity,
          -Infinity,
          -Infinity,
          -Infinity
        ]
      ]
    },
    {
      "file_path": "/media/NFS/ttao/scannet/posed_images/scene0490_00/00236.jpg",
      "transform_matrix": [
        [
          -Infinity,
          -Infinity,
          -Infinity,
          -Infinity
        ],
        [
          -Infinity,
          -Infinity,
          -Infinity,
          -Infinity
        ],
        [
          -Infinity,
          -Infinity,
          -Infinity,
          -Infinity
        ],
        [
          -Infinity,
          -Infinity,
          -Infinity,
          -Infinity
        ]
      ]
    },
    {
      "file_path": "/media/NFS/ttao/scannet/posed_images/scene0490_00/00241.jpg",
      "transform_matrix": [
        [
          -Infinity,
          -Infinity,
          -Infinity,
          -Infinity
        ],
        [
          -Infinity,
          -Infinity,
          -Infinity,
          -Infinity
        ],
        [
          -Infinity,
          -Infinity,
          -Infinity,
          -Infinity
        ],
        [
          -Infinity,
          -Infinity,
          -Infinity,
          -Infinity
        ]
      ]
    },
    {
      "file_path": "/media/NFS/ttao/scannet/posed_images/scene0490_00/00244.jpg",
      "transform_matrix": [
        [
          -Infinity,
          -Infinity,
          -Infinity,
          -Infinity
        ],
        [
          -Infinity,
          -Infinity,
          -Infinity,
          -Infinity
        ],
        [
          -Infinity,
          -Infinity,
          -Infinity,
          -Infinity
        ],
        [
          -Infinity,
          -Infinity,
          -Infinity,
          -Infinity
        ]
      ]
    },
    {
      "file_path": "/media/NFS/ttao/scannet/posed_images/scene0490_00/00248.jpg",
      "transform_matrix": [
        [
          -Infinity,
          -Infinity,
          -Infinity,
          -Infinity
        ],
        [
          -Infinity,
          -Infinity,
          -Infinity,
          -Infinity
        ],
        [
          -Infinity,
          -Infinity,
          -Infinity,
          -Infinity
        ],
        [
          -Infinity,
          -Infinity,
          -Infinity,
          -Infinity
        ]
      ]
    },
    {
      "file_path": "/media/NFS/ttao/scannet/posed_images/scene0490_00/00253.jpg",
      "transform_matrix": [
        [
          -Infinity,
          -Infinity,
          -Infinity,
          -Infinity
        ],
        [
          -Infinity,
          -Infinity,
          -Infinity,
          -Infinity
        ],
        [
          -Infinity,
          -Infinity,
          -Infinity,
          -Infinity
        ],
        [
          -Infinity,
          -Infinity,
          -Infinity,
          -Infinity
        ]
      ]
    },
    {
      "file_path": "/media/NFS/ttao/scannet/posed_images/scene0490_00/00259.jpg",
      "transform_matrix": [
        [
          -Infinity,
          -Infinity,
          -Infinity,
          -Infinity
        ],
        [
          -Infinity,
          -Infinity,
          -Infinity,
          -Infinity
        ],
        [
          -Infinity,
          -Infinity,
          -Infinity,
          -Infinity
        ],
        [
          -Infinity,
          -Infinity,
          -Infinity,
          -Infinity
        ]
      ]
    },
    {
      "file_path": "/media/NFS/ttao/scannet/posed_images/scene0490_00/00261.jpg",
      "transform_matrix": [
        [
          -Infinity,
          -Infinity,
          -Infinity,
          -Infinity
        ],
        [
          -Infinity,
          -Infinity,
          -Infinity,
          -Infinity
        ],
        [
          -Infinity,
          -Infinity,
          -Infinity,
          -Infinity
        ],
        [
          -Infinity,
          -Infinity,
          -Infinity,
          -Infinity
        ]
      ]
    },
    {
      "file_path": "/media/NFS/ttao/scannet/posed_images/scene0490_00/00265.jpg",
      "transform_matrix": [
        [
          -Infinity,
          -Infinity,
          -Infinity,
          -Infinity
        ],
        [
          -Infinity,
          -Infinity,
          -Infinity,
          -Infinity
        ],
        [
          -Infinity,
          -Infinity,
          -Infinity,
          -Infinity
        ],
        [
          -Infinity,
          -Infinity,
          -Infinity,
          -Infinity
        ]
      ]
    },
    {
      "file_path": "/media/NFS/ttao/scannet/posed_images/scene0490_00/00268.jpg",
      "transform_matrix": [
        [
          -Infinity,
          -Infinity,
          -Infinity,
          -Infinity
        ],
        [
          -Infinity,
          -Infinity,
          -Infinity,
          -Infinity
        ],
        [
          -Infinity,
          -Infinity,
          -Infinity,
          -Infinity
        ],
        [
          -Infinity,
          -Infinity,
          -Infinity,
          -Infinity
        ]
      ]
    },
    {
      "file_path": "/media/NFS/ttao/scannet/posed_images/scene0490_00/00276.jpg",
      "transform_matrix": [
        [
          -Infinity,
          -Infinity,
          -Infinity,
          -Infinity
        ],
        [
          -Infinity,
          -Infinity,
          -Infinity,
          -Infinity
        ],
        [
          -Infinity,
          -Infinity,
          -Infinity,
          -Infinity
        ],
        [
          -Infinity,
          -Infinity,
          -Infinity,
          -Infinity
        ]
      ]
    },
    {
      "file_path": "/media/NFS/ttao/scannet/posed_images/scene0490_00/00280.jpg",
      "transform_matrix": [
        [
          -Infinity,
          -Infinity,
          -Infinity,
          -Infinity
        ],
        [
          -Infinity,
          -Infinity,
          -Infinity,
          -Infinity
        ],
        [
          -Infinity,
          -Infinity,
          -Infinity,
          -Infinity
        ],
        [
          -Infinity,
          -Infinity,
          -Infinity,
          -Infinity
        ]
      ]
    },
    {
      "file_path": "/media/NFS/ttao/scannet/posed_images/scene0490_00/00281.jpg",
      "transform_matrix": [
        [
          -Infinity,
          -Infinity,
          -Infinity,
          -Infinity
        ],
        [
          -Infinity,
          -Infinity,
          -Infinity,
          -Infinity
        ],
        [
          -Infinity,
          -Infinity,
          -Infinity,
          -Infinity
        ],
        [
          -Infinity,
          -Infinity,
          -Infinity,
          -Infinity
        ]
      ]
    },
    {
      "file_path": "/media/NFS/ttao/scannet/posed_images/scene0490_00/00286.jpg",
      "transform_matrix": [
        [
          -Infinity,
          -Infinity,
          -Infinity,
          -Infinity
        ],
        [
          -Infinity,
          -Infinity,
          -Infinity,
          -Infinity
        ],
        [
          -Infinity,
          -Infinity,
          -Infinity,
          -Infinity
        ],
        [
          -Infinity,
          -Infinity,
          -Infinity,
          -Infinity
        ]
      ]
    },
    {
      "file_path": "/media/NFS/ttao/scannet/posed_images/scene0490_00/00293.jpg",
      "transform_matrix": [
        [
          -Infinity,
          -Infinity,
          -Infinity,
          -Infinity
        ],
        [
          -Infinity,
          -Infinity,
          -Infinity,
          -Infinity
        ],
        [
          -Infinity,
          -Infinity,
          -Infinity,
          -Infinity
        ],
        [
          -Infinity,
          -Infinity,
          -Infinity,
          -Infinity
        ]
      ]
    },
    {
      "file_path": "/media/NFS/ttao/scannet/posed_images/scene0490_00/00295.jpg",
      "transform_matrix": [
        [
          -Infinity,
          -Infinity,
          -Infinity,
          -Infinity
        ],
        [
          -Infinity,
          -Infinity,
          -Infinity,
          -Infinity
        ],
        [
          -Infinity,
          -Infinity,
          -Infinity,
          -Infinity
        ],
        [
          -Infinity,
          -Infinity,
          -Infinity,
          -Infinity
        ]
      ]
    },
    {
      "file_path": "/media/NFS/ttao/scannet/posed_images/scene0490_00/00300.jpg",
      "transform_matrix": [
        [
          -Infinity,
          -Infinity,
          -Infinity,
          -Infinity
        ],
        [
          -Infinity,
          -Infinity,
          -Infinity,
          -Infinity
        ],
        [
          -Infinity,
          -Infinity,
          -Infinity,
          -Infinity
        ],
        [
          -Infinity,
          -Infinity,
          -Infinity,
          -Infinity
        ]
      ]
    },
    {
      "file_path": "/media/NFS/ttao/scannet/posed_images/scene0490_00/00303.jpg",
      "transform_matrix": [
        [
          -Infinity,
          -Infinity,
          -Infinity,
          -Infinity
        ],
        [
          -Infinity,
          -Infinity,
          -Infinity,
          -Infinity
        ],
        [
          -Infinity,
          -Infinity,
          -Infinity,
          -Infinity
        ],
        [
          -Infinity,
          -Infinity,
          -Infinity,
          -Infinity
        ]
      ]
    },
    {
      "file_path": "/media/NFS/ttao/scannet/posed_images/scene0490_00/00309.jpg",
      "transform_matrix": [
        [
          -Infinity,
          -Infinity,
          -Infinity,
          -Infinity
        ],
        [
          -Infinity,
          -Infinity,
          -Infinity,
          -Infinity
        ],
        [
          -Infinity,
          -Infinity,
          -Infinity,
          -Infinity
        ],
        [
          -Infinity,
          -Infinity,
          -Infinity,
          -Infinity
        ]
      ]
    },
    {
      "file_path": "/media/NFS/ttao/scannet/posed_images/scene0490_00/00315.jpg",
      "transform_matrix": [
        [
          -Infinity,
          -Infinity,
          -Infinity,
          -Infinity
        ],
        [
          -Infinity,
          -Infinity,
          -Infinity,
          -Infinity
        ],
        [
          -Infinity,
          -Infinity,
          -Infinity,
          -Infinity
        ],
        [
          -Infinity,
          -Infinity,
          -Infinity,
          -Infinity
        ]
      ]
    },
    {
      "file_path": "/media/NFS/ttao/scannet/posed_images/scene0490_00/00316.jpg",
      "transform_matrix": [
        [
          -Infinity,
          -Infinity,
          -Infinity,
          -Infinity
        ],
        [
          -Infinity,
          -Infinity,
          -Infinity,
          -Infinity
        ],
        [
          -Infinity,
          -Infinity,
          -Infinity,
          -Infinity
        ],
        [
          -Infinity,
          -Infinity,
          -Infinity,
          -Infinity
        ]
      ]
    },
    {
      "file_path": "/media/NFS/ttao/scannet/posed_images/scene0490_00/00321.jpg",
      "transform_matrix": [
        [
          -Infinity,
          -Infinity,
          -Infinity,
          -Infinity
        ],
        [
          -Infinity,
          -Infinity,
          -Infinity,
          -Infinity
        ],
        [
          -Infinity,
          -Infinity,
          -Infinity,
          -Infinity
        ],
        [
