{
  "frames": [
    {
      "file_path": "/media/NFS/ttao/scannet/posed_images/scene0172_00/00000.jpg",
      "transform_matrix": [
        [
          -0.767458,
          -0.265442,
          0.583565,
          3.343537
        ],
        [
          -0.640543,
          0.35536,
          -0.680752,
          3.697402
        ],
        [
          -0.026676,
          -0.896248,
          -0.442751,
          1.375352
        ],
        [
          0.0,
          0.0,
          0.0,
          1.0
        ]
      ]
    },
    {
      "file_path": "/media/NFS/ttao/scannet/posed_images/scene0172_00/00007.jpg",
      "transform_matrix": [
        [
          -0.81585,
          -0.259445,
          0.516795,
          3.336098
        ],
        [
          -0.578263,
          0.365566,
          -0.729365,
          3.738769
        ],
        [
          0.000307,
          -0.893896,
          -0.448274,
          1.382233
        ],
        [
          0.0,
          0.0,
          0.0,
          1.0
        ]
      ]
    },
    {
      "file_path": "/media/NFS/ttao/scannet/posed_images/scene0172_00/00008.jpg",
      "transform_matrix": [
        [
          -0.819336,
          -0.255231,
          0.513368,
          3.332651
        ],
        [
          -0.573314,
          0.364748,
          -0.733669,
          3.742728
        ],
        [
          5e-06,
          -0.895442,
          -0.445179,
          1.382705
        ],
        [
          0.0,
          0.0,
          0.0,
          1.0
        ]
      ]
    },
    {
      "file_path": "/media/NFS/ttao/scannet/posed_images/scene0172_00/00017.jpg",
      "transform_matrix": [
        [
          -0.850367,
          -0.2479,
          0.464136,
          3.309794
        ],
        [
          -0.526171,
          0.392928,
          -0.754156,
          3.760331
        ],
        [
          0.004583,
          -0.885524,
          -0.464571,
          1.408438
        ],
        [
          0.0,
          0.0,
          0.0,
          1.0
        ]
      ]
    },
    {
      "file_path": "/media/NFS/ttao/scannet/posed_images/scene0172_00/00018.jpg",
      "transform_matrix": [
        [
          -0.852578,
          -0.246704,
          0.460703,
          3.30641
        ],
        [
          -0.52257,
          0.393072,
          -0.756581,
          3.758319
        ],
        [
          0.005562,
          -0.885794,
          -0.464045,
          1.410187
        ],
        [
          0.0,
          0.0,
          0.0,
          1.0
        ]
      ]
    },
    {
      "file_path": "/media/NFS/ttao/scannet/posed_images/scene0172_00/00025.jpg",
      "transform_matrix": [
        [
          -0.86942,
          -0.192253,
          0.455134,
          3.274976
        ],
        [
          -0.493562,
          0.379853,
          -0.782373,
          3.742566
        ],
        [
          -0.02247,
          -0.904848,
          -0.425141,
          1.419309
        ],
        [
          0.0,
          0.0,
          0.0,
          1.0
        ]
      ]
    },
    {
      "file_path": "/media/NFS/ttao/scannet/posed_images/scene0172_00/00029.jpg",
      "transform_matrix": [
        [
          -0.861405,
          -0.199829,
          0.466957,
          3.262421
        ],
        [
          -0.507699,
          0.365782,
          -0.780029,
          3.724028
        ],
        [
          -0.014932,
          -0.908995,
          -0.41654,
          1.427355
        ],
        [
          0.0,
          0.0,
          0.0,
          1.0
        ]
      ]
    },
    {
      "file_path": "/media/NFS/ttao/scannet/posed_images/scene0172_00/00035.jpg",
      "transform_matrix": [
        [
          -0.845783,
          -0.193909,
          0.497042,
          3.227818
        ],
        [
          -0.533352,
          0.331194,
          -0.778361,
          3.688379
        ],
        [
          -0.013686,
          -0.923423,
          -0.38354,
          1.436627
        ],
        [
          0.0,
          0.0,
          0.0,
          1.0
        ]
      ]
    },
    {
      "file_path": "/media/NFS/ttao/scannet/posed_images/scene0172_00/00037.jpg",
      "transform_matrix": [
        [
          -0.834779,
          -0.209536,
          0.509154,
          3.215852
        ],
        [
          -0.550582,
          0.314944,
          -0.773091,
          3.676245
        ],
        [
          0.001636,
          -0.925691,
          -0.378276,
          1.433543
        ],
        [
          0.0,
          0.0,
          0.0,
          1.0
        ]
      ]
    },
    {
      "file_path": "/media/NFS/ttao/scannet/posed_images/scene0172_00/00040.jpg",
      "transform_matrix": [
        [
          -0.827516,
          -0.240955,
          0.507106,
          3.205313
        ],
        [
          -0.560767,
          0.310474,
          -0.767558,
          3.658439
        ],
        [
          0.027504,
          -0.919536,
          -0.392043,
          1.43538
        ],
        [
          0.0,
          0.0,
          0.0,
          1.0
        ]
      ]
    },
    {
      "file_path": "/media/NFS/ttao/scannet/posed_images/scene0172_00/00047.jpg",
      "transform_matrix": [
        [
          -0.799138,
          -0.255336,
          0.544226,
          3.177884
        ],
        [
          -0.600085,
          0.285023,
          -0.747435,
          3.605054
        ],
        [
          0.03573,
          -0.923886,
          -0.380996,
          1.432719
        ],
        [
          0.0,
          0.0,
          0.0,
          1.0
        ]
      ]
    },
    {
      "file_path": "/media/NFS/ttao/scannet/posed_images/scene0172_00/00051.jpg",
      "transform_matrix": [
        [
          -0.786088,
          -0.275886,
          0.55313,
          3.175833
        ],
        [
          -0.616919,
          0.294541,
          -0.729833,
          3.569791
        ],
        [
          0.038431,
          -0.91495,
          -0.401734,
          1.433903
        ],
        [
          0.0,
          0.0,
          0.0,
          1.0
        ]
      ]
    },
    {
      "file_path": "/media/NFS/ttao/scannet/posed_images/scene0172_00/00057.jpg",
      "transform_matrix": [
        [
          -0.767812,
          -0.265023,
          0.58329,
          3.180866
        ],
        [
          -0.640187,
          0.281831,
          -0.714655,
          3.503735
        ],
        [
          0.025011,
          -0.922136,
          -0.386058,
          1.436053
        ],
        [
          0.0,
          0.0,
          0.0,
          1.0
        ]
      ]
    },
    {
      "file_path": "/media/NFS/ttao/scannet/posed_images/scene0172_00/00061.jpg",
      "transform_matrix": [
        [
          -0.748406,
          -0.275099,
          0.603497,
          3.190461
        ],
        [
          -0.662134,
          0.257354,
          -0.70381,
          3.462123
        ],
        [
          0.038305,
          -0.926331,
          -0.374758,
          1.435971
        ],
        [
          0.0,
          0.0,
          0.0,
          1.0
        ]
      ]
    },
    {
      "file_path": "/media/NFS/ttao/scannet/posed_images/scene0172_00/00065.jpg",
      "transform_matrix": [
        [
          -0.751641,
          -0.293694,
          0.590576,
          3.209214
        ],
        [
          -0.658213,
          0.276546,
          -0.700198,
          3.405002
        ],
        [
          0.042322,
          -0.915022,
          -0.401177,
          1.433817
        ],
        [
          0.0,
          0.0,
          0.0,
          1.0
        ]
      ]
    },
    {
      "file_path": "/media/NFS/ttao/scannet/posed_images/scene0172_00/00071.jpg",
      "transform_matrix": [
        [
          -0.729374,
          -0.313802,
          0.607899,
          3.243624
        ],
        [
          -0.680728,
          0.244598,
          -0.690493,
          3.314232
        ],
        [
          0.067988,
          -0.917442,
          -0.392017,
          1.436853
        ],
        [
          0.0,
          0.0,
          0.0,
          1.0
        ]
      ]
    },
    {
      "file_path": "/media/NFS/ttao/scannet/posed_images/scene0172_00/00076.jpg",
      "transform_matrix": [
        [
          -0.73758,
          -0.300883,
          0.604521,
          3.286989
        ],
        [
          -0.672145,
          0.241236,
          -0.700019,
          3.274266
        ],
        [
          0.064792,
          -0.922645,
          -0.380168,
          1.452481
        ],
        [
          0.0,
          0.0,
          0.0,
          1.0
        ]
      ]
    },
    {
      "file_path": "/media/NFS/ttao/scannet/posed_images/scene0172_00/00077.jpg",
      "transform_matrix": [
        [
          -0.737266,
          -0.303902,
          0.603392,
          3.291028
        ],
        [
          -0.67218,
          0.240172,
          -0.700351,
          3.265662
        ],
        [
          0.06792,
          -0.921933,
          -0.381347,
          1.454131
        ],
        [
          0.0,
          0.0,
          0.0,
          1.0
        ]
      ]
    },
    {
      "file_path": "/media/NFS/ttao/scannet/posed_images/scene0172_00/00082.jpg",
      "transform_matrix": [
        [
          -0.737774,
          -0.293746,
          0.607785,
          3.278438
        ],
        [
          -0.671991,
          0.233999,
          -0.702619,
          3.21883
        ],
        [
          0.06417,
          -0.9268,
          -0.370033,
          1.43476
        ],
        [
          0.0,
          0.0,
          0.0,
          1.0
        ]
      ]
    },
    {
      "file_path": "/media/NFS/ttao/scannet/posed_images/scene0172_00/00087.jpg",
      "transform_matrix": [
        [
          -0.751924,
          -0.298489,
          0.587805,
          3.279208
        ],
        [
          -0.656432,
          0.256643,
          -0.709388,
          3.177473
        ],
        [
          0.060889,
          -0.91926,
          -0.388913,
          1.41451
        ],
        [
          0.0,
          0.0,
          0.0,
          1.0
        ]
      ]
    },
    {
      "file_path": "/media/NFS/ttao/scannet/posed_images/scene0172_00/00093.jpg",
      "transform_matrix": [
        [
          -0.689517,
          -0.27781,
          0.668871,
          3.2741
        ],
        [
          -0.723546,
          0.222927,
          -0.653288,
          3.093182
        ],
        [
          0.032381,
          -0.934412,
          -0.35472,
          1.415104
        ],
        [
          0.0,
          0.0,
          0.0,
          1.0
        ]
      ]
    },
    {
      "file_path": "/media/NFS/ttao/scannet/posed_images/scene0172_00/00100.jpg",
      "transform_matrix": [
        [
          -0.579035,
          -0.27417,
          0.767821,
          3.265364
        ],
        [
          -0.81379,
          0.137011,
          -0.564778,
          3.01457
        ],
        [
          0.049645,
          -0.951871,
          -0.302451,
          1.439504
        ],
        [
          0.0,
          0.0,
          0.0,
          1.0
        ]
      ]
    },
    {
      "file_path": "/media/NFS/ttao/scannet/posed_images/scene0172_00/00102.jpg",
      "transform_matrix": [
        [
          -0.559379,
          -0.279305,
          0.780438,
          3.26477
        ],
        [
          -0.826652,
          0.11849,
          -0.550097,
          2.989031
        ],
        [
          0.06117,
          -0.952864,
          -0.297169,
          1.453942
        ],
        [
          0.0,
          0.0,
          0.0,
          1.0
        ]
      ]
    },
    {
      "file_path": "/media/NFS/ttao/scannet/posed_images/scene0172_00/00105.jpg",
      "transform_matrix": [
        [
          -0.538719,
          -0.264179,
          0.799994,
          3.262941
        ],
        [
          -0.840388,
          0.101553,
          -0.532385,
          2.963511
        ],
        [
          0.059403,
          -0.959112,
          -0.276722,
          1.458976
        ],
        [
          0.0,
          0.0,
          0.0,
          1.0
        ]
      ]
    },
    {
      "file_path": "/media/NFS/ttao/scannet/posed_images/scene0172_00/00111.jpg",
      "transform_matrix": [
        [
          -0.48816,
          -0.233646,
          0.840898,
          3.275425
        ],
        [
          -0.871897,
          0.087853,
          -0.481745,
          2.927953
        ],
        [
          0.038682,
          -0.968345,
          -0.246602,
          1.492312
        ],
        [
          0.0,
          0.0,
          0.0,
          1.0
        ]
      ]
    },
    {
      "file_path": "/media/NFS/ttao/scannet/posed_images/scene0172_00/00118.jpg",
      "transform_matrix": [
        [
          -0.451679,
          -0.22011,
          0.864602,
          3.307884
        ],
        [
          -0.890309,
          0.048463,
          -0.452771,
          2.917697
        ],
        [
          0.057758,
          -0.97427,
          -0.217855,
          1.517797
        ],
        [
          0.0,
          0.0,
          0.0,
          1.0
        ]
      ]
    },
    {
      "file_path": "/media/NFS/ttao/scannet/posed_images/scene0172_00/00119.jpg",
      "transform_matrix": [
        [
          -0.455678,
          -0.21976,
          0.862591,
          3.312692
        ],
        [
          -0.888444,
          0.052411,
          -0.455983,
          2.91982
        ],
        [
          0.054998,
          -0.974145,
          -0.219127,
          1.520812
        ],
        [
          0.0,
          0.0,
          0.0,
          1.0
        ]
      ]
    },
    {
      "file_path": "/media/NFS/ttao/scannet/posed_images/scene0172_00/00126.jpg",
      "transform_matrix": [
        [
          -0.456678,
          -0.182301,
          0.870754,
          3.335289
        ],
        [
          -0.888462,
          0.043273,
          -0.456906,
          2.91881
        ],
        [
          0.045614,
          -0.98229,
          -0.18173,
          1.540436
        ],
        [
          0.0,
          0.0,
          0.0,
          1.0
        ]
      ]
    },
    {
      "file_path": "/media/NFS/ttao/scannet/posed_images/scene0172_00/00129.jpg",
      "transform_matrix": [
        [
          -0.462055,
          -0.181432,
          0.868094,
          3.343004
        ],
        [
          -0.885058,
          0.032121,
          -0.464371,
          2.92059
        ],
        [
          0.056367,
          -0.982879,
          -0.175419,
          1.543427
        ],
        [
          0.0,
          0.0,
          0.0,
          1.0
        ]
      ]
    },
    {
      "file_path": "/media/NFS/ttao/scannet/posed_images/scene0172_00/00134.jpg",
      "transform_matrix": [
        [
          -0.466991,
          -0.163104,
          0.869089,
          3.34863
        ],
        [
          -0.882565,
          0.025106,
          -0.46952,
          2.923866
        ],
        [
          0.054761,
          -0.986289,
          -0.155674,
          1.548913
        ],
        [
          0.0,
          0.0,
          0.0,
          1.0
        ]
      ]
    },
    {
      "file_path": "/media/NFS/ttao/scannet/posed_images/scene0172_00/00137.jpg",
      "transform_matrix": [
        [
          -0.465357,
          -0.158866,
          0.870749,
          3.350472
        ],
        [
          -0.883516,
          0.024118,
          -0.467779,
          2.924095
        ],
        [
          0.053313,
          -0.987005,
          -0.151584,
          1.546823
        ],
        [
          0.0,
          0.0,
          0.0,
          1.0
        ]
      ]
    },
    {
      "file_path": "/media/NFS/ttao/scannet/posed_images/scene0172_00/00145.jpg",
      "transform_matrix": [
        [
          -0.462554,
          -0.192067,
          0.865537,
          3.3552
        ],
        [
          -0.886173,
          0.070173,
          -0.458011,
          2.919576
        ],
        [
          0.027232,
          -0.97887,
          -0.202663,
          1.526065
        ],
        [
          0.0,
          0.0,
          0.0,
          1.0
        ]
      ]
    },
    {
      "file_path": "/media/NFS/ttao/scannet/posed_images/scene0172_00/00147.jpg",
      "transform_matrix": [
        [
          -0.462279,
          -0.209148,
          0.861716,
          3.355455
        ],
        [
          -0.886341,
          0.080047,
          -0.456061,
          2.919847
        ],
        [
          0.026406,
          -0.974602,
          -0.222381,
          1.520482
        ],
        [
          0.0,
          0.0,
          0.0,
          1.0
        ]
      ]
    },
    {
      "file_path": "/media/NFS/ttao/scannet/posed_images/scene0172_00/00154.jpg",
      "transform_matrix": [
        [
          -0.469725,
          -0.256543,
          0.844715,
          3.354181
        ],
        [
          -0.882806,
          0.132628,
          -0.450626,
          2.911965
        ],
        [
          0.003572,
          -0.95739,
          -0.288776,
          1.490968
        ],
        [
          0.0,
          0.0,
          0.0,
          1.0
        ]
      ]
    },
    {
      "file_path": "/media/NFS/ttao/scannet/posed_images/scene0172_00/00159.jpg",
      "transform_matrix": [
        [
          -0.477038,
          -0.273432,
          0.835266,
          3.348874
        ],
        [
          -0.878691,
          0.168214,
          -0.446773,
          2.906081
        ],
        [
          -0.018341,
          -0.947069,
          -0.320507,
          1.46969
        ],
        [
          0.0,
          0.0,
          0.0,
          1.0
        ]
      ]
    },
    {
      "file_path": "/media/NFS/ttao/scannet/posed_images/scene0172_00/00162.jpg",
      "transform_matrix": [
        [
          -0.479935,
          -0.273256,
          0.833662,
          3.346599
        ],
        [
          -0.876949,
          0.176449,
          -0.447019,
          2.907399
        ],
        [
          -0.024948,
          -0.94562,
          -0.324316,
          1.456826
        ],
        [
          0.0,
          0.0,
          0.0,
          1.0
        ]
      ]
    },
    {
      "file_path": "/media/NFS/ttao/scannet/posed_images/scene0172_00/00165.jpg",
      "transform_matrix": [
        [
          -0.480704,
          -0.281531,
          0.83046,
          3.343051
        ],
        [
          -0.876452,
          0.183964,
          -0.444961,
          2.907889
        ],
        [
          -0.027505,
          -0.941752,
          -0.33518,
          1.444519
        ],
        [
          0.0,
          0.0,
          0.0,
          1.0
        ]
      ]
    },
    {
      "file_path": "/media/NFS/ttao/scannet/posed_images/scene0172_00/00171.jpg",
      "transform_matrix": [
        [
          -0.470727,
          -0.302662,
          0.828741,
          3.341067
        ],
        [
          -0.881145,
          0.208874,
          -0.42421,
          2.903872
        ],
        [
          -0.04471,
          -0.929929,
          -0.365012,
          1.421538
        ],
        [
          0.0,
          0.0,
          0.0,
          1.0
        ]
      ]
    },
    {
      "file_path": "/media/NFS/ttao/scannet/posed_images/scene0172_00/00177.jpg",
      "transform_matrix": [
        [
          -0.450097,
          -0.288488,
          0.845096,
          3.338502
        ],
        [
          -0.891153,
          0.205616,
          -0.404437,
          2.886396
        ],
        [
          -0.05709,
          -0.935145,
          -0.349634,
          1.413812
        ],
        [
          0.0,
          0.0,
          0.0,
          1.0
        ]
      ]
    },
    {
      "file_path": "/media/NFS/ttao/scannet/posed_images/scene0172_00/00178.jpg",
      "transform_matrix": [
        [
          -0.450459,
          -0.288379,
          0.84494,
          3.339628
        ],
        [
          -0.891,
          0.205218,
          -0.404974,
          2.886526
        ],
        [
          -0.056611,
          -0.935267,
          -0.349388,
          1.414782
        ],
        [
          0.0,
          0.0,
          0.0,
          1.0
        ]
      ]
    },
    {
      "file_path": "/media/NFS/ttao/scannet/posed_images/scene0172_00/00185.jpg",
      "transform_matrix": [
        [
          -0.466332,
          -0.304282,
          0.83063,
          3.348386
        ],
        [
          -0.883738,
          0.201935,
          -0.422173,
          2.877711
        ],
        [
          -0.039273,
          -0.930932,
          -0.363074,
          1.42195
        ],
        [
          0.0,
          0.0,
          0.0,
          1.0
        ]
      ]
    },
    {
      "file_path": "/media/NFS/ttao/scannet/posed_images/scene0172_00/00191.jpg",
      "transform_matrix": [
        [
          -0.501815,
          -0.292835,
          0.813897,
          3.357168
        ],
        [
          -0.86466,
          0.195194,
          -0.462884,
          2.889739
        ],
        [
          -0.023319,
          -0.936027,
          -0.351154,
          1.424643
        ],
        [
          0.0,
          0.0,
          0.0,
          1.0
        ]
      ]
    },
    {
      "file_path": "/media/NFS/ttao/scannet/posed_images/scene0172_00/00192.jpg",
      "transform_matrix": [
        [
          -0.506431,
          -0.290776,
          0.811774,
          3.358793
        ],
        [
          -0.861954,
          0.196616,
          -0.467309,
          2.891327
        ],
        [
          -0.023726,
          -0.936371,
          -0.350208,
          1.425471
        ],
        [
          0.0,
          0.0,
          0.0,
          1.0
        ]
      ]
    },
    {
      "file_path": "/media/NFS/ttao/scannet/posed_images/scene0172_00/00199.jpg",
      "transform_matrix": [
        [
          -0.508754,
          -0.299313,
          0.807205,
          3.387018
        ],
        [
          -0.86091,
          0.178802,
          -0.476302,
          2.897013
        ],
        [
          -0.001766,
          -0.937252,
          -0.348648,
          1.430252
        ],
        [
          0.0,
          0.0,
          0.0,
          1.0
        ]
      ]
    },
    {
      "file_path": "/media/NFS/ttao/scannet/posed_images/scene0172_00/00203.jpg",
      "transform_matrix": [
        [
          -0.508063,
          -0.282784,
          0.813576,
          3.408613
        ],
        [
          -0.861267,
          0.156312,
          -0.483514,
          2.898845
        ],
        [
          0.009558,
          -0.946361,
          -0.322969,
          1.427455
        ],
        [
          0.0,
          0.0,
          0.0,
          1.0
        ]
      ]
    },
    {
      "file_path": "/media/NFS/ttao/scannet/posed_images/scene0172_00/00210.jpg",
      "transform_matrix": [
        [
          -0.544655,
          -0.251485,
          0.800066,
          3.447804
        ],
        [
          -0.83833,
          0.136495,
          -0.527799,
          2.896878
        ],
        [
          0.023528,
          -0.958188,
          -0.28517,
          1.45534
        ],
        [
          0.0,
          0.0,
          0.0,
          1.0
        ]
      ]
    },
    {
      "file_path": "/media/NFS/ttao/scannet/posed_images/scene0172_00/00212.jpg",
      "transform_matrix": [
        [
          -0.56275,
          -0.255173,
          0.786256,
          3.460701
        ],
        [
          -0.826099,
          0.139598,
          -0.545961,
          2.899375
        ],
        [
          0.029554,
          -0.956765,
          -0.289357,
          1.460314
        ],
        [
          0.0,
          0.0,
          0.0,
          1.0
        ]
      ]
    },
    {
      "file_path": "/media/NFS/ttao/scannet/posed_images/scene0172_00/00219.jpg",
      "transform_matrix": [
        [
          -0.621351,
          -0.223954,
          0.750844,
          3.500666
        ],
        [
          -0.782833,
          0.136978,
          -0.606967,
          2.887702
        ],
        [
          0.033084,
          -0.964926,
          -0.26043,
          1.4749
        ],
        [
          0.0,
          0.0,
          0.0,
          1.0
        ]
      ]
    },
    {
      "file_path": "/media/NFS/ttao/scannet/posed_images/scene0172_00/00223.jpg",
      "transform_matrix": [
        [
          -0.642593,
          -0.238378,
          0.728183,
          3.523742
        ],
        [
          -0.764601,
          0.137985,
          -0.629559,
          2.873584
        ],
        [
          0.049595,
          -0.96132,
          -0.270932,
          1.47715
        ],
        [
          0.0,
          0.0,
          0.0,
          1.0
        ]
      ]
    },
    {
      "file_path": "/media/NFS/ttao/scannet/posed_images/scene0172_00/00227.jpg",
      "transform_matrix": [
        [
          -0.655908,
          -0.221206,
          0.721701,
          3.543631
        ],
        [
          -0.75283,
          0.121962,
          -0.646817,
          2.851394
        ],
        [
          0.05506,
          -0.967571,
          -0.246526,
          1.474196
        ],
        [
          0.0,
          0.0,
          0.0,
          1.0
        ]
      ]
    },
    {
      "file_path": "/media/NFS/ttao/scannet/posed_images/scene0172_00/00232.jpg",
      "transform_matrix": [
        [
          -0.659933,
          -0.185139,
          0.728156,
          3.566191
        ],
        [
          -0.750847,
          0.127966,
          -0.647961,
          2.805117
        ],
        [
          0.026784,
          -0.974345,
          -0.22346,
          1.472709
        ],
        [
          0.0,
          0.0,
          0.0,
          1.0
        ]
      ]
    },
    {
      "file_path": "/media/NFS/ttao/scannet/posed_images/scene0172_00/00235.jpg",
      "transform_matrix": [
        [
          -0.656526,
          -0.181419,
          0.732162,
          3.579619
        ],
        [
          -0.753877,
          0.125182,
          -0.644979,
          2.77304
        ],
        [
          0.025358,
          -0.975406,
          -0.218953,
          1.482054
        ],
        [
          0.0,
          0.0,
          0.0,
          1.0
        ]
      ]
    },
    {
      "file_path": "/media/NFS/ttao/scannet/posed_images/scene0172_00/00242.jpg",
      "transform_matrix": [
        [
          -0.66644,
          -0.196638,
          0.71916,
          3.613491
        ],
        [
          -0.744655,
          0.128076,
          -0.655047,
          2.706286
        ],
        [
          0.0367,
          -0.972075,
          -0.231782,
          1.494539
        ],
        [
          0.0,
          0.0,
          0.0,
          1.0
        ]
      ]
    },
    {
      "file_path": "/media/NFS/ttao/scannet/posed_images/scene0172_00/00243.jpg",
      "transform_matrix": [
        [
          -0.666227,
          -0.20265,
          0.717687,
          3.617741
        ],
        [
          -0.744677,
          0.129186,
          -0.654804,
          2.696152
        ],
        [
          0.039981,
          -0.970693,
          -0.236975,
          1.500062
        ],
        [
          0.0,
          0.0,
          0.0,
          1.0
        ]
      ]
    },
    {
      "file_path": "/media/NFS/ttao/scannet/posed_images/scene0172_00/00248.jpg",
      "transform_matrix": [
        [
          -0.691862,
          -0.219232,
          0.687943,
          3.637024
        ],
        [
          -0.721218,
          0.164655,
          -0.672855,
          2.655365
        ],
        [
          0.034238,
          -0.961679,
          -0.272032,
          1.501934
        ],
        [
          0.0,
          0.0,
          0.0,
          1.0
        ]
      ]
    },
    {
      "file_path": "/media/NFS/ttao/scannet/posed_images/scene0172_00/00256.jpg",
      "transform_matrix": [
        [
          -0.743039,
          -0.219443,
          0.632249,
          3.68067
        ],
        [
          -0.668433,
          0.196727,
          -0.717283,
          2.589913
        ],
        [
          0.033022,
          -0.955585,
          -0.292859,
          1.500941
        ],
        [
          0.0,
          0.0,
          0.0,
          1.0
        ]
      ]
    },
    {
      "file_path": "/media/NFS/ttao/scannet/posed_images/scene0172_00/00257.jpg",
      "transform_matrix": [
        [
          -0.752746,
          -0.214474,
          0.622394,
          3.687172
        ],
        [
          -0.657546,
          0.199414,
          -0.726544,
          2.585164
        ],
        [
          0.031711,
          -0.956156,
          -0.291135,
          1.498263
        ],
        [
          0.0,
          0.0,
          0.0,
          1.0
        ]
      ]
    },
    {
      "file_path": "/media/NFS/ttao/scannet/posed_images/scene0172_00/00264.jpg",
      "transform_matrix": [
        [
          -0.816238,
          -0.193634,
          0.544299,
          3.75216
        ],
        [
          -0.576361,
          0.208458,
          -0.79016,
          2.541122
        ],
        [
          0.039538,
          -0.958672,
          -0.281754,
          1.490922
        ],
        [
          0.0,
          0.0,
          0.0,
          1.0
        ]
      ]
    },
    {
      "file_path": "/media/NFS/ttao/scannet/posed_images/scene0172_00/00268.jpg",
      "transform_matrix": [
        [
          -0.838567,
          -0.167944,
          0.518266,
          3.788815
        ],
        [
          -0.544191,
          0.213291,
          -0.811396,
          2.512892
        ],
        [
          0.025727,
          -0.962446,
          -0.270253,
          1.483378
        ],
        [
          0.0,
          0.0,
          0.0,
          1.0
        ]
      ]
    },
    {
      "file_path": "/media/NFS/ttao/scannet/posed_images/scene0172_00/00272.jpg",
      "transform_matrix": [
        [
          -0.849195,
          -0.169304,
          0.500203,
          3.82373
        ],
        [
          -0.527701,
          0.236233,
          -0.81592,
          2.473835
        ],
        [
          0.019974,
          -0.956833,
          -0.28995,
          1.469212
        ],
        [
          0.0,
          0.0,
          0.0,
          1.0
        ]
      ]
    },
    {
      "file_path": "/media/NFS/ttao/scannet/posed_images/scene0172_00/00275.jpg",
      "transform_matrix": [
        [
          -0.854134,
          -0.155206,
          0.496352,
          3.847891
        ],
        [
          -0.519933,
          0.234384,
          -0.821422,
          2.454366
        ],
        [
          0.011153,
          -0.959674,
          -0.280892,
          1.468553
        ],
        [
          0.0,
          0.0,
          0.0,
          1.0
        ]
      ]
    },
    {
      "file_path": "/media/NFS/ttao/scannet/posed_images/scene0172_00/00284.jpg",
      "transform_matrix": [
        [
          -0.893391,
          -0.158114,
          0.420538,
          3.904163
        ],
        [
          -0.448275,
          0.251155,
          -0.857887,
          2.392485
        ],
        [
          0.030023,
          -0.954945,
          -0.295259,
          1.465275
        ],
        [
          0.0,
          0.0,
          0.0,
          1.0
        ]
      ]
    },
    {
      "file_path": "/media/NFS/ttao/scannet/posed_images/scene0172_00/00286.jpg",
      "transform_matrix": [
        [
          -0.901426,
          -0.165294,
          0.400135,
          3.911708
        ],
        [
          -0.430988,
          0.255127,
          -0.86554,
          2.375831
        ],
        [
          0.040983,
          -0.952674,
          -0.301218,
          1.460823
        ],
        [
          0.0,
          0.0,
          0.0,
          1.0
        ]
      ]
    },
    {
      "file_path": "/media/NFS/ttao/scannet/posed_images/scene0172_00/00292.jpg",
      "transform_matrix": [
        [
          -0.926102,
          -0.146355,
          0.347728,
          3.926051
        ],
        [
          -0.375816,
          0.276953,
          -0.884341,
          2.300309
        ],
        [
          0.033124,
          -0.949672,
          -0.311489,
          1.436261
        ],
        [
          0.0,
          0.0,
          0.0,
          1.0
        ]
      ]
    },
    {
      "file_path": "/media/NFS/ttao/scannet/posed_images/scene0172_00/00295.jpg",
      "transform_matrix": [
        [
          -0.932517,
          -0.13542,
          0.334772,
          3.931288
        ],
        [
          -0.35965,
          0.264576,
          -0.894791,
          2.256222
        ],
        [
          0.0326,
          -0.954809,
          -0.295426,
          1.452534
        ],
        [
          0.0,
          0.0,
          0.0,
          1.0
        ]
      ]
    },
    {
      "file_path": "/media/NFS/ttao/scannet/posed_images/scene0172_00/00300.jpg",
      "transform_matrix": [
        [
          -0.955471,
          -0.136903,
          0.261406,
          3.950325
        ],
        [
          -0.291021,
          0.290649,
          -0.911499,
          2.180452
        ],
        [
          0.048809,
          -0.946985,
          -0.317549,
          1.444061
        ],
        [
          0.0,
          0.0,
          0.0,
          1.0
        ]
      ]
    },
    {
      "file_path": "/media/NFS/ttao/scannet/posed_images/scene0172_00/00304.jpg",
      "transform_matrix": [
        [
          -0.960866,
          -0.138964,
          0.239637,
          3.956464
        ],
        [
          -0.272083,
          0.31093,
          -0.910655,
          2.125286
        ],
        [
          0.052038,
          -0.940219,
          -0.336572,
          1.438708
        ],
        [
          0.0,
          0.0,
          0.0,
          1.0
        ]
      ]
    },
    {
      "file_path": "/media/NFS/ttao/scannet/posed_images/scene0172_00/00308.jpg",
      "transform_matrix": [
        [
          -0.966827,
          -0.124313,
          0.223139,
          3.960808
        ],
        [
          -0.252654,
          0.336982,
          -0.906977,
          2.07689
        ],
        [
          0.037555,
          -0.933268,
          -0.357212,
          1.433955
        ],
        [
          0.0,
          0.0,
          0.0,
          1.0
        ]
      ]
    },
    {
      "file_path": "/media/NFS/ttao/scannet/posed_images/scene0172_00/00313.jpg",
      "transform_matrix": [
        [
          -0.981993,
          -0.105089,
          0.156993,
          3.976412
        ],
        [
          -0.184205,
          0.348138,
          -0.919167,
          2.014759
        ],
        [
          0.041939,
          -0.931534,
          -0.361227,
          1.46157
        ],
        [
          0.0,
          0.0,
          0.0,
          1.0
        ]
      ]
    },
    {
      "file_path": "/media/NFS/ttao/scannet/posed_images/scene0172_00/00319.jpg",
      "transform_matrix": [
        [
          -0.996399,
          -0.054442,
          0.064998,
          4.002679
        ],
        [
          -0.079873,
          0.345569,
          -0.934988,
          1.943249
        ],
        [
          0.028442,
          -0.936813,
          -0.348673,
          1.451561
        ],
        [
          0.0,
          0.0,
          0.0,
          1.0
        ]
      ]
    },
    {
      "file_path": "/media/NFS/ttao/scannet/posed_images/scene0172_00/00322.jpg",
      "transform_matrix": [
        [
          -0.998356,
          -0.028667,
          0.04964,
          4.009651
        ],
        [
          -0.056329,
          0.330064,
          -0.942276,
          1.910403
        ],
        [
          0.010627,
          -0.943523,
          -0.331137,
          1.453591
        ],
        [
          0.0,
          0.0,
          0.0,
          1.0
        ]
      ]
    },
    {
      "file_path": "/media/NFS/ttao/scannet/posed_images/scene0172_00/00328.jpg",
      "transform_matrix": [
        [
          -0.998519,
          -0.023015,
          -0.049301,
          4.069077
        ],
        [
          0.039146,
          0.325405,
          -0.944764,
          1.82582
        ],
        [
          0.037787,
          -0.945295,
          -0.324022,
          1.475756
        ],
        [
          0.0,
          0.0,
          0.0,
          1.0
        ]
      ]
    },
    {
      "file_path": "/media/NFS/ttao/scannet/posed_images/scene0172_00/00333.jpg",
      "transform_matrix": [
        [
          -0.995703,
          0.01211,
          -0.091808,
          4.101357
        ],
        [
          0.090776,
          0.32361,
          -0.941826,
          1.774101
        ],
        [
          0.018304,
          -0.946113,
          -0.323319,
          1.48558
        ],
        [
          0.0,
          0.0,
          0.0,
          1.0
        ]
      ]
    },
    {
      "file_path": "/media/NFS/ttao/scannet/posed_images/scene0172_00/00336.jpg",
      "transform_matrix": [
        [
          -0.992702,
          0.017146,
          -0.119361,
          4.119887
        ],
        [
          0.118213,
          0.333804,
          -0.935201,
          1.742781
        ],
        [
          0.023808,
          -0.942487,
          -0.333395,
          1.488636
        ],
        [
          0.0,
          0.0,
          0.0,
          1.0
        ]
      ]
    },
    {
      "file_path": "/media/NFS/ttao/scannet/posed_images/scene0172_00/00342.jpg",
      "transform_matrix": [
        [
          -0.988045,
          0.030238,
          -0.15117,
          4.155264
        ],
        [
          0.153181,
          0.303143,
          -0.940553,
          1.688987
        ],
        [
          0.017385,
          -0.952465,
          -0.304151,
          1.484938
        ],
        [
          0.0,
          0.0,
          0.0,
          1.0
        ]
      ]
    },
    {
      "file_path": "/media/NFS/ttao/scannet/posed_images/scene0172_00/00349.jpg",
      "transform_matrix": [
        [
          -0.988245,
          0.033582,
          -0.149139,
          4.185113
        ],
        [
          0.152618,
          0.273091,
          -0.949804,
          1.611068
        ],
        [
          0.008832,
          -0.961402,
          -0.275007,
          1.475746
        ],
        [
          0.0,
          0.0,
          0.0,
          1.0
        ]
      ]
    },
    {
      "file_path": "/media/NFS/ttao/scannet/posed_images/scene0172_00/00350.jpg",
      "transform_matrix": [
        [
          -0.987571,
          0.030371,
          -0.154212,
          4.190824
        ],
        [
          0.156596,
          0.274203,
          -0.948836,
          1.597757
        ],
        [
          0.013469,
          -0.961192,
          -0.275551,
          1.483027
        ],
        [
          0.0,
          0.0,
          0.0,
          1.0
        ]
      ]
    },
    {
      "file_path": "/media/NFS/ttao/scannet/posed_images/scene0172_00/00357.jpg",
      "transform_matrix": [
        [
          -0.977323,
          0.03907,
          -0.208117,
          4.208133
        ],
        [
          0.210816,
          0.271853,
          -0.938963,
          1.493363
        ],
        [
          0.019892,
