{
  "frames": [
    {
      "file_path": "/media/NFS/ttao/scannet/posed_images/scene0476_02/00000.jpg",
      "transform_matrix": [
        [
          0.110615,
          0.467976,
          -0.876791,
          3.866517
        ],
        [
          0.992689,
          -0.009142,
          0.120357,
          1.226159
        ],
        [
          0.048308,
          -0.883694,
          -0.465565,
          1.467686
        ],
        [
          0.0,
          0.0,
          0.0,
          1.0
        ]
      ]
    },
    {
      "file_path": "/media/NFS/ttao/scannet/posed_images/scene0476_02/00002.jpg",
      "transform_matrix": [
        [
          0.126411,
          0.469041,
          -0.874083,
          3.877462
        ],
        [
          0.990446,
          -0.010719,
          0.137487,
          1.209227
        ],
        [
          0.055118,
          -0.883111,
          -0.465915,
          1.468523
        ],
        [
          0.0,
          0.0,
          0.0,
          1.0
        ]
      ]
    },
    {
      "file_path": "/media/NFS/ttao/scannet/posed_images/scene0476_02/00006.jpg",
      "transform_matrix": [
        [
          0.132322,
          0.470528,
          -0.872407,
          3.886203
        ],
        [
          0.988916,
          -0.002857,
          0.148452,
          1.18165
        ],
        [
          0.067358,
          -0.882381,
          -0.46569,
          1.466019
        ],
        [
          0.0,
          0.0,
          0.0,
          1.0
        ]
      ]
    },
    {
      "file_path": "/media/NFS/ttao/scannet/posed_images/scene0476_02/00010.jpg",
      "transform_matrix": [
        [
          0.135755,
          0.459676,
          -0.877649,
          3.892056
        ],
        [
          0.988129,
          0.001479,
          0.153619,
          1.154465
        ],
        [
          0.071913,
          -0.888085,
          -0.454019,
          1.464828
        ],
        [
          0.0,
          0.0,
          0.0,
          1.0
        ]
      ]
    },
    {
      "file_path": "/media/NFS/ttao/scannet/posed_images/scene0476_02/00011.jpg",
      "transform_matrix": [
        [
          0.136211,
          0.456382,
          -0.879296,
          3.894216
        ],
        [
          0.988117,
          0.001215,
          0.153699,
          1.149625
        ],
        [
          0.071214,
          -0.889783,
          -0.450793,
          1.463131
        ],
        [
          0.0,
          0.0,
          0.0,
          1.0
        ]
      ]
    },
    {
      "file_path": "/media/NFS/ttao/scannet/posed_images/scene0476_02/00014.jpg",
      "transform_matrix": [
        [
          0.139513,
          0.448117,
          -0.883022,
          3.893909
        ],
        [
          0.98732,
          0.005253,
          0.158658,
          1.130431
        ],
        [
          0.075736,
          -0.89396,
          -0.441702,
          1.458791
        ],
        [
          0.0,
          0.0,
          0.0,
          1.0
        ]
      ]
    },
    {
      "file_path": "/media/NFS/ttao/scannet/posed_images/scene0476_02/00016.jpg",
      "transform_matrix": [
        [
          0.148777,
          0.451873,
          -0.879588,
          3.885004
        ],
        [
          0.985031,
          0.010587,
          0.172051,
          1.111814
        ],
        [
          0.087057,
          -0.892019,
          -0.443534,
          1.455792
        ],
        [
          0.0,
          0.0,
          0.0,
          1.0
        ]
      ]
    },
    {
      "file_path": "/media/NFS/ttao/scannet/posed_images/scene0476_02/00019.jpg",
      "transform_matrix": [
        [
          0.160891,
          0.46093,
          -0.87273,
          3.86837
        ],
        [
          0.981673,
          0.016772,
          0.189833,
          1.091221
        ],
        [
          0.102137,
          -0.887278,
          -0.449784,
          1.450475
        ],
        [
          0.0,
          0.0,
          0.0,
          1.0
        ]
      ]
    },
    {
      "file_path": "/media/NFS/ttao/scannet/posed_images/scene0476_02/00022.jpg",
      "transform_matrix": [
        [
          0.182793,
          0.471019,
          -0.862976,
          3.839518
        ],
        [
          0.977025,
          0.010807,
          0.212849,
          1.060952
        ],
        [
          0.109582,
          -0.882057,
          -0.458222,
          1.446417
        ],
        [
          0.0,
          0.0,
          0.0,
          1.0
        ]
      ]
    },
    {
      "file_path": "/media/NFS/ttao/scannet/posed_images/scene0476_02/00026.jpg",
      "transform_matrix": [
        [
          0.196409,
          0.484241,
          -0.852604,
          3.798157
        ],
        [
          0.975849,
          -0.011741,
          0.218131,
          1.027719
        ],
        [
          0.095618,
          -0.874856,
          -0.474852,
          1.443526
        ],
        [
          0.0,
          0.0,
          0.0,
          1.0
        ]
      ]
    },
    {
      "file_path": "/media/NFS/ttao/scannet/posed_images/scene0476_02/00027.jpg",
      "transform_matrix": [
        [
          0.199286,
          0.486352,
          -0.850733,
          3.781402
        ],
        [
          0.975631,
          -0.017134,
          0.218749,
          1.015657
        ],
        [
          0.091813,
          -0.873595,
          -0.477914,
          1.443817
        ],
        [
          0.0,
          0.0,
          0.0,
          1.0
        ]
      ]
    },
    {
      "file_path": "/media/NFS/ttao/scannet/posed_images/scene0476_02/00030.jpg",
      "transform_matrix": [
        [
          0.20933,
          0.496203,
          -0.842593,
          3.7307
        ],
        [
          0.973942,
          -0.02889,
          0.224949,
          0.989503
        ],
        [
          0.087278,
          -0.867726,
          -0.489321,
          1.442866
        ],
        [
          0.0,
          0.0,
          0.0,
          1.0
        ]
      ]
    },
    {
      "file_path": "/media/NFS/ttao/scannet/posed_images/scene0476_02/00035.jpg",
      "transform_matrix": [
        [
          0.231266,
          0.482353,
          -0.844897,
          3.646512
        ],
        [
          0.970986,
          -0.060129,
          0.231452,
          0.949105
        ],
        [
          0.060839,
          -0.873911,
          -0.482264,
          1.452469
        ],
        [
          0.0,
          0.0,
          0.0,
          1.0
        ]
      ]
    },
    {
      "file_path": "/media/NFS/ttao/scannet/posed_images/scene0476_02/00036.jpg",
      "transform_matrix": [
        [
          0.234118,
          0.481247,
          -0.844743,
          3.63478
        ],
        [
          0.970257,
          -0.060628,
          0.234365,
          0.939693
        ],
        [
          0.061572,
          -0.874486,
          -0.481127,
          1.450813
        ],
        [
          0.0,
          0.0,
          0.0,
          1.0
        ]
      ]
    },
    {
      "file_path": "/media/NFS/ttao/scannet/posed_images/scene0476_02/00040.jpg",
      "transform_matrix": [
        [
          0.256974,
          0.487604,
          -0.83439,
          3.579448
        ],
        [
          0.964693,
          -0.077865,
          0.251602,
          0.904057
        ],
        [
          0.057712,
          -0.869586,
          -0.490398,
          1.454162
        ],
        [
          0.0,
          0.0,
          0.0,
          1.0
        ]
      ]
    },
    {
      "file_path": "/media/NFS/ttao/scannet/posed_images/scene0476_02/00043.jpg",
      "transform_matrix": [
        [
          0.283932,
          0.476804,
          -0.83189,
          3.541373
        ],
        [
          0.957806,
          -0.100662,
          0.269213,
          0.886396
        ],
        [
          0.044622,
          -0.873227,
          -0.485267,
          1.455904
        ],
        [
          0.0,
          0.0,
          0.0,
          1.0
        ]
      ]
    },
    {
      "file_path": "/media/NFS/ttao/scannet/posed_images/scene0476_02/00045.jpg",
      "transform_matrix": [
        [
          0.30419,
          0.47222,
          -0.827331,
          3.518055
        ],
        [
          0.951745,
          -0.113628,
          0.285078,
          0.869807
        ],
        [
          0.040612,
          -0.874126,
          -0.483998,
          1.453351
        ],
        [
          0.0,
          0.0,
          0.0,
          1.0
        ]
      ]
    },
    {
      "file_path": "/media/NFS/ttao/scannet/posed_images/scene0476_02/00047.jpg",
      "transform_matrix": [
        [
          0.323777,
          0.469201,
          -0.821595,
          3.49952
        ],
        [
          0.945296,
          -0.123895,
          0.301771,
          0.857464
        ],
        [
          0.0398,
          -0.874357,
          -0.483648,
          1.450654
        ],
        [
          0.0,
          0.0,
          0.0,
          1.0
        ]
      ]
    },
    {
      "file_path": "/media/NFS/ttao/scannet/posed_images/scene0476_02/00050.jpg",
      "transform_matrix": [
        [
          0.359479,
          0.471389,
          -0.805337,
          3.461116
        ],
        [
          0.931962,
          -0.137775,
          0.335358,
          0.829221
        ],
        [
          0.047129,
          -0.871098,
          -0.488844,
          1.442954
        ],
        [
          0.0,
          0.0,
          0.0,
          1.0
        ]
      ]
    },
    {
      "file_path": "/media/NFS/ttao/scannet/posed_images/scene0476_02/00054.jpg",
      "transform_matrix": [
        [
          0.407156,
          0.474149,
          -0.780645,
          3.413276
        ],
        [
          0.911777,
          -0.160721,
          0.377931,
          0.794608
        ],
        [
          0.05373,
          -0.865651,
          -0.497757,
          1.437907
        ],
        [
          0.0,
          0.0,
          0.0,
          1.0
        ]
      ]
    },
    {
      "file_path": "/media/NFS/ttao/scannet/posed_images/scene0476_02/00055.jpg",
      "transform_matrix": [
        [
          0.419228,
          0.474373,
          -0.774092,
          3.400863
        ],
        [
          0.906234,
          -0.167318,
          0.388258,
          0.783719
        ],
        [
          0.05466,
          -0.864277,
          -0.500037,
          1.436894
        ],
        [
          0.0,
          0.0,
          0.0,
          1.0
        ]
      ]
    },
    {
      "file_path": "/media/NFS/ttao/scannet/posed_images/scene0476_02/00060.jpg",
      "transform_matrix": [
        [
          0.47856,
          0.457625,
          -0.749373,
          3.332681
        ],
        [
          0.877319,
          -0.214287,
          0.429409,
          0.739634
        ],
        [
          0.035927,
          -0.862937,
          -0.504032,
          1.443464
        ],
        [
          0.0,
          0.0,
          0.0,
          1.0
        ]
      ]
    },
    {
      "file_path": "/media/NFS/ttao/scannet/posed_images/scene0476_02/00061.jpg",
      "transform_matrix": [
        [
          0.488051,
          0.44815,
          -0.748977,
          3.321824
        ],
        [
          0.872497,
          -0.227352,
          0.432504,
          0.737079
        ],
        [
          0.023545,
          -0.864565,
          -0.501969,
          1.448541
        ],
        [
          0.0,
          0.0,
          0.0,
          1.0
        ]
      ]
    },
    {
      "file_path": "/media/NFS/ttao/scannet/posed_images/scene0476_02/00064.jpg",
      "transform_matrix": [
        [
          0.50705,
          0.43098,
          -0.746429,
          3.281348
        ],
        [
          0.861828,
          -0.241112,
          0.446225,
          0.728789
        ],
        [
          0.012341,
          -0.869553,
          -0.493686,
          1.45919
        ],
        [
          0.0,
          0.0,
          0.0,
          1.0
        ]
      ]
    },
    {
      "file_path": "/media/NFS/ttao/scannet/posed_images/scene0476_02/00068.jpg",
      "transform_matrix": [
        [
          0.536473,
          0.415747,
          -0.734405,
          3.229373
        ],
        [
          0.843228,
          -0.22892,
          0.486375,
          0.717582
        ],
        [
          0.034089,
          -0.880199,
          -0.47338,
          1.459039
        ],
        [
          0.0,
          0.0,
          0.0,
          1.0
        ]
      ]
    },
    {
      "file_path": "/media/NFS/ttao/scannet/posed_images/scene0476_02/00070.jpg",
      "transform_matrix": [
        [
          0.548516,
          0.417428,
          -0.724489,
          3.196091
        ],
        [
          0.834585,
          -0.220514,
          0.504817,
          0.710018
        ],
        [
          0.050964,
          -0.881548,
          -0.469335,
          1.454368
        ],
        [
          0.0,
          0.0,
          0.0,
          1.0
        ]
      ]
    },
    {
      "file_path": "/media/NFS/ttao/scannet/posed_images/scene0476_02/00072.jpg",
      "transform_matrix": [
        [
          0.562782,
          0.41817,
          -0.713028,
          3.160198
        ],
        [
          0.824129,
          -0.217131,
          0.523131,
          0.711244
        ],
        [
          0.063937,
          -0.882036,
          -0.466824,
          1.451019
        ],
        [
          0.0,
          0.0,
          0.0,
          1.0
        ]
      ]
    },
    {
      "file_path": "/media/NFS/ttao/scannet/posed_images/scene0476_02/00077.jpg",
      "transform_matrix": [
        [
          0.594702,
          0.385632,
          -0.70542,
          3.052855
        ],
        [
          0.802417,
          -0.230642,
          0.550391,
          0.718644
        ],
        [
          0.049549,
          -0.89336,
          -0.446601,
          1.455764
        ],
        [
          0.0,
          0.0,
          0.0,
          1.0
        ]
      ]
    },
    {
      "file_path": "/media/NFS/ttao/scannet/posed_images/scene0476_02/00078.jpg",
      "transform_matrix": [
        [
          0.600185,
          0.376834,
          -0.705531,
          3.026425
        ],
        [
          0.798773,
          -0.236372,
          0.553254,
          0.717926
        ],
        [
          0.041717,
          -0.895614,
          -0.442871,
          1.457061
        ],
        [
          0.0,
          0.0,
          0.0,
          1.0
        ]
      ]
    },
    {
      "file_path": "/media/NFS/ttao/scannet/posed_images/scene0476_02/00081.jpg",
      "transform_matrix": [
        [
          0.591777,
          0.356805,
          -0.722835,
          2.970139
        ],
        [
          0.805983,
          -0.246534,
          0.538156,
          0.719733
        ],
        [
          0.013813,
          -0.901061,
          -0.433472,
          1.450791
        ],
        [
          0.0,
          0.0,
          0.0,
          1.0
        ]
      ]
    },
    {
      "file_path": "/media/NFS/ttao/scannet/posed_images/scene0476_02/00085.jpg",
      "transform_matrix": [
        [
          0.601862,
          0.353586,
          -0.716058,
          2.883327
        ],
        [
          0.798501,
          -0.280576,
          0.53261,
          0.736139
        ],
        [
          -0.012585,
          -0.892331,
          -0.451207,
          1.457492
        ],
        [
          0.0,
          0.0,
          0.0,
          1.0
        ]
      ]
    },
    {
      "file_path": "/media/NFS/ttao/scannet/posed_images/scene0476_02/00087.jpg",
      "transform_matrix": [
        [
          0.60503,
          0.346753,
          -0.71673,
          2.847253
        ],
        [
          0.795975,
          -0.284967,
          0.534058,
          0.739409
        ],
        [
          -0.019058,
          -0.89362,
          -0.44842,
          1.455638
        ],
        [
          0.0,
          0.0,
          0.0,
          1.0
        ]
      ]
    },
    {
      "file_path": "/media/NFS/ttao/scannet/posed_images/scene0476_02/00089.jpg",
      "transform_matrix": [
        [
          0.614204,
          0.345687,
          -0.709404,
          2.808573
        ],
        [
          0.788819,
          -0.294851,
          0.539284,
          0.745652
        ],
        [
          -0.022745,
          -0.890822,
          -0.453783,
          1.455491
        ],
        [
          0.0,
          0.0,
          0.0,
          1.0
        ]
      ]
    },
    {
      "file_path": "/media/NFS/ttao/scannet/posed_images/scene0476_02/00092.jpg",
      "transform_matrix": [
        [
          0.636752,
          0.333569,
          -0.695183,
          2.757042
        ],
        [
          0.770832,
          -0.297742,
          0.563177,
          0.762014
        ],
        [
          -0.019127,
          -0.894473,
          -0.446713,
          1.457757
        ],
        [
          0.0,
          0.0,
          0.0,
          1.0
        ]
      ]
    },
    {
      "file_path": "/media/NFS/ttao/scannet/posed_images/scene0476_02/00095.jpg",
      "transform_matrix": [
        [
          0.669574,
          0.332141,
          -0.664344,
          2.703611
        ],
        [
          0.742735,
          -0.294702,
          0.601245,
          0.769916
        ],
        [
          0.003914,
          -0.89601,
          -0.444017,
          1.450889
        ],
        [
          0.0,
          0.0,
          0.0,
          1.0
        ]
      ]
    },
    {
      "file_path": "/media/NFS/ttao/scannet/posed_images/scene0476_02/00098.jpg",
      "transform_matrix": [
        [
          0.701432,
          0.330146,
          -0.631662,
          2.646558
        ],
        [
          0.712513,
          -0.30258,
          0.633065,
          0.778013
        ],
        [
          0.017876,
          -0.894119,
          -0.447473,
          1.44378
        ],
        [
          0.0,
          0.0,
          0.0,
          1.0
        ]
      ]
    },
    {
      "file_path": "/media/NFS/ttao/scannet/posed_images/scene0476_02/00100.jpg",
      "transform_matrix": [
        [
          0.723493,
          0.318557,
          -0.612437,
          2.604596
        ],
        [
          0.690033,
          -0.307631,
          0.655147,
          0.779475
        ],
        [
          0.020297,
          -0.896596,
          -0.442384,
          1.441088
        ],
        [
          0.0,
          0.0,
          0.0,
          1.0
        ]
      ]
    },
    {
      "file_path": "/media/NFS/ttao/scannet/posed_images/scene0476_02/00105.jpg",
      "transform_matrix": [
        [
          0.767203,
          0.280245,
          -0.576942,
          2.512278
        ],
        [
          0.641218,
          -0.313437,
          0.700426,
          0.785934
        ],
        [
          0.015456,
          -0.907315,
          -0.420168,
          1.440796
        ],
        [
          0.0,
          0.0,
          0.0,
          1.0
        ]
      ]
    },
    {
      "file_path": "/media/NFS/ttao/scannet/posed_images/scene0476_02/00108.jpg",
      "transform_matrix": [
        [
          0.787085,
          0.268278,
          -0.555449,
          2.467241
        ],
        [
          0.616733,
          -0.32516,
          0.716875,
          0.786528
        ],
        [
          0.011712,
          -0.906806,
          -0.421385,
          1.441706
        ],
        [
          0.0,
          0.0,
          0.0,
          1.0
        ]
      ]
    },
    {
      "file_path": "/media/NFS/ttao/scannet/posed_images/scene0476_02/00110.jpg",
      "transform_matrix": [
        [
          0.799812,
          0.262218,
          -0.539947,
          2.427433
        ],
        [
          0.600032,
          -0.325018,
          0.730975,
          0.785853
        ],
        [
          0.016183,
          -0.908628,
          -0.417293,
          1.440073
        ],
        [
          0.0,
          0.0,
          0.0,
          1.0
        ]
      ]
    },
    {
      "file_path": "/media/NFS/ttao/scannet/posed_images/scene0476_02/00112.jpg",
      "transform_matrix": [
        [
          0.808798,
          0.257865,
          -0.528536,
          2.399144
        ],
        [
          0.587745,
          -0.323813,
          0.741419,
          0.784191
        ],
        [
          0.020039,
          -0.910303,
          -0.413458,
          1.434418
        ],
        [
          0.0,
          0.0,
          0.0,
          1.0
        ]
      ]
    },
    {
      "file_path": "/media/NFS/ttao/scannet/posed_images/scene0476_02/00114.jpg",
      "transform_matrix": [
        [
          0.815553,
          0.256432,
          -0.518764,
          2.371027
        ],
        [
          0.578191,
          -0.324138,
          0.748752,
          0.783192
        ],
        [
          0.023853,
          -0.910591,
          -0.412619,
          1.430836
        ],
        [
          0.0,
          0.0,
          0.0,
          1.0
        ]
      ]
    },
    {
      "file_path": "/media/NFS/ttao/scannet/posed_images/scene0476_02/00117.jpg",
      "transform_matrix": [
        [
          0.82455,
          0.259145,
          -0.502952,
          2.330658
        ],
        [
          0.56501,
          -0.33052,
          0.75599,
          0.782732
        ],
        [
          0.029676,
          -0.907524,
          -0.41895,
          1.421407
        ],
        [
          0.0,
          0.0,
          0.0,
          1.0
        ]
      ]
    },
    {
      "file_path": "/media/NFS/ttao/scannet/posed_images/scene0476_02/00122.jpg",
      "transform_matrix": [
        [
          0.836838,
          0.244728,
          -0.489704,
          2.276617
        ],
        [
          0.547265,
          -0.350647,
          0.759966,
          0.789253
        ],
        [
          0.014271,
          -0.903966,
          -0.427366,
          1.415349
        ],
        [
          0.0,
          0.0,
          0.0,
          1.0
        ]
      ]
    },
    {
      "file_path": "/media/NFS/ttao/scannet/posed_images/scene0476_02/00123.jpg",
      "transform_matrix": [
        [
          0.838449,
          0.240909,
          -0.488841,
          2.27541
        ],
        [
          0.54487,
          -0.35254,
          0.76081,
          0.788748
        ],
        [
          0.01095,
          -0.904256,
          -0.426851,
          1.41272
        ],
        [
          0.0,
          0.0,
          0.0,
          1.0
        ]
      ]
    },
    {
      "file_path": "/media/NFS/ttao/scannet/posed_images/scene0476_02/00127.jpg",
      "transform_matrix": [
        [
          0.846295,
          0.234966,
          -0.478095,
          2.253266
        ],
        [
          0.532714,
          -0.373233,
          0.759548,
          0.801495
        ],
        [
          2.8e-05,
          -0.89749,
          -0.441035,
          1.413122
        ],
        [
          0.0,
          0.0,
          0.0,
          1.0
        ]
      ]
    },
    {
      "file_path": "/media/NFS/ttao/scannet/posed_images/scene0476_02/00128.jpg",
      "transform_matrix": [
        [
          0.84678,
          0.234896,
          -0.47727,
          2.250617
        ],
        [
          0.531943,
          -0.37454,
          0.759445,
          0.805703
        ],
        [
          -0.000367,
          -0.896964,
          -0.442104,
          1.413481
        ],
        [
          0.0,
          0.0,
          0.0,
          1.0
        ]
      ]
    },
    {
      "file_path": "/media/NFS/ttao/scannet/posed_images/scene0476_02/00131.jpg",
      "transform_matrix": [
        [
          0.8507,
          0.239173,
          -0.468087,
          2.241427
        ],
        [
          0.525599,
          -0.374437,
          0.7639,
          0.814864
        ],
        [
          0.007436,
          -0.895876,
          -0.444243,
          1.416597
        ],
        [
          0.0,
          0.0,
          0.0,
          1.0
        ]
      ]
    },
    {
      "file_path": "/media/NFS/ttao/scannet/posed_images/scene0476_02/00134.jpg",
      "transform_matrix": [
        [
          0.85938,
          0.243977,
          -0.449379,
          2.239522
        ],
        [
          0.51072,
          -0.366344,
          0.77779,
          0.82915
        ],
        [
          0.025135,
          -0.897924,
          -0.439433,
          1.419971
        ],
        [
          0.0,
          0.0,
          0.0,
          1.0
        ]
      ]
    },
    {
      "file_path": "/media/NFS/ttao/scannet/posed_images/scene0476_02/00138.jpg",
      "transform_matrix": [
        [
          0.886695,
          0.221298,
          -0.405954,
          2.248251
        ],
        [
          0.461093,
          -0.358439,
          0.811736,
          0.854755
        ],
        [
          0.034125,
          -0.906945,
          -0.419865,
          1.430038
        ],
        [
          0.0,
          0.0,
          0.0,
          1.0
        ]
      ]
    },
    {
      "file_path": "/media/NFS/ttao/scannet/posed_images/scene0476_02/00141.jpg",
      "transform_matrix": [
        [
          0.91433,
          0.190162,
          -0.357546,
          2.272632
        ],
        [
          0.403482,
          -0.352149,
          0.844508,
          0.875791
        ],
        [
          0.034684,
          -0.916422,
          -0.398707,
          1.434451
        ],
        [
          0.0,
          0.0,
          0.0,
          1.0
        ]
      ]
    },
    {
      "file_path": "/media/NFS/ttao/scannet/posed_images/scene0476_02/00143.jpg",
      "transform_matrix": [
        [
          0.931766,
          0.164143,
          -0.323835,
          2.277403
        ],
        [
          0.362152,
          -0.35722,
          0.860952,
          0.890274
        ],
        [
          0.025639,
          -0.919484,
          -0.392291,
          1.442202
        ],
        [
          0.0,
          0.0,
          0.0,
          1.0
        ]
      ]
    },
    {
      "file_path": "/media/NFS/ttao/scannet/posed_images/scene0476_02/00147.jpg",
      "transform_matrix": [
        [
          0.952003,
          0.130121,
          -0.277053,
          2.301603
        ],
        [
          0.305662,
          -0.356457,
          0.882898,
          0.915015
        ],
        [
          0.016126,
          -0.925206,
          -0.379122,
          1.451962
        ],
        [
          0.0,
          0.0,
          0.0,
          1.0
        ]
      ]
    },
    {
      "file_path": "/media/NFS/ttao/scannet/posed_images/scene0476_02/00150.jpg",
      "transform_matrix": [
        [
          0.964198,
          0.105946,
          -0.2431,
          2.32008
        ],
        [
          0.264992,
          -0.350183,
          0.898416,
          0.929618
        ],
        [
          0.010054,
          -0.93067,
          -0.36572,
          1.458182
        ],
        [
          0.0,
          0.0,
          0.0,
          1.0
        ]
      ]
    },
    {
      "file_path": "/media/NFS/ttao/scannet/posed_images/scene0476_02/00152.jpg",
      "transform_matrix": [
        [
          0.969922,
          0.093134,
          -0.224895,
          2.338568
        ],
        [
          0.243327,
          -0.345952,
          0.906151,
          0.936922
        ],
        [
          0.00659,
          -0.933618,
          -0.358208,
          1.461383
        ],
        [
          0.0,
          0.0,
          0.0,
          1.0
        ]
      ]
    },
    {
      "file_path": "/media/NFS/ttao/scannet/posed_images/scene0476_02/00153.jpg",
      "transform_matrix": [
        [
          0.972398,
          0.088428,
          -0.215922,
          2.346651
        ],
        [
          0.233249,
          -0.344435,
          0.909373,
          0.941307
        ],
        [
          0.006043,
          -0.934636,
          -0.355554,
          1.464396
        ],
        [
          0.0,
          0.0,
          0.0,
          1.0
        ]
      ]
    },
    {
      "file_path": "/media/NFS/ttao/scannet/posed_images/scene0476_02/00158.jpg",
      "transform_matrix": [
        [
          0.985356,
          0.068134,
          -0.156303,
          2.384048
        ],
        [
          0.170074,
          -0.327454,
          0.929434,
          0.95411
        ],
        [
          0.012144,
          -0.942407,
          -0.334247,
          1.475677
        ],
        [
          0.0,
          0.0,
          0.0,
          1.0
        ]
      ]
    },
    {
      "file_path": "/media/NFS/ttao/scannet/posed_images/scene0476_02/00159.jpg",
      "transform_matrix": [
        [
          0.987262,
          0.065211,
          -0.145122,
          2.389978
        ],
        [
          0.15852,
          -0.325368,
          0.932205,
          0.956779
        ],
        [
          0.013572,
          -0.943336,
          -0.331561,
          1.478991
        ],
        [
          0.0,
          0.0,
          0.0,
          1.0
        ]
      ]
    },
    {
      "file_path": "/media/NFS/ttao/scannet/posed_images/scene0476_02/00162.jpg",
      "transform_matrix": [
        [
          0.992355,
          0.053741,
          -0.1111,
          2.399936
        ],
        [
          0.122454,
          -0.316637,
          0.940609,
          0.96144
        ],
        [
          0.01537,
          -0.947023,
          -0.320797,
          1.483607
        ],
        [
          0.0,
          0.0,
          0.0,
          1.0
        ]
      ]
    },
    {
      "file_path": "/media/NFS/ttao/scannet/posed_images/scene0476_02/00166.jpg",
      "transform_matrix": [
        [
          0.996569,
          0.046908,
          -0.068191,
          2.426905
        ],
        [
          0.079388,
          -0.308712,
          0.947837,
          0.972377
        ],
        [
          0.023409,
          -0.949998,
          -0.311377,
          1.492723
        ],
        [
          0.0,
          0.0,
          0.0,
          1.0
        ]
      ]
    },
    {
      "file_path": "/media/NFS/ttao/scannet/posed_images/scene0476_02/00169.jpg",
      "transform_matrix": [
        [
          0.998703,
          0.039501,
          -0.032127,
          2.445117
        ],
        [
          0.042672,
          -0.305107,
          0.951361,
          0.981816
        ],
        [
          0.027777,
          -0.951499,
          -0.306397,
          1.501657
        ],
        [
          0.0,
          0.0,
          0.0,
          1.0
        ]
      ]
    },
    {
      "file_path": "/media/NFS/ttao/scannet/posed_images/scene0476_02/00170.jpg",
      "transform_matrix": [
        [
          0.999217,
          0.033417,
          -0.021179,
          2.448431
        ],
        [
          0.030175,
          -0.297492,
          0.954247,
          0.984
        ],
        [
          0.025587,
          -0.954139,
          -0.298268,
          1.499861
        ],
        [
          0.0,
          0.0,
          0.0,
          1.0
        ]
      ]
    },
    {
      "file_path": "/media/NFS/ttao/scannet/posed_images/scene0476_02/00173.jpg",
      "transform_matrix": [
        [
          0.999651,
          0.024794,
          0.009072,
          2.466479
        ],
        [
          -0.001567,
          -0.287274,
          0.957847,
          0.992288
        ],
        [
          0.026355,
          -0.957528,
          -0.287135,
          1.509305
        ],
        [
          0.0,
          0.0,
          0.0,
          1.0
        ]
      ]
    },
    {
      "file_path": "/media/NFS/ttao/scannet/posed_images/scene0476_02/00176.jpg",
      "transform_matrix": [
        [
          0.999041,
          0.015441,
          0.040964,
          2.483739
        ],
        [
          -0.035214,
          -0.272509,
          0.961509,
          1.000501
        ],
        [
          0.02601,
          -0.962029,
          -0.271704,
          1.518342
        ],
        [
          0.0,
          0.0,
          0.0,
          1.0
        ]
      ]
    },
    {
      "file_path": "/media/NFS/ttao/scannet/posed_images/scene0476_02/00180.jpg",
      "transform_matrix": [
        [
          0.997195,
          0.013031,
          0.073704,
          2.508225
        ],
        [
          -0.067981,
          -0.254332,
          0.964725,
          1.009166
        ],
        [
          0.031317,
          -0.967029,
          -0.252733,
          1.53226
        ],
        [
          0.0,
          0.0,
          0.0,
          1.0
        ]
      ]
    },
    {
      "file_path": "/media/NFS/ttao/scannet/posed_images/scene0476_02/00182.jpg",
      "transform_matrix": [
        [
          0.996098,
          0.013336,
          0.087242,
          2.51395
        ],
        [
          -0.081318,
          -0.24548,
          0.965985,
          1.013518
        ],
        [
          0.034299,
          -0.96931,
          -0.243438,
          1.539923
        ],
        [
          0.0,
          0.0,
          0.0,
          1.0
        ]
      ]
    },
    {
      "file_path": "/media/NFS/ttao/scannet/posed_images/scene0476_02/00186.jpg",
      "transform_matrix": [
        [
          0.9937,
          0.01128,
          0.111507,
          2.527307
        ],
        [
          -0.106285,
          -0.220816,
          0.969507,
          1.021133
        ],
        [
          0.035558,
          -0.97525,
          -0.218226,
          1.551953
        ],
        [
          0.0,
          0.0,
          0.0,
          1.0
        ]
      ]
    },
    {
      "file_path": "/media/NFS/ttao/scannet/posed_images/scene0476_02/00189.jpg",
      "transform_matrix": [
        [
          0.992952,
          0.004851,
          0.118419,
          2.536056
        ],
        [
          -0.115054,
          -0.200347,
          0.972946,
          1.023531
        ],
        [
          0.028444,
          -0.979713,
          -0.198376,
          1.563798
        ],
        [
          0.0,
          0.0,
          0.0,
          1.0
        ]
      ]
    },
    {
      "file_path": "/media/NFS/ttao/scannet/posed_images/scene0476_02/00191.jpg",
      "transform_matrix": [
        [
          0.992813,
          0.002559,
          0.119652,
          2.543408
        ],
        [
          -0.117053,
          -0.18753,
          0.97526,
          1.027117
        ],
        [
          0.024934,
          -0.982256,
          -0.185883,
          1.576016
        ],
        [
          0.0,
          0.0,
          0.0,
          1.0
        ]
      ]
    },
    {
      "file_path": "/media/NFS/ttao/scannet/posed_images/scene0476_02/00193.jpg",
      "transform_matrix": [
        [
          0.992865,
          0.003974,
          0.119176,
          2.549156
        ],
        [
          -0.116765,
          -0.170293,
          0.978451,
          1.027883
        ],
        [
          0.024184,
          -0.985385,
          -0.168614,
          1.581444
        ],
        [
          0.0,
          0.0,
          0.0,
          1.0
        ]
      ]
    },
    {
      "file_path": "/media/NFS/ttao/scannet/posed_images/scene0476_02/00195.jpg",
      "transform_matrix": [
        [
          0.993125,
          0.008154,
          0.116773,
          2.549999
        ],
        [
          -0.11413,
          -0.154268,
          0.981415,
          1.026294
        ],
        [
          0.026017,
          -0.987995,
          -0.152277,
          1.588468
        ],
        [
          0.0,
          0.0,
          0.0,
          1.0
        ]
      ]
    },
    {
      "file_path": "/media/NFS/ttao/scannet/posed_images/scene0476_02/00198.jpg",
      "transform_matrix": [
        [
          0.994014,
          0.014317,
          0.108312,
          2.554549
        ],
        [
          -0.105578,
          -0.129131,
          0.985991,
          1.026103
        ],
        [
          0.028103,
          -0.991524,
          -0.126847,
          1.600909
        ],
        [
          0.0,
          0.0,
          0.0,
          1.0
        ]
      ]
    },
    {
      "file_path": "/media/NFS/ttao/scannet/posed_images/scene0476_02/00203.jpg",
      "transform_matrix": [
        [
          0.996212,
          0.028107,
          0.082293,
          2.567295
        ],
        [
          -0.080147,
          -0.070442,
          0.994291,
          1.015598
        ],
        [
          0.033743,
          -0.99712,
          -0.067922,
          1.619453
        ],
        [
          0.0,
          0.0,
          0.0,
          1.0
        ]
      ]
    },
    {
      "file_path": "/media/NFS/ttao/scannet/posed_images/scene0476_02/00205.jpg",
      "transform_matrix": [
        [
          0.99686,
          0.029571,
          0.073462,
          2.562325
        ],
        [
          -0.071567,
          -0.060728,
          0.995585,
          1.013493
        ],
        [
          0.033902,
          -0.997716,
          -0.058421,
          1.631923
        ],
        [
          0.0,
          0.0,
          0.0,
          1.0
        ]
      ]
    },
    {
      "file_path": "/media/NFS/ttao/scannet/posed_images/scene0476_02/00208.jpg",
      "transform_matrix": [
        [
          0.997903,
          0.032857,
          0.055767,
          2.565967
        ],
        [
          -0.054274,
          -0.044709,
          0.997525,
          1.011358
        ],
        [
          0.035269,
          -0.99846,
          -0.042832,
          1.642295
        ],
        [
          0.0,
          0.0,
          0.0,
          1.0
        ]
      ]
    },
    {
      "file_path": "/media/NFS/ttao/scannet/posed_images/scene0476_02/00211.jpg",
      "transform_matrix": [
        [
          0.998609,
          0.034412,
          0.039947,
          2.572745
        ],
        [
          -0.038906,
          -0.030402,
          0.99878,
          1.000857
        ],
        [
          0.035584,
          -0.998945,
          -0.029021,
          1.65461
        ],
        [
          0.0,
          0.0,
          0.0,
          1.0
        ]
      ]
    },
    {
      "file_path": "/media/NFS/ttao/scannet/posed_images/scene0476_02/00214.jpg",
      "transform_matrix": [
        [
          0.999006,
          0.035747,
          0.026629,
          2.568864
        ],
        [
          -0.026132,
          -0.014295,
          0.999556,
          0.994026
        ],
        [
          0.036112,
          -0.999259,
          -0.013346,
          1.660709
        ],
        [
          0.0,
          0.0,
          0.0,
          1.0
        ]
      ]
    },
    {
      "file_path": "/media/NFS/ttao/scannet/posed_images/scene0476_02/00215.jpg",
      "transform_matrix": [
        [
          0.999071,
          0.036528,
          0.022888,
          2.567714
        ],
        [
          -0.022517,
          -0.010547,
          0.999691,
          0.991275
        ],
        [
          0.036758,
          -0.999277,
          -0.009715,
          1.660454
        ],
        [
          0.0,
          0.0,
          0.0,
          1.0
        ]
