{
  "frames": [
    {
      "file_path": "/media/NFS/ttao/scannet/posed_images/scene0259_00/00000.jpg",
      "transform_matrix": [
        [
          0.615162,
          -0.401418,
          0.678556,
          2.739316
        ],
        [
          -0.786027,
          -0.245541,
          0.567337,
          6.175622
        ],
        [
          -0.061126,
          -0.882368,
          -0.466573,
          1.488029
        ],
        [
          0.0,
          0.0,
          0.0,
          1.0
        ]
      ]
    },
    {
      "file_path": "/media/NFS/ttao/scannet/posed_images/scene0259_00/00005.jpg",
      "transform_matrix": [
        [
          0.614229,
          -0.372014,
          0.695937,
          2.745027
        ],
        [
          -0.785976,
          -0.209667,
          0.581619,
          6.173807
        ],
        [
          -0.070456,
          -0.904237,
          -0.421178,
          1.506225
        ],
        [
          0.0,
          0.0,
          0.0,
          1.0
        ]
      ]
    },
    {
      "file_path": "/media/NFS/ttao/scannet/posed_images/scene0259_00/00006.jpg",
      "transform_matrix": [
        [
          0.614011,
          -0.370497,
          0.696938,
          2.745657
        ],
        [
          -0.786386,
          -0.211376,
          0.580446,
          6.17321
        ],
        [
          -0.067737,
          -0.904462,
          -0.421141,
          1.505044
        ],
        [
          0.0,
          0.0,
          0.0,
          1.0
        ]
      ]
    },
    {
      "file_path": "/media/NFS/ttao/scannet/posed_images/scene0259_00/00011.jpg",
      "transform_matrix": [
        [
          0.592344,
          -0.376862,
          0.712112,
          2.730182
        ],
        [
          -0.803951,
          -0.218524,
          0.553091,
          6.196105
        ],
        [
          -0.052826,
          -0.900124,
          -0.43242,
          1.492547
        ],
        [
          0.0,
          0.0,
          0.0,
          1.0
        ]
      ]
    },
    {
      "file_path": "/media/NFS/ttao/scannet/posed_images/scene0259_00/00015.jpg",
      "transform_matrix": [
        [
          0.584831,
          -0.390535,
          0.710953,
          2.734063
        ],
        [
          -0.80943,
          -0.223842,
          0.542879,
          6.197429
        ],
        [
          -0.052872,
          -0.89296,
          -0.447021,
          1.490128
        ],
        [
          0.0,
          0.0,
          0.0,
          1.0
        ]
      ]
    },
    {
      "file_path": "/media/NFS/ttao/scannet/posed_images/scene0259_00/00019.jpg",
      "transform_matrix": [
        [
          0.574883,
          -0.401768,
          0.712806,
          2.734882
        ],
        [
          -0.816507,
          -0.225089,
          0.531649,
          6.197932
        ],
        [
          -0.053154,
          -0.887647,
          -0.457446,
          1.48716
        ],
        [
          0.0,
          0.0,
          0.0,
          1.0
        ]
      ]
    },
    {
      "file_path": "/media/NFS/ttao/scannet/posed_images/scene0259_00/00020.jpg",
      "transform_matrix": [
        [
          0.570994,
          -0.406405,
          0.713303,
          2.735974
        ],
        [
          -0.819183,
          -0.225005,
          0.527554,
          6.198959
        ],
        [
          -0.053904,
          -0.885555,
          -0.461396,
          1.488219
        ],
        [
          0.0,
          0.0,
          0.0,
          1.0
        ]
      ]
    },
    {
      "file_path": "/media/NFS/ttao/scannet/posed_images/scene0259_00/00024.jpg",
      "transform_matrix": [
        [
          0.554613,
          -0.413916,
          0.721857,
          2.736907
        ],
        [
          -0.830702,
          -0.224997,
          0.509226,
          6.197032
        ],
        [
          -0.048361,
          -0.882071,
          -0.468627,
          1.48456
        ],
        [
          0.0,
          0.0,
          0.0,
          1.0
        ]
      ]
    },
    {
      "file_path": "/media/NFS/ttao/scannet/posed_images/scene0259_00/00029.jpg",
      "transform_matrix": [
        [
          0.517992,
          -0.436941,
          0.735368,
          2.742949
        ],
        [
          -0.854586,
          -0.227197,
          0.466973,
          6.18996
        ],
        [
          -0.036966,
          -0.870324,
          -0.49109,
          1.477218
        ],
        [
          0.0,
          0.0,
          0.0,
          1.0
        ]
      ]
    },
    {
      "file_path": "/media/NFS/ttao/scannet/posed_images/scene0259_00/00033.jpg",
      "transform_matrix": [
        [
          0.477103,
          -0.476806,
          0.73826,
          2.753404
        ],
        [
          -0.878072,
          -0.223332,
          0.423218,
          6.174541
        ],
        [
          -0.036916,
          -0.850164,
          -0.525222,
          1.465795
        ],
        [
          0.0,
          0.0,
          0.0,
          1.0
        ]
      ]
    },
    {
      "file_path": "/media/NFS/ttao/scannet/posed_images/scene0259_00/00034.jpg",
      "transform_matrix": [
        [
          0.476464,
          -0.48777,
          0.73148,
          2.766439
        ],
        [
          -0.878102,
          -0.222564,
          0.423558,
          6.149776
        ],
        [
          -0.043798,
          -0.844124,
          -0.534356,
          1.460702
        ],
        [
          0.0,
          0.0,
          0.0,
          1.0
        ]
      ]
    },
    {
      "file_path": "/media/NFS/ttao/scannet/posed_images/scene0259_00/00037.jpg",
      "transform_matrix": [
        [
          0.441501,
          -0.518811,
          0.73206,
          2.777478
        ],
        [
          -0.896267,
          -0.216612,
          0.38702,
          6.136471
        ],
        [
          -0.042217,
          -0.826991,
          -0.560628,
          1.450827
        ],
        [
          0.0,
          0.0,
          0.0,
          1.0
        ]
      ]
    },
    {
      "file_path": "/media/NFS/ttao/scannet/posed_images/scene0259_00/00043.jpg",
      "transform_matrix": [
        [
          0.348619,
          -0.527432,
          0.774778,
          2.787772
        ],
        [
          -0.936809,
          -0.170309,
          0.305588,
          6.116778
        ],
        [
          -0.029225,
          -0.832352,
          -0.553476,
          1.433843
        ],
        [
          0.0,
          0.0,
          0.0,
          1.0
        ]
      ]
    },
    {
      "file_path": "/media/NFS/ttao/scannet/posed_images/scene0259_00/00047.jpg",
      "transform_matrix": [
        [
          0.285681,
          -0.533428,
          0.796141,
          2.812365
        ],
        [
          -0.958255,
          -0.14895,
          0.244053,
          6.100087
        ],
        [
          -0.011599,
          -0.832627,
          -0.553712,
          1.428875
        ],
        [
          0.0,
          0.0,
          0.0,
          1.0
        ]
      ]
    },
    {
      "file_path": "/media/NFS/ttao/scannet/posed_images/scene0259_00/00048.jpg",
      "transform_matrix": [
        [
          0.267765,
          -0.536295,
          0.800431,
          2.821152
        ],
        [
          -0.963441,
          -0.141125,
          0.227741,
          6.094666
        ],
        [
          -0.009176,
          -0.832149,
          -0.554476,
          1.429461
        ],
        [
          0.0,
          0.0,
          0.0,
          1.0
        ]
      ]
    },
    {
      "file_path": "/media/NFS/ttao/scannet/posed_images/scene0259_00/00051.jpg",
      "transform_matrix": [
        [
          0.189663,
          -0.545,
          0.816703,
          2.829988
        ],
        [
          -0.981808,
          -0.097649,
          0.162843,
          6.100666
        ],
        [
          -0.008999,
          -0.83273,
          -0.553606,
          1.42472
        ],
        [
          0.0,
          0.0,
          0.0,
          1.0
        ]
      ]
    },
    {
      "file_path": "/media/NFS/ttao/scannet/posed_images/scene0259_00/00057.jpg",
      "transform_matrix": [
        [
          0.074614,
          -0.548525,
          0.832798,
          2.888764
        ],
        [
          -0.997194,
          -0.035986,
          0.065641,
          6.053333
        ],
        [
          -0.006036,
          -0.835359,
          -0.549671,
          1.423763
        ],
        [
          0.0,
          0.0,
          0.0,
          1.0
        ]
      ]
    },
    {
      "file_path": "/media/NFS/ttao/scannet/posed_images/scene0259_00/00058.jpg",
      "transform_matrix": [
        [
          0.053497,
          -0.550357,
          0.833214,
          2.900489
        ],
        [
          -0.998529,
          -0.022141,
          0.049487,
          6.046919
        ],
        [
          -0.008788,
          -0.834636,
          -0.550732,
          1.42416
        ],
        [
          0.0,
          0.0,
          0.0,
          1.0
        ]
      ]
    },
    {
      "file_path": "/media/NFS/ttao/scannet/posed_images/scene0259_00/00064.jpg",
      "transform_matrix": [
        [
          -0.0921,
          -0.550399,
          0.829806,
          2.973002
        ],
        [
          -0.995165,
          0.079428,
          -0.05777,
          6.01796
        ],
        [
          -0.034114,
          -0.831115,
          -0.555053,
          1.439134
        ],
        [
          0.0,
          0.0,
          0.0,
          1.0
        ]
      ]
    },
    {
      "file_path": "/media/NFS/ttao/scannet/posed_images/scene0259_00/00065.jpg",
      "transform_matrix": [
        [
          -0.105959,
          -0.54961,
          0.828674,
          2.985524
        ],
        [
          -0.993784,
          0.087152,
          -0.069268,
          6.006439
        ],
        [
          -0.03415,
          -0.830863,
          -0.555428,
          1.440153
        ],
        [
          0.0,
          0.0,
          0.0,
          1.0
        ]
      ]
    },
    {
      "file_path": "/media/NFS/ttao/scannet/posed_images/scene0259_00/00068.jpg",
      "transform_matrix": [
        [
          -0.145748,
          -0.546811,
          0.824473,
          3.019033
        ],
        [
          -0.98895,
          0.103363,
          -0.10627,
          5.977622
        ],
        [
          -0.027111,
          -0.830851,
          -0.555834,
          1.438401
        ],
        [
          0.0,
          0.0,
          0.0,
          1.0
        ]
      ]
    },
    {
      "file_path": "/media/NFS/ttao/scannet/posed_images/scene0259_00/00075.jpg",
      "transform_matrix": [
        [
          -0.260995,
          -0.495802,
          0.828288,
          3.088695
        ],
        [
          -0.965109,
          0.152781,
          -0.212656,
          5.953866
        ],
        [
          -0.021111,
          -0.854891,
          -0.518378,
          1.435332
        ],
        [
          0.0,
          0.0,
          0.0,
          1.0
        ]
      ]
    },
    {
      "file_path": "/media/NFS/ttao/scannet/posed_images/scene0259_00/00076.jpg",
      "transform_matrix": [
        [
          -0.266972,
          -0.489911,
          0.829887,
          3.095702
        ],
        [
          -0.963447,
          0.155596,
          -0.218084,
          5.943774
        ],
        [
          -0.022285,
          -0.857774,
          -0.513543,
          1.435956
        ],
        [
          0.0,
          0.0,
          0.0,
          1.0
        ]
      ]
    },
    {
      "file_path": "/media/NFS/ttao/scannet/posed_images/scene0259_00/00081.jpg",
      "transform_matrix": [
        [
          -0.318346,
          -0.438333,
          0.840548,
          3.108118
        ],
        [
          -0.947886,
          0.159287,
          -0.275933,
          5.93934
        ],
        [
          -0.012938,
          -0.884586,
          -0.466198,
          1.415803
        ],
        [
          0.0,
          0.0,
          0.0,
          1.0
        ]
      ]
    },
    {
      "file_path": "/media/NFS/ttao/scannet/posed_images/scene0259_00/00085.jpg",
      "transform_matrix": [
        [
          -0.351419,
          -0.405918,
          0.843644,
          3.126046
        ],
        [
          -0.936103,
          0.166483,
          -0.30983,
          5.904342
        ],
        [
          -0.014687,
          -0.898618,
          -0.438486,
          1.422825
        ],
        [
          0.0,
          0.0,
          0.0,
          1.0
        ]
      ]
    },
    {
      "file_path": "/media/NFS/ttao/scannet/posed_images/scene0259_00/00087.jpg",
      "transform_matrix": [
        [
          -0.382126,
          -0.372259,
          0.845815,
          3.139203
        ],
        [
          -0.923578,
          0.184898,
          -0.335881,
          5.877273
        ],
        [
          -0.031355,
          -0.909525,
          -0.414465,
          1.435299
        ],
        [
          0.0,
          0.0,
          0.0,
          1.0
        ]
      ]
    },
    {
      "file_path": "/media/NFS/ttao/scannet/posed_images/scene0259_00/00091.jpg",
      "transform_matrix": [
        [
          -0.429472,
          -0.319646,
          0.844619,
          3.146646
        ],
        [
          -0.90174,
          0.202716,
          -0.3818,
          5.846787
        ],
        [
          -0.049177,
          -0.925599,
          -0.375298,
          1.440477
        ],
        [
          0.0,
          0.0,
          0.0,
          1.0
        ]
      ]
    },
    {
      "file_path": "/media/NFS/ttao/scannet/posed_images/scene0259_00/00095.jpg",
      "transform_matrix": [
        [
          -0.485981,
          -0.284026,
          0.82653,
          3.163567
        ],
        [
          -0.871991,
          0.221182,
          -0.436704,
          5.81712
        ],
        [
          -0.058778,
          -0.932957,
          -0.355158,
          1.449703
        ],
        [
          0.0,
          0.0,
          0.0,
          1.0
        ]
      ]
    },
    {
      "file_path": "/media/NFS/ttao/scannet/posed_images/scene0259_00/00097.jpg",
      "transform_matrix": [
        [
          -0.516987,
          -0.267128,
          0.813245,
          3.173125
        ],
        [
          -0.853685,
          0.23063,
          -0.46694,
          5.808437
        ],
        [
          -0.062826,
          -0.935656,
          -0.347276,
          1.456405
        ],
        [
          0.0,
          0.0,
          0.0,
          1.0
        ]
      ]
    },
    {
      "file_path": "/media/NFS/ttao/scannet/posed_images/scene0259_00/00100.jpg",
      "transform_matrix": [
        [
          -0.559437,
          -0.247852,
          0.790949,
          3.19321
        ],
        [
          -0.826156,
          0.243934,
          -0.507899,
          5.788861
        ],
        [
          -0.067055,
          -0.937585,
          -0.34123,
          1.478567
        ],
        [
          0.0,
          0.0,
          0.0,
          1.0
        ]
      ]
    },
    {
      "file_path": "/media/NFS/ttao/scannet/posed_images/scene0259_00/00103.jpg",
      "transform_matrix": [
        [
          -0.595616,
          -0.221681,
          0.772075,
          3.201024
        ],
        [
          -0.800004,
          0.250285,
          -0.545299,
          5.783127
        ],
        [
          -0.072357,
          -0.942452,
          -0.326419,
          1.472154
        ],
        [
          0.0,
          0.0,
          0.0,
          1.0
        ]
      ]
    },
    {
      "file_path": "/media/NFS/ttao/scannet/posed_images/scene0259_00/00107.jpg",
      "transform_matrix": [
        [
          -0.646382,
          -0.20511,
          0.734929,
          3.228182
        ],
        [
          -0.759349,
          0.267214,
          -0.593284,
          5.786589
        ],
        [
          -0.074695,
          -0.941556,
          -0.328472,
          1.478119
        ],
        [
          0.0,
          0.0,
          0.0,
          1.0
        ]
      ]
    },
    {
      "file_path": "/media/NFS/ttao/scannet/posed_images/scene0259_00/00110.jpg",
      "transform_matrix": [
        [
          -0.677427,
          -0.20654,
          0.705999,
          3.25879
        ],
        [
          -0.733533,
          0.261399,
          -0.627375,
          5.800883
        ],
        [
          -0.054969,
          -0.942874,
          -0.328583,
          1.493451
        ],
        [
          0.0,
          0.0,
          0.0,
          1.0
        ]
      ]
    },
    {
      "file_path": "/media/NFS/ttao/scannet/posed_images/scene0259_00/00114.jpg",
      "transform_matrix": [
        [
          -0.719773,
          -0.177524,
          0.671127,
          3.286912
        ],
        [
          -0.691734,
          0.26497,
          -0.671785,
          5.814032
        ],
        [
          -0.058571,
          -0.947774,
          -0.313518,
          1.488405
        ],
        [
          0.0,
          0.0,
          0.0,
          1.0
        ]
      ]
    },
    {
      "file_path": "/media/NFS/ttao/scannet/posed_images/scene0259_00/00117.jpg",
      "transform_matrix": [
        [
          -0.74837,
          -0.160221,
          0.64364,
          3.307018
        ],
        [
          -0.659823,
          0.278807,
          -0.697783,
          5.819998
        ],
        [
          -0.067652,
          -0.946887,
          -0.314368,
          1.492169
        ],
        [
          0.0,
          0.0,
          0.0,
          1.0
        ]
      ]
    },
    {
      "file_path": "/media/NFS/ttao/scannet/posed_images/scene0259_00/00122.jpg",
      "transform_matrix": [
        [
          -0.806757,
          -0.141759,
          0.573626,
          3.349418
        ],
        [
          -0.583651,
          0.342605,
          -0.736189,
          5.834793
        ],
        [
          -0.092166,
          -0.928723,
          -0.359137,
          1.503373
        ],
        [
          0.0,
          0.0,
          0.0,
          1.0
        ]
      ]
    },
    {
      "file_path": "/media/NFS/ttao/scannet/posed_images/scene0259_00/00125.jpg",
      "transform_matrix": [
        [
          -0.841026,
          -0.131029,
          0.524888,
          3.370852
        ],
        [
          -0.533153,
          0.365344,
          -0.763067,
          5.826975
        ],
        [
          -0.091781,
          -0.921605,
          -0.377122,
          1.496393
        ],
        [
          0.0,
          0.0,
          0.0,
          1.0
        ]
      ]
    },
    {
      "file_path": "/media/NFS/ttao/scannet/posed_images/scene0259_00/00128.jpg",
      "transform_matrix": [
        [
          -0.871527,
          -0.131214,
          0.472465,
          3.382649
        ],
        [
          -0.484576,
          0.377863,
          -0.788927,
          5.818255
        ],
        [
          -0.075009,
          -0.916517,
          -0.392901,
          1.492678
        ],
        [
          0.0,
          0.0,
          0.0,
          1.0
        ]
      ]
    },
    {
      "file_path": "/media/NFS/ttao/scannet/posed_images/scene0259_00/00131.jpg",
      "transform_matrix": [
        [
          -0.90087,
          -0.111671,
          0.41948,
          3.414144
        ],
        [
          -0.428455,
          0.383941,
          -0.817934,
          5.803351
        ],
        [
          -0.069716,
          -0.91658,
          -0.393727,
          1.491074
        ],
        [
          0.0,
          0.0,
          0.0,
          1.0
        ]
      ]
    },
    {
      "file_path": "/media/NFS/ttao/scannet/posed_images/scene0259_00/00137.jpg",
      "transform_matrix": [
        [
          -0.936364,
          -0.062383,
          0.345442,
          3.44658
        ],
        [
          -0.343484,
          0.365773,
          -0.865002,
          5.74454
        ],
        [
          -0.072392,
          -0.928611,
          -0.363924,
          1.490677
        ],
        [
          0.0,
          0.0,
          0.0,
          1.0
        ]
      ]
    },
    {
      "file_path": "/media/NFS/ttao/scannet/posed_images/scene0259_00/00138.jpg",
      "transform_matrix": [
        [
          -0.940662,
          -0.052476,
          0.335263,
          3.452539
        ],
        [
          -0.33021,
          0.369236,
          -0.868692,
          5.732875
        ],
        [
          -0.078206,
          -0.927853,
          -0.364655,
          1.490558
        ],
        [
          0.0,
          0.0,
          0.0,
          1.0
        ]
      ]
    },
    {
      "file_path": "/media/NFS/ttao/scannet/posed_images/scene0259_00/00141.jpg",
      "transform_matrix": [
        [
          -0.951658,
          -0.008663,
          0.307039,
          3.45992
        ],
        [
          -0.286857,
          0.382468,
          -0.878312,
          5.699715
        ],
        [
          -0.109824,
          -0.923928,
          -0.366464,
          1.481979
        ],
        [
          0.0,
          0.0,
          0.0,
          1.0
        ]
      ]
    },
    {
      "file_path": "/media/NFS/ttao/scannet/posed_images/scene0259_00/00146.jpg",
      "transform_matrix": [
        [
          -0.969039,
          0.03874,
          0.243849,
          3.484352
        ],
        [
          -0.210892,
          0.383744,
          -0.899036,
          5.638324
        ],
        [
          -0.128404,
          -0.922627,
          -0.363692,
          1.489548
        ],
        [
          0.0,
          0.0,
          0.0,
          1.0
        ]
      ]
    },
    {
      "file_path": "/media/NFS/ttao/scannet/posed_images/scene0259_00/00150.jpg",
      "transform_matrix": [
        [
          -0.981275,
          0.0555,
          0.184445,
          3.487168
        ],
        [
          -0.1463,
          0.408101,
          -0.901138,
          5.603455
        ],
        [
          -0.125285,
          -0.911248,
          -0.39234,
          1.50742
        ],
        [
          0.0,
          0.0,
          0.0,
          1.0
        ]
      ]
    },
    {
      "file_path": "/media/NFS/ttao/scannet/posed_images/scene0259_00/00153.jpg",
      "transform_matrix": [
        [
          -0.990213,
          0.0699,
          0.120801,
          3.466028
        ],
        [
          -0.083428,
          0.397426,
          -0.913834,
          5.574282
        ],
        [
          -0.111886,
          -0.914968,
          -0.387704,
          1.497294
        ],
        [
          0.0,
          0.0,
          0.0,
          1.0
        ]
      ]
    },
    {
      "file_path": "/media/NFS/ttao/scannet/posed_images/scene0259_00/00158.jpg",
      "transform_matrix": [
        [
          -0.994793,
          0.101369,
          0.010598,
          3.445518
        ],
        [
          0.03178,
          0.4073,
          -0.912742,
          5.583928
        ],
        [
          -0.09684,
          -0.907652,
          -0.4084,
          1.480953
        ],
        [
          0.0,
          0.0,
          0.0,
          1.0
        ]
      ]
    },
    {
      "file_path": "/media/NFS/ttao/scannet/posed_images/scene0259_00/00160.jpg",
      "transform_matrix": [
        [
          -0.991861,
          0.120117,
          -0.042234,
          3.486268
        ],
        [
          0.086886,
          0.396052,
          -0.914108,
          5.592906
        ],
        [
          -0.093073,
          -0.910338,
          -0.403265,
          1.476568
        ],
        [
          0.0,
          0.0,
          0.0,
          1.0
        ]
      ]
    },
    {
      "file_path": "/media/NFS/ttao/scannet/posed_images/scene0259_00/00162.jpg",
      "transform_matrix": [
        [
          -0.987087,
          0.139784,
          -0.078229,
          3.498814
        ],
        [
          0.129023,
          0.404373,
          -0.905448,
          5.601343
        ],
        [
          -0.094934,
          -0.903849,
          -0.417186,
          1.490939
        ],
        [
          0.0,
          0.0,
          0.0,
          1.0
        ]
      ]
    },
    {
      "file_path": "/media/NFS/ttao/scannet/posed_images/scene0259_00/00168.jpg",
      "transform_matrix": [
        [
          -0.974188,
          0.172486,
          -0.145627,
          3.484134
        ],
        [
          0.204067,
          0.397086,
          -0.894807,
          5.629586
        ],
        [
          -0.096516,
          -0.901428,
          -0.422035,
          1.491949
        ],
        [
          0.0,
          0.0,
          0.0,
          1.0
        ]
      ]
    },
    {
      "file_path": "/media/NFS/ttao/scannet/posed_images/scene0259_00/00169.jpg",
      "transform_matrix": [
        [
          -0.970768,
          0.177079,
          -0.162029,
          3.484107
        ],
        [
          0.220846,
          0.394582,
          -0.891926,
          5.627591
        ],
        [
          -0.094007,
          -0.901636,
          -0.422155,
          1.493091
        ],
        [
          0.0,
          0.0,
          0.0,
          1.0
        ]
      ]
    },
    {
      "file_path": "/media/NFS/ttao/scannet/posed_images/scene0259_00/00174.jpg",
      "transform_matrix": [
        [
          -0.946781,
          0.216781,
          -0.237932,
          3.453468
        ],
        [
          0.306159,
          0.378323,
          -0.873578,
          5.660714
        ],
        [
          -0.09936,
          -0.899932,
          -0.424558,
          1.480148
        ],
        [
          0.0,
          0.0,
          0.0,
          1.0
        ]
      ]
    },
    {
      "file_path": "/media/NFS/ttao/scannet/posed_images/scene0259_00/00175.jpg",
      "transform_matrix": [
        [
          -0.941889,
          0.224706,
          -0.249706,
          3.442307
        ],
        [
          0.320117,
          0.375048,
          -0.869979,
          5.673116
        ],
        [
          -0.101838,
          -0.899359,
          -0.425186,
          1.479494
        ],
        [
          0.0,
          0.0,
          0.0,
          1.0
        ]
      ]
    },
    {
      "file_path": "/media/NFS/ttao/scannet/posed_images/scene0259_00/00179.jpg",
      "transform_matrix": [
        [
          -0.914979,
          0.250269,
          -0.316511,
          3.439975
        ],
        [
          0.391739,
          0.362945,
          -0.845466,
          5.681491
        ],
        [
          -0.096718,
          -0.897573,
          -0.430127,
          1.474882
        ],
        [
          0.0,
          0.0,
          0.0,
          1.0
        ]
      ]
    },
    {
      "file_path": "/media/NFS/ttao/scannet/posed_images/scene0259_00/00183.jpg",
      "transform_matrix": [
        [
          -0.897334,
          0.26349,
          -0.354069,
          3.375124
        ],
        [
          0.431348,
          0.35373,
          -0.829948,
          5.742208
        ],
        [
          -0.093439,
          -0.897468,
          -0.43107,
          1.452211
        ],
        [
          0.0,
          0.0,
          0.0,
          1.0
        ]
      ]
    },
    {
      "file_path": "/media/NFS/ttao/scannet/posed_images/scene0259_00/00186.jpg",
      "transform_matrix": [
        [
          -0.876065,
          0.276902,
          -0.394761,
          3.360579
        ],
        [
          0.474582,
          0.350251,
          -0.807525,
          5.748461
        ],
        [
          -0.085339,
          -0.89479,
          -0.438255,
          1.44981
        ],
        [
          0.0,
          0.0,
          0.0,
          1.0
        ]
      ]
    },
    {
      "file_path": "/media/NFS/ttao/scannet/posed_images/scene0259_00/00190.jpg",
      "transform_matrix": [
        [
          -0.842001,
          0.311928,
          -0.440153,
          3.340708
        ],
        [
          0.531444,
          0.339341,
          -0.776154,
          5.747933
        ],
        [
          -0.092743,
          -0.887439,
          -0.451498,
          1.465038
        ],
        [
          0.0,
          0.0,
          0.0,
          1.0
        ]
      ]
    },
    {
      "file_path": "/media/NFS/ttao/scannet/posed_images/scene0259_00/00194.jpg",
      "transform_matrix": [
        [
          -0.808245,
          0.328698,
          -0.488567,
          3.319508
        ],
        [
          0.582179,
          0.321552,
          -0.746775,
          5.752307
        ],
        [
          -0.088364,
          -0.88801,
          -0.451253,
          1.459344
        ],
        [
          0.0,
          0.0,
          0.0,
          1.0
        ]
      ]
    },
    {
      "file_path": "/media/NFS/ttao/scannet/posed_images/scene0259_00/00199.jpg",
      "transform_matrix": [
        [
          -0.766429,
          0.35676,
          -0.534144,
          3.286213
        ],
        [
          0.636591,
          0.31098,
          -0.705722,
          5.748213
        ],
        [
          -0.085665,
          -0.880917,
          -0.465454,
          1.456519
        ],
        [
          0.0,
          0.0,
          0.0,
          1.0
        ]
      ]
    },
    {
      "file_path": "/media/NFS/ttao/scannet/posed_images/scene0259_00/00200.jpg",
      "transform_matrix": [
        [
          -0.755417,
          0.363754,
          -0.545003,
          3.284808
        ],
        [
          0.649811,
          0.308993,
          -0.694456,
          5.738803
        ],
        [
          -0.084209,
          -0.878753,
          -0.46979,
          1.458843
        ],
        [
          0.0,
          0.0,
          0.0,
          1.0
        ]
      ]
    },
    {
      "file_path": "/media/NFS/ttao/scannet/posed_images/scene0259_00/00203.jpg",
      "transform_matrix": [
        [
          -0.725543,
          0.388201,
          -0.568232,
          3.272741
        ],
        [
          0.681857,
          0.293872,
          -0.669858,
          5.724573
        ],
        [
          -0.093052,
          -0.873464,
          -0.477914,
          1.458234
        ],
        [
          0.0,
          0.0,
          0.0,
          1.0
        ]
      ]
    },
    {
      "file_path": "/media/NFS/ttao/scannet/posed_images/scene0259_00/00209.jpg",
      "transform_matrix": [
        [
          -0.667623,
          0.422125,
          -0.613262,
          3.221903
        ],
        [
          0.737224,
          0.259959,
          -0.623636,
          5.699141
        ],
        [
          -0.103829,
          -0.868465,
          -0.484755,
          1.465649
        ],
        [
          0.0,
          0.0,
          0.0,
          1.0
        ]
      ]
    },
    {
      "file_path": "/media/NFS/ttao/scannet/posed_images/scene0259_00/00213.jpg",
      "transform_matrix": [
        [
          -0.639085,
          0.431564,
          -0.636649,
          3.180103
        ],
        [
          0.76192,
          0.242109,
          -0.600717,
          5.677689
        ],
        [
          -0.10511,
          -0.868986,
          -0.483546,
          1.470182
        ],
        [
          0.0,
          0.0,
          0.0,
          1.0
        ]
      ]
    },
    {
      "file_path": "/media/NFS/ttao/scannet/posed_images/scene0259_00/00215.jpg",
      "transform_matrix": [
        [
          -0.624353,
          0.426597,
          -0.654369,
          3.157349
        ],
        [
          0.774285,
          0.22722,
          -0.590638,
          5.669559
        ],
        [
          -0.103279,
          -0.875435,
          -0.472174,
          1.470918
        ],
        [
          0.0,
          0.0,
          0.0,
          1.0
        ]
      ]
    },
    {
      "file_path": "/media/NFS/ttao/scannet/posed_images/scene0259_00/00217.jpg",
      "transform_matrix": [
        [
          -0.607826,
          0.426148,
          -0.670034,
          3.144413
        ],
        [
          0.786823,
          0.209475,
          -0.580543,
          5.655167
        ],
        [
          -0.107042,
          -0.880067,
          -0.462627,
          1.471534
        ],
        [
          0.0,
          0.0,
          0.0,
          1.0
        ]
      ]
    },
    {
      "file_path": "/media/NFS/ttao/scannet/posed_images/scene0259_00/00223.jpg",
      "transform_matrix": [
        [
          -0.572788,
          0.424341,
          -0.701319,
          3.08841
        ],
        [
          0.811762,
          0.17484,
          -0.557201,
          5.614104
        ],
        [
          -0.113824,
          -0.888463,
          -0.44461,
          1.476341
        ],
        [
          0.0,
          0.0,
          0.0,
          1.0
        ]
      ]
    },
    {
      "file_path": "/media/NFS/ttao/scannet/posed_images/scene0259_00/00226.jpg",
      "transform_matrix": [
        [
          -0.560158,
          0.417026,
          -0.71576,
          3.052994
        ],
        [
          0.821644,
          0.169688,
          -0.544158,
          5.598389
        ],
        [
          -0.105472,
          -0.892914,
          -0.437699,
          1.474523
        ],
        [
          0.0,
          0.0,
          0.0,
          1.0
        ]
      ]
    },
    {
      "file_path": "/media/NFS/ttao/scannet/posed_images/scene0259_00/00230.jpg",
      "transform_matrix": [
        [
          -0.541166,
          0.415519,
          -0.731084,
          3.008192
        ],
        [
          0.835645,
          0.168541,
          -0.522773,
          5.572406
        ],
        [
          -0.094004,
          -0.893833,
          -0.438435,
          1.472968
        ],
        [
          0.0,
          0.0,
          0.0,
          1.0
        ]
      ]
    },
    {
      "file_path": "/media/NFS/ttao/scannet/posed_images/scene0259_00/00233.jpg",
      "transform_matrix": [
        [
          -0.522232,
          0.420386,
          -0.74199,
          2.978754
        ],
        [
          0.848128,
          0.165036,
          -0.503431,
          5.547136
        ],
        [
          -0.08918,
          -0.89221,
          -0.442728,
          1.467916
        ],
        [
          0.0,
          0.0,
          0.0,
          1.0
        ]
      ]
    },
    {
      "file_path": "/media/NFS/ttao/scannet/posed_images/scene0259_00/00234.jpg",
      "transform_matrix": [
        [
          -0.512465,
          0.423606,
          -0.746953,
          2.969578
        ],
        [
          0.854351,
          0.164002,
          -0.493141,
          5.537157
        ],
        [
          -0.086396,
          -0.890877,
          -0.445953,
          1.466297
        ],
        [
          0.0,
          0.0,
          0.0,
          1.0
        ]
      ]
    },
    {
      "file_path": "/media/NFS/ttao/scannet/posed_images/scene0259_00/00237.jpg",
      "transform_matrix": [
        [
          -0.48579,
          0.43979,
          -0.755377,
          2.957824
        ],
        [
          0.869345,
          0.153304,
          -0.469828,
          5.504476
        ],
        [
          -0.090823,
          -0.88492,
          -0.456802,
          1.461077
        ],
        [
          0.0,
          0.0,
          0.0,
          1.0
        ]
      ]
    },
    {
      "file_path": "/media/NFS/ttao/scannet/posed_images/scene0259_00/00244.jpg",
      "transform_matrix": [
        [
          -0.432506,
          0.45462,
          -0.778627,
          2.935647
        ],
        [
          0.897114,
          0.130652,
          -0.422039,
          5.399579
        ],
        [
          -0.090138,
          -0.881051,
          -0.464353,
          1.4517
        ],
        [
          0.0,
          0.0,
          0.0,
          1.0
        ]
      ]
    },
    {
      "file_path": "/media/NFS/ttao/scannet/posed_images/scene0259_00/00246.jpg",
      "transform_matrix": [
        [
          -0.414461,
          0.458345,
          -0.78622,
          2.932094
        ],
        [
          0.904955,
          0.116128,
          -0.409354,
          5.363045
        ],
        [
          -0.096323,
          -0.881155,
          -0.462912,
          1.456391
        ],
        [
          0.0,
          0.0,
          0.0,
          1.0
        ]
      ]
    },
    {
      "file_path": "/media/NFS/ttao/scannet/posed_images/scene0259_00/00250.jpg",
      "transform_matrix": [
        [
          -0.353889,
          0.43597,
          -0.827462,
          2.92664
        ],
        [
          0.930954,
          0.079124,
          -0.356462,
          5.286014
        ],
        [
          -0.089935,
          -0.896476,
          -0.433869,
          1.458112
        ],
        [
          0.0,
          0.0,
          0.0,
          1.0
        ]
      ]
    },
    {
      "file_path": "/media/NFS/ttao/scannet/posed_images/scene0259_00/00254.jpg",
      "transform_matrix": [
        [
          -0.282152,
          0.463124,
          -0.840182,
          2.908646
        ],
        [
          0.955732,
          0.059491,
          -0.288164,
          5.209003
        ],
        [
          -0.083472,
          -0.884295,
          -0.459408,
          1.475828
        ],
        [
          0.0,
          0.0,
          0.0,
          1.0
        ]
      ]
    },
    {
      "file_path": "/media/NFS/ttao/scannet/posed_images/scene0259_00/00257.jpg",
      "transform_matrix": [
        [
          -0.229422,
          0.438231,
          -0.869091,
          2.893332
        ],
        [
          0.971762,
          0.052516,
          -0.230045,
          5.167685
        ],
        [
          -0.055172,
          -0.897327,
          -0.437905,
          1.469088
        ],
        [
          0.0,
          0.0,
          0.0,
          1.0
        ]
      ]
    },
    {
      "file_path": "/media/NFS/ttao/scannet/posed_images/scene0259_00/00261.jpg",
      "transform_matrix": [
        [
          -0.157415,
          0.427512,
          -0.890199,
          2.867768
        ],
        [
          0.98711,
          0.041759,
          -0.154498,
          5.129174
        ],
        [
          -0.028876,
          -0.903045,
          -0.428575,
          1.466701
        ],
        [
          0.0,
          0.0,
          0.0,
          1.0
        ]
      ]
    },
    {
      "file_path": "/media/NFS/ttao/scannet/posed_images/scene0259_00/00262.jpg",
      "transform_matrix": [
        [
          -0.134136,
          0.420154,
          -0.897484,
          2.862873
        ],
        [
          0.990592,
          0.032063,
          -0.133042,
          5.118205
        ],
        [
          -0.027122,
          -0.906886,
          -0.420502,
          1.458318
        ],
        [
          0.0,
          0.0,
          0.0,
          1.0
        ]
      ]
    },
    {
      "file_path": "/media/NFS/ttao/scannet/posed_images/scene0259_00/00265.jpg",
      "transform_matrix": [
        [
          -0.071217,
          0.421951,
          -0.903817,
          2.841915
        ],
        [
          0.996567,
          -0.008247,
          -0.082376,
          5.066323
        ],
