{
  "frames": [
    {
      "file_path": "/media/NFS/ttao/scannet/posed_images/scene0687_00/00000.jpg",
      "transform_matrix": [
        [
          -0.886491,
          -0.278104,
          0.369854,
          3.105915
        ],
        [
          -0.462719,
          0.541329,
          -0.702035,
          3.075335
        ],
        [
          -0.004974,
          -0.793487,
          -0.608567,
          1.469444
        ],
        [
          0.0,
          0.0,
          0.0,
          1.0
        ]
      ]
    },
    {
      "file_path": "/media/NFS/ttao/scannet/posed_images/scene0687_00/00004.jpg",
      "transform_matrix": [
        [
          -0.882536,
          -0.287648,
          0.372007,
          3.110355
        ],
        [
          -0.470229,
          0.546385,
          -0.693072,
          3.070901
        ],
        [
          -0.003898,
          -0.786589,
          -0.617465,
          1.466688
        ],
        [
          0.0,
          0.0,
          0.0,
          1.0
        ]
      ]
    },
    {
      "file_path": "/media/NFS/ttao/scannet/posed_images/scene0687_00/00009.jpg",
      "transform_matrix": [
        [
          -0.874978,
          -0.30181,
          0.378581,
          3.117493
        ],
        [
          -0.484131,
          0.536557,
          -0.691175,
          3.060816
        ],
        [
          0.005474,
          -0.788046,
          -0.615592,
          1.460086
        ],
        [
          0.0,
          0.0,
          0.0,
          1.0
        ]
      ]
    },
    {
      "file_path": "/media/NFS/ttao/scannet/posed_images/scene0687_00/00010.jpg",
      "transform_matrix": [
        [
          -0.87393,
          -0.29822,
          0.38381,
          3.113981
        ],
        [
          -0.486043,
          0.531652,
          -0.69362,
          3.060215
        ],
        [
          0.002798,
          -0.792724,
          -0.609574,
          1.446097
        ],
        [
          0.0,
          0.0,
          0.0,
          1.0
        ]
      ]
    },
    {
      "file_path": "/media/NFS/ttao/scannet/posed_images/scene0687_00/00014.jpg",
      "transform_matrix": [
        [
          -0.869073,
          -0.287158,
          0.402807,
          3.120305
        ],
        [
          -0.494643,
          0.51502,
          -0.700059,
          3.040196
        ],
        [
          -0.006426,
          -0.807648,
          -0.589631,
          1.442484
        ],
        [
          0.0,
          0.0,
          0.0,
          1.0
        ]
      ]
    },
    {
      "file_path": "/media/NFS/ttao/scannet/posed_images/scene0687_00/00020.jpg",
      "transform_matrix": [
        [
          -0.856025,
          -0.279861,
          0.434625,
          3.140423
        ],
        [
          -0.516784,
          0.483576,
          -0.706462,
          2.973406
        ],
        [
          -0.012463,
          -0.829357,
          -0.558581,
          1.453243
        ],
        [
          0.0,
          0.0,
          0.0,
          1.0
        ]
      ]
    },
    {
      "file_path": "/media/NFS/ttao/scannet/posed_images/scene0687_00/00021.jpg",
      "transform_matrix": [
        [
          -0.855172,
          -0.279392,
          0.436602,
          3.146432
        ],
        [
          -0.518249,
          0.476988,
          -0.70986,
          2.959689
        ],
        [
          -0.009925,
          -0.833321,
          -0.552701,
          1.455054
        ],
        [
          0.0,
          0.0,
          0.0,
          1.0
        ]
      ]
    },
    {
      "file_path": "/media/NFS/ttao/scannet/posed_images/scene0687_00/00027.jpg",
      "transform_matrix": [
        [
          -0.841298,
          -0.273089,
          0.466519,
          3.174582
        ],
        [
          -0.540567,
          0.421501,
          -0.728096,
          2.874031
        ],
        [
          0.002197,
          -0.864731,
          -0.502231,
          1.457686
        ],
        [
          0.0,
          0.0,
          0.0,
          1.0
        ]
      ]
    },
    {
      "file_path": "/media/NFS/ttao/scannet/posed_images/scene0687_00/00028.jpg",
      "transform_matrix": [
        [
          -0.837142,
          -0.275018,
          0.47282,
          3.179535
        ],
        [
          -0.546986,
          0.420634,
          -0.723791,
          2.859561
        ],
        [
          0.000171,
          -0.864542,
          -0.502561,
          1.459022
        ],
        [
          0.0,
          0.0,
          0.0,
          1.0
        ]
      ]
    },
    {
      "file_path": "/media/NFS/ttao/scannet/posed_images/scene0687_00/00033.jpg",
      "transform_matrix": [
        [
          -0.817015,
          -0.264829,
          0.512204,
          3.201235
        ],
        [
          -0.576553,
          0.388488,
          -0.718794,
          2.780519
        ],
        [
          -0.008628,
          -0.882577,
          -0.470088,
          1.488972
        ],
        [
          0.0,
          0.0,
          0.0,
          1.0
        ]
      ]
    },
    {
      "file_path": "/media/NFS/ttao/scannet/posed_images/scene0687_00/00038.jpg",
      "transform_matrix": [
        [
          -0.802785,
          -0.237378,
          0.54698,
          3.205665
        ],
        [
          -0.59564,
          0.361342,
          -0.717387,
          2.698792
        ],
        [
          -0.027355,
          -0.901711,
          -0.431473,
          1.520399
        ],
        [
          0.0,
          0.0,
          0.0,
          1.0
        ]
      ]
    },
    {
      "file_path": "/media/NFS/ttao/scannet/posed_images/scene0687_00/00041.jpg",
      "transform_matrix": [
        [
          -0.798332,
          -0.21631,
          0.562028,
          3.195995
        ],
        [
          -0.60158,
          0.329384,
          -0.727742,
          2.658529
        ],
        [
          -0.027705,
          -0.919085,
          -0.393086,
          1.526775
        ],
        [
          0.0,
          0.0,
          0.0,
          1.0
        ]
      ]
    },
    {
      "file_path": "/media/NFS/ttao/scannet/posed_images/scene0687_00/00042.jpg",
      "transform_matrix": [
        [
          -0.79615,
          -0.212182,
          0.566679,
          3.192328
        ],
        [
          -0.604498,
          0.320668,
          -0.729215,
          2.641641
        ],
        [
          -0.02699,
          -0.92312,
          -0.383563,
          1.529331
        ],
        [
          0.0,
          0.0,
          0.0,
          1.0
        ]
      ]
    },
    {
      "file_path": "/media/NFS/ttao/scannet/posed_images/scene0687_00/00048.jpg",
      "transform_matrix": [
        [
          -0.777412,
          -0.1799,
          0.602716,
          3.16021
        ],
        [
          -0.628628,
          0.254792,
          -0.734784,
          2.53635
        ],
        [
          -0.021379,
          -0.950114,
          -0.311169,
          1.545958
        ],
        [
          0.0,
          0.0,
          0.0,
          1.0
        ]
      ]
    },
    {
      "file_path": "/media/NFS/ttao/scannet/posed_images/scene0687_00/00052.jpg",
      "transform_matrix": [
        [
          -0.750415,
          -0.186477,
          0.634116,
          3.134288
        ],
        [
          -0.660952,
          0.218025,
          -0.718058,
          2.475522
        ],
        [
          -0.004352,
          -0.957962,
          -0.286861,
          1.549881
        ],
        [
          0.0,
          0.0,
          0.0,
          1.0
        ]
      ]
    },
    {
      "file_path": "/media/NFS/ttao/scannet/posed_images/scene0687_00/00055.jpg",
      "transform_matrix": [
        [
          -0.731052,
          -0.199593,
          0.652476,
          3.117773
        ],
        [
          -0.682239,
          0.198972,
          -0.703534,
          2.429249
        ],
        [
          0.010596,
          -0.959465,
          -0.281629,
          1.552587
        ],
        [
          0.0,
          0.0,
          0.0,
          1.0
        ]
      ]
    },
    {
      "file_path": "/media/NFS/ttao/scannet/posed_images/scene0687_00/00059.jpg",
      "transform_matrix": [
        [
          -0.712947,
          -0.216414,
          0.666987,
          3.100882
        ],
        [
          -0.70119,
          0.211527,
          -0.680874,
          2.365569
        ],
        [
          0.006265,
          -0.953112,
          -0.302554,
          1.557451
        ],
        [
          0.0,
          0.0,
          0.0,
          1.0
        ]
      ]
    },
    {
      "file_path": "/media/NFS/ttao/scannet/posed_images/scene0687_00/00061.jpg",
      "transform_matrix": [
        [
          -0.703448,
          -0.210176,
          0.678961,
          3.091932
        ],
        [
          -0.710747,
          0.20776,
          -0.672067,
          2.337853
        ],
        [
          0.000191,
          -0.955334,
          -0.29553,
          1.556308
        ],
        [
          0.0,
          0.0,
          0.0,
          1.0
        ]
      ]
    },
    {
      "file_path": "/media/NFS/ttao/scannet/posed_images/scene0687_00/00065.jpg",
      "transform_matrix": [
        [
          -0.676767,
          -0.200906,
          0.708254,
          3.078032
        ],
        [
          -0.736108,
          0.199633,
          -0.646754,
          2.274456
        ],
        [
          -0.011454,
          -0.959054,
          -0.282993,
          1.553072
        ],
        [
          0.0,
          0.0,
          0.0,
          1.0
        ]
      ]
    },
    {
      "file_path": "/media/NFS/ttao/scannet/posed_images/scene0687_00/00068.jpg",
      "transform_matrix": [
        [
          -0.652452,
          -0.202812,
          0.730187,
          3.069958
        ],
        [
          -0.757772,
          0.186512,
          -0.625296,
          2.22396
        ],
        [
          -0.009371,
          -0.961291,
          -0.275375,
          1.54621
        ],
        [
          0.0,
          0.0,
          0.0,
          1.0
        ]
      ]
    },
    {
      "file_path": "/media/NFS/ttao/scannet/posed_images/scene0687_00/00074.jpg",
      "transform_matrix": [
        [
          -0.58752,
          -0.232606,
          0.775058,
          3.050767
        ],
        [
          -0.809204,
          0.165366,
          -0.563775,
          2.114779
        ],
        [
          0.002969,
          -0.958409,
          -0.285382,
          1.544316
        ],
        [
          0.0,
          0.0,
          0.0,
          1.0
        ]
      ]
    },
    {
      "file_path": "/media/NFS/ttao/scannet/posed_images/scene0687_00/00075.jpg",
      "transform_matrix": [
        [
          -0.579601,
          -0.236169,
          0.779927,
          3.047038
        ],
        [
          -0.814879,
          0.161142,
          -0.556781,
          2.097839
        ],
        [
          0.005815,
          -0.958258,
          -0.285847,
          1.543276
        ],
        [
          0.0,
          0.0,
          0.0,
          1.0
        ]
      ]
    },
    {
      "file_path": "/media/NFS/ttao/scannet/posed_images/scene0687_00/00079.jpg",
      "transform_matrix": [
        [
          -0.559375,
          -0.239241,
          0.793639,
          3.028985
        ],
        [
          -0.828903,
          0.166415,
          -0.534065,
          2.021937
        ],
        [
          -0.004303,
          -0.956593,
          -0.291396,
          1.550374
        ],
        [
          0.0,
          0.0,
          0.0,
          1.0
        ]
      ]
    },
    {
      "file_path": "/media/NFS/ttao/scannet/posed_images/scene0687_00/00085.jpg",
      "transform_matrix": [
        [
          -0.528857,
          -0.234963,
          0.815538,
          2.996902
        ],
        [
          -0.848512,
          0.167175,
          -0.502076,
          1.901698
        ],
        [
          -0.018368,
          -0.95752,
          -0.287781,
          1.546271
        ],
        [
          0.0,
          0.0,
          0.0,
          1.0
        ]
      ]
    },
    {
      "file_path": "/media/NFS/ttao/scannet/posed_images/scene0687_00/00086.jpg",
      "transform_matrix": [
        [
          -0.518767,
          -0.23404,
          0.822257,
          2.989763
        ],
        [
          -0.854689,
          0.164133,
          -0.492511,
          1.881221
        ],
        [
          -0.019692,
          -0.958272,
          -0.285179,
          1.544209
        ],
        [
          0.0,
          0.0,
          0.0,
          1.0
        ]
      ]
    },
    {
      "file_path": "/media/NFS/ttao/scannet/posed_images/scene0687_00/00091.jpg",
      "transform_matrix": [
        [
          -0.467027,
          -0.245495,
          0.849481,
          2.951953
        ],
        [
          -0.884231,
          0.134734,
          -0.447194,
          1.780486
        ],
        [
          -0.004669,
          -0.959989,
          -0.279999,
          1.532591
        ],
        [
          0.0,
          0.0,
          0.0,
          1.0
        ]
      ]
    },
    {
      "file_path": "/media/NFS/ttao/scannet/posed_images/scene0687_00/00095.jpg",
      "transform_matrix": [
        [
          -0.413113,
          -0.286468,
          0.86445,
          2.91752
        ],
        [
          -0.910658,
          0.123476,
          -0.394278,
          1.685417
        ],
        [
          0.00621,
          -0.9501,
          -0.311884,
          1.531068
        ],
        [
          0.0,
          0.0,
          0.0,
          1.0
        ]
      ]
    },
    {
      "file_path": "/media/NFS/ttao/scannet/posed_images/scene0687_00/00096.jpg",
      "transform_matrix": [
        [
          -0.400468,
          -0.289824,
          0.869268,
          2.911314
        ],
        [
          -0.916256,
          0.116246,
          -0.383357,
          1.669338
        ],
        [
          0.010057,
          -0.949994,
          -0.312105,
          1.53043
        ],
        [
          0.0,
          0.0,
          0.0,
          1.0
        ]
      ]
    },
    {
      "file_path": "/media/NFS/ttao/scannet/posed_images/scene0687_00/00103.jpg",
      "transform_matrix": [
        [
          -0.319387,
          -0.30092,
          0.898576,
          2.891797
        ],
        [
          -0.947624,
          0.100276,
          -0.303239,
          1.56465
        ],
        [
          0.001145,
          -0.948363,
          -0.317186,
          1.54402
        ],
        [
          0.0,
          0.0,
          0.0,
          1.0
        ]
      ]
    },
    {
      "file_path": "/media/NFS/ttao/scannet/posed_images/scene0687_00/00104.jpg",
      "transform_matrix": [
        [
          -0.308761,
          -0.301558,
          0.902069,
          2.891497
        ],
        [
          -0.951138,
          0.096152,
          -0.293413,
          1.550462
        ],
        [
          0.001745,
          -0.948587,
          -0.316512,
          1.54377
        ],
        [
          0.0,
          0.0,
          0.0,
          1.0
        ]
      ]
    },
    {
      "file_path": "/media/NFS/ttao/scannet/posed_images/scene0687_00/00109.jpg",
      "transform_matrix": [
        [
          -0.265795,
          -0.293704,
          0.9182,
          2.894876
        ],
        [
          -0.963953,
          0.068991,
          -0.256971,
          1.48052
        ],
        [
          0.012126,
          -0.953404,
          -0.301455,
          1.54309
        ],
        [
          0.0,
          0.0,
          0.0,
          1.0
        ]
      ]
    },
    {
      "file_path": "/media/NFS/ttao/scannet/posed_images/scene0687_00/00113.jpg",
      "transform_matrix": [
        [
          -0.250344,
          -0.296082,
          0.921772,
          2.901828
        ],
        [
          -0.967938,
          0.056288,
          -0.244802,
          1.427504
        ],
        [
          0.020597,
          -0.953503,
          -0.30068,
          1.538822
        ],
        [
          0.0,
          0.0,
          0.0,
          1.0
        ]
      ]
    },
    {
      "file_path": "/media/NFS/ttao/scannet/posed_images/scene0687_00/00116.jpg",
      "transform_matrix": [
        [
          -0.25031,
          -0.289964,
          0.923724,
          2.907491
        ],
        [
          -0.967863,
          0.051076,
          -0.246238,
          1.385626
        ],
        [
          0.02422,
          -0.955674,
          -0.29343,
          1.537169
        ],
        [
          0.0,
          0.0,
          0.0,
          1.0
        ]
      ]
    },
    {
      "file_path": "/media/NFS/ttao/scannet/posed_images/scene0687_00/00119.jpg",
      "transform_matrix": [
        [
          -0.251474,
          -0.308413,
          0.917411,
          2.917359
        ],
        [
          -0.967864,
          0.080487,
          -0.238246,
          1.338959
        ],
        [
          -0.000362,
          -0.947842,
          -0.318743,
          1.538189
        ],
        [
          0.0,
          0.0,
          0.0,
          1.0
        ]
      ]
    },
    {
      "file_path": "/media/NFS/ttao/scannet/posed_images/scene0687_00/00124.jpg",
      "transform_matrix": [
        [
          -0.261881,
          -0.336567,
          0.904512,
          2.939844
        ],
        [
          -0.965009,
          0.104184,
          -0.24063,
          1.275602
        ],
        [
          -0.013248,
          -0.935879,
          -0.352074,
          1.536186
        ],
        [
          0.0,
          0.0,
          0.0,
          1.0
        ]
      ]
    },
    {
      "file_path": "/media/NFS/ttao/scannet/posed_images/scene0687_00/00127.jpg",
      "transform_matrix": [
        [
          -0.277624,
          -0.34067,
          0.898259,
          2.94941
        ],
        [
          -0.960682,
          0.10227,
          -0.25813,
          1.245719
        ],
        [
          -0.003927,
          -0.934604,
          -0.355668,
          1.53549
        ],
        [
          0.0,
          0.0,
          0.0,
          1.0
        ]
      ]
    },
    {
      "file_path": "/media/NFS/ttao/scannet/posed_images/scene0687_00/00130.jpg",
      "transform_matrix": [
        [
          -0.325687,
          -0.345122,
          0.880238,
          2.96574
        ],
        [
          -0.945339,
          0.102938,
          -0.309415,
          1.225035
        ],
        [
          0.016176,
          -0.932896,
          -0.359783,
          1.541808
        ],
        [
          0.0,
          0.0,
          0.0,
          1.0
        ]
      ]
    },
    {
      "file_path": "/media/NFS/ttao/scannet/posed_images/scene0687_00/00134.jpg",
      "transform_matrix": [
        [
          -0.401615,
          -0.344318,
          0.848617,
          2.986625
        ],
        [
          -0.915325,
          0.120795,
          -0.384174,
          1.209021
        ],
        [
          0.02977,
          -0.93105,
          -0.363676,
          1.554593
        ],
        [
          0.0,
          0.0,
          0.0,
          1.0
        ]
      ]
    },
    {
      "file_path": "/media/NFS/ttao/scannet/posed_images/scene0687_00/00139.jpg",
      "transform_matrix": [
        [
          -0.459662,
          -0.305217,
          0.833998,
          3.013537
        ],
        [
          -0.887259,
          0.117107,
          -0.446159,
          1.224906
        ],
        [
          0.038508,
          -0.945055,
          -0.324636,
          1.585118
        ],
        [
          0.0,
          0.0,
          0.0,
          1.0
        ]
      ]
    },
    {
      "file_path": "/media/NFS/ttao/scannet/posed_images/scene0687_00/00140.jpg",
      "transform_matrix": [
        [
          -0.46533,
          -0.292634,
          0.835364,
          3.017421
        ],
        [
          -0.884484,
          0.117473,
          -0.45154,
          1.228002
        ],
        [
          0.034004,
          -0.948981,
          -0.313494,
          1.589
        ],
        [
          0.0,
          0.0,
          0.0,
          1.0
        ]
      ]
    },
    {
      "file_path": "/media/NFS/ttao/scannet/posed_images/scene0687_00/00144.jpg",
      "transform_matrix": [
        [
          -0.48781,
          -0.242275,
          0.838656,
          3.046688
        ],
        [
          -0.872403,
          0.101287,
          -0.478178,
          1.268793
        ],
        [
          0.030906,
          -0.964906,
          -0.26077,
          1.607672
        ],
        [
          0.0,
          0.0,
          0.0,
          1.0
        ]
      ]
    },
    {
      "file_path": "/media/NFS/ttao/scannet/posed_images/scene0687_00/00150.jpg",
      "transform_matrix": [
        [
          -0.551947,
          -0.183236,
          0.813498,
          3.103238
        ],
        [
          -0.833872,
          0.117258,
          -0.539358,
          1.344213
        ],
        [
          0.00344,
          -0.976051,
          -0.217516,
          1.631757
        ],
        [
          0.0,
          0.0,
          0.0,
          1.0
        ]
      ]
    },
    {
      "file_path": "/media/NFS/ttao/scannet/posed_images/scene0687_00/00154.jpg",
      "transform_matrix": [
        [
          -0.599783,
          -0.146883,
          0.786565,
          3.139879
        ],
        [
          -0.799681,
          0.144134,
          -0.582869,
          1.399981
        ],
        [
          -0.027757,
          -0.978596,
          -0.203909,
          1.647976
        ],
        [
          0.0,
          0.0,
          0.0,
          1.0
        ]
      ]
    },
    {
      "file_path": "/media/NFS/ttao/scannet/posed_images/scene0687_00/00157.jpg",
      "transform_matrix": [
        [
          -0.622991,
          -0.116415,
          0.773517,
          3.158818
        ],
        [
          -0.780762,
          0.153069,
          -0.605789,
          1.443932
        ],
        [
          -0.047878,
          -0.981335,
          -0.186253,
          1.658036
        ],
        [
          0.0,
          0.0,
          0.0,
          1.0
        ]
      ]
    },
    {
      "file_path": "/media/NFS/ttao/scannet/posed_images/scene0687_00/00160.jpg",
      "transform_matrix": [
        [
          -0.648558,
          -0.103372,
          0.754113,
          3.176275
        ],
        [
          -0.7598,
          0.147226,
          -0.633268,
          1.488951
        ],
        [
          -0.045562,
          -0.983686,
          -0.174027,
          1.661252
        ],
        [
          0.0,
          0.0,
          0.0,
          1.0
        ]
      ]
    },
    {
      "file_path": "/media/NFS/ttao/scannet/posed_images/scene0687_00/00165.jpg",
      "transform_matrix": [
        [
          -0.696563,
          -0.084377,
          0.712517,
          3.20395
        ],
        [
          -0.71587,
          0.148535,
          -0.682252,
          1.562134
        ],
        [
          -0.048267,
          -0.985301,
          -0.163867,
          1.664729
        ],
        [
          0.0,
          0.0,
          0.0,
          1.0
        ]
      ]
    },
    {
      "file_path": "/media/NFS/ttao/scannet/posed_images/scene0687_00/00166.jpg",
      "transform_matrix": [
        [
          -0.706243,
          -0.08263,
          0.703131,
          3.209243
        ],
        [
          -0.706484,
          0.14656,
          -0.692387,
          1.577093
        ],
        [
          -0.045839,
          -0.985745,
          -0.161883,
          1.666047
        ],
        [
          0.0,
          0.0,
          0.0,
          1.0
        ]
      ]
    },
    {
      "file_path": "/media/NFS/ttao/scannet/posed_images/scene0687_00/00171.jpg",
      "transform_matrix": [
        [
          -0.758905,
          -0.098711,
          0.643677,
          3.240509
        ],
        [
          -0.650147,
          0.171098,
          -0.740294,
          1.64558
        ],
        [
          -0.037056,
          -0.980297,
          -0.194023,
          1.667553
        ],
        [
          0.0,
          0.0,
          0.0,
          1.0
        ]
      ]
    },
    {
      "file_path": "/media/NFS/ttao/scannet/posed_images/scene0687_00/00176.jpg",
      "transform_matrix": [
        [
          -0.817004,
          -0.107702,
          0.566485,
          3.271662
        ],
        [
          -0.576433,
          0.178376,
          -0.797438,
          1.712254
        ],
        [
          -0.015161,
          -0.97805,
          -0.207817,
          1.657437
        ],
        [
          0.0,
          0.0,
          0.0,
          1.0
        ]
      ]
    },
    {
      "file_path": "/media/NFS/ttao/scannet/posed_images/scene0687_00/00177.jpg",
      "transform_matrix": [
        [
          -0.830365,
          -0.105488,
          0.547143,
          3.278744
        ],
        [
          -0.557085,
          0.178702,
          -0.811,
          1.724021
        ],
        [
          -0.012225,
          -0.978232,
          -0.207154,
          1.655776
        ],
        [
          0.0,
          0.0,
          0.0,
          1.0
        ]
      ]
    },
    {
      "file_path": "/media/NFS/ttao/scannet/posed_images/scene0687_00/00180.jpg",
      "transform_matrix": [
        [
          -0.872588,
          -0.10043,
          0.478022,
          3.309203
        ],
        [
          -0.488454,
          0.183159,
          -0.85315,
          1.759719
        ],
        [
          -0.001872,
          -0.97794,
          -0.208878,
          1.645672
        ],
        [
          0.0,
          0.0,
          0.0,
          1.0
        ]
      ]
    },
    {
      "file_path": "/media/NFS/ttao/scannet/posed_images/scene0687_00/00185.jpg",
      "transform_matrix": [
        [
          -0.927092,
          -0.090525,
          0.363738,
          3.363664
        ],
        [
          -0.374823,
          0.216663,
          -0.901424,
          1.810249
        ],
        [
          0.002793,
          -0.97204,
          -0.234797,
          1.624397
        ],
        [
          0.0,
          0.0,
          0.0,
          1.0
        ]
      ]
    },
    {
      "file_path": "/media/NFS/ttao/scannet/posed_images/scene0687_00/00188.jpg",
      "transform_matrix": [
        [
          -0.950916,
          -0.092615,
          0.295264,
          3.403098
        ],
        [
          -0.309309,
          0.255848,
          -0.915898,
          1.837119
        ],
        [
          0.009283,
          -0.96227,
          -0.271937,
          1.605913
        ],
        [
          0.0,
          0.0,
          0.0,
          1.0
        ]
      ]
    },
    {
      "file_path": "/media/NFS/ttao/scannet/posed_images/scene0687_00/00193.jpg",
      "transform_matrix": [
        [
          -0.980417,
          -0.06126,
          0.187163,
          3.466758
        ],
        [
          -0.196871,
          0.32888,
          -0.923623,
          1.882242
        ],
        [
          -0.004973,
          -0.942383,
          -0.334499,
          1.563642
        ],
        [
          0.0,
          0.0,
          0.0,
          1.0
        ]
      ]
    },
    {
      "file_path": "/media/NFS/ttao/scannet/posed_images/scene0687_00/00197.jpg",
      "transform_matrix": [
        [
          -0.990914,
          -0.019993,
          0.133005,
          3.498695
        ],
        [
          -0.130858,
          0.371831,
          -0.919031,
          1.91779
        ],
        [
          -0.031081,
          -0.928085,
          -0.371068,
          1.547743
        ],
        [
          0.0,
          0.0,
          0.0,
          1.0
        ]
      ]
    },
    {
      "file_path": "/media/NFS/ttao/scannet/posed_images/scene0687_00/00201.jpg",
      "transform_matrix": [
        [
          -0.996891,
          0.002009,
          0.078771,
          3.525367
        ],
        [
          -0.071403,
          0.399758,
          -0.913835,
          1.947316
        ],
        [
          -0.033325,
          -0.916619,
          -0.398372,
          1.536184
        ],
        [
          0.0,
          0.0,
          0.0,
          1.0
        ]
      ]
    },
    {
      "file_path": "/media/NFS/ttao/scannet/posed_images/scene0687_00/00202.jpg",
      "transform_matrix": [
        [
          -0.997821,
          0.004268,
          0.065834,
          3.5269
        ],
        [
          -0.05853,
          0.403167,
          -0.913253,
          1.952834
        ],
        [
          -0.03044,
          -0.915116,
          -0.402039,
          1.532912
        ],
        [
          0.0,
          0.0,
          0.0,
          1.0
        ]
      ]
    },
    {
      "file_path": "/media/NFS/ttao/scannet/posed_images/scene0687_00/00205.jpg",
      "transform_matrix": [
        [
          -0.999663,
          0.015235,
          0.021009,
          3.529862
        ],
        [
          -0.012814,
          0.414187,
          -0.910102,
          1.967449
        ],
        [
          -0.022567,
          -0.910064,
          -0.413852,
          1.52125
        ],
        [
          0.0,
          0.0,
          0.0,
          1.0
        ]
      ]
    },
    {
      "file_path": "/media/NFS/ttao/scannet/posed_images/scene0687_00/00211.jpg",
      "transform_matrix": [
        [
          -0.995171,
          0.058523,
          -0.0788,
          3.523279
        ],
        [
          0.096654,
          0.444401,
          -0.890598,
          1.985608
        ],
        [
          -0.017102,
          -0.893914,
          -0.447912,
          1.503099
        ],
        [
          0.0,
          0.0,
          0.0,
          1.0
        ]
      ]
    },
    {
      "file_path": "/media/NFS/ttao/scannet/posed_images/scene0687_00/00212.jpg",
      "transform_matrix": [
        [
          -0.993361,
          0.067078,
          -0.093463,
          3.521169
        ],
        [
          0.113656,
          0.446465,
          -0.887554,
          1.986261
        ],
        [
          -0.017808,
          -0.892284,
          -0.451124,
          1.500056
        ],
        [
          0.0,
          0.0,
          0.0,
          1.0
        ]
      ]
    },
    {
      "file_path": "/media/NFS/ttao/scannet/posed_images/scene0687_00/00217.jpg",
      "transform_matrix": [
        [
          -0.978951,
          0.107034,
          -0.173776,
          3.507682
        ],
        [
          0.203765,
          0.464235,
          -0.861954,
          1.971701
        ],
        [
          -0.011585,
          -0.879221,
          -0.476274,
          1.481213
        ],
        [
          0.0,
          0.0,
          0.0,
          1.0
        ]
      ]
    },
    {
      "file_path": "/media/NFS/ttao/scannet/posed_images/scene0687_00/00222.jpg",
      "transform_matrix": [
        [
          -0.958494,
          0.13705,
          -0.250014,
          3.50146
        ],
        [
          0.285077,
          0.47462,
          -0.832747,
          1.917802
        ],
        [
          0.004534,
          -0.869456,
          -0.49399,
          1.467264
        ],
        [
          0.0,
          0.0,
          0.0,
          1.0
        ]
      ]
    },
    {
      "file_path": "/media/NFS/ttao/scannet/posed_images/scene0687_00/00223.jpg",
      "transform_matrix": [
        [
          -0.95461,
          0.142319,
          -0.261659,
          3.497931
        ],
        [
          0.297807,
          0.472551,
          -0.829462,
          1.904025
        ],
        [
          0.005599,
          -0.869736,
          -0.493486,
          1.462809
        ],
        [
          0.0,
          0.0,
          0.0,
          1.0
        ]
      ]
    },
    {
      "file_path": "/media/NFS/ttao/scannet/posed_images/scene0687_00/00228.jpg",
      "transform_matrix": [
        [
          -0.936086,
          0.158701,
          -0.313938,
          3.482075
        ],
        [
          0.351505,
          0.456719,
          -0.817222,
          1.811871
        ],
        [
          0.013687,
          -0.875341,
          -0.483313,
          1.45695
        ],
        [
          0.0,
          0.0,
          0.0,
          1.0
        ]
      ]
    },
    {
      "file_path": "/media/NFS/ttao/scannet/posed_images/scene0687_00/00231.jpg",
      "transform_matrix": [
        [
          -0.920216,
          0.178206,
          -0.348489,
          3.470319
        ],
        [
          0.391094,
          0.454408,
          -0.800349,
          1.742658
        ],
        [
          0.015729,
          -0.872787,
          -0.487849,
          1.459704
        ],
        [
          0.0,
          0.0,
          0.0,
          1.0
        ]
      ]
    },
    {
      "file_path": "/media/NFS/ttao/scannet/posed_images/scene0687_00/00234.jpg",
      "transform_matrix": [
        [
          -0.907952,
          0.19623,
          -0.370292,
          3.453806
        ],
        [
          0.419021,
          0.439078,
          -0.794753,
          1.681003
        ],
        [
          0.006632,
          -0.876758,
          -0.480886,
          1.459616
        ],
        [
          0.0,
          0.0,
          0.0,
          1.0
        ]
      ]
    },
    {
      "file_path": "/media/NFS/ttao/scannet/posed_images/scene0687_00/00238.jpg",
      "transform_matrix": [
        [
          -0.901358,
          0.214453,
          -0.376249,
          3.421269
        ],
        [
          0.433075,
          0.445785,
          -0.783404,
          1.602327
        ],
        [
          -0.000277,
          -0.869072,
          -0.494686,
          1.45478
        ],
        [
          0.0,
          0.0,
          0.0,
          1.0
        ]
      ]
    },
    {
      "file_path": "/media/NFS/ttao/scannet/posed_images/scene0687_00/00242.jpg",
      "transform_matrix": [
        [
          -0.902352,
          0.210211,
          -0.376261,
          3.380385
        ],
        [
          0.430965,
          0.451075,
          -0.781537,
          1.532993
        ],
        [
          0.005434,
          -0.867377,
          -0.497622,
          1.436025
        ],
        [
          0.0,
          0.0,
          0.0,
          1.0
        ]
      ]
    },
    {
      "file_path": "/media/NFS/ttao/scannet/posed_images/scene0687_00/00247.jpg",
      "transform_matrix": [
        [
          -0.9222,
          0.17511,
          -0.344794,
          3.322795
        ],
        [
          0.386299,
          0.458342,
          -0.800434,
          1.454052
        ],
        [
          0.01787,
          -0.871355,
          -0.490329,
          1.417729
        ],
        [
          0.0,
          0.0,
          0.0,
          1.0
        ]
      ]
    },
    {
      "file_path": "/media/NFS/ttao/scannet/posed_images/scene0687_00/00248.jpg",
      "transform_matrix": [
        [
          -0.926975,
          0.16114,
          -0.338748,
          3.310971
        ],
        [
          0.374181,
          0.461114,
          -0.804588,
          1.439785
        ],
        [
          0.02655,
          -0.872587,
          -0.487737,
          1.413671
        ],
        [
          0.0,
          0.0,
          0.0,
          1.0
        ]
      ]
    },
    {
      "file_path": "/media/NFS/ttao/scannet/posed_images/scene0687_00/00253.jpg",
      "transform_matrix": [
        [
          -0.95771,
          0.092801,
          -0.272359,
          3.237475
        ],
        [
          0.280405,
          0.513313,
          -0.8111,
          1.363734
        ],
        [
          0.064534,
          -0.853169,
          -0.517627,
          1.400002
        ],
        [
          0.0,
          0.0,
          0.0,
          1.0
        ]
      ]
    },
    {
      "file_path": "/media/NFS/ttao/scannet/posed_images/scene0687_00/00258.jpg",
      "transform_matrix": [
        [
          -0.974354,
          0.072853,
          -0.212899,
          3.175211
        ],
        [
          0.218505,
          0.532341,
          -0.817844,
          1.312286
        ],
        [
          0.053753,
          -0.84339,
          -0.534607,
          1.401103
        ],
        [
          0.0,
          0.0,
          0.0,
          1.0
        ]
      ]
    },
    {
      "file_path": "/media/NFS/ttao/scannet/posed_images/scene0687_00/00259.jpg",
      "transform_matrix": [
        [
          -0.977419,
          0.067158,
          -0.200355,
          3.162859
        ],
        [
          0.204572,
          0.538275,
          -0.817564,
          1.30333
        ],
        [
          0.05294,
          -0.84009,
          -0.539858,
          1.40125
        ],
        [
          0.0,
          0.0,
          0.0,
          1.0
        ]
      ]
    },
    {
      "file_path": "/media/NFS/ttao/scannet/posed_images/scene0687_00/00264.jpg",
      "transform_matrix": [
        [
          -0.98887,
          0.014708,
          -0.148053,
          3.102303
        ],
        [
          0.13083,
          0.559823,
          -0.818218,
          1.269803
        ],
        [
          0.070849,
          -0.828482,
          -0.555517,
          1.39676
        ],
        [
          0.0,
          0.0,
          0.0,
          1.0
        ]
      ]
    },
    {
      "file_path": "/media/NFS/ttao/scannet/posed_images/scene0687_00/00267.jpg",
      "transform_matrix": [
        [
          -0.991923,
          -0.010579,
          -0.126403,
          3.064377
        ],
        [
          0.098323,
          0.565458,
          -0.818896,
          1.252177
        ],
        [
          0.080138,
          -0.82471,
          -0.55985,
          1.395055
        ],
        [
          0.0,
          0.0,
          0.0,
          1.0
        ]
      ]
    },
    {
      "file_path": "/media/NFS/ttao/scannet/posed_images/scene0687_00/00270.jpg",
      "transform_matrix": [
        [
          -0.994345,
          -0.014727,
          -0.105173,
          3.020451
        ],
        [
          0.076883,
          0.583356,
          -0.808569,
          1.234763
        ],
        [
          0.073261,
          -0.812083,
          -0.578925,
          1.394479
        ],
        [
          0.0,
          0.0,
          0.0,
          1.0
        ]
      ]
    },
    {
      "file_path": "/media/NFS/ttao/scannet/posed_images/scene0687_00/00276.jpg",
      "transform_matrix": [
        [
          -0.996371,
          0.003776,
          -0.085035,
          2.936588
        ],
        [
          0.068789,
          0.624102,
          -0.778309,
          1.200298
        ],
        [
          0.050132,
          -0.781334,
          -0.622097,
          1.393563
        ],
        [
          0.0,
          0.0,
          0.0,
          1.0
        ]
      ]
    },
    {
      "file_path": "/media/NFS/ttao/scannet/posed_images/scene0687_00/00280.jpg",
      "transform_matrix": [
        [
          -0.997997,
          -0.010344,
          -0.06241,
          2.884052
        ],
        [
          0.04189,
          0.631213,
          -0.774477,
          1.188591
        ],
        [
          0.047405,
