{
  "frames": [
    {
      "file_path": "/media/NFS/ttao/scannet/posed_images/scene0487_01/00000.jpg",
      "transform_matrix": [
        [
          -0.851849,
          0.081308,
          -0.517438,
          4.046446
        ],
        [
          0.52351,
          0.100017,
          -0.846129,
          4.43222
        ],
        [
          -0.017044,
          -0.991658,
          -0.127765,
          1.529992
        ],
        [
          0.0,
          0.0,
          0.0,
          1.0
        ]
      ]
    },
    {
      "file_path": "/media/NFS/ttao/scannet/posed_images/scene0487_01/00010.jpg",
      "transform_matrix": [
        [
          -0.872756,
          0.065926,
          -0.483686,
          4.054904
        ],
        [
          0.487765,
          0.078011,
          -0.869483,
          4.372775
        ],
        [
          -0.019588,
          -0.99477,
          -0.100241,
          1.518122
        ],
        [
          0.0,
          0.0,
          0.0,
          1.0
        ]
      ]
    },
    {
      "file_path": "/media/NFS/ttao/scannet/posed_images/scene0487_01/00022.jpg",
      "transform_matrix": [
        [
          -0.905825,
          0.125587,
          -0.404609,
          4.001132
        ],
        [
          0.421881,
          0.180184,
          -0.888566,
          4.324121
        ],
        [
          -0.038689,
          -0.975583,
          -0.216198,
          1.434915
        ],
        [
          0.0,
          0.0,
          0.0,
          1.0
        ]
      ]
    },
    {
      "file_path": "/media/NFS/ttao/scannet/posed_images/scene0487_01/00035.jpg",
      "transform_matrix": [
        [
          -0.945831,
          0.115286,
          -0.303502,
          3.868809
        ],
        [
          0.324347,
          0.294469,
          -0.898937,
          4.323449
        ],
        [
          -0.014263,
          -0.948682,
          -0.31591,
          1.402471
        ],
        [
          0.0,
          0.0,
          0.0,
          1.0
        ]
      ]
    },
    {
      "file_path": "/media/NFS/ttao/scannet/posed_images/scene0487_01/00044.jpg",
      "transform_matrix": [
        [
          -0.974792,
          0.098218,
          -0.200334,
          3.823077
        ],
        [
          0.220419,
          0.284768,
          -0.932911,
          4.353886
        ],
        [
          -0.03458,
          -0.953552,
          -0.299239,
          1.408914
        ],
        [
          0.0,
          0.0,
          0.0,
          1.0
        ]
      ]
    },
    {
      "file_path": "/media/NFS/ttao/scannet/posed_images/scene0487_01/00051.jpg",
      "transform_matrix": [
        [
          -0.983322,
          0.082518,
          -0.162077,
          3.834259
        ],
        [
          0.179217,
          0.287859,
          -0.940754,
          4.378335
        ],
        [
          -0.030974,
          -0.954111,
          -0.297847,
          1.395524
        ],
        [
          0.0,
          0.0,
          0.0,
          1.0
        ]
      ]
    },
    {
      "file_path": "/media/NFS/ttao/scannet/posed_images/scene0487_01/00067.jpg",
      "transform_matrix": [
        [
          -0.999665,
          -0.024977,
          -0.006819,
          3.905112
        ],
        [
          -0.001395,
          0.31496,
          -0.949104,
          4.449032
        ],
        [
          0.025854,
          -0.948776,
          -0.314889,
          1.376481
        ],
        [
          0.0,
          0.0,
          0.0,
          1.0
        ]
      ]
    },
    {
      "file_path": "/media/NFS/ttao/scannet/posed_images/scene0487_01/00079.jpg",
      "transform_matrix": [
        [
          -0.998466,
          0.014194,
          0.053522,
          3.85063
        ],
        [
          -0.048183,
          0.253601,
          -0.966108,
          4.459173
        ],
        [
          -0.027286,
          -0.967205,
          -0.252528,
          1.4268
        ],
        [
          0.0,
          0.0,
          0.0,
          1.0
        ]
      ]
    },
    {
      "file_path": "/media/NFS/ttao/scannet/posed_images/scene0487_01/00089.jpg",
      "transform_matrix": [
        [
          -0.995439,
          -0.004414,
          0.095304,
          3.701711
        ],
        [
          -0.094736,
          0.163919,
          -0.981914,
          4.467844
        ],
        [
          -0.011288,
          -0.986464,
          -0.163589,
          1.487308
        ],
        [
          0.0,
          0.0,
          0.0,
          1.0
        ]
      ]
    },
    {
      "file_path": "/media/NFS/ttao/scannet/posed_images/scene0487_01/00092.jpg",
      "transform_matrix": [
        [
          -0.993422,
          -0.017456,
          0.113174,
          3.667353
        ],
        [
          -0.114508,
          0.159887,
          -0.980471,
          4.470501
        ],
        [
          -0.00098,
          -0.986981,
          -0.160834,
          1.493186
        ],
        [
          0.0,
          0.0,
          0.0,
          1.0
        ]
      ]
    },
    {
      "file_path": "/media/NFS/ttao/scannet/posed_images/scene0487_01/00111.jpg",
      "transform_matrix": [
        [
          -0.970837,
          -0.011829,
          0.239449,
          3.598119
        ],
        [
          -0.239656,
          0.074549,
          -0.967992,
          4.528973
        ],
        [
          -0.0064,
          -0.997147,
          -0.07521,
          1.563943
        ],
        [
          0.0,
          0.0,
          0.0,
          1.0
        ]
      ]
    },
    {
      "file_path": "/media/NFS/ttao/scannet/posed_images/scene0487_01/00121.jpg",
      "transform_matrix": [
        [
          -0.975738,
          0.003973,
          0.218906,
          3.609981
        ],
        [
          -0.218928,
          -0.006226,
          -0.975721,
          4.578397
        ],
        [
          -0.002514,
          -0.999973,
          0.006944,
          1.58561
        ],
        [
          0.0,
          0.0,
          0.0,
          1.0
        ]
      ]
    },
    {
      "file_path": "/media/NFS/ttao/scannet/posed_images/scene0487_01/00124.jpg",
      "transform_matrix": [
        [
          -0.978983,
          0.010954,
          0.203646,
          3.611852
        ],
        [
          -0.203805,
          -0.016038,
          -0.97888,
          4.587634
        ],
        [
          -0.007456,
          -0.999812,
          0.017933,
          1.587439
        ],
        [
          0.0,
          0.0,
          0.0,
          1.0
        ]
      ]
    },
    {
      "file_path": "/media/NFS/ttao/scannet/posed_images/scene0487_01/00137.jpg",
      "transform_matrix": [
        [
          -0.98953,
          0.012305,
          0.143802,
          3.591995
        ],
        [
          -0.144299,
          -0.064445,
          -0.987434,
          4.597845
        ],
        [
          -0.002883,
          -0.997846,
          0.065546,
          1.59982
        ],
        [
          0.0,
          0.0,
          0.0,
          1.0
        ]
      ]
    },
    {
      "file_path": "/media/NFS/ttao/scannet/posed_images/scene0487_01/00146.jpg",
      "transform_matrix": [
        [
          -0.996791,
          0.019533,
          0.077634,
          3.546768
        ],
        [
          -0.078573,
          -0.053033,
          -0.995497,
          4.556859
        ],
        [
          -0.015328,
          -0.998402,
          0.054397,
          1.578602
        ],
        [
          0.0,
          0.0,
          0.0,
          1.0
        ]
      ]
    },
    {
      "file_path": "/media/NFS/ttao/scannet/posed_images/scene0487_01/00165.jpg",
      "transform_matrix": [
        [
          -0.99906,
          0.040441,
          -0.015591,
          3.454543
        ],
        [
          0.016145,
          0.013413,
          -0.99978,
          4.417769
        ],
        [
          -0.040223,
          -0.999092,
          -0.014053,
          1.570064
        ],
        [
          0.0,
          0.0,
          0.0,
          1.0
        ]
      ]
    },
    {
      "file_path": "/media/NFS/ttao/scannet/posed_images/scene0487_01/00175.jpg",
      "transform_matrix": [
        [
          -0.997023,
          0.060415,
          -0.047908,
          3.441766
        ],
        [
          0.04908,
          0.01807,
          -0.998632,
          4.317801
        ],
        [
          -0.059467,
          -0.99801,
          -0.020981,
          1.57072
        ],
        [
          0.0,
          0.0,
          0.0,
          1.0
        ]
      ]
    },
    {
      "file_path": "/media/NFS/ttao/scannet/posed_images/scene0487_01/00178.jpg",
      "transform_matrix": [
        [
          -0.996342,
          0.069395,
          -0.049868,
          3.431187
        ],
        [
          0.051878,
          0.027479,
          -0.998276,
          4.289641
        ],
        [
          -0.067905,
          -0.997211,
          -0.030978,
          1.569669
        ],
        [
          0.0,
          0.0,
          0.0,
          1.0
        ]
      ]
    },
    {
      "file_path": "/media/NFS/ttao/scannet/posed_images/scene0487_01/00190.jpg",
      "transform_matrix": [
        [
          -0.997416,
          0.066647,
          -0.026841,
          3.314317
        ],
        [
          0.030265,
          0.050916,
          -0.998244,
          4.210712
        ],
        [
          -0.065164,
          -0.996477,
          -0.052802,
          1.568945
        ],
        [
          0.0,
          0.0,
          0.0,
          1.0
        ]
      ]
    },
    {
      "file_path": "/media/NFS/ttao/scannet/posed_images/scene0487_01/00206.jpg",
      "transform_matrix": [
        [
          -0.983413,
          0.051888,
          0.173797,
          3.108476
        ],
        [
          -0.168499,
          0.093266,
          -0.98128,
          4.154992
        ],
        [
          -0.067126,
          -0.994288,
          -0.082975,
          1.570916
        ],
        [
          0.0,
          0.0,
          0.0,
          1.0
        ]
      ]
    },
    {
      "file_path": "/media/NFS/ttao/scannet/posed_images/scene0487_01/00213.jpg",
      "transform_matrix": [
        [
          -0.982697,
          0.048494,
          0.17876,
          3.076895
        ],
        [
          -0.171278,
          0.129449,
          -0.976682,
          4.142172
        ],
        [
          -0.070503,
          -0.9904,
          -0.118903,
          1.562906
        ],
        [
          0.0,
          0.0,
          0.0,
          1.0
        ]
      ]
    },
    {
      "file_path": "/media/NFS/ttao/scannet/posed_images/scene0487_01/00229.jpg",
      "transform_matrix": [
        [
          -0.981741,
          -0.018068,
          0.189361,
          3.102447
        ],
        [
          -0.187714,
          0.253106,
          -0.949053,
          4.130894
        ],
        [
          -0.030781,
          -0.96727,
          -0.251876,
          1.501188
        ],
        [
          0.0,
          0.0,
          0.0,
          1.0
        ]
      ]
    },
    {
      "file_path": "/media/NFS/ttao/scannet/posed_images/scene0487_01/00232.jpg",
      "transform_matrix": [
        [
          -0.981151,
          -0.022688,
          0.191904,
          3.117528
        ],
        [
          -0.191309,
          0.254122,
          -0.948063,
          4.129985
        ],
        [
          -0.027257,
          -0.966906,
          -0.253672,
          1.504129
        ],
        [
          0.0,
          0.0,
          0.0,
          1.0
        ]
      ]
    },
    {
      "file_path": "/media/NFS/ttao/scannet/posed_images/scene0487_01/00244.jpg",
      "transform_matrix": [
        [
          -0.962551,
          -0.086417,
          0.256959,
          3.222186
        ],
        [
          -0.269769,
          0.211472,
          -0.939417,
          4.141363
        ],
        [
          0.026842,
          -0.973556,
          -0.226865,
          1.494988
        ],
        [
          0.0,
          0.0,
          0.0,
          1.0
        ]
      ]
    },
    {
      "file_path": "/media/NFS/ttao/scannet/posed_images/scene0487_01/00254.jpg",
      "transform_matrix": [
        [
          -0.960861,
          -0.084072,
          0.263965,
          3.364229
        ],
        [
          -0.275212,
          0.180698,
          -0.94425,
          4.133112
        ],
        [
          0.031687,
          -0.979939,
          -0.196763,
          1.496107
        ],
        [
          0.0,
          0.0,
          0.0,
          1.0
        ]
      ]
    },
    {
      "file_path": "/media/NFS/ttao/scannet/posed_images/scene0487_01/00270.jpg",
      "transform_matrix": [
        [
          -0.952561,
          -0.102523,
          0.286559,
          3.493562
        ],
        [
          -0.302953,
          0.229395,
          -0.924985,
          4.032447
        ],
        [
          0.029096,
          -0.967919,
          -0.249573,
          1.469324
        ],
        [
          0.0,
          0.0,
          0.0,
          1.0
        ]
      ]
    },
    {
      "file_path": "/media/NFS/ttao/scannet/posed_images/scene0487_01/00273.jpg",
      "transform_matrix": [
        [
          -0.947329,
          -0.100146,
          0.304201,
          3.511768
        ],
        [
          -0.319661,
          0.237561,
          -0.917269,
          3.993877
        ],
        [
          0.019595,
          -0.966196,
          -0.257062,
          1.463289
        ],
        [
          0.0,
          0.0,
          0.0,
          1.0
        ]
      ]
    },
    {
      "file_path": "/media/NFS/ttao/scannet/posed_images/scene0487_01/00286.jpg",
      "transform_matrix": [
        [
          -0.946677,
          -0.085769,
          0.310559,
          3.60824
        ],
        [
          -0.322113,
          0.231526,
          -0.917954,
          3.76929
        ],
        [
          0.006829,
          -0.969041,
          -0.246808,
          1.503677
        ],
        [
          0.0,
          0.0,
          0.0,
          1.0
        ]
      ]
    },
    {
      "file_path": "/media/NFS/ttao/scannet/posed_images/scene0487_01/00295.jpg",
      "transform_matrix": [
        [
          -0.95407,
          -0.101713,
          0.281788,
          3.664198
        ],
        [
          -0.298202,
          0.232207,
          -0.925827,
          3.672685
        ],
        [
          0.028736,
          -0.967334,
          -0.251873,
          1.508445
        ],
        [
          0.0,
          0.0,
          0.0,
          1.0
        ]
      ]
    },
    {
      "file_path": "/media/NFS/ttao/scannet/posed_images/scene0487_01/00305.jpg",
      "transform_matrix": [
        [
          -0.965905,
          -0.115009,
          0.231949,
          3.743083
        ],
        [
          -0.255657,
          0.282429,
          -0.924594,
          3.574504
        ],
        [
          0.040827,
          -0.952369,
          -0.302203,
          1.497056
        ],
        [
          0.0,
          0.0,
          0.0,
          1.0
        ]
      ]
    },
    {
      "file_path": "/media/NFS/ttao/scannet/posed_images/scene0487_01/00321.jpg",
      "transform_matrix": [
        [
          -0.976096,
          -0.142278,
          0.164298,
          3.815259
        ],
        [
          -0.205281,
          0.355218,
          -0.911965,
          3.440825
        ],
        [
          0.071391,
          -0.923892,
          -0.375934,
          1.473148
        ],
        [
          0.0,
          0.0,
          0.0,
          1.0
        ]
      ]
    },
    {
      "file_path": "/media/NFS/ttao/scannet/posed_images/scene0487_01/00327.jpg",
      "transform_matrix": [
        [
          -0.978125,
          -0.143001,
          0.151068,
          3.825177
        ],
        [
          -0.194521,
          0.371478,
          -0.907836,
          3.427145
        ],
        [
          0.073703,
          -0.917363,
          -0.391169,
          1.462561
        ],
        [
          0.0,
          0.0,
          0.0,
          1.0
        ]
      ]
    },
    {
      "file_path": "/media/NFS/ttao/scannet/posed_images/scene0487_01/00343.jpg",
      "transform_matrix": [
        [
          -0.974859,
          -0.175231,
          0.13764,
          3.833937
        ],
        [
          -0.204132,
          0.454667,
          -0.866953,
          3.423347
        ],
        [
          0.089336,
          -0.873254,
          -0.479006,
          1.431432
        ],
        [
          0.0,
          0.0,
          0.0,
          1.0
        ]
      ]
    },
    {
      "file_path": "/media/NFS/ttao/scannet/posed_images/scene0487_01/00349.jpg",
      "transform_matrix": [
        [
          -0.961461,
          -0.199763,
          0.188914,
          3.835121
        ],
        [
          -0.260197,
          0.439093,
          -0.859939,
          3.46172
        ],
        [
          0.088833,
          -0.875952,
          -0.474148,
          1.434693
        ],
        [
          0.0,
          0.0,
          0.0,
          1.0
        ]
      ]
    },
    {
      "file_path": "/media/NFS/ttao/scannet/posed_images/scene0487_01/00362.jpg",
      "transform_matrix": [
        [
          -0.927913,
          -0.240507,
          0.284839,
          3.735815
        ],
        [
          -0.358072,
          0.36238,
          -0.860503,
          3.635262
        ],
        [
          0.103736,
          -0.900465,
          -0.422376,
          1.445273
        ],
        [
          0.0,
          0.0,
          0.0,
          1.0
        ]
      ]
    },
    {
      "file_path": "/media/NFS/ttao/scannet/posed_images/scene0487_01/00371.jpg",
      "transform_matrix": [
        [
          -0.899784,
          -0.205606,
          0.384858,
          3.630949
        ],
        [
          -0.429695,
          0.264223,
          -0.863452,
          3.776184
        ],
        [
          0.075843,
          -0.942291,
          -0.326091,
          1.48148
        ],
        [
          0.0,
          0.0,
          0.0,
          1.0
        ]
      ]
    },
    {
      "file_path": "/media/NFS/ttao/scannet/posed_images/scene0487_01/00387.jpg",
      "transform_matrix": [
        [
          -0.880448,
          -0.124193,
          0.457588,
          3.549468
        ],
        [
          -0.472735,
          0.15564,
          -0.867351,
          3.95152
        ],
        [
          0.0365,
          -0.979976,
          -0.195744,
          1.529001
        ],
        [
          0.0,
          0.0,
          0.0,
          1.0
        ]
      ]
    },
    {
      "file_path": "/media/NFS/ttao/scannet/posed_images/scene0487_01/00394.jpg",
      "transform_matrix": [
        [
          -0.877653,
          -0.077659,
          0.472963,
          3.512145
        ],
        [
          -0.479287,
          0.148498,
          -0.865005,
          4.018505
        ],
        [
          -0.003058,
          -0.985859,
          -0.167551,
          1.548935
        ],
        [
          0.0,
          0.0,
          0.0,
          1.0
        ]
      ]
    },
    {
      "file_path": "/media/NFS/ttao/scannet/posed_images/scene0487_01/00403.jpg",
      "transform_matrix": [
        [
          -0.841525,
          -0.04013,
          0.538725,
          3.464767
        ],
        [
          -0.540178,
          0.074644,
          -0.838234,
          4.035176
        ],
        [
          -0.006574,
          -0.996403,
          -0.084492,
          1.570494
        ],
        [
          0.0,
          0.0,
          0.0,
          1.0
        ]
      ]
    },
    {
      "file_path": "/media/NFS/ttao/scannet/posed_images/scene0487_01/00410.jpg",
      "transform_matrix": [
        [
          -0.772937,
          -0.027167,
          0.633901,
          3.41503
        ],
        [
          -0.63448,
          0.035921,
          -0.772104,
          3.981778
        ],
        [
          -0.001795,
          -0.998985,
          -0.045001,
          1.580291
        ],
        [
          0.0,
          0.0,
          0.0,
          1.0
        ]
      ]
    },
    {
      "file_path": "/media/NFS/ttao/scannet/posed_images/scene0487_01/00425.jpg",
      "transform_matrix": [
        [
          -0.562142,
          -0.055031,
          0.825208,
          3.347137
        ],
        [
          -0.826238,
          0.081337,
          -0.557419,
          3.845273
        ],
        [
          -0.036445,
          -0.995166,
          -0.091192,
          1.542362
        ],
        [
          0.0,
          0.0,
          0.0,
          1.0
        ]
      ]
    },
    {
      "file_path": "/media/NFS/ttao/scannet/posed_images/scene0487_01/00435.jpg",
      "transform_matrix": [
        [
          -0.556588,
          -0.081248,
          0.826806,
          3.369437
        ],
        [
          -0.830678,
          0.070649,
          -0.552252,
          3.743888
        ],
        [
          -0.013543,
          -0.994187,
          -0.106813,
          1.517516
        ],
        [
          0.0,
          0.0,
          0.0,
          1.0
        ]
      ]
    },
    {
      "file_path": "/media/NFS/ttao/scannet/posed_images/scene0487_01/00441.jpg",
      "transform_matrix": [
        [
          -0.526797,
          -0.105259,
          0.843449,
          3.392513
        ],
        [
          -0.849991,
          0.066468,
          -0.522588,
          3.688667
        ],
        [
          -0.001056,
          -0.992221,
          -0.124484,
          1.516771
        ],
        [
          0.0,
          0.0,
          0.0,
          1.0
        ]
      ]
    },
    {
      "file_path": "/media/NFS/ttao/scannet/posed_images/scene0487_01/00460.jpg",
      "transform_matrix": [
        [
          -0.412502,
          -0.101315,
          0.905305,
          3.358781
        ],
        [
          -0.910182,
          0.086816,
          -0.405008,
          3.532943
        ],
        [
          -0.037562,
          -0.991059,
          -0.128027,
          1.503563
        ],
        [
          0.0,
          0.0,
          0.0,
          1.0
        ]
      ]
    },
    {
      "file_path": "/media/NFS/ttao/scannet/posed_images/scene0487_01/00470.jpg",
      "transform_matrix": [
        [
          -0.368843,
          -0.18881,
          0.910113,
          3.274475
        ],
        [
          -0.929173,
          0.049267,
          -0.366347,
          3.377312
        ],
        [
          0.024332,
          -0.980777,
          -0.193609,
          1.493243
        ],
        [
          0.0,
          0.0,
          0.0,
          1.0
        ]
      ]
    },
    {
      "file_path": "/media/NFS/ttao/scannet/posed_images/scene0487_01/00483.jpg",
      "transform_matrix": [
        [
          -0.246,
          -0.23798,
          0.939601,
          3.193673
        ],
        [
          -0.96917,
          0.046454,
          -0.241976,
          3.251004
        ],
        [
          0.013937,
          -0.970159,
          -0.24207,
          1.516962
        ],
        [
          0.0,
          0.0,
          0.0,
          1.0
        ]
      ]
    },
    {
      "file_path": "/media/NFS/ttao/scannet/posed_images/scene0487_01/00492.jpg",
      "transform_matrix": [
        [
          -0.252945,
          -0.263329,
          0.930955,
          3.199677
        ],
        [
          -0.967478,
          0.066336,
          -0.244104,
          3.21029
        ],
        [
          0.002524,
          -0.962423,
          -0.271544,
          1.510572
        ],
        [
          0.0,
          0.0,
          0.0,
          1.0
        ]
      ]
    },
    {
      "file_path": "/media/NFS/ttao/scannet/posed_images/scene0487_01/00498.jpg",
      "transform_matrix": [
        [
          -0.260718,
          -0.27988,
          0.923955,
          3.212035
        ],
        [
          -0.965405,
          0.071147,
          -0.250862,
          3.191116
        ],
        [
          0.004474,
          -0.957395,
          -0.288747,
          1.510388
        ],
        [
          0.0,
          0.0,
          0.0,
          1.0
        ]
      ]
    },
    {
      "file_path": "/media/NFS/ttao/scannet/posed_images/scene0487_01/00505.jpg",
      "transform_matrix": [
        [
          -0.250156,
          -0.284582,
          0.925438,
          3.223394
        ],
        [
          -0.968184,
          0.06709,
          -0.241079,
          3.189501
        ],
        [
          0.006519,
          -0.956301,
          -0.29231,
          1.511743
        ],
        [
          0.0,
          0.0,
          0.0,
          1.0
        ]
      ]
    },
    {
      "file_path": "/media/NFS/ttao/scannet/posed_images/scene0487_01/00521.jpg",
      "transform_matrix": [
        [
          -0.289297,
          -0.292215,
          0.911547,
          3.299941
        ],
        [
          -0.954071,
          0.010604,
          -0.299393,
          3.325434
        ],
        [
          0.077821,
          -0.956294,
          -0.281861,
          1.505709
        ],
        [
          0.0,
          0.0,
          0.0,
          1.0
        ]
      ]
    },
    {
      "file_path": "/media/NFS/ttao/scannet/posed_images/scene0487_01/00527.jpg",
      "transform_matrix": [
        [
          -0.302262,
          -0.280802,
          0.910927,
          3.352121
        ],
        [
          -0.949706,
          0.006673,
          -0.313072,
          3.421426
        ],
        [
          0.081833,
          -0.959743,
          -0.268696,
          1.485808
        ],
        [
          0.0,
          0.0,
          0.0,
          1.0
        ]
      ]
    },
    {
      "file_path": "/media/NFS/ttao/scannet/posed_images/scene0487_01/00543.jpg",
      "transform_matrix": [
        [
          -0.345585,
          -0.353419,
          0.869291,
          3.507955
        ],
        [
          -0.93321,
          0.032263,
          -0.357879,
          3.609107
        ],
        [
          0.098435,
          -0.934909,
          -0.340963,
          1.458372
        ],
        [
          0.0,
          0.0,
          0.0,
          1.0
        ]
      ]
    },
    {
      "file_path": "/media/NFS/ttao/scannet/posed_images/scene0487_01/00552.jpg",
      "transform_matrix": [
        [
          -0.434976,
          -0.369208,
          0.821268,
          3.603068
        ],
        [
          -0.895997,
          0.086952,
          -0.435465,
          3.669976
        ],
        [
          0.089366,
          -0.92527,
          -0.368631,
          1.428258
        ],
        [
          0.0,
          0.0,
          0.0,
          1.0
        ]
      ]
    },
    {
      "file_path": "/media/NFS/ttao/scannet/posed_images/scene0487_01/00565.jpg",
      "transform_matrix": [
        [
          -0.570884,
          -0.389161,
          0.722942,
          3.779837
        ],
        [
          -0.814451,
          0.157175,
          -0.558539,
          3.816022
        ],
        [
          0.103734,
          -0.907662,
          -0.406681,
          1.406308
        ],
        [
          0.0,
          0.0,
          0.0,
          1.0
        ]
      ]
    },
    {
      "file_path": "/media/NFS/ttao/scannet/posed_images/scene0487_01/00568.jpg",
      "transform_matrix": [
        [
          -0.597655,
          -0.380583,
          0.705666,
          3.809263
        ],
        [
          -0.794233,
          0.160769,
          -0.585959,
          3.858186
        ],
        [
          0.109557,
          -0.910664,
          -0.398356,
          1.402608
        ],
        [
          0.0,
          0.0,
          0.0,
          1.0
        ]
      ]
    },
    {
      "file_path": "/media/NFS/ttao/scannet/posed_images/scene0487_01/00584.jpg",
      "transform_matrix": [
        [
          -0.805642,
          -0.249615,
          0.537247,
          3.930726
        ],
        [
          -0.592119,
          0.311193,
          -0.74334,
          4.1326
        ],
        [
          0.018361,
          -0.91698,
          -0.398511,
          1.397339
        ],
        [
          0.0,
          0.0,
          0.0,
          1.0
        ]
      ]
    },
    {
      "file_path": "/media/NFS/ttao/scannet/posed_images/scene0487_01/00597.jpg",
      "transform_matrix": [
        [
          -0.888272,
          -0.230282,
          0.397421,
          3.960049
        ],
        [
          -0.456836,
          0.353093,
          -0.816472,
          4.315506
        ],
        [
          0.047692,
          -0.906805,
          -0.418844,
          1.375012
        ],
        [
          0.0,
          0.0,
          0.0,
          1.0
        ]
      ]
    },
    {
      "file_path": "/media/NFS/ttao/scannet/posed_images/scene0487_01/00600.jpg",
      "transform_matrix": [
        [
          -0.896448,
          -0.21808,
          0.385775,
          3.959619
        ],
        [
          -0.441515,
          0.364834,
          -0.819732,
          4.359045
        ],
        [
          0.038023,
          -0.905173,
          -0.42334,
          1.373339
        ],
        [
          0.0,
          0.0,
          0.0,
          1.0
        ]
      ]
    },
    {
      "file_path": "/media/NFS/ttao/scannet/posed_images/scene0487_01/00619.jpg",
      "transform_matrix": [
        [
          -0.89439,
          -0.149243,
          0.421656,
          4.092292
        ],
        [
          -0.445291,
          0.208097,
          -0.870869,
          4.551752
        ],
        [
          0.042225,
          -0.966655,
          -0.252576,
          1.429959
        ],
        [
          0.0,
          0.0,
          0.0,
          1.0
        ]
      ]
    },
    {
      "file_path": "/media/NFS/ttao/scannet/posed_images/scene0487_01/00629.jpg",
      "transform_matrix": [
        [
          -0.916064,
          -0.12075,
          0.382421,
          4.1972
        ],
        [
          -0.397126,
          0.140372,
          -0.906966,
          4.613751
        ],
        [
          0.055835,
          -0.982708,
          -0.176543,
          1.477732
        ],
        [
          0.0,
          0.0,
          0.0,
          1.0
        ]
      ]
    },
    {
      "file_path": "/media/NFS/ttao/scannet/posed_images/scene0487_01/00638.jpg",
      "transform_matrix": [
        [
          -0.909754,
          -0.106084,
          0.401365,
          4.201586
        ],
        [
          -0.410371,
          0.083549,
          -0.908084,
          4.651928
        ],
        [
          0.0628,
          -0.990841,
          -0.119543,
          1.493302
        ],
        [
          0.0,
          0.0,
          0.0,
          1.0
        ]
      ]
    },
    {
      "file_path": "/media/NFS/ttao/scannet/posed_images/scene0487_01/00645.jpg",
      "transform_matrix": [
        [
          -0.903654,
          -0.066483,
          0.423072,
          4.172066
        ],
        [
          -0.425305,
          0.023392,
          -0.904748,
          4.675394
        ],
        [
          0.050254,
          -0.997513,
          -0.049413,
          1.520562
        ],
        [
          0.0,
          0.0,
          0.0,
          1.0
        ]
      ]
    },
    {
      "file_path": "/media/NFS/ttao/scannet/posed_images/scene0487_01/00654.jpg",
      "transform_matrix": [
        [
          -0.890562,
          -0.025426,
          0.454151,
          4.134305
        ],
        [
          -0.453375,
          -0.031067,
          -0.890779,
          4.683779
        ],
        [
          0.036758,
          -0.999194,
          0.016139,
          1.541449
        ],
        [
          0.0,
          0.0,
          0.0,
          1.0
        ]
      ]
    },
    {
      "file_path": "/media/NFS/ttao/scannet/posed_images/scene0487_01/00667.jpg",
      "transform_matrix": [
        [
          -0.921847,
          -0.020834,
          0.386995,
          4.243124
        ],
        [
          -0.384841,
          -0.068757,
          -0.920418,
          4.721466
        ],
        [
          0.045784,
          -0.997416,
          0.055366,
          1.566978
        ],
        [
          0.0,
          0.0,
          0.0,
          1.0
        ]
      ]
    },
    {
      "file_path": "/media/NFS/ttao/scannet/posed_images/scene0487_01/00683.jpg",
      "transform_matrix": [
        [
          -0.962785,
          -0.001479,
          0.270264,
          4.442266
        ],
        [
          -0.266518,
          -0.160804,
          -0.950321,
          4.79182
        ],
        [
          0.044865,
          -0.986985,
          0.154425,
          1.581699
        ],
        [
          0.0,
          0.0,
          0.0,
          1.0
        ]
      ]
    },
    {
      "file_path": "/media/NFS/ttao/scannet/posed_images/scene0487_01/00689.jpg",
      "transform_matrix": [
        [
          -0.966202,
          -0.021964,
          0.256847,
          4.507083
        ],
        [
          -0.251852,
          -0.132096,
          -0.958708,
          4.785298
        ],
        [
          0.054986,
          -0.990994,
          0.1221,
          1.554228
        ],
        [
          0.0,
          0.0,
          0.0,
          1.0
        ]
      ]
    },
    {
      "file_path": "/media/NFS/ttao/scannet/posed_images/scene0487_01/00698.jpg",
      "transform_matrix": [
        [
          -0.978334,
          -0.045906,
          0.201879,
          4.608418
        ],
        [
          -0.196605,
          -0.09955,
          -0.975416,
          4.754134
        ],
        [
          0.064875,
          -0.993973,
          0.088368,
          1.508531
        ],
        [
          0.0,
          0.0,
          0.0,
          1.0
        ]
      ]
    },
    {
      "file_path": "/media/NFS/ttao/scannet/posed_images/scene0487_01/00714.jpg",
      "transform_matrix": [
        [
          -0.994778,
          -0.075978,
          0.068145,
          4.870604
        ],
        [
          -0.065884,
          -0.031874,
          -0.997318,
          4.685899
        ],
        [
          0.077946,
          -0.9966,
          0.026702,
          1.491146
        ],
        [
          0.0,
          0.0,
          0.0,
          1.0
        ]
      ]
    },
    {
      "file_path": "/media/NFS/ttao/scannet/posed_images/scene0487_01/00721.jpg",
      "transform_matrix": [
        [
          -0.992207,
          -0.071825,
          -0.101818,
          4.983252
        ],
        [
          0.104282,
          -0.031426,
          -0.994051,
          4.702165
        ],
        [
          0.068198,
          -0.996922,
          0.038671,
          1.495299
        ],
        [
          0.0,
          0.0,
          0.0,
          1.0
        ]
      ]
    },
    {
      "file_path": "/media/NFS/ttao/scannet/posed_images/scene0487_01/00730.jpg",
      "transform_matrix": [
        [
          -0.987165,
          -0.075731,
          -0.140605,
          5.157116
        ],
        [
          0.137949,
          0.03926,
          -0.989661,
          4.755402
        ],
        [
          0.080468,
          -0.996355,
          -0.028309,
          1.48323
        ],
        [
          0.0,
          0.0,
          0.0,
          1.0
        ]
      ]
    },
    {
      "file_path": "/media/NFS/ttao/scannet/posed_images/scene0487_01/00743.jpg",
      "transform_matrix": [
        [
          -0.96886,
          -0.106996,
          -0.2233,
          5.340622
        ],
        [
          0.2239,
          0.00653,
          -0.97459,
          4.762302
        ],
        [
          0.105735,
          -0.994238,
          0.01763,
          1.470363
        ],
        [
          0.0,
          0.0,
          0.0,
          1.0
        ]
      ]
    },
    {
      "file_path": "/media/NFS/ttao/scannet/posed_images/scene0487_01/00756.jpg",
      "transform_matrix": [
        [
          -0.90969,
          -0.038165,
          -0.413531,
          5.526096
        ],
        [
          0.412413,
          0.033961,
          -0.910364,
          4.663511
        ],
        [
          0.048788,
          -0.998694,
          -0.015154,
          1.468907
        ],
        [
          0.0,
          0.0,
          0.0,
          1.0
        ]
      ]
    },
    {
      "file_path": "/media/NFS/ttao/scannet/posed_images/scene0487_01/00768.jpg",
      "transform_matrix": [
        [
          -0.85156,
          -0.002136,
          -0.524253,
          5.655981
        ],
        [
          0.524236,
          0.005679,
          -0.851554,
          4.542783
        ],
        [
          0.004796,
          -0.999982,
          -0.003716,
          1.491845
        ],
        [
          0.0,
          0.0,
          0.0,
          1.0
        ]
      ]
    },
    {
      "file_path": "/media/NFS/ttao/scannet/posed_images/scene0487_01/00778.jpg",
      "transform_matrix": [
        [
          -0.770868,
          0.058942,
          -0.634262,
          5.760259
        ],
        [
          0.634022,
          -0.025089,
          -0.772908,
          4.408397
        ],
        [
          -0.061469,
          -0.997946,
          -0.01803,
          1.512299
        ],
        [
          0.0,
          0.0,
          0.0,
          1.0
        ]
      ]
    },
    {
      "file_path": "/media/NFS/ttao/scannet/posed_images/scene0487_01/00781.jpg",
      "transform_matrix": [
        [
          -0.756015,
          0.048289,
          -0.652771,
          5.790126
        ],
        [
          0.652496,
          -0.023448,
          -0.75743,
          4.3781
        ],
        [
          -0.051882,
          -0.998558,
          -0.013782,
          1.516531
        ],
        [
          0.0,
          0.0,
          0.0,
          1.0
        ]
      ]
    },
    {
      "file_path": "/media/NFS/ttao/scannet/posed_images/scene0487_01/00791.jpg",
      "transform_matrix": [
        [
          -0.742135,
          -0.027133,
          -0.669701,
          5.858208
        ],
        [
          0.670104,
          -0.009122,
          -0.742211,
          4.305257
        ],
        [
          0.014029,
          -0.99959,
          0.024952,
          1.523844
        ],
        [
          0.0,
          0.0,
          0.0,
          1.0
        ]
      ]
    },
    {
      "file_path": "/media/NFS/ttao/scannet/posed_images/scene0487_01/00810.jpg",
      "transform_matrix": [
        [
          -0.686909,
          -0.017101,
          -0.726542,
          5.917861
        ],
        [
          0.726647,
          0.00016,
          -0.687011,
          4.122811
        ],
        [
          0.011865,
          -0.999854,
          0.012317,
          1.497241
        ],
        [
          0.0,
          0.0,
          0.0,
          1.0
        ]
      ]
    },
    {
      "file_path": "/media/NFS/ttao/scannet/posed_images/scene0487_01/00813.jpg",
      "transform_matrix": [
        [
          -0.666475,
          -0.011119,
          -0.745444,
          5.955729
        ],
        [
          0.74542,
          0.006995,
          -0.666558,
          4.031873
        ],
        [
