{
  "frames": [
    {
      "file_path": "/media/NFS/ttao/scannet/posed_images/scene0572_00/00001.jpg",
      "transform_matrix": [
        [
          -0.365089,
          -0.434663,
          0.823273,
          3.84234
        ],
        [
          -0.930898,
          0.18165,
          -0.316911,
          3.64996
        ],
        [
          -0.011798,
          -0.882083,
          -0.470946,
          1.595472
        ],
        [
          0.0,
          0.0,
          0.0,
          1.0
        ]
      ]
    },
    {
      "file_path": "/media/NFS/ttao/scannet/posed_images/scene0572_00/00004.jpg",
      "transform_matrix": [
        [
          -0.363502,
          -0.433692,
          0.824486,
          3.865471
        ],
        [
          -0.931266,
          0.192645,
          -0.309245,
          3.621841
        ],
        [
          -0.024716,
          -0.880227,
          -0.473909,
          1.590839
        ],
        [
          0.0,
          0.0,
          0.0,
          1.0
        ]
      ]
    },
    {
      "file_path": "/media/NFS/ttao/scannet/posed_images/scene0572_00/00009.jpg",
      "transform_matrix": [
        [
          -0.351336,
          -0.4445,
          0.824004,
          3.887465
        ],
        [
          -0.935413,
          0.203854,
          -0.288872,
          3.54677
        ],
        [
          -0.039573,
          -0.872275,
          -0.487412,
          1.575691
        ],
        [
          0.0,
          0.0,
          0.0,
          1.0
        ]
      ]
    },
    {
      "file_path": "/media/NFS/ttao/scannet/posed_images/scene0572_00/00012.jpg",
      "transform_matrix": [
        [
          -0.341094,
          -0.438167,
          0.831664,
          3.89864
        ],
        [
          -0.938402,
          0.210751,
          -0.273836,
          3.495485
        ],
        [
          -0.055289,
          -0.873838,
          -0.483062,
          1.558461
        ],
        [
          0.0,
          0.0,
          0.0,
          1.0
        ]
      ]
    },
    {
      "file_path": "/media/NFS/ttao/scannet/posed_images/scene0572_00/00020.jpg",
      "transform_matrix": [
        [
          -0.305669,
          -0.47633,
          0.824425,
          3.91813
        ],
        [
          -0.950041,
          0.210015,
          -0.230903,
          3.332961
        ],
        [
          -0.063155,
          -0.853817,
          -0.516728,
          1.55163
        ],
        [
          0.0,
          0.0,
          0.0,
          1.0
        ]
      ]
    },
    {
      "file_path": "/media/NFS/ttao/scannet/posed_images/scene0572_00/00022.jpg",
      "transform_matrix": [
        [
          -0.295493,
          -0.476326,
          0.828129,
          3.923113
        ],
        [
          -0.951522,
          0.224217,
          -0.210556,
          3.286377
        ],
        [
          -0.085387,
          -0.8502,
          -0.519489,
          1.543427
        ],
        [
          0.0,
          0.0,
          0.0,
          1.0
        ]
      ]
    },
    {
      "file_path": "/media/NFS/ttao/scannet/posed_images/scene0572_00/00025.jpg",
      "transform_matrix": [
        [
          -0.295434,
          -0.481177,
          0.825341,
          3.930038
        ],
        [
          -0.950433,
          0.235677,
          -0.202811,
          3.226958
        ],
        [
          -0.096926,
          -0.844349,
          -0.526954,
          1.537796
        ],
        [
          0.0,
          0.0,
          0.0,
          1.0
        ]
      ]
    },
    {
      "file_path": "/media/NFS/ttao/scannet/posed_images/scene0572_00/00030.jpg",
      "transform_matrix": [
        [
          -0.327543,
          -0.483936,
          0.811493,
          3.982853
        ],
        [
          -0.94118,
          0.242597,
          -0.235215,
          3.103275
        ],
        [
          -0.083037,
          -0.840805,
          -0.534932,
          1.52423
        ],
        [
          0.0,
          0.0,
          0.0,
          1.0
        ]
      ]
    },
    {
      "file_path": "/media/NFS/ttao/scannet/posed_images/scene0572_00/00037.jpg",
      "transform_matrix": [
        [
          -0.307392,
          -0.502737,
          0.807939,
          4.056649
        ],
        [
          -0.950107,
          0.209418,
          -0.231173,
          2.985542
        ],
        [
          -0.052977,
          -0.838689,
          -0.542028,
          1.51465
        ],
        [
          0.0,
          0.0,
          0.0,
          1.0
        ]
      ]
    },
    {
      "file_path": "/media/NFS/ttao/scannet/posed_images/scene0572_00/00038.jpg",
      "transform_matrix": [
        [
          -0.300288,
          -0.506378,
          0.808337,
          4.069757
        ],
        [
          -0.952227,
          0.208545,
          -0.2231,
          2.972406
        ],
        [
          -0.055602,
          -0.836714,
          -0.54481,
          1.515848
        ],
        [
          0.0,
          0.0,
          0.0,
          1.0
        ]
      ]
    },
    {
      "file_path": "/media/NFS/ttao/scannet/posed_images/scene0572_00/00044.jpg",
      "transform_matrix": [
        [
          -0.269651,
          -0.51696,
          0.812429,
          4.128175
        ],
        [
          -0.960675,
          0.202478,
          -0.190016,
          2.851267
        ],
        [
          -0.066268,
          -0.831718,
          -0.551229,
          1.520585
        ],
        [
          0.0,
          0.0,
          0.0,
          1.0
        ]
      ]
    },
    {
      "file_path": "/media/NFS/ttao/scannet/posed_images/scene0572_00/00049.jpg",
      "transform_matrix": [
        [
          -0.20043,
          -0.525258,
          0.827002,
          4.161354
        ],
        [
          -0.976592,
          0.174385,
          -0.125926,
          2.777136
        ],
        [
          -0.078073,
          -0.832883,
          -0.547915,
          1.51712
        ],
        [
          0.0,
          0.0,
          0.0,
          1.0
        ]
      ]
    },
    {
      "file_path": "/media/NFS/ttao/scannet/posed_images/scene0572_00/00055.jpg",
      "transform_matrix": [
        [
          -0.024741,
          -0.527726,
          0.849054,
          4.186566
        ],
        [
          -0.998138,
          0.060404,
          0.008459,
          2.671701
        ],
        [
          -0.05575,
          -0.847264,
          -0.528238,
          1.525452
        ],
        [
          0.0,
          0.0,
          0.0,
          1.0
        ]
      ]
    },
    {
      "file_path": "/media/NFS/ttao/scannet/posed_images/scene0572_00/00059.jpg",
      "transform_matrix": [
        [
          0.045327,
          -0.525752,
          0.84943,
          4.193839
        ],
        [
          -0.998262,
          0.008218,
          0.058356,
          2.631138
        ],
        [
          -0.037661,
          -0.850598,
          -0.524466,
          1.53292
        ],
        [
          0.0,
          0.0,
          0.0,
          1.0
        ]
      ]
    },
    {
      "file_path": "/media/NFS/ttao/scannet/posed_images/scene0572_00/00061.jpg",
      "transform_matrix": [
        [
          0.065388,
          -0.522602,
          0.850065,
          4.200493
        ],
        [
          -0.997118,
          -0.001378,
          0.075852,
          2.630998
        ],
        [
          -0.038469,
          -0.852575,
          -0.521186,
          1.54682
        ],
        [
          0.0,
          0.0,
          0.0,
          1.0
        ]
      ]
    },
    {
      "file_path": "/media/NFS/ttao/scannet/posed_images/scene0572_00/00069.jpg",
      "transform_matrix": [
        [
          0.15148,
          -0.489117,
          0.858964,
          4.197023
        ],
        [
          -0.987441,
          -0.035423,
          0.153966,
          2.628584
        ],
        [
          -0.044881,
          -0.871499,
          -0.48834,
          1.563923
        ],
        [
          0.0,
          0.0,
          0.0,
          1.0
        ]
      ]
    },
    {
      "file_path": "/media/NFS/ttao/scannet/posed_images/scene0572_00/00073.jpg",
      "transform_matrix": [
        [
          0.160044,
          -0.483453,
          0.860616,
          4.180495
        ],
        [
          -0.986401,
          -0.045288,
          0.157995,
          2.67523
        ],
        [
          -0.037408,
          -0.874198,
          -0.484126,
          1.560446
        ],
        [
          0.0,
          0.0,
          0.0,
          1.0
        ]
      ]
    },
    {
      "file_path": "/media/NFS/ttao/scannet/posed_images/scene0572_00/00077.jpg",
      "transform_matrix": [
        [
          0.164814,
          -0.472259,
          0.865915,
          4.156168
        ],
        [
          -0.986005,
          -0.056519,
          0.156846,
          2.754419
        ],
        [
          -0.025132,
          -0.879646,
          -0.474964,
          1.574219
        ],
        [
          0.0,
          0.0,
          0.0,
          1.0
        ]
      ]
    },
    {
      "file_path": "/media/NFS/ttao/scannet/posed_images/scene0572_00/00079.jpg",
      "transform_matrix": [
        [
          0.165999,
          -0.468806,
          0.867563,
          4.139876
        ],
        [
          -0.985747,
          -0.054494,
          0.159165,
          2.796824
        ],
        [
          -0.027341,
          -0.881618,
          -0.47117,
          1.563863
        ],
        [
          0.0,
          0.0,
          0.0,
          1.0
        ]
      ]
    },
    {
      "file_path": "/media/NFS/ttao/scannet/posed_images/scene0572_00/00086.jpg",
      "transform_matrix": [
        [
          0.171666,
          -0.471325,
          0.865091,
          4.110413
        ],
        [
          -0.984059,
          -0.040617,
          0.173144,
          2.95496
        ],
        [
          -0.04647,
          -0.881024,
          -0.470784,
          1.570027
        ],
        [
          0.0,
          0.0,
          0.0,
          1.0
        ]
      ]
    },
    {
      "file_path": "/media/NFS/ttao/scannet/posed_images/scene0572_00/00088.jpg",
      "transform_matrix": [
        [
          0.164893,
          -0.468661,
          0.867852,
          4.106807
        ],
        [
          -0.985113,
          -0.034898,
          0.168327,
          2.979954
        ],
        [
          -0.048602,
          -0.882688,
          -0.467439,
          1.566948
        ],
        [
          0.0,
          0.0,
          0.0,
          1.0
        ]
      ]
    },
    {
      "file_path": "/media/NFS/ttao/scannet/posed_images/scene0572_00/00094.jpg",
      "transform_matrix": [
        [
          0.115162,
          -0.457461,
          0.881741,
          4.117488
        ],
        [
          -0.993182,
          -0.036865,
          0.110591,
          3.102322
        ],
        [
          -0.018086,
          -0.888465,
          -0.458588,
          1.555422
        ],
        [
          0.0,
          0.0,
          0.0,
          1.0
        ]
      ]
    },
    {
      "file_path": "/media/NFS/ttao/scannet/posed_images/scene0572_00/00096.jpg",
      "transform_matrix": [
        [
          0.109168,
          -0.451765,
          0.885432,
          4.129909
        ],
        [
          -0.993996,
          -0.043033,
          0.100597,
          3.146227
        ],
        [
          -0.007344,
          -0.891098,
          -0.45375,
          1.539318
        ],
        [
          0.0,
          0.0,
          0.0,
          1.0
        ]
      ]
    },
    {
      "file_path": "/media/NFS/ttao/scannet/posed_images/scene0572_00/00103.jpg",
      "transform_matrix": [
        [
          0.085766,
          -0.468808,
          0.879126,
          4.205593
        ],
        [
          -0.995547,
          -0.005682,
          0.094094,
          3.311866
        ],
        [
          -0.039117,
          -0.883282,
          -0.467208,
          1.532962
        ],
        [
          0.0,
          0.0,
          0.0,
          1.0
        ]
      ]
    },
    {
      "file_path": "/media/NFS/ttao/scannet/posed_images/scene0572_00/00104.jpg",
      "transform_matrix": [
        [
          0.073176,
          -0.478077,
          0.875264,
          4.222085
        ],
        [
          -0.996223,
          0.006094,
          0.086617,
          3.327069
        ],
        [
          -0.046744,
          -0.878297,
          -0.475825,
          1.53168
        ],
        [
          0.0,
          0.0,
          0.0,
          1.0
        ]
      ]
    },
    {
      "file_path": "/media/NFS/ttao/scannet/posed_images/scene0572_00/00112.jpg",
      "transform_matrix": [
        [
          0.074718,
          -0.48121,
          0.873415,
          4.288678
        ],
        [
          -0.995333,
          0.017655,
          0.094875,
          3.475793
        ],
        [
          -0.061075,
          -0.876427,
          -0.477645,
          1.527714
        ],
        [
          0.0,
          0.0,
          0.0,
          1.0
        ]
      ]
    },
    {
      "file_path": "/media/NFS/ttao/scannet/posed_images/scene0572_00/00114.jpg",
      "transform_matrix": [
        [
          0.05752,
          -0.481196,
          0.874724,
          4.298601
        ],
        [
          -0.997069,
          0.016594,
          0.074694,
          3.510206
        ],
        [
          -0.050458,
          -0.876456,
          -0.478831,
          1.522024
        ],
        [
          0.0,
          0.0,
          0.0,
          1.0
        ]
      ]
    },
    {
      "file_path": "/media/NFS/ttao/scannet/posed_images/scene0572_00/00119.jpg",
      "transform_matrix": [
        [
          -0.018848,
          -0.476691,
          0.878869,
          4.331402
        ],
        [
          -0.999644,
          0.025583,
          -0.007563,
          3.653321
        ],
        [
          -0.018879,
          -0.878698,
          -0.477004,
          1.515012
        ],
        [
          0.0,
          0.0,
          0.0,
          1.0
        ]
      ]
    },
    {
      "file_path": "/media/NFS/ttao/scannet/posed_images/scene0572_00/00123.jpg",
      "transform_matrix": [
        [
          -0.100138,
          -0.469541,
          0.877214,
          4.335843
        ],
        [
          -0.994625,
          0.07057,
          -0.075767,
          3.751105
        ],
        [
          -0.026329,
          -0.880086,
          -0.474084,
          1.518163
        ],
        [
          0.0,
          0.0,
          0.0,
          1.0
        ]
      ]
    },
    {
      "file_path": "/media/NFS/ttao/scannet/posed_images/scene0572_00/00128.jpg",
      "transform_matrix": [
        [
          -0.152688,
          -0.465044,
          0.872021,
          4.359637
        ],
        [
          -0.988112,
          0.087851,
          -0.126164,
          3.856672
        ],
        [
          -0.017936,
          -0.880918,
          -0.472929,
          1.536566
        ],
        [
          0.0,
          0.0,
          0.0,
          1.0
        ]
      ]
    },
    {
      "file_path": "/media/NFS/ttao/scannet/posed_images/scene0572_00/00133.jpg",
      "transform_matrix": [
        [
          -0.195744,
          -0.467099,
          0.862266,
          4.390812
        ],
        [
          -0.980646,
          0.097054,
          -0.170042,
          3.955834
        ],
        [
          -0.00426,
          -0.878862,
          -0.477057,
          1.522794
        ],
        [
          0.0,
          0.0,
          0.0,
          1.0
        ]
      ]
    },
    {
      "file_path": "/media/NFS/ttao/scannet/posed_images/scene0572_00/00136.jpg",
      "transform_matrix": [
        [
          -0.210296,
          -0.465215,
          0.859855,
          4.417405
        ],
        [
          -0.977609,
          0.09337,
          -0.188579,
          4.023826
        ],
        [
          0.007445,
          -0.88026,
          -0.474434,
          1.514986
        ],
        [
          0.0,
          0.0,
          0.0,
          1.0
        ]
      ]
    },
    {
      "file_path": "/media/NFS/ttao/scannet/posed_images/scene0572_00/00143.jpg",
      "transform_matrix": [
        [
          -0.229863,
          -0.439937,
          0.868112,
          4.489441
        ],
        [
          -0.972565,
          0.136626,
          -0.188282,
          4.182578
        ],
        [
          -0.035774,
          -0.887575,
          -0.459273,
          1.513205
        ],
        [
          0.0,
          0.0,
          0.0,
          1.0
        ]
      ]
    },
    {
      "file_path": "/media/NFS/ttao/scannet/posed_images/scene0572_00/00144.jpg",
      "transform_matrix": [
        [
          -0.226893,
          -0.440881,
          0.868414,
          4.495132
        ],
        [
          -0.973078,
          0.139691,
          -0.18332,
          4.196657
        ],
        [
          -0.040487,
          -0.886629,
          -0.460707,
          1.513346
        ],
        [
          0.0,
          0.0,
          0.0,
          1.0
        ]
      ]
    },
    {
      "file_path": "/media/NFS/ttao/scannet/posed_images/scene0572_00/00150.jpg",
      "transform_matrix": [
        [
          -0.290744,
          -0.421882,
          0.858769,
          4.589464
        ],
        [
          -0.956602,
          0.146485,
          -0.251904,
          4.346697
        ],
        [
          -0.019523,
          -0.894739,
          -0.446163,
          1.508262
        ],
        [
          0.0,
          0.0,
          0.0,
          1.0
        ]
      ]
    },
    {
      "file_path": "/media/NFS/ttao/scannet/posed_images/scene0572_00/00156.jpg",
      "transform_matrix": [
        [
          -0.356465,
          -0.404411,
          0.84225,
          4.655386
        ],
        [
          -0.9343,
          0.15828,
          -0.319424,
          4.457339
        ],
        [
          -0.004133,
          -0.900777,
          -0.434262,
          1.498017
        ],
        [
          0.0,
          0.0,
          0.0,
          1.0
        ]
      ]
    },
    {
      "file_path": "/media/NFS/ttao/scannet/posed_images/scene0572_00/00160.jpg",
      "transform_matrix": [
        [
          -0.41941,
          -0.397139,
          0.816318,
          4.721596
        ],
        [
          -0.907544,
          0.162186,
          -0.387376,
          4.569503
        ],
        [
          0.021446,
          -0.903314,
          -0.428444,
          1.479947
        ],
        [
          0.0,
          0.0,
          0.0,
          1.0
        ]
      ]
    },
    {
      "file_path": "/media/NFS/ttao/scannet/posed_images/scene0572_00/00162.jpg",
      "transform_matrix": [
        [
          -0.446772,
          -0.392177,
          0.80411,
          4.747692
        ],
        [
          -0.894326,
          0.171653,
          -0.413179,
          4.611953
        ],
        [
          0.024011,
          -0.903733,
          -0.427424,
          1.473549
        ],
        [
          0.0,
          0.0,
          0.0,
          1.0
        ]
      ]
    },
    {
      "file_path": "/media/NFS/ttao/scannet/posed_images/scene0572_00/00169.jpg",
      "transform_matrix": [
        [
          -0.532392,
          -0.356142,
          0.767933,
          4.862606
        ],
        [
          -0.846484,
          0.218795,
          -0.48538,
          4.756198
        ],
        [
          0.004844,
          -0.908456,
          -0.417953,
          1.480268
        ],
        [
          0.0,
          0.0,
          0.0,
          1.0
        ]
      ]
    },
    {
      "file_path": "/media/NFS/ttao/scannet/posed_images/scene0572_00/00172.jpg",
      "transform_matrix": [
        [
          -0.573581,
          -0.352937,
          0.739216,
          4.925272
        ],
        [
          -0.819103,
          0.23758,
          -0.522136,
          4.805333
        ],
        [
          0.008658,
          -0.904981,
          -0.425363,
          1.481497
        ],
        [
          0.0,
          0.0,
          0.0,
          1.0
        ]
      ]
    },
    {
      "file_path": "/media/NFS/ttao/scannet/posed_images/scene0572_00/00176.jpg",
      "transform_matrix": [
        [
          -0.61688,
          -0.324919,
          0.716859,
          4.992668
        ],
        [
          -0.787057,
          0.255397,
          -0.561528,
          4.859841
        ],
        [
          -0.000632,
          -0.910604,
          -0.413279,
          1.462856
        ],
        [
          0.0,
          0.0,
          0.0,
          1.0
        ]
      ]
    },
    {
      "file_path": "/media/NFS/ttao/scannet/posed_images/scene0572_00/00180.jpg",
      "transform_matrix": [
        [
          -0.647584,
          -0.297821,
          0.701383,
          5.109175
        ],
        [
          -0.761833,
          0.27195,
          -0.587923,
          4.941639
        ],
        [
          -0.015645,
          -0.915066,
          -0.403001,
          1.446088
        ],
        [
          0.0,
          0.0,
          0.0,
          1.0
        ]
      ]
    },
    {
      "file_path": "/media/NFS/ttao/scannet/posed_images/scene0572_00/00186.jpg",
      "transform_matrix": [
        [
          -0.653436,
          -0.309646,
          0.690754,
          5.220675
        ],
        [
          -0.75688,
          0.282224,
          -0.589476,
          5.016165
        ],
        [
          -0.012419,
          -0.908003,
          -0.41878,
          1.446594
        ],
        [
          0.0,
          0.0,
          0.0,
          1.0
        ]
      ]
    },
    {
      "file_path": "/media/NFS/ttao/scannet/posed_images/scene0572_00/00191.jpg",
      "transform_matrix": [
        [
          -0.675185,
          -0.294598,
          0.676267,
          5.28627
        ],
        [
          -0.737561,
          0.255525,
          -0.625069,
          5.076487
        ],
        [
          0.011341,
          -0.920825,
          -0.38981,
          1.441194
        ],
        [
          0.0,
          0.0,
          0.0,
          1.0
        ]
      ]
    },
    {
      "file_path": "/media/NFS/ttao/scannet/posed_images/scene0572_00/00193.jpg",
      "transform_matrix": [
        [
          -0.689392,
          -0.311561,
          0.653964,
          5.306567
        ],
        [
          -0.723949,
          0.264903,
          -0.636964,
          5.095528
        ],
        [
          0.025216,
          -0.912555,
          -0.408176,
          1.445909
        ],
        [
          0.0,
          0.0,
          0.0,
          1.0
        ]
      ]
    },
    {
      "file_path": "/media/NFS/ttao/scannet/posed_images/scene0572_00/00201.jpg",
      "transform_matrix": [
        [
          -0.778749,
          -0.357392,
          0.515578,
          5.443324
        ],
        [
          -0.622929,
          0.343297,
          -0.702928,
          5.246663
        ],
        [
          0.074224,
          -0.868573,
          -0.489972,
          1.412279
        ],
        [
          0.0,
          0.0,
          0.0,
          1.0
        ]
      ]
    },
    {
      "file_path": "/media/NFS/ttao/scannet/posed_images/scene0572_00/00203.jpg",
      "transform_matrix": [
        [
          -0.784366,
          -0.358731,
          0.506046,
          5.473889
        ],
        [
          -0.615526,
          0.349121,
          -0.706571,
          5.277856
        ],
        [
          0.076797,
          -0.865694,
          -0.494647,
          1.410356
        ],
        [
          0.0,
          0.0,
          0.0,
          1.0
        ]
      ]
    },
    {
      "file_path": "/media/NFS/ttao/scannet/posed_images/scene0572_00/00206.jpg",
      "transform_matrix": [
        [
          -0.793175,
          -0.356661,
          0.493626,
          5.485251
        ],
        [
          -0.602268,
          0.339263,
          -0.722616,
          5.303298
        ],
        [
          0.090259,
          -0.870456,
          -0.483901,
          1.412148
        ],
        [
          0.0,
          0.0,
          0.0,
          1.0
        ]
      ]
    },
    {
      "file_path": "/media/NFS/ttao/scannet/posed_images/scene0572_00/00210.jpg",
      "transform_matrix": [
        [
          -0.821822,
          -0.331595,
          0.463307,
          5.491539
        ],
        [
          -0.562777,
          0.345677,
          -0.750859,
          5.324121
        ],
        [
          0.088826,
          -0.877811,
          -0.470699,
          1.428851
        ],
        [
          0.0,
          0.0,
          0.0,
          1.0
        ]
      ]
    },
    {
      "file_path": "/media/NFS/ttao/scannet/posed_images/scene0572_00/00215.jpg",
      "transform_matrix": [
        [
          -0.868451,
          -0.279772,
          0.409293,
          5.46067
        ],
        [
          -0.489752,
          0.355829,
          -0.795945,
          5.301081
        ],
        [
          0.077045,
          -0.891691,
          -0.446039,
          1.462497
        ],
        [
          0.0,
          0.0,
          0.0,
          1.0
        ]
      ]
    },
    {
      "file_path": "/media/NFS/ttao/scannet/posed_images/scene0572_00/00219.jpg",
      "transform_matrix": [
        [
          -0.904754,
          -0.229198,
          0.359011,
          5.429741
        ],
        [
          -0.422145,
          0.370332,
          -0.827435,
          5.275324
        ],
        [
          0.056694,
          -0.900179,
          -0.431814,
          1.482816
        ],
        [
          0.0,
          0.0,
          0.0,
          1.0
        ]
      ]
    },
    {
      "file_path": "/media/NFS/ttao/scannet/posed_images/scene0572_00/00223.jpg",
      "transform_matrix": [
        [
          -0.938427,
          -0.159137,
          0.306644,
          5.371657
        ],
        [
          -0.344967,
          0.38335,
          -0.856762,
          5.231322
        ],
        [
          0.01879,
          -0.90979,
          -0.414643,
          1.50403
        ],
        [
          0.0,
          0.0,
          0.0,
          1.0
        ]
      ]
    },
    {
      "file_path": "/media/NFS/ttao/scannet/posed_images/scene0572_00/00231.jpg",
      "transform_matrix": [
        [
          -0.965874,
          -0.092053,
          0.242103,
          5.270483
        ],
        [
          -0.258912,
          0.369148,
          -0.892577,
          5.171126
        ],
        [
          -0.007207,
          -0.924801,
          -0.380384,
          1.524482
        ],
        [
          0.0,
          0.0,
          0.0,
          1.0
        ]
      ]
    },
    {
      "file_path": "/media/NFS/ttao/scannet/posed_images/scene0572_00/00232.jpg",
      "transform_matrix": [
        [
          -0.966855,
          -0.087514,
          0.239858,
          5.259412
        ],
        [
          -0.255132,
          0.367621,
          -0.894295,
          5.166839
        ],
        [
          -0.009914,
          -0.925849,
          -0.377764,
          1.529801
        ],
        [
          0.0,
          0.0,
          0.0,
          1.0
        ]
      ]
    },
    {
      "file_path": "/media/NFS/ttao/scannet/posed_images/scene0572_00/00236.jpg",
      "transform_matrix": [
        [
          -0.967194,
          -0.07675,
          0.242167,
          5.205296
        ],
        [
          -0.253591,
          0.348232,
          -0.902456,
          5.135214
        ],
        [
          -0.015067,
          -0.934261,
          -0.356271,
          1.545591
        ],
        [
          0.0,
          0.0,
          0.0,
          1.0
        ]
      ]
    },
    {
      "file_path": "/media/NFS/ttao/scannet/posed_images/scene0572_00/00242.jpg",
      "transform_matrix": [
        [
          -0.970966,
          -0.075891,
          0.226862,
          5.146221
        ],
        [
          -0.239162,
          0.2872,
          -0.927533,
          5.096795
        ],
        [
          0.005237,
          -0.954859,
          -0.297012,
          1.56828
        ],
        [
          0.0,
          0.0,
          0.0,
          1.0
        ]
      ]
    },
    {
      "file_path": "/media/NFS/ttao/scannet/posed_images/scene0572_00/00247.jpg",
      "transform_matrix": [
        [
          -0.984449,
          -0.041261,
          0.170756,
          5.108439
        ],
        [
          -0.175661,
          0.240785,
          -0.95455,
          5.069382
        ],
        [
          -0.00173,
          -0.969701,
          -0.244289,
          1.593525
        ],
        [
          0.0,
          0.0,
          0.0,
          1.0
        ]
      ]
    },
    {
      "file_path": "/media/NFS/ttao/scannet/posed_images/scene0572_00/00253.jpg",
      "transform_matrix": [
        [
          -0.992509,
          -0.007464,
          0.121945,
          5.101287
        ],
        [
          -0.12081,
          0.208627,
          -0.970505,
          5.057553
        ],
        [
          -0.018197,
          -0.977967,
          -0.207966,
          1.593041
        ],
        [
          0.0,
          0.0,
          0.0,
          1.0
        ]
      ]
    },
    {
      "file_path": "/media/NFS/ttao/scannet/posed_images/scene0572_00/00256.jpg",
      "transform_matrix": [
        [
          -0.995028,
          -0.006128,
          0.099406,
          5.09792
        ],
        [
          -0.098524,
          0.206528,
          -0.973468,
          5.038093
        ],
        [
          -0.014565,
          -0.978421,
          -0.206105,
          1.604959
        ],
        [
          0.0,
          0.0,
          0.0,
          1.0
        ]
      ]
    },
    {
      "file_path": "/media/NFS/ttao/scannet/posed_images/scene0572_00/00259.jpg",
      "transform_matrix": [
        [
          -0.996921,
          -0.016089,
          0.076741,
          5.080699
        ],
        [
          -0.078404,
          0.193873,
          -0.977889,
          4.999373
        ],
        [
          0.000855,
          -0.980895,
          -0.194537,
          1.634266
        ],
        [
          0.0,
          0.0,
          0.0,
          1.0
        ]
      ]
    },
    {
      "file_path": "/media/NFS/ttao/scannet/posed_images/scene0572_00/00265.jpg",
      "transform_matrix": [
        [
          -0.999574,
          -0.027005,
          0.011093,
          5.121043
        ],
        [
          -0.015288,
          0.160477,
          -0.986921,
          4.965458
        ],
        [
          0.024872,
          -0.98667,
          -0.160822,
          1.643014
        ],
        [
          0.0,
          0.0,
          0.0,
          1.0
        ]
      ]
    },
    {
      "file_path": "/media/NFS/ttao/scannet/posed_images/scene0572_00/00271.jpg",
      "transform_matrix": [
        [
          -0.999681,
          -0.006953,
          0.024296,
          5.099819
        ],
        [
          -0.024868,
          0.099593,
          -0.994717,
          4.870277
        ],
        [
          0.004497,
          -0.995004,
          -0.099734,
          1.623189
        ],
        [
          0.0,
          0.0,
          0.0,
          1.0
        ]
      ]
    },
    {
      "file_path": "/media/NFS/ttao/scannet/posed_images/scene0572_00/00272.jpg",
      "transform_matrix": [
        [
          -0.999824,
          -0.000703,
          0.018757,
          5.104983
        ],
        [
          -0.018731,
          0.102135,
          -0.994594,
          4.859447
        ],
        [
          -0.001216,
          -0.99477,
          -0.10213,
          1.631306
        ],
        [
          0.0,
          0.0,
          0.0,
          1.0
        ]
      ]
    },
    {
      "file_path": "/media/NFS/ttao/scannet/posed_images/scene0572_00/00276.jpg",
      "transform_matrix": [
        [
          -0.999852,
          0.010486,
          -0.013643,
          5.101439
        ],
        [
          0.014697,
          0.10811,
          -0.99403,
          4.831189
        ],
        [
          -0.008949,
          -0.994084,
          -0.108249,
          1.631094
        ],
        [
          0.0,
          0.0,
          0.0,
          1.0
        ]
      ]
    },
    {
      "file_path": "/media/NFS/ttao/scannet/posed_images/scene0572_00/00281.jpg",
      "transform_matrix": [
        [
          -0.995689,
          0.042253,
          -0.082567,
          5.094021
        ],
        [
          0.087786,
          0.141976,
          -0.98597,
          4.785275
        ],
        [
          -0.029937,
          -0.988968,
          -0.145073,
          1.584684
        ],
        [
          0.0,
          0.0,
          0.0,
          1.0
        ]
      ]
    },
    {
      "file_path": "/media/NFS/ttao/scannet/posed_images/scene0572_00/00286.jpg",
      "transform_matrix": [
        [
          -0.985672,
          0.090545,
          -0.142311,
          5.041064
        ],
        [
          0.156249,
          0.172315,
          -0.972571,
          4.732294
        ],
        [
          -0.063539,
          -0.980872,
          -0.183994,
          1.569232
        ],
        [
          0.0,
          0.0,
          0.0,
          1.0
        ]
      ]
    },
    {
      "file_path": "/media/NFS/ttao/scannet/posed_images/scene0572_00/00292.jpg",
      "transform_matrix": [
        [
          -0.970724,
          0.130443,
          -0.201693,
          4.998543
        ],
        [
          0.223961,
          0.188034,
          -0.956287,
          4.675355
        ],
        [
          -0.086815,
          -0.973462,
          -0.211743,
          1.537156
        ],
        [
          0.0,
          0.0,
          0.0,
          1.0
        ]
      ]
    },
    {
      "file_path": "/media/NFS/ttao/scannet/posed_images/scene0572_00/00297.jpg",
      "transform_matrix": [
        [
          -0.960962,
          0.15241,
          -0.230919,
          4.932232
        ],
        [
          0.25893,
          0.201257,
          -0.944696,
          4.633918
        ],
        [
          -0.097507,
          -0.967609,
          -0.232864,
          1.514813
        ],
        [
          0.0,
          0.0,
          0.0,
          1.0
        ]
      ]
    },
    {
      "file_path": "/media/NFS/ttao/scannet/posed_images/scene0572_00/00298.jpg",
      "transform_matrix": [
        [
          -0.956524,
          0.154631,
          -0.247287,
          4.934766
        ],
        [
          0.276292,
          0.208887,
          -0.938099,
          4.618155
        ],
        [
          -0.093404,
          -0.965637,
          -0.242529,
          1.514835
        ],
        [
          0.0,
          0.0,
          0.0,
          1.0
        ]
      ]
    },
    {
      "file_path": "/media/NFS/ttao/scannet/posed_images/scene0572_00/00306.jpg",
      "transform_matrix": [
        [
          -0.925305,
          0.184717,
          -0.331194,
          4.895691
        ],
        [
          0.371826,
          0.270268,
          -0.888088,
          4.51807
        ],
        [
          -0.074534,
          -0.944899,
          -0.318763,
          1.502509
        ],
        [
          0.0,
          0.0,
          0.0,
          1.0
        ]
      ]
    },
    {
      "file_path": "/media/NFS/ttao/scannet/posed_images/scene0572_00/00310.jpg",
      "transform_matrix": [
        [
          -0.902654,
          0.220376,
          -0.369661,
          4.892229
        ],
        [
          0.423238,
          0.298872,
          -0.855305,
          4.46249
        ],
        [
          -0.078007,
          -0.928499,
          -0.363049,
          1.521943
        ],
        [
          0.0,
          0.0,
          0.0,
          1.0
        ]
      ]
    },
    {
      "file_path": "/media/NFS/ttao/scannet/posed_images/scene0572_00/00314.jpg",
      "transform_matrix": [
        [
          -0.881796,
          0.231132,
          -0.411114,
          4.887485
        ],
        [
          0.467356,
          0.311114,
          -0.827518,
          4.419453
        ],
        [
          -0.063362,
          -0.921838,
          -0.38236,
          1.483402
        ],
        [
          0.0,
          0.0,
          0.0,
          1.0
        ]
      ]
    },
    {
      "file_path": "/media/NFS/ttao/scannet/posed_images/scene0572_00/00319.jpg",
      "transform_matrix": [
        [
          -0.846648,
          0.241781,
          -0.474056,
          4.923674
        ],
        [
          0.530337,
          0.309822,
          -0.789147,
          4.351121
        ],
        [
          -0.043927,
          -0.919539,
          -0.390536,
          1.477681
        ],
        [
          0.0,
          0.0,
          0.0,
          1.0
        ]
      ]
    },
    {
      "file_path": "/media/NFS/ttao/scannet/posed_images/scene0572_00/00321.jpg",
      "transform_matrix": [
        [
          -0.83363,
          0.256942,
          -0.488918,
          4.927779
        ],
        [
          0.550206,
          0.3089,
          -0.775792,
          4.334111
        ],
        [
          -0.048307,
          -0.91573,
          -0.398879,
          1.488539
        ],
        [
          0.0,
          0.0,
          0.0,
          1.0
        ]
      ]
    },
    {
      "file_path": "/media/NFS/ttao/scannet/posed_images/scene0572_00/00327.jpg",
      "transform_matrix": [
        [
          -0.771892,
          0.285899,
          -0.567842,
          4.94397
        ],
        [
          0.63414,
          0.282637,
          -0.71971,
          4.259118
        ],
        [
          -0.045271,
          -0.91563,
          -0.399466,
          1.488429
        ],
        [
          0.0,
          0.0,
          0.0,
          1.0
        ]
      ]
    },
    {
      "file_path": "/media/NFS/ttao/scannet/posed_images/scene0572_00/00333.jpg",
      "transform_matrix": [
        [
          -0.722425,
          0.306219,
          -0.619945,
          4.931468
        ],
        [
          0.690171,
          0.264862,
          -0.673433,
          4.192952
        ],
        [
          -0.042018,
          -0.914373,
          -0.402687,
          1.481324
        ],
        [
          0.0,
          0.0,
          0.0,
          1.0
        ]
      ]
    },
    {
      "file_path": "/media/NFS/ttao/scannet/posed_images/scene0572_00/00335.jpg",
      "transform_matrix": [
        [
          -0.710217,
          0.310522,
          -0.631798,
          4.929797
        ],
        [
          0.702929,
          0.263705,
          -0.660569,
          4.158893
        ],
        [
          -0.038513,
          -0.913256,
          -0.405562,
          1.475697
        ],
        [
          0.0,
          0.0,
          0.0,
          1.0
        ]
      ]
    },
    {
      "file_path": "/media/NFS/ttao/scannet/posed_images/scene0572_00/00339.jpg",
      "transform_matrix": [
        [
          -0.684178,
          0.31982,
          -0.65545,
          4.915969
        ],
        [
          0.728286,
          0.251884,
          -0.637302,
          4.074913
