{
  "frames": [
    {
      "file_path": "/media/NFS/ttao/scannet/posed_images/scene0608_00/00007.jpg",
      "transform_matrix": [
        [
          0.882638,
          0.139904,
          -0.448751,
          2.874991
        ],
        [
          0.465747,
          -0.389222,
          0.794724,
          5.054763
        ],
        [
          -0.063478,
          -0.910458,
          -0.408702,
          1.369977
        ],
        [
          0.0,
          0.0,
          0.0,
          1.0
        ]
      ]
    },
    {
      "file_path": "/media/NFS/ttao/scannet/posed_images/scene0608_00/00017.jpg",
      "transform_matrix": [
        [
          0.875127,
          0.14253,
          -0.462427,
          2.903773
        ],
        [
          0.480972,
          -0.361072,
          0.798933,
          5.051637
        ],
        [
          -0.053097,
          -0.921582,
          -0.384536,
          1.359168
        ],
        [
          0.0,
          0.0,
          0.0,
          1.0
        ]
      ]
    },
    {
      "file_path": "/media/NFS/ttao/scannet/posed_images/scene0608_00/00020.jpg",
      "transform_matrix": [
        [
          0.873589,
          0.143998,
          -0.464872,
          2.905978
        ],
        [
          0.483651,
          -0.363005,
          0.796435,
          5.050181
        ],
        [
          -0.054066,
          -0.920593,
          -0.386762,
          1.354953
        ],
        [
          0.0,
          0.0,
          0.0,
          1.0
        ]
      ]
    },
    {
      "file_path": "/media/NFS/ttao/scannet/posed_images/scene0608_00/00030.jpg",
      "transform_matrix": [
        [
          0.877507,
          0.143898,
          -0.457466,
          2.912729
        ],
        [
          0.476011,
          -0.377253,
          0.794414,
          5.051746
        ],
        [
          -0.058266,
          -0.914863,
          -0.399539,
          1.349648
        ],
        [
          0.0,
          0.0,
          0.0,
          1.0
        ]
      ]
    },
    {
      "file_path": "/media/NFS/ttao/scannet/posed_images/scene0608_00/00044.jpg",
      "transform_matrix": [
        [
          0.880409,
          0.158988,
          -0.44677,
          2.918988
        ],
        [
          0.470732,
          -0.406993,
          0.782795,
          5.048719
        ],
        [
          -0.057377,
          -0.899489,
          -0.433161,
          1.31705
        ],
        [
          0.0,
          0.0,
          0.0,
          1.0
        ]
      ]
    },
    {
      "file_path": "/media/NFS/ttao/scannet/posed_images/scene0608_00/00054.jpg",
      "transform_matrix": [
        [
          0.884131,
          0.18764,
          -0.427906,
          2.910902
        ],
        [
          0.46449,
          -0.452155,
          0.761449,
          5.038476
        ],
        [
          -0.050602,
          -0.871979,
          -0.486921,
          1.28273
        ],
        [
          0.0,
          0.0,
          0.0,
          1.0
        ]
      ]
    },
    {
      "file_path": "/media/NFS/ttao/scannet/posed_images/scene0608_00/00064.jpg",
      "transform_matrix": [
        [
          0.886042,
          0.235884,
          -0.399109,
          2.88737
        ],
        [
          0.462702,
          -0.503647,
          0.729553,
          5.04278
        ],
        [
          -0.02892,
          -0.831083,
          -0.555396,
          1.260346
        ],
        [
          0.0,
          0.0,
          0.0,
          1.0
        ]
      ]
    },
    {
      "file_path": "/media/NFS/ttao/scannet/posed_images/scene0608_00/00081.jpg",
      "transform_matrix": [
        [
          0.928793,
          0.213283,
          -0.303073,
          2.842367
        ],
        [
          0.368659,
          -0.615278,
          0.696795,
          5.027774
        ],
        [
          -0.037859,
          -0.75891,
          -0.650095,
          1.230057
        ],
        [
          0.0,
          0.0,
          0.0,
          1.0
        ]
      ]
    },
    {
      "file_path": "/media/NFS/ttao/scannet/posed_images/scene0608_00/00088.jpg",
      "transform_matrix": [
        [
          0.949881,
          0.163791,
          -0.266268,
          2.831762
        ],
        [
          0.308328,
          -0.631379,
          0.711544,
          5.037382
        ],
        [
          -0.051572,
          -0.75798,
          -0.650236,
          1.231035
        ],
        [
          0.0,
          0.0,
          0.0,
          1.0
        ]
      ]
    },
    {
      "file_path": "/media/NFS/ttao/scannet/posed_images/scene0608_00/00108.jpg",
      "transform_matrix": [
        [
          0.955874,
          0.084899,
          -0.281241,
          2.798173
        ],
        [
          0.278827,
          -0.563672,
          0.777515,
          5.122865
        ],
        [
          -0.092517,
          -0.821624,
          -0.562472,
          1.262197
        ],
        [
          0.0,
          0.0,
          0.0,
          1.0
        ]
      ]
    },
    {
      "file_path": "/media/NFS/ttao/scannet/posed_images/scene0608_00/00119.jpg",
      "transform_matrix": [
        [
          0.947572,
          0.100735,
          -0.303249,
          2.776295
        ],
        [
          0.310447,
          -0.515039,
          0.798973,
          5.119245
        ],
        [
          -0.075701,
          -0.851227,
          -0.51931,
          1.305048
        ],
        [
          0.0,
          0.0,
          0.0,
          1.0
        ]
      ]
    },
    {
      "file_path": "/media/NFS/ttao/scannet/posed_images/scene0608_00/00125.jpg",
      "transform_matrix": [
        [
          0.940751,
          0.103529,
          -0.322907,
          2.758505
        ],
        [
          0.331679,
          -0.479031,
          0.812723,
          5.079889
        ],
        [
          -0.070542,
          -0.871672,
          -0.484987,
          1.319719
        ],
        [
          0.0,
          0.0,
          0.0,
          1.0
        ]
      ]
    },
    {
      "file_path": "/media/NFS/ttao/scannet/posed_images/scene0608_00/00142.jpg",
      "transform_matrix": [
        [
          0.919881,
          0.135975,
          -0.367872,
          2.730608
        ],
        [
          0.38991,
          -0.41823,
          0.820399,
          5.001751
        ],
        [
          -0.042301,
          -0.898106,
          -0.43774,
          1.324428
        ],
        [
          0.0,
          0.0,
          0.0,
          1.0
        ]
      ]
    },
    {
      "file_path": "/media/NFS/ttao/scannet/posed_images/scene0608_00/00146.jpg",
      "transform_matrix": [
        [
          0.925588,
          0.12033,
          -0.358898,
          2.730351
        ],
        [
          0.375678,
          -0.408245,
          0.831987,
          4.991288
        ],
        [
          -0.046405,
          -0.904907,
          -0.423072,
          1.327428
        ],
        [
          0.0,
          0.0,
          0.0,
          1.0
        ]
      ]
    },
    {
      "file_path": "/media/NFS/ttao/scannet/posed_images/scene0608_00/00163.jpg",
      "transform_matrix": [
        [
          0.915885,
          0.076629,
          -0.39406,
          2.808614
        ],
        [
          0.397486,
          -0.310556,
          0.863458,
          5.01646
        ],
        [
          -0.056212,
          -0.947461,
          -0.314893,
          1.359012
        ],
        [
          0.0,
          0.0,
          0.0,
          1.0
        ]
      ]
    },
    {
      "file_path": "/media/NFS/ttao/scannet/posed_images/scene0608_00/00169.jpg",
      "transform_matrix": [
        [
          0.927679,
          0.059092,
          -0.368673,
          2.830919
        ],
        [
          0.368468,
          -0.304504,
          0.878356,
          5.028272
        ],
        [
          -0.060359,
          -0.950676,
          -0.304256,
          1.365467
        ],
        [
          0.0,
          0.0,
          0.0,
          1.0
        ]
      ]
    },
    {
      "file_path": "/media/NFS/ttao/scannet/posed_images/scene0608_00/00180.jpg",
      "transform_matrix": [
        [
          0.951207,
          0.031502,
          -0.30694,
          2.848106
        ],
        [
          0.299862,
          -0.328816,
          0.895524,
          5.029541
        ],
        [
          -0.072716,
          -0.943869,
          -0.322218,
          1.364033
        ],
        [
          0.0,
          0.0,
          0.0,
          1.0
        ]
      ]
    },
    {
      "file_path": "/media/NFS/ttao/scannet/posed_images/scene0608_00/00197.jpg",
      "transform_matrix": [
        [
          0.982837,
          -0.008998,
          -0.184258,
          2.856971
        ],
        [
          0.168411,
          -0.363914,
          0.916081,
          5.024013
        ],
        [
          -0.075297,
          -0.931389,
          -0.356152,
          1.360417
        ],
        [
          0.0,
          0.0,
          0.0,
          1.0
        ]
      ]
    },
    {
      "file_path": "/media/NFS/ttao/scannet/posed_images/scene0608_00/00200.jpg",
      "transform_matrix": [
        [
          0.984286,
          -0.010485,
          -0.176271,
          2.853183
        ],
        [
          0.160229,
          -0.366526,
          0.916507,
          5.020364
        ],
        [
          -0.074217,
          -0.930349,
          -0.359086,
          1.363583
        ],
        [
          0.0,
          0.0,
          0.0,
          1.0
        ]
      ]
    },
    {
      "file_path": "/media/NFS/ttao/scannet/posed_images/scene0608_00/00220.jpg",
      "transform_matrix": [
        [
          0.97774,
          0.01141,
          -0.209511,
          2.838664
        ],
        [
          0.205014,
          -0.264478,
          0.942348,
          5.004833
        ],
        [
          -0.044659,
          -0.964324,
          -0.26093,
          1.405346
        ],
        [
          0.0,
          0.0,
          0.0,
          1.0
        ]
      ]
    },
    {
      "file_path": "/media/NFS/ttao/scannet/posed_images/scene0608_00/00230.jpg",
      "transform_matrix": [
        [
          0.967059,
          0.003894,
          -0.254523,
          2.842503
        ],
        [
          0.248434,
          -0.232341,
          0.940371,
          5.002246
        ],
        [
          -0.055474,
          -0.972627,
          -0.225654,
          1.415321
        ],
        [
          0.0,
          0.0,
          0.0,
          1.0
        ]
      ]
    },
    {
      "file_path": "/media/NFS/ttao/scannet/posed_images/scene0608_00/00241.jpg",
      "transform_matrix": [
        [
          0.961849,
          0.013385,
          -0.273254,
          2.830598
        ],
        [
          0.27013,
          -0.204611,
          0.940832,
          4.99772
        ],
        [
          -0.043318,
          -0.978752,
          -0.200421,
          1.43158
        ],
        [
          0.0,
          0.0,
          0.0,
          1.0
        ]
      ]
    },
    {
      "file_path": "/media/NFS/ttao/scannet/posed_images/scene0608_00/00247.jpg",
      "transform_matrix": [
        [
          0.955652,
          0.005183,
          -0.294453,
          2.837235
        ],
        [
          0.290203,
          -0.186725,
          0.938571,
          4.993941
        ],
        [
          -0.050118,
          -0.982398,
          -0.179949,
          1.425063
        ],
        [
          0.0,
          0.0,
          0.0,
          1.0
        ]
      ]
    },
    {
      "file_path": "/media/NFS/ttao/scannet/posed_images/scene0608_00/00264.jpg",
      "transform_matrix": [
        [
          0.945194,
          -0.011272,
          -0.326315,
          2.84826
        ],
        [
          0.321075,
          -0.149491,
          0.935181,
          4.986012
        ],
        [
          -0.059323,
          -0.988699,
          -0.137679,
          1.44373
        ],
        [
          0.0,
          0.0,
          0.0,
          1.0
        ]
      ]
    },
    {
      "file_path": "/media/NFS/ttao/scannet/posed_images/scene0608_00/00274.jpg",
      "transform_matrix": [
        [
          0.940981,
          -0.008866,
          -0.338344,
          2.856105
        ],
        [
          0.335302,
          -0.111808,
          0.935453,
          4.98024
        ],
        [
          -0.046124,
          -0.99369,
          -0.102237,
          1.475428
        ],
        [
          0.0,
          0.0,
          0.0,
          1.0
        ]
      ]
    },
    {
      "file_path": "/media/NFS/ttao/scannet/posed_images/scene0608_00/00285.jpg",
      "transform_matrix": [
        [
          0.955552,
          -0.024773,
          -0.29378,
          2.85275
        ],
        [
          0.292112,
          -0.055238,
          0.954788,
          4.974417
        ],
        [
          -0.039881,
          -0.998166,
          -0.045546,
          1.500647
        ],
        [
          0.0,
          0.0,
          0.0,
          1.0
        ]
      ]
    },
    {
      "file_path": "/media/NFS/ttao/scannet/posed_images/scene0608_00/00298.jpg",
      "transform_matrix": [
        [
          0.96575,
          -0.0581,
          -0.252885,
          2.847589
        ],
        [
          0.255548,
          0.044082,
          0.965791,
          4.959677
        ],
        [
          -0.044965,
          -0.997337,
          0.057419,
          1.532453
        ],
        [
          0.0,
          0.0,
          0.0,
          1.0
        ]
      ]
    },
    {
      "file_path": "/media/NFS/ttao/scannet/posed_images/scene0608_00/00308.jpg",
      "transform_matrix": [
        [
          0.955921,
          -0.076924,
          -0.283368,
          2.85972
        ],
        [
          0.287071,
          0.042114,
          0.956983,
          4.95526
        ],
        [
          -0.061682,
          -0.996147,
          0.06234,
          1.548891
        ],
        [
          0.0,
          0.0,
          0.0,
          1.0
        ]
      ]
    },
    {
      "file_path": "/media/NFS/ttao/scannet/posed_images/scene0608_00/00315.jpg",
      "transform_matrix": [
        [
          0.953623,
          -0.085931,
          -0.288479,
          2.860586
        ],
        [
          0.292183,
          0.033929,
          0.95576,
          4.960246
        ],
        [
          -0.072341,
          -0.995723,
          0.057463,
          1.545019
        ],
        [
          0.0,
          0.0,
          0.0,
          1.0
        ]
      ]
    },
    {
      "file_path": "/media/NFS/ttao/scannet/posed_images/scene0608_00/00332.jpg",
      "transform_matrix": [
        [
          0.923477,
          -0.048766,
          -0.380542,
          2.853838
        ],
        [
          0.379839,
          -0.023321,
          0.924759,
          4.96454
        ],
        [
          -0.053971,
          -0.998538,
          -0.003013,
          1.51872
        ],
        [
          0.0,
          0.0,
          0.0,
          1.0
        ]
      ]
    },
    {
      "file_path": "/media/NFS/ttao/scannet/posed_images/scene0608_00/00335.jpg",
      "transform_matrix": [
        [
          0.918083,
          -0.031585,
          -0.395127,
          2.850841
        ],
        [
          0.393888,
          -0.039072,
          0.918328,
          4.964821
        ],
        [
          -0.044443,
          -0.998737,
          -0.023431,
          1.51036
        ],
        [
          0.0,
          0.0,
          0.0,
          1.0
        ]
      ]
    },
    {
      "file_path": "/media/NFS/ttao/scannet/posed_images/scene0608_00/00349.jpg",
      "transform_matrix": [
        [
          0.861329,
          -0.008185,
          -0.507982,
          2.810972
        ],
        [
          0.506195,
          -0.071484,
          0.859451,
          4.955298
        ],
        [
          -0.043347,
          -0.997408,
          -0.057428,
          1.464123
        ],
        [
          0.0,
          0.0,
          0.0,
          1.0
        ]
      ]
    },
    {
      "file_path": "/media/NFS/ttao/scannet/posed_images/scene0608_00/00363.jpg",
      "transform_matrix": [
        [
          0.830654,
          -0.016449,
          -0.556546,
          2.756715
        ],
        [
          0.555318,
          -0.048143,
          0.830244,
          4.922043
        ],
        [
          -0.04045,
          -0.998705,
          -0.030856,
          1.483321
        ],
        [
          0.0,
          0.0,
          0.0,
          1.0
        ]
      ]
    },
    {
      "file_path": "/media/NFS/ttao/scannet/posed_images/scene0608_00/00369.jpg",
      "transform_matrix": [
        [
          0.824503,
          -0.017808,
          -0.565577,
          2.751834
        ],
        [
          0.564525,
          -0.042661,
          0.824313,
          4.920378
        ],
        [
          -0.038808,
          -0.998931,
          -0.025121,
          1.491126
        ],
        [
          0.0,
          0.0,
          0.0,
          1.0
        ]
      ]
    },
    {
      "file_path": "/media/NFS/ttao/scannet/posed_images/scene0608_00/00386.jpg",
      "transform_matrix": [
        [
          0.829822,
          -0.022444,
          -0.557577,
          2.745833
        ],
        [
          0.557616,
          -0.005054,
          0.830084,
          4.917321
        ],
        [
          -0.021448,
          -0.999735,
          0.008322,
          1.50344
        ],
        [
          0.0,
          0.0,
          0.0,
          1.0
        ]
      ]
    },
    {
      "file_path": "/media/NFS/ttao/scannet/posed_images/scene0608_00/00393.jpg",
      "transform_matrix": [
        [
          0.822574,
          -0.021016,
          -0.56827,
          2.745675
        ],
        [
          0.568508,
          0.007402,
          0.822644,
          4.913823
        ],
        [
          -0.013082,
          -0.999752,
          0.018036,
          1.502631
        ],
        [
          0.0,
          0.0,
          0.0,
          1.0
        ]
      ]
    },
    {
      "file_path": "/media/NFS/ttao/scannet/posed_images/scene0608_00/00407.jpg",
      "transform_matrix": [
        [
          0.796969,
          -0.00737,
          -0.603976,
          2.708588
        ],
        [
          0.603621,
          -0.026635,
          0.796826,
          4.901285
        ],
        [
          -0.021959,
          -0.999618,
          -0.016779,
          1.46159
        ],
        [
          0.0,
          0.0,
          0.0,
          1.0
        ]
      ]
    },
    {
      "file_path": "/media/NFS/ttao/scannet/posed_images/scene0608_00/00424.jpg",
      "transform_matrix": [
        [
          0.780829,
          0.044305,
          -0.623172,
          2.705422
        ],
        [
          0.624076,
          -0.101447,
          0.77475,
          4.90352
        ],
        [
          -0.028893,
          -0.993854,
          -0.106863,
          1.42224
        ],
        [
          0.0,
          0.0,
          0.0,
          1.0
        ]
      ]
    },
    {
      "file_path": "/media/NFS/ttao/scannet/posed_images/scene0608_00/00434.jpg",
      "transform_matrix": [
        [
          0.790322,
          0.048573,
          -0.610763,
          2.716215
        ],
        [
          0.611914,
          -0.112782,
          0.782842,
          4.900986
        ],
        [
          -0.030858,
          -0.992432,
          -0.118857,
          1.41302
        ],
        [
          0.0,
          0.0,
          0.0,
          1.0
        ]
      ]
    },
    {
      "file_path": "/media/NFS/ttao/scannet/posed_images/scene0608_00/00440.jpg",
      "transform_matrix": [
        [
          0.796144,
          0.056323,
          -0.60248,
          2.711502
        ],
        [
          0.604677,
          -0.111582,
          0.788616,
          4.889056
        ],
        [
          -0.022809,
          -0.992158,
          -0.122893,
          1.410567
        ],
        [
          0.0,
          0.0,
          0.0,
          1.0
        ]
      ]
    },
    {
      "file_path": "/media/NFS/ttao/scannet/posed_images/scene0608_00/00457.jpg",
      "transform_matrix": [
        [
          0.754256,
          0.107359,
          -0.647744,
          2.738403
        ],
        [
          0.656222,
          -0.155878,
          0.738292,
          4.899964
        ],
        [
          -0.021706,
          -0.981925,
          -0.188024,
          1.363355
        ],
        [
          0.0,
          0.0,
          0.0,
          1.0
        ]
      ]
    },
    {
      "file_path": "/media/NFS/ttao/scannet/posed_images/scene0608_00/00468.jpg",
      "transform_matrix": [
        [
          0.68535,
          0.067184,
          -0.725108,
          2.799427
        ],
        [
          0.728203,
          -0.057879,
          0.682913,
          4.920762
        ],
        [
          0.003912,
          -0.996061,
          -0.088591,
          1.413435
        ],
        [
          0.0,
          0.0,
          0.0,
          1.0
        ]
      ]
    },
    {
      "file_path": "/media/NFS/ttao/scannet/posed_images/scene0608_00/00474.jpg",
      "transform_matrix": [
        [
          0.668415,
          0.048437,
          -0.74221,
          2.795613
        ],
        [
          0.743787,
          -0.041716,
          0.667114,
          4.890059
        ],
        [
          0.001352,
          -0.997955,
          -0.063911,
          1.434217
        ],
        [
          0.0,
          0.0,
          0.0,
          1.0
        ]
      ]
    },
    {
      "file_path": "/media/NFS/ttao/scannet/posed_images/scene0608_00/00484.jpg",
      "transform_matrix": [
        [
          0.678164,
          0.023362,
          -0.734539,
          2.791646
        ],
        [
          0.734882,
          -0.012822,
          0.678074,
          4.865731
        ],
        [
          0.006423,
          -0.999645,
          -0.025864,
          1.449399
        ],
        [
          0.0,
          0.0,
          0.0,
          1.0
        ]
      ]
    },
    {
      "file_path": "/media/NFS/ttao/scannet/posed_images/scene0608_00/00501.jpg",
      "transform_matrix": [
        [
          0.607719,
          0.021602,
          -0.793858,
          2.791508
        ],
        [
          0.794112,
          -0.006439,
          0.607738,
          4.797024
        ],
        [
          0.008017,
          -0.999746,
          -0.021068,
          1.443861
        ],
        [
          0.0,
          0.0,
          0.0,
          1.0
        ]
      ]
    },
    {
      "file_path": "/media/NFS/ttao/scannet/posed_images/scene0608_00/00508.jpg",
      "transform_matrix": [
        [
          0.60914,
          0.041384,
          -0.791982,
          2.822767
        ],
        [
          0.793055,
          -0.027541,
          0.608527,
          4.81938
        ],
        [
          0.003371,
          -0.998764,
          -0.049596,
          1.436351
        ],
        [
          0.0,
          0.0,
          0.0,
          1.0
        ]
      ]
    },
    {
      "file_path": "/media/NFS/ttao/scannet/posed_images/scene0608_00/00518.jpg",
      "transform_matrix": [
        [
          0.539038,
          0.110719,
          -0.834973,
          2.880439
        ],
        [
          0.840766,
          -0.011282,
          0.541282,
          4.850175
        ],
        [
          0.05051,
          -0.993788,
          -0.09917,
          1.414981
        ],
        [
          0.0,
          0.0,
          0.0,
          1.0
        ]
      ]
    },
    {
      "file_path": "/media/NFS/ttao/scannet/posed_images/scene0608_00/00529.jpg",
      "transform_matrix": [
        [
          0.474794,
          0.119603,
          -0.871932,
          2.960232
        ],
        [
          0.87998,
          -0.048402,
          0.472538,
          4.893207
        ],
        [
          0.014313,
          -0.991641,
          -0.128229,
          1.415774
        ],
        [
          0.0,
          0.0,
          0.0,
          1.0
        ]
      ]
    },
    {
      "file_path": "/media/NFS/ttao/scannet/posed_images/scene0608_00/00545.jpg",
      "transform_matrix": [
        [
          0.410853,
          0.055383,
          -0.910018,
          2.994952
        ],
        [
          0.910861,
          -0.067798,
          0.407107,
          4.908919
        ],
        [
          -0.039151,
          -0.996161,
          -0.078302,
          1.453414
        ],
        [
          0.0,
          0.0,
          0.0,
          1.0
        ]
      ]
    },
    {
      "file_path": "/media/NFS/ttao/scannet/posed_images/scene0608_00/00556.jpg",
      "transform_matrix": [
        [
          0.417081,
          0.011618,
          -0.908795,
          2.979871
        ],
        [
          0.908368,
          -0.038546,
          0.416393,
          4.862759
        ],
        [
          -0.030193,
          -0.999189,
          -0.02663,
          1.507798
        ],
        [
          0.0,
          0.0,
          0.0,
          1.0
        ]
      ]
    },
    {
      "file_path": "/media/NFS/ttao/scannet/posed_images/scene0608_00/00562.jpg",
      "transform_matrix": [
        [
          0.399941,
          -0.00019,
          -0.916541,
          2.969829
        ],
        [
          0.916483,
          -0.011124,
          0.399919,
          4.846038
        ],
        [
          -0.010271,
          -0.999938,
          -0.004275,
          1.497863
        ],
        [
          0.0,
          0.0,
          0.0,
          1.0
        ]
      ]
    },
    {
      "file_path": "/media/NFS/ttao/scannet/posed_images/scene0608_00/00579.jpg",
      "transform_matrix": [
        [
          0.315436,
          0.049214,
          -0.94767,
          2.95628
        ],
        [
          0.948945,
          -0.014419,
          0.315112,
          4.869202
        ],
        [
          0.001843,
          -0.998684,
          -0.05125,
          1.443825
        ],
        [
          0.0,
          0.0,
          0.0,
          1.0
        ]
      ]
    },
    {
      "file_path": "/media/NFS/ttao/scannet/posed_images/scene0608_00/00590.jpg",
      "transform_matrix": [
        [
          0.328819,
          0.121071,
          -0.9366,
          2.944948
        ],
        [
          0.944393,
          -0.041305,
          0.326215,
          4.866602
        ],
        [
          0.000809,
          -0.991784,
          -0.127921,
          1.423437
        ],
        [
          0.0,
          0.0,
          0.0,
          1.0
        ]
      ]
    },
    {
      "file_path": "/media/NFS/ttao/scannet/posed_images/scene0608_00/00596.jpg",
      "transform_matrix": [
        [
          0.331358,
          0.156244,
          -0.930478,
          2.948422
        ],
        [
          0.943469,
          -0.063541,
          0.325315,
          4.867855
        ],
        [
          -0.008295,
          -0.985673,
          -0.168466,
          1.415532
        ],
        [
          0.0,
          0.0,
          0.0,
          1.0
        ]
      ]
    },
    {
      "file_path": "/media/NFS/ttao/scannet/posed_images/scene0608_00/00617.jpg",
      "transform_matrix": [
        [
          0.407764,
          0.253625,
          -0.877156,
          2.934829
        ],
        [
          0.911492,
          -0.056311,
          0.407444,
          4.846245
        ],
        [
          0.053944,
          -0.965662,
          -0.254139,
          1.325536
        ],
        [
          0.0,
          0.0,
          0.0,
          1.0
        ]
      ]
    },
    {
      "file_path": "/media/NFS/ttao/scannet/posed_images/scene0608_00/00627.jpg",
      "transform_matrix": [
        [
          0.465044,
          0.246975,
          -0.85014,
          2.862372
        ],
        [
          0.883289,
          -0.064951,
          0.464308,
          4.795929
        ],
        [
          0.059455,
          -0.966843,
          -0.248355,
          1.309051
        ],
        [
          0.0,
          0.0,
          0.0,
          1.0
        ]
      ]
    },
    {
      "file_path": "/media/NFS/ttao/scannet/posed_images/scene0608_00/00630.jpg",
      "transform_matrix": [
        [
          0.475754,
          0.255808,
          -0.841559,
          2.822896
        ],
        [
          0.877519,
          -0.072601,
          0.474015,
          4.777415
        ],
        [
          0.060159,
          -0.963998,
          -0.259016,
          1.307604
        ],
        [
          0.0,
          0.0,
          0.0,
          1.0
        ]
      ]
    },
    {
      "file_path": "/media/NFS/ttao/scannet/posed_images/scene0608_00/00650.jpg",
      "transform_matrix": [
        [
          0.448948,
          0.301454,
          -0.841172,
          2.677612
        ],
        [
          0.89048,
          -0.072868,
          0.449151,
          4.666467
        ],
        [
          0.074104,
          -0.950692,
          -0.301153,
          1.293858
        ],
        [
          0.0,
          0.0,
          0.0,
          1.0
        ]
      ]
    },
    {
      "file_path": "/media/NFS/ttao/scannet/posed_images/scene0608_00/00654.jpg",
      "transform_matrix": [
        [
          0.441228,
          0.309696,
          -0.842263,
          2.667769
        ],
        [
          0.894173,
          -0.072259,
          0.441853,
          4.661231
        ],
        [
          0.075979,
          -0.948086,
          -0.308804,
          1.288777
        ],
        [
          0.0,
          0.0,
          0.0,
          1.0
        ]
      ]
    },
    {
      "file_path": "/media/NFS/ttao/scannet/posed_images/scene0608_00/00671.jpg",
      "transform_matrix": [
        [
          0.389543,
          0.368055,
          -0.84427,
          2.675287
        ],
        [
          0.919534,
          -0.103568,
          0.379119,
          4.681922
        ],
        [
          0.052097,
          -0.924018,
          -0.378783,
          1.271515
        ],
        [
          0.0,
          0.0,
          0.0,
          1.0
        ]
      ]
    },
    {
      "file_path": "/media/NFS/ttao/scannet/posed_images/scene0608_00/00674.jpg",
      "transform_matrix": [
        [
          0.385624,
          0.374822,
          -0.843091,
          2.685266
        ],
        [
          0.921427,
          -0.109298,
          0.372863,
          4.692769
        ],
        [
          0.047609,
          -0.920632,
          -0.387519,
          1.267751
        ],
        [
          0.0,
          0.0,
          0.0,
          1.0
        ]
      ]
    },
    {
      "file_path": "/media/NFS/ttao/scannet/posed_images/scene0608_00/00688.jpg",
      "transform_matrix": [
        [
          0.345928,
          0.429328,
          -0.834273,
          2.76099
        ],
        [
          0.93825,
          -0.162642,
          0.305343,
          4.849585
        ],
        [
          -0.004596,
          -0.888384,
          -0.459079,
          1.275874
        ],
        [
          0.0,
          0.0,
          0.0,
          1.0
        ]
      ]
    },
    {
      "file_path": "/media/NFS/ttao/scannet/posed_images/scene0608_00/00705.jpg",
      "transform_matrix": [
        [
          0.230747,
          0.435998,
          -0.869863,
          2.870689
        ],
        [
          0.972995,
          -0.108885,
          0.203529,
          5.025294
        ],
        [
          -0.005977,
          -0.893337,
          -0.449349,
          1.286037
        ],
        [
          0.0,
          0.0,
          0.0,
          1.0
        ]
      ]
    },
    {
      "file_path": "/media/NFS/ttao/scannet/posed_images/scene0608_00/00718.jpg",
      "transform_matrix": [
        [
          0.196635,
          0.446689,
          -0.872813,
          2.870634
        ],
        [
          0.979434,
          -0.130539,
          0.153849,
          5.080791
        ],
        [
          -0.045214,
          -0.885115,
          -0.463171,
          1.283238
        ],
        [
          0.0,
          0.0,
          0.0,
          1.0
        ]
      ]
    },
    {
      "file_path": "/media/NFS/ttao/scannet/posed_images/scene0608_00/00722.jpg",
      "transform_matrix": [
        [
          0.189037,
          0.455047,
          -0.870171,
          2.848673
        ],
        [
          0.980866,
          -0.129503,
          0.145362,
          5.104419
        ],
        [
          -0.046543,
          -0.881,
          -0.470821,
          1.280712
        ],
        [
          0.0,
          0.0,
          0.0,
          1.0
        ]
      ]
    },
    {
      "file_path": "/media/NFS/ttao/scannet/posed_images/scene0608_00/00735.jpg",
      "transform_matrix": [
        [
          0.207157,
          0.443352,
          -0.872081,
          2.74858
        ],
        [
          0.978261,
          -0.102623,
          0.180208,
          5.170292
        ],
        [
          -0.0096,
          -0.890453,
          -0.454974,
          1.296319
        ],
        [
          0.0,
          0.0,
          0.0,
          1.0
        ]
      ]
    },
    {
      "file_path": "/media/NFS/ttao/scannet/posed_images/scene0608_00/00752.jpg",
      "transform_matrix": [
        [
          0.226565,
          0.442096,
          -0.867882,
          2.694517
        ],
        [
          0.973973,
          -0.108913,
          0.198781,
          5.222881
        ],
        [
          -0.006644,
          -0.890331,
          -0.455265,
          1.301309
        ],
        [
          0.0,
          0.0,
          0.0,
          1.0
        ]
      ]
    },
    {
      "file_path": "/media/NFS/ttao/scannet/posed_images/scene0608_00/00756.jpg",
      "transform_matrix": [
        [
          0.225607,
          0.437753,
          -0.87033,
          2.687112
        ],
        [
          0.974215,
          -0.103725,
          0.200365,
          5.239041
        ],
        [
          -0.002565,
          -0.893092,
          -0.449867,
          1.29458
        ],
        [
          0.0,
          0.0,
          0.0,
          1.0
        ]
      ]
    },
    {
      "file_path": "/media/NFS/ttao/scannet/posed_images/scene0608_00/00769.jpg",
      "transform_matrix": [
        [
          0.155931,
          0.530758,
          -0.833056,
          2.658952
        ],
        [
          0.987573,
          -0.067004,
          0.142165,
          5.394202
        ],
        [
          0.019637,
          -0.844871,
          -0.53461,
          1.244575
        ],
        [
          0.0,
          0.0,
          0.0,
          1.0
        ]
      ]
    },
    {
      "file_path": "/media/NFS/ttao/scannet/posed_images/scene0608_00/00783.jpg",
      "transform_matrix": [
        [
          -0.081193,
          0.567612,
          -0.819283,
          2.667618
        ],
        [
          0.996698,
          0.047139,
          -0.066116,
          5.613602
        ],
        [
          0.001092,
          -0.821946,
          -0.569565,
          1.26261
        ],
        [
          0.0,
          0.0,
          0.0,
          1.0
        ]
      ]
    },
    {
      "file_path": "/media/NFS/ttao/scannet/posed_images/scene0608_00/00789.jpg",
      "transform_matrix": [
        [
          -0.10686,
          0.547142,
          -0.830191,
          2.664789
        ],
        [
          0.994192,
          0.048085,
          -0.096279,
          5.651022
        ],
        [
          -0.012759,
          -0.835658,
          -0.549102,
          1.275257
        ],
        [
          0.0,
          0.0,
          0.0,
          1.0
        ]
      ]
    },
    {
      "file_path": "/media/NFS/ttao/scannet/posed_images/scene0608_00/00800.jpg",
      "transform_matrix": [
        [
          -0.074257,
          0.509378,
          -0.857333,
          2.658016
        ],
        [
          0.996773,
          0.064207,
          -0.048186,
          5.679485
        ],
        [
          0.030502,
          -0.858144,
          -0.512502,
          1.268191
        ],
        [
          0.0,
          0.0,
          0.0,
          1.0
        ]
      ]
    },
    {
      "file_path": "/media/NFS/ttao/scannet/posed_images/scene0608_00/00817.jpg",
      "transform_matrix": [
        [
          -0.145584,
          0.469189,
          -0.871015,
          2.647167
        ],
        [
          0.989043,
          0.0908,
          -0.1164,
          5.676132
        ],
        [
          0.024474,
          -0.878418,
          -0.477267,
          1.286925
        ],
        [
          0.0,
          0.0,
          0.0,
          1.0
        ]
      ]
    },
    {
      "file_path": "/media/NFS/ttao/scannet/posed_images/scene0608_00/00823.jpg",
      "transform_matrix": [
        [
          -0.170364,
          0.447354,
          -0.877981,
          2.649687
        ],
        [
          0.985028,
          0.101176,
          -0.139584,
          5.674336
        ],
        [
          0.026387,
          -0.888616,
          -0.457893,
          1.290513
        ],
        [
          0.0,
          0.0,
          0.0,
          1.0
        ]
      ]
    },
    {
      "file_path": "/media/NFS/ttao/scannet/posed_images/scene0608_00/00837.jpg",
      "transform_matrix": [
        [
          -0.223129,
          0.394964,
          -0.891188,
          2.646428
        ],
        [
          0.974299,
          0.119343,
          -0.191046,
          5.619397
        ],
        [
          0.030901,
          -0.910912,
          -0.411442,
          1.323356
        ],
        [
          0.0,
          0.0,
          0.0,
          1.0
        ]
      ]
    },
    {
      "file_path": "/media/NFS/ttao/scannet/posed_images/scene0608_00/00844.jpg",
      "transform_matrix": [
        [
          -0.208221,
          0.372926,
          -0.904196,
          2.6506
        ],
        [
          0.97769,
          0.105514,
          -0.181627,
          5.561318
        ],
        [
          0.027672,
          -0.921842,
          -0.386576,
          1.335776
        ],
        [
          0.0,
          0.0,
          0.0,
          1.0
        ]
      ]
    },
    {
      "file_path": "/media/NFS/ttao/scannet/posed_images/scene0608_00/00864.jpg",
      "transform_matrix": [
        [
          -0.026712,
          0.267631,
          -0.963151,
          2.74693
        ],
        [
          0.999216,
          0.03532,
          -0.017898,
          5.251579
        ],
        [
          0.029229,
          -0.962874,
          -0.268365,
          1.358607
        ],
        [
          0.0,
          0.0,
          0.0,
          1.0
        ]
      ]
    },
    {
      "file_path": "/media/NFS/ttao/scannet/posed_images/scene0608_00/00874.jpg",
      "transform_matrix": [
        [
          -0.012258,
          0.232618,
          -0.972491,
          2.772133
        ],
        [
          0.997981,
          0.063464,
          0.002602,
          5.173366
        ],
        [
          0.062324,
          -0.970495,
          -0.232927,
          1.395945
        ],
