{
  "frames": [
    {
      "file_path": "/media/NFS/ttao/scannet/posed_images/scene0123_00/00001.jpg",
      "transform_matrix": [
        [
          0.996757,
          -0.027349,
          -0.075677,
          4.408994
        ],
        [
          0.057466,
          -0.416379,
          0.907373,
          5.403286
        ],
        [
          -0.056327,
          -0.90878,
          -0.413457,
          1.494292
        ],
        [
          0.0,
          0.0,
          0.0,
          1.0
        ]
      ]
    },
    {
      "file_path": "/media/NFS/ttao/scannet/posed_images/scene0123_00/00003.jpg",
      "transform_matrix": [
        [
          0.997087,
          -0.025415,
          -0.071922,
          4.407682
        ],
        [
          0.054952,
          -0.414609,
          0.908339,
          5.403047
        ],
        [
          -0.052905,
          -0.909645,
          -0.412004,
          1.49649
        ],
        [
          0.0,
          0.0,
          0.0,
          1.0
        ]
      ]
    },
    {
      "file_path": "/media/NFS/ttao/scannet/posed_images/scene0123_00/00006.jpg",
      "transform_matrix": [
        [
          0.997201,
          -0.025853,
          -0.070158,
          4.411926
        ],
        [
          0.053358,
          -0.41126,
          0.909955,
          5.401359
        ],
        [
          -0.052378,
          -0.911152,
          -0.408729,
          1.499457
        ],
        [
          0.0,
          0.0,
          0.0,
          1.0
        ]
      ]
    },
    {
      "file_path": "/media/NFS/ttao/scannet/posed_images/scene0123_00/00009.jpg",
      "transform_matrix": [
        [
          0.997265,
          -0.029561,
          -0.067745,
          4.415172
        ],
        [
          0.049832,
          -0.408017,
          0.911613,
          5.400004
        ],
        [
          -0.05459,
          -0.912496,
          -0.405428,
          1.499593
        ],
        [
          0.0,
          0.0,
          0.0,
          1.0
        ]
      ]
    },
    {
      "file_path": "/media/NFS/ttao/scannet/posed_images/scene0123_00/00013.jpg",
      "transform_matrix": [
        [
          0.997316,
          -0.035319,
          -0.064141,
          4.423875
        ],
        [
          0.044496,
          -0.403346,
          0.913965,
          5.396901
        ],
        [
          -0.058151,
          -0.914366,
          -0.400692,
          1.494363
        ],
        [
          0.0,
          0.0,
          0.0,
          1.0
        ]
      ]
    },
    {
      "file_path": "/media/NFS/ttao/scannet/posed_images/scene0123_00/00015.jpg",
      "transform_matrix": [
        [
          0.997205,
          -0.040103,
          -0.063051,
          4.429359
        ],
        [
          0.041501,
          -0.404439,
          0.913623,
          5.398278
        ],
        [
          -0.062139,
          -0.913685,
          -0.401644,
          1.48828
        ],
        [
          0.0,
          0.0,
          0.0,
          1.0
        ]
      ]
    },
    {
      "file_path": "/media/NFS/ttao/scannet/posed_images/scene0123_00/00019.jpg",
      "transform_matrix": [
        [
          0.995884,
          -0.054443,
          -0.072466,
          4.425303
        ],
        [
          0.042177,
          -0.429309,
          0.902172,
          5.398266
        ],
        [
          -0.080227,
          -0.901515,
          -0.425246,
          1.459194
        ],
        [
          0.0,
          0.0,
          0.0,
          1.0
        ]
      ]
    },
    {
      "file_path": "/media/NFS/ttao/scannet/posed_images/scene0123_00/00023.jpg",
      "transform_matrix": [
        [
          0.994654,
          -0.066777,
          -0.078775,
          4.428219
        ],
        [
          0.039877,
          -0.455281,
          0.889454,
          5.401716
        ],
        [
          -0.09526,
          -0.88784,
          -0.450184,
          1.430204
        ],
        [
          0.0,
          0.0,
          0.0,
          1.0
        ]
      ]
    },
    {
      "file_path": "/media/NFS/ttao/scannet/posed_images/scene0123_00/00026.jpg",
      "transform_matrix": [
        [
          0.992731,
          -0.071516,
          -0.096807,
          4.424873
        ],
        [
          0.051009,
          -0.478517,
          0.876595,
          5.400512
        ],
        [
          -0.109014,
          -0.875161,
          -0.47139,
          1.412338
        ],
        [
          0.0,
          0.0,
          0.0,
          1.0
        ]
      ]
    },
    {
      "file_path": "/media/NFS/ttao/scannet/posed_images/scene0123_00/00027.jpg",
      "transform_matrix": [
        [
          0.993178,
          -0.068243,
          -0.09455,
          4.423415
        ],
        [
          0.050104,
          -0.482426,
          0.874503,
          5.4002
        ],
        [
          -0.105292,
          -0.873274,
          -0.475715,
          1.409293
        ],
        [
          0.0,
          0.0,
          0.0,
          1.0
        ]
      ]
    },
    {
      "file_path": "/media/NFS/ttao/scannet/posed_images/scene0123_00/00032.jpg",
      "transform_matrix": [
        [
          0.998131,
          -0.044515,
          -0.041874,
          4.392484
        ],
        [
          0.014066,
          -0.499448,
          0.86623,
          5.395169
        ],
        [
          -0.059474,
          -0.865199,
          -0.497888,
          1.406035
        ],
        [
          0.0,
          0.0,
          0.0,
          1.0
        ]
      ]
    },
    {
      "file_path": "/media/NFS/ttao/scannet/posed_images/scene0123_00/00034.jpg",
      "transform_matrix": [
        [
          0.99921,
          -0.032991,
          -0.022146,
          4.371543
        ],
        [
          0.002953,
          -0.494158,
          0.869367,
          5.393469
        ],
        [
          -0.039625,
          -0.868746,
          -0.49367,
          1.408917
        ],
        [
          0.0,
          0.0,
          0.0,
          1.0
        ]
      ]
    },
    {
      "file_path": "/media/NFS/ttao/scannet/posed_images/scene0123_00/00036.jpg",
      "transform_matrix": [
        [
          0.999675,
          -0.025296,
          -0.003123,
          4.346248
        ],
        [
          -0.009599,
          -0.487156,
          0.873262,
          5.390646
        ],
        [
          -0.023612,
          -0.872949,
          -0.48724,
          1.416372
        ],
        [
          0.0,
          0.0,
          0.0,
          1.0
        ]
      ]
    },
    {
      "file_path": "/media/NFS/ttao/scannet/posed_images/scene0123_00/00040.jpg",
      "transform_matrix": [
        [
          0.998438,
          -0.022821,
          0.050997,
          4.292105
        ],
        [
          -0.055716,
          -0.474322,
          0.878587,
          5.379593
        ],
        [
          0.004139,
          -0.880056,
          -0.474852,
          1.438157
        ],
        [
          0.0,
          0.0,
          0.0,
          1.0
        ]
      ]
    },
    {
      "file_path": "/media/NFS/ttao/scannet/posed_images/scene0123_00/00045.jpg",
      "transform_matrix": [
        [
          0.995677,
          -0.040774,
          0.083452,
          4.209538
        ],
        [
          -0.092854,
          -0.415932,
          0.904643,
          5.361623
        ],
        [
          -0.002176,
          -0.908481,
          -0.41792,
          1.474641
        ],
        [
          0.0,
          0.0,
          0.0,
          1.0
        ]
      ]
    },
    {
      "file_path": "/media/NFS/ttao/scannet/posed_images/scene0123_00/00046.jpg",
      "transform_matrix": [
        [
          0.995315,
          -0.043641,
          0.086273,
          4.202162
        ],
        [
          -0.096604,
          -0.412961,
          0.905611,
          5.36187
        ],
        [
          -0.003895,
          -0.909702,
          -0.415243,
          1.484513
        ],
        [
          0.0,
          0.0,
          0.0,
          1.0
        ]
      ]
    },
    {
      "file_path": "/media/NFS/ttao/scannet/posed_images/scene0123_00/00051.jpg",
      "transform_matrix": [
        [
          0.992186,
          -0.053893,
          0.112533,
          4.166209
        ],
        [
          -0.124543,
          -0.373064,
          0.919409,
          5.346698
        ],
        [
          -0.007567,
          -0.926239,
          -0.376861,
          1.512785
        ],
        [
          0.0,
          0.0,
          0.0,
          1.0
        ]
      ]
    },
    {
      "file_path": "/media/NFS/ttao/scannet/posed_images/scene0123_00/00053.jpg",
      "transform_matrix": [
        [
          0.992153,
          -0.053383,
          0.113063,
          4.164602
        ],
        [
          -0.124743,
          -0.361262,
          0.924083,
          5.344399
        ],
        [
          -0.008485,
          -0.930935,
          -0.365087,
          1.524557
        ],
        [
          0.0,
          0.0,
          0.0,
          1.0
        ]
      ]
    },
    {
      "file_path": "/media/NFS/ttao/scannet/posed_images/scene0123_00/00057.jpg",
      "transform_matrix": [
        [
          0.992861,
          -0.041802,
          0.111714,
          4.158165
        ],
        [
          -0.119265,
          -0.333397,
          0.935212,
          5.328828
        ],
        [
          -0.001849,
          -0.941859,
          -0.336002,
          1.539635
        ],
        [
          0.0,
          0.0,
          0.0,
          1.0
        ]
      ]
    },
    {
      "file_path": "/media/NFS/ttao/scannet/posed_images/scene0123_00/00060.jpg",
      "transform_matrix": [
        [
          0.991416,
          -0.044966,
          0.12277,
          4.150209
        ],
        [
          -0.1307,
          -0.316075,
          0.939688,
          5.319325
        ],
        [
          -0.003449,
          -0.947668,
          -0.319239,
          1.549325
        ],
        [
          0.0,
          0.0,
          0.0,
          1.0
        ]
      ]
    },
    {
      "file_path": "/media/NFS/ttao/scannet/posed_images/scene0123_00/00062.jpg",
      "transform_matrix": [
        [
          0.990483,
          -0.052828,
          0.127092,
          4.161806
        ],
        [
          -0.137156,
          -0.301885,
          0.943427,
          5.308348
        ],
        [
          -0.011472,
          -0.95188,
          -0.306258,
          1.560457
        ],
        [
          0.0,
          0.0,
          0.0,
          1.0
        ]
      ]
    },
    {
      "file_path": "/media/NFS/ttao/scannet/posed_images/scene0123_00/00064.jpg",
      "transform_matrix": [
        [
          0.990467,
          -0.055141,
          0.126236,
          4.165407
        ],
        [
          -0.136927,
          -0.293901,
          0.945977,
          5.301234
        ],
        [
          -0.015061,
          -0.954244,
          -0.298649,
          1.564067
        ],
        [
          0.0,
          0.0,
          0.0,
          1.0
        ]
      ]
    },
    {
      "file_path": "/media/NFS/ttao/scannet/posed_images/scene0123_00/00067.jpg",
      "transform_matrix": [
        [
          0.987403,
          -0.058409,
          0.147053,
          4.171389
        ],
        [
          -0.157742,
          -0.290515,
          0.943779,
          5.288448
        ],
        [
          -0.012404,
          -0.955086,
          -0.296069,
          1.567708
        ],
        [
          0.0,
          0.0,
          0.0,
          1.0
        ]
      ]
    },
    {
      "file_path": "/media/NFS/ttao/scannet/posed_images/scene0123_00/00070.jpg",
      "transform_matrix": [
        [
          0.984492,
          -0.069509,
          0.16107,
          4.17518
        ],
        [
          -0.174619,
          -0.300172,
          0.937766,
          5.279326
        ],
        [
          -0.016834,
          -0.951349,
          -0.307654,
          1.556411
        ],
        [
          0.0,
          0.0,
          0.0,
          1.0
        ]
      ]
    },
    {
      "file_path": "/media/NFS/ttao/scannet/posed_images/scene0123_00/00076.jpg",
      "transform_matrix": [
        [
          0.975199,
          -0.110955,
          0.191511,
          4.16989
        ],
        [
          -0.217535,
          -0.320921,
          0.921785,
          5.267032
        ],
        [
          -0.040817,
          -0.940584,
          -0.337098,
          1.540086
        ],
        [
          0.0,
          0.0,
          0.0,
          1.0
        ]
      ]
    },
    {
      "file_path": "/media/NFS/ttao/scannet/posed_images/scene0123_00/00078.jpg",
      "transform_matrix": [
        [
          0.975169,
          -0.114612,
          0.1895,
          4.165031
        ],
        [
          -0.217341,
          -0.330943,
          0.918281,
          5.266283
        ],
        [
          -0.042533,
          -0.936665,
          -0.347635,
          1.534878
        ],
        [
          0.0,
          0.0,
          0.0,
          1.0
        ]
      ]
    },
    {
      "file_path": "/media/NFS/ttao/scannet/posed_images/scene0123_00/00081.jpg",
      "transform_matrix": [
        [
          0.9779,
          -0.113862,
          0.175346,
          4.157005
        ],
        [
          -0.20469,
          -0.350597,
          0.913884,
          5.2593
        ],
        [
          -0.042581,
          -0.929579,
          -0.366155,
          1.522635
        ],
        [
          0.0,
          0.0,
          0.0,
          1.0
        ]
      ]
    },
    {
      "file_path": "/media/NFS/ttao/scannet/posed_images/scene0123_00/00083.jpg",
      "transform_matrix": [
        [
          0.979316,
          -0.110577,
          0.169448,
          4.147709
        ],
        [
          -0.198687,
          -0.367231,
          0.908661,
          5.257046
        ],
        [
          -0.03825,
          -0.923534,
          -0.381605,
          1.513324
        ],
        [
          0.0,
          0.0,
          0.0,
          1.0
        ]
      ]
    },
    {
      "file_path": "/media/NFS/ttao/scannet/posed_images/scene0123_00/00088.jpg",
      "transform_matrix": [
        [
          0.98291,
          -0.098384,
          0.155594,
          4.117156
        ],
        [
          -0.182654,
          -0.415895,
          0.890881,
          5.262241
        ],
        [
          -0.022938,
          -0.904075,
          -0.426757,
          1.498827
        ],
        [
          0.0,
          0.0,
          0.0,
          1.0
        ]
      ]
    },
    {
      "file_path": "/media/NFS/ttao/scannet/posed_images/scene0123_00/00091.jpg",
      "transform_matrix": [
        [
          0.985997,
          -0.090125,
          0.140309,
          4.08957
        ],
        [
          -0.165583,
          -0.429307,
          0.88785,
          5.254507
        ],
        [
          -0.019782,
          -0.89865,
          -0.438219,
          1.472274
        ],
        [
          0.0,
          0.0,
          0.0,
          1.0
        ]
      ]
    },
    {
      "file_path": "/media/NFS/ttao/scannet/posed_images/scene0123_00/00094.jpg",
      "transform_matrix": [
        [
          0.989341,
          -0.079568,
          0.121956,
          4.068089
        ],
        [
          -0.144627,
          -0.439418,
          0.886563,
          5.257544
        ],
        [
          -0.016953,
          -0.894752,
          -0.446242,
          1.465145
        ],
        [
          0.0,
          0.0,
          0.0,
          1.0
        ]
      ]
    },
    {
      "file_path": "/media/NFS/ttao/scannet/posed_images/scene0123_00/00097.jpg",
      "transform_matrix": [
        [
          0.993918,
          -0.048098,
          0.099063,
          4.038733
        ],
        [
          -0.1101,
          -0.452207,
          0.885091,
          5.258648
        ],
        [
          0.002226,
          -0.890615,
          -0.454752,
          1.458411
        ],
        [
          0.0,
          0.0,
          0.0,
          1.0
        ]
      ]
    },
    {
      "file_path": "/media/NFS/ttao/scannet/posed_images/scene0123_00/00100.jpg",
      "transform_matrix": [
        [
          0.996385,
          -0.024387,
          0.081379,
          4.018664
        ],
        [
          -0.083337,
          -0.466589,
          0.88054,
          5.266501
        ],
        [
          0.016496,
          -0.884138,
          -0.466934,
          1.461752
        ],
        [
          0.0,
          0.0,
          0.0,
          1.0
        ]
      ]
    },
    {
      "file_path": "/media/NFS/ttao/scannet/posed_images/scene0123_00/00101.jpg",
      "transform_matrix": [
        [
          0.996646,
          -0.019984,
          0.079364,
          4.000213
        ],
        [
          -0.079465,
          -0.468261,
          0.88001,
          5.27067
        ],
        [
          0.019577,
          -0.883364,
          -0.468278,
          1.456806
        ],
        [
          0.0,
          0.0,
          0.0,
          1.0
        ]
      ]
    },
    {
      "file_path": "/media/NFS/ttao/scannet/posed_images/scene0123_00/00106.jpg",
      "transform_matrix": [
        [
          0.998895,
          -0.00424,
          0.046813,
          3.955224
        ],
        [
          -0.043454,
          -0.46302,
          0.885282,
          5.294624
        ],
        [
          0.017921,
          -0.886338,
          -0.462692,
          1.448999
        ],
        [
          0.0,
          0.0,
          0.0,
          1.0
        ]
      ]
    },
    {
      "file_path": "/media/NFS/ttao/scannet/posed_images/scene0123_00/00109.jpg",
      "transform_matrix": [
        [
          0.99913,
          -0.012781,
          0.039693,
          3.928427
        ],
        [
          -0.041181,
          -0.452116,
          0.891008,
          5.314976
        ],
        [
          0.006558,
          -0.891868,
          -0.452249,
          1.445853
        ],
        [
          0.0,
          0.0,
          0.0,
          1.0
        ]
      ]
    },
    {
      "file_path": "/media/NFS/ttao/scannet/posed_images/scene0123_00/00110.jpg",
      "transform_matrix": [
        [
          0.998993,
          -0.019352,
          0.040494,
          3.920654
        ],
        [
          -0.044867,
          -0.453024,
          0.890369,
          5.319282
        ],
        [
          0.001114,
          -0.891288,
          -0.453435,
          1.452556
        ],
        [
          0.0,
          0.0,
          0.0,
          1.0
        ]
      ]
    },
    {
      "file_path": "/media/NFS/ttao/scannet/posed_images/scene0123_00/00116.jpg",
      "transform_matrix": [
        [
          0.993645,
          -0.088073,
          0.070099,
          3.858546
        ],
        [
          -0.102535,
          -0.451231,
          0.886497,
          5.378846
        ],
        [
          -0.046445,
          -0.88805,
          -0.457394,
          1.451572
        ],
        [
          0.0,
          0.0,
          0.0,
          1.0
        ]
      ]
    },
    {
      "file_path": "/media/NFS/ttao/scannet/posed_images/scene0123_00/00118.jpg",
      "transform_matrix": [
        [
          0.992215,
          -0.098711,
          0.075936,
          3.839202
        ],
        [
          -0.112819,
          -0.454173,
          0.883741,
          5.394324
        ],
        [
          -0.052747,
          -0.885428,
          -0.461773,
          1.451478
        ],
        [
          0.0,
          0.0,
          0.0,
          1.0
        ]
      ]
    },
    {
      "file_path": "/media/NFS/ttao/scannet/posed_images/scene0123_00/00121.jpg",
      "transform_matrix": [
        [
          0.989888,
          -0.106354,
          0.09386,
          3.812701
        ],
        [
          -0.132904,
          -0.464148,
          0.87573,
          5.417236
        ],
        [
          -0.049572,
          -0.879349,
          -0.47359,
          1.455262
        ],
        [
          0.0,
          0.0,
          0.0,
          1.0
        ]
      ]
    },
    {
      "file_path": "/media/NFS/ttao/scannet/posed_images/scene0123_00/00124.jpg",
      "transform_matrix": [
        [
          0.984363,
          -0.124205,
          0.124913,
          3.793367
        ],
        [
          -0.16854,
          -0.45786,
          0.872902,
          5.425591
        ],
        [
          -0.051226,
          -0.880305,
          -0.471634,
          1.462321
        ],
        [
          0.0,
          0.0,
          0.0,
          1.0
        ]
      ]
    },
    {
      "file_path": "/media/NFS/ttao/scannet/posed_images/scene0123_00/00126.jpg",
      "transform_matrix": [
        [
          0.977759,
          -0.141413,
          0.15489,
          3.776232
        ],
        [
          -0.202965,
          -0.451865,
          0.86869,
          5.42495
        ],
        [
          -0.052855,
          -0.880806,
          -0.470517,
          1.462303
        ],
        [
          0.0,
          0.0,
          0.0,
          1.0
        ]
      ]
    },
    {
      "file_path": "/media/NFS/ttao/scannet/posed_images/scene0123_00/00130.jpg",
      "transform_matrix": [
        [
          0.95488,
          -0.190248,
          0.228059,
          3.733291
        ],
        [
          -0.290973,
          -0.445444,
          0.846708,
          5.424855
        ],
        [
          -0.059497,
          -0.874863,
          -0.480702,
          1.464572
        ],
        [
          0.0,
          0.0,
          0.0,
          1.0
        ]
      ]
    },
    {
      "file_path": "/media/NFS/ttao/scannet/posed_images/scene0123_00/00134.jpg",
      "transform_matrix": [
        [
          0.920344,
          -0.242942,
          0.306506,
          3.664114
        ],
        [
          -0.385672,
          -0.433514,
          0.814446,
          5.394138
        ],
        [
          -0.064988,
          -0.867781,
          -0.492678,
          1.464348
        ],
        [
          0.0,
          0.0,
          0.0,
          1.0
        ]
      ]
    },
    {
      "file_path": "/media/NFS/ttao/scannet/posed_images/scene0123_00/00136.jpg",
      "transform_matrix": [
        [
          0.902912,
          -0.259904,
          0.342344,
          3.631741
        ],
        [
          -0.425022,
          -0.421137,
          0.801249,
          5.383041
        ],
        [
          -0.064074,
          -0.868961,
          -0.490714,
          1.470425
        ],
        [
          0.0,
          0.0,
          0.0,
          1.0
        ]
      ]
    },
    {
      "file_path": "/media/NFS/ttao/scannet/posed_images/scene0123_00/00139.jpg",
      "transform_matrix": [
        [
          0.883531,
          -0.277907,
          0.377015,
          3.584443
        ],
        [
          -0.464148,
          -0.411643,
          0.784294,
          5.362068
        ],
        [
          -0.062765,
          -0.867939,
          -0.49269,
          1.481668
        ],
        [
          0.0,
          0.0,
          0.0,
          1.0
        ]
      ]
    },
    {
      "file_path": "/media/NFS/ttao/scannet/posed_images/scene0123_00/00141.jpg",
      "transform_matrix": [
        [
          0.867844,
          -0.282871,
          0.408448,
          3.563825
        ],
        [
          -0.493693,
          -0.398652,
          0.77288,
          5.357983
        ],
        [
          -0.055797,
          -0.872388,
          -0.48562,
          1.482728
        ],
        [
          0.0,
          0.0,
          0.0,
          1.0
        ]
      ]
    },
    {
      "file_path": "/media/NFS/ttao/scannet/posed_images/scene0123_00/00146.jpg",
      "transform_matrix": [
        [
          0.82346,
          -0.287165,
          0.489336,
          3.519926
        ],
        [
          -0.566169,
          -0.35971,
          0.741661,
          5.316344
        ],
        [
          -0.03696,
          -0.887775,
          -0.458791,
          1.499081
        ],
        [
          0.0,
          0.0,
          0.0,
          1.0
        ]
      ]
    },
    {
      "file_path": "/media/NFS/ttao/scannet/posed_images/scene0123_00/00149.jpg",
      "transform_matrix": [
        [
          0.803756,
          -0.296277,
          0.515942,
          3.482425
        ],
        [
          -0.593696,
          -0.342927,
          0.72796,
          5.292301
        ],
        [
          -0.038747,
          -0.891415,
          -0.451528,
          1.503789
        ],
        [
          0.0,
          0.0,
          0.0,
          1.0
        ]
      ]
    },
    {
      "file_path": "/media/NFS/ttao/scannet/posed_images/scene0123_00/00151.jpg",
      "transform_matrix": [
        [
          0.79536,
          -0.301068,
          0.526081,
          3.45857
        ],
        [
          -0.604597,
          -0.332205,
          0.723949,
          5.280208
        ],
        [
          -0.043192,
          -0.893867,
          -0.446247,
          1.494729
        ],
        [
          0.0,
          0.0,
          0.0,
          1.0
        ]
      ]
    },
    {
      "file_path": "/media/NFS/ttao/scannet/posed_images/scene0123_00/00155.jpg",
      "transform_matrix": [
        [
          0.782033,
          -0.31898,
          0.535422,
          3.417435
        ],
        [
          -0.620603,
          -0.319661,
          0.716008,
          5.231406
        ],
        [
          -0.057238,
          -0.892227,
          -0.447946,
          1.489549
        ],
        [
          0.0,
          0.0,
          0.0,
          1.0
        ]
      ]
    },
    {
      "file_path": "/media/NFS/ttao/scannet/posed_images/scene0123_00/00158.jpg",
      "transform_matrix": [
        [
          0.765035,
          -0.33783,
          0.548263,
          3.393249
        ],
        [
          -0.640081,
          -0.305245,
          0.705069,
          5.209524
        ],
        [
          -0.070839,
          -0.890335,
          -0.449761,
          1.497364
        ],
        [
          0.0,
          0.0,
          0.0,
          1.0
        ]
      ]
    },
    {
      "file_path": "/media/NFS/ttao/scannet/posed_images/scene0123_00/00162.jpg",
      "transform_matrix": [
        [
          0.737997,
          -0.358081,
          0.571961,
          3.363714
        ],
        [
          -0.669938,
          -0.287182,
          0.684623,
          5.182658
        ],
        [
          -0.080894,
          -0.888428,
          -0.451831,
          1.49814
        ],
        [
          0.0,
          0.0,
          0.0,
          1.0
        ]
      ]
    },
    {
      "file_path": "/media/NFS/ttao/scannet/posed_images/scene0123_00/00163.jpg",
      "transform_matrix": [
        [
          0.732766,
          -0.361981,
          0.576215,
          3.364695
        ],
        [
          -0.675509,
          -0.284778,
          0.680138,
          5.176345
        ],
        [
          -0.082104,
          -0.887621,
          -0.453198,
          1.502552
        ],
        [
          0.0,
          0.0,
          0.0,
          1.0
        ]
      ]
    },
    {
      "file_path": "/media/NFS/ttao/scannet/posed_images/scene0123_00/00167.jpg",
      "transform_matrix": [
        [
          0.712151,
          -0.373791,
          0.594239,
          3.345147
        ],
        [
          -0.697351,
          -0.279134,
          0.660141,
          5.153025
        ],
        [
          -0.080882,
          -0.884514,
          -0.459449,
          1.501772
        ],
        [
          0.0,
          0.0,
          0.0,
          1.0
        ]
      ]
    },
    {
      "file_path": "/media/NFS/ttao/scannet/posed_images/scene0123_00/00170.jpg",
      "transform_matrix": [
        [
          0.688705,
          -0.378738,
          0.618258,
          3.301677
        ],
        [
          -0.721801,
          -0.277617,
          0.633981,
          5.159098
        ],
        [
          -0.068474,
          -0.882885,
          -0.46457,
          1.499057
        ],
        [
          0.0,
          0.0,
          0.0,
          1.0
        ]
      ]
    },
    {
      "file_path": "/media/NFS/ttao/scannet/posed_images/scene0123_00/00173.jpg",
      "transform_matrix": [
        [
          0.657041,
          -0.388505,
          0.646035,
          3.278134
        ],
        [
          -0.750995,
          -0.262754,
          0.605778,
          5.160628
        ],
        [
          -0.0656,
          -0.88319,
          -0.464405,
          1.52012
        ],
        [
          0.0,
          0.0,
          0.0,
          1.0
        ]
      ]
    },
    {
      "file_path": "/media/NFS/ttao/scannet/posed_images/scene0123_00/00175.jpg",
      "transform_matrix": [
        [
          0.643826,
          -0.386621,
          0.660312,
          3.258129
        ],
        [
          -0.762443,
          -0.251336,
          0.596247,
          5.154504
        ],
        [
          -0.064561,
          -0.88733,
          -0.456594,
          1.519595
        ],
        [
          0.0,
          0.0,
          0.0,
          1.0
        ]
      ]
    },
    {
      "file_path": "/media/NFS/ttao/scannet/posed_images/scene0123_00/00180.jpg",
      "transform_matrix": [
        [
          0.591584,
          -0.389454,
          0.705941,
          3.183039
        ],
        [
          -0.804439,
          -0.226589,
          0.549121,
          5.173392
        ],
        [
          -0.053899,
          -0.892739,
          -0.447339,
          1.514311
        ],
        [
          0.0,
          0.0,
          0.0,
          1.0
        ]
      ]
    },
    {
      "file_path": "/media/NFS/ttao/scannet/posed_images/scene0123_00/00183.jpg",
      "transform_matrix": [
        [
          0.571568,
          -0.385947,
          0.724124,
          3.152869
        ],
        [
          -0.819238,
          -0.218426,
          0.530225,
          5.18897
        ],
        [
          -0.046471,
          -0.896289,
          -0.441028,
          1.530063
        ],
        [
          0.0,
          0.0,
          0.0,
          1.0
        ]
      ]
    },
    {
      "file_path": "/media/NFS/ttao/scannet/posed_images/scene0123_00/00184.jpg",
      "transform_matrix": [
        [
          0.565921,
          -0.387292,
          0.727832,
          3.146271
        ],
        [
          -0.823292,
          -0.218503,
          0.523876,
          5.196878
        ],
        [
          -0.04386,
          -0.895691,
          -0.44251,
          1.535106
        ],
        [
          0.0,
          0.0,
          0.0,
          1.0
        ]
      ]
    },
    {
      "file_path": "/media/NFS/ttao/scannet/posed_images/scene0123_00/00187.jpg",
      "transform_matrix": [
        [
          0.55373,
          -0.380263,
          0.740799,
          3.127225
        ],
        [
          -0.831773,
          -0.210708,
          0.513571,
          5.198696
        ],
        [
          -0.0392,
          -0.900556,
          -0.432968,
          1.53828
        ],
        [
          0.0,
          0.0,
          0.0,
          1.0
        ]
      ]
    },
    {
      "file_path": "/media/NFS/ttao/scannet/posed_images/scene0123_00/00193.jpg",
      "transform_matrix": [
        [
          0.523745,
          -0.379048,
          0.762898,
          3.100916
        ],
        [
          -0.851167,
          -0.196344,
          0.486789,
          5.20607
        ],
        [
          -0.034726,
          -0.904307,
          -0.425468,
          1.530876
        ],
        [
          0.0,
          0.0,
          0.0,
          1.0
        ]
      ]
    },
    {
      "file_path": "/media/NFS/ttao/scannet/posed_images/scene0123_00/00196.jpg",
      "transform_matrix": [
        [
          0.511076,
          -0.387067,
          0.767451,
          3.101107
        ],
        [
          -0.858428,
          -0.184533,
          0.478591,
          5.203626
        ],
        [
          -0.043627,
          -0.903397,
          -0.426579,
          1.528838
        ],
        [
          0.0,
          0.0,
          0.0,
          1.0
        ]
      ]
    },
    {
      "file_path": "/media/NFS/ttao/scannet/posed_images/scene0123_00/00197.jpg",
      "transform_matrix": [
        [
          0.507374,
          -0.390697,
          0.768068,
          3.104496
        ],
        [
          -0.860431,
          -0.180848,
          0.476395,
          5.203009
        ],
        [
          -0.047223,
          -0.90258,
          -0.427925,
          1.528984
        ],
        [
          0.0,
          0.0,
          0.0,
          1.0
        ]
      ]
    },
    {
      "file_path": "/media/NFS/ttao/scannet/posed_images/scene0123_00/00200.jpg",
      "transform_matrix": [
        [
          0.490133,
          -0.395212,
          0.776902,
          3.11123
        ],
        [
          -0.870084,
          -0.168473,
          0.463217,
          5.1956
        ],
        [
          -0.052182,
          -0.903008,
          -0.426443,
          1.530837
        ],
        [
          0.0,
          0.0,
          0.0,
          1.0
        ]
      ]
    },
    {
      "file_path": "/media/NFS/ttao/scannet/posed_images/scene0123_00/00203.jpg",
      "transform_matrix": [
        [
          0.459098,
          -0.39972,
          0.793381,
          3.129992
        ],
        [
          -0.886669,
          -0.150675,
          0.437167,
          5.190038
        ],
        [
          -0.055202,
          -0.904168,
          -0.423594,
          1.538415
        ],
        [
          0.0,
          0.0,
          0.0,
          1.0
        ]
      ]
    },
    {
      "file_path": "/media/NFS/ttao/scannet/posed_images/scene0123_00/00206.jpg",
      "transform_matrix": [
        [
          0.425252,
          -0.410176,
          0.806794,
          3.138652
        ],
        [
          -0.902889,
          -0.130342,
          0.409636,
          5.175496
        ],
        [
          -0.062864,
          -0.902644,
          -0.425772,
          1.539276
        ],
        [
          0.0,
          0.0,
          0.0,
          1.0
        ]
      ]
    },
    {
      "file_path": "/media/NFS/ttao/scannet/posed_images/scene0123_00/00209.jpg",
      "transform_matrix": [
        [
          0.396156,
          -0.418327,
          0.817351,
          3.151906
        ],
        [
          -0.915502,
          -0.111989,
          0.386412,
          5.163407
        ],
        [
          -0.070112,
          -0.901366,
          -0.427344,
          1.53694
        ],
        [
          0.0,
          0.0,
          0.0,
          1.0
        ]
      ]
    },
    {
      "file_path": "/media/NFS/ttao/scannet/posed_images/scene0123_00/00213.jpg",
      "transform_matrix": [
        [
          0.368034,
          -0.430949,
          0.823914,
          3.187523
        ],
        [
          -0.92628,
          -0.092761,
          0.365241,
          5.134149
        ],
        [
          -0.080974,
          -0.897596,
          -0.433318,
          1.553521
        ],
        [
          0.0,
          0.0,
          0.0,
          1.0
        ]
      ]
    },
    {
      "file_path": "/media/NFS/ttao/scannet/posed_images/scene0123_00/00217.jpg",
      "transform_matrix": [
        [
          0.34531,
          -0.430644,
          0.833851,
          3.214876
        ],
        [
          -0.93444,
          -0.07533,
          0.348061,
          5.120286
        ],
        [
          -0.087077,
          -0.899372,
          -0.428424,
          1.563182
        ],
        [
          0.0,
          0.0,
          0.0,
          1.0
        ]
      ]
    },
    {
      "file_path": "/media/NFS/ttao/scannet/posed_images/scene0123_00/00218.jpg",
      "transform_matrix": [
        [
          0.340522,
          -0.429553,
          0.836378,
          3.220472
        ],
        [
          -0.936243,
          -0.073015,
          0.343681,
          5.119227
        ],
        [
          -0.086561,
          -0.900085,
          -0.42703,
          1.562823
        ],
        [
          0.0,
          0.0,
          0.0,
          1.0
        ]
      ]
    },
    {
      "file_path": "/media/NFS/ttao/scannet/posed_images/scene0123_00/00221.jpg",
      "transform_matrix": [
        [
          0.326773,
          -0.423988,
          0.844662,
          3.237136
        ],
        [
          -0.94106,
          -0.063387,
          0.332248,
          5.091037
        ],
        [
          -0.087329,
          -0.903447,
          -0.419711,
          1.565834
        ],
        [
          0.0,
          0.0,
          0.0,
          1.0
        ]
      ]
    },
    {
      "file_path": "/media/NFS/ttao/scannet/posed_images/scene0123_00/00225.jpg",
      "transform_matrix": [
        [
          0.301407,
          -0.411238,
          0.860254,
          3.267442
        ],
        [
          -0.949538,
          -0.047344,
          0.310057,
          5.074186
        ],
        [
          -0.086779,
          -0.910298,
          -0.404756,
          1.571318
        ],
        [
          0.0,
          0.0,
          0.0,
          1.0
        ]
      ]
    },
    {
      "file_path": "/media/NFS/ttao/scannet/posed_images/scene0123_00/00228.jpg",
      "transform_matrix": [
        [
          0.279833,
          -0.404622,
          0.870617,
          3.294747
        ],
        [
          -0.955665,
          -0.030843,
          0.292835,
          5.054747
        ],
        [
          -0.091635,
          -0.913964,
          -0.395314,
          1.579217
        ],
        [
          0.0,
          0.0,
          0.0,
          1.0
        ]
      ]
    },
    {
      "file_path": "/media/NFS/ttao/scannet/posed_images/scene0123_00/00233.jpg",
      "transform_matrix": [
        [
          0.244406,
          -0.391909,
          0.886946,
          3.345093
        ],
        [
          -0.964543,
          -0.004293,
          0.263891,
          4.999871
        ],
        [
          -0.099613,
          -0.919994,
          -0.379062,
          1.590669
        ],
        [
          0.0,
          0.0,
          0.0,
          1.0
        ]
      ]
    },
    {
      "file_path": "/media/NFS/ttao/scannet/posed_images/scene0123_00/00234.jpg",
      "transform_matrix": [
        [
          0.23621,
          -0.389446,
          0.890246,
          3.351598
        ],
        [
          -0.966629,
          -0.000677,
          0.25618,
          4.992219
        ],
        [
          -0.099165,
          -0.921049,
          -0.376609,
          1.587911
        ],
        [
          0.0,
          0.0,
          0.0,
          1.0
        ]
      ]
    },
    {
      "file_path": "/media/NFS/ttao/scannet/posed_images/scene0123_00/00239.jpg",
      "transform_matrix": [
        [
          0.197616,
          -0.391511,
          0.898703,
          3.392776
        ],
        [
          -0.974894,
          0.017478,
          0.221984,
          4.964607
        ],
        [
          -0.102617,
