{
  "frames": [
    {
      "file_path": "/media/NFS/ttao/scannet/posed_images/scene0507_00/00001.jpg",
      "transform_matrix": [
        [
          0.343414,
          -0.424352,
          0.83785,
          0.378521
        ],
        [
          -0.938205,
          -0.195739,
          0.285409,
          2.347659
        ],
        [
          0.042886,
          -0.884088,
          -0.465348,
          1.395988
        ],
        [
          0.0,
          0.0,
          0.0,
          1.0
        ]
      ]
    },
    {
      "file_path": "/media/NFS/ttao/scannet/posed_images/scene0507_00/00004.jpg",
      "transform_matrix": [
        [
          0.355188,
          -0.427402,
          0.831366,
          0.391104
        ],
        [
          -0.93395,
          -0.200055,
          0.296168,
          2.327042
        ],
        [
          0.039735,
          -0.881649,
          -0.470229,
          1.39786
        ],
        [
          0.0,
          0.0,
          0.0,
          1.0
        ]
      ]
    },
    {
      "file_path": "/media/NFS/ttao/scannet/posed_images/scene0507_00/00010.jpg",
      "transform_matrix": [
        [
          0.357121,
          -0.425366,
          0.831582,
          0.417807
        ],
        [
          -0.933465,
          -0.194243,
          0.301516,
          2.286529
        ],
        [
          0.033274,
          -0.883931,
          -0.466433,
          1.399748
        ],
        [
          0.0,
          0.0,
          0.0,
          1.0
        ]
      ]
    },
    {
      "file_path": "/media/NFS/ttao/scannet/posed_images/scene0507_00/00011.jpg",
      "transform_matrix": [
        [
          0.354746,
          -0.426018,
          0.832264,
          0.427253
        ],
        [
          -0.934497,
          -0.189655,
          0.301242,
          2.280236
        ],
        [
          0.029508,
          -0.884613,
          -0.465392,
          1.404145
        ],
        [
          0.0,
          0.0,
          0.0,
          1.0
        ]
      ]
    },
    {
      "file_path": "/media/NFS/ttao/scannet/posed_images/scene0507_00/00016.jpg",
      "transform_matrix": [
        [
          0.370838,
          -0.41471,
          0.83096,
          0.448815
        ],
        [
          -0.928445,
          -0.186428,
          0.321302,
          2.273707
        ],
        [
          0.021667,
          -0.890652,
          -0.45417,
          1.411009
        ],
        [
          0.0,
          0.0,
          0.0,
          1.0
        ]
      ]
    },
    {
      "file_path": "/media/NFS/ttao/scannet/posed_images/scene0507_00/00019.jpg",
      "transform_matrix": [
        [
          0.377425,
          -0.40723,
          0.831693,
          0.464113
        ],
        [
          -0.925784,
          -0.187037,
          0.328543,
          2.275842
        ],
        [
          0.021765,
          -0.893969,
          -0.4476,
          1.411962
        ],
        [
          0.0,
          0.0,
          0.0,
          1.0
        ]
      ]
    },
    {
      "file_path": "/media/NFS/ttao/scannet/posed_images/scene0507_00/00027.jpg",
      "transform_matrix": [
        [
          0.377294,
          -0.372592,
          0.847835,
          0.518629
        ],
        [
          -0.92532,
          -0.189066,
          0.328689,
          2.295601
        ],
        [
          0.03783,
          -0.908532,
          -0.4161,
          1.413139
        ],
        [
          0.0,
          0.0,
          0.0,
          1.0
        ]
      ]
    },
    {
      "file_path": "/media/NFS/ttao/scannet/posed_images/scene0507_00/00029.jpg",
      "transform_matrix": [
        [
          0.381571,
          -0.36055,
          0.851121,
          0.531767
        ],
        [
          -0.92303,
          -0.197612,
          0.330097,
          2.302761
        ],
        [
          0.049176,
          -0.911566,
          -0.408202,
          1.41081
        ],
        [
          0.0,
          0.0,
          0.0,
          1.0
        ]
      ]
    },
    {
      "file_path": "/media/NFS/ttao/scannet/posed_images/scene0507_00/00034.jpg",
      "transform_matrix": [
        [
          0.377187,
          -0.324509,
          0.867424,
          0.56888
        ],
        [
          -0.923702,
          -0.199685,
          0.326956,
          2.31982
        ],
        [
          0.067111,
          -0.924565,
          -0.375068,
          1.420217
        ],
        [
          0.0,
          0.0,
          0.0,
          1.0
        ]
      ]
    },
    {
      "file_path": "/media/NFS/ttao/scannet/posed_images/scene0507_00/00035.jpg",
      "transform_matrix": [
        [
          0.374779,
          -0.320228,
          0.870055,
          0.575319
        ],
        [
          -0.924711,
          -0.196635,
          0.32595,
          2.322304
        ],
        [
          0.066705,
          -0.926709,
          -0.369813,
          1.422013
        ],
        [
          0.0,
          0.0,
          0.0,
          1.0
        ]
      ]
    },
    {
      "file_path": "/media/NFS/ttao/scannet/posed_images/scene0507_00/00041.jpg",
      "transform_matrix": [
        [
          0.362013,
          -0.292072,
          0.885234,
          0.607376
        ],
        [
          -0.930639,
          -0.167691,
          0.325254,
          2.337961
        ],
        [
          0.053448,
          -0.94158,
          -0.33252,
          1.445132
        ],
        [
          0.0,
          0.0,
          0.0,
          1.0
        ]
      ]
    },
    {
      "file_path": "/media/NFS/ttao/scannet/posed_images/scene0507_00/00044.jpg",
      "transform_matrix": [
        [
          0.369183,
          -0.285901,
          0.884287,
          0.616536
        ],
        [
          -0.928459,
          -0.155263,
          0.337427,
          2.344092
        ],
        [
          0.040826,
          -0.945597,
          -0.322768,
          1.451524
        ],
        [
          0.0,
          0.0,
          0.0,
          1.0
        ]
      ]
    },
    {
      "file_path": "/media/NFS/ttao/scannet/posed_images/scene0507_00/00048.jpg",
      "transform_matrix": [
        [
          0.381571,
          -0.265804,
          0.885297,
          0.626294
        ],
        [
          -0.923452,
          -0.151583,
          0.352505,
          2.347354
        ],
        [
          0.040499,
          -0.952035,
          -0.303296,
          1.470694
        ],
        [
          0.0,
          0.0,
          0.0,
          1.0
        ]
      ]
    },
    {
      "file_path": "/media/NFS/ttao/scannet/posed_images/scene0507_00/00054.jpg",
      "transform_matrix": [
        [
          0.403744,
          -0.211901,
          0.889994,
          0.628446
        ],
        [
          -0.913967,
          -0.136694,
          0.382073,
          2.340324
        ],
        [
          0.040695,
          -0.967684,
          -0.24886,
          1.488608
        ],
        [
          0.0,
          0.0,
          0.0,
          1.0
        ]
      ]
    },
    {
      "file_path": "/media/NFS/ttao/scannet/posed_images/scene0507_00/00057.jpg",
      "transform_matrix": [
        [
          0.420223,
          -0.202663,
          0.8845,
          0.628863
        ],
        [
          -0.906602,
          -0.135176,
          0.399751,
          2.329977
        ],
        [
          0.038548,
          -0.969874,
          -0.240539,
          1.486252
        ],
        [
          0.0,
          0.0,
          0.0,
          1.0
        ]
      ]
    },
    {
      "file_path": "/media/NFS/ttao/scannet/posed_images/scene0507_00/00059.jpg",
      "transform_matrix": [
        [
          0.425211,
          -0.207542,
          0.880978,
          0.629989
        ],
        [
          -0.904164,
          -0.141515,
          0.403064,
          2.325142
        ],
        [
          0.041019,
          -0.967936,
          -0.247826,
          1.481576
        ],
        [
          0.0,
          0.0,
          0.0,
          1.0
        ]
      ]
    },
    {
      "file_path": "/media/NFS/ttao/scannet/posed_images/scene0507_00/00064.jpg",
      "transform_matrix": [
        [
          0.44386,
          -0.233633,
          0.865103,
          0.6328
        ],
        [
          -0.895364,
          -0.154644,
          0.417622,
          2.309191
        ],
        [
          0.036213,
          -0.959948,
          -0.277827,
          1.47183
        ],
        [
          0.0,
          0.0,
          0.0,
          1.0
        ]
      ]
    },
    {
      "file_path": "/media/NFS/ttao/scannet/posed_images/scene0507_00/00070.jpg",
      "transform_matrix": [
        [
          0.511054,
          -0.253078,
          0.821447,
          0.631991
        ],
        [
          -0.858549,
          -0.196375,
          0.473636,
          2.273262
        ],
        [
          0.041445,
          -0.947306,
          -0.317638,
          1.465491
        ],
        [
          0.0,
          0.0,
          0.0,
          1.0
        ]
      ]
    },
    {
      "file_path": "/media/NFS/ttao/scannet/posed_images/scene0507_00/00075.jpg",
      "transform_matrix": [
        [
          0.561071,
          -0.272591,
          0.781597,
          0.632994
        ],
        [
          -0.826217,
          -0.242177,
          0.50864,
          2.223396
        ],
        [
          0.050634,
          -0.931152,
          -0.361098,
          1.449157
        ],
        [
          0.0,
          0.0,
          0.0,
          1.0
        ]
      ]
    },
    {
      "file_path": "/media/NFS/ttao/scannet/posed_images/scene0507_00/00079.jpg",
      "transform_matrix": [
        [
          0.588668,
          -0.275001,
          0.760161,
          0.634169
        ],
        [
          -0.805398,
          -0.280146,
          0.522353,
          2.184394
        ],
        [
          0.069309,
          -0.919724,
          -0.386398,
          1.440988
        ],
        [
          0.0,
          0.0,
          0.0,
          1.0
        ]
      ]
    },
    {
      "file_path": "/media/NFS/ttao/scannet/posed_images/scene0507_00/00080.jpg",
      "transform_matrix": [
        [
          0.596436,
          -0.272562,
          0.754966,
          0.633704
        ],
        [
          -0.799217,
          -0.28869,
          0.527171,
          2.174386
        ],
        [
          0.074265,
          -0.917806,
          -0.390021,
          1.440889
        ],
        [
          0.0,
          0.0,
          0.0,
          1.0
        ]
      ]
    },
    {
      "file_path": "/media/NFS/ttao/scannet/posed_images/scene0507_00/00084.jpg",
      "transform_matrix": [
        [
          0.633855,
          -0.265483,
          0.726461,
          0.626653
        ],
        [
          -0.769936,
          -0.306025,
          0.559953,
          2.135139
        ],
        [
          0.073657,
          -0.914258,
          -0.398381,
          1.433143
        ],
        [
          0.0,
          0.0,
          0.0,
          1.0
        ]
      ]
    },
    {
      "file_path": "/media/NFS/ttao/scannet/posed_images/scene0507_00/00091.jpg",
      "transform_matrix": [
        [
          0.702204,
          -0.27539,
          0.656559,
          0.610567
        ],
        [
          -0.708605,
          -0.35995,
          0.60689,
          2.086444
        ],
        [
          0.069197,
          -0.891401,
          -0.447901,
          1.425573
        ],
        [
          0.0,
          0.0,
          0.0,
          1.0
        ]
      ]
    },
    {
      "file_path": "/media/NFS/ttao/scannet/posed_images/scene0507_00/00092.jpg",
      "transform_matrix": [
        [
          0.713031,
          -0.272043,
          0.646204,
          0.609006
        ],
        [
          -0.698218,
          -0.359457,
          0.619098,
          2.08096
        ],
        [
          0.063861,
          -0.892627,
          -0.446249,
          1.430479
        ],
        [
          0.0,
          0.0,
          0.0,
          1.0
        ]
      ]
    },
    {
      "file_path": "/media/NFS/ttao/scannet/posed_images/scene0507_00/00099.jpg",
      "transform_matrix": [
        [
          0.77733,
          -0.230178,
          0.585471,
          0.587419
        ],
        [
          -0.627599,
          -0.347843,
          0.696509,
          2.050121
        ],
        [
          0.043331,
          -0.908858,
          -0.414848,
          1.441873
        ],
        [
          0.0,
          0.0,
          0.0,
          1.0
        ]
      ]
    },
    {
      "file_path": "/media/NFS/ttao/scannet/posed_images/scene0507_00/00101.jpg",
      "transform_matrix": [
        [
          0.79272,
          -0.21762,
          0.569418,
          0.57938
        ],
        [
          -0.608052,
          -0.348513,
          0.71331,
          2.046405
        ],
        [
          0.043219,
          -0.911691,
          -0.408598,
          1.440683
        ],
        [
          0.0,
          0.0,
          0.0,
          1.0
        ]
      ]
    },
    {
      "file_path": "/media/NFS/ttao/scannet/posed_images/scene0507_00/00107.jpg",
      "transform_matrix": [
        [
          0.830017,
          -0.182457,
          0.52705,
          0.568624
        ],
        [
          -0.55648,
          -0.33437,
          0.76061,
          2.039082
        ],
        [
          0.037451,
          -0.924611,
          -0.379066,
          1.454647
        ],
        [
          0.0,
          0.0,
          0.0,
          1.0
        ]
      ]
    },
    {
      "file_path": "/media/NFS/ttao/scannet/posed_images/scene0507_00/00109.jpg",
      "transform_matrix": [
        [
          0.837094,
          -0.172924,
          0.519009,
          0.566244
        ],
        [
          -0.54567,
          -0.331488,
          0.769649,
          2.036827
        ],
        [
          0.038954,
          -0.927477,
          -0.371846,
          1.455969
        ],
        [
          0.0,
          0.0,
          0.0,
          1.0
        ]
      ]
    },
    {
      "file_path": "/media/NFS/ttao/scannet/posed_images/scene0507_00/00115.jpg",
      "transform_matrix": [
        [
          0.84536,
          -0.145013,
          0.514138,
          0.560729
        ],
        [
          -0.532296,
          -0.309799,
          0.787836,
          2.020411
        ],
        [
          0.045033,
          -0.939679,
          -0.339081,
          1.448062
        ],
        [
          0.0,
          0.0,
          0.0,
          1.0
        ]
      ]
    },
    {
      "file_path": "/media/NFS/ttao/scannet/posed_images/scene0507_00/00116.jpg",
      "transform_matrix": [
        [
          0.843753,
          -0.142087,
          0.517584,
          0.558611
        ],
        [
          -0.534478,
          -0.310703,
          0.786,
          2.02058
        ],
        [
          0.049134,
          -0.939827,
          -0.338099,
          1.44298
        ],
        [
          0.0,
          0.0,
          0.0,
          1.0
        ]
      ]
    },
    {
      "file_path": "/media/NFS/ttao/scannet/posed_images/scene0507_00/00120.jpg",
      "transform_matrix": [
        [
          0.836762,
          -0.158834,
          0.524024,
          0.53963
        ],
        [
          -0.54321,
          -0.36128,
          0.757892,
          2.028257
        ],
        [
          0.06894,
          -0.91883,
          -0.388586,
          1.414156
        ],
        [
          0.0,
          0.0,
          0.0,
          1.0
        ]
      ]
    },
    {
      "file_path": "/media/NFS/ttao/scannet/posed_images/scene0507_00/00126.jpg",
      "transform_matrix": [
        [
          0.828295,
          -0.207837,
          0.520318,
          0.542885
        ],
        [
          -0.554935,
          -0.432427,
          0.710671,
          2.025825
        ],
        [
          0.077296,
          -0.877388,
          -0.473513,
          1.38879
        ],
        [
          0.0,
          0.0,
          0.0,
          1.0
        ]
      ]
    },
    {
      "file_path": "/media/NFS/ttao/scannet/posed_images/scene0507_00/00130.jpg",
      "transform_matrix": [
        [
          0.811306,
          -0.237889,
          0.534033,
          0.532052
        ],
        [
          -0.579262,
          -0.450502,
          0.67934,
          2.035849
        ],
        [
          0.078976,
          -0.860498,
          -0.503295,
          1.388146
        ],
        [
          0.0,
          0.0,
          0.0,
          1.0
        ]
      ]
    },
    {
      "file_path": "/media/NFS/ttao/scannet/posed_images/scene0507_00/00132.jpg",
      "transform_matrix": [
        [
          0.800931,
          -0.253602,
          0.542398,
          0.524372
        ],
        [
          -0.593594,
          -0.455013,
          0.663784,
          2.039971
        ],
        [
          0.078461,
          -0.85361,
          -0.51497,
          1.386177
        ],
        [
          0.0,
          0.0,
          0.0,
          1.0
        ]
      ]
    },
    {
      "file_path": "/media/NFS/ttao/scannet/posed_images/scene0507_00/00137.jpg",
      "transform_matrix": [
        [
          0.780354,
          -0.297189,
          0.550206,
          0.497621
        ],
        [
          -0.621851,
          -0.461575,
          0.632653,
          2.045177
        ],
        [
          0.065944,
          -0.835839,
          -0.544999,
          1.371858
        ],
        [
          0.0,
          0.0,
          0.0,
          1.0
        ]
      ]
    },
    {
      "file_path": "/media/NFS/ttao/scannet/posed_images/scene0507_00/00142.jpg",
      "transform_matrix": [
        [
          0.754029,
          -0.345274,
          0.558772,
          0.459317
        ],
        [
          -0.654425,
          -0.46779,
          0.594054,
          2.064248
        ],
        [
          0.056277,
          -0.813608,
          -0.578683,
          1.364542
        ],
        [
          0.0,
          0.0,
          0.0,
          1.0
        ]
      ]
    },
    {
      "file_path": "/media/NFS/ttao/scannet/posed_images/scene0507_00/00144.jpg",
      "transform_matrix": [
        [
          0.746118,
          -0.354952,
          0.563309,
          0.438269
        ],
        [
          -0.663558,
          -0.465983,
          0.585278,
          2.068758
        ],
        [
          0.054747,
          -0.810475,
          -0.583209,
          1.359338
        ],
        [
          0.0,
          0.0,
          0.0,
          1.0
        ]
      ]
    },
    {
      "file_path": "/media/NFS/ttao/scannet/posed_images/scene0507_00/00149.jpg",
      "transform_matrix": [
        [
          0.735271,
          -0.385752,
          0.55729,
          0.390718
        ],
        [
          -0.67623,
          -0.47297,
          0.564811,
          2.077461
        ],
        [
          0.045705,
          -0.792146,
          -0.608618,
          1.349534
        ],
        [
          0.0,
          0.0,
          0.0,
          1.0
        ]
      ]
    },
    {
      "file_path": "/media/NFS/ttao/scannet/posed_images/scene0507_00/00153.jpg",
      "transform_matrix": [
        [
          0.72454,
          -0.406201,
          0.556814,
          0.356625
        ],
        [
          -0.688243,
          -0.469671,
          0.552929,
          2.07663
        ],
        [
          0.036919,
          -0.783843,
          -0.619861,
          1.34261
        ],
        [
          0.0,
          0.0,
          0.0,
          1.0
        ]
      ]
    },
    {
      "file_path": "/media/NFS/ttao/scannet/posed_images/scene0507_00/00160.jpg",
      "transform_matrix": [
        [
          0.699515,
          -0.432252,
          0.569067,
          0.319115
        ],
        [
          -0.713127,
          -0.473658,
          0.516816,
          2.065467
        ],
        [
          0.046149,
          -0.767337,
          -0.639581,
          1.346568
        ],
        [
          0.0,
          0.0,
          0.0,
          1.0
        ]
      ]
    },
    {
      "file_path": "/media/NFS/ttao/scannet/posed_images/scene0507_00/00163.jpg",
      "transform_matrix": [
        [
          0.688807,
          -0.43663,
          0.578705,
          0.307671
        ],
        [
          -0.72281,
          -0.47486,
          0.50205,
          2.052588
        ],
        [
          0.055594,
          -0.764109,
          -0.642687,
          1.347457
        ],
        [
          0.0,
          0.0,
          0.0,
          1.0
        ]
      ]
    },
    {
      "file_path": "/media/NFS/ttao/scannet/posed_images/scene0507_00/00165.jpg",
      "transform_matrix": [
        [
          0.681472,
          -0.439187,
          0.585416,
          0.298675
        ],
        [
          -0.729329,
          -0.473821,
          0.493532,
          2.039747
        ],
        [
          0.06063,
          -0.763288,
          -0.643207,
          1.344069
        ],
        [
          0.0,
          0.0,
          0.0,
          1.0
        ]
      ]
    },
    {
      "file_path": "/media/NFS/ttao/scannet/posed_images/scene0507_00/00168.jpg",
      "transform_matrix": [
        [
          0.670519,
          -0.448177,
          0.59122,
          0.287807
        ],
        [
          -0.73903,
          -0.473438,
          0.479261,
          2.017137
        ],
        [
          0.065112,
          -0.758283,
          -0.648666,
          1.337012
        ],
        [
          0.0,
          0.0,
          0.0,
          1.0
        ]
      ]
    },
    {
      "file_path": "/media/NFS/ttao/scannet/posed_images/scene0507_00/00173.jpg",
      "transform_matrix": [
        [
          0.642857,
          -0.479073,
          0.597683,
          0.273216
        ],
        [
          -0.761913,
          -0.480288,
          0.434525,
          1.978679
        ],
        [
          0.078891,
          -0.73472,
          -0.673768,
          1.324236
        ],
        [
          0.0,
          0.0,
          0.0,
          1.0
        ]
      ]
    },
    {
      "file_path": "/media/NFS/ttao/scannet/posed_images/scene0507_00/00179.jpg",
      "transform_matrix": [
        [
          0.630998,
          -0.502702,
          0.590874,
          0.242852
        ],
        [
          -0.768094,
          -0.511807,
          0.384818,
          1.922603
        ],
        [
          0.108964,
          -0.696666,
          -0.709072,
          1.300382
        ],
        [
          0.0,
          0.0,
          0.0,
          1.0
        ]
      ]
    },
    {
      "file_path": "/media/NFS/ttao/scannet/posed_images/scene0507_00/00183.jpg",
      "transform_matrix": [
        [
          0.62974,
          -0.50511,
          0.590163,
          0.223884
        ],
        [
          -0.76784,
          -0.519852,
          0.3744,
          1.894521
        ],
        [
          0.117683,
          -0.688925,
          -0.715215,
          1.297575
        ],
        [
          0.0,
          0.0,
          0.0,
          1.0
        ]
      ]
    },
    {
      "file_path": "/media/NFS/ttao/scannet/posed_images/scene0507_00/00186.jpg",
      "transform_matrix": [
        [
          0.632444,
          -0.507423,
          0.585267,
          0.211703
        ],
        [
          -0.765077,
          -0.527351,
          0.369538,
          1.876099
        ],
        [
          0.121129,
          -0.681486,
          -0.721737,
          1.290076
        ],
        [
          0.0,
          0.0,
          0.0,
          1.0
        ]
      ]
    },
    {
      "file_path": "/media/NFS/ttao/scannet/posed_images/scene0507_00/00191.jpg",
      "transform_matrix": [
        [
          0.633064,
          -0.520331,
          0.573136,
          0.199623
        ],
        [
          -0.7642,
          -0.538116,
          0.355568,
          1.858768
        ],
        [
          0.123401,
          -0.663089,
          -0.738299,
          1.288982
        ],
        [
          0.0,
          0.0,
          0.0,
          1.0
        ]
      ]
    },
    {
      "file_path": "/media/NFS/ttao/scannet/posed_images/scene0507_00/00193.jpg",
      "transform_matrix": [
        [
          0.633059,
          -0.525181,
          0.568702,
          0.193433
        ],
        [
          -0.764608,
          -0.538938,
          0.35344,
          1.856169
        ],
        [
          0.120875,
          -0.658582,
          -0.742738,
          1.28824
        ],
        [
          0.0,
          0.0,
          0.0,
          1.0
        ]
      ]
    },
    {
      "file_path": "/media/NFS/ttao/scannet/posed_images/scene0507_00/00200.jpg",
      "transform_matrix": [
        [
          0.629405,
          -0.54846,
          0.550491,
          0.166973
        ],
        [
          -0.768508,
          -0.544249,
          0.336434,
          1.855995
        ],
        [
          0.115083,
          -0.63481,
          -0.764049,
          1.282972
        ],
        [
          0.0,
          0.0,
          0.0,
          1.0
        ]
      ]
    },
    {
      "file_path": "/media/NFS/ttao/scannet/posed_images/scene0507_00/00203.jpg",
      "transform_matrix": [
        [
          0.616644,
          -0.558362,
          0.554961,
          0.150993
        ],
        [
          -0.778568,
          -0.536901,
          0.324914,
          1.868723
        ],
        [
          0.116539,
          -0.632431,
          -0.7658,
          1.28259
        ],
        [
          0.0,
          0.0,
          0.0,
          1.0
        ]
      ]
    },
    {
      "file_path": "/media/NFS/ttao/scannet/posed_images/scene0507_00/00205.jpg",
      "transform_matrix": [
        [
          0.603185,
          -0.565997,
          0.561974,
          0.137015
        ],
        [
          -0.789298,
          -0.524979,
          0.318442,
          1.879207
        ],
        [
          0.114788,
          -0.635645,
          -0.7634,
          1.281293
        ],
        [
          0.0,
          0.0,
          0.0,
          1.0
        ]
      ]
    },
    {
      "file_path": "/media/NFS/ttao/scannet/posed_images/scene0507_00/00212.jpg",
      "transform_matrix": [
        [
          0.52853,
          -0.593909,
          0.606571,
          0.071348
        ],
        [
          -0.843144,
          -0.450424,
          0.293643,
          1.928917
        ],
        [
          0.098817,
          -0.666626,
          -0.738813,
          1.29053
        ],
        [
          0.0,
          0.0,
          0.0,
          1.0
        ]
      ]
    },
    {
      "file_path": "/media/NFS/ttao/scannet/posed_images/scene0507_00/00213.jpg",
      "transform_matrix": [
        [
          0.521588,
          -0.599249,
          0.607327,
          0.060188
        ],
        [
          -0.848193,
          -0.441176,
          0.293143,
          1.935622
        ],
        [
          0.092272,
          -0.66803,
          -0.738391,
          1.290168
        ],
        [
          0.0,
          0.0,
          0.0,
          1.0
        ]
      ]
    },
    {
      "file_path": "/media/NFS/ttao/scannet/posed_images/scene0507_00/00220.jpg",
      "transform_matrix": [
        [
          0.49339,
          -0.634551,
          0.594905,
          -0.008803
        ],
        [
          -0.869009,
          -0.388929,
          0.305872,
          1.993218
        ],
        [
          0.037284,
          -0.667892,
          -0.743324,
          1.297873
        ],
        [
          0.0,
          0.0,
          0.0,
          1.0
        ]
      ]
    },
    {
      "file_path": "/media/NFS/ttao/scannet/posed_images/scene0507_00/00224.jpg",
      "transform_matrix": [
        [
          0.486663,
          -0.637807,
          0.59696,
          -0.034902
        ],
        [
          -0.8734,
          -0.369483,
          0.317262,
          2.017428
        ],
        [
          0.018215,
          -0.675784,
          -0.736875,
          1.300128
        ],
        [
          0.0,
          0.0,
          0.0,
          1.0
        ]
      ]
    },
    {
      "file_path": "/media/NFS/ttao/scannet/posed_images/scene0507_00/00228.jpg",
      "transform_matrix": [
        [
          0.465529,
          -0.627175,
          0.624447,
          -0.048808
        ],
        [
          -0.884457,
          -0.355125,
          0.302691,
          2.046372
        ],
        [
          0.031916,
          -0.693208,
          -0.72003,
          1.301764
        ],
        [
          0.0,
          0.0,
          0.0,
          1.0
        ]
      ]
    },
    {
      "file_path": "/media/NFS/ttao/scannet/posed_images/scene0507_00/00229.jpg",
      "transform_matrix": [
        [
          0.459162,
          -0.625875,
          0.630436,
          -0.052137
        ],
        [
          -0.887671,
          -0.351035,
          0.298017,
          2.051151
        ],
        [
          0.034783,
          -0.696458,
          -0.716753,
          1.298416
        ],
        [
          0.0,
          0.0,
          0.0,
          1.0
        ]
      ]
    },
    {
      "file_path": "/media/NFS/ttao/scannet/posed_images/scene0507_00/00236.jpg",
      "transform_matrix": [
        [
          0.399259,
          -0.643106,
          0.653458,
          -0.041991
        ],
        [
          -0.915325,
          -0.320526,
          0.243809,
          2.116256
        ],
        [
          0.052655,
          -0.69547,
          -0.716624,
          1.285067
        ],
        [
          0.0,
          0.0,
          0.0,
          1.0
        ]
      ]
    },
    {
      "file_path": "/media/NFS/ttao/scannet/posed_images/scene0507_00/00237.jpg",
      "transform_matrix": [
        [
          0.38986,
          -0.648377,
          0.653924,
          -0.036076
        ],
        [
          -0.919641,
          -0.310866,
          0.240048,
          2.12637
        ],
        [
          0.047641,
          -0.69496,
          -0.717468,
          1.284522
        ],
        [
          0.0,
          0.0,
          0.0,
          1.0
        ]
      ]
    },
    {
      "file_path": "/media/NFS/ttao/scannet/posed_images/scene0507_00/00245.jpg",
      "transform_matrix": [
        [
          0.325172,
          -0.698007,
          0.638003,
          0.020456
        ],
        [
          -0.945552,
          -0.249913,
          0.208504,
          2.214874
        ],
        [
          0.013908,
          -0.671065,
          -0.741268,
          1.274969
        ],
        [
          0.0,
          0.0,
          0.0,
          1.0
        ]
      ]
    },
    {
      "file_path": "/media/NFS/ttao/scannet/posed_images/scene0507_00/00246.jpg",
      "transform_matrix": [
        [
          0.321598,
          -0.698289,
          0.639505,
          0.026316
        ],
        [
          -0.946735,
          -0.248784,
          0.204447,
          2.226969
        ],
        [
          0.016335,
          -0.671192,
          -0.741104,
          1.274594
        ],
        [
          0.0,
          0.0,
          0.0,
          1.0
        ]
      ]
    },
    {
      "file_path": "/media/NFS/ttao/scannet/posed_images/scene0507_00/00252.jpg",
      "transform_matrix": [
        [
          0.333502,
          -0.69791,
          0.633797,
          0.040224
        ],
        [
          -0.942314,
          -0.267209,
          0.201605,
          2.301259
        ],
        [
          0.028654,
          -0.664471,
          -0.746764,
          1.267639
        ],
        [
          0.0,
          0.0,
          0.0,
          1.0
        ]
      ]
    },
    {
      "file_path": "/media/NFS/ttao/scannet/posed_images/scene0507_00/00256.jpg",
      "transform_matrix": [
        [
          0.34105,
          -0.693981,
          0.634094,
          0.044162
        ],
        [
          -0.939665,
          -0.270867,
          0.208954,
          2.347489
        ],
        [
          0.026745,
          -0.667099,
          -0.744488,
          1.266842
        ],
        [
          0.0,
          0.0,
          0.0,
          1.0
        ]
      ]
    },
    {
      "file_path": "/media/NFS/ttao/scannet/posed_images/scene0507_00/00258.jpg",
      "transform_matrix": [
        [
          0.341669,
          -0.692553,
          0.635321,
          0.042519
        ],
        [
          -0.939234,
          -0.275492,
          0.204802,
          2.372668
        ],
        [
          0.033189,
          -0.666689,
          -0.744596,
          1.263037
        ],
        [
          0.0,
          0.0,
          0.0,
          1.0
        ]
      ]
    },
    {
      "file_path": "/media/NFS/ttao/scannet/posed_images/scene0507_00/00264.jpg",
      "transform_matrix": [
        [
          0.317587,
          -0.691046,
          0.649302,
          0.032818
        ],
        [
          -0.948047,
          -0.244841,
          0.203126,
          2.454308
        ],
        [
          0.018607,
          -0.680079,
          -0.732903,
          1.267048
        ],
        [
          0.0,
          0.0,
          0.0,
          1.0
        ]
      ]
    },
    {
      "file_path": "/media/NFS/ttao/scannet/posed_images/scene0507_00/00265.jpg",
      "transform_matrix": [
        [
          0.312338,
          -0.690234,
          0.652703,
          0.027532
        ],
        [
          -0.949826,
          -0.238912,
          0.20187,
          2.470208
        ],
        [
          0.016601,
          -0.683006,
          -0.730224,
          1.266679
        ],
        [
          0.0,
          0.0,
          0.0,
          1.0
        ]
      ]
    },
    {
      "file_path": "/media/NFS/ttao/scannet/posed_images/scene0507_00/00270.jpg",
      "transform_matrix": [
        [
          0.293106,
          -0.682689,
          0.669346,
          0.001806
        ],
        [
          -0.956076,
          -0.207387,
          0.207144,
          2.546345
        ],
        [
          -0.002602,
          -0.700661,
          -0.713489,
          1.271178
        ],
        [
          0.0,
          0.0,
          0.0,
          1.0
        ]
      ]
    },
    {
      "file_path": "/media/NFS/ttao/scannet/posed_images/scene0507_00/00275.jpg",
      "transform_matrix": [
        [
          0.299275,
          -0.702842,
          0.645327,
          -0.020999
        ],
        [
          -0.953513,
          -0.195249,
          0.229547,
          2.624854
        ],
        [
          -0.035336,
          -0.684025,
          -0.728602,
          1.274356
        ],
        [
          0.0,
          0.0,
          0.0,
          1.0
        ]
      ]
    },
    {
      "file_path": "/media/NFS/ttao/scannet/posed_images/scene0507_00/00281.jpg",
      "transform_matrix": [
        [
          0.309493,
          -0.703737,
          0.639507,
          -0.03369
        ],
        [
          -0.950595,
          -0.211906,
          0.226857,
          2.700749
        ],
        [
          -0.024132,
          -0.678123,
          -0.734552,
          1.278881
        ],
        [
          0.0,
          0.0,
          0.0,
          1.0
        ]
      ]
    },
    {
      "file_path": "/media/NFS/ttao/scannet/posed_images/scene0507_00/00282.jpg",
      "transform_matrix": [
        [
          0.30956,
          -0.700515,
          0.643003,
          -0.036331
        ],
        [
          -0.950681,
          -0.214155,
          0.224374,
          2.713536
        ],
        [
          -0.019475,
          -0.680747,
          -0.732259,
          1.276642
        ],
        [
          0.0,
          0.0,
          0.0,
          1.0
        ]
      ]
    },
    {
      "file_path": "/media/NFS/ttao/scannet/posed_images/scene0507_00/00286.jpg",
      "transform_matrix": [
        [
          0.332494,
          -0.687194,
          0.64592,
          -0.038627
        ],
        [
          -0.943105,
          -0.241812,
          0.228209,
          2.77538
        ],
        [
          -0.000633,
          -0.685049,
          -0.728497,
          1.266864
        ],
        [
          0.0,
          0.0,
          0.0,
          1.0
        ]
      ]
    },
    {
      "file_path": "/media/NFS/ttao/scannet/posed_images/scene0507_00/00293.jpg",
      "transform_matrix": [
        [
          0.340682,
          -0.673357,
          0.656145,
          -0.014971
        ],
        [
          -0.939751,
          -0.222853,
          0.259237,
          2.875357
        ],
        [
          -0.028335,
          -0.70493,
          -0.70871,
          1.257393
        ],
        [
          0.0,
          0.0,
          0.0,
          1.0
        ]
      ]
    },
    {
      "file_path": "/media/NFS/ttao/scannet/posed_images/scene0507_00/00294.jpg",
      "transform_matrix": [
        [
          0.338491,
          -0.677299,
          0.653214,
          -0.010679
        ],
        [
          -0.940552,
          -0.222855,
          0.256316,
          2.892907
        ],
        [
          -0.02803,
          -0.701143,
          -0.71247,
          1.257897
        ],
        [
          0.0,
          0.0,
          0.0,
          1.0
        ]
      ]
    },
    {
      "file_path": "/media/NFS/ttao/scannet/posed_images/scene0507_00/00300.jpg",
      "transform_matrix": [
        [
          0.341358,
          -0.670342,
          0.658875,
          0.010501
        ],
        [
          -0.938435,
          -0.203494,
          0.279161,
          2.976787
        ],
        [
          -0.053056,
          -0.713605,
          -0.698536,
          1.269707
        ],
        [
          0.0,
          0.0,
          0.0,
          1.0
        ]
      ]
    },
    {
      "file_path": "/media/NFS/ttao/scannet/posed_images/scene0507_00/00302.jpg",
      "transform_matrix": [
        [
          0.337664,
          -0.670005,
          0.661117,
          0.012221
        ],
        [
          -0.9409,
          -0.220643,
          0.256953,
          3.008186
        ],
        [
          -0.026289,
          -0.708809,
          -0.704911,
          1.274885
        ],
        [
          0.0,
          0.0,
          0.0,
          1.0
        ]
      ]
    },
    {
      "file_path": "/media/NFS/ttao/scannet/posed_images/scene0507_00/00309.jpg",
      "transform_matrix": [
        [
          0.295354,
          -0.691092,
          0.659665,
          0.010612
        ],
        [
          -0.955018,
          -0.194358,
          0.223976,
          3.097677
        ],
        [
          -0.026577,
          -0.696144,
          -0.71741,
          1.278293
        ],
        [
          0.0,
          0.0,
          0.0,
          1.0
        ]
      ]
    },
    {
      "file_path": "/media/NFS/ttao/scannet/posed_images/scene0507_00/00310.jpg",
      "transform_matrix": [
        [
          0.283705,
          -0.692926,
          0.662846,
          0.009224
        ],
        [
          -0.958489,
          -0.184407,
          0.217467,
          3.109637
        ],
        [
          -0.028455,
          -0.697028,
          -0.716479,
          1.278446
        ],
