{
  "frames": [
    {
      "file_path": "/media/NFS/ttao/scannet/posed_images/scene0020_01/00001.jpg",
      "transform_matrix": [
        [
          0.991281,
          0.010725,
          -0.131329,
          2.273321
        ],
        [
          0.095836,
          -0.742706,
          0.662724,
          1.094445
        ],
        [
          -0.090431,
          -0.669532,
          -0.737258,
          1.288223
        ],
        [
          0.0,
          0.0,
          0.0,
          1.0
        ]
      ]
    },
    {
      "file_path": "/media/NFS/ttao/scannet/posed_images/scene0020_01/00005.jpg",
      "transform_matrix": [
        [
          0.994548,
          0.002518,
          -0.104245,
          2.272139
        ],
        [
          0.070353,
          -0.7541,
          0.652981,
          1.071625
        ],
        [
          -0.076967,
          -0.656755,
          -0.750166,
          1.285529
        ],
        [
          0.0,
          0.0,
          0.0,
          1.0
        ]
      ]
    },
    {
      "file_path": "/media/NFS/ttao/scannet/posed_images/scene0020_01/00008.jpg",
      "transform_matrix": [
        [
          0.995114,
          0.008584,
          -0.098355,
          2.275022
        ],
        [
          0.069573,
          -0.767803,
          0.636897,
          1.057005
        ],
        [
          -0.07005,
          -0.640628,
          -0.764649,
          1.281425
        ],
        [
          0.0,
          0.0,
          0.0,
          1.0
        ]
      ]
    },
    {
      "file_path": "/media/NFS/ttao/scannet/posed_images/scene0020_01/00009.jpg",
      "transform_matrix": [
        [
          0.995115,
          0.005996,
          -0.098538,
          2.272759
        ],
        [
          0.067961,
          -0.765581,
          0.63974,
          1.052708
        ],
        [
          -0.071602,
          -0.643312,
          -0.762249,
          1.285903
        ],
        [
          0.0,
          0.0,
          0.0,
          1.0
        ]
      ]
    },
    {
      "file_path": "/media/NFS/ttao/scannet/posed_images/scene0020_01/00014.jpg",
      "transform_matrix": [
        [
          0.99068,
          0.012806,
          -0.13561,
          2.265862
        ],
        [
          0.105778,
          -0.69958,
          0.706681,
          1.034633
        ],
        [
          -0.08582,
          -0.714439,
          -0.694414,
          1.33584
        ],
        [
          0.0,
          0.0,
          0.0,
          1.0
        ]
      ]
    },
    {
      "file_path": "/media/NFS/ttao/scannet/posed_images/scene0020_01/00017.jpg",
      "transform_matrix": [
        [
          0.983889,
          0.041636,
          -0.173863,
          2.284537
        ],
        [
          0.161414,
          -0.624987,
          0.763765,
          1.015938
        ],
        [
          -0.076862,
          -0.779524,
          -0.621639,
          1.361914
        ],
        [
          0.0,
          0.0,
          0.0,
          1.0
        ]
      ]
    },
    {
      "file_path": "/media/NFS/ttao/scannet/posed_images/scene0020_01/00019.jpg",
      "transform_matrix": [
        [
          0.980514,
          0.061244,
          -0.186657,
          2.286109
        ],
        [
          0.185418,
          -0.602407,
          0.776354,
          1.016582
        ],
        [
          -0.064897,
          -0.795836,
          -0.602025,
          1.38616
        ],
        [
          0.0,
          0.0,
          0.0,
          1.0
        ]
      ]
    },
    {
      "file_path": "/media/NFS/ttao/scannet/posed_images/scene0020_01/00024.jpg",
      "transform_matrix": [
        [
          0.973714,
          0.056391,
          -0.220685,
          2.301891
        ],
        [
          0.217667,
          -0.515795,
          0.828599,
          1.006603
        ],
        [
          -0.067103,
          -0.854854,
          -0.514511,
          1.430117
        ],
        [
          0.0,
          0.0,
          0.0,
          1.0
        ]
      ]
    },
    {
      "file_path": "/media/NFS/ttao/scannet/posed_images/scene0020_01/00027.jpg",
      "transform_matrix": [
        [
          0.969529,
          0.038825,
          -0.241882,
          2.313868
        ],
        [
          0.231585,
          -0.467246,
          0.853258,
          0.998377
        ],
        [
          -0.079891,
          -0.883275,
          -0.462,
          1.454533
        ],
        [
          0.0,
          0.0,
          0.0,
          1.0
        ]
      ]
    },
    {
      "file_path": "/media/NFS/ttao/scannet/posed_images/scene0020_01/00028.jpg",
      "transform_matrix": [
        [
          0.968474,
          0.037635,
          -0.246255,
          2.318078
        ],
        [
          0.236301,
          -0.451745,
          0.860284,
          0.997232
        ],
        [
          -0.078868,
          -0.891353,
          -0.446396,
          1.462501
        ],
        [
          0.0,
          0.0,
          0.0,
          1.0
        ]
      ]
    },
    {
      "file_path": "/media/NFS/ttao/scannet/posed_images/scene0020_01/00031.jpg",
      "transform_matrix": [
        [
          0.969787,
          0.024815,
          -0.242687,
          2.340669
        ],
        [
          0.231651,
          -0.405587,
          0.884215,
          0.989847
        ],
        [
          -0.076489,
          -0.91372,
          -0.399081,
          1.473938
        ],
        [
          0.0,
          0.0,
          0.0,
          1.0
        ]
      ]
    },
    {
      "file_path": "/media/NFS/ttao/scannet/posed_images/scene0020_01/00035.jpg",
      "transform_matrix": [
        [
          0.978753,
          -0.000155,
          -0.205043,
          2.337813
        ],
        [
          0.191246,
          -0.359932,
          0.913167,
          0.98024
        ],
        [
          -0.073943,
          -0.932979,
          -0.352255,
          1.494545
        ],
        [
          0.0,
          0.0,
          0.0,
          1.0
        ]
      ]
    },
    {
      "file_path": "/media/NFS/ttao/scannet/posed_images/scene0020_01/00040.jpg",
      "transform_matrix": [
        [
          0.983601,
          -0.025624,
          -0.17853,
          2.359992
        ],
        [
          0.161959,
          -0.31009,
          0.93681,
          0.98013
        ],
        [
          -0.079365,
          -0.950362,
          -0.300855,
          1.513066
        ],
        [
          0.0,
          0.0,
          0.0,
          1.0
        ]
      ]
    },
    {
      "file_path": "/media/NFS/ttao/scannet/posed_images/scene0020_01/00041.jpg",
      "transform_matrix": [
        [
          0.984301,
          -0.032849,
          -0.173416,
          2.358289
        ],
        [
          0.155351,
          -0.305108,
          0.939561,
          0.980347
        ],
        [
          -0.083774,
          -0.951751,
          -0.295214,
          1.516931
        ],
        [
          0.0,
          0.0,
          0.0,
          1.0
        ]
      ]
    },
    {
      "file_path": "/media/NFS/ttao/scannet/posed_images/scene0020_01/00044.jpg",
      "transform_matrix": [
        [
          0.988191,
          -0.04578,
          -0.14623,
          2.358706
        ],
        [
          0.126515,
          -0.294622,
          0.947202,
          0.977625
        ],
        [
          -0.086446,
          -0.954517,
          -0.28535,
          1.519938
        ],
        [
          0.0,
          0.0,
          0.0,
          1.0
        ]
      ]
    },
    {
      "file_path": "/media/NFS/ttao/scannet/posed_images/scene0020_01/00049.jpg",
      "transform_matrix": [
        [
          0.997852,
          -0.050369,
          -0.041887,
          2.334135
        ],
        [
          0.021363,
          -0.354242,
          0.93491,
          0.982784
        ],
        [
          -0.061929,
          -0.933797,
          -0.352405,
          1.495359
        ],
        [
          0.0,
          0.0,
          0.0,
          1.0
        ]
      ]
    },
    {
      "file_path": "/media/NFS/ttao/scannet/posed_images/scene0020_01/00050.jpg",
      "transform_matrix": [
        [
          0.997269,
          -0.065329,
          -0.03444,
          2.3396
        ],
        [
          0.009142,
          -0.353561,
          0.935367,
          0.989453
        ],
        [
          -0.073283,
          -0.933128,
          -0.351998,
          1.47885
        ],
        [
          0.0,
          0.0,
          0.0,
          1.0
        ]
      ]
    },
    {
      "file_path": "/media/NFS/ttao/scannet/posed_images/scene0020_01/00053.jpg",
      "transform_matrix": [
        [
          0.996312,
          -0.085485,
          0.007369,
          2.323008
        ],
        [
          -0.039092,
          -0.375796,
          0.925878,
          0.985022
        ],
        [
          -0.076379,
          -0.922751,
          -0.377752,
          1.455516
        ],
        [
          0.0,
          0.0,
          0.0,
          1.0
        ]
      ]
    },
    {
      "file_path": "/media/NFS/ttao/scannet/posed_images/scene0020_01/00056.jpg",
      "transform_matrix": [
        [
          0.994263,
          -0.093231,
          0.05244,
          2.312269
        ],
        [
          -0.088132,
          -0.436182,
          0.895532,
          0.993246
        ],
        [
          -0.060618,
          -0.895016,
          -0.441896,
          1.427236
        ],
        [
          0.0,
          0.0,
          0.0,
          1.0
        ]
      ]
    },
    {
      "file_path": "/media/NFS/ttao/scannet/posed_images/scene0020_01/00062.jpg",
      "transform_matrix": [
        [
          0.978606,
          -0.150474,
          0.140317,
          2.30754
        ],
        [
          -0.201169,
          -0.55676,
          0.805946,
          1.024912
        ],
        [
          -0.043151,
          -0.816931,
          -0.575119,
          1.330074
        ],
        [
          0.0,
          0.0,
          0.0,
          1.0
        ]
      ]
    },
    {
      "file_path": "/media/NFS/ttao/scannet/posed_images/scene0020_01/00064.jpg",
      "transform_matrix": [
        [
          0.975489,
          -0.167084,
          0.14319,
          2.312145
        ],
        [
          -0.215495,
          -0.593721,
          0.775279,
          1.034959
        ],
        [
          -0.044523,
          -0.787133,
          -0.615174,
          1.314294
        ],
        [
          0.0,
          0.0,
          0.0,
          1.0
        ]
      ]
    },
    {
      "file_path": "/media/NFS/ttao/scannet/posed_images/scene0020_01/00068.jpg",
      "transform_matrix": [
        [
          0.967767,
          -0.19115,
          0.163979,
          2.325477
        ],
        [
          -0.249798,
          -0.64563,
          0.721639,
          1.056041
        ],
        [
          -0.032072,
          -0.739339,
          -0.672569,
          1.281371
        ],
        [
          0.0,
          0.0,
          0.0,
          1.0
        ]
      ]
    },
    {
      "file_path": "/media/NFS/ttao/scannet/posed_images/scene0020_01/00071.jpg",
      "transform_matrix": [
        [
          0.953413,
          -0.222643,
          0.20355,
          2.305378
        ],
        [
          -0.301094,
          -0.660797,
          0.687524,
          1.087205
        ],
        [
          -0.018567,
          -0.716782,
          -0.69705,
          1.274617
        ],
        [
          0.0,
          0.0,
          0.0,
          1.0
        ]
      ]
    },
    {
      "file_path": "/media/NFS/ttao/scannet/posed_images/scene0020_01/00072.jpg",
      "transform_matrix": [
        [
          0.95353,
          -0.221465,
          0.204288,
          2.313299
        ],
        [
          -0.300791,
          -0.660412,
          0.688027,
          1.098793
        ],
        [
          -0.017459,
          -0.717502,
          -0.696338,
          1.277719
        ],
        [
          0.0,
          0.0,
          0.0,
          1.0
        ]
      ]
    },
    {
      "file_path": "/media/NFS/ttao/scannet/posed_images/scene0020_01/00078.jpg",
      "transform_matrix": [
        [
          0.961173,
          -0.195951,
          0.194293,
          2.335912
        ],
        [
          -0.272736,
          -0.567495,
          0.776894,
          1.171126
        ],
        [
          -0.041973,
          -0.79972,
          -0.598904,
          1.345426
        ],
        [
          0.0,
          0.0,
          0.0,
          1.0
        ]
      ]
    },
    {
      "file_path": "/media/NFS/ttao/scannet/posed_images/scene0020_01/00081.jpg",
      "transform_matrix": [
        [
          0.9633,
          -0.155258,
          0.218972,
          2.344517
        ],
        [
          -0.267648,
          -0.493402,
          0.827598,
          1.168697
        ],
        [
          -0.020451,
          -0.855833,
          -0.516849,
          1.359114
        ],
        [
          0.0,
          0.0,
          0.0,
          1.0
        ]
      ]
    },
    {
      "file_path": "/media/NFS/ttao/scannet/posed_images/scene0020_01/00083.jpg",
      "transform_matrix": [
        [
          0.962129,
          -0.133713,
          0.237545,
          2.352242
        ],
        [
          -0.272532,
          -0.453385,
          0.848627,
          1.186496
        ],
        [
          -0.005773,
          -0.881228,
          -0.472657,
          1.385753
        ],
        [
          0.0,
          0.0,
          0.0,
          1.0
        ]
      ]
    },
    {
      "file_path": "/media/NFS/ttao/scannet/posed_images/scene0020_01/00087.jpg",
      "transform_matrix": [
        [
          0.951778,
          -0.111416,
          0.28584,
          2.358958
        ],
        [
          -0.306676,
          -0.370622,
          0.876692,
          1.202688
        ],
        [
          0.008261,
          -0.922077,
          -0.386919,
          1.431793
        ],
        [
          0.0,
          0.0,
          0.0,
          1.0
        ]
      ]
    },
    {
      "file_path": "/media/NFS/ttao/scannet/posed_images/scene0020_01/00088.jpg",
      "transform_matrix": [
        [
          0.948915,
          -0.110801,
          0.295436,
          2.361258
        ],
        [
          -0.31548,
          -0.349943,
          0.88205,
          1.205734
        ],
        [
          0.005653,
          -0.930195,
          -0.367022,
          1.443458
        ],
        [
          0.0,
          0.0,
          0.0,
          1.0
        ]
      ]
    },
    {
      "file_path": "/media/NFS/ttao/scannet/posed_images/scene0020_01/00091.jpg",
      "transform_matrix": [
        [
          0.935368,
          -0.100212,
          0.339181,
          2.340606
        ],
        [
          -0.353492,
          -0.295788,
          0.887442,
          1.219336
        ],
        [
          0.011393,
          -0.949983,
          -0.312095,
          1.480576
        ],
        [
          0.0,
          0.0,
          0.0,
          1.0
        ]
      ]
    },
    {
      "file_path": "/media/NFS/ttao/scannet/posed_images/scene0020_01/00097.jpg",
      "transform_matrix": [
        [
          0.898324,
          -0.07456,
          0.432961,
          2.329902
        ],
        [
          -0.438989,
          -0.191391,
          0.877871,
          1.233395
        ],
        [
          0.017411,
          -0.978678,
          -0.204662,
          1.518082
        ],
        [
          0.0,
          0.0,
          0.0,
          1.0
        ]
      ]
    },
    {
      "file_path": "/media/NFS/ttao/scannet/posed_images/scene0020_01/00100.jpg",
      "transform_matrix": [
        [
          0.880729,
          -0.059601,
          0.469855,
          2.320142
        ],
        [
          -0.47321,
          -0.151976,
          0.867742,
          1.246154
        ],
        [
          0.019689,
          -0.986586,
          -0.162053,
          1.527809
        ],
        [
          0.0,
          0.0,
          0.0,
          1.0
        ]
      ]
    },
    {
      "file_path": "/media/NFS/ttao/scannet/posed_images/scene0020_01/00103.jpg",
      "transform_matrix": [
        [
          0.862322,
          -0.053908,
          0.503483,
          2.311689
        ],
        [
          -0.506294,
          -0.107845,
          0.855591,
          1.252516
        ],
        [
          0.008174,
          -0.992705,
          -0.12029,
          1.544759
        ],
        [
          0.0,
          0.0,
          0.0,
          1.0
        ]
      ]
    },
    {
      "file_path": "/media/NFS/ttao/scannet/posed_images/scene0020_01/00106.jpg",
      "transform_matrix": [
        [
          0.843039,
          -0.041915,
          0.536217,
          2.300264
        ],
        [
          -0.537833,
          -0.074194,
          0.83978,
          1.261309
        ],
        [
          0.004585,
          -0.996363,
          -0.085092,
          1.553588
        ],
        [
          0.0,
          0.0,
          0.0,
          1.0
        ]
      ]
    },
    {
      "file_path": "/media/NFS/ttao/scannet/posed_images/scene0020_01/00109.jpg",
      "transform_matrix": [
        [
          0.832238,
          -0.038875,
          0.553054,
          2.293071
        ],
        [
          -0.554419,
          -0.05804,
          0.830211,
          1.265117
        ],
        [
          -0.000175,
          -0.997557,
          -0.069856,
          1.553589
        ],
        [
          0.0,
          0.0,
          0.0,
          1.0
        ]
      ]
    },
    {
      "file_path": "/media/NFS/ttao/scannet/posed_images/scene0020_01/00110.jpg",
      "transform_matrix": [
        [
          0.828347,
          -0.047289,
          0.558215,
          2.28984
        ],
        [
          -0.560215,
          -0.069761,
          0.825405,
          1.276743
        ],
        [
          -9.1e-05,
          -0.996442,
          -0.084278,
          1.565538
        ],
        [
          0.0,
          0.0,
          0.0,
          1.0
        ]
      ]
    },
    {
      "file_path": "/media/NFS/ttao/scannet/posed_images/scene0020_01/00116.jpg",
      "transform_matrix": [
        [
          0.807793,
          -0.089328,
          0.582658,
          2.275603
        ],
        [
          -0.589366,
          -0.140629,
          0.795532,
          1.31556
        ],
        [
          0.010875,
          -0.986024,
          -0.166246,
          1.537375
        ],
        [
          0.0,
          0.0,
          0.0,
          1.0
        ]
      ]
    },
    {
      "file_path": "/media/NFS/ttao/scannet/posed_images/scene0020_01/00117.jpg",
      "transform_matrix": [
        [
          0.807057,
          -0.099587,
          0.582015,
          2.274131
        ],
        [
          -0.590396,
          -0.152073,
          0.792658,
          1.319283
        ],
        [
          0.00957,
          -0.983339,
          -0.181527,
          1.529479
        ],
        [
          0.0,
          0.0,
          0.0,
          1.0
        ]
      ]
    },
    {
      "file_path": "/media/NFS/ttao/scannet/posed_images/scene0020_01/00120.jpg",
      "transform_matrix": [
        [
          0.802857,
          -0.136593,
          0.580313,
          2.262693
        ],
        [
          -0.596166,
          -0.179345,
          0.782574,
          1.343024
        ],
        [
          -0.002818,
          -0.974257,
          -0.225421,
          1.512531
        ],
        [
          0.0,
          0.0,
          0.0,
          1.0
        ]
      ]
    },
    {
      "file_path": "/media/NFS/ttao/scannet/posed_images/scene0020_01/00123.jpg",
      "transform_matrix": [
        [
          0.800319,
          -0.166232,
          0.57607,
          2.248079
        ],
        [
          -0.599562,
          -0.215741,
          0.770701,
          1.364488
        ],
        [
          -0.003834,
          -0.962197,
          -0.272329,
          1.495231
        ],
        [
          0.0,
          0.0,
          0.0,
          1.0
        ]
      ]
    },
    {
      "file_path": "/media/NFS/ttao/scannet/posed_images/scene0020_01/00126.jpg",
      "transform_matrix": [
        [
          0.802769,
          -0.190312,
          0.565105,
          2.234009
        ],
        [
          -0.596284,
          -0.260586,
          0.759302,
          1.386052
        ],
        [
          0.002754,
          -0.946507,
          -0.322671,
          1.469231
        ],
        [
          0.0,
          0.0,
          0.0,
          1.0
        ]
      ]
    },
    {
      "file_path": "/media/NFS/ttao/scannet/posed_images/scene0020_01/00129.jpg",
      "transform_matrix": [
        [
          0.807817,
          -0.208036,
          0.551501,
          2.22165
        ],
        [
          -0.589378,
          -0.297939,
          0.75091,
          1.410131
        ],
        [
          0.008097,
          -0.93164,
          -0.363292,
          1.442328
        ],
        [
          0.0,
          0.0,
          0.0,
          1.0
        ]
      ]
    },
    {
      "file_path": "/media/NFS/ttao/scannet/posed_images/scene0020_01/00135.jpg",
      "transform_matrix": [
        [
          0.823947,
          -0.233431,
          0.516353,
          2.206364
        ],
        [
          -0.565208,
          -0.403865,
          0.719328,
          1.471388
        ],
        [
          0.040623,
          -0.884535,
          -0.464701,
          1.366907
        ],
        [
          0.0,
          0.0,
          0.0,
          1.0
        ]
      ]
    },
    {
      "file_path": "/media/NFS/ttao/scannet/posed_images/scene0020_01/00136.jpg",
      "transform_matrix": [
        [
          0.825063,
          -0.235857,
          0.513461,
          2.203996
        ],
        [
          -0.563003,
          -0.420253,
          0.711628,
          1.482439
        ],
        [
          0.047941,
          -0.876218,
          -0.479524,
          1.35671
        ],
        [
          0.0,
          0.0,
          0.0,
          1.0
        ]
      ]
    },
    {
      "file_path": "/media/NFS/ttao/scannet/posed_images/scene0020_01/00139.jpg",
      "transform_matrix": [
        [
          0.83749,
          -0.246955,
          0.487467,
          2.20231
        ],
        [
          -0.543974,
          -0.461641,
          0.700699,
          1.518313
        ],
        [
          0.051993,
          -0.851998,
          -0.520957,
          1.336305
        ],
        [
          0.0,
          0.0,
          0.0,
          1.0
        ]
      ]
    },
    {
      "file_path": "/media/NFS/ttao/scannet/posed_images/scene0020_01/00144.jpg",
      "transform_matrix": [
        [
          0.861945,
          -0.288283,
          0.417066,
          2.211864
        ],
        [
          -0.50674,
          -0.463421,
          0.726949,
          1.574439
        ],
        [
          -0.01629,
          -0.837934,
          -0.545528,
          1.328195
        ],
        [
          0.0,
          0.0,
          0.0,
          1.0
        ]
      ]
    },
    {
      "file_path": "/media/NFS/ttao/scannet/posed_images/scene0020_01/00147.jpg",
      "transform_matrix": [
        [
          0.867618,
          -0.293089,
          0.401668,
          2.219157
        ],
        [
          -0.49544,
          -0.441069,
          0.74833,
          1.61615
        ],
        [
          -0.042164,
          -0.848267,
          -0.527888,
          1.345848
        ],
        [
          0.0,
          0.0,
          0.0,
          1.0
        ]
      ]
    },
    {
      "file_path": "/media/NFS/ttao/scannet/posed_images/scene0020_01/00150.jpg",
      "transform_matrix": [
        [
          0.868671,
          -0.276156,
          0.411276,
          2.230303
        ],
        [
          -0.494125,
          -0.423722,
          0.759145,
          1.653307
        ],
        [
          -0.035376,
          -0.862669,
          -0.504531,
          1.368768
        ],
        [
          0.0,
          0.0,
          0.0,
          1.0
        ]
      ]
    },
    {
      "file_path": "/media/NFS/ttao/scannet/posed_images/scene0020_01/00154.jpg",
      "transform_matrix": [
        [
          0.861721,
          -0.238062,
          0.448065,
          2.237453
        ],
        [
          -0.506815,
          -0.362164,
          0.782289,
          1.704168
        ],
        [
          -0.023961,
          -0.901201,
          -0.432738,
          1.412998
        ],
        [
          0.0,
          0.0,
          0.0,
          1.0
        ]
      ]
    },
    {
      "file_path": "/media/NFS/ttao/scannet/posed_images/scene0020_01/00156.jpg",
      "transform_matrix": [
        [
          0.861457,
          -0.21984,
          0.457779,
          2.241687
        ],
        [
          -0.507233,
          -0.328778,
          0.79663,
          1.718533
        ],
        [
          -0.024624,
          -0.918464,
          -0.394739,
          1.42879
        ],
        [
          0.0,
          0.0,
          0.0,
          1.0
        ]
      ]
    },
    {
      "file_path": "/media/NFS/ttao/scannet/posed_images/scene0020_01/00158.jpg",
      "transform_matrix": [
        [
          0.857356,
          -0.204843,
          0.472207,
          2.24005
        ],
        [
          -0.514541,
          -0.316666,
          0.79685,
          1.735243
        ],
        [
          -0.013697,
          -0.926154,
          -0.376896,
          1.448289
        ],
        [
          0.0,
          0.0,
          0.0,
          1.0
        ]
      ]
    },
    {
      "file_path": "/media/NFS/ttao/scannet/posed_images/scene0020_01/00163.jpg",
      "transform_matrix": [
        [
          0.834416,
          -0.175018,
          0.522608,
          2.224249
        ],
        [
          -0.550828,
          -0.233161,
          0.801389,
          1.757434
        ],
        [
          -0.018407,
          -0.956559,
          -0.290958,
          1.478781
        ],
        [
          0.0,
          0.0,
          0.0,
          1.0
        ]
      ]
    },
    {
      "file_path": "/media/NFS/ttao/scannet/posed_images/scene0020_01/00164.jpg",
      "transform_matrix": [
        [
          0.827144,
          -0.167634,
          0.536407,
          2.214154
        ],
        [
          -0.561817,
          -0.222942,
          0.796654,
          1.770258
        ],
        [
          -0.013959,
          -0.96031,
          -0.278585,
          1.483989
        ],
        [
          0.0,
          0.0,
          0.0,
          1.0
        ]
      ]
    },
    {
      "file_path": "/media/NFS/ttao/scannet/posed_images/scene0020_01/00169.jpg",
      "transform_matrix": [
        [
          0.792243,
          -0.148337,
          0.591901,
          2.171421
        ],
        [
          -0.609922,
          -0.162939,
          0.77553,
          1.810028
        ],
        [
          -0.018597,
          -0.975422,
          -0.219561,
          1.507707
        ],
        [
          0.0,
          0.0,
          0.0,
          1.0
        ]
      ]
    },
    {
      "file_path": "/media/NFS/ttao/scannet/posed_images/scene0020_01/00172.jpg",
      "transform_matrix": [
        [
          0.781824,
          -0.144482,
          0.606528,
          2.143023
        ],
        [
          -0.622804,
          -0.13504,
          0.770636,
          1.831651
        ],
        [
          -0.029438,
          -0.98025,
          -0.195562,
          1.504367
        ],
        [
          0.0,
          0.0,
          0.0,
          1.0
        ]
      ]
    },
    {
      "file_path": "/media/NFS/ttao/scannet/posed_images/scene0020_01/00173.jpg",
      "transform_matrix": [
        [
          0.773221,
          -0.143423,
          0.617705,
          2.131536
        ],
        [
          -0.633614,
          -0.1352,
          0.761744,
          1.843074
        ],
        [
          -0.025738,
          -0.980383,
          -0.195414,
          1.506063
        ],
        [
          0.0,
          0.0,
          0.0,
          1.0
        ]
      ]
    },
    {
      "file_path": "/media/NFS/ttao/scannet/posed_images/scene0020_01/00179.jpg",
      "transform_matrix": [
        [
          0.703167,
          -0.205222,
          0.680764,
          2.084491
        ],
        [
          -0.709844,
          -0.147461,
          0.688751,
          1.885316
        ],
        [
          -0.040961,
          -0.967543,
          -0.249365,
          1.507513
        ],
        [
          0.0,
          0.0,
          0.0,
          1.0
        ]
      ]
    },
    {
      "file_path": "/media/NFS/ttao/scannet/posed_images/scene0020_01/00182.jpg",
      "transform_matrix": [
        [
          0.692881,
          -0.218757,
          0.687067,
          2.066526
        ],
        [
          -0.72076,
          -0.183035,
          0.668583,
          1.893981
        ],
        [
          -0.0205,
          -0.958459,
          -0.284493,
          1.494039
        ],
        [
          0.0,
          0.0,
          0.0,
          1.0
        ]
      ]
    },
    {
      "file_path": "/media/NFS/ttao/scannet/posed_images/scene0020_01/00183.jpg",
      "transform_matrix": [
        [
          0.690497,
          -0.22554,
          0.687274,
          2.060154
        ],
        [
          -0.723232,
          -0.199197,
          0.661253,
          1.8977
        ],
        [
          -0.012237,
          -0.953652,
          -0.300663,
          1.489272
        ],
        [
          0.0,
          0.0,
          0.0,
          1.0
        ]
      ]
    },
    {
      "file_path": "/media/NFS/ttao/scannet/posed_images/scene0020_01/00186.jpg",
      "transform_matrix": [
        [
          0.694748,
          -0.24383,
          0.676662,
          2.043207
        ],
        [
          -0.719185,
          -0.248489,
          0.648866,
          1.902167
        ],
        [
          0.00993,
          -0.937443,
          -0.347996,
          1.464072
        ],
        [
          0.0,
          0.0,
          0.0,
          1.0
        ]
      ]
    },
    {
      "file_path": "/media/NFS/ttao/scannet/posed_images/scene0020_01/00189.jpg",
      "transform_matrix": [
        [
          0.703211,
          -0.269785,
          0.657807,
          2.026438
        ],
        [
          -0.710549,
          -0.298932,
          0.636993,
          1.904512
        ],
        [
          0.024788,
          -0.915344,
          -0.401908,
          1.434396
        ],
        [
          0.0,
          0.0,
          0.0,
          1.0
        ]
      ]
    },
    {
      "file_path": "/media/NFS/ttao/scannet/posed_images/scene0020_01/00192.jpg",
      "transform_matrix": [
        [
          0.711315,
          -0.319528,
          0.626045,
          2.017947
        ],
        [
          -0.70272,
          -0.341919,
          0.62392,
          1.899514
        ],
        [
          0.014697,
          -0.883738,
          -0.467751,
          1.378546
        ],
        [
          0.0,
          0.0,
          0.0,
          1.0
        ]
      ]
    },
    {
      "file_path": "/media/NFS/ttao/scannet/posed_images/scene0020_01/00196.jpg",
      "transform_matrix": [
        [
          0.698931,
          -0.368648,
          0.612857,
          2.009096
        ],
        [
          -0.715092,
          -0.374372,
          0.59033,
          1.905586
        ],
        [
          0.011813,
          -0.850849,
          -0.525278,
          1.345549
        ],
        [
          0.0,
          0.0,
          0.0,
          1.0
        ]
      ]
    },
    {
      "file_path": "/media/NFS/ttao/scannet/posed_images/scene0020_01/00201.jpg",
      "transform_matrix": [
        [
          0.652837,
          -0.429619,
          0.623883,
          2.007039
        ],
        [
          -0.757052,
          -0.398307,
          0.517904,
          1.912063
        ],
        [
          0.025995,
          -0.810419,
          -0.585274,
          1.320104
        ],
        [
          0.0,
          0.0,
          0.0,
          1.0
        ]
      ]
    },
    {
      "file_path": "/media/NFS/ttao/scannet/posed_images/scene0020_01/00202.jpg",
      "transform_matrix": [
        [
          0.643268,
          -0.440695,
          0.626095,
          2.010592
        ],
        [
          -0.765395,
          -0.390887,
          0.511251,
          1.915863
        ],
        [
          0.019427,
          -0.808082,
          -0.58875,
          1.321182
        ],
        [
          0.0,
          0.0,
          0.0,
          1.0
        ]
      ]
    },
    {
      "file_path": "/media/NFS/ttao/scannet/posed_images/scene0020_01/00207.jpg",
      "transform_matrix": [
        [
          0.574412,
          -0.433265,
          0.694501,
          2.010332
        ],
        [
          -0.818559,
          -0.307555,
          0.48515,
          1.947103
        ],
        [
          0.003399,
          -0.847167,
          -0.531317,
          1.358909
        ],
        [
          0.0,
          0.0,
          0.0,
          1.0
        ]
      ]
    },
    {
      "file_path": "/media/NFS/ttao/scannet/posed_images/scene0020_01/00210.jpg",
      "transform_matrix": [
        [
          0.525888,
          -0.4087,
          0.745926,
          2.004452
        ],
        [
          -0.850395,
          -0.235723,
          0.470386,
          1.970243
        ],
        [
          -0.016415,
          -0.881703,
          -0.47152,
          1.405609
        ],
        [
          0.0,
          0.0,
          0.0,
          1.0
        ]
      ]
    },
    {
      "file_path": "/media/NFS/ttao/scannet/posed_images/scene0020_01/00211.jpg",
      "transform_matrix": [
        [
          0.511694,
          -0.393238,
          0.763893,
          2.003977
        ],
        [
          -0.858852,
          -0.210008,
          0.467194,
          1.972834
        ],
        [
          -0.023295,
          -0.895132,
          -0.445193,
          1.416031
        ],
        [
          0.0,
          0.0,
          0.0,
          1.0
        ]
      ]
    },
    {
      "file_path": "/media/NFS/ttao/scannet/posed_images/scene0020_01/00217.jpg",
      "transform_matrix": [
        [
          0.415794,
          -0.313389,
          0.853758,
          1.990959
        ],
        [
          -0.909354,
          -0.128989,
          0.395522,
          2.004928
        ],
        [
          -0.013827,
          -0.940824,
          -0.338615,
          1.459086
        ],
        [
          0.0,
          0.0,
          0.0,
          1.0
        ]
      ]
    },
    {
      "file_path": "/media/NFS/ttao/scannet/posed_images/scene0020_01/00220.jpg",
      "transform_matrix": [
        [
          0.3717,
          -0.2953,
          0.880135,
          1.994521
        ],
        [
          -0.92812,
          -0.096973,
          0.359429,
          2.016252
        ],
        [
          -0.02079,
          -0.950471,
          -0.310119,
          1.490333
        ],
        [
          0.0,
          0.0,
          0.0,
          1.0
        ]
      ]
    },
    {
      "file_path": "/media/NFS/ttao/scannet/posed_images/scene0020_01/00223.jpg",
      "transform_matrix": [
        [
          0.327015,
          -0.271755,
          0.905102,
          1.989413
        ],
        [
          -0.944644,
          -0.067021,
          0.321179,
          2.031428
        ],
        [
          -0.026621,
          -0.96003,
          -0.278629,
          1.509112
        ],
        [
          0.0,
          0.0,
          0.0,
          1.0
        ]
      ]
    },
    {
      "file_path": "/media/NFS/ttao/scannet/posed_images/scene0020_01/00226.jpg",
      "transform_matrix": [
        [
          0.300792,
          -0.236585,
          0.923879,
          1.982459
        ],
        [
          -0.953158,
          -0.04223,
          0.299511,
          2.03277
        ],
        [
          -0.031845,
          -0.970693,
          -0.238205,
          1.526497
        ],
        [
          0.0,
          0.0,
          0.0,
          1.0
        ]
      ]
    },
    {
      "file_path": "/media/NFS/ttao/scannet/posed_images/scene0020_01/00229.jpg",
      "transform_matrix": [
        [
          0.28215,
          -0.197514,
          0.938818,
          1.975126
        ],
        [
          -0.958745,
          -0.022717,
          0.28336,
          2.032746
        ],
        [
          -0.03464,
          -0.980037,
          -0.195775,
          1.548328
        ],
        [
          0.0,
          0.0,
          0.0,
          1.0
        ]
      ]
    },
    {
      "file_path": "/media/NFS/ttao/scannet/posed_images/scene0020_01/00233.jpg",
      "transform_matrix": [
        [
          0.256096,
          -0.153738,
          0.954348,
          1.964302
        ],
        [
          -0.96586,
          -0.000765,
          0.259062,
          2.048388
        ],
        [
          -0.039098,
          -0.988111,
          -0.148685,
          1.574587
        ],
        [
          0.0,
          0.0,
          0.0,
          1.0
        ]
      ]
    },
    {
      "file_path": "/media/NFS/ttao/scannet/posed_images/scene0020_01/00235.jpg",
      "transform_matrix": [
        [
          0.255715,
          -0.134033,
          0.957416,
          1.96057
        ],
        [
          -0.965832,
          0.007773,
          0.259052,
          2.043909
        ],
        [
          -0.042164,
          -0.990946,
          -0.127466,
          1.583339
        ],
        [
          0.0,
          0.0,
          0.0,
          1.0
        ]
      ]
    },
    {
      "file_path": "/media/NFS/ttao/scannet/posed_images/scene0020_01/00237.jpg",
      "transform_matrix": [
        [
          0.257768,
          -0.114829,
          0.959359,
          1.955396
        ],
        [
          -0.965139,
          0.016063,
          0.261244,
          2.040978
        ],
        [
          -0.045408,
          -0.993256,
          -0.106685,
          1.587076
        ],
        [
          0.0,
          0.0,
          0.0,
          1.0
        ]
      ]
    },
    {
      "file_path": "/media/NFS/ttao/scannet/posed_images/scene0020_01/00242.jpg",
      "transform_matrix": [
        [
          0.253835,
          -0.090919,
          0.962965,
          1.947885
        ],
        [
          -0.966252,
          0.021322,
          0.256715,
          2.042325
        ],
        [
          -0.043873,
          -0.99563,
          -0.082439,
          1.587114
        ],
        [
          0.0,
          0.0,
          0.0,
          1.0
        ]
      ]
    },
    {
      "file_path": "/media/NFS/ttao/scannet/posed_images/scene0020_01/00243.jpg",
      "transform_matrix": [
        [
          0.253133,
          -0.090803,
          0.963161,
          1.947378
        ],
        [
          -0.96648,
          0.020411,
          0.25593,
          2.041892
        ],
        [
          -0.042898,
          -0.99566,
          -0.082593,
