{
  "frames": [
    {
      "file_path": "/media/NFS/ttao/scannet/posed_images/scene0658_00/00000.jpg",
      "transform_matrix": [
        [
          0.847406,
          -0.24789,
          0.469525,
          2.260916
        ],
        [
          -0.530866,
          -0.380302,
          0.757332,
          1.976691
        ],
        [
          -0.009173,
          -0.891022,
          -0.453867,
          1.474779
        ],
        [
          0.0,
          0.0,
          0.0,
          1.0
        ]
      ]
    },
    {
      "file_path": "/media/NFS/ttao/scannet/posed_images/scene0658_00/00001.jpg",
      "transform_matrix": [
        [
          0.842322,
          -0.252911,
          0.475952,
          2.258752
        ],
        [
          -0.538922,
          -0.382791,
          0.750356,
          1.988986
        ],
        [
          -0.007583,
          -0.888542,
          -0.458733,
          1.500043
        ],
        [
          0.0,
          0.0,
          0.0,
          1.0
        ]
      ]
    },
    {
      "file_path": "/media/NFS/ttao/scannet/posed_images/scene0658_00/00003.jpg",
      "transform_matrix": [
        [
          0.837749,
          -0.25544,
          0.482625,
          2.247068
        ],
        [
          -0.545915,
          -0.3717,
          0.750877,
          2.000978
        ],
        [
          -0.012412,
          -0.892519,
          -0.45084,
          1.511368
        ],
        [
          0.0,
          0.0,
          0.0,
          1.0
        ]
      ]
    },
    {
      "file_path": "/media/NFS/ttao/scannet/posed_images/scene0658_00/00005.jpg",
      "transform_matrix": [
        [
          0.835627,
          -0.247326,
          0.490467,
          2.226864
        ],
        [
          -0.549134,
          -0.354327,
          0.756904,
          2.007475
        ],
        [
          -0.013417,
          -0.901822,
          -0.431901,
          1.515217
        ],
        [
          0.0,
          0.0,
          0.0,
          1.0
        ]
      ]
    },
    {
      "file_path": "/media/NFS/ttao/scannet/posed_images/scene0658_00/00007.jpg",
      "transform_matrix": [
        [
          0.833539,
          -0.246025,
          0.494656,
          2.210741
        ],
        [
          -0.552252,
          -0.346395,
          0.758306,
          2.016695
        ],
        [
          -0.015216,
          -0.905252,
          -0.424602,
          1.523334
        ],
        [
          0.0,
          0.0,
          0.0,
          1.0
        ]
      ]
    },
    {
      "file_path": "/media/NFS/ttao/scannet/posed_images/scene0658_00/00009.jpg",
      "transform_matrix": [
        [
          0.8325,
          -0.245148,
          0.496837,
          2.195062
        ],
        [
          -0.553679,
          -0.336414,
          0.761751,
          2.022948
        ],
        [
          -0.0196,
          -0.909246,
          -0.415798,
          1.527262
        ],
        [
          0.0,
          0.0,
          0.0,
          1.0
        ]
      ]
    },
    {
      "file_path": "/media/NFS/ttao/scannet/posed_images/scene0658_00/00011.jpg",
      "transform_matrix": [
        [
          0.830416,
          -0.244039,
          0.500854,
          2.181999
        ],
        [
          -0.556663,
          -0.326059,
          0.764075,
          2.017707
        ],
        [
          -0.023156,
          -0.913307,
          -0.406612,
          1.527164
        ],
        [
          0.0,
          0.0,
          0.0,
          1.0
        ]
      ]
    },
    {
      "file_path": "/media/NFS/ttao/scannet/posed_images/scene0658_00/00012.jpg",
      "transform_matrix": [
        [
          0.826184,
          -0.243197,
          0.508209,
          2.169375
        ],
        [
          -0.562844,
          -0.316154,
          0.76371,
          2.022326
        ],
        [
          -0.02506,
          -0.917007,
          -0.398083,
          1.521678
        ],
        [
          0.0,
          0.0,
          0.0,
          1.0
        ]
      ]
    },
    {
      "file_path": "/media/NFS/ttao/scannet/posed_images/scene0658_00/00014.jpg",
      "transform_matrix": [
        [
          0.819676,
          -0.247042,
          0.516819,
          2.160127
        ],
        [
          -0.57215,
          -0.309212,
          0.759626,
          2.028451
        ],
        [
          -0.027853,
          -0.918345,
          -0.394799,
          1.533018
        ],
        [
          0.0,
          0.0,
          0.0,
          1.0
        ]
      ]
    },
    {
      "file_path": "/media/NFS/ttao/scannet/posed_images/scene0658_00/00016.jpg",
      "transform_matrix": [
        [
          0.810976,
          -0.247842,
          0.529992,
          2.144963
        ],
        [
          -0.584438,
          -0.30076,
          0.753641,
          2.032077
        ],
        [
          -0.027383,
          -0.920933,
          -0.388758,
          1.527552
        ],
        [
          0.0,
          0.0,
          0.0,
          1.0
        ]
      ]
    },
    {
      "file_path": "/media/NFS/ttao/scannet/posed_images/scene0658_00/00018.jpg",
      "transform_matrix": [
        [
          0.802542,
          -0.249439,
          0.541946,
          2.135539
        ],
        [
          -0.596133,
          -0.299531,
          0.744921,
          2.032176
        ],
        [
          -0.023483,
          -0.920903,
          -0.389085,
          1.524729
        ],
        [
          0.0,
          0.0,
          0.0,
          1.0
        ]
      ]
    },
    {
      "file_path": "/media/NFS/ttao/scannet/posed_images/scene0658_00/00020.jpg",
      "transform_matrix": [
        [
          0.790612,
          -0.253177,
          0.557525,
          2.126687
        ],
        [
          -0.612046,
          -0.299632,
          0.731861,
          2.027834
        ],
        [
          -0.018238,
          -0.919849,
          -0.391849,
          1.502494
        ],
        [
          0.0,
          0.0,
          0.0,
          1.0
        ]
      ]
    },
    {
      "file_path": "/media/NFS/ttao/scannet/posed_images/scene0658_00/00021.jpg",
      "transform_matrix": [
        [
          0.784191,
          -0.259051,
          0.563859,
          2.128597
        ],
        [
          -0.620241,
          -0.300018,
          0.724769,
          2.024614
        ],
        [
          -0.018584,
          -0.918086,
          -0.395945,
          1.499989
        ],
        [
          0.0,
          0.0,
          0.0,
          1.0
        ]
      ]
    },
    {
      "file_path": "/media/NFS/ttao/scannet/posed_images/scene0658_00/00024.jpg",
      "transform_matrix": [
        [
          0.759441,
          -0.269304,
          0.592221,
          2.12875
        ],
        [
          -0.650253,
          -0.285486,
          0.704038,
          2.028384
        ],
        [
          -0.02053,
          -0.919768,
          -0.391925,
          1.511323
        ],
        [
          0.0,
          0.0,
          0.0,
          1.0
        ]
      ]
    },
    {
      "file_path": "/media/NFS/ttao/scannet/posed_images/scene0658_00/00026.jpg",
      "transform_matrix": [
        [
          0.737421,
          -0.264784,
          0.621369,
          2.122984
        ],
        [
          -0.674983,
          -0.255303,
          0.692256,
          2.025101
        ],
        [
          -0.024661,
          -0.929898,
          -0.366991,
          1.502813
        ],
        [
          0.0,
          0.0,
          0.0,
          1.0
        ]
      ]
    },
    {
      "file_path": "/media/NFS/ttao/scannet/posed_images/scene0658_00/00027.jpg",
      "transform_matrix": [
        [
          0.725599,
          -0.264315,
          0.63533,
          2.120034
        ],
        [
          -0.687792,
          -0.250153,
          0.681444,
          2.024122
        ],
        [
          -0.021186,
          -0.93143,
          -0.363305,
          1.496764
        ],
        [
          0.0,
          0.0,
          0.0,
          1.0
        ]
      ]
    },
    {
      "file_path": "/media/NFS/ttao/scannet/posed_images/scene0658_00/00029.jpg",
      "transform_matrix": [
        [
          0.701652,
          -0.272518,
          0.658345,
          2.123956
        ],
        [
          -0.712359,
          -0.248714,
          0.656266,
          2.014627
        ],
        [
          -0.015105,
          -0.929449,
          -0.368641,
          1.49078
        ],
        [
          0.0,
          0.0,
          0.0,
          1.0
        ]
      ]
    },
    {
      "file_path": "/media/NFS/ttao/scannet/posed_images/scene0658_00/00030.jpg",
      "transform_matrix": [
        [
          0.689289,
          -0.278033,
          0.669013,
          2.122083
        ],
        [
          -0.724342,
          -0.246032,
          0.644047,
          2.012359
        ],
        [
          -0.014468,
          -0.928529,
          -0.370978,
          1.480961
        ],
        [
          0.0,
          0.0,
          0.0,
          1.0
        ]
      ]
    },
    {
      "file_path": "/media/NFS/ttao/scannet/posed_images/scene0658_00/00033.jpg",
      "transform_matrix": [
        [
          0.663561,
          -0.288968,
          0.690061,
          2.120978
        ],
        [
          -0.747973,
          -0.237872,
          0.619639,
          1.995593
        ],
        [
          -0.01491,
          -0.927316,
          -0.373983,
          1.456439
        ],
        [
          0.0,
          0.0,
          0.0,
          1.0
        ]
      ]
    },
    {
      "file_path": "/media/NFS/ttao/scannet/posed_images/scene0658_00/00035.jpg",
      "transform_matrix": [
        [
          0.644904,
          -0.297251,
          0.704088,
          2.122296
        ],
        [
          -0.76409,
          -0.231163,
          0.602271,
          2.002481
        ],
        [
          -0.016267,
          -0.926394,
          -0.376205,
          1.469061
        ],
        [
          0.0,
          0.0,
          0.0,
          1.0
        ]
      ]
    },
    {
      "file_path": "/media/NFS/ttao/scannet/posed_images/scene0658_00/00037.jpg",
      "transform_matrix": [
        [
          0.628572,
          -0.298689,
          0.71811,
          2.128915
        ],
        [
          -0.777506,
          -0.218144,
          0.589828,
          1.994873
        ],
        [
          -0.019523,
          -0.929085,
          -0.369352,
          1.471512
        ],
        [
          0.0,
          0.0,
          0.0,
          1.0
        ]
      ]
    },
    {
      "file_path": "/media/NFS/ttao/scannet/posed_images/scene0658_00/00039.jpg",
      "transform_matrix": [
        [
          0.610307,
          -0.29682,
          0.734454,
          2.130156
        ],
        [
          -0.792078,
          -0.214972,
          0.571313,
          1.98965
        ],
        [
          -0.01169,
          -0.930422,
          -0.366303,
          1.468614
        ],
        [
          0.0,
          0.0,
          0.0,
          1.0
        ]
      ]
    },
    {
      "file_path": "/media/NFS/ttao/scannet/posed_images/scene0658_00/00040.jpg",
      "transform_matrix": [
        [
          0.601683,
          -0.297927,
          0.741092,
          2.136074
        ],
        [
          -0.798734,
          -0.223496,
          0.558635,
          2.001014
        ],
        [
          -0.000802,
          -0.928057,
          -0.372438,
          1.495135
        ],
        [
          0.0,
          0.0,
          0.0,
          1.0
        ]
      ]
    },
    {
      "file_path": "/media/NFS/ttao/scannet/posed_images/scene0658_00/00042.jpg",
      "transform_matrix": [
        [
          0.583101,
          -0.287926,
          0.759665,
          2.134825
        ],
        [
          -0.812354,
          -0.216562,
          0.541463,
          2.00763
        ],
        [
          0.008613,
          -0.932845,
          -0.360176,
          1.495821
        ],
        [
          0.0,
          0.0,
          0.0,
          1.0
        ]
      ]
    },
    {
      "file_path": "/media/NFS/ttao/scannet/posed_images/scene0658_00/00044.jpg",
      "transform_matrix": [
        [
          0.576972,
          -0.287003,
          0.764678,
          2.140243
        ],
        [
          -0.816676,
          -0.216502,
          0.534947,
          2.00129
        ],
        [
          0.012023,
          -0.933143,
          -0.359304,
          1.501422
        ],
        [
          0.0,
          0.0,
          0.0,
          1.0
        ]
      ]
    },
    {
      "file_path": "/media/NFS/ttao/scannet/posed_images/scene0658_00/00045.jpg",
      "transform_matrix": [
        [
          0.576682,
          -0.281854,
          0.766809,
          2.135645
        ],
        [
          -0.816906,
          -0.210511,
          0.536981,
          1.999276
        ],
        [
          0.010071,
          -0.936079,
          -0.351646,
          1.496066
        ],
        [
          0.0,
          0.0,
          0.0,
          1.0
        ]
      ]
    },
    {
      "file_path": "/media/NFS/ttao/scannet/posed_images/scene0658_00/00047.jpg",
      "transform_matrix": [
        [
          0.577916,
          -0.273333,
          0.768962,
          2.136642
        ],
        [
          -0.816053,
          -0.203219,
          0.541072,
          2.002214
        ],
        [
          0.008375,
          -0.940208,
          -0.340498,
          1.505839
        ],
        [
          0.0,
          0.0,
          0.0,
          1.0
        ]
      ]
    },
    {
      "file_path": "/media/NFS/ttao/scannet/posed_images/scene0658_00/00049.jpg",
      "transform_matrix": [
        [
          0.576146,
          -0.266272,
          0.772758,
          2.137846
        ],
        [
          -0.817278,
          -0.199889,
          0.540463,
          1.996048
        ],
        [
          0.010556,
          -0.942944,
          -0.332783,
          1.509593
        ],
        [
          0.0,
          0.0,
          0.0,
          1.0
        ]
      ]
    },
    {
      "file_path": "/media/NFS/ttao/scannet/posed_images/scene0658_00/00051.jpg",
      "transform_matrix": [
        [
          0.576013,
          -0.258492,
          0.775494,
          2.138369
        ],
        [
          -0.817324,
          -0.198132,
          0.541041,
          1.980477
        ],
        [
          0.013795,
          -0.945477,
          -0.325398,
          1.497281
        ],
        [
          0.0,
          0.0,
          0.0,
          1.0
        ]
      ]
    },
    {
      "file_path": "/media/NFS/ttao/scannet/posed_images/scene0658_00/00052.jpg",
      "transform_matrix": [
        [
          0.570955,
          -0.25821,
          0.779319,
          2.134131
        ],
        [
          -0.820748,
          -0.202148,
          0.534331,
          1.990504
        ],
        [
          0.019568,
          -0.944703,
          -0.327343,
          1.499907
        ],
        [
          0.0,
          0.0,
          0.0,
          1.0
        ]
      ]
    },
    {
      "file_path": "/media/NFS/ttao/scannet/posed_images/scene0658_00/00055.jpg",
      "transform_matrix": [
        [
          0.562605,
          -0.259908,
          0.784808,
          2.133195
        ],
        [
          -0.826235,
          -0.209462,
          0.522935,
          1.988472
        ],
        [
          0.028472,
          -0.942642,
          -0.332589,
          1.489387
        ],
        [
          0.0,
          0.0,
          0.0,
          1.0
        ]
      ]
    },
    {
      "file_path": "/media/NFS/ttao/scannet/posed_images/scene0658_00/00057.jpg",
      "transform_matrix": [
        [
          0.55921,
          -0.262657,
          0.786317,
          2.134889
        ],
        [
          -0.828435,
          -0.212865,
          0.518058,
          1.984659
        ],
        [
          0.031307,
          -0.941116,
          -0.33663,
          1.47922
        ],
        [
          0.0,
          0.0,
          0.0,
          1.0
        ]
      ]
    },
    {
      "file_path": "/media/NFS/ttao/scannet/posed_images/scene0658_00/00059.jpg",
      "transform_matrix": [
        [
          0.555399,
          -0.272374,
          0.785713,
          2.136119
        ],
        [
          -0.830915,
          -0.219653,
          0.511207,
          1.990392
        ],
        [
          0.033345,
          -0.936785,
          -0.348314,
          1.48415
        ],
        [
          0.0,
          0.0,
          0.0,
          1.0
        ]
      ]
    },
    {
      "file_path": "/media/NFS/ttao/scannet/posed_images/scene0658_00/00060.jpg",
      "transform_matrix": [
        [
          0.550477,
          -0.278985,
          0.786856,
          2.128649
        ],
        [
          -0.834176,
          -0.221675,
          0.504985,
          2.000899
        ],
        [
          0.033544,
          -0.934359,
          -0.35475,
          1.490583
        ],
        [
          0.0,
          0.0,
          0.0,
          1.0
        ]
      ]
    },
    {
      "file_path": "/media/NFS/ttao/scannet/posed_images/scene0658_00/00061.jpg",
      "transform_matrix": [
        [
          0.551889,
          -0.274672,
          0.787385,
          2.126021
        ],
        [
          -0.833347,
          -0.216583,
          0.508551,
          1.989524
        ],
        [
          0.03085,
          -0.936828,
          -0.348427,
          1.468091
        ],
        [
          0.0,
          0.0,
          0.0,
          1.0
        ]
      ]
    },
    {
      "file_path": "/media/NFS/ttao/scannet/posed_images/scene0658_00/00063.jpg",
      "transform_matrix": [
        [
          0.548002,
          -0.281749,
          0.787598,
          2.113487
        ],
        [
          -0.835806,
          -0.222136,
          0.502079,
          2.00224
        ],
        [
          0.033493,
          -0.93342,
          -0.357218,
          1.46315
        ],
        [
          0.0,
          0.0,
          0.0,
          1.0
        ]
      ]
    },
    {
      "file_path": "/media/NFS/ttao/scannet/posed_images/scene0658_00/00066.jpg",
      "transform_matrix": [
        [
          0.550501,
          -0.294183,
          0.781284,
          2.109393
        ],
        [
          -0.834171,
          -0.231129,
          0.500737,
          2.010921
        ],
        [
          0.033269,
          -0.927381,
          -0.372636,
          1.446695
        ],
        [
          0.0,
          0.0,
          0.0,
          1.0
        ]
      ]
    },
    {
      "file_path": "/media/NFS/ttao/scannet/posed_images/scene0658_00/00067.jpg",
      "transform_matrix": [
        [
          0.552687,
          -0.299816,
          0.777591,
          2.110744
        ],
        [
          -0.83284,
          -0.232575,
          0.502282,
          2.005155
        ],
        [
          0.030256,
          -0.925213,
          -0.37824,
          1.436064
        ],
        [
          0.0,
          0.0,
          0.0,
          1.0
        ]
      ]
    },
    {
      "file_path": "/media/NFS/ttao/scannet/posed_images/scene0658_00/00069.jpg",
      "transform_matrix": [
        [
          0.546087,
          -0.322396,
          0.773207,
          2.115089
        ],
        [
          -0.837435,
          -0.234523,
          0.493662,
          2.016828
        ],
        [
          0.02218,
          -0.917093,
          -0.398056,
          1.433319
        ],
        [
          0.0,
          0.0,
          0.0,
          1.0
        ]
      ]
    },
    {
      "file_path": "/media/NFS/ttao/scannet/posed_images/scene0658_00/00071.jpg",
      "transform_matrix": [
        [
          0.535531,
          -0.34597,
          0.770397,
          2.12797
        ],
        [
          -0.844332,
          -0.238392,
          0.479868,
          2.029795
        ],
        [
          0.017637,
          -0.907455,
          -0.41978,
          1.439306
        ],
        [
          0.0,
          0.0,
          0.0,
          1.0
        ]
      ]
    },
    {
      "file_path": "/media/NFS/ttao/scannet/posed_images/scene0658_00/00073.jpg",
      "transform_matrix": [
        [
          0.528149,
          -0.359224,
          0.769426,
          2.145884
        ],
        [
          -0.849038,
          -0.238207,
          0.471584,
          2.031707
        ],
        [
          0.013878,
          -0.902339,
          -0.430804,
          1.434865
        ],
        [
          0.0,
          0.0,
          0.0,
          1.0
        ]
      ]
    },
    {
      "file_path": "/media/NFS/ttao/scannet/posed_images/scene0658_00/00075.jpg",
      "transform_matrix": [
        [
          0.516058,
          -0.364579,
          0.775091,
          2.149983
        ],
        [
          -0.856412,
          -0.23607,
          0.459162,
          2.058705
        ],
        [
          0.015575,
          -0.900752,
          -0.434055,
          1.42927
        ],
        [
          0.0,
          0.0,
          0.0,
          1.0
        ]
      ]
    },
    {
      "file_path": "/media/NFS/ttao/scannet/posed_images/scene0658_00/00076.jpg",
      "transform_matrix": [
        [
          0.515607,
          -0.367795,
          0.773871,
          2.158693
        ],
        [
          -0.856729,
          -0.234876,
          0.459183,
          2.06245
        ],
        [
          0.012878,
          -0.899756,
          -0.436204,
          1.426787
        ],
        [
          0.0,
          0.0,
          0.0,
          1.0
        ]
      ]
    },
    {
      "file_path": "/media/NFS/ttao/scannet/posed_images/scene0658_00/00078.jpg",
      "transform_matrix": [
        [
          0.513953,
          -0.369743,
          0.774043,
          2.172007
        ],
        [
          -0.857683,
          -0.237515,
          0.456033,
          2.083553
        ],
        [
          0.015232,
          -0.898263,
          -0.439194,
          1.414459
        ],
        [
          0.0,
          0.0,
          0.0,
          1.0
        ]
      ]
    },
    {
      "file_path": "/media/NFS/ttao/scannet/posed_images/scene0658_00/00080.jpg",
      "transform_matrix": [
        [
          0.514788,
          -0.381979,
          0.767519,
          2.198189
        ],
        [
          -0.857006,
          -0.253398,
          0.448698,
          2.123304
        ],
        [
          0.023094,
          -0.888753,
          -0.457805,
          1.426428
        ],
        [
          0.0,
          0.0,
          0.0,
          1.0
        ]
      ]
    },
    {
      "file_path": "/media/NFS/ttao/scannet/posed_images/scene0658_00/00082.jpg",
      "transform_matrix": [
        [
          0.510667,
          -0.382109,
          0.770203,
          2.20904
        ],
        [
          -0.859652,
          -0.242311,
          0.44976,
          2.140847
        ],
        [
          0.014772,
          -0.891784,
          -0.452221,
          1.396785
        ],
        [
          0.0,
          0.0,
          0.0,
          1.0
        ]
      ]
    },
    {
      "file_path": "/media/NFS/ttao/scannet/posed_images/scene0658_00/00083.jpg",
      "transform_matrix": [
        [
          0.507453,
          -0.391551,
          0.76758,
          2.222708
        ],
        [
          -0.861627,
          -0.240398,
          0.446998,
          2.15433
        ],
        [
          0.009502,
          -0.888198,
          -0.459362,
          1.393979
        ],
        [
          0.0,
          0.0,
          0.0,
          1.0
        ]
      ]
    },
    {
      "file_path": "/media/NFS/ttao/scannet/posed_images/scene0658_00/00085.jpg",
      "transform_matrix": [
        [
          0.492283,
          -0.409657,
          0.76801,
          2.240711
        ],
        [
          -0.870385,
          -0.241139,
          0.42928,
          2.187059
        ],
        [
          0.009339,
          -0.879792,
          -0.475268,
          1.383274
        ],
        [
          0.0,
          0.0,
          0.0,
          1.0
        ]
      ]
    },
    {
      "file_path": "/media/NFS/ttao/scannet/posed_images/scene0658_00/00088.jpg",
      "transform_matrix": [
        [
          0.491352,
          -0.436455,
          0.753711,
          2.273477
        ],
        [
          -0.870864,
          -0.259097,
          0.417689,
          2.225245
        ],
        [
          0.012981,
          -0.861612,
          -0.507401,
          1.374223
        ],
        [
          0.0,
          0.0,
          0.0,
          1.0
        ]
      ]
    },
    {
      "file_path": "/media/NFS/ttao/scannet/posed_images/scene0658_00/00090.jpg",
      "transform_matrix": [
        [
          0.487668,
          -0.452776,
          0.746441,
          2.298006
        ],
        [
          -0.872683,
          -0.276893,
          0.402187,
          2.270657
        ],
        [
          0.024583,
          -0.84754,
          -0.530161,
          1.399175
        ],
        [
          0.0,
          0.0,
          0.0,
          1.0
        ]
      ]
    },
    {
      "file_path": "/media/NFS/ttao/scannet/posed_images/scene0658_00/00091.jpg",
      "transform_matrix": [
        [
          0.485613,
          -0.454817,
          0.74654,
          2.304271
        ],
        [
          -0.873726,
          -0.279849,
          0.397852,
          2.290048
        ],
        [
          0.027968,
          -0.845474,
          -0.533284,
          1.405403
        ],
        [
          0.0,
          0.0,
          0.0,
          1.0
        ]
      ]
    },
    {
      "file_path": "/media/NFS/ttao/scannet/posed_images/scene0658_00/00092.jpg",
      "transform_matrix": [
        [
          0.482313,
          -0.457471,
          0.747057,
          2.309571
        ],
        [
          -0.875575,
          -0.278281,
          0.394877,
          2.310826
        ],
        [
          0.027247,
          -0.84456,
          -0.534768,
          1.409684
        ],
        [
          0.0,
          0.0,
          0.0,
          1.0
        ]
      ]
    },
    {
      "file_path": "/media/NFS/ttao/scannet/posed_images/scene0658_00/00094.jpg",
      "transform_matrix": [
        [
          0.482517,
          -0.454912,
          0.748487,
          2.320953
        ],
        [
          -0.875629,
          -0.271276,
          0.399604,
          2.33925
        ],
        [
          0.021262,
          -0.848212,
          -0.52923,
          1.411326
        ],
        [
          0.0,
          0.0,
          0.0,
          1.0
        ]
      ]
    },
    {
      "file_path": "/media/NFS/ttao/scannet/posed_images/scene0658_00/00097.jpg",
      "transform_matrix": [
        [
          0.491355,
          -0.458398,
          0.740568,
          2.334661
        ],
        [
          -0.8709,
          -0.268543,
          0.411604,
          2.38075
        ],
        [
          0.010196,
          -0.847205,
          -0.531169,
          1.414625
        ],
        [
          0.0,
          0.0,
          0.0,
          1.0
        ]
      ]
    },
    {
      "file_path": "/media/NFS/ttao/scannet/posed_images/scene0658_00/00099.jpg",
      "transform_matrix": [
        [
          0.490111,
          -0.461413,
          0.73952,
          2.345187
        ],
        [
          -0.871605,
          -0.268966,
          0.409831,
          2.406161
        ],
        [
          0.009805,
          -0.845432,
          -0.533994,
          1.412924
        ],
        [
          0.0,
          0.0,
          0.0,
          1.0
        ]
      ]
    },
    {
      "file_path": "/media/NFS/ttao/scannet/posed_images/scene0658_00/00100.jpg",
      "transform_matrix": [
        [
          0.482643,
          -0.461362,
          0.744447,
          2.345232
        ],
        [
          -0.875757,
          -0.264166,
          0.40406,
          2.424242
        ],
        [
          0.01024,
          -0.846972,
          -0.531539,
          1.407463
        ],
        [
          0.0,
          0.0,
          0.0,
          1.0
        ]
      ]
    },
    {
      "file_path": "/media/NFS/ttao/scannet/posed_images/scene0658_00/00101.jpg",
      "transform_matrix": [
        [
          0.477251,
          -0.462752,
          0.747055,
          2.350149
        ],
        [
          -0.878693,
          -0.262327,
          0.398852,
          2.438227
        ],
        [
          0.011403,
          -0.846785,
          -0.531813,
          1.405257
        ],
        [
          0.0,
          0.0,
          0.0,
          1.0
        ]
      ]
    },
    {
      "file_path": "/media/NFS/ttao/scannet/posed_images/scene0658_00/00103.jpg",
      "transform_matrix": [
        [
          0.459194,
          -0.466749,
          0.755835,
          2.357008
        ],
        [
          -0.888257,
          -0.252564,
          0.38368,
          2.471566
        ],
        [
          0.011815,
          -0.84756,
          -0.530569,
          1.399887
        ],
        [
          0.0,
          0.0,
          0.0,
          1.0
        ]
      ]
    },
    {
      "file_path": "/media/NFS/ttao/scannet/posed_images/scene0658_00/00105.jpg",
      "transform_matrix": [
        [
          0.437436,
          -0.471809,
          0.765537,
          2.362179
        ],
        [
          -0.89922,
          -0.236377,
          0.368142,
          2.504418
        ],
        [
          0.007263,
          -0.849425,
          -0.52766,
          1.389037
        ],
        [
          0.0,
          0.0,
          0.0,
          1.0
        ]
      ]
    },
    {
      "file_path": "/media/NFS/ttao/scannet/posed_images/scene0658_00/00107.jpg",
      "transform_matrix": [
        [
          0.419012,
          -0.490444,
          0.764129,
          2.369214
        ],
        [
          -0.907942,
          -0.218617,
          0.357557,
          2.540316
        ],
        [
          -0.00831,
          -0.843606,
          -0.536898,
          1.385204
        ],
        [
          0.0,
          0.0,
          0.0,
          1.0
        ]
      ]
    },
    {
      "file_path": "/media/NFS/ttao/scannet/posed_images/scene0658_00/00109.jpg",
      "transform_matrix": [
        [
          0.404314,
          -0.523035,
          0.750309,
          2.377796
        ],
        [
          -0.914236,
          -0.207359,
          0.3481,
          2.573188
        ],
        [
          -0.026485,
          -0.826702,
          -0.562017,
          1.388772
        ],
        [
          0.0,
          0.0,
          0.0,
          1.0
        ]
      ]
    },
    {
      "file_path": "/media/NFS/ttao/scannet/posed_images/scene0658_00/00111.jpg",
      "transform_matrix": [
        [
          0.374921,
          -0.548359,
          0.747486,
          2.386166
        ],
        [
          -0.926477,
          -0.193131,
          0.323017,
          2.617273
        ],
        [
          -0.032767,
          -0.813635,
          -0.580451,
          1.396011
        ],
        [
          0.0,
          0.0,
          0.0,
          1.0
        ]
      ]
    },
    {
      "file_path": "/media/NFS/ttao/scannet/posed_images/scene0658_00/00112.jpg",
      "transform_matrix": [
        [
          0.357316,
          -0.555255,
          0.751011,
          2.390876
        ],
        [
          -0.933226,
          -0.179863,
          0.311029,
          2.631316
        ],
        [
          -0.037621,
          -0.811998,
          -0.582446,
          1.395669
        ],
        [
          0.0,
          0.0,
          0.0,
          1.0
        ]
      ]
    },
    {
      "file_path": "/media/NFS/ttao/scannet/posed_images/scene0658_00/00115.jpg",
      "transform_matrix": [
        [
          0.291056,
          -0.57594,
          0.763924,
          2.416253
        ],
        [
          -0.95604,
          -0.145304,
          0.254704,
          2.677937
        ],
        [
          -0.035693,
          -0.804475,
          -0.592913,
          1.404961
        ],
        [
          0.0,
          0.0,
          0.0,
          1.0
        ]
      ]
    },
    {
      "file_path": "/media/NFS/ttao/scannet/posed_images/scene0658_00/00117.jpg",
      "transform_matrix": [
        [
          0.242705,
          -0.571521,
          0.783874,
          2.428894
        ],
        [
          -0.969133,
          -0.106784,
          0.22221,
          2.701132
        ],
        [
          -0.043293,
          -0.81361,
          -0.579797,
          1.400639
        ],
        [
          0.0,
          0.0,
          0.0,
          1.0
        ]
      ]
    },
    {
      "file_path": "/media/NFS/ttao/scannet/posed_images/scene0658_00/00119.jpg",
      "transform_matrix": [
        [
          0.195302,
          -0.578519,
          0.791942,
          2.441991
        ],
        [
          -0.979973,
          -0.083121,
          0.180951,
          2.72633
        ],
        [
          -0.038856,
          -0.811422,
          -0.583167,
          1.398846
        ],
        [
          0.0,
          0.0,
          0.0,
          1.0
        ]
      ]
    },
    {
      "file_path": "/media/NFS/ttao/scannet/posed_images/scene0658_00/00120.jpg",
      "transform_matrix": [
        [
          0.161962,
          -0.583825,
          0.795561,
          2.451876
        ],
        [
          -0.986269,
          -0.069395,
          0.14986,
          2.742421
        ],
        [
          -0.032284,
          -0.808908,
          -0.587048,
          1.396612
        ],
        [
          0.0,
          0.0,
          0.0,
          1.0
        ]
      ]
    },
    {
      "file_path": "/media/NFS/ttao/scannet/posed_images/scene0658_00/00122.jpg",
      "transform_matrix": [
        [
          0.107985,
          -0.585604,
          0.803372,
          2.471431
        ],
        [
          -0.993951,
          -0.04733,
          0.099101,
          2.757878
        ],
        [
          -0.02001,
          -0.809214,
          -0.587173,
          1.389171
        ],
        [
          0.0,
          0.0,
          0.0,
          1.0
        ]
      ]
    },
    {
      "file_path": "/media/NFS/ttao/scannet/posed_images/scene0658_00/00123.jpg",
      "transform_matrix": [
        [
          0.081083,
          -0.587808,
          0.804927,
          2.483363
        ],
        [
          -0.99658,
          -0.034933,
          0.074879,
          2.768677
        ],
        [
          -0.015896,
          -0.808246,
          -0.588631,
          1.386715
        ],
        [
          0.0,
          0.0,
          0.0,
          1.0
        ]
      ]
    },
    {
      "file_path": "/media/NFS/ttao/scannet/posed_images/scene0658_00/00125.jpg",
      "transform_matrix": [
        [
          0.030892,
          -0.585907,
          0.809789,
          2.507322
        ],
        [
          -0.999442,
          -0.007814,
          0.032473,
          2.781928
        ],
        [
          -0.012698,
          -0.81034,
          -0.585822,
          1.379571
        ],
        [
          0.0,
          0.0,
          0.0,
          1.0
        ]
      ]
    },
    {
      "file_path": "/media/NFS/ttao/scannet/posed_images/scene0658_00/00127.jpg",
      "transform_matrix": [
        [
          -0.019868,
          -0.581161,
          0.813546,
          2.534072
        ],
        [
          -0.999722,
          0.021851,
          -0.008805,
          2.79584
        ],
        [
          -0.012659,
          -0.813495,
          -0.581434,
          1.374421
        ],
        [
          0.0,
          0.0,
          0.0,
          1.0
        ]
      ]
    },
    {
      "file_path": "/media/NFS/ttao/scannet/posed_images/scene0658_00/00129.jpg",
      "transform_matrix": [
        [
          -0.066503,
          -0.571279,
          0.818057,
          2.563252
        ],
        [
          -0.997692,
          0.049295,
          -0.046682,
          2.81001
        ],
        [
          -0.013658,
          -0.819274,
          -0.573239,
          1.37008
        ],
        [
          0.0,
          0.0,
          0.0,
          1.0
        ]
      ]
    },
    {
      "file_path": "/media/NFS/ttao/scannet/posed_images/scene0658_00/00131.jpg",
      "transform_matrix": [
        [
          -0.112719,
          -0.565364,
          0.817104,
          2.594597
        ],
        [
          -0.993624,
          0.066199,
          -0.091267,
          2.820987
        ],
        [
          -0.002492,
          -0.822181,
          -0.569221,
          1.366209
        ],
        [
          0.0,
          0.0,
          0.0,
          1.0
        ]
      ]
    },
    {
      "file_path": "/media/NFS/ttao/scannet/posed_images/scene0658_00/00132.jpg",
      "transform_matrix": [
        [
          -0.140853,
          -0.559357,
          0.816872,
          2.606558
        ],
        [
          -0.99003,
          0.079457,
          -0.116303,
          2.833362
        ],
        [
          0.000148,
          -0.82511,
          -0.564973,
          1.360425
        ],
        [
          0.0,
          0.0,
          0.0,
          1.0
        ]
      ]
    },
    {
      "file_path": "/media/NFS/ttao/scannet/posed_images/scene0658_00/00134.jpg",
      "transform_matrix": [
        [
          -0.178097,
          -0.575975,
          0.797831,
          2.629802
        ],
        [
          -0.984012,
          0.103278,
          -0.145098,
          2.849753
        ],
        [
          0.001174,
          -0.810917,
          -0.58516,
          1.348128
        ],
        [
          0.0,
          0.0,
          0.0,
          1.0
        ]
      ]
    },
    {
      "file_path": "/media/NFS/ttao/scannet/posed_images/scene0658_00/00137.jpg",
      "transform_matrix": [
        [
          -0.250761,
          -0.568122,
          0.783809,
          2.680995
        ],
        [
          -0.967978,
          0.156963,
          -0.195912,
          2.878165
        ],
        [
          -0.011727,
          -0.807837,
          -0.58929,
          1.358166
        ],
        [
          0.0,
          0.0,
          0.0,
          1.0
        ]
      ]
    },
    {
      "file_path": "/media/NFS/ttao/scannet/posed_images/scene0658_00/00139.jpg",
      "transform_matrix": [
        [
          -0.287187,
          -0.548603,
          0.785213,
          2.700879
        ],
        [
          -0.957648,
          0.182258,
          -0.222916,
          2.891886
        ],
        [
          -0.020819,
          -0.815976,
          -0.577711,
          1.35557
        ],
        [
          0.0,
          0.0,
          0.0,
          1.0
        ]
      ]
    },
    {
      "file_path": "/media/NFS/ttao/scannet/posed_images/scene0658_00/00140.jpg",
      "transform_matrix": [
        [
          -0.312016,
          -0.543392,
          0.779341,
          2.706142
        ],
        [
          -0.949915,
          0.193556,
          -0.245351,
          2.905112
        ],
        [
          -0.017524,
