{
  "frames": [
    {
      "file_path": "/media/NFS/ttao/scannet/posed_images/scene0327_00/00000.jpg",
      "transform_matrix": [
        [
          -0.650208,
          0.478737,
          -0.58995,
          2.507811
        ],
        [
          0.759705,
          0.418687,
          -0.497543,
          3.347734
        ],
        [
          0.008812,
          -0.771695,
          -0.635932,
          1.322184
        ],
        [
          0.0,
          0.0,
          0.0,
          1.0
        ]
      ]
    },
    {
      "file_path": "/media/NFS/ttao/scannet/posed_images/scene0327_00/00007.jpg",
      "transform_matrix": [
        [
          -0.634234,
          0.504559,
          -0.585805,
          2.515589
        ],
        [
          0.773063,
          0.424674,
          -0.471197,
          3.34507
        ],
        [
          0.011029,
          -0.751713,
          -0.659398,
          1.309854
        ],
        [
          0.0,
          0.0,
          0.0,
          1.0
        ]
      ]
    },
    {
      "file_path": "/media/NFS/ttao/scannet/posed_images/scene0327_00/00018.jpg",
      "transform_matrix": [
        [
          -0.644426,
          0.495126,
          -0.582722,
          2.522309
        ],
        [
          0.76455,
          0.430555,
          -0.479673,
          3.347003
        ],
        [
          0.013395,
          -0.754634,
          -0.656009,
          1.303439
        ],
        [
          0.0,
          0.0,
          0.0,
          1.0
        ]
      ]
    },
    {
      "file_path": "/media/NFS/ttao/scannet/posed_images/scene0327_00/00022.jpg",
      "transform_matrix": [
        [
          -0.645551,
          0.493639,
          -0.582739,
          2.522546
        ],
        [
          0.763577,
          0.431821,
          -0.480084,
          3.348436
        ],
        [
          0.014651,
          -0.754885,
          -0.655694,
          1.304266
        ],
        [
          0.0,
          0.0,
          0.0,
          1.0
        ]
      ]
    },
    {
      "file_path": "/media/NFS/ttao/scannet/posed_images/scene0327_00/00029.jpg",
      "transform_matrix": [
        [
          -0.631324,
          0.494868,
          -0.597106,
          2.518473
        ],
        [
          0.775365,
          0.418139,
          -0.473253,
          3.358293
        ],
        [
          0.015476,
          -0.761751,
          -0.647685,
          1.306953
        ],
        [
          0.0,
          0.0,
          0.0,
          1.0
        ]
      ]
    },
    {
      "file_path": "/media/NFS/ttao/scannet/posed_images/scene0327_00/00036.jpg",
      "transform_matrix": [
        [
          -0.569265,
          0.517945,
          -0.638492,
          2.504672
        ],
        [
          0.821936,
          0.376448,
          -0.427444,
          3.380506
        ],
        [
          0.018966,
          -0.768128,
          -0.640015,
          1.304633
        ],
        [
          0.0,
          0.0,
          0.0,
          1.0
        ]
      ]
    },
    {
      "file_path": "/media/NFS/ttao/scannet/posed_images/scene0327_00/00045.jpg",
      "transform_matrix": [
        [
          -0.424847,
          0.555058,
          -0.715134,
          2.474291
        ],
        [
          0.904787,
          0.286023,
          -0.315517,
          3.427983
        ],
        [
          0.029414,
          -0.78109,
          -0.623725,
          1.306636
        ],
        [
          0.0,
          0.0,
          0.0,
          1.0
        ]
      ]
    },
    {
      "file_path": "/media/NFS/ttao/scannet/posed_images/scene0327_00/00056.jpg",
      "transform_matrix": [
        [
          -0.281093,
          0.563484,
          -0.776835,
          2.45757
        ],
        [
          0.959441,
          0.1831,
          -0.214355,
          3.46977
        ],
        [
          0.021452,
          -0.805581,
          -0.592097,
          1.313217
        ],
        [
          0.0,
          0.0,
          0.0,
          1.0
        ]
      ]
    },
    {
      "file_path": "/media/NFS/ttao/scannet/posed_images/scene0327_00/00063.jpg",
      "transform_matrix": [
        [
          -0.22269,
          0.572314,
          -0.789218,
          2.445567
        ],
        [
          0.974797,
          0.141858,
          -0.172184,
          3.48503
        ],
        [
          0.013413,
          -0.807671,
          -0.58948,
          1.317232
        ],
        [
          0.0,
          0.0,
          0.0,
          1.0
        ]
      ]
    },
    {
      "file_path": "/media/NFS/ttao/scannet/posed_images/scene0327_00/00067.jpg",
      "transform_matrix": [
        [
          -0.207523,
          0.573074,
          -0.792793,
          2.442345
        ],
        [
          0.978188,
          0.129066,
          -0.162756,
          3.488273
        ],
        [
          0.009051,
          -0.809276,
          -0.587359,
          1.317571
        ],
        [
          0.0,
          0.0,
          0.0,
          1.0
        ]
      ]
    },
    {
      "file_path": "/media/NFS/ttao/scannet/posed_images/scene0327_00/00074.jpg",
      "transform_matrix": [
        [
          -0.182086,
          0.579393,
          -0.794448,
          2.439662
        ],
        [
          0.983181,
          0.118899,
          -0.138629,
          3.494628
        ],
        [
          0.014138,
          -0.806329,
          -0.591298,
          1.317756
        ],
        [
          0.0,
          0.0,
          0.0,
          1.0
        ]
      ]
    },
    {
      "file_path": "/media/NFS/ttao/scannet/posed_images/scene0327_00/00080.jpg",
      "transform_matrix": [
        [
          -0.190675,
          0.580538,
          -0.791592,
          2.44364
        ],
        [
          0.981219,
          0.136687,
          -0.136108,
          3.499656
        ],
        [
          0.029185,
          -0.802678,
          -0.595698,
          1.316236
        ],
        [
          0.0,
          0.0,
          0.0,
          1.0
        ]
      ]
    },
    {
      "file_path": "/media/NFS/ttao/scannet/posed_images/scene0327_00/00094.jpg",
      "transform_matrix": [
        [
          -0.403827,
          0.524524,
          -0.749532,
          2.519241
        ],
        [
          0.910607,
          0.309147,
          -0.274267,
          3.490773
        ],
        [
          0.087856,
          -0.793286,
          -0.602477,
          1.300644
        ],
        [
          0.0,
          0.0,
          0.0,
          1.0
        ]
      ]
    },
    {
      "file_path": "/media/NFS/ttao/scannet/posed_images/scene0327_00/00100.jpg",
      "transform_matrix": [
        [
          -0.512995,
          0.483981,
          -0.708942,
          2.577949
        ],
        [
          0.852317,
          0.385277,
          -0.35372,
          3.486057
        ],
        [
          0.101945,
          -0.7857,
          -0.61015,
          1.298837
        ],
        [
          0.0,
          0.0,
          0.0,
          1.0
        ]
      ]
    },
    {
      "file_path": "/media/NFS/ttao/scannet/posed_images/scene0327_00/00107.jpg",
      "transform_matrix": [
        [
          -0.602324,
          0.449499,
          -0.659664,
          2.650274
        ],
        [
          0.792342,
          0.437034,
          -0.425671,
          3.506853
        ],
        [
          0.096957,
          -0.779071,
          -0.619393,
          1.303837
        ],
        [
          0.0,
          0.0,
          0.0,
          1.0
        ]
      ]
    },
    {
      "file_path": "/media/NFS/ttao/scannet/posed_images/scene0327_00/00116.jpg",
      "transform_matrix": [
        [
          -0.698548,
          0.4042,
          -0.590468,
          2.730691
        ],
        [
          0.708888,
          0.503355,
          -0.494076,
          3.542553
        ],
        [
          0.09751,
          -0.763712,
          -0.63815,
          1.300069
        ],
        [
          0.0,
          0.0,
          0.0,
          1.0
        ]
      ]
    },
    {
      "file_path": "/media/NFS/ttao/scannet/posed_images/scene0327_00/00123.jpg",
      "transform_matrix": [
        [
          -0.764933,
          0.357457,
          -0.535819,
          2.765877
        ],
        [
          0.638565,
          0.529771,
          -0.558191,
          3.569642
        ],
        [
          0.084332,
          -0.769134,
          -0.633499,
          1.322765
        ],
        [
          0.0,
          0.0,
          0.0,
          1.0
        ]
      ]
    },
    {
      "file_path": "/media/NFS/ttao/scannet/posed_images/scene0327_00/00125.jpg",
      "transform_matrix": [
        [
          -0.785319,
          0.33759,
          -0.518948,
          2.770046
        ],
        [
          0.613198,
          0.539541,
          -0.576961,
          3.580751
        ],
        [
          0.085217,
          -0.771316,
          -0.630721,
          1.327631
        ],
        [
          0.0,
          0.0,
          0.0,
          1.0
        ]
      ]
    },
    {
      "file_path": "/media/NFS/ttao/scannet/posed_images/scene0327_00/00138.jpg",
      "transform_matrix": [
        [
          -0.867435,
          0.187977,
          -0.460676,
          2.745175
        ],
        [
          0.489057,
          0.492485,
          -0.719918,
          3.67725
        ],
        [
          0.091548,
          -0.849778,
          -0.51913,
          1.382649
        ],
        [
          0.0,
          0.0,
          0.0,
          1.0
        ]
      ]
    },
    {
      "file_path": "/media/NFS/ttao/scannet/posed_images/scene0327_00/00141.jpg",
      "transform_matrix": [
        [
          -0.858415,
          0.184199,
          -0.478742,
          2.748462
        ],
        [
          0.50417,
          0.474969,
          -0.721261,
          3.696769
        ],
        [
          0.094532,
          -0.860509,
          -0.500588,
          1.377794
        ],
        [
          0.0,
          0.0,
          0.0,
          1.0
        ]
      ]
    },
    {
      "file_path": "/media/NFS/ttao/scannet/posed_images/scene0327_00/00147.jpg",
      "transform_matrix": [
        [
          -0.813637,
          0.211074,
          -0.541704,
          2.716689
        ],
        [
          0.571578,
          0.460753,
          -0.678974,
          3.729142
        ],
        [
          0.106278,
          -0.862064,
          -0.495531,
          1.379541
        ],
        [
          0.0,
          0.0,
          0.0,
          1.0
        ]
      ]
    },
    {
      "file_path": "/media/NFS/ttao/scannet/posed_images/scene0327_00/00161.jpg",
      "transform_matrix": [
        [
          -0.664741,
          0.371031,
          -0.648425,
          2.695973
        ],
        [
          0.743858,
          0.409168,
          -0.528448,
          3.715374
        ],
        [
          0.069244,
          -0.833617,
          -0.547985,
          1.350437
        ],
        [
          0.0,
          0.0,
          0.0,
          1.0
        ]
      ]
    },
    {
      "file_path": "/media/NFS/ttao/scannet/posed_images/scene0327_00/00163.jpg",
      "transform_matrix": [
        [
          -0.644301,
          0.389649,
          -0.658065,
          2.702347
        ],
        [
          0.762652,
          0.391389,
          -0.514953,
          3.696967
        ],
        [
          0.056909,
          -0.833659,
          -0.549339,
          1.348128
        ],
        [
          0.0,
          0.0,
          0.0,
          1.0
        ]
      ]
    },
    {
      "file_path": "/media/NFS/ttao/scannet/posed_images/scene0327_00/00170.jpg",
      "transform_matrix": [
        [
          -0.539332,
          0.461529,
          -0.704352,
          2.72776
        ],
        [
          0.841905,
          0.313224,
          -0.439417,
          3.6308
        ],
        [
          0.017816,
          -0.829989,
          -0.557495,
          1.343056
        ],
        [
          0.0,
          0.0,
          0.0,
          1.0
        ]
      ]
    },
    {
      "file_path": "/media/NFS/ttao/scannet/posed_images/scene0327_00/00179.jpg",
      "transform_matrix": [
        [
          -0.349754,
          0.526114,
          -0.775162,
          2.751259
        ],
        [
          0.936712,
          0.21018,
          -0.279993,
          3.587801
        ],
        [
          0.015615,
          -0.824031,
          -0.566329,
          1.329392
        ],
        [
          0.0,
          0.0,
          0.0,
          1.0
        ]
      ]
    },
    {
      "file_path": "/media/NFS/ttao/scannet/posed_images/scene0327_00/00185.jpg",
      "transform_matrix": [
        [
          -0.209545,
          0.544517,
          -0.812153,
          2.759154
        ],
        [
          0.977787,
          0.120834,
          -0.171266,
          3.587833
        ],
        [
          0.004878,
          -0.83,
          -0.557741,
          1.325039
        ],
        [
          0.0,
          0.0,
          0.0,
          1.0
        ]
      ]
    },
    {
      "file_path": "/media/NFS/ttao/scannet/posed_images/scene0327_00/00192.jpg",
      "transform_matrix": [
        [
          -0.041277,
          0.550513,
          -0.833805,
          2.775715
        ],
        [
          0.999139,
          0.019157,
          -0.036813,
          3.580301
        ],
        [
          -0.004293,
          -0.834607,
          -0.55083,
          1.329912
        ],
        [
          0.0,
          0.0,
          0.0,
          1.0
        ]
      ]
    },
    {
      "file_path": "/media/NFS/ttao/scannet/posed_images/scene0327_00/00203.jpg",
      "transform_matrix": [
        [
          0.1977,
          0.550992,
          -0.810754,
          2.826692
        ],
        [
          0.978707,
          -0.157515,
          0.131607,
          3.562726
        ],
        [
          -0.055191,
          -0.81951,
          -0.5704,
          1.324957
        ],
        [
          0.0,
          0.0,
          0.0,
          1.0
        ]
      ]
    },
    {
      "file_path": "/media/NFS/ttao/scannet/posed_images/scene0327_00/00210.jpg",
      "transform_matrix": [
        [
          0.292019,
          0.55938,
          -0.77577,
          2.846271
        ],
        [
          0.954059,
          -0.227239,
          0.195278,
          3.579701
        ],
        [
          -0.06705,
          -0.797155,
          -0.60004,
          1.330657
        ],
        [
          0.0,
          0.0,
          0.0,
          1.0
        ]
      ]
    },
    {
      "file_path": "/media/NFS/ttao/scannet/posed_images/scene0327_00/00219.jpg",
      "transform_matrix": [
        [
          0.433534,
          0.54342,
          -0.718849,
          2.838233
        ],
        [
          0.898282,
          -0.324059,
          0.296774,
          3.562131
        ],
        [
          -0.071677,
          -0.77439,
          -0.628635,
          1.330126
        ],
        [
          0.0,
          0.0,
          0.0,
          1.0
        ]
      ]
    },
    {
      "file_path": "/media/NFS/ttao/scannet/posed_images/scene0327_00/00223.jpg",
      "transform_matrix": [
        [
          0.4924,
          0.52299,
          -0.695718,
          2.819756
        ],
        [
          0.866355,
          -0.371186,
          0.33414,
          3.551896
        ],
        [
          -0.08349,
          -0.767269,
          -0.635867,
          1.332328
        ],
        [
          0.0,
          0.0,
          0.0,
          1.0
        ]
      ]
    },
    {
      "file_path": "/media/NFS/ttao/scannet/posed_images/scene0327_00/00234.jpg",
      "transform_matrix": [
        [
          0.668879,
          0.440631,
          -0.598702,
          2.774125
        ],
        [
          0.737534,
          -0.494091,
          0.460345,
          3.490111
        ],
        [
          -0.092971,
          -0.749479,
          -0.655468,
          1.326396
        ],
        [
          0.0,
          0.0,
          0.0,
          1.0
        ]
      ]
    },
    {
      "file_path": "/media/NFS/ttao/scannet/posed_images/scene0327_00/00239.jpg",
      "transform_matrix": [
        [
          0.723222,
          0.401039,
          -0.562243,
          2.764725
        ],
        [
          0.682589,
          -0.538851,
          0.493672,
          3.47177
        ],
        [
          -0.104984,
          -0.740815,
          -0.663454,
          1.327383
        ],
        [
          0.0,
          0.0,
          0.0,
          1.0
        ]
      ]
    },
    {
      "file_path": "/media/NFS/ttao/scannet/posed_images/scene0327_00/00246.jpg",
      "transform_matrix": [
        [
          0.782137,
          0.355598,
          -0.511676,
          2.781168
        ],
        [
          0.615528,
          -0.568612,
          0.545717,
          3.460231
        ],
        [
          -0.096889,
          -0.741775,
          -0.663612,
          1.32587
        ],
        [
          0.0,
          0.0,
          0.0,
          1.0
        ]
      ]
    },
    {
      "file_path": "/media/NFS/ttao/scannet/posed_images/scene0327_00/00255.jpg",
      "transform_matrix": [
        [
          0.868101,
          0.274308,
          -0.41371,
          2.824063
        ],
        [
          0.491289,
          -0.593947,
          0.637074,
          3.45437
        ],
        [
          -0.070967,
          -0.756295,
          -0.65037,
          1.339771
        ],
        [
          0.0,
          0.0,
          0.0,
          1.0
        ]
      ]
    },
    {
      "file_path": "/media/NFS/ttao/scannet/posed_images/scene0327_00/00263.jpg",
      "transform_matrix": [
        [
          0.925642,
          0.191415,
          -0.326417,
          2.876098
        ],
        [
          0.373541,
          -0.600035,
          0.707407,
          3.435799
        ],
        [
          -0.060454,
          -0.776736,
          -0.626919,
          1.351311
        ],
        [
          0.0,
          0.0,
          0.0,
          1.0
        ]
      ]
    },
    {
      "file_path": "/media/NFS/ttao/scannet/posed_images/scene0327_00/00272.jpg",
      "transform_matrix": [
        [
          0.969899,
          0.105121,
          -0.219647,
          2.92079
        ],
        [
          0.237946,
          -0.600799,
          0.763166,
          3.406465
        ],
        [
          -0.051739,
          -0.792458,
          -0.607728,
          1.361316
        ],
        [
          0.0,
          0.0,
          0.0,
          1.0
        ]
      ]
    },
    {
      "file_path": "/media/NFS/ttao/scannet/posed_images/scene0327_00/00279.jpg",
      "transform_matrix": [
        [
          0.986512,
          0.046521,
          -0.156941,
          2.957528
        ],
        [
          0.152952,
          -0.603518,
          0.782542,
          3.389776
        ],
        [
          -0.058312,
          -0.795991,
          -0.602493,
          1.367343
        ],
        [
          0.0,
          0.0,
          0.0,
          1.0
        ]
      ]
    },
    {
      "file_path": "/media/NFS/ttao/scannet/posed_images/scene0327_00/00286.jpg",
      "transform_matrix": [
        [
          0.995353,
          -0.009753,
          -0.095802,
          2.982665
        ],
        [
          0.071905,
          -0.586465,
          0.806777,
          3.371503
        ],
        [
          -0.064053,
          -0.809916,
          -0.583038,
          1.373576
        ],
        [
          0.0,
          0.0,
          0.0,
          1.0
        ]
      ]
    },
    {
      "file_path": "/media/NFS/ttao/scannet/posed_images/scene0327_00/00288.jpg",
      "transform_matrix": [
        [
          0.996674,
          -0.023906,
          -0.077908,
          2.988622
        ],
        [
          0.04942,
          -0.582843,
          0.81108,
          3.366137
        ],
        [
          -0.064798,
          -0.812233,
          -0.579723,
          1.374032
        ],
        [
          0.0,
          0.0,
          0.0,
          1.0
        ]
      ]
    },
    {
      "file_path": "/media/NFS/ttao/scannet/posed_images/scene0327_00/00297.jpg",
      "transform_matrix": [
        [
          0.99633,
          -0.084778,
          0.011771,
          3.005117
        ],
        [
          -0.055631,
          -0.53691,
          0.841803,
          3.332704
        ],
        [
          -0.065047,
          -0.839369,
          -0.539656,
          1.389368
        ],
        [
          0.0,
          0.0,
          0.0,
          1.0
        ]
      ]
    },
    {
      "file_path": "/media/NFS/ttao/scannet/posed_images/scene0327_00/00306.jpg",
      "transform_matrix": [
        [
          0.987395,
          -0.120774,
          0.102299,
          2.968815
        ],
        [
          -0.147154,
          -0.462487,
          0.874329,
          3.255635
        ],
        [
          -0.058284,
          -0.878362,
          -0.47443,
          1.401738
        ],
        [
          0.0,
          0.0,
          0.0,
          1.0
        ]
      ]
    },
    {
      "file_path": "/media/NFS/ttao/scannet/posed_images/scene0327_00/00313.jpg",
      "transform_matrix": [
        [
          0.977868,
          -0.152411,
          0.143338,
          2.92735
        ],
        [
          -0.195873,
          -0.426067,
          0.883233,
          3.197578
        ],
        [
          -0.073543,
          -0.891761,
          -0.44649,
          1.419642
        ],
        [
          0.0,
          0.0,
          0.0,
          1.0
        ]
      ]
    },
    {
      "file_path": "/media/NFS/ttao/scannet/posed_images/scene0327_00/00322.jpg",
      "transform_matrix": [
        [
          0.973314,
          -0.158236,
          0.166198,
          2.913204
        ],
        [
          -0.214479,
          -0.369732,
          0.904045,
          3.122285
        ],
        [
          -0.081604,
          -0.915565,
          -0.393804,
          1.445299
        ],
        [
          0.0,
          0.0,
          0.0,
          1.0
        ]
      ]
    },
    {
      "file_path": "/media/NFS/ttao/scannet/posed_images/scene0327_00/00330.jpg",
      "transform_matrix": [
        [
          0.983546,
          -0.106644,
          0.145822,
          2.929287
        ],
        [
          -0.173277,
          -0.32854,
          0.928459,
          3.05574
        ],
        [
          -0.051106,
          -0.93845,
          -0.341614,
          1.45837
        ],
        [
          0.0,
          0.0,
          0.0,
          1.0
        ]
      ]
    },
    {
      "file_path": "/media/NFS/ttao/scannet/posed_images/scene0327_00/00337.jpg",
      "transform_matrix": [
        [
          0.983292,
          -0.081018,
          0.163009,
          2.955365
        ],
        [
          -0.180159,
          -0.304969,
          0.935167,
          2.99687
        ],
        [
          -0.026052,
          -0.94891,
          -0.31447,
          1.462493
        ],
        [
          0.0,
          0.0,
          0.0,
          1.0
        ]
      ]
    },
    {
      "file_path": "/media/NFS/ttao/scannet/posed_images/scene0327_00/00342.jpg",
      "transform_matrix": [
        [
          0.979605,
          -0.098287,
          0.175251,
          2.978598
        ],
        [
          -0.196348,
          -0.283036,
          0.938796,
          2.952884
        ],
        [
          -0.042669,
          -0.95406,
          -0.296562,
          1.466593
        ],
        [
          0.0,
          0.0,
          0.0,
          1.0
        ]
      ]
    },
    {
      "file_path": "/media/NFS/ttao/scannet/posed_images/scene0327_00/00348.jpg",
      "transform_matrix": [
        [
          0.969891,
          -0.108417,
          0.218074,
          2.99413
        ],
        [
          -0.238639,
          -0.244376,
          0.939857,
          2.911694
        ],
        [
          -0.048605,
          -0.9636,
          -0.262891,
          1.470734
        ],
        [
          0.0,
          0.0,
          0.0,
          1.0
        ]
      ]
    },
    {
      "file_path": "/media/NFS/ttao/scannet/posed_images/scene0327_00/00357.jpg",
      "transform_matrix": [
        [
          0.953984,
          -0.114716,
          0.277045,
          3.006304
        ],
        [
          -0.29641,
          -0.221103,
          0.929115,
          2.874209
        ],
        [
          -0.045329,
          -0.96848,
          -0.244932,
          1.484232
        ],
        [
          0.0,
          0.0,
          0.0,
          1.0
        ]
      ]
    },
    {
      "file_path": "/media/NFS/ttao/scannet/posed_images/scene0327_00/00368.jpg",
      "transform_matrix": [
        [
          0.950576,
          -0.111102,
          0.289933,
          3.001174
        ],
        [
          -0.305301,
          -0.16444,
          0.93795,
          2.840364
        ],
        [
          -0.056532,
          -0.98011,
          -0.190232,
          1.494407
        ],
        [
          0.0,
          0.0,
          0.0,
          1.0
        ]
      ]
    },
    {
      "file_path": "/media/NFS/ttao/scannet/posed_images/scene0327_00/00373.jpg",
      "transform_matrix": [
        [
          0.953844,
          -0.106676,
          0.280717,
          3.006213
        ],
        [
          -0.294592,
          -0.150952,
          0.943626,
          2.827968
        ],
        [
          -0.058287,
          -0.982768,
          -0.175411,
          1.494143
        ],
        [
          0.0,
          0.0,
          0.0,
          1.0
        ]
      ]
    },
    {
      "file_path": "/media/NFS/ttao/scannet/posed_images/scene0327_00/00377.jpg",
      "transform_matrix": [
        [
          0.95155,
          -0.101845,
          0.290137,
          3.005923
        ],
        [
          -0.303477,
          -0.159047,
          0.939471,
          2.82447
        ],
        [
          -0.049535,
          -0.982004,
          -0.182249,
          1.492496
        ],
        [
          0.0,
          0.0,
          0.0,
          1.0
        ]
      ]
    },
    {
      "file_path": "/media/NFS/ttao/scannet/posed_images/scene0327_00/00389.jpg",
      "transform_matrix": [
        [
          0.913139,
          -0.136314,
          0.384181,
          2.988291
        ],
        [
          -0.407242,
          -0.262993,
          0.874636,
          2.860954
        ],
        [
          -0.018188,
          -0.955119,
          -0.295662,
          1.463727
        ],
        [
          0.0,
          0.0,
          0.0,
          1.0
        ]
      ]
    },
    {
      "file_path": "/media/NFS/ttao/scannet/posed_images/scene0327_00/00397.jpg",
      "transform_matrix": [
        [
          0.845087,
          -0.187632,
          0.500621,
          2.964635
        ],
        [
          -0.533722,
          -0.241558,
          0.810426,
          2.897833
        ],
        [
          -0.031133,
          -0.952073,
          -0.304281,
          1.468962
        ],
        [
          0.0,
          0.0,
          0.0,
          1.0
        ]
      ]
    },
    {
      "file_path": "/media/NFS/ttao/scannet/posed_images/scene0327_00/00400.jpg",
      "transform_matrix": [
        [
          0.809689,
          -0.219297,
          0.544346,
          2.933839
        ],
        [
          -0.585167,
          -0.231297,
          0.777227,
          2.912209
        ],
        [
          -0.044538,
          -0.947845,
          -0.315604,
          1.461138
        ],
        [
          0.0,
          0.0,
          0.0,
          1.0
        ]
      ]
    },
    {
      "file_path": "/media/NFS/ttao/scannet/posed_images/scene0327_00/00413.jpg",
      "transform_matrix": [
        [
          0.812232,
          -0.301744,
          0.499229,
          2.834741
        ],
        [
          -0.578702,
          -0.309175,
          0.754662,
          2.967804
        ],
        [
          -0.073365,
          -0.901866,
          -0.425742,
          1.427056
        ],
        [
          0.0,
          0.0,
          0.0,
          1.0
        ]
      ]
    },
    {
      "file_path": "/media/NFS/ttao/scannet/posed_images/scene0327_00/00418.jpg",
      "transform_matrix": [
        [
          0.810785,
          -0.324402,
          0.487228,
          2.810769
        ],
        [
          -0.581282,
          -0.348337,
          0.735373,
          2.975581
        ],
        [
          -0.068837,
          -0.879446,
          -0.470995,
          1.409359
        ],
        [
          0.0,
          0.0,
          0.0,
          1.0
        ]
      ]
    },
    {
      "file_path": "/media/NFS/ttao/scannet/posed_images/scene0327_00/00429.jpg",
      "transform_matrix": [
        [
          0.754779,
          -0.386877,
          0.529749,
          2.819841
        ],
        [
          -0.654045,
          -0.381878,
          0.652988,
          2.981198
        ],
        [
          -0.050327,
          -0.839342,
          -0.541269,
          1.368048
        ],
        [
          0.0,
          0.0,
          0.0,
          1.0
        ]
      ]
    },
    {
      "file_path": "/media/NFS/ttao/scannet/posed_images/scene0327_00/00435.jpg",
      "transform_matrix": [
        [
          0.726524,
          -0.397081,
          0.560794,
          2.872144
        ],
        [
          -0.686412,
          -0.381786,
          0.618934,
          2.996493
        ],
        [
          -0.031664,
          -0.834605,
          -0.549937,
          1.351808
        ],
        [
          0.0,
          0.0,
          0.0,
          1.0
        ]
      ]
    },
    {
      "file_path": "/media/NFS/ttao/scannet/posed_images/scene0327_00/00438.jpg",
      "transform_matrix": [
        [
          0.701799,
          -0.410434,
          0.582257,
          2.886824
        ],
        [
          -0.711564,
          -0.364882,
          0.600448,
          3.017291
        ],
        [
          -0.033989,
          -0.835706,
          -0.548124,
          1.344228
        ],
        [
          0.0,
          0.0,
          0.0,
          1.0
        ]
      ]
    },
    {
      "file_path": "/media/NFS/ttao/scannet/posed_images/scene0327_00/00447.jpg",
      "transform_matrix": [
        [
          0.619343,
          -0.473336,
          0.626393,
          2.918556
        ],
        [
          -0.783261,
          -0.317624,
          0.534432,
          3.09
        ],
        [
          -0.054009,
          -0.821625,
          -0.567464,
          1.338638
        ],
        [
          0.0,
          0.0,
          0.0,
          1.0
        ]
      ]
    },
    {
      "file_path": "/media/NFS/ttao/scannet/posed_images/scene0327_00/00453.jpg",
      "transform_matrix": [
        [
          0.546936,
          -0.505243,
          0.667526,
          2.923019
        ],
        [
          -0.836113,
          -0.289515,
          0.465937,
          3.140049
        ],
        [
          -0.042153,
          -0.812964,
          -0.580786,
          1.341016
        ],
        [
          0.0,
          0.0,
          0.0,
          1.0
        ]
      ]
    },
    {
      "file_path": "/media/NFS/ttao/scannet/posed_images/scene0327_00/00464.jpg",
      "transform_matrix": [
        [
          0.325125,
          -0.561404,
          0.760999,
          2.943906
        ],
        [
          -0.944609,
          -0.15467,
          0.289466,
          3.226803
        ],
        [
          -0.044804,
          -0.812959,
          -0.580595,
          1.347754
        ],
        [
          0.0,
          0.0,
          0.0,
          1.0
        ]
      ]
    },
    {
      "file_path": "/media/NFS/ttao/scannet/posed_images/scene0327_00/00471.jpg",
      "transform_matrix": [
        [
          0.205264,
          -0.59208,
          0.779299,
          2.942408
        ],
        [
          -0.976675,
          -0.072637,
          0.202065,
          3.286535
        ],
        [
          -0.063033,
          -0.802599,
          -0.59318,
          1.354692
        ],
        [
          0.0,
          0.0,
          0.0,
          1.0
        ]
      ]
    },
    {
      "file_path": "/media/NFS/ttao/scannet/posed_images/scene0327_00/00480.jpg",
      "transform_matrix": [
        [
          0.050329,
          -0.604332,
          0.795142,
          2.931945
        ],
        [
          -0.998126,
          -0.002684,
          0.061137,
          3.32486
        ],
        [
          -0.034813,
          -0.796728,
          -0.603334,
          1.352447
        ],
        [
          0.0,
          0.0,
          0.0,
          1.0
        ]
      ]
    },
    {
      "file_path": "/media/NFS/ttao/scannet/posed_images/scene0327_00/00487.jpg",
      "transform_matrix": [
        [
          -0.061181,
          -0.599752,
          0.797843,
          2.922248
        ],
        [
          -0.998115,
          0.040571,
          -0.04604,
          3.337148
        ],
        [
          -0.004757,
          -0.799156,
          -0.601104,
          1.355956
        ],
        [
          0.0,
          0.0,
          0.0,
          1.0
        ]
      ]
    },
    {
      "file_path": "/media/NFS/ttao/scannet/posed_images/scene0327_00/00496.jpg",
      "transform_matrix": [
        [
          -0.158182,
          -0.562372,
          0.811613,
          2.894395
        ],
        [
          -0.987319,
          0.078967,
          -0.13771,
          3.35147
        ],
        [
          0.013353,
          -0.823105,
          -0.567732,
          1.366199
        ],
        [
          0.0,
          0.0,
          0.0,
          1.0
        ]
      ]
    },
    {
      "file_path": "/media/NFS/ttao/scannet/posed_images/scene0327_00/00500.jpg",
      "transform_matrix": [
        [
          -0.200567,
          -0.533331,
          0.821785,
          2.869925
        ],
        [
          -0.97968,
          0.109712,
          -0.167901,
          3.355937
        ],
        [
          -0.000613,
          -0.838761,
          -0.544499,
          1.367938
        ],
        [
          0.0,
          0.0,
          0.0,
          1.0
        ]
      ]
    },
    {
      "file_path": "/media/NFS/ttao/scannet/posed_images/scene0327_00/00505.jpg",
      "transform_matrix": [
        [
          -0.261053,
          -0.515827,
          0.81595,
          2.832138
        ],
        [
          -0.96532,
          0.141945,
          -0.219107,
          3.372924
        ],
        [
          -0.002799,
          -0.844852,
          -0.534993,
          1.384216
        ],
        [
          0.0,
          0.0,
          0.0,
          1.0
        ]
      ]
    },
    {
      "file_path": "/media/NFS/ttao/scannet/posed_images/scene0327_00/00511.jpg",
      "transform_matrix": [
        [
          -0.313406,
          -0.497695,
          0.80875,
          2.798398
        ],
        [
          -0.949605,
          0.168931,
          -0.264032,
          3.391279
        ],
        [
          -0.005215,
          -0.850742,
          -0.525557,
          1.398102
        ],
        [
          0.0,
          0.0,
          0.0,
          1.0
        ]
      ]
    },
    {
      "file_path": "/media/NFS/ttao/scannet/posed_images/scene0327_00/00525.jpg",
      "transform_matrix": [
        [
          -0.468551,
          -0.354802,
          0.809058,
          2.786701
        ],
        [
          -0.883124,
          0.212465,
          -0.418271,
          3.433664
        ],
        [
          -0.023493,
          -0.91048,
          -0.412885,
          1.439758
        ],
        [
          0.0,
          0.0,
          0.0,
          1.0
        ]
      ]
    },
    {
      "file_path": "/media/NFS/ttao/scannet/posed_images/scene0327_00/00531.jpg",
      "transform_matrix": [
        [
          -0.530867,
          -0.316794,
          0.786016,
          2.792715
        ],
        [
          -0.846019,
          0.252089,
          -0.469791,
          3.503251
        ],
        [
          -0.049319,
          -0.914381,
          -0.401839,
          1.432157
        ],
        [
          0.0,
          0.0,
          0.0,
          1.0
        ]
      ]
    },
    {
      "file_path": "/media/NFS/ttao/scannet/posed_images/scene0327_00/00540.jpg",
      "transform_matrix": [
        [
          -0.556605,
          -0.249279,
          0.792497,
          2.808309
        ],
        [
          -0.828424,
          0.238282,
          -0.506887,
          3.592263
        ],
        [
          -0.062482,
          -0.938659,
          -0.339138,
          1.463154
        ],
        [
          0.0,
          0.0,
          0.0,
          1.0
        ]
      ]
    },
    {
      "file_path": "/media/NFS/ttao/scannet/posed_images/scene0327_00/00543.jpg",
      "transform_matrix": [
        [
          -0.557554,
          -0.236407,
          0.795767,
          2.808907
        ],
        [
          -0.828164,
          0.22452,
          -0.513552,
          3.609572
        ],
        [
          -0.057259,
          -0.945358,
          -0.320966,
          1.474187
        ],
        [
          0.0,
          0.0,
          0.0,
          1.0
        ]
      ]
    },
    {
      "file_path": "/media/NFS/ttao/scannet/posed_images/scene0327_00/00554.jpg",
      "transform_matrix": [
        [
          -0.582766,
          -0.177554,
          0.793006,
          2.785005
        ],
        [
          -0.812135,
          0.161632,
          -0.560635,
          3.648095
        ],
        [
          -0.028632,
          -0.970747,
          -0.238392,
          1.505965
        ],
        [
          0.0,
          0.0,
          0.0,
          1.0
        ]
      ]
    },
    {
      "file_path": "/media/NFS/ttao/scannet/posed_images/scene0327_00/00560.jpg",
      "transform_matrix": [
        [
          -0.567578,
          -0.151636,
          0.809235,
          2.764138
        ],
        [
          -0.823033,
          0.130436,
          -0.552814,
          3.661527
        ],
        [
          -0.021727,
          -0.979792,
          -0.198834,
          1.526726
        ],
        [
          0.0,
          0.0,
          0.0,
          1.0
        ]
      ]
    },
    {
      "file_path": "/media/NFS/ttao/scannet/posed_images/scene0327_00/00565.jpg",
      "transform_matrix": [
        [
          -0.558563,
          -0.12174,
          0.820479,
          2.739567
        ],
        [
          -0.829083,
          0.111835,
          -0.547827,
          3.670062
        ],
        [
          -0.025066,
          -0.986242,
          -0.163399,
          1.545157
        ],
        [
          0.0,
          0.0,
          0.0,
          1.0
        ]
      ]
    },
    {
      "file_path": "/media/NFS/ttao/scannet/posed_images/scene0327_00/00576.jpg",
      "transform_matrix": [
        [
          -0.569452,
          -0.076299,
          0.818476,
          2.654047
        ],
        [
          -0.822014,
          0.047776,
          -0.56746,
          3.693717
        ],
        [
          0.004193,
          -0.99594,
