{
  "frames": [
    {
      "file_path": "/media/NFS/ttao/scannet/posed_images/scene0267_00/00000.jpg",
      "transform_matrix": [
        [
          -0.328898,
          -0.211839,
          0.920299,
          3.181976
        ],
        [
          -0.94344,
          0.030582,
          -0.330129,
          4.155379
        ],
        [
          0.04179,
          -0.976826,
          -0.209916,
          1.545471
        ],
        [
          0.0,
          0.0,
          0.0,
          1.0
        ]
      ]
    },
    {
      "file_path": "/media/NFS/ttao/scannet/posed_images/scene0267_00/00003.jpg",
      "transform_matrix": [
        [
          -0.328564,
          -0.223035,
          0.917769,
          3.180937
        ],
        [
          -0.943569,
          0.034812,
          -0.329341,
          4.146811
        ],
        [
          0.041505,
          -0.974189,
          -0.221887,
          1.537454
        ],
        [
          0.0,
          0.0,
          0.0,
          1.0
        ]
      ]
    },
    {
      "file_path": "/media/NFS/ttao/scannet/posed_images/scene0267_00/00004.jpg",
      "transform_matrix": [
        [
          -0.328977,
          -0.223536,
          0.9175,
          3.180149
        ],
        [
          -0.943477,
          0.036325,
          -0.329442,
          4.14558
        ],
        [
          0.040314,
          -0.974019,
          -0.222851,
          1.537478
        ],
        [
          0.0,
          0.0,
          0.0,
          1.0
        ]
      ]
    },
    {
      "file_path": "/media/NFS/ttao/scannet/posed_images/scene0267_00/00006.jpg",
      "transform_matrix": [
        [
          -0.330809,
          -0.226831,
          0.916031,
          3.179139
        ],
        [
          -0.943156,
          0.046575,
          -0.329071,
          4.14298
        ],
        [
          0.03198,
          -0.97282,
          -0.229344,
          1.534287
        ],
        [
          0.0,
          0.0,
          0.0,
          1.0
        ]
      ]
    },
    {
      "file_path": "/media/NFS/ttao/scannet/posed_images/scene0267_00/00010.jpg",
      "transform_matrix": [
        [
          -0.331965,
          -0.258083,
          0.9073,
          3.177076
        ],
        [
          -0.94264,
          0.055025,
          -0.329243,
          4.140114
        ],
        [
          0.035048,
          -0.964555,
          -0.261546,
          1.496669
        ],
        [
          0.0,
          0.0,
          0.0,
          1.0
        ]
      ]
    },
    {
      "file_path": "/media/NFS/ttao/scannet/posed_images/scene0267_00/00012.jpg",
      "transform_matrix": [
        [
          -0.327321,
          -0.281146,
          0.902119,
          3.178511
        ],
        [
          -0.944313,
          0.063311,
          -0.3229,
          4.135931
        ],
        [
          0.033668,
          -0.957574,
          -0.286213,
          1.488145
        ],
        [
          0.0,
          0.0,
          0.0,
          1.0
        ]
      ]
    },
    {
      "file_path": "/media/NFS/ttao/scannet/posed_images/scene0267_00/00015.jpg",
      "transform_matrix": [
        [
          -0.334354,
          -0.303559,
          0.892222,
          3.175823
        ],
        [
          -0.942008,
          0.078741,
          -0.326221,
          4.134016
        ],
        [
          0.028773,
          -0.949553,
          -0.312282,
          1.469384
        ],
        [
          0.0,
          0.0,
          0.0,
          1.0
        ]
      ]
    },
    {
      "file_path": "/media/NFS/ttao/scannet/posed_images/scene0267_00/00017.jpg",
      "transform_matrix": [
        [
          -0.341401,
          -0.303406,
          0.889601,
          3.172803
        ],
        [
          -0.939603,
          0.085655,
          -0.331376,
          4.131411
        ],
        [
          0.024343,
          -0.949003,
          -0.314324,
          1.462077
        ],
        [
          0.0,
          0.0,
          0.0,
          1.0
        ]
      ]
    },
    {
      "file_path": "/media/NFS/ttao/scannet/posed_images/scene0267_00/00018.jpg",
      "transform_matrix": [
        [
          -0.343944,
          -0.301985,
          0.889105,
          3.168636
        ],
        [
          -0.938712,
          0.087527,
          -0.333405,
          4.129829
        ],
        [
          0.022863,
          -0.949286,
          -0.313581,
          1.455464
        ],
        [
          0.0,
          0.0,
          0.0,
          1.0
        ]
      ]
    },
    {
      "file_path": "/media/NFS/ttao/scannet/posed_images/scene0267_00/00020.jpg",
      "transform_matrix": [
        [
          -0.352672,
          -0.305545,
          0.884457,
          3.166437
        ],
        [
          -0.935477,
          0.092403,
          -0.341094,
          4.124522
        ],
        [
          0.022494,
          -0.947684,
          -0.318418,
          1.456077
        ],
        [
          0.0,
          0.0,
          0.0,
          1.0
        ]
      ]
    },
    {
      "file_path": "/media/NFS/ttao/scannet/posed_images/scene0267_00/00023.jpg",
      "transform_matrix": [
        [
          -0.367594,
          -0.304354,
          0.878774,
          3.155519
        ],
        [
          -0.929815,
          0.102128,
          -0.353573,
          4.117974
        ],
        [
          0.017864,
          -0.947068,
          -0.320535,
          1.44174
        ],
        [
          0.0,
          0.0,
          0.0,
          1.0
        ]
      ]
    },
    {
      "file_path": "/media/NFS/ttao/scannet/posed_images/scene0267_00/00026.jpg",
      "transform_matrix": [
        [
          -0.382587,
          -0.30647,
          0.87161,
          3.145159
        ],
        [
          -0.92367,
          0.104952,
          -0.368536,
          4.109965
        ],
        [
          0.021468,
          -0.946077,
          -0.323231,
          1.438303
        ],
        [
          0.0,
          0.0,
          0.0,
          1.0
        ]
      ]
    },
    {
      "file_path": "/media/NFS/ttao/scannet/posed_images/scene0267_00/00029.jpg",
      "transform_matrix": [
        [
          -0.404304,
          -0.308764,
          0.860931,
          3.136072
        ],
        [
          -0.914334,
          0.112713,
          -0.388959,
          4.10162
        ],
        [
          0.023058,
          -0.944437,
          -0.327884,
          1.439737
        ],
        [
          0.0,
          0.0,
          0.0,
          1.0
        ]
      ]
    },
    {
      "file_path": "/media/NFS/ttao/scannet/posed_images/scene0267_00/00030.jpg",
      "transform_matrix": [
        [
          -0.411498,
          -0.308428,
          0.857637,
          3.136463
        ],
        [
          -0.911095,
          0.114457,
          -0.395986,
          4.095613
        ],
        [
          0.023971,
          -0.944337,
          -0.328106,
          1.440153
        ],
        [
          0.0,
          0.0,
          0.0,
          1.0
        ]
      ]
    },
    {
      "file_path": "/media/NFS/ttao/scannet/posed_images/scene0267_00/00033.jpg",
      "transform_matrix": [
        [
          -0.435774,
          -0.306126,
          0.846397,
          3.124576
        ],
        [
          -0.899779,
          0.124837,
          -0.418107,
          4.088686
        ],
        [
          0.022332,
          -0.94377,
          -0.329847,
          1.442949
        ],
        [
          0.0,
          0.0,
          0.0,
          1.0
        ]
      ]
    },
    {
      "file_path": "/media/NFS/ttao/scannet/posed_images/scene0267_00/00034.jpg",
      "transform_matrix": [
        [
          -0.444695,
          -0.306091,
          0.841757,
          3.121369
        ],
        [
          -0.895407,
          0.128629,
          -0.426264,
          4.085335
        ],
        [
          0.022201,
          -0.943273,
          -0.331276,
          1.443761
        ],
        [
          0.0,
          0.0,
          0.0,
          1.0
        ]
      ]
    },
    {
      "file_path": "/media/NFS/ttao/scannet/posed_images/scene0267_00/00037.jpg",
      "transform_matrix": [
        [
          -0.476376,
          -0.30338,
          0.825243,
          3.110048
        ],
        [
          -0.878941,
          0.13977,
          -0.45599,
          4.079088
        ],
        [
          0.022994,
          -0.942563,
          -0.333236,
          1.441289
        ],
        [
          0.0,
          0.0,
          0.0,
          1.0
        ]
      ]
    },
    {
      "file_path": "/media/NFS/ttao/scannet/posed_images/scene0267_00/00039.jpg",
      "transform_matrix": [
        [
          -0.497123,
          -0.302645,
          0.813188,
          3.104721
        ],
        [
          -0.867316,
          0.146179,
          -0.475809,
          4.06889
        ],
        [
          0.02513,
          -0.941827,
          -0.335158,
          1.436887
        ],
        [
          0.0,
          0.0,
          0.0,
          1.0
        ]
      ]
    },
    {
      "file_path": "/media/NFS/ttao/scannet/posed_images/scene0267_00/00041.jpg",
      "transform_matrix": [
        [
          -0.516735,
          -0.301414,
          0.801333,
          3.097225
        ],
        [
          -0.855724,
          0.152457,
          -0.494463,
          4.055207
        ],
        [
          0.02687,
          -0.941226,
          -0.336707,
          1.438718
        ],
        [
          0.0,
          0.0,
          0.0,
          1.0
        ]
      ]
    },
    {
      "file_path": "/media/NFS/ttao/scannet/posed_images/scene0267_00/00044.jpg",
      "transform_matrix": [
        [
          -0.563878,
          -0.280252,
          0.776853,
          3.090568
        ],
        [
          -0.825553,
          0.165704,
          -0.539448,
          4.046537
        ],
        [
          0.022454,
          -0.945516,
          -0.3248,
          1.43701
        ],
        [
          0.0,
          0.0,
          0.0,
          1.0
        ]
      ]
    },
    {
      "file_path": "/media/NFS/ttao/scannet/posed_images/scene0267_00/00047.jpg",
      "transform_matrix": [
        [
          -0.619831,
          -0.27502,
          0.734965,
          3.098033
        ],
        [
          -0.784247,
          0.184051,
          -0.592522,
          4.03801
        ],
        [
          0.027684,
          -0.943657,
          -0.329764,
          1.448152
        ],
        [
          0.0,
          0.0,
          0.0,
          1.0
        ]
      ]
    },
    {
      "file_path": "/media/NFS/ttao/scannet/posed_images/scene0267_00/00048.jpg",
      "transform_matrix": [
        [
          -0.640638,
          -0.270877,
          0.718476,
          3.100316
        ],
        [
          -0.767213,
          0.187909,
          -0.613249,
          4.036435
        ],
        [
          0.031107,
          -0.944095,
          -0.328202,
          1.451085
        ],
        [
          0.0,
          0.0,
          0.0,
          1.0
        ]
      ]
    },
    {
      "file_path": "/media/NFS/ttao/scannet/posed_images/scene0267_00/00051.jpg",
      "transform_matrix": [
        [
          -0.699058,
          -0.240378,
          0.673451,
          3.100673
        ],
        [
          -0.714063,
          0.18484,
          -0.675239,
          4.03954
        ],
        [
          0.037832,
          -0.952918,
          -0.300859,
          1.430325
        ],
        [
          0.0,
          0.0,
          0.0,
          1.0
        ]
      ]
    },
    {
      "file_path": "/media/NFS/ttao/scannet/posed_images/scene0267_00/00054.jpg",
      "transform_matrix": [
        [
          -0.755218,
          -0.221724,
          0.616834,
          3.13084
        ],
        [
          -0.65435,
          0.199945,
          -0.729279,
          4.061386
        ],
        [
          0.038366,
          -0.95439,
          -0.296087,
          1.41451
        ],
        [
          0.0,
          0.0,
          0.0,
          1.0
        ]
      ]
    },
    {
      "file_path": "/media/NFS/ttao/scannet/posed_images/scene0267_00/00056.jpg",
      "transform_matrix": [
        [
          -0.782769,
          -0.203927,
          0.587951,
          3.148421
        ],
        [
          -0.620949,
          0.193432,
          -0.759609,
          4.077899
        ],
        [
          0.041176,
          -0.959686,
          -0.278041,
          1.404122
        ],
        [
          0.0,
          0.0,
          0.0,
          1.0
        ]
      ]
    },
    {
      "file_path": "/media/NFS/ttao/scannet/posed_images/scene0267_00/00059.jpg",
      "transform_matrix": [
        [
          -0.814919,
          -0.189385,
          0.547759,
          3.183836
        ],
        [
          -0.577949,
          0.194782,
          -0.792487,
          4.091813
        ],
        [
          0.043392,
          -0.962389,
          -0.268187,
          1.409107
        ],
        [
          0.0,
          0.0,
          0.0,
          1.0
        ]
      ]
    },
    {
      "file_path": "/media/NFS/ttao/scannet/posed_images/scene0267_00/00061.jpg",
      "transform_matrix": [
        [
          -0.828454,
          -0.178884,
          0.53072,
          3.170541
        ],
        [
          -0.558567,
          0.194825,
          -0.806255,
          4.079204
        ],
        [
          0.040829,
          -0.964388,
          -0.261322,
          1.405627
        ],
        [
          0.0,
          0.0,
          0.0,
          1.0
        ]
      ]
    },
    {
      "file_path": "/media/NFS/ttao/scannet/posed_images/scene0267_00/00062.jpg",
      "transform_matrix": [
        [
          -0.838712,
          -0.17144,
          0.516886,
          3.181602
        ],
        [
          -0.543233,
          0.196774,
          -0.816197,
          4.085786
        ],
        [
          0.038219,
          -0.965344,
          -0.258169,
          1.399498
        ],
        [
          0.0,
          0.0,
          0.0,
          1.0
        ]
      ]
    },
    {
      "file_path": "/media/NFS/ttao/scannet/posed_images/scene0267_00/00064.jpg",
      "transform_matrix": [
        [
          -0.858484,
          -0.162044,
          0.486567,
          3.205944
        ],
        [
          -0.511713,
          0.207789,
          -0.83365,
          4.094296
        ],
        [
          0.033985,
          -0.964658,
          -0.261303,
          1.393955
        ],
        [
          0.0,
          0.0,
          0.0,
          1.0
        ]
      ]
    },
    {
      "file_path": "/media/NFS/ttao/scannet/posed_images/scene0267_00/00068.jpg",
      "transform_matrix": [
        [
          -0.892214,
          -0.155773,
          0.423896,
          3.254442
        ],
        [
          -0.450566,
          0.243175,
          -0.858986,
          4.11096
        ],
        [
          0.030726,
          -0.957393,
          -0.28715,
          1.386243
        ],
        [
          0.0,
          0.0,
          0.0,
          1.0
        ]
      ]
    },
    {
      "file_path": "/media/NFS/ttao/scannet/posed_images/scene0267_00/00070.jpg",
      "transform_matrix": [
        [
          -0.89954,
          -0.16346,
          0.405102,
          3.242933
        ],
        [
          -0.435014,
          0.250546,
          -0.864864,
          4.100225
        ],
        [
          0.039874,
          -0.954205,
          -0.296483,
          1.38454
        ],
        [
          0.0,
          0.0,
          0.0,
          1.0
        ]
      ]
    },
    {
      "file_path": "/media/NFS/ttao/scannet/posed_images/scene0267_00/00073.jpg",
      "transform_matrix": [
        [
          -0.91647,
          -0.162883,
          0.365446,
          3.280136
        ],
        [
          -0.397359,
          0.263763,
          -0.878939,
          4.101516
        ],
        [
          0.046773,
          -0.950736,
          -0.306454,
          1.379728
        ],
        [
          0.0,
          0.0,
          0.0,
          1.0
        ]
      ]
    },
    {
      "file_path": "/media/NFS/ttao/scannet/posed_images/scene0267_00/00075.jpg",
      "transform_matrix": [
        [
          -0.925807,
          -0.160238,
          0.342351,
          3.297201
        ],
        [
          -0.374896,
          0.273499,
          -0.885805,
          4.096734
        ],
        [
          0.048307,
          -0.948431,
          -0.31328,
          1.382353
        ],
        [
          0.0,
          0.0,
          0.0,
          1.0
        ]
      ]
    },
    {
      "file_path": "/media/NFS/ttao/scannet/posed_images/scene0267_00/00076.jpg",
      "transform_matrix": [
        [
          -0.929623,
          -0.157436,
          0.333188,
          3.299828
        ],
        [
          -0.365382,
          0.276206,
          -0.888936,
          4.0902
        ],
        [
          0.047922,
          -0.948116,
          -0.314292,
          1.38582
        ],
        [
          0.0,
          0.0,
          0.0,
          1.0
        ]
      ]
    },
    {
      "file_path": "/media/NFS/ttao/scannet/posed_images/scene0267_00/00078.jpg",
      "transform_matrix": [
        [
          -0.939608,
          -0.15102,
          0.30713,
          3.314782
        ],
        [
          -0.338331,
          0.274419,
          -0.900126,
          4.085346
        ],
        [
          0.051655,
          -0.949678,
          -0.308941,
          1.381381
        ],
        [
          0.0,
          0.0,
          0.0,
          1.0
        ]
      ]
    },
    {
      "file_path": "/media/NFS/ttao/scannet/posed_images/scene0267_00/00080.jpg",
      "transform_matrix": [
        [
          -0.950186,
          -0.138174,
          0.279383,
          3.322758
        ],
        [
          -0.307752,
          0.273986,
          -0.911164,
          4.079282
        ],
        [
          0.049352,
          -0.951756,
          -0.302861,
          1.359771
        ],
        [
          0.0,
          0.0,
          0.0,
          1.0
        ]
      ]
    },
    {
      "file_path": "/media/NFS/ttao/scannet/posed_images/scene0267_00/00084.jpg",
      "transform_matrix": [
        [
          -0.966267,
          -0.110811,
          0.232484,
          3.329217
        ],
        [
          -0.255589,
          0.301631,
          -0.918528,
          4.042335
        ],
        [
          0.031659,
          -0.946963,
          -0.319778,
          1.353908
        ],
        [
          0.0,
          0.0,
          0.0,
          1.0
        ]
      ]
    },
    {
      "file_path": "/media/NFS/ttao/scannet/posed_images/scene0267_00/00085.jpg",
      "transform_matrix": [
        [
          -0.970929,
          -0.101122,
          0.216959,
          3.33599
        ],
        [
          -0.237877,
          0.306602,
          -0.921634,
          4.025707
        ],
        [
          0.026678,
          -0.946451,
          -0.321744,
          1.353292
        ],
        [
          0.0,
          0.0,
          0.0,
          1.0
        ]
      ]
    },
    {
      "file_path": "/media/NFS/ttao/scannet/posed_images/scene0267_00/00087.jpg",
      "transform_matrix": [
        [
          -0.981124,
          -0.079075,
          0.176474,
          3.363477
        ],
        [
          -0.192689,
          0.322623,
          -0.926707,
          4.00155
        ],
        [
          0.016345,
          -0.943219,
          -0.331769,
          1.366948
        ],
        [
          0.0,
          0.0,
          0.0,
          1.0
        ]
      ]
    },
    {
      "file_path": "/media/NFS/ttao/scannet/posed_images/scene0267_00/00091.jpg",
      "transform_matrix": [
        [
          -0.991354,
          -0.052128,
          0.120416,
          3.37571
        ],
        [
          -0.130656,
          0.307506,
          -0.942534,
          3.955735
        ],
        [
          0.012103,
          -0.950117,
          -0.311658,
          1.361501
        ],
        [
          0.0,
          0.0,
          0.0,
          1.0
        ]
      ]
    },
    {
      "file_path": "/media/NFS/ttao/scannet/posed_images/scene0267_00/00092.jpg",
      "transform_matrix": [
        [
          -0.992991,
          -0.046888,
          0.108496,
          3.384083
        ],
        [
          -0.117682,
          0.306856,
          -0.944453,
          3.943537
        ],
        [
          0.01099,
          -0.9506,
          -0.310223,
          1.367295
        ],
        [
          0.0,
          0.0,
          0.0,
          1.0
        ]
      ]
    },
    {
      "file_path": "/media/NFS/ttao/scannet/posed_images/scene0267_00/00095.jpg",
      "transform_matrix": [
        [
          -0.9964,
          -0.033453,
          0.077895,
          3.396891
        ],
        [
          -0.08432,
          0.295972,
          -0.951468,
          3.905926
        ],
        [
          0.008775,
          -0.954611,
          -0.297727,
          1.376176
        ],
        [
          0.0,
          0.0,
          0.0,
          1.0
        ]
      ]
    },
    {
      "file_path": "/media/NFS/ttao/scannet/posed_images/scene0267_00/00098.jpg",
      "transform_matrix": [
        [
          -0.998717,
          -0.020244,
          0.046419,
          3.415305
        ],
        [
          -0.05024,
          0.280945,
          -0.958408,
          3.868216
        ],
        [
          0.00636,
          -0.95951,
          -0.281602,
          1.406107
        ],
        [
          0.0,
          0.0,
          0.0,
          1.0
        ]
      ]
    },
    {
      "file_path": "/media/NFS/ttao/scannet/posed_images/scene0267_00/00100.jpg",
      "transform_matrix": [
        [
          -0.999201,
          -0.016963,
          0.036185,
          3.410323
        ],
        [
          -0.039331,
          0.256914,
          -0.965634,
          3.852241
        ],
        [
          0.007083,
          -0.966285,
          -0.257376,
          1.391725
        ],
        [
          0.0,
          0.0,
          0.0,
          1.0
        ]
      ]
    },
    {
      "file_path": "/media/NFS/ttao/scannet/posed_images/scene0267_00/00101.jpg",
      "transform_matrix": [
        [
          -0.999657,
          -0.018583,
          0.018467,
          3.421963
        ],
        [
          -0.022633,
          0.257507,
          -0.966012,
          3.838174
        ],
        [
          0.013196,
          -0.966098,
          -0.257839,
          1.40081
        ],
        [
          0.0,
          0.0,
          0.0,
          1.0
        ]
      ]
    },
    {
      "file_path": "/media/NFS/ttao/scannet/posed_images/scene0267_00/00105.jpg",
      "transform_matrix": [
        [
          -0.997631,
          -0.011306,
          -0.067855,
          3.453814
        ],
        [
          0.06372,
          0.219782,
          -0.973466,
          3.808425
        ],
        [
          0.025919,
          -0.975484,
          -0.218541,
          1.417867
        ],
        [
          0.0,
          0.0,
          0.0,
          1.0
        ]
      ]
    },
    {
      "file_path": "/media/NFS/ttao/scannet/posed_images/scene0267_00/00107.jpg",
      "transform_matrix": [
        [
          -0.992653,
          -0.009253,
          -0.120638,
          3.476242
        ],
        [
          0.116525,
          0.195316,
          -0.973794,
          3.789887
        ],
        [
          0.032573,
          -0.980697,
          -0.192803,
          1.431983
        ],
        [
          0.0,
          0.0,
          0.0,
          1.0
        ]
      ]
    },
    {
      "file_path": "/media/NFS/ttao/scannet/posed_images/scene0267_00/00108.jpg",
      "transform_matrix": [
        [
          -0.989022,
          -0.007155,
          -0.147593,
          3.491698
        ],
        [
          0.14383,
          0.182409,
          -0.972646,
          3.782704
        ],
        [
          0.033881,
          -0.983197,
          -0.179378,
          1.429039
        ],
        [
          0.0,
          0.0,
          0.0,
          1.0
        ]
      ]
    },
    {
      "file_path": "/media/NFS/ttao/scannet/posed_images/scene0267_00/00111.jpg",
      "transform_matrix": [
        [
          -0.979174,
          0.010767,
          -0.202739,
          3.516571
        ],
        [
          0.202128,
          0.145447,
          -0.968499,
          3.769295
        ],
        [
          0.01906,
          -0.989308,
          -0.144594,
          1.437826
        ],
        [
          0.0,
          0.0,
          0.0,
          1.0
        ]
      ]
    },
    {
      "file_path": "/media/NFS/ttao/scannet/posed_images/scene0267_00/00114.jpg",
      "transform_matrix": [
        [
          -0.9659,
          0.030964,
          -0.257056,
          3.555306
        ],
        [
          0.258913,
          0.112557,
          -0.95932,
          3.751502
        ],
        [
          -0.00077,
          -0.993163,
          -0.116735,
          1.445194
        ],
        [
          0.0,
          0.0,
          0.0,
          1.0
        ]
      ]
    },
    {
      "file_path": "/media/NFS/ttao/scannet/posed_images/scene0267_00/00115.jpg",
      "transform_matrix": [
        [
          -0.961005,
          0.037655,
          -0.273956,
          3.566132
        ],
        [
          0.276444,
          0.105991,
          -0.955167,
          3.746226
        ],
        [
          -0.00693,
          -0.993654,
          -0.112267,
          1.451275
        ],
        [
          0.0,
          0.0,
          0.0,
          1.0
        ]
      ]
    },
    {
      "file_path": "/media/NFS/ttao/scannet/posed_images/scene0267_00/00118.jpg",
      "transform_matrix": [
        [
          -0.943593,
          0.052813,
          -0.326867,
          3.608406
        ],
        [
          0.3301,
          0.073149,
          -0.941107,
          3.729628
        ],
        [
          -0.025793,
          -0.995922,
          -0.086457,
          1.454637
        ],
        [
          0.0,
          0.0,
          0.0,
          1.0
        ]
      ]
    },
    {
      "file_path": "/media/NFS/ttao/scannet/posed_images/scene0267_00/00121.jpg",
      "transform_matrix": [
        [
          -0.925189,
          0.045556,
          -0.376763,
          3.638285
        ],
        [
          0.379029,
          0.061085,
          -0.923367,
          3.708153
        ],
        [
          -0.01905,
          -0.997092,
          -0.073782,
          1.450209
        ],
        [
          0.0,
          0.0,
          0.0,
          1.0
        ]
      ]
    },
    {
      "file_path": "/media/NFS/ttao/scannet/posed_images/scene0267_00/00123.jpg",
      "transform_matrix": [
        [
          -0.91279,
          0.042524,
          -0.40621,
          3.652489
        ],
        [
          0.408195,
          0.061231,
          -0.910839,
          3.69371
        ],
        [
          -0.01386,
          -0.997217,
          -0.07325,
          1.45572
        ],
        [
          0.0,
          0.0,
          0.0,
          1.0
        ]
      ]
    },
    {
      "file_path": "/media/NFS/ttao/scannet/posed_images/scene0267_00/00124.jpg",
      "transform_matrix": [
        [
          -0.907578,
          0.039786,
          -0.417994,
          3.659368
        ],
        [
          0.419763,
          0.062171,
          -0.905502,
          3.685384
        ],
        [
          -0.010039,
          -0.997272,
          -0.073125,
          1.459362
        ],
        [
          0.0,
          0.0,
          0.0,
          1.0
        ]
      ]
    },
    {
      "file_path": "/media/NFS/ttao/scannet/posed_images/scene0267_00/00128.jpg",
      "transform_matrix": [
        [
          -0.892913,
          0.024311,
          -0.449573,
          3.681382
        ],
        [
          0.450228,
          0.045161,
          -0.891771,
          3.653282
        ],
        [
          -0.001377,
          -0.998684,
          -0.05127,
          1.472041
        ],
        [
          0.0,
          0.0,
          0.0,
          1.0
        ]
      ]
    },
    {
      "file_path": "/media/NFS/ttao/scannet/posed_images/scene0267_00/00130.jpg",
      "transform_matrix": [
        [
          -0.886853,
          0.016529,
          -0.461757,
          3.696497
        ],
        [
          0.462052,
          0.032091,
          -0.886272,
          3.631903
        ],
        [
          0.00017,
          -0.999348,
          -0.036097,
          1.476785
        ],
        [
          0.0,
          0.0,
          0.0,
          1.0
        ]
      ]
    },
    {
      "file_path": "/media/NFS/ttao/scannet/posed_images/scene0267_00/00131.jpg",
      "transform_matrix": [
        [
          -0.88701,
          0.017626,
          -0.461413,
          3.69683
        ],
        [
          0.461722,
          0.023,
          -0.886726,
          3.624531
        ],
        [
          -0.005017,
          -0.99958,
          -0.028539,
          1.481602
        ],
        [
          0.0,
          0.0,
          0.0,
          1.0
        ]
      ]
    },
    {
      "file_path": "/media/NFS/ttao/scannet/posed_images/scene0267_00/00135.jpg",
      "transform_matrix": [
        [
          -0.893245,
          0.011038,
          -0.449435,
          3.692511
        ],
        [
          0.449424,
          -0.003611,
          -0.893311,
          3.594741
        ],
        [
          -0.011483,
          -0.999933,
          -0.001736,
          1.503451
        ],
        [
          0.0,
          0.0,
          0.0,
          1.0
        ]
      ]
    },
    {
      "file_path": "/media/NFS/ttao/scannet/posed_images/scene0267_00/00137.jpg",
      "transform_matrix": [
        [
          -0.891852,
          0.010244,
          -0.452211,
          3.688913
        ],
        [
          0.452142,
          -0.008382,
          -0.891906,
          3.578576
        ],
        [
          -0.012927,
          -0.999913,
          0.002844,
          1.508224
        ],
        [
          0.0,
          0.0,
          0.0,
          1.0
        ]
      ]
    },
    {
      "file_path": "/media/NFS/ttao/scannet/posed_images/scene0267_00/00138.jpg",
      "transform_matrix": [
        [
          -0.89114,
          0.01347,
          -0.453528,
          3.686177
        ],
        [
          0.453433,
          -0.009594,
          -0.891239,
          3.571567
        ],
        [
          -0.016356,
          -0.999863,
          0.002442,
          1.513385
        ],
        [
          0.0,
          0.0,
          0.0,
          1.0
        ]
      ]
    },
    {
      "file_path": "/media/NFS/ttao/scannet/posed_images/scene0267_00/00141.jpg",
      "transform_matrix": [
        [
          -0.88551,
          0.01823,
          -0.464263,
          3.679231
        ],
        [
          0.463941,
          -0.019344,
          -0.885655,
          3.550998
        ],
        [
          -0.025126,
          -0.999647,
          0.008672,
          1.511353
        ],
        [
          0.0,
          0.0,
          0.0,
          1.0
        ]
      ]
    },
    {
      "file_path": "/media/NFS/ttao/scannet/posed_images/scene0267_00/00144.jpg",
      "transform_matrix": [
        [
          -0.878944,
          0.024162,
          -0.476313,
          3.675816
        ],
        [
          0.476539,
          0.004286,
          -0.879143,
          3.529107
        ],
        [
          -0.0192,
          -0.999699,
          -0.015281,
          1.49913
        ],
        [
          0.0,
          0.0,
          0.0,
          1.0
        ]
      ]
    },
    {
      "file_path": "/media/NFS/ttao/scannet/posed_images/scene0267_00/00147.jpg",
      "transform_matrix": [
        [
          -0.875494,
          0.035852,
          -0.481897,
          3.67396
        ],
        [
          0.483008,
          0.034747,
          -0.874927,
          3.510569
        ],
        [
          -0.014623,
          -0.998753,
          -0.047737,
          1.49071
        ],
        [
          0.0,
          0.0,
          0.0,
          1.0
        ]
      ]
    },
    {
      "file_path": "/media/NFS/ttao/scannet/posed_images/scene0267_00/00148.jpg",
      "transform_matrix": [
        [
          -0.87431,
          0.039233,
          -0.483779,
          3.676422
        ],
        [
          0.485127,
          0.039278,
          -0.873561,
          3.505359
        ],
        [
          -0.015271,
          -0.998458,
          -0.053374,
          1.486695
        ],
        [
          0.0,
          0.0,
          0.0,
          1.0
        ]
      ]
    },
    {
      "file_path": "/media/NFS/ttao/scannet/posed_images/scene0267_00/00150.jpg",
      "transform_matrix": [
        [
          -0.875089,
          0.053177,
          -0.481031,
          3.669656
        ],
        [
          0.483555,
          0.055364,
          -0.873561,
          3.49909
        ],
        [
          -0.019822,
          -0.997049,
          -0.074162,
          1.480509
        ],
        [
          0.0,
          0.0,
          0.0,
          1.0
        ]
      ]
    },
    {
      "file_path": "/media/NFS/ttao/scannet/posed_images/scene0267_00/00152.jpg",
      "transform_matrix": [
        [
          -0.875792,
          0.067229,
          -0.477984,
          3.671541
        ],
        [
          0.482024,
          0.069858,
          -0.873369,
          3.492756
        ],
        [
          -0.025325,
          -0.995289,
          -0.093587,
          1.464455
        ],
        [
          0.0,
          0.0,
          0.0,
          1.0
        ]
      ]
    },
    {
      "file_path": "/media/NFS/ttao/scannet/posed_images/scene0267_00/00156.jpg",
      "transform_matrix": [
        [
          -0.871366,
          0.091074,
          -0.482107,
          3.689323
        ],
        [
          0.489949,
          0.10961,
          -0.864833,
          3.472025
        ],
        [
          -0.02592,
          -0.989794,
          -0.140132,
          1.43341
        ],
        [
          0.0,
          0.0,
          0.0,
          1.0
        ]
      ]
    },
    {
      "file_path": "/media/NFS/ttao/scannet/posed_images/scene0267_00/00157.jpg",
      "transform_matrix": [
        [
          -0.869889,
          0.09393,
          -0.484222,
          3.693745
        ],
        [
          0.492532,
          0.112558,
          -0.862985,
          3.468945
        ],
        [
          -0.026557,
          -0.989196,
          -0.144176,
          1.424732
        ],
        [
          0.0,
          0.0,
          0.0,
          1.0
        ]
      ]
    },
    {
      "file_path": "/media/NFS/ttao/scannet/posed_images/scene0267_00/00159.jpg",
      "transform_matrix": [
        [
          -0.865218,
          0.102497,
          -0.490808,
          3.704951
        ],
        [
          0.500515,
          0.118555,
          -0.857572,
          3.460502
        ],
        [
          -0.029711,
          -0.987643,
          -0.153877,
          1.407931
        ],
        [
          0.0,
          0.0,
          0.0,
          1.0
        ]
      ]
    },
    {
      "file_path": "/media/NFS/ttao/scannet/posed_images/scene0267_00/00162.jpg",
      "transform_matrix": [
        [
          -0.858781,
          0.127428,
          -0.496244,
          3.710669
        ],
        [
          0.511153,
          0.147103,
          -0.846808,
          3.448346
        ],
        [
          -0.034908,
          -0.980879,
          -0.191464,
          1.396171
        ],
        [
          0.0,
          0.0,
          0.0,
          1.0
        ]
      ]
    },
    {
      "file_path": "/media/NFS/ttao/scannet/posed_images/scene0267_00/00165.jpg",
      "transform_matrix": [
        [
          -0.849697,
          0.145528,
          -0.50679,
          3.740872
        ],
        [
          0.526509,
          0.18253,
          -0.830344,
          3.428336
        ],
        [
          -0.028334,
          -0.972371,
          -0.231717,
          1.371406
        ],
        [
          0.0,
          0.0,
          0.0,
          1.0
        ]
      ]
    },
    {
      "file_path": "/media/NFS/ttao/scannet/posed_images/scene0267_00/00166.jpg",
      "transform_matrix": [
        [
          -0.848253,
          0.149001,
          -0.508199,
          3.743778
        ],
        [
          0.528936,
          0.190642,
          -0.826972,
          3.426426
        ],
        [
          -0.026336,
          -0.970286,
          -0.240524,
          1.364389
        ],
        [
          0.0,
          0.0,
          0.0,
          1.0
        ]
      ]
    },
    {
      "file_path": "/media/NFS/ttao/scannet/posed_images/scene0267_00/00168.jpg",
      "transform_matrix": [
        [
          -0.840803,
          0.158936,
          -0.517485,
          3.763446
        ],
        [
          0.540839,
          0.205441,
          -0.815651,
          3.413923
        ],
        [
          -0.023324,
          -0.965678,
          -0.258694,
          1.355131
        ],
        [
          0.0,
          0.0,
          0.0,
          1.0
        ]
      ]
    },
    {
      "file_path": "/media/NFS/ttao/scannet/posed_images/scene0267_00/00172.jpg",
      "transform_matrix": [
        [
          -0.818706,
          0.183199,
          -0.544204,
          3.768454
        ],
        [
          0.573868,
          0.22824,
          -0.786499,
          3.403341
        ],
        [
          -0.019877,
          -0.956214,
          -0.291994,
          1.34367
        ],
        [
          0.0,
          0.0,
          0.0,
          1.0
        ]
      ]
    },
    {
      "file_path": "/media/NFS/ttao/scannet/posed_images/scene0267_00/00173.jpg",
      "transform_matrix": [
        [
          -0.808253,
          0.192994,
          -0.556309,
          3.774895
        ],
        [
          0.588383,
          0.227677,
          -0.775867,
          3.397964
        ],
        [
          -0.023079,
          -0.95442,
          -0.297575,
          1.344506
        ],
        [
          0.0,
          0.0,
          0.0,
          1.0
        ]
      ]
    },
    {
      "file_path": "/media/NFS/ttao/scannet/posed_images/scene0267_00/00175.jpg",
      "transform_matrix": [
        [
          -0.786782,
          0.212142,
          -0.57963,
          3.786858
        ],
        [
          0.616415,
          0.221771,
          -0.755546,
          3.393361
        ],
        [
          -0.031738,
          -0.951743,
          -0.305252,
          1.33608
        ],
        [
          0.0,
          0.0,
          0.0,
          1.0
        ]
      ]
    },
    {
      "file_path": "/media/NFS/ttao/scannet/posed_images/scene0267_00/00179.jpg",
      "transform_matrix": [
        [
          -0.728823,
          0.258903,
          -0.633866,
          3.811523
        ],
        [
          0.683529,
          0.22095,
          -0.695679,
          3.381002
        ],
        [
          -0.040061,
