{
  "frames": [
    {
      "file_path": "/media/NFS/ttao/scannet/posed_images/scene0351_01/00001.jpg",
      "transform_matrix": [
        [
          -0.962219,
          -0.021244,
          -0.271448,
          1.373212
        ],
        [
          0.246816,
          0.352895,
          -0.902523,
          2.954441
        ],
        [
          0.114966,
          -0.935422,
          -0.334318,
          1.660902
        ],
        [
          0.0,
          0.0,
          0.0,
          1.0
        ]
      ]
    },
    {
      "file_path": "/media/NFS/ttao/scannet/posed_images/scene0351_01/00003.jpg",
      "transform_matrix": [
        [
          -0.962935,
          -0.016208,
          -0.269248,
          1.354513
        ],
        [
          0.245971,
          0.356917,
          -0.901171,
          2.934493
        ],
        [
          0.110705,
          -0.933996,
          -0.339701,
          1.659659
        ],
        [
          0.0,
          0.0,
          0.0,
          1.0
        ]
      ]
    },
    {
      "file_path": "/media/NFS/ttao/scannet/posed_images/scene0351_01/00005.jpg",
      "transform_matrix": [
        [
          -0.96593,
          -0.012141,
          -0.258518,
          1.342266
        ],
        [
          0.237195,
          0.358043,
          -0.903075,
          2.921341
        ],
        [
          0.103524,
          -0.933626,
          -0.342965,
          1.659491
        ],
        [
          0.0,
          0.0,
          0.0,
          1.0
        ]
      ]
    },
    {
      "file_path": "/media/NFS/ttao/scannet/posed_images/scene0351_01/00010.jpg",
      "transform_matrix": [
        [
          -0.976233,
          -0.013402,
          -0.216307,
          1.311882
        ],
        [
          0.197026,
          0.36085,
          -0.911574,
          2.890033
        ],
        [
          0.090271,
          -0.932528,
          -0.349633,
          1.664795
        ],
        [
          0.0,
          0.0,
          0.0,
          1.0
        ]
      ]
    },
    {
      "file_path": "/media/NFS/ttao/scannet/posed_images/scene0351_01/00011.jpg",
      "transform_matrix": [
        [
          -0.978236,
          -0.017272,
          -0.206774,
          1.306086
        ],
        [
          0.187041,
          0.358024,
          -0.914787,
          2.885538
        ],
        [
          0.08983,
          -0.933553,
          -0.347001,
          1.668983
        ],
        [
          0.0,
          0.0,
          0.0,
          1.0
        ]
      ]
    },
    {
      "file_path": "/media/NFS/ttao/scannet/posed_images/scene0351_01/00016.jpg",
      "transform_matrix": [
        [
          -0.986922,
          -0.059326,
          -0.149882,
          1.259396
        ],
        [
          0.119022,
          0.358873,
          -0.925767,
          2.86105
        ],
        [
          0.10871,
          -0.931499,
          -0.347119,
          1.675691
        ],
        [
          0.0,
          0.0,
          0.0,
          1.0
        ]
      ]
    },
    {
      "file_path": "/media/NFS/ttao/scannet/posed_images/scene0351_01/00018.jpg",
      "transform_matrix": [
        [
          -0.987503,
          -0.075179,
          -0.138512,
          1.243062
        ],
        [
          0.102944,
          0.357781,
          -0.928114,
          2.855019
        ],
        [
          0.119332,
          -0.930775,
          -0.34557,
          1.675678
        ],
        [
          0.0,
          0.0,
          0.0,
          1.0
        ]
      ]
    },
    {
      "file_path": "/media/NFS/ttao/scannet/posed_images/scene0351_01/00020.jpg",
      "transform_matrix": [
        [
          -0.987873,
          -0.086106,
          -0.129203,
          1.22523
        ],
        [
          0.090748,
          0.355017,
          -0.930445,
          2.849552
        ],
        [
          0.125987,
          -0.930886,
          -0.342898,
          1.670136
        ],
        [
          0.0,
          0.0,
          0.0,
          1.0
        ]
      ]
    },
    {
      "file_path": "/media/NFS/ttao/scannet/posed_images/scene0351_01/00022.jpg",
      "transform_matrix": [
        [
          -0.988103,
          -0.095491,
          -0.120557,
          1.210883
        ],
        [
          0.080659,
          0.345663,
          -0.934886,
          2.842386
        ],
        [
          0.130945,
          -0.933487,
          -0.333848,
          1.681774
        ],
        [
          0.0,
          0.0,
          0.0,
          1.0
        ]
      ]
    },
    {
      "file_path": "/media/NFS/ttao/scannet/posed_images/scene0351_01/00025.jpg",
      "transform_matrix": [
        [
          -0.986254,
          -0.114546,
          -0.119089,
          1.189206
        ],
        [
          0.076823,
          0.320221,
          -0.944223,
          2.838524
        ],
        [
          0.146292,
          -0.940392,
          -0.307019,
          1.69338
        ],
        [
          0.0,
          0.0,
          0.0,
          1.0
        ]
      ]
    },
    {
      "file_path": "/media/NFS/ttao/scannet/posed_images/scene0351_01/00028.jpg",
      "transform_matrix": [
        [
          -0.984308,
          -0.130102,
          -0.119209,
          1.169758
        ],
        [
          0.078268,
          0.283577,
          -0.95575,
          2.836596
        ],
        [
          0.15815,
          -0.950083,
          -0.268945,
          1.705448
        ],
        [
          0.0,
          0.0,
          0.0,
          1.0
        ]
      ]
    },
    {
      "file_path": "/media/NFS/ttao/scannet/posed_images/scene0351_01/00033.jpg",
      "transform_matrix": [
        [
          -0.983928,
          -0.135552,
          -0.116238,
          1.144882
        ],
        [
          0.086174,
          0.209678,
          -0.973965,
          2.830499
        ],
        [
          0.156396,
          -0.968329,
          -0.194627,
          1.747022
        ],
        [
          0.0,
          0.0,
          0.0,
          1.0
        ]
      ]
    },
    {
      "file_path": "/media/NFS/ttao/scannet/posed_images/scene0351_01/00036.jpg",
      "transform_matrix": [
        [
          -0.984702,
          -0.135664,
          -0.109345,
          1.137147
        ],
        [
          0.085314,
          0.171789,
          -0.981433,
          2.832754
        ],
        [
          0.15193,
          -0.975748,
          -0.157587,
          1.762361
        ],
        [
          0.0,
          0.0,
          0.0,
          1.0
        ]
      ]
    },
    {
      "file_path": "/media/NFS/ttao/scannet/posed_images/scene0351_01/00037.jpg",
      "transform_matrix": [
        [
          -0.98513,
          -0.133645,
          -0.107969,
          1.135789
        ],
        [
          0.085944,
          0.160821,
          -0.983234,
          2.832783
        ],
        [
          0.148768,
          -0.977893,
          -0.146944,
          1.768545
        ],
        [
          0.0,
          0.0,
          0.0,
          1.0
        ]
      ]
    },
    {
      "file_path": "/media/NFS/ttao/scannet/posed_images/scene0351_01/00039.jpg",
      "transform_matrix": [
        [
          -0.986232,
          -0.129547,
          -0.102778,
          1.133635
        ],
        [
          0.084762,
          0.137641,
          -0.986848,
          2.83275
        ],
        [
          0.14199,
          -0.981974,
          -0.124766,
          1.778042
        ],
        [
          0.0,
          0.0,
          0.0,
          1.0
        ]
      ]
    },
    {
      "file_path": "/media/NFS/ttao/scannet/posed_images/scene0351_01/00043.jpg",
      "transform_matrix": [
        [
          -0.987814,
          -0.125267,
          -0.092367,
          1.130628
        ],
        [
          0.080757,
          0.094805,
          -0.992215,
          2.834857
        ],
        [
          0.133049,
          -0.987583,
          -0.083533,
          1.793317
        ],
        [
          0.0,
          0.0,
          0.0,
          1.0
        ]
      ]
    },
    {
      "file_path": "/media/NFS/ttao/scannet/posed_images/scene0351_01/00047.jpg",
      "transform_matrix": [
        [
          -0.989379,
          -0.121786,
          -0.079359,
          1.128528
        ],
        [
          0.072352,
          0.060925,
          -0.995517,
          2.836838
        ],
        [
          0.126075,
          -0.990685,
          -0.051466,
          1.803887
        ],
        [
          0.0,
          0.0,
          0.0,
          1.0
        ]
      ]
    },
    {
      "file_path": "/media/NFS/ttao/scannet/posed_images/scene0351_01/00049.jpg",
      "transform_matrix": [
        [
          -0.991365,
          -0.110909,
          -0.069969,
          1.128968
        ],
        [
          0.067334,
          0.027339,
          -0.997356,
          2.83965
        ],
        [
          0.112529,
          -0.993454,
          -0.019635,
          1.815531
        ],
        [
          0.0,
          0.0,
          0.0,
          1.0
        ]
      ]
    },
    {
      "file_path": "/media/NFS/ttao/scannet/posed_images/scene0351_01/00053.jpg",
      "transform_matrix": [
        [
          -0.994636,
          -0.092376,
          -0.046533,
          1.129822
        ],
        [
          0.04861,
          -0.020365,
          -0.99861,
          2.842208
        ],
        [
          0.0913,
          -0.995516,
          0.024746,
          1.817056
        ],
        [
          0.0,
          0.0,
          0.0,
          1.0
        ]
      ]
    },
    {
      "file_path": "/media/NFS/ttao/scannet/posed_images/scene0351_01/00054.jpg",
      "transform_matrix": [
        [
          -0.994764,
          -0.091924,
          -0.044655,
          1.130304
        ],
        [
          0.047248,
          -0.026233,
          -0.998539,
          2.844576
        ],
        [
          0.090619,
          -0.99542,
          0.030439,
          1.819602
        ],
        [
          0.0,
          0.0,
          0.0,
          1.0
        ]
      ]
    },
    {
      "file_path": "/media/NFS/ttao/scannet/posed_images/scene0351_01/00058.jpg",
      "transform_matrix": [
        [
          -0.995352,
          -0.091296,
          -0.030658,
          1.134012
        ],
        [
          0.035092,
          -0.047362,
          -0.998261,
          2.848953
        ],
        [
          0.089686,
          -0.994697,
          0.050346,
          1.82448
        ],
        [
          0.0,
          0.0,
          0.0,
          1.0
        ]
      ]
    },
    {
      "file_path": "/media/NFS/ttao/scannet/posed_images/scene0351_01/00060.jpg",
      "transform_matrix": [
        [
          -0.995671,
          -0.090477,
          -0.021307,
          1.139643
        ],
        [
          0.026673,
          -0.058525,
          -0.99793,
          2.846863
        ],
        [
          0.089042,
          -0.994178,
          0.060685,
          1.821494
        ],
        [
          0.0,
          0.0,
          0.0,
          1.0
        ]
      ]
    },
    {
      "file_path": "/media/NFS/ttao/scannet/posed_images/scene0351_01/00063.jpg",
      "transform_matrix": [
        [
          -0.996006,
          -0.089252,
          -0.002498,
          1.146481
        ],
        [
          0.008303,
          -0.064726,
          -0.997868,
          2.849077
        ],
        [
          0.0889,
          -0.993904,
          0.065208,
          1.843015
        ],
        [
          0.0,
          0.0,
          0.0,
          1.0
        ]
      ]
    },
    {
      "file_path": "/media/NFS/ttao/scannet/posed_images/scene0351_01/00067.jpg",
      "transform_matrix": [
        [
          -0.996169,
          -0.079331,
          0.036796,
          1.156949
        ],
        [
          -0.029692,
          -0.088944,
          -0.995594,
          2.853695
        ],
        [
          0.082254,
          -0.992872,
          0.086248,
          1.845245
        ],
        [
          0.0,
          0.0,
          0.0,
          1.0
        ]
      ]
    },
    {
      "file_path": "/media/NFS/ttao/scannet/posed_images/scene0351_01/00070.jpg",
      "transform_matrix": [
        [
          -0.993485,
          -0.086792,
          0.073859,
          1.168158
        ],
        [
          -0.06603,
          -0.089854,
          -0.993764,
          2.8523
        ],
        [
          0.092887,
          -0.992166,
          0.083538,
          1.840596
        ],
        [
          0.0,
          0.0,
          0.0,
          1.0
        ]
      ]
    },
    {
      "file_path": "/media/NFS/ttao/scannet/posed_images/scene0351_01/00071.jpg",
      "transform_matrix": [
        [
          -0.992496,
          -0.094286,
          0.077865,
          1.170292
        ],
        [
          -0.069274,
          -0.091204,
          -0.99342,
          2.851544
        ],
        [
          0.100767,
          -0.991359,
          0.083988,
          1.831993
        ],
        [
          0.0,
          0.0,
          0.0,
          1.0
        ]
      ]
    },
    {
      "file_path": "/media/NFS/ttao/scannet/posed_images/scene0351_01/00075.jpg",
      "transform_matrix": [
        [
          -0.989284,
          -0.093425,
          0.112203,
          1.183702
        ],
        [
          -0.103175,
          -0.096431,
          -0.989978,
          2.859493
        ],
        [
          0.103309,
          -0.990945,
          0.085759,
          1.835154
        ],
        [
          0.0,
          0.0,
          0.0,
          1.0
        ]
      ]
    },
    {
      "file_path": "/media/NFS/ttao/scannet/posed_images/scene0351_01/00076.jpg",
      "transform_matrix": [
        [
          -0.988089,
          -0.090679,
          0.124331,
          1.187709
        ],
        [
          -0.115688,
          -0.095049,
          -0.988727,
          2.860594
        ],
        [
          0.101475,
          -0.991334,
          0.083426,
          1.836984
        ],
        [
          0.0,
          0.0,
          0.0,
          1.0
        ]
      ]
    },
    {
      "file_path": "/media/NFS/ttao/scannet/posed_images/scene0351_01/00080.jpg",
      "transform_matrix": [
        [
          -0.981647,
          -0.075889,
          0.174959,
          1.212556
        ],
        [
          -0.168896,
          -0.08011,
          -0.982373,
          2.854404
        ],
        [
          0.088568,
          -0.993893,
          0.065822,
          1.838354
        ],
        [
          0.0,
          0.0,
          0.0,
          1.0
        ]
      ]
    },
    {
      "file_path": "/media/NFS/ttao/scannet/posed_images/scene0351_01/00084.jpg",
      "transform_matrix": [
        [
          -0.972513,
          -0.07273,
          0.221201,
          1.233684
        ],
        [
          -0.21596,
          -0.073483,
          -0.973633,
          2.850029
        ],
        [
          0.087067,
          -0.994641,
          0.055757,
          1.820754
        ],
        [
          0.0,
          0.0,
          0.0,
          1.0
        ]
      ]
    },
    {
      "file_path": "/media/NFS/ttao/scannet/posed_images/scene0351_01/00086.jpg",
      "transform_matrix": [
        [
          -0.966557,
          -0.071728,
          0.246218,
          1.245307
        ],
        [
          -0.241624,
          -0.067033,
          -0.968052,
          2.850448
        ],
        [
          0.085941,
          -0.995169,
          0.04746,
          1.806383
        ],
        [
          0.0,
          0.0,
          0.0,
          1.0
        ]
      ]
    },
    {
      "file_path": "/media/NFS/ttao/scannet/posed_images/scene0351_01/00089.jpg",
      "transform_matrix": [
        [
          -0.955413,
          -0.074783,
          0.285645,
          1.262495
        ],
        [
          -0.28283,
          -0.046089,
          -0.958062,
          2.849967
        ],
        [
          0.084811,
          -0.996134,
          0.022883,
          1.799424
        ],
        [
          0.0,
          0.0,
          0.0,
          1.0
        ]
      ]
    },
    {
      "file_path": "/media/NFS/ttao/scannet/posed_images/scene0351_01/00092.jpg",
      "transform_matrix": [
        [
          -0.941122,
          -0.067083,
          0.331345,
          1.273041
        ],
        [
          -0.329742,
          -0.034037,
          -0.943457,
          2.837606
        ],
        [
          0.074568,
          -0.997167,
          0.009913,
          1.766512
        ],
        [
          0.0,
          0.0,
          0.0,
          1.0
        ]
      ]
    },
    {
      "file_path": "/media/NFS/ttao/scannet/posed_images/scene0351_01/00094.jpg",
      "transform_matrix": [
        [
          -0.932647,
          -0.07024,
          0.353886,
          1.289396
        ],
        [
          -0.353392,
          -0.019746,
          -0.935267,
          2.838501
        ],
        [
          0.072681,
          -0.997335,
          -0.006406,
          1.755537
        ],
        [
          0.0,
          0.0,
          0.0,
          1.0
        ]
      ]
    },
    {
      "file_path": "/media/NFS/ttao/scannet/posed_images/scene0351_01/00097.jpg",
      "transform_matrix": [
        [
          -0.916164,
          -0.084752,
          0.391741,
          1.307178
        ],
        [
          -0.39398,
          0.010851,
          -0.919055,
          2.830223
        ],
        [
          0.073642,
          -0.996343,
          -0.043332,
          1.748432
        ],
        [
          0.0,
          0.0,
          0.0,
          1.0
        ]
      ]
    },
    {
      "file_path": "/media/NFS/ttao/scannet/posed_images/scene0351_01/00099.jpg",
      "transform_matrix": [
        [
          -0.906871,
          -0.097864,
          0.409886,
          1.303669
        ],
        [
          -0.414091,
          0.026494,
          -0.909849,
          2.827701
        ],
        [
          0.078182,
          -0.994847,
          -0.064551,
          1.750952
        ],
        [
          0.0,
          0.0,
          0.0,
          1.0
        ]
      ]
    },
    {
      "file_path": "/media/NFS/ttao/scannet/posed_images/scene0351_01/00104.jpg",
      "transform_matrix": [
        [
          -0.879955,
          -0.140275,
          0.453874,
          1.297598
        ],
        [
          -0.467078,
          0.081095,
          -0.880489,
          2.799369
        ],
        [
          0.086703,
          -0.986786,
          -0.136879,
          1.735951
        ],
        [
          0.0,
          0.0,
          0.0,
          1.0
        ]
      ]
    },
    {
      "file_path": "/media/NFS/ttao/scannet/posed_images/scene0351_01/00107.jpg",
      "transform_matrix": [
        [
          -0.872324,
          -0.161156,
          0.461604,
          1.302875
        ],
        [
          -0.479796,
          0.100545,
          -0.8716,
          2.796539
        ],
        [
          0.094052,
          -0.981794,
          -0.16503,
          1.720369
        ],
        [
          0.0,
          0.0,
          0.0,
          1.0
        ]
      ]
    },
    {
      "file_path": "/media/NFS/ttao/scannet/posed_images/scene0351_01/00109.jpg",
      "transform_matrix": [
        [
          -0.868863,
          -0.17016,
          0.46489,
          1.306199
        ],
        [
          -0.48564,
          0.110711,
          -0.86712,
          2.797086
        ],
        [
          0.096081,
          -0.979178,
          -0.178829,
          1.705425
        ],
        [
          0.0,
          0.0,
          0.0,
          1.0
        ]
      ]
    },
    {
      "file_path": "/media/NFS/ttao/scannet/posed_images/scene0351_01/00111.jpg",
      "transform_matrix": [
        [
          -0.868534,
          -0.172447,
          0.464662,
          1.318888
        ],
        [
          -0.486969,
          0.12242,
          -0.864797,
          2.805855
        ],
        [
          0.092248,
          -0.977382,
          -0.190303,
          1.679726
        ],
        [
          0.0,
          0.0,
          0.0,
          1.0
        ]
      ]
    },
    {
      "file_path": "/media/NFS/ttao/scannet/posed_images/scene0351_01/00115.jpg",
      "transform_matrix": [
        [
          -0.857009,
          -0.190975,
          0.478607,
          1.31412
        ],
        [
          -0.50722,
          0.148774,
          -0.848878,
          2.796941
        ],
        [
          0.09091,
          -0.970255,
          -0.224367,
          1.662428
        ],
        [
          0.0,
          0.0,
          0.0,
          1.0
        ]
      ]
    },
    {
      "file_path": "/media/NFS/ttao/scannet/posed_images/scene0351_01/00116.jpg",
      "transform_matrix": [
        [
          -0.853216,
          -0.193401,
          0.484375,
          1.313114
        ],
        [
          -0.51398,
          0.154046,
          -0.843857,
          2.790504
        ],
        [
          0.088587,
          -0.968951,
          -0.230838,
          1.658357
        ],
        [
          0.0,
          0.0,
          0.0,
          1.0
        ]
      ]
    },
    {
      "file_path": "/media/NFS/ttao/scannet/posed_images/scene0351_01/00121.jpg",
      "transform_matrix": [
        [
          -0.847078,
          -0.205493,
          0.490134,
          1.329849
        ],
        [
          -0.52637,
          0.196951,
          -0.82713,
          2.783086
        ],
        [
          0.073437,
          -0.958636,
          -0.274998,
          1.637602
        ],
        [
          0.0,
          0.0,
          0.0,
          1.0
        ]
      ]
    },
    {
      "file_path": "/media/NFS/ttao/scannet/posed_images/scene0351_01/00122.jpg",
      "transform_matrix": [
        [
          -0.844308,
          -0.210885,
          0.492617,
          1.329797
        ],
        [
          -0.530588,
          0.200396,
          -0.8236,
          2.779407
        ],
        [
          0.074967,
          -0.956749,
          -0.281089,
          1.635661
        ],
        [
          0.0,
          0.0,
          0.0,
          1.0
        ]
      ]
    },
    {
      "file_path": "/media/NFS/ttao/scannet/posed_images/scene0351_01/00127.jpg",
      "transform_matrix": [
        [
          -0.833482,
          -0.225053,
          0.504637,
          1.310873
        ],
        [
          -0.548463,
          0.226145,
          -0.805013,
          2.740933
        ],
        [
          0.067049,
          -0.947739,
          -0.311921,
          1.610736
        ],
        [
          0.0,
          0.0,
          0.0,
          1.0
        ]
      ]
    },
    {
      "file_path": "/media/NFS/ttao/scannet/posed_images/scene0351_01/00130.jpg",
      "transform_matrix": [
        [
          -0.831816,
          -0.232479,
          0.504019,
          1.301203
        ],
        [
          -0.551178,
          0.238883,
          -0.799461,
          2.71511
        ],
        [
          0.065457,
          -0.942809,
          -0.326844,
          1.595076
        ],
        [
          0.0,
          0.0,
          0.0,
          1.0
        ]
      ]
    },
    {
      "file_path": "/media/NFS/ttao/scannet/posed_images/scene0351_01/00132.jpg",
      "transform_matrix": [
        [
          -0.828311,
          -0.240266,
          0.506135,
          1.293739
        ],
        [
          -0.556314,
          0.245565,
          -0.793859,
          2.695552
        ],
        [
          0.066448,
          -0.939133,
          -0.337068,
          1.58453
        ],
        [
          0.0,
          0.0,
          0.0,
          1.0
        ]
      ]
    },
    {
      "file_path": "/media/NFS/ttao/scannet/posed_images/scene0351_01/00134.jpg",
      "transform_matrix": [
        [
          -0.821169,
          -0.255091,
          0.5105,
          1.293292
        ],
        [
          -0.565998,
          0.249633,
          -0.785703,
          2.67559
        ],
        [
          0.072988,
          -0.934137,
          -0.349372,
          1.580454
        ],
        [
          0.0,
          0.0,
          0.0,
          1.0
        ]
      ]
    },
    {
      "file_path": "/media/NFS/ttao/scannet/posed_images/scene0351_01/00138.jpg",
      "transform_matrix": [
        [
          -0.785942,
          -0.282136,
          0.550177,
          1.287512
        ],
        [
          -0.611821,
          0.226399,
          -0.757904,
          2.624434
        ],
        [
          0.089273,
          -0.932278,
          -0.350553,
          1.567729
        ],
        [
          0.0,
          0.0,
          0.0,
          1.0
        ]
      ]
    },
    {
      "file_path": "/media/NFS/ttao/scannet/posed_images/scene0351_01/00140.jpg",
      "transform_matrix": [
        [
          -0.766407,
          -0.305753,
          0.564921,
          1.29446
        ],
        [
          -0.633367,
          0.213093,
          -0.743934,
          2.598949
        ],
        [
          0.107079,
          -0.927958,
          -0.356969,
          1.570123
        ],
        [
          0.0,
          0.0,
          0.0,
          1.0
        ]
      ]
    },
    {
      "file_path": "/media/NFS/ttao/scannet/posed_images/scene0351_01/00142.jpg",
      "transform_matrix": [
        [
          -0.753788,
          -0.32367,
          0.571876,
          1.295985
        ],
        [
          -0.644976,
          0.197899,
          -0.738134,
          2.584536
        ],
        [
          0.125739,
          -0.925243,
          -0.357933,
          1.569439
        ],
        [
          0.0,
          0.0,
          0.0,
          1.0
        ]
      ]
    },
    {
      "file_path": "/media/NFS/ttao/scannet/posed_images/scene0351_01/00145.jpg",
      "transform_matrix": [
        [
          -0.73037,
          -0.327663,
          0.59933,
          1.296645
        ],
        [
          -0.670266,
          0.174831,
          -0.721233,
          2.567716
        ],
        [
          0.13154,
          -0.928478,
          -0.347313,
          1.57356
        ],
        [
          0.0,
          0.0,
          0.0,
          1.0
        ]
      ]
    },
    {
      "file_path": "/media/NFS/ttao/scannet/posed_images/scene0351_01/00148.jpg",
      "transform_matrix": [
        [
          -0.691867,
          -0.319278,
          0.647597,
          1.29288
        ],
        [
          -0.712962,
          0.160442,
          -0.6826,
          2.55303
        ],
        [
          0.114038,
          -0.933981,
          -0.338637,
          1.57807
        ],
        [
          0.0,
          0.0,
          0.0,
          1.0
        ]
      ]
    },
    {
      "file_path": "/media/NFS/ttao/scannet/posed_images/scene0351_01/00152.jpg",
      "transform_matrix": [
        [
          -0.632152,
          -0.308389,
          0.710831,
          1.296876
        ],
        [
          -0.768702,
          0.134322,
          -0.625343,
          2.531962
        ],
        [
          0.097369,
          -0.941729,
          -0.321971,
          1.584639
        ],
        [
          0.0,
          0.0,
          0.0,
          1.0
        ]
      ]
    },
    {
      "file_path": "/media/NFS/ttao/scannet/posed_images/scene0351_01/00155.jpg",
      "transform_matrix": [
        [
          -0.572137,
          -0.299457,
          0.763534,
          1.281054
        ],
        [
          -0.815759,
          0.111495,
          -0.567543,
          2.519683
        ],
        [
          0.084824,
          -0.947573,
          -0.308075,
          1.58317
        ],
        [
          0.0,
          0.0,
          0.0,
          1.0
        ]
      ]
    },
    {
      "file_path": "/media/NFS/ttao/scannet/posed_images/scene0351_01/00158.jpg",
      "transform_matrix": [
        [
          -0.489864,
          -0.300249,
          0.818464,
          1.253778
        ],
        [
          -0.866973,
          0.069135,
          -0.493536,
          2.515
        ],
        [
          0.091599,
          -0.951352,
          -0.294174,
          1.58139
        ],
        [
          0.0,
          0.0,
          0.0,
          1.0
        ]
      ]
    },
    {
      "file_path": "/media/NFS/ttao/scannet/posed_images/scene0351_01/00161.jpg",
      "transform_matrix": [
        [
          -0.437888,
          -0.311444,
          0.843361,
          1.234769
        ],
        [
          -0.895786,
          0.071537,
          -0.43869,
          2.500448
        ],
        [
          0.076296,
          -0.947568,
          -0.310312,
          1.596701
        ],
        [
          0.0,
          0.0,
          0.0,
          1.0
        ]
      ]
    },
    {
      "file_path": "/media/NFS/ttao/scannet/posed_images/scene0351_01/00163.jpg",
      "transform_matrix": [
        [
          -0.398043,
          -0.310166,
          0.863342,
          1.215248
        ],
        [
          -0.914308,
          0.05734,
          -0.400941,
          2.493788
        ],
        [
          0.074854,
          -0.948952,
          -0.306411,
          1.596395
        ],
        [
          0.0,
          0.0,
          0.0,
          1.0
        ]
      ]
    },
    {
      "file_path": "/media/NFS/ttao/scannet/posed_images/scene0351_01/00165.jpg",
      "transform_matrix": [
        [
          -0.358512,
          -0.31214,
          0.879794,
          1.196939
        ],
        [
          -0.930453,
          0.04308,
          -0.363871,
          2.489926
        ],
        [
          0.075677,
          -0.949059,
          -0.305877,
          1.594539
        ],
        [
          0.0,
          0.0,
          0.0,
          1.0
        ]
      ]
    },
    {
      "file_path": "/media/NFS/ttao/scannet/posed_images/scene0351_01/00170.jpg",
      "transform_matrix": [
        [
          -0.262189,
          -0.316641,
          0.91159,
          1.163179
        ],
        [
          -0.961473,
          0.00483,
          -0.274859,
          2.472849
        ],
        [
          0.082628,
          -0.948533,
          -0.305708,
          1.597863
        ],
        [
          0.0,
          0.0,
          0.0,
          1.0
        ]
      ]
    },
    {
      "file_path": "/media/NFS/ttao/scannet/posed_images/scene0351_01/00172.jpg",
      "transform_matrix": [
        [
          -0.219118,
          -0.314617,
          0.923582,
          1.147967
        ],
        [
          -0.972083,
          -0.011016,
          -0.234378,
          2.474226
        ],
        [
          0.083913,
          -0.949155,
          -0.30342,
          1.601056
        ],
        [
          0.0,
          0.0,
          0.0,
          1.0
        ]
      ]
    },
    {
      "file_path": "/media/NFS/ttao/scannet/posed_images/scene0351_01/00175.jpg",
      "transform_matrix": [
        [
          -0.179612,
          -0.309783,
          0.933688,
          1.132567
        ],
        [
          -0.980033,
          -0.025947,
          -0.197137,
          2.476181
        ],
        [
          0.085296,
          -0.950453,
          -0.298937,
          1.600472
        ],
        [
          0.0,
          0.0,
          0.0,
          1.0
        ]
      ]
    },
    {
      "file_path": "/media/NFS/ttao/scannet/posed_images/scene0351_01/00178.jpg",
      "transform_matrix": [
        [
          -0.14428,
          -0.303184,
          0.941947,
          1.121853
        ],
        [
          -0.985483,
          -0.04205,
          -0.164483,
          2.486534
        ],
        [
          0.089477,
          -0.952004,
          -0.292715,
          1.596797
        ],
        [
          0.0,
          0.0,
          0.0,
          1.0
        ]
      ]
    },
    {
      "file_path": "/media/NFS/ttao/scannet/posed_images/scene0351_01/00181.jpg",
      "transform_matrix": [
        [
          -0.096272,
          -0.30203,
          0.948425,
          1.106334
        ],
        [
          -0.991196,
          -0.05792,
          -0.119059,
          2.488596
        ],
        [
          0.090892,
          -0.951537,
          -0.293795,
          1.595004
        ],
        [
          0.0,
          0.0,
          0.0,
          1.0
        ]
      ]
    },
    {
      "file_path": "/media/NFS/ttao/scannet/posed_images/scene0351_01/00183.jpg",
      "transform_matrix": [
        [
          -0.072749,
          -0.302621,
          0.950331,
          1.105193
        ],
        [
          -0.992792,
          -0.069026,
          -0.097979,
          2.495127
        ],
        [
          0.095248,
          -0.950608,
          -0.295418,
          1.594917
        ],
        [
          0.0,
          0.0,
          0.0,
          1.0
        ]
      ]
    },
    {
      "file_path": "/media/NFS/ttao/scannet/posed_images/scene0351_01/00187.jpg",
      "transform_matrix": [
        [
          -0.01779,
          -0.284078,
          0.958636,
          1.097833
        ],
        [
          -0.994947,
          -0.089725,
          -0.045053,
          2.510317
        ],
        [
          0.098812,
          -0.954594,
          -0.281046,
          1.597495
        ],
        [
          0.0,
          0.0,
          0.0,
          1.0
        ]
      ]
    },
    {
      "file_path": "/media/NFS/ttao/scannet/posed_images/scene0351_01/00188.jpg",
      "transform_matrix": [
        [
          -0.007365,
          -0.280809,
          0.959736,
          1.098601
        ],
        [
          -0.994981,
          -0.093722,
          -0.035058,
          2.514368
        ],
        [
          0.099793,
          -0.955177,
          -0.278709,
          1.599463
        ],
        [
          0.0,
          0.0,
          0.0,
          1.0
        ]
      ]
    },
    {
      "file_path": "/media/NFS/ttao/scannet/posed_images/scene0351_01/00192.jpg",
      "transform_matrix": [
        [
          0.023939,
          -0.270461,
          0.962433,
          1.095281
        ],
        [
          -0.995055,
          -0.099274,
          -0.003147,
          2.543279
        ],
        [
          0.096396,
          -0.957599,
          -0.271501,
          1.608712
        ],
        [
          0.0,
          0.0,
          0.0,
          1.0
        ]
      ]
    },
    {
      "file_path": "/media/NFS/ttao/scannet/posed_images/scene0351_01/00193.jpg",
      "transform_matrix": [
        [
          0.035471,
          -0.26937,
          0.962383,
          1.094476
        ],
        [
          -0.995029,
          -0.099191,
          0.008911,
          2.545146
        ],
        [
          0.093059,
          -0.957915,
          -0.271549,
          1.609187
        ],
        [
          0.0,
          0.0,
          0.0,
          1.0
        ]
      ]
    },
    {
      "file_path": "/media/NFS/ttao/scannet/posed_images/scene0351_01/00198.jpg",
      "transform_matrix": [
        [
          0.101088,
          -0.269687,
          0.957627,
          1.106373
        ],
        [
          -0.991967,
          -0.100899,
          0.076297,
          2.557794
        ],
        [
          0.076047,
          -0.957647,
          -0.277721,
          1.604127
        ],
        [
          0.0,
          0.0,
          0.0,
          1.0
        ]
      ]
    },
    {
      "file_path": "/media/NFS/ttao/scannet/posed_images/scene0351_01/00199.jpg",
      "transform_matrix": [
        [
          0.133442,
          -0.26902,
          0.953846,
          1.112891
        ],
        [
          -0.988156,
          -0.109697,
          0.107303,
          2.563184
        ],
        [
          0.075768,
          -0.956867,
          -0.280472,
          1.602176
        ],
        [
          0.0,
          0.0,
          0.0,
          1.0
        ]
      ]
    },
    {
      "file_path": "/media/NFS/ttao/scannet/posed_images/scene0351_01/00202.jpg",
      "transform_matrix": [
        [
          0.185954,
          -0.267135,
          0.945547,
          1.125224
        ],
        [
          -0.979756,
          -0.123044,
          0.157919,
          2.563663
        ],
        [
          0.074159,
          -0.955771,
          -0.284608,
          1.588374
        ],
        [
          0.0,
          0.0,
          0.0,
          1.0
        ]
      ]
    },
    {
      "file_path": "/media/NFS/ttao/scannet/posed_images/scene0351_01/00206.jpg",
      "transform_matrix": [
        [
          0.243023,
          -0.272591,
          0.930932,
          1.153506
        ],
        [
          -0.966319,
          -0.15179,
          0.207815,
          2.567065
        ],
        [
          0.084658,
          -0.950081,
          -0.300298,
          1.575561
        ],
        [
          0.0,
          0.0,
          0.0,
          1.0
        ]
      ]
    },
    {
      "file_path": "/media/NFS/ttao/scannet/posed_images/scene0351_01/00209.jpg",
      "transform_matrix": [
        [
          0.275957,
          -0.273456,
          0.92145,
          1.179552
        ],
        [
          -0.956428,
          -0.17323,
          0.235023,
          2.573196
        ],
        [
          0.095354,
          -0.946157,
          -0.309345,
          1.568886
        ],
        [
          0.0,
          0.0,
          0.0,
          1.0
        ]
      ]
    },
    {
      "file_path": "/media/NFS/ttao/scannet/posed_images/scene0351_01/00212.jpg",
      "transform_matrix": [
        [
          0.296296,
          -0.269096,
          0.916404,
          1.200959
        ],
        [
          -0.948934,
          -0.191759,
          0.250506,
          2.591811
        ],
        [
          0.108318,
          -0.94383,
          -0.312172,
          1.568511
        ],
        [
          0.0,
          0.0,
          0.0,
          1.0
        ]
      ]
    },
    {
      "file_path": "/media/NFS/ttao/scannet/posed_images/scene0351_01/00213.jpg",
      "transform_matrix": [
        [
          0.315137,
          -0.268474,
          0.91028,
          1.214512
        ],
        [
          -0.942273,
          -0.202899,
          0.266371,
          2.593532
        ],
        [
          0.113181,
          -0.941676,
          -0.316917,
          1.565429
        ],
        [
          0.0,
          0.0,
          0.0,
          1.0
        ]
      ]
    },
    {
      "file_path": "/media/NFS/ttao/scannet/posed_images/scene0351_01/00216.jpg",
      "transform_matrix": [
        [
          0.337529,
          -0.272666,
          0.900959,
          1.235356
        ],
        [
          -0.933153,
          -0.222694,
          0.282194,
          2.592156
        ],
        [
          0.123693,
          -0.935981,
          -0.329605,
          1.561079
        ],
        [
          0.0,
          0.0,
          0.0,
          1.0
        ]
      ]
    },
    {
      "file_path": "/media/NFS/ttao/scannet/posed_images/scene0351_01/00219.jpg",
      "transform_matrix": [
        [
          0.355486,
          -0.275417,
          0.893183,
          1.248016
        ],
        [
          -0.925965,
          -0.233976,
          0.296385,
          2.590061
        ],
        [
