{
  "frames": [
    {
      "file_path": "/media/NFS/ttao/scannet/posed_images/scene0116_02/00002.jpg",
      "transform_matrix": [
        [
          -0.998835,
          -0.02033,
          -0.043756,
          1.772028
        ],
        [
          0.021578,
          0.622929,
          -0.781981,
          3.121833
        ],
        [
          0.043155,
          -0.782014,
          -0.621765,
          1.319477
        ],
        [
          0.0,
          0.0,
          0.0,
          1.0
        ]
      ]
    },
    {
      "file_path": "/media/NFS/ttao/scannet/posed_images/scene0116_02/00006.jpg",
      "transform_matrix": [
        [
          -0.997764,
          -0.015247,
          -0.065076,
          1.784301
        ],
        [
          0.041367,
          0.623878,
          -0.780427,
          3.127603
        ],
        [
          0.052498,
          -0.781373,
          -0.621852,
          1.321561
        ],
        [
          0.0,
          0.0,
          0.0,
          1.0
        ]
      ]
    },
    {
      "file_path": "/media/NFS/ttao/scannet/posed_images/scene0116_02/00013.jpg",
      "transform_matrix": [
        [
          -0.994888,
          -0.020798,
          -0.098817,
          1.80367
        ],
        [
          0.065567,
          0.611182,
          -0.78877,
          3.157471
        ],
        [
          0.0768,
          -0.791217,
          -0.606694,
          1.318455
        ],
        [
          0.0,
          0.0,
          0.0,
          1.0
        ]
      ]
    },
    {
      "file_path": "/media/NFS/ttao/scannet/posed_images/scene0116_02/00022.jpg",
      "transform_matrix": [
        [
          -0.99518,
          -0.026588,
          -0.094395,
          1.798
        ],
        [
          0.058318,
          0.613417,
          -0.787604,
          3.199039
        ],
        [
          0.078845,
          -0.789312,
          -0.608909,
          1.308965
        ],
        [
          0.0,
          0.0,
          0.0,
          1.0
        ]
      ]
    },
    {
      "file_path": "/media/NFS/ttao/scannet/posed_images/scene0116_02/00024.jpg",
      "transform_matrix": [
        [
          -0.996492,
          -0.029396,
          -0.078359,
          1.788869
        ],
        [
          0.043729,
          0.615433,
          -0.786976,
          3.205285
        ],
        [
          0.071359,
          -0.787641,
          -0.611988,
          1.309704
        ],
        [
          0.0,
          0.0,
          0.0,
          1.0
        ]
      ]
    },
    {
      "file_path": "/media/NFS/ttao/scannet/posed_images/scene0116_02/00030.jpg",
      "transform_matrix": [
        [
          -0.998088,
          -0.054757,
          -0.028686,
          1.738681
        ],
        [
          -0.011155,
          0.615974,
          -0.787688,
          3.218459
        ],
        [
          0.060801,
          -0.785861,
          -0.615407,
          1.315497
        ],
        [
          0.0,
          0.0,
          0.0,
          1.0
        ]
      ]
    },
    {
      "file_path": "/media/NFS/ttao/scannet/posed_images/scene0116_02/00041.jpg",
      "transform_matrix": [
        [
          -0.992779,
          -0.118021,
          0.021476,
          1.636332
        ],
        [
          -0.082283,
          0.539701,
          -0.837826,
          3.258427
        ],
        [
          0.08729,
          -0.833543,
          -0.545515,
          1.317465
        ],
        [
          0.0,
          0.0,
          0.0,
          1.0
        ]
      ]
    },
    {
      "file_path": "/media/NFS/ttao/scannet/posed_images/scene0116_02/00043.jpg",
      "transform_matrix": [
        [
          -0.990795,
          -0.128172,
          0.043554,
          1.624319
        ],
        [
          -0.105723,
          0.53172,
          -0.840296,
          3.269169
        ],
        [
          0.084544,
          -0.837165,
          -0.540376,
          1.321854
        ],
        [
          0.0,
          0.0,
          0.0,
          1.0
        ]
      ]
    },
    {
      "file_path": "/media/NFS/ttao/scannet/posed_images/scene0116_02/00048.jpg",
      "transform_matrix": [
        [
          -0.983098,
          -0.150223,
          0.104646,
          1.612666
        ],
        [
          -0.169004,
          0.524879,
          -0.83423,
          3.298191
        ],
        [
          0.070394,
          -0.837815,
          -0.541396,
          1.328837
        ],
        [
          0.0,
          0.0,
          0.0,
          1.0
        ]
      ]
    },
    {
      "file_path": "/media/NFS/ttao/scannet/posed_images/scene0116_02/00055.jpg",
      "transform_matrix": [
        [
          -0.971808,
          -0.166688,
          0.166743,
          1.610152
        ],
        [
          -0.230718,
          0.526686,
          -0.818151,
          3.336283
        ],
        [
          0.048555,
          -0.833557,
          -0.550295,
          1.327096
        ],
        [
          0.0,
          0.0,
          0.0,
          1.0
        ]
      ]
    },
    {
      "file_path": "/media/NFS/ttao/scannet/posed_images/scene0116_02/00061.jpg",
      "transform_matrix": [
        [
          -0.963556,
          -0.193591,
          0.184615,
          1.625666
        ],
        [
          -0.258811,
          0.500098,
          -0.826389,
          3.365105
        ],
        [
          0.067656,
          -0.844052,
          -0.531976,
          1.320011
        ],
        [
          0.0,
          0.0,
          0.0,
          1.0
        ]
      ]
    },
    {
      "file_path": "/media/NFS/ttao/scannet/posed_images/scene0116_02/00068.jpg",
      "transform_matrix": [
        [
          -0.947815,
          -0.236545,
          0.213758,
          1.643403
        ],
        [
          -0.306607,
          0.492492,
          -0.814521,
          3.389899
        ],
        [
          0.087397,
          -0.837555,
          -0.539318,
          1.30829
        ],
        [
          0.0,
          0.0,
          0.0,
          1.0
        ]
      ]
    },
    {
      "file_path": "/media/NFS/ttao/scannet/posed_images/scene0116_02/00072.jpg",
      "transform_matrix": [
        [
          -0.944616,
          -0.245093,
          0.218245,
          1.643299
        ],
        [
          -0.314733,
          0.488159,
          -0.81403,
          3.398852
        ],
        [
          0.092974,
          -0.837634,
          -0.538261,
          1.305931
        ],
        [
          0.0,
          0.0,
          0.0,
          1.0
        ]
      ]
    },
    {
      "file_path": "/media/NFS/ttao/scannet/posed_images/scene0116_02/00079.jpg",
      "transform_matrix": [
        [
          -0.942448,
          -0.243327,
          0.229314,
          1.614865
        ],
        [
          -0.322656,
          0.482046,
          -0.814571,
          3.405606
        ],
        [
          0.087667,
          -0.841679,
          -0.532814,
          1.307907
        ],
        [
          0.0,
          0.0,
          0.0,
          1.0
        ]
      ]
    },
    {
      "file_path": "/media/NFS/ttao/scannet/posed_images/scene0116_02/00089.jpg",
      "transform_matrix": [
        [
          -0.932686,
          -0.264327,
          0.245413,
          1.564971
        ],
        [
          -0.3503,
          0.501699,
          -0.790941,
          3.424617
        ],
        [
          0.085944,
          -0.823668,
          -0.560522,
          1.287535
        ],
        [
          0.0,
          0.0,
          0.0,
          1.0
        ]
      ]
    },
    {
      "file_path": "/media/NFS/ttao/scannet/posed_images/scene0116_02/00094.jpg",
      "transform_matrix": [
        [
          -0.927152,
          -0.265584,
          0.264298,
          1.549351
        ],
        [
          -0.365345,
          0.484288,
          -0.794977,
          3.434864
        ],
        [
          0.083137,
          -0.833625,
          -0.546039,
          1.287355
        ],
        [
          0.0,
          0.0,
          0.0,
          1.0
        ]
      ]
    },
    {
      "file_path": "/media/NFS/ttao/scannet/posed_images/scene0116_02/00100.jpg",
      "transform_matrix": [
        [
          -0.913016,
          -0.28178,
          0.294961,
          1.532827
        ],
        [
          -0.396465,
          0.442779,
          -0.804216,
          3.450308
        ],
        [
          0.096009,
          -0.851203,
          -0.51598,
          1.283856
        ],
        [
          0.0,
          0.0,
          0.0,
          1.0
        ]
      ]
    },
    {
      "file_path": "/media/NFS/ttao/scannet/posed_images/scene0116_02/00103.jpg",
      "transform_matrix": [
        [
          -0.906705,
          -0.286251,
          0.309751,
          1.526013
        ],
        [
          -0.410219,
          0.427876,
          -0.805383,
          3.454378
        ],
        [
          0.098007,
          -0.857311,
          -0.505383,
          1.283974
        ],
        [
          0.0,
          0.0,
          0.0,
          1.0
        ]
      ]
    },
    {
      "file_path": "/media/NFS/ttao/scannet/posed_images/scene0116_02/00109.jpg",
      "transform_matrix": [
        [
          -0.894768,
          -0.303175,
          0.327833,
          1.517358
        ],
        [
          -0.435317,
          0.428757,
          -0.791623,
          3.462722
        ],
        [
          0.09944,
          -0.85103,
          -0.515616,
          1.280139
        ],
        [
          0.0,
          0.0,
          0.0,
          1.0
        ]
      ]
    },
    {
      "file_path": "/media/NFS/ttao/scannet/posed_images/scene0116_02/00118.jpg",
      "transform_matrix": [
        [
          -0.886378,
          -0.326511,
          0.328215,
          1.51452
        ],
        [
          -0.449782,
          0.439374,
          -0.77759,
          3.476675
        ],
        [
          0.109682,
          -0.836864,
          -0.53631,
          1.264152
        ],
        [
          0.0,
          0.0,
          0.0,
          1.0
        ]
      ]
    },
    {
      "file_path": "/media/NFS/ttao/scannet/posed_images/scene0116_02/00122.jpg",
      "transform_matrix": [
        [
          -0.888933,
          -0.323014,
          0.324746,
          1.50966
        ],
        [
          -0.444953,
          0.440725,
          -0.779602,
          3.47844
        ],
        [
          0.108699,
          -0.83751,
          -0.535501,
          1.264325
        ],
        [
          0.0,
          0.0,
          0.0,
          1.0
        ]
      ]
    },
    {
      "file_path": "/media/NFS/ttao/scannet/posed_images/scene0116_02/00128.jpg",
      "transform_matrix": [
        [
          -0.895867,
          -0.317553,
          0.310777,
          1.507686
        ],
        [
          -0.431441,
          0.454507,
          -0.779283,
          3.477498
        ],
        [
          0.106214,
          -0.832216,
          -0.544183,
          1.26252
        ],
        [
          0.0,
          0.0,
          0.0,
          1.0
        ]
      ]
    },
    {
      "file_path": "/media/NFS/ttao/scannet/posed_images/scene0116_02/00139.jpg",
      "transform_matrix": [
        [
          -0.89177,
          -0.345348,
          0.292371,
          1.509343
        ],
        [
          -0.435767,
          0.481434,
          -0.760479,
          3.481514
        ],
        [
          0.121872,
          -0.805578,
          -0.57982,
          1.246445
        ],
        [
          0.0,
          0.0,
          0.0,
          1.0
        ]
      ]
    },
    {
      "file_path": "/media/NFS/ttao/scannet/posed_images/scene0116_02/00140.jpg",
      "transform_matrix": [
        [
          -0.889824,
          -0.350539,
          0.292122,
          1.513812
        ],
        [
          -0.43918,
          0.484189,
          -0.756758,
          3.481343
        ],
        [
          0.123831,
          -0.801675,
          -0.584793,
          1.249009
        ],
        [
          0.0,
          0.0,
          0.0,
          1.0
        ]
      ]
    },
    {
      "file_path": "/media/NFS/ttao/scannet/posed_images/scene0116_02/00146.jpg",
      "transform_matrix": [
        [
          -0.879541,
          -0.346303,
          0.326315,
          1.516506
        ],
        [
          -0.464126,
          0.473269,
          -0.748735,
          3.487197
        ],
        [
          0.104854,
          -0.809994,
          -0.576988,
          1.257685
        ],
        [
          0.0,
          0.0,
          0.0,
          1.0
        ]
      ]
    },
    {
      "file_path": "/media/NFS/ttao/scannet/posed_images/scene0116_02/00157.jpg",
      "transform_matrix": [
        [
          -0.858292,
          -0.343543,
          0.3812,
          1.531171
        ],
        [
          -0.506034,
          0.443228,
          -0.739918,
          3.486949
        ],
        [
          0.085236,
          -0.827966,
          -0.554263,
          1.27836
        ],
        [
          0.0,
          0.0,
          0.0,
          1.0
        ]
      ]
    },
    {
      "file_path": "/media/NFS/ttao/scannet/posed_images/scene0116_02/00159.jpg",
      "transform_matrix": [
        [
          -0.852759,
          -0.350685,
          0.387069,
          1.536462
        ],
        [
          -0.514768,
          0.438857,
          -0.73649,
          3.486534
        ],
        [
          0.088408,
          -0.827299,
          -0.554761,
          1.28074
        ],
        [
          0.0,
          0.0,
          0.0,
          1.0
        ]
      ]
    },
    {
      "file_path": "/media/NFS/ttao/scannet/posed_images/scene0116_02/00166.jpg",
      "transform_matrix": [
        [
          -0.844028,
          -0.36006,
          0.397457,
          1.557996
        ],
        [
          -0.53093,
          0.456392,
          -0.714017,
          3.478192
        ],
        [
          0.075693,
          -0.813672,
          -0.576375,
          1.285489
        ],
        [
          0.0,
          0.0,
          0.0,
          1.0
        ]
      ]
    },
    {
      "file_path": "/media/NFS/ttao/scannet/posed_images/scene0116_02/00176.jpg",
      "transform_matrix": [
        [
          -0.822164,
          -0.360422,
          0.440615,
          1.598602
        ],
        [
          -0.566251,
          0.438467,
          -0.69793,
          3.465702
        ],
        [
          0.058354,
          -0.823312,
          -0.564582,
          1.295642
        ],
        [
          0.0,
          0.0,
          0.0,
          1.0
        ]
      ]
    },
    {
      "file_path": "/media/NFS/ttao/scannet/posed_images/scene0116_02/00179.jpg",
      "transform_matrix": [
        [
          -0.821476,
          -0.360427,
          0.441893,
          1.61515
        ],
        [
          -0.567513,
          0.441006,
          -0.6953,
          3.460162
        ],
        [
          0.055728,
          -0.821953,
          -0.566823,
          1.301162
        ],
        [
          0.0,
          0.0,
          0.0,
          1.0
        ]
      ]
    },
    {
      "file_path": "/media/NFS/ttao/scannet/posed_images/scene0116_02/00187.jpg",
      "transform_matrix": [
        [
          -0.820929,
          -0.340067,
          0.458726,
          1.664426
        ],
        [
          -0.570391,
          0.450347,
          -0.686907,
          3.457332
        ],
        [
          0.027008,
          -0.825556,
          -0.563674,
          1.311191
        ],
        [
          0.0,
          0.0,
          0.0,
          1.0
        ]
      ]
    },
    {
      "file_path": "/media/NFS/ttao/scannet/posed_images/scene0116_02/00190.jpg",
      "transform_matrix": [
        [
          -0.819528,
          -0.343709,
          0.458516,
          1.686067
        ],
        [
          -0.572212,
          0.4479,
          -0.686992,
          3.460175
        ],
        [
          0.030756,
          -0.825378,
          -0.563742,
          1.313161
        ],
        [
          0.0,
          0.0,
          0.0,
          1.0
        ]
      ]
    },
    {
      "file_path": "/media/NFS/ttao/scannet/posed_images/scene0116_02/00198.jpg",
      "transform_matrix": [
        [
          -0.806256,
          -0.365846,
          0.464874,
          1.738415
        ],
        [
          -0.589716,
          0.434938,
          -0.680488,
          3.479311
        ],
        [
          0.046762,
          -0.822791,
          -0.566417,
          1.309262
        ],
        [
          0.0,
          0.0,
          0.0,
          1.0
        ]
      ]
    },
    {
      "file_path": "/media/NFS/ttao/scannet/posed_images/scene0116_02/00205.jpg",
      "transform_matrix": [
        [
          -0.804708,
          -0.365195,
          0.468057,
          1.763919
        ],
        [
          -0.592288,
          0.44009,
          -0.674919,
          3.475546
        ],
        [
          0.04049,
          -0.820337,
          -0.570445,
          1.310915
        ],
        [
          0.0,
          0.0,
          0.0,
          1.0
        ]
      ]
    },
    {
      "file_path": "/media/NFS/ttao/scannet/posed_images/scene0116_02/00213.jpg",
      "transform_matrix": [
        [
          -0.81163,
          -0.374642,
          0.448219,
          1.770899
        ],
        [
          -0.582803,
          0.466794,
          -0.665165,
          3.460155
        ],
        [
          0.039973,
          -0.801091,
          -0.597206,
          1.308144
        ],
        [
          0.0,
          0.0,
          0.0,
          1.0
        ]
      ]
    },
    {
      "file_path": "/media/NFS/ttao/scannet/posed_images/scene0116_02/00216.jpg",
      "transform_matrix": [
        [
          -0.807831,
          -0.370501,
          0.458407,
          1.764679
        ],
        [
          -0.588492,
          0.463528,
          -0.662434,
          3.456511
        ],
        [
          0.032948,
          -0.804904,
          -0.59249,
          1.308774
        ],
        [
          0.0,
          0.0,
          0.0,
          1.0
        ]
      ]
    },
    {
      "file_path": "/media/NFS/ttao/scannet/posed_images/scene0116_02/00222.jpg",
      "transform_matrix": [
        [
          -0.798158,
          -0.372702,
          0.473326,
          1.747474
        ],
        [
          -0.602033,
          0.464275,
          -0.649619,
          3.447649
        ],
        [
          0.022361,
          -0.803456,
          -0.594944,
          1.310844
        ],
        [
          0.0,
          0.0,
          0.0,
          1.0
        ]
      ]
    },
    {
      "file_path": "/media/NFS/ttao/scannet/posed_images/scene0116_02/00231.jpg",
      "transform_matrix": [
        [
          -0.802262,
          -0.382547,
          0.458294,
          1.724661
        ],
        [
          -0.596488,
          0.482791,
          -0.641182,
          3.432476
        ],
        [
          0.024022,
          -0.787763,
          -0.61551,
          1.309784
        ],
        [
          0.0,
          0.0,
          0.0,
          1.0
        ]
      ]
    },
    {
      "file_path": "/media/NFS/ttao/scannet/posed_images/scene0116_02/00235.jpg",
      "transform_matrix": [
        [
          -0.813396,
          -0.358235,
          0.458317,
          1.724068
        ],
        [
          -0.58171,
          0.5021,
          -0.639929,
          3.416984
        ],
        [
          -0.000876,
          -0.787123,
          -0.616795,
          1.319439
        ],
        [
          0.0,
          0.0,
          0.0,
          1.0
        ]
      ]
    },
    {
      "file_path": "/media/NFS/ttao/scannet/posed_images/scene0116_02/00240.jpg",
      "transform_matrix": [
        [
          -0.839268,
          -0.313158,
          0.444479,
          1.738476
        ],
        [
          -0.543328,
          0.513982,
          -0.66379,
          3.391332
        ],
        [
          -0.020583,
          -0.798595,
          -0.601516,
          1.330343
        ],
        [
          0.0,
          0.0,
          0.0,
          1.0
        ]
      ]
    },
    {
      "file_path": "/media/NFS/ttao/scannet/posed_images/scene0116_02/00249.jpg",
      "transform_matrix": [
        [
          -0.900747,
          -0.236276,
          0.364458,
          1.810228
        ],
        [
          -0.434271,
          0.505344,
          -0.745678,
          3.357277
        ],
        [
          -0.007991,
          -0.82994,
          -0.557795,
          1.344475
        ],
        [
          0.0,
          0.0,
          0.0,
          1.0
        ]
      ]
    },
    {
      "file_path": "/media/NFS/ttao/scannet/posed_images/scene0116_02/00253.jpg",
      "transform_matrix": [
        [
          -0.91271,
          -0.214571,
          0.347736,
          1.844447
        ],
        [
          -0.408261,
          0.513955,
          -0.754436,
          3.349196
        ],
        [
          -0.01684,
          -0.830548,
          -0.556693,
          1.348337
        ],
        [
          0.0,
          0.0,
          0.0,
          1.0
        ]
      ]
    },
    {
      "file_path": "/media/NFS/ttao/scannet/posed_images/scene0116_02/00261.jpg",
      "transform_matrix": [
        [
          -0.935861,
          -0.203238,
          0.287852,
          1.89425
        ],
        [
          -0.352266,
          0.559428,
          -0.750299,
          3.330106
        ],
        [
          -0.008543,
          -0.803576,
          -0.595141,
          1.349297
        ],
        [
          0.0,
          0.0,
          0.0,
          1.0
        ]
      ]
    },
    {
      "file_path": "/media/NFS/ttao/scannet/posed_images/scene0116_02/00266.jpg",
      "transform_matrix": [
        [
          -0.947379,
          -0.183766,
          0.262114,
          1.905436
        ],
        [
          -0.319864,
          0.575838,
          -0.752394,
          3.313718
        ],
        [
          -0.012671,
          -0.796643,
          -0.604317,
          1.351937
        ],
        [
          0.0,
          0.0,
          0.0,
          1.0
        ]
      ]
    },
    {
      "file_path": "/media/NFS/ttao/scannet/posed_images/scene0116_02/00270.jpg",
      "transform_matrix": [
        [
          -0.951489,
          -0.171725,
          0.2553,
          1.910468
        ],
        [
          -0.306663,
          0.596743,
          -0.741522,
          3.293322
        ],
        [
          -0.02501,
          -0.783842,
          -0.620457,
          1.358585
        ],
        [
          0.0,
          0.0,
          0.0,
          1.0
        ]
      ]
    },
    {
      "file_path": "/media/NFS/ttao/scannet/posed_images/scene0116_02/00279.jpg",
      "transform_matrix": [
        [
          -0.952038,
          -0.150758,
          0.266261,
          1.901893
        ],
        [
          -0.302354,
          0.597062,
          -0.743034,
          3.24676
        ],
        [
          -0.046956,
          -0.787902,
          -0.614008,
          1.360193
        ],
        [
          0.0,
          0.0,
          0.0,
          1.0
        ]
      ]
    },
    {
      "file_path": "/media/NFS/ttao/scannet/posed_images/scene0116_02/00285.jpg",
      "transform_matrix": [
        [
          -0.943048,
          -0.153881,
          0.294927,
          1.88002
        ],
        [
          -0.325426,
          0.610605,
          -0.721983,
          3.211651
        ],
        [
          -0.068984,
          -0.776841,
          -0.625907,
          1.355255
        ],
        [
          0.0,
          0.0,
          0.0,
          1.0
        ]
      ]
    },
    {
      "file_path": "/media/NFS/ttao/scannet/posed_images/scene0116_02/00288.jpg",
      "transform_matrix": [
        [
          -0.93557,
          -0.166781,
          0.311275,
          1.865332
        ],
        [
          -0.345453,
          0.61515,
          -0.708698,
          3.194822
        ],
        [
          -0.073283,
          -0.770568,
          -0.633131,
          1.351983
        ],
        [
          0.0,
          0.0,
          0.0,
          1.0
        ]
      ]
    },
    {
      "file_path": "/media/NFS/ttao/scannet/posed_images/scene0116_02/00296.jpg",
      "transform_matrix": [
        [
          -0.917168,
          -0.193412,
          0.348418,
          1.833974
        ],
        [
          -0.388663,
          0.627232,
          -0.674923,
          3.158501
        ],
        [
          -0.088001,
          -0.754435,
          -0.650449,
          1.34633
        ],
        [
          0.0,
          0.0,
          0.0,
          1.0
        ]
      ]
    },
    {
      "file_path": "/media/NFS/ttao/scannet/posed_images/scene0116_02/00305.jpg",
      "transform_matrix": [
        [
          -0.900542,
          -0.208108,
          0.381727,
          1.815811
        ],
        [
          -0.424624,
          0.609568,
          -0.669419,
          3.154521
        ],
        [
          -0.093376,
          -0.76493,
          -0.637309,
          1.353096
        ],
        [
          0.0,
          0.0,
          0.0,
          1.0
        ]
      ]
    },
    {
      "file_path": "/media/NFS/ttao/scannet/posed_images/scene0116_02/00307.jpg",
      "transform_matrix": [
        [
          -0.89425,
          -0.224333,
          0.387288,
          1.81537
        ],
        [
          -0.43979,
          0.601054,
          -0.667323,
          3.162732
        ],
        [
          -0.083079,
          -0.767078,
          -0.636151,
          1.352201
        ],
        [
          0.0,
          0.0,
          0.0,
          1.0
        ]
      ]
    },
    {
      "file_path": "/media/NFS/ttao/scannet/posed_images/scene0116_02/00314.jpg",
      "transform_matrix": [
        [
          -0.84705,
          -0.30398,
          0.436007,
          1.823083
        ],
        [
          -0.528578,
          0.567857,
          -0.630986,
          3.205124
        ],
        [
          -0.055782,
          -0.764941,
          -0.64168,
          1.350716
        ],
        [
          0.0,
          0.0,
          0.0,
          1.0
        ]
      ]
    },
    {
      "file_path": "/media/NFS/ttao/scannet/posed_images/scene0116_02/00322.jpg",
      "transform_matrix": [
        [
          -0.805059,
          -0.345072,
          0.482499,
          1.830294
        ],
        [
          -0.592668,
          0.502172,
          -0.629736,
          3.252434
        ],
        [
          -0.024993,
          -0.792937,
          -0.608791,
          1.353264
        ],
        [
          0.0,
          0.0,
          0.0,
          1.0
        ]
      ]
    },
    {
      "file_path": "/media/NFS/ttao/scannet/posed_images/scene0116_02/00325.jpg",
      "transform_matrix": [
        [
          -0.801023,
          -0.354634,
          0.482282,
          1.837355
        ],
        [
          -0.59862,
          0.479938,
          -0.641338,
          3.269161
        ],
        [
          -0.004025,
          -0.80243,
          -0.596733,
          1.351875
        ],
        [
          0.0,
          0.0,
          0.0,
          1.0
        ]
      ]
    },
    {
      "file_path": "/media/NFS/ttao/scannet/posed_images/scene0116_02/00333.jpg",
      "transform_matrix": [
        [
          -0.779502,
          -0.378054,
          0.499451,
          1.864991
        ],
        [
          -0.624651,
          0.409618,
          -0.664849,
          3.316104
        ],
        [
          0.046765,
          -0.830234,
          -0.55545,
          1.355919
        ],
        [
          0.0,
          0.0,
          0.0,
          1.0
        ]
      ]
    },
    {
      "file_path": "/media/NFS/ttao/scannet/posed_images/scene0116_02/00342.jpg",
      "transform_matrix": [
        [
          -0.753921,
          -0.366981,
          0.544911,
          1.90591
        ],
        [
          -0.656499,
          0.389621,
          -0.645913,
          3.362415
        ],
        [
          0.024729,
          -0.844701,
          -0.534667,
          1.376879
        ],
        [
          0.0,
          0.0,
          0.0,
          1.0
        ]
      ]
    },
    {
      "file_path": "/media/NFS/ttao/scannet/posed_images/scene0116_02/00344.jpg",
      "transform_matrix": [
        [
          -0.749134,
          -0.359272,
          0.556526,
          1.911839
        ],
        [
          -0.662268,
          0.388327,
          -0.640783,
          3.370626
        ],
        [
          0.014101,
          -0.848602,
          -0.528843,
          1.381727
        ],
        [
          0.0,
          0.0,
          0.0,
          1.0
        ]
      ]
    },
    {
      "file_path": "/media/NFS/ttao/scannet/posed_images/scene0116_02/00349.jpg",
      "transform_matrix": [
        [
          -0.732615,
          -0.344001,
          0.587315,
          1.922901
        ],
        [
          -0.680565,
          0.383292,
          -0.624434,
          3.388493
        ],
        [
          -0.010308,
          -0.857176,
          -0.514921,
          1.391453
        ],
        [
          0.0,
          0.0,
          0.0,
          1.0
        ]
      ]
    },
    {
      "file_path": "/media/NFS/ttao/scannet/posed_images/scene0116_02/00357.jpg",
      "transform_matrix": [
        [
          -0.672064,
          -0.349654,
          0.652741,
          1.93463
        ],
        [
          -0.740314,
          0.336621,
          -0.581912,
          3.41416
        ],
        [
          -0.016259,
          -0.874316,
          -0.485084,
          1.405036
        ],
        [
          0.0,
          0.0,
          0.0,
          1.0
        ]
      ]
    },
    {
      "file_path": "/media/NFS/ttao/scannet/posed_images/scene0116_02/00364.jpg",
      "transform_matrix": [
        [
          -0.600108,
          -0.360532,
          0.714064,
          1.938488
        ],
        [
          -0.799909,
          0.265926,
          -0.537987,
          3.435125
        ],
        [
          0.004073,
          -0.894036,
          -0.447977,
          1.423624
        ],
        [
          0.0,
          0.0,
          0.0,
          1.0
        ]
      ]
    },
    {
      "file_path": "/media/NFS/ttao/scannet/posed_images/scene0116_02/00373.jpg",
      "transform_matrix": [
        [
          -0.52463,
          -0.370531,
          0.766466,
          1.94125
        ],
        [
          -0.850444,
          0.187018,
          -0.491701,
          3.455279
        ],
        [
          0.038848,
          -0.909797,
          -0.413231,
          1.434146
        ],
        [
          0.0,
          0.0,
          0.0,
          1.0
        ]
      ]
    },
    {
      "file_path": "/media/NFS/ttao/scannet/posed_images/scene0116_02/00377.jpg",
      "transform_matrix": [
        [
          -0.506285,
          -0.367793,
          0.780002,
          1.942044
        ],
        [
          -0.861561,
          0.176647,
          -0.475929,
          3.458801
        ],
        [
          0.037258,
          -0.912975,
          -0.40631,
          1.437043
        ],
        [
          0.0,
          0.0,
          0.0,
          1.0
        ]
      ]
    },
    {
      "file_path": "/media/NFS/ttao/scannet/posed_images/scene0116_02/00381.jpg",
      "transform_matrix": [
        [
          -0.492625,
          -0.361196,
          0.791744,
          1.938135
        ],
        [
          -0.869403,
          0.164331,
          -0.465976,
          3.460268
        ],
        [
          0.0382,
          -0.917896,
          -0.394978,
          1.437174
        ],
        [
          0.0,
          0.0,
          0.0,
          1.0
        ]
      ]
    },
    {
      "file_path": "/media/NFS/ttao/scannet/posed_images/scene0116_02/00388.jpg",
      "transform_matrix": [
        [
          -0.477645,
          -0.347865,
          0.80675,
          1.939407
        ],
        [
          -0.878099,
          0.159505,
          -0.451111,
          3.464233
        ],
        [
          0.028245,
          -0.923877,
          -0.381647,
          1.442528
        ],
        [
          0.0,
          0.0,
          0.0,
          1.0
        ]
      ]
    },
    {
      "file_path": "/media/NFS/ttao/scannet/posed_images/scene0116_02/00395.jpg",
      "transform_matrix": [
        [
          -0.462505,
          -0.392494,
          0.795008,
          1.952464
        ],
        [
          -0.886024,
          0.171827,
          -0.430624,
          3.475848
        ],
        [
          0.032414,
          -0.903562,
          -0.42723,
          1.420347
        ],
        [
          0.0,
          0.0,
          0.0,
          1.0
        ]
      ]
    },
    {
      "file_path": "/media/NFS/ttao/scannet/posed_images/scene0116_02/00401.jpg",
      "transform_matrix": [
        [
          -0.429087,
          -0.478642,
          0.76602,
          1.979175
        ],
        [
          -0.901356,
          0.171816,
          -0.397538,
          3.500869
        ],
        [
          0.058664,
          -0.861035,
          -0.505151,
          1.384233
        ],
        [
          0.0,
          0.0,
          0.0,
          1.0
        ]
      ]
    },
    {
      "file_path": "/media/NFS/ttao/scannet/posed_images/scene0116_02/00407.jpg",
      "transform_matrix": [
        [
          -0.407191,
          -0.528712,
          0.744754,
          1.997959
        ],
        [
          -0.910996,
          0.176687,
          -0.372651,
          3.513127
        ],
        [
          0.065437,
          -0.830208,
          -0.5536,
          1.364704
        ],
        [
          0.0,
          0.0,
          0.0,
          1.0
        ]
      ]
    },
    {
      "file_path": "/media/NFS/ttao/scannet/posed_images/scene0116_02/00412.jpg",
      "transform_matrix": [
        [
          -0.383855,
          -0.554797,
          0.738144,
          2.007961
        ],
        [
          -0.921784,
          0.18305,
          -0.34177,
          3.511926
        ],
        [
          0.054496,
          -0.811599,
          -0.581667,
          1.358204
        ],
        [
          0.0,
          0.0,
          0.0,
          1.0
        ]
      ]
    },
    {
      "file_path": "/media/NFS/ttao/scannet/posed_images/scene0116_02/00419.jpg",
      "transform_matrix": [
        [
          -0.350846,
          -0.598035,
          0.720598,
          2.019851
        ],
        [
          -0.935396,
          0.187602,
          -0.299733,
          3.520111
        ],
        [
          0.044065,
          -0.779205,
          -0.625218,
          1.343254
        ],
        [
          0.0,
          0.0,
          0.0,
          1.0
        ]
      ]
    },
    {
      "file_path": "/media/NFS/ttao/scannet/posed_images/scene0116_02/00427.jpg",
      "transform_matrix": [
        [
          -0.318731,
          -0.624486,
          0.713041,
          2.031343
        ],
        [
          -0.946975,
          0.177573,
          -0.267781,
          3.509084
        ],
        [
          0.040608,
          -0.760582,
          -0.647971,
          1.340259
        ],
        [
          0.0,
          0.0,
          0.0,
          1.0
        ]
      ]
    },
    {
      "file_path": "/media/NFS/ttao/scannet/posed_images/scene0116_02/00431.jpg",
      "transform_matrix": [
        [
          -0.31809,
          -0.617844,
          0.719088,
          2.031955
        ],
        [
          -0.946813,
          0.168128,
          -0.274369,
          3.507238
        ],
        [
          0.048618,
          -0.768116,
          -0.638462,
          1.332748
        ],
        [
          0.0,
          0.0,
          0.0,
          1.0
        ]
      ]
    },
    {
      "file_path": "/media/NFS/ttao/scannet/posed_images/scene0116_02/00440.jpg",
      "transform_matrix": [
        [
          -0.294909,
          -0.560938,
          0.773548,
          2.047304
        ],
        [
          -0.955517,
          0.169736,
          -0.241199,
          3.500332
        ],
        [
          0.003998,
          -0.81027,
          -0.586042,
          1.354551
        ],
        [
          0.0,
          0.0,
          0.0,
          1.0
        ]
      ]
    },
    {
      "file_path": "/media/NFS/ttao/scannet/posed_images/scene0116_02/00444.jpg",
      "transform_matrix": [
        [
          -0.285579,
          -0.548611,
          0.785792,
          2.057121
        ],
        [
          -0.958277,
          0.173919,
          -0.226841,
          3.499412
        ],
        [
          -0.012217,
          -0.817788,
          -0.57539,
          1.359798
        ],
        [
          0.0,
          0.0,
          0.0,
          1.0
        ]
      ]
    },
    {
      "file_path": "/media/NFS/ttao/scannet/posed_images/scene0116_02/00451.jpg",
      "transform_matrix": [
        [
          -0.275235,
          -0.513493,
          0.812755,
          2.062907
        ],
        [
          -0.961357,
          0.15242,
          -0.229261,
          3.494987
        ],
        [
          -0.006156,
          -0.844449,
          -0.535601,
          1.356095
        ],
        [
          0.0,
          0.0,
          0.0,
          1.0
        ]
      ]
    },
    {
      "file_path": "/media/NFS/ttao/scannet/posed_images/scene0116_02/00455.jpg",
      "transform_matrix": [
        [
          -0.276034,
          -0.496465,
          0.822999,
          2.07366
        ],
        [
          -0.961092,
          0.151831,
          -0.23076,
          3.489721
        ],
        [
          -0.010392,
          -0.854676,
          -0.519059,
          1.364641
        ],
        [
          0.0,
          0.0,
          0.0,
          1.0
        ]
      ]
    },
    {
      "file_path": "/media/NFS/ttao/scannet/posed_images/scene0116_02/00460.jpg",
      "transform_matrix": [
        [
          -0.261853,
          -0.45251,
          0.852448,
          2.083429
        ],
        [
          -0.96492,
          0.140189,
          -0.221985,
          3.488676
        ],
        [
          -0.019054,
          -0.880671,
          -0.473345,
          1.37134
        ],
        [
          0.0,
          0.0,
          0.0,
          1.0
        ]
      ]
    },
    {
      "file_path": "/media/NFS/ttao/scannet/posed_images/scene0116_02/00471.jpg",
      "transform_matrix": [
        [
          -0.191754,
          -0.398791,
          0.89677,
          2.137034
        ],
        [
          -0.9807,
          0.113396,
          -0.159273,
          3.457183
        ],
        [
          -0.038174,
          -0.910004,
          -0.412838,
          1.397484
        ],
        [
          0.0,
          0.0,
          0.0,
          1.0
        ]
      ]
    },
    {
      "file_path": "/media/NFS/ttao/scannet/posed_images/scene0116_02/00475.jpg",
      "transform_matrix": [
        [
          -0.172484,
          -0.387294,
          0.905678,
          2.16845
        ],
        [
          -0.98418,
          0.105554,
          -0.142297,
          3.438813
        ],
        [
