{
  "frames": [
    {
      "file_path": "/media/NFS/ttao/scannet/posed_images/scene0589_01/00000.jpg",
      "transform_matrix": [
        [
          -0.103496,
          -0.573527,
          0.812623,
          1.644368
        ],
        [
          -0.994619,
          0.055877,
          -0.087238,
          1.820792
        ],
        [
          0.004627,
          -0.817279,
          -0.576223,
          1.42669
        ],
        [
          0.0,
          0.0,
          0.0,
          1.0
        ]
      ]
    },
    {
      "file_path": "/media/NFS/ttao/scannet/posed_images/scene0589_01/00005.jpg",
      "transform_matrix": [
        [
          -0.104437,
          -0.57385,
          0.812274,
          1.639995
        ],
        [
          -0.994499,
          0.053672,
          -0.089948,
          1.813075
        ],
        [
          0.00802,
          -0.8172,
          -0.576299,
          1.424973
        ],
        [
          0.0,
          0.0,
          0.0,
          1.0
        ]
      ]
    },
    {
      "file_path": "/media/NFS/ttao/scannet/posed_images/scene0589_01/00010.jpg",
      "transform_matrix": [
        [
          -0.116224,
          -0.573991,
          0.810572,
          1.634705
        ],
        [
          -0.993132,
          0.056072,
          -0.102693,
          1.80567
        ],
        [
          0.013494,
          -0.81694,
          -0.576565,
          1.419358
        ],
        [
          0.0,
          0.0,
          0.0,
          1.0
        ]
      ]
    },
    {
      "file_path": "/media/NFS/ttao/scannet/posed_images/scene0589_01/00014.jpg",
      "transform_matrix": [
        [
          -0.132008,
          -0.573985,
          0.808155,
          1.631829
        ],
        [
          -0.990978,
          0.057345,
          -0.121143,
          1.786318
        ],
        [
          0.023191,
          -0.816855,
          -0.576376,
          1.420843
        ],
        [
          0.0,
          0.0,
          0.0,
          1.0
        ]
      ]
    },
    {
      "file_path": "/media/NFS/ttao/scannet/posed_images/scene0589_01/00021.jpg",
      "transform_matrix": [
        [
          -0.180742,
          -0.551076,
          0.814646,
          1.630942
        ],
        [
          -0.982751,
          0.068222,
          -0.171889,
          1.756317
        ],
        [
          0.039147,
          -0.831662,
          -0.553901,
          1.448207
        ],
        [
          0.0,
          0.0,
          0.0,
          1.0
        ]
      ]
    },
    {
      "file_path": "/media/NFS/ttao/scannet/posed_images/scene0589_01/00026.jpg",
      "transform_matrix": [
        [
          -0.209342,
          -0.505444,
          0.83708,
          1.635101
        ],
        [
          -0.977016,
          0.07293,
          -0.200302,
          1.735568
        ],
        [
          0.040193,
          -0.859772,
          -0.509094,
          1.482396
        ],
        [
          0.0,
          0.0,
          0.0,
          1.0
        ]
      ]
    },
    {
      "file_path": "/media/NFS/ttao/scannet/posed_images/scene0589_01/00030.jpg",
      "transform_matrix": [
        [
          -0.222398,
          -0.458564,
          0.860383,
          1.630042
        ],
        [
          -0.97418,
          0.069313,
          -0.21487,
          1.724567
        ],
        [
          0.038896,
          -0.885954,
          -0.462139,
          1.49934
        ],
        [
          0.0,
          0.0,
          0.0,
          1.0
        ]
      ]
    },
    {
      "file_path": "/media/NFS/ttao/scannet/posed_images/scene0589_01/00040.jpg",
      "transform_matrix": [
        [
          -0.247325,
          -0.335435,
          0.909018,
          1.627516
        ],
        [
          -0.96802,
          0.044845,
          -0.246831,
          1.709217
        ],
        [
          0.042031,
          -0.940995,
          -0.335799,
          1.556591
        ],
        [
          0.0,
          0.0,
          0.0,
          1.0
        ]
      ]
    },
    {
      "file_path": "/media/NFS/ttao/scannet/posed_images/scene0589_01/00042.jpg",
      "transform_matrix": [
        [
          -0.245482,
          -0.317592,
          0.9159,
          1.629468
        ],
        [
          -0.968721,
          0.044972,
          -0.244045,
          1.697015
        ],
        [
          0.036317,
          -0.94716,
          -0.318698,
          1.585044
        ],
        [
          0.0,
          0.0,
          0.0,
          1.0
        ]
      ]
    },
    {
      "file_path": "/media/NFS/ttao/scannet/posed_images/scene0589_01/00048.jpg",
      "transform_matrix": [
        [
          -0.243629,
          -0.273659,
          0.93046,
          1.634072
        ],
        [
          -0.968841,
          0.024527,
          -0.246465,
          1.690813
        ],
        [
          0.044626,
          -0.961514,
          -0.271107,
          1.617363
        ],
        [
          0.0,
          0.0,
          0.0,
          1.0
        ]
      ]
    },
    {
      "file_path": "/media/NFS/ttao/scannet/posed_images/scene0589_01/00056.jpg",
      "transform_matrix": [
        [
          -0.245134,
          -0.211814,
          0.946068,
          1.630707
        ],
        [
          -0.968387,
          0.00697,
          -0.249356,
          1.680547
        ],
        [
          0.046223,
          -0.977285,
          -0.206826,
          1.647625
        ],
        [
          0.0,
          0.0,
          0.0,
          1.0
        ]
      ]
    },
    {
      "file_path": "/media/NFS/ttao/scannet/posed_images/scene0589_01/00059.jpg",
      "transform_matrix": [
        [
          -0.248589,
          -0.186447,
          0.950495,
          1.631942
        ],
        [
          -0.967672,
          0.004652,
          -0.252169,
          1.686267
        ],
        [
          0.042595,
          -0.982454,
          -0.181576,
          1.658223
        ],
        [
          0.0,
          0.0,
          0.0,
          1.0
        ]
      ]
    },
    {
      "file_path": "/media/NFS/ttao/scannet/posed_images/scene0589_01/00064.jpg",
      "transform_matrix": [
        [
          -0.24561,
          -0.149311,
          0.957801,
          1.630967
        ],
        [
          -0.968347,
          -0.007575,
          -0.249495,
          1.689902
        ],
        [
          0.044508,
          -0.988761,
          -0.142724,
          1.652443
        ],
        [
          0.0,
          0.0,
          0.0,
          1.0
        ]
      ]
    },
    {
      "file_path": "/media/NFS/ttao/scannet/posed_images/scene0589_01/00070.jpg",
      "transform_matrix": [
        [
          -0.225147,
          -0.099811,
          0.969199,
          1.619467
        ],
        [
          -0.973191,
          -0.024943,
          -0.228643,
          1.675066
        ],
        [
          0.046996,
          -0.994694,
          -0.09152,
          1.633802
        ],
        [
          0.0,
          0.0,
          0.0,
          1.0
        ]
      ]
    },
    {
      "file_path": "/media/NFS/ttao/scannet/posed_images/scene0589_01/00074.jpg",
      "transform_matrix": [
        [
          -0.221635,
          -0.088608,
          0.971096,
          1.633881
        ],
        [
          -0.974012,
          -0.027555,
          -0.224815,
          1.696075
        ],
        [
          0.046679,
          -0.995685,
          -0.080198,
          1.67078
        ],
        [
          0.0,
          0.0,
          0.0,
          1.0
        ]
      ]
    },
    {
      "file_path": "/media/NFS/ttao/scannet/posed_images/scene0589_01/00078.jpg",
      "transform_matrix": [
        [
          -0.203983,
          -0.072429,
          0.976292,
          1.632905
        ],
        [
          -0.977533,
          -0.039028,
          -0.207137,
          1.694723
        ],
        [
          0.053105,
          -0.99661,
          -0.062841,
          1.68036
        ],
        [
          0.0,
          0.0,
          0.0,
          1.0
        ]
      ]
    },
    {
      "file_path": "/media/NFS/ttao/scannet/posed_images/scene0589_01/00085.jpg",
      "transform_matrix": [
        [
          -0.152424,
          -0.028732,
          0.987897,
          1.629292
        ],
        [
          -0.986327,
          -0.058956,
          -0.153896,
          1.694101
        ],
        [
          0.062664,
          -0.997847,
          -0.019353,
          1.666814
        ],
        [
          0.0,
          0.0,
          0.0,
          1.0
        ]
      ]
    },
    {
      "file_path": "/media/NFS/ttao/scannet/posed_images/scene0589_01/00090.jpg",
      "transform_matrix": [
        [
          -0.120058,
          -0.004749,
          0.992756,
          1.634786
        ],
        [
          -0.990588,
          -0.06565,
          -0.12011,
          1.715477
        ],
        [
          0.065744,
          -0.997831,
          0.003178,
          1.633747
        ],
        [
          0.0,
          0.0,
          0.0,
          1.0
        ]
      ]
    },
    {
      "file_path": "/media/NFS/ttao/scannet/posed_images/scene0589_01/00099.jpg",
      "transform_matrix": [
        [
          -0.013245,
          0.003206,
          0.999907,
          1.641721
        ],
        [
          -0.997937,
          -0.062863,
          -0.013017,
          1.752316
        ],
        [
          0.062816,
          -0.998017,
          0.004032,
          1.643442
        ],
        [
          0.0,
          0.0,
          0.0,
          1.0
        ]
      ]
    },
    {
      "file_path": "/media/NFS/ttao/scannet/posed_images/scene0589_01/00102.jpg",
      "transform_matrix": [
        [
          0.035364,
          0.0115,
          0.999308,
          1.662487
        ],
        [
          -0.997509,
          -0.060668,
          0.035999,
          1.758735
        ],
        [
          0.06104,
          -0.998092,
          0.009326,
          1.635554
        ],
        [
          0.0,
          0.0,
          0.0,
          1.0
        ]
      ]
    },
    {
      "file_path": "/media/NFS/ttao/scannet/posed_images/scene0589_01/00106.jpg",
      "transform_matrix": [
        [
          0.079581,
          0.001622,
          0.996827,
          1.675658
        ],
        [
          -0.995002,
          -0.060378,
          0.079533,
          1.767687
        ],
        [
          0.060315,
          -0.998174,
          -0.003191,
          1.640842
        ],
        [
          0.0,
          0.0,
          0.0,
          1.0
        ]
      ]
    },
    {
      "file_path": "/media/NFS/ttao/scannet/posed_images/scene0589_01/00110.jpg",
      "transform_matrix": [
        [
          0.114916,
          -0.00711,
          0.99335,
          1.680879
        ],
        [
          -0.991575,
          -0.06099,
          0.114275,
          1.80213
        ],
        [
          0.059772,
          -0.998113,
          -0.014059,
          1.637264
        ],
        [
          0.0,
          0.0,
          0.0,
          1.0
        ]
      ]
    },
    {
      "file_path": "/media/NFS/ttao/scannet/posed_images/scene0589_01/00117.jpg",
      "transform_matrix": [
        [
          0.168723,
          -0.025201,
          0.985341,
          1.695164
        ],
        [
          -0.983925,
          -0.063661,
          0.166852,
          1.82137
        ],
        [
          0.058523,
          -0.997653,
          -0.035537,
          1.608526
        ],
        [
          0.0,
          0.0,
          0.0,
          1.0
        ]
      ]
    },
    {
      "file_path": "/media/NFS/ttao/scannet/posed_images/scene0589_01/00125.jpg",
      "transform_matrix": [
        [
          0.23181,
          -0.075337,
          0.969839,
          1.72886
        ],
        [
          -0.971518,
          -0.068319,
          0.226904,
          1.827456
        ],
        [
          0.049164,
          -0.994815,
          -0.089028,
          1.580864
        ],
        [
          0.0,
          0.0,
          0.0,
          1.0
        ]
      ]
    },
    {
      "file_path": "/media/NFS/ttao/scannet/posed_images/scene0589_01/00131.jpg",
      "transform_matrix": [
        [
          0.263015,
          -0.134004,
          0.955441,
          1.768591
        ],
        [
          -0.963966,
          -0.077459,
          0.254498,
          1.832319
        ],
        [
          0.039904,
          -0.987949,
          -0.149548,
          1.564446
        ],
        [
          0.0,
          0.0,
          0.0,
          1.0
        ]
      ]
    },
    {
      "file_path": "/media/NFS/ttao/scannet/posed_images/scene0589_01/00133.jpg",
      "transform_matrix": [
        [
          0.273376,
          -0.152572,
          0.94973,
          1.794388
        ],
        [
          -0.961058,
          -0.084811,
          0.263012,
          1.828224
        ],
        [
          0.040419,
          -0.984647,
          -0.169815,
          1.56191
        ],
        [
          0.0,
          0.0,
          0.0,
          1.0
        ]
      ]
    },
    {
      "file_path": "/media/NFS/ttao/scannet/posed_images/scene0589_01/00141.jpg",
      "transform_matrix": [
        [
          0.300443,
          -0.21627,
          0.928957,
          1.909661
        ],
        [
          -0.952854,
          -0.111427,
          0.28223,
          1.805683
        ],
        [
          0.042473,
          -0.969954,
          -0.239551,
          1.53112
        ],
        [
          0.0,
          0.0,
          0.0,
          1.0
        ]
      ]
    },
    {
      "file_path": "/media/NFS/ttao/scannet/posed_images/scene0589_01/00147.jpg",
      "transform_matrix": [
        [
          0.300569,
          -0.262865,
          0.916821,
          1.988168
        ],
        [
          -0.953188,
          -0.11609,
          0.279207,
          1.790887
        ],
        [
          0.03304,
          -0.957823,
          -0.285453,
          1.508042
        ],
        [
          0.0,
          0.0,
          0.0,
          1.0
        ]
      ]
    },
    {
      "file_path": "/media/NFS/ttao/scannet/posed_images/scene0589_01/00152.jpg",
      "transform_matrix": [
        [
          0.308722,
          -0.322765,
          0.894714,
          2.044918
        ],
        [
          -0.951071,
          -0.117039,
          0.285947,
          1.756721
        ],
        [
          0.012423,
          -0.939215,
          -0.343105,
          1.484882
        ],
        [
          0.0,
          0.0,
          0.0,
          1.0
        ]
      ]
    },
    {
      "file_path": "/media/NFS/ttao/scannet/posed_images/scene0589_01/00157.jpg",
      "transform_matrix": [
        [
          0.312713,
          -0.341429,
          0.886362,
          2.090006
        ],
        [
          -0.949844,
          -0.109825,
          0.292805,
          1.724789
        ],
        [
          -0.002627,
          -0.933469,
          -0.358648,
          1.469836
        ],
        [
          0.0,
          0.0,
          0.0,
          1.0
        ]
      ]
    },
    {
      "file_path": "/media/NFS/ttao/scannet/posed_images/scene0589_01/00158.jpg",
      "transform_matrix": [
        [
          0.317272,
          -0.341216,
          0.884822,
          2.094992
        ],
        [
          -0.948324,
          -0.109778,
          0.297709,
          1.716668
        ],
        [
          -0.004449,
          -0.933553,
          -0.358413,
          1.459634
        ],
        [
          0.0,
          0.0,
          0.0,
          1.0
        ]
      ]
    },
    {
      "file_path": "/media/NFS/ttao/scannet/posed_images/scene0589_01/00166.jpg",
      "transform_matrix": [
        [
          0.375764,
          -0.352834,
          0.856918,
          2.192604
        ],
        [
          -0.926534,
          -0.161311,
          0.339872,
          1.643996
        ],
        [
          0.018312,
          -0.921676,
          -0.387528,
          1.483822
        ],
        [
          0.0,
          0.0,
          0.0,
          1.0
        ]
      ]
    },
    {
      "file_path": "/media/NFS/ttao/scannet/posed_images/scene0589_01/00170.jpg",
      "transform_matrix": [
        [
          0.414497,
          -0.354179,
          0.838302,
          2.245418
        ],
        [
          -0.909496,
          -0.193368,
          0.368002,
          1.583643
        ],
        [
          0.031762,
          -0.914968,
          -0.402275,
          1.491321
        ],
        [
          0.0,
          0.0,
          0.0,
          1.0
        ]
      ]
    },
    {
      "file_path": "/media/NFS/ttao/scannet/posed_images/scene0589_01/00179.jpg",
      "transform_matrix": [
        [
          0.468168,
          -0.356984,
          0.80832,
          2.330411
        ],
        [
          -0.883285,
          -0.214947,
          0.416659,
          1.487691
        ],
        [
          0.025005,
          -0.909044,
          -0.415949,
          1.478452
        ],
        [
          0.0,
          0.0,
          0.0,
          1.0
        ]
      ]
    },
    {
      "file_path": "/media/NFS/ttao/scannet/posed_images/scene0589_01/00181.jpg",
      "transform_matrix": [
        [
          0.476905,
          -0.363358,
          0.800333,
          2.357775
        ],
        [
          -0.878776,
          -0.21551,
          0.425804,
          1.464278
        ],
        [
          0.017761,
          -0.906381,
          -0.422088,
          1.470604
        ],
        [
          0.0,
          0.0,
          0.0,
          1.0
        ]
      ]
    },
    {
      "file_path": "/media/NFS/ttao/scannet/posed_images/scene0589_01/00189.jpg",
      "transform_matrix": [
        [
          0.508065,
          -0.364387,
          0.780444,
          2.481845
        ],
        [
          -0.860817,
          -0.245735,
          0.445654,
          1.403896
        ],
        [
          0.029391,
          -0.898241,
          -0.43852,
          1.453681
        ],
        [
          0.0,
          0.0,
          0.0,
          1.0
        ]
      ]
    },
    {
      "file_path": "/media/NFS/ttao/scannet/posed_images/scene0589_01/00190.jpg",
      "transform_matrix": [
        [
          0.514244,
          -0.367604,
          0.774868,
          2.497266
        ],
        [
          -0.857147,
          -0.251049,
          0.449749,
          1.395464
        ],
        [
          0.0292,
          -0.895456,
          -0.444191,
          1.450444
        ],
        [
          0.0,
          0.0,
          0.0,
          1.0
        ]
      ]
    },
    {
      "file_path": "/media/NFS/ttao/scannet/posed_images/scene0589_01/00200.jpg",
      "transform_matrix": [
        [
          0.567148,
          -0.416819,
          0.710356,
          2.618378
        ],
        [
          -0.822958,
          -0.321259,
          0.468543,
          1.344762
        ],
        [
          0.032911,
          -0.850326,
          -0.525226,
          1.445926
        ],
        [
          0.0,
          0.0,
          0.0,
          1.0
        ]
      ]
    },
    {
      "file_path": "/media/NFS/ttao/scannet/posed_images/scene0589_01/00202.jpg",
      "transform_matrix": [
        [
          0.587761,
          -0.411448,
          0.696597,
          2.625407
        ],
        [
          -0.808485,
          -0.330441,
          0.486991,
          1.336245
        ],
        [
          0.029813,
          -0.849423,
          -0.52687,
          1.434867
        ],
        [
          0.0,
          0.0,
          0.0,
          1.0
        ]
      ]
    },
    {
      "file_path": "/media/NFS/ttao/scannet/posed_images/scene0589_01/00211.jpg",
      "transform_matrix": [
        [
          0.700937,
          -0.395377,
          0.593603,
          2.672718
        ],
        [
          -0.713187,
          -0.396967,
          0.577739,
          1.299152
        ],
        [
          0.007216,
          -0.828308,
          -0.560227,
          1.458491
        ],
        [
          0.0,
          0.0,
          0.0,
          1.0
        ]
      ]
    },
    {
      "file_path": "/media/NFS/ttao/scannet/posed_images/scene0589_01/00216.jpg",
      "transform_matrix": [
        [
          0.770143,
          -0.346286,
          0.535691,
          2.682971
        ],
        [
          -0.637861,
          -0.413464,
          0.649754,
          1.257925
        ],
        [
          -0.003512,
          -0.8421,
          -0.53931,
          1.465976
        ],
        [
          0.0,
          0.0,
          0.0,
          1.0
        ]
      ]
    },
    {
      "file_path": "/media/NFS/ttao/scannet/posed_images/scene0589_01/00221.jpg",
      "transform_matrix": [
        [
          0.820657,
          -0.308198,
          0.481182,
          2.684854
        ],
        [
          -0.5714,
          -0.449852,
          0.686393,
          1.22079
        ],
        [
          0.004916,
          -0.83824,
          -0.545279,
          1.454622
        ],
        [
          0.0,
          0.0,
          0.0,
          1.0
        ]
      ]
    },
    {
      "file_path": "/media/NFS/ttao/scannet/posed_images/scene0589_01/00222.jpg",
      "transform_matrix": [
        [
          0.826983,
          -0.300386,
          0.475255,
          2.68362
        ],
        [
          -0.562163,
          -0.45462,
          0.690865,
          1.216761
        ],
        [
          0.008534,
          -0.838504,
          -0.544829,
          1.45563
        ],
        [
          0.0,
          0.0,
          0.0,
          1.0
        ]
      ]
    },
    {
      "file_path": "/media/NFS/ttao/scannet/posed_images/scene0589_01/00232.jpg",
      "transform_matrix": [
        [
          0.878842,
          -0.218418,
          0.424182,
          2.717376
        ],
        [
          -0.47695,
          -0.425451,
          0.769097,
          1.156689
        ],
        [
          0.012484,
          -0.878229,
          -0.478078,
          1.497147
        ],
        [
          0.0,
          0.0,
          0.0,
          1.0
        ]
      ]
    },
    {
      "file_path": "/media/NFS/ttao/scannet/posed_images/scene0589_01/00237.jpg",
      "transform_matrix": [
        [
          0.893371,
          -0.173494,
          0.414473,
          2.71949
        ],
        [
          -0.448434,
          -0.402183,
          0.798221,
          1.156219
        ],
        [
          0.028208,
          -0.898971,
          -0.437099,
          1.530282
        ],
        [
          0.0,
          0.0,
          0.0,
          1.0
        ]
      ]
    },
    {
      "file_path": "/media/NFS/ttao/scannet/posed_images/scene0589_01/00243.jpg",
      "transform_matrix": [
        [
          0.905226,
          -0.12659,
          0.405636,
          2.71032
        ],
        [
          -0.423456,
          -0.348189,
          0.836331,
          1.143686
        ],
        [
          0.035367,
          -0.928838,
          -0.368795,
          1.536703
        ],
        [
          0.0,
          0.0,
          0.0,
          1.0
        ]
      ]
    },
    {
      "file_path": "/media/NFS/ttao/scannet/posed_images/scene0589_01/00248.jpg",
      "transform_matrix": [
        [
          0.918483,
          -0.107711,
          0.380509,
          2.692935
        ],
        [
          -0.394407,
          -0.319679,
          0.861538,
          1.152579
        ],
        [
          0.028843,
          -0.941384,
          -0.336102,
          1.559602
        ],
        [
          0.0,
          0.0,
          0.0,
          1.0
        ]
      ]
    },
    {
      "file_path": "/media/NFS/ttao/scannet/posed_images/scene0589_01/00253.jpg",
      "transform_matrix": [
        [
          0.936252,
          -0.086057,
          0.340626,
          2.687033
        ],
        [
          -0.350279,
          -0.303547,
          0.886095,
          1.172351
        ],
        [
          0.027141,
          -0.948922,
          -0.31434,
          1.600571
        ],
        [
          0.0,
          0.0,
          0.0,
          1.0
        ]
      ]
    },
    {
      "file_path": "/media/NFS/ttao/scannet/posed_images/scene0589_01/00259.jpg",
      "transform_matrix": [
        [
          0.943926,
          -0.081759,
          0.319873,
          2.664057
        ],
        [
          -0.329727,
          -0.282815,
          0.900719,
          1.219637
        ],
        [
          0.016823,
          -0.955683,
          -0.293915,
          1.624921
        ],
        [
          0.0,
          0.0,
          0.0,
          1.0
        ]
      ]
    },
    {
      "file_path": "/media/NFS/ttao/scannet/posed_images/scene0589_01/00261.jpg",
      "transform_matrix": [
        [
          0.946367,
          -0.083586,
          0.312094,
          2.657765
        ],
        [
          -0.323022,
          -0.264946,
          0.908548,
          1.227401
        ],
        [
          0.006746,
          -0.960634,
          -0.277737,
          1.600099
        ],
        [
          0.0,
          0.0,
          0.0,
          1.0
        ]
      ]
    },
    {
      "file_path": "/media/NFS/ttao/scannet/posed_images/scene0589_01/00266.jpg",
      "transform_matrix": [
        [
          0.94989,
          -0.088979,
          0.299654,
          2.627295
        ],
        [
          -0.312579,
          -0.264128,
          0.912431,
          1.275594
        ],
        [
          -0.002041,
          -0.960374,
          -0.278706,
          1.600664
        ],
        [
          0.0,
          0.0,
          0.0,
          1.0
        ]
      ]
    },
    {
      "file_path": "/media/NFS/ttao/scannet/posed_images/scene0589_01/00274.jpg",
      "transform_matrix": [
        [
          0.954942,
          -0.103067,
          0.278321,
          2.582891
        ],
        [
          -0.296262,
          -0.275029,
          0.914652,
          1.358663
        ],
        [
          -0.017724,
          -0.955896,
          -0.293172,
          1.591932
        ],
        [
          0.0,
          0.0,
          0.0,
          1.0
        ]
      ]
    },
    {
      "file_path": "/media/NFS/ttao/scannet/posed_images/scene0589_01/00277.jpg",
      "transform_matrix": [
        [
          0.957745,
          -0.098438,
          0.270251,
          2.562989
        ],
        [
          -0.28723,
          -0.278433,
          0.916501,
          1.387866
        ],
        [
          -0.014971,
          -0.955398,
          -0.294942,
          1.590602
        ],
        [
          0.0,
          0.0,
          0.0,
          1.0
        ]
      ]
    },
    {
      "file_path": "/media/NFS/ttao/scannet/posed_images/scene0589_01/00285.jpg",
      "transform_matrix": [
        [
          0.965991,
          -0.074075,
          0.247737,
          2.549094
        ],
        [
          -0.258494,
          -0.30044,
          0.918105,
          1.459796
        ],
        [
          0.006421,
          -0.95092,
          -0.309371,
          1.591
        ],
        [
          0.0,
          0.0,
          0.0,
          1.0
        ]
      ]
    },
    {
      "file_path": "/media/NFS/ttao/scannet/posed_images/scene0589_01/00286.jpg",
      "transform_matrix": [
        [
          0.965499,
          -0.073442,
          0.249836,
          2.54941
        ],
        [
          -0.260282,
          -0.301823,
          0.917146,
          1.469388
        ],
        [
          0.008049,
          -0.950531,
          -0.310525,
          1.590836
        ],
        [
          0.0,
          0.0,
          0.0,
          1.0
        ]
      ]
    },
    {
      "file_path": "/media/NFS/ttao/scannet/posed_images/scene0589_01/00296.jpg",
      "transform_matrix": [
        [
          0.960283,
          -0.048274,
          0.274822,
          2.598186
        ],
        [
          -0.276461,
          -0.29792,
          0.913681,
          1.579034
        ],
        [
          0.037768,
          -0.953369,
          -0.299434,
          1.5947
        ],
        [
          0.0,
          0.0,
          0.0,
          1.0
        ]
      ]
    },
    {
      "file_path": "/media/NFS/ttao/scannet/posed_images/scene0589_01/00301.jpg",
      "transform_matrix": [
        [
          0.959878,
          -0.032603,
          0.278515,
          2.637893
        ],
        [
          -0.275476,
          -0.295261,
          0.914841,
          1.640406
        ],
        [
          0.052408,
          -0.95486,
          -0.292396,
          1.602296
        ],
        [
          0.0,
          0.0,
          0.0,
          1.0
        ]
      ]
    },
    {
      "file_path": "/media/NFS/ttao/scannet/posed_images/scene0589_01/00307.jpg",
      "transform_matrix": [
        [
          0.957698,
          -0.04061,
          0.284895,
          2.680367
        ],
        [
          -0.283002,
          -0.312479,
          0.906789,
          1.714296
        ],
        [
          0.052199,
          -0.949056,
          -0.310754,
          1.590887
        ],
        [
          0.0,
          0.0,
          0.0,
          1.0
        ]
      ]
    },
    {
      "file_path": "/media/NFS/ttao/scannet/posed_images/scene0589_01/00309.jpg",
      "transform_matrix": [
        [
          0.956548,
          -0.045092,
          0.288068,
          2.694265
        ],
        [
          -0.286628,
          -0.326661,
          0.900631,
          1.744154
        ],
        [
          0.05349,
          -0.944065,
          -0.325392,
          1.590918
        ],
        [
          0.0,
          0.0,
          0.0,
          1.0
        ]
      ]
    },
    {
      "file_path": "/media/NFS/ttao/scannet/posed_images/scene0589_01/00315.jpg",
      "transform_matrix": [
        [
          0.938924,
          -0.078242,
          0.335113,
          2.740964
        ],
        [
          -0.341502,
          -0.331853,
          0.879346,
          1.84685
        ],
        [
          0.042407,
          -0.940081,
          -0.338304,
          1.562078
        ],
        [
          0.0,
          0.0,
          0.0,
          1.0
        ]
      ]
    },
    {
      "file_path": "/media/NFS/ttao/scannet/posed_images/scene0589_01/00320.jpg",
      "transform_matrix": [
        [
          0.923757,
          -0.108045,
          0.367421,
          2.779124
        ],
        [
          -0.382379,
          -0.313846,
          0.869072,
          1.928554
        ],
        [
          0.021415,
          -0.943306,
          -0.331232,
          1.557715
        ],
        [
          0.0,
          0.0,
          0.0,
          1.0
        ]
      ]
    },
    {
      "file_path": "/media/NFS/ttao/scannet/posed_images/scene0589_01/00328.jpg",
      "transform_matrix": [
        [
          0.900011,
          -0.12683,
          0.417007,
          2.852649
        ],
        [
          -0.435856,
          -0.254943,
          0.863153,
          2.006657
        ],
        [
          -0.00316,
          -0.958602,
          -0.284731,
          1.568929
        ],
        [
          0.0,
          0.0,
          0.0,
          1.0
        ]
      ]
    },
    {
      "file_path": "/media/NFS/ttao/scannet/posed_images/scene0589_01/00331.jpg",
      "transform_matrix": [
        [
          0.894742,
          -0.110809,
          0.432618,
          2.875581
        ],
        [
          -0.446417,
          -0.248412,
          0.859653,
          2.030169
        ],
        [
          0.012211,
          -0.962296,
          -0.271732,
          1.582492
        ],
        [
          0.0,
          0.0,
          0.0,
          1.0
        ]
      ]
    },
    {
      "file_path": "/media/NFS/ttao/scannet/posed_images/scene0589_01/00338.jpg",
      "transform_matrix": [
        [
          0.874063,
          -0.107131,
          0.473854,
          2.996517
        ],
        [
          -0.484282,
          -0.26952,
          0.832364,
          2.051609
        ],
        [
          0.038542,
          -0.957017,
          -0.287459,
          1.56808
        ],
        [
          0.0,
          0.0,
          0.0,
          1.0
        ]
      ]
    },
    {
      "file_path": "/media/NFS/ttao/scannet/posed_images/scene0589_01/00344.jpg",
      "transform_matrix": [
        [
          0.876581,
          -0.087703,
          0.473195,
          3.124994
        ],
        [
          -0.478386,
          -0.265977,
          0.836901,
          2.055523
        ],
        [
          0.052461,
          -0.959981,
          -0.275106,
          1.567575
        ],
        [
          0.0,
          0.0,
          0.0,
          1.0
        ]
      ]
    },
    {
      "file_path": "/media/NFS/ttao/scannet/posed_images/scene0589_01/00346.jpg",
      "transform_matrix": [
        [
          0.879546,
          -0.087378,
          0.467723,
          3.158062
        ],
        [
          -0.473602,
          -0.255453,
          0.842879,
          2.053944
        ],
        [
          0.045832,
          -0.962865,
          -0.266065,
          1.568907
        ],
        [
          0.0,
          0.0,
          0.0,
          1.0
        ]
      ]
    },
    {
      "file_path": "/media/NFS/ttao/scannet/posed_images/scene0589_01/00355.jpg",
      "transform_matrix": [
        [
          0.863473,
          -0.125417,
          0.488554,
          3.305732
        ],
        [
          -0.504179,
          -0.242951,
          0.828721,
          2.034862
        ],
        [
          0.014759,
          -0.961897,
          -0.273014,
          1.562719
        ],
        [
          0.0,
          0.0,
          0.0,
          1.0
        ]
      ]
    },
    {
      "file_path": "/media/NFS/ttao/scannet/posed_images/scene0589_01/00357.jpg",
      "transform_matrix": [
        [
          0.858559,
          -0.134362,
          0.494796,
          3.340698
        ],
        [
          -0.512699,
          -0.232638,
          0.82645,
          2.030167
        ],
        [
          0.004065,
          -0.963237,
          -0.268621,
          1.561872
        ],
        [
          0.0,
          0.0,
          0.0,
          1.0
        ]
      ]
    },
    {
      "file_path": "/media/NFS/ttao/scannet/posed_images/scene0589_01/00365.jpg",
      "transform_matrix": [
        [
          0.832824,
          -0.154941,
          0.531411,
          3.506392
        ],
        [
          -0.553422,
          -0.213424,
          0.805093,
          1.998987
        ],
        [
          -0.011326,
          -0.964595,
          -0.263493,
          1.529532
        ],
        [
          0.0,
          0.0,
          0.0,
          1.0
        ]
      ]
    },
    {
      "file_path": "/media/NFS/ttao/scannet/posed_images/scene0589_01/00370.jpg",
      "transform_matrix": [
        [
          0.840189,
          -0.162838,
          0.517268,
          3.593193
        ],
        [
          -0.541571,
          -0.202745,
          0.81584,
          1.986377
        ],
        [
          -0.027976,
          -0.965597,
          -0.258532,
          1.519508
        ],
        [
          0.0,
          0.0,
          0.0,
          1.0
        ]
      ]
    },
    {
      "file_path": "/media/NFS/ttao/scannet/posed_images/scene0589_01/00376.jpg",
      "transform_matrix": [
        [
          0.859681,
          -0.153423,
          0.487248,
          3.693742
        ],
        [
          -0.510829,
          -0.255048,
          0.820978,
          1.964719
        ],
        [
          -0.001685,
          -0.954679,
          -0.297633,
          1.509843
        ],
        [
          0.0,
          0.0,
          0.0,
          1.0
        ]
      ]
    },
    {
      "file_path": "/media/NFS/ttao/scannet/posed_images/scene0589_01/00381.jpg",
      "transform_matrix": [
        [
          0.875932,
          -0.139186,
          0.461921,
          3.758792
        ],
        [
          -0.482405,
          -0.263388,
          0.835411,
          1.941214
        ],
        [
          0.005387,
          -0.954596,
          -0.297854,
          1.509269
        ],
        [
          0.0,
          0.0,
          0.0,
          1.0
        ]
      ]
    },
    {
      "file_path": "/media/NFS/ttao/scannet/posed_images/scene0589_01/00382.jpg",
      "transform_matrix": [
        [
          0.880896,
          -0.136963,
          0.45306,
          3.7704
        ],
        [
          -0.473278,
          -0.265985,
          0.839798,
          1.934781
        ],
        [
          0.005486,
          -0.954198,
          -0.299127,
          1.51062
        ],
        [
          0.0,
          0.0,
          0.0,
          1.0
        ]
      ]
    },
    {
      "file_path": "/media/NFS/ttao/scannet/posed_images/scene0589_01/00392.jpg",
      "transform_matrix": [
        [
          0.938896,
          -0.080317,
          0.334701,
          3.861952
        ],
        [
          -0.343049,
          -0.297876,
          0.890835,
          1.852635
        ],
        [
          0.02815,
          -0.95122,
          -0.307227,
          1.501474
        ],
        [
          0.0,
          0.0,
          0.0,
          1.0
        ]
      ]
    },
    {
      "file_path": "/media/NFS/ttao/scannet/posed_images/scene0589_01/00397.jpg",
      "transform_matrix": [
        [
          0.951514,
          -0.05267,
          0.303064,
          3.893814
        ],
        [
          -0.303432,
          -0.322471,
          0.896628,
          1.82016
        ],
        [
          0.050504,
          -0.945113,
          -0.322817,
          1.499622
        ],
        [
          0.0,
          0.0,
          0.0,
          1.0
        ]
      ]
    },
    {
      "file_path": "/media/NFS/ttao/scannet/posed_images/scene0589_01/00400.jpg",
      "transform_matrix": [
        [
          0.956792,
          -0.0408,
          0.287897,
          3.917344
        ],
        [
          -0.286296,
          -0.305265,
          0.908211,
          1.799337
        ],
        [
          0.05083,
          -0.951393,
          -0.303756,
          1.50416
        ],
        [
          0.0,
          0.0,
          0.0,
          1.0
        ]
      ]
    },
    {
      "file_path": "/media/NFS/ttao/scannet/posed_images/scene0589_01/00406.jpg",
      "transform_matrix": [
        [
          0.960208,
          -0.039231,
          0.276518,
          3.932918
        ],
        [
          -0.277194,
          -0.254855,
          0.926398,
          1.781133
        ],
        [
          0.034128,
          -0.966183,
          -0.255588,
          1.537572
        ],
        [
          0.0,
          0.0,
          0.0,
          1.0
        ]
      ]
    },
    {
      "file_path": "/media/NFS/ttao/scannet/posed_images/scene0589_01/00410.jpg",
      "transform_matrix": [
        [
          0.964404,
          -0.042736,
          0.260957,
          3.943125
        ],
        [
          -0.263877,
          -0.219503,
          0.939248,
          1.769195
        ],
        [
          0.017142,
          -0.974675,
          -0.222967,
