{
  "frames": [
    {
      "file_path": "/media/NFS/ttao/scannet/posed_images/scene0105_01/00000.jpg",
      "transform_matrix": [
        [
          0.980076,
          0.090973,
          -0.176565,
          1.342114
        ],
        [
          0.197752,
          -0.530115,
          0.824544,
          0.109382
        ],
        [
          -0.018588,
          -0.843032,
          -0.537543,
          1.365611
        ],
        [
          0.0,
          0.0,
          0.0,
          1.0
        ]
      ]
    },
    {
      "file_path": "/media/NFS/ttao/scannet/posed_images/scene0105_01/00006.jpg",
      "transform_matrix": [
        [
          0.984642,
          0.081477,
          -0.15441,
          1.324658
        ],
        [
          0.173834,
          -0.539592,
          0.823785,
          0.112778
        ],
        [
          -0.016199,
          -0.837975,
          -0.545468,
          1.361344
        ],
        [
          0.0,
          0.0,
          0.0,
          1.0
        ]
      ]
    },
    {
      "file_path": "/media/NFS/ttao/scannet/posed_images/scene0105_01/00009.jpg",
      "transform_matrix": [
        [
          0.986178,
          0.07039,
          -0.149997,
          1.31571
        ],
        [
          0.16399,
          -0.544051,
          0.822871,
          0.113615
        ],
        [
          -0.023684,
          -0.836094,
          -0.548074,
          1.360604
        ],
        [
          0.0,
          0.0,
          0.0,
          1.0
        ]
      ]
    },
    {
      "file_path": "/media/NFS/ttao/scannet/posed_images/scene0105_01/00013.jpg",
      "transform_matrix": [
        [
          0.991163,
          0.039008,
          -0.126783,
          1.280015
        ],
        [
          0.12719,
          -0.550812,
          0.824881,
          0.112102
        ],
        [
          -0.037657,
          -0.833718,
          -0.550906,
          1.360093
        ],
        [
          0.0,
          0.0,
          0.0,
          1.0
        ]
      ]
    },
    {
      "file_path": "/media/NFS/ttao/scannet/posed_images/scene0105_01/00015.jpg",
      "transform_matrix": [
        [
          0.992706,
          0.028695,
          -0.1171,
          1.273456
        ],
        [
          0.11357,
          -0.548558,
          0.828364,
          0.112543
        ],
        [
          -0.040467,
          -0.83562,
          -0.547815,
          1.359725
        ],
        [
          0.0,
          0.0,
          0.0,
          1.0
        ]
      ]
    },
    {
      "file_path": "/media/NFS/ttao/scannet/posed_images/scene0105_01/00020.jpg",
      "transform_matrix": [
        [
          0.995868,
          0.002521,
          -0.090781,
          1.267927
        ],
        [
          0.07602,
          -0.570024,
          0.818104,
          0.130147
        ],
        [
          -0.049685,
          -0.821624,
          -0.56786,
          1.358854
        ],
        [
          0.0,
          0.0,
          0.0,
          1.0
        ]
      ]
    },
    {
      "file_path": "/media/NFS/ttao/scannet/posed_images/scene0105_01/00025.jpg",
      "transform_matrix": [
        [
          0.99751,
          0.001782,
          -0.070505,
          1.259529
        ],
        [
          0.058149,
          -0.586468,
          0.807882,
          0.148118
        ],
        [
          -0.03991,
          -0.80997,
          -0.585111,
          1.350021
        ],
        [
          0.0,
          0.0,
          0.0,
          1.0
        ]
      ]
    },
    {
      "file_path": "/media/NFS/ttao/scannet/posed_images/scene0105_01/00027.jpg",
      "transform_matrix": [
        [
          0.997762,
          0.000722,
          -0.066862,
          1.257756
        ],
        [
          0.05428,
          -0.592669,
          0.803615,
          0.16008
        ],
        [
          -0.039047,
          -0.805446,
          -0.591382,
          1.347285
        ],
        [
          0.0,
          0.0,
          0.0,
          1.0
        ]
      ]
    },
    {
      "file_path": "/media/NFS/ttao/scannet/posed_images/scene0105_01/00029.jpg",
      "transform_matrix": [
        [
          0.997724,
          0.002649,
          -0.067376,
          1.257572
        ],
        [
          0.055549,
          -0.598699,
          0.799046,
          0.17183
        ],
        [
          -0.038221,
          -0.80097,
          -0.597484,
          1.343555
        ],
        [
          0.0,
          0.0,
          0.0,
          1.0
        ]
      ]
    },
    {
      "file_path": "/media/NFS/ttao/scannet/posed_images/scene0105_01/00033.jpg",
      "transform_matrix": [
        [
          0.997159,
          0.008349,
          -0.074861,
          1.255022
        ],
        [
          0.064299,
          -0.612021,
          0.788223,
          0.205517
        ],
        [
          -0.039236,
          -0.790797,
          -0.610819,
          1.337289
        ],
        [
          0.0,
          0.0,
          0.0,
          1.0
        ]
      ]
    },
    {
      "file_path": "/media/NFS/ttao/scannet/posed_images/scene0105_01/00039.jpg",
      "transform_matrix": [
        [
          0.995241,
          0.009875,
          -0.096941,
          1.253653
        ],
        [
          0.081899,
          -0.623817,
          0.777268,
          0.265412
        ],
        [
          -0.052797,
          -0.781508,
          -0.621657,
          1.334451
        ],
        [
          0.0,
          0.0,
          0.0,
          1.0
        ]
      ]
    },
    {
      "file_path": "/media/NFS/ttao/scannet/posed_images/scene0105_01/00042.jpg",
      "transform_matrix": [
        [
          0.99522,
          0.010647,
          -0.097075,
          1.255495
        ],
        [
          0.082665,
          -0.621097,
          0.779362,
          0.29601
        ],
        [
          -0.051996,
          -0.783661,
          -0.619008,
          1.331152
        ],
        [
          0.0,
          0.0,
          0.0,
          1.0
        ]
      ]
    },
    {
      "file_path": "/media/NFS/ttao/scannet/posed_images/scene0105_01/00047.jpg",
      "transform_matrix": [
        [
          0.995249,
          0.016772,
          -0.095912,
          1.258642
        ],
        [
          0.085493,
          -0.62195,
          0.778376,
          0.342029
        ],
        [
          -0.046597,
          -0.782878,
          -0.620429,
          1.329934
        ],
        [
          0.0,
          0.0,
          0.0,
          1.0
        ]
      ]
    },
    {
      "file_path": "/media/NFS/ttao/scannet/posed_images/scene0105_01/00048.jpg",
      "transform_matrix": [
        [
          0.995435,
          0.016868,
          -0.093938,
          1.257834
        ],
        [
          0.083821,
          -0.625159,
          0.775984,
          0.350006
        ],
        [
          -0.045637,
          -0.780316,
          -0.623719,
          1.328208
        ],
        [
          0.0,
          0.0,
          0.0,
          1.0
        ]
      ]
    },
    {
      "file_path": "/media/NFS/ttao/scannet/posed_images/scene0105_01/00054.jpg",
      "transform_matrix": [
        [
          0.997682,
          0.030275,
          -0.060946,
          1.251403
        ],
        [
          0.065677,
          -0.662874,
          0.745845,
          0.3985
        ],
        [
          -0.017819,
          -0.748119,
          -0.663325,
          1.313883
        ],
        [
          0.0,
          0.0,
          0.0,
          1.0
        ]
      ]
    },
    {
      "file_path": "/media/NFS/ttao/scannet/posed_images/scene0105_01/00058.jpg",
      "transform_matrix": [
        [
          0.99842,
          0.02921,
          -0.048004,
          1.243131
        ],
        [
          0.054994,
          -0.683438,
          0.727935,
          0.435029
        ],
        [
          -0.011544,
          -0.729424,
          -0.683964,
          1.304316
        ],
        [
          0.0,
          0.0,
          0.0,
          1.0
        ]
      ]
    },
    {
      "file_path": "/media/NFS/ttao/scannet/posed_images/scene0105_01/00060.jpg",
      "transform_matrix": [
        [
          0.999065,
          0.026362,
          -0.034256,
          1.233896
        ],
        [
          0.042999,
          -0.687059,
          0.725328,
          0.454669
        ],
        [
          -0.004415,
          -0.726123,
          -0.68755,
          1.298273
        ],
        [
          0.0,
          0.0,
          0.0,
          1.0
        ]
      ]
    },
    {
      "file_path": "/media/NFS/ttao/scannet/posed_images/scene0105_01/00065.jpg",
      "transform_matrix": [
        [
          0.999654,
          0.025511,
          -0.006486,
          1.213534
        ],
        [
          0.022491,
          -0.699811,
          0.713974,
          0.512831
        ],
        [
          0.013675,
          -0.713873,
          -0.700142,
          1.291014
        ],
        [
          0.0,
          0.0,
          0.0,
          1.0
        ]
      ]
    },
    {
      "file_path": "/media/NFS/ttao/scannet/posed_images/scene0105_01/00069.jpg",
      "transform_matrix": [
        [
          0.999574,
          0.024786,
          0.015388,
          1.201057
        ],
        [
          0.006179,
          -0.695334,
          0.71866,
          0.556979
        ],
        [
          0.028513,
          -0.718259,
          -0.695191,
          1.28915
        ],
        [
          0.0,
          0.0,
          0.0,
          1.0
        ]
      ]
    },
    {
      "file_path": "/media/NFS/ttao/scannet/posed_images/scene0105_01/00073.jpg",
      "transform_matrix": [
        [
          0.999176,
          0.008235,
          0.039745,
          1.188649
        ],
        [
          -0.022107,
          -0.710792,
          0.703054,
          0.599272
        ],
        [
          0.03404,
          -0.703354,
          -0.710025,
          1.284505
        ],
        [
          0.0,
          0.0,
          0.0,
          1.0
        ]
      ]
    },
    {
      "file_path": "/media/NFS/ttao/scannet/posed_images/scene0105_01/00076.jpg",
      "transform_matrix": [
        [
          0.998082,
          -0.003472,
          0.061806,
          1.185983
        ],
        [
          -0.045166,
          -0.723617,
          0.688723,
          0.627164
        ],
        [
          0.042332,
          -0.690193,
          -0.722386,
          1.281833
        ],
        [
          0.0,
          0.0,
          0.0,
          1.0
        ]
      ]
    },
    {
      "file_path": "/media/NFS/ttao/scannet/posed_images/scene0105_01/00081.jpg",
      "transform_matrix": [
        [
          0.994496,
          -0.006296,
          0.104584,
          1.179992
        ],
        [
          -0.075082,
          -0.739031,
          0.669474,
          0.677426
        ],
        [
          0.073076,
          -0.673642,
          -0.735436,
          1.275265
        ],
        [
          0.0,
          0.0,
          0.0,
          1.0
        ]
      ]
    },
    {
      "file_path": "/media/NFS/ttao/scannet/posed_images/scene0105_01/00084.jpg",
      "transform_matrix": [
        [
          0.992843,
          -0.012224,
          0.118798,
          1.182167
        ],
        [
          -0.087863,
          -0.748498,
          0.65729,
          0.706531
        ],
        [
          0.080885,
          -0.663024,
          -0.744215,
          1.269699
        ],
        [
          0.0,
          0.0,
          0.0,
          1.0
        ]
      ]
    },
    {
      "file_path": "/media/NFS/ttao/scannet/posed_images/scene0105_01/00085.jpg",
      "transform_matrix": [
        [
          0.992503,
          -0.017342,
          0.120983,
          1.183683
        ],
        [
          -0.092836,
          -0.7508,
          0.653973,
          0.716509
        ],
        [
          0.079493,
          -0.660302,
          -0.746782,
          1.267959
        ],
        [
          0.0,
          0.0,
          0.0,
          1.0
        ]
      ]
    },
    {
      "file_path": "/media/NFS/ttao/scannet/posed_images/scene0105_01/00089.jpg",
      "transform_matrix": [
        [
          0.990418,
          -0.047946,
          0.129508,
          1.188866
        ],
        [
          -0.120666,
          -0.756547,
          0.64271,
          0.762003
        ],
        [
          0.067164,
          -0.652179,
          -0.755084,
          1.263211
        ],
        [
          0.0,
          0.0,
          0.0,
          1.0
        ]
      ]
    },
    {
      "file_path": "/media/NFS/ttao/scannet/posed_images/scene0105_01/00096.jpg",
      "transform_matrix": [
        [
          0.987318,
          -0.073581,
          0.140673,
          1.207985
        ],
        [
          -0.144341,
          -0.784982,
          0.60247,
          0.837152
        ],
        [
          0.066095,
          -0.615134,
          -0.785647,
          1.256555
        ],
        [
          0.0,
          0.0,
          0.0,
          1.0
        ]
      ]
    },
    {
      "file_path": "/media/NFS/ttao/scannet/posed_images/scene0105_01/00097.jpg",
      "transform_matrix": [
        [
          0.986863,
          -0.07699,
          0.142032,
          1.209277
        ],
        [
          -0.147386,
          -0.789094,
          0.596329,
          0.845075
        ],
        [
          0.066166,
          -0.609429,
          -0.790075,
          1.254807
        ],
        [
          0.0,
          0.0,
          0.0,
          1.0
        ]
      ]
    },
    {
      "file_path": "/media/NFS/ttao/scannet/posed_images/scene0105_01/00100.jpg",
      "transform_matrix": [
        [
          0.982932,
          -0.090996,
          0.159891,
          1.211901
        ],
        [
          -0.169249,
          -0.787939,
          0.592037,
          0.871848
        ],
        [
          0.072111,
          -0.608993,
          -0.789891,
          1.254487
        ],
        [
          0.0,
          0.0,
          0.0,
          1.0
        ]
      ]
    },
    {
      "file_path": "/media/NFS/ttao/scannet/posed_images/scene0105_01/00106.jpg",
      "transform_matrix": [
        [
          0.973724,
          -0.128827,
          0.187789,
          1.227047
        ],
        [
          -0.215186,
          -0.7904,
          0.573553,
          0.919663
        ],
        [
          0.074539,
          -0.598892,
          -0.797353,
          1.25644
        ],
        [
          0.0,
          0.0,
          0.0,
          1.0
        ]
      ]
    },
    {
      "file_path": "/media/NFS/ttao/scannet/posed_images/scene0105_01/00108.jpg",
      "transform_matrix": [
        [
          0.969359,
          -0.146473,
          0.1972,
          1.230811
        ],
        [
          -0.234317,
          -0.792341,
          0.563287,
          0.934778
        ],
        [
          0.073743,
          -0.592234,
          -0.802384,
          1.254779
        ],
        [
          0.0,
          0.0,
          0.0,
          1.0
        ]
      ]
    },
    {
      "file_path": "/media/NFS/ttao/scannet/posed_images/scene0105_01/00115.jpg",
      "transform_matrix": [
        [
          0.947963,
          -0.201667,
          0.246367,
          1.238319
        ],
        [
          -0.305223,
          -0.795796,
          0.523018,
          0.985927
        ],
        [
          0.090582,
          -0.570998,
          -0.815939,
          1.247181
        ],
        [
          0.0,
          0.0,
          0.0,
          1.0
        ]
      ]
    },
    {
      "file_path": "/media/NFS/ttao/scannet/posed_images/scene0105_01/00116.jpg",
      "transform_matrix": [
        [
          0.944112,
          -0.210445,
          0.253702,
          1.238298
        ],
        [
          -0.316099,
          -0.796237,
          0.515837,
          0.993532
        ],
        [
          0.093451,
          -0.567203,
          -0.818259,
          1.246659
        ],
        [
          0.0,
          0.0,
          0.0,
          1.0
        ]
      ]
    },
    {
      "file_path": "/media/NFS/ttao/scannet/posed_images/scene0105_01/00121.jpg",
      "transform_matrix": [
        [
          0.915599,
          -0.273101,
          0.295118,
          1.232822
        ],
        [
          -0.390169,
          -0.780848,
          0.487898,
          1.029846
        ],
        [
          0.097197,
          -0.561865,
          -0.821499,
          1.243037
        ],
        [
          0.0,
          0.0,
          0.0,
          1.0
        ]
      ]
    },
    {
      "file_path": "/media/NFS/ttao/scannet/posed_images/scene0105_01/00124.jpg",
      "transform_matrix": [
        [
          0.902539,
          -0.304884,
          0.304087,
          1.233115
        ],
        [
          -0.421408,
          -0.770564,
          0.47817,
          1.048509
        ],
        [
          0.088532,
          -0.559712,
          -0.823945,
          1.242318
        ],
        [
          0.0,
          0.0,
          0.0,
          1.0
        ]
      ]
    },
    {
      "file_path": "/media/NFS/ttao/scannet/posed_images/scene0105_01/00127.jpg",
      "transform_matrix": [
        [
          0.891335,
          -0.327318,
          0.313663,
          1.232663
        ],
        [
          -0.445393,
          -0.761284,
          0.471246,
          1.06739
        ],
        [
          0.084539,
          -0.559741,
          -0.824344,
          1.241713
        ],
        [
          0.0,
          0.0,
          0.0,
          1.0
        ]
      ]
    },
    {
      "file_path": "/media/NFS/ttao/scannet/posed_images/scene0105_01/00132.jpg",
      "transform_matrix": [
        [
          0.872549,
          -0.362494,
          0.327499,
          1.235079
        ],
        [
          -0.481173,
          -0.753576,
          0.44788,
          1.093218
        ],
        [
          0.084442,
          -0.548381,
          -0.831954,
          1.239665
        ],
        [
          0.0,
          0.0,
          0.0,
          1.0
        ]
      ]
    },
    {
      "file_path": "/media/NFS/ttao/scannet/posed_images/scene0105_01/00135.jpg",
      "transform_matrix": [
        [
          0.861296,
          -0.385396,
          0.331118,
          1.241325
        ],
        [
          -0.501205,
          -0.751448,
          0.429092,
          1.107858
        ],
        [
          0.083448,
          -0.535533,
          -0.840382,
          1.237785
        ],
        [
          0.0,
          0.0,
          0.0,
          1.0
        ]
      ]
    },
    {
      "file_path": "/media/NFS/ttao/scannet/posed_images/scene0105_01/00139.jpg",
      "transform_matrix": [
        [
          0.851047,
          -0.403306,
          0.336249,
          1.254673
        ],
        [
          -0.51856,
          -0.746212,
          0.417448,
          1.127413
        ],
        [
          0.082554,
          -0.529633,
          -0.8442,
          1.234768
        ],
        [
          0.0,
          0.0,
          0.0,
          1.0
        ]
      ]
    },
    {
      "file_path": "/media/NFS/ttao/scannet/posed_images/scene0105_01/00142.jpg",
      "transform_matrix": [
        [
          0.846596,
          -0.412175,
          0.33673,
          1.271057
        ],
        [
          -0.525259,
          -0.749131,
          0.403615,
          1.144782
        ],
        [
          0.085895,
          -0.51857,
          -0.85071,
          1.230432
        ],
        [
          0.0,
          0.0,
          0.0,
          1.0
        ]
      ]
    },
    {
      "file_path": "/media/NFS/ttao/scannet/posed_images/scene0105_01/00148.jpg",
      "transform_matrix": [
        [
          0.842985,
          -0.423997,
          0.331062,
          1.306336
        ],
        [
          -0.530809,
          -0.755482,
          0.384042,
          1.186434
        ],
        [
          0.087279,
          -0.499473,
          -0.861922,
          1.221777
        ],
        [
          0.0,
          0.0,
          0.0,
          1.0
        ]
      ]
    },
    {
      "file_path": "/media/NFS/ttao/scannet/posed_images/scene0105_01/00149.jpg",
      "transform_matrix": [
        [
          0.84362,
          -0.424935,
          0.328229,
          1.312243
        ],
        [
          -0.529686,
          -0.758765,
          0.379089,
          1.194548
        ],
        [
          0.087961,
          -0.493665,
          -0.865192,
          1.220245
        ],
        [
          0.0,
          0.0,
          0.0,
          1.0
        ]
      ]
    },
    {
      "file_path": "/media/NFS/ttao/scannet/posed_images/scene0105_01/00153.jpg",
      "transform_matrix": [
        [
          0.847983,
          -0.42167,
          0.321122,
          1.340395
        ],
        [
          -0.521276,
          -0.773112,
          0.361344,
          1.229241
        ],
        [
          0.095896,
          -0.473806,
          -0.875392,
          1.213118
        ],
        [
          0.0,
          0.0,
          0.0,
          1.0
        ]
      ]
    },
    {
      "file_path": "/media/NFS/ttao/scannet/posed_images/scene0105_01/00156.jpg",
      "transform_matrix": [
        [
          0.849864,
          -0.421718,
          0.316046,
          1.361333
        ],
        [
          -0.517887,
          -0.779374,
          0.352661,
          1.255015
        ],
        [
          0.097594,
          -0.46339,
          -0.880764,
          1.205615
        ],
        [
          0.0,
          0.0,
          0.0,
          1.0
        ]
      ]
    },
    {
      "file_path": "/media/NFS/ttao/scannet/posed_images/scene0105_01/00163.jpg",
      "transform_matrix": [
        [
          0.861113,
          -0.404304,
          0.308257,
          1.405068
        ],
        [
          -0.49411,
          -0.808321,
          0.320113,
          1.311278
        ],
        [
          0.119747,
          -0.427966,
          -0.895827,
          1.189789
        ],
        [
          0.0,
          0.0,
          0.0,
          1.0
        ]
      ]
    },
    {
      "file_path": "/media/NFS/ttao/scannet/posed_images/scene0105_01/00166.jpg",
      "transform_matrix": [
        [
          0.861795,
          -0.40594,
          0.304173,
          1.420451
        ],
        [
          -0.491741,
          -0.815744,
          0.304554,
          1.330941
        ],
        [
          0.124497,
          -0.412037,
          -0.902622,
          1.182607
        ],
        [
          0.0,
          0.0,
          0.0,
          1.0
        ]
      ]
    },
    {
      "file_path": "/media/NFS/ttao/scannet/posed_images/scene0105_01/00167.jpg",
      "transform_matrix": [
        [
          0.862885,
          -0.405947,
          0.30106,
          1.424668
        ],
        [
          -0.489937,
          -0.818103,
          0.301112,
          1.336696
        ],
        [
          0.124063,
          -0.407326,
          -0.904817,
          1.180359
        ],
        [
          0.0,
          0.0,
          0.0,
          1.0
        ]
      ]
    },
    {
      "file_path": "/media/NFS/ttao/scannet/posed_images/scene0105_01/00172.jpg",
      "transform_matrix": [
        [
          0.874049,
          -0.394577,
          0.283455,
          1.444705
        ],
        [
          -0.47003,
          -0.834384,
          0.287881,
          1.364841
        ],
        [
          0.122919,
          -0.384855,
          -0.914755,
          1.173698
        ],
        [
          0.0,
          0.0,
          0.0,
          1.0
        ]
      ]
    },
    {
      "file_path": "/media/NFS/ttao/scannet/posed_images/scene0105_01/00175.jpg",
      "transform_matrix": [
        [
          0.877869,
          -0.390801,
          0.276804,
          1.452036
        ],
        [
          -0.462921,
          -0.840535,
          0.281435,
          1.381104
        ],
        [
          0.122678,
          -0.375201,
          -0.918789,
          1.169934
        ],
        [
          0.0,
          0.0,
          0.0,
          1.0
        ]
      ]
    },
    {
      "file_path": "/media/NFS/ttao/scannet/posed_images/scene0105_01/00179.jpg",
      "transform_matrix": [
        [
          0.8814,
          -0.384583,
          0.274281,
          1.458926
        ],
        [
          -0.45608,
          -0.844026,
          0.282155,
          1.397786
        ],
        [
          0.122989,
          -0.373786,
          -0.919325,
          1.167801
        ],
        [
          0.0,
          0.0,
          0.0,
          1.0
        ]
      ]
    },
    {
      "file_path": "/media/NFS/ttao/scannet/posed_images/scene0105_01/00184.jpg",
      "transform_matrix": [
        [
          0.880381,
          -0.377956,
          0.286492,
          1.458197
        ],
        [
          -0.457127,
          -0.837173,
          0.300295,
          1.404876
        ],
        [
          0.126345,
          -0.395337,
          -0.909805,
          1.173431
        ],
        [
          0.0,
          0.0,
          0.0,
          1.0
        ]
      ]
    },
    {
      "file_path": "/media/NFS/ttao/scannet/posed_images/scene0105_01/00189.jpg",
      "transform_matrix": [
        [
          0.880464,
          -0.37255,
          0.29324,
          1.450478
        ],
        [
          -0.459234,
          -0.823874,
          0.332168,
          1.390726
        ],
        [
          0.117844,
          -0.427128,
          -0.896479,
          1.194081
        ],
        [
          0.0,
          0.0,
          0.0,
          1.0
        ]
      ]
    },
    {
      "file_path": "/media/NFS/ttao/scannet/posed_images/scene0105_01/00190.jpg",
      "transform_matrix": [
        [
          0.880244,
          -0.36929,
          0.297987,
          1.447442
        ],
        [
          -0.458963,
          -0.822063,
          0.336994,
          1.385101
        ],
        [
          0.120516,
          -0.433402,
          -0.893106,
          1.196337
        ],
        [
          0.0,
          0.0,
          0.0,
          1.0
        ]
      ]
    },
    {
      "file_path": "/media/NFS/ttao/scannet/posed_images/scene0105_01/00196.jpg",
      "transform_matrix": [
        [
          0.868096,
          -0.369691,
          0.331268,
          1.420236
        ],
        [
          -0.47808,
          -0.802268,
          0.3575,
          1.343721
        ],
        [
          0.133601,
          -0.468717,
          -0.873187,
          1.214202
        ],
        [
          0.0,
          0.0,
          0.0,
          1.0
        ]
      ]
    },
    {
      "file_path": "/media/NFS/ttao/scannet/posed_images/scene0105_01/00200.jpg",
      "transform_matrix": [
        [
          0.857287,
          -0.379634,
          0.347761,
          1.393744
        ],
        [
          -0.499041,
          -0.778802,
          0.380034,
          1.305879
        ],
        [
          0.126563,
          -0.499344,
          -0.85711,
          1.225873
        ],
        [
          0.0,
          0.0,
          0.0,
          1.0
        ]
      ]
    },
    {
      "file_path": "/media/NFS/ttao/scannet/posed_images/scene0105_01/00205.jpg",
      "transform_matrix": [
        [
          0.846676,
          -0.380134,
          0.372341,
          1.356154
        ],
        [
          -0.51573,
          -0.758518,
          0.398338,
          1.259492
        ],
        [
          0.131006,
          -0.529291,
          -0.838265,
          1.239152
        ],
        [
          0.0,
          0.0,
          0.0,
          1.0
        ]
      ]
    },
    {
      "file_path": "/media/NFS/ttao/scannet/posed_images/scene0105_01/00206.jpg",
      "transform_matrix": [
        [
          0.845012,
          -0.379427,
          0.376815,
          1.348947
        ],
        [
          -0.518165,
          -0.755104,
          0.401651,
          1.250488
        ],
        [
          0.132137,
          -0.534652,
          -0.834678,
          1.241461
        ],
        [
          0.0,
          0.0,
          0.0,
          1.0
        ]
      ]
    },
    {
      "file_path": "/media/NFS/ttao/scannet/posed_images/scene0105_01/00209.jpg",
      "transform_matrix": [
        [
          0.843591,
          -0.379104,
          0.380308,
          1.327576
        ],
        [
          -0.521607,
          -0.74679,
          0.41259,
          1.223297
        ],
        [
          0.127596,
          -0.546429,
          -0.827729,
          1.248336
        ],
        [
          0.0,
          0.0,
          0.0,
          1.0
        ]
      ]
    },
    {
      "file_path": "/media/NFS/ttao/scannet/posed_images/scene0105_01/00216.jpg",
      "transform_matrix": [
        [
          0.838915,
          -0.372733,
          0.396601,
          1.281629
        ],
        [
          -0.527652,
          -0.735643,
          0.424751,
          1.167449
        ],
        [
          0.133438,
          -0.565597,
          -0.813815,
          1.260048
        ],
        [
          0.0,
          0.0,
          0.0,
          1.0
        ]
      ]
    },
    {
      "file_path": "/media/NFS/ttao/scannet/posed_images/scene0105_01/00217.jpg",
      "transform_matrix": [
        [
          0.839822,
          -0.371602,
          0.395742,
          1.277893
        ],
        [
          -0.526884,
          -0.733521,
          0.429348,
          1.16154
        ],
        [
          0.130739,
          -0.569087,
          -0.811818,
          1.261978
        ],
        [
          0.0,
          0.0,
          0.0,
          1.0
        ]
      ]
    },
    {
      "file_path": "/media/NFS/ttao/scannet/posed_images/scene0105_01/00220.jpg",
      "transform_matrix": [
        [
          0.847734,
          -0.357036,
          0.392265,
          1.267938
        ],
        [
          -0.514564,
          -0.733045,
          0.444826,
          1.149291
        ],
        [
          0.128729,
          -0.578939,
          -0.805145,
          1.268061
        ],
        [
          0.0,
          0.0,
          0.0,
          1.0
        ]
      ]
    },
    {
      "file_path": "/media/NFS/ttao/scannet/posed_images/scene0105_01/00224.jpg",
      "transform_matrix": [
        [
          0.863081,
          -0.327948,
          0.38411,
          1.256443
        ],
        [
          -0.489284,
          -0.731533,
          0.474828,
          1.132784
        ],
        [
          0.12527,
          -0.597754,
          -0.791832,
          1.274678
        ],
        [
          0.0,
          0.0,
          0.0,
          1.0
        ]
      ]
    },
    {
      "file_path": "/media/NFS/ttao/scannet/posed_images/scene0105_01/00228.jpg",
      "transform_matrix": [
        [
          0.886108,
          -0.289661,
          0.361812,
          1.245701
        ],
        [
          -0.447882,
          -0.735965,
          0.507698,
          1.119083
        ],
        [
          0.119221,
          -0.611925,
          -0.781879,
          1.279553
        ],
        [
          0.0,
          0.0,
          0.0,
          1.0
        ]
      ]
    },
    {
      "file_path": "/media/NFS/ttao/scannet/posed_images/scene0105_01/00232.jpg",
      "transform_matrix": [
        [
          0.916737,
          -0.236178,
          0.322201,
          1.243988
        ],
        [
          -0.3834,
          -0.746741,
          0.54349,
          1.102044
        ],
        [
          0.112241,
          -0.62177,
          -0.775116,
          1.286063
        ],
        [
          0.0,
          0.0,
          0.0,
          1.0
        ]
      ]
    },
    {
      "file_path": "/media/NFS/ttao/scannet/posed_images/scene0105_01/00235.jpg",
      "transform_matrix": [
        [
          0.938342,
          -0.194584,
          0.285747,
          1.240098
        ],
        [
          -0.32941,
          -0.754047,
          0.568245,
          1.086623
        ],
        [
          0.104896,
          -0.627336,
          -0.771652,
          1.288546
        ],
        [
          0.0,
          0.0,
          0.0,
          1.0
        ]
      ]
    },
    {
      "file_path": "/media/NFS/ttao/scannet/posed_images/scene0105_01/00241.jpg",
      "transform_matrix": [
        [
          0.973968,
          -0.086694,
          0.209452,
          1.240244
        ],
        [
          -0.198572,
          -0.771972,
          0.603845,
          1.048764
        ],
        [
          0.109342,
          -0.629717,
          -0.769091,
          1.291803
        ],
        [
          0.0,
          0.0,
          0.0,
          1.0
        ]
      ]
    },
    {
      "file_path": "/media/NFS/ttao/scannet/posed_images/scene0105_01/00243.jpg",
      "transform_matrix": [
        [
          0.981563,
          -0.053072,
          0.183624,
          1.240078
        ],
        [
          -0.157238,
          -0.770422,
          0.61784,
          1.037469
        ],
        [
          0.108678,
          -0.635321,
          -0.764563,
          1.293868
        ],
        [
          0.0,
          0.0,
          0.0,
          1.0
        ]
      ]
    },
    {
      "file_path": "/media/NFS/ttao/scannet/posed_images/scene0105_01/00250.jpg",
      "transform_matrix": [
        [
          0.992943,
          0.057322,
          0.103817,
          1.236479
        ],
        [
          -0.023999,
          -0.760184,
          0.649264,
          1.003417
        ],
        [
          0.116138,
          -0.647174,
          -0.753444,
          1.296247
        ],
        [
          0.0,
          0.0,
          0.0,
          1.0
        ]
      ]
    },
    {
      "file_path": "/media/NFS/ttao/scannet/posed_images/scene0105_01/00252.jpg",
      "transform_matrix": [
        [
          0.993027,
          0.075288,
          0.09071,
          1.235735
        ],
        [
          -0.002687,
          -0.754834,
          0.655911,
          0.995974
        ],
        [
          0.117853,
          -0.651581,
          -0.749369,
          1.297108
        ],
        [
          0.0,
          0.0,
          0.0,
          1.0
        ]
      ]
    },
    {
      "file_path": "/media/NFS/ttao/scannet/posed_images/scene0105_01/00256.jpg",
      "transform_matrix": [
        [
          0.992394,
          0.101717,
          0.069343,
          1.231209
        ],
        [
          0.032171,
          -0.757998,
          0.651463,
          0.982658
        ],
        [
          0.118827,
          -0.644277,
          -0.755505,
          1.29496
        ],
        [
          0.0,
          0.0,
          0.0,
          1.0
        ]
      ]
    },
    {
      "file_path": "/media/NFS/ttao/scannet/posed_images/scene0105_01/00257.jpg",
      "transform_matrix": [
        [
          0.992004,
          0.107152,
          0.066682,
          1.229712
        ],
        [
          0.038199,
          -0.758491,
          0.650563,
          0.979659
        ],
        [
          0.120287,
          -0.642814,
          -0.756519,
          1.294473
        ],
        [
          0.0,
          0.0,
          0.0,
          1.0
        ]
      ]
    },
    {
      "file_path": "/media/NFS/ttao/scannet/posed_images/scene0105_01/00262.jpg",
      "transform_matrix": [
        [
          0.991684,
          0.118753,
          0.049604,
          1.219357
        ],
        [
          0.058083,
          -0.756929,
          0.650911,
          0.96252
        ],
        [
          0.114845,
          -0.642616,
          -0.757532,
          1.293383
        ],
        [
          0.0,
          0.0,
          0.0,
          1.0
        ]
      ]
    },
    {
      "file_path": "/media/NFS/ttao/scannet/posed_images/scene0105_01/00265.jpg",
      "transform_matrix": [
        [
          0.991924,
          0.119286,
          0.043092,
          1.213923
        ],
        [
          0.06321,
          -0.759506,
          0.647422,
          0.95381
        ],
        [
          0.109957,
          -0.639469,
          -0.760913,
          1.292596
        ],
        [
          0.0,
          0.0,
          0.0,
          1.0
        ]
      ]
    },
    {
      "file_path": "/media/NFS/ttao/scannet/posed_images/scene0105_01/00271.jpg",
      "transform_matrix": [
        [
          0.990767,
          0.129933,
          0.038691,
          1.206036
        ],
        [
          0.075094,
          -0.763578,
          0.641334,
          0.925244
        ],
        [
          0.112874,
          -0.632507,
          -0.766286,
          1.288979
        ],
        [
          0.0,
          0.0,
          0.0,
          1.0
        ]
      ]
    },
    {
      "file_path": "/media/NFS/ttao/scannet/posed_images/scene0105_01/00273.jpg",
      "transform_matrix": [
        [
          0.990525,
          0.132058,
          0.037686,
          1.201092
        ],
        [
          0.076555,
          -0.758801,
          0.646808,
          0.912855
        ],
        [
          0.114013,
          -0.637794,
          -0.761721,
          1.288518
        ],
        [
          0.0,
          0.0,
          0.0,
          1.0
        ]
      ]
    },
    {
      "file_path": "/media/NFS/ttao/scannet/posed_images/scene0105_01/00277.jpg",
      "transform_matrix": [
        [
          0.991069,
          0.131797,
          0.020306,
          1.192545
        ],
        [
          0.086792,
          -0.753117,
          0.652136,
          0.883998
        ],
        [
          0.101242,
          -0.644549,
          -0.75783,
          1.285606
        ],
        [
          0.0,
          0.0,
          0.0,
          1.0
        ]
      ]
    },
    {
      "file_path": "/media/NFS/ttao/scannet/posed_images/scene0105_01/00283.jpg",
      "transform_matrix": [
        [
          0.990976,
          0.133978,
          0.003963,
          1.180868
        ],
        [
          0.099319,
          -0.753829,
          0.649522,
          0.836475
        ],
        [
          0.090009,
          -0.643267,
          -0.760333,
          1.276964
        ],
        [
          0.0,
          0.0,
          0.0,
          1.0
        ]
      ]
    },
    {
      "file_path": "/media/NFS/ttao/scannet/posed_images/scene0105_01/00285.jpg",
      "transform_matrix": [
        [
          0.990076,
          0.140524,
          0.001294,
          1.177284
        ],
        [
          0.106389,
          -0.755526,
          0.646422,
          0.821217
        ],
        [
          0.091816,
          -0.63987,
          -0.762979,
          1.274281
        ],
        [
          0.0,
          0.0,
          0.0,
          1.0
        ]
      ]
    },
    {
      "file_path": "/media/NFS/ttao/scannet/posed_images/scene0105_01/00290.jpg",
      "transform_matrix": [
        [
          0.988158,
          0.152443,
          -0.017473,
          1.172967
        ],
        [
          0.128316,
          -0.758536,
          0.638873,
          0.78644
        ],
        [
          0.084138,
          -0.63355,
          -0.769114,
          1.273396
        ],
        [
