{
  "frames": [
    {
      "file_path": "/media/NFS/ttao/scannet/posed_images/scene0237_00/00000.jpg",
      "transform_matrix": [
        [
          -0.857663,
          -0.268976,
          0.438254,
          0.577807
        ],
        [
          -0.510871,
          0.542719,
          -0.666684,
          2.087041
        ],
        [
          -0.058526,
          -0.795681,
          -0.602882,
          1.368666
        ],
        [
          0.0,
          0.0,
          0.0,
          1.0
        ]
      ]
    },
    {
      "file_path": "/media/NFS/ttao/scannet/posed_images/scene0237_00/00001.jpg",
      "transform_matrix": [
        [
          -0.868014,
          -0.261945,
          0.421825,
          0.589609
        ],
        [
          -0.493396,
          0.55046,
          -0.673465,
          2.070042
        ],
        [
          -0.055787,
          -0.792703,
          -0.60705,
          1.348627
        ],
        [
          0.0,
          0.0,
          0.0,
          1.0
        ]
      ]
    },
    {
      "file_path": "/media/NFS/ttao/scannet/posed_images/scene0237_00/00003.jpg",
      "transform_matrix": [
        [
          -0.871123,
          -0.28171,
          0.402225,
          0.607584
        ],
        [
          -0.488743,
          0.576941,
          -0.654423,
          2.035689
        ],
        [
          -0.047702,
          -0.766667,
          -0.64027,
          1.348824
        ],
        [
          0.0,
          0.0,
          0.0,
          1.0
        ]
      ]
    },
    {
      "file_path": "/media/NFS/ttao/scannet/posed_images/scene0237_00/00005.jpg",
      "transform_matrix": [
        [
          -0.876298,
          -0.275106,
          0.395498,
          0.612695
        ],
        [
          -0.479053,
          0.584634,
          -0.654761,
          2.021313
        ],
        [
          -0.051093,
          -0.76323,
          -0.644104,
          1.330293
        ],
        [
          0.0,
          0.0,
          0.0,
          1.0
        ]
      ]
    },
    {
      "file_path": "/media/NFS/ttao/scannet/posed_images/scene0237_00/00007.jpg",
      "transform_matrix": [
        [
          -0.882467,
          -0.287176,
          0.372535,
          0.632576
        ],
        [
          -0.468066,
          0.614497,
          -0.635066,
          1.989919
        ],
        [
          -0.046546,
          -0.734795,
          -0.67669,
          1.333615
        ],
        [
          0.0,
          0.0,
          0.0,
          1.0
        ]
      ]
    },
    {
      "file_path": "/media/NFS/ttao/scannet/posed_images/scene0237_00/00009.jpg",
      "transform_matrix": [
        [
          -0.883236,
          -0.29404,
          0.365287,
          0.639308
        ],
        [
          -0.466931,
          0.623308,
          -0.627266,
          1.97378
        ],
        [
          -0.043245,
          -0.724588,
          -0.687824,
          1.325624
        ],
        [
          0.0,
          0.0,
          0.0,
          1.0
        ]
      ]
    },
    {
      "file_path": "/media/NFS/ttao/scannet/posed_images/scene0237_00/00011.jpg",
      "transform_matrix": [
        [
          -0.878291,
          -0.309864,
          0.364128,
          0.646444
        ],
        [
          -0.476506,
          0.629917,
          -0.613308,
          1.948612
        ],
        [
          -0.039328,
          -0.712172,
          -0.700902,
          1.325734
        ],
        [
          0.0,
          0.0,
          0.0,
          1.0
        ]
      ]
    },
    {
      "file_path": "/media/NFS/ttao/scannet/posed_images/scene0237_00/00012.jpg",
      "transform_matrix": [
        [
          -0.877725,
          -0.314969,
          0.3611,
          0.651892
        ],
        [
          -0.477779,
          0.632552,
          -0.609595,
          1.939451
        ],
        [
          -0.036411,
          -0.707582,
          -0.705692,
          1.323389
        ],
        [
          0.0,
          0.0,
          0.0,
          1.0
        ]
      ]
    },
    {
      "file_path": "/media/NFS/ttao/scannet/posed_images/scene0237_00/00014.jpg",
      "transform_matrix": [
        [
          -0.874362,
          -0.323197,
          0.361987,
          0.659233
        ],
        [
          -0.484067,
          0.633469,
          -0.603653,
          1.919966
        ],
        [
          -0.034209,
          -0.703037,
          -0.71033,
          1.320623
        ],
        [
          0.0,
          0.0,
          0.0,
          1.0
        ]
      ]
    },
    {
      "file_path": "/media/NFS/ttao/scannet/posed_images/scene0237_00/00015.jpg",
      "transform_matrix": [
        [
          -0.871203,
          -0.327772,
          0.365473,
          0.659813
        ],
        [
          -0.489869,
          0.629175,
          -0.603463,
          1.912608
        ],
        [
          -0.032148,
          -0.704773,
          -0.708705,
          1.317395
        ],
        [
          0.0,
          0.0,
          0.0,
          1.0
        ]
      ]
    },
    {
      "file_path": "/media/NFS/ttao/scannet/posed_images/scene0237_00/00018.jpg",
      "transform_matrix": [
        [
          -0.85946,
          -0.349087,
          0.373452,
          0.666333
        ],
        [
          -0.510576,
          0.622354,
          -0.593286,
          1.88971
        ],
        [
          -0.025312,
          -0.700581,
          -0.713124,
          1.314925
        ],
        [
          0.0,
          0.0,
          0.0,
          1.0
        ]
      ]
    },
    {
      "file_path": "/media/NFS/ttao/scannet/posed_images/scene0237_00/00019.jpg",
      "transform_matrix": [
        [
          -0.85462,
          -0.354977,
          0.378967,
          0.666253
        ],
        [
          -0.518623,
          0.6195,
          -0.589279,
          1.886363
        ],
        [
          -0.025589,
          -0.700151,
          -0.713536,
          1.311369
        ],
        [
          0.0,
          0.0,
          0.0,
          1.0
        ]
      ]
    },
    {
      "file_path": "/media/NFS/ttao/scannet/posed_images/scene0237_00/00021.jpg",
      "transform_matrix": [
        [
          -0.836609,
          -0.381948,
          0.392685,
          0.667362
        ],
        [
          -0.547309,
          0.613169,
          -0.569629,
          1.882592
        ],
        [
          -0.023214,
          -0.691477,
          -0.722026,
          1.305942
        ],
        [
          0.0,
          0.0,
          0.0,
          1.0
        ]
      ]
    },
    {
      "file_path": "/media/NFS/ttao/scannet/posed_images/scene0237_00/00023.jpg",
      "transform_matrix": [
        [
          -0.820929,
          -0.401557,
          0.40599,
          0.670218
        ],
        [
          -0.570792,
          0.597585,
          -0.563106,
          1.874514
        ],
        [
          -0.016494,
          -0.694006,
          -0.71978,
          1.305195
        ],
        [
          0.0,
          0.0,
          0.0,
          1.0
        ]
      ]
    },
    {
      "file_path": "/media/NFS/ttao/scannet/posed_images/scene0237_00/00024.jpg",
      "transform_matrix": [
        [
          -0.814976,
          -0.408557,
          0.410968,
          0.672856
        ],
        [
          -0.57924,
          0.595318,
          -0.556846,
          1.870308
        ],
        [
          -0.017154,
          -0.691866,
          -0.721822,
          1.305177
        ],
        [
          0.0,
          0.0,
          0.0,
          1.0
        ]
      ]
    },
    {
      "file_path": "/media/NFS/ttao/scannet/posed_images/scene0237_00/00027.jpg",
      "transform_matrix": [
        [
          -0.790987,
          -0.423914,
          0.441175,
          0.673489
        ],
        [
          -0.610955,
          0.585865,
          -0.532443,
          1.857612
        ],
        [
          -0.032759,
          -0.690694,
          -0.722405,
          1.302292
        ],
        [
          0.0,
          0.0,
          0.0,
          1.0
        ]
      ]
    },
    {
      "file_path": "/media/NFS/ttao/scannet/posed_images/scene0237_00/00029.jpg",
      "transform_matrix": [
        [
          -0.772911,
          -0.441233,
          0.455985,
          0.675414
        ],
        [
          -0.633433,
          0.578495,
          -0.513913,
          1.851264
        ],
        [
          -0.037029,
          -0.686045,
          -0.726616,
          1.300057
        ],
        [
          0.0,
          0.0,
          0.0,
          1.0
        ]
      ]
    },
    {
      "file_path": "/media/NFS/ttao/scannet/posed_images/scene0237_00/00030.jpg",
      "transform_matrix": [
        [
          -0.766508,
          -0.449032,
          0.459169,
          0.675846
        ],
        [
          -0.641267,
          0.574346,
          -0.508826,
          1.846712
        ],
        [
          -0.035243,
          -0.684469,
          -0.72819,
          1.299764
        ],
        [
          0.0,
          0.0,
          0.0,
          1.0
        ]
      ]
    },
    {
      "file_path": "/media/NFS/ttao/scannet/posed_images/scene0237_00/00031.jpg",
      "transform_matrix": [
        [
          -0.76397,
          -0.449862,
          0.462572,
          0.67653
        ],
        [
          -0.644185,
          0.572948,
          -0.506711,
          1.841526
        ],
        [
          -0.03708,
          -0.685095,
          -0.72751,
          1.300259
        ],
        [
          0.0,
          0.0,
          0.0,
          1.0
        ]
      ]
    },
    {
      "file_path": "/media/NFS/ttao/scannet/posed_images/scene0237_00/00034.jpg",
      "transform_matrix": [
        [
          -0.767766,
          -0.435847,
          0.469651,
          0.679739
        ],
        [
          -0.638596,
          0.580305,
          -0.505412,
          1.82691
        ],
        [
          -0.052259,
          -0.687956,
          -0.723869,
          1.305973
        ],
        [
          0.0,
          0.0,
          0.0,
          1.0
        ]
      ]
    },
    {
      "file_path": "/media/NFS/ttao/scannet/posed_images/scene0237_00/00036.jpg",
      "transform_matrix": [
        [
          -0.759557,
          -0.435592,
          0.483046,
          0.680238
        ],
        [
          -0.648342,
          0.566641,
          -0.508499,
          1.826434
        ],
        [
          -0.052215,
          -0.699413,
          -0.712808,
          1.306571
        ],
        [
          0.0,
          0.0,
          0.0,
          1.0
        ]
      ]
    },
    {
      "file_path": "/media/NFS/ttao/scannet/posed_images/scene0237_00/00038.jpg",
      "transform_matrix": [
        [
          -0.755351,
          -0.435567,
          0.489618,
          0.684233
        ],
        [
          -0.653306,
          0.559047,
          -0.510547,
          1.820617
        ],
        [
          -0.051342,
          -0.705513,
          -0.706835,
          1.313766
        ],
        [
          0.0,
          0.0,
          0.0,
          1.0
        ]
      ]
    },
    {
      "file_path": "/media/NFS/ttao/scannet/posed_images/scene0237_00/00039.jpg",
      "transform_matrix": [
        [
          -0.755572,
          -0.432313,
          0.492155,
          0.687056
        ],
        [
          -0.653044,
          0.556088,
          -0.514101,
          1.816914
        ],
        [
          -0.051429,
          -0.709839,
          -0.702484,
          1.319123
        ],
        [
          0.0,
          0.0,
          0.0,
          1.0
        ]
      ]
    },
    {
      "file_path": "/media/NFS/ttao/scannet/posed_images/scene0237_00/00040.jpg",
      "transform_matrix": [
        [
          -0.755754,
          -0.426478,
          0.496943,
          0.685494
        ],
        [
          -0.652964,
          0.548403,
          -0.522391,
          1.819865
        ],
        [
          -0.049736,
          -0.719285,
          -0.692933,
          1.318781
        ],
        [
          0.0,
          0.0,
          0.0,
          1.0
        ]
      ]
    },
    {
      "file_path": "/media/NFS/ttao/scannet/posed_images/scene0237_00/00042.jpg",
      "transform_matrix": [
        [
          -0.755036,
          -0.4175,
          0.505583,
          0.691132
        ],
        [
          -0.654215,
          0.531268,
          -0.538292,
          1.822399
        ],
        [
          -0.043863,
          -0.737189,
          -0.674261,
          1.326398
        ],
        [
          0.0,
          0.0,
          0.0,
          1.0
        ]
      ]
    },
    {
      "file_path": "/media/NFS/ttao/scannet/posed_images/scene0237_00/00044.jpg",
      "transform_matrix": [
        [
          -0.754628,
          -0.395917,
          0.523246,
          0.69315
        ],
        [
          -0.654608,
          0.508958,
          -0.558973,
          1.825617
        ],
        [
          -0.045004,
          -0.764337,
          -0.643244,
          1.33702
        ],
        [
          0.0,
          0.0,
          0.0,
          1.0
        ]
      ]
    },
    {
      "file_path": "/media/NFS/ttao/scannet/posed_images/scene0237_00/00046.jpg",
      "transform_matrix": [
        [
          -0.757068,
          -0.377029,
          0.53357,
          0.695507
        ],
        [
          -0.651016,
          0.504101,
          -0.567504,
          1.826996
        ],
        [
          -0.055008,
          -0.777002,
          -0.627091,
          1.344844
        ],
        [
          0.0,
          0.0,
          0.0,
          1.0
        ]
      ]
    },
    {
      "file_path": "/media/NFS/ttao/scannet/posed_images/scene0237_00/00048.jpg",
      "transform_matrix": [
        [
          -0.760396,
          -0.362946,
          0.538579,
          0.696185
        ],
        [
          -0.64676,
          0.498704,
          -0.577058,
          1.833307
        ],
        [
          -0.05915,
          -0.787124,
          -0.613952,
          1.346547
        ],
        [
          0.0,
          0.0,
          0.0,
          1.0
        ]
      ]
    },
    {
      "file_path": "/media/NFS/ttao/scannet/posed_images/scene0237_00/00049.jpg",
      "transform_matrix": [
        [
          -0.762101,
          -0.360067,
          0.538102,
          0.697364
        ],
        [
          -0.644658,
          0.499197,
          -0.578981,
          1.833041
        ],
        [
          -0.060147,
          -0.788134,
          -0.612559,
          1.348908
        ],
        [
          0.0,
          0.0,
          0.0,
          1.0
        ]
      ]
    },
    {
      "file_path": "/media/NFS/ttao/scannet/posed_images/scene0237_00/00052.jpg",
      "transform_matrix": [
        [
          -0.766392,
          -0.35771,
          0.533561,
          0.699081
        ],
        [
          -0.640357,
          0.491203,
          -0.590477,
          1.825887
        ],
        [
          -0.050867,
          -0.794206,
          -0.605516,
          1.356675
        ],
        [
          0.0,
          0.0,
          0.0,
          1.0
        ]
      ]
    },
    {
      "file_path": "/media/NFS/ttao/scannet/posed_images/scene0237_00/00054.jpg",
      "transform_matrix": [
        [
          -0.776807,
          -0.34839,
          0.524591,
          0.703578
        ],
        [
          -0.628212,
          0.486686,
          -0.607031,
          1.825803
        ],
        [
          -0.043828,
          -0.8011,
          -0.596924,
          1.361247
        ],
        [
          0.0,
          0.0,
          0.0,
          1.0
        ]
      ]
    },
    {
      "file_path": "/media/NFS/ttao/scannet/posed_images/scene0237_00/00055.jpg",
      "transform_matrix": [
        [
          -0.781722,
          -0.343866,
          0.520256,
          0.707103
        ],
        [
          -0.622403,
          0.482434,
          -0.616338,
          1.821523
        ],
        [
          -0.039051,
          -0.805614,
          -0.591153,
          1.366612
        ],
        [
          0.0,
          0.0,
          0.0,
          1.0
        ]
      ]
    },
    {
      "file_path": "/media/NFS/ttao/scannet/posed_images/scene0237_00/00057.jpg",
      "transform_matrix": [
        [
          -0.788274,
          -0.335157,
          0.516036,
          0.711275
        ],
        [
          -0.614891,
          0.460511,
          -0.640186,
          1.821617
        ],
        [
          -0.023078,
          -0.821948,
          -0.569095,
          1.370762
        ],
        [
          0.0,
          0.0,
          0.0,
          1.0
        ]
      ]
    },
    {
      "file_path": "/media/NFS/ttao/scannet/posed_images/scene0237_00/00059.jpg",
      "transform_matrix": [
        [
          -0.795385,
          -0.322787,
          0.513002,
          0.716566
        ],
        [
          -0.605812,
          0.449672,
          -0.656344,
          1.821928
        ],
        [
          -0.018823,
          -0.832829,
          -0.55321,
          1.376901
        ],
        [
          0.0,
          0.0,
          0.0,
          1.0
        ]
      ]
    },
    {
      "file_path": "/media/NFS/ttao/scannet/posed_images/scene0237_00/00061.jpg",
      "transform_matrix": [
        [
          -0.798796,
          -0.315281,
          0.512369,
          0.725017
        ],
        [
          -0.601217,
          0.448792,
          -0.661153,
          1.822577
        ],
        [
          -0.021498,
          -0.836172,
          -0.548046,
          1.386104
        ],
        [
          0.0,
          0.0,
          0.0,
          1.0
        ]
      ]
    },
    {
      "file_path": "/media/NFS/ttao/scannet/posed_images/scene0237_00/00062.jpg",
      "transform_matrix": [
        [
          -0.79878,
          -0.311952,
          0.514428,
          0.728532
        ],
        [
          -0.601198,
          0.446016,
          -0.663046,
          1.824511
        ],
        [
          -0.022604,
          -0.838901,
          -0.543814,
          1.38745
        ],
        [
          0.0,
          0.0,
          0.0,
          1.0
        ]
      ]
    },
    {
      "file_path": "/media/NFS/ttao/scannet/posed_images/scene0237_00/00064.jpg",
      "transform_matrix": [
        [
          -0.798232,
          -0.305485,
          0.519138,
          0.734662
        ],
        [
          -0.602027,
          0.432802,
          -0.671003,
          1.825919
        ],
        [
          -0.019703,
          -0.848152,
          -0.529387,
          1.39406
        ],
        [
          0.0,
          0.0,
          0.0,
          1.0
        ]
      ]
    },
    {
      "file_path": "/media/NFS/ttao/scannet/posed_images/scene0237_00/00066.jpg",
      "transform_matrix": [
        [
          -0.803786,
          -0.294145,
          0.517114,
          0.744637
        ],
        [
          -0.594612,
          0.425095,
          -0.682444,
          1.825527
        ],
        [
          -0.019085,
          -0.856021,
          -0.516588,
          1.40518
        ],
        [
          0.0,
          0.0,
          0.0,
          1.0
        ]
      ]
    },
    {
      "file_path": "/media/NFS/ttao/scannet/posed_images/scene0237_00/00067.jpg",
      "transform_matrix": [
        [
          -0.804157,
          -0.292367,
          0.517546,
          0.74748
        ],
        [
          -0.594207,
          0.418524,
          -0.686844,
          1.82476
        ],
        [
          -0.015795,
          -0.85986,
          -0.510285,
          1.406549
        ],
        [
          0.0,
          0.0,
          0.0,
          1.0
        ]
      ]
    },
    {
      "file_path": "/media/NFS/ttao/scannet/posed_images/scene0237_00/00069.jpg",
      "transform_matrix": [
        [
          -0.809899,
          -0.286784,
          0.511682,
          0.755276
        ],
        [
          -0.586566,
          0.393042,
          -0.708137,
          1.826243
        ],
        [
          0.00197,
          -0.873655,
          -0.486542,
          1.404503
        ],
        [
          0.0,
          0.0,
          0.0,
          1.0
        ]
      ]
    },
    {
      "file_path": "/media/NFS/ttao/scannet/posed_images/scene0237_00/00071.jpg",
      "transform_matrix": [
        [
          -0.823329,
          -0.27782,
          0.49492,
          0.766054
        ],
        [
          -0.567106,
          0.36764,
          -0.737043,
          1.821671
        ],
        [
          0.022813,
          -0.887501,
          -0.460242,
          1.418433
        ],
        [
          0.0,
          0.0,
          0.0,
          1.0
        ]
      ]
    },
    {
      "file_path": "/media/NFS/ttao/scannet/posed_images/scene0237_00/00073.jpg",
      "transform_matrix": [
        [
          -0.839647,
          -0.263728,
          0.474805,
          0.774943
        ],
        [
          -0.542247,
          0.357152,
          -0.760533,
          1.812017
        ],
        [
          0.030996,
          -0.896041,
          -0.442887,
          1.425553
        ],
        [
          0.0,
          0.0,
          0.0,
          1.0
        ]
      ]
    },
    {
      "file_path": "/media/NFS/ttao/scannet/posed_images/scene0237_00/00074.jpg",
      "transform_matrix": [
        [
          -0.847593,
          -0.254856,
          0.465441,
          0.779791
        ],
        [
          -0.52971,
          0.354246,
          -0.77066,
          1.80439
        ],
        [
          0.031527,
          -0.899755,
          -0.435256,
          1.42914
        ],
        [
          0.0,
          0.0,
          0.0,
          1.0
        ]
      ]
    },
    {
      "file_path": "/media/NFS/ttao/scannet/posed_images/scene0237_00/00077.jpg",
      "transform_matrix": [
        [
          -0.860908,
          -0.228447,
          0.454587,
          0.786155
        ],
        [
          -0.508366,
          0.351081,
          -0.786325,
          1.790042
        ],
        [
          0.020036,
          -0.90805,
          -0.418383,
          1.447531
        ],
        [
          0.0,
          0.0,
          0.0,
          1.0
        ]
      ]
    },
    {
      "file_path": "/media/NFS/ttao/scannet/posed_images/scene0237_00/00078.jpg",
      "transform_matrix": [
        [
          -0.863226,
          -0.21997,
          0.454372,
          0.787237
        ],
        [
          -0.504647,
          0.352666,
          -0.788009,
          1.784802
        ],
        [
          0.013097,
          -0.909528,
          -0.415437,
          1.452665
        ],
        [
          0.0,
          0.0,
          0.0,
          1.0
        ]
      ]
    },
    {
      "file_path": "/media/NFS/ttao/scannet/posed_images/scene0237_00/00080.jpg",
      "transform_matrix": [
        [
          -0.868251,
          -0.209263,
          0.449832,
          0.795531
        ],
        [
          -0.495876,
          0.337317,
          -0.800203,
          1.789782
        ],
        [
          0.015717,
          -0.917838,
          -0.396644,
          1.45595
        ],
        [
          0.0,
          0.0,
          0.0,
          1.0
        ]
      ]
    },
    {
      "file_path": "/media/NFS/ttao/scannet/posed_images/scene0237_00/00082.jpg",
      "transform_matrix": [
        [
          -0.873851,
          -0.196933,
          0.444525,
          0.803876
        ],
        [
          -0.486119,
          0.337764,
          -0.80598,
          1.785543
        ],
        [
          0.00858,
          -0.920398,
          -0.390888,
          1.467246
        ],
        [
          0.0,
          0.0,
          0.0,
          1.0
        ]
      ]
    },
    {
      "file_path": "/media/NFS/ttao/scannet/posed_images/scene0237_00/00083.jpg",
      "transform_matrix": [
        [
          -0.87528,
          -0.192066,
          0.443842,
          0.804139
        ],
        [
          -0.483583,
          0.336698,
          -0.807949,
          1.783763
        ],
        [
          0.005739,
          -0.921816,
          -0.387585,
          1.470283
        ],
        [
          0.0,
          0.0,
          0.0,
          1.0
        ]
      ]
    },
    {
      "file_path": "/media/NFS/ttao/scannet/posed_images/scene0237_00/00086.jpg",
      "transform_matrix": [
        [
          -0.880841,
          -0.166577,
          0.443139,
          0.810269
        ],
        [
          -0.473094,
          0.344083,
          -0.811042,
          1.779547
        ],
        [
          -0.017375,
          -0.924045,
          -0.381889,
          1.480174
        ],
        [
          0.0,
          0.0,
          0.0,
          1.0
        ]
      ]
    },
    {
      "file_path": "/media/NFS/ttao/scannet/posed_images/scene0237_00/00087.jpg",
      "transform_matrix": [
        [
          -0.880379,
          -0.158848,
          0.446879,
          0.811167
        ],
        [
          -0.473446,
          0.349936,
          -0.808328,
          1.77941
        ],
        [
          -0.027978,
          -0.923207,
          -0.383282,
          1.484441
        ],
        [
          0.0,
          0.0,
          0.0,
          1.0
        ]
      ]
    },
    {
      "file_path": "/media/NFS/ttao/scannet/posed_images/scene0237_00/00088.jpg",
      "transform_matrix": [
        [
          -0.879978,
          -0.151287,
          0.450279,
          0.812691
        ],
        [
          -0.473613,
          0.352219,
          -0.807238,
          1.779688
        ],
        [
          -0.036472,
          -0.923609,
          -0.381596,
          1.488286
        ],
        [
          0.0,
          0.0,
          0.0,
          1.0
        ]
      ]
    },
    {
      "file_path": "/media/NFS/ttao/scannet/posed_images/scene0237_00/00090.jpg",
      "transform_matrix": [
        [
          -0.880995,
          -0.143408,
          0.450868,
          0.816974
        ],
        [
          -0.471607,
          0.342466,
          -0.812591,
          1.781586
        ],
        [
          -0.037875,
          -0.928521,
          -0.369343,
          1.507017
        ],
        [
          0.0,
          0.0,
          0.0,
          1.0
        ]
      ]
    },
    {
      "file_path": "/media/NFS/ttao/scannet/posed_images/scene0237_00/00092.jpg",
      "transform_matrix": [
        [
          -0.885072,
          -0.130799,
          0.446698,
          0.818027
        ],
        [
          -0.463635,
          0.3325,
          -0.821271,
          1.777788
        ],
        [
          -0.041106,
          -0.933989,
          -0.354929,
          1.510364
        ],
        [
          0.0,
          0.0,
          0.0,
          1.0
        ]
      ]
    },
    {
      "file_path": "/media/NFS/ttao/scannet/posed_images/scene0237_00/00094.jpg",
      "transform_matrix": [
        [
          -0.888142,
          -0.120255,
          0.443557,
          0.817814
        ],
        [
          -0.457275,
          0.32757,
          -0.8268,
          1.773229
        ],
        [
          -0.04587,
          -0.937143,
          -0.345917,
          1.512914
        ],
        [
          0.0,
          0.0,
          0.0,
          1.0
        ]
      ]
    },
    {
      "file_path": "/media/NFS/ttao/scannet/posed_images/scene0237_00/00096.jpg",
      "transform_matrix": [
        [
          -0.891547,
          -0.116922,
          0.437577,
          0.820618
        ],
        [
          -0.450982,
          0.318642,
          -0.833716,
          1.770995
        ],
        [
          -0.041951,
          -0.940636,
          -0.336814,
          1.516248
        ],
        [
          0.0,
          0.0,
          0.0,
          1.0
        ]
      ]
    },
    {
      "file_path": "/media/NFS/ttao/scannet/posed_images/scene0237_00/00098.jpg",
      "transform_matrix": [
        [
          -Infinity,
          -Infinity,
          -Infinity,
          -Infinity
        ],
        [
          -Infinity,
          -Infinity,
          -Infinity,
          -Infinity
        ],
        [
          -Infinity,
          -Infinity,
          -Infinity,
          -Infinity
        ],
        [
          -Infinity,
          -Infinity,
          -Infinity,
          -Infinity
        ]
      ]
    },
    {
      "file_path": "/media/NFS/ttao/scannet/posed_images/scene0237_00/00100.jpg",
      "transform_matrix": [
        [
          -0.901508,
          -0.111652,
          0.418111,
          0.821488
        ],
        [
          -0.432095,
          0.285847,
          -0.855328,
          1.7681
        ],
        [
          -0.024017,
          -0.951749,
          -0.305937,
          1.538989
        ],
        [
          0.0,
          0.0,
          0.0,
          1.0
        ]
      ]
    },
    {
      "file_path": "/media/NFS/ttao/scannet/posed_images/scene0237_00/00102.jpg",
      "transform_matrix": [
        [
          -0.906049,
          -0.102515,
          0.410569,
          0.819002
        ],
        [
          -0.422215,
          0.284282,
          -0.860766,
          1.762413
        ],
        [
          -0.028476,
          -0.953244,
          -0.300857,
          1.534204
        ],
        [
          0.0,
          0.0,
          0.0,
          1.0
        ]
      ]
    },
    {
      "file_path": "/media/NFS/ttao/scannet/posed_images/scene0237_00/00103.jpg",
      "transform_matrix": [
        [
          -0.908535,
          -0.099937,
          0.40568,
          0.818715
        ],
        [
          -0.416895,
          0.280989,
          -0.864433,
          1.760135
        ],
        [
          -0.027602,
          -0.954494,
          -0.296952,
          1.532855
        ],
        [
          0.0,
          0.0,
          0.0,
          1.0
        ]
      ]
    },
    {
      "file_path": "/media/NFS/ttao/scannet/posed_images/scene0237_00/00105.jpg",
      "transform_matrix": [
        [
          -0.913657,
          -0.096034,
          0.394978,
          0.816966
        ],
        [
          -0.405784,
          0.272543,
          -0.872387,
          1.755432
        ],
        [
          -0.023869,
          -0.957339,
          -0.28798,
          1.538265
        ],
        [
          0.0,
          0.0,
          0.0,
          1.0
        ]
      ]
    },
    {
      "file_path": "/media/NFS/ttao/scannet/posed_images/scene0237_00/00106.jpg",
      "transform_matrix": [
        [
          -0.916691,
          -0.095188,
          0.388094,
          0.816748
        ],
        [
          -0.399087,
          0.267152,
          -0.877132,
          1.752688
        ],
        [
          -0.020188,
          -0.958942,
          -0.282884,
          1.540803
        ],
        [
          0.0,
          0.0,
          0.0,
          1.0
        ]
      ]
    },
    {
      "file_path": "/media/NFS/ttao/scannet/posed_images/scene0237_00/00108.jpg",
      "transform_matrix": [
        [
          -0.923235,
          -0.092667,
          0.372893,
          0.815627
        ],
        [
          -0.383983,
          0.25761,
          -0.886676,
          1.746951
        ],
        [
          -0.013896,
          -0.961795,
          -0.273417,
          1.539627
        ],
        [
          0.0,
          0.0,
          0.0,
          1.0
        ]
      ]
    },
    {
      "file_path": "/media/NFS/ttao/scannet/posed_images/scene0237_00/00110.jpg",
      "transform_matrix": [
        [
          -0.93178,
          -0.08583,
          0.352732,
          0.817651
        ],
        [
          -0.36291,
          0.24459,
          -0.899151,
          1.749447
        ],
        [
          -0.009101,
          -0.96582,
          -0.259053,
          1.574044
        ],
        [
          0.0,
          0.0,
          0.0,
          1.0
        ]
      ]
    },
    {
      "file_path": "/media/NFS/ttao/scannet/posed_images/scene0237_00/00112.jpg",
      "transform_matrix": [
        [
          -0.937382,
          -0.080019,
          0.338987,
          0.816461
        ],
        [
          -0.348212,
          0.237671,
          -0.906786,
          1.745536
        ],
        [
          -0.008007,
          -0.968044,
          -0.250652,
          1.571767
        ],
        [
          0.0,
          0.0,
          0.0,
          1.0
        ]
      ]
    },
    {
      "file_path": "/media/NFS/ttao/scannet/posed_images/scene0237_00/00113.jpg",
      "transform_matrix": [
        [
          -0.939072,
          -0.079681,
          0.334357,
          0.815169
        ],
        [
          -0.343674,
          0.233548,
          -0.909584,
          1.7442
        ],
        [
          -0.005612,
          -0.969075,
          -0.246703,
          1.571188
        ],
        [
          0.0,
          0.0,
          0.0,
          1.0
        ]
      ]
    },
    {
      "file_path": "/media/NFS/ttao/scannet/posed_images/scene0237_00/00116.jpg",
      "transform_matrix": [
        [
          -0.943603,
          -0.074821,
          0.322513,
          0.811669
        ],
        [
          -0.331054,
          0.225179,
          -0.91635,
          1.742383
        ],
        [
          -0.004061,
          -0.97144,
          -0.23725,
          1.56543
        ],
        [
          0.0,
          0.0,
          0.0,
          1.0
        ]
      ]
    },
    {
      "file_path": "/media/NFS/ttao/scannet/posed_images/scene0237_00/00118.jpg",
      "transform_matrix": [
        [
          -Infinity,
          -Infinity,
          -Infinity,
          -Infinity
        ],
        [
          -Infinity,
          -Infinity,
          -Infinity,
          -Infinity
        ],
        [
          -Infinity,
          -Infinity,
          -Infinity,
          -Infinity
        ],
        [
          -Infinity,
          -Infinity,
          -Infinity,
          -Infinity
        ]
      ]
    },
    {
      "file_path": "/media/NFS/ttao/scannet/posed_images/scene0237_00/00119.jpg",
      "transform_matrix": [
        [
          -0.949142,
          -0.080173,
          0.304468,
          0.811396
        ],
        [
          -0.314565,
          0.200575,
          -0.927803,
          1.742536
        ],
        [
          0.013316,
          -0.976392,
          -0.215593,
          1.544577
        ],
        [
          0.0,
          0.0,
          0.0,
          1.0
        ]
      ]
    },
    {
      "file_path": "/media/NFS/ttao/scannet/posed_images/scene0237_00/00121.jpg",
      "transform_matrix": [
        [
          -0.954887,
          -0.055912,
          0.291657,
          0.815731
        ],
        [
          -0.29696,
          0.187104,
          -0.93638,
          1.750694
        ],
        [
          -0.002215,
          -0.980748,
          -0.195267,
          1.575729
        ],
        [
          0.0,
          0.0,
          0.0,
          1.0
        ]
      ]
    },
    {
      "file_path": "/media/NFS/ttao/scannet/posed_images/scene0237_00/00123.jpg",
      "transform_matrix": [
        [
          -0.956235,
          -0.054147,
          0.287548,
          0.816572
        ],
        [
          -0.292601,
          0.178736,
          -0.939382,
          1.75331
        ],
        [
          -0.00053,
          -0.982406,
          -0.186757,
          1.585367
        ],
        [
          0.0,
          0.0,
          0.0,
          1.0
        ]
      ]
    },
    {
      "file_path": "/media/NFS/ttao/scannet/posed_images/scene0237_00/00125.jpg",
      "transform_matrix": [
        [
          -0.956817,
          -0.057457,
          0.284957,
          0.818682
        ],
        [
          -0.290662,
          0.175,
          -0.940686,
          1.75666
        ],
        [
          0.004182,
          -0.98289,
          -0.184143,
          1.591769
        ],
        [
          0.0,
          0.0,
          0.0,
          1.0
        ]
      ]
    },
    {
      "file_path": "/media/NFS/ttao/scannet/posed_images/scene0237_00/00126.jpg",
      "transform_matrix": [
        [
          -0.957814,
          -0.057551,
          0.281568,
          0.819062
        ],
        [
          -0.287338,
          0.173229,
          -0.942034,
          1.758148
        ],
        [
          0.00544,
          -0.983199,
          -0.182458,
          1.594609
        ],
        [
          0.0,
          0.0,
          0.0,
          1.0
        ]
      ]
    },
    {
      "file_path": "/media/NFS/ttao/scannet/posed_images/scene0237_00/00128.jpg",
      "transform_matrix": [
        [
          -0.962307,
          -0.058887,
          0.265512,
          0.819631
        ],
        [
          -0.271751,
          0.169538,
          -0.947316,
          1.758947
        ],
        [
          0.01077,
          -0.983763,
          -0.17915,
          1.598121
        ],
        [
          0.0,
          0.0,
          0.0,
          1.0
        ]
      ]
    },
    {
      "file_path": "/media/NFS/ttao/scannet/posed_images/scene0237_00/00130.jpg",
      "transform_matrix": [
        [
          -0.969672,
          -0.040066,
          0.241102,
          0.8227
        ],
        [
          -0.244406,
          0.163231,
          -0.955835,
          1.760949
        ],
        [
          -0.001059,
          -0.985774,
          -0.168073,
          1.611605
        ],
        [
          0.0,
          0.0,
          0.0,
          1.0
        ]
      ]
    },
    {
      "file_path": "/media/NFS/ttao/scannet/posed_images/scene0237_00/00131.jpg",
      "transform_matrix": [
        [
          -0.97156,
          -0.031826,
          0.234645,
          0.820401
        ],
        [
          -0.236676,
          0.161735,
          -0.958033,
          1.761379
        ],
        [
          -0.00746,
          -0.986321,
          -0.164667,
          1.61685
        ],
        [
          0.0,
          0.0,
          0.0,
          1.0
        ]
      ]
    },
    {
      "file_path": "/media/NFS/ttao/scannet/posed_images/scene0237_00/00133.jpg",
      "transform_matrix": [
        [
          -0.973348,
          -0.023877,
          0.228087,
          0.817181
        ],
        [
          -0.228878,
          0.163769,
          -0.95958,
          1.764697
        ],
        [
          -0.014441,
          -0.98621,
          -0.164869,
          1.623551
        ],
        [
          0.0,
          0.0,
          0.0,
          1.0
        ]
      ]
    },
    {
      "file_path": "/media/NFS/ttao/scannet/posed_images/scene0237_00/00135.jpg",
      "transform_matrix": [
        [
          -0.976249,
          -0.020304,
          0.215698,
          0.813358
        ],
        [
          -0.216191,
          0.156195,
          -0.963776,
          1.769145
        ],
        [
          -0.014122,
          -0.987517,
          -0.156875,
          1.625371
        ],
        [
          0.0,
          0.0,
          0.0,
          1.0
        ]
      ]
    },
    {
      "file_path": "/media/NFS/ttao/scannet/posed_images/scene0237_00/00137.jpg",
      "transform_matrix": [
        [
          -0.979495,
          -0.017882,
          0.200671,
          0.808633
        ],
        [
