{
  "frames": [
    {
      "file_path": "/media/NFS/ttao/scannet/posed_images/scene0201_01/00000.jpg",
      "transform_matrix": [
        [
          0.999342,
          -0.013759,
          -0.033545,
          2.461302
        ],
        [
          0.020958,
          -0.535774,
          0.844101,
          2.721139
        ],
        [
          -0.029586,
          -0.84425,
          -0.535133,
          1.509752
        ],
        [
          0.0,
          0.0,
          0.0,
          1.0
        ]
      ]
    },
    {
      "file_path": "/media/NFS/ttao/scannet/posed_images/scene0201_01/00002.jpg",
      "transform_matrix": [
        [
          0.999368,
          -0.017951,
          -0.030668,
          2.47228
        ],
        [
          0.016317,
          -0.534848,
          0.844791,
          2.72579
        ],
        [
          -0.031568,
          -0.844758,
          -0.534217,
          1.514966
        ],
        [
          0.0,
          0.0,
          0.0,
          1.0
        ]
      ]
    },
    {
      "file_path": "/media/NFS/ttao/scannet/posed_images/scene0201_01/00005.jpg",
      "transform_matrix": [
        [
          0.999494,
          -0.018312,
          -0.026004,
          2.468326
        ],
        [
          0.012308,
          -0.531209,
          0.847151,
          2.724072
        ],
        [
          -0.029326,
          -0.847043,
          -0.530715,
          1.515332
        ],
        [
          0.0,
          0.0,
          0.0,
          1.0
        ]
      ]
    },
    {
      "file_path": "/media/NFS/ttao/scannet/posed_images/scene0201_01/00010.jpg",
      "transform_matrix": [
        [
          0.999582,
          -0.022112,
          -0.018644,
          2.461174
        ],
        [
          0.004192,
          -0.527046,
          0.849826,
          2.723426
        ],
        [
          -0.028617,
          -0.849549,
          -0.526733,
          1.51426
        ],
        [
          0.0,
          0.0,
          0.0,
          1.0
        ]
      ]
    },
    {
      "file_path": "/media/NFS/ttao/scannet/posed_images/scene0201_01/00011.jpg",
      "transform_matrix": [
        [
          0.99959,
          -0.021289,
          -0.019125,
          2.465974
        ],
        [
          0.004995,
          -0.528256,
          0.849071,
          2.726416
        ],
        [
          -0.028179,
          -0.848819,
          -0.527933,
          1.51804
        ],
        [
          0.0,
          0.0,
          0.0,
          1.0
        ]
      ]
    },
    {
      "file_path": "/media/NFS/ttao/scannet/posed_images/scene0201_01/00014.jpg",
      "transform_matrix": [
        [
          0.999621,
          -0.022776,
          -0.015432,
          2.474552
        ],
        [
          0.001178,
          -0.524983,
          0.851112,
          2.730928
        ],
        [
          -0.027487,
          -0.850808,
          -0.524758,
          1.524929
        ],
        [
          0.0,
          0.0,
          0.0,
          1.0
        ]
      ]
    },
    {
      "file_path": "/media/NFS/ttao/scannet/posed_images/scene0201_01/00018.jpg",
      "transform_matrix": [
        [
          0.999776,
          -0.020535,
          0.005151,
          2.490655
        ],
        [
          -0.014966,
          -0.513443,
          0.857993,
          2.732375
        ],
        [
          -0.014974,
          -0.857878,
          -0.513635,
          1.525317
        ],
        [
          0.0,
          0.0,
          0.0,
          1.0
        ]
      ]
    },
    {
      "file_path": "/media/NFS/ttao/scannet/posed_images/scene0201_01/00020.jpg",
      "transform_matrix": [
        [
          0.999584,
          -0.021801,
          0.018863,
          2.496472
        ],
        [
          -0.027335,
          -0.508842,
          0.860426,
          2.734987
        ],
        [
          -0.00916,
          -0.860584,
          -0.509227,
          1.531224
        ],
        [
          0.0,
          0.0,
          0.0,
          1.0
        ]
      ]
    },
    {
      "file_path": "/media/NFS/ttao/scannet/posed_images/scene0201_01/00023.jpg",
      "transform_matrix": [
        [
          0.999025,
          -0.026178,
          0.035561,
          2.506558
        ],
        [
          -0.043778,
          -0.481693,
          0.875246,
          2.739217
        ],
        [
          -0.005783,
          -0.875949,
          -0.482369,
          1.540339
        ],
        [
          0.0,
          0.0,
          0.0,
          1.0
        ]
      ]
    },
    {
      "file_path": "/media/NFS/ttao/scannet/posed_images/scene0201_01/00028.jpg",
      "transform_matrix": [
        [
          0.998058,
          -0.029334,
          0.054956,
          2.538746
        ],
        [
          -0.062225,
          -0.427632,
          0.901809,
          2.737044
        ],
        [
          -0.002953,
          -0.903477,
          -0.428627,
          1.561354
        ],
        [
          0.0,
          0.0,
          0.0,
          1.0
        ]
      ]
    },
    {
      "file_path": "/media/NFS/ttao/scannet/posed_images/scene0201_01/00029.jpg",
      "transform_matrix": [
        [
          0.997891,
          -0.026399,
          0.059304,
          2.547474
        ],
        [
          -0.064903,
          -0.422325,
          0.904118,
          2.731307
        ],
        [
          0.001178,
          -0.90606,
          -0.423147,
          1.556182
        ],
        [
          0.0,
          0.0,
          0.0,
          1.0
        ]
      ]
    },
    {
      "file_path": "/media/NFS/ttao/scannet/posed_images/scene0201_01/00032.jpg",
      "transform_matrix": [
        [
          0.997109,
          -0.025522,
          0.071567,
          2.583333
        ],
        [
          -0.075715,
          -0.412486,
          0.907812,
          2.728756
        ],
        [
          0.006351,
          -0.910607,
          -0.413226,
          1.560212
        ],
        [
          0.0,
          0.0,
          0.0,
          1.0
        ]
      ]
    },
    {
      "file_path": "/media/NFS/ttao/scannet/posed_images/scene0201_01/00037.jpg",
      "transform_matrix": [
        [
          0.995582,
          -0.031374,
          0.088494,
          2.632523
        ],
        [
          -0.093666,
          -0.397056,
          0.913002,
          2.723021
        ],
        [
          0.006492,
          -0.917258,
          -0.398241,
          1.563735
        ],
        [
          0.0,
          0.0,
          0.0,
          1.0
        ]
      ]
    },
    {
      "file_path": "/media/NFS/ttao/scannet/posed_images/scene0201_01/00039.jpg",
      "transform_matrix": [
        [
          0.995667,
          -0.029439,
          0.088205,
          2.64775
        ],
        [
          -0.09268,
          -0.391253,
          0.915605,
          2.722807
        ],
        [
          0.007556,
          -0.919812,
          -0.392286,
          1.574507
        ],
        [
          0.0,
          0.0,
          0.0,
          1.0
        ]
      ]
    },
    {
      "file_path": "/media/NFS/ttao/scannet/posed_images/scene0201_01/00041.jpg",
      "transform_matrix": [
        [
          0.995906,
          -0.028311,
          0.085842,
          2.649161
        ],
        [
          -0.090219,
          -0.369704,
          0.924759,
          2.717941
        ],
        [
          0.005555,
          -0.928718,
          -0.370745,
          1.582868
        ],
        [
          0.0,
          0.0,
          0.0,
          1.0
        ]
      ]
    },
    {
      "file_path": "/media/NFS/ttao/scannet/posed_images/scene0201_01/00044.jpg",
      "transform_matrix": [
        [
          0.996751,
          -0.042113,
          0.068651,
          2.674249
        ],
        [
          -0.07881,
          -0.334327,
          0.939156,
          2.705911
        ],
        [
          -0.016599,
          -0.941516,
          -0.33656,
          1.582328
        ],
        [
          0.0,
          0.0,
          0.0,
          1.0
        ]
      ]
    },
    {
      "file_path": "/media/NFS/ttao/scannet/posed_images/scene0201_01/00048.jpg",
      "transform_matrix": [
        [
          0.99619,
          -0.059331,
          0.063913,
          2.702974
        ],
        [
          -0.079416,
          -0.31442,
          0.945956,
          2.693695
        ],
        [
          -0.036029,
          -0.947428,
          -0.317934,
          1.588066
        ],
        [
          0.0,
          0.0,
          0.0,
          1.0
        ]
      ]
    },
    {
      "file_path": "/media/NFS/ttao/scannet/posed_images/scene0201_01/00051.jpg",
      "transform_matrix": [
        [
          0.995329,
          -0.066128,
          0.070342,
          2.70584
        ],
        [
          -0.087199,
          -0.303009,
          0.94899,
          2.683488
        ],
        [
          -0.04144,
          -0.950691,
          -0.30736,
          1.589211
        ],
        [
          0.0,
          0.0,
          0.0,
          1.0
        ]
      ]
    },
    {
      "file_path": "/media/NFS/ttao/scannet/posed_images/scene0201_01/00052.jpg",
      "transform_matrix": [
        [
          0.995372,
          -0.065518,
          0.070299,
          2.708426
        ],
        [
          -0.086908,
          -0.301573,
          0.949474,
          2.680855
        ],
        [
          -0.041008,
          -0.951189,
          -0.305871,
          1.591183
        ],
        [
          0.0,
          0.0,
          0.0,
          1.0
        ]
      ]
    },
    {
      "file_path": "/media/NFS/ttao/scannet/posed_images/scene0201_01/00055.jpg",
      "transform_matrix": [
        [
          0.995987,
          -0.064691,
          0.061851,
          2.705911
        ],
        [
          -0.078182,
          -0.292462,
          0.953076,
          2.674444
        ],
        [
          -0.043567,
          -0.954087,
          -0.296346,
          1.594172
        ],
        [
          0.0,
          0.0,
          0.0,
          1.0
        ]
      ]
    },
    {
      "file_path": "/media/NFS/ttao/scannet/posed_images/scene0201_01/00059.jpg",
      "transform_matrix": [
        [
          0.997556,
          -0.068926,
          0.011407,
          2.71764
        ],
        [
          -0.029805,
          -0.272189,
          0.961782,
          2.673452
        ],
        [
          -0.063187,
          -0.959772,
          -0.273579,
          1.616434
        ],
        [
          0.0,
          0.0,
          0.0,
          1.0
        ]
      ]
    },
    {
      "file_path": "/media/NFS/ttao/scannet/posed_images/scene0201_01/00063.jpg",
      "transform_matrix": [
        [
          0.997645,
          -0.068593,
          0.000104,
          2.724588
        ],
        [
          -0.01688,
          -0.244041,
          0.969618,
          2.665966
        ],
        [
          -0.066484,
          -0.967336,
          -0.244625,
          1.612014
        ],
        [
          0.0,
          0.0,
          0.0,
          1.0
        ]
      ]
    },
    {
      "file_path": "/media/NFS/ttao/scannet/posed_images/scene0201_01/00064.jpg",
      "transform_matrix": [
        [
          0.99765,
          -0.068504,
          -0.001475,
          2.721521
        ],
        [
          -0.015177,
          -0.241912,
          0.970179,
          2.664501
        ],
        [
          -0.066818,
          -0.967877,
          -0.242384,
          1.61272
        ],
        [
          0.0,
          0.0,
          0.0,
          1.0
        ]
      ]
    },
    {
      "file_path": "/media/NFS/ttao/scannet/posed_images/scene0201_01/00069.jpg",
      "transform_matrix": [
        [
          0.997371,
          -0.070794,
          -0.015473,
          2.719684
        ],
        [
          -0.001402,
          -0.232335,
          0.972635,
          2.672375
        ],
        [
          -0.072452,
          -0.970056,
          -0.231823,
          1.632792
        ],
        [
          0.0,
          0.0,
          0.0,
          1.0
        ]
      ]
    },
    {
      "file_path": "/media/NFS/ttao/scannet/posed_images/scene0201_01/00070.jpg",
      "transform_matrix": [
        [
          0.997512,
          -0.069023,
          -0.014344,
          2.722262
        ],
        [
          -0.001304,
          -0.22149,
          0.975162,
          2.66978
        ],
        [
          -0.070486,
          -0.972717,
          -0.221029,
          1.620897
        ],
        [
          0.0,
          0.0,
          0.0,
          1.0
        ]
      ]
    },
    {
      "file_path": "/media/NFS/ttao/scannet/posed_images/scene0201_01/00074.jpg",
      "transform_matrix": [
        [
          0.997519,
          -0.067065,
          -0.021385,
          2.715031
        ],
        [
          0.007126,
          -0.206032,
          0.978519,
          2.675738
        ],
        [
          -0.07003,
          -0.976245,
          -0.205043,
          1.649186
        ],
        [
          0.0,
          0.0,
          0.0,
          1.0
        ]
      ]
    },
    {
      "file_path": "/media/NFS/ttao/scannet/posed_images/scene0201_01/00077.jpg",
      "transform_matrix": [
        [
          0.997528,
          -0.067887,
          -0.018145,
          2.710033
        ],
        [
          0.004839,
          -0.191246,
          0.98153,
          2.6784
        ],
        [
          -0.070103,
          -0.979192,
          -0.190445,
          1.665341
        ],
        [
          0.0,
          0.0,
          0.0,
          1.0
        ]
      ]
    },
    {
      "file_path": "/media/NFS/ttao/scannet/posed_images/scene0201_01/00078.jpg",
      "transform_matrix": [
        [
          0.997502,
          -0.068542,
          -0.017074,
          2.71136
        ],
        [
          0.003779,
          -0.189583,
          0.981857,
          2.678936
        ],
        [
          -0.070536,
          -0.97947,
          -0.18885,
          1.665339
        ],
        [
          0.0,
          0.0,
          0.0,
          1.0
        ]
      ]
    },
    {
      "file_path": "/media/NFS/ttao/scannet/posed_images/scene0201_01/00081.jpg",
      "transform_matrix": [
        [
          0.997603,
          -0.06796,
          -0.013039,
          2.709846
        ],
        [
          0.000793,
          -0.17719,
          0.984176,
          2.677464
        ],
        [
          -0.069195,
          -0.981827,
          -0.176711,
          1.667282
        ],
        [
          0.0,
          0.0,
          0.0,
          1.0
        ]
      ]
    },
    {
      "file_path": "/media/NFS/ttao/scannet/posed_images/scene0201_01/00086.jpg",
      "transform_matrix": [
        [
          0.998139,
          -0.060984,
          0.000111,
          2.712633
        ],
        [
          -0.009658,
          -0.156276,
          0.987666,
          2.674278
        ],
        [
          -0.060215,
          -0.985829,
          -0.156574,
          1.669785
        ],
        [
          0.0,
          0.0,
          0.0,
          1.0
        ]
      ]
    },
    {
      "file_path": "/media/NFS/ttao/scannet/posed_images/scene0201_01/00089.jpg",
      "transform_matrix": [
        [
          0.99786,
          -0.064868,
          0.008238,
          2.710072
        ],
        [
          -0.018008,
          -0.151498,
          0.988293,
          2.673542
        ],
        [
          -0.062861,
          -0.986327,
          -0.152342,
          1.669782
        ],
        [
          0.0,
          0.0,
          0.0,
          1.0
        ]
      ]
    },
    {
      "file_path": "/media/NFS/ttao/scannet/posed_images/scene0201_01/00090.jpg",
      "transform_matrix": [
        [
          0.997472,
          -0.069958,
          0.012446,
          2.702378
        ],
        [
          -0.022629,
          -0.146709,
          0.988921,
          2.671194
        ],
        [
          -0.067357,
          -0.986703,
          -0.147921,
          1.658459
        ],
        [
          0.0,
          0.0,
          0.0,
          1.0
        ]
      ]
    },
    {
      "file_path": "/media/NFS/ttao/scannet/posed_images/scene0201_01/00095.jpg",
      "transform_matrix": [
        [
          0.996585,
          -0.070431,
          0.043111,
          2.71225
        ],
        [
          -0.05326,
          -0.149252,
          0.987364,
          2.672855
        ],
        [
          -0.063106,
          -0.986288,
          -0.152493,
          1.658934
        ],
        [
          0.0,
          0.0,
          0.0,
          1.0
        ]
      ]
    },
    {
      "file_path": "/media/NFS/ttao/scannet/posed_images/scene0201_01/00096.jpg",
      "transform_matrix": [
        [
          0.996196,
          -0.06781,
          0.054728,
          2.709416
        ],
        [
          -0.064665,
          -0.154296,
          0.985906,
          2.671717
        ],
        [
          -0.05841,
          -0.985695,
          -0.158094,
          1.663216
        ],
        [
          0.0,
          0.0,
          0.0,
          1.0
        ]
      ]
    },
    {
      "file_path": "/media/NFS/ttao/scannet/posed_images/scene0201_01/00099.jpg",
      "transform_matrix": [
        [
          0.994952,
          -0.065001,
          0.076459,
          2.721142
        ],
        [
          -0.086147,
          -0.162394,
          0.982958,
          2.674282
        ],
        [
          -0.051477,
          -0.984583,
          -0.167174,
          1.662945
        ],
        [
          0.0,
          0.0,
          0.0,
          1.0
        ]
      ]
    },
    {
      "file_path": "/media/NFS/ttao/scannet/posed_images/scene0201_01/00103.jpg",
      "transform_matrix": [
        [
          0.99237,
          -0.067185,
          0.103386,
          2.725353
        ],
        [
          -0.112503,
          -0.150286,
          0.98222,
          2.670425
        ],
        [
          -0.050453,
          -0.986357,
          -0.156698,
          1.654182
        ],
        [
          0.0,
          0.0,
          0.0,
          1.0
        ]
      ]
    },
    {
      "file_path": "/media/NFS/ttao/scannet/posed_images/scene0201_01/00105.jpg",
      "transform_matrix": [
        [
          0.99146,
          -0.065797,
          0.112596,
          2.732814
        ],
        [
          -0.121531,
          -0.152993,
          0.980726,
          2.670432
        ],
        [
          -0.047303,
          -0.986035,
          -0.159683,
          1.657089
        ],
        [
          0.0,
          0.0,
          0.0,
          1.0
        ]
      ]
    },
    {
      "file_path": "/media/NFS/ttao/scannet/posed_images/scene0201_01/00108.jpg",
      "transform_matrix": [
        [
          0.989471,
          -0.069758,
          0.126807,
          2.737681
        ],
        [
          -0.136842,
          -0.165656,
          0.976643,
          2.669647
        ],
        [
          -0.047123,
          -0.983713,
          -0.173458,
          1.646005
        ],
        [
          0.0,
          0.0,
          0.0,
          1.0
        ]
      ]
    },
    {
      "file_path": "/media/NFS/ttao/scannet/posed_images/scene0201_01/00113.jpg",
      "transform_matrix": [
        [
          0.985053,
          -0.079421,
          0.152852,
          2.738835
        ],
        [
          -0.165969,
          -0.20011,
          0.965614,
          2.669166
        ],
        [
          -0.046103,
          -0.976549,
          -0.210301,
          1.624397
        ],
        [
          0.0,
          0.0,
          0.0,
          1.0
        ]
      ]
    },
    {
      "file_path": "/media/NFS/ttao/scannet/posed_images/scene0201_01/00115.jpg",
      "transform_matrix": [
        [
          0.98353,
          -0.081965,
          0.161092,
          2.743102
        ],
        [
          -0.17553,
          -0.220587,
          0.959443,
          2.672804
        ],
        [
          -0.043106,
          -0.971917,
          -0.231341,
          1.633255
        ],
        [
          0.0,
          0.0,
          0.0,
          1.0
        ]
      ]
    },
    {
      "file_path": "/media/NFS/ttao/scannet/posed_images/scene0201_01/00116.jpg",
      "transform_matrix": [
        [
          0.982954,
          -0.079607,
          0.16572,
          2.740514
        ],
        [
          -0.179673,
          -0.224917,
          0.957669,
          2.669232
        ],
        [
          -0.038964,
          -0.971121,
          -0.235386,
          1.621204
        ],
        [
          0.0,
          0.0,
          0.0,
          1.0
        ]
      ]
    },
    {
      "file_path": "/media/NFS/ttao/scannet/posed_images/scene0201_01/00120.jpg",
      "transform_matrix": [
        [
          0.981345,
          -0.086719,
          0.171588,
          2.742787
        ],
        [
          -0.189267,
          -0.278978,
          0.941461,
          2.674238
        ],
        [
          -0.033773,
          -0.956374,
          -0.290187,
          1.624598
        ],
        [
          0.0,
          0.0,
          0.0,
          1.0
        ]
      ]
    },
    {
      "file_path": "/media/NFS/ttao/scannet/posed_images/scene0201_01/00124.jpg",
      "transform_matrix": [
        [
          0.982259,
          -0.085374,
          0.166969,
          2.734599
        ],
        [
          -0.185629,
          -0.316203,
          0.930354,
          2.672902
        ],
        [
          -0.026632,
          -0.944842,
          -0.326441,
          1.584528
        ],
        [
          0.0,
          0.0,
          0.0,
          1.0
        ]
      ]
    },
    {
      "file_path": "/media/NFS/ttao/scannet/posed_images/scene0201_01/00126.jpg",
      "transform_matrix": [
        [
          0.984343,
          -0.085009,
          0.15441,
          2.741669
        ],
        [
          -0.174329,
          -0.340099,
          0.92409,
          2.678112
        ],
        [
          -0.026041,
          -0.936539,
          -0.349594,
          1.578833
        ],
        [
          0.0,
          0.0,
          0.0,
          1.0
        ]
      ]
    },
    {
      "file_path": "/media/NFS/ttao/scannet/posed_images/scene0201_01/00130.jpg",
      "transform_matrix": [
        [
          0.9839,
          -0.090388,
          0.154174,
          2.723206
        ],
        [
          -0.177202,
          -0.381341,
          0.907292,
          2.68641
        ],
        [
          -0.023215,
          -0.920005,
          -0.391219,
          1.568593
        ],
        [
          0.0,
          0.0,
          0.0,
          1.0
        ]
      ]
    },
    {
      "file_path": "/media/NFS/ttao/scannet/posed_images/scene0201_01/00131.jpg",
      "transform_matrix": [
        [
          0.983963,
          -0.089753,
          0.154146,
          2.723182
        ],
        [
          -0.176919,
          -0.381006,
          0.907488,
          2.682136
        ],
        [
          -0.022719,
          -0.920206,
          -0.390775,
          1.546011
        ],
        [
          0.0,
          0.0,
          0.0,
          1.0
        ]
      ]
    },
    {
      "file_path": "/media/NFS/ttao/scannet/posed_images/scene0201_01/00136.jpg",
      "transform_matrix": [
        [
          0.982767,
          -0.096638,
          0.157576,
          2.725792
        ],
        [
          -0.183166,
          -0.394364,
          0.900515,
          2.691627
        ],
        [
          -0.024882,
          -0.913859,
          -0.405269,
          1.544082
        ],
        [
          0.0,
          0.0,
          0.0,
          1.0
        ]
      ]
    },
    {
      "file_path": "/media/NFS/ttao/scannet/posed_images/scene0201_01/00138.jpg",
      "transform_matrix": [
        [
          0.98209,
          -0.100972,
          0.159075,
          2.725468
        ],
        [
          -0.18626,
          -0.392981,
          0.900485,
          2.693533
        ],
        [
          -0.028411,
          -0.913986,
          -0.40475,
          1.544292
        ],
        [
          0.0,
          0.0,
          0.0,
          1.0
        ]
      ]
    },
    {
      "file_path": "/media/NFS/ttao/scannet/posed_images/scene0201_01/00140.jpg",
      "transform_matrix": [
        [
          0.979677,
          -0.10643,
          0.170016,
          2.70755
        ],
        [
          -0.198786,
          -0.402027,
          0.893789,
          2.703049
        ],
        [
          -0.026775,
          -0.909421,
          -0.415014,
          1.565608
        ],
        [
          0.0,
          0.0,
          0.0,
          1.0
        ]
      ]
    },
    {
      "file_path": "/media/NFS/ttao/scannet/posed_images/scene0201_01/00143.jpg",
      "transform_matrix": [
        [
          0.978298,
          -0.113625,
          0.173271,
          2.728062
        ],
        [
          -0.20472,
          -0.400945,
          0.892935,
          2.698667
        ],
        [
          -0.031988,
          -0.909028,
          -0.415505,
          1.547661
        ],
        [
          0.0,
          0.0,
          0.0,
          1.0
        ]
      ]
    },
    {
      "file_path": "/media/NFS/ttao/scannet/posed_images/scene0201_01/00147.jpg",
      "transform_matrix": [
        [
          0.973271,
          -0.130757,
          0.1888,
          2.732526
        ],
        [
          -0.226407,
          -0.408448,
          0.884257,
          2.701057
        ],
        [
          -0.038508,
          -0.903368,
          -0.427135,
          1.550775
        ],
        [
          0.0,
          0.0,
          0.0,
          1.0
        ]
      ]
    },
    {
      "file_path": "/media/NFS/ttao/scannet/posed_images/scene0201_01/00151.jpg",
      "transform_matrix": [
        [
          0.963067,
          -0.153483,
          0.221235,
          2.732404
        ],
        [
          -0.26552,
          -0.404818,
          0.874998,
          2.699539
        ],
        [
          -0.044737,
          -0.901424,
          -0.430619,
          1.548465
        ],
        [
          0.0,
          0.0,
          0.0,
          1.0
        ]
      ]
    },
    {
      "file_path": "/media/NFS/ttao/scannet/posed_images/scene0201_01/00153.jpg",
      "transform_matrix": [
        [
          0.958251,
          -0.1647,
          0.233728,
          2.737992
        ],
        [
          -0.281498,
          -0.400089,
          0.872174,
          2.695565
        ],
        [
          -0.050135,
          -0.901556,
          -0.429749,
          1.542336
        ],
        [
          0.0,
          0.0,
          0.0,
          1.0
        ]
      ]
    },
    {
      "file_path": "/media/NFS/ttao/scannet/posed_images/scene0201_01/00155.jpg",
      "transform_matrix": [
        [
          0.954871,
          -0.171811,
          0.242284,
          2.744041
        ],
        [
          -0.292386,
          -0.400216,
          0.868526,
          2.695374
        ],
        [
          -0.052257,
          -0.900171,
          -0.43239,
          1.545352
        ],
        [
          0.0,
          0.0,
          0.0,
          1.0
        ]
      ]
    },
    {
      "file_path": "/media/NFS/ttao/scannet/posed_images/scene0201_01/00158.jpg",
      "transform_matrix": [
        [
          0.950483,
          -0.173453,
          0.257868,
          2.750864
        ],
        [
          -0.307097,
          -0.396912,
          0.864958,
          2.688008
        ],
        [
          -0.047679,
          -0.901318,
          -0.430525,
          1.538817
        ],
        [
          0.0,
          0.0,
          0.0,
          1.0
        ]
      ]
    },
    {
      "file_path": "/media/NFS/ttao/scannet/posed_images/scene0201_01/00162.jpg",
      "transform_matrix": [
        [
          0.946347,
          -0.180114,
          0.268301,
          2.747773
        ],
        [
          -0.319524,
          -0.397508,
          0.86017,
          2.688432
        ],
        [
          -0.048277,
          -0.899748,
          -0.433731,
          1.537968
        ],
        [
          0.0,
          0.0,
          0.0,
          1.0
        ]
      ]
    },
    {
      "file_path": "/media/NFS/ttao/scannet/posed_images/scene0201_01/00163.jpg",
      "transform_matrix": [
        [
          0.946526,
          -0.181175,
          0.266955,
          2.749163
        ],
        [
          -0.318777,
          -0.397711,
          0.860353,
          2.688483
        ],
        [
          -0.049703,
          -0.899445,
          -0.434198,
          1.537513
        ],
        [
          0.0,
          0.0,
          0.0,
          1.0
        ]
      ]
    },
    {
      "file_path": "/media/NFS/ttao/scannet/posed_images/scene0201_01/00166.jpg",
      "transform_matrix": [
        [
          0.946164,
          -0.185718,
          0.265107,
          2.742766
        ],
        [
          -0.319192,
          -0.399323,
          0.859452,
          2.690225
        ],
        [
          -0.053753,
          -0.897803,
          -0.437105,
          1.53901
        ],
        [
          0.0,
          0.0,
          0.0,
          1.0
        ]
      ]
    },
    {
      "file_path": "/media/NFS/ttao/scannet/posed_images/scene0201_01/00170.jpg",
      "transform_matrix": [
        [
          0.946543,
          -0.185054,
          0.264218,
          2.745655
        ],
        [
          -0.317613,
          -0.391504,
          0.863624,
          2.685066
        ],
        [
          -0.056375,
          -0.901377,
          -0.429351,
          1.539425
        ],
        [
          0.0,
          0.0,
          0.0,
          1.0
        ]
      ]
    },
    {
      "file_path": "/media/NFS/ttao/scannet/posed_images/scene0201_01/00172.jpg",
      "transform_matrix": [
        [
          0.946423,
          -0.18021,
          0.267968,
          2.754759
        ],
        [
          -0.31885,
          -0.390033,
          0.863834,
          2.68266
        ],
        [
          -0.051155,
          -0.902994,
          -0.426597,
          1.536807
        ],
        [
          0.0,
          0.0,
          0.0,
          1.0
        ]
      ]
    },
    {
      "file_path": "/media/NFS/ttao/scannet/posed_images/scene0201_01/00175.jpg",
      "transform_matrix": [
        [
          0.937351,
          -0.181173,
          0.297574,
          2.757268
        ],
        [
          -0.346013,
          -0.384584,
          0.855786,
          2.674977
        ],
        [
          -0.040603,
          -0.905136,
          -0.423179,
          1.528217
        ],
        [
          0.0,
          0.0,
          0.0,
          1.0
        ]
      ]
    },
    {
      "file_path": "/media/NFS/ttao/scannet/posed_images/scene0201_01/00178.jpg",
      "transform_matrix": [
        [
          0.922825,
          -0.191078,
          0.334488,
          2.766195
        ],
        [
          -0.383828,
          -0.382393,
          0.840507,
          2.673137
        ],
        [
          -0.032696,
          -0.904027,
          -0.426223,
          1.527918
        ],
        [
          0.0,
          0.0,
          0.0,
          1.0
        ]
      ]
    },
    {
      "file_path": "/media/NFS/ttao/scannet/posed_images/scene0201_01/00183.jpg",
      "transform_matrix": [
        [
          0.900423,
          -0.218705,
          0.37604,
          2.800066
        ],
        [
          -0.433493,
          -0.378873,
          0.817642,
          2.656159
        ],
        [
          -0.036351,
          -0.899235,
          -0.435953,
          1.518298
        ],
        [
          0.0,
          0.0,
          0.0,
          1.0
        ]
      ]
    },
    {
      "file_path": "/media/NFS/ttao/scannet/posed_images/scene0201_01/00185.jpg",
      "transform_matrix": [
        [
          0.892767,
          -0.22584,
          0.389824,
          2.816432
        ],
        [
          -0.448947,
          -0.373777,
          0.811626,
          2.645927
        ],
        [
          -0.03759,
          -0.899604,
          -0.435086,
          1.514901
        ],
        [
          0.0,
          0.0,
          0.0,
          1.0
        ]
      ]
    },
    {
      "file_path": "/media/NFS/ttao/scannet/posed_images/scene0201_01/00187.jpg",
      "transform_matrix": [
        [
          0.883532,
          -0.236628,
          0.404201,
          2.828688
        ],
        [
          -0.466525,
          -0.368074,
          0.804286,
          2.64054
        ],
        [
          -0.041541,
          -0.899183,
          -0.435598,
          1.515319
        ],
        [
          0.0,
          0.0,
          0.0,
          1.0
        ]
      ]
    },
    {
      "file_path": "/media/NFS/ttao/scannet/posed_images/scene0201_01/00190.jpg",
      "transform_matrix": [
        [
          0.86592,
          -0.248681,
          0.433982,
          2.835978
        ],
        [
          -0.498298,
          -0.353652,
          0.791599,
          2.622039
        ],
        [
          -0.043377,
          -0.901714,
          -0.430152,
          1.50039
        ],
        [
          0.0,
          0.0,
          0.0,
          1.0
        ]
      ]
    },
    {
      "file_path": "/media/NFS/ttao/scannet/posed_images/scene0201_01/00194.jpg",
      "transform_matrix": [
        [
          0.842412,
          -0.267224,
          0.467903,
          2.863937
        ],
        [
          -0.536551,
          -0.336167,
          0.774018,
          2.606052
        ],
        [
          -0.049542,
          -0.903097,
          -0.426571,
          1.499853
        ],
        [
          0.0,
          0.0,
          0.0,
          1.0
        ]
      ]
    },
    {
      "file_path": "/media/NFS/ttao/scannet/posed_images/scene0201_01/00195.jpg",
      "transform_matrix": [
        [
          0.836588,
          -0.270696,
          0.476281,
          2.869442
        ],
        [
          -0.545649,
          -0.334184,
          0.768497,
          2.60255
        ],
        [
          -0.048863,
          -0.902798,
          -0.42728,
          1.499121
        ],
        [
          0.0,
          0.0,
          0.0,
          1.0
        ]
      ]
    },
    {
      "file_path": "/media/NFS/ttao/scannet/posed_images/scene0201_01/00200.jpg",
      "transform_matrix": [
        [
          0.810984,
          -0.296477,
          0.504387,
          2.901205
        ],
        [
          -0.582139,
          -0.322735,
          0.746295,
          2.579783
        ],
        [
          -0.058476,
          -0.898857,
          -0.434323,
          1.486851
        ],
        [
          0.0,
          0.0,
          0.0,
          1.0
        ]
      ]
    },
    {
      "file_path": "/media/NFS/ttao/scannet/posed_images/scene0201_01/00201.jpg",
      "transform_matrix": [
        [
          0.803696,
          -0.30198,
          0.51272,
          2.902383
        ],
        [
          -0.592136,
          -0.320847,
          0.739211,
          2.581222
        ],
        [
          -0.058722,
          -0.8977,
          -0.436676,
          1.487312
        ],
        [
          0.0,
          0.0,
          0.0,
          1.0
        ]
      ]
    },
    {
      "file_path": "/media/NFS/ttao/scannet/posed_images/scene0201_01/00206.jpg",
      "transform_matrix": [
        [
          0.776372,
          -0.317705,
          0.544343,
          2.923051
        ],
        [
          -0.626514,
          -0.294812,
          0.721502,
          2.559084
        ],
        [
          -0.068746,
          -0.901193,
          -0.427931,
          1.486049
        ],
        [
          0.0,
          0.0,
          0.0,
          1.0
        ]
      ]
    },
    {
      "file_path": "/media/NFS/ttao/scannet/posed_images/scene0201_01/00208.jpg",
      "transform_matrix": [
        [
          0.766808,
          -0.323644,
          0.55431,
          2.924476
        ],
        [
          -0.637585,
          -0.284361,
          0.715978,
          2.554385
        ],
        [
          -0.074098,
          -0.902438,
          -0.424401,
          1.483397
        ],
        [
          0.0,
          0.0,
          0.0,
          1.0
        ]
      ]
    },
    {
      "file_path": "/media/NFS/ttao/scannet/posed_images/scene0201_01/00210.jpg",
      "transform_matrix": [
        [
          0.767445,
          -0.318643,
          0.556322,
          2.922433
        ],
        [
          -0.636766,
          -0.277955,
          0.719214,
          2.542246
        ],
        [
          -0.07454,
          -0.906205,
          -0.416217,
          1.479553
        ],
        [
          0.0,
          0.0,
          0.0,
          1.0
        ]
      ]
    },
    {
      "file_path": "/media/NFS/ttao/scannet/posed_images/scene0201_01/00213.jpg",
      "transform_matrix": [
        [
          0.769113,
          -0.324415,
          0.550654,
          2.922957
        ],
        [
          -0.634478,
          -0.28401,
          0.718871,
          2.528764
        ],
        [
          -0.076821,
          -0.902271,
          -0.42427,
          1.473555
        ],
        [
          0.0,
          0.0,
          0.0,
          1.0
        ]
      ]
    },
    {
      "file_path": "/media/NFS/ttao/scannet/posed_images/scene0201_01/00217.jpg",
      "transform_matrix": [
        [
          0.750558,
          -0.327641,
          0.573859,
          2.93552
        ],
        [
          -0.655599,
          -0.260427,
          0.708778,
          2.509043
        ],
        [
          -0.082776,
          -0.908201,
          -0.410267,
          1.470737
        ],
        [
          0.0,
          0.0,
          0.0,
          1.0
        ]
      ]
    },
    {
      "file_path": "/media/NFS/ttao/scannet/posed_images/scene0201_01/00219.jpg",
      "transform_matrix": [
        [
          0.742394,
          -0.325018,
          0.585844,
          2.949323
        ],
        [
          -0.665486,
          -0.25683,
          0.700833,
          2.496156
        ],
        [
          -0.077321,
          -0.910166,
          -0.406964,
          1.47357
        ],
        [
          0.0,
          0.0,
          0.0,
          1.0
        ]
      ]
    },
    {
      "file_path": "/media/NFS/ttao/scannet/posed_images/scene0201_01/00223.jpg",
      "transform_matrix": [
        [
          0.723231,
          -0.328637,
          0.6074,
          2.962026
        ],
        [
          -0.686929,
          -0.251691,
          0.681748,
          2.473785
        ],
        [
          -0.071171,
          -0.910302,
          -0.407782,
          1.456891
        ],
        [
          0.0,
          0.0,
          0.0,
          1.0
        ]
      ]
    },
    {
      "file_path": "/media/NFS/ttao/scannet/posed_images/scene0201_01/00227.jpg",
      "transform_matrix": [
        [
          0.712136,
          -0.337195,
          0.615761,
          2.985764
        ],
        [
          -0.697868,
          -0.244512,
          0.673197,
          2.454907
        ],
        [
