{
  "frames": [
    {
      "file_path": "/media/NFS/ttao/scannet/posed_images/scene0186_00/00003.jpg",
      "transform_matrix": [
        [
          -0.081468,
          0.422714,
          -0.902594,
          4.260486
        ],
        [
          0.995995,
          0.068006,
          -0.058049,
          5.864969
        ],
        [
          0.036844,
          -0.903708,
          -0.426561,
          1.669529
        ],
        [
          0.0,
          0.0,
          0.0,
          1.0
        ]
      ]
    },
    {
      "file_path": "/media/NFS/ttao/scannet/posed_images/scene0186_00/00008.jpg",
      "transform_matrix": [
        [
          -0.081535,
          0.420637,
          -0.903558,
          4.263619
        ],
        [
          0.995998,
          0.067701,
          -0.058359,
          5.868936
        ],
        [
          0.036624,
          -0.904699,
          -0.424474,
          1.671963
        ],
        [
          0.0,
          0.0,
          0.0,
          1.0
        ]
      ]
    },
    {
      "file_path": "/media/NFS/ttao/scannet/posed_images/scene0186_00/00015.jpg",
      "transform_matrix": [
        [
          -0.096573,
          0.419987,
          -0.902377,
          4.267178
        ],
        [
          0.994509,
          0.077455,
          -0.070384,
          5.864803
        ],
        [
          0.040333,
          -0.904219,
          -0.42516,
          1.670509
        ],
        [
          0.0,
          0.0,
          0.0,
          1.0
        ]
      ]
    },
    {
      "file_path": "/media/NFS/ttao/scannet/posed_images/scene0186_00/00031.jpg",
      "transform_matrix": [
        [
          -0.196176,
          0.378339,
          -0.904641,
          4.300747
        ],
        [
          0.979792,
          0.112345,
          -0.165488,
          5.853969
        ],
        [
          0.039021,
          -0.918824,
          -0.392733,
          1.681806
        ],
        [
          0.0,
          0.0,
          0.0,
          1.0
        ]
      ]
    },
    {
      "file_path": "/media/NFS/ttao/scannet/posed_images/scene0186_00/00034.jpg",
      "transform_matrix": [
        [
          -0.218381,
          0.372422,
          -0.902004,
          4.307609
        ],
        [
          0.975021,
          0.121674,
          -0.185821,
          5.850908
        ],
        [
          0.040547,
          -0.920053,
          -0.38969,
          1.681217
        ],
        [
          0.0,
          0.0,
          0.0,
          1.0
        ]
      ]
    },
    {
      "file_path": "/media/NFS/ttao/scannet/posed_images/scene0186_00/00046.jpg",
      "transform_matrix": [
        [
          -0.331395,
          0.355861,
          -0.873808,
          4.341656
        ],
        [
          0.942161,
          0.174008,
          -0.286452,
          5.837577
        ],
        [
          0.050112,
          -0.918196,
          -0.392943,
          1.678876
        ],
        [
          0.0,
          0.0,
          0.0,
          1.0
        ]
      ]
    },
    {
      "file_path": "/media/NFS/ttao/scannet/posed_images/scene0186_00/00052.jpg",
      "transform_matrix": [
        [
          -0.388497,
          0.344079,
          -0.854798,
          4.359034
        ],
        [
          0.919224,
          0.209156,
          -0.333588,
          5.831367
        ],
        [
          0.064006,
          -0.915349,
          -0.397542,
          1.677544
        ],
        [
          0.0,
          0.0,
          0.0,
          1.0
        ]
      ]
    },
    {
      "file_path": "/media/NFS/ttao/scannet/posed_images/scene0186_00/00062.jpg",
      "transform_matrix": [
        [
          -0.459073,
          0.314652,
          -0.83081,
          4.378322
        ],
        [
          0.885674,
          0.235282,
          -0.40028,
          5.839276
        ],
        [
          0.069526,
          -0.919585,
          -0.386691,
          1.691459
        ],
        [
          0.0,
          0.0,
          0.0,
          1.0
        ]
      ]
    },
    {
      "file_path": "/media/NFS/ttao/scannet/posed_images/scene0186_00/00067.jpg",
      "transform_matrix": [
        [
          -0.47326,
          0.295496,
          -0.829884,
          4.37351
        ],
        [
          0.878205,
          0.232203,
          -0.418135,
          5.850857
        ],
        [
          0.069145,
          -0.926695,
          -0.369398,
          1.702443
        ],
        [
          0.0,
          0.0,
          0.0,
          1.0
        ]
      ]
    },
    {
      "file_path": "/media/NFS/ttao/scannet/posed_images/scene0186_00/00083.jpg",
      "transform_matrix": [
        [
          -0.526723,
          0.166234,
          -0.833624,
          4.257726
        ],
        [
          0.843661,
          0.222124,
          -0.488771,
          5.876397
        ],
        [
          0.103918,
          -0.960743,
          -0.257243,
          1.756808
        ],
        [
          0.0,
          0.0,
          0.0,
          1.0
        ]
      ]
    },
    {
      "file_path": "/media/NFS/ttao/scannet/posed_images/scene0186_00/00088.jpg",
      "transform_matrix": [
        [
          -0.525492,
          0.13873,
          -0.839412,
          4.213551
        ],
        [
          0.843833,
          0.210972,
          -0.493393,
          5.883952
        ],
        [
          0.108644,
          -0.967597,
          -0.227929,
          1.779295
        ],
        [
          0.0,
          0.0,
          0.0,
          1.0
        ]
      ]
    },
    {
      "file_path": "/media/NFS/ttao/scannet/posed_images/scene0186_00/00098.jpg",
      "transform_matrix": [
        [
          -0.565255,
          0.076911,
          -0.821323,
          4.169685
        ],
        [
          0.819272,
          0.168618,
          -0.548053,
          5.924139
        ],
        [
          0.096339,
          -0.982676,
          -0.158323,
          1.803396
        ],
        [
          0.0,
          0.0,
          0.0,
          1.0
        ]
      ]
    },
    {
      "file_path": "/media/NFS/ttao/scannet/posed_images/scene0186_00/00108.jpg",
      "transform_matrix": [
        [
          -0.659639,
          0.031633,
          -0.750917,
          4.16271
        ],
        [
          0.745557,
          0.153808,
          -0.648451,
          6.008471
        ],
        [
          0.094985,
          -0.987594,
          -0.125042,
          1.820145
        ],
        [
          0.0,
          0.0,
          0.0,
          1.0
        ]
      ]
    },
    {
      "file_path": "/media/NFS/ttao/scannet/posed_images/scene0186_00/00114.jpg",
      "transform_matrix": [
        [
          -0.716251,
          0.013861,
          -0.697704,
          4.157759
        ],
        [
          0.691653,
          0.146961,
          -0.70712,
          6.079768
        ],
        [
          0.092734,
          -0.989045,
          -0.114848,
          1.827455
        ],
        [
          0.0,
          0.0,
          0.0,
          1.0
        ]
      ]
    },
    {
      "file_path": "/media/NFS/ttao/scannet/posed_images/scene0186_00/00124.jpg",
      "transform_matrix": [
        [
          -0.786557,
          0.00073,
          -0.617517,
          4.165531
        ],
        [
          0.613292,
          0.117716,
          -0.781035,
          6.1717
        ],
        [
          0.072122,
          -0.993047,
          -0.093039,
          1.8484
        ],
        [
          0.0,
          0.0,
          0.0,
          1.0
        ]
      ]
    },
    {
      "file_path": "/media/NFS/ttao/scannet/posed_images/scene0186_00/00132.jpg",
      "transform_matrix": [
        [
          -0.829504,
          -0.004082,
          -0.558485,
          4.177508
        ],
        [
          0.556556,
          0.077331,
          -0.827204,
          6.213321
        ],
        [
          0.046565,
          -0.996997,
          -0.061874,
          1.860331
        ],
        [
          0.0,
          0.0,
          0.0,
          1.0
        ]
      ]
    },
    {
      "file_path": "/media/NFS/ttao/scannet/posed_images/scene0186_00/00137.jpg",
      "transform_matrix": [
        [
          -0.853325,
          -0.011232,
          -0.521259,
          4.189466
        ],
        [
          0.520031,
          0.053523,
          -0.852469,
          6.23208
        ],
        [
          0.037474,
          -0.998504,
          -0.039831,
          1.863473
        ],
        [
          0.0,
          0.0,
          0.0,
          1.0
        ]
      ]
    },
    {
      "file_path": "/media/NFS/ttao/scannet/posed_images/scene0186_00/00150.jpg",
      "transform_matrix": [
        [
          -0.898419,
          -0.028708,
          -0.438199,
          4.241326
        ],
        [
          0.438158,
          0.008057,
          -0.898862,
          6.25553
        ],
        [
          0.029335,
          -0.999555,
          0.00534,
          1.866189
        ],
        [
          0.0,
          0.0,
          0.0,
          1.0
        ]
      ]
    },
    {
      "file_path": "/media/NFS/ttao/scannet/posed_images/scene0186_00/00160.jpg",
      "transform_matrix": [
        [
          -0.92327,
          -0.026538,
          -0.383233,
          4.266
        ],
        [
          0.383469,
          -0.004254,
          -0.923544,
          6.269242
        ],
        [
          0.022879,
          -0.999639,
          0.014104,
          1.870697
        ],
        [
          0.0,
          0.0,
          0.0,
          1.0
        ]
      ]
    },
    {
      "file_path": "/media/NFS/ttao/scannet/posed_images/scene0186_00/00163.jpg",
      "transform_matrix": [
        [
          -0.930938,
          -0.028118,
          -0.364094,
          4.28085
        ],
        [
          0.364296,
          -0.002264,
          -0.93128,
          6.269788
        ],
        [
          0.025362,
          -0.999602,
          0.012351,
          1.864875
        ],
        [
          0.0,
          0.0,
          0.0,
          1.0
        ]
      ]
    },
    {
      "file_path": "/media/NFS/ttao/scannet/posed_images/scene0186_00/00170.jpg",
      "transform_matrix": [
        [
          -0.956633,
          -0.017788,
          -0.290752,
          4.295282
        ],
        [
          0.290455,
          0.01755,
          -0.956728,
          6.278814
        ],
        [
          0.022121,
          -0.999688,
          -0.011622,
          1.861249
        ],
        [
          0.0,
          0.0,
          0.0,
          1.0
        ]
      ]
    },
    {
      "file_path": "/media/NFS/ttao/scannet/posed_images/scene0186_00/00186.jpg",
      "transform_matrix": [
        [
          -0.984031,
          -0.004069,
          -0.177952,
          4.336243
        ],
        [
          0.175116,
          0.157075,
          -0.971937,
          6.267944
        ],
        [
          0.031907,
          -0.987578,
          -0.153854,
          1.809152
        ],
        [
          0.0,
          0.0,
          0.0,
          1.0
        ]
      ]
    },
    {
      "file_path": "/media/NFS/ttao/scannet/posed_images/scene0186_00/00194.jpg",
      "transform_matrix": [
        [
          -0.988451,
          0.004222,
          -0.151485,
          4.340836
        ],
        [
          0.148006,
          0.241633,
          -0.959014,
          6.254522
        ],
        [
          0.032555,
          -0.970359,
          -0.239467,
          1.77061
        ],
        [
          0.0,
          0.0,
          0.0,
          1.0
        ]
      ]
    },
    {
      "file_path": "/media/NFS/ttao/scannet/posed_images/scene0186_00/00201.jpg",
      "transform_matrix": [
        [
          -0.989484,
          0.012862,
          -0.144073,
          4.346258
        ],
        [
          0.140432,
          0.324106,
          -0.93554,
          6.242354
        ],
        [
          0.034662,
          -0.945933,
          -0.322504,
          1.735001
        ],
        [
          0.0,
          0.0,
          0.0,
          1.0
        ]
      ]
    },
    {
      "file_path": "/media/NFS/ttao/scannet/posed_images/scene0186_00/00209.jpg",
      "transform_matrix": [
        [
          -0.987721,
          0.015362,
          -0.155474,
          4.349969
        ],
        [
          0.148639,
          0.398864,
          -0.904884,
          6.228569
        ],
        [
          0.048112,
          -0.916882,
          -0.396249,
          1.69474
        ],
        [
          0.0,
          0.0,
          0.0,
          1.0
        ]
      ]
    },
    {
      "file_path": "/media/NFS/ttao/scannet/posed_images/scene0186_00/00220.jpg",
      "transform_matrix": [
        [
          -0.980159,
          0.031832,
          -0.19564,
          4.357764
        ],
        [
          0.187151,
          0.473744,
          -0.860547,
          6.206469
        ],
        [
          0.065291,
          -0.880087,
          -0.470302,
          1.643781
        ],
        [
          0.0,
          0.0,
          0.0,
          1.0
        ]
      ]
    },
    {
      "file_path": "/media/NFS/ttao/scannet/posed_images/scene0186_00/00222.jpg",
      "transform_matrix": [
        [
          -0.9769,
          0.044271,
          -0.209059,
          4.353384
        ],
        [
          0.20404,
          0.483989,
          -0.850954,
          6.198141
        ],
        [
          0.063509,
          -0.873953,
          -0.481842,
          1.639859
        ],
        [
          0.0,
          0.0,
          0.0,
          1.0
        ]
      ]
    },
    {
      "file_path": "/media/NFS/ttao/scannet/posed_images/scene0186_00/00230.jpg",
      "transform_matrix": [
        [
          -0.947348,
          0.09117,
          -0.306951,
          4.328155
        ],
        [
          0.310146,
          0.499648,
          -0.808803,
          6.157941
        ],
        [
          0.079629,
          -0.861417,
          -0.501617,
          1.621818
        ],
        [
          0.0,
          0.0,
          0.0,
          1.0
        ]
      ]
    },
    {
      "file_path": "/media/NFS/ttao/scannet/posed_images/scene0186_00/00240.jpg",
      "transform_matrix": [
        [
          -0.889512,
          0.156471,
          -0.429284,
          4.266347
        ],
        [
          0.447927,
          0.484033,
          -0.751714,
          6.083704
        ],
        [
          0.090166,
          -0.860947,
          -0.500641,
          1.634219
        ],
        [
          0.0,
          0.0,
          0.0,
          1.0
        ]
      ]
    },
    {
      "file_path": "/media/NFS/ttao/scannet/posed_images/scene0186_00/00248.jpg",
      "transform_matrix": [
        [
          -0.837157,
          0.202747,
          -0.507998,
          4.217491
        ],
        [
          0.540944,
          0.444312,
          -0.71412,
          6.02201
        ],
        [
          0.080924,
          -0.872628,
          -0.481634,
          1.644595
        ],
        [
          0.0,
          0.0,
          0.0,
          1.0
        ]
      ]
    },
    {
      "file_path": "/media/NFS/ttao/scannet/posed_images/scene0186_00/00263.jpg",
      "transform_matrix": [
        [
          -0.697394,
          0.289906,
          -0.655435,
          4.130134
        ],
        [
          0.713716,
          0.364122,
          -0.598351,
          5.916051
        ],
        [
          0.065193,
          -0.885082,
          -0.460847,
          1.646707
        ],
        [
          0.0,
          0.0,
          0.0,
          1.0
        ]
      ]
    },
    {
      "file_path": "/media/NFS/ttao/scannet/posed_images/scene0186_00/00266.jpg",
      "transform_matrix": [
        [
          -0.667014,
          0.2985,
          -0.682634,
          4.107543
        ],
        [
          0.741539,
          0.354766,
          -0.569439,
          5.902462
        ],
        [
          0.072198,
          -0.886024,
          -0.457984,
          1.642745
        ],
        [
          0.0,
          0.0,
          0.0,
          1.0
        ]
      ]
    },
    {
      "file_path": "/media/NFS/ttao/scannet/posed_images/scene0186_00/00274.jpg",
      "transform_matrix": [
        [
          -0.572965,
          0.348576,
          -0.741758,
          4.02228
        ],
        [
          0.815111,
          0.336742,
          -0.47138,
          5.867081
        ],
        [
          0.085469,
          -0.8747,
          -0.47707,
          1.634824
        ],
        [
          0.0,
          0.0,
          0.0,
          1.0
        ]
      ]
    },
    {
      "file_path": "/media/NFS/ttao/scannet/posed_images/scene0186_00/00284.jpg",
      "transform_matrix": [
        [
          -0.459493,
          0.376623,
          -0.804376,
          3.860936
        ],
        [
          0.884953,
          0.271288,
          -0.3785,
          5.822858
        ],
        [
          0.075666,
          -0.885753,
          -0.457949,
          1.649551
        ],
        [
          0.0,
          0.0,
          0.0,
          1.0
        ]
      ]
    },
    {
      "file_path": "/media/NFS/ttao/scannet/posed_images/scene0186_00/00297.jpg",
      "transform_matrix": [
        [
          -0.309266,
          0.402848,
          -0.861434,
          3.661038
        ],
        [
          0.949054,
          0.188307,
          -0.252661,
          5.764441
        ],
        [
          0.06043,
          -0.895686,
          -0.440561,
          1.659197
        ],
        [
          0.0,
          0.0,
          0.0,
          1.0
        ]
      ]
    },
    {
      "file_path": "/media/NFS/ttao/scannet/posed_images/scene0186_00/00300.jpg",
      "transform_matrix": [
        [
          -0.268792,
          0.410026,
          -0.871567,
          3.623328
        ],
        [
          0.961056,
          0.174482,
          -0.214306,
          5.750394
        ],
        [
          0.064202,
          -0.895229,
          -0.440958,
          1.661961
        ],
        [
          0.0,
          0.0,
          0.0,
          1.0
        ]
      ]
    },
    {
      "file_path": "/media/NFS/ttao/scannet/posed_images/scene0186_00/00310.jpg",
      "transform_matrix": [
        [
          -0.082022,
          0.422125,
          -0.902819,
          3.531978
        ],
        [
          0.994803,
          0.089508,
          -0.048528,
          5.688633
        ],
        [
          0.060324,
          -0.902108,
          -0.427273,
          1.666537
        ],
        [
          0.0,
          0.0,
          0.0,
          1.0
        ]
      ]
    },
    {
      "file_path": "/media/NFS/ttao/scannet/posed_images/scene0186_00/00323.jpg",
      "transform_matrix": [
        [
          0.136709,
          0.380719,
          -0.914529,
          3.471679
        ],
        [
          0.9896,
          -0.010787,
          0.14344,
          5.584149
        ],
        [
          0.044746,
          -0.924628,
          -0.378234,
          1.691382
        ],
        [
          0.0,
          0.0,
          0.0,
          1.0
        ]
      ]
    },
    {
      "file_path": "/media/NFS/ttao/scannet/posed_images/scene0186_00/00325.jpg",
      "transform_matrix": [
        [
          0.163605,
          0.375348,
          -0.912331,
          3.466424
        ],
        [
          0.985241,
          -0.014987,
          0.170514,
          5.572906
        ],
        [
          0.050329,
          -0.926763,
          -0.37226,
          1.694889
        ],
        [
          0.0,
          0.0,
          0.0,
          1.0
        ]
      ]
    },
    {
      "file_path": "/media/NFS/ttao/scannet/posed_images/scene0186_00/00341.jpg",
      "transform_matrix": [
        [
          0.259583,
          0.283842,
          -0.923066,
          3.474185
        ],
        [
          0.963481,
          -0.011049,
          0.267551,
          5.527251
        ],
        [
          0.065743,
          -0.958807,
          -0.276345,
          1.741126
        ],
        [
          0.0,
          0.0,
          0.0,
          1.0
        ]
      ]
    },
    {
      "file_path": "/media/NFS/ttao/scannet/posed_images/scene0186_00/00349.jpg",
      "transform_matrix": [
        [
          0.28666,
          0.225891,
          -0.931021,
          3.493927
        ],
        [
          0.95508,
          0.00886,
          0.296217,
          5.550402
        ],
        [
          0.075161,
          -0.974112,
          -0.213204,
          1.774636
        ],
        [
          0.0,
          0.0,
          0.0,
          1.0
        ]
      ]
    },
    {
      "file_path": "/media/NFS/ttao/scannet/posed_images/scene0186_00/00354.jpg",
      "transform_matrix": [
        [
          0.307002,
          0.192948,
          -0.931945,
          3.511305
        ],
        [
          0.948082,
          0.023401,
          0.317163,
          5.550041
        ],
        [
          0.083005,
          -0.98093,
          -0.175747,
          1.787372
        ],
        [
          0.0,
          0.0,
          0.0,
          1.0
        ]
      ]
    },
    {
      "file_path": "/media/NFS/ttao/scannet/posed_images/scene0186_00/00364.jpg",
      "transform_matrix": [
        [
          0.389601,
          0.157069,
          -0.907491,
          3.511437
        ],
        [
          0.915575,
          0.040574,
          0.400095,
          5.567335
        ],
        [
          0.099663,
          -0.986754,
          -0.128,
          1.806573
        ],
        [
          0.0,
          0.0,
          0.0,
          1.0
        ]
      ]
    },
    {
      "file_path": "/media/NFS/ttao/scannet/posed_images/scene0186_00/00372.jpg",
      "transform_matrix": [
        [
          0.498108,
          0.101166,
          -0.861193,
          3.475324
        ],
        [
          0.864737,
          0.015554,
          0.501985,
          5.519344
        ],
        [
          0.064179,
          -0.994748,
          -0.079734,
          1.826488
        ],
        [
          0.0,
          0.0,
          0.0,
          1.0
        ]
      ]
    },
    {
      "file_path": "/media/NFS/ttao/scannet/posed_images/scene0186_00/00380.jpg",
      "transform_matrix": [
        [
          0.587403,
          0.077963,
          -0.80553,
          3.462513
        ],
        [
          0.808668,
          -0.017392,
          0.588008,
          5.474466
        ],
        [
          0.031833,
          -0.996804,
          -0.073263,
          1.842841
        ],
        [
          0.0,
          0.0,
          0.0,
          1.0
        ]
      ]
    },
    {
      "file_path": "/media/NFS/ttao/scannet/posed_images/scene0186_00/00387.jpg",
      "transform_matrix": [
        [
          0.639653,
          0.080102,
          -0.764479,
          3.479323
        ],
        [
          0.767828,
          -0.020211,
          0.640338,
          5.466765
        ],
        [
          0.035842,
          -0.996582,
          -0.074432,
          1.841317
        ],
        [
          0.0,
          0.0,
          0.0,
          1.0
        ]
      ]
    },
    {
      "file_path": "/media/NFS/ttao/scannet/posed_images/scene0186_00/00400.jpg",
      "transform_matrix": [
        [
          0.732504,
          0.108309,
          -0.672091,
          3.497129
        ],
        [
          0.679402,
          -0.053915,
          0.731783,
          5.448051
        ],
        [
          0.043023,
          -0.992654,
          -0.113079,
          1.80613
        ],
        [
          0.0,
          0.0,
          0.0,
          1.0
        ]
      ]
    },
    {
      "file_path": "/media/NFS/ttao/scannet/posed_images/scene0186_00/00403.jpg",
      "transform_matrix": [
        [
          0.749326,
          0.114173,
          -0.652284,
          3.515419
        ],
        [
          0.661111,
          -0.072486,
          0.746778,
          5.468534
        ],
        [
          0.03798,
          -0.990813,
          -0.129797,
          1.784443
        ],
        [
          0.0,
          0.0,
          0.0,
          1.0
        ]
      ]
    },
    {
      "file_path": "/media/NFS/ttao/scannet/posed_images/scene0186_00/00411.jpg",
      "transform_matrix": [
        [
          0.79516,
          0.139649,
          -0.590101,
          3.522287
        ],
        [
          0.605658,
          -0.134766,
          0.78423,
          5.497511
        ],
        [
          0.029991,
          -0.980987,
          -0.19174,
          1.740627
        ],
        [
          0.0,
          0.0,
          0.0,
          1.0
        ]
      ]
    },
    {
      "file_path": "/media/NFS/ttao/scannet/posed_images/scene0186_00/00421.jpg",
      "transform_matrix": [
        [
          0.847866,
          0.163663,
          -0.504319,
          3.530341
        ],
        [
          0.529746,
          -0.22168,
          0.818674,
          5.537068
        ],
        [
          0.022189,
          -0.961287,
          -0.274655,
          1.699654
        ],
        [
          0.0,
          0.0,
          0.0,
          1.0
        ]
      ]
    },
    {
      "file_path": "/media/NFS/ttao/scannet/posed_images/scene0186_00/00434.jpg",
      "transform_matrix": [
        [
          0.895607,
          0.156917,
          -0.416251,
          3.547482
        ],
        [
          0.444765,
          -0.333669,
          0.831173,
          5.57321
        ],
        [
          -0.008465,
          -0.929539,
          -0.368628,
          1.653529
        ],
        [
          0.0,
          0.0,
          0.0,
          1.0
        ]
      ]
    },
    {
      "file_path": "/media/NFS/ttao/scannet/posed_images/scene0186_00/00444.jpg",
      "transform_matrix": [
        [
          0.911455,
          0.140581,
          -0.386636,
          3.565281
        ],
        [
          0.409201,
          -0.40683,
          0.816727,
          5.580264
        ],
        [
          -0.042479,
          -0.902622,
          -0.428333,
          1.610312
        ],
        [
          0.0,
          0.0,
          0.0,
          1.0
        ]
      ]
    },
    {
      "file_path": "/media/NFS/ttao/scannet/posed_images/scene0186_00/00447.jpg",
      "transform_matrix": [
        [
          0.916675,
          0.148709,
          -0.370934,
          3.565935
        ],
        [
          0.397683,
          -0.431017,
          0.809983,
          5.579834
        ],
        [
          -0.039427,
          -0.890006,
          -0.454241,
          1.600774
        ],
        [
          0.0,
          0.0,
          0.0,
          1.0
        ]
      ]
    },
    {
      "file_path": "/media/NFS/ttao/scannet/posed_images/scene0186_00/00455.jpg",
      "transform_matrix": [
        [
          0.928653,
          0.154271,
          -0.337349,
          3.57802
        ],
        [
          0.368451,
          -0.488974,
          0.790663,
          5.585258
        ],
        [
          -0.042978,
          -0.858548,
          -0.510928,
          1.581917
        ],
        [
          0.0,
          0.0,
          0.0,
          1.0
        ]
      ]
    },
    {
      "file_path": "/media/NFS/ttao/scannet/posed_images/scene0186_00/00470.jpg",
      "transform_matrix": [
        [
          0.972802,
          0.10383,
          -0.207062,
          3.603374
        ],
        [
          0.230692,
          -0.514901,
          0.825626,
          5.610591
        ],
        [
          -0.020892,
          -0.850939,
          -0.524849,
          1.580064
        ],
        [
          0.0,
          0.0,
          0.0,
          1.0
        ]
      ]
    },
    {
      "file_path": "/media/NFS/ttao/scannet/posed_images/scene0186_00/00478.jpg",
      "transform_matrix": [
        [
          0.987624,
          0.066768,
          -0.141917,
          3.599378
        ],
        [
          0.156415,
          -0.485719,
          0.860007,
          5.646654
        ],
        [
          -0.01151,
          -0.871561,
          -0.490151,
          1.615589
        ],
        [
          0.0,
          0.0,
          0.0,
          1.0
        ]
      ]
    },
    {
      "file_path": "/media/NFS/ttao/scannet/posed_images/scene0186_00/00480.jpg",
      "transform_matrix": [
        [
          0.989646,
          0.060545,
          -0.130134,
          3.60369
        ],
        [
          0.143282,
          -0.469825,
          0.871054,
          5.650025
        ],
        [
          -0.008402,
          -0.880681,
          -0.473635,
          1.616955
        ],
        [
          0.0,
          0.0,
          0.0,
          1.0
        ]
      ]
    },
    {
      "file_path": "/media/NFS/ttao/scannet/posed_images/scene0186_00/00488.jpg",
      "transform_matrix": [
        [
          0.995218,
          0.043359,
          -0.087524,
          3.59286
        ],
        [
          0.09764,
          -0.41754,
          0.903397,
          5.705321
        ],
        [
          0.002625,
          -0.907623,
          -0.419777,
          1.652162
        ],
        [
          0.0,
          0.0,
          0.0,
          1.0
        ]
      ]
    },
    {
      "file_path": "/media/NFS/ttao/scannet/posed_images/scene0186_00/00504.jpg",
      "transform_matrix": [
        [
          0.999732,
          -0.019665,
          0.012185,
          3.504454
        ],
        [
          -0.018009,
          -0.330903,
          0.943493,
          5.885478
        ],
        [
          -0.014521,
          -0.94346,
          -0.331169,
          1.727105
        ],
        [
          0.0,
          0.0,
          0.0,
          1.0
        ]
      ]
    },
    {
      "file_path": "/media/NFS/ttao/scannet/posed_images/scene0186_00/00511.jpg",
      "transform_matrix": [
        [
          0.997872,
          -0.03214,
          0.056737,
          3.460354
        ],
        [
          -0.063787,
          -0.300474,
          0.951655,
          5.973409
        ],
        [
          -0.013539,
          -0.953249,
          -0.301884,
          1.765744
        ],
        [
          0.0,
          0.0,
          0.0,
          1.0
        ]
      ]
    },
    {
      "file_path": "/media/NFS/ttao/scannet/posed_images/scene0186_00/00522.jpg",
      "transform_matrix": [
        [
          0.989278,
          -0.026136,
          0.143685,
          3.418889
        ],
        [
          -0.145529,
          -0.258884,
          0.954883,
          6.047861
        ],
        [
          0.012241,
          -0.965555,
          -0.259912,
          1.783809
        ],
        [
          0.0,
          0.0,
          0.0,
          1.0
        ]
      ]
    },
    {
      "file_path": "/media/NFS/ttao/scannet/posed_images/scene0186_00/00530.jpg",
      "transform_matrix": [
        [
          0.966417,
          -0.045127,
          0.252985,
          3.354836
        ],
        [
          -0.256484,
          -0.230376,
          0.938692,
          6.086547
        ],
        [
          0.015922,
          -0.972055,
          -0.234213,
          1.798842
        ],
        [
          0.0,
          0.0,
          0.0,
          1.0
        ]
      ]
    },
    {
      "file_path": "/media/NFS/ttao/scannet/posed_images/scene0186_00/00532.jpg",
      "transform_matrix": [
        [
          0.961483,
          -0.053365,
          0.269635,
          3.34535
        ],
        [
          -0.274643,
          -0.225953,
          0.934621,
          6.087779
        ],
        [
          0.011049,
          -0.972675,
          -0.231907,
          1.801687
        ],
        [
          0.0,
          0.0,
          0.0,
          1.0
        ]
      ]
    },
    {
      "file_path": "/media/NFS/ttao/scannet/posed_images/scene0186_00/00548.jpg",
      "transform_matrix": [
        [
          0.907595,
          -0.094103,
          0.409164,
          3.201003
        ],
        [
          -0.419416,
          -0.159093,
          0.893745,
          6.087867
        ],
        [
          -0.019009,
          -0.982769,
          -0.18386,
          1.835628
        ],
        [
          0.0,
          0.0,
          0.0,
          1.0
        ]
      ]
    },
    {
      "file_path": "/media/NFS/ttao/scannet/posed_images/scene0186_00/00550.jpg",
      "transform_matrix": [
        [
          0.900075,
          -0.087757,
          0.426805,
          3.179525
        ],
        [
          -0.435551,
          -0.152857,
          0.88709,
          6.088816
        ],
        [
          -0.012608,
          -0.984344,
          -0.175806,
          1.842651
        ],
        [
          0.0,
          0.0,
          0.0,
          1.0
        ]
      ]
    },
    {
      "file_path": "/media/NFS/ttao/scannet/posed_images/scene0186_00/00561.jpg",
      "transform_matrix": [
        [
          0.848261,
          -0.078446,
          0.523736,
          3.160567
        ],
        [
          -0.529578,
          -0.125807,
          0.83888,
          6.073847
        ],
        [
          8.3e-05,
          -0.988948,
          -0.14826,
          1.844443
        ],
        [
          0.0,
          0.0,
          0.0,
          1.0
        ]
      ]
    },
    {
      "file_path": "/media/NFS/ttao/scannet/posed_images/scene0186_00/00566.jpg",
      "transform_matrix": [
        [
          0.826847,
          -0.081581,
          0.556478,
          3.183114
        ],
        [
          -0.562416,
          -0.126138,
          0.817177,
          6.05628
        ],
        [
          0.003527,
          -0.988653,
          -0.15018,
          1.839604
        ],
        [
          0.0,
          0.0,
          0.0,
          1.0
        ]
      ]
    },
    {
      "file_path": "/media/NFS/ttao/scannet/posed_images/scene0186_00/00581.jpg",
      "transform_matrix": [
        [
          0.743511,
          -0.092408,
          0.662308,
          3.22557
        ],
        [
          -0.668393,
          -0.133799,
          0.731675,
          6.050366
        ],
        [
          0.021004,
          -0.986691,
          -0.161246,
          1.802374
        ],
        [
          0.0,
          0.0,
          0.0,
          1.0
        ]
      ]
    },
    {
      "file_path": "/media/NFS/ttao/scannet/posed_images/scene0186_00/00584.jpg",
      "transform_matrix": [
        [
          0.726459,
          -0.101613,
          0.679656,
          3.23545
        ],
        [
          -0.687041,
          -0.129319,
          0.715018,
          6.051047
        ],
        [
          0.015237,
          -0.986383,
          -0.163757,
          1.799636
        ],
        [
          0.0,
          0.0,
          0.0,
          1.0
        ]
      ]
    },
    {
      "file_path": "/media/NFS/ttao/scannet/posed_images/scene0186_00/00592.jpg",
      "transform_matrix": [
        [
          0.679937,
          -0.145791,
          0.718631,
          3.265943
        ],
        [
          -0.733195,
          -0.149218,
          0.663445,
          6.046329
        ],
        [
          0.010509,
          -0.977997,
          -0.208352,
          1.757468
        ],
        [
          0.0,
          0.0,
          0.0,
          1.0
        ]
      ]
    },
    {
      "file_path": "/media/NFS/ttao/scannet/posed_images/scene0186_00/00602.jpg",
      "transform_matrix": [
        [
          0.619197,
          -0.219324,
          0.753984,
          3.29703
        ],
        [
          -0.785216,
          -0.166121,
          0.596523,
          6.049685
        ],
        [
          -0.005579,
          -0.961406,
          -0.275079,
          1.718858
        ],
        [
          0.0,
          0.0,
          0.0,
          1.0
        ]
      ]
    },
    {
      "file_path": "/media/NFS/ttao/scannet/posed_images/scene0186_00/00612.jpg",
      "transform_matrix": [
        [
          0.584033,
          -0.289551,
          0.758331,
          3.322172
        ],
        [
          -0.811501,
          -0.186072,
          0.553934,
          6.036179
        ],
        [
          -0.019288,
          -0.938902,
          -0.343643,
          1.659138
        ],
        [
          0.0,
          0.0,
          0.0,
          1.0
        ]
      ]
    },
    {
      "file_path": "/media/NFS/ttao/scannet/posed_images/scene0186_00/00620.jpg",
      "transform_matrix": [
        [
          0.554672,
          -0.348008,
          0.755797,
          3.335748
        ],
        [
          -0.831454,
          -0.196901,
          0.519532,
          6.03529
        ],
        [
          -0.031984,
          -0.916581,
          -0.398568,
          1.628098
        ],
        [
          0.0,
          0.0,
          0.0,
          1.0
        ]
      ]
    },
    {
      "file_path": "/media/NFS/ttao/scannet/posed_images/scene0186_00/00633.jpg",
      "transform_matrix": [
        [
          0.437158,
          -0.382538,
          0.813976,
          3.414745
        ],
        [
          -0.898791,
          -0.152928,
          0.410838,
          6.013872
        ],
        [
          -0.032681,
          -0.911196,
          -0.410676,
          1.616768
        ],
        [
          0.0,
          0.0,
          0.0,
          1.0
        ]
      ]
    },
    {
      "file_path": "/media/NFS/ttao/scannet/posed_images/scene0186_00/00635.jpg",
      "transform_matrix": [
        [
          0.413313,
          -0.382809,
          0.826214,
          3.430278
        ],
        [
          -0.910176,
          -0.146345,
          0.387508,
          6.012385
        ],
        [
          -0.02743,
          -0.912162,
          -0.40891,
          1.62568
        ],
        [
          0.0,
          0.0,
          0.0,
          1.0
        ]
      ]
    },
    {
      "file_path": "/media/NFS/ttao/scannet/posed_images/scene0186_00/00643.jpg",
      "transform_matrix": [
        [
          0.329296,
          -0.358926,
          0.873347,
          3.487757
        ],
        [
          -0.94407,
          -0.10834,
          0.311437,
          5.997973
        ],
        [
          -0.017165,
          -0.927057,
          -0.374528,
          1.631228
        ],
        [
          0.0,
          0.0,
          0.0,
          1.0
        ]
      ]
    },
    {
      "file_path": "/media/NFS/ttao/scannet/posed_images/scene0186_00/00659.jpg",
      "transform_matrix": [
        [
          0.227159,
          -0.313794,
          0.921918,
          3.541327
        ],
        [
          -0.973833,
          -0.066375,
          0.217358,
          6.004678
        ],
        [
          -0.007013,
          -0.947168,
          -0.32066,
          1.67592
        ],
        [
          0.0,
          0.0,
          0.0,
          1.0
        ]
      ]
    },
    {
      "file_path": "/media/NFS/ttao/scannet/posed_images/scene0186_00/00661.jpg",
      "transform_matrix": [
        [
          0.21343,
          -0.308288,
          0.927041,
          3.540903
        ],
        [
          -0.976916,
          -0.058537,
          0.205446,
          6.009564
        ],
        [
          -0.00907,
          -0.94949,
          -0.313665,
          1.673763
        ],
