{
  "frames": [
    {
      "file_path": "/media/NFS/ttao/scannet/posed_images/scene0502_01/00000.jpg",
      "transform_matrix": [
        [
          0.947933,
          -0.142221,
          0.284949,
          3.691388
        ],
        [
          -0.2989,
          -0.088496,
          0.950172,
          4.758241
        ],
        [
          -0.109917,
          -0.985871,
          -0.126398,
          1.721949
        ],
        [
          0.0,
          0.0,
          0.0,
          1.0
        ]
      ]
    },
    {
      "file_path": "/media/NFS/ttao/scannet/posed_images/scene0502_01/00005.jpg",
      "transform_matrix": [
        [
          0.946397,
          -0.140472,
          0.29086,
          3.694045
        ],
        [
          -0.306393,
          -0.105348,
          0.946058,
          4.759325
        ],
        [
          -0.102253,
          -0.984464,
          -0.14274,
          1.713524
        ],
        [
          0.0,
          0.0,
          0.0,
          1.0
        ]
      ]
    },
    {
      "file_path": "/media/NFS/ttao/scannet/posed_images/scene0502_01/00008.jpg",
      "transform_matrix": [
        [
          0.946922,
          -0.137143,
          0.29074,
          3.69526
        ],
        [
          -0.306723,
          -0.114725,
          0.94486,
          4.760961
        ],
        [
          -0.096225,
          -0.983885,
          -0.150701,
          1.706164
        ],
        [
          0.0,
          0.0,
          0.0,
          1.0
        ]
      ]
    },
    {
      "file_path": "/media/NFS/ttao/scannet/posed_images/scene0502_01/00009.jpg",
      "transform_matrix": [
        [
          0.947709,
          -0.131557,
          0.290759,
          3.696061
        ],
        [
          -0.306029,
          -0.116203,
          0.944904,
          4.761184
        ],
        [
          -0.090521,
          -0.984474,
          -0.150387,
          1.705413
        ],
        [
          0.0,
          0.0,
          0.0,
          1.0
        ]
      ]
    },
    {
      "file_path": "/media/NFS/ttao/scannet/posed_images/scene0502_01/00013.jpg",
      "transform_matrix": [
        [
          0.949513,
          -0.105327,
          0.295518,
          3.705275
        ],
        [
          -0.307099,
          -0.119443,
          0.944152,
          4.760043
        ],
        [
          -0.064147,
          -0.987239,
          -0.145758,
          1.701815
        ],
        [
          0.0,
          0.0,
          0.0,
          1.0
        ]
      ]
    },
    {
      "file_path": "/media/NFS/ttao/scannet/posed_images/scene0502_01/00016.jpg",
      "transform_matrix": [
        [
          0.954617,
          -0.119356,
          0.272874,
          3.715631
        ],
        [
          -0.288585,
          -0.144104,
          0.946548,
          4.763715
        ],
        [
          -0.073655,
          -0.982338,
          -0.172008,
          1.692759
        ],
        [
          0.0,
          0.0,
          0.0,
          1.0
        ]
      ]
    },
    {
      "file_path": "/media/NFS/ttao/scannet/posed_images/scene0502_01/00020.jpg",
      "transform_matrix": [
        [
          0.963605,
          -0.142241,
          0.226346,
          3.733772
        ],
        [
          -0.253539,
          -0.217836,
          0.942478,
          4.779758
        ],
        [
          -0.084753,
          -0.965565,
          -0.245972,
          1.670009
        ],
        [
          0.0,
          0.0,
          0.0,
          1.0
        ]
      ]
    },
    {
      "file_path": "/media/NFS/ttao/scannet/posed_images/scene0502_01/00026.jpg",
      "transform_matrix": [
        [
          0.977387,
          -0.14525,
          0.153679,
          3.749705
        ],
        [
          -0.193486,
          -0.321103,
          0.927069,
          4.81039
        ],
        [
          -0.08531,
          -0.935839,
          -0.341946,
          1.619787
        ],
        [
          0.0,
          0.0,
          0.0,
          1.0
        ]
      ]
    },
    {
      "file_path": "/media/NFS/ttao/scannet/posed_images/scene0502_01/00027.jpg",
      "transform_matrix": [
        [
          0.979472,
          -0.144061,
          0.140998,
          3.75457
        ],
        [
          -0.181935,
          -0.330604,
          0.926067,
          4.814007
        ],
        [
          -0.086796,
          -0.93271,
          -0.350027,
          1.612288
        ],
        [
          0.0,
          0.0,
          0.0,
          1.0
        ]
      ]
    },
    {
      "file_path": "/media/NFS/ttao/scannet/posed_images/scene0502_01/00031.jpg",
      "transform_matrix": [
        [
          0.982584,
          -0.140401,
          0.121721,
          3.768609
        ],
        [
          -0.169209,
          -0.405357,
          0.898362,
          4.838676
        ],
        [
          -0.076791,
          -0.903313,
          -0.422054,
          1.599808
        ],
        [
          0.0,
          0.0,
          0.0,
          1.0
        ]
      ]
    },
    {
      "file_path": "/media/NFS/ttao/scannet/posed_images/scene0502_01/00036.jpg",
      "transform_matrix": [
        [
          0.993125,
          -0.107184,
          0.047066,
          3.774989
        ],
        [
          -0.092019,
          -0.466258,
          0.87985,
          4.866624
        ],
        [
          -0.072361,
          -0.878132,
          -0.472916,
          1.571385
        ],
        [
          0.0,
          0.0,
          0.0,
          1.0
        ]
      ]
    },
    {
      "file_path": "/media/NFS/ttao/scannet/posed_images/scene0502_01/00037.jpg",
      "transform_matrix": [
        [
          0.994846,
          -0.097202,
          0.028882,
          3.778072
        ],
        [
          -0.072108,
          -0.477883,
          0.875459,
          4.87194
        ],
        [
          -0.071295,
          -0.873029,
          -0.482428,
          1.566324
        ],
        [
          0.0,
          0.0,
          0.0,
          1.0
        ]
      ]
    },
    {
      "file_path": "/media/NFS/ttao/scannet/posed_images/scene0502_01/00043.jpg",
      "transform_matrix": [
        [
          0.989583,
          -0.042636,
          -0.137504,
          3.785676
        ],
        [
          0.095113,
          -0.52336,
          0.846787,
          4.91599
        ],
        [
          -0.108067,
          -0.851045,
          -0.513853,
          1.543119
        ],
        [
          0.0,
          0.0,
          0.0,
          1.0
        ]
      ]
    },
    {
      "file_path": "/media/NFS/ttao/scannet/posed_images/scene0502_01/00046.jpg",
      "transform_matrix": [
        [
          0.975701,
          -0.011397,
          -0.218808,
          3.77881
        ],
        [
          0.179615,
          -0.530316,
          0.828555,
          4.937862
        ],
        [
          -0.12548,
          -0.847724,
          -0.515383,
          1.531054
        ],
        [
          0.0,
          0.0,
          0.0,
          1.0
        ]
      ]
    },
    {
      "file_path": "/media/NFS/ttao/scannet/posed_images/scene0502_01/00049.jpg",
      "transform_matrix": [
        [
          0.953856,
          0.01827,
          -0.299707,
          3.760471
        ],
        [
          0.264919,
          -0.521045,
          0.811375,
          4.961158
        ],
        [
          -0.141337,
          -0.853333,
          -0.501843,
          1.52375
        ],
        [
          0.0,
          0.0,
          0.0,
          1.0
        ]
      ]
    },
    {
      "file_path": "/media/NFS/ttao/scannet/posed_images/scene0502_01/00054.jpg",
      "transform_matrix": [
        [
          0.90203,
          0.087267,
          -0.42276,
          3.736273
        ],
        [
          0.408946,
          -0.486338,
          0.772165,
          5.022731
        ],
        [
          -0.13822,
          -0.869402,
          -0.474379,
          1.526644
        ],
        [
          0.0,
          0.0,
          0.0,
          1.0
        ]
      ]
    },
    {
      "file_path": "/media/NFS/ttao/scannet/posed_images/scene0502_01/00057.jpg",
      "transform_matrix": [
        [
          0.873936,
          0.130641,
          -0.468155,
          3.696498
        ],
        [
          0.471849,
          -0.459102,
          0.752718,
          5.059715
        ],
        [
          -0.116595,
          -0.878726,
          -0.462868,
          1.529065
        ],
        [
          0.0,
          0.0,
          0.0,
          1.0
        ]
      ]
    },
    {
      "file_path": "/media/NFS/ttao/scannet/posed_images/scene0502_01/00060.jpg",
      "transform_matrix": [
        [
          0.841336,
          0.163604,
          -0.515158,
          3.668422
        ],
        [
          0.531888,
          -0.420174,
          0.73522,
          5.098099
        ],
        [
          -0.096171,
          -0.892574,
          -0.440527,
          1.529094
        ],
        [
          0.0,
          0.0,
          0.0,
          1.0
        ]
      ]
    },
    {
      "file_path": "/media/NFS/ttao/scannet/posed_images/scene0502_01/00063.jpg",
      "transform_matrix": [
        [
          0.817483,
          0.195905,
          -0.541611,
          3.618902
        ],
        [
          0.573324,
          -0.366527,
          0.732774,
          5.138194
        ],
        [
          -0.054962,
          -0.909549,
          -0.411947,
          1.538819
        ],
        [
          0.0,
          0.0,
          0.0,
          1.0
        ]
      ]
    },
    {
      "file_path": "/media/NFS/ttao/scannet/posed_images/scene0502_01/00067.jpg",
      "transform_matrix": [
        [
          0.768824,
          0.239175,
          -0.593048,
          3.535755
        ],
        [
          0.638703,
          -0.332353,
          0.693974,
          5.197426
        ],
        [
          -0.03112,
          -0.912325,
          -0.408282,
          1.577197
        ],
        [
          0.0,
          0.0,
          0.0,
          1.0
        ]
      ]
    },
    {
      "file_path": "/media/NFS/ttao/scannet/posed_images/scene0502_01/00070.jpg",
      "transform_matrix": [
        [
          0.727045,
          0.242368,
          -0.642389,
          3.4927
        ],
        [
          0.686027,
          -0.294306,
          0.665395,
          5.237947
        ],
        [
          -0.027788,
          -0.924469,
          -0.380244,
          1.596629
        ],
        [
          0.0,
          0.0,
          0.0,
          1.0
        ]
      ]
    },
    {
      "file_path": "/media/NFS/ttao/scannet/posed_images/scene0502_01/00071.jpg",
      "transform_matrix": [
        [
          0.714185,
          0.245132,
          -0.65563,
          3.477592
        ],
        [
          0.699631,
          -0.278607,
          0.657948,
          5.25124
        ],
        [
          -0.021379,
          -0.928595,
          -0.370479,
          1.604205
        ],
        [
          0.0,
          0.0,
          0.0,
          1.0
        ]
      ]
    },
    {
      "file_path": "/media/NFS/ttao/scannet/posed_images/scene0502_01/00075.jpg",
      "transform_matrix": [
        [
          0.667941,
          0.241653,
          -0.703888,
          3.434031
        ],
        [
          0.744208,
          -0.220733,
          0.630422,
          5.303714
        ],
        [
          -0.003028,
          -0.944924,
          -0.327277,
          1.630049
        ],
        [
          0.0,
          0.0,
          0.0,
          1.0
        ]
      ]
    },
    {
      "file_path": "/media/NFS/ttao/scannet/posed_images/scene0502_01/00078.jpg",
      "transform_matrix": [
        [
          0.640428,
          0.237003,
          -0.730535,
          3.402164
        ],
        [
          0.76791,
          -0.181626,
          0.614269,
          5.337992
        ],
        [
          0.0129,
          -0.95438,
          -0.298316,
          1.65023
        ],
        [
          0.0,
          0.0,
          0.0,
          1.0
        ]
      ]
    },
    {
      "file_path": "/media/NFS/ttao/scannet/posed_images/scene0502_01/00084.jpg",
      "transform_matrix": [
        [
          0.535228,
          0.23774,
          -0.810562,
          3.369556
        ],
        [
          0.844275,
          -0.119827,
          0.522343,
          5.422463
        ],
        [
          0.027055,
          -0.963909,
          -0.264853,
          1.66427
        ],
        [
          0.0,
          0.0,
          0.0,
          1.0
        ]
      ]
    },
    {
      "file_path": "/media/NFS/ttao/scannet/posed_images/scene0502_01/00085.jpg",
      "transform_matrix": [
        [
          0.516694,
          0.241363,
          -0.821444,
          3.366335
        ],
        [
          0.855359,
          -0.103778,
          0.507534,
          5.436532
        ],
        [
          0.037252,
          -0.96487,
          -0.260074,
          1.663229
        ],
        [
          0.0,
          0.0,
          0.0,
          1.0
        ]
      ]
    },
    {
      "file_path": "/media/NFS/ttao/scannet/posed_images/scene0502_01/00091.jpg",
      "transform_matrix": [
        [
          0.383773,
          0.273568,
          -0.881974,
          3.32796
        ],
        [
          0.920284,
          -0.034565,
          0.389722,
          5.532902
        ],
        [
          0.07613,
          -0.961231,
          -0.265025,
          1.662672
        ],
        [
          0.0,
          0.0,
          0.0,
          1.0
        ]
      ]
    },
    {
      "file_path": "/media/NFS/ttao/scannet/posed_images/scene0502_01/00092.jpg",
      "transform_matrix": [
        [
          0.361568,
          0.28281,
          -0.888418,
          3.323015
        ],
        [
          0.92897,
          -0.028265,
          0.369074,
          5.547997
        ],
        [
          0.079267,
          -0.958759,
          -0.272942,
          1.655036
        ],
        [
          0.0,
          0.0,
          0.0,
          1.0
        ]
      ]
    },
    {
      "file_path": "/media/NFS/ttao/scannet/posed_images/scene0502_01/00097.jpg",
      "transform_matrix": [
        [
          0.271527,
          0.276569,
          -0.921836,
          3.286183
        ],
        [
          0.959399,
          -0.00182,
          0.282046,
          5.616098
        ],
        [
          0.076328,
          -0.960992,
          -0.265834,
          1.681367
        ],
        [
          0.0,
          0.0,
          0.0,
          1.0
        ]
      ]
    },
    {
      "file_path": "/media/NFS/ttao/scannet/posed_images/scene0502_01/00100.jpg",
      "transform_matrix": [
        [
          0.224776,
          0.276177,
          -0.934453,
          3.260214
        ],
        [
          0.971958,
          0.004451,
          0.235114,
          5.650574
        ],
        [
          0.069093,
          -0.961097,
          -0.267431,
          1.679842
        ],
        [
          0.0,
          0.0,
          0.0,
          1.0
        ]
      ]
    },
    {
      "file_path": "/media/NFS/ttao/scannet/posed_images/scene0502_01/00103.jpg",
      "transform_matrix": [
        [
          0.177085,
          0.269331,
          -0.946626,
          3.237096
        ],
        [
          0.980314,
          0.037074,
          0.193935,
          5.673436
        ],
        [
          0.087328,
          -0.962334,
          -0.257464,
          1.684923
        ],
        [
          0.0,
          0.0,
          0.0,
          1.0
        ]
      ]
    },
    {
      "file_path": "/media/NFS/ttao/scannet/posed_images/scene0502_01/00108.jpg",
      "transform_matrix": [
        [
          0.073537,
          0.272819,
          -0.959251,
          3.189838
        ],
        [
          0.991762,
          0.081148,
          0.099109,
          5.703624
        ],
        [
          0.10488,
          -0.958637,
          -0.264604,
          1.697235
        ],
        [
          0.0,
          0.0,
          0.0,
          1.0
        ]
      ]
    },
    {
      "file_path": "/media/NFS/ttao/scannet/posed_images/scene0502_01/00110.jpg",
      "transform_matrix": [
        [
          0.060394,
          0.275676,
          -0.959352,
          3.167046
        ],
        [
          0.992308,
          0.087471,
          0.087604,
          5.672754
        ],
        [
          0.108065,
          -0.957263,
          -0.268273,
          1.687781
        ],
        [
          0.0,
          0.0,
          0.0,
          1.0
        ]
      ]
    },
    {
      "file_path": "/media/NFS/ttao/scannet/posed_images/scene0502_01/00114.jpg",
      "transform_matrix": [
        [
          -0.033399,
          0.258589,
          -0.96541,
          3.113324
        ],
        [
          0.993084,
          0.117369,
          -0.002918,
          5.686458
        ],
        [
          0.112555,
          -0.958831,
          -0.26072,
          1.707909
        ],
        [
          0.0,
          0.0,
          0.0,
          1.0
        ]
      ]
    },
    {
      "file_path": "/media/NFS/ttao/scannet/posed_images/scene0502_01/00116.jpg",
      "transform_matrix": [
        [
          -0.104273,
          0.251113,
          -0.962325,
          3.08322
        ],
        [
          0.988332,
          0.134181,
          -0.072077,
          5.710941
        ],
        [
          0.111026,
          -0.958612,
          -0.262175,
          1.717028
        ],
        [
          0.0,
          0.0,
          0.0,
          1.0
        ]
      ]
    },
    {
      "file_path": "/media/NFS/ttao/scannet/posed_images/scene0502_01/00122.jpg",
      "transform_matrix": [
        [
          -0.234944,
          0.177827,
          -0.955604,
          3.064207
        ],
        [
          0.968248,
          0.129216,
          -0.214007,
          5.68111
        ],
        [
          0.085423,
          -0.975541,
          -0.202539,
          1.678064
        ],
        [
          0.0,
          0.0,
          0.0,
          1.0
        ]
      ]
    },
    {
      "file_path": "/media/NFS/ttao/scannet/posed_images/scene0502_01/00123.jpg",
      "transform_matrix": [
        [
          -0.25706,
          0.173946,
          -0.950612,
          3.053383
        ],
        [
          0.962868,
          0.130072,
          -0.236573,
          5.691725
        ],
        [
          0.082497,
          -0.976127,
          -0.200923,
          1.679206
        ],
        [
          0.0,
          0.0,
          0.0,
          1.0
        ]
      ]
    },
    {
      "file_path": "/media/NFS/ttao/scannet/posed_images/scene0502_01/00128.jpg",
      "transform_matrix": [
        [
          -0.332043,
          0.16231,
          -0.929195,
          3.02202
        ],
        [
          0.940639,
          0.130415,
          -0.313352,
          5.716235
        ],
        [
          0.070321,
          -0.978083,
          -0.195979,
          1.691837
        ],
        [
          0.0,
          0.0,
          0.0,
          1.0
        ]
      ]
    },
    {
      "file_path": "/media/NFS/ttao/scannet/posed_images/scene0502_01/00131.jpg",
      "transform_matrix": [
        [
          -0.348191,
          0.156942,
          -0.924193,
          3.040993
        ],
        [
          0.933825,
          0.144373,
          -0.327303,
          5.648805
        ],
        [
          0.082061,
          -0.976998,
          -0.196826,
          1.674906
        ],
        [
          0.0,
          0.0,
          0.0,
          1.0
        ]
      ]
    },
    {
      "file_path": "/media/NFS/ttao/scannet/posed_images/scene0502_01/00134.jpg",
      "transform_matrix": [
        [
          -0.418316,
          0.152394,
          -0.895426,
          3.018488
        ],
        [
          0.904576,
          0.1591,
          -0.395513,
          5.672888
        ],
        [
          0.082189,
          -0.97543,
          -0.204406,
          1.698342
        ],
        [
          0.0,
          0.0,
          0.0,
          1.0
        ]
      ]
    },
    {
      "file_path": "/media/NFS/ttao/scannet/posed_images/scene0502_01/00139.jpg",
      "transform_matrix": [
        [
          -0.519447,
          0.137225,
          -0.843412,
          3.001094
        ],
        [
          0.846866,
          0.214339,
          -0.4867,
          5.702512
        ],
        [
          0.113989,
          -0.967072,
          -0.227549,
          1.71394
        ],
        [
          0.0,
          0.0,
          0.0,
          1.0
        ]
      ]
    },
    {
      "file_path": "/media/NFS/ttao/scannet/posed_images/scene0502_01/00142.jpg",
      "transform_matrix": [
        [
          -0.542622,
          0.120015,
          -0.831359,
          3.022455
        ],
        [
          0.828798,
          0.237437,
          -0.506673,
          5.67756
        ],
        [
          0.136587,
          -0.963961,
          -0.228306,
          1.701712
        ],
        [
          0.0,
          0.0,
          0.0,
          1.0
        ]
      ]
    },
    {
      "file_path": "/media/NFS/ttao/scannet/posed_images/scene0502_01/00146.jpg",
      "transform_matrix": [
        [
          -0.596238,
          0.105117,
          -0.795896,
          3.017783
        ],
        [
          0.788532,
          0.262809,
          -0.556011,
          5.693262
        ],
        [
          0.150722,
          -0.959105,
          -0.239585,
          1.70972
        ],
        [
          0.0,
          0.0,
          0.0,
          1.0
        ]
      ]
    },
    {
      "file_path": "/media/NFS/ttao/scannet/posed_images/scene0502_01/00147.jpg",
      "transform_matrix": [
        [
          -0.607369,
          0.101735,
          -0.787879,
          3.018074
        ],
        [
          0.779657,
          0.266648,
          -0.566599,
          5.693845
        ],
        [
          0.152444,
          -0.95841,
          -0.241272,
          1.710953
        ],
        [
          0.0,
          0.0,
          0.0,
          1.0
        ]
      ]
    },
    {
      "file_path": "/media/NFS/ttao/scannet/posed_images/scene0502_01/00150.jpg",
      "transform_matrix": [
        [
          -0.645743,
          0.095511,
          -0.757558,
          3.012025
        ],
        [
          0.747858,
          0.279253,
          -0.602268,
          5.702891
        ],
        [
          0.154027,
          -0.955456,
          -0.251754,
          1.720109
        ],
        [
          0.0,
          0.0,
          0.0,
          1.0
        ]
      ]
    },
    {
      "file_path": "/media/NFS/ttao/scannet/posed_images/scene0502_01/00156.jpg",
      "transform_matrix": [
        [
          -0.703178,
          0.087853,
          -0.705565,
          2.998797
        ],
        [
          0.692413,
          0.31011,
          -0.651458,
          5.706446
        ],
        [
          0.16157,
          -0.946633,
          -0.278893,
          1.72742
        ],
        [
          0.0,
          0.0,
          0.0,
          1.0
        ]
      ]
    },
    {
      "file_path": "/media/NFS/ttao/scannet/posed_images/scene0502_01/00159.jpg",
      "transform_matrix": [
        [
          -0.724196,
          0.086184,
          -0.684187,
          2.995553
        ],
        [
          0.670592,
          0.31932,
          -0.669583,
          5.707999
        ],
        [
          0.160767,
          -0.94372,
          -0.289045,
          1.728964
        ],
        [
          0.0,
          0.0,
          0.0,
          1.0
        ]
      ]
    },
    {
      "file_path": "/media/NFS/ttao/scannet/posed_images/scene0502_01/00162.jpg",
      "transform_matrix": [
        [
          -0.74052,
          0.08546,
          -0.666578,
          2.999908
        ],
        [
          0.652582,
          0.328357,
          -0.682875,
          5.709264
        ],
        [
          0.160517,
          -0.94068,
          -0.298925,
          1.724946
        ],
        [
          0.0,
          0.0,
          0.0,
          1.0
        ]
      ]
    },
    {
      "file_path": "/media/NFS/ttao/scannet/posed_images/scene0502_01/00164.jpg",
      "transform_matrix": [
        [
          -0.752149,
          0.087538,
          -0.653152,
          2.997396
        ],
        [
          0.639354,
          0.337096,
          -0.691081,
          5.70853
        ],
        [
          0.159679,
          -0.937392,
          -0.309514,
          1.723523
        ],
        [
          0.0,
          0.0,
          0.0,
          1.0
        ]
      ]
    },
    {
      "file_path": "/media/NFS/ttao/scannet/posed_images/scene0502_01/00168.jpg",
      "transform_matrix": [
        [
          -0.767569,
          0.103652,
          -0.63253,
          2.99939
        ],
        [
          0.621546,
          0.361444,
          -0.69501,
          5.705157
        ],
        [
          0.156585,
          -0.926614,
          -0.341858,
          1.716903
        ],
        [
          0.0,
          0.0,
          0.0,
          1.0
        ]
      ]
    },
    {
      "file_path": "/media/NFS/ttao/scannet/posed_images/scene0502_01/00171.jpg",
      "transform_matrix": [
        [
          -0.785273,
          0.130739,
          -0.605189,
          3.000618
        ],
        [
          0.602285,
          0.387884,
          -0.69771,
          5.707661
        ],
        [
          0.143525,
          -0.912389,
          -0.383337,
          1.69828
        ],
        [
          0.0,
          0.0,
          0.0,
          1.0
        ]
      ]
    },
    {
      "file_path": "/media/NFS/ttao/scannet/posed_images/scene0502_01/00177.jpg",
      "transform_matrix": [
        [
          -0.817695,
          0.1861,
          -0.54474,
          2.996137
        ],
        [
          0.561589,
          0.465777,
          -0.683864,
          5.698071
        ],
        [
          0.126461,
          -0.865112,
          -0.485375,
          1.671986
        ],
        [
          0.0,
          0.0,
          0.0,
          1.0
        ]
      ]
    },
    {
      "file_path": "/media/NFS/ttao/scannet/posed_images/scene0502_01/00179.jpg",
      "transform_matrix": [
        [
          -0.827871,
          0.199935,
          -0.524077,
          2.995302
        ],
        [
          0.547448,
          0.491539,
          -0.677267,
          5.694004
        ],
        [
          0.122195,
          -0.847594,
          -0.516384,
          1.660006
        ],
        [
          0.0,
          0.0,
          0.0,
          1.0
        ]
      ]
    },
    {
      "file_path": "/media/NFS/ttao/scannet/posed_images/scene0502_01/00183.jpg",
      "transform_matrix": [
        [
          -0.847811,
          0.227708,
          -0.47892,
          2.993719
        ],
        [
          0.520053,
          0.533674,
          -0.666886,
          5.691667
        ],
        [
          0.103732,
          -0.814458,
          -0.570875,
          1.633636
        ],
        [
          0.0,
          0.0,
          0.0,
          1.0
        ]
      ]
    },
    {
      "file_path": "/media/NFS/ttao/scannet/posed_images/scene0502_01/00187.jpg",
      "transform_matrix": [
        [
          -0.857629,
          0.239135,
          -0.455287,
          2.999352
        ],
        [
          0.504897,
          0.55977,
          -0.657067,
          5.680613
        ],
        [
          0.097728,
          -0.793393,
          -0.600814,
          1.624383
        ],
        [
          0.0,
          0.0,
          0.0,
          1.0
        ]
      ]
    },
    {
      "file_path": "/media/NFS/ttao/scannet/posed_images/scene0502_01/00188.jpg",
      "transform_matrix": [
        [
          -0.859841,
          0.239484,
          -0.45091,
          3.000244
        ],
        [
          0.501439,
          0.562311,
          -0.657544,
          5.678959
        ],
        [
          0.096081,
          -0.791488,
          -0.603585,
          1.623738
        ],
        [
          0.0,
          0.0,
          0.0,
          1.0
        ]
      ]
    },
    {
      "file_path": "/media/NFS/ttao/scannet/posed_images/scene0502_01/00192.jpg",
      "transform_matrix": [
        [
          -0.872256,
          0.224624,
          -0.434413,
          3.004871
        ],
        [
          0.479141,
          0.570425,
          -0.667113,
          5.668327
        ],
        [
          0.09795,
          -0.790038,
          -0.605183,
          1.629792
        ],
        [
          0.0,
          0.0,
          0.0,
          1.0
        ]
      ]
    },
    {
      "file_path": "/media/NFS/ttao/scannet/posed_images/scene0502_01/00195.jpg",
      "transform_matrix": [
        [
          -0.881004,
          0.197365,
          -0.429975,
          3.00823
        ],
        [
          0.461825,
          0.556063,
          -0.691022,
          5.658189
        ],
        [
          0.10271,
          -0.807367,
          -0.581042,
          1.647033
        ],
        [
          0.0,
          0.0,
          0.0,
          1.0
        ]
      ]
    },
    {
      "file_path": "/media/NFS/ttao/scannet/posed_images/scene0502_01/00200.jpg",
      "transform_matrix": [
        [
          -0.896577,
          0.105646,
          -0.430102,
          3.020493
        ],
        [
          0.427896,
          0.457162,
          -0.779685,
          5.658893
        ],
        [
          0.114256,
          -0.883087,
          -0.455087,
          1.681768
        ],
        [
          0.0,
          0.0,
          0.0,
          1.0
        ]
      ]
    },
    {
      "file_path": "/media/NFS/ttao/scannet/posed_images/scene0502_01/00202.jpg",
      "transform_matrix": [
        [
          -0.899294,
          0.070928,
          -0.431554,
          3.02553
        ],
        [
          0.420306,
          0.412905,
          -0.807993,
          5.656236
        ],
        [
          0.120881,
          -0.908008,
          -0.401134,
          1.704364
        ],
        [
          0.0,
          0.0,
          0.0,
          1.0
        ]
      ]
    },
    {
      "file_path": "/media/NFS/ttao/scannet/posed_images/scene0502_01/00205.jpg",
      "transform_matrix": [
        [
          -0.901022,
          0.023162,
          -0.433155,
          3.030861
        ],
        [
          0.412082,
          0.357531,
          -0.838069,
          5.655835
        ],
        [
          0.135454,
          -0.933614,
          -0.331688,
          1.735268
        ],
        [
          0.0,
          0.0,
          0.0,
          1.0
        ]
      ]
    },
    {
      "file_path": "/media/NFS/ttao/scannet/posed_images/scene0502_01/00211.jpg",
      "transform_matrix": [
        [
          -0.906064,
          -0.060452,
          -0.4188,
          3.04374
        ],
        [
          0.391078,
          0.258288,
          -0.883372,
          5.663521
        ],
        [
          0.161572,
          -0.964175,
          -0.210385,
          1.773495
        ],
        [
          0.0,
          0.0,
          0.0,
          1.0
        ]
      ]
    },
    {
      "file_path": "/media/NFS/ttao/scannet/posed_images/scene0502_01/00214.jpg",
      "transform_matrix": [
        [
          -0.905069,
          -0.077822,
          -0.418083,
          3.042425
        ],
        [
          0.391943,
          0.228833,
          -0.891076,
          5.666068
        ],
        [
          0.165016,
          -0.97035,
          -0.176607,
          1.789348
        ],
        [
          0.0,
          0.0,
          0.0,
          1.0
        ]
      ]
    },
    {
      "file_path": "/media/NFS/ttao/scannet/posed_images/scene0502_01/00215.jpg",
      "transform_matrix": [
        [
          -0.903497,
          -0.086976,
          -0.419676,
          3.04246
        ],
        [
          0.392839,
          0.223488,
          -0.892037,
          5.665677
        ],
        [
          0.171379,
          -0.970818,
          -0.167754,
          1.790082
        ],
        [
          0.0,
          0.0,
          0.0,
          1.0
        ]
      ]
    },
    {
      "file_path": "/media/NFS/ttao/scannet/posed_images/scene0502_01/00221.jpg",
      "transform_matrix": [
        [
          -Infinity,
          -Infinity,
          -Infinity,
          -Infinity
        ],
        [
          -Infinity,
          -Infinity,
          -Infinity,
          -Infinity
        ],
        [
          -Infinity,
          -Infinity,
          -Infinity,
          -Infinity
        ],
        [
          -Infinity,
          -Infinity,
          -Infinity,
          -Infinity
        ]
      ]
    },
    {
      "file_path": "/media/NFS/ttao/scannet/posed_images/scene0502_01/00222.jpg",
      "transform_matrix": [
        [
          -Infinity,
          -Infinity,
          -Infinity,
          -Infinity
        ],
        [
          -Infinity,
          -Infinity,
          -Infinity,
          -Infinity
        ],
        [
          -Infinity,
          -Infinity,
          -Infinity,
          -Infinity
        ],
        [
          -Infinity,
          -Infinity,
          -Infinity,
          -Infinity
        ]
      ]
    },
    {
      "file_path": "/media/NFS/ttao/scannet/posed_images/scene0502_01/00226.jpg",
      "transform_matrix": [
        [
          -Infinity,
          -Infinity,
          -Infinity,
          -Infinity
        ],
        [
          -Infinity,
          -Infinity,
          -Infinity,
          -Infinity
        ],
        [
          -Infinity,
          -Infinity,
          -Infinity,
          -Infinity
        ],
        [
          -Infinity,
          -Infinity,
          -Infinity,
          -Infinity
        ]
      ]
    },
    {
      "file_path": "/media/NFS/ttao/scannet/posed_images/scene0502_01/00231.jpg",
      "transform_matrix": [
        [
          -0.853846,
          -0.108948,
          -0.508996,
          3.053702
        ],
        [
          0.474059,
          0.241094,
          -0.846843,
          5.660555
        ],
        [
          0.214977,
          -0.964367,
          -0.154209,
          1.786803
        ],
        [
          0.0,
          0.0,
          0.0,
          1.0
        ]
      ]
    },
    {
      "file_path": "/media/NFS/ttao/scannet/posed_images/scene0502_01/00233.jpg",
      "transform_matrix": [
        [
          -0.857815,
          -0.101673,
          -0.503802,
          3.055317
        ],
        [
          0.467824,
          0.25144,
          -0.847301,
          5.658573
        ],
        [
          0.212823,
          -0.962518,
          -0.168124,
          1.778204
        ],
        [
          0.0,
          0.0,
          0.0,
          1.0
        ]
      ]
    },
    {
      "file_path": "/media/NFS/ttao/scannet/posed_images/scene0502_01/00238.jpg",
      "transform_matrix": [
        [
          -0.882267,
          -0.060425,
          -0.466854,
          3.045718
        ],
        [
          0.429793,
          0.301191,
          -0.851212,
          5.647379
        ],
        [
          0.192047,
          -0.951647,
          -0.239761,
          1.758111
        ],
        [
          0.0,
          0.0,
          0.0,
          1.0
        ]
      ]
    },
    {
      "file_path": "/media/NFS/ttao/scannet/posed_images/scene0502_01/00241.jpg",
      "transform_matrix": [
        [
          -0.904355,
          -0.034245,
          -0.425405,
          3.05782
        ],
        [
          0.386594,
          0.356533,
          -0.850547,
          5.630212
        ],
        [
          0.180798,
          -0.933655,
          -0.309193,
          1.739216
        ],
        [
          0.0,
          0.0,
          0.0,
          1.0
        ]
      ]
    },
    {
      "file_path": "/media/NFS/ttao/scannet/posed_images/scene0502_01/00245.jpg",
      "transform_matrix": [
        [
          -0.936076,
          -0.011197,
          -0.35162,
          3.060385
        ],
        [
          0.313516,
          0.426865,
          -0.84823,
          5.61123
        ],
        [
          0.159592,
          -0.904246,
          -0.396068,
          1.712134
        ],
        [
          0.0,
          0.0,
          0.0,
          1.0
        ]
      ]
    },
    {
      "file_path": "/media/NFS/ttao/scannet/posed_images/scene0502_01/00249.jpg",
      "transform_matrix": [
        [
          -0.966427,
          -0.012202,
          -0.256653,
          3.071452
        ],
        [
          0.220081,
          0.476193,
          -0.851354,
          5.59373
        ],
        [
          0.132605,
          -0.879256,
          -0.45752,
          1.693266
        ],
        [
          0.0,
          0.0,
          0.0,
          1.0
        ]
      ]
    },
    {
      "file_path": "/media/NFS/ttao/scannet/posed_images/scene0502_01/00252.jpg",
      "transform_matrix": [
        [
          -0.979203,
          -0.006677,
          -0.202773,
          3.105203
        ],
        [
          0.171738,
          0.504843,
          -0.845955,
          5.562641
        ],
        [
          0.108017,
          -0.863185,
          -0.493197,
          1.689075
        ],
        [
          0.0,
          0.0,
          0.0,
          1.0
        ]
      ]
    },
    {
      "file_path": "/media/NFS/ttao/scannet/posed_images/scene0502_01/00253.jpg",
      "transform_matrix": [
        [
          -0.983223,
          -0.018593,
          -0.18146,
          3.114971
        ],
        [
          0.146938,
          0.508731,
          -0.848294,
          5.558325
        ],
        [
          0.108086,
          -0.860725,
          -0.497464,
          1.684512
        ],
        [
          0.0,
          0.0,
          0.0,
          1.0
        ]
      ]
    },
    {
      "file_path": "/media/NFS/ttao/scannet/posed_images/scene0502_01/00256.jpg",
      "transform_matrix": [
        [
          -0.992483,
          -0.049307,
          -0.112011,
          3.135143
        ],
        [
          0.06992,
          0.522724,
          -0.84963,
          5.538231
        ],
        [
          0.100443,
          -0.851075,
          -0.515347,
          1.678704
        ],
        [
          0.0,
          0.0,
          0.0,
          1.0
        ]
      ]
    },
    {
      "file_path": "/media/NFS/ttao/scannet/posed_images/scene0502_01/00263.jpg",
      "transform_matrix": [
        [
          -0.991515,
          -0.127374,
          0.025939,
          3.21802
        ],
        [
          -0.090134,
          0.529909,
          -0.843251,
          5.47806
        ],
        [
          0.093663,
          -0.838435,
          -0.536894,
          1.659632
        ],
        [
          0.0,
          0.0,
          0.0,
          1.0
        ]
      ]
    },
    {
      "file_path": "/media/NFS/ttao/scannet/posed_images/scene0502_01/00264.jpg",
      "transform_matrix": [
        [
          -0.988102,
          -0.14647,
          0.046904,
          3.229178
        ],
        [
          -0.117941,
          0.525909,
          -0.842324,
          5.468364
        ],
