{
  "frames": [
    {
      "file_path": "/media/NFS/ttao/scannet/posed_images/scene0579_00/00000.jpg",
      "transform_matrix": [
        [
          0.648613,
          0.438186,
          -0.62233,
          3.064857
        ],
        [
          0.761117,
          -0.37481,
          0.529357,
          0.850001
        ],
        [
          -0.001299,
          -0.817014,
          -0.576617,
          1.380199
        ],
        [
          0.0,
          0.0,
          0.0,
          1.0
        ]
      ]
    },
    {
      "file_path": "/media/NFS/ttao/scannet/posed_images/scene0579_00/00002.jpg",
      "transform_matrix": [
        [
          0.653038,
          0.424456,
          -0.627199,
          3.059835
        ],
        [
          0.757258,
          -0.377021,
          0.533306,
          0.843123
        ],
        [
          -0.010102,
          -0.823221,
          -0.567632,
          1.374489
        ],
        [
          0.0,
          0.0,
          0.0,
          1.0
        ]
      ]
    },
    {
      "file_path": "/media/NFS/ttao/scannet/posed_images/scene0579_00/00004.jpg",
      "transform_matrix": [
        [
          0.654239,
          0.425044,
          -0.625547,
          3.054472
        ],
        [
          0.756207,
          -0.379752,
          0.532859,
          0.839176
        ],
        [
          -0.011064,
          -0.821661,
          -0.56987,
          1.369457
        ],
        [
          0.0,
          0.0,
          0.0,
          1.0
        ]
      ]
    },
    {
      "file_path": "/media/NFS/ttao/scannet/posed_images/scene0579_00/00008.jpg",
      "transform_matrix": [
        [
          0.660446,
          0.446946,
          -0.603366,
          3.042441
        ],
        [
          0.750866,
          -0.396638,
          0.528089,
          0.840152
        ],
        [
          -0.003291,
          -0.801822,
          -0.597555,
          1.360608
        ],
        [
          0.0,
          0.0,
          0.0,
          1.0
        ]
      ]
    },
    {
      "file_path": "/media/NFS/ttao/scannet/posed_images/scene0579_00/00010.jpg",
      "transform_matrix": [
        [
          0.661636,
          0.452177,
          -0.598142,
          3.040015
        ],
        [
          0.749817,
          -0.402642,
          0.525027,
          0.845963
        ],
        [
          -0.003432,
          -0.795874,
          -0.605452,
          1.363249
        ],
        [
          0.0,
          0.0,
          0.0,
          1.0
        ]
      ]
    },
    {
      "file_path": "/media/NFS/ttao/scannet/posed_images/scene0579_00/00011.jpg",
      "transform_matrix": [
        [
          0.660235,
          0.454116,
          -0.598221,
          3.040983
        ],
        [
          0.751058,
          -0.400457,
          0.524925,
          0.846078
        ],
        [
          -0.001185,
          -0.795872,
          -0.605463,
          1.358594
        ],
        [
          0.0,
          0.0,
          0.0,
          1.0
        ]
      ]
    },
    {
      "file_path": "/media/NFS/ttao/scannet/posed_images/scene0579_00/00015.jpg",
      "transform_matrix": [
        [
          0.650136,
          0.485699,
          -0.584311,
          3.046724
        ],
        [
          0.759767,
          -0.406702,
          0.507294,
          0.851434
        ],
        [
          0.008751,
          -0.773751,
          -0.63343,
          1.346263
        ],
        [
          0.0,
          0.0,
          0.0,
          1.0
        ]
      ]
    },
    {
      "file_path": "/media/NFS/ttao/scannet/posed_images/scene0579_00/00016.jpg",
      "transform_matrix": [
        [
          0.649071,
          0.487377,
          -0.584098,
          3.050466
        ],
        [
          0.760699,
          -0.409209,
          0.50387,
          0.855015
        ],
        [
          0.006557,
          -0.77137,
          -0.636353,
          1.346535
        ],
        [
          0.0,
          0.0,
          0.0,
          1.0
        ]
      ]
    },
    {
      "file_path": "/media/NFS/ttao/scannet/posed_images/scene0579_00/00020.jpg",
      "transform_matrix": [
        [
          0.640795,
          0.480691,
          -0.598597,
          3.075766
        ],
        [
          0.767671,
          -0.409307,
          0.493101,
          0.87233
        ],
        [
          -0.007981,
          -0.775503,
          -0.631294,
          1.349628
        ],
        [
          0.0,
          0.0,
          0.0,
          1.0
        ]
      ]
    },
    {
      "file_path": "/media/NFS/ttao/scannet/posed_images/scene0579_00/00021.jpg",
      "transform_matrix": [
        [
          0.635459,
          0.479508,
          -0.605198,
          3.084713
        ],
        [
          0.772054,
          -0.40593,
          0.489034,
          0.879577
        ],
        [
          -0.011172,
          -0.778006,
          -0.628157,
          1.351487
        ],
        [
          0.0,
          0.0,
          0.0,
          1.0
        ]
      ]
    },
    {
      "file_path": "/media/NFS/ttao/scannet/posed_images/scene0579_00/00023.jpg",
      "transform_matrix": [
        [
          0.624357,
          0.478233,
          -0.617634,
          3.102873
        ],
        [
          0.781001,
          -0.39705,
          0.482067,
          0.892366
        ],
        [
          -0.014692,
          -0.783355,
          -0.621401,
          1.355065
        ],
        [
          0.0,
          0.0,
          0.0,
          1.0
        ]
      ]
    },
    {
      "file_path": "/media/NFS/ttao/scannet/posed_images/scene0579_00/00026.jpg",
      "transform_matrix": [
        [
          0.600393,
          0.470575,
          -0.646597,
          3.140461
        ],
        [
          0.799416,
          -0.374904,
          0.469448,
          0.914267
        ],
        [
          -0.021502,
          -0.798753,
          -0.601275,
          1.356885
        ],
        [
          0.0,
          0.0,
          0.0,
          1.0
        ]
      ]
    },
    {
      "file_path": "/media/NFS/ttao/scannet/posed_images/scene0579_00/00029.jpg",
      "transform_matrix": [
        [
          0.560866,
          0.470794,
          -0.681016,
          3.186221
        ],
        [
          0.82763,
          -0.340089,
          0.446506,
          0.938883
        ],
        [
          -0.021394,
          -0.81406,
          -0.580388,
          1.355482
        ],
        [
          0.0,
          0.0,
          0.0,
          1.0
        ]
      ]
    },
    {
      "file_path": "/media/NFS/ttao/scannet/posed_images/scene0579_00/00032.jpg",
      "transform_matrix": [
        [
          0.509319,
          0.488989,
          -0.708156,
          3.228529
        ],
        [
          0.860456,
          -0.303244,
          0.409462,
          0.966123
        ],
        [
          -0.014521,
          -0.817883,
          -0.575201,
          1.354565
        ],
        [
          0.0,
          0.0,
          0.0,
          1.0
        ]
      ]
    },
    {
      "file_path": "/media/NFS/ttao/scannet/posed_images/scene0579_00/00033.jpg",
      "transform_matrix": [
        [
          0.494194,
          0.499409,
          -0.711592,
          3.240306
        ],
        [
          0.86932,
          -0.290857,
          0.399606,
          0.97462
        ],
        [
          -0.007404,
          -0.816084,
          -0.577886,
          1.353963
        ],
        [
          0.0,
          0.0,
          0.0,
          1.0
        ]
      ]
    },
    {
      "file_path": "/media/NFS/ttao/scannet/posed_images/scene0579_00/00035.jpg",
      "transform_matrix": [
        [
          0.473685,
          0.511678,
          -0.716804,
          3.262806
        ],
        [
          0.880693,
          -0.276398,
          0.384686,
          0.992852
        ],
        [
          -0.001288,
          -0.813505,
          -0.581557,
          1.355271
        ],
        [
          0.0,
          0.0,
          0.0,
          1.0
        ]
      ]
    },
    {
      "file_path": "/media/NFS/ttao/scannet/posed_images/scene0579_00/00039.jpg",
      "transform_matrix": [
        [
          0.428946,
          0.524234,
          -0.735652,
          3.307081
        ],
        [
          0.90309,
          -0.267625,
          0.335863,
          1.032028
        ],
        [
          -0.020808,
          -0.808428,
          -0.588228,
          1.363405
        ],
        [
          0.0,
          0.0,
          0.0,
          1.0
        ]
      ]
    },
    {
      "file_path": "/media/NFS/ttao/scannet/posed_images/scene0579_00/00040.jpg",
      "transform_matrix": [
        [
          0.421798,
          0.52268,
          -0.740873,
          3.31709
        ],
        [
          0.906408,
          -0.263438,
          0.330188,
          1.040574
        ],
        [
          -0.022592,
          -0.810806,
          -0.584879,
          1.362891
        ],
        [
          0.0,
          0.0,
          0.0,
          1.0
        ]
      ]
    },
    {
      "file_path": "/media/NFS/ttao/scannet/posed_images/scene0579_00/00044.jpg",
      "transform_matrix": [
        [
          0.426727,
          0.513722,
          -0.744307,
          3.337772
        ],
        [
          0.903963,
          -0.267298,
          0.333771,
          1.060108
        ],
        [
          -0.027486,
          -0.815255,
          -0.578449,
          1.371431
        ],
        [
          0.0,
          0.0,
          0.0,
          1.0
        ]
      ]
    },
    {
      "file_path": "/media/NFS/ttao/scannet/posed_images/scene0579_00/00045.jpg",
      "transform_matrix": [
        [
          0.430665,
          0.511031,
          -0.743891,
          3.342745
        ],
        [
          0.902038,
          -0.270433,
          0.336442,
          1.064052
        ],
        [
          -0.02924,
          -0.815913,
          -0.577436,
          1.372315
        ],
        [
          0.0,
          0.0,
          0.0,
          1.0
        ]
      ]
    },
    {
      "file_path": "/media/NFS/ttao/scannet/posed_images/scene0579_00/00048.jpg",
      "transform_matrix": [
        [
          0.452952,
          0.493981,
          -0.742171,
          3.354551
        ],
        [
          0.890754,
          -0.285592,
          0.353546,
          1.074028
        ],
        [
          -0.037313,
          -0.821231,
          -0.569375,
          1.376754
        ],
        [
          0.0,
          0.0,
          0.0,
          1.0
        ]
      ]
    },
    {
      "file_path": "/media/NFS/ttao/scannet/posed_images/scene0579_00/00049.jpg",
      "transform_matrix": [
        [
          0.45864,
          0.488153,
          -0.742533,
          3.358152
        ],
        [
          0.887759,
          -0.288526,
          0.358659,
          1.081599
        ],
        [
          -0.03916,
          -0.823686,
          -0.565692,
          1.377687
        ],
        [
          0.0,
          0.0,
          0.0,
          1.0
        ]
      ]
    },
    {
      "file_path": "/media/NFS/ttao/scannet/posed_images/scene0579_00/00052.jpg",
      "transform_matrix": [
        [
          0.477445,
          0.474656,
          -0.739424,
          3.369313
        ],
        [
          0.877847,
          -0.293907,
          0.378157,
          1.09258
        ],
        [
          -0.037827,
          -0.829651,
          -0.557,
          1.373965
        ],
        [
          0.0,
          0.0,
          0.0,
          1.0
        ]
      ]
    },
    {
      "file_path": "/media/NFS/ttao/scannet/posed_images/scene0579_00/00054.jpg",
      "transform_matrix": [
        [
          0.492559,
          0.467313,
          -0.734169,
          3.372278
        ],
        [
          0.869376,
          -0.302632,
          0.390639,
          1.100449
        ],
        [
          -0.039633,
          -0.830682,
          -0.555335,
          1.378441
        ],
        [
          0.0,
          0.0,
          0.0,
          1.0
        ]
      ]
    },
    {
      "file_path": "/media/NFS/ttao/scannet/posed_images/scene0579_00/00058.jpg",
      "transform_matrix": [
        [
          0.537343,
          0.435256,
          -0.722368,
          3.37278
        ],
        [
          0.840545,
          -0.346364,
          0.416552,
          1.110764
        ],
        [
          -0.068895,
          -0.831014,
          -0.551968,
          1.381748
        ],
        [
          0.0,
          0.0,
          0.0,
          1.0
        ]
      ]
    },
    {
      "file_path": "/media/NFS/ttao/scannet/posed_images/scene0579_00/00059.jpg",
      "transform_matrix": [
        [
          0.545929,
          0.4304,
          -0.71883,
          3.371495
        ],
        [
          0.834725,
          -0.353218,
          0.422457,
          1.111301
        ],
        [
          -0.072078,
          -0.830658,
          -0.552098,
          1.382315
        ],
        [
          0.0,
          0.0,
          0.0,
          1.0
        ]
      ]
    },
    {
      "file_path": "/media/NFS/ttao/scannet/posed_images/scene0579_00/00061.jpg",
      "transform_matrix": [
        [
          0.563866,
          0.419553,
          -0.711358,
          3.368616
        ],
        [
          0.822164,
          -0.366632,
          0.435462,
          1.108677
        ],
        [
          -0.078108,
          -0.830396,
          -0.551673,
          1.381927
        ],
        [
          0.0,
          0.0,
          0.0,
          1.0
        ]
      ]
    },
    {
      "file_path": "/media/NFS/ttao/scannet/posed_images/scene0579_00/00063.jpg",
      "transform_matrix": [
        [
          0.580678,
          0.41442,
          -0.700763,
          3.357266
        ],
        [
          0.810939,
          -0.370599,
          0.452807,
          1.100006
        ],
        [
          -0.07205,
          -0.831212,
          -0.551268,
          1.382663
        ],
        [
          0.0,
          0.0,
          0.0,
          1.0
        ]
      ]
    },
    {
      "file_path": "/media/NFS/ttao/scannet/posed_images/scene0579_00/00067.jpg",
      "transform_matrix": [
        [
          0.60774,
          0.399363,
          -0.686412,
          3.324329
        ],
        [
          0.792421,
          -0.361749,
          0.491128,
          1.073387
        ],
        [
          -0.052171,
          -0.842405,
          -0.536313,
          1.383662
        ],
        [
          0.0,
          0.0,
          0.0,
          1.0
        ]
      ]
    },
    {
      "file_path": "/media/NFS/ttao/scannet/posed_images/scene0579_00/00069.jpg",
      "transform_matrix": [
        [
          0.623552,
          0.397882,
          -0.672958,
          3.301337
        ],
        [
          0.780945,
          -0.356822,
          0.512642,
          1.053273
        ],
        [
          -0.036156,
          -0.845203,
          -0.533221,
          1.384438
        ],
        [
          0.0,
          0.0,
          0.0,
          1.0
        ]
      ]
    },
    {
      "file_path": "/media/NFS/ttao/scannet/posed_images/scene0579_00/00071.jpg",
      "transform_matrix": [
        [
          0.648024,
          0.384803,
          -0.65726,
          3.2738
        ],
        [
          0.761128,
          -0.358188,
          0.540726,
          1.017066
        ],
        [
          -0.02735,
          -0.850663,
          -0.525,
          1.379531
        ],
        [
          0.0,
          0.0,
          0.0,
          1.0
        ]
      ]
    },
    {
      "file_path": "/media/NFS/ttao/scannet/posed_images/scene0579_00/00074.jpg",
      "transform_matrix": [
        [
          0.681914,
          0.373687,
          -0.62877,
          3.230714
        ],
        [
          0.730771,
          -0.384627,
          0.563947,
          0.978174
        ],
        [
          -0.031102,
          -0.84405,
          -0.535362,
          1.382794
        ],
        [
          0.0,
          0.0,
          0.0,
          1.0
        ]
      ]
    },
    {
      "file_path": "/media/NFS/ttao/scannet/posed_images/scene0579_00/00075.jpg",
      "transform_matrix": [
        [
          0.692744,
          0.372615,
          -0.617466,
          3.217561
        ],
        [
          0.720421,
          -0.396894,
          0.568742,
          0.964188
        ],
        [
          -0.033146,
          -0.838829,
          -0.543386,
          1.383223
        ],
        [
          0.0,
          0.0,
          0.0,
          1.0
        ]
      ]
    },
    {
      "file_path": "/media/NFS/ttao/scannet/posed_images/scene0579_00/00079.jpg",
      "transform_matrix": [
        [
          0.715439,
          0.365611,
          -0.595379,
          3.173495
        ],
        [
          0.697666,
          -0.41962,
          0.580673,
          0.918069
        ],
        [
          -0.037533,
          -0.830812,
          -0.555287,
          1.384155
        ],
        [
          0.0,
          0.0,
          0.0,
          1.0
        ]
      ]
    },
    {
      "file_path": "/media/NFS/ttao/scannet/posed_images/scene0579_00/00081.jpg",
      "transform_matrix": [
        [
          0.726151,
          0.364095,
          -0.583215,
          3.152012
        ],
        [
          0.686914,
          -0.420249,
          0.592908,
          0.898694
        ],
        [
          -0.029221,
          -0.83116,
          -0.555266,
          1.392564
        ],
        [
          0.0,
          0.0,
          0.0,
          1.0
        ]
      ]
    },
    {
      "file_path": "/media/NFS/ttao/scannet/posed_images/scene0579_00/00083.jpg",
      "transform_matrix": [
        [
          0.739252,
          0.361239,
          -0.568343,
          3.136879
        ],
        [
          0.673082,
          -0.423449,
          0.606343,
          0.88512
        ],
        [
          -0.021629,
          -0.830782,
          -0.556178,
          1.393741
        ],
        [
          0.0,
          0.0,
          0.0,
          1.0
        ]
      ]
    },
    {
      "file_path": "/media/NFS/ttao/scannet/posed_images/scene0579_00/00085.jpg",
      "transform_matrix": [
        [
          0.755277,
          0.354595,
          -0.551198,
          3.123716
        ],
        [
          0.6551,
          -0.434116,
          0.618374,
          0.874654
        ],
        [
          -0.020011,
          -0.828134,
          -0.560174,
          1.394718
        ],
        [
          0.0,
          0.0,
          0.0,
          1.0
        ]
      ]
    },
    {
      "file_path": "/media/NFS/ttao/scannet/posed_images/scene0579_00/00089.jpg",
      "transform_matrix": [
        [
          0.776814,
          0.342393,
          -0.528514,
          3.106527
        ],
        [
          0.629728,
          -0.420251,
          0.653324,
          0.861435
        ],
        [
          0.001585,
          -0.840331,
          -0.542072,
          1.397065
        ],
        [
          0.0,
          0.0,
          0.0,
          1.0
        ]
      ]
    },
    {
      "file_path": "/media/NFS/ttao/scannet/posed_images/scene0579_00/00091.jpg",
      "transform_matrix": [
        [
          0.783306,
          0.350343,
          -0.51351,
          3.099708
        ],
        [
          0.621328,
          -0.415209,
          0.664495,
          0.857803
        ],
        [
          0.019587,
          -0.839561,
          -0.542913,
          1.386163
        ],
        [
          0.0,
          0.0,
          0.0,
          1.0
        ]
      ]
    },
    {
      "file_path": "/media/NFS/ttao/scannet/posed_images/scene0579_00/00092.jpg",
      "transform_matrix": [
        [
          0.786089,
          0.3535,
          -0.507052,
          3.096146
        ],
        [
          0.617696,
          -0.419107,
          0.665433,
          0.858825
        ],
        [
          0.022722,
          -0.836294,
          -0.547811,
          1.382848
        ],
        [
          0.0,
          0.0,
          0.0,
          1.0
        ]
      ]
    },
    {
      "file_path": "/media/NFS/ttao/scannet/posed_images/scene0579_00/00094.jpg",
      "transform_matrix": [
        [
          0.790178,
          0.357646,
          -0.497703,
          3.08524
        ],
        [
          0.612339,
          -0.426652,
          0.665589,
          0.859678
        ],
        [
          0.025699,
          -0.830697,
          -0.556132,
          1.380617
        ],
        [
          0.0,
          0.0,
          0.0,
          1.0
        ]
      ]
    },
    {
      "file_path": "/media/NFS/ttao/scannet/posed_images/scene0579_00/00098.jpg",
      "transform_matrix": [
        [
          0.794642,
          0.34586,
          -0.498924,
          3.066694
        ],
        [
          0.606669,
          -0.422234,
          0.673551,
          0.868487
        ],
        [
          0.022291,
          -0.837914,
          -0.545347,
          1.381353
        ],
        [
          0.0,
          0.0,
          0.0,
          1.0
        ]
      ]
    },
    {
      "file_path": "/media/NFS/ttao/scannet/posed_images/scene0579_00/00100.jpg",
      "transform_matrix": [
        [
          0.802119,
          0.337668,
          -0.492529,
          3.053697
        ],
        [
          0.596794,
          -0.424264,
          0.681056,
          0.878755
        ],
        [
          0.021008,
          -0.840227,
          -0.541829,
          1.387536
        ],
        [
          0.0,
          0.0,
          0.0,
          1.0
        ]
      ]
    },
    {
      "file_path": "/media/NFS/ttao/scannet/posed_images/scene0579_00/00101.jpg",
      "transform_matrix": [
        [
          0.805985,
          0.332663,
          -0.489616,
          3.053507
        ],
        [
          0.591671,
          -0.427972,
          0.683203,
          0.886421
        ],
        [
          0.017734,
          -0.840343,
          -0.541765,
          1.388149
        ],
        [
          0.0,
          0.0,
          0.0,
          1.0
        ]
      ]
    },
    {
      "file_path": "/media/NFS/ttao/scannet/posed_images/scene0579_00/00104.jpg",
      "transform_matrix": [
        [
          0.826546,
          0.31367,
          -0.467368,
          3.04166
        ],
        [
          0.562848,
          -0.453348,
          0.691143,
          0.912744
        ],
        [
          0.004911,
          -0.834318,
          -0.551261,
          1.393777
        ],
        [
          0.0,
          0.0,
          0.0,
          1.0
        ]
      ]
    },
    {
      "file_path": "/media/NFS/ttao/scannet/posed_images/scene0579_00/00107.jpg",
      "transform_matrix": [
        [
          0.847365,
          0.282446,
          -0.449664,
          3.034519
        ],
        [
          0.53088,
          -0.469408,
          0.705565,
          0.939367
        ],
        [
          -0.011792,
          -0.836589,
          -0.547705,
          1.402726
        ],
        [
          0.0,
          0.0,
          0.0,
          1.0
        ]
      ]
    },
    {
      "file_path": "/media/NFS/ttao/scannet/posed_images/scene0579_00/00110.jpg",
      "transform_matrix": [
        [
          0.862345,
          0.25667,
          -0.436441,
          3.021754
        ],
        [
          0.505941,
          -0.470205,
          0.72314,
          0.952853
        ],
        [
          -0.019609,
          -0.84441,
          -0.535339,
          1.412095
        ],
        [
          0.0,
          0.0,
          0.0,
          1.0
        ]
      ]
    },
    {
      "file_path": "/media/NFS/ttao/scannet/posed_images/scene0579_00/00111.jpg",
      "transform_matrix": [
        [
          0.865725,
          0.251872,
          -0.432529,
          3.018028
        ],
        [
          0.500134,
          -0.46926,
          0.727778,
          0.956235
        ],
        [
          -0.019662,
          -0.846378,
          -0.532219,
          1.412892
        ],
        [
          0.0,
          0.0,
          0.0,
          1.0
        ]
      ]
    },
    {
      "file_path": "/media/NFS/ttao/scannet/posed_images/scene0579_00/00115.jpg",
      "transform_matrix": [
        [
          0.880042,
          0.250328,
          -0.403562,
          3.004175
        ],
        [
          0.474833,
          -0.47766,
          0.739171,
          0.966819
        ],
        [
          -0.007731,
          -0.842126,
          -0.539225,
          1.413384
        ],
        [
          0.0,
          0.0,
          0.0,
          1.0
        ]
      ]
    },
    {
      "file_path": "/media/NFS/ttao/scannet/posed_images/scene0579_00/00116.jpg",
      "transform_matrix": [
        [
          0.883108,
          0.249271,
          -0.397472,
          3.002432
        ],
        [
          0.469131,
          -0.48008,
          0.741242,
          0.971705
        ],
        [
          -0.006048,
          -0.841063,
          -0.540904,
          1.416983
        ],
        [
          0.0,
          0.0,
          0.0,
          1.0
        ]
      ]
    },
    {
      "file_path": "/media/NFS/ttao/scannet/posed_images/scene0579_00/00119.jpg",
      "transform_matrix": [
        [
          0.893291,
          0.241097,
          -0.379346,
          2.99727
        ],
        [
          0.449479,
          -0.478509,
          0.754319,
          0.97512
        ],
        [
          0.000343,
          -0.844335,
          -0.535816,
          1.420773
        ],
        [
          0.0,
          0.0,
          0.0,
          1.0
        ]
      ]
    },
    {
      "file_path": "/media/NFS/ttao/scannet/posed_images/scene0579_00/00120.jpg",
      "transform_matrix": [
        [
          0.898503,
          0.235348,
          -0.370546,
          2.993469
        ],
        [
          0.438957,
          -0.475622,
          0.762299,
          0.971761
        ],
        [
          0.003165,
          -0.847582,
          -0.530656,
          1.414545
        ],
        [
          0.0,
          0.0,
          0.0,
          1.0
        ]
      ]
    },
    {
      "file_path": "/media/NFS/ttao/scannet/posed_images/scene0579_00/00124.jpg",
      "transform_matrix": [
        [
          0.924705,
          0.22562,
          -0.30662,
          2.977177
        ],
        [
          0.379299,
          -0.477402,
          0.792603,
          0.966061
        ],
        [
          0.032446,
          -0.849225,
          -0.527033,
          1.419805
        ],
        [
          0.0,
          0.0,
          0.0,
          1.0
        ]
      ]
    },
    {
      "file_path": "/media/NFS/ttao/scannet/posed_images/scene0579_00/00125.jpg",
      "transform_matrix": [
        [
          0.928178,
          0.223896,
          -0.297249,
          2.974685
        ],
        [
          0.370118,
          -0.472308,
          0.799961,
          0.961426
        ],
        [
          0.038715,
          -0.852524,
          -0.521253,
          1.420209
        ],
        [
          0.0,
          0.0,
          0.0,
          1.0
        ]
      ]
    },
    {
      "file_path": "/media/NFS/ttao/scannet/posed_images/scene0579_00/00129.jpg",
      "transform_matrix": [
        [
          0.935074,
          0.225077,
          -0.273819,
          2.961819
        ],
        [
          0.349845,
          -0.461895,
          0.815022,
          0.946435
        ],
        [
          0.056967,
          -0.857901,
          -0.510649,
          1.427127
        ],
        [
          0.0,
          0.0,
          0.0,
          1.0
        ]
      ]
    },
    {
      "file_path": "/media/NFS/ttao/scannet/posed_images/scene0579_00/00130.jpg",
      "transform_matrix": [
        [
          0.936787,
          0.227196,
          -0.266104,
          2.956581
        ],
        [
          0.344082,
          -0.460054,
          0.81851,
          0.940234
        ],
        [
          0.06354,
          -0.858332,
          -0.509146,
          1.425737
        ],
        [
          0.0,
          0.0,
          0.0,
          1.0
        ]
      ]
    },
    {
      "file_path": "/media/NFS/ttao/scannet/posed_images/scene0579_00/00134.jpg",
      "transform_matrix": [
        [
          0.94429,
          0.22754,
          -0.237785,
          2.95452
        ],
        [
          0.319721,
          -0.462834,
          0.826779,
          0.93273
        ],
        [
          0.07807,
          -0.856744,
          -0.509799,
          1.42276
        ],
        [
          0.0,
          0.0,
          0.0,
          1.0
        ]
      ]
    },
    {
      "file_path": "/media/NFS/ttao/scannet/posed_images/scene0579_00/00136.jpg",
      "transform_matrix": [
        [
          0.949356,
          0.219885,
          -0.224439,
          2.95308
        ],
        [
          0.304072,
          -0.463059,
          0.832536,
          0.926465
        ],
        [
          0.079133,
          -0.85862,
          -0.506469,
          1.421461
        ],
        [
          0.0,
          0.0,
          0.0,
          1.0
        ]
      ]
    },
    {
      "file_path": "/media/NFS/ttao/scannet/posed_images/scene0579_00/00138.jpg",
      "transform_matrix": [
        [
          0.9533,
          0.211159,
          -0.21594,
          2.953313
        ],
        [
          0.292271,
          -0.464746,
          0.835816,
          0.929105
        ],
        [
          0.076133,
          -0.859897,
          -0.504759,
          1.426205
        ],
        [
          0.0,
          0.0,
          0.0,
          1.0
        ]
      ]
    },
    {
      "file_path": "/media/NFS/ttao/scannet/posed_images/scene0579_00/00141.jpg",
      "transform_matrix": [
        [
          0.958021,
          0.200914,
          -0.204522,
          2.950007
        ],
        [
          0.277428,
          -0.469725,
          0.838088,
          0.926885
        ],
        [
          0.072315,
          -0.859646,
          -0.505746,
          1.428912
        ],
        [
          0.0,
          0.0,
          0.0,
          1.0
        ]
      ]
    },
    {
      "file_path": "/media/NFS/ttao/scannet/posed_images/scene0579_00/00143.jpg",
      "transform_matrix": [
        [
          0.960553,
          0.195242,
          -0.198038,
          2.950916
        ],
        [
          0.269096,
          -0.472815,
          0.839067,
          0.927209
        ],
        [
          0.070186,
          -0.859259,
          -0.506703,
          1.427614
        ],
        [
          0.0,
          0.0,
          0.0,
          1.0
        ]
      ]
    },
    {
      "file_path": "/media/NFS/ttao/scannet/posed_images/scene0579_00/00144.jpg",
      "transform_matrix": [
        [
          0.961612,
          0.19296,
          -0.195113,
          2.950941
        ],
        [
          0.265401,
          -0.473247,
          0.84,
          0.926969
        ],
        [
          0.06975,
          -0.859537,
          -0.506292,
          1.426023
        ],
        [
          0.0,
          0.0,
          0.0,
          1.0
        ]
      ]
    },
    {
      "file_path": "/media/NFS/ttao/scannet/posed_images/scene0579_00/00146.jpg",
      "transform_matrix": [
        [
          0.964175,
          0.187583,
          -0.18756,
          2.95234
        ],
        [
          0.256208,
          -0.475333,
          0.841674,
          0.929012
        ],
        [
          0.068731,
          -0.859576,
          -0.506365,
          1.424956
        ],
        [
          0.0,
          0.0,
          0.0,
          1.0
        ]
      ]
    },
    {
      "file_path": "/media/NFS/ttao/scannet/posed_images/scene0579_00/00149.jpg",
      "transform_matrix": [
        [
          0.967104,
          0.1764,
          -0.183282,
          2.949754
        ],
        [
          0.246642,
          -0.473875,
          0.845346,
          0.930604
        ],
        [
          0.062266,
          -0.862743,
          -0.501795,
          1.425381
        ],
        [
          0.0,
          0.0,
          0.0,
          1.0
        ]
      ]
    },
    {
      "file_path": "/media/NFS/ttao/scannet/posed_images/scene0579_00/00151.jpg",
      "transform_matrix": [
        [
          0.967861,
          0.17343,
          -0.182118,
          2.951588
        ],
        [
          0.244189,
          -0.474917,
          0.845474,
          0.936133
        ],
        [
          0.06014,
          -0.862772,
          -0.502003,
          1.432282
        ],
        [
          0.0,
          0.0,
          0.0,
          1.0
        ]
      ]
    },
    {
      "file_path": "/media/NFS/ttao/scannet/posed_images/scene0579_00/00154.jpg",
      "transform_matrix": [
        [
          0.970147,
          0.163976,
          -0.178678,
          2.950947
        ],
        [
          0.236277,
          -0.473033,
          0.848771,
          0.944031
        ],
        [
          0.054657,
          -0.865651,
          -0.497656,
          1.436192
        ],
        [
          0.0,
          0.0,
          0.0,
          1.0
        ]
      ]
    },
    {
      "file_path": "/media/NFS/ttao/scannet/posed_images/scene0579_00/00157.jpg",
      "transform_matrix": [
        [
          0.972322,
          0.143862,
          -0.184103,
          2.956303
        ],
        [
          0.230788,
          -0.468509,
          0.852781,
          0.957754
        ],
        [
          0.036429,
          -0.871667,
          -0.488744,
          1.438564
        ],
        [
          0.0,
          0.0,
          0.0,
          1.0
        ]
      ]
    },
    {
      "file_path": "/media/NFS/ttao/scannet/posed_images/scene0579_00/00158.jpg",
      "transform_matrix": [
        [
          0.972963,
          0.140164,
          -0.183568,
          2.953556
        ],
        [
          0.22855,
          -0.469758,
          0.852697,
          0.96098
        ],
        [
          0.033284,
          -0.871597,
          -0.489091,
          1.439578
        ],
        [
          0.0,
          0.0,
          0.0,
          1.0
        ]
      ]
    },
    {
      "file_path": "/media/NFS/ttao/scannet/posed_images/scene0579_00/00161.jpg",
      "transform_matrix": [
        [
          0.972821,
          0.133862,
          -0.188943,
          2.962756
        ],
        [
          0.2301,
          -0.467476,
          0.853533,
          0.977975
        ],
        [
          0.025929,
          -0.873812,
          -0.485573,
          1.439662
        ],
        [
          0.0,
          0.0,
          0.0,
          1.0
        ]
      ]
    },
    {
      "file_path": "/media/NFS/ttao/scannet/posed_images/scene0579_00/00163.jpg",
      "transform_matrix": [
        [
          0.973985,
          0.126206,
          -0.188214,
          2.959608
        ],
        [
          0.22559,
          -0.461254,
          0.858111,
          0.987403
        ],
        [
          0.021484,
          -0.878247,
          -0.477726,
          1.449019
        ],
        [
          0.0,
          0.0,
          0.0,
          1.0
        ]
      ]
    },
    {
      "file_path": "/media/NFS/ttao/scannet/posed_images/scene0579_00/00167.jpg",
      "transform_matrix": [
        [
          0.976604,
          0.107397,
          -0.186307,
          2.976897
        ],
        [
          0.214641,
          -0.433768,
          0.875085,
          1.004931
        ],
        [
          0.013168,
          -0.894601,
          -0.446672,
          1.458606
        ],
        [
          0.0,
          0.0,
          0.0,
          1.0
        ]
      ]
    },
    {
      "file_path": "/media/NFS/ttao/scannet/posed_images/scene0579_00/00169.jpg",
      "transform_matrix": [
        [
          0.978588,
          0.092231,
          -0.184005,
          2.977912
        ],
        [
          0.205789,
          -0.42148,
          0.883179,
          1.009467
        ],
        [
          0.003902,
          -0.902136,
          -0.431435,
          1.463335
        ],
        [
          0.0,
          0.0,
          0.0,
          1.0
        ]
      ]
    },
    {
      "file_path": "/media/NFS/ttao/scannet/posed_images/scene0579_00/00172.jpg",
      "transform_matrix": [
        [
          0.978663,
          0.083927,
          -0.187549,
          2.99279
        ],
        [
          0.205439,
          -0.415779,
          0.885958,
          1.023145
        ],
        [
          -0.003623,
          -0.905585,
          -0.42415,
          1.473945
        ],
        [
          0.0,
          0.0,
          0.0,
          1.0
        ]
      ]
    },
    {
      "file_path": "/media/NFS/ttao/scannet/posed_images/scene0579_00/00174.jpg",
      "transform_matrix": [
        [
          0.98054,
          0.073954,
          -0.18186,
          2.999073
        ],
        [
          0.196107,
          -0.412184,
          0.889745,
          1.033483
        ],
        [
          -0.00916,
          -0.908094,
          -0.418666,
          1.479287
        ],
        [
          0.0,
          0.0,
          0.0,
          1.0
        ]
      ]
    },
    {
      "file_path": "/media/NFS/ttao/scannet/posed_images/scene0579_00/00175.jpg",
      "transform_matrix": [
        [
          0.981219,
          0.069616,
          -0.179894,
          3.003067
        ],
        [
          0.192531,
          -0.410682,
          0.891219,
          1.036947
        ],
        [
          -0.011836,
          -0.909117,
          -0.416372,
          1.480526
        ],
        [
          0.0,
          0.0,
          0.0,
          1.0
        ]
      ]
    },
    {
      "file_path": "/media/NFS/ttao/scannet/posed_images/scene0579_00/00177.jpg",
      "transform_matrix": [
        [
          0.983519,
          0.06332,
          -0.169351,
          3.004443
        ],
        [
          0.180376,
          -0.40786,
          0.89505,
          1.039362
        ],
        [
          -0.012397,
          -0.910846,
          -0.41256,
          1.484637
        ],
        [
          0.0,
          0.0,
          0.0,
          1.0
        ]
      ]
    },
    {
      "file_path": "/media/NFS/ttao/scannet/posed_images/scene0579_00/00181.jpg",
      "transform_matrix": [
        [
          0.987897,
          0.041914,
          -0.149341,
          3.019558
        ],
        [
          0.153617,
          -0.3977,
          0.904564,
          1.038546
        ],
        [
          -0.021479,
          -0.916558,
          -0.399325,
          1.47029
        ],
        [
          0.0,
          0.0,
          0.0,
          1.0
        ]
      ]
    },
    {
      "file_path": "/media/NFS/ttao/scannet/posed_images/scene0579_00/00182.jpg",
      "transform_matrix": [
        [
          0.988655,
          0.038537,
          -0.145175,
          3.024787
        ],
        [
          0.148482,
          -0.396662,
          0.905877,
          1.039516
        ],
        [
          -0.022676,
          -0.917156,
          -0.397884,
          1.466841
        ],
        [
          0.0,
          0.0,
