{
  "frames": [
    {
      "file_path": "/media/NFS/ttao/scannet/posed_images/scene0215_00/00000.jpg",
      "transform_matrix": [
        [
          -0.77404,
          -0.446474,
          0.448914,
          1.38438
        ],
        [
          -0.627378,
          0.636285,
          -0.44893,
          2.26858
        ],
        [
          -0.085202,
          -0.629128,
          -0.772618,
          1.272205
        ],
        [
          0.0,
          0.0,
          0.0,
          1.0
        ]
      ]
    },
    {
      "file_path": "/media/NFS/ttao/scannet/posed_images/scene0215_00/00002.jpg",
      "transform_matrix": [
        [
          -0.77745,
          -0.434536,
          0.454697,
          1.367757
        ],
        [
          -0.623258,
          0.629282,
          -0.464278,
          2.269675
        ],
        [
          -0.084387,
          -0.644347,
          -0.760063,
          1.275151
        ],
        [
          0.0,
          0.0,
          0.0,
          1.0
        ]
      ]
    },
    {
      "file_path": "/media/NFS/ttao/scannet/posed_images/scene0215_00/00006.jpg",
      "transform_matrix": [
        [
          -0.77881,
          -0.42178,
          0.464282,
          1.34482
        ],
        [
          -0.622705,
          0.608923,
          -0.491377,
          2.272602
        ],
        [
          -0.075459,
          -0.6718,
          -0.736879,
          1.281472
        ],
        [
          0.0,
          0.0,
          0.0,
          1.0
        ]
      ]
    },
    {
      "file_path": "/media/NFS/ttao/scannet/posed_images/scene0215_00/00007.jpg",
      "transform_matrix": [
        [
          -0.778578,
          -0.422065,
          0.464411,
          1.343995
        ],
        [
          -0.623496,
          0.604219,
          -0.496157,
          2.273417
        ],
        [
          -0.071196,
          -0.675855,
          -0.733588,
          1.281884
        ],
        [
          0.0,
          0.0,
          0.0,
          1.0
        ]
      ]
    },
    {
      "file_path": "/media/NFS/ttao/scannet/posed_images/scene0215_00/00011.jpg",
      "transform_matrix": [
        [
          -0.757274,
          -0.429519,
          0.491985,
          1.331828
        ],
        [
          -0.650889,
          0.558236,
          -0.514505,
          2.278088
        ],
        [
          -0.053654,
          -0.70985,
          -0.702307,
          1.281524
        ],
        [
          0.0,
          0.0,
          0.0,
          1.0
        ]
      ]
    },
    {
      "file_path": "/media/NFS/ttao/scannet/posed_images/scene0215_00/00014.jpg",
      "transform_matrix": [
        [
          -0.747433,
          -0.433002,
          0.503838,
          1.336983
        ],
        [
          -0.661169,
          0.558821,
          -0.500575,
          2.27744
        ],
        [
          -0.064805,
          -0.707269,
          -0.703968,
          1.289522
        ],
        [
          0.0,
          0.0,
          0.0,
          1.0
        ]
      ]
    },
    {
      "file_path": "/media/NFS/ttao/scannet/posed_images/scene0215_00/00016.jpg",
      "transform_matrix": [
        [
          -0.742721,
          -0.428801,
          0.514291,
          1.34564
        ],
        [
          -0.666328,
          0.549146,
          -0.504426,
          2.278874
        ],
        [
          -0.066122,
          -0.717334,
          -0.693585,
          1.295118
        ],
        [
          0.0,
          0.0,
          0.0,
          1.0
        ]
      ]
    },
    {
      "file_path": "/media/NFS/ttao/scannet/posed_images/scene0215_00/00020.jpg",
      "transform_matrix": [
        [
          -0.726665,
          -0.425482,
          0.539373,
          1.366366
        ],
        [
          -0.685103,
          0.507008,
          -0.523047,
          2.287404
        ],
        [
          -0.050919,
          -0.749605,
          -0.659923,
          1.305733
        ],
        [
          0.0,
          0.0,
          0.0,
          1.0
        ]
      ]
    },
    {
      "file_path": "/media/NFS/ttao/scannet/posed_images/scene0215_00/00021.jpg",
      "transform_matrix": [
        [
          -0.721766,
          -0.42524,
          0.5461,
          1.373603
        ],
        [
          -0.690592,
          0.495158,
          -0.527164,
          2.290354
        ],
        [
          -0.046234,
          -0.757621,
          -0.651055,
          1.307081
        ],
        [
          0.0,
          0.0,
          0.0,
          1.0
        ]
      ]
    },
    {
      "file_path": "/media/NFS/ttao/scannet/posed_images/scene0215_00/00023.jpg",
      "transform_matrix": [
        [
          -0.710874,
          -0.425322,
          0.560142,
          1.387797
        ],
        [
          -0.7023,
          0.472139,
          -0.532785,
          2.295619
        ],
        [
          -0.037859,
          -0.772131,
          -0.634335,
          1.312676
        ],
        [
          0.0,
          0.0,
          0.0,
          1.0
        ]
      ]
    },
    {
      "file_path": "/media/NFS/ttao/scannet/posed_images/scene0215_00/00028.jpg",
      "transform_matrix": [
        [
          -0.683239,
          -0.416996,
          0.599416,
          1.43971
        ],
        [
          -0.729799,
          0.417026,
          -0.541742,
          2.309269
        ],
        [
          -0.024067,
          -0.807591,
          -0.589251,
          1.327772
        ],
        [
          0.0,
          0.0,
          0.0,
          1.0
        ]
      ]
    },
    {
      "file_path": "/media/NFS/ttao/scannet/posed_images/scene0215_00/00029.jpg",
      "transform_matrix": [
        [
          -0.677759,
          -0.411841,
          0.609122,
          1.443397
        ],
        [
          -0.734843,
          0.408065,
          -0.541746,
          2.308408
        ],
        [
          -0.025448,
          -0.814782,
          -0.579208,
          1.329191
        ],
        [
          0.0,
          0.0,
          0.0,
          1.0
        ]
      ]
    },
    {
      "file_path": "/media/NFS/ttao/scannet/posed_images/scene0215_00/00031.jpg",
      "transform_matrix": [
        [
          -0.673675,
          -0.404984,
          0.618183,
          1.468395
        ],
        [
          -0.738691,
          0.394274,
          -0.546703,
          2.31831
        ],
        [
          -0.022327,
          -0.824946,
          -0.56477,
          1.332858
        ],
        [
          0.0,
          0.0,
          0.0,
          1.0
        ]
      ]
    },
    {
      "file_path": "/media/NFS/ttao/scannet/posed_images/scene0215_00/00035.jpg",
      "transform_matrix": [
        [
          -0.656605,
          -0.394008,
          0.643139,
          1.520111
        ],
        [
          -0.754025,
          0.363027,
          -0.54741,
          2.33208
        ],
        [
          -0.017792,
          -0.844375,
          -0.535457,
          1.339944
        ],
        [
          0.0,
          0.0,
          0.0,
          1.0
        ]
      ]
    },
    {
      "file_path": "/media/NFS/ttao/scannet/posed_images/scene0215_00/00036.jpg",
      "transform_matrix": [
        [
          -0.6531,
          -0.392547,
          0.647586,
          1.534286
        ],
        [
          -0.757105,
          0.356408,
          -0.547508,
          2.335864
        ],
        [
          -0.015882,
          -0.847868,
          -0.529969,
          1.340601
        ],
        [
          0.0,
          0.0,
          0.0,
          1.0
        ]
      ]
    },
    {
      "file_path": "/media/NFS/ttao/scannet/posed_images/scene0215_00/00039.jpg",
      "transform_matrix": [
        [
          -0.636224,
          -0.392301,
          0.664318,
          1.570669
        ],
        [
          -0.771394,
          0.338046,
          -0.539145,
          2.344872
        ],
        [
          -0.013063,
          -0.855468,
          -0.517691,
          1.345101
        ],
        [
          0.0,
          0.0,
          0.0,
          1.0
        ]
      ]
    },
    {
      "file_path": "/media/NFS/ttao/scannet/posed_images/scene0215_00/00042.jpg",
      "transform_matrix": [
        [
          -0.626506,
          -0.386933,
          0.676589,
          1.601812
        ],
        [
          -0.77936,
          0.321476,
          -0.537822,
          2.360676
        ],
        [
          -0.009406,
          -0.864255,
          -0.502967,
          1.35077
        ],
        [
          0.0,
          0.0,
          0.0,
          1.0
        ]
      ]
    },
    {
      "file_path": "/media/NFS/ttao/scannet/posed_images/scene0215_00/00046.jpg",
      "transform_matrix": [
        [
          -0.606631,
          -0.378512,
          0.699091,
          1.639348
        ],
        [
          -0.794836,
          0.305727,
          -0.524182,
          2.373024
        ],
        [
          -0.015322,
          -0.873648,
          -0.486318,
          1.350447
        ],
        [
          0.0,
          0.0,
          0.0,
          1.0
        ]
      ]
    },
    {
      "file_path": "/media/NFS/ttao/scannet/posed_images/scene0215_00/00047.jpg",
      "transform_matrix": [
        [
          -0.601371,
          -0.378795,
          0.703468,
          1.646397
        ],
        [
          -0.798756,
          0.305381,
          -0.518393,
          2.369319
        ],
        [
          -0.018461,
          -0.873646,
          -0.486212,
          1.354496
        ],
        [
          0.0,
          0.0,
          0.0,
          1.0
        ]
      ]
    },
    {
      "file_path": "/media/NFS/ttao/scannet/posed_images/scene0215_00/00051.jpg",
      "transform_matrix": [
        [
          -0.584123,
          -0.373392,
          0.72068,
          1.680723
        ],
        [
          -0.811449,
          0.289134,
          -0.50789,
          2.374404
        ],
        [
          -0.018731,
          -0.881465,
          -0.471878,
          1.36287
        ],
        [
          0.0,
          0.0,
          0.0,
          1.0
        ]
      ]
    },
    {
      "file_path": "/media/NFS/ttao/scannet/posed_images/scene0215_00/00052.jpg",
      "transform_matrix": [
        [
          -0.579657,
          -0.37292,
          0.724519,
          1.689631
        ],
        [
          -0.814672,
          0.28438,
          -0.505409,
          2.375416
        ],
        [
          -0.017561,
          -0.883209,
          -0.46865,
          1.366048
        ],
        [
          0.0,
          0.0,
          0.0,
          1.0
        ]
      ]
    },
    {
      "file_path": "/media/NFS/ttao/scannet/posed_images/scene0215_00/00057.jpg",
      "transform_matrix": [
        [
          -0.537286,
          -0.373637,
          0.756121,
          1.703532
        ],
        [
          -0.843392,
          0.241921,
          -0.479754,
          2.374599
        ],
        [
          -0.003667,
          -0.895472,
          -0.445103,
          1.375486
        ],
        [
          0.0,
          0.0,
          0.0,
          1.0
        ]
      ]
    },
    {
      "file_path": "/media/NFS/ttao/scannet/posed_images/scene0215_00/00059.jpg",
      "transform_matrix": [
        [
          -0.518078,
          -0.37277,
          0.76983,
          1.707365
        ],
        [
          -0.855332,
          0.224395,
          -0.466962,
          2.371003
        ],
        [
          0.001323,
          -0.900383,
          -0.435097,
          1.379955
        ],
        [
          0.0,
          0.0,
          0.0,
          1.0
        ]
      ]
    },
    {
      "file_path": "/media/NFS/ttao/scannet/posed_images/scene0215_00/00061.jpg",
      "transform_matrix": [
        [
          -0.506977,
          -0.373155,
          0.777,
          1.714642
        ],
        [
          -0.861919,
          0.210692,
          -0.4612,
          2.377946
        ],
        [
          0.008391,
          -0.903529,
          -0.428445,
          1.381741
        ],
        [
          0.0,
          0.0,
          0.0,
          1.0
        ]
      ]
    },
    {
      "file_path": "/media/NFS/ttao/scannet/posed_images/scene0215_00/00065.jpg",
      "transform_matrix": [
        [
          -0.466992,
          -0.367781,
          0.804149,
          1.709544
        ],
        [
          -0.884196,
          0.183102,
          -0.429735,
          2.363208
        ],
        [
          0.010807,
          -0.911707,
          -0.410698,
          1.394616
        ],
        [
          0.0,
          0.0,
          0.0,
          1.0
        ]
      ]
    },
    {
      "file_path": "/media/NFS/ttao/scannet/posed_images/scene0215_00/00067.jpg",
      "transform_matrix": [
        [
          -0.450467,
          -0.362529,
          0.815875,
          1.704288
        ],
        [
          -0.892749,
          0.17382,
          -0.415675,
          2.355366
        ],
        [
          0.008879,
          -0.91562,
          -0.401948,
          1.399005
        ],
        [
          0.0,
          0.0,
          0.0,
          1.0
        ]
      ]
    },
    {
      "file_path": "/media/NFS/ttao/scannet/posed_images/scene0215_00/00069.jpg",
      "transform_matrix": [
        [
          -0.435857,
          -0.361566,
          0.824195,
          1.700762
        ],
        [
          -0.899995,
          0.168851,
          -0.401869,
          2.350025
        ],
        [
          0.006136,
          -0.916929,
          -0.399003,
          1.401817
        ],
        [
          0.0,
          0.0,
          0.0,
          1.0
        ]
      ]
    },
    {
      "file_path": "/media/NFS/ttao/scannet/posed_images/scene0215_00/00071.jpg",
      "transform_matrix": [
        [
          -0.418291,
          -0.358928,
          0.834388,
          1.701649
        ],
        [
          -0.908309,
          0.167971,
          -0.383093,
          2.340299
        ],
        [
          -0.00265,
          -0.918127,
          -0.396278,
          1.412338
        ],
        [
          0.0,
          0.0,
          0.0,
          1.0
        ]
      ]
    },
    {
      "file_path": "/media/NFS/ttao/scannet/posed_images/scene0215_00/00073.jpg",
      "transform_matrix": [
        [
          -0.395894,
          -0.354764,
          0.847001,
          1.694851
        ],
        [
          -0.918279,
          0.158584,
          -0.362787,
          2.337636
        ],
        [
          -0.005617,
          -0.921408,
          -0.388555,
          1.412465
        ],
        [
          0.0,
          0.0,
          0.0,
          1.0
        ]
      ]
    },
    {
      "file_path": "/media/NFS/ttao/scannet/posed_images/scene0215_00/00078.jpg",
      "transform_matrix": [
        [
          -0.344283,
          -0.375812,
          0.860369,
          1.677804
        ],
        [
          -0.938829,
          0.145946,
          -0.311929,
          2.319771
        ],
        [
          -0.008341,
          -0.915131,
          -0.40307,
          1.413362
        ],
        [
          0.0,
          0.0,
          0.0,
          1.0
        ]
      ]
    },
    {
      "file_path": "/media/NFS/ttao/scannet/posed_images/scene0215_00/00080.jpg",
      "transform_matrix": [
        [
          -0.316651,
          -0.377186,
          0.870323,
          1.66635
        ],
        [
          -0.948358,
          0.143971,
          -0.282648,
          2.313181
        ],
        [
          -0.018691,
          -0.914879,
          -0.403296,
          1.415498
        ],
        [
          0.0,
          0.0,
          0.0,
          1.0
        ]
      ]
    },
    {
      "file_path": "/media/NFS/ttao/scannet/posed_images/scene0215_00/00081.jpg",
      "transform_matrix": [
        [
          -0.301414,
          -0.37781,
          0.875448,
          1.660616
        ],
        [
          -0.953226,
          0.141146,
          -0.26728,
          2.307268
        ],
        [
          -0.022585,
          -0.915062,
          -0.402682,
          1.413567
        ],
        [
          0.0,
          0.0,
          0.0,
          1.0
        ]
      ]
    },
    {
      "file_path": "/media/NFS/ttao/scannet/posed_images/scene0215_00/00086.jpg",
      "transform_matrix": [
        [
          -0.254215,
          -0.394624,
          0.882976,
          1.643707
        ],
        [
          -0.966851,
          0.126324,
          -0.221905,
          2.291529
        ],
        [
          -0.023972,
          -0.910118,
          -0.413656,
          1.413177
        ],
        [
          0.0,
          0.0,
          0.0,
          1.0
        ]
      ]
    },
    {
      "file_path": "/media/NFS/ttao/scannet/posed_images/scene0215_00/00088.jpg",
      "transform_matrix": [
        [
          -0.244455,
          -0.385759,
          0.889624,
          1.633177
        ],
        [
          -0.969469,
          0.115473,
          -0.216324,
          2.288838
        ],
        [
          -0.019279,
          -0.915345,
          -0.402209,
          1.412859
        ],
        [
          0.0,
          0.0,
          0.0,
          1.0
        ]
      ]
    },
    {
      "file_path": "/media/NFS/ttao/scannet/posed_images/scene0215_00/00091.jpg",
      "transform_matrix": [
        [
          -0.234267,
          -0.387377,
          0.89166,
          1.622752
        ],
        [
          -0.972085,
          0.105633,
          -0.209506,
          2.282899
        ],
        [
          -0.013031,
          -0.91585,
          -0.40131,
          1.415826
        ],
        [
          0.0,
          0.0,
          0.0,
          1.0
        ]
      ]
    },
    {
      "file_path": "/media/NFS/ttao/scannet/posed_images/scene0215_00/00092.jpg",
      "transform_matrix": [
        [
          -0.228556,
          -0.386264,
          0.893623,
          1.61956
        ],
        [
          -0.973463,
          0.101558,
          -0.205078,
          2.274943
        ],
        [
          -0.011541,
          -0.91678,
          -0.399225,
          1.414243
        ],
        [
          0.0,
          0.0,
          0.0,
          1.0
        ]
      ]
    },
    {
      "file_path": "/media/NFS/ttao/scannet/posed_images/scene0215_00/00095.jpg",
      "transform_matrix": [
        [
          -0.213706,
          -0.389921,
          0.895707,
          1.611205
        ],
        [
          -0.976786,
          0.099195,
          -0.189869,
          2.266267
        ],
        [
          -0.014815,
          -0.91549,
          -0.402068,
          1.407696
        ],
        [
          0.0,
          0.0,
          0.0,
          1.0
        ]
      ]
    },
    {
      "file_path": "/media/NFS/ttao/scannet/posed_images/scene0215_00/00098.jpg",
      "transform_matrix": [
        [
          -0.203984,
          -0.393615,
          0.896358,
          1.611675
        ],
        [
          -0.978704,
          0.103515,
          -0.177268,
          2.253875
        ],
        [
          -0.023011,
          -0.913429,
          -0.406348,
          1.404974
        ],
        [
          0.0,
          0.0,
          0.0,
          1.0
        ]
      ]
    },
    {
      "file_path": "/media/NFS/ttao/scannet/posed_images/scene0215_00/00100.jpg",
      "transform_matrix": [
        [
          -0.199882,
          -0.406622,
          0.891463,
          1.618057
        ],
        [
          -0.979646,
          0.100073,
          -0.174008,
          2.254243
        ],
        [
          -0.018455,
          -0.908099,
          -0.418348,
          1.401688
        ],
        [
          0.0,
          0.0,
          0.0,
          1.0
        ]
      ]
    },
    {
      "file_path": "/media/NFS/ttao/scannet/posed_images/scene0215_00/00102.jpg",
      "transform_matrix": [
        [
          -0.194105,
          -0.414912,
          0.888916,
          1.627897
        ],
        [
          -0.980868,
          0.09582,
          -0.169459,
          2.251599
        ],
        [
          -0.014865,
          -0.904802,
          -0.425573,
          1.402055
        ],
        [
          0.0,
          0.0,
          0.0,
          1.0
        ]
      ]
    },
    {
      "file_path": "/media/NFS/ttao/scannet/posed_images/scene0215_00/00106.jpg",
      "transform_matrix": [
        [
          -0.191019,
          -0.409476,
          0.892099,
          1.654129
        ],
        [
          -0.981402,
          0.097296,
          -0.165481,
          2.245709
        ],
        [
          -0.019037,
          -0.907118,
          -0.420446,
          1.397292
        ],
        [
          0.0,
          0.0,
          0.0,
          1.0
        ]
      ]
    },
    {
      "file_path": "/media/NFS/ttao/scannet/posed_images/scene0215_00/00108.jpg",
      "transform_matrix": [
        [
          -0.189811,
          -0.421204,
          0.886881,
          1.66944
        ],
        [
          -0.981697,
          0.095758,
          -0.164626,
          2.244847
        ],
        [
          -0.015585,
          -0.901896,
          -0.431671,
          1.387144
        ],
        [
          0.0,
          0.0,
          0.0,
          1.0
        ]
      ]
    },
    {
      "file_path": "/media/NFS/ttao/scannet/posed_images/scene0215_00/00111.jpg",
      "transform_matrix": [
        [
          -0.188646,
          -0.443396,
          0.876249,
          1.711933
        ],
        [
          -0.98203,
          0.090085,
          -0.165834,
          2.243854
        ],
        [
          -0.005407,
          -0.891787,
          -0.452422,
          1.384431
        ],
        [
          0.0,
          0.0,
          0.0,
          1.0
        ]
      ]
    },
    {
      "file_path": "/media/NFS/ttao/scannet/posed_images/scene0215_00/00113.jpg",
      "transform_matrix": [
        [
          -0.194438,
          -0.451406,
          0.870877,
          1.738697
        ],
        [
          -0.980915,
          0.089404,
          -0.172665,
          2.246574
        ],
        [
          8.3e-05,
          -0.887829,
          -0.460174,
          1.378886
        ],
        [
          0.0,
          0.0,
          0.0,
          1.0
        ]
      ]
    },
    {
      "file_path": "/media/NFS/ttao/scannet/posed_images/scene0215_00/00116.jpg",
      "transform_matrix": [
        [
          -0.201734,
          -0.445462,
          0.872277,
          1.782396
        ],
        [
          -0.979439,
          0.092896,
          -0.179077,
          2.245111
        ],
        [
          -0.001259,
          -0.890468,
          -0.455043,
          1.378567
        ],
        [
          0.0,
          0.0,
          0.0,
          1.0
        ]
      ]
    },
    {
      "file_path": "/media/NFS/ttao/scannet/posed_images/scene0215_00/00119.jpg",
      "transform_matrix": [
        [
          -0.214165,
          -0.459115,
          0.862175,
          1.828539
        ],
        [
          -0.976732,
          0.090417,
          -0.194473,
          2.249615
        ],
        [
          0.011331,
          -0.883764,
          -0.467796,
          1.377024
        ],
        [
          0.0,
          0.0,
          0.0,
          1.0
        ]
      ]
    },
    {
      "file_path": "/media/NFS/ttao/scannet/posed_images/scene0215_00/00121.jpg",
      "transform_matrix": [
        [
          -0.212619,
          -0.452857,
          0.86586,
          1.858857
        ],
        [
          -0.977125,
          0.09448,
          -0.190527,
          2.247222
        ],
        [
          0.004475,
          -0.886563,
          -0.462586,
          1.375691
        ],
        [
          0.0,
          0.0,
          0.0,
          1.0
        ]
      ]
    },
    {
      "file_path": "/media/NFS/ttao/scannet/posed_images/scene0215_00/00125.jpg",
      "transform_matrix": [
        [
          -0.199583,
          -0.42718,
          0.881864,
          1.913796
        ],
        [
          -0.97932,
          0.117397,
          -0.164772,
          2.240085
        ],
        [
          -0.033141,
          -0.896513,
          -0.441777,
          1.362073
        ],
        [
          0.0,
          0.0,
          0.0,
          1.0
        ]
      ]
    },
    {
      "file_path": "/media/NFS/ttao/scannet/posed_images/scene0215_00/00126.jpg",
      "transform_matrix": [
        [
          -0.193294,
          -0.437147,
          0.878373,
          1.929802
        ],
        [
          -0.980483,
          0.118847,
          -0.156616,
          2.232301
        ],
        [
          -0.035928,
          -0.891503,
          -0.451587,
          1.35747
        ],
        [
          0.0,
          0.0,
          0.0,
          1.0
        ]
      ]
    },
    {
      "file_path": "/media/NFS/ttao/scannet/posed_images/scene0215_00/00131.jpg",
      "transform_matrix": [
        [
          -0.173246,
          -0.461335,
          0.870147,
          2.007808
        ],
        [
          -0.984211,
          0.113612,
          -0.135721,
          2.208807
        ],
        [
          -0.036246,
          -0.879922,
          -0.473734,
          1.353571
        ],
        [
          0.0,
          0.0,
          0.0,
          1.0
        ]
      ]
    },
    {
      "file_path": "/media/NFS/ttao/scannet/posed_images/scene0215_00/00132.jpg",
      "transform_matrix": [
        [
          -0.175446,
          -0.464936,
          0.867786,
          2.022908
        ],
        [
          -0.983929,
          0.112544,
          -0.13863,
          2.204926
        ],
        [
          -0.03321,
          -0.878162,
          -0.477209,
          1.352402
        ],
        [
          0.0,
          0.0,
          0.0,
          1.0
        ]
      ]
    },
    {
      "file_path": "/media/NFS/ttao/scannet/posed_images/scene0215_00/00134.jpg",
      "transform_matrix": [
        [
          -0.173995,
          -0.472296,
          0.864096,
          2.058507
        ],
        [
          -0.984455,
          0.104786,
          -0.140956,
          2.193435
        ],
        [
          -0.023972,
          -0.87519,
          -0.483186,
          1.351128
        ],
        [
          0.0,
          0.0,
          0.0,
          1.0
        ]
      ]
    },
    {
      "file_path": "/media/NFS/ttao/scannet/posed_images/scene0215_00/00137.jpg",
      "transform_matrix": [
        [
          -0.159825,
          -0.473762,
          0.866029,
          2.109175
        ],
        [
          -0.986852,
          0.098073,
          -0.128472,
          2.168378
        ],
        [
          -0.024069,
          -0.875175,
          -0.483208,
          1.34791
        ],
        [
          0.0,
          0.0,
          0.0,
          1.0
        ]
      ]
    },
    {
      "file_path": "/media/NFS/ttao/scannet/posed_images/scene0215_00/00141.jpg",
      "transform_matrix": [
        [
          -0.141423,
          -0.461274,
          0.875914,
          2.176125
        ],
        [
          -0.988782,
          0.108776,
          -0.102362,
          2.115189
        ],
        [
          -0.048062,
          -0.880564,
          -0.471483,
          1.355326
        ],
        [
          0.0,
          0.0,
          0.0,
          1.0
        ]
      ]
    },
    {
      "file_path": "/media/NFS/ttao/scannet/posed_images/scene0215_00/00143.jpg",
      "transform_matrix": [
        [
          -0.12649,
          -0.464005,
          0.876755,
          2.207716
        ],
        [
          -0.990779,
          0.102356,
          -0.088771,
          2.099156
        ],
        [
          -0.048551,
          -0.879899,
          -0.472674,
          1.361867
        ],
        [
          0.0,
          0.0,
          0.0,
          1.0
        ]
      ]
    },
    {
      "file_path": "/media/NFS/ttao/scannet/posed_images/scene0215_00/00146.jpg",
      "transform_matrix": [
        [
          -0.103913,
          -0.446663,
          0.888647,
          2.24967
        ],
        [
          -0.993681,
          0.084741,
          -0.073601,
          2.069353
        ],
        [
          -0.04243,
          -0.89068,
          -0.452646,
          1.36711
        ],
        [
          0.0,
          0.0,
          0.0,
          1.0
        ]
      ]
    },
    {
      "file_path": "/media/NFS/ttao/scannet/posed_images/scene0215_00/00149.jpg",
      "transform_matrix": [
        [
          -0.097868,
          -0.446091,
          0.88962,
          2.285646
        ],
        [
          -0.994569,
          0.075647,
          -0.071481,
          2.066273
        ],
        [
          -0.03541,
          -0.891785,
          -0.451072,
          1.363803
        ],
        [
          0.0,
          0.0,
          0.0,
          1.0
        ]
      ]
    },
    {
      "file_path": "/media/NFS/ttao/scannet/posed_images/scene0215_00/00151.jpg",
      "transform_matrix": [
        [
          -0.075092,
          -0.457871,
          0.885841,
          2.311737
        ],
        [
          -0.99588,
          0.079727,
          -0.043211,
          2.040486
        ],
        [
          -0.05084,
          -0.885437,
          -0.461971,
          1.374047
        ],
        [
          0.0,
          0.0,
          0.0,
          1.0
        ]
      ]
    },
    {
      "file_path": "/media/NFS/ttao/scannet/posed_images/scene0215_00/00153.jpg",
      "transform_matrix": [
        [
          -0.074674,
          -0.455993,
          0.886845,
          2.336471
        ],
        [
          -0.995309,
          0.088935,
          -0.038079,
          2.033747
        ],
        [
          -0.061508,
          -0.885529,
          -0.460495,
          1.37058
        ],
        [
          0.0,
          0.0,
          0.0,
          1.0
        ]
      ]
    },
    {
      "file_path": "/media/NFS/ttao/scannet/posed_images/scene0215_00/00155.jpg",
      "transform_matrix": [
        [
          -0.079688,
          -0.457452,
          0.885656,
          2.361855
        ],
        [
          -0.994685,
          0.094606,
          -0.040633,
          2.025304
        ],
        [
          -0.0652,
          -0.884187,
          -0.46256,
          1.368007
        ],
        [
          0.0,
          0.0,
          0.0,
          1.0
        ]
      ]
    },
    {
      "file_path": "/media/NFS/ttao/scannet/posed_images/scene0215_00/00158.jpg",
      "transform_matrix": [
        [
          -0.096204,
          -0.469812,
          0.877509,
          2.405535
        ],
        [
          -0.993435,
          0.10015,
          -0.055294,
          2.017858
        ],
        [
          -0.061904,
          -0.877067,
          -0.476362,
          1.36016
        ],
        [
          0.0,
          0.0,
          0.0,
          1.0
        ]
      ]
    },
    {
      "file_path": "/media/NFS/ttao/scannet/posed_images/scene0215_00/00161.jpg",
      "transform_matrix": [
        [
          -0.117207,
          -0.485724,
          0.866219,
          2.461469
        ],
        [
          -0.992091,
          0.096728,
          -0.079998,
          2.006554
        ],
        [
          -0.044931,
          -0.868744,
          -0.49322,
          1.355515
        ],
        [
          0.0,
          0.0,
          0.0,
          1.0
        ]
      ]
    },
    {
      "file_path": "/media/NFS/ttao/scannet/posed_images/scene0215_00/00163.jpg",
      "transform_matrix": [
        [
          -0.123619,
          -0.480346,
          0.868324,
          2.501637
        ],
        [
          -0.99162,
          0.092884,
          -0.089789,
          2.009705
        ],
        [
          -0.037523,
          -0.872147,
          -0.487803,
          1.353251
        ],
        [
          0.0,
          0.0,
          0.0,
          1.0
        ]
      ]
    },
    {
      "file_path": "/media/NFS/ttao/scannet/posed_images/scene0215_00/00167.jpg",
      "transform_matrix": [
        [
          -0.122739,
          -0.4624,
          0.878135,
          2.584038
        ],
        [
          -0.991575,
          0.094044,
          -0.089074,
          2.004612
        ],
        [
          -0.041396,
          -0.88167,
          -0.470047,
          1.358709
        ],
        [
          0.0,
          0.0,
          0.0,
          1.0
        ]
      ]
    },
    {
      "file_path": "/media/NFS/ttao/scannet/posed_images/scene0215_00/00170.jpg",
      "transform_matrix": [
        [
          -0.117483,
          -0.447729,
          0.886418,
          2.63041
        ],
        [
          -0.992335,
          0.087369,
          -0.087392,
          2.000222
        ],
        [
          -0.038317,
          -0.889891,
          -0.454561,
          1.361539
        ],
        [
          0.0,
          0.0,
          0.0,
          1.0
        ]
      ]
    },
    {
      "file_path": "/media/NFS/ttao/scannet/posed_images/scene0215_00/00171.jpg",
      "transform_matrix": [
        [
          -0.123237,
          -0.446514,
          0.886249,
          2.646911
        ],
        [
          -0.991747,
          0.087255,
          -0.093945,
          2.001821
        ],
        [
          -0.035381,
          -0.890512,
          -0.453582,
          1.360567
        ],
        [
          0.0,
          0.0,
          0.0,
          1.0
        ]
      ]
    },
    {
      "file_path": "/media/NFS/ttao/scannet/posed_images/scene0215_00/00175.jpg",
      "transform_matrix": [
        [
          -0.158326,
          -0.445662,
          0.881089,
          2.708535
        ],
        [
          -0.986787,
          0.102535,
          -0.125456,
          2.001581
        ],
        [
          -0.034431,
          -0.88931,
          -0.456007,
          1.356201
        ],
        [
          0.0,
          0.0,
          0.0,
          1.0
        ]
      ]
    },
    {
      "file_path": "/media/NFS/ttao/scannet/posed_images/scene0215_00/00178.jpg",
      "transform_matrix": [
        [
          -0.154731,
          -0.471189,
          0.868355,
          2.758282
        ],
        [
          -0.987426,
          0.102571,
          -0.120291,
          1.991077
        ],
        [
          -0.032388,
          -0.876048,
          -0.481135,
          1.353231
        ],
        [
          0.0,
          0.0,
          0.0,
          1.0
        ]
      ]
    },
    {
      "file_path": "/media/NFS/ttao/scannet/posed_images/scene0215_00/00179.jpg",
      "transform_matrix": [
        [
          -0.153419,
          -0.477405,
          0.865186,
          2.773175
        ],
        [
          -0.987757,
          0.099138,
          -0.12045,
          1.98966
        ],
        [
          -0.028269,
          -0.873072,
          -0.48677,
          1.356146
        ],
        [
          0.0,
          0.0,
          0.0,
          1.0
        ]
      ]
    },
    {
      "file_path": "/media/NFS/ttao/scannet/posed_images/scene0215_00/00183.jpg",
      "transform_matrix": [
        [
          -0.153423,
          -0.469214,
          0.869655,
          2.828416
        ],
        [
          -0.987971,
          0.090071,
          -0.1257,
          1.98109
        ],
        [
          -0.01935,
          -0.878479,
          -0.477389,
          1.351378
        ],
        [
          0.0,
          0.0,
          0.0,
          1.0
        ]
      ]
    },
    {
      "file_path": "/media/NFS/ttao/scannet/posed_images/scene0215_00/00184.jpg",
      "transform_matrix": [
        [
          -0.148279,
          -0.470226,
          0.87,
          2.839072
        ],
        [
          -0.988835,
          0.083653,
          -0.123319,
          1.97941
        ],
        [
          -0.01479,
          -0.878573,
          -0.47738,
          1.346133
        ],
        [
          0.0,
          0.0,
          0.0,
          1.0
        ]
      ]
    },
    {
      "file_path": "/media/NFS/ttao/scannet/posed_images/scene0215_00/00187.jpg",
      "transform_matrix": [
        [
          -0.128232,
          -0.479984,
          0.867855,
          2.898761
        ],
        [
          -0.99171,
          0.069332,
          -0.108187,
          1.957809
        ],
        [
          -0.008242,
          -0.874533,
          -0.484896,
          1.345935
        ],
        [
          0.0,
          0.0,
          0.0,
          1.0
        ]
      ]
    },
    {
      "file_path": "/media/NFS/ttao/scannet/posed_images/scene0215_00/00190.jpg",
      "transform_matrix": [
        [
          -0.11549,
          -0.478237,
          0.870604,
          2.949032
        ],
        [
          -0.993077,
          0.074539,
          -0.090791,
          1.934223
        ],
        [
          -0.021474,
          -0.875062,
          -0.483535,
          1.345985
        ],
        [
          0.0,
          0.0,
          0.0,
          1.0
        ]
      ]
    },
    {
      "file_path": "/media/NFS/ttao/scannet/posed_images/scene0215_00/00192.jpg",
      "transform_matrix": [
        [
          -0.11049,
          -0.480041,
          0.87026,
          2.986843
        ],
        [
          -0.993642,
          0.072406,
          -0.086216,
          1.914616
        ],
        [
          -0.021624,
          -0.874253,
          -0.484989,
          1.350593
        ],
        [
          0.0,
          0.0,
          0.0,
          1.0
        ]
      ]
    },
    {
      "file_path": "/media/NFS/ttao/scannet/posed_images/scene0215_00/00195.jpg",
      "transform_matrix": [
        [
          -0.096186,
          -0.497526,
          0.8621,
          3.043777
        ],
        [
          -0.995352,
          0.052274,
          -0.080886,
          1.889194
        ],
        [
          -0.004823,
          -0.865872,
          -0.500242,
          1.361161
        ],
        [
          0.0,
          0.0,
          0.0,
          1.0
        ]
      ]
    },
    {
      "file_path": "/media/NFS/ttao/scannet/posed_images/scene0215_00/00199.jpg",
      "transform_matrix": [
        [
          -0.082908,
          -0.469827,
          0.878857,
          3.108145
        ],
        [
          -0.996483,
          0.028289,
          -0.078881,
          1.856168
        ],
        [
          0.012199,
          -0.882305,
          -0.470519,
          1.358872
        ],
        [
          0.0,
          0.0,
          0.0,
          1.0
        ]
      ]
    },
    {
      "file_path": "/media/NFS/ttao/scannet/posed_images/scene0215_00/00200.jpg",
      "transform_matrix": [
        [
          -0.081975,
          -0.471614,
          0.877986,
          3.118588
        ],
        [
          -0.996586,
          0.030118,
          -0.07687,
          1.85024
        ],
        [
          0.009809,
          -0.88129,
          -0.472473,
          1.352014
        ],
        [
          0.0,
          0.0,
          0.0,
          1.0
        ]
      ]
    },
    {
      "file_path": "/media/NFS/ttao/scannet/posed_images/scene0215_00/00204.jpg",
      "transform_matrix": [
        [
          -0.063469,
          -0.504232,
          0.861233,
          3.1926
        ],
        [
          -0.997983,
          0.030769,
          -0.055532,
