{
  "frames": [
    {
      "file_path": "/media/NFS/ttao/scannet/posed_images/scene0181_01/00002.jpg",
      "transform_matrix": [
        [
          -0.90245,
          -0.096524,
          0.419842,
          5.385815
        ],
        [
          -0.430312,
          0.248109,
          -0.867914,
          3.578191
        ],
        [
          -0.020392,
          -0.963912,
          -0.265441,
          1.532188
        ],
        [
          0.0,
          0.0,
          0.0,
          1.0
        ]
      ]
    },
    {
      "file_path": "/media/NFS/ttao/scannet/posed_images/scene0181_01/00007.jpg",
      "transform_matrix": [
        [
          -0.90121,
          -0.107858,
          0.419748,
          5.394006
        ],
        [
          -0.433055,
          0.261864,
          -0.862491,
          3.56702
        ],
        [
          -0.01689,
          -0.959059,
          -0.282703,
          1.523545
        ],
        [
          0.0,
          0.0,
          0.0,
          1.0
        ]
      ]
    },
    {
      "file_path": "/media/NFS/ttao/scannet/posed_images/scene0181_01/00018.jpg",
      "transform_matrix": [
        [
          -0.890014,
          -0.203703,
          0.407898,
          5.462697
        ],
        [
          -0.455748,
          0.371921,
          -0.808684,
          3.566131
        ],
        [
          0.013025,
          -0.905638,
          -0.423852,
          1.422073
        ],
        [
          0.0,
          0.0,
          0.0,
          1.0
        ]
      ]
    },
    {
      "file_path": "/media/NFS/ttao/scannet/posed_images/scene0181_01/00027.jpg",
      "transform_matrix": [
        [
          -0.85703,
          -0.263518,
          0.442784,
          5.477079
        ],
        [
          -0.515252,
          0.431711,
          -0.740366,
          3.582856
        ],
        [
          0.003945,
          -0.862661,
          -0.505767,
          1.3753
        ],
        [
          0.0,
          0.0,
          0.0,
          1.0
        ]
      ]
    },
    {
      "file_path": "/media/NFS/ttao/scannet/posed_images/scene0181_01/00030.jpg",
      "transform_matrix": [
        [
          -0.854246,
          -0.271524,
          0.443327,
          5.467927
        ],
        [
          -0.519727,
          0.426095,
          -0.740491,
          3.56414
        ],
        [
          0.012161,
          -0.86297,
          -0.505108,
          1.411506
        ],
        [
          0.0,
          0.0,
          0.0,
          1.0
        ]
      ]
    },
    {
      "file_path": "/media/NFS/ttao/scannet/posed_images/scene0181_01/00041.jpg",
      "transform_matrix": [
        [
          -0.886156,
          -0.198581,
          0.418681,
          5.38535
        ],
        [
          -0.462771,
          0.33262,
          -0.82171,
          3.525215
        ],
        [
          0.023914,
          -0.921916,
          -0.386651,
          1.493724
        ],
        [
          0.0,
          0.0,
          0.0,
          1.0
        ]
      ]
    },
    {
      "file_path": "/media/NFS/ttao/scannet/posed_images/scene0181_01/00044.jpg",
      "transform_matrix": [
        [
          -0.89429,
          -0.184598,
          0.407639,
          5.368117
        ],
        [
          -0.447131,
          0.332203,
          -0.830491,
          3.520808
        ],
        [
          0.017888,
          -0.924967,
          -0.379626,
          1.50805
        ],
        [
          0.0,
          0.0,
          0.0,
          1.0
        ]
      ]
    },
    {
      "file_path": "/media/NFS/ttao/scannet/posed_images/scene0181_01/00053.jpg",
      "transform_matrix": [
        [
          -0.919338,
          -0.144655,
          0.365914,
          5.374523
        ],
        [
          -0.391567,
          0.245,
          -0.886933,
          3.568895
        ],
        [
          0.03865,
          -0.958671,
          -0.28188,
          1.555153
        ],
        [
          0.0,
          0.0,
          0.0,
          1.0
        ]
      ]
    },
    {
      "file_path": "/media/NFS/ttao/scannet/posed_images/scene0181_01/00060.jpg",
      "transform_matrix": [
        [
          -0.919964,
          -0.102732,
          0.378302,
          5.366715
        ],
        [
          -0.390266,
          0.149265,
          -0.908522,
          3.614392
        ],
        [
          0.036868,
          -0.983446,
          -0.177411,
          1.574739
        ],
        [
          0.0,
          0.0,
          0.0,
          1.0
        ]
      ]
    },
    {
      "file_path": "/media/NFS/ttao/scannet/posed_images/scene0181_01/00071.jpg",
      "transform_matrix": [
        [
          -0.916422,
          -0.065213,
          0.394865,
          5.371069
        ],
        [
          -0.398071,
          0.046563,
          -0.916172,
          3.667265
        ],
        [
          0.04136,
          -0.996784,
          -0.068631,
          1.619229
        ],
        [
          0.0,
          0.0,
          0.0,
          1.0
        ]
      ]
    },
    {
      "file_path": "/media/NFS/ttao/scannet/posed_images/scene0181_01/00076.jpg",
      "transform_matrix": [
        [
          -0.918148,
          -0.048194,
          0.393296,
          5.368634
        ],
        [
          -0.394441,
          0.016744,
          -0.918769,
          3.678904
        ],
        [
          0.037693,
          -0.998698,
          -0.034384,
          1.63391
        ],
        [
          0.0,
          0.0,
          0.0,
          1.0
        ]
      ]
    },
    {
      "file_path": "/media/NFS/ttao/scannet/posed_images/scene0181_01/00087.jpg",
      "transform_matrix": [
        [
          -0.958432,
          0.003353,
          0.285302,
          5.355888
        ],
        [
          -0.285307,
          -0.000727,
          -0.958436,
          3.699252
        ],
        [
          -0.003006,
          -0.999994,
          0.001653,
          1.687463
        ],
        [
          0.0,
          0.0,
          0.0,
          1.0
        ]
      ]
    },
    {
      "file_path": "/media/NFS/ttao/scannet/posed_images/scene0181_01/00096.jpg",
      "transform_matrix": [
        [
          -0.994657,
          0.033676,
          0.09759,
          5.437335
        ],
        [
          -0.098352,
          -0.021744,
          -0.994914,
          3.744936
        ],
        [
          -0.031382,
          -0.999196,
          0.02494,
          1.713436
        ],
        [
          0.0,
          0.0,
          0.0,
          1.0
        ]
      ]
    },
    {
      "file_path": "/media/NFS/ttao/scannet/posed_images/scene0181_01/00101.jpg",
      "transform_matrix": [
        [
          -0.998229,
          0.044903,
          0.039033,
          5.46846
        ],
        [
          -0.039946,
          -0.019619,
          -0.999009,
          3.764134
        ],
        [
          -0.044093,
          -0.998799,
          0.021378,
          1.727981
        ],
        [
          0.0,
          0.0,
          0.0,
          1.0
        ]
      ]
    },
    {
      "file_path": "/media/NFS/ttao/scannet/posed_images/scene0181_01/00110.jpg",
      "transform_matrix": [
        [
          -0.997493,
          0.045104,
          -0.054524,
          5.515421
        ],
        [
          0.057962,
          0.078809,
          -0.995203,
          3.747782
        ],
        [
          -0.040591,
          -0.995869,
          -0.081226,
          1.675799
        ],
        [
          0.0,
          0.0,
          0.0,
          1.0
        ]
      ]
    },
    {
      "file_path": "/media/NFS/ttao/scannet/posed_images/scene0181_01/00119.jpg",
      "transform_matrix": [
        [
          -0.999059,
          0.043044,
          -0.005374,
          5.579867
        ],
        [
          0.015826,
          0.246343,
          -0.969053,
          3.678797
        ],
        [
          -0.040388,
          -0.968226,
          -0.246792,
          1.542678
        ],
        [
          0.0,
          0.0,
          0.0,
          1.0
        ]
      ]
    },
    {
      "file_path": "/media/NFS/ttao/scannet/posed_images/scene0181_01/00126.jpg",
      "transform_matrix": [
        [
          -0.999297,
          0.031516,
          0.02033,
          5.628032
        ],
        [
          -0.008162,
          0.346333,
          -0.938076,
          3.613178
        ],
        [
          -0.036605,
          -0.937582,
          -0.345833,
          1.474224
        ],
        [
          0.0,
          0.0,
          0.0,
          1.0
        ]
      ]
    },
    {
      "file_path": "/media/NFS/ttao/scannet/posed_images/scene0181_01/00128.jpg",
      "transform_matrix": [
        [
          -0.999336,
          0.028972,
          0.022119,
          5.649677
        ],
        [
          -0.009576,
          0.37686,
          -0.926221,
          3.589614
        ],
        [
          -0.035171,
          -0.925817,
          -0.376332,
          1.458726
        ],
        [
          0.0,
          0.0,
          0.0,
          1.0
        ]
      ]
    },
    {
      "file_path": "/media/NFS/ttao/scannet/posed_images/scene0181_01/00137.jpg",
      "transform_matrix": [
        [
          -0.99527,
          -0.02518,
          0.093828,
          5.68614
        ],
        [
          -0.094462,
          0.476409,
          -0.874135,
          3.517116
        ],
        [
          -0.02269,
          -0.878863,
          -0.476534,
          1.400004
        ],
        [
          0.0,
          0.0,
          0.0,
          1.0
        ]
      ]
    },
    {
      "file_path": "/media/NFS/ttao/scannet/posed_images/scene0181_01/00147.jpg",
      "transform_matrix": [
        [
          -0.996004,
          -0.062121,
          0.064168,
          5.698268
        ],
        [
          -0.086735,
          0.501474,
          -0.860814,
          3.477765
        ],
        [
          0.021296,
          -0.862939,
          -0.504858,
          1.397805
        ],
        [
          0.0,
          0.0,
          0.0,
          1.0
        ]
      ]
    },
    {
      "file_path": "/media/NFS/ttao/scannet/posed_images/scene0181_01/00151.jpg",
      "transform_matrix": [
        [
          -0.995655,
          -0.072844,
          0.058012,
          5.694946
        ],
        [
          -0.087114,
          0.508456,
          -0.85667,
          3.473082
        ],
        [
          0.032907,
          -0.858001,
          -0.512592,
          1.407384
        ],
        [
          0.0,
          0.0,
          0.0,
          1.0
        ]
      ]
    },
    {
      "file_path": "/media/NFS/ttao/scannet/posed_images/scene0181_01/00158.jpg",
      "transform_matrix": [
        [
          -0.993571,
          -0.0797,
          0.080404,
          5.673109
        ],
        [
          -0.109327,
          0.49102,
          -0.864261,
          3.483077
        ],
        [
          0.029402,
          -0.867495,
          -0.496576,
          1.412319
        ],
        [
          0.0,
          0.0,
          0.0,
          1.0
        ]
      ]
    },
    {
      "file_path": "/media/NFS/ttao/scannet/posed_images/scene0181_01/00170.jpg",
      "transform_matrix": [
        [
          -0.934976,
          -0.189374,
          0.299928,
          5.426234
        ],
        [
          -0.352673,
          0.405799,
          -0.843178,
          3.411585
        ],
        [
          0.037965,
          -0.894128,
          -0.446199,
          1.389661
        ],
        [
          0.0,
          0.0,
          0.0,
          1.0
        ]
      ]
    },
    {
      "file_path": "/media/NFS/ttao/scannet/posed_images/scene0181_01/00179.jpg",
      "transform_matrix": [
        [
          -0.878149,
          -0.284415,
          0.384658,
          5.252662
        ],
        [
          -0.471833,
          0.382291,
          -0.794498,
          3.324288
        ],
        [
          0.078916,
          -0.879183,
          -0.469905,
          1.403006
        ],
        [
          0.0,
          0.0,
          0.0,
          1.0
        ]
      ]
    },
    {
      "file_path": "/media/NFS/ttao/scannet/posed_images/scene0181_01/00186.jpg",
      "transform_matrix": [
        [
          -0.884398,
          -0.25761,
          0.389202,
          5.166732
        ],
        [
          -0.465577,
          0.428243,
          -0.774497,
          3.266813
        ],
        [
          0.032845,
          -0.866167,
          -0.498674,
          1.38974
        ],
        [
          0.0,
          0.0,
          0.0,
          1.0
        ]
      ]
    },
    {
      "file_path": "/media/NFS/ttao/scannet/posed_images/scene0181_01/00190.jpg",
      "transform_matrix": [
        [
          -0.9019,
          -0.232101,
          0.364289,
          5.150711
        ],
        [
          -0.431761,
          0.459754,
          -0.776021,
          3.245276
        ],
        [
          0.012632,
          -0.857179,
          -0.514864,
          1.39539
        ],
        [
          0.0,
          0.0,
          0.0,
          1.0
        ]
      ]
    },
    {
      "file_path": "/media/NFS/ttao/scannet/posed_images/scene0181_01/00202.jpg",
      "transform_matrix": [
        [
          -0.967454,
          -0.192715,
          0.163996,
          5.210784
        ],
        [
          -0.240212,
          0.495612,
          -0.834666,
          3.243783
        ],
        [
          0.079574,
          -0.846894,
          -0.525774,
          1.432536
        ],
        [
          0.0,
          0.0,
          0.0,
          1.0
        ]
      ]
    },
    {
      "file_path": "/media/NFS/ttao/scannet/posed_images/scene0181_01/00208.jpg",
      "transform_matrix": [
        [
          -0.985451,
          -0.155256,
          0.069154,
          5.343276
        ],
        [
          -0.135242,
          0.469869,
          -0.872314,
          3.302727
        ],
        [
          0.102938,
          -0.868976,
          -0.48403,
          1.432813
        ],
        [
          0.0,
          0.0,
          0.0,
          1.0
        ]
      ]
    },
    {
      "file_path": "/media/NFS/ttao/scannet/posed_images/scene0181_01/00213.jpg",
      "transform_matrix": [
        [
          -0.997623,
          -0.065308,
          -0.021974,
          5.474158
        ],
        [
          -0.012128,
          0.480332,
          -0.877003,
          3.354381
        ],
        [
          0.06783,
          -0.874652,
          -0.479983,
          1.420894
        ],
        [
          0.0,
          0.0,
          0.0,
          1.0
        ]
      ]
    },
    {
      "file_path": "/media/NFS/ttao/scannet/posed_images/scene0181_01/00225.jpg",
      "transform_matrix": [
        [
          -0.98059,
          0.035174,
          -0.192887,
          5.636248
        ],
        [
          0.182864,
          0.518984,
          -0.834995,
          3.401231
        ],
        [
          0.070735,
          -0.85406,
          -0.515343,
          1.43864
        ],
        [
          0.0,
          0.0,
          0.0,
          1.0
        ]
      ]
    },
    {
      "file_path": "/media/NFS/ttao/scannet/posed_images/scene0181_01/00229.jpg",
      "transform_matrix": [
        [
          -0.964417,
          0.094356,
          -0.246974,
          5.704474
        ],
        [
          0.260781,
          0.493195,
          -0.829911,
          3.386197
        ],
        [
          0.0435,
          -0.864787,
          -0.500252,
          1.436068
        ],
        [
          0.0,
          0.0,
          0.0,
          1.0
        ]
      ]
    },
    {
      "file_path": "/media/NFS/ttao/scannet/posed_images/scene0181_01/00238.jpg",
      "transform_matrix": [
        [
          -0.939245,
          0.154256,
          -0.306632,
          5.816758
        ],
        [
          0.343225,
          0.431999,
          -0.83401,
          3.320056
        ],
        [
          0.003814,
          -0.888584,
          -0.458698,
          1.495144
        ],
        [
          0.0,
          0.0,
          0.0,
          1.0
        ]
      ]
    },
    {
      "file_path": "/media/NFS/ttao/scannet/posed_images/scene0181_01/00247.jpg",
      "transform_matrix": [
        [
          -0.904915,
          0.154334,
          -0.396623,
          5.910646
        ],
        [
          0.424679,
          0.388454,
          -0.817772,
          3.267019
        ],
        [
          0.02786,
          -0.908451,
          -0.417061,
          1.54115
        ],
        [
          0.0,
          0.0,
          0.0,
          1.0
        ]
      ]
    },
    {
      "file_path": "/media/NFS/ttao/scannet/posed_images/scene0181_01/00254.jpg",
      "transform_matrix": [
        [
          -0.883165,
          0.136355,
          -0.448806,
          5.996111
        ],
        [
          0.468044,
          0.319201,
          -0.824042,
          3.259856
        ],
        [
          0.030897,
          -0.937826,
          -0.345727,
          1.575037
        ],
        [
          0.0,
          0.0,
          0.0,
          1.0
        ]
      ]
    },
    {
      "file_path": "/media/NFS/ttao/scannet/posed_images/scene0181_01/00263.jpg",
      "transform_matrix": [
        [
          -0.862658,
          0.097511,
          -0.4963,
          6.055036
        ],
        [
          0.503257,
          0.263527,
          -0.822974,
          3.241288
        ],
        [
          0.05054,
          -0.959711,
          -0.276406,
          1.621045
        ],
        [
          0.0,
          0.0,
          0.0,
          1.0
        ]
      ]
    },
    {
      "file_path": "/media/NFS/ttao/scannet/posed_images/scene0181_01/00266.jpg",
      "transform_matrix": [
        [
          -0.85599,
          0.081672,
          -0.510501,
          6.058844
        ],
        [
          0.514368,
          0.233917,
          -0.825051,
          3.237232
        ],
        [
          0.052031,
          -0.96882,
          -0.24224,
          1.635936
        ],
        [
          0.0,
          0.0,
          0.0,
          1.0
        ]
      ]
    },
    {
      "file_path": "/media/NFS/ttao/scannet/posed_images/scene0181_01/00275.jpg",
      "transform_matrix": [
        [
          -0.84774,
          0.038401,
          -0.529021,
          6.040763
        ],
        [
          0.528022,
          0.155686,
          -0.834838,
          3.249087
        ],
        [
          0.050302,
          -0.98706,
          -0.152258,
          1.688846
        ],
        [
          0.0,
          0.0,
          0.0,
          1.0
        ]
      ]
    },
    {
      "file_path": "/media/NFS/ttao/scannet/posed_images/scene0181_01/00282.jpg",
      "transform_matrix": [
        [
          -0.843622,
          -0.011126,
          -0.536822,
          6.012407
        ],
        [
          0.534012,
          0.086819,
          -0.841007,
          3.27894
        ],
        [
          0.055964,
          -0.996162,
          -0.067301,
          1.740655
        ],
        [
          0.0,
          0.0,
          0.0,
          1.0
        ]
      ]
    },
    {
      "file_path": "/media/NFS/ttao/scannet/posed_images/scene0181_01/00291.jpg",
      "transform_matrix": [
        [
          -0.821677,
          -0.036146,
          -0.568806,
          5.981936
        ],
        [
          0.567478,
          0.041025,
          -0.822366,
          3.309821
        ],
        [
          0.05306,
          -0.998504,
          -0.013197,
          1.794586
        ],
        [
          0.0,
          0.0,
          0.0,
          1.0
        ]
      ]
    },
    {
      "file_path": "/media/NFS/ttao/scannet/posed_images/scene0181_01/00296.jpg",
      "transform_matrix": [
        [
          -0.815099,
          -0.032779,
          -0.578394,
          5.966279
        ],
        [
          0.577361,
          0.03611,
          -0.81569,
          3.324954
        ],
        [
          0.047624,
          -0.99881,
          -0.010508,
          1.797002
        ],
        [
          0.0,
          0.0,
          0.0,
          1.0
        ]
      ]
    },
    {
      "file_path": "/media/NFS/ttao/scannet/posed_images/scene0181_01/00307.jpg",
      "transform_matrix": [
        [
          -0.782159,
          0.097406,
          -0.615418,
          5.902297
        ],
        [
          0.623014,
          0.108043,
          -0.774713,
          3.329311
        ],
        [
          -0.00897,
          -0.989363,
          -0.145192,
          1.738077
        ],
        [
          0.0,
          0.0,
          0.0,
          1.0
        ]
      ]
    },
    {
      "file_path": "/media/NFS/ttao/scannet/posed_images/scene0181_01/00316.jpg",
      "transform_matrix": [
        [
          -0.768786,
          0.224428,
          -0.598833,
          5.863588
        ],
        [
          0.639047,
          0.234116,
          -0.732672,
          3.297242
        ],
        [
          -0.024236,
          -0.94595,
          -0.323405,
          1.621789
        ],
        [
          0.0,
          0.0,
          0.0,
          1.0
        ]
      ]
    },
    {
      "file_path": "/media/NFS/ttao/scannet/posed_images/scene0181_01/00321.jpg",
      "transform_matrix": [
        [
          -0.771052,
          0.28255,
          -0.570653,
          5.862386
        ],
        [
          0.635105,
          0.276432,
          -0.721268,
          3.297845
        ],
        [
          -0.046048,
          -0.918559,
          -0.392593,
          1.542018
        ],
        [
          0.0,
          0.0,
          0.0,
          1.0
        ]
      ]
    },
    {
      "file_path": "/media/NFS/ttao/scannet/posed_images/scene0181_01/00330.jpg",
      "transform_matrix": [
        [
          -0.737526,
          0.34308,
          -0.58168,
          5.890446
        ],
        [
          0.673789,
          0.315895,
          -0.667996,
          3.277084
        ],
        [
          -0.045426,
          -0.884594,
          -0.464144,
          1.489169
        ],
        [
          0.0,
          0.0,
          0.0,
          1.0
        ]
      ]
    },
    {
      "file_path": "/media/NFS/ttao/scannet/posed_images/scene0181_01/00334.jpg",
      "transform_matrix": [
        [
          -0.72257,
          0.330042,
          -0.607425,
          5.928879
        ],
        [
          0.691093,
          0.323455,
          -0.64635,
          3.254953
        ],
        [
          -0.016848,
          -0.88682,
          -0.461808,
          1.485545
        ],
        [
          0.0,
          0.0,
          0.0,
          1.0
        ]
      ]
    },
    {
      "file_path": "/media/NFS/ttao/scannet/posed_images/scene0181_01/00344.jpg",
      "transform_matrix": [
        [
          -0.576672,
          0.342357,
          -0.741782,
          6.027122
        ],
        [
          0.816518,
          0.271897,
          -0.509283,
          3.151744
        ],
        [
          0.027331,
          -0.899369,
          -0.436336,
          1.503049
        ],
        [
          0.0,
          0.0,
          0.0,
          1.0
        ]
      ]
    },
    {
      "file_path": "/media/NFS/ttao/scannet/posed_images/scene0181_01/00351.jpg",
      "transform_matrix": [
        [
          -0.501563,
          0.344844,
          -0.793421,
          6.036288
        ],
        [
          0.864754,
          0.226575,
          -0.44818,
          3.064749
        ],
        [
          0.025217,
          -0.910904,
          -0.411847,
          1.515273
        ],
        [
          0.0,
          0.0,
          0.0,
          1.0
        ]
      ]
    },
    {
      "file_path": "/media/NFS/ttao/scannet/posed_images/scene0181_01/00357.jpg",
      "transform_matrix": [
        [
          -0.44817,
          0.369139,
          -0.814175,
          6.031599
        ],
        [
          0.89299,
          0.142698,
          -0.426856,
          2.968606
        ],
        [
          -0.041388,
          -0.918354,
          -0.39359,
          1.526768
        ],
        [
          0.0,
          0.0,
          0.0,
          1.0
        ]
      ]
    },
    {
      "file_path": "/media/NFS/ttao/scannet/posed_images/scene0181_01/00364.jpg",
      "transform_matrix": [
        [
          -0.36122,
          0.346948,
          -0.865533,
          6.023497
        ],
        [
          0.931531,
          0.09238,
          -0.351733,
          2.850892
        ],
        [
          -0.042075,
          -0.933324,
          -0.356563,
          1.531225
        ],
        [
          0.0,
          0.0,
          0.0,
          1.0
        ]
      ]
    },
    {
      "file_path": "/media/NFS/ttao/scannet/posed_images/scene0181_01/00378.jpg",
      "transform_matrix": [
        [
          -0.132768,
          0.372989,
          -0.918287,
          6.043485
        ],
        [
          0.99112,
          0.043168,
          -0.125764,
          2.616138
        ],
        [
          -0.007268,
          -0.926831,
          -0.375409,
          1.535814
        ],
        [
          0.0,
          0.0,
          0.0,
          1.0
        ]
      ]
    },
    {
      "file_path": "/media/NFS/ttao/scannet/posed_images/scene0181_01/00385.jpg",
      "transform_matrix": [
        [
          -0.098783,
          0.421869,
          -0.901259,
          6.067061
        ],
        [
          0.995075,
          0.034409,
          -0.092959,
          2.514192
        ],
        [
          -0.008205,
          -0.906004,
          -0.42319,
          1.518217
        ],
        [
          0.0,
          0.0,
          0.0,
          1.0
        ]
      ]
    },
    {
      "file_path": "/media/NFS/ttao/scannet/posed_images/scene0181_01/00394.jpg",
      "transform_matrix": [
        [
          -0.029176,
          0.510568,
          -0.859342,
          6.064322
        ],
        [
          0.999574,
          0.014295,
          -0.025445,
          2.480331
        ],
        [
          -0.000707,
          -0.859719,
          -0.510767,
          1.487059
        ],
        [
          0.0,
          0.0,
          0.0,
          1.0
        ]
      ]
    },
    {
      "file_path": "/media/NFS/ttao/scannet/posed_images/scene0181_01/00401.jpg",
      "transform_matrix": [
        [
          0.124893,
          0.494088,
          -0.860395,
          6.044162
        ],
        [
          0.991887,
          -0.082903,
          0.096373,
          2.50689
        ],
        [
          -0.023712,
          -0.865451,
          -0.500433,
          1.516033
        ],
        [
          0.0,
          0.0,
          0.0,
          1.0
        ]
      ]
    },
    {
      "file_path": "/media/NFS/ttao/scannet/posed_images/scene0181_01/00408.jpg",
      "transform_matrix": [
        [
          0.238498,
          0.473572,
          -0.84785,
          6.038881
        ],
        [
          0.970494,
          -0.148143,
          0.190251,
          2.576377
        ],
        [
          -0.035505,
          -0.868207,
          -0.494931,
          1.534628
        ],
        [
          0.0,
          0.0,
          0.0,
          1.0
        ]
      ]
    },
    {
      "file_path": "/media/NFS/ttao/scannet/posed_images/scene0181_01/00417.jpg",
      "transform_matrix": [
        [
          0.352198,
          0.433807,
          -0.829318,
          6.0615
        ],
        [
          0.934619,
          -0.209817,
          0.287165,
          2.561522
        ],
        [
          -0.049431,
          -0.876235,
          -0.479342,
          1.50631
        ],
        [
          0.0,
          0.0,
          0.0,
          1.0
        ]
      ]
    },
    {
      "file_path": "/media/NFS/ttao/scannet/posed_images/scene0181_01/00422.jpg",
      "transform_matrix": [
        [
          0.37756,
          0.427335,
          -0.821483,
          6.065637
        ],
        [
          0.925183,
          -0.21101,
          0.315454,
          2.550776
        ],
        [
          -0.038537,
          -0.879124,
          -0.475032,
          1.496643
        ],
        [
          0.0,
          0.0,
          0.0,
          1.0
        ]
      ]
    },
    {
      "file_path": "/media/NFS/ttao/scannet/posed_images/scene0181_01/00431.jpg",
      "transform_matrix": [
        [
          0.448177,
          0.40424,
          -0.797326,
          6.048481
        ],
        [
          0.893658,
          -0.225224,
          0.388137,
          2.561223
        ],
        [
          -0.022677,
          -0.88649,
          -0.462192,
          1.48299
        ],
        [
          0.0,
          0.0,
          0.0,
          1.0
        ]
      ]
    },
    {
      "file_path": "/media/NFS/ttao/scannet/posed_images/scene0181_01/00440.jpg",
      "transform_matrix": [
        [
          0.59318,
          0.335226,
          -0.731957,
          5.962643
        ],
        [
          0.803403,
          -0.304975,
          0.511405,
          2.643607
        ],
        [
          -0.051792,
          -0.891411,
          -0.450226,
          1.491228
        ],
        [
          0.0,
          0.0,
          0.0,
          1.0
        ]
      ]
    },
    {
      "file_path": "/media/NFS/ttao/scannet/posed_images/scene0181_01/00442.jpg",
      "transform_matrix": [
        [
          0.614656,
          0.31295,
          -0.724059,
          5.943534
        ],
        [
          0.785828,
          -0.322498,
          0.527703,
          2.676568
        ],
        [
          -0.068363,
          -0.893341,
          -0.44415,
          1.50098
        ],
        [
          0.0,
          0.0,
          0.0,
          1.0
        ]
      ]
    },
    {
      "file_path": "/media/NFS/ttao/scannet/posed_images/scene0181_01/00449.jpg",
      "transform_matrix": [
        [
          0.690015,
          0.247897,
          -0.68002,
          5.846426
        ],
        [
          0.717207,
          -0.360654,
          0.596274,
          2.753557
        ],
        [
          -0.097437,
          -0.899153,
          -0.42665,
          1.520699
        ],
        [
          0.0,
          0.0,
          0.0,
          1.0
        ]
      ]
    },
    {
      "file_path": "/media/NFS/ttao/scannet/posed_images/scene0181_01/00460.jpg",
      "transform_matrix": [
        [
          0.781585,
          0.178467,
          -0.597725,
          5.695905
        ],
        [
          0.618356,
          -0.347969,
          0.704666,
          2.761925
        ],
        [
          -0.08223,
          -0.920362,
          -0.382324,
          1.516842
        ],
        [
          0.0,
          0.0,
          0.0,
          1.0
        ]
      ]
    },
    {
      "file_path": "/media/NFS/ttao/scannet/posed_images/scene0181_01/00470.jpg",
      "transform_matrix": [
        [
          0.857906,
          0.116282,
          -0.500475,
          5.534306
        ],
        [
          0.507368,
          -0.345436,
          0.789463,
          2.742213
        ],
        [
          -0.081082,
          -0.93121,
          -0.35535,
          1.543378
        ],
        [
          0.0,
          0.0,
          0.0,
          1.0
        ]
      ]
    },
    {
      "file_path": "/media/NFS/ttao/scannet/posed_images/scene0181_01/00472.jpg",
      "transform_matrix": [
        [
          0.869206,
          0.109038,
          -0.482277,
          5.505981
        ],
        [
          0.487354,
          -0.353579,
          0.798416,
          2.739096
        ],
        [
          -0.083466,
          -0.929028,
          -0.360473,
          1.533883
        ],
        [
          0.0,
          0.0,
          0.0,
          1.0
        ]
      ]
    },
    {
      "file_path": "/media/NFS/ttao/scannet/posed_images/scene0181_01/00486.jpg",
      "transform_matrix": [
        [
          0.955603,
          0.10357,
          -0.275858,
          5.331052
        ],
        [
          0.292799,
          -0.438793,
          0.849547,
          2.803484
        ],
        [
          -0.033057,
          -0.8926,
          -0.449637,
          1.447491
        ],
        [
          0.0,
          0.0,
          0.0,
          1.0
        ]
      ]
    },
    {
      "file_path": "/media/NFS/ttao/scannet/posed_images/scene0181_01/00490.jpg",
      "transform_matrix": [
        [
          0.967056,
          0.096135,
          -0.235713,
          5.267666
        ],
        [
          0.252799,
          -0.471497,
          0.844857,
          2.841168
        ],
        [
          -0.029918,
          -0.876612,
          -0.480267,
          1.442613
        ],
        [
          0.0,
          0.0,
          0.0,
          1.0
        ]
      ]
    },
    {
      "file_path": "/media/NFS/ttao/scannet/posed_images/scene0181_01/00495.jpg",
      "transform_matrix": [
        [
          0.974529,
          0.086765,
          -0.2068,
          5.215796
        ],
        [
          0.222379,
          -0.493167,
          0.841032,
          2.883625
        ],
        [
          -0.029015,
          -0.865597,
          -0.4999,
          1.436435
        ],
        [
          0.0,
          0.0,
          0.0,
          1.0
        ]
      ]
    },
    {
      "file_path": "/media/NFS/ttao/scannet/posed_images/scene0181_01/00506.jpg",
      "transform_matrix": [
        [
          0.998569,
          0.021462,
          -0.048968,
          5.121915
        ],
        [
          0.053155,
          -0.496906,
          0.866175,
          2.948381
        ],
        [
          -0.005742,
          -0.867539,
          -0.497336,
          1.472351
        ],
        [
          0.0,
          0.0,
          0.0,
          1.0
        ]
      ]
    },
    {
      "file_path": "/media/NFS/ttao/scannet/posed_images/scene0181_01/00511.jpg",
      "transform_matrix": [
        [
          0.998441,
          -0.042035,
          0.03672,
          5.075082
        ],
        [
          -0.051478,
          -0.439277,
          0.896875,
          2.933984
        ],
        [
          -0.02157,
          -0.897367,
          -0.440757,
          1.476447
        ],
        [
          0.0,
          0.0,
          0.0,
          1.0
        ]
      ]
    },
    {
      "file_path": "/media/NFS/ttao/scannet/posed_images/scene0181_01/00518.jpg",
      "transform_matrix": [
        [
          0.989736,
          -0.080246,
          0.118254,
          5.036493
        ],
        [
          -0.140986,
          -0.41293,
          0.899784,
          2.930372
        ],
        [
          -0.023373,
          -0.907221,
          -0.420005,
          1.502221
        ],
        [
          0.0,
          0.0,
          0.0,
          1.0
        ]
      ]
    },
    {
      "file_path": "/media/NFS/ttao/scannet/posed_images/scene0181_01/00529.jpg",
      "transform_matrix": [
        [
          0.959665,
          -0.125006,
          0.251829,
          5.03262
        ],
        [
          -0.280773,
          -0.379858,
          0.881405,
          3.005513
        ],
        [
          -0.014522,
          -0.91656,
          -0.399634,
          1.517852
        ],
        [
          0.0,
          0.0,
          0.0,
          1.0
        ]
      ]
    },
    {
      "file_path": "/media/NFS/ttao/scannet/posed_images/scene0181_01/00536.jpg",
      "transform_matrix": [
        [
          0.946642,
          -0.154146,
          0.283035,
          5.02986
        ],
        [
          -0.320798,
          -0.366334,
          0.873434,
          3.068997
        ],
        [
          -0.030951,
          -0.917626,
          -0.396237,
          1.500188
        ],
        [
          0.0,
          0.0,
          0.0,
          1.0
        ]
      ]
    },
    {
      "file_path": "/media/NFS/ttao/scannet/posed_images/scene0181_01/00545.jpg",
      "transform_matrix": [
        [
          0.926049,
          -0.208116,
          0.314834,
          5.045353
        ],
        [
          -0.374463,
          -0.402775,
          0.835194,
          3.13505
        ],
        [
          -0.04701,
          -0.891325,
          -0.450922,
          1.473086
        ],
        [
          0.0,
          0.0,
          0.0,
          1.0
        ]
      ]
    },
    {
      "file_path": "/media/NFS/ttao/scannet/posed_images/scene0181_01/00550.jpg",
      "transform_matrix": [
        [
          0.902576,
          -0.227378,
          0.365591,
          5.016212
        ],
        [
          -0.42983,
          -0.42745,
          0.795319,
          3.174874
        ],
        [
          -0.024566,
          -0.874978,
          -0.48354,
          1.460797
        ],
        [
          0.0,
          0.0,
          0.0,
          1.0
        ]
      ]
    },
    {
      "file_path": "/media/NFS/ttao/scannet/posed_images/scene0181_01/00557.jpg",
      "transform_matrix": [
        [
          0.851093,
          -0.248221,
          0.462631,
          4.93498
        ],
        [
          -0.524988,
          -0.393331,
          0.754771,
          3.221287
        ],
        [
          -0.005383,
          -0.885256,
          -0.465074,
          1.450857
        ],
        [
          0.0,
          0.0,
          0.0,
          1.0
        ]
      ]
    },
    {
      "file_path": "/media/NFS/ttao/scannet/posed_images/scene0181_01/00564.jpg",
      "transform_matrix": [
        [
          0.77567,
          -0.318746,
          0.544735,
          4.836498
        ],
        [
          -0.630941,
          -0.370068,
          0.681882,
          3.277645
        ],
        [
          -0.015758,
          -0.872612,
          -0.488161,
          1.455139
        ],
        [
          0.0,
          0.0,
          0.0,
          1.0
        ]
      ]
    },
    {
      "file_path": "/media/NFS/ttao/scannet/posed_images/scene0181_01/00573.jpg",
      "transform_matrix": [
        [
          0.698349,
          -0.267792,
          0.663774,
          4.763073
        ],
        [
          -0.713657,
          -0.331501,
          0.617091,
          3.30418
        ],
        [
          0.05479,
          -0.904652,
          -0.422615,
          1.473368
        ],
        [
          0.0,
          0.0,
          0.0,
          1.0
        ]
      ]
    },
    {
      "file_path": "/media/NFS/ttao/scannet/posed_images/scene0181_01/00580.jpg",
      "transform_matrix": [
        [
          0.646927,
          -0.22764,
          0.727781,
          4.733156
        ],
        [
          -0.761196,
          -0.249657,
          0.598541,
          3.310328
        ],
        [
          0.045443,
          -0.941197,
          -0.334789,
          1.50064
        ],
        [
          0.0,
          0.0,
          0.0,
          1.0
        ]
      ]
    },
    {
      "file_path": "/media/NFS/ttao/scannet/posed_images/scene0181_01/00591.jpg",
      "transform_matrix": [
        [
          0.610604,
          -0.195583,
          0.767405,
          4.654259
        ],
        [
          -0.791223,
          -0.191769,
          0.580681,
          3.314031
        ],
        [
          0.033593,
          -0.961755,
          -0.271844,
