{
  "frames": [
    {
      "file_path": "/media/NFS/ttao/scannet/posed_images/scene0310_02/00001.jpg",
      "transform_matrix": [
        [
          0.091853,
          -0.432643,
          0.896874,
          0.770671
        ],
        [
          -0.994341,
          0.008431,
          0.105902,
          0.645549
        ],
        [
          -0.05338,
          -0.901526,
          -0.42942,
          1.503179
        ],
        [
          0.0,
          0.0,
          0.0,
          1.0
        ]
      ]
    },
    {
      "file_path": "/media/NFS/ttao/scannet/posed_images/scene0310_02/00004.jpg",
      "transform_matrix": [
        [
          0.09005,
          -0.430856,
          0.897917,
          0.769332
        ],
        [
          -0.994675,
          0.006467,
          0.102857,
          0.646084
        ],
        [
          -0.050124,
          -0.902398,
          -0.427979,
          1.505708
        ],
        [
          0.0,
          0.0,
          0.0,
          1.0
        ]
      ]
    },
    {
      "file_path": "/media/NFS/ttao/scannet/posed_images/scene0310_02/00008.jpg",
      "transform_matrix": [
        [
          0.084004,
          -0.41826,
          0.904435,
          0.76964
        ],
        [
          -0.995223,
          0.010106,
          0.09711,
          0.649454
        ],
        [
          -0.049757,
          -0.908271,
          -0.415412,
          1.512744
        ],
        [
          0.0,
          0.0,
          0.0,
          1.0
        ]
      ]
    },
    {
      "file_path": "/media/NFS/ttao/scannet/posed_images/scene0310_02/00016.jpg",
      "transform_matrix": [
        [
          0.054326,
          -0.365452,
          0.929244,
          0.764684
        ],
        [
          -0.998113,
          0.006795,
          0.061024,
          0.661271
        ],
        [
          -0.028616,
          -0.930805,
          -0.364394,
          1.529071
        ],
        [
          0.0,
          0.0,
          0.0,
          1.0
        ]
      ]
    },
    {
      "file_path": "/media/NFS/ttao/scannet/posed_images/scene0310_02/00020.jpg",
      "transform_matrix": [
        [
          0.043188,
          -0.328989,
          0.943346,
          0.760133
        ],
        [
          -0.998942,
          0.000716,
          0.045983,
          0.664526
        ],
        [
          -0.015803,
          -0.944333,
          -0.32861,
          1.539964
        ],
        [
          0.0,
          0.0,
          0.0,
          1.0
        ]
      ]
    },
    {
      "file_path": "/media/NFS/ttao/scannet/posed_images/scene0310_02/00024.jpg",
      "transform_matrix": [
        [
          0.039056,
          -0.301705,
          0.952601,
          0.756892
        ],
        [
          -0.9992,
          -0.003507,
          0.039855,
          0.659754
        ],
        [
          -0.008684,
          -0.953395,
          -0.3016,
          1.558027
        ],
        [
          0.0,
          0.0,
          0.0,
          1.0
        ]
      ]
    },
    {
      "file_path": "/media/NFS/ttao/scannet/posed_images/scene0310_02/00025.jpg",
      "transform_matrix": [
        [
          0.038205,
          -0.296403,
          0.954299,
          0.757343
        ],
        [
          -0.999243,
          -0.004294,
          0.038671,
          0.661052
        ],
        [
          -0.007364,
          -0.955053,
          -0.296342,
          1.562503
        ],
        [
          0.0,
          0.0,
          0.0,
          1.0
        ]
      ]
    },
    {
      "file_path": "/media/NFS/ttao/scannet/posed_images/scene0310_02/00030.jpg",
      "transform_matrix": [
        [
          0.040762,
          -0.258793,
          0.965072,
          0.757775
        ],
        [
          -0.999159,
          -0.014953,
          0.038192,
          0.666492
        ],
        [
          0.004547,
          -0.965817,
          -0.259185,
          1.569259
        ],
        [
          0.0,
          0.0,
          0.0,
          1.0
        ]
      ]
    },
    {
      "file_path": "/media/NFS/ttao/scannet/posed_images/scene0310_02/00034.jpg",
      "transform_matrix": [
        [
          0.039249,
          -0.22797,
          0.972877,
          0.759099
        ],
        [
          -0.999196,
          -0.016986,
          0.036331,
          0.669216
        ],
        [
          0.008243,
          -0.97352,
          -0.228453,
          1.588298
        ],
        [
          0.0,
          0.0,
          0.0,
          1.0
        ]
      ]
    },
    {
      "file_path": "/media/NFS/ttao/scannet/posed_images/scene0310_02/00038.jpg",
      "transform_matrix": [
        [
          0.033404,
          -0.18053,
          0.983002,
          0.757132
        ],
        [
          -0.999304,
          -0.022409,
          0.029843,
          0.668453
        ],
        [
          0.01664,
          -0.983314,
          -0.181153,
          1.604095
        ],
        [
          0.0,
          0.0,
          0.0,
          1.0
        ]
      ]
    },
    {
      "file_path": "/media/NFS/ttao/scannet/posed_images/scene0310_02/00043.jpg",
      "transform_matrix": [
        [
          0.018616,
          -0.120143,
          0.992582,
          0.754225
        ],
        [
          -0.999558,
          -0.02525,
          0.01569,
          0.668604
        ],
        [
          0.023177,
          -0.992435,
          -0.12056,
          1.624742
        ],
        [
          0.0,
          0.0,
          0.0,
          1.0
        ]
      ]
    },
    {
      "file_path": "/media/NFS/ttao/scannet/posed_images/scene0310_02/00047.jpg",
      "transform_matrix": [
        [
          0.014039,
          -0.088906,
          0.995941,
          0.755216
        ],
        [
          -0.999659,
          -0.023199,
          0.012021,
          0.668338
        ],
        [
          0.022036,
          -0.99577,
          -0.089201,
          1.637914
        ],
        [
          0.0,
          0.0,
          0.0,
          1.0
        ]
      ]
    },
    {
      "file_path": "/media/NFS/ttao/scannet/posed_images/scene0310_02/00051.jpg",
      "transform_matrix": [
        [
          0.021507,
          -0.06515,
          0.997644,
          0.754088
        ],
        [
          -0.999414,
          -0.028,
          0.019717,
          0.660421
        ],
        [
          0.026649,
          -0.997483,
          -0.065714,
          1.643698
        ],
        [
          0.0,
          0.0,
          0.0,
          1.0
        ]
      ]
    },
    {
      "file_path": "/media/NFS/ttao/scannet/posed_images/scene0310_02/00058.jpg",
      "transform_matrix": [
        [
          0.038654,
          -0.024282,
          0.998958,
          0.742983
        ],
        [
          -0.998766,
          -0.032153,
          0.037865,
          0.667596
        ],
        [
          0.0312,
          -0.999188,
          -0.025495,
          1.660489
        ],
        [
          0.0,
          0.0,
          0.0,
          1.0
        ]
      ]
    },
    {
      "file_path": "/media/NFS/ttao/scannet/posed_images/scene0310_02/00062.jpg",
      "transform_matrix": [
        [
          0.066065,
          0.003649,
          0.997809,
          0.749332
        ],
        [
          -0.997362,
          -0.02989,
          0.066145,
          0.665076
        ],
        [
          0.030066,
          -0.999546,
          0.001665,
          1.663341
        ],
        [
          0.0,
          0.0,
          0.0,
          1.0
        ]
      ]
    },
    {
      "file_path": "/media/NFS/ttao/scannet/posed_images/scene0310_02/00068.jpg",
      "transform_matrix": [
        [
          0.095672,
          0.045298,
          0.994382,
          0.733507
        ],
        [
          -0.995062,
          -0.022181,
          0.096748,
          0.675584
        ],
        [
          0.026439,
          -0.998727,
          0.042953,
          1.670998
        ],
        [
          0.0,
          0.0,
          0.0,
          1.0
        ]
      ]
    },
    {
      "file_path": "/media/NFS/ttao/scannet/posed_images/scene0310_02/00072.jpg",
      "transform_matrix": [
        [
          0.117514,
          0.050586,
          0.991782,
          0.745668
        ],
        [
          -0.992834,
          -0.015858,
          0.118448,
          0.673773
        ],
        [
          0.021719,
          -0.998594,
          0.04836,
          1.690791
        ],
        [
          0.0,
          0.0,
          0.0,
          1.0
        ]
      ]
    },
    {
      "file_path": "/media/NFS/ttao/scannet/posed_images/scene0310_02/00076.jpg",
      "transform_matrix": [
        [
          0.14393,
          0.068994,
          0.98718,
          0.742127
        ],
        [
          -0.989457,
          -0.006211,
          0.144696,
          0.678383
        ],
        [
          0.016114,
          -0.997598,
          0.067373,
          1.693943
        ],
        [
          0.0,
          0.0,
          0.0,
          1.0
        ]
      ]
    },
    {
      "file_path": "/media/NFS/ttao/scannet/posed_images/scene0310_02/00081.jpg",
      "transform_matrix": [
        [
          0.193433,
          0.084469,
          0.977471,
          0.747619
        ],
        [
          -0.980991,
          0.000898,
          0.194052,
          0.689262
        ],
        [
          0.015514,
          -0.996426,
          0.083037,
          1.679655
        ],
        [
          0.0,
          0.0,
          0.0,
          1.0
        ]
      ]
    },
    {
      "file_path": "/media/NFS/ttao/scannet/posed_images/scene0310_02/00083.jpg",
      "transform_matrix": [
        [
          0.214865,
          0.077125,
          0.973594,
          0.742939
        ],
        [
          -0.976505,
          0.000122,
          0.215498,
          0.693341
        ],
        [
          0.016502,
          -0.997021,
          0.075339,
          1.681647
        ],
        [
          0.0,
          0.0,
          0.0,
          1.0
        ]
      ]
    },
    {
      "file_path": "/media/NFS/ttao/scannet/posed_images/scene0310_02/00087.jpg",
      "transform_matrix": [
        [
          0.259216,
          0.069026,
          0.963349,
          0.749013
        ],
        [
          -0.965689,
          0.002146,
          0.259692,
          0.705089
        ],
        [
          0.015858,
          -0.997612,
          0.067214,
          1.672064
        ],
        [
          0.0,
          0.0,
          0.0,
          1.0
        ]
      ]
    },
    {
      "file_path": "/media/NFS/ttao/scannet/posed_images/scene0310_02/00095.jpg",
      "transform_matrix": [
        [
          0.36086,
          0.028975,
          0.93217,
          0.747916
        ],
        [
          -0.932234,
          -0.017561,
          0.361431,
          0.720744
        ],
        [
          0.026842,
          -0.999426,
          0.020674,
          1.663732
        ],
        [
          0.0,
          0.0,
          0.0,
          1.0
        ]
      ]
    },
    {
      "file_path": "/media/NFS/ttao/scannet/posed_images/scene0310_02/00098.jpg",
      "transform_matrix": [
        [
          0.399123,
          0.004046,
          0.916889,
          0.748096
        ],
        [
          -0.916335,
          -0.033258,
          0.399029,
          0.727666
        ],
        [
          0.032108,
          -0.999439,
          -0.009566,
          1.655705
        ],
        [
          0.0,
          0.0,
          0.0,
          1.0
        ]
      ]
    },
    {
      "file_path": "/media/NFS/ttao/scannet/posed_images/scene0310_02/00102.jpg",
      "transform_matrix": [
        [
          0.452358,
          -0.027448,
          0.891414,
          0.750139
        ],
        [
          -0.891285,
          -0.049064,
          0.450782,
          0.725134
        ],
        [
          0.031363,
          -0.998418,
          -0.046659,
          1.61727
        ],
        [
          0.0,
          0.0,
          0.0,
          1.0
        ]
      ]
    },
    {
      "file_path": "/media/NFS/ttao/scannet/posed_images/scene0310_02/00108.jpg",
      "transform_matrix": [
        [
          0.520194,
          -0.081766,
          0.850125,
          0.756348
        ],
        [
          -0.853494,
          -0.085628,
          0.51402,
          0.740075
        ],
        [
          0.030766,
          -0.992966,
          -0.11433,
          1.58925
        ],
        [
          0.0,
          0.0,
          0.0,
          1.0
        ]
      ]
    },
    {
      "file_path": "/media/NFS/ttao/scannet/posed_images/scene0310_02/00112.jpg",
      "transform_matrix": [
        [
          0.555301,
          -0.11536,
          0.82361,
          0.75167
        ],
        [
          -0.83126,
          -0.107317,
          0.545427,
          0.752237
        ],
        [
          0.025467,
          -0.98751,
          -0.155487,
          1.573923
        ],
        [
          0.0,
          0.0,
          0.0,
          1.0
        ]
      ]
    },
    {
      "file_path": "/media/NFS/ttao/scannet/posed_images/scene0310_02/00116.jpg",
      "transform_matrix": [
        [
          0.589325,
          -0.141012,
          0.795495,
          0.748116
        ],
        [
          -0.807544,
          -0.13188,
          0.574874,
          0.76191
        ],
        [
          0.023846,
          -0.981185,
          -0.191594,
          1.561295
        ],
        [
          0.0,
          0.0,
          0.0,
          1.0
        ]
      ]
    },
    {
      "file_path": "/media/NFS/ttao/scannet/posed_images/scene0310_02/00118.jpg",
      "transform_matrix": [
        [
          0.606532,
          -0.147788,
          0.781202,
          0.749499
        ],
        [
          -0.794779,
          -0.138774,
          0.59082,
          0.764509
        ],
        [
          0.021094,
          -0.979235,
          -0.201629,
          1.552274
        ],
        [
          0.0,
          0.0,
          0.0,
          1.0
        ]
      ]
    },
    {
      "file_path": "/media/NFS/ttao/scannet/posed_images/scene0310_02/00125.jpg",
      "transform_matrix": [
        [
          0.655329,
          -0.17173,
          0.735562,
          0.74298
        ],
        [
          -0.75533,
          -0.14318,
          0.639513,
          0.782158
        ],
        [
          -0.004506,
          -0.974684,
          -0.223543,
          1.545183
        ],
        [
          0.0,
          0.0,
          0.0,
          1.0
        ]
      ]
    },
    {
      "file_path": "/media/NFS/ttao/scannet/posed_images/scene0310_02/00127.jpg",
      "transform_matrix": [
        [
          0.671545,
          -0.17497,
          0.720009,
          0.744252
        ],
        [
          -0.740911,
          -0.146989,
          0.65532,
          0.791394
        ],
        [
          -0.008828,
          -0.97354,
          -0.228347,
          1.537097
        ],
        [
          0.0,
          0.0,
          0.0,
          1.0
        ]
      ]
    },
    {
      "file_path": "/media/NFS/ttao/scannet/posed_images/scene0310_02/00134.jpg",
      "transform_matrix": [
        [
          0.728826,
          -0.180441,
          0.660495,
          0.744326
        ],
        [
          -0.684679,
          -0.184765,
          0.705036,
          0.830939
        ],
        [
          -0.005181,
          -0.966076,
          -0.258205,
          1.5195
        ],
        [
          0.0,
          0.0,
          0.0,
          1.0
        ]
      ]
    },
    {
      "file_path": "/media/NFS/ttao/scannet/posed_images/scene0310_02/00135.jpg",
      "transform_matrix": [
        [
          0.736922,
          -0.180169,
          0.651525,
          0.746493
        ],
        [
          -0.675959,
          -0.189156,
          0.71225,
          0.836057
        ],
        [
          -0.005085,
          -0.965276,
          -0.261181,
          1.517666
        ],
        [
          0.0,
          0.0,
          0.0,
          1.0
        ]
      ]
    },
    {
      "file_path": "/media/NFS/ttao/scannet/posed_images/scene0310_02/00140.jpg",
      "transform_matrix": [
        [
          0.782277,
          -0.177596,
          0.597078,
          0.749555
        ],
        [
          -0.6229,
          -0.21342,
          0.752628,
          0.853267
        ],
        [
          -0.006236,
          -0.960683,
          -0.277578,
          1.50165
        ],
        [
          0.0,
          0.0,
          0.0,
          1.0
        ]
      ]
    },
    {
      "file_path": "/media/NFS/ttao/scannet/posed_images/scene0310_02/00147.jpg",
      "transform_matrix": [
        [
          0.826206,
          -0.186621,
          0.53156,
          0.742068
        ],
        [
          -0.563361,
          -0.269117,
          0.781153,
          0.863342
        ],
        [
          -0.002728,
          -0.944854,
          -0.327482,
          1.488373
        ],
        [
          0.0,
          0.0,
          0.0,
          1.0
        ]
      ]
    },
    {
      "file_path": "/media/NFS/ttao/scannet/posed_images/scene0310_02/00148.jpg",
      "transform_matrix": [
        [
          0.831905,
          -0.181416,
          0.524426,
          0.741605
        ],
        [
          -0.554917,
          -0.27429,
          0.785387,
          0.861386
        ],
        [
          0.001363,
          -0.94438,
          -0.328854,
          1.487312
        ],
        [
          0.0,
          0.0,
          0.0,
          1.0
        ]
      ]
    },
    {
      "file_path": "/media/NFS/ttao/scannet/posed_images/scene0310_02/00152.jpg",
      "transform_matrix": [
        [
          0.855237,
          -0.163102,
          0.491902,
          0.733308
        ],
        [
          -0.51805,
          -0.294549,
          0.803035,
          0.843919
        ],
        [
          0.013912,
          -0.941615,
          -0.336404,
          1.476076
        ],
        [
          0.0,
          0.0,
          0.0,
          1.0
        ]
      ]
    },
    {
      "file_path": "/media/NFS/ttao/scannet/posed_images/scene0310_02/00158.jpg",
      "transform_matrix": [
        [
          0.887352,
          -0.143641,
          0.438147,
          0.71948
        ],
        [
          -0.460351,
          -0.329827,
          0.824191,
          0.814637
        ],
        [
          0.026125,
          -0.93305,
          -0.358798,
          1.471081
        ],
        [
          0.0,
          0.0,
          0.0,
          1.0
        ]
      ]
    },
    {
      "file_path": "/media/NFS/ttao/scannet/posed_images/scene0310_02/00164.jpg",
      "transform_matrix": [
        [
          0.914954,
          -0.12824,
          0.38264,
          0.708757
        ],
        [
          -0.402436,
          -0.360592,
          0.841439,
          0.780509
        ],
        [
          0.030071,
          -0.923865,
          -0.381534,
          1.461295
        ],
        [
          0.0,
          0.0,
          0.0,
          1.0
        ]
      ]
    },
    {
      "file_path": "/media/NFS/ttao/scannet/posed_images/scene0310_02/00168.jpg",
      "transform_matrix": [
        [
          0.930486,
          -0.112729,
          0.348551,
          0.698846
        ],
        [
          -0.364611,
          -0.376997,
          0.85143,
          0.763325
        ],
        [
          0.035422,
          -0.919329,
          -0.391893,
          1.455109
        ],
        [
          0.0,
          0.0,
          0.0,
          1.0
        ]
      ]
    },
    {
      "file_path": "/media/NFS/ttao/scannet/posed_images/scene0310_02/00171.jpg",
      "transform_matrix": [
        [
          0.941507,
          -0.103865,
          0.320587,
          0.693723
        ],
        [
          -0.335353,
          -0.382496,
          0.86095,
          0.751022
        ],
        [
          0.033201,
          -0.918101,
          -0.394954,
          1.452595
        ],
        [
          0.0,
          0.0,
          0.0,
          1.0
        ]
      ]
    },
    {
      "file_path": "/media/NFS/ttao/scannet/posed_images/scene0310_02/00175.jpg",
      "transform_matrix": [
        [
          0.952475,
          -0.090565,
          0.290842,
          0.685846
        ],
        [
          -0.302538,
          -0.392598,
          0.868526,
          0.742287
        ],
        [
          0.035526,
          -0.91524,
          -0.401339,
          1.450211
        ],
        [
          0.0,
          0.0,
          0.0,
          1.0
        ]
      ]
    },
    {
      "file_path": "/media/NFS/ttao/scannet/posed_images/scene0310_02/00179.jpg",
      "transform_matrix": [
        [
          0.960393,
          -0.085664,
          0.265153,
          0.680604
        ],
        [
          -0.276937,
          -0.398728,
          0.874255,
          0.736148
        ],
        [
          0.030832,
          -0.913059,
          -0.40666,
          1.448003
        ],
        [
          0.0,
          0.0,
          0.0,
          1.0
        ]
      ]
    },
    {
      "file_path": "/media/NFS/ttao/scannet/posed_images/scene0310_02/00184.jpg",
      "transform_matrix": [
        [
          0.96826,
          -0.083776,
          0.235486,
          0.672856
        ],
        [
          -0.248951,
          -0.407146,
          0.878781,
          0.73027
        ],
        [
          0.022257,
          -0.909513,
          -0.41508,
          1.442221
        ],
        [
          0.0,
          0.0,
          0.0,
          1.0
        ]
      ]
    },
    {
      "file_path": "/media/NFS/ttao/scannet/posed_images/scene0310_02/00188.jpg",
      "transform_matrix": [
        [
          0.973785,
          -0.081119,
          0.212517,
          0.670217
        ],
        [
          -0.226833,
          -0.416289,
          0.880483,
          0.726224
        ],
        [
          0.017044,
          -0.905607,
          -0.423776,
          1.438991
        ],
        [
          0.0,
          0.0,
          0.0,
          1.0
        ]
      ]
    },
    {
      "file_path": "/media/NFS/ttao/scannet/posed_images/scene0310_02/00194.jpg",
      "transform_matrix": [
        [
          0.978005,
          -0.082588,
          0.191537,
          0.667125
        ],
        [
          -0.208335,
          -0.431627,
          0.877664,
          0.724557
        ],
        [
          0.010188,
          -0.898263,
          -0.43934,
          1.432478
        ],
        [
          0.0,
          0.0,
          0.0,
          1.0
        ]
      ]
    },
    {
      "file_path": "/media/NFS/ttao/scannet/posed_images/scene0310_02/00198.jpg",
      "transform_matrix": [
        [
          0.977963,
          -0.089608,
          0.18857,
          0.673275
        ],
        [
          -0.208741,
          -0.436707,
          0.875051,
          0.728539
        ],
        [
          0.003938,
          -0.89513,
          -0.445789,
          1.43117
        ],
        [
          0.0,
          0.0,
          0.0,
          1.0
        ]
      ]
    },
    {
      "file_path": "/media/NFS/ttao/scannet/posed_images/scene0310_02/00201.jpg",
      "transform_matrix": [
        [
          0.975442,
          -0.098878,
          0.196812,
          0.681282
        ],
        [
          -0.220254,
          -0.438597,
          0.871275,
          0.737738
        ],
        [
          0.000171,
          -0.893228,
          -0.449604,
          1.429436
        ],
        [
          0.0,
          0.0,
          0.0,
          1.0
        ]
      ]
    },
    {
      "file_path": "/media/NFS/ttao/scannet/posed_images/scene0310_02/00207.jpg",
      "transform_matrix": [
        [
          0.973572,
          -0.106415,
          0.20207,
          0.692738
        ],
        [
          -0.228334,
          -0.470954,
          0.852095,
          0.766154
        ],
        [
          0.004491,
          -0.875716,
          -0.482806,
          1.414379
        ],
        [
          0.0,
          0.0,
          0.0,
          1.0
        ]
      ]
    },
    {
      "file_path": "/media/NFS/ttao/scannet/posed_images/scene0310_02/00209.jpg",
      "transform_matrix": [
        [
          0.972684,
          -0.113379,
          0.202562,
          0.696461
        ],
        [
          -0.232133,
          -0.476484,
          0.847984,
          0.781518
        ],
        [
          0.000374,
          -0.871842,
          -0.489787,
          1.41241
        ],
        [
          0.0,
          0.0,
          0.0,
          1.0
        ]
      ]
    },
    {
      "file_path": "/media/NFS/ttao/scannet/posed_images/scene0310_02/00214.jpg",
      "transform_matrix": [
        [
          0.967008,
          -0.134389,
          0.216413,
          0.696324
        ],
        [
          -0.254543,
          -0.475933,
          0.841841,
          0.828488
        ],
        [
          -0.010136,
          -0.869153,
          -0.494439,
          1.405785
        ],
        [
          0.0,
          0.0,
          0.0,
          1.0
        ]
      ]
    },
    {
      "file_path": "/media/NFS/ttao/scannet/posed_images/scene0310_02/00221.jpg",
      "transform_matrix": [
        [
          0.954335,
          -0.162006,
          0.250997,
          0.730643
        ],
        [
          -0.297594,
          -0.442016,
          0.846204,
          0.898844
        ],
        [
          -0.026145,
          -0.882256,
          -0.470043,
          1.424588
        ],
        [
          0.0,
          0.0,
          0.0,
          1.0
        ]
      ]
    },
    {
      "file_path": "/media/NFS/ttao/scannet/posed_images/scene0310_02/00222.jpg",
      "transform_matrix": [
        [
          0.952719,
          -0.165678,
          0.254711,
          0.736666
        ],
        [
          -0.302525,
          -0.438916,
          0.846068,
          0.906656
        ],
        [
          -0.028379,
          -0.883121,
          -0.468286,
          1.427225
        ],
        [
          0.0,
          0.0,
          0.0,
          1.0
        ]
      ]
    },
    {
      "file_path": "/media/NFS/ttao/scannet/posed_images/scene0310_02/00228.jpg",
      "transform_matrix": [
        [
          0.947207,
          -0.176906,
          0.267399,
          0.779964
        ],
        [
          -0.318712,
          -0.428646,
          0.845391,
          0.945689
        ],
        [
          -0.034935,
          -0.885984,
          -0.462398,
          1.443461
        ],
        [
          0.0,
          0.0,
          0.0,
          1.0
        ]
      ]
    },
    {
      "file_path": "/media/NFS/ttao/scannet/posed_images/scene0310_02/00234.jpg",
      "transform_matrix": [
        [
          0.954589,
          -0.153065,
          0.2556,
          0.851914
        ],
        [
          -0.297383,
          -0.437772,
          0.848481,
          0.970854
        ],
        [
          -0.017978,
          -0.885961,
          -0.463411,
          1.455941
        ],
        [
          0.0,
          0.0,
          0.0,
          1.0
        ]
      ]
    },
    {
      "file_path": "/media/NFS/ttao/scannet/posed_images/scene0310_02/00235.jpg",
      "transform_matrix": [
        [
          0.958172,
          -0.143874,
          0.247398,
          0.863527
        ],
        [
          -0.285838,
          -0.438111,
          0.852265,
          0.972687
        ],
        [
          -0.014231,
          -0.887332,
          -0.460911,
          1.457297
        ],
        [
          0.0,
          0.0,
          0.0,
          1.0
        ]
      ]
    },
    {
      "file_path": "/media/NFS/ttao/scannet/posed_images/scene0310_02/00243.jpg",
      "transform_matrix": [
        [
          0.990339,
          -0.048326,
          0.129974,
          0.964523
        ],
        [
          -0.137857,
          -0.444294,
          0.885211,
          0.971853
        ],
        [
          0.014968,
          -0.894577,
          -0.446663,
          1.469763
        ],
        [
          0.0,
          0.0,
          0.0,
          1.0
        ]
      ]
    },
    {
      "file_path": "/media/NFS/ttao/scannet/posed_images/scene0310_02/00247.jpg",
      "transform_matrix": [
        [
          0.997148,
          -0.011501,
          0.074595,
          1.008168
        ],
        [
          -0.071705,
          -0.452852,
          0.888698,
          0.970001
        ],
        [
          0.023559,
          -0.891511,
          -0.452385,
          1.474805
        ],
        [
          0.0,
          0.0,
          0.0,
          1.0
        ]
      ]
    },
    {
      "file_path": "/media/NFS/ttao/scannet/posed_images/scene0310_02/00252.jpg",
      "transform_matrix": [
        [
          0.999643,
          0.025581,
          0.007766,
          1.051114
        ],
        [
          0.005166,
          -0.469848,
          0.882732,
          0.975644
        ],
        [
          0.02623,
          -0.882377,
          -0.469812,
          1.476515
        ],
        [
          0.0,
          0.0,
          0.0,
          1.0
        ]
      ]
    },
    {
      "file_path": "/media/NFS/ttao/scannet/posed_images/scene0310_02/00256.jpg",
      "transform_matrix": [
        [
          0.997589,
          0.05876,
          -0.036931,
          1.084203
        ],
        [
          0.060523,
          -0.476145,
          0.877282,
          0.986961
        ],
        [
          0.033965,
          -0.877402,
          -0.478553,
          1.471828
        ],
        [
          0.0,
          0.0,
          0.0,
          1.0
        ]
      ]
    },
    {
      "file_path": "/media/NFS/ttao/scannet/posed_images/scene0310_02/00257.jpg",
      "transform_matrix": [
        [
          0.996712,
          0.064981,
          -0.048396,
          1.092751
        ],
        [
          0.073587,
          -0.476061,
          0.876328,
          0.991334
        ],
        [
          0.033905,
          -0.877008,
          -0.479277,
          1.47104
        ],
        [
          0.0,
          0.0,
          0.0,
          1.0
        ]
      ]
    },
    {
      "file_path": "/media/NFS/ttao/scannet/posed_images/scene0310_02/00263.jpg",
      "transform_matrix": [
        [
          0.988208,
          0.087477,
          -0.12567,
          1.143307
        ],
        [
          0.152057,
          -0.464193,
          0.872585,
          1.025017
        ],
        [
          0.017996,
          -0.881404,
          -0.472021,
          1.46647
        ],
        [
          0.0,
          0.0,
          0.0,
          1.0
        ]
      ]
    },
    {
      "file_path": "/media/NFS/ttao/scannet/posed_images/scene0310_02/00267.jpg",
      "transform_matrix": [
        [
          0.97635,
          0.133406,
          -0.170129,
          1.172961
        ],
        [
          0.212946,
          -0.457467,
          0.863353,
          1.052514
        ],
        [
          0.037348,
          -0.879163,
          -0.475055,
          1.463632
        ],
        [
          0.0,
          0.0,
          0.0,
          1.0
        ]
      ]
    },
    {
      "file_path": "/media/NFS/ttao/scannet/posed_images/scene0310_02/00270.jpg",
      "transform_matrix": [
        [
          0.966069,
          0.157213,
          -0.204926,
          1.193014
        ],
        [
          0.254911,
          -0.452545,
          0.854531,
          1.069853
        ],
        [
          0.041605,
          -0.877774,
          -0.477265,
          1.471514
        ],
        [
          0.0,
          0.0,
          0.0,
          1.0
        ]
      ]
    },
    {
      "file_path": "/media/NFS/ttao/scannet/posed_images/scene0310_02/00277.jpg",
      "transform_matrix": [
        [
          0.932629,
          0.206292,
          -0.296053,
          1.242847
        ],
        [
          0.356921,
          -0.406851,
          0.840881,
          1.090501
        ],
        [
          0.053018,
          -0.889897,
          -0.453071,
          1.483927
        ],
        [
          0.0,
          0.0,
          0.0,
          1.0
        ]
      ]
    },
    {
      "file_path": "/media/NFS/ttao/scannet/posed_images/scene0310_02/00282.jpg",
      "transform_matrix": [
        [
          0.906568,
          0.222742,
          -0.358499,
          1.282227
        ],
        [
          0.41922,
          -0.376833,
          0.825985,
          1.092834
        ],
        [
          0.048888,
          -0.899101,
          -0.435003,
          1.490582
        ],
        [
          0.0,
          0.0,
          0.0,
          1.0
        ]
      ]
    },
    {
      "file_path": "/media/NFS/ttao/scannet/posed_images/scene0310_02/00284.jpg",
      "transform_matrix": [
        [
          0.897098,
          0.226767,
          -0.379199,
          1.301234
        ],
        [
          0.439657,
          -0.373102,
          0.817005,
          1.092685
        ],
        [
          0.04379,
          -0.899651,
          -0.434408,
          1.492052
        ],
        [
          0.0,
          0.0,
          0.0,
          1.0
        ]
      ]
    },
    {
      "file_path": "/media/NFS/ttao/scannet/posed_images/scene0310_02/00291.jpg",
      "transform_matrix": [
        [
          0.848043,
          0.264929,
          -0.458951,
          1.386494
        ],
        [
          0.527731,
          -0.343435,
          0.776887,
          1.072808
        ],
        [
          0.0482,
          -0.901036,
          -0.431059,
          1.494884
        ],
        [
          0.0,
          0.0,
          0.0,
          1.0
        ]
      ]
    },
    {
      "file_path": "/media/NFS/ttao/scannet/posed_images/scene0310_02/00293.jpg",
      "transform_matrix": [
        [
          0.833714,
          0.274419,
          -0.479182,
          1.415025
        ],
        [
          0.55,
          -0.335341,
          0.764883,
          1.064153
        ],
        [
          0.049209,
          -0.901244,
          -0.430509,
          1.496679
        ],
        [
          0.0,
          0.0,
          0.0,
          1.0
        ]
      ]
    },
    {
      "file_path": "/media/NFS/ttao/scannet/posed_images/scene0310_02/00299.jpg",
      "transform_matrix": [
        [
          0.792589,
          0.301658,
          -0.52991,
          1.4967
        ],
        [
          0.607603,
          -0.317753,
          0.72791,
          1.041677
        ],
        [
          0.051199,
          -0.898908,
          -0.435136,
          1.499807
        ],
        [
          0.0,
          0.0,
          0.0,
          1.0
        ]
      ]
    },
    {
      "file_path": "/media/NFS/ttao/scannet/posed_images/scene0310_02/00305.jpg",
      "transform_matrix": [
        [
          0.753748,
          0.322128,
          -0.572798,
          1.56216
        ],
        [
          0.654886,
          -0.295682,
          0.695483,
          1.03097
        ],
        [
          0.054669,
          -0.899336,
          -0.433827,
          1.498285
        ],
        [
          0.0,
          0.0,
          0.0,
          1.0
        ]
      ]
    },
    {
      "file_path": "/media/NFS/ttao/scannet/posed_images/scene0310_02/00306.jpg",
      "transform_matrix": [
        [
          0.749347,
          0.324023,
          -0.577484,
          1.57112
        ],
        [
          0.659932,
          -0.293674,
          0.691553,
          1.031927
        ],
        [
          0.054487,
          -0.899313,
          -0.433897,
          1.498615
        ],
        [
          0.0,
          0.0,
          0.0,
          1.0
        ]
      ]
    },
    {
      "file_path": "/media/NFS/ttao/scannet/posed_images/scene0310_02/00311.jpg",
      "transform_matrix": [
        [
          0.726379,
          0.325828,
          -0.605153,
          1.608929
        ],
        [
          0.685482,
          -0.279543,
          0.672287,
          1.045311
        ],
        [
          0.049884,
          -0.903157,
          -0.426403,
          1.496296
        ],
        [
          0.0,
          0.0,
          0.0,
          1.0
        ]
      ]
    },
    {
      "file_path": "/media/NFS/ttao/scannet/posed_images/scene0310_02/00314.jpg",
      "transform_matrix": [
        [
          0.717176,
          0.32641,
          -0.615723,
          1.629354
        ],
        [
          0.695296,
          -0.275371,
          0.663879,
          1.061913
        ],
        [
          0.047144,
          -0.904227,
          -0.424441,
          1.489451
        ],
        [
          0.0,
          0.0,
          0.0,
          1.0
        ]
      ]
    },
    {
      "file_path": "/media/NFS/ttao/scannet/posed_images/scene0310_02/00322.jpg",
      "transform_matrix": [
        [
          0.683105,
          0.370777,
          -0.6292,
          1.670936
        ],
        [
          0.727129,
          -0.264836,
          0.633361,
          1.119101
        ],
        [
          0.068201,
          -0.890161,
          -0.450513,
          1.470497
        ],
        [
          0.0,
          0.0,
          0.0,
          1.0
        ]
      ]
    },
    {
      "file_path": "/media/NFS/ttao/scannet/posed_images/scene0310_02/00323.jpg",
      "transform_matrix": [
        [
          0.677455,
          0.374922,
          -0.632842,
          1.675173
        ],
        [
          0.732132,
          -0.260666,
          0.629315,
          1.126169
        ],
        [
          0.070983,
          -0.889656,
          -0.451081,
          1.470355
        ],
        [
          0.0,
          0.0,
          0.0,
          1.0
        ]
      ]
    },
    {
      "file_path": "/media/NFS/ttao/scannet/posed_images/scene0310_02/00327.jpg",
      "transform_matrix": [
        [
          0.648419,
          0.392861,
          -0.652083,
          1.694821
        ],
        [
          0.757995,
          -0.253649,
          0.600921,
          1.150968
        ],
        [
          0.070679,
          -0.883924,
          -0.462258,
          1.464622
        ],
        [
          0.0,
          0.0,
          0.0,
          1.0
        ]
      ]
    },
    {
      "file_path": "/media/NFS/ttao/scannet/posed_images/scene0310_02/00335.jpg",
      "transform_matrix": [
        [
          0.590622,
          0.394918,
          -0.703708,
          1.737083
        ],
        [
          0.80551,
          -0.236484,
          0.54335,
          1.193838
        ],
        [
          0.048163,
          -0.887758,
          -0.457783,
          1.469526
        ],
        [
          0.0,
          0.0,
          0.0,
          1.0
        ]
      ]
    },
    {
      "file_path": "/media/NFS/ttao/scannet/posed_images/scene0310_02/00336.jpg",
      "transform_matrix": [
        [
          0.582702,
          0.394506,
          -0.710509,
          1.740378
        ],
        [
          0.811393,
          -0.233126,
          0.535997,
          1.195236
        ],
        [
          0.045816,
          -0.888829,
          -0.455943,
          1.471652
        ],
        [
          0.0,
          0.0,
