{
  "frames": [
    {
      "file_path": "/media/NFS/ttao/scannet/posed_images/scene0457_00/00000.jpg",
      "transform_matrix": [
        [
          -0.738738,
          -0.208706,
          0.640866,
          0.936295
        ],
        [
          -0.673983,
          0.234054,
          -0.70069,
          2.060598
        ],
        [
          -0.003759,
          -0.949558,
          -0.313569,
          1.428079
        ],
        [
          0.0,
          0.0,
          0.0,
          1.0
        ]
      ]
    },
    {
      "file_path": "/media/NFS/ttao/scannet/posed_images/scene0457_00/00013.jpg",
      "transform_matrix": [
        [
          -0.743772,
          -0.191743,
          0.640342,
          0.923356
        ],
        [
          -0.668234,
          0.236687,
          -0.705296,
          2.052611
        ],
        [
          -0.016325,
          -0.952478,
          -0.304171,
          1.412122
        ],
        [
          0.0,
          0.0,
          0.0,
          1.0
        ]
      ]
    },
    {
      "file_path": "/media/NFS/ttao/scannet/posed_images/scene0457_00/00015.jpg",
      "transform_matrix": [
        [
          -0.743898,
          -0.188808,
          0.641068,
          0.924492
        ],
        [
          -0.668037,
          0.23665,
          -0.705495,
          2.052351
        ],
        [
          -0.018506,
          -0.953073,
          -0.302174,
          1.414572
        ],
        [
          0.0,
          0.0,
          0.0,
          1.0
        ]
      ]
    },
    {
      "file_path": "/media/NFS/ttao/scannet/posed_images/scene0457_00/00025.jpg",
      "transform_matrix": [
        [
          -0.739829,
          -0.194039,
          0.644206,
          0.918501
        ],
        [
          -0.6726,
          0.236388,
          -0.701235,
          2.043311
        ],
        [
          -0.016215,
          -0.952087,
          -0.305397,
          1.417397
        ],
        [
          0.0,
          0.0,
          0.0,
          1.0
        ]
      ]
    },
    {
      "file_path": "/media/NFS/ttao/scannet/posed_images/scene0457_00/00033.jpg",
      "transform_matrix": [
        [
          -0.751091,
          -0.231852,
          0.618149,
          0.90626
        ],
        [
          -0.659997,
          0.286842,
          -0.694352,
          2.037879
        ],
        [
          -0.016324,
          -0.929498,
          -0.368466,
          1.366866
        ],
        [
          0.0,
          0.0,
          0.0,
          1.0
        ]
      ]
    },
    {
      "file_path": "/media/NFS/ttao/scannet/posed_images/scene0457_00/00041.jpg",
      "transform_matrix": [
        [
          -0.790986,
          -0.281379,
          0.543292,
          0.901405
        ],
        [
          -0.611374,
          0.397895,
          -0.684033,
          2.048499
        ],
        [
          -0.023701,
          -0.873216,
          -0.486757,
          1.316967
        ],
        [
          0.0,
          0.0,
          0.0,
          1.0
        ]
      ]
    },
    {
      "file_path": "/media/NFS/ttao/scannet/posed_images/scene0457_00/00056.jpg",
      "transform_matrix": [
        [
          -0.89541,
          -0.235973,
          0.377567,
          0.994823
        ],
        [
          -0.44504,
          0.499867,
          -0.743016,
          2.157788
        ],
        [
          -0.013401,
          -0.833337,
          -0.552604,
          1.292342
        ],
        [
          0.0,
          0.0,
          0.0,
          1.0
        ]
      ]
    },
    {
      "file_path": "/media/NFS/ttao/scannet/posed_images/scene0457_00/00064.jpg",
      "transform_matrix": [
        [
          -0.913916,
          -0.220666,
          0.340682,
          1.029967
        ],
        [
          -0.405743,
          0.472991,
          -0.782082,
          2.170784
        ],
        [
          0.011439,
          -0.852987,
          -0.521808,
          1.323537
        ],
        [
          0.0,
          0.0,
          0.0,
          1.0
        ]
      ]
    },
    {
      "file_path": "/media/NFS/ttao/scannet/posed_images/scene0457_00/00071.jpg",
      "transform_matrix": [
        [
          -0.924084,
          -0.167008,
          0.343769,
          1.027479
        ],
        [
          -0.382148,
          0.41702,
          -0.824656,
          2.139876
        ],
        [
          -0.005634,
          -0.893422,
          -0.449183,
          1.365779
        ],
        [
          0.0,
          0.0,
          0.0,
          1.0
        ]
      ]
    },
    {
      "file_path": "/media/NFS/ttao/scannet/posed_images/scene0457_00/00081.jpg",
      "transform_matrix": [
        [
          -0.938995,
          -0.11831,
          0.32294,
          1.01157
        ],
        [
          -0.343755,
          0.352719,
          -0.8703,
          2.111573
        ],
        [
          -0.010942,
          -0.92822,
          -0.371871,
          1.40719
        ],
        [
          0.0,
          0.0,
          0.0,
          1.0
        ]
      ]
    },
    {
      "file_path": "/media/NFS/ttao/scannet/posed_images/scene0457_00/00089.jpg",
      "transform_matrix": [
        [
          -0.961326,
          -0.074658,
          0.2651,
          1.056804
        ],
        [
          -0.275091,
          0.306806,
          -0.91115,
          2.111525
        ],
        [
          -0.013309,
          -0.948839,
          -0.315479,
          1.432002
        ],
        [
          0.0,
          0.0,
          0.0,
          1.0
        ]
      ]
    },
    {
      "file_path": "/media/NFS/ttao/scannet/posed_images/scene0457_00/00092.jpg",
      "transform_matrix": [
        [
          -0.971803,
          -0.058974,
          0.2283,
          1.099176
        ],
        [
          -0.235366,
          0.300958,
          -0.924136,
          2.125978
        ],
        [
          -0.014208,
          -0.951812,
          -0.306353,
          1.436746
        ],
        [
          0.0,
          0.0,
          0.0,
          1.0
        ]
      ]
    },
    {
      "file_path": "/media/NFS/ttao/scannet/posed_images/scene0457_00/00099.jpg",
      "transform_matrix": [
        [
          -0.988026,
          -0.020415,
          0.152928,
          1.189379
        ],
        [
          -0.151857,
          0.303816,
          -0.940551,
          2.159691
        ],
        [
          -0.02726,
          -0.952512,
          -0.303278,
          1.448951
        ],
        [
          0.0,
          0.0,
          0.0,
          1.0
        ]
      ]
    },
    {
      "file_path": "/media/NFS/ttao/scannet/posed_images/scene0457_00/00109.jpg",
      "transform_matrix": [
        [
          -0.997076,
          -0.01348,
          0.075214,
          1.262213
        ],
        [
          -0.07538,
          0.334744,
          -0.939289,
          2.198516
        ],
        [
          -0.012515,
          -0.942213,
          -0.334782,
          1.421743
        ],
        [
          0.0,
          0.0,
          0.0,
          1.0
        ]
      ]
    },
    {
      "file_path": "/media/NFS/ttao/scannet/posed_images/scene0457_00/00120.jpg",
      "transform_matrix": [
        [
          -0.999884,
          0.015144,
          0.00178,
          1.280833
        ],
        [
          0.003604,
          0.348138,
          -0.937436,
          2.256095
        ],
        [
          -0.014817,
          -0.937321,
          -0.348152,
          1.415406
        ],
        [
          0.0,
          0.0,
          0.0,
          1.0
        ]
      ]
    },
    {
      "file_path": "/media/NFS/ttao/scannet/posed_images/scene0457_00/00132.jpg",
      "transform_matrix": [
        [
          -0.995404,
          0.069669,
          0.065705,
          1.309887
        ],
        [
          -0.040731,
          0.312957,
          -0.948893,
          2.334225
        ],
        [
          -0.086672,
          -0.947209,
          -0.308681,
          1.453218
        ],
        [
          0.0,
          0.0,
          0.0,
          1.0
        ]
      ]
    },
    {
      "file_path": "/media/NFS/ttao/scannet/posed_images/scene0457_00/00137.jpg",
      "transform_matrix": [
        [
          -0.996519,
          0.078514,
          0.028034,
          1.343161
        ],
        [
          -0.002765,
          0.304964,
          -0.95236,
          2.335129
        ],
        [
          -0.083323,
          -0.949122,
          -0.303685,
          1.443034
        ],
        [
          0.0,
          0.0,
          0.0,
          1.0
        ]
      ]
    },
    {
      "file_path": "/media/NFS/ttao/scannet/posed_images/scene0457_00/00145.jpg",
      "transform_matrix": [
        [
          -0.996768,
          0.041196,
          -0.068967,
          1.456466
        ],
        [
          0.078847,
          0.337293,
          -0.938092,
          2.321422
        ],
        [
          -0.015384,
          -0.940498,
          -0.339451,
          1.376385
        ],
        [
          0.0,
          0.0,
          0.0,
          1.0
        ]
      ]
    },
    {
      "file_path": "/media/NFS/ttao/scannet/posed_images/scene0457_00/00150.jpg",
      "transform_matrix": [
        [
          -0.991746,
          0.033637,
          -0.123729,
          1.538945
        ],
        [
          0.12714,
          0.382965,
          -0.914972,
          2.303112
        ],
        [
          0.016607,
          -0.92315,
          -0.38408,
          1.349381
        ],
        [
          0.0,
          0.0,
          0.0,
          1.0
        ]
      ]
    },
    {
      "file_path": "/media/NFS/ttao/scannet/posed_images/scene0457_00/00165.jpg",
      "transform_matrix": [
        [
          -0.984767,
          0.021417,
          -0.172554,
          1.658586
        ],
        [
          0.160391,
          0.495102,
          -0.853902,
          2.264315
        ],
        [
          0.067144,
          -0.868571,
          -0.490995,
          1.286079
        ],
        [
          0.0,
          0.0,
          0.0,
          1.0
        ]
      ]
    },
    {
      "file_path": "/media/NFS/ttao/scannet/posed_images/scene0457_00/00170.jpg",
      "transform_matrix": [
        [
          -0.978886,
          0.036625,
          -0.201098,
          1.654934
        ],
        [
          0.192007,
          0.50219,
          -0.843172,
          2.260074
        ],
        [
          0.070108,
          -0.863982,
          -0.498619,
          1.302992
        ],
        [
          0.0,
          0.0,
          0.0,
          1.0
        ]
      ]
    },
    {
      "file_path": "/media/NFS/ttao/scannet/posed_images/scene0457_00/00183.jpg",
      "transform_matrix": [
        [
          -0.96172,
          0.114272,
          -0.24907,
          1.555883
        ],
        [
          0.273899,
          0.429324,
          -0.860616,
          2.31472
        ],
        [
          0.008587,
          -0.895892,
          -0.444189,
          1.382131
        ],
        [
          0.0,
          0.0,
          0.0,
          1.0
        ]
      ]
    },
    {
      "file_path": "/media/NFS/ttao/scannet/posed_images/scene0457_00/00191.jpg",
      "transform_matrix": [
        [
          -0.961126,
          0.116472,
          -0.250341,
          1.511544
        ],
        [
          0.275717,
          0.356569,
          -0.892658,
          2.391891
        ],
        [
          -0.014706,
          -0.926981,
          -0.374821,
          1.416526
        ],
        [
          0.0,
          0.0,
          0.0,
          1.0
        ]
      ]
    },
    {
      "file_path": "/media/NFS/ttao/scannet/posed_images/scene0457_00/00196.jpg",
      "transform_matrix": [
        [
          -0.962977,
          0.109257,
          -0.246451,
          1.490683
        ],
        [
          0.269312,
          0.348881,
          -0.897637,
          2.435287
        ],
        [
          -0.012091,
          -0.930777,
          -0.365389,
          1.411366
        ],
        [
          0.0,
          0.0,
          0.0,
          1.0
        ]
      ]
    },
    {
      "file_path": "/media/NFS/ttao/scannet/posed_images/scene0457_00/00201.jpg",
      "transform_matrix": [
        [
          -0.960162,
          0.11915,
          -0.252768,
          1.492673
        ],
        [
          0.278816,
          0.34792,
          -0.895105,
          2.4627
        ],
        [
          -0.018709,
          -0.929922,
          -0.367281,
          1.399597
        ],
        [
          0.0,
          0.0,
          0.0,
          1.0
        ]
      ]
    },
    {
      "file_path": "/media/NFS/ttao/scannet/posed_images/scene0457_00/00216.jpg",
      "transform_matrix": [
        [
          -0.926961,
          0.133309,
          -0.350673,
          1.484243
        ],
        [
          0.3751,
          0.313127,
          -0.872497,
          2.501557
        ],
        [
          -0.006507,
          -0.940309,
          -0.340261,
          1.457328
        ],
        [
          0.0,
          0.0,
          0.0,
          1.0
        ]
      ]
    },
    {
      "file_path": "/media/NFS/ttao/scannet/posed_images/scene0457_00/00219.jpg",
      "transform_matrix": [
        [
          -0.917136,
          0.140906,
          -0.372836,
          1.502278
        ],
        [
          0.398254,
          0.286527,
          -0.871376,
          2.509656
        ],
        [
          -0.015954,
          -0.947654,
          -0.318901,
          1.470457
        ],
        [
          0.0,
          0.0,
          0.0,
          1.0
        ]
      ]
    },
    {
      "file_path": "/media/NFS/ttao/scannet/posed_images/scene0457_00/00229.jpg",
      "transform_matrix": [
        [
          -0.900413,
          0.107997,
          -0.421418,
          1.580523
        ],
        [
          0.434397,
          0.170729,
          -0.884393,
          2.542159
        ],
        [
          -0.023563,
          -0.979382,
          -0.200641,
          1.515737
        ],
        [
          0.0,
          0.0,
          0.0,
          1.0
        ]
      ]
    },
    {
      "file_path": "/media/NFS/ttao/scannet/posed_images/scene0457_00/00236.jpg",
      "transform_matrix": [
        [
          -0.897019,
          0.09142,
          -0.432435,
          1.594093
        ],
        [
          0.441601,
          0.144222,
          -0.885544,
          2.567492
        ],
        [
          -0.01859,
          -0.985313,
          -0.169741,
          1.541386
        ],
        [
          0.0,
          0.0,
          0.0,
          1.0
        ]
      ]
    },
    {
      "file_path": "/media/NFS/ttao/scannet/posed_images/scene0457_00/00244.jpg",
      "transform_matrix": [
        [
          -0.900309,
          0.042248,
          -0.433197,
          1.582665
        ],
        [
          0.435249,
          0.090855,
          -0.895714,
          2.598005
        ],
        [
          0.001516,
          -0.994968,
          -0.100186,
          1.55667
        ],
        [
          0.0,
          0.0,
          0.0,
          1.0
        ]
      ]
    },
    {
      "file_path": "/media/NFS/ttao/scannet/posed_images/scene0457_00/00257.jpg",
      "transform_matrix": [
        [
          -0.883152,
          -0.017195,
          -0.468771,
          1.573164
        ],
        [
          0.468478,
          0.018566,
          -0.88328,
          2.624426
        ],
        [
          0.023891,
          -0.99968,
          -0.008341,
          1.583574
        ],
        [
          0.0,
          0.0,
          0.0,
          1.0
        ]
      ]
    },
    {
      "file_path": "/media/NFS/ttao/scannet/posed_images/scene0457_00/00262.jpg",
      "transform_matrix": [
        [
          -0.873554,
          0.007007,
          -0.486677,
          1.555844
        ],
        [
          0.48665,
          0.030378,
          -0.873069,
          2.629942
        ],
        [
          0.008666,
          -0.999514,
          -0.029946,
          1.55978
        ],
        [
          0.0,
          0.0,
          0.0,
          1.0
        ]
      ]
    },
    {
      "file_path": "/media/NFS/ttao/scannet/posed_images/scene0457_00/00270.jpg",
      "transform_matrix": [
        [
          -0.842929,
          0.092998,
          -0.529926,
          1.508121
        ],
        [
          0.537387,
          0.09761,
          -0.837668,
          2.63607
        ],
        [
          -0.026175,
          -0.99087,
          -0.132254,
          1.503574
        ],
        [
          0.0,
          0.0,
          0.0,
          1.0
        ]
      ]
    },
    {
      "file_path": "/media/NFS/ttao/scannet/posed_images/scene0457_00/00280.jpg",
      "transform_matrix": [
        [
          -0.80122,
          0.174426,
          -0.572383,
          1.500088
        ],
        [
          0.598049,
          0.202088,
          -0.775563,
          2.6158
        ],
        [
          -0.019607,
          -0.96371,
          -0.266233,
          1.461679
        ],
        [
          0.0,
          0.0,
          0.0,
          1.0
        ]
      ]
    },
    {
      "file_path": "/media/NFS/ttao/scannet/posed_images/scene0457_00/00292.jpg",
      "transform_matrix": [
        [
          -0.795293,
          0.258938,
          -0.548142,
          1.531178
        ],
        [
          0.605926,
          0.311142,
          -0.73215,
          2.590778
        ],
        [
          -0.019031,
          -0.914408,
          -0.404346,
          1.385983
        ],
        [
          0.0,
          0.0,
          0.0,
          1.0
        ]
      ]
    },
    {
      "file_path": "/media/NFS/ttao/scannet/posed_images/scene0457_00/00300.jpg",
      "transform_matrix": [
        [
          -0.783086,
          0.345406,
          -0.517176,
          1.546427
        ],
        [
          0.618964,
          0.351965,
          -0.702143,
          2.58558
        ],
        [
          -0.060497,
          -0.869951,
          -0.489413,
          1.341037
        ],
        [
          0.0,
          0.0,
          0.0,
          1.0
        ]
      ]
    },
    {
      "file_path": "/media/NFS/ttao/scannet/posed_images/scene0457_00/00310.jpg",
      "transform_matrix": [
        [
          -0.747709,
          0.373985,
          -0.548694,
          1.531351
        ],
        [
          0.663051,
          0.375742,
          -0.647442,
          2.598088
        ],
        [
          -0.035966,
          -0.847911,
          -0.528917,
          1.308458
        ],
        [
          0.0,
          0.0,
          0.0,
          1.0
        ]
      ]
    },
    {
      "file_path": "/media/NFS/ttao/scannet/posed_images/scene0457_00/00315.jpg",
      "transform_matrix": [
        [
          -0.736735,
          0.361543,
          -0.571408,
          1.506124
        ],
        [
          0.675374,
          0.352173,
          -0.647954,
          2.596317
        ],
        [
          -0.033029,
          -0.863285,
          -0.503635,
          1.325769
        ],
        [
          0.0,
          0.0,
          0.0,
          1.0
        ]
      ]
    },
    {
      "file_path": "/media/NFS/ttao/scannet/posed_images/scene0457_00/00323.jpg",
      "transform_matrix": [
        [
          -0.723278,
          0.369204,
          -0.583574,
          1.48485
        ],
        [
          0.689844,
          0.347892,
          -0.634891,
          2.596738
        ],
        [
          -0.031384,
          -0.861777,
          -0.506315,
          1.334642
        ],
        [
          0.0,
          0.0,
          0.0,
          1.0
        ]
      ]
    },
    {
      "file_path": "/media/NFS/ttao/scannet/posed_images/scene0457_00/00336.jpg",
      "transform_matrix": [
        [
          -0.59277,
          0.372572,
          -0.714012,
          1.563235
        ],
        [
          0.805274,
          0.287968,
          -0.518274,
          2.6088
        ],
        [
          0.012519,
          -0.882193,
          -0.470722,
          1.355156
        ],
        [
          0.0,
          0.0,
          0.0,
          1.0
        ]
      ]
    },
    {
      "file_path": "/media/NFS/ttao/scannet/posed_images/scene0457_00/00338.jpg",
      "transform_matrix": [
        [
          -0.584749,
          0.372037,
          -0.720872,
          1.588514
        ],
        [
          0.811149,
          0.279421,
          -0.513772,
          2.611911
        ],
        [
          0.010285,
          -0.885162,
          -0.465168,
          1.355799
        ],
        [
          0.0,
          0.0,
          0.0,
          1.0
        ]
      ]
    },
    {
      "file_path": "/media/NFS/ttao/scannet/posed_images/scene0457_00/00346.jpg",
      "transform_matrix": [
        [
          -0.560562,
          0.371117,
          -0.740299,
          1.679458
        ],
        [
          0.827524,
          0.284734,
          -0.483871,
          2.628752
        ],
        [
          0.031216,
          -0.883854,
          -0.466719,
          1.342513
        ],
        [
          0.0,
          0.0,
          0.0,
          1.0
        ]
      ]
    },
    {
      "file_path": "/media/NFS/ttao/scannet/posed_images/scene0457_00/00353.jpg",
      "transform_matrix": [
        [
          -0.566731,
          0.381885,
          -0.730055,
          1.739809
        ],
        [
          0.82376,
          0.279147,
          -0.493454,
          2.661793
        ],
        [
          0.01535,
          -0.881045,
          -0.472783,
          1.337873
        ],
        [
          0.0,
          0.0,
          0.0,
          1.0
        ]
      ]
    },
    {
      "file_path": "/media/NFS/ttao/scannet/posed_images/scene0457_00/00369.jpg",
      "transform_matrix": [
        [
          -0.587536,
          0.394114,
          -0.706736,
          1.871827
        ],
        [
          0.809198,
          0.285738,
          -0.513374,
          2.810259
        ],
        [
          -0.000386,
          -0.873515,
          -0.486797,
          1.317914
        ],
        [
          0.0,
          0.0,
          0.0,
          1.0
        ]
      ]
    },
    {
      "file_path": "/media/NFS/ttao/scannet/posed_images/scene0457_00/00371.jpg",
      "transform_matrix": [
        [
          -0.593871,
          0.380154,
          -0.709085,
          1.887008
        ],
        [
          0.804547,
          0.285725,
          -0.520639,
          2.81791
        ],
        [
          0.004681,
          -0.879684,
          -0.475535,
          1.328117
        ],
        [
          0.0,
          0.0,
          0.0,
          1.0
        ]
      ]
    },
    {
      "file_path": "/media/NFS/ttao/scannet/posed_images/scene0457_00/00387.jpg",
      "transform_matrix": [
        [
          -0.517518,
          0.341554,
          -0.784548,
          1.888531
        ],
        [
          0.855303,
          0.179577,
          -0.486013,
          2.837925
        ],
        [
          -0.025113,
          -0.922547,
          -0.385067,
          1.415761
        ],
        [
          0.0,
          0.0,
          0.0,
          1.0
        ]
      ]
    },
    {
      "file_path": "/media/NFS/ttao/scannet/posed_images/scene0457_00/00389.jpg",
      "transform_matrix": [
        [
          -0.50787,
          0.343037,
          -0.790186,
          1.907246
        ],
        [
          0.860888,
          0.169463,
          -0.479745,
          2.833881
        ],
        [
          -0.030663,
          -0.923909,
          -0.381382,
          1.416406
        ],
        [
          0.0,
          0.0,
          0.0,
          1.0
        ]
      ]
    },
    {
      "file_path": "/media/NFS/ttao/scannet/posed_images/scene0457_00/00399.jpg",
      "transform_matrix": [
        [
          -0.416001,
          0.349914,
          -0.839347,
          2.037279
        ],
        [
          0.909342,
          0.166521,
          -0.381272,
          2.820329
        ],
        [
          0.006356,
          -0.921863,
          -0.387464,
          1.371994
        ],
        [
          0.0,
          0.0,
          0.0,
          1.0
        ]
      ]
    },
    {
      "file_path": "/media/NFS/ttao/scannet/posed_images/scene0457_00/00412.jpg",
      "transform_matrix": [
        [
          -0.361089,
          0.368059,
          -0.856824,
          2.228087
        ],
        [
          0.93252,
          0.138021,
          -0.333701,
          2.779673
        ],
        [
          -0.004561,
          -0.919502,
          -0.39306,
          1.369912
        ],
        [
          0.0,
          0.0,
          0.0,
          1.0
        ]
      ]
    },
    {
      "file_path": "/media/NFS/ttao/scannet/posed_images/scene0457_00/00420.jpg",
      "transform_matrix": [
        [
          -0.332455,
          0.337113,
          -0.880812,
          2.261355
        ],
        [
          0.942772,
          0.093435,
          -0.320081,
          2.805191
        ],
        [
          -0.025605,
          -0.936816,
          -0.348883,
          1.399668
        ],
        [
          0.0,
          0.0,
          0.0,
          1.0
        ]
      ]
    },
    {
      "file_path": "/media/NFS/ttao/scannet/posed_images/scene0457_00/00422.jpg",
      "transform_matrix": [
        [
          -0.326643,
          0.331451,
          -0.885124,
          2.263537
        ],
        [
          0.944545,
          0.081036,
          -0.318226,
          2.808042
        ],
        [
          -0.03375,
          -0.939986,
          -0.339541,
          1.412396
        ],
        [
          0.0,
          0.0,
          0.0,
          1.0
        ]
      ]
    },
    {
      "file_path": "/media/NFS/ttao/scannet/posed_images/scene0457_00/00432.jpg",
      "transform_matrix": [
        [
          -0.257822,
          0.266398,
          -0.928741,
          2.283289
        ],
        [
          0.965564,
          0.036377,
          -0.25761,
          2.77419
        ],
        [
          -0.034843,
          -0.963176,
          -0.266603,
          1.45392
        ],
        [
          0.0,
          0.0,
          0.0,
          1.0
        ]
      ]
    },
    {
      "file_path": "/media/NFS/ttao/scannet/posed_images/scene0457_00/00445.jpg",
      "transform_matrix": [
        [
          -0.166072,
          0.220756,
          -0.961086,
          2.299169
        ],
        [
          0.98261,
          -0.045037,
          -0.180136,
          2.600942
        ],
        [
          -0.08305,
          -0.974289,
          -0.209438,
          1.522801
        ],
        [
          0.0,
          0.0,
          0.0,
          1.0
        ]
      ]
    },
    {
      "file_path": "/media/NFS/ttao/scannet/posed_images/scene0457_00/00450.jpg",
      "transform_matrix": [
        [
          -0.146173,
          0.186588,
          -0.971503,
          2.297223
        ],
        [
          0.986724,
          -0.042756,
          -0.156675,
          2.563744
        ],
        [
          -0.070771,
          -0.981508,
          -0.177861,
          1.534715
        ],
        [
          0.0,
          0.0,
          0.0,
          1.0
        ]
      ]
    },
    {
      "file_path": "/media/NFS/ttao/scannet/posed_images/scene0457_00/00455.jpg",
      "transform_matrix": [
        [
          -0.141202,
          0.145221,
          -0.979272,
          2.290171
        ],
        [
          0.987834,
          -0.044438,
          -0.149027,
          2.54938
        ],
        [
          -0.065159,
          -0.988401,
          -0.13718,
          1.592391
        ],
        [
          0.0,
          0.0,
          0.0,
          1.0
        ]
      ]
    },
    {
      "file_path": "/media/NFS/ttao/scannet/posed_images/scene0457_00/00470.jpg",
      "transform_matrix": [
        [
          -0.084623,
          0.026026,
          -0.996073,
          2.300408
        ],
        [
          0.994964,
          -0.051678,
          -0.085879,
          2.522256
        ],
        [
          -0.05371,
          -0.998325,
          -0.021521,
          1.620977
        ],
        [
          0.0,
          0.0,
          0.0,
          1.0
        ]
      ]
    },
    {
      "file_path": "/media/NFS/ttao/scannet/posed_images/scene0457_00/00473.jpg",
      "transform_matrix": [
        [
          -0.052128,
          0.01393,
          -0.998543,
          2.300765
        ],
        [
          0.996952,
          -0.057387,
          -0.052846,
          2.504603
        ],
        [
          -0.058039,
          -0.998255,
          -0.010896,
          1.613865
        ],
        [
          0.0,
          0.0,
          0.0,
          1.0
        ]
      ]
    },
    {
      "file_path": "/media/NFS/ttao/scannet/posed_images/scene0457_00/00483.jpg",
      "transform_matrix": [
        [
          0.091295,
          0.153562,
          -0.983913,
          2.314415
        ],
        [
          0.993695,
          -0.07862,
          0.079933,
          2.420085
        ],
        [
          -0.06508,
          -0.985007,
          -0.159771,
          1.50895
        ],
        [
          0.0,
          0.0,
          0.0,
          1.0
        ]
      ]
    },
    {
      "file_path": "/media/NFS/ttao/scannet/posed_images/scene0457_00/00491.jpg",
      "transform_matrix": [
        [
          0.131508,
          0.294987,
          -0.946408,
          2.336647
        ],
        [
          0.990708,
          -0.072508,
          0.115063,
          2.359903
        ],
        [
          -0.03468,
          -0.952746,
          -0.301782,
          1.442915
        ],
        [
          0.0,
          0.0,
          0.0,
          1.0
        ]
      ]
    },
    {
      "file_path": "/media/NFS/ttao/scannet/posed_images/scene0457_00/00504.jpg",
      "transform_matrix": [
        [
          0.141497,
          0.403794,
          -0.903841,
          2.387661
        ],
        [
          0.987435,
          -0.122463,
          0.099873,
          2.359618
        ],
        [
          -0.070359,
          -0.906617,
          -0.416048,
          1.359348
        ],
        [
          0.0,
          0.0,
          0.0,
          1.0
        ]
      ]
    },
    {
      "file_path": "/media/NFS/ttao/scannet/posed_images/scene0457_00/00511.jpg",
      "transform_matrix": [
        [
          0.14853,
          0.411517,
          -0.899218,
          2.413329
        ],
        [
          0.986417,
          -0.126156,
          0.105199,
          2.396458
        ],
        [
          -0.07015,
          -0.902629,
          -0.424666,
          1.358405
        ],
        [
          0.0,
          0.0,
          0.0,
          1.0
        ]
      ]
    },
    {
      "file_path": "/media/NFS/ttao/scannet/posed_images/scene0457_00/00516.jpg",
      "transform_matrix": [
        [
          0.157532,
          0.420719,
          -0.893409,
          2.432405
        ],
        [
          0.983806,
          -0.145196,
          0.105096,
          2.411922
        ],
        [
          -0.085504,
          -0.895496,
          -0.436779,
          1.346058
        ],
        [
          0.0,
          0.0,
          0.0,
          1.0
        ]
      ]
    },
    {
      "file_path": "/media/NFS/ttao/scannet/posed_images/scene0457_00/00529.jpg",
      "transform_matrix": [
        [
          0.224444,
          0.484056,
          -0.845762,
          2.473575
        ],
        [
          0.973148,
          -0.156816,
          0.168499,
          2.395473
        ],
        [
          -0.051066,
          -0.860871,
          -0.506255,
          1.317725
        ],
        [
          0.0,
          0.0,
          0.0,
          1.0
        ]
      ]
    },
    {
      "file_path": "/media/NFS/ttao/scannet/posed_images/scene0457_00/00534.jpg",
      "transform_matrix": [
        [
          0.266697,
          0.485911,
          -0.832324,
          2.503128
        ],
        [
          0.96321,
          -0.164085,
          0.212843,
          2.358048
        ],
        [
          -0.033149,
          -0.858468,
          -0.511796,
          1.307193
        ],
        [
          0.0,
          0.0,
          0.0,
          1.0
        ]
      ]
    },
    {
      "file_path": "/media/NFS/ttao/scannet/posed_images/scene0457_00/00547.jpg",
      "transform_matrix": [
        [
          0.374067,
          0.49311,
          -0.78544,
          2.566959
        ],
        [
          0.92704,
          -0.222462,
          0.301839,
          2.297102
        ],
        [
          -0.025891,
          -0.841043,
          -0.540349,
          1.315495
        ],
        [
          0.0,
          0.0,
          0.0,
          1.0
        ]
      ]
    },
    {
      "file_path": "/media/NFS/ttao/scannet/posed_images/scene0457_00/00552.jpg",
      "transform_matrix": [
        [
          0.377785,
          0.477172,
          -0.793464,
          2.583194
        ],
        [
          0.924974,
          -0.232686,
          0.300467,
          2.304656
        ],
        [
          -0.041253,
          -0.847446,
          -0.529277,
          1.317066
        ],
        [
          0.0,
          0.0,
          0.0,
          1.0
        ]
      ]
    },
    {
      "file_path": "/media/NFS/ttao/scannet/posed_images/scene0457_00/00559.jpg",
      "transform_matrix": [
        [
          0.382376,
          0.478085,
          -0.790711,
          2.590741
        ],
        [
          0.923165,
          -0.234193,
          0.304829,
          2.332255
        ],
        [
          -0.039445,
          -0.846515,
          -0.530901,
          1.31171
        ],
        [
          0.0,
          0.0,
          0.0,
          1.0
        ]
      ]
    },
    {
      "file_path": "/media/NFS/ttao/scannet/posed_images/scene0457_00/00567.jpg",
      "transform_matrix": [
        [
          0.352518,
          0.484914,
          -0.800368,
          2.601064
        ],
        [
          0.934584,
          -0.226108,
          0.274642,
          2.39965
        ],
        [
          -0.047791,
          -0.844828,
          -0.5329,
          1.296721
        ],
        [
          0.0,
          0.0,
          0.0,
          1.0
        ]
      ]
    },
    {
      "file_path": "/media/NFS/ttao/scannet/posed_images/scene0457_00/00575.jpg",
      "transform_matrix": [
        [
          0.291582,
          0.553309,
          -0.780275,
          2.629927
        ],
        [
          0.956509,
          -0.175875,
          0.232722,
          2.525892
        ],
        [
          -0.008464,
          -0.814197,
          -0.580527,
          1.278254
        ],
        [
          0.0,
          0.0,
          0.0,
          1.0
        ]
      ]
    },
    {
      "file_path": "/media/NFS/ttao/scannet/posed_images/scene0457_00/00590.jpg",
      "transform_matrix": [
        [
          0.27412,
          0.580592,
          -0.766662,
          2.71965
        ],
        [
          0.961422,
          -0.184433,
          0.204086,
          2.591967
        ],
        [
          -0.022908,
          -0.79303,
          -0.608752,
          1.283861
        ],
        [
          0.0,
          0.0,
          0.0,
          1.0
        ]
      ]
    },
    {
      "file_path": "/media/NFS/ttao/scannet/posed_images/scene0457_00/00593.jpg",
      "transform_matrix": [
        [
          0.294242,
          0.578925,
          -0.760439,
          2.736162
        ],
        [
          0.955332,
          -0.201161,
          0.216508,
          2.594721
        ],
        [
          -0.027628,
          -0.790177,
          -0.612255,
          1.28277
        ],
        [
          0.0,
          0.0,
          0.0,
          1.0
        ]
      ]
    },
    {
      "file_path": "/media/NFS/ttao/scannet/posed_images/scene0457_00/00600.jpg",
      "transform_matrix": [
        [
          0.365478,
          0.565923,
          -0.739025,
          2.76002
        ],
        [
          0.930688,
          -0.235572,
          0.279869,
          2.614927
        ],
        [
          -0.015709,
          -0.790087,
          -0.612793,
          1.287238
        ],
        [
          0.0,
          0.0,
          0.0,
          1.0
        ]
      ]
    },
    {
      "file_path": "/media/NFS/ttao/scannet/posed_images/scene0457_00/00608.jpg",
      "transform_matrix": [
        [
          0.429875,
          0.560608,
          -0.707762,
          2.781764
        ],
        [
          0.902581,
          -0.287273,
          0.320658,
          2.648512
        ],
        [
          -0.023558,
          -0.776655,
          -0.629485,
          1.279038
        ],
        [
          0.0,
          0.0,
          0.0,
          1.0
        ]
      ]
    },
    {
      "file_path": "/media/NFS/ttao/scannet/posed_images/scene0457_00/00618.jpg",
      "transform_matrix": [
        [
          0.514663,
          0.579813,
          -0.631616,
          2.811004
        ],
        [
          0.856956,
          -0.371373,
          0.357364,
          2.66656
        ],
        [
          -0.027361,
          -0.725189,
          -0.688006,
          1.246259
        ],
        [
          0.0,
          0.0,
          0.0,
          1.0
        ]
      ]
    },
    {
      "file_path": "/media/NFS/ttao/scannet/posed_images/scene0457_00/00626.jpg",
      "transform_matrix": [
        [
          0.571741,
          0.594322,
          -0.565591,
          2.819025
        ],
        [
          0.820423,
          -0.417773,
          0.390348,
          2.676225
        ],
        [
          -0.004296,
          -0.687202,
          -0.726453,
          1.225187
        ],
        [
          0.0,
          0.0,
          0.0,
          1.0
        ]
      ]
    },
    {
      "file_path": "/media/NFS/ttao/scannet/posed_images/scene0457_00/00633.jpg",
      "transform_matrix": [
        [
          0.619146,
          0.603076,
          -0.502949,
          2.816182
        ],
        [
          0.785177,
          -0.465244,
          0.408713,
          2.680376
        ],
        [
          0.012491,
          -0.647956,
          -0.761575,
          1.208597
        ],
        [
          0.0,
          0.0,
          0.0,
          1.0
        ]
      ]
    },
    {
      "file_path": "/media/NFS/ttao/scannet/posed_images/scene0457_00/00643.jpg",
      "transform_matrix": [
        [
          0.66929,
          0.599305,
          -0.439187,
          2.809529
        ],
        [
          0.742578,
          -0.519579,
          0.42263,
          2.708262
        ],
        [
          0.025092,
          -0.608992,
          -0.792779,
          1.190653
        ],
        [
          0.0,
          0.0,
          0.0,
          1.0
        ]
      ]
    },
    {
      "file_path": "/media/NFS/ttao/scannet/posed_images/scene0457_00/00656.jpg",
      "transform_matrix": [
        [
          0.819927,
          0.445159,
          -0.359936,
          2.786977
        ],
        [
          0.572458,
          -0.63366,
          0.520353,
          2.812066
        ],
        [
          0.003563,
