{
  "frames": [
    {
      "file_path": "/media/NFS/ttao/scannet/posed_images/scene0088_01/00000.jpg",
      "transform_matrix": [
        [
          -0.876193,
          0.282579,
          -0.390428,
          5.339557
        ],
        [
          0.47886,
          0.418679,
          -0.771623,
          2.268124
        ],
        [
          -0.05458,
          -0.863051,
          -0.50216,
          1.37878
        ],
        [
          0.0,
          0.0,
          0.0,
          1.0
        ]
      ]
    },
    {
      "file_path": "/media/NFS/ttao/scannet/posed_images/scene0088_01/00003.jpg",
      "transform_matrix": [
        [
          -0.87546,
          0.281916,
          -0.392547,
          5.34455
        ],
        [
          0.480618,
          0.422561,
          -0.768407,
          2.265833
        ],
        [
          -0.050752,
          -0.861374,
          -0.505429,
          1.378263
        ],
        [
          0.0,
          0.0,
          0.0,
          1.0
        ]
      ]
    },
    {
      "file_path": "/media/NFS/ttao/scannet/posed_images/scene0088_01/00006.jpg",
      "transform_matrix": [
        [
          -0.875312,
          0.281715,
          -0.393022,
          5.346035
        ],
        [
          0.481078,
          0.425096,
          -0.766719,
          2.268357
        ],
        [
          -0.048924,
          -0.860192,
          -0.507618,
          1.375812
        ],
        [
          0.0,
          0.0,
          0.0,
          1.0
        ]
      ]
    },
    {
      "file_path": "/media/NFS/ttao/scannet/posed_images/scene0088_01/00011.jpg",
      "transform_matrix": [
        [
          -0.873092,
          0.291473,
          -0.390838,
          5.345331
        ],
        [
          0.48492,
          0.435882,
          -0.758195,
          2.27155
        ],
        [
          -0.050634,
          -0.851499,
          -0.521906,
          1.372397
        ],
        [
          0.0,
          0.0,
          0.0,
          1.0
        ]
      ]
    },
    {
      "file_path": "/media/NFS/ttao/scannet/posed_images/scene0088_01/00016.jpg",
      "transform_matrix": [
        [
          -0.868464,
          0.302943,
          -0.392422,
          5.348802
        ],
        [
          0.493547,
          0.453778,
          -0.741955,
          2.272511
        ],
        [
          -0.046697,
          -0.83804,
          -0.543606,
          1.355831
        ],
        [
          0.0,
          0.0,
          0.0,
          1.0
        ]
      ]
    },
    {
      "file_path": "/media/NFS/ttao/scannet/posed_images/scene0088_01/00017.jpg",
      "transform_matrix": [
        [
          -0.86787,
          0.306356,
          -0.391084,
          5.348846
        ],
        [
          0.494384,
          0.455191,
          -0.740531,
          2.273852
        ],
        [
          -0.048848,
          -0.836031,
          -0.546504,
          1.351141
        ],
        [
          0.0,
          0.0,
          0.0,
          1.0
        ]
      ]
    },
    {
      "file_path": "/media/NFS/ttao/scannet/posed_images/scene0088_01/00020.jpg",
      "transform_matrix": [
        [
          -0.863883,
          0.321603,
          -0.387656,
          5.34964
        ],
        [
          0.500756,
          0.465384,
          -0.729837,
          2.282377
        ],
        [
          -0.054309,
          -0.824615,
          -0.563082,
          1.32186
        ],
        [
          0.0,
          0.0,
          0.0,
          1.0
        ]
      ]
    },
    {
      "file_path": "/media/NFS/ttao/scannet/posed_images/scene0088_01/00026.jpg",
      "transform_matrix": [
        [
          -0.84118,
          0.367442,
          -0.39674,
          5.357937
        ],
        [
          0.537774,
          0.491491,
          -0.685008,
          2.276675
        ],
        [
          -0.056707,
          -0.789571,
          -0.611034,
          1.290904
        ],
        [
          0.0,
          0.0,
          0.0,
          1.0
        ]
      ]
    },
    {
      "file_path": "/media/NFS/ttao/scannet/posed_images/scene0088_01/00030.jpg",
      "transform_matrix": [
        [
          -0.829766,
          0.377464,
          -0.411107,
          5.352772
        ],
        [
          0.55545,
          0.48667,
          -0.674261,
          2.285039
        ],
        [
          -0.054436,
          -0.787828,
          -0.613485,
          1.281423
        ],
        [
          0.0,
          0.0,
          0.0,
          1.0
        ]
      ]
    },
    {
      "file_path": "/media/NFS/ttao/scannet/posed_images/scene0088_01/00033.jpg",
      "transform_matrix": [
        [
          -0.826144,
          0.376678,
          -0.419047,
          5.349415
        ],
        [
          0.560233,
          0.469653,
          -0.682323,
          2.290183
        ],
        [
          -0.060209,
          -0.798461,
          -0.599028,
          1.287999
        ],
        [
          0.0,
          0.0,
          0.0,
          1.0
        ]
      ]
    },
    {
      "file_path": "/media/NFS/ttao/scannet/posed_images/scene0088_01/00036.jpg",
      "transform_matrix": [
        [
          -0.82404,
          0.367478,
          -0.431182,
          5.349894
        ],
        [
          0.563127,
          0.447981,
          -0.694407,
          2.292372
        ],
        [
          -0.062018,
          -0.815029,
          -0.576091,
          1.294529
        ],
        [
          0.0,
          0.0,
          0.0,
          1.0
        ]
      ]
    },
    {
      "file_path": "/media/NFS/ttao/scannet/posed_images/scene0088_01/00041.jpg",
      "transform_matrix": [
        [
          -0.811876,
          0.355862,
          -0.462839,
          5.347301
        ],
        [
          0.581652,
          0.424595,
          -0.69383,
          2.291721
        ],
        [
          -0.050389,
          -0.832515,
          -0.551706,
          1.311456
        ],
        [
          0.0,
          0.0,
          0.0,
          1.0
        ]
      ]
    },
    {
      "file_path": "/media/NFS/ttao/scannet/posed_images/scene0088_01/00044.jpg",
      "transform_matrix": [
        [
          -0.804997,
          0.346549,
          -0.481543,
          5.343317
        ],
        [
          0.591727,
          0.410328,
          -0.693895,
          2.293051
        ],
        [
          -0.042878,
          -0.843526,
          -0.535375,
          1.319155
        ],
        [
          0.0,
          0.0,
          0.0,
          1.0
        ]
      ]
    },
    {
      "file_path": "/media/NFS/ttao/scannet/posed_images/scene0088_01/00048.jpg",
      "transform_matrix": [
        [
          -0.789612,
          0.3439,
          -0.508179,
          5.342133
        ],
        [
          0.612456,
          0.391023,
          -0.687021,
          2.292963
        ],
        [
          -0.037557,
          -0.853718,
          -0.51938,
          1.329938
        ],
        [
          0.0,
          0.0,
          0.0,
          1.0
        ]
      ]
    },
    {
      "file_path": "/media/NFS/ttao/scannet/posed_images/scene0088_01/00049.jpg",
      "transform_matrix": [
        [
          -0.785313,
          0.342371,
          -0.515815,
          5.343334
        ],
        [
          0.618114,
          0.386646,
          -0.684426,
          2.291082
        ],
        [
          -0.03489,
          -0.856322,
          -0.515263,
          1.334743
        ],
        [
          0.0,
          0.0,
          0.0,
          1.0
        ]
      ]
    },
    {
      "file_path": "/media/NFS/ttao/scannet/posed_images/scene0088_01/00055.jpg",
      "transform_matrix": [
        [
          -0.768282,
          0.319382,
          -0.554742,
          5.344146
        ],
        [
          0.63918,
          0.336019,
          -0.691766,
          2.285648
        ],
        [
          -0.034534,
          -0.886051,
          -0.4623,
          1.364586
        ],
        [
          0.0,
          0.0,
          0.0,
          1.0
        ]
      ]
    },
    {
      "file_path": "/media/NFS/ttao/scannet/posed_images/scene0088_01/00056.jpg",
      "transform_matrix": [
        [
          -0.767185,
          0.316076,
          -0.558143,
          5.344361
        ],
        [
          0.640212,
          0.323828,
          -0.696609,
          2.286463
        ],
        [
          -0.039439,
          -0.891758,
          -0.450791,
          1.369185
        ],
        [
          0.0,
          0.0,
          0.0,
          1.0
        ]
      ]
    },
    {
      "file_path": "/media/NFS/ttao/scannet/posed_images/scene0088_01/00062.jpg",
      "transform_matrix": [
        [
          -0.765603,
          0.290048,
          -0.574216,
          5.32631
        ],
        [
          0.641461,
          0.276492,
          -0.715598,
          2.296182
        ],
        [
          -0.048791,
          -0.916201,
          -0.397738,
          1.39825
        ],
        [
          0.0,
          0.0,
          0.0,
          1.0
        ]
      ]
    },
    {
      "file_path": "/media/NFS/ttao/scannet/posed_images/scene0088_01/00066.jpg",
      "transform_matrix": [
        [
          -0.755712,
          0.271826,
          -0.595827,
          5.331074
        ],
        [
          0.653948,
          0.264069,
          -0.708956,
          2.293845
        ],
        [
          -0.035373,
          -0.925407,
          -0.37732,
          1.404818
        ],
        [
          0.0,
          0.0,
          0.0,
          1.0
        ]
      ]
    },
    {
      "file_path": "/media/NFS/ttao/scannet/posed_images/scene0088_01/00067.jpg",
      "transform_matrix": [
        [
          -0.752434,
          0.269896,
          -0.600832,
          5.330739
        ],
        [
          0.657877,
          0.263248,
          -0.70562,
          2.292141
        ],
        [
          -0.032276,
          -0.926206,
          -0.375635,
          1.406172
        ],
        [
          0.0,
          0.0,
          0.0,
          1.0
        ]
      ]
    },
    {
      "file_path": "/media/NFS/ttao/scannet/posed_images/scene0088_01/00070.jpg",
      "transform_matrix": [
        [
          -0.744964,
          0.261449,
          -0.613737,
          5.32552
        ],
        [
          0.66668,
          0.258932,
          -0.698923,
          2.29027
        ],
        [
          -0.023817,
          -0.929838,
          -0.367197,
          1.415083
        ],
        [
          0.0,
          0.0,
          0.0,
          1.0
        ]
      ]
    },
    {
      "file_path": "/media/NFS/ttao/scannet/posed_images/scene0088_01/00077.jpg",
      "transform_matrix": [
        [
          -0.707482,
          0.256858,
          -0.658402,
          5.331236
        ],
        [
          0.706518,
          0.234123,
          -0.667847,
          2.281801
        ],
        [
          -0.017395,
          -0.937662,
          -0.347112,
          1.418774
        ],
        [
          0.0,
          0.0,
          0.0,
          1.0
        ]
      ]
    },
    {
      "file_path": "/media/NFS/ttao/scannet/posed_images/scene0088_01/00078.jpg",
      "transform_matrix": [
        [
          -0.700514,
          0.259318,
          -0.664856,
          5.332762
        ],
        [
          0.713413,
          0.231067,
          -0.661551,
          2.278761
        ],
        [
          -0.017925,
          -0.937743,
          -0.346867,
          1.420135
        ],
        [
          0.0,
          0.0,
          0.0,
          1.0
        ]
      ]
    },
    {
      "file_path": "/media/NFS/ttao/scannet/posed_images/scene0088_01/00081.jpg",
      "transform_matrix": [
        [
          -0.680749,
          0.263506,
          -0.68348,
          5.325275
        ],
        [
          0.732287,
          0.221418,
          -0.643996,
          2.276162
        ],
        [
          -0.018362,
          -0.938903,
          -0.343692,
          1.429905
        ],
        [
          0.0,
          0.0,
          0.0,
          1.0
        ]
      ]
    },
    {
      "file_path": "/media/NFS/ttao/scannet/posed_images/scene0088_01/00084.jpg",
      "transform_matrix": [
        [
          -0.655297,
          0.269787,
          -0.70555,
          5.329749
        ],
        [
          0.755162,
          0.211977,
          -0.62032,
          2.270693
        ],
        [
          -0.017794,
          -0.939298,
          -0.342641,
          1.428594
        ],
        [
          0.0,
          0.0,
          0.0,
          1.0
        ]
      ]
    },
    {
      "file_path": "/media/NFS/ttao/scannet/posed_images/scene0088_01/00091.jpg",
      "transform_matrix": [
        [
          -0.59158,
          0.295126,
          -0.750289,
          5.333087
        ],
        [
          0.806003,
          0.193641,
          -0.559341,
          2.259582
        ],
        [
          -0.01979,
          -0.93563,
          -0.352427,
          1.420127
        ],
        [
          0.0,
          0.0,
          0.0,
          1.0
        ]
      ]
    },
    {
      "file_path": "/media/NFS/ttao/scannet/posed_images/scene0088_01/00092.jpg",
      "transform_matrix": [
        [
          -0.584215,
          0.298871,
          -0.754565,
          5.333276
        ],
        [
          0.811335,
          0.191359,
          -0.552374,
          2.258389
        ],
        [
          -0.020696,
          -0.934911,
          -0.354279,
          1.42151
        ],
        [
          0.0,
          0.0,
          0.0,
          1.0
        ]
      ]
    },
    {
      "file_path": "/media/NFS/ttao/scannet/posed_images/scene0088_01/00098.jpg",
      "transform_matrix": [
        [
          -0.537806,
          0.316441,
          -0.781428,
          5.341686
        ],
        [
          0.842937,
          0.185481,
          -0.505028,
          2.244095
        ],
        [
          -0.014872,
          -0.930302,
          -0.366492,
          1.411498
        ],
        [
          0.0,
          0.0,
          0.0,
          1.0
        ]
      ]
    },
    {
      "file_path": "/media/NFS/ttao/scannet/posed_images/scene0088_01/00100.jpg",
      "transform_matrix": [
        [
          -0.520495,
          0.324025,
          -0.789995,
          5.351714
        ],
        [
          0.853725,
          0.180784,
          -0.488334,
          2.236761
        ],
        [
          -0.015414,
          -0.928614,
          -0.370726,
          1.402584
        ],
        [
          0.0,
          0.0,
          0.0,
          1.0
        ]
      ]
    },
    {
      "file_path": "/media/NFS/ttao/scannet/posed_images/scene0088_01/00104.jpg",
      "transform_matrix": [
        [
          -0.50116,
          0.350964,
          -0.790988,
          5.351846
        ],
        [
          0.865048,
          0.178867,
          -0.46872,
          2.232113
        ],
        [
          -0.023022,
          -0.919147,
          -0.393242,
          1.386821
        ],
        [
          0.0,
          0.0,
          0.0,
          1.0
        ]
      ]
    },
    {
      "file_path": "/media/NFS/ttao/scannet/posed_images/scene0088_01/00109.jpg",
      "transform_matrix": [
        [
          -0.501487,
          0.374312,
          -0.780001,
          5.33665
        ],
        [
          0.865118,
          0.207558,
          -0.456607,
          2.224499
        ],
        [
          -0.009019,
          -0.903775,
          -0.427912,
          1.382635
        ],
        [
          0.0,
          0.0,
          0.0,
          1.0
        ]
      ]
    },
    {
      "file_path": "/media/NFS/ttao/scannet/posed_images/scene0088_01/00110.jpg",
      "transform_matrix": [
        [
          -0.499171,
          0.373647,
          -0.781803,
          5.340971
        ],
        [
          0.866437,
          0.204068,
          -0.455679,
          2.219963
        ],
        [
          -0.010722,
          -0.904845,
          -0.425607,
          1.382289
        ],
        [
          0.0,
          0.0,
          0.0,
          1.0
        ]
      ]
    },
    {
      "file_path": "/media/NFS/ttao/scannet/posed_images/scene0088_01/00115.jpg",
      "transform_matrix": [
        [
          -0.5037,
          0.360253,
          -0.785177,
          5.324453
        ],
        [
          0.863748,
          0.194248,
          -0.46498,
          2.213346
        ],
        [
          -0.014991,
          -0.912406,
          -0.409011,
          1.381485
        ],
        [
          0.0,
          0.0,
          0.0,
          1.0
        ]
      ]
    },
    {
      "file_path": "/media/NFS/ttao/scannet/posed_images/scene0088_01/00117.jpg",
      "transform_matrix": [
        [
          -0.507639,
          0.357419,
          -0.783935,
          5.318609
        ],
        [
          0.861357,
          0.19034,
          -0.470993,
          2.209547
        ],
        [
          -0.019128,
          -0.914343,
          -0.404489,
          1.379957
        ],
        [
          0.0,
          0.0,
          0.0,
          1.0
        ]
      ]
    },
    {
      "file_path": "/media/NFS/ttao/scannet/posed_images/scene0088_01/00120.jpg",
      "transform_matrix": [
        [
          -0.520925,
          0.350672,
          -0.778246,
          5.295943
        ],
        [
          0.853386,
          0.193393,
          -0.484079,
          2.207157
        ],
        [
          -0.019246,
          -0.916312,
          -0.400002,
          1.382899
        ],
        [
          0.0,
          0.0,
          0.0,
          1.0
        ]
      ]
    },
    {
      "file_path": "/media/NFS/ttao/scannet/posed_images/scene0088_01/00126.jpg",
      "transform_matrix": [
        [
          -0.538282,
          0.3453,
          -0.768779,
          5.270213
        ],
        [
          0.842477,
          0.196606,
          -0.501577,
          2.194681
        ],
        [
          -0.022049,
          -0.917668,
          -0.396737,
          1.378316
        ],
        [
          0.0,
          0.0,
          0.0,
          1.0
        ]
      ]
    },
    {
      "file_path": "/media/NFS/ttao/scannet/posed_images/scene0088_01/00130.jpg",
      "transform_matrix": [
        [
          -0.512282,
          0.352995,
          -0.782919,
          5.262564
        ],
        [
          0.858641,
          0.192035,
          -0.475246,
          2.170874
        ],
        [
          -0.017412,
          -0.915706,
          -0.401472,
          1.373244
        ],
        [
          0.0,
          0.0,
          0.0,
          1.0
        ]
      ]
    },
    {
      "file_path": "/media/NFS/ttao/scannet/posed_images/scene0088_01/00131.jpg",
      "transform_matrix": [
        [
          -0.511578,
          0.357323,
          -0.781414,
          5.256706
        ],
        [
          0.859041,
          0.193299,
          -0.474008,
          2.166777
        ],
        [
          -0.018328,
          -0.913759,
          -0.405842,
          1.378944
        ],
        [
          0.0,
          0.0,
          0.0,
          1.0
        ]
      ]
    },
    {
      "file_path": "/media/NFS/ttao/scannet/posed_images/scene0088_01/00134.jpg",
      "transform_matrix": [
        [
          -0.504896,
          0.346807,
          -0.790446,
          5.250336
        ],
        [
          0.863078,
          0.188739,
          -0.468481,
          2.144721
        ],
        [
          -0.013284,
          -0.91875,
          -0.394615,
          1.389132
        ],
        [
          0.0,
          0.0,
          0.0,
          1.0
        ]
      ]
    },
    {
      "file_path": "/media/NFS/ttao/scannet/posed_images/scene0088_01/00141.jpg",
      "transform_matrix": [
        [
          -0.459991,
          0.318384,
          -0.828879,
          5.242745
        ],
        [
          0.887756,
          0.146801,
          -0.436277,
          2.068694
        ],
        [
          -0.017224,
          -0.936526,
          -0.350174,
          1.399546
        ],
        [
          0.0,
          0.0,
          0.0,
          1.0
        ]
      ]
    },
    {
      "file_path": "/media/NFS/ttao/scannet/posed_images/scene0088_01/00143.jpg",
      "transform_matrix": [
        [
          -0.446339,
          0.318061,
          -0.836432,
          5.243898
        ],
        [
          0.894653,
          0.1383,
          -0.424817,
          2.041936
        ],
        [
          -0.019439,
          -0.937929,
          -0.346283,
          1.401458
        ],
        [
          0.0,
          0.0,
          0.0,
          1.0
        ]
      ]
    },
    {
      "file_path": "/media/NFS/ttao/scannet/posed_images/scene0088_01/00145.jpg",
      "transform_matrix": [
        [
          -0.430413,
          0.319791,
          -0.844084,
          5.242442
        ],
        [
          0.902401,
          0.131288,
          -0.41041,
          2.015775
        ],
        [
          -0.020427,
          -0.938348,
          -0.345087,
          1.406071
        ],
        [
          0.0,
          0.0,
          0.0,
          1.0
        ]
      ]
    },
    {
      "file_path": "/media/NFS/ttao/scannet/posed_images/scene0088_01/00151.jpg",
      "transform_matrix": [
        [
          -0.378826,
          0.308513,
          -0.872531,
          5.240566
        ],
        [
          0.925091,
          0.099305,
          -0.366533,
          1.944425
        ],
        [
          -0.026433,
          -0.946022,
          -0.323022,
          1.4146
        ],
        [
          0.0,
          0.0,
          0.0,
          1.0
        ]
      ]
    },
    {
      "file_path": "/media/NFS/ttao/scannet/posed_images/scene0088_01/00152.jpg",
      "transform_matrix": [
        [
          -0.370702,
          0.309928,
          -0.875514,
          5.239953
        ],
        [
          0.928399,
          0.097661,
          -0.358523,
          1.932229
        ],
        [
          -0.025613,
          -0.945731,
          -0.32394,
          1.416607
        ],
        [
          0.0,
          0.0,
          0.0,
          1.0
        ]
      ]
    },
    {
      "file_path": "/media/NFS/ttao/scannet/posed_images/scene0088_01/00156.jpg",
      "transform_matrix": [
        [
          -0.354135,
          0.304097,
          -0.884372,
          5.236198
        ],
        [
          0.93485,
          0.089456,
          -0.343588,
          1.897379
        ],
        [
          -0.025372,
          -0.948432,
          -0.315965,
          1.423232
        ],
        [
          0.0,
          0.0,
          0.0,
          1.0
        ]
      ]
    },
    {
      "file_path": "/media/NFS/ttao/scannet/posed_images/scene0088_01/00160.jpg",
      "transform_matrix": [
        [
          -0.346015,
          0.288325,
          -0.892828,
          5.222474
        ],
        [
          0.938121,
          0.091885,
          -0.333895,
          1.86744
        ],
        [
          -0.014233,
          -0.953114,
          -0.302277,
          1.430973
        ],
        [
          0.0,
          0.0,
          0.0,
          1.0
        ]
      ]
    },
    {
      "file_path": "/media/NFS/ttao/scannet/posed_images/scene0088_01/00163.jpg",
      "transform_matrix": [
        [
          -0.348611,
          0.281365,
          -0.894038,
          5.209326
        ],
        [
          0.937066,
          0.084845,
          -0.338687,
          1.853632
        ],
        [
          -0.01944,
          -0.955843,
          -0.293235,
          1.436326
        ],
        [
          0.0,
          0.0,
          0.0,
          1.0
        ]
      ]
    },
    {
      "file_path": "/media/NFS/ttao/scannet/posed_images/scene0088_01/00166.jpg",
      "transform_matrix": [
        [
          -0.351907,
          0.26541,
          -0.897619,
          5.191229
        ],
        [
          0.935517,
          0.067823,
          -0.346711,
          1.842751
        ],
        [
          -0.031141,
          -0.961747,
          -0.272163,
          1.44214
        ],
        [
          0.0,
          0.0,
          0.0,
          1.0
        ]
      ]
    },
    {
      "file_path": "/media/NFS/ttao/scannet/posed_images/scene0088_01/00169.jpg",
      "transform_matrix": [
        [
          -0.356762,
          0.261327,
          -0.8969,
          5.171949
        ],
        [
          0.933364,
          0.059218,
          -0.354012,
          1.833491
        ],
        [
          -0.0394,
          -0.963432,
          -0.265041,
          1.44968
        ],
        [
          0.0,
          0.0,
          0.0,
          1.0
        ]
      ]
    },
    {
      "file_path": "/media/NFS/ttao/scannet/posed_images/scene0088_01/00174.jpg",
      "transform_matrix": [
        [
          -0.347928,
          0.230809,
          -0.908666,
          5.138381
        ],
        [
          0.936969,
          0.05233,
          -0.345473,
          1.824655
        ],
        [
          -0.032188,
          -0.971591,
          -0.234468,
          1.461989
        ],
        [
          0.0,
          0.0,
          0.0,
          1.0
        ]
      ]
    },
    {
      "file_path": "/media/NFS/ttao/scannet/posed_images/scene0088_01/00179.jpg",
      "transform_matrix": [
        [
          -0.339883,
          0.20179,
          -0.918564,
          5.109779
        ],
        [
          0.940121,
          0.046376,
          -0.337671,
          1.826388
        ],
        [
          -0.025539,
          -0.97833,
          -0.205469,
          1.475728
        ],
        [
          0.0,
          0.0,
          0.0,
          1.0
        ]
      ]
    },
    {
      "file_path": "/media/NFS/ttao/scannet/posed_images/scene0088_01/00180.jpg",
      "transform_matrix": [
        [
          -0.342848,
          0.195114,
          -0.918905,
          5.098121
        ],
        [
          0.939079,
          0.045973,
          -0.340614,
          1.831891
        ],
        [
          -0.024214,
          -0.979702,
          -0.198989,
          1.476234
        ],
        [
          0.0,
          0.0,
          0.0,
          1.0
        ]
      ]
    },
    {
      "file_path": "/media/NFS/ttao/scannet/posed_images/scene0088_01/00184.jpg",
      "transform_matrix": [
        [
          -0.331924,
          0.187415,
          -0.924501,
          5.079834
        ],
        [
          0.942722,
          0.031427,
          -0.332095,
          1.832336
        ],
        [
          -0.033185,
          -0.981778,
          -0.187112,
          1.49187
        ],
        [
          0.0,
          0.0,
          0.0,
          1.0
        ]
      ]
    },
    {
      "file_path": "/media/NFS/ttao/scannet/posed_images/scene0088_01/00188.jpg",
      "transform_matrix": [
        [
          -0.326146,
          0.17022,
          -0.929868,
          5.064143
        ],
        [
          0.944456,
          0.016638,
          -0.328217,
          1.841599
        ],
        [
          -0.040398,
          -0.985265,
          -0.166192,
          1.506998
        ],
        [
          0.0,
          0.0,
          0.0,
          1.0
        ]
      ]
    },
    {
      "file_path": "/media/NFS/ttao/scannet/posed_images/scene0088_01/00191.jpg",
      "transform_matrix": [
        [
          -0.309988,
          0.154005,
          -0.938184,
          5.049587
        ],
        [
          0.950132,
          0.014864,
          -0.311495,
          1.848919
        ],
        [
          -0.034027,
          -0.987958,
          -0.150932,
          1.511573
        ],
        [
          0.0,
          0.0,
          0.0,
          1.0
        ]
      ]
    },
    {
      "file_path": "/media/NFS/ttao/scannet/posed_images/scene0088_01/00197.jpg",
      "transform_matrix": [
        [
          -0.269301,
          0.129811,
          -0.954267,
          5.04342
        ],
        [
          0.962338,
          -0.001977,
          -0.271847,
          1.858497
        ],
        [
          -0.037175,
          -0.991537,
          -0.12439,
          1.520642
        ],
        [
          0.0,
          0.0,
          0.0,
          1.0
        ]
      ]
    },
    {
      "file_path": "/media/NFS/ttao/scannet/posed_images/scene0088_01/00200.jpg",
      "transform_matrix": [
        [
          -0.244299,
          0.127574,
          -0.961272,
          5.039561
        ],
        [
          0.969039,
          -0.004474,
          -0.246866,
          1.860132
        ],
        [
          -0.035794,
          -0.991819,
          -0.122531,
          1.519171
        ],
        [
          0.0,
          0.0,
          0.0,
          1.0
        ]
      ]
    },
    {
      "file_path": "/media/NFS/ttao/scannet/posed_images/scene0088_01/00201.jpg",
      "transform_matrix": [
        [
          -0.237388,
          0.126376,
          -0.963159,
          5.038091
        ],
        [
          0.970789,
          -0.004736,
          -0.23989,
          1.863114
        ],
        [
          -0.034878,
          -0.991971,
          -0.12156,
          1.515929
        ],
        [
          0.0,
          0.0,
          0.0,
          1.0
        ]
      ]
    },
    {
      "file_path": "/media/NFS/ttao/scannet/posed_images/scene0088_01/00208.jpg",
      "transform_matrix": [
        [
          -0.166208,
          0.163017,
          -0.972523,
          5.02946
        ],
        [
          0.985642,
          -0.002282,
          -0.168833,
          1.852053
        ],
        [
          -0.029741,
          -0.986621,
          -0.160297,
          1.497058
        ],
        [
          0.0,
          0.0,
          0.0,
          1.0
        ]
      ]
    },
    {
      "file_path": "/media/NFS/ttao/scannet/posed_images/scene0088_01/00210.jpg",
      "transform_matrix": [
        [
          -0.14655,
          0.171103,
          -0.974293,
          5.03829
        ],
        [
          0.98894,
          0.002606,
          -0.148295,
          1.838709
        ],
        [
          -0.022835,
          -0.98525,
          -0.169592,
          1.490592
        ],
        [
          0.0,
          0.0,
          0.0,
          1.0
        ]
      ]
    },
    {
      "file_path": "/media/NFS/ttao/scannet/posed_images/scene0088_01/00215.jpg",
      "transform_matrix": [
        [
          -0.078169,
          0.197607,
          -0.97716,
          5.05054
        ],
        [
          0.996933,
          0.011855,
          -0.077353,
          1.807112
        ],
        [
          -0.003701,
          -0.98021,
          -0.197927,
          1.463763
        ],
        [
          0.0,
          0.0,
          0.0,
          1.0
        ]
      ]
    },
    {
      "file_path": "/media/NFS/ttao/scannet/posed_images/scene0088_01/00219.jpg",
      "transform_matrix": [
        [
          -0.01955,
          0.233532,
          -0.972153,
          5.051782
        ],
        [
          0.999757,
          0.014465,
          -0.016631,
          1.77728
        ],
        [
          0.010178,
          -0.972242,
          -0.233758,
          1.4463
        ],
        [
          0.0,
          0.0,
          0.0,
          1.0
        ]
      ]
    },
    {
      "file_path": "/media/NFS/ttao/scannet/posed_images/scene0088_01/00222.jpg",
      "transform_matrix": [
        [
          0.000319,
          0.254532,
          -0.967064,
          5.011271
        ],
        [
          0.999883,
          0.014729,
          0.004207,
          1.797303
        ],
        [
          0.015315,
          -0.966952,
          -0.254497,
          1.443908
        ],
        [
          0.0,
          0.0,
          0.0,
          1.0
        ]
      ]
    },
    {
      "file_path": "/media/NFS/ttao/scannet/posed_images/scene0088_01/00226.jpg",
      "transform_matrix": [
        [
          0.051485,
          0.267177,
          -0.962271,
          5.011719
        ],
        [
          0.99857,
          0.000115,
          0.053459,
          1.756503
        ],
        [
          0.014394,
          -0.963647,
          -0.266789,
          1.438727
        ],
        [
          0.0,
          0.0,
          0.0,
          1.0
        ]
      ]
    },
    {
      "file_path": "/media/NFS/ttao/scannet/posed_images/scene0088_01/00227.jpg",
      "transform_matrix": [
        [
          0.062587,
          0.267363,
          -0.961561,
          5.012271
        ],
        [
          0.997981,
          -0.006364,
          0.063188,
          1.748759
        ],
        [
          0.010774,
          -0.963575,
          -0.267222,
          1.438658
        ],
        [
          0.0,
          0.0,
          0.0,
          1.0
        ]
      ]
    },
    {
      "file_path": "/media/NFS/ttao/scannet/posed_images/scene0088_01/00230.jpg",
      "transform_matrix": [
        [
          0.089671,
          0.26774,
          -0.959309,
          5.011948
        ],
        [
          0.995966,
          -0.021053,
          0.087222,
          1.727778
        ],
        [
          0.003156,
          -0.963261,
          -0.268548,
          1.433543
        ],
        [
          0.0,
          0.0,
          0.0,
          1.0
        ]
      ]
    },
    {
      "file_path": "/media/NFS/ttao/scannet/posed_images/scene0088_01/00233.jpg",
      "transform_matrix": [
        [
          0.114022,
          0.274583,
          -0.954779,
          5.020577
        ],
        [
          0.993477,
          -0.032816,
          0.109206,
          1.711155
        ],
        [
          -0.001345,
          -0.961003,
          -0.276534,
          1.422011
        ],
        [
          0.0,
          0.0,
          0.0,
          1.0
        ]
      ]
    },
    {
      "file_path": "/media/NFS/ttao/scannet/posed_images/scene0088_01/00240.jpg",
      "transform_matrix": [
        [
          0.167705,
          0.327679,
          -0.929786,
          5.013526
        ],
        [
          0.985826,
          -0.051286,
          0.159739,
          1.662248
        ],
        [
          0.004658,
          -0.943396,
          -0.331635,
          1.391776
        ],
        [
          0.0,
          0.0,
          0.0,
          1.0
        ]
      ]
    },
    {
      "file_path": "/media/NFS/ttao/scannet/posed_images/scene0088_01/00242.jpg",
      "transform_matrix": [
        [
          0.177007,
          0.344517,
          -0.921942,
          5.007183
        ],
        [
          0.984129,
          -0.049952,
          0.17028,
          1.655365
        ],
        [
          0.012611,
          -0.93745,
          -0.347891,
          1.390692
        ],
        [
          0.0,
          0.0,
          0.0,
          1.0
        ]
      ]
    },
    {
      "file_path": "/media/NFS/ttao/scannet/posed_images/scene0088_01/00244.jpg",
      "transform_matrix": [
        [
          0.182818,
          0.353967,
          -0.917216,
          5.003056
        ],
        [
          0.98297,
          -0.048107,
          0.177359,
          1.651897
        ],
        [
          0.018655,
          -0.93402,
          -0.356734,
          1.384637
        ],
        [
          0.0,
          0.0,
          0.0,
          1.0
        ]
      ]
    },
    {
      "file_path": "/media/NFS/ttao/scannet/posed_images/scene0088_01/00251.jpg",
      "transform_matrix": [
        [
          0.204168,
          0.384141,
          -0.900417,
          4.992498
        ],
        [
          0.978791,
          -0.064273,
          0.194519,
          1.649011
        ],
        [
          0.016851,
          -0.921035,
          -0.389116,
          1.371043
        ],
        [
          0.0,
          0.0,
          0.0,
          1.0
        ]
      ]
    },
    {
      "file_path": "/media/NFS/ttao/scannet/posed_images/scene0088_01/00254.jpg",
      "transform_matrix": [
        [
          0.204397,
          0.379807,
          -0.902202,
          4.989994
        ],
        [
          0.978709,
          -0.061673,
          0.195767,
          1.6585
        ],
        [
          0.018712,
          -0.923007,
          -0.384327,
          1.370646
        ],
        [
          0.0,
          0.0,
          0.0,
          1.0
        ]
      ]
    },
    {
      "file_path": "/media/NFS/ttao/scannet/posed_images/scene0088_01/00255.jpg",
      "transform_matrix": [
        [
          0.203906,
          0.378211,
          -0.902983,
          4.989829
        ],
        [
          0.978841,
          -0.062637,
          0.194801,
          1.660377
        ],
        [
          0.017116,
          -0.923598,
          -0.38298,
          1.369098
        ],
        [
          0.0,
          0.0,
          0.0,
          1.0
        ]
      ]
    },
    {
      "file_path": "/media/NFS/ttao/scannet/posed_images/scene0088_01/00261.jpg",
      "transform_matrix": [
        [
          0.217414,
          0.386263,
          -0.8964,
          4.978171
        ],
        [
          0.97589,
          -0.067944,
          0.207416,
          1.693164
        ],
        [
          0.019212,
          -0.919883,
          -0.391722,
          1.367683
        ],
        [
          0.0,
          0.0,
          0.0,
          1.0
        ]
      ]
    },
    {
      "file_path": "/media/NFS/ttao/scannet/posed_images/scene0088_01/00264.jpg",
      "transform_matrix": [
        [
          0.221413,
          0.395619,
          -0.891326,
          4.969076
        ],
        [
          0.974743,
          -0.06243,
          0.214425,
          1.705384
        ],
        [
          0.029185,
          -0.91629,
          -0.39945,
          1.366928
        ],
        [
          0.0,
          0.0,
          0.0,
          1.0
        ]
      ]
    },
    {
      "file_path": "/media/NFS/ttao/scannet/posed_images/scene0088_01/00265.jpg",
      "transform_matrix": [
        [
          0.222667,
          0.397163,
          -0.890326,
          4.964167
        ],
        [
          0.974402,
          -0.061643,
          0.216196,
          1.707983
        ],
        [
          0.030982,
          -0.915676,
          -0.400722,
          1.367421
        ],
        [
          0.0,
          0.0,
          0.0,
          1.0
        ]
      ]
    },
    {
      "file_path": "/media/NFS/ttao/scannet/posed_images/scene0088_01/00272.jpg",
      "transform_matrix": [
        [
          0.200447,
          0.40087,
          -0.893937,
          4.956884
        ],
        [
          0.97953,
          -0.064787,
          0.190587,
          1.722657
        ],
        [
          0.018485,
          -0.913841,
          -0.405651,
          1.363883
        ],
        [
          0.0,
          0.0,
          0.0,
          1.0
        ]
      ]
    },
    {
      "file_path": "/media/NFS/ttao/scannet/posed_images/scene0088_01/00274.jpg",
      "transform_matrix": [
        [
          0.197598,
          0.402021,
          -0.894055,
          4.955173
        ],
        [
          0.980134,
          -0.065106,
          0.187348,
          1.725926
        ],
        [
          0.01711,
          -0.913313,
