{
  "frames": [
    {
      "file_path": "/media/NFS/ttao/scannet/posed_images/scene0574_02/00000.jpg",
      "transform_matrix": [
        [
          0.520079,
          0.151889,
          -0.840504,
          3.598269
        ],
        [
          0.853862,
          -0.06835,
          0.515993,
          3.618087
        ],
        [
          0.020925,
          -0.986032,
          -0.165239,
          1.5791
        ],
        [
          0.0,
          0.0,
          0.0,
          1.0
        ]
      ]
    },
    {
      "file_path": "/media/NFS/ttao/scannet/posed_images/scene0574_02/00008.jpg",
      "transform_matrix": [
        [
          0.523287,
          0.154669,
          -0.838002,
          3.60253
        ],
        [
          0.851559,
          -0.058092,
          0.521031,
          3.627389
        ],
        [
          0.031906,
          -0.986257,
          -0.162108,
          1.579998
        ],
        [
          0.0,
          0.0,
          0.0,
          1.0
        ]
      ]
    },
    {
      "file_path": "/media/NFS/ttao/scannet/posed_images/scene0574_02/00010.jpg",
      "transform_matrix": [
        [
          0.524255,
          0.149982,
          -0.83825,
          3.601478
        ],
        [
          0.850963,
          -0.055373,
          0.522298,
          3.626554
        ],
        [
          0.031919,
          -0.987137,
          -0.156659,
          1.576935
        ],
        [
          0.0,
          0.0,
          0.0,
          1.0
        ]
      ]
    },
    {
      "file_path": "/media/NFS/ttao/scannet/posed_images/scene0574_02/00014.jpg",
      "transform_matrix": [
        [
          0.531099,
          0.136738,
          -0.836204,
          3.593787
        ],
        [
          0.846043,
          -0.031636,
          0.532175,
          3.627209
        ],
        [
          0.046315,
          -0.990102,
          -0.132488,
          1.58554
        ],
        [
          0.0,
          0.0,
          0.0,
          1.0
        ]
      ]
    },
    {
      "file_path": "/media/NFS/ttao/scannet/posed_images/scene0574_02/00024.jpg",
      "transform_matrix": [
        [
          0.555704,
          0.041669,
          -0.830335,
          3.589361
        ],
        [
          0.830938,
          0.004732,
          0.556345,
          3.626834
        ],
        [
          0.027111,
          -0.99912,
          -0.031995,
          1.627868
        ],
        [
          0.0,
          0.0,
          0.0,
          1.0
        ]
      ]
    },
    {
      "file_path": "/media/NFS/ttao/scannet/posed_images/scene0574_02/00029.jpg",
      "transform_matrix": [
        [
          0.566736,
          0.017676,
          -0.82371,
          3.591282
        ],
        [
          0.823366,
          0.023848,
          0.56701,
          3.623478
        ],
        [
          0.029666,
          -0.999559,
          -0.001038,
          1.641322
        ],
        [
          0.0,
          0.0,
          0.0,
          1.0
        ]
      ]
    },
    {
      "file_path": "/media/NFS/ttao/scannet/posed_images/scene0574_02/00035.jpg",
      "transform_matrix": [
        [
          0.580665,
          -0.011241,
          -0.814065,
          3.589659
        ],
        [
          0.813651,
          0.042784,
          0.579778,
          3.620998
        ],
        [
          0.028312,
          -0.999021,
          0.033989,
          1.661488
        ],
        [
          0.0,
          0.0,
          0.0,
          1.0
        ]
      ]
    },
    {
      "file_path": "/media/NFS/ttao/scannet/posed_images/scene0574_02/00037.jpg",
      "transform_matrix": [
        [
          0.583189,
          -0.025733,
          -0.811929,
          3.588747
        ],
        [
          0.811787,
          0.055233,
          0.581336,
          3.618706
        ],
        [
          0.029886,
          -0.998142,
          0.053101,
          1.6721
        ],
        [
          0.0,
          0.0,
          0.0,
          1.0
        ]
      ]
    },
    {
      "file_path": "/media/NFS/ttao/scannet/posed_images/scene0574_02/00045.jpg",
      "transform_matrix": [
        [
          0.590361,
          -0.096099,
          -0.801398,
          3.593454
        ],
        [
          0.806353,
          0.114042,
          0.580336,
          3.609849
        ],
        [
          0.035623,
          -0.988817,
          0.144816,
          1.686401
        ],
        [
          0.0,
          0.0,
          0.0,
          1.0
        ]
      ]
    },
    {
      "file_path": "/media/NFS/ttao/scannet/posed_images/scene0574_02/00051.jpg",
      "transform_matrix": [
        [
          0.595575,
          -0.119117,
          -0.794419,
          3.594012
        ],
        [
          0.802692,
          0.126727,
          0.582775,
          3.60248
        ],
        [
          0.031256,
          -0.984759,
          0.171089,
          1.695882
        ],
        [
          0.0,
          0.0,
          0.0,
          1.0
        ]
      ]
    },
    {
      "file_path": "/media/NFS/ttao/scannet/posed_images/scene0574_02/00053.jpg",
      "transform_matrix": [
        [
          0.594612,
          -0.118323,
          -0.795258,
          3.593062
        ],
        [
          0.803552,
          0.120935,
          0.58282,
          3.600258
        ],
        [
          0.027213,
          -0.985583,
          0.166989,
          1.69104
        ],
        [
          0.0,
          0.0,
          0.0,
          1.0
        ]
      ]
    },
    {
      "file_path": "/media/NFS/ttao/scannet/posed_images/scene0574_02/00061.jpg",
      "transform_matrix": [
        [
          0.591069,
          -0.054332,
          -0.804789,
          3.580817
        ],
        [
          0.805743,
          0.086322,
          0.585942,
          3.596162
        ],
        [
          0.037635,
          -0.994785,
          0.0948,
          1.668831
        ],
        [
          0.0,
          0.0,
          0.0,
          1.0
        ]
      ]
    },
    {
      "file_path": "/media/NFS/ttao/scannet/posed_images/scene0574_02/00062.jpg",
      "transform_matrix": [
        [
          0.591285,
          -0.048261,
          -0.805018,
          3.578591
        ],
        [
          0.805636,
          0.080539,
          0.58691,
          3.595686
        ],
        [
          0.036511,
          -0.995582,
          0.086502,
          1.664384
        ],
        [
          0.0,
          0.0,
          0.0,
          1.0
        ]
      ]
    },
    {
      "file_path": "/media/NFS/ttao/scannet/posed_images/scene0574_02/00072.jpg",
      "transform_matrix": [
        [
          0.594084,
          0.054414,
          -0.802561,
          3.550372
        ],
        [
          0.803405,
          0.009572,
          0.595357,
          3.582078
        ],
        [
          0.040078,
          -0.998473,
          -0.03803,
          1.621109
        ],
        [
          0.0,
          0.0,
          0.0,
          1.0
        ]
      ]
    },
    {
      "file_path": "/media/NFS/ttao/scannet/posed_images/scene0574_02/00075.jpg",
      "transform_matrix": [
        [
          0.596462,
          0.087826,
          -0.797822,
          3.53936
        ],
        [
          0.801487,
          -0.011861,
          0.597895,
          3.580572
        ],
        [
          0.043047,
          -0.996065,
          -0.077466,
          1.603806
        ],
        [
          0.0,
          0.0,
          0.0,
          1.0
        ]
      ]
    },
    {
      "file_path": "/media/NFS/ttao/scannet/posed_images/scene0574_02/00078.jpg",
      "transform_matrix": [
        [
          0.596146,
          0.123955,
          -0.79325,
          3.526349
        ],
        [
          0.801681,
          -0.037997,
          0.596544,
          3.579879
        ],
        [
          0.043803,
          -0.99156,
          -0.122024,
          1.586085
        ],
        [
          0.0,
          0.0,
          0.0,
          1.0
        ]
      ]
    },
    {
      "file_path": "/media/NFS/ttao/scannet/posed_images/scene0574_02/00085.jpg",
      "transform_matrix": [
        [
          0.588724,
          0.192756,
          -0.785015,
          3.487179
        ],
        [
          0.807639,
          -0.100005,
          0.581135,
          3.580851
        ],
        [
          0.033512,
          -0.976137,
          -0.214553,
          1.542496
        ],
        [
          0.0,
          0.0,
          0.0,
          1.0
        ]
      ]
    },
    {
      "file_path": "/media/NFS/ttao/scannet/posed_images/scene0574_02/00089.jpg",
      "transform_matrix": [
        [
          0.575574,
          0.243082,
          -0.780785,
          3.456753
        ],
        [
          0.817392,
          -0.142777,
          0.558109,
          3.585436
        ],
        [
          0.024188,
          -0.95944,
          -0.280872,
          1.516483
        ],
        [
          0.0,
          0.0,
          0.0,
          1.0
        ]
      ]
    },
    {
      "file_path": "/media/NFS/ttao/scannet/posed_images/scene0574_02/00096.jpg",
      "transform_matrix": [
        [
          0.545948,
          0.364919,
          -0.754171,
          3.395714
        ],
        [
          0.8373,
          -0.205959,
          0.506468,
          3.588312
        ],
        [
          0.029492,
          -0.907973,
          -0.41799,
          1.469494
        ],
        [
          0.0,
          0.0,
          0.0,
          1.0
        ]
      ]
    },
    {
      "file_path": "/media/NFS/ttao/scannet/posed_images/scene0574_02/00101.jpg",
      "transform_matrix": [
        [
          0.532301,
          0.454297,
          -0.714332,
          3.356178
        ],
        [
          0.844751,
          -0.229989,
          0.483219,
          3.596892
        ],
        [
          0.055237,
          -0.86065,
          -0.506192,
          1.430417
        ],
        [
          0.0,
          0.0,
          0.0,
          1.0
        ]
      ]
    },
    {
      "file_path": "/media/NFS/ttao/scannet/posed_images/scene0574_02/00109.jpg",
      "transform_matrix": [
        [
          0.543863,
          0.523061,
          -0.656216,
          3.322872
        ],
        [
          0.834337,
          -0.253198,
          0.489666,
          3.611007
        ],
        [
          0.089973,
          -0.813817,
          -0.574115,
          1.386824
        ],
        [
          0.0,
          0.0,
          0.0,
          1.0
        ]
      ]
    },
    {
      "file_path": "/media/NFS/ttao/scannet/posed_images/scene0574_02/00115.jpg",
      "transform_matrix": [
        [
          0.588298,
          0.558343,
          -0.584943,
          3.275396
        ],
        [
          0.799266,
          -0.291641,
          0.525471,
          3.613048
        ],
        [
          0.122799,
          -0.776659,
          -0.617836,
          1.372765
        ],
        [
          0.0,
          0.0,
          0.0,
          1.0
        ]
      ]
    },
    {
      "file_path": "/media/NFS/ttao/scannet/posed_images/scene0574_02/00118.jpg",
      "transform_matrix": [
        [
          0.617643,
          0.551872,
          -0.560316,
          3.254789
        ],
        [
          0.776191,
          -0.313002,
          0.547319,
          3.61106
        ],
        [
          0.126669,
          -0.77296,
          -0.621681,
          1.367385
        ],
        [
          0.0,
          0.0,
          0.0,
          1.0
        ]
      ]
    },
    {
      "file_path": "/media/NFS/ttao/scannet/posed_images/scene0574_02/00121.jpg",
      "transform_matrix": [
        [
          0.648822,
          0.545686,
          -0.530337,
          3.223087
        ],
        [
          0.750846,
          -0.345963,
          0.562619,
          3.599113
        ],
        [
          0.123536,
          -0.763241,
          -0.634194,
          1.364269
        ],
        [
          0.0,
          0.0,
          0.0,
          1.0
        ]
      ]
    },
    {
      "file_path": "/media/NFS/ttao/scannet/posed_images/scene0574_02/00126.jpg",
      "transform_matrix": [
        [
          0.702739,
          0.511439,
          -0.494557,
          3.187126
        ],
        [
          0.705723,
          -0.413109,
          0.575583,
          3.583274
        ],
        [
          0.09007,
          -0.753506,
          -0.651242,
          1.360703
        ],
        [
          0.0,
          0.0,
          0.0,
          1.0
        ]
      ]
    },
    {
      "file_path": "/media/NFS/ttao/scannet/posed_images/scene0574_02/00134.jpg",
      "transform_matrix": [
        [
          0.787164,
          0.436683,
          -0.435523,
          3.143417
        ],
        [
          0.616187,
          -0.526832,
          0.585459,
          3.561288
        ],
        [
          0.026212,
          -0.729216,
          -0.683782,
          1.354838
        ],
        [
          0.0,
          0.0,
          0.0,
          1.0
        ]
      ]
    },
    {
      "file_path": "/media/NFS/ttao/scannet/posed_images/scene0574_02/00137.jpg",
      "transform_matrix": [
        [
          0.811314,
          0.40919,
          -0.417532,
          3.129249
        ],
        [
          0.584426,
          -0.549757,
          0.596836,
          3.561099
        ],
        [
          0.014679,
          -0.728238,
          -0.685167,
          1.354715
        ],
        [
          0.0,
          0.0,
          0.0,
          1.0
        ]
      ]
    },
    {
      "file_path": "/media/NFS/ttao/scannet/posed_images/scene0574_02/00144.jpg",
      "transform_matrix": [
        [
          0.856672,
          0.350402,
          -0.378592,
          3.084039
        ],
        [
          0.515859,
          -0.584401,
          0.62639,
          3.581184
        ],
        [
          -0.001762,
          -0.731911,
          -0.681398,
          1.357204
        ],
        [
          0.0,
          0.0,
          0.0,
          1.0
        ]
      ]
    },
    {
      "file_path": "/media/NFS/ttao/scannet/posed_images/scene0574_02/00149.jpg",
      "transform_matrix": [
        [
          0.873866,
          0.315756,
          -0.369669,
          3.041619
        ],
        [
          0.486095,
          -0.580437,
          0.653303,
          3.60467
        ],
        [
          -0.008285,
          -0.750593,
          -0.660712,
          1.365377
        ],
        [
          0.0,
          0.0,
          0.0,
          1.0
        ]
      ]
    },
    {
      "file_path": "/media/NFS/ttao/scannet/posed_images/scene0574_02/00157.jpg",
      "transform_matrix": [
        [
          0.907065,
          0.248866,
          -0.339557,
          2.963224
        ],
        [
          0.420976,
          -0.529255,
          0.73666,
          3.658748
        ],
        [
          0.003617,
          -0.811144,
          -0.584835,
          1.395308
        ],
        [
          0.0,
          0.0,
          0.0,
          1.0
        ]
      ]
    },
    {
      "file_path": "/media/NFS/ttao/scannet/posed_images/scene0574_02/00161.jpg",
      "transform_matrix": [
        [
          0.922548,
          0.221022,
          -0.316314,
          2.933294
        ],
        [
          0.385788,
          -0.510106,
          0.768739,
          3.685022
        ],
        [
          0.008555,
          -0.831229,
          -0.555865,
          1.421845
        ],
        [
          0.0,
          0.0,
          0.0,
          1.0
        ]
      ]
    },
    {
      "file_path": "/media/NFS/ttao/scannet/posed_images/scene0574_02/00168.jpg",
      "transform_matrix": [
        [
          0.942252,
          0.182958,
          -0.280513,
          2.886013
        ],
        [
          0.334904,
          -0.513093,
          0.7903,
          3.706937
        ],
        [
          0.000663,
          -0.838607,
          -0.544737,
          1.458388
        ],
        [
          0.0,
          0.0,
          0.0,
          1.0
        ]
      ]
    },
    {
      "file_path": "/media/NFS/ttao/scannet/posed_images/scene0574_02/00171.jpg",
      "transform_matrix": [
        [
          0.953094,
          0.178086,
          -0.244739,
          2.858275
        ],
        [
          0.302332,
          -0.521695,
          0.797766,
          3.709168
        ],
        [
          0.014392,
          -0.834338,
          -0.551065,
          1.460924
        ],
        [
          0.0,
          0.0,
          0.0,
          1.0
        ]
      ]
    },
    {
      "file_path": "/media/NFS/ttao/scannet/posed_images/scene0574_02/00179.jpg",
      "transform_matrix": [
        [
          0.981834,
          0.113728,
          -0.151881,
          2.770232
        ],
        [
          0.189166,
          -0.524358,
          0.83022,
          3.702357
        ],
        [
          0.014779,
          -0.843869,
          -0.536346,
          1.474548
        ],
        [
          0.0,
          0.0,
          0.0,
          1.0
        ]
      ]
    },
    {
      "file_path": "/media/NFS/ttao/scannet/posed_images/scene0574_02/00184.jpg",
      "transform_matrix": [
        [
          0.993373,
          0.045434,
          -0.105577,
          2.702109
        ],
        [
          0.113833,
          -0.515966,
          0.849012,
          3.686949
        ],
        [
          -0.0159,
          -0.855403,
          -0.517718,
          1.493034
        ],
        [
          0.0,
          0.0,
          0.0,
          1.0
        ]
      ]
    },
    {
      "file_path": "/media/NFS/ttao/scannet/posed_images/scene0574_02/00189.jpg",
      "transform_matrix": [
        [
          0.999209,
          0.016718,
          -0.036067,
          2.656708
        ],
        [
          0.039543,
          -0.511104,
          0.858609,
          3.668421
        ],
        [
          -0.004079,
          -0.859357,
          -0.511361,
          1.500081
        ],
        [
          0.0,
          0.0,
          0.0,
          1.0
        ]
      ]
    },
    {
      "file_path": "/media/NFS/ttao/scannet/posed_images/scene0574_02/00190.jpg",
      "transform_matrix": [
        [
          0.999493,
          -0.004648,
          -0.031489,
          2.661171
        ],
        [
          0.024719,
          -0.509938,
          0.859856,
          3.664201
        ],
        [
          -0.020054,
          -0.860199,
          -0.509565,
          1.511574
        ],
        [
          0.0,
          0.0,
          0.0,
          1.0
        ]
      ]
    },
    {
      "file_path": "/media/NFS/ttao/scannet/posed_images/scene0574_02/00200.jpg",
      "transform_matrix": [
        [
          0.997425,
          -0.005256,
          0.071527,
          2.592623
        ],
        [
          -0.06729,
          -0.413646,
          0.907948,
          3.60476
        ],
        [
          0.024814,
          -0.910423,
          -0.412935,
          1.512954
        ],
        [
          0.0,
          0.0,
          0.0,
          1.0
        ]
      ]
    },
    {
      "file_path": "/media/NFS/ttao/scannet/posed_images/scene0574_02/00205.jpg",
      "transform_matrix": [
        [
          0.991919,
          0.011452,
          0.126352,
          2.566344
        ],
        [
          -0.113227,
          -0.369374,
          0.922357,
          3.570571
        ],
        [
          0.057234,
          -0.92921,
          -0.365093,
          1.525971
        ],
        [
          0.0,
          0.0,
          0.0,
          1.0
        ]
      ]
    },
    {
      "file_path": "/media/NFS/ttao/scannet/posed_images/scene0574_02/00211.jpg",
      "transform_matrix": [
        [
          0.984653,
          0.006755,
          0.17439,
          2.532253
        ],
        [
          -0.160982,
          -0.35073,
          0.922537,
          3.520973
        ],
        [
          0.067396,
          -0.936453,
          -0.344259,
          1.548312
        ],
        [
          0.0,
          0.0,
          0.0,
          1.0
        ]
      ]
    },
    {
      "file_path": "/media/NFS/ttao/scannet/posed_images/scene0574_02/00213.jpg",
      "transform_matrix": [
        [
          0.983065,
          0.005731,
          0.183169,
          2.519923
        ],
        [
          -0.170986,
          -0.330931,
          0.928035,
          3.500502
        ],
        [
          0.065935,
          -0.943638,
          -0.324347,
          1.550131
        ],
        [
          0.0,
          0.0,
          0.0,
          1.0
        ]
      ]
    },
    {
      "file_path": "/media/NFS/ttao/scannet/posed_images/scene0574_02/00217.jpg",
      "transform_matrix": [
        [
          0.97934,
          0.002803,
          0.202201,
          2.496536
        ],
        [
          -0.192035,
          -0.300443,
          0.934268,
          3.462567
        ],
        [
          0.063369,
          -0.953796,
          -0.293698,
          1.560514
        ],
        [
          0.0,
          0.0,
          0.0,
          1.0
        ]
      ]
    },
    {
      "file_path": "/media/NFS/ttao/scannet/posed_images/scene0574_02/00227.jpg",
      "transform_matrix": [
        [
          0.96644,
          -0.004944,
          0.256845,
          2.450804
        ],
        [
          -0.251237,
          -0.226822,
          0.940974,
          3.373806
        ],
        [
          0.053605,
          -0.973924,
          -0.220452,
          1.590786
        ],
        [
          0.0,
          0.0,
          0.0,
          1.0
        ]
      ]
    },
    {
      "file_path": "/media/NFS/ttao/scannet/posed_images/scene0574_02/00229.jpg",
      "transform_matrix": [
        [
          0.964845,
          -0.01305,
          0.262493,
          2.441804
        ],
        [
          -0.258312,
          -0.231219,
          0.937983,
          3.357552
        ],
        [
          0.048452,
          -0.972814,
          -0.226462,
          1.594743
        ],
        [
          0.0,
          0.0,
          0.0,
          1.0
        ]
      ]
    },
    {
      "file_path": "/media/NFS/ttao/scannet/posed_images/scene0574_02/00235.jpg",
      "transform_matrix": [
        [
          0.964833,
          -0.012263,
          0.262579,
          2.419334
        ],
        [
          -0.259676,
          -0.199592,
          0.944845,
          3.302816
        ],
        [
          0.040822,
          -0.979802,
          -0.195758,
          1.601573
        ],
        [
          0.0,
          0.0,
          0.0,
          1.0
        ]
      ]
    },
    {
      "file_path": "/media/NFS/ttao/scannet/posed_images/scene0574_02/00243.jpg",
      "transform_matrix": [
        [
          0.957795,
          -0.036478,
          0.285129,
          2.423547
        ],
        [
          -0.28713,
          -0.168405,
          0.942972,
          3.224338
        ],
        [
          0.013619,
          -0.985043,
          -0.171771,
          1.620474
        ],
        [
          0.0,
          0.0,
          0.0,
          1.0
        ]
      ]
    },
    {
      "file_path": "/media/NFS/ttao/scannet/posed_images/scene0574_02/00248.jpg",
      "transform_matrix": [
        [
          0.964556,
          -0.016437,
          0.263365,
          2.430904
        ],
        [
          -0.263012,
          -0.140646,
          0.954486,
          3.169613
        ],
        [
          0.021352,
          -0.989924,
          -0.139984,
          1.624378
        ],
        [
          0.0,
          0.0,
          0.0,
          1.0
        ]
      ]
    },
    {
      "file_path": "/media/NFS/ttao/scannet/posed_images/scene0574_02/00252.jpg",
      "transform_matrix": [
        [
          0.966783,
          0.01618,
          0.255084,
          2.434206
        ],
        [
          -0.251079,
          -0.126689,
          0.95964,
          3.126547
        ],
        [
          0.047843,
          -0.991811,
          -0.118418,
          1.625144
        ],
        [
          0.0,
          0.0,
          0.0,
          1.0
        ]
      ]
    },
    {
      "file_path": "/media/NFS/ttao/scannet/posed_images/scene0574_02/00254.jpg",
      "transform_matrix": [
        [
          0.96724,
          0.025561,
          0.252574,
          2.438817
        ],
        [
          -0.247568,
          -0.125225,
          0.960744,
          3.106769
        ],
        [
          0.056186,
          -0.991799,
          -0.114795,
          1.628742
        ],
        [
          0.0,
          0.0,
          0.0,
          1.0
        ]
      ]
    },
    {
      "file_path": "/media/NFS/ttao/scannet/posed_images/scene0574_02/00262.jpg",
      "transform_matrix": [
        [
          0.959688,
          0.032147,
          0.279222,
          2.441284
        ],
        [
          -0.276173,
          -0.076714,
          0.958042,
          3.019619
        ],
        [
          0.052219,
          -0.996535,
          -0.064744,
          1.630186
        ],
        [
          0.0,
          0.0,
          0.0,
          1.0
        ]
      ]
    },
    {
      "file_path": "/media/NFS/ttao/scannet/posed_images/scene0574_02/00265.jpg",
      "transform_matrix": [
        [
          0.960338,
          0.019616,
          0.278149,
          2.443643
        ],
        [
          -0.275896,
          -0.077703,
          0.958042,
          3.000389
        ],
        [
          0.040406,
          -0.996784,
          -0.06921,
          1.62984
        ],
        [
          0.0,
          0.0,
          0.0,
          1.0
        ]
      ]
    },
    {
      "file_path": "/media/NFS/ttao/scannet/posed_images/scene0574_02/00275.jpg",
      "transform_matrix": [
        [
          0.940956,
          0.008066,
          0.338432,
          2.430879
        ],
        [
          -0.337745,
          -0.045585,
          0.940133,
          2.972563
        ],
        [
          0.023011,
          -0.998928,
          -0.040169,
          1.637316
        ],
        [
          0.0,
          0.0,
          0.0,
          1.0
        ]
      ]
    },
    {
      "file_path": "/media/NFS/ttao/scannet/posed_images/scene0574_02/00278.jpg",
      "transform_matrix": [
        [
          0.936673,
          0.005564,
          0.350161,
          2.423804
        ],
        [
          -0.349591,
          -0.044329,
          0.935853,
          2.972449
        ],
        [
          0.020729,
          -0.999001,
          -0.039577,
          1.636403
        ],
        [
          0.0,
          0.0,
          0.0,
          1.0
        ]
      ]
    },
    {
      "file_path": "/media/NFS/ttao/scannet/posed_images/scene0574_02/00281.jpg",
      "transform_matrix": [
        [
          0.929005,
          -0.002717,
          0.370056,
          2.411997
        ],
        [
          -0.369758,
          -0.047642,
          0.927906,
          2.982209
        ],
        [
          0.015109,
          -0.998861,
          -0.045264,
          1.641715
        ],
        [
          0.0,
          0.0,
          0.0,
          1.0
        ]
      ]
    },
    {
      "file_path": "/media/NFS/ttao/scannet/posed_images/scene0574_02/00288.jpg",
      "transform_matrix": [
        [
          0.915081,
          -0.023679,
          0.402574,
          2.387788
        ],
        [
          -0.403234,
          -0.067007,
          0.912641,
          3.010478
        ],
        [
          0.005365,
          -0.997471,
          -0.070865,
          1.624304
        ],
        [
          0.0,
          0.0,
          0.0,
          1.0
        ]
      ]
    },
    {
      "file_path": "/media/NFS/ttao/scannet/posed_images/scene0574_02/00292.jpg",
      "transform_matrix": [
        [
          0.906775,
          -0.044668,
          0.419242,
          2.382509
        ],
        [
          -0.421614,
          -0.093689,
          0.901923,
          3.041842
        ],
        [
          -0.001009,
          -0.994599,
          -0.103787,
          1.618236
        ],
        [
          0.0,
          0.0,
          0.0,
          1.0
        ]
      ]
    },
    {
      "file_path": "/media/NFS/ttao/scannet/posed_images/scene0574_02/00300.jpg",
      "transform_matrix": [
        [
          0.865134,
          -0.06412,
          0.497424,
          2.34412
        ],
        [
          -0.500894,
          -0.160792,
          0.850442,
          3.120176
        ],
        [
          0.025451,
          -0.984903,
          -0.171224,
          1.59522
        ],
        [
          0.0,
          0.0,
          0.0,
          1.0
        ]
      ]
    },
    {
      "file_path": "/media/NFS/ttao/scannet/posed_images/scene0574_02/00302.jpg",
      "transform_matrix": [
        [
          0.855905,
          -0.075224,
          0.511632,
          2.337342
        ],
        [
          -0.516443,
          -0.175435,
          0.838159,
          3.137094
        ],
        [
          0.026708,
          -0.981613,
          -0.189005,
          1.590216
        ],
        [
          0.0,
          0.0,
          0.0,
          1.0
        ]
      ]
    },
    {
      "file_path": "/media/NFS/ttao/scannet/posed_images/scene0574_02/00312.jpg",
      "transform_matrix": [
        [
          0.797716,
          -0.156504,
          0.582371,
          2.309877
        ],
        [
          -0.601968,
          -0.264031,
          0.753606,
          3.216528
        ],
        [
          0.035822,
          -0.951732,
          -0.304832,
          1.543525
        ],
        [
          0.0,
          0.0,
          0.0,
          1.0
        ]
      ]
    },
    {
      "file_path": "/media/NFS/ttao/scannet/posed_images/scene0574_02/00315.jpg",
      "transform_matrix": [
        [
          0.793973,
          -0.174133,
          0.582481,
          2.313557
        ],
        [
          -0.606122,
          -0.301015,
          0.736211,
          3.229851
        ],
        [
          0.047136,
          -0.937586,
          -0.344544,
          1.527413
        ],
        [
          0.0,
          0.0,
          0.0,
          1.0
        ]
      ]
    },
    {
      "file_path": "/media/NFS/ttao/scannet/posed_images/scene0574_02/00321.jpg",
      "transform_matrix": [
        [
          0.811335,
          -0.196164,
          0.550686,
          2.325561
        ],
        [
          -0.579979,
          -0.388079,
          0.716254,
          3.260428
        ],
        [
          0.073207,
          -0.900508,
          -0.428633,
          1.4946
        ],
        [
          0.0,
          0.0,
          0.0,
          1.0
        ]
      ]
    },
    {
      "file_path": "/media/NFS/ttao/scannet/posed_images/scene0574_02/00328.jpg",
      "transform_matrix": [
        [
          0.84715,
          -0.228762,
          0.479588,
          2.357571
        ],
        [
          -0.528152,
          -0.461459,
          0.712819,
          3.28281
        ],
        [
          0.058244,
          -0.85716,
          -0.511746,
          1.458194
        ],
        [
          0.0,
          0.0,
          0.0,
          1.0
        ]
      ]
    },
    {
      "file_path": "/media/NFS/ttao/scannet/posed_images/scene0574_02/00332.jpg",
      "transform_matrix": [
        [
          0.851429,
          -0.232774,
          0.469984,
          2.370532
        ],
        [
          -0.520101,
          -0.490161,
          0.699455,
          3.298247
        ],
        [
          0.067553,
          -0.839976,
          -0.538403,
          1.439775
        ],
        [
          0.0,
          0.0,
          0.0,
          1.0
        ]
      ]
    },
    {
      "file_path": "/media/NFS/ttao/scannet/posed_images/scene0574_02/00336.jpg",
      "transform_matrix": [
        [
          0.853542,
          -0.238813,
          0.463071,
          2.384286
        ],
        [
          -0.516402,
          -0.505874,
          0.690956,
          3.306729
        ],
        [
          0.069246,
          -0.828891,
          -0.555108,
          1.427938
        ],
        [
          0.0,
          0.0,
          0.0,
          1.0
        ]
      ]
    },
    {
      "file_path": "/media/NFS/ttao/scannet/posed_images/scene0574_02/00342.jpg",
      "transform_matrix": [
        [
          0.850219,
          -0.264222,
          0.455318,
          2.40494
        ],
        [
          -0.522642,
          -0.527232,
          0.669979,
          3.312409
        ],
        [
          0.063035,
          -0.807597,
          -0.586356,
          1.410685
        ],
        [
          0.0,
          0.0,
          0.0,
          1.0
        ]
      ]
    },
    {
      "file_path": "/media/NFS/ttao/scannet/posed_images/scene0574_02/00347.jpg",
      "transform_matrix": [
        [
          0.839506,
          -0.296128,
          0.455562,
          2.425384
        ],
        [
          -0.540829,
          -0.536073,
          0.648174,
          3.320059
        ],
        [
          0.052272,
          -0.790527,
          -0.610192,
          1.407937
        ],
        [
          0.0,
          0.0,
          0.0,
          1.0
        ]
      ]
    },
    {
      "file_path": "/media/NFS/ttao/scannet/posed_images/scene0574_02/00350.jpg",
      "transform_matrix": [
        [
          0.826928,
          -0.311425,
          0.468193,
          2.434568
        ],
        [
          -0.560569,
          -0.522003,
          0.642865,
          3.332487
        ],
        [
          0.044194,
          -0.794057,
          -0.606234,
          1.407914
        ],
        [
          0.0,
          0.0,
          0.0,
          1.0
        ]
      ]
    },
    {
      "file_path": "/media/NFS/ttao/scannet/posed_images/scene0574_02/00360.jpg",
      "transform_matrix": [
        [
          0.774811,
          -0.350998,
          0.525802,
          2.461201
        ],
        [
          -0.631714,
          -0.462233,
          0.622317,
          3.41314
        ],
        [
          0.024611,
          -0.814335,
          -0.579874,
          1.380061
        ],
        [
          0.0,
          0.0,
          0.0,
          1.0
        ]
      ]
    },
    {
      "file_path": "/media/NFS/ttao/scannet/posed_images/scene0574_02/00363.jpg",
      "transform_matrix": [
        [
          0.763136,
          -0.359848,
          0.53678,
          2.472018
        ],
        [
          -0.645893,
          -0.451846,
          0.615352,
          3.44879
        ],
        [
          0.021109,
          -0.8163,
          -0.577243,
          1.354028
        ],
        [
          0.0,
          0.0,
          0.0,
          1.0
        ]
      ]
    },
    {
      "file_path": "/media/NFS/ttao/scannet/posed_images/scene0574_02/00368.jpg",
      "transform_matrix": [
        [
          0.725847,
          -0.345796,
          0.594618,
          2.486423
        ],
        [
          -0.686504,
          -0.41834,
          0.59473,
          3.506325
        ],
        [
          0.043097,
          -0.839891,
          -0.541042,
          1.296828
        ],
        [
          0.0,
          0.0,
          0.0,
          1.0
        ]
      ]
    },
    {
      "file_path": "/media/NFS/ttao/scannet/posed_images/scene0574_02/00372.jpg",
      "transform_matrix": [
        [
          0.710201,
          -0.363754,
          0.602742,
          2.492509
        ],
        [
          -0.703251,
          -0.406033,
          0.583588,
          3.531199
        ],
        [
          0.032451,
          -0.838344,
          -0.544175,
          1.225305
        ],
        [
          0.0,
          0.0,
          0.0,
          1.0
        ]
      ]
    },
    {
      "file_path": "/media/NFS/ttao/scannet/posed_images/scene0574_02/00380.jpg",
      "transform_matrix": [
        [
          0.720855,
          -0.362861,
          0.590508,
          2.501248
        ],
        [
          -0.692088,
          -0.422563,
          0.585196,
          3.544137
        ],
        [
          0.037182,
          -0.830525,
          -0.555739,
          1.094535
        ],
        [
          0.0,
          0.0,
          0.0,
          1.0
        ]
      ]
    },
    {
      "file_path": "/media/NFS/ttao/scannet/posed_images/scene0574_02/00387.jpg",
      "transform_matrix": [
        [
          0.732924,
          -0.305528,
          0.607844,
          2.506859
        ],
        [
          -0.678075,
          -0.400438,
          0.616331,
          3.542841
        ],
        [
          0.055098,
          -0.863887,
          -0.500662,
          0.987207
        ],
        [
          0.0,
          0.0,
          0.0,
          1.0
        ]
      ]
    },
    {
      "file_path": "/media/NFS/ttao/scannet/posed_images/scene0574_02/00388.jpg",
      "transform_matrix": [
        [
          0.734605,
          -0.29688,
          0.610097,
          2.507388
        ],
        [
          -0.675918,
          -0.39851,
          0.619939,
          3.543166
        ],
        [
          0.059083,
          -0.867786,
          -0.493414,
          0.970604
        ],
        [
          0.0,
          0.0,
          0.0,
          1.0
        ]
      ]
    },
    {
      "file_path": "/media/NFS/ttao/scannet/posed_images/scene0574_02/00396.jpg",
      "transform_matrix": [
        [
          0.732864,
          -0.259159,
          0.629085,
          2.516567
        ],
        [
          -0.675923,
          -0.382939,
          0.629672,
          3.534924
        ],
        [
          0.077716,
          -0.886676,
          -0.455814,
          0.869983
        ],
        [
          0.0,
          0.0,
          0.0,
          1.0
        ]
      ]
    },
    {
      "file_path": "/media/NFS/ttao/scannet/posed_images/scene0574_02/00398.jpg",
      "transform_matrix": [
        [
          0.736224,
          -0.251188,
          0.628393,
          2.518073
        ],
        [
          -0.672539,
          -0.374849,
          0.638107,
          3.528823
        ],
        [
          0.075268,
          -0.892408,
          -0.444907,
          0.852402
        ],
        [
          0.0,
          0.0,
          0.0,
          1.0
        ]
      ]
    },
    {
      "file_path": "/media/NFS/ttao/scannet/posed_images/scene0574_02/00404.jpg",
      "transform_matrix": [
        [
          0.743653,
          -0.20797,
          0.635396,
          2.525675
        ],
        [
          -0.66269,
          -0.355011,
          0.6594,
          3.506094
        ],
        [
          0.088438,
          -0.911436,
          -0.401825,
          0.809029
        ],
        [
          0.0,
          0.0,
          0.0,
          1.0
        ]
      ]
    },
    {
      "file_path": "/media/NFS/ttao/scannet/posed_images/scene0574_02/00409.jpg",
      "transform_matrix": [
        [
          0.741687,
          -0.199677,
          0.640336,
          2.535312
        ],
        [
          -0.665071,
          -0.342857,
          0.663423,
          3.487126
        ],
        [
          0.087073,
          -0.917921,
          -0.387092,
          0.781467
        ],
        [
          0.0,
