{
  "frames": [
    {
      "file_path": "/media/NFS/ttao/scannet/posed_images/scene0393_02/00000.jpg",
      "transform_matrix": [
        [
          0.994549,
          0.028991,
          -0.10016,
          3.908056
        ],
        [
          0.103962,
          -0.2018,
          0.973894,
          2.116294
        ],
        [
          0.008022,
          -0.978998,
          -0.203714,
          1.629805
        ],
        [
          0.0,
          0.0,
          0.0,
          1.0
        ]
      ]
    },
    {
      "file_path": "/media/NFS/ttao/scannet/posed_images/scene0393_02/00004.jpg",
      "transform_matrix": [
        [
          0.99506,
          0.036213,
          -0.092435,
          3.908676
        ],
        [
          0.097743,
          -0.194419,
          0.976037,
          2.113984
        ],
        [
          0.017374,
          -0.98025,
          -0.196998,
          1.641413
        ],
        [
          0.0,
          0.0,
          0.0,
          1.0
        ]
      ]
    },
    {
      "file_path": "/media/NFS/ttao/scannet/posed_images/scene0393_02/00008.jpg",
      "transform_matrix": [
        [
          0.995037,
          0.037935,
          -0.091995,
          3.91233
        ],
        [
          0.097125,
          -0.169049,
          0.980811,
          2.111937
        ],
        [
          0.021655,
          -0.984877,
          -0.171895,
          1.657882
        ],
        [
          0.0,
          0.0,
          0.0,
          1.0
        ]
      ]
    },
    {
      "file_path": "/media/NFS/ttao/scannet/posed_images/scene0393_02/00012.jpg",
      "transform_matrix": [
        [
          0.993938,
          0.036983,
          -0.103538,
          3.919461
        ],
        [
          0.107572,
          -0.132544,
          0.985323,
          2.109979
        ],
        [
          0.022717,
          -0.990487,
          -0.135719,
          1.670154
        ],
        [
          0.0,
          0.0,
          0.0,
          1.0
        ]
      ]
    },
    {
      "file_path": "/media/NFS/ttao/scannet/posed_images/scene0393_02/00020.jpg",
      "transform_matrix": [
        [
          0.992221,
          0.032991,
          -0.120041,
          3.912229
        ],
        [
          0.121979,
          -0.064886,
          0.990409,
          2.098689
        ],
        [
          0.024886,
          -0.997347,
          -0.068406,
          1.689176
        ],
        [
          0.0,
          0.0,
          0.0,
          1.0
        ]
      ]
    },
    {
      "file_path": "/media/NFS/ttao/scannet/posed_images/scene0393_02/00023.jpg",
      "transform_matrix": [
        [
          0.992025,
          0.03274,
          -0.121713,
          3.900816
        ],
        [
          0.123554,
          -0.061793,
          0.990412,
          2.097304
        ],
        [
          0.024905,
          -0.997552,
          -0.065345,
          1.726525
        ],
        [
          0.0,
          0.0,
          0.0,
          1.0
        ]
      ]
    },
    {
      "file_path": "/media/NFS/ttao/scannet/posed_images/scene0393_02/00025.jpg",
      "transform_matrix": [
        [
          0.991852,
          0.031084,
          -0.123542,
          3.894813
        ],
        [
          0.125019,
          -0.051205,
          0.990832,
          2.093367
        ],
        [
          0.024473,
          -0.998204,
          -0.054674,
          1.723948
        ],
        [
          0.0,
          0.0,
          0.0,
          1.0
        ]
      ]
    },
    {
      "file_path": "/media/NFS/ttao/scannet/posed_images/scene0393_02/00030.jpg",
      "transform_matrix": [
        [
          0.988594,
          0.028198,
          -0.147942,
          3.922738
        ],
        [
          0.148888,
          -0.035065,
          0.988232,
          2.097858
        ],
        [
          0.022678,
          -0.998987,
          -0.038863,
          1.725866
        ],
        [
          0.0,
          0.0,
          0.0,
          1.0
        ]
      ]
    },
    {
      "file_path": "/media/NFS/ttao/scannet/posed_images/scene0393_02/00035.jpg",
      "transform_matrix": [
        [
          0.985925,
          0.027903,
          -0.164845,
          3.894362
        ],
        [
          0.165781,
          -0.035433,
          0.985526,
          2.094306
        ],
        [
          0.021659,
          -0.998982,
          -0.03956,
          1.732829
        ],
        [
          0.0,
          0.0,
          0.0,
          1.0
        ]
      ]
    },
    {
      "file_path": "/media/NFS/ttao/scannet/posed_images/scene0393_02/00040.jpg",
      "transform_matrix": [
        [
          0.977734,
          0.02875,
          -0.207867,
          3.920351
        ],
        [
          0.209131,
          -0.051786,
          0.976516,
          2.107919
        ],
        [
          0.01731,
          -0.998244,
          -0.056645,
          1.738813
        ],
        [
          0.0,
          0.0,
          0.0,
          1.0
        ]
      ]
    },
    {
      "file_path": "/media/NFS/ttao/scannet/posed_images/scene0393_02/00043.jpg",
      "transform_matrix": [
        [
          0.976823,
          0.023997,
          -0.2127,
          3.866523
        ],
        [
          0.213749,
          -0.056731,
          0.97524,
          2.090367
        ],
        [
          0.011336,
          -0.998101,
          -0.060546,
          1.707607
        ],
        [
          0.0,
          0.0,
          0.0,
          1.0
        ]
      ]
    },
    {
      "file_path": "/media/NFS/ttao/scannet/posed_images/scene0393_02/00047.jpg",
      "transform_matrix": [
        [
          0.969001,
          0.020502,
          -0.246204,
          3.862381
        ],
        [
          0.247055,
          -0.077701,
          0.965881,
          2.091465
        ],
        [
          0.000673,
          -0.996766,
          -0.080358,
          1.694822
        ],
        [
          0.0,
          0.0,
          0.0,
          1.0
        ]
      ]
    },
    {
      "file_path": "/media/NFS/ttao/scannet/posed_images/scene0393_02/00055.jpg",
      "transform_matrix": [
        [
          0.952903,
          0.036822,
          -0.30103,
          3.826081
        ],
        [
          0.303273,
          -0.117848,
          0.945588,
          2.088007
        ],
        [
          -0.000657,
          -0.992349,
          -0.123465,
          1.677134
        ],
        [
          0.0,
          0.0,
          0.0,
          1.0
        ]
      ]
    },
    {
      "file_path": "/media/NFS/ttao/scannet/posed_images/scene0393_02/00059.jpg",
      "transform_matrix": [
        [
          0.943417,
          0.044437,
          -0.328619,
          3.803406
        ],
        [
          0.33159,
          -0.13721,
          0.933392,
          2.080733
        ],
        [
          -0.003613,
          -0.989545,
          -0.144181,
          1.670438
        ],
        [
          0.0,
          0.0,
          0.0,
          1.0
        ]
      ]
    },
    {
      "file_path": "/media/NFS/ttao/scannet/posed_images/scene0393_02/00063.jpg",
      "transform_matrix": [
        [
          0.931597,
          0.051841,
          -0.359778,
          3.792707
        ],
        [
          0.36339,
          -0.156544,
          0.918391,
          2.075448
        ],
        [
          -0.008711,
          -0.98631,
          -0.164675,
          1.656759
        ],
        [
          0.0,
          0.0,
          0.0,
          1.0
        ]
      ]
    },
    {
      "file_path": "/media/NFS/ttao/scannet/posed_images/scene0393_02/00064.jpg",
      "transform_matrix": [
        [
          0.930242,
          0.053204,
          -0.363068,
          3.778968
        ],
        [
          0.366821,
          -0.160585,
          0.916327,
          2.069323
        ],
        [
          -0.00955,
          -0.985587,
          -0.168899,
          1.652259
        ],
        [
          0.0,
          0.0,
          0.0,
          1.0
        ]
      ]
    },
    {
      "file_path": "/media/NFS/ttao/scannet/posed_images/scene0393_02/00072.jpg",
      "transform_matrix": [
        [
          0.909486,
          0.080407,
          -0.407884,
          3.731852
        ],
        [
          0.415702,
          -0.187942,
          0.889871,
          2.052717
        ],
        [
          -0.005107,
          -0.978883,
          -0.204356,
          1.632972
        ],
        [
          0.0,
          0.0,
          0.0,
          1.0
        ]
      ]
    },
    {
      "file_path": "/media/NFS/ttao/scannet/posed_images/scene0393_02/00076.jpg",
      "transform_matrix": [
        [
          0.894476,
          0.096108,
          -0.436665,
          3.710755
        ],
        [
          0.447108,
          -0.198234,
          0.872237,
          2.050806
        ],
        [
          -0.002733,
          -0.975432,
          -0.220286,
          1.637778
        ],
        [
          0.0,
          0.0,
          0.0,
          1.0
        ]
      ]
    },
    {
      "file_path": "/media/NFS/ttao/scannet/posed_images/scene0393_02/00081.jpg",
      "transform_matrix": [
        [
          0.867037,
          0.119578,
          -0.483681,
          3.70852
        ],
        [
          0.498223,
          -0.199234,
          0.843848,
          2.054672
        ],
        [
          0.00454,
          -0.972629,
          -0.23232,
          1.637007
        ],
        [
          0.0,
          0.0,
          0.0,
          1.0
        ]
      ]
    },
    {
      "file_path": "/media/NFS/ttao/scannet/posed_images/scene0393_02/00082.jpg",
      "transform_matrix": [
        [
          0.861462,
          0.123362,
          -0.49261,
          3.706169
        ],
        [
          0.507795,
          -0.199347,
          0.838096,
          2.054774
        ],
        [
          0.005189,
          -0.972133,
          -0.234373,
          1.638907
        ],
        [
          0.0,
          0.0,
          0.0,
          1.0
        ]
      ]
    },
    {
      "file_path": "/media/NFS/ttao/scannet/posed_images/scene0393_02/00086.jpg",
      "transform_matrix": [
        [
          0.838555,
          0.134664,
          -0.527912,
          3.693184
        ],
        [
          0.544779,
          -0.195838,
          0.815392,
          2.048025
        ],
        [
          0.006419,
          -0.971346,
          -0.237583,
          1.64094
        ],
        [
          0.0,
          0.0,
          0.0,
          1.0
        ]
      ]
    },
    {
      "file_path": "/media/NFS/ttao/scannet/posed_images/scene0393_02/00094.jpg",
      "transform_matrix": [
        [
          0.783971,
          0.134529,
          -0.606046,
          3.690017
        ],
        [
          0.620777,
          -0.177761,
          0.763568,
          2.052251
        ],
        [
          -0.00501,
          -0.974835,
          -0.222872,
          1.637732
        ],
        [
          0.0,
          0.0,
          0.0,
          1.0
        ]
      ]
    },
    {
      "file_path": "/media/NFS/ttao/scannet/posed_images/scene0393_02/00096.jpg",
      "transform_matrix": [
        [
          0.774589,
          0.136501,
          -0.617559,
          3.679223
        ],
        [
          0.632449,
          -0.173952,
          0.754817,
          2.050389
        ],
        [
          -0.004392,
          -0.975248,
          -0.221071,
          1.642073
        ],
        [
          0.0,
          0.0,
          0.0,
          1.0
        ]
      ]
    },
    {
      "file_path": "/media/NFS/ttao/scannet/posed_images/scene0393_02/00100.jpg",
      "transform_matrix": [
        [
          0.733564,
          0.140661,
          -0.664904,
          3.719258
        ],
        [
          0.679605,
          -0.145238,
          0.719057,
          2.061599
        ],
        [
          0.004574,
          -0.979347,
          -0.202135,
          1.629725
        ],
        [
          0.0,
          0.0,
          0.0,
          1.0
        ]
      ]
    },
    {
      "file_path": "/media/NFS/ttao/scannet/posed_images/scene0393_02/00107.jpg",
      "transform_matrix": [
        [
          0.688297,
          0.13935,
          -0.711918,
          3.694531
        ],
        [
          0.72534,
          -0.116927,
          0.678387,
          2.03874
        ],
        [
          0.011291,
          -0.983316,
          -0.181557,
          1.64284
        ],
        [
          0.0,
          0.0,
          0.0,
          1.0
        ]
      ]
    },
    {
      "file_path": "/media/NFS/ttao/scannet/posed_images/scene0393_02/00109.jpg",
      "transform_matrix": [
        [
          0.673409,
          0.143006,
          -0.725306,
          3.691703
        ],
        [
          0.739181,
          -0.11504,
          0.663609,
          2.035405
        ],
        [
          0.011461,
          -0.983013,
          -0.183177,
          1.647345
        ],
        [
          0.0,
          0.0,
          0.0,
          1.0
        ]
      ]
    },
    {
      "file_path": "/media/NFS/ttao/scannet/posed_images/scene0393_02/00112.jpg",
      "transform_matrix": [
        [
          0.650916,
          0.1491,
          -0.744364,
          3.681555
        ],
        [
          0.759069,
          -0.113566,
          0.641028,
          2.022599
        ],
        [
          0.011043,
          -0.982279,
          -0.187099,
          1.640058
        ],
        [
          0.0,
          0.0,
          0.0,
          1.0
        ]
      ]
    },
    {
      "file_path": "/media/NFS/ttao/scannet/posed_images/scene0393_02/00116.jpg",
      "transform_matrix": [
        [
          0.627436,
          0.156563,
          -0.762766,
          3.667702
        ],
        [
          0.77859,
          -0.112295,
          0.617404,
          2.001515
        ],
        [
          0.011008,
          -0.981264,
          -0.192356,
          1.626917
        ],
        [
          0.0,
          0.0,
          0.0,
          1.0
        ]
      ]
    },
    {
      "file_path": "/media/NFS/ttao/scannet/posed_images/scene0393_02/00124.jpg",
      "transform_matrix": [
        [
          0.576904,
          0.191196,
          -0.794119,
          3.647028
        ],
        [
          0.816797,
          -0.129187,
          0.562276,
          1.983835
        ],
        [
          0.004915,
          -0.973013,
          -0.230697,
          1.613263
        ],
        [
          0.0,
          0.0,
          0.0,
          1.0
        ]
      ]
    },
    {
      "file_path": "/media/NFS/ttao/scannet/posed_images/scene0393_02/00128.jpg",
      "transform_matrix": [
        [
          0.551034,
          0.218569,
          -0.80535,
          3.637481
        ],
        [
          0.834452,
          -0.136018,
          0.534031,
          1.984547
        ],
        [
          0.00718,
          -0.966295,
          -0.257336,
          1.604546
        ],
        [
          0.0,
          0.0,
          0.0,
          1.0
        ]
      ]
    },
    {
      "file_path": "/media/NFS/ttao/scannet/posed_images/scene0393_02/00133.jpg",
      "transform_matrix": [
        [
          0.53874,
          0.259097,
          -0.801641,
          3.620691
        ],
        [
          0.842428,
          -0.155914,
          0.515758,
          1.956545
        ],
        [
          0.008644,
          -0.953184,
          -0.302267,
          1.592852
        ],
        [
          0.0,
          0.0,
          0.0,
          1.0
        ]
      ]
    },
    {
      "file_path": "/media/NFS/ttao/scannet/posed_images/scene0393_02/00137.jpg",
      "transform_matrix": [
        [
          0.534863,
          0.28898,
          -0.793984,
          3.61734
        ],
        [
          0.844861,
          -0.170191,
          0.507193,
          1.952036
        ],
        [
          0.01144,
          -0.942086,
          -0.335177,
          1.579703
        ],
        [
          0.0,
          0.0,
          0.0,
          1.0
        ]
      ]
    },
    {
      "file_path": "/media/NFS/ttao/scannet/posed_images/scene0393_02/00141.jpg",
      "transform_matrix": [
        [
          0.548959,
          0.29796,
          -0.780937,
          3.620676
        ],
        [
          0.835845,
          -0.192959,
          0.513935,
          1.934573
        ],
        [
          0.002443,
          -0.934873,
          -0.354975,
          1.551279
        ],
        [
          0.0,
          0.0,
          0.0,
          1.0
        ]
      ]
    },
    {
      "file_path": "/media/NFS/ttao/scannet/posed_images/scene0393_02/00145.jpg",
      "transform_matrix": [
        [
          0.565175,
          0.328566,
          -0.756717,
          3.619119
        ],
        [
          0.824949,
          -0.218353,
          0.521327,
          1.931687
        ],
        [
          0.006059,
          -0.918894,
          -0.394458,
          1.535792
        ],
        [
          0.0,
          0.0,
          0.0,
          1.0
        ]
      ]
    },
    {
      "file_path": "/media/NFS/ttao/scannet/posed_images/scene0393_02/00149.jpg",
      "transform_matrix": [
        [
          0.566926,
          0.344623,
          -0.748217,
          3.620114
        ],
        [
          0.823654,
          -0.252302,
          0.507876,
          1.932692
        ],
        [
          -0.01375,
          -0.904201,
          -0.426887,
          1.524664
        ],
        [
          0.0,
          0.0,
          0.0,
          1.0
        ]
      ]
    },
    {
      "file_path": "/media/NFS/ttao/scannet/posed_images/scene0393_02/00152.jpg",
      "transform_matrix": [
        [
          0.581654,
          0.352228,
          -0.733222,
          3.617463
        ],
        [
          0.813103,
          -0.277572,
          0.511681,
          1.930152
        ],
        [
          -0.023293,
          -0.893806,
          -0.447849,
          1.51502
        ],
        [
          0.0,
          0.0,
          0.0,
          1.0
        ]
      ]
    },
    {
      "file_path": "/media/NFS/ttao/scannet/posed_images/scene0393_02/00159.jpg",
      "transform_matrix": [
        [
          0.637911,
          0.364566,
          -0.678352,
          3.605494
        ],
        [
          0.769632,
          -0.332838,
          0.544872,
          1.920905
        ],
        [
          -0.02714,
          -0.869661,
          -0.492903,
          1.494851
        ],
        [
          0.0,
          0.0,
          0.0,
          1.0
        ]
      ]
    },
    {
      "file_path": "/media/NFS/ttao/scannet/posed_images/scene0393_02/00163.jpg",
      "transform_matrix": [
        [
          0.682108,
          0.363234,
          -0.634656,
          3.585644
        ],
        [
          0.731158,
          -0.352615,
          0.584012,
          1.910705
        ],
        [
          -0.011656,
          -0.862394,
          -0.506104,
          1.493894
        ],
        [
          0.0,
          0.0,
          0.0,
          1.0
        ]
      ]
    },
    {
      "file_path": "/media/NFS/ttao/scannet/posed_images/scene0393_02/00165.jpg",
      "transform_matrix": [
        [
          0.711691,
          0.349378,
          -0.609452,
          3.573575
        ],
        [
          0.702399,
          -0.36809,
          0.609217,
          1.896532
        ],
        [
          -0.011487,
          -0.861652,
          -0.507369,
          1.490027
        ],
        [
          0.0,
          0.0,
          0.0,
          1.0
        ]
      ]
    },
    {
      "file_path": "/media/NFS/ttao/scannet/posed_images/scene0393_02/00168.jpg",
      "transform_matrix": [
        [
          0.757567,
          0.329259,
          -0.563631,
          3.555213
        ],
        [
          0.652532,
          -0.404672,
          0.640658,
          1.880936
        ],
        [
          -0.017144,
          -0.853129,
          -0.521418,
          1.484327
        ],
        [
          0.0,
          0.0,
          0.0,
          1.0
        ]
      ]
    },
    {
      "file_path": "/media/NFS/ttao/scannet/posed_images/scene0393_02/00173.jpg",
      "transform_matrix": [
        [
          0.818184,
          0.26997,
          -0.507632,
          3.524802
        ],
        [
          0.57352,
          -0.445568,
          0.687418,
          1.840417
        ],
        [
          -0.040603,
          -0.853572,
          -0.51939,
          1.476566
        ],
        [
          0.0,
          0.0,
          0.0,
          1.0
        ]
      ]
    },
    {
      "file_path": "/media/NFS/ttao/scannet/posed_images/scene0393_02/00179.jpg",
      "transform_matrix": [
        [
          0.86608,
          0.242968,
          -0.436889,
          3.477213
        ],
        [
          0.499009,
          -0.472503,
          0.726451,
          1.785658
        ],
        [
          -0.029927,
          -0.847176,
          -0.530469,
          1.470109
        ],
        [
          0.0,
          0.0,
          0.0,
          1.0
        ]
      ]
    },
    {
      "file_path": "/media/NFS/ttao/scannet/posed_images/scene0393_02/00185.jpg",
      "transform_matrix": [
        [
          0.887273,
          0.247155,
          -0.389436,
          3.440032
        ],
        [
          0.461213,
          -0.485233,
          0.742853,
          1.745517
        ],
        [
          -0.005367,
          -0.838727,
          -0.544526,
          1.47272
        ],
        [
          0.0,
          0.0,
          0.0,
          1.0
        ]
      ]
    },
    {
      "file_path": "/media/NFS/ttao/scannet/posed_images/scene0393_02/00186.jpg",
      "transform_matrix": [
        [
          0.890354,
          0.243295,
          -0.384808,
          3.43778
        ],
        [
          0.455232,
          -0.486479,
          0.745722,
          1.742574
        ],
        [
          -0.00577,
          -0.839134,
          -0.543894,
          1.472471
        ],
        [
          0.0,
          0.0,
          0.0,
          1.0
        ]
      ]
    },
    {
      "file_path": "/media/NFS/ttao/scannet/posed_images/scene0393_02/00192.jpg",
      "transform_matrix": [
        [
          0.922826,
          0.20249,
          -0.327705,
          3.416435
        ],
        [
          0.385039,
          -0.510813,
          0.768645,
          1.726533
        ],
        [
          -0.011753,
          -0.835504,
          -0.549358,
          1.465348
        ],
        [
          0.0,
          0.0,
          0.0,
          1.0
        ]
      ]
    },
    {
      "file_path": "/media/NFS/ttao/scannet/posed_images/scene0393_02/00194.jpg",
      "transform_matrix": [
        [
          0.938148,
          0.189483,
          -0.289782,
          3.413626
        ],
        [
          0.346146,
          -0.532047,
          0.772728,
          1.737918
        ],
        [
          -0.007759,
          -0.82524,
          -0.564728,
          1.465364
        ],
        [
          0.0,
          0.0,
          0.0,
          1.0
        ]
      ]
    },
    {
      "file_path": "/media/NFS/ttao/scannet/posed_images/scene0393_02/00199.jpg",
      "transform_matrix": [
        [
          0.972092,
          0.139161,
          -0.18887,
          3.394274
        ],
        [
          0.234545,
          -0.558939,
          0.795346,
          1.766578
        ],
        [
          0.005114,
          -0.817448,
          -0.57598,
          1.468686
        ],
        [
          0.0,
          0.0,
          0.0,
          1.0
        ]
      ]
    },
    {
      "file_path": "/media/NFS/ttao/scannet/posed_images/scene0393_02/00205.jpg",
      "transform_matrix": [
        [
          0.988769,
          0.095142,
          -0.115256,
          3.348533
        ],
        [
          0.148932,
          -0.562995,
          0.812931,
          1.809154
        ],
        [
          0.012456,
          -0.820966,
          -0.570841,
          1.465413
        ],
        [
          0.0,
          0.0,
          0.0,
          1.0
        ]
      ]
    },
    {
      "file_path": "/media/NFS/ttao/scannet/posed_images/scene0393_02/00207.jpg",
      "transform_matrix": [
        [
          0.991364,
          0.083407,
          -0.101193,
          3.334424
        ],
        [
          0.130724,
          -0.567405,
          0.812996,
          1.829595
        ],
        [
          0.010392,
          -0.819203,
          -0.573409,
          1.468981
        ],
        [
          0.0,
          0.0,
          0.0,
          1.0
        ]
      ]
    },
    {
      "file_path": "/media/NFS/ttao/scannet/posed_images/scene0393_02/00212.jpg",
      "transform_matrix": [
        [
          0.997021,
          0.037425,
          -0.067446,
          3.291414
        ],
        [
          0.076934,
          -0.545339,
          0.834677,
          1.881881
        ],
        [
          -0.005543,
          -0.837379,
          -0.546594,
          1.469932
        ],
        [
          0.0,
          0.0,
          0.0,
          1.0
        ]
      ]
    },
    {
      "file_path": "/media/NFS/ttao/scannet/posed_images/scene0393_02/00216.jpg",
      "transform_matrix": [
        [
          0.998851,
          0.018625,
          -0.044145,
          3.248734
        ],
        [
          0.047139,
          -0.546958,
          0.835831,
          1.925526
        ],
        [
          -0.008578,
          -0.836952,
          -0.547208,
          1.470609
        ],
        [
          0.0,
          0.0,
          0.0,
          1.0
        ]
      ]
    },
    {
      "file_path": "/media/NFS/ttao/scannet/posed_images/scene0393_02/00222.jpg",
      "transform_matrix": [
        [
          0.999858,
          0.015111,
          -0.007526,
          3.187321
        ],
        [
          0.014725,
          -0.562676,
          0.826547,
          1.987465
        ],
        [
          0.008255,
          -0.82654,
          -0.562818,
          1.467512
        ],
        [
          0.0,
          0.0,
          0.0,
          1.0
        ]
      ]
    },
    {
      "file_path": "/media/NFS/ttao/scannet/posed_images/scene0393_02/00225.jpg",
      "transform_matrix": [
        [
          0.999705,
          0.013325,
          0.020318,
          3.157073
        ],
        [
          -0.009227,
          -0.565383,
          0.824777,
          2.011968
        ],
        [
          0.022478,
          -0.824721,
          -0.565093,
          1.466668
        ],
        [
          0.0,
          0.0,
          0.0,
          1.0
        ]
      ]
    },
    {
      "file_path": "/media/NFS/ttao/scannet/posed_images/scene0393_02/00232.jpg",
      "transform_matrix": [
        [
          0.992673,
          -0.035998,
          0.115342,
          3.084977
        ],
        [
          -0.115894,
          -0.553684,
          0.824623,
          2.063269
        ],
        [
          0.034178,
          -0.831949,
          -0.553799,
          1.476525
        ],
        [
          0.0,
          0.0,
          0.0,
          1.0
        ]
      ]
    },
    {
      "file_path": "/media/NFS/ttao/scannet/posed_images/scene0393_02/00237.jpg",
      "transform_matrix": [
        [
          0.973779,
          -0.103315,
          0.202684,
          3.013497
        ],
        [
          -0.226763,
          -0.512316,
          0.828318,
          2.080029
        ],
        [
          0.018261,
          -0.85256,
          -0.522311,
          1.485447
        ],
        [
          0.0,
          0.0,
          0.0,
          1.0
        ]
      ]
    },
    {
      "file_path": "/media/NFS/ttao/scannet/posed_images/scene0393_02/00240.jpg",
      "transform_matrix": [
        [
          0.959994,
          -0.150325,
          0.236248,
          2.966909
        ],
        [
          -0.279988,
          -0.502777,
          0.817816,
          2.087473
        ],
        [
          -0.004158,
          -0.851245,
          -0.524752,
          1.491534
        ],
        [
          0.0,
          0.0,
          0.0,
          1.0
        ]
      ]
    },
    {
      "file_path": "/media/NFS/ttao/scannet/posed_images/scene0393_02/00245.jpg",
      "transform_matrix": [
        [
          0.93819,
          -0.193099,
          0.287249,
          2.892691
        ],
        [
          -0.345981,
          -0.499641,
          0.794139,
          2.100121
        ],
        [
          -0.009826,
          -0.844436,
          -0.535566,
          1.498245
        ],
        [
          0.0,
          0.0,
          0.0,
          1.0
        ]
      ]
    },
    {
      "file_path": "/media/NFS/ttao/scannet/posed_images/scene0393_02/00248.jpg",
      "transform_matrix": [
        [
          0.927498,
          -0.20346,
          0.31361,
          2.855979
        ],
        [
          -0.373815,
          -0.497726,
          0.782644,
          2.111512
        ],
        [
          -0.003145,
          -0.843133,
          -0.537696,
          1.499704
        ],
        [
          0.0,
          0.0,
          0.0,
          1.0
        ]
      ]
    },
    {
      "file_path": "/media/NFS/ttao/scannet/posed_images/scene0393_02/00251.jpg",
      "transform_matrix": [
        [
          0.917232,
          -0.212353,
          0.337034,
          2.826493
        ],
        [
          -0.398338,
          -0.496458,
          0.77127,
          2.136146
        ],
        [
          0.003542,
          -0.841686,
          -0.539955,
          1.507027
        ],
        [
          0.0,
          0.0,
          0.0,
          1.0
        ]
      ]
    },
    {
      "file_path": "/media/NFS/ttao/scannet/posed_images/scene0393_02/00255.jpg",
      "transform_matrix": [
        [
          0.905797,
          -0.218624,
          0.362953,
          2.785373
        ],
        [
          -0.423656,
          -0.481176,
          0.767454,
          2.160689
        ],
        [
          0.00686,
          -0.848925,
          -0.528469,
          1.511149
        ],
        [
          0.0,
          0.0,
          0.0,
          1.0
        ]
      ]
    },
    {
      "file_path": "/media/NFS/ttao/scannet/posed_images/scene0393_02/00263.jpg",
      "transform_matrix": [
        [
          0.877104,
          -0.246166,
          0.412421,
          2.706426
        ],
        [
          -0.480299,
          -0.447245,
          0.754509,
          2.255504
        ],
        [
          -0.001281,
          -0.859868,
          -0.510514,
          1.505661
        ],
        [
          0.0,
          0.0,
          0.0,
          1.0
        ]
      ]
    },
    {
      "file_path": "/media/NFS/ttao/scannet/posed_images/scene0393_02/00266.jpg",
      "transform_matrix": [
        [
          0.868244,
          -0.262118,
          0.421244,
          2.680843
        ],
        [
          -0.496048,
          -0.442505,
          0.747078,
          2.298416
        ],
        [
          -0.009421,
          -0.857603,
          -0.514225,
          1.505546
        ],
        [
          0.0,
          0.0,
          0.0,
          1.0
        ]
      ]
    },
    {
      "file_path": "/media/NFS/ttao/scannet/posed_images/scene0393_02/00268.jpg",
      "transform_matrix": [
        [
          0.858683,
          -0.270521,
          0.435296,
          2.662539
        ],
        [
          -0.512461,
          -0.44178,
          0.736352,
          2.324358
        ],
        [
          -0.006893,
          -0.855365,
          -0.51798,
          1.499197
        ],
        [
          0.0,
          0.0,
          0.0,
          1.0
        ]
      ]
    },
    {
      "file_path": "/media/NFS/ttao/scannet/posed_images/scene0393_02/00276.jpg",
      "transform_matrix": [
        [
          0.819839,
          -0.288791,
          0.494433,
          2.619974
        ],
        [
          -0.572573,
          -0.405985,
          0.712276,
          2.418303
        ],
        [
          -0.004966,
          -0.86705,
          -0.498196,
          1.511949
        ],
        [
          0.0,
          0.0,
          0.0,
          1.0
        ]
      ]
    },
    {
      "file_path": "/media/NFS/ttao/scannet/posed_images/scene0393_02/00280.jpg",
      "transform_matrix": [
        [
          0.784353,
          -0.302429,
          0.541596,
          2.597166
        ],
        [
          -0.620267,
          -0.393124,
          0.678765,
          2.461417
        ],
        [
          0.007636,
          -0.868326,
          -0.495935,
          1.509885
        ],
        [
          0.0,
          0.0,
          0.0,
          1.0
        ]
      ]
    },
    {
      "file_path": "/media/NFS/ttao/scannet/posed_images/scene0393_02/00283.jpg",
      "transform_matrix": [
        [
          0.75649,
          -0.317831,
          0.571582,
          2.576846
        ],
        [
          -0.653864,
          -0.385678,
          0.650933,
          2.487304
        ],
        [
          0.01356,
          -0.866162,
          -0.49958,
          1.50449
        ],
        [
          0.0,
          0.0,
          0.0,
          1.0
        ]
      ]
    },
    {
      "file_path": "/media/NFS/ttao/scannet/posed_images/scene0393_02/00288.jpg",
      "transform_matrix": [
        [
          0.700542,
          -0.351816,
          0.620859,
          2.538445
        ],
        [
          -0.713479,
          -0.362069,
          0.599878,
          2.540936
        ],
        [
          0.013747,
          -0.86321,
          -0.504658,
          1.501436
        ],
        [
          0.0,
          0.0,
          0.0,
          1.0
        ]
      ]
    },
    {
      "file_path": "/media/NFS/ttao/scannet/posed_images/scene0393_02/00293.jpg",
      "transform_matrix": [
        [
          0.642245,
          -0.383368,
          0.663739,
          2.512365
        ],
        [
          -0.76642,
          -0.308767,
          0.563261,
          2.580219
        ],
        [
          -0.010995,
          -0.870455,
          -0.492125,
          1.5091
        ],
        [
          0.0,
          0.0,
          0.0,
          1.0
        ]
      ]
    },
    {
      "file_path": "/media/NFS/ttao/scannet/posed_images/scene0393_02/00296.jpg",
      "transform_matrix": [
        [
          0.600406,
          -0.405429,
          0.689304,
          2.487851
        ],
        [
          -0.799555,
          -0.288166,
          0.526947,
          2.606453
        ],
        [
          -0.015005,
          -0.867518,
          -0.497179,
          1.511845
        ],
        [
          0.0,
          0.0,
          0.0,
          1.0
        ]
      ]
    },
    {
      "file_path": "/media/NFS/ttao/scannet/posed_images/scene0393_02/00300.jpg",
      "transform_matrix": [
        [
          0.544692,
          -0.424923,
          0.723015,
          2.449504
        ],
        [
          -0.838474,
          -0.258996,
          0.47946,
          2.637368
        ],
        [
          -0.016475,
          -0.867388,
          -0.49736,
          1.506693
        ],
        [
          0.0,
          0.0,
          0.0,
          1.0
        ]
      ]
    },
    {
      "file_path": "/media/NFS/ttao/scannet/posed_images/scene0393_02/00304.jpg",
      "transform_matrix": [
        [
          0.498637,
          -0.441169,
          0.746144,
          2.428648
        ],
        [
          -0.866761,
          -0.244574,
          0.434635,
          2.659178
        ],
        [
          -0.00926,
          -0.863454,
          -0.504342,
          1.509883
        ],
        [
          0.0,
          0.0,
          0.0,
          1.0
        ]
      ]
    },
    {
      "file_path": "/media/NFS/ttao/scannet/posed_images/scene0393_02/00309.jpg",
      "transform_matrix": [
        [
          0.439549,
          -0.449616,
          0.777587,
          2.405478
        ],
        [
          -0.898218,
          -0.219041,
          0.381085,
          2.696102
        ],
        [
          -0.001018,
          -0.865948,
          -0.500132,
          1.509871
        ],
        [
          0.0,
          0.0,
          0.0,
          1.0
        ]
      ]
    },
    {
      "file_path": "/media/NFS/ttao/scannet/posed_images/scene0393_02/00311.jpg",
      "transform_matrix": [
        [
          0.414815,
          -0.45909,
          0.785599,
          2.409448
        ],
        [
          -0.909859,
          -0.200486,
          0.363267,
          2.706828
        ],
        [
          -0.009271,
          -0.865472,
          -0.500871,
          1.504114
        ],
        [
          0.0,
          0.0,
          0.0,
          1.0
        ]
      ]
    },
    {
      "file_path": "/media/NFS/ttao/scannet/posed_images/scene0393_02/00318.jpg",
      "transform_matrix": [
        [
          0.331418,
          -0.485013,
          0.809274,
          2.413139
        ],
        [
          -0.943461,
          -0.176413,
          0.280643,
          2.777909
        ],
        [
          0.006652,
          -0.856528,
          -0.516057,
          1.492735
        ],
        [
          0.0,
          0.0,
          0.0,
          1.0
        ]
      ]
    },
    {
      "file_path": "/media/NFS/ttao/scannet/posed_images/scene0393_02/00322.jpg",
      "transform_matrix": [
        [
          0.293825,
          -0.484531,
          0.823952,
          2.425744
        ],
        [
          -0.955816,
          -0.157184,
          0.248415,
          2.83296
        ],
        [
          0.009147,
          -0.860536,
          -0.509307,
          1.487071
        ],
        [
          0.0,
          0.0,
          0.0,
          1.0
        ]
      ]
    },
    {
      "file_path": "/media/NFS/ttao/scannet/posed_images/scene0393_02/00326.jpg",
      "transform_matrix": [
        [
          0.264358,
          -0.488786,
          0.831386,
          2.437941
        ],
        [
          -0.964242,
          -0.150709,
          0.217999,
          2.904652
        ],
        [
          0.018743,
          -0.859288,
          -0.511149,
          1.493287
        ],
        [
          0.0,
          0.0,
          0.0,
          1.0
        ]
      ]
    },
    {
      "file_path": "/media/NFS/ttao/scannet/posed_images/scene0393_02/00330.jpg",
      "transform_matrix": [
        [
          0.264698,
          -0.485149,
          0.833406,
          2.439052
        ],
        [
          -0.964014,
          -0.155302,
          0.215775,
          2.983797
        ],
        [
          0.024746,
          -0.86053,
          -0.508798,
          1.49001
        ],
        [
          0.0,
          0.0,
          0.0,
          1.0
        ]
      ]
    },
    {
      "file_path": "/media/NFS/ttao/scannet/posed_images/scene0393_02/00336.jpg",
      "transform_matrix": [
        [
          0.280642,
          -0.475209,
          0.833917,
          2.45021
        ],
        [
          -0.959152,
          -0.171087,
          0.225294,
          3.087081
        ],
        [
          0.03561,
          -0.863079,
          -0.503811,
          1.489153
        ],
