{
  "frames": [
    {
      "file_path": "/media/NFS/ttao/scannet/posed_images/scene0369_02/00002.jpg",
      "transform_matrix": [
        [
          0.259787,
          0.444337,
          -0.857366,
          3.861428
        ],
        [
          0.963944,
          -0.172327,
          0.20277,
          2.33812
        ],
        [
          -0.057649,
          -0.879129,
          -0.473084,
          1.518887
        ],
        [
          0.0,
          0.0,
          0.0,
          1.0
        ]
      ]
    },
    {
      "file_path": "/media/NFS/ttao/scannet/posed_images/scene0369_02/00003.jpg",
      "transform_matrix": [
        [
          0.257147,
          0.444214,
          -0.858225,
          3.857203
        ],
        [
          0.964578,
          -0.172076,
          0.199948,
          2.351317
        ],
        [
          -0.058861,
          -0.879241,
          -0.472727,
          1.516058
        ],
        [
          0.0,
          0.0,
          0.0,
          1.0
        ]
      ]
    },
    {
      "file_path": "/media/NFS/ttao/scannet/posed_images/scene0369_02/00009.jpg",
      "transform_matrix": [
        [
          0.216781,
          0.463145,
          -0.859362,
          3.820056
        ],
        [
          0.975931,
          -0.124249,
          0.179224,
          2.433697
        ],
        [
          -0.023768,
          -0.87753,
          -0.478933,
          1.498909
        ],
        [
          0.0,
          0.0,
          0.0,
          1.0
        ]
      ]
    },
    {
      "file_path": "/media/NFS/ttao/scannet/posed_images/scene0369_02/00011.jpg",
      "transform_matrix": [
        [
          0.208073,
          0.465175,
          -0.860417,
          3.804749
        ],
        [
          0.978102,
          -0.103273,
          0.180699,
          2.45981
        ],
        [
          -0.004801,
          -0.879174,
          -0.476477,
          1.494488
        ],
        [
          0.0,
          0.0,
          0.0,
          1.0
        ]
      ]
    },
    {
      "file_path": "/media/NFS/ttao/scannet/posed_images/scene0369_02/00016.jpg",
      "transform_matrix": [
        [
          0.174537,
          0.457552,
          -0.871885,
          3.769348
        ],
        [
          0.984609,
          -0.073001,
          0.158793,
          2.523846
        ],
        [
          0.009007,
          -0.886181,
          -0.463251,
          1.495155
        ],
        [
          0.0,
          0.0,
          0.0,
          1.0
        ]
      ]
    },
    {
      "file_path": "/media/NFS/ttao/scannet/posed_images/scene0369_02/00019.jpg",
      "transform_matrix": [
        [
          0.155865,
          0.464553,
          -0.87172,
          3.749307
        ],
        [
          0.987711,
          -0.062998,
          0.143032,
          2.56105
        ],
        [
          0.01153,
          -0.883301,
          -0.468664,
          1.498383
        ],
        [
          0.0,
          0.0,
          0.0,
          1.0
        ]
      ]
    },
    {
      "file_path": "/media/NFS/ttao/scannet/posed_images/scene0369_02/00024.jpg",
      "transform_matrix": [
        [
          0.110067,
          0.488532,
          -0.865576,
          3.718612
        ],
        [
          0.993906,
          -0.048777,
          0.098855,
          2.620692
        ],
        [
          0.006074,
          -0.871182,
          -0.490923,
          1.500345
        ],
        [
          0.0,
          0.0,
          0.0,
          1.0
        ]
      ]
    },
    {
      "file_path": "/media/NFS/ttao/scannet/posed_images/scene0369_02/00026.jpg",
      "transform_matrix": [
        [
          0.093331,
          0.492413,
          -0.865343,
          3.710572
        ],
        [
          0.995634,
          -0.04516,
          0.081686,
          2.643907
        ],
        [
          0.001144,
          -0.86919,
          -0.494478,
          1.500314
        ],
        [
          0.0,
          0.0,
          0.0,
          1.0
        ]
      ]
    },
    {
      "file_path": "/media/NFS/ttao/scannet/posed_images/scene0369_02/00030.jpg",
      "transform_matrix": [
        [
          0.052485,
          0.495879,
          -0.866804,
          3.699482
        ],
        [
          0.998515,
          -0.038737,
          0.0383,
          2.695033
        ],
        [
          -0.014585,
          -0.867527,
          -0.497176,
          1.498361
        ],
        [
          0.0,
          0.0,
          0.0,
          1.0
        ]
      ]
    },
    {
      "file_path": "/media/NFS/ttao/scannet/posed_images/scene0369_02/00032.jpg",
      "transform_matrix": [
        [
          0.026783,
          0.496287,
          -0.867746,
          3.699773
        ],
        [
          0.999422,
          -0.03149,
          0.012837,
          2.714202
        ],
        [
          -0.020954,
          -0.867587,
          -0.496843,
          1.496389
        ],
        [
          0.0,
          0.0,
          0.0,
          1.0
        ]
      ]
    },
    {
      "file_path": "/media/NFS/ttao/scannet/posed_images/scene0369_02/00036.jpg",
      "transform_matrix": [
        [
          -0.036384,
          0.502839,
          -0.863614,
          3.698977
        ],
        [
          0.998888,
          -0.007619,
          -0.046519,
          2.771884
        ],
        [
          -0.029971,
          -0.864346,
          -0.502003,
          1.49016
        ],
        [
          0.0,
          0.0,
          0.0,
          1.0
        ]
      ]
    },
    {
      "file_path": "/media/NFS/ttao/scannet/posed_images/scene0369_02/00042.jpg",
      "transform_matrix": [
        [
          -0.125924,
          0.507079,
          -0.852651,
          3.706888
        ],
        [
          0.991862,
          0.048098,
          -0.117879,
          2.864173
        ],
        [
          -0.018764,
          -0.860556,
          -0.50901,
          1.486272
        ],
        [
          0.0,
          0.0,
          0.0,
          1.0
        ]
      ]
    },
    {
      "file_path": "/media/NFS/ttao/scannet/posed_images/scene0369_02/00043.jpg",
      "transform_matrix": [
        [
          -0.138392,
          0.503965,
          -0.852565,
          3.711922
        ],
        [
          0.990127,
          0.051049,
          -0.130546,
          2.882491
        ],
        [
          -0.022267,
          -0.862214,
          -0.506054,
          1.482905
        ],
        [
          0.0,
          0.0,
          0.0,
          1.0
        ]
      ]
    },
    {
      "file_path": "/media/NFS/ttao/scannet/posed_images/scene0369_02/00050.jpg",
      "transform_matrix": [
        [
          -0.218029,
          0.507508,
          -0.833606,
          3.712102
        ],
        [
          0.975568,
          0.089678,
          -0.200561,
          2.98911
        ],
        [
          -0.02703,
          -0.856968,
          -0.514661,
          1.475437
        ],
        [
          0.0,
          0.0,
          0.0,
          1.0
        ]
      ]
    },
    {
      "file_path": "/media/NFS/ttao/scannet/posed_images/scene0369_02/00052.jpg",
      "transform_matrix": [
        [
          -0.231961,
          0.506175,
          -0.830651,
          3.704707
        ],
        [
          0.972356,
          0.097128,
          -0.212346,
          3.009307
        ],
        [
          -0.026805,
          -0.856944,
          -0.514712,
          1.478143
        ],
        [
          0.0,
          0.0,
          0.0,
          1.0
        ]
      ]
    },
    {
      "file_path": "/media/NFS/ttao/scannet/posed_images/scene0369_02/00057.jpg",
      "transform_matrix": [
        [
          -0.271025,
          0.508461,
          -0.81732,
          3.679696
        ],
        [
          0.961816,
          0.109403,
          -0.25088,
          3.067647
        ],
        [
          -0.038145,
          -0.854107,
          -0.518697,
          1.46729
        ],
        [
          0.0,
          0.0,
          0.0,
          1.0
        ]
      ]
    },
    {
      "file_path": "/media/NFS/ttao/scannet/posed_images/scene0369_02/00058.jpg",
      "transform_matrix": [
        [
          -0.275654,
          0.508029,
          -0.81604,
          3.673266
        ],
        [
          0.960472,
          0.111275,
          -0.255168,
          3.078416
        ],
        [
          -0.038828,
          -0.854122,
          -0.518622,
          1.463239
        ],
        [
          0.0,
          0.0,
          0.0,
          1.0
        ]
      ]
    },
    {
      "file_path": "/media/NFS/ttao/scannet/posed_images/scene0369_02/00062.jpg",
      "transform_matrix": [
        [
          -0.294302,
          0.512119,
          -0.80692,
          3.630385
        ],
        [
          0.955263,
          0.131747,
          -0.264791,
          3.128964
        ],
        [
          -0.029295,
          -0.84875,
          -0.527982,
          1.450348
        ],
        [
          0.0,
          0.0,
          0.0,
          1.0
        ]
      ]
    },
    {
      "file_path": "/media/NFS/ttao/scannet/posed_images/scene0369_02/00068.jpg",
      "transform_matrix": [
        [
          -0.317522,
          0.492369,
          -0.810403,
          3.570251
        ],
        [
          0.948237,
          0.160332,
          -0.274115,
          3.188036
        ],
        [
          -0.005033,
          -0.855492,
          -0.517792,
          1.453977
        ],
        [
          0.0,
          0.0,
          0.0,
          1.0
        ]
      ]
    },
    {
      "file_path": "/media/NFS/ttao/scannet/posed_images/scene0369_02/00069.jpg",
      "transform_matrix": [
        [
          -0.321144,
          0.488905,
          -0.811072,
          3.56388
        ],
        [
          0.94703,
          0.166114,
          -0.274845,
          3.197366
        ],
        [
          0.000358,
          -0.856375,
          -0.516355,
          1.452389
        ],
        [
          0.0,
          0.0,
          0.0,
          1.0
        ]
      ]
    },
    {
      "file_path": "/media/NFS/ttao/scannet/posed_images/scene0369_02/00073.jpg",
      "transform_matrix": [
        [
          -0.351465,
          0.479038,
          -0.80436,
          3.537268
        ],
        [
          0.936178,
          0.185815,
          -0.2984,
          3.230571
        ],
        [
          0.006517,
          -0.857902,
          -0.513772,
          1.451697
        ],
        [
          0.0,
          0.0,
          0.0,
          1.0
        ]
      ]
    },
    {
      "file_path": "/media/NFS/ttao/scannet/posed_images/scene0369_02/00077.jpg",
      "transform_matrix": [
        [
          -0.383869,
          0.47891,
          -0.789487,
          3.519013
        ],
        [
          0.923366,
          0.204825,
          -0.324716,
          3.248563
        ],
        [
          0.006197,
          -0.853635,
          -0.520835,
          1.451463
        ],
        [
          0.0,
          0.0,
          0.0,
          1.0
        ]
      ]
    },
    {
      "file_path": "/media/NFS/ttao/scannet/posed_images/scene0369_02/00080.jpg",
      "transform_matrix": [
        [
          -0.414644,
          0.480005,
          -0.773089,
          3.509852
        ],
        [
          0.909982,
          0.217031,
          -0.353313,
          3.261245
        ],
        [
          -0.001808,
          -0.849996,
          -0.526786,
          1.449945
        ],
        [
          0.0,
          0.0,
          0.0,
          1.0
        ]
      ]
    },
    {
      "file_path": "/media/NFS/ttao/scannet/posed_images/scene0369_02/00084.jpg",
      "transform_matrix": [
        [
          -0.477706,
          0.475256,
          -0.73887,
          3.503173
        ],
        [
          0.878305,
          0.239795,
          -0.413616,
          3.276813
        ],
        [
          -0.019396,
          -0.84654,
          -0.531972,
          1.450995
        ],
        [
          0.0,
          0.0,
          0.0,
          1.0
        ]
      ]
    },
    {
      "file_path": "/media/NFS/ttao/scannet/posed_images/scene0369_02/00088.jpg",
      "transform_matrix": [
        [
          -0.562391,
          0.434081,
          -0.703768,
          3.506079
        ],
        [
          0.826719,
          0.278831,
          -0.488661,
          3.300067
        ],
        [
          -0.015887,
          -0.856637,
          -0.515675,
          1.457341
        ],
        [
          0.0,
          0.0,
          0.0,
          1.0
        ]
      ]
    },
    {
      "file_path": "/media/NFS/ttao/scannet/posed_images/scene0369_02/00092.jpg",
      "transform_matrix": [
        [
          -0.630213,
          0.406546,
          -0.661476,
          3.520206
        ],
        [
          0.776421,
          0.330526,
          -0.536584,
          3.333857
        ],
        [
          0.000489,
          -0.851747,
          -0.523953,
          1.449068
        ],
        [
          0.0,
          0.0,
          0.0,
          1.0
        ]
      ]
    },
    {
      "file_path": "/media/NFS/ttao/scannet/posed_images/scene0369_02/00097.jpg",
      "transform_matrix": [
        [
          -0.696335,
          0.36747,
          -0.616509,
          3.533585
        ],
        [
          0.717521,
          0.376476,
          -0.586028,
          3.359939
        ],
        [
          0.016753,
          -0.85043,
          -0.525821,
          1.451814
        ],
        [
          0.0,
          0.0,
          0.0,
          1.0
        ]
      ]
    },
    {
      "file_path": "/media/NFS/ttao/scannet/posed_images/scene0369_02/00100.jpg",
      "transform_matrix": [
        [
          -0.725652,
          0.349219,
          -0.592853,
          3.541738
        ],
        [
          0.687733,
          0.394765,
          -0.609249,
          3.379892
        ],
        [
          0.021276,
          -0.849828,
          -0.526632,
          1.444599
        ],
        [
          0.0,
          0.0,
          0.0,
          1.0
        ]
      ]
    },
    {
      "file_path": "/media/NFS/ttao/scannet/posed_images/scene0369_02/00105.jpg",
      "transform_matrix": [
        [
          -0.771902,
          0.325011,
          -0.546385,
          3.555588
        ],
        [
          0.635524,
          0.417002,
          -0.649784,
          3.390681
        ],
        [
          0.016657,
          -0.84881,
          -0.528436,
          1.448075
        ],
        [
          0.0,
          0.0,
          0.0,
          1.0
        ]
      ]
    },
    {
      "file_path": "/media/NFS/ttao/scannet/posed_images/scene0369_02/00107.jpg",
      "transform_matrix": [
        [
          -0.792643,
          0.314058,
          -0.522575,
          3.566195
        ],
        [
          0.609584,
          0.423897,
          -0.669865,
          3.393379
        ],
        [
          0.011141,
          -0.849517,
          -0.527443,
          1.44725
        ],
        [
          0.0,
          0.0,
          0.0,
          1.0
        ]
      ]
    },
    {
      "file_path": "/media/NFS/ttao/scannet/posed_images/scene0369_02/00110.jpg",
      "transform_matrix": [
        [
          -0.827841,
          0.287636,
          -0.481607,
          3.590312
        ],
        [
          0.560817,
          0.443971,
          -0.698838,
          3.394681
        ],
        [
          0.012808,
          -0.84862,
          -0.528849,
          1.442763
        ],
        [
          0.0,
          0.0,
          0.0,
          1.0
        ]
      ]
    },
    {
      "file_path": "/media/NFS/ttao/scannet/posed_images/scene0369_02/00113.jpg",
      "transform_matrix": [
        [
          -0.866824,
          0.259979,
          -0.425473,
          3.609338
        ],
        [
          0.498493,
          0.470695,
          -0.727977,
          3.389304
        ],
        [
          0.011009,
          -0.843124,
          -0.537607,
          1.443042
        ],
        [
          0.0,
          0.0,
          0.0,
          1.0
        ]
      ]
    },
    {
      "file_path": "/media/NFS/ttao/scannet/posed_images/scene0369_02/00118.jpg",
      "transform_matrix": [
        [
          -0.919621,
          0.209567,
          -0.332234,
          3.640982
        ],
        [
          0.392796,
          0.49718,
          -0.773643,
          3.377005
        ],
        [
          0.00305,
          -0.841958,
          -0.539534,
          1.443857
        ],
        [
          0.0,
          0.0,
          0.0,
          1.0
        ]
      ]
    },
    {
      "file_path": "/media/NFS/ttao/scannet/posed_images/scene0369_02/00123.jpg",
      "transform_matrix": [
        [
          -0.954297,
          0.169035,
          -0.246466,
          3.674344
        ],
        [
          0.298791,
          0.521683,
          -0.799107,
          3.360264
        ],
        [
          -0.0065,
          -0.836226,
          -0.548346,
          1.436845
        ],
        [
          0.0,
          0.0,
          0.0,
          1.0
        ]
      ]
    },
    {
      "file_path": "/media/NFS/ttao/scannet/posed_images/scene0369_02/00125.jpg",
      "transform_matrix": [
        [
          -0.964325,
          0.153291,
          -0.215824,
          3.687036
        ],
        [
          0.264514,
          0.525621,
          -0.808551,
          3.349472
        ],
        [
          -0.010502,
          -0.836794,
          -0.547417,
          1.436372
        ],
        [
          0.0,
          0.0,
          0.0,
          1.0
        ]
      ]
    },
    {
      "file_path": "/media/NFS/ttao/scannet/posed_images/scene0369_02/00129.jpg",
      "transform_matrix": [
        [
          -0.980019,
          0.117468,
          -0.160512,
          3.696707
        ],
        [
          0.198608,
          0.53393,
          -0.821872,
          3.324156
        ],
        [
          -0.010842,
          -0.837329,
          -0.546592,
          1.435169
        ],
        [
          0.0,
          0.0,
          0.0,
          1.0
        ]
      ]
    },
    {
      "file_path": "/media/NFS/ttao/scannet/posed_images/scene0369_02/00134.jpg",
      "transform_matrix": [
        [
          -0.98946,
          0.087198,
          -0.115614,
          3.703701
        ],
        [
          0.144369,
          0.531723,
          -0.834523,
          3.272203
        ],
        [
          -0.011295,
          -0.842418,
          -0.538707,
          1.442846
        ],
        [
          0.0,
          0.0,
          0.0,
          1.0
        ]
      ]
    },
    {
      "file_path": "/media/NFS/ttao/scannet/posed_images/scene0369_02/00138.jpg",
      "transform_matrix": [
        [
          -0.994429,
          0.055286,
          -0.089752,
          3.699808
        ],
        [
          0.105412,
          0.517662,
          -0.849067,
          3.228314
        ],
        [
          -0.00048,
          -0.853797,
          -0.520605,
          1.453551
        ],
        [
          0.0,
          0.0,
          0.0,
          1.0
        ]
      ]
    },
    {
      "file_path": "/media/NFS/ttao/scannet/posed_images/scene0369_02/00141.jpg",
      "transform_matrix": [
        [
          -0.997066,
          0.028831,
          -0.070913,
          3.689378
        ],
        [
          0.075846,
          0.497453,
          -0.864169,
          3.200852
        ],
        [
          0.010361,
          -0.867012,
          -0.49818,
          1.469272
        ],
        [
          0.0,
          0.0,
          0.0,
          1.0
        ]
      ]
    },
    {
      "file_path": "/media/NFS/ttao/scannet/posed_images/scene0369_02/00144.jpg",
      "transform_matrix": [
        [
          -0.998601,
          0.007959,
          -0.052286,
          3.68491
        ],
        [
          0.049738,
          0.477426,
          -0.877263,
          3.182054
        ],
        [
          0.01798,
          -0.878636,
          -0.477153,
          1.471907
        ],
        [
          0.0,
          0.0,
          0.0,
          1.0
        ]
      ]
    },
    {
      "file_path": "/media/NFS/ttao/scannet/posed_images/scene0369_02/00148.jpg",
      "transform_matrix": [
        [
          -0.999849,
          -0.00504,
          -0.016633,
          3.677088
        ],
        [
          0.012382,
          0.465019,
          -0.885214,
          3.155126
        ],
        [
          0.012196,
          -0.885287,
          -0.464886,
          1.483244
        ],
        [
          0.0,
          0.0,
          0.0,
          1.0
        ]
      ]
    },
    {
      "file_path": "/media/NFS/ttao/scannet/posed_images/scene0369_02/00151.jpg",
      "transform_matrix": [
        [
          -0.999774,
          -0.017838,
          0.011592,
          3.669367
        ],
        [
          -0.01844,
          0.454944,
          -0.890329,
          3.144883
        ],
        [
          0.010608,
          -0.890341,
          -0.45517,
          1.482106
        ],
        [
          0.0,
          0.0,
          0.0,
          1.0
        ]
      ]
    },
    {
      "file_path": "/media/NFS/ttao/scannet/posed_images/scene0369_02/00156.jpg",
      "transform_matrix": [
        [
          -0.997983,
          -0.031996,
          0.054823,
          3.618587
        ],
        [
          -0.06335,
          0.447454,
          -0.89206,
          3.124582
        ],
        [
          0.004011,
          -0.893734,
          -0.448579,
          1.485682
        ],
        [
          0.0,
          0.0,
          0.0,
          1.0
        ]
      ]
    },
    {
      "file_path": "/media/NFS/ttao/scannet/posed_images/scene0369_02/00160.jpg",
      "transform_matrix": [
        [
          -0.993935,
          -0.047981,
          0.098948,
          3.551603
        ],
        [
          -0.109966,
          0.437976,
          -0.892236,
          3.111958
        ],
        [
          -0.000527,
          -0.897706,
          -0.440596,
          1.493051
        ],
        [
          0.0,
          0.0,
          0.0,
          1.0
        ]
      ]
    },
    {
      "file_path": "/media/NFS/ttao/scannet/posed_images/scene0369_02/00162.jpg",
      "transform_matrix": [
        [
          -0.991041,
          -0.068178,
          0.114847,
          3.522266
        ],
        [
          -0.133039,
          0.428121,
          -0.893875,
          3.112047
        ],
        [
          0.011774,
          -0.901146,
          -0.433356,
          1.490111
        ],
        [
          0.0,
          0.0,
          0.0,
          1.0
        ]
      ]
    },
    {
      "file_path": "/media/NFS/ttao/scannet/posed_images/scene0369_02/00167.jpg",
      "transform_matrix": [
        [
          -0.979467,
          -0.113416,
          0.166676,
          3.433856
        ],
        [
          -0.199161,
          0.416022,
          -0.887277,
          3.108343
        ],
        [
          0.031291,
          -0.902254,
          -0.430068,
          1.491889
        ],
        [
          0.0,
          0.0,
          0.0,
          1.0
        ]
      ]
    },
    {
      "file_path": "/media/NFS/ttao/scannet/posed_images/scene0369_02/00168.jpg",
      "transform_matrix": [
        [
          -0.97685,
          -0.117307,
          0.178895,
          3.412905
        ],
        [
          -0.211875,
          0.414997,
          -0.884809,
          3.108441
        ],
        [
          0.029553,
          -0.902229,
          -0.430244,
          1.49424
        ],
        [
          0.0,
          0.0,
          0.0,
          1.0
        ]
      ]
    },
    {
      "file_path": "/media/NFS/ttao/scannet/posed_images/scene0369_02/00174.jpg",
      "transform_matrix": [
        [
          -0.965351,
          -0.111929,
          0.235731,
          3.31361
        ],
        [
          -0.260688,
          0.372798,
          -0.890541,
          3.100997
        ],
        [
          0.011798,
          -0.921137,
          -0.38906,
          1.509842
        ],
        [
          0.0,
          0.0,
          0.0,
          1.0
        ]
      ]
    },
    {
      "file_path": "/media/NFS/ttao/scannet/posed_images/scene0369_02/00175.jpg",
      "transform_matrix": [
        [
          -0.963811,
          -0.114765,
          0.240617,
          3.296435
        ],
        [
          -0.266316,
          0.37395,
          -0.88839,
          3.095631
        ],
        [
          0.011978,
          -0.920321,
          -0.390981,
          1.511799
        ],
        [
          0.0,
          0.0,
          0.0,
          1.0
        ]
      ]
    },
    {
      "file_path": "/media/NFS/ttao/scannet/posed_images/scene0369_02/00182.jpg",
      "transform_matrix": [
        [
          -0.953399,
          -0.108061,
          0.281697,
          3.196799
        ],
        [
          -0.301679,
          0.355329,
          -0.884721,
          3.060338
        ],
        [
          -0.004491,
          -0.928474,
          -0.37137,
          1.525388
        ],
        [
          0.0,
          0.0,
          0.0,
          1.0
        ]
      ]
    },
    {
      "file_path": "/media/NFS/ttao/scannet/posed_images/scene0369_02/00184.jpg",
      "transform_matrix": [
        [
          -0.950631,
          -0.108644,
          0.290683,
          3.171764
        ],
        [
          -0.310244,
          0.353749,
          -0.882389,
          3.047018
        ],
        [
          -0.006962,
          -0.929009,
          -0.369991,
          1.524231
        ],
        [
          0.0,
          0.0,
          0.0,
          1.0
        ]
      ]
    },
    {
      "file_path": "/media/NFS/ttao/scannet/posed_images/scene0369_02/00189.jpg",
      "transform_matrix": [
        [
          -0.944641,
          -0.128125,
          0.302057,
          3.107534
        ],
        [
          -0.32788,
          0.334395,
          -0.883558,
          3.002192
        ],
        [
          0.012199,
          -0.933683,
          -0.357893,
          1.526753
        ],
        [
          0.0,
          0.0,
          0.0,
          1.0
        ]
      ]
    },
    {
      "file_path": "/media/NFS/ttao/scannet/posed_images/scene0369_02/00191.jpg",
      "transform_matrix": [
        [
          -0.940463,
          -0.139098,
          0.310131,
          3.082098
        ],
        [
          -0.339116,
          0.322195,
          -0.88385,
          2.982023
        ],
        [
          0.023019,
          -0.936399,
          -0.350183,
          1.526218
        ],
        [
          0.0,
          0.0,
          0.0,
          1.0
        ]
      ]
    },
    {
      "file_path": "/media/NFS/ttao/scannet/posed_images/scene0369_02/00196.jpg",
      "transform_matrix": [
        [
          -0.923061,
          -0.16797,
          0.346041,
          3.018972
        ],
        [
          -0.382327,
          0.301864,
          -0.873329,
          2.943978
        ],
        [
          0.042236,
          -0.938437,
          -0.342858,
          1.537235
        ],
        [
          0.0,
          0.0,
          0.0,
          1.0
        ]
      ]
    },
    {
      "file_path": "/media/NFS/ttao/scannet/posed_images/scene0369_02/00197.jpg",
      "transform_matrix": [
        [
          -0.921362,
          -0.172486,
          0.348339,
          3.008182
        ],
        [
          -0.385937,
          0.299176,
          -0.872666,
          2.937859
        ],
        [
          0.046308,
          -0.938479,
          -0.342218,
          1.535441
        ],
        [
          0.0,
          0.0,
          0.0,
          1.0
        ]
      ]
    },
    {
      "file_path": "/media/NFS/ttao/scannet/posed_images/scene0369_02/00201.jpg",
      "transform_matrix": [
        [
          -0.909874,
          -0.183408,
          0.372144,
          2.969483
        ],
        [
          -0.411458,
          0.283846,
          -0.866103,
          2.920789
        ],
        [
          0.053219,
          -0.941166,
          -0.333729,
          1.561036
        ],
        [
          0.0,
          0.0,
          0.0,
          1.0
        ]
      ]
    },
    {
      "file_path": "/media/NFS/ttao/scannet/posed_images/scene0369_02/00207.jpg",
      "transform_matrix": [
        [
          -0.887683,
          -0.169165,
          0.428255,
          2.911767
        ],
        [
          -0.459067,
          0.25296,
          -0.851627,
          2.902494
        ],
        [
          0.035735,
          -0.952573,
          -0.302206,
          1.589542
        ],
        [
          0.0,
          0.0,
          0.0,
          1.0
        ]
      ]
    },
    {
      "file_path": "/media/NFS/ttao/scannet/posed_images/scene0369_02/00208.jpg",
      "transform_matrix": [
        [
          -0.884583,
          -0.167446,
          0.435287,
          2.900317
        ],
        [
          -0.465105,
          0.247693,
          -0.849897,
          2.901902
        ],
        [
          0.034494,
          -0.954259,
          -0.296985,
          1.59137
        ],
        [
          0.0,
          0.0,
          0.0,
          1.0
        ]
      ]
    },
    {
      "file_path": "/media/NFS/ttao/scannet/posed_images/scene0369_02/00212.jpg",
      "transform_matrix": [
        [
          -0.867872,
          -0.156073,
          0.471634,
          2.875086
        ],
        [
          -0.496187,
          0.225664,
          -0.838376,
          2.900202
        ],
        [
          0.024417,
          -0.961622,
          -0.273289,
          1.600768
        ],
        [
          0.0,
          0.0,
          0.0,
          1.0
        ]
      ]
    },
    {
      "file_path": "/media/NFS/ttao/scannet/posed_images/scene0369_02/00218.jpg",
      "transform_matrix": [
        [
          -0.833074,
          -0.155005,
          0.531001,
          2.811192
        ],
        [
          -0.553002,
          0.210263,
          -0.806212,
          2.915912
        ],
        [
          0.013317,
          -0.965279,
          -0.260883,
          1.61271
        ],
        [
          0.0,
          0.0,
          0.0,
          1.0
        ]
      ]
    },
    {
      "file_path": "/media/NFS/ttao/scannet/posed_images/scene0369_02/00219.jpg",
      "transform_matrix": [
        [
          -0.828006,
          -0.156762,
          0.538359,
          2.798359
        ],
        [
          -0.560557,
          0.208414,
          -0.80146,
          2.918699
        ],
        [
          0.013437,
          -0.965396,
          -0.260443,
          1.614934
        ],
        [
          0.0,
          0.0,
          0.0,
          1.0
        ]
      ]
    },
    {
      "file_path": "/media/NFS/ttao/scannet/posed_images/scene0369_02/00224.jpg",
      "transform_matrix": [
        [
          -0.794696,
          -0.155362,
          0.586789,
          2.744468
        ],
        [
          -0.606941,
          0.189147,
          -0.77191,
          2.929045
        ],
        [
          0.008936,
          -0.969581,
          -0.24461,
          1.628398
        ],
        [
          0.0,
          0.0,
          0.0,
          1.0
        ]
      ]
    },
    {
      "file_path": "/media/NFS/ttao/scannet/posed_images/scene0369_02/00227.jpg",
      "transform_matrix": [
        [
          -0.780537,
          -0.147726,
          0.607403,
          2.729847
        ],
        [
          -0.625087,
          0.176305,
          -0.760383,
          2.94278
        ],
        [
          0.005241,
          -0.973187,
          -0.229954,
          1.638447
        ],
        [
          0.0,
          0.0,
          0.0,
          1.0
        ]
      ]
    },
    {
      "file_path": "/media/NFS/ttao/scannet/posed_images/scene0369_02/00230.jpg",
      "transform_matrix": [
        [
          -0.743176,
          -0.12589,
          0.657146,
          2.679566
        ],
        [
          -0.66897,
          0.15879,
          -0.726129,
          2.916668
        ],
        [
          -0.012936,
          -0.979254,
          -0.202226,
          1.65001
        ],
        [
          0.0,
          0.0,
          0.0,
          1.0
        ]
      ]
    },
    {
      "file_path": "/media/NFS/ttao/scannet/posed_images/scene0369_02/00234.jpg",
      "transform_matrix": [
        [
          -0.720048,
          -0.108438,
          0.685398,
          2.672648
        ],
        [
          -0.693747,
          0.134742,
          -0.707502,
          2.9278
        ],
        [
          -0.015632,
          -0.984929,
          -0.172249,
          1.672548
        ],
        [
          0.0,
          0.0,
          0.0,
          1.0
        ]
      ]
    },
    {
      "file_path": "/media/NFS/ttao/scannet/posed_images/scene0369_02/00240.jpg",
      "transform_matrix": [
        [
          -0.669525,
          -0.089895,
          0.73733,
          2.649225
        ],
        [
          -0.742558,
          0.105803,
          -0.661372,
          2.924134
        ],
        [
          -0.018558,
          -0.990315,
          -0.13759,
          1.678146
        ],
        [
          0.0,
          0.0,
          0.0,
          1.0
        ]
      ]
    },
    {
      "file_path": "/media/NFS/ttao/scannet/posed_images/scene0369_02/00243.jpg",
      "transform_matrix": [
        [
          -0.661274,
          -0.091767,
          0.74451,
          2.681092
        ],
        [
          -0.750026,
          0.098506,
          -0.654032,
          2.960276
        ],
        [
          -0.013321,
          -0.990896,
          -0.133967,
          1.689254
        ],
        [
          0.0,
          0.0,
          0.0,
          1.0
        ]
      ]
    },
    {
      "file_path": "/media/NFS/ttao/scannet/posed_images/scene0369_02/00245.jpg",
      "transform_matrix": [
        [
          -0.648637,
          -0.091339,
          0.755597,
          2.687222
        ],
        [
          -0.761014,
          0.092548,
          -0.6421,
          2.971107
        ],
        [
          -0.01128,
          -0.99151,
          -0.12954,
          1.687299
        ],
        [
          0.0,
          0.0,
          0.0,
          1.0
        ]
      ]
    },
    {
      "file_path": "/media/NFS/ttao/scannet/posed_images/scene0369_02/00249.jpg",
      "transform_matrix": [
        [
          -0.613995,
          -0.096139,
          0.783433,
          2.692971
        ],
        [
          -0.789271,
          0.084523,
          -0.608199,
          2.975946
        ],
        [
          -0.007746,
          -0.991773,
          -0.127777,
          1.699325
        ],
        [
          0.0,
          0.0,
          0.0,
          1.0
        ]
      ]
    },
    {
      "file_path": "/media/NFS/ttao/scannet/posed_images/scene0369_02/00252.jpg",
      "transform_matrix": [
        [
          -0.593093,
          -0.101163,
          0.798754,
          2.712194
        ],
        [
          -0.805121,
          0.080289,
          -0.587652,
          2.998008
        ],
        [
          -0.004683,
          -0.991625,
          -0.129067,
          1.697646
        ],
        [
          0.0,
          0.0,
          0.0,
          1.0
        ]
      ]
    },
    {
      "file_path": "/media/NFS/ttao/scannet/posed_images/scene0369_02/00256.jpg",
      "transform_matrix": [
        [
          -0.561196,
          -0.102833,
          0.821271,
          2.725923
        ],
        [
          -0.82767,
          0.075509,
          -0.556113,
          3.015405
        ],
        [
          -0.004827,
          -0.991829,
          -0.127487,
          1.685656
        ],
        [
          0.0,
          0.0,
          0.0,
          1.0
        ]
      ]
    },
    {
      "file_path": "/media/NFS/ttao/scannet/posed_images/scene0369_02/00260.jpg",
      "transform_matrix": [
        [
          -0.517326,
          -0.117861,
          0.847633,
          2.721732
        ],
        [
          -0.855763,
          0.078846,
          -0.511325,
          2.999913
        ],
        [
          -0.006567,
          -0.989895,
          -0.14165,
          1.687754
        ],
        [
          0.0,
          0.0,
          0.0,
          1.0
        ]
      ]
    },
    {
      "file_path": "/media/NFS/ttao/scannet/posed_images/scene0369_02/00266.jpg",
      "transform_matrix": [
        [
          -0.480768,
          -0.141427,
          0.865367,
          2.774388
        ],
        [
          -0.876839,
          0.07329,
          -0.475164,
          3.072373
        ],
        [
          0.003778,
          -0.987232,
          -0.159245,
          1.65424
        ],
        [
          0.0,
          0.0,
          0.0,
          1.0
        ]
      ]
    },
    {
      "file_path": "/media/NFS/ttao/scannet/posed_images/scene0369_02/00268.jpg",
      "transform_matrix": [
        [
          -0.459882,
          -0.152115,
          0.874854,
          2.78011
        ],
        [
          -0.887974,
          0.075389,
          -0.453671,
          3.075477
        ],
        [
          0.003056,
          -0.985484,
          -0.169745,
          1.649152
        ],
        [
          0.0,
          0.0,
          0.0,
          1.0
        ]
      ]
    },
    {
      "file_path": "/media/NFS/ttao/scannet/posed_images/scene0369_02/00271.jpg",
      "transform_matrix": [
        [
          -0.43651,
          -0.173016,
          0.882907,
          2.803121
        ],
        [
          -0.899695,
          0.080774,
          -0.428982,
          3.109488
        ],
        [
          0.002905,
          -0.981601,
          -0.19092,
          1.650414
        ],
        [
          0.0,
          0.0,
          0.0,
          1.0
        ]
      ]
    },
    {
      "file_path": "/media/NFS/ttao/scannet/posed_images/scene0369_02/00277.jpg",
      "transform_matrix": [
        [
          -0.376153,
          -0.192356,
          0.906371,
          2.826583
        ],
        [
          -0.926548,
          0.082509,
          -0.367016,
          3.141987
        ],
        [
          -0.004186,
          -0.977851,
          -0.209263,
          1.643284
        ],
        [
          0.0,
          0.0,
          0.0,
          1.0
        ]
      ]
    },
    {
      "file_path": "/media/NFS/ttao/scannet/posed_images/scene0369_02/00278.jpg",
      "transform_matrix": [
        [
          -0.365218,
          -0.190351,
          0.911253,
          2.828017
        ],
        [
          -0.930908,
          0.080088,
          -0.356366,
          3.147046
        ],
        [
          -0.005146,
          -0.978444,
          -0.206448,
          1.636581
        ],
        [
          0.0,
          0.0,
          0.0,
          1.0
        ]
      ]
    },
    {
      "file_path": "/media/NFS/ttao/scannet/posed_images/scene0369_02/00283.jpg",
      "transform_matrix": [
        [
          -0.319415,
          -0.195941,
          0.927136,
          2.852398
        ],
        [
          -0.947499,
          0.081371,
          -0.309233,
          3.186918
        ],
        [
          -0.014851,
