{
  "frames": [
    {
      "file_path": "/media/NFS/ttao/scannet/posed_images/scene0143_02/00000.jpg",
      "transform_matrix": [
        [
          -0.485074,
          0.20697,
          -0.849627,
          2.905593
        ],
        [
          0.874231,
          0.137652,
          -0.465589,
          4.457603
        ],
        [
          0.02059,
          -0.968615,
          -0.247711,
          1.497356
        ],
        [
          0.0,
          0.0,
          0.0,
          1.0
        ]
      ]
    },
    {
      "file_path": "/media/NFS/ttao/scannet/posed_images/scene0143_02/00013.jpg",
      "transform_matrix": [
        [
          -0.478296,
          0.243999,
          -0.843622,
          2.885352
        ],
        [
          0.876955,
          0.183815,
          -0.44403,
          4.456854
        ],
        [
          0.046727,
          -0.952196,
          -0.301894,
          1.491117
        ],
        [
          0.0,
          0.0,
          0.0,
          1.0
        ]
      ]
    },
    {
      "file_path": "/media/NFS/ttao/scannet/posed_images/scene0143_02/00015.jpg",
      "transform_matrix": [
        [
          -0.485876,
          0.254424,
          -0.836178,
          2.877695
        ],
        [
          0.873164,
          0.183815,
          -0.451438,
          4.458353
        ],
        [
          0.038845,
          -0.949463,
          -0.311465,
          1.494
        ],
        [
          0.0,
          0.0,
          0.0,
          1.0
        ]
      ]
    },
    {
      "file_path": "/media/NFS/ttao/scannet/posed_images/scene0143_02/00028.jpg",
      "transform_matrix": [
        [
          -0.411512,
          0.280888,
          -0.867041,
          2.838259
        ],
        [
          0.910017,
          0.179111,
          -0.373884,
          4.458292
        ],
        [
          0.050277,
          -0.942879,
          -0.329319,
          1.488658
        ],
        [
          0.0,
          0.0,
          0.0,
          1.0
        ]
      ]
    },
    {
      "file_path": "/media/NFS/ttao/scannet/posed_images/scene0143_02/00038.jpg",
      "transform_matrix": [
        [
          -0.427531,
          0.169711,
          -0.887927,
          2.77122
        ],
        [
          0.900521,
          0.166048,
          -0.401858,
          4.392553
        ],
        [
          0.079239,
          -0.971404,
          -0.223819,
          1.586927
        ],
        [
          0.0,
          0.0,
          0.0,
          1.0
        ]
      ]
    },
    {
      "file_path": "/media/NFS/ttao/scannet/posed_images/scene0143_02/00041.jpg",
      "transform_matrix": [
        [
          -0.412178,
          0.115991,
          -0.90369,
          2.758336
        ],
        [
          0.905423,
          0.162736,
          -0.39208,
          4.356824
        ],
        [
          0.101585,
          -0.979828,
          -0.172097,
          1.626744
        ],
        [
          0.0,
          0.0,
          0.0,
          1.0
        ]
      ]
    },
    {
      "file_path": "/media/NFS/ttao/scannet/posed_images/scene0143_02/00051.jpg",
      "transform_matrix": [
        [
          -0.320263,
          -0.052426,
          -0.945877,
          2.739053
        ],
        [
          0.93189,
          0.162093,
          -0.324511,
          4.271838
        ],
        [
          0.170333,
          -0.985382,
          -0.003058,
          1.718351
        ],
        [
          0.0,
          0.0,
          0.0,
          1.0
        ]
      ]
    },
    {
      "file_path": "/media/NFS/ttao/scannet/posed_images/scene0143_02/00059.jpg",
      "transform_matrix": [
        [
          -0.33984,
          -0.126151,
          -0.931984,
          2.725036
        ],
        [
          0.919212,
          0.165015,
          -0.357519,
          4.231712
        ],
        [
          0.198893,
          -0.97819,
          0.059881,
          1.78798
        ],
        [
          0.0,
          0.0,
          0.0,
          1.0
        ]
      ]
    },
    {
      "file_path": "/media/NFS/ttao/scannet/posed_images/scene0143_02/00067.jpg",
      "transform_matrix": [
        [
          -0.315609,
          -0.04774,
          -0.947688,
          2.709828
        ],
        [
          0.929258,
          0.186554,
          -0.318869,
          4.234081
        ],
        [
          0.192018,
          -0.981284,
          -0.014516,
          1.733523
        ],
        [
          0.0,
          0.0,
          0.0,
          1.0
        ]
      ]
    },
    {
      "file_path": "/media/NFS/ttao/scannet/posed_images/scene0143_02/00074.jpg",
      "transform_matrix": [
        [
          -0.217362,
          0.142563,
          -0.965624,
          2.711991
        ],
        [
          0.962852,
          0.1937,
          -0.188141,
          4.245921
        ],
        [
          0.160219,
          -0.970647,
          -0.17937,
          1.614312
        ],
        [
          0.0,
          0.0,
          0.0,
          1.0
        ]
      ]
    },
    {
      "file_path": "/media/NFS/ttao/scannet/posed_images/scene0143_02/00085.jpg",
      "transform_matrix": [
        [
          -0.10927,
          0.3685,
          -0.923184,
          2.774856
        ],
        [
          0.992547,
          0.09086,
          -0.081213,
          4.348399
        ],
        [
          0.053954,
          -0.925177,
          -0.375681,
          1.445879
        ],
        [
          0.0,
          0.0,
          0.0,
          1.0
        ]
      ]
    },
    {
      "file_path": "/media/NFS/ttao/scannet/posed_images/scene0143_02/00092.jpg",
      "transform_matrix": [
        [
          -0.043571,
          0.511213,
          -0.858349,
          2.793207
        ],
        [
          0.999045,
          0.024997,
          -0.035826,
          4.378886
        ],
        [
          0.003141,
          -0.859091,
          -0.511814,
          1.434025
        ],
        [
          0.0,
          0.0,
          0.0,
          1.0
        ]
      ]
    },
    {
      "file_path": "/media/NFS/ttao/scannet/posed_images/scene0143_02/00105.jpg",
      "transform_matrix": [
        [
          0.360396,
          0.586861,
          -0.725058,
          2.853789
        ],
        [
          0.93279,
          -0.230185,
          0.277339,
          4.299296
        ],
        [
          -0.004138,
          -0.776279,
          -0.630376,
          1.383711
        ],
        [
          0.0,
          0.0,
          0.0,
          1.0
        ]
      ]
    },
    {
      "file_path": "/media/NFS/ttao/scannet/posed_images/scene0143_02/00113.jpg",
      "transform_matrix": [
        [
          0.591496,
          0.537192,
          -0.601296,
          2.909231
        ],
        [
          0.805998,
          -0.373261,
          0.459394,
          4.271842
        ],
        [
          0.022342,
          -0.756373,
          -0.653759,
          1.364551
        ],
        [
          0.0,
          0.0,
          0.0,
          1.0
        ]
      ]
    },
    {
      "file_path": "/media/NFS/ttao/scannet/posed_images/scene0143_02/00123.jpg",
      "transform_matrix": [
        [
          -Infinity,
          -Infinity,
          -Infinity,
          -Infinity
        ],
        [
          -Infinity,
          -Infinity,
          -Infinity,
          -Infinity
        ],
        [
          -Infinity,
          -Infinity,
          -Infinity,
          -Infinity
        ],
        [
          -Infinity,
          -Infinity,
          -Infinity,
          -Infinity
        ]
      ]
    },
    {
      "file_path": "/media/NFS/ttao/scannet/posed_images/scene0143_02/00133.jpg",
      "transform_matrix": [
        [
          -Infinity,
          -Infinity,
          -Infinity,
          -Infinity
        ],
        [
          -Infinity,
          -Infinity,
          -Infinity,
          -Infinity
        ],
        [
          -Infinity,
          -Infinity,
          -Infinity,
          -Infinity
        ],
        [
          -Infinity,
          -Infinity,
          -Infinity,
          -Infinity
        ]
      ]
    },
    {
      "file_path": "/media/NFS/ttao/scannet/posed_images/scene0143_02/00141.jpg",
      "transform_matrix": [
        [
          -Infinity,
          -Infinity,
          -Infinity,
          -Infinity
        ],
        [
          -Infinity,
          -Infinity,
          -Infinity,
          -Infinity
        ],
        [
          -Infinity,
          -Infinity,
          -Infinity,
          -Infinity
        ],
        [
          -Infinity,
          -Infinity,
          -Infinity,
          -Infinity
        ]
      ]
    },
    {
      "file_path": "/media/NFS/ttao/scannet/posed_images/scene0143_02/00149.jpg",
      "transform_matrix": [
        [
          -Infinity,
          -Infinity,
          -Infinity,
          -Infinity
        ],
        [
          -Infinity,
          -Infinity,
          -Infinity,
          -Infinity
        ],
        [
          -Infinity,
          -Infinity,
          -Infinity,
          -Infinity
        ],
        [
          -Infinity,
          -Infinity,
          -Infinity,
          -Infinity
        ]
      ]
    },
    {
      "file_path": "/media/NFS/ttao/scannet/posed_images/scene0143_02/00151.jpg",
      "transform_matrix": [
        [
          -Infinity,
          -Infinity,
          -Infinity,
          -Infinity
        ],
        [
          -Infinity,
          -Infinity,
          -Infinity,
          -Infinity
        ],
        [
          -Infinity,
          -Infinity,
          -Infinity,
          -Infinity
        ],
        [
          -Infinity,
          -Infinity,
          -Infinity,
          -Infinity
        ]
      ]
    },
    {
      "file_path": "/media/NFS/ttao/scannet/posed_images/scene0143_02/00161.jpg",
      "transform_matrix": [
        [
          -Infinity,
          -Infinity,
          -Infinity,
          -Infinity
        ],
        [
          -Infinity,
          -Infinity,
          -Infinity,
          -Infinity
        ],
        [
          -Infinity,
          -Infinity,
          -Infinity,
          -Infinity
        ],
        [
          -Infinity,
          -Infinity,
          -Infinity,
          -Infinity
        ]
      ]
    },
    {
      "file_path": "/media/NFS/ttao/scannet/posed_images/scene0143_02/00169.jpg",
      "transform_matrix": [
        [
          -Infinity,
          -Infinity,
          -Infinity,
          -Infinity
        ],
        [
          -Infinity,
          -Infinity,
          -Infinity,
          -Infinity
        ],
        [
          -Infinity,
          -Infinity,
          -Infinity,
          -Infinity
        ],
        [
          -Infinity,
          -Infinity,
          -Infinity,
          -Infinity
        ]
      ]
    },
    {
      "file_path": "/media/NFS/ttao/scannet/posed_images/scene0143_02/00177.jpg",
      "transform_matrix": [
        [
          -Infinity,
          -Infinity,
          -Infinity,
          -Infinity
        ],
        [
          -Infinity,
          -Infinity,
          -Infinity,
          -Infinity
        ],
        [
          -Infinity,
          -Infinity,
          -Infinity,
          -Infinity
        ],
        [
          -Infinity,
          -Infinity,
          -Infinity,
          -Infinity
        ]
      ]
    },
    {
      "file_path": "/media/NFS/ttao/scannet/posed_images/scene0143_02/00187.jpg",
      "transform_matrix": [
        [
          -Infinity,
          -Infinity,
          -Infinity,
          -Infinity
        ],
        [
          -Infinity,
          -Infinity,
          -Infinity,
          -Infinity
        ],
        [
          -Infinity,
          -Infinity,
          -Infinity,
          -Infinity
        ],
        [
          -Infinity,
          -Infinity,
          -Infinity,
          -Infinity
        ]
      ]
    },
    {
      "file_path": "/media/NFS/ttao/scannet/posed_images/scene0143_02/00197.jpg",
      "transform_matrix": [
        [
          -Infinity,
          -Infinity,
          -Infinity,
          -Infinity
        ],
        [
          -Infinity,
          -Infinity,
          -Infinity,
          -Infinity
        ],
        [
          -Infinity,
          -Infinity,
          -Infinity,
          -Infinity
        ],
        [
          -Infinity,
          -Infinity,
          -Infinity,
          -Infinity
        ]
      ]
    },
    {
      "file_path": "/media/NFS/ttao/scannet/posed_images/scene0143_02/00202.jpg",
      "transform_matrix": [
        [
          -Infinity,
          -Infinity,
          -Infinity,
          -Infinity
        ],
        [
          -Infinity,
          -Infinity,
          -Infinity,
          -Infinity
        ],
        [
          -Infinity,
          -Infinity,
          -Infinity,
          -Infinity
        ],
        [
          -Infinity,
          -Infinity,
          -Infinity,
          -Infinity
        ]
      ]
    },
    {
      "file_path": "/media/NFS/ttao/scannet/posed_images/scene0143_02/00213.jpg",
      "transform_matrix": [
        [
          -Infinity,
          -Infinity,
          -Infinity,
          -Infinity
        ],
        [
          -Infinity,
          -Infinity,
          -Infinity,
          -Infinity
        ],
        [
          -Infinity,
          -Infinity,
          -Infinity,
          -Infinity
        ],
        [
          -Infinity,
          -Infinity,
          -Infinity,
          -Infinity
        ]
      ]
    },
    {
      "file_path": "/media/NFS/ttao/scannet/posed_images/scene0143_02/00220.jpg",
      "transform_matrix": [
        [
          -Infinity,
          -Infinity,
          -Infinity,
          -Infinity
        ],
        [
          -Infinity,
          -Infinity,
          -Infinity,
          -Infinity
        ],
        [
          -Infinity,
          -Infinity,
          -Infinity,
          -Infinity
        ],
        [
          -Infinity,
          -Infinity,
          -Infinity,
          -Infinity
        ]
      ]
    },
    {
      "file_path": "/media/NFS/ttao/scannet/posed_images/scene0143_02/00236.jpg",
      "transform_matrix": [
        [
          -Infinity,
          -Infinity,
          -Infinity,
          -Infinity
        ],
        [
          -Infinity,
          -Infinity,
          -Infinity,
          -Infinity
        ],
        [
          -Infinity,
          -Infinity,
          -Infinity,
          -Infinity
        ],
        [
          -Infinity,
          -Infinity,
          -Infinity,
          -Infinity
        ]
      ]
    },
    {
      "file_path": "/media/NFS/ttao/scannet/posed_images/scene0143_02/00241.jpg",
      "transform_matrix": [
        [
          -Infinity,
          -Infinity,
          -Infinity,
          -Infinity
        ],
        [
          -Infinity,
          -Infinity,
          -Infinity,
          -Infinity
        ],
        [
          -Infinity,
          -Infinity,
          -Infinity,
          -Infinity
        ],
        [
          -Infinity,
          -Infinity,
          -Infinity,
          -Infinity
        ]
      ]
    },
    {
      "file_path": "/media/NFS/ttao/scannet/posed_images/scene0143_02/00248.jpg",
      "transform_matrix": [
        [
          -Infinity,
          -Infinity,
          -Infinity,
          -Infinity
        ],
        [
          -Infinity,
          -Infinity,
          -Infinity,
          -Infinity
        ],
        [
          -Infinity,
          -Infinity,
          -Infinity,
          -Infinity
        ],
        [
          -Infinity,
          -Infinity,
          -Infinity,
          -Infinity
        ]
      ]
    },
    {
      "file_path": "/media/NFS/ttao/scannet/posed_images/scene0143_02/00261.jpg",
      "transform_matrix": [
        [
          -Infinity,
          -Infinity,
          -Infinity,
          -Infinity
        ],
        [
          -Infinity,
          -Infinity,
          -Infinity,
          -Infinity
        ],
        [
          -Infinity,
          -Infinity,
          -Infinity,
          -Infinity
        ],
        [
          -Infinity,
          -Infinity,
          -Infinity,
          -Infinity
        ]
      ]
    },
    {
      "file_path": "/media/NFS/ttao/scannet/posed_images/scene0143_02/00264.jpg",
      "transform_matrix": [
        [
          -Infinity,
          -Infinity,
          -Infinity,
          -Infinity
        ],
        [
          -Infinity,
          -Infinity,
          -Infinity,
          -Infinity
        ],
        [
          -Infinity,
          -Infinity,
          -Infinity,
          -Infinity
        ],
        [
          -Infinity,
          -Infinity,
          -Infinity,
          -Infinity
        ]
      ]
    },
    {
      "file_path": "/media/NFS/ttao/scannet/posed_images/scene0143_02/00274.jpg",
      "transform_matrix": [
        [
          -Infinity,
          -Infinity,
          -Infinity,
          -Infinity
        ],
        [
          -Infinity,
          -Infinity,
          -Infinity,
          -Infinity
        ],
        [
          -Infinity,
          -Infinity,
          -Infinity,
          -Infinity
        ],
        [
          -Infinity,
          -Infinity,
          -Infinity,
          -Infinity
        ]
      ]
    },
    {
      "file_path": "/media/NFS/ttao/scannet/posed_images/scene0143_02/00282.jpg",
      "transform_matrix": [
        [
          -Infinity,
          -Infinity,
          -Infinity,
          -Infinity
        ],
        [
          -Infinity,
          -Infinity,
          -Infinity,
          -Infinity
        ],
        [
          -Infinity,
          -Infinity,
          -Infinity,
          -Infinity
        ],
        [
          -Infinity,
          -Infinity,
          -Infinity,
          -Infinity
        ]
      ]
    },
    {
      "file_path": "/media/NFS/ttao/scannet/posed_images/scene0143_02/00295.jpg",
      "transform_matrix": [
        [
          -0.502288,
          -0.425959,
          0.752507,
          2.065357
        ],
        [
          -0.864652,
          0.25667,
          -0.431854,
          3.759544
        ],
        [
          -0.009194,
          -0.867571,
          -0.497228,
          1.56826
        ],
        [
          0.0,
          0.0,
          0.0,
          1.0
        ]
      ]
    },
    {
      "file_path": "/media/NFS/ttao/scannet/posed_images/scene0143_02/00302.jpg",
      "transform_matrix": [
        [
          -0.622941,
          -0.337265,
          0.705831,
          2.135592
        ],
        [
          -0.782257,
          0.263479,
          -0.564494,
          3.834392
        ],
        [
          0.004412,
          -0.903787,
          -0.427959,
          1.6061
        ],
        [
          0.0,
          0.0,
          0.0,
          1.0
        ]
      ]
    },
    {
      "file_path": "/media/NFS/ttao/scannet/posed_images/scene0143_02/00310.jpg",
      "transform_matrix": [
        [
          -0.67969,
          -0.29139,
          0.673138,
          2.220842
        ],
        [
          -0.7335,
          0.268872,
          -0.624249,
          3.910693
        ],
        [
          0.000912,
          -0.918041,
          -0.396483,
          1.612185
        ],
        [
          0.0,
          0.0,
          0.0,
          1.0
        ]
      ]
    },
    {
      "file_path": "/media/NFS/ttao/scannet/posed_images/scene0143_02/00320.jpg",
      "transform_matrix": [
        [
          -0.664377,
          -0.276164,
          0.694504,
          2.323541
        ],
        [
          -0.747366,
          0.236946,
          -0.620726,
          3.919767
        ],
        [
          0.006863,
          -0.931445,
          -0.363817,
          1.617016
        ],
        [
          0.0,
          0.0,
          0.0,
          1.0
        ]
      ]
    },
    {
      "file_path": "/media/NFS/ttao/scannet/posed_images/scene0143_02/00328.jpg",
      "transform_matrix": [
        [
          -0.677395,
          -0.226552,
          0.699864,
          2.418771
        ],
        [
          -0.735126,
          0.243345,
          -0.632751,
          3.929057
        ],
        [
          -0.026958,
          -0.94311,
          -0.331385,
          1.623803
        ],
        [
          0.0,
          0.0,
          0.0,
          1.0
        ]
      ]
    },
    {
      "file_path": "/media/NFS/ttao/scannet/posed_images/scene0143_02/00333.jpg",
      "transform_matrix": [
        [
          -0.694905,
          -0.204344,
          0.689457,
          2.487519
        ],
        [
          -0.71849,
          0.236836,
          -0.653973,
          3.950164
        ],
        [
          -0.029653,
          -0.949817,
          -0.311397,
          1.623105
        ],
        [
          0.0,
          0.0,
          0.0,
          1.0
        ]
      ]
    },
    {
      "file_path": "/media/NFS/ttao/scannet/posed_images/scene0143_02/00346.jpg",
      "transform_matrix": [
        [
          -0.846511,
          -0.09678,
          0.5235,
          2.692646
        ],
        [
          -0.531283,
          0.216415,
          -0.819087,
          4.006028
        ],
        [
          -0.034022,
          -0.971493,
          -0.234615,
          1.668655
        ],
        [
          0.0,
          0.0,
          0.0,
          1.0
        ]
      ]
    },
    {
      "file_path": "/media/NFS/ttao/scannet/posed_images/scene0143_02/00351.jpg",
      "transform_matrix": [
        [
          -0.90644,
          -0.057968,
          0.418338,
          2.796423
        ],
        [
          -0.421863,
          0.171103,
          -0.890368,
          4.052565
        ],
        [
          -0.019966,
          -0.983546,
          -0.179549,
          1.704577
        ],
        [
          0.0,
          0.0,
          0.0,
          1.0
        ]
      ]
    },
    {
      "file_path": "/media/NFS/ttao/scannet/posed_images/scene0143_02/00364.jpg",
      "transform_matrix": [
        [
          -0.979222,
          -0.079745,
          0.186451,
          2.888975
        ],
        [
          -0.192362,
          0.074237,
          -0.978512,
          4.188346
        ],
        [
          0.064189,
          -0.994047,
          -0.088034,
          1.749273
        ],
        [
          0.0,
          0.0,
          0.0,
          1.0
        ]
      ]
    },
    {
      "file_path": "/media/NFS/ttao/scannet/posed_images/scene0143_02/00371.jpg",
      "transform_matrix": [
        [
          -0.997739,
          -0.066942,
          -0.005912,
          2.880093
        ],
        [
          -0.000994,
          0.102652,
          -0.994717,
          4.295071
        ],
        [
          0.067195,
          -0.992462,
          -0.102487,
          1.690299
        ],
        [
          0.0,
          0.0,
          0.0,
          1.0
        ]
      ]
    },
    {
      "file_path": "/media/NFS/ttao/scannet/posed_images/scene0143_02/00379.jpg",
      "transform_matrix": [
        [
          -0.967134,
          -0.050645,
          -0.249172,
          2.942222
        ],
        [
          0.238241,
          0.161907,
          -0.957615,
          4.360632
        ],
        [
          0.088841,
          -0.985506,
          -0.14452,
          1.648784
        ],
        [
          0.0,
          0.0,
          0.0,
          1.0
        ]
      ]
    },
    {
      "file_path": "/media/NFS/ttao/scannet/posed_images/scene0143_02/00382.jpg",
      "transform_matrix": [
        [
          -0.942323,
          -0.037033,
          -0.332649,
          2.93234
        ],
        [
          0.320717,
          0.184396,
          -0.929052,
          4.385794
        ],
        [
          0.095745,
          -0.982154,
          -0.161883,
          1.637674
        ],
        [
          0.0,
          0.0,
          0.0,
          1.0
        ]
      ]
    },
    {
      "file_path": "/media/NFS/ttao/scannet/posed_images/scene0143_02/00397.jpg",
      "transform_matrix": [
        [
          -0.73528,
          0.194438,
          -0.649274,
          2.943053
        ],
        [
          0.677173,
          0.250718,
          -0.691793,
          4.389646
        ],
        [
          0.028274,
          -0.948332,
          -0.316017,
          1.554958
        ],
        [
          0.0,
          0.0,
          0.0,
          1.0
        ]
      ]
    },
    {
      "file_path": "/media/NFS/ttao/scannet/posed_images/scene0143_02/00400.jpg",
      "transform_matrix": [
        [
          -0.697098,
          0.251585,
          -0.671386,
          2.933827
        ],
        [
          0.716722,
          0.269426,
          -0.64321,
          4.37731
        ],
        [
          0.019066,
          -0.929578,
          -0.368133,
          1.562101
        ],
        [
          0.0,
          0.0,
          0.0,
          1.0
        ]
      ]
    },
    {
      "file_path": "/media/NFS/ttao/scannet/posed_images/scene0143_02/00407.jpg",
      "transform_matrix": [
        [
          -0.594102,
          0.372039,
          -0.713182,
          2.915832
        ],
        [
          0.804386,
          0.277464,
          -0.525335,
          4.383552
        ],
        [
          0.002437,
          -0.885777,
          -0.464105,
          1.515067
        ],
        [
          0.0,
          0.0,
          0.0,
          1.0
        ]
      ]
    },
    {
      "file_path": "/media/NFS/ttao/scannet/posed_images/scene0143_02/00417.jpg",
      "transform_matrix": [
        [
          -0.414565,
          0.564331,
          -0.713909,
          2.91616
        ],
        [
          0.909868,
          0.242743,
          -0.336475,
          4.358623
        ],
        [
          -0.016587,
          -0.789054,
          -0.6141,
          1.432504
        ],
        [
          0.0,
          0.0,
          0.0,
          1.0
        ]
      ]
    },
    {
      "file_path": "/media/NFS/ttao/scannet/posed_images/scene0143_02/00428.jpg",
      "transform_matrix": [
        [
          -0.196748,
          0.727566,
          -0.65722,
          2.870281
        ],
        [
          0.977105,
          0.090146,
          -0.192715,
          4.416494
        ],
        [
          -0.080967,
          -0.680089,
          -0.728645,
          1.344744
        ],
        [
          0.0,
          0.0,
          0.0,
          1.0
        ]
      ]
    },
    {
      "file_path": "/media/NFS/ttao/scannet/posed_images/scene0143_02/00435.jpg",
      "transform_matrix": [
        [
          -0.008889,
          0.772434,
          -0.635032,
          2.848536
        ],
        [
          0.993907,
          -0.062944,
          -0.090476,
          4.44677
        ],
        [
          -0.109858,
          -0.631968,
          -0.767169,
          1.337562
        ],
        [
          0.0,
          0.0,
          0.0,
          1.0
        ]
      ]
    },
    {
      "file_path": "/media/NFS/ttao/scannet/posed_images/scene0143_02/00443.jpg",
      "transform_matrix": [
        [
          0.168113,
          0.721425,
          -0.671776,
          2.82759
        ],
        [
          0.984227,
          -0.160927,
          0.073484,
          4.448044
        ],
        [
          -0.055094,
          -0.673534,
          -0.7371,
          1.36307
        ],
        [
          0.0,
          0.0,
          0.0,
          1.0
        ]
      ]
    },
    {
      "file_path": "/media/NFS/ttao/scannet/posed_images/scene0143_02/00456.jpg",
      "transform_matrix": [
        [
          0.166349,
          0.575797,
          -0.800491,
          2.765726
        ],
        [
          0.985941,
          -0.084139,
          0.144366,
          4.472159
        ],
        [
          0.015773,
          -0.813252,
          -0.581698,
          1.480373
        ],
        [
          0.0,
          0.0,
          0.0,
          1.0
        ]
      ]
    },
    {
      "file_path": "/media/NFS/ttao/scannet/posed_images/scene0143_02/00466.jpg",
      "transform_matrix": [
        [
          -0.018989,
          0.411827,
          -0.911064,
          2.748325
        ],
        [
          0.990626,
          0.131038,
          0.038585,
          4.511563
        ],
        [
          0.135275,
          -0.901791,
          -0.410455,
          1.54817
        ],
        [
          0.0,
          0.0,
          0.0,
          1.0
        ]
      ]
    },
    {
      "file_path": "/media/NFS/ttao/scannet/posed_images/scene0143_02/00474.jpg",
      "transform_matrix": [
        [
          0.011489,
          0.213586,
          -0.976857,
          2.752688
        ],
        [
          0.984429,
          0.168954,
          0.048519,
          4.487304
        ],
        [
          0.175406,
          -0.962204,
          -0.208319,
          1.623382
        ],
        [
          0.0,
          0.0,
          0.0,
          1.0
        ]
      ]
    },
    {
      "file_path": "/media/NFS/ttao/scannet/posed_images/scene0143_02/00479.jpg",
      "transform_matrix": [
        [
          0.019121,
          0.132633,
          -0.990981,
          2.739987
        ],
        [
          0.984385,
          0.170979,
          0.041877,
          4.457968
        ],
        [
          0.174991,
          -0.976307,
          -0.127293,
          1.687841
        ],
        [
          0.0,
          0.0,
          0.0,
          1.0
        ]
      ]
    },
    {
      "file_path": "/media/NFS/ttao/scannet/posed_images/scene0143_02/00487.jpg",
      "transform_matrix": [
        [
          0.046985,
          0.006104,
          -0.998877,
          2.734058
        ],
        [
          0.989971,
          0.133091,
          0.047379,
          4.348699
        ],
        [
          0.133231,
          -0.991085,
          0.00021,
          1.714314
        ],
        [
          0.0,
          0.0,
          0.0,
          1.0
        ]
      ]
    },
    {
      "file_path": "/media/NFS/ttao/scannet/posed_images/scene0143_02/00499.jpg",
      "transform_matrix": [
        [
          -0.048706,
          -0.121323,
          -0.991417,
          2.757481
        ],
        [
          0.994627,
          0.084894,
          -0.059253,
          4.195055
        ],
        [
          0.091354,
          -0.988976,
          0.116536,
          1.733169
        ],
        [
          0.0,
          0.0,
          0.0,
          1.0
        ]
      ]
    },
    {
      "file_path": "/media/NFS/ttao/scannet/posed_images/scene0143_02/00507.jpg",
      "transform_matrix": [
        [
          -0.10258,
          -0.137182,
          -0.98522,
          2.819574
        ],
        [
          0.98276,
          0.139179,
          -0.121703,
          4.097864
        ],
        [
          0.153817,
          -0.980719,
          0.12054,
          1.741167
        ],
        [
          0.0,
          0.0,
          0.0,
          1.0
        ]
      ]
    },
    {
      "file_path": "/media/NFS/ttao/scannet/posed_images/scene0143_02/00510.jpg",
      "transform_matrix": [
        [
          -0.044574,
          -0.120317,
          -0.991734,
          2.856835
        ],
        [
          0.988146,
          0.140669,
          -0.061478,
          4.065014
        ],
        [
          0.146903,
          -0.982719,
          0.112621,
          1.734799
        ],
        [
          0.0,
          0.0,
          0.0,
          1.0
        ]
      ]
    },
    {
      "file_path": "/media/NFS/ttao/scannet/posed_images/scene0143_02/00522.jpg",
      "transform_matrix": [
        [
          0.287246,
          -0.03795,
          -0.957105,
          3.00931
        ],
        [
          0.952524,
          0.116611,
          0.281248,
          4.009263
        ],
        [
          0.100935,
          -0.992452,
          0.069644,
          1.656384
        ],
        [
          0.0,
          0.0,
          0.0,
          1.0
        ]
      ]
    },
    {
      "file_path": "/media/NFS/ttao/scannet/posed_images/scene0143_02/00533.jpg",
      "transform_matrix": [
        [
          -Infinity,
          -Infinity,
          -Infinity,
          -Infinity
        ],
        [
          -Infinity,
          -Infinity,
          -Infinity,
          -Infinity
        ],
        [
          -Infinity,
          -Infinity,
          -Infinity,
          -Infinity
        ],
        [
          -Infinity,
          -Infinity,
          -Infinity,
          -Infinity
        ]
      ]
    },
    {
      "file_path": "/media/NFS/ttao/scannet/posed_images/scene0143_02/00535.jpg",
      "transform_matrix": [
        [
          -Infinity,
          -Infinity,
          -Infinity,
          -Infinity
        ],
        [
          -Infinity,
          -Infinity,
          -Infinity,
          -Infinity
        ],
        [
          -Infinity,
          -Infinity,
          -Infinity,
          -Infinity
        ],
        [
          -Infinity,
          -Infinity,
          -Infinity,
          -Infinity
        ]
      ]
    },
    {
      "file_path": "/media/NFS/ttao/scannet/posed_images/scene0143_02/00545.jpg",
      "transform_matrix": [
        [
          0.719998,
          0.073541,
          -0.690069,
          3.12729
        ],
        [
          0.689984,
          0.030645,
          0.723175,
          4.147767
        ],
        [
          0.07433,
          -0.996821,
          -0.028678,
          1.773365
        ],
        [
          0.0,
          0.0,
          0.0,
          1.0
        ]
      ]
    },
    {
      "file_path": "/media/NFS/ttao/scannet/posed_images/scene0143_02/00556.jpg",
      "transform_matrix": [
        [
          0.796862,
          0.09353,
          -0.596878,
          3.135019
        ],
        [
          0.60416,
          -0.120509,
          0.787699,
          4.151667
        ],
        [
          0.001745,
          -0.988296,
          -0.152536,
          1.67885
        ],
        [
          0.0,
          0.0,
          0.0,
          1.0
        ]
      ]
    },
    {
      "file_path": "/media/NFS/ttao/scannet/posed_images/scene0143_02/00561.jpg",
      "transform_matrix": [
        [
          0.835501,
          0.132431,
          -0.533293,
          3.11336
        ],
        [
          0.549381,
          -0.220641,
          0.805915,
          4.156029
        ],
        [
          -0.010938,
          -0.966323,
          -0.2571,
          1.654281
        ],
        [
          0.0,
          0.0,
          0.0,
          1.0
        ]
      ]
    },
    {
      "file_path": "/media/NFS/ttao/scannet/posed_images/scene0143_02/00571.jpg",
      "transform_matrix": [
        [
          0.880224,
          0.228472,
          -0.415941,
          3.106893
        ],
        [
          0.474317,
          -0.395547,
          0.78649,
          4.168355
        ],
        [
          0.015166,
          -0.889575,
          -0.456538,
          1.537592
        ],
        [
          0.0,
          0.0,
          0.0,
          1.0
        ]
      ]
    },
    {
      "file_path": "/media/NFS/ttao/scannet/posed_images/scene0143_02/00579.jpg",
      "transform_matrix": [
        [
          0.910631,
          0.242105,
          -0.334868,
          3.103629
        ],
        [
          0.413221,
          -0.533028,
          0.738329,
          4.181343
        ],
        [
          0.00026,
          -0.81072,
          -0.585434,
          1.474952
        ],
        [
          0.0,
          0.0,
          0.0,
          1.0
        ]
      ]
    },
    {
      "file_path": "/media/NFS/ttao/scannet/posed_images/scene0143_02/00589.jpg",
      "transform_matrix": [
        [
          0.941275,
          0.217562,
          -0.258201,
          3.103314
        ],
        [
          0.337641,
          -0.607337,
          0.719125,
          4.174031
        ],
        [
          -0.000361,
          -0.764074,
          -0.645129,
          1.429366
        ],
        [
          0.0,
          0.0,
          0.0,
          1.0
        ]
      ]
    },
    {
      "file_path": "/media/NFS/ttao/scannet/posed_images/scene0143_02/00599.jpg",
      "transform_matrix": [
        [
          0.936241,
          0.258069,
          -0.23844,
          3.092536
        ],
        [
          0.342974,
          -0.523872,
          0.779697,
          4.177591
        ],
        [
          0.076303,
          -0.811763,
          -0.578981,
          1.451322
        ],
        [
          0.0,
          0.0,
          0.0,
          1.0
        ]
      ]
    },
    {
      "file_path": "/media/NFS/ttao/scannet/posed_images/scene0143_02/00607.jpg",
      "transform_matrix": [
        [
          0.87898,
          0.329501,
          -0.344706,
          3.063658
        ],
        [
          0.470483,
          -0.481436,
          0.739503,
          4.192276
        ],
        [
          0.077713,
          -0.812187,
          -0.578197,
          1.467291
        ],
        [
          0.0,
          0.0,
          0.0,
          1.0
        ]
      ]
    },
    {
      "file_path": "/media/NFS/ttao/scannet/posed_images/scene0143_02/00617.jpg",
      "transform_matrix": [
        [
          0.661212,
          0.431005,
          -0.614031,
          3.027872
        ],
        [
          0.74076,
          -0.245664,
          0.62524,
          4.235975
        ],
        [
          0.118636,
          -0.868265,
          -0.481707,
          1.552905
        ],
        [
          0.0,
          0.0,
          0.0,
          1.0
        ]
      ]
    },
    {
      "file_path": "/media/NFS/ttao/scannet/posed_images/scene0143_02/00627.jpg",
      "transform_matrix": [
        [
          0.269584,
          0.511214,
          -0.816079,
          3.027077
        ],
        [
          0.958067,
          -0.056918,
          0.280834,
          4.241898
        ],
        [
          0.097116,
          -0.857567,
          -0.505121,
          1.539066
        ],
        [
          0.0,
          0.0,
          0.0,
          1.0
        ]
      ]
    },
    {
      "file_path": "/media/NFS/ttao/scannet/posed_images/scene0143_02/00635.jpg",
      "transform_matrix": [
        [
          0.010649,
          0.465577,
          -0.884943,
          3.011024
        ],
        [
          0.998433,
          0.043678,
          0.034994,
          4.233337
        ],
        [
          0.054945,
          -0.883929,
          -0.464382,
          1.47584
        ],
        [
          0.0,
          0.0,
          0.0,
          1.0
        ]
      ]
    },
    {
      "file_path": "/media/NFS/ttao/scannet/posed_images/scene0143_02/00640.jpg",
      "transform_matrix": [
        [
          -0.09397,
          0.421892,
          -0.901763,
          2.953358
        ],
        [
          0.992767,
          0.107686,
          -0.053072,
          4.212872
        ],
        [
          0.074717,
          -0.900228,
          -0.428959,
          1.46605
        ],
        [
          0.0,
          0.0,
          0.0,
          1.0
        ]
      ]
    },
    {
      "file_path": "/media/NFS/ttao/scannet/posed_images/scene0143_02/00650.jpg",
      "transform_matrix": [
        [
          -0.323397,
          0.258967,
          -0.910138,
          2.792775
        ],
        [
