{
  "frames": [
    {
      "file_path": "/media/NFS/ttao/scannet/posed_images/scene0371_00/00000.jpg",
      "transform_matrix": [
        [
          0.988121,
          0.085581,
          -0.127647,
          2.636891
        ],
        [
          0.153677,
          -0.544065,
          0.82485,
          3.366659
        ],
        [
          0.001143,
          -0.834667,
          -0.550754,
          1.284131
        ],
        [
          0.0,
          0.0,
          0.0,
          1.0
        ]
      ]
    },
    {
      "file_path": "/media/NFS/ttao/scannet/posed_images/scene0371_00/00002.jpg",
      "transform_matrix": [
        [
          0.984723,
          0.088812,
          -0.149782,
          2.638659
        ],
        [
          0.173988,
          -0.536845,
          0.825546,
          3.375782
        ],
        [
          -0.007091,
          -0.838994,
          -0.544095,
          1.288352
        ],
        [
          0.0,
          0.0,
          0.0,
          1.0
        ]
      ]
    },
    {
      "file_path": "/media/NFS/ttao/scannet/posed_images/scene0371_00/00005.jpg",
      "transform_matrix": [
        [
          0.982189,
          0.100054,
          -0.159043,
          2.646248
        ],
        [
          0.187898,
          -0.522583,
          0.831626,
          3.38147
        ],
        [
          9.4e-05,
          -0.846697,
          -0.532075,
          1.289354
        ],
        [
          0.0,
          0.0,
          0.0,
          1.0
        ]
      ]
    },
    {
      "file_path": "/media/NFS/ttao/scannet/posed_images/scene0371_00/00008.jpg",
      "transform_matrix": [
        [
          0.976832,
          0.12541,
          -0.173412,
          2.657203
        ],
        [
          0.213668,
          -0.525834,
          0.823313,
          3.385149
        ],
        [
          0.012066,
          -0.841291,
          -0.540447,
          1.294141
        ],
        [
          0.0,
          0.0,
          0.0,
          1.0
        ]
      ]
    },
    {
      "file_path": "/media/NFS/ttao/scannet/posed_images/scene0371_00/00012.jpg",
      "transform_matrix": [
        [
          0.970448,
          0.136014,
          -0.199326,
          2.690693
        ],
        [
          0.241147,
          -0.516172,
          0.821836,
          3.392757
        ],
        [
          0.008895,
          -0.845616,
          -0.533717,
          1.303219
        ],
        [
          0.0,
          0.0,
          0.0,
          1.0
        ]
      ]
    },
    {
      "file_path": "/media/NFS/ttao/scannet/posed_images/scene0371_00/00014.jpg",
      "transform_matrix": [
        [
          0.968192,
          0.138567,
          -0.208337,
          2.699322
        ],
        [
          0.250135,
          -0.515639,
          0.819481,
          3.393305
        ],
        [
          0.006126,
          -0.845527,
          -0.533897,
          1.305434
        ],
        [
          0.0,
          0.0,
          0.0,
          1.0
        ]
      ]
    },
    {
      "file_path": "/media/NFS/ttao/scannet/posed_images/scene0371_00/00016.jpg",
      "transform_matrix": [
        [
          0.965562,
          0.144579,
          -0.216303,
          2.70943
        ],
        [
          0.260095,
          -0.515988,
          0.816154,
          3.393234
        ],
        [
          0.006389,
          -0.844306,
          -0.535823,
          1.307461
        ],
        [
          0.0,
          0.0,
          0.0,
          1.0
        ]
      ]
    },
    {
      "file_path": "/media/NFS/ttao/scannet/posed_images/scene0371_00/00019.jpg",
      "transform_matrix": [
        [
          0.961145,
          0.152953,
          -0.229795,
          2.721467
        ],
        [
          0.276012,
          -0.519855,
          0.808435,
          3.389434
        ],
        [
          0.004193,
          -0.84045,
          -0.541873,
          1.305803
        ],
        [
          0.0,
          0.0,
          0.0,
          1.0
        ]
      ]
    },
    {
      "file_path": "/media/NFS/ttao/scannet/posed_images/scene0371_00/00022.jpg",
      "transform_matrix": [
        [
          0.952942,
          0.168696,
          -0.251879,
          2.743
        ],
        [
          0.303151,
          -0.532728,
          0.790127,
          3.389758
        ],
        [
          -0.000892,
          -0.829303,
          -0.558799,
          1.303803
        ],
        [
          0.0,
          0.0,
          0.0,
          1.0
        ]
      ]
    },
    {
      "file_path": "/media/NFS/ttao/scannet/posed_images/scene0371_00/00025.jpg",
      "transform_matrix": [
        [
          0.944013,
          0.191742,
          -0.268466,
          2.752095
        ],
        [
          0.3299,
          -0.54308,
          0.772159,
          3.382769
        ],
        [
          0.002257,
          -0.817496,
          -0.57593,
          1.292864
        ],
        [
          0.0,
          0.0,
          0.0,
          1.0
        ]
      ]
    },
    {
      "file_path": "/media/NFS/ttao/scannet/posed_images/scene0371_00/00028.jpg",
      "transform_matrix": [
        [
          0.932945,
          0.221454,
          -0.283851,
          2.760727
        ],
        [
          0.359975,
          -0.561562,
          0.745028,
          3.376298
        ],
        [
          0.00559,
          -0.797249,
          -0.603624,
          1.281157
        ],
        [
          0.0,
          0.0,
          0.0,
          1.0
        ]
      ]
    },
    {
      "file_path": "/media/NFS/ttao/scannet/posed_images/scene0371_00/00032.jpg",
      "transform_matrix": [
        [
          0.91203,
          0.262264,
          -0.315308,
          2.775403
        ],
        [
          0.410048,
          -0.568287,
          0.71338,
          3.362926
        ],
        [
          0.007908,
          -0.779915,
          -0.625836,
          1.264885
        ],
        [
          0.0,
          0.0,
          0.0,
          1.0
        ]
      ]
    },
    {
      "file_path": "/media/NFS/ttao/scannet/posed_images/scene0371_00/00035.jpg",
      "transform_matrix": [
        [
          0.893933,
          0.289243,
          -0.342378,
          2.783092
        ],
        [
          0.448181,
          -0.569611,
          0.688968,
          3.35655
        ],
        [
          0.004256,
          -0.769338,
          -0.638827,
          1.259195
        ],
        [
          0.0,
          0.0,
          0.0,
          1.0
        ]
      ]
    },
    {
      "file_path": "/media/NFS/ttao/scannet/posed_images/scene0371_00/00036.jpg",
      "transform_matrix": [
        [
          0.888641,
          0.294666,
          -0.35141,
          2.783752
        ],
        [
          0.4586,
          -0.56821,
          0.683245,
          3.351553
        ],
        [
          0.001654,
          -0.768316,
          -0.640068,
          1.256644
        ],
        [
          0.0,
          0.0,
          0.0,
          1.0
        ]
      ]
    },
    {
      "file_path": "/media/NFS/ttao/scannet/posed_images/scene0371_00/00040.jpg",
      "transform_matrix": [
        [
          0.86194,
          0.310838,
          -0.400548,
          2.7788
        ],
        [
          0.506802,
          -0.55083,
          0.663128,
          3.3283
        ],
        [
          -0.014509,
          -0.774575,
          -0.632316,
          1.254428
        ],
        [
          0.0,
          0.0,
          0.0,
          1.0
        ]
      ]
    },
    {
      "file_path": "/media/NFS/ttao/scannet/posed_images/scene0371_00/00043.jpg",
      "transform_matrix": [
        [
          0.837154,
          0.334431,
          -0.432817,
          2.775735
        ],
        [
          0.546638,
          -0.539018,
          0.640817,
          3.31731
        ],
        [
          -0.018987,
          -0.773056,
          -0.634053,
          1.252515
        ],
        [
          0.0,
          0.0,
          0.0,
          1.0
        ]
      ]
    },
    {
      "file_path": "/media/NFS/ttao/scannet/posed_images/scene0371_00/00046.jpg",
      "transform_matrix": [
        [
          0.812114,
          0.354557,
          -0.463422,
          2.771911
        ],
        [
          0.583082,
          -0.523126,
          0.621574,
          3.307715
        ],
        [
          -0.022045,
          -0.775002,
          -0.631574,
          1.252711
        ],
        [
          0.0,
          0.0,
          0.0,
          1.0
        ]
      ]
    },
    {
      "file_path": "/media/NFS/ttao/scannet/posed_images/scene0371_00/00047.jpg",
      "transform_matrix": [
        [
          0.802763,
          0.363893,
          -0.472392,
          2.768944
        ],
        [
          0.595899,
          -0.518561,
          0.613188,
          3.304884
        ],
        [
          -0.021829,
          -0.773742,
          -0.633125,
          1.253526
        ],
        [
          0.0,
          0.0,
          0.0,
          1.0
        ]
      ]
    },
    {
      "file_path": "/media/NFS/ttao/scannet/posed_images/scene0371_00/00052.jpg",
      "transform_matrix": [
        [
          0.74759,
          0.425762,
          -0.509742,
          2.73863
        ],
        [
          0.663763,
          -0.505513,
          0.551249,
          3.303987
        ],
        [
          -0.022981,
          -0.750455,
          -0.660521,
          1.270159
        ],
        [
          0.0,
          0.0,
          0.0,
          1.0
        ]
      ]
    },
    {
      "file_path": "/media/NFS/ttao/scannet/posed_images/scene0371_00/00054.jpg",
      "transform_matrix": [
        [
          0.720852,
          0.445806,
          -0.530688,
          2.72968
        ],
        [
          0.692626,
          -0.49136,
          0.528048,
          3.296062
        ],
        [
          -0.025352,
          -0.748213,
          -0.662974,
          1.268996
        ],
        [
          0.0,
          0.0,
          0.0,
          1.0
        ]
      ]
    },
    {
      "file_path": "/media/NFS/ttao/scannet/posed_images/scene0371_00/00057.jpg",
      "transform_matrix": [
        [
          0.683888,
          0.474712,
          -0.554027,
          2.714603
        ],
        [
          0.729253,
          -0.467759,
          0.499392,
          3.27904
        ],
        [
          -0.022084,
          -0.745554,
          -0.666079,
          1.262033
        ],
        [
          0.0,
          0.0,
          0.0,
          1.0
        ]
      ]
    },
    {
      "file_path": "/media/NFS/ttao/scannet/posed_images/scene0371_00/00058.jpg",
      "transform_matrix": [
        [
          0.675495,
          0.480222,
          -0.559547,
          2.708191
        ],
        [
          0.737059,
          -0.46159,
          0.493638,
          3.270373
        ],
        [
          -0.021226,
          -0.745869,
          -0.665754,
          1.259939
        ],
        [
          0.0,
          0.0,
          0.0,
          1.0
        ]
      ]
    },
    {
      "file_path": "/media/NFS/ttao/scannet/posed_images/scene0371_00/00062.jpg",
      "transform_matrix": [
        [
          0.623269,
          0.514454,
          -0.588959,
          2.683203
        ],
        [
          0.781637,
          -0.43301,
          0.448938,
          3.265846
        ],
        [
          -0.024067,
          -0.740161,
          -0.671998,
          1.256346
        ],
        [
          0.0,
          0.0,
          0.0,
          1.0
        ]
      ]
    },
    {
      "file_path": "/media/NFS/ttao/scannet/posed_images/scene0371_00/00066.jpg",
      "transform_matrix": [
        [
          0.592559,
          0.529038,
          -0.607448,
          2.65174
        ],
        [
          0.805246,
          -0.408944,
          0.429352,
          3.252782
        ],
        [
          -0.021269,
          -0.743561,
          -0.668329,
          1.259498
        ],
        [
          0.0,
          0.0,
          0.0,
          1.0
        ]
      ]
    },
    {
      "file_path": "/media/NFS/ttao/scannet/posed_images/scene0371_00/00067.jpg",
      "transform_matrix": [
        [
          0.584049,
          0.531635,
          -0.613393,
          2.64518
        ],
        [
          0.811397,
          -0.40365,
          0.422732,
          3.250694
        ],
        [
          -0.022857,
          -0.744601,
          -0.667118,
          1.259568
        ],
        [
          0.0,
          0.0,
          0.0,
          1.0
        ]
      ]
    },
    {
      "file_path": "/media/NFS/ttao/scannet/posed_images/scene0371_00/00071.jpg",
      "transform_matrix": [
        [
          0.535358,
          0.559099,
          -0.633089,
          2.607067
        ],
        [
          0.844528,
          -0.365745,
          0.391156,
          3.244621
        ],
        [
          -0.012854,
          -0.744069,
          -0.667979,
          1.260725
        ],
        [
          0.0,
          0.0,
          0.0,
          1.0
        ]
      ]
    },
    {
      "file_path": "/media/NFS/ttao/scannet/posed_images/scene0371_00/00074.jpg",
      "transform_matrix": [
        [
          0.515905,
          0.577242,
          -0.632956,
          2.573565
        ],
        [
          0.856605,
          -0.340422,
          0.387737,
          3.239121
        ],
        [
          0.008346,
          -0.742229,
          -0.670094,
          1.261762
        ],
        [
          0.0,
          0.0,
          0.0,
          1.0
        ]
      ]
    },
    {
      "file_path": "/media/NFS/ttao/scannet/posed_images/scene0371_00/00075.jpg",
      "transform_matrix": [
        [
          0.510646,
          0.578808,
          -0.635784,
          2.563247
        ],
        [
          0.859727,
          -0.334759,
          0.385753,
          3.238459
        ],
        [
          0.010442,
          -0.743584,
          -0.668561,
          1.262564
        ],
        [
          0.0,
          0.0,
          0.0,
          1.0
        ]
      ]
    },
    {
      "file_path": "/media/NFS/ttao/scannet/posed_images/scene0371_00/00078.jpg",
      "transform_matrix": [
        [
          0.491982,
          0.576535,
          -0.652351,
          2.531474
        ],
        [
          0.870584,
          -0.320469,
          0.373341,
          3.239507
        ],
        [
          0.006186,
          -0.751603,
          -0.659587,
          1.26416
        ],
        [
          0.0,
          0.0,
          0.0,
          1.0
        ]
      ]
    },
    {
      "file_path": "/media/NFS/ttao/scannet/posed_images/scene0371_00/00081.jpg",
      "transform_matrix": [
        [
          0.481068,
          0.575145,
          -0.661651,
          2.497822
        ],
        [
          0.876662,
          -0.310415,
          0.367566,
          3.238407
        ],
        [
          0.006017,
          -0.756869,
          -0.653539,
          1.268038
        ],
        [
          0.0,
          0.0,
          0.0,
          1.0
        ]
      ]
    },
    {
      "file_path": "/media/NFS/ttao/scannet/posed_images/scene0371_00/00085.jpg",
      "transform_matrix": [
        [
          0.466529,
          0.565901,
          -0.679784,
          2.456264
        ],
        [
          0.884506,
          -0.298439,
          0.358585,
          3.245177
        ],
        [
          4.9e-05,
          -0.768563,
          -0.639774,
          1.270941
        ],
        [
          0.0,
          0.0,
          0.0,
          1.0
        ]
      ]
    },
    {
      "file_path": "/media/NFS/ttao/scannet/posed_images/scene0371_00/00087.jpg",
      "transform_matrix": [
        [
          0.455629,
          0.571582,
          -0.682419,
          2.436116
        ],
        [
          0.890159,
          -0.288865,
          0.352382,
          3.252777
        ],
        [
          0.004288,
          -0.768017,
          -0.640415,
          1.272494
        ],
        [
          0.0,
          0.0,
          0.0,
          1.0
        ]
      ]
    },
    {
      "file_path": "/media/NFS/ttao/scannet/posed_images/scene0371_00/00089.jpg",
      "transform_matrix": [
        [
          0.434329,
          0.574823,
          -0.693496,
          2.41574
        ],
        [
          0.900727,
          -0.271184,
          0.339337,
          3.264392
        ],
        [
          0.006993,
          -0.772035,
          -0.635542,
          1.278707
        ],
        [
          0.0,
          0.0,
          0.0,
          1.0
        ]
      ]
    },
    {
      "file_path": "/media/NFS/ttao/scannet/posed_images/scene0371_00/00092.jpg",
      "transform_matrix": [
        [
          0.408718,
          0.566353,
          -0.715677,
          2.390909
        ],
        [
          0.912623,
          -0.246491,
          0.326131,
          3.283705
        ],
        [
          0.008298,
          -0.786439,
          -0.617612,
          1.286313
        ],
        [
          0.0,
          0.0,
          0.0,
          1.0
        ]
      ]
    },
    {
      "file_path": "/media/NFS/ttao/scannet/posed_images/scene0371_00/00094.jpg",
      "transform_matrix": [
        [
          0.38147,
          0.557959,
          -0.736996,
          2.374453
        ],
        [
          0.924356,
          -0.224312,
          0.308627,
          3.30021
        ],
        [
          0.006885,
          -0.798978,
          -0.601321,
          1.291992
        ],
        [
          0.0,
          0.0,
          0.0,
          1.0
        ]
      ]
    },
    {
      "file_path": "/media/NFS/ttao/scannet/posed_images/scene0371_00/00099.jpg",
      "transform_matrix": [
        [
          0.297641,
          0.532493,
          -0.792377,
          2.343403
        ],
        [
          0.954671,
          -0.162902,
          0.24913,
          3.345393
        ],
        [
          0.00358,
          -0.83061,
          -0.556842,
          1.311203
        ],
        [
          0.0,
          0.0,
          0.0,
          1.0
        ]
      ]
    },
    {
      "file_path": "/media/NFS/ttao/scannet/posed_images/scene0371_00/00100.jpg",
      "transform_matrix": [
        [
          0.278226,
          0.534198,
          -0.798262,
          2.336095
        ],
        [
          0.96049,
          -0.14867,
          0.235278,
          3.356283
        ],
        [
          0.007007,
          -0.832183,
          -0.554456,
          1.317027
        ],
        [
          0.0,
          0.0,
          0.0,
          1.0
        ]
      ]
    },
    {
      "file_path": "/media/NFS/ttao/scannet/posed_images/scene0371_00/00104.jpg",
      "transform_matrix": [
        [
          0.213531,
          0.5258,
          -0.823371,
          2.314133
        ],
        [
          0.976903,
          -0.107912,
          0.184436,
          3.390363
        ],
        [
          0.008125,
          -0.843735,
          -0.536698,
          1.334489
        ],
        [
          0.0,
          0.0,
          0.0,
          1.0
        ]
      ]
    },
    {
      "file_path": "/media/NFS/ttao/scannet/posed_images/scene0371_00/00107.jpg",
      "transform_matrix": [
        [
          0.163208,
          0.513353,
          -0.842516,
          2.297996
        ],
        [
          0.986515,
          -0.074295,
          0.145834,
          3.408789
        ],
        [
          0.012269,
          -0.854956,
          -0.518556,
          1.343302
        ],
        [
          0.0,
          0.0,
          0.0,
          1.0
        ]
      ]
    },
    {
      "file_path": "/media/NFS/ttao/scannet/posed_images/scene0371_00/00108.jpg",
      "transform_matrix": [
        [
          0.149944,
          0.516045,
          -0.843335,
          2.292758
        ],
        [
          0.988605,
          -0.066809,
          0.134891,
          3.412786
        ],
        [
          0.013268,
          -0.853952,
          -0.520183,
          1.345267
        ],
        [
          0.0,
          0.0,
          0.0,
          1.0
        ]
      ]
    },
    {
      "file_path": "/media/NFS/ttao/scannet/posed_images/scene0371_00/00111.jpg",
      "transform_matrix": [
        [
          0.100702,
          0.530167,
          -0.841892,
          2.270126
        ],
        [
          0.994917,
          -0.054204,
          0.084872,
          3.429526
        ],
        [
          -0.000638,
          -0.846159,
          -0.53293,
          1.354393
        ],
        [
          0.0,
          0.0,
          0.0,
          1.0
        ]
      ]
    },
    {
      "file_path": "/media/NFS/ttao/scannet/posed_images/scene0371_00/00116.jpg",
      "transform_matrix": [
        [
          0.04224,
          0.511383,
          -0.858314,
          2.231678
        ],
        [
          0.999099,
          -0.0252,
          0.034155,
          3.448297
        ],
        [
          -0.004163,
          -0.858984,
          -0.511986,
          1.355067
        ],
        [
          0.0,
          0.0,
          0.0,
          1.0
        ]
      ]
    },
    {
      "file_path": "/media/NFS/ttao/scannet/posed_images/scene0371_00/00117.jpg",
      "transform_matrix": [
        [
          0.033242,
          0.512862,
          -0.857828,
          2.221188
        ],
        [
          0.999439,
          -0.020511,
          0.026466,
          3.451264
        ],
        [
          -0.004022,
          -0.858226,
          -0.513256,
          1.353076
        ],
        [
          0.0,
          0.0,
          0.0,
          1.0
        ]
      ]
    },
    {
      "file_path": "/media/NFS/ttao/scannet/posed_images/scene0371_00/00121.jpg",
      "transform_matrix": [
        [
          -0.006919,
          0.511814,
          -0.859069,
          2.171823
        ],
        [
          0.999968,
          -2.6e-05,
          -0.00807,
          3.464465
        ],
        [
          -0.004153,
          -0.859097,
          -0.511797,
          1.349841
        ],
        [
          0.0,
          0.0,
          0.0,
          1.0
        ]
      ]
    },
    {
      "file_path": "/media/NFS/ttao/scannet/posed_images/scene0371_00/00124.jpg",
      "transform_matrix": [
        [
          -0.038001,
          0.511643,
          -0.858358,
          2.133708
        ],
        [
          0.999122,
          0.034618,
          -0.023598,
          3.470974
        ],
        [
          0.01764,
          -0.858501,
          -0.512509,
          1.347939
        ],
        [
          0.0,
          0.0,
          0.0,
          1.0
        ]
      ]
    },
    {
      "file_path": "/media/NFS/ttao/scannet/posed_images/scene0371_00/00125.jpg",
      "transform_matrix": [
        [
          -0.049068,
          0.516437,
          -0.854919,
          2.118389
        ],
        [
          0.998476,
          0.047004,
          -0.028914,
          3.471689
        ],
        [
          0.025252,
          -0.855034,
          -0.517956,
          1.349162
        ],
        [
          0.0,
          0.0,
          0.0,
          1.0
        ]
      ]
    },
    {
      "file_path": "/media/NFS/ttao/scannet/posed_images/scene0371_00/00129.jpg",
      "transform_matrix": [
        [
          -0.103646,
          0.510158,
          -0.853813,
          2.066479
        ],
        [
          0.993659,
          0.090736,
          -0.066407,
          3.475216
        ],
        [
          0.043593,
          -0.855281,
          -0.516327,
          1.351826
        ],
        [
          0.0,
          0.0,
          0.0,
          1.0
        ]
      ]
    },
    {
      "file_path": "/media/NFS/ttao/scannet/posed_images/scene0371_00/00131.jpg",
      "transform_matrix": [
        [
          -0.127337,
          0.516085,
          -0.84702,
          2.037673
        ],
        [
          0.990698,
          0.107498,
          -0.083439,
          3.476156
        ],
        [
          0.047991,
          -0.849765,
          -0.524972,
          1.357855
        ],
        [
          0.0,
          0.0,
          0.0,
          1.0
        ]
      ]
    },
    {
      "file_path": "/media/NFS/ttao/scannet/posed_images/scene0371_00/00135.jpg",
      "transform_matrix": [
        [
          -0.175719,
          0.494849,
          -0.851027,
          2.000786
        ],
        [
          0.984011,
          0.113816,
          -0.136996,
          3.478397
        ],
        [
          0.029068,
          -0.861493,
          -0.506937,
          1.360962
        ],
        [
          0.0,
          0.0,
          0.0,
          1.0
        ]
      ]
    },
    {
      "file_path": "/media/NFS/ttao/scannet/posed_images/scene0371_00/00138.jpg",
      "transform_matrix": [
        [
          -0.241739,
          0.494117,
          -0.835112,
          1.980599
        ],
        [
          0.970334,
          0.126397,
          -0.206096,
          3.487399
        ],
        [
          0.00372,
          -0.860159,
          -0.510013,
          1.36766
        ],
        [
          0.0,
          0.0,
          0.0,
          1.0
        ]
      ]
    },
    {
      "file_path": "/media/NFS/ttao/scannet/posed_images/scene0371_00/00139.jpg",
      "transform_matrix": [
        [
          -0.267714,
          0.486288,
          -0.831778,
          1.979773
        ],
        [
          0.963498,
          0.134435,
          -0.231514,
          3.493053
        ],
        [
          -0.000762,
          -0.863395,
          -0.504527,
          1.369006
        ],
        [
          0.0,
          0.0,
          0.0,
          1.0
        ]
      ]
    },
    {
      "file_path": "/media/NFS/ttao/scannet/posed_images/scene0371_00/00144.jpg",
      "transform_matrix": [
        [
          -0.344796,
          0.427712,
          -0.835571,
          1.98762
        ],
        [
          0.938663,
          0.152079,
          -0.30949,
          3.506314
        ],
        [
          -0.0053,
          -0.89103,
          -0.453913,
          1.382964
        ],
        [
          0.0,
          0.0,
          0.0,
          1.0
        ]
      ]
    },
    {
      "file_path": "/media/NFS/ttao/scannet/posed_images/scene0371_00/00147.jpg",
      "transform_matrix": [
        [
          -0.394603,
          0.420436,
          -0.817021,
          1.999955
        ],
        [
          0.91885,
          0.178776,
          -0.351787,
          3.520665
        ],
        [
          -0.001841,
          -0.889535,
          -0.456862,
          1.387405
        ],
        [
          0.0,
          0.0,
          0.0,
          1.0
        ]
      ]
    },
    {
      "file_path": "/media/NFS/ttao/scannet/posed_images/scene0371_00/00149.jpg",
      "transform_matrix": [
        [
          -0.41862,
          0.417036,
          -0.806746,
          2.009103
        ],
        [
          0.908161,
          0.190808,
          -0.372608,
          3.531893
        ],
        [
          -0.001457,
          -0.888636,
          -0.458612,
          1.389977
        ],
        [
          0.0,
          0.0,
          0.0,
          1.0
        ]
      ]
    },
    {
      "file_path": "/media/NFS/ttao/scannet/posed_images/scene0371_00/00150.jpg",
      "transform_matrix": [
        [
          -0.42634,
          0.407776,
          -0.807436,
          2.024803
        ],
        [
          0.904556,
          0.188703,
          -0.382321,
          3.538467
        ],
        [
          -0.003536,
          -0.89337,
          -0.449308,
          1.378438
        ],
        [
          0.0,
          0.0,
          0.0,
          1.0
        ]
      ]
    },
    {
      "file_path": "/media/NFS/ttao/scannet/posed_images/scene0371_00/00155.jpg",
      "transform_matrix": [
        [
          -0.516741,
          0.385861,
          -0.764258,
          2.057042
        ],
        [
          0.855408,
          0.269647,
          -0.44223,
          3.563893
        ],
        [
          0.03544,
          -0.882271,
          -0.469406,
          1.367295
        ],
        [
          0.0,
          0.0,
          0.0,
          1.0
        ]
      ]
    },
    {
      "file_path": "/media/NFS/ttao/scannet/posed_images/scene0371_00/00156.jpg",
      "transform_matrix": [
        [
          -0.531101,
          0.385948,
          -0.754306,
          2.064833
        ],
        [
          0.846208,
          0.286969,
          -0.448978,
          3.566206
        ],
        [
          0.04318,
          -0.876752,
          -0.479001,
          1.363725
        ],
        [
          0.0,
          0.0,
          0.0,
          1.0
        ]
      ]
    },
    {
      "file_path": "/media/NFS/ttao/scannet/posed_images/scene0371_00/00159.jpg",
      "transform_matrix": [
        [
          -0.582817,
          0.385,
          -0.715611,
          2.088152
        ],
        [
          0.811527,
          0.321074,
          -0.488196,
          3.578714
        ],
        [
          0.041808,
          -0.865267,
          -0.499566,
          1.354225
        ],
        [
          0.0,
          0.0,
          0.0,
          1.0
        ]
      ]
    },
    {
      "file_path": "/media/NFS/ttao/scannet/posed_images/scene0371_00/00163.jpg",
      "transform_matrix": [
        [
          -0.651177,
          0.385331,
          -0.653826,
          2.124545
        ],
        [
          0.758304,
          0.365216,
          -0.539993,
          3.559977
        ],
        [
          0.030711,
          -0.84743,
          -0.530018,
          1.348349
        ],
        [
          0.0,
          0.0,
          0.0,
          1.0
        ]
      ]
    },
    {
      "file_path": "/media/NFS/ttao/scannet/posed_images/scene0371_00/00166.jpg",
      "transform_matrix": [
        [
          -0.69256,
          0.376925,
          -0.615051,
          2.140066
        ],
        [
          0.721225,
          0.378291,
          -0.580284,
          3.565929
        ],
        [
          0.013945,
          -0.845472,
          -0.533837,
          1.343825
        ],
        [
          0.0,
          0.0,
          0.0,
          1.0
        ]
      ]
    },
    {
      "file_path": "/media/NFS/ttao/scannet/posed_images/scene0371_00/00167.jpg",
      "transform_matrix": [
        [
          -0.70361,
          0.372709,
          -0.604996,
          2.149811
        ],
        [
          0.710458,
          0.385109,
          -0.589016,
          3.566619
        ],
        [
          0.013457,
          -0.844263,
          -0.535761,
          1.341746
        ],
        [
          0.0,
          0.0,
          0.0,
          1.0
        ]
      ]
    },
    {
      "file_path": "/media/NFS/ttao/scannet/posed_images/scene0371_00/00171.jpg",
      "transform_matrix": [
        [
          -0.732836,
          0.354511,
          -0.580752,
          2.214256
        ],
        [
          0.679824,
          0.416786,
          -0.603431,
          3.539079
        ],
        [
          0.028126,
          -0.837025,
          -0.546441,
          1.327633
        ],
        [
          0.0,
          0.0,
          0.0,
          1.0
        ]
      ]
    },
    {
      "file_path": "/media/NFS/ttao/scannet/posed_images/scene0371_00/00173.jpg",
      "transform_matrix": [
        [
          -0.746675,
          0.341427,
          -0.57088,
          2.239816
        ],
        [
          0.663788,
          0.438117,
          -0.606167,
          3.535682
        ],
        [
          0.043151,
          -0.831553,
          -0.553766,
          1.322158
        ],
        [
          0.0,
          0.0,
          0.0,
          1.0
        ]
      ]
    },
    {
      "file_path": "/media/NFS/ttao/scannet/posed_images/scene0371_00/00177.jpg",
      "transform_matrix": [
        [
          -0.763701,
          0.333429,
          -0.552798,
          2.296904
        ],
        [
          0.643744,
          0.457682,
          -0.613287,
          3.51898
        ],
        [
          0.048518,
          -0.824228,
          -0.564175,
          1.31273
        ],
        [
          0.0,
          0.0,
          0.0,
          1.0
        ]
      ]
    },
    {
      "file_path": "/media/NFS/ttao/scannet/posed_images/scene0371_00/00180.jpg",
      "transform_matrix": [
        [
          -0.770327,
          0.333308,
          -0.543602,
          2.338372
        ],
        [
          0.636086,
          0.461337,
          -0.618516,
          3.515359
        ],
        [
          0.044627,
          -0.822237,
          -0.567393,
          1.303945
        ],
        [
          0.0,
          0.0,
          0.0,
          1.0
        ]
      ]
    },
    {
      "file_path": "/media/NFS/ttao/scannet/posed_images/scene0371_00/00182.jpg",
      "transform_matrix": [
        [
          -0.768144,
          0.337002,
          -0.544412,
          2.371025
        ],
        [
          0.638639,
          0.46406,
          -0.613831,
          3.508823
        ],
        [
          0.045777,
          -0.819193,
          -0.571688,
          1.297897
        ],
        [
          0.0,
          0.0,
          0.0,
          1.0
        ]
      ]
    },
    {
      "file_path": "/media/NFS/ttao/scannet/posed_images/scene0371_00/00185.jpg",
      "transform_matrix": [
        [
          -0.762595,
          0.3455,
          -0.54688,
          2.425086
        ],
        [
          0.645171,
          0.467562,
          -0.604268,
          3.493725
        ],
        [
          0.046925,
          -0.813643,
          -0.579467,
          1.289329
        ],
        [
          0.0,
          0.0,
          0.0,
          1.0
        ]
      ]
    },
    {
      "file_path": "/media/NFS/ttao/scannet/posed_images/scene0371_00/00188.jpg",
      "transform_matrix": [
        [
          -0.758396,
          0.358242,
          -0.544517,
          2.489061
        ],
        [
          0.64989,
          0.479431,
          -0.589736,
          3.473271
        ],
        [
          0.04979,
          -0.801129,
          -0.596417,
          1.282906
        ],
        [
          0.0,
          0.0,
          0.0,
          1.0
        ]
      ]
    },
    {
      "file_path": "/media/NFS/ttao/scannet/posed_images/scene0371_00/00189.jpg",
      "transform_matrix": [
        [
          -0.75748,
          0.359797,
          -0.544767,
          2.503908
        ],
        [
          0.65076,
          0.48297,
          -0.585877,
          3.467924
        ],
        [
          0.052309,
          -0.798302,
          -0.599982,
          1.281946
        ],
        [
          0.0,
          0.0,
          0.0,
          1.0
        ]
      ]
    },
    {
      "file_path": "/media/NFS/ttao/scannet/posed_images/scene0371_00/00194.jpg",
      "transform_matrix": [
        [
          -0.749105,
          0.355301,
          -0.55911,
          2.565797
        ],
        [
          0.660187,
          0.470131,
          -0.585773,
          3.438002
        ],
        [
          0.054729,
          -0.807922,
          -0.586742,
          1.27964
        ],
        [
          0.0,
          0.0,
          0.0,
          1.0
        ]
      ]
    },
    {
      "file_path": "/media/NFS/ttao/scannet/posed_images/scene0371_00/00197.jpg",
      "transform_matrix": [
        [
          -0.732362,
          0.358241,
          -0.579059,
          2.588823
        ],
        [
          0.67962,
          0.436997,
          -0.589194,
          3.4238
        ],
        [
          0.041974,
          -0.825043,
          -0.563508,
          1.279589
        ],
        [
          0.0,
          0.0,
          0.0,
          1.0
        ]
      ]
    },
    {
      "file_path": "/media/NFS/ttao/scannet/posed_images/scene0371_00/00200.jpg",
      "transform_matrix": [
        [
          -0.715326,
          0.371036,
          -0.592149,
          2.610512
        ],
        [
          0.697983,
          0.42009,
          -0.579952,
          3.410078
        ],
        [
          0.033573,
          -0.828165,
          -0.559478,
          1.273293
        ],
        [
          0.0,
          0.0,
          0.0,
          1.0
        ]
      ]
    },
    {
      "file_path": "/media/NFS/ttao/scannet/posed_images/scene0371_00/00201.jpg",
      "transform_matrix": [
        [
          -0.709209,
          0.376674,
          -0.595936,
          2.614419
        ],
        [
          0.704363,
          0.414466,
          -0.576273,
          3.404258
        ],
        [
          0.029928,
          -0.828453,
          -0.559258,
          1.273321
        ],
        [
          0.0,
          0.0,
          0.0,
          1.0
        ]
      ]
    },
    {
      "file_path": "/media/NFS/ttao/scannet/posed_images/scene0371_00/00204.jpg",
      "transform_matrix": [
        [
          -0.697197,
          0.393178,
          -0.599439,
          2.620667
        ],
        [
          0.716862,
          0.388134,
          -0.579189,
          3.385968
        ],
        [
          0.004939,
          -0.833524,
          -0.55246,
          1.270024
        ],
        [
          0.0,
          0.0,
          0.0,
          1.0
        ]
      ]
    },
    {
      "file_path": "/media/NFS/ttao/scannet/posed_images/scene0371_00/00207.jpg",
      "transform_matrix": [
        [
          -0.700283,
          0.397332,
          -0.593069,
          2.620383
        ],
        [
          0.713864,
          0.391074,
          -0.580912,
          3.353759
        ],
        [
          0.001119,
          -0.830174,
          -0.557503,
          1.269259
        ],
        [
          0.0,
          0.0,
          0.0,
          1.0
        ]
      ]
    },
    {
      "file_path": "/media/NFS/ttao/scannet/posed_images/scene0371_00/00211.jpg",
      "transform_matrix": [
        [
          -0.705896,
          0.382848,
          -0.595935,
          2.60999
        ],
        [
          0.708151,
          0.399554,
          -0.582132,
          3.306076
        ],
        [
          0.01524,
          -0.832937,
          -0.553158,
          1.273253
        ],
        [
          0.0,
          0.0,
          0.0,
          1.0
        ]
      ]
    },
    {
      "file_path": "/media/NFS/ttao/scannet/posed_images/scene0371_00/00212.jpg",
      "transform_matrix": [
        [
          -0.706791,
          0.377364,
          -0.598367,
          2.603917
        ],
        [
          0.707099,
          0.40243,
          -0.581431,
          3.297376
        ],
        [
          0.021389,
          -0.834055,
          -0.551267,
          1.273846
        ],
        [
          0.0,
          0.0,
          0.0,
          1.0
        ]
      ]
    },
    {
      "file_path": "/media/NFS/ttao/scannet/posed_images/scene0371_00/00216.jpg",
      "transform_matrix": [
        [
          -0.707493,
          0.350815,
          -0.6135,
          2.581183
        ],
        [
          0.705416,
          0.403263,
          -0.582895,
          3.260808
        ],
        [
          0.042914,
          -0.845167,
          -0.532777,
          1.280055
        ],
        [
          0.0,
