{
  "frames": [
    {
      "file_path": "/media/NFS/ttao/scannet/posed_images/scene0044_02/00001.jpg",
      "transform_matrix": [
        [
          -0.331741,
          -0.825305,
          0.456968,
          1.486001
        ],
        [
          -0.94206,
          0.315345,
          -0.114371,
          2.03288
        ],
        [
          -0.049711,
          -0.468433,
          -0.882099,
          2.593358
        ],
        [
          0.0,
          0.0,
          0.0,
          1.0
        ]
      ]
    },
    {
      "file_path": "/media/NFS/ttao/scannet/posed_images/scene0044_02/00004.jpg",
      "transform_matrix": [
        [
          -0.31959,
          -0.846709,
          0.425378,
          1.470494
        ],
        [
          -0.945918,
          0.311467,
          -0.090706,
          2.036442
        ],
        [
          -0.05569,
          -0.431361,
          -0.900459,
          2.585723
        ],
        [
          0.0,
          0.0,
          0.0,
          1.0
        ]
      ]
    },
    {
      "file_path": "/media/NFS/ttao/scannet/posed_images/scene0044_02/00009.jpg",
      "transform_matrix": [
        [
          -0.305307,
          -0.849667,
          0.429946,
          1.465213
        ],
        [
          -0.949967,
          0.303033,
          -0.075718,
          2.034074
        ],
        [
          -0.065953,
          -0.431552,
          -0.899674,
          2.599351
        ],
        [
          0.0,
          0.0,
          0.0,
          1.0
        ]
      ]
    },
    {
      "file_path": "/media/NFS/ttao/scannet/posed_images/scene0044_02/00017.jpg",
      "transform_matrix": [
        [
          -0.15918,
          -0.811787,
          0.56184,
          1.424131
        ],
        [
          -0.986721,
          0.112201,
          -0.117442,
          2.010295
        ],
        [
          0.032299,
          -0.573073,
          -0.818867,
          2.659043
        ],
        [
          0.0,
          0.0,
          0.0,
          1.0
        ]
      ]
    },
    {
      "file_path": "/media/NFS/ttao/scannet/posed_images/scene0044_02/00021.jpg",
      "transform_matrix": [
        [
          -0.318516,
          -0.707905,
          0.630412,
          1.561218
        ],
        [
          -0.947917,
          0.238153,
          -0.211508,
          2.045291
        ],
        [
          -0.000407,
          -0.664947,
          -0.746891,
          2.76799
        ],
        [
          0.0,
          0.0,
          0.0,
          1.0
        ]
      ]
    },
    {
      "file_path": "/media/NFS/ttao/scannet/posed_images/scene0044_02/00026.jpg",
      "transform_matrix": [
        [
          -0.124604,
          -0.673645,
          0.728475,
          1.520166
        ],
        [
          -0.980079,
          -0.030877,
          -0.196193,
          1.993856
        ],
        [
          0.154658,
          -0.73841,
          -0.656378,
          2.812032
        ],
        [
          0.0,
          0.0,
          0.0,
          1.0
        ]
      ]
    },
    {
      "file_path": "/media/NFS/ttao/scannet/posed_images/scene0044_02/00030.jpg",
      "transform_matrix": [
        [
          -Infinity,
          -Infinity,
          -Infinity,
          -Infinity
        ],
        [
          -Infinity,
          -Infinity,
          -Infinity,
          -Infinity
        ],
        [
          -Infinity,
          -Infinity,
          -Infinity,
          -Infinity
        ],
        [
          -Infinity,
          -Infinity,
          -Infinity,
          -Infinity
        ]
      ]
    },
    {
      "file_path": "/media/NFS/ttao/scannet/posed_images/scene0044_02/00036.jpg",
      "transform_matrix": [
        [
          -Infinity,
          -Infinity,
          -Infinity,
          -Infinity
        ],
        [
          -Infinity,
          -Infinity,
          -Infinity,
          -Infinity
        ],
        [
          -Infinity,
          -Infinity,
          -Infinity,
          -Infinity
        ],
        [
          -Infinity,
          -Infinity,
          -Infinity,
          -Infinity
        ]
      ]
    },
    {
      "file_path": "/media/NFS/ttao/scannet/posed_images/scene0044_02/00037.jpg",
      "transform_matrix": [
        [
          -Infinity,
          -Infinity,
          -Infinity,
          -Infinity
        ],
        [
          -Infinity,
          -Infinity,
          -Infinity,
          -Infinity
        ],
        [
          -Infinity,
          -Infinity,
          -Infinity,
          -Infinity
        ],
        [
          -Infinity,
          -Infinity,
          -Infinity,
          -Infinity
        ]
      ]
    },
    {
      "file_path": "/media/NFS/ttao/scannet/posed_images/scene0044_02/00041.jpg",
      "transform_matrix": [
        [
          -Infinity,
          -Infinity,
          -Infinity,
          -Infinity
        ],
        [
          -Infinity,
          -Infinity,
          -Infinity,
          -Infinity
        ],
        [
          -Infinity,
          -Infinity,
          -Infinity,
          -Infinity
        ],
        [
          -Infinity,
          -Infinity,
          -Infinity,
          -Infinity
        ]
      ]
    },
    {
      "file_path": "/media/NFS/ttao/scannet/posed_images/scene0044_02/00050.jpg",
      "transform_matrix": [
        [
          -Infinity,
          -Infinity,
          -Infinity,
          -Infinity
        ],
        [
          -Infinity,
          -Infinity,
          -Infinity,
          -Infinity
        ],
        [
          -Infinity,
          -Infinity,
          -Infinity,
          -Infinity
        ],
        [
          -Infinity,
          -Infinity,
          -Infinity,
          -Infinity
        ]
      ]
    },
    {
      "file_path": "/media/NFS/ttao/scannet/posed_images/scene0044_02/00054.jpg",
      "transform_matrix": [
        [
          -Infinity,
          -Infinity,
          -Infinity,
          -Infinity
        ],
        [
          -Infinity,
          -Infinity,
          -Infinity,
          -Infinity
        ],
        [
          -Infinity,
          -Infinity,
          -Infinity,
          -Infinity
        ],
        [
          -Infinity,
          -Infinity,
          -Infinity,
          -Infinity
        ]
      ]
    },
    {
      "file_path": "/media/NFS/ttao/scannet/posed_images/scene0044_02/00060.jpg",
      "transform_matrix": [
        [
          -Infinity,
          -Infinity,
          -Infinity,
          -Infinity
        ],
        [
          -Infinity,
          -Infinity,
          -Infinity,
          -Infinity
        ],
        [
          -Infinity,
          -Infinity,
          -Infinity,
          -Infinity
        ],
        [
          -Infinity,
          -Infinity,
          -Infinity,
          -Infinity
        ]
      ]
    },
    {
      "file_path": "/media/NFS/ttao/scannet/posed_images/scene0044_02/00061.jpg",
      "transform_matrix": [
        [
          -Infinity,
          -Infinity,
          -Infinity,
          -Infinity
        ],
        [
          -Infinity,
          -Infinity,
          -Infinity,
          -Infinity
        ],
        [
          -Infinity,
          -Infinity,
          -Infinity,
          -Infinity
        ],
        [
          -Infinity,
          -Infinity,
          -Infinity,
          -Infinity
        ]
      ]
    },
    {
      "file_path": "/media/NFS/ttao/scannet/posed_images/scene0044_02/00066.jpg",
      "transform_matrix": [
        [
          -Infinity,
          -Infinity,
          -Infinity,
          -Infinity
        ],
        [
          -Infinity,
          -Infinity,
          -Infinity,
          -Infinity
        ],
        [
          -Infinity,
          -Infinity,
          -Infinity,
          -Infinity
        ],
        [
          -Infinity,
          -Infinity,
          -Infinity,
          -Infinity
        ]
      ]
    },
    {
      "file_path": "/media/NFS/ttao/scannet/posed_images/scene0044_02/00071.jpg",
      "transform_matrix": [
        [
          -Infinity,
          -Infinity,
          -Infinity,
          -Infinity
        ],
        [
          -Infinity,
          -Infinity,
          -Infinity,
          -Infinity
        ],
        [
          -Infinity,
          -Infinity,
          -Infinity,
          -Infinity
        ],
        [
          -Infinity,
          -Infinity,
          -Infinity,
          -Infinity
        ]
      ]
    },
    {
      "file_path": "/media/NFS/ttao/scannet/posed_images/scene0044_02/00078.jpg",
      "transform_matrix": [
        [
          -Infinity,
          -Infinity,
          -Infinity,
          -Infinity
        ],
        [
          -Infinity,
          -Infinity,
          -Infinity,
          -Infinity
        ],
        [
          -Infinity,
          -Infinity,
          -Infinity,
          -Infinity
        ],
        [
          -Infinity,
          -Infinity,
          -Infinity,
          -Infinity
        ]
      ]
    },
    {
      "file_path": "/media/NFS/ttao/scannet/posed_images/scene0044_02/00080.jpg",
      "transform_matrix": [
        [
          -Infinity,
          -Infinity,
          -Infinity,
          -Infinity
        ],
        [
          -Infinity,
          -Infinity,
          -Infinity,
          -Infinity
        ],
        [
          -Infinity,
          -Infinity,
          -Infinity,
          -Infinity
        ],
        [
          -Infinity,
          -Infinity,
          -Infinity,
          -Infinity
        ]
      ]
    },
    {
      "file_path": "/media/NFS/ttao/scannet/posed_images/scene0044_02/00088.jpg",
      "transform_matrix": [
        [
          -Infinity,
          -Infinity,
          -Infinity,
          -Infinity
        ],
        [
          -Infinity,
          -Infinity,
          -Infinity,
          -Infinity
        ],
        [
          -Infinity,
          -Infinity,
          -Infinity,
          -Infinity
        ],
        [
          -Infinity,
          -Infinity,
          -Infinity,
          -Infinity
        ]
      ]
    },
    {
      "file_path": "/media/NFS/ttao/scannet/posed_images/scene0044_02/00093.jpg",
      "transform_matrix": [
        [
          -Infinity,
          -Infinity,
          -Infinity,
          -Infinity
        ],
        [
          -Infinity,
          -Infinity,
          -Infinity,
          -Infinity
        ],
        [
          -Infinity,
          -Infinity,
          -Infinity,
          -Infinity
        ],
        [
          -Infinity,
          -Infinity,
          -Infinity,
          -Infinity
        ]
      ]
    },
    {
      "file_path": "/media/NFS/ttao/scannet/posed_images/scene0044_02/00094.jpg",
      "transform_matrix": [
        [
          -Infinity,
          -Infinity,
          -Infinity,
          -Infinity
        ],
        [
          -Infinity,
          -Infinity,
          -Infinity,
          -Infinity
        ],
        [
          -Infinity,
          -Infinity,
          -Infinity,
          -Infinity
        ],
        [
          -Infinity,
          -Infinity,
          -Infinity,
          -Infinity
        ]
      ]
    },
    {
      "file_path": "/media/NFS/ttao/scannet/posed_images/scene0044_02/00100.jpg",
      "transform_matrix": [
        [
          -Infinity,
          -Infinity,
          -Infinity,
          -Infinity
        ],
        [
          -Infinity,
          -Infinity,
          -Infinity,
          -Infinity
        ],
        [
          -Infinity,
          -Infinity,
          -Infinity,
          -Infinity
        ],
        [
          -Infinity,
          -Infinity,
          -Infinity,
          -Infinity
        ]
      ]
    },
    {
      "file_path": "/media/NFS/ttao/scannet/posed_images/scene0044_02/00104.jpg",
      "transform_matrix": [
        [
          -Infinity,
          -Infinity,
          -Infinity,
          -Infinity
        ],
        [
          -Infinity,
          -Infinity,
          -Infinity,
          -Infinity
        ],
        [
          -Infinity,
          -Infinity,
          -Infinity,
          -Infinity
        ],
        [
          -Infinity,
          -Infinity,
          -Infinity,
          -Infinity
        ]
      ]
    },
    {
      "file_path": "/media/NFS/ttao/scannet/posed_images/scene0044_02/00108.jpg",
      "transform_matrix": [
        [
          -Infinity,
          -Infinity,
          -Infinity,
          -Infinity
        ],
        [
          -Infinity,
          -Infinity,
          -Infinity,
          -Infinity
        ],
        [
          -Infinity,
          -Infinity,
          -Infinity,
          -Infinity
        ],
        [
          -Infinity,
          -Infinity,
          -Infinity,
          -Infinity
        ]
      ]
    },
    {
      "file_path": "/media/NFS/ttao/scannet/posed_images/scene0044_02/00113.jpg",
      "transform_matrix": [
        [
          -Infinity,
          -Infinity,
          -Infinity,
          -Infinity
        ],
        [
          -Infinity,
          -Infinity,
          -Infinity,
          -Infinity
        ],
        [
          -Infinity,
          -Infinity,
          -Infinity,
          -Infinity
        ],
        [
          -Infinity,
          -Infinity,
          -Infinity,
          -Infinity
        ]
      ]
    },
    {
      "file_path": "/media/NFS/ttao/scannet/posed_images/scene0044_02/00118.jpg",
      "transform_matrix": [
        [
          -Infinity,
          -Infinity,
          -Infinity,
          -Infinity
        ],
        [
          -Infinity,
          -Infinity,
          -Infinity,
          -Infinity
        ],
        [
          -Infinity,
          -Infinity,
          -Infinity,
          -Infinity
        ],
        [
          -Infinity,
          -Infinity,
          -Infinity,
          -Infinity
        ]
      ]
    },
    {
      "file_path": "/media/NFS/ttao/scannet/posed_images/scene0044_02/00125.jpg",
      "transform_matrix": [
        [
          -Infinity,
          -Infinity,
          -Infinity,
          -Infinity
        ],
        [
          -Infinity,
          -Infinity,
          -Infinity,
          -Infinity
        ],
        [
          -Infinity,
          -Infinity,
          -Infinity,
          -Infinity
        ],
        [
          -Infinity,
          -Infinity,
          -Infinity,
          -Infinity
        ]
      ]
    },
    {
      "file_path": "/media/NFS/ttao/scannet/posed_images/scene0044_02/00127.jpg",
      "transform_matrix": [
        [
          -Infinity,
          -Infinity,
          -Infinity,
          -Infinity
        ],
        [
          -Infinity,
          -Infinity,
          -Infinity,
          -Infinity
        ],
        [
          -Infinity,
          -Infinity,
          -Infinity,
          -Infinity
        ],
        [
          -Infinity,
          -Infinity,
          -Infinity,
          -Infinity
        ]
      ]
    },
    {
      "file_path": "/media/NFS/ttao/scannet/posed_images/scene0044_02/00133.jpg",
      "transform_matrix": [
        [
          -Infinity,
          -Infinity,
          -Infinity,
          -Infinity
        ],
        [
          -Infinity,
          -Infinity,
          -Infinity,
          -Infinity
        ],
        [
          -Infinity,
          -Infinity,
          -Infinity,
          -Infinity
        ],
        [
          -Infinity,
          -Infinity,
          -Infinity,
          -Infinity
        ]
      ]
    },
    {
      "file_path": "/media/NFS/ttao/scannet/posed_images/scene0044_02/00138.jpg",
      "transform_matrix": [
        [
          -Infinity,
          -Infinity,
          -Infinity,
          -Infinity
        ],
        [
          -Infinity,
          -Infinity,
          -Infinity,
          -Infinity
        ],
        [
          -Infinity,
          -Infinity,
          -Infinity,
          -Infinity
        ],
        [
          -Infinity,
          -Infinity,
          -Infinity,
          -Infinity
        ]
      ]
    },
    {
      "file_path": "/media/NFS/ttao/scannet/posed_images/scene0044_02/00141.jpg",
      "transform_matrix": [
        [
          -Infinity,
          -Infinity,
          -Infinity,
          -Infinity
        ],
        [
          -Infinity,
          -Infinity,
          -Infinity,
          -Infinity
        ],
        [
          -Infinity,
          -Infinity,
          -Infinity,
          -Infinity
        ],
        [
          -Infinity,
          -Infinity,
          -Infinity,
          -Infinity
        ]
      ]
    },
    {
      "file_path": "/media/NFS/ttao/scannet/posed_images/scene0044_02/00148.jpg",
      "transform_matrix": [
        [
          -Infinity,
          -Infinity,
          -Infinity,
          -Infinity
        ],
        [
          -Infinity,
          -Infinity,
          -Infinity,
          -Infinity
        ],
        [
          -Infinity,
          -Infinity,
          -Infinity,
          -Infinity
        ],
        [
          -Infinity,
          -Infinity,
          -Infinity,
          -Infinity
        ]
      ]
    },
    {
      "file_path": "/media/NFS/ttao/scannet/posed_images/scene0044_02/00153.jpg",
      "transform_matrix": [
        [
          -Infinity,
          -Infinity,
          -Infinity,
          -Infinity
        ],
        [
          -Infinity,
          -Infinity,
          -Infinity,
          -Infinity
        ],
        [
          -Infinity,
          -Infinity,
          -Infinity,
          -Infinity
        ],
        [
          -Infinity,
          -Infinity,
          -Infinity,
          -Infinity
        ]
      ]
    },
    {
      "file_path": "/media/NFS/ttao/scannet/posed_images/scene0044_02/00158.jpg",
      "transform_matrix": [
        [
          -Infinity,
          -Infinity,
          -Infinity,
          -Infinity
        ],
        [
          -Infinity,
          -Infinity,
          -Infinity,
          -Infinity
        ],
        [
          -Infinity,
          -Infinity,
          -Infinity,
          -Infinity
        ],
        [
          -Infinity,
          -Infinity,
          -Infinity,
          -Infinity
        ]
      ]
    },
    {
      "file_path": "/media/NFS/ttao/scannet/posed_images/scene0044_02/00163.jpg",
      "transform_matrix": [
        [
          -Infinity,
          -Infinity,
          -Infinity,
          -Infinity
        ],
        [
          -Infinity,
          -Infinity,
          -Infinity,
          -Infinity
        ],
        [
          -Infinity,
          -Infinity,
          -Infinity,
          -Infinity
        ],
        [
          -Infinity,
          -Infinity,
          -Infinity,
          -Infinity
        ]
      ]
    },
    {
      "file_path": "/media/NFS/ttao/scannet/posed_images/scene0044_02/00165.jpg",
      "transform_matrix": [
        [
          -Infinity,
          -Infinity,
          -Infinity,
          -Infinity
        ],
        [
          -Infinity,
          -Infinity,
          -Infinity,
          -Infinity
        ],
        [
          -Infinity,
          -Infinity,
          -Infinity,
          -Infinity
        ],
        [
          -Infinity,
          -Infinity,
          -Infinity,
          -Infinity
        ]
      ]
    },
    {
      "file_path": "/media/NFS/ttao/scannet/posed_images/scene0044_02/00170.jpg",
      "transform_matrix": [
        [
          -0.291509,
          -0.691159,
          0.661303,
          1.297411
        ],
        [
          -0.955778,
          0.238556,
          -0.17199,
          2.096162
        ],
        [
          -0.038885,
          -0.682195,
          -0.730135,
          2.537472
        ],
        [
          0.0,
          0.0,
          0.0,
          1.0
        ]
      ]
    },
    {
      "file_path": "/media/NFS/ttao/scannet/posed_images/scene0044_02/00175.jpg",
      "transform_matrix": [
        [
          -0.497857,
          -0.65888,
          0.563929,
          1.396435
        ],
        [
          -0.859847,
          0.459833,
          -0.221848,
          2.125848
        ],
        [
          -0.113142,
          -0.595341,
          -0.795467,
          2.555615
        ],
        [
          0.0,
          0.0,
          0.0,
          1.0
        ]
      ]
    },
    {
      "file_path": "/media/NFS/ttao/scannet/posed_images/scene0044_02/00181.jpg",
      "transform_matrix": [
        [
          -0.490571,
          -0.741035,
          0.458484,
          1.521488
        ],
        [
          -0.868869,
          0.45605,
          -0.192576,
          2.02524
        ],
        [
          -0.066387,
          -0.492835,
          -0.867587,
          2.57068
        ],
        [
          0.0,
          0.0,
          0.0,
          1.0
        ]
      ]
    },
    {
      "file_path": "/media/NFS/ttao/scannet/posed_images/scene0044_02/00187.jpg",
      "transform_matrix": [
        [
          -0.585298,
          -0.712823,
          0.386406,
          1.516271
        ],
        [
          -0.809302,
          0.542731,
          -0.224664,
          1.975901
        ],
        [
          -0.049569,
          -0.444214,
          -0.894548,
          2.569339
        ],
        [
          0.0,
          0.0,
          0.0,
          1.0
        ]
      ]
    },
    {
      "file_path": "/media/NFS/ttao/scannet/posed_images/scene0044_02/00190.jpg",
      "transform_matrix": [
        [
          -0.617087,
          -0.677232,
          0.400701,
          1.521464
        ],
        [
          -0.785824,
          0.556927,
          -0.268911,
          1.947527
        ],
        [
          -0.041045,
          -0.480822,
          -0.875857,
          2.597056
        ],
        [
          0.0,
          0.0,
          0.0,
          1.0
        ]
      ]
    },
    {
      "file_path": "/media/NFS/ttao/scannet/posed_images/scene0044_02/00197.jpg",
      "transform_matrix": [
        [
          -0.67063,
          -0.558587,
          0.488094,
          1.533633
        ],
        [
          -0.741276,
          0.529185,
          -0.412884,
          1.869612
        ],
        [
          -0.027661,
          -0.638705,
          -0.768954,
          2.699668
        ],
        [
          0.0,
          0.0,
          0.0,
          1.0
        ]
      ]
    },
    {
      "file_path": "/media/NFS/ttao/scannet/posed_images/scene0044_02/00201.jpg",
      "transform_matrix": [
        [
          -0.664807,
          -0.506462,
          0.549115,
          1.51667
        ],
        [
          -0.746914,
          0.438544,
          -0.4998,
          1.862209
        ],
        [
          0.012318,
          -0.742412,
          -0.66983,
          2.755652
        ],
        [
          0.0,
          0.0,
          0.0,
          1.0
        ]
      ]
    },
    {
      "file_path": "/media/NFS/ttao/scannet/posed_images/scene0044_02/00204.jpg",
      "transform_matrix": [
        [
          -0.666104,
          -0.463626,
          0.584257,
          1.51664
        ],
        [
          -0.745857,
          0.412175,
          -0.523268,
          1.843618
        ],
        [
          0.001784,
          -0.784323,
          -0.62035,
          2.796686
        ],
        [
          0.0,
          0.0,
          0.0,
          1.0
        ]
      ]
    },
    {
      "file_path": "/media/NFS/ttao/scannet/posed_images/scene0044_02/00208.jpg",
      "transform_matrix": [
        [
          -0.659124,
          -0.426208,
          0.619599,
          1.511672
        ],
        [
          -0.752013,
          0.367234,
          -0.547372,
          1.814703
        ],
        [
          0.005756,
          -0.826732,
          -0.562567,
          2.851932
        ],
        [
          0.0,
          0.0,
          0.0,
          1.0
        ]
      ]
    },
    {
      "file_path": "/media/NFS/ttao/scannet/posed_images/scene0044_02/00217.jpg",
      "transform_matrix": [
        [
          -0.621203,
          -0.389853,
          0.679795,
          1.470608
        ],
        [
          -0.783085,
          0.275899,
          -0.557366,
          1.758
        ],
        [
          0.029736,
          -0.878575,
          -0.476677,
          2.915688
        ],
        [
          0.0,
          0.0,
          0.0,
          1.0
        ]
      ]
    },
    {
      "file_path": "/media/NFS/ttao/scannet/posed_images/scene0044_02/00220.jpg",
      "transform_matrix": [
        [
          -0.607614,
          -0.424818,
          0.67107,
          1.487901
        ],
        [
          -0.793222,
          0.28196,
          -0.53972,
          1.732813
        ],
        [
          0.040067,
          -0.860249,
          -0.508298,
          2.951536
        ],
        [
          0.0,
          0.0,
          0.0,
          1.0
        ]
      ]
    },
    {
      "file_path": "/media/NFS/ttao/scannet/posed_images/scene0044_02/00222.jpg",
      "transform_matrix": [
        [
          -0.597855,
          -0.418361,
          0.683771,
          1.493071
        ],
        [
          -0.801072,
          0.280736,
          -0.52865,
          1.716248
        ],
        [
          0.029207,
          -0.863806,
          -0.502977,
          2.968315
        ],
        [
          0.0,
          0.0,
          0.0,
          1.0
        ]
      ]
    },
    {
      "file_path": "/media/NFS/ttao/scannet/posed_images/scene0044_02/00231.jpg",
      "transform_matrix": [
        [
          -0.627622,
          -0.38368,
          0.677406,
          1.542936
        ],
        [
          -0.778466,
          0.319397,
          -0.540349,
          1.651506
        ],
        [
          -0.00904,
          -0.866473,
          -0.499142,
          3.013484
        ],
        [
          0.0,
          0.0,
          0.0,
          1.0
        ]
      ]
    },
    {
      "file_path": "/media/NFS/ttao/scannet/posed_images/scene0044_02/00234.jpg",
      "transform_matrix": [
        [
          -0.619226,
          -0.381713,
          0.686189,
          1.550476
        ],
        [
          -0.784846,
          0.327592,
          -0.526023,
          1.628634
        ],
        [
          -0.024,
          -0.86428,
          -0.502439,
          3.018557
        ],
        [
          0.0,
          0.0,
          0.0,
          1.0
        ]
      ]
    },
    {
      "file_path": "/media/NFS/ttao/scannet/posed_images/scene0044_02/00237.jpg",
      "transform_matrix": [
        [
          -0.599437,
          -0.375959,
          0.706633,
          1.555384
        ],
        [
          -0.799796,
          0.316235,
          -0.510217,
          1.608807
        ],
        [
          -0.031641,
          -0.871005,
          -0.490254,
          3.019262
        ],
        [
          0.0,
          0.0,
          0.0,
          1.0
        ]
      ]
    },
    {
      "file_path": "/media/NFS/ttao/scannet/posed_images/scene0044_02/00241.jpg",
      "transform_matrix": [
        [
          -0.575353,
          -0.402422,
          0.712058,
          1.563989
        ],
        [
          -0.817548,
          0.308689,
          -0.486134,
          1.574062
        ],
        [
          -0.024174,
          -0.86184,
          -0.506605,
          3.018647
        ],
        [
          0.0,
          0.0,
          0.0,
          1.0
        ]
      ]
    },
    {
      "file_path": "/media/NFS/ttao/scannet/posed_images/scene0044_02/00247.jpg",
      "transform_matrix": [
        [
          -0.516024,
          -0.450789,
          0.72836,
          1.568242
        ],
        [
          -0.856155,
          0.298032,
          -0.422108,
          1.507675
        ],
        [
          -0.026793,
          -0.841407,
          -0.539737,
          3.002901
        ],
        [
          0.0,
          0.0,
          0.0,
          1.0
        ]
      ]
    },
    {
      "file_path": "/media/NFS/ttao/scannet/posed_images/scene0044_02/00251.jpg",
      "transform_matrix": [
        [
          -0.456075,
          -0.492525,
          0.741225,
          1.566651
        ],
        [
          -0.889941,
          0.251235,
          -0.380641,
          1.457122
        ],
        [
          0.001254,
          -0.833247,
          -0.5529,
          3.003874
        ],
        [
          0.0,
          0.0,
          0.0,
          1.0
        ]
      ]
    },
    {
      "file_path": "/media/NFS/ttao/scannet/posed_images/scene0044_02/00260.jpg",
      "transform_matrix": [
        [
          -0.416765,
          -0.580663,
          0.699384,
          1.553457
        ],
        [
          -0.904263,
          0.186268,
          -0.384204,
          1.336659
        ],
        [
          0.09282,
          -0.792549,
          -0.602702,
          2.988906
        ],
        [
          0.0,
          0.0,
          0.0,
          1.0
        ]
      ]
    },
    {
      "file_path": "/media/NFS/ttao/scannet/posed_images/scene0044_02/00262.jpg",
      "transform_matrix": [
        [
          -0.431777,
          -0.578917,
          0.691681,
          1.554205
        ],
        [
          -0.894275,
          0.174738,
          -0.411994,
          1.309315
        ],
        [
          0.117648,
          -0.796443,
          -0.593159,
          2.980089
        ],
        [
          0.0,
          0.0,
          0.0,
          1.0
        ]
      ]
    },
    {
      "file_path": "/media/NFS/ttao/scannet/posed_images/scene0044_02/00265.jpg",
      "transform_matrix": [
        [
          -0.457489,
          -0.574056,
          0.67909,
          1.554893
        ],
        [
          -0.883051,
          0.203532,
          -0.422842,
          1.279813
        ],
        [
          0.104518,
          -0.793117,
          -0.600035,
          2.965615
        ],
        [
          0.0,
          0.0,
          0.0,
          1.0
        ]
      ]
    },
    {
      "file_path": "/media/NFS/ttao/scannet/posed_images/scene0044_02/00274.jpg",
      "transform_matrix": [
        [
          -0.514869,
          -0.556866,
          0.651775,
          1.566331
        ],
        [
          -0.85039,
          0.235643,
          -0.470435,
          1.254509
        ],
        [
          0.108383,
          -0.796475,
          -0.594879,
          2.915808
        ],
        [
          0.0,
          0.0,
          0.0,
          1.0
        ]
      ]
    },
    {
      "file_path": "/media/NFS/ttao/scannet/posed_images/scene0044_02/00275.jpg",
      "transform_matrix": [
        [
          -0.523278,
          -0.551523,
          0.649617,
          1.573189
        ],
        [
          -0.846755,
          0.250779,
          -0.469165,
          1.255404
        ],
        [
          0.095845,
          -0.79557,
          -0.598232,
          2.897437
        ],
        [
          0.0,
          0.0,
          0.0,
          1.0
        ]
      ]
    },
    {
      "file_path": "/media/NFS/ttao/scannet/posed_images/scene0044_02/00279.jpg",
      "transform_matrix": [
        [
          -0.561954,
          -0.54681,
          0.62065,
          1.589541
        ],
        [
          -0.823642,
          0.300691,
          -0.480832,
          1.268101
        ],
        [
          0.0763,
          -0.781399,
          -0.61935,
          2.868555
        ],
        [
          0.0,
          0.0,
          0.0,
          1.0
        ]
      ]
    },
    {
      "file_path": "/media/NFS/ttao/scannet/posed_images/scene0044_02/00287.jpg",
      "transform_matrix": [
        [
          -0.680791,
          -0.498028,
          0.537115,
          1.626356
        ],
        [
          -0.728871,
          0.387921,
          -0.564149,
          1.307668
        ],
        [
          0.072604,
          -0.775555,
          -0.627091,
          2.801216
        ],
        [
          0.0,
          0.0,
          0.0,
          1.0
        ]
      ]
    },
    {
      "file_path": "/media/NFS/ttao/scannet/posed_images/scene0044_02/00289.jpg",
      "transform_matrix": [
        [
          -0.709673,
          -0.496552,
          0.499801,
          1.638518
        ],
        [
          -0.700748,
          0.424066,
          -0.57369,
          1.316031
        ],
        [
          0.072918,
          -0.757367,
          -0.648906,
          2.778687
        ],
        [
          0.0,
          0.0,
          0.0,
          1.0
        ]
      ]
    },
    {
      "file_path": "/media/NFS/ttao/scannet/posed_images/scene0044_02/00294.jpg",
      "transform_matrix": [
        [
          -0.809393,
          -0.476065,
          0.343868,
          1.674795
        ],
        [
          -0.572786,
          0.510718,
          -0.641158,
          1.336932
        ],
        [
          0.129613,
          -0.715911,
          -0.686055,
          2.690326
        ],
        [
          0.0,
          0.0,
          0.0,
          1.0
        ]
      ]
    },
    {
      "file_path": "/media/NFS/ttao/scannet/posed_images/scene0044_02/00301.jpg",
      "transform_matrix": [
        [
          -0.915636,
          -0.340481,
          0.213738,
          1.683499
        ],
        [
          -0.395689,
          0.669403,
          -0.628753,
          1.348625
        ],
        [
          0.071002,
          -0.660282,
          -0.747654,
          2.595894
        ],
        [
          0.0,
          0.0,
          0.0,
          1.0
        ]
      ]
    },
    {
      "file_path": "/media/NFS/ttao/scannet/posed_images/scene0044_02/00304.jpg",
      "transform_matrix": [
        [
          -0.945704,
          -0.28118,
          0.163037,
          1.686153
        ],
        [
          -0.319609,
          0.713267,
          -0.623779,
          1.350878
        ],
        [
          0.059105,
          -0.642018,
          -0.764408,
          2.575493
        ],
        [
          0.0,
          0.0,
          0.0,
          1.0
        ]
      ]
    },
    {
      "file_path": "/media/NFS/ttao/scannet/posed_images/scene0044_02/00311.jpg",
      "transform_matrix": [
        [
          -0.974681,
          -0.209275,
          0.078741,
          1.697394
        ],
        [
          -0.205276,
          0.697877,
          -0.68617,
          1.358762
        ],
        [
          0.088647,
          -0.68496,
          -0.723167,
          2.601845
        ],
        [
          0.0,
          0.0,
          0.0,
          1.0
        ]
      ]
    },
    {
      "file_path": "/media/NFS/ttao/scannet/posed_images/scene0044_02/00317.jpg",
      "transform_matrix": [
        [
          -0.991293,
          -0.129433,
          0.024203,
          1.681013
        ],
        [
          -0.097182,
          0.595121,
          -0.797738,
          1.364701
        ],
        [
          0.08885,
          -0.793144,
          -0.602518,
          2.689164
        ],
        [
          0.0,
          0.0,
          0.0,
          1.0
        ]
      ]
    },
    {
      "file_path": "/media/NFS/ttao/scannet/posed_images/scene0044_02/00319.jpg",
      "transform_matrix": [
        [
          -0.994904,
          -0.10081,
          -0.001943,
          1.67021
        ],
        [
          -0.054713,
          0.555954,
          -0.829411,
          1.368172
        ],
        [
          0.084693,
          -0.825077,
          -0.558636,
          2.722031
        ],
        [
          0.0,
          0.0,
          0.0,
          1.0
        ]
      ]
    },
    {
      "file_path": "/media/NFS/ttao/scannet/posed_images/scene0044_02/00324.jpg",
      "transform_matrix": [
        [
          -0.996086,
          -0.070336,
          -0.053522,
          1.625574
        ],
        [
          0.015296,
          0.459241,
          -0.88818,
          1.378598
        ],
        [
          0.08705,
          -0.885523,
          -0.456368,
          2.771652
        ],
        [
          0.0,
          0.0,
          0.0,
          1.0
        ]
      ]
    },
    {
      "file_path": "/media/NFS/ttao/scannet/posed_images/scene0044_02/00331.jpg",
      "transform_matrix": [
        [
          -0.992088,
          -0.086574,
          -0.090918,
          1.585517
        ],
        [
          0.058192,
          0.324587,
          -0.944064,
          1.416372
        ],
        [
          0.111242,
          -0.941885,
          -0.316981,
          2.808688
        ],
        [
          0.0,
          0.0,
          0.0,
          1.0
        ]
      ]
    },
    {
      "file_path": "/media/NFS/ttao/scannet/posed_images/scene0044_02/00335.jpg",
      "transform_matrix": [
        [
          -0.989738,
          -0.094376,
          -0.107298,
          1.575353
        ],
        [
          0.081816,
          0.241356,
          -0.966982,
          1.441009
        ],
        [
          0.117157,
          -0.965837,
          -0.231157,
          2.850892
        ],
        [
          0.0,
          0.0,
          0.0,
          1.0
        ]
      ]
    },
    {
      "file_path": "/media/NFS/ttao/scannet/posed_images/scene0044_02/00339.jpg",
      "transform_matrix": [
        [
          -0.983618,
          -0.098715,
          -0.150835,
          1.569253
        ],
        [
          0.134773,
          0.152989,
          -0.978995,
          1.468515
        ],
        [
          0.119717,
          -0.983285,
          -0.137178,
          2.88399
        ],
        [
          0.0,
          0.0,
          0.0,
          1.0
        ]
      ]
    },
    {
      "file_path": "/media/NFS/ttao/scannet/posed_images/scene0044_02/00345.jpg",
      "transform_matrix": [
        [
          -0.974592,
          -0.111527,
          -0.194248,
          1.560409
        ],
        [
          0.186154,
          0.079001,
          -0.979339,
          1.50366
        ],
        [
          0.124569,
          -0.990616,
          -0.056233,
          2.939245
        ],
        [
          0.0,
          0.0,
          0.0,
          1.0
        ]
      ]
    },
    {
      "file_path": "/media/NFS/ttao/scannet/posed_images/scene0044_02/00348.jpg",
      "transform_matrix": [
        [
          -0.973777,
          -0.120804,
          -0.192782,
          1.562863
        ],
        [
          0.189814,
          0.035722,
          -0.98117,
          1.524283
        ],
        [
          0.125416,
          -0.992033,
          -0.011855,
          2.954813
        ],
        [
          0.0,
          0.0,
          0.0,
          1.0
        ]
      ]
    },
    {
      "file_path": "/media/NFS/ttao/scannet/posed_images/scene0044_02/00354.jpg",
      "transform_matrix": [
        [
          -0.981438,
          -0.109874,
          -0.157183,
          1.542469
        ],
        [
          0.160235,
          -0.019462,
          -0.986887,
          1.562154
        ],
        [
          0.105374,
          -0.993755,
          0.036707,
          2.968161
        ],
        [
          0.0,
          0.0,
          0.0,
          1.0
        ]
      ]
    },
    {
      "file_path": "/media/NFS/ttao/scannet/posed_images/scene0044_02/00358.jpg",
      "transform_matrix": [
        [
          -0.976788,
          -0.119026,
          -0.178094,
          1.540377
        ],
        [
          0.181984,
          -0.022561,
          -0.983043,
          1.574913
        ],
        [
          0.11299,
          -0.992635,
          0.043698,
          2.966948
        ],
