{
  "frames": [
    {
      "file_path": "/media/NFS/ttao/scannet/posed_images/scene0144_00/00003.jpg",
      "transform_matrix": [
        [
          0.992358,
          0.033913,
          -0.118638,
          2.484339
        ],
        [
          0.11923,
          -0.511103,
          0.85121,
          1.38954
        ],
        [
          -0.031769,
          -0.85885,
          -0.511241,
          1.351903
        ],
        [
          0.0,
          0.0,
          0.0,
          1.0
        ]
      ]
    },
    {
      "file_path": "/media/NFS/ttao/scannet/posed_images/scene0144_00/00004.jpg",
      "transform_matrix": [
        [
          0.992252,
          0.033516,
          -0.119639,
          2.483829
        ],
        [
          0.120006,
          -0.507929,
          0.852999,
          1.386735
        ],
        [
          -0.032179,
          -0.860747,
          -0.508015,
          1.351847
        ],
        [
          0.0,
          0.0,
          0.0,
          1.0
        ]
      ]
    },
    {
      "file_path": "/media/NFS/ttao/scannet/posed_images/scene0144_00/00010.jpg",
      "transform_matrix": [
        [
          0.988822,
          0.036559,
          -0.14455,
          2.484332
        ],
        [
          0.143689,
          -0.492488,
          0.858376,
          1.383832
        ],
        [
          -0.039807,
          -0.869551,
          -0.492236,
          1.352198
        ],
        [
          0.0,
          0.0,
          0.0,
          1.0
        ]
      ]
    },
    {
      "file_path": "/media/NFS/ttao/scannet/posed_images/scene0144_00/00014.jpg",
      "transform_matrix": [
        [
          0.987965,
          0.040242,
          -0.149349,
          2.480566
        ],
        [
          0.150023,
          -0.484355,
          0.861913,
          1.386394
        ],
        [
          -0.037653,
          -0.873946,
          -0.484563,
          1.358229
        ],
        [
          0.0,
          0.0,
          0.0,
          1.0
        ]
      ]
    },
    {
      "file_path": "/media/NFS/ttao/scannet/posed_images/scene0144_00/00019.jpg",
      "transform_matrix": [
        [
          0.989673,
          0.03233,
          -0.13965,
          2.482704
        ],
        [
          0.138644,
          -0.463314,
          0.875282,
          1.400557
        ],
        [
          -0.036404,
          -0.885605,
          -0.463012,
          1.375169
        ],
        [
          0.0,
          0.0,
          0.0,
          1.0
        ]
      ]
    },
    {
      "file_path": "/media/NFS/ttao/scannet/posed_images/scene0144_00/00026.jpg",
      "transform_matrix": [
        [
          0.994743,
          0.014089,
          -0.101428,
          2.474775
        ],
        [
          0.097789,
          -0.424624,
          0.900073,
          1.430643
        ],
        [
          -0.030387,
          -0.90526,
          -0.423769,
          1.398468
        ],
        [
          0.0,
          0.0,
          0.0,
          1.0
        ]
      ]
    },
    {
      "file_path": "/media/NFS/ttao/scannet/posed_images/scene0144_00/00032.jpg",
      "transform_matrix": [
        [
          0.997577,
          0.008558,
          -0.06905,
          2.444689
        ],
        [
          0.066942,
          -0.388612,
          0.918967,
          1.459778
        ],
        [
          -0.018969,
          -0.921362,
          -0.388243,
          1.40574
        ],
        [
          0.0,
          0.0,
          0.0,
          1.0
        ]
      ]
    },
    {
      "file_path": "/media/NFS/ttao/scannet/posed_images/scene0144_00/00033.jpg",
      "transform_matrix": [
        [
          0.99774,
          0.007028,
          -0.066828,
          2.442666
        ],
        [
          0.064394,
          -0.384223,
          0.920992,
          1.466498
        ],
        [
          -0.019204,
          -0.923214,
          -0.383807,
          1.410085
        ],
        [
          0.0,
          0.0,
          0.0,
          1.0
        ]
      ]
    },
    {
      "file_path": "/media/NFS/ttao/scannet/posed_images/scene0144_00/00037.jpg",
      "transform_matrix": [
        [
          0.998664,
          0.005376,
          -0.051399,
          2.419319
        ],
        [
          0.049925,
          -0.357334,
          0.932641,
          1.492657
        ],
        [
          -0.013353,
          -0.933961,
          -0.357125,
          1.421574
        ],
        [
          0.0,
          0.0,
          0.0,
          1.0
        ]
      ]
    },
    {
      "file_path": "/media/NFS/ttao/scannet/posed_images/scene0144_00/00046.jpg",
      "transform_matrix": [
        [
          0.999338,
          -0.008863,
          -0.035282,
          2.376872
        ],
        [
          0.031725,
          -0.262298,
          0.964465,
          1.542701
        ],
        [
          -0.017802,
          -0.964946,
          -0.261843,
          1.460404
        ],
        [
          0.0,
          0.0,
          0.0,
          1.0
        ]
      ]
    },
    {
      "file_path": "/media/NFS/ttao/scannet/posed_images/scene0144_00/00050.jpg",
      "transform_matrix": [
        [
          0.999602,
          0.000692,
          -0.028198,
          2.363662
        ],
        [
          0.027644,
          -0.222652,
          0.974506,
          1.550238
        ],
        [
          -0.005604,
          -0.974898,
          -0.222582,
          1.458317
        ],
        [
          0.0,
          0.0,
          0.0,
          1.0
        ]
      ]
    },
    {
      "file_path": "/media/NFS/ttao/scannet/posed_images/scene0144_00/00055.jpg",
      "transform_matrix": [
        [
          0.999881,
          -0.004839,
          -0.014618,
          2.345854
        ],
        [
          0.0134,
          -0.194197,
          0.980871,
          1.560971
        ],
        [
          -0.007585,
          -0.980951,
          -0.194109,
          1.469361
        ],
        [
          0.0,
          0.0,
          0.0,
          1.0
        ]
      ]
    },
    {
      "file_path": "/media/NFS/ttao/scannet/posed_images/scene0144_00/00056.jpg",
      "transform_matrix": [
        [
          0.99992,
          -0.004782,
          -0.011672,
          2.341955
        ],
        [
          0.010544,
          -0.191009,
          0.981532,
          1.561478
        ],
        [
          -0.006923,
          -0.981577,
          -0.190943,
          1.471867
        ],
        [
          0.0,
          0.0,
          0.0,
          1.0
        ]
      ]
    },
    {
      "file_path": "/media/NFS/ttao/scannet/posed_images/scene0144_00/00063.jpg",
      "transform_matrix": [
        [
          0.999972,
          0.004439,
          -0.00603,
          2.314213
        ],
        [
          0.006636,
          -0.152347,
          0.988305,
          1.56295
        ],
        [
          0.003468,
          -0.988317,
          -0.152372,
          1.46977
        ],
        [
          0.0,
          0.0,
          0.0,
          1.0
        ]
      ]
    },
    {
      "file_path": "/media/NFS/ttao/scannet/posed_images/scene0144_00/00066.jpg",
      "transform_matrix": [
        [
          0.999875,
          0.006032,
          -0.014603,
          2.300711
        ],
        [
          0.01534,
          -0.149243,
          0.988682,
          1.568714
        ],
        [
          0.003785,
          -0.988782,
          -0.149317,
          1.464948
        ],
        [
          0.0,
          0.0,
          0.0,
          1.0
        ]
      ]
    },
    {
      "file_path": "/media/NFS/ttao/scannet/posed_images/scene0144_00/00070.jpg",
      "transform_matrix": [
        [
          0.998995,
          0.005052,
          -0.044528,
          2.276978
        ],
        [
          0.044773,
          -0.155162,
          0.986874,
          1.576373
        ],
        [
          -0.001924,
          -0.987876,
          -0.155232,
          1.464593
        ],
        [
          0.0,
          0.0,
          0.0,
          1.0
        ]
      ]
    },
    {
      "file_path": "/media/NFS/ttao/scannet/posed_images/scene0144_00/00078.jpg",
      "transform_matrix": [
        [
          0.988862,
          0.012688,
          -0.148293,
          2.26575
        ],
        [
          0.148506,
          -0.150301,
          0.977423,
          1.60362
        ],
        [
          -0.009887,
          -0.988559,
          -0.150512,
          1.449911
        ],
        [
          0.0,
          0.0,
          0.0,
          1.0
        ]
      ]
    },
    {
      "file_path": "/media/NFS/ttao/scannet/posed_images/scene0144_00/00080.jpg",
      "transform_matrix": [
        [
          0.984847,
          0.012162,
          -0.173,
          2.277291
        ],
        [
          0.172693,
          -0.16041,
          0.971826,
          1.620653
        ],
        [
          -0.015932,
          -0.986976,
          -0.16008,
          1.464009
        ],
        [
          0.0,
          0.0,
          0.0,
          1.0
        ]
      ]
    },
    {
      "file_path": "/media/NFS/ttao/scannet/posed_images/scene0144_00/00088.jpg",
      "transform_matrix": [
        [
          0.970167,
          0.023846,
          -0.241264,
          2.251047
        ],
        [
          0.241947,
          -0.158593,
          0.957241,
          1.676732
        ],
        [
          -0.015437,
          -0.987056,
          -0.159631,
          1.448248
        ],
        [
          0.0,
          0.0,
          0.0,
          1.0
        ]
      ]
    },
    {
      "file_path": "/media/NFS/ttao/scannet/posed_images/scene0144_00/00093.jpg",
      "transform_matrix": [
        [
          0.958717,
          0.041662,
          -0.281293,
          2.238933
        ],
        [
          0.284328,
          -0.155577,
          0.94602,
          1.724176
        ],
        [
          -0.00435,
          -0.986945,
          -0.161,
          1.448457
        ],
        [
          0.0,
          0.0,
          0.0,
          1.0
        ]
      ]
    },
    {
      "file_path": "/media/NFS/ttao/scannet/posed_images/scene0144_00/00095.jpg",
      "transform_matrix": [
        [
          0.957279,
          0.045393,
          -0.285581,
          2.23046
        ],
        [
          0.28915,
          -0.160597,
          0.943717,
          1.741389
        ],
        [
          -0.003025,
          -0.985976,
          -0.166861,
          1.444248
        ],
        [
          0.0,
          0.0,
          0.0,
          1.0
        ]
      ]
    },
    {
      "file_path": "/media/NFS/ttao/scannet/posed_images/scene0144_00/00099.jpg",
      "transform_matrix": [
        [
          0.949217,
          0.056471,
          -0.309512,
          2.206492
        ],
        [
          0.314621,
          -0.168732,
          0.9341,
          1.773743
        ],
        [
          0.000525,
          -0.984043,
          -0.177931,
          1.4412
        ],
        [
          0.0,
          0.0,
          0.0,
          1.0
        ]
      ]
    },
    {
      "file_path": "/media/NFS/ttao/scannet/posed_images/scene0144_00/00105.jpg",
      "transform_matrix": [
        [
          0.926576,
          0.068915,
          -0.369739,
          2.179718
        ],
        [
          0.376048,
          -0.187081,
          0.907518,
          1.815273
        ],
        [
          -0.006629,
          -0.979924,
          -0.19926,
          1.432905
        ],
        [
          0.0,
          0.0,
          0.0,
          1.0
        ]
      ]
    },
    {
      "file_path": "/media/NFS/ttao/scannet/posed_images/scene0144_00/00111.jpg",
      "transform_matrix": [
        [
          0.905389,
          0.116137,
          -0.408391,
          2.142524
        ],
        [
          0.424404,
          -0.219643,
          0.878429,
          1.836309
        ],
        [
          0.012318,
          -0.968643,
          -0.248152,
          1.418944
        ],
        [
          0.0,
          0.0,
          0.0,
          1.0
        ]
      ]
    },
    {
      "file_path": "/media/NFS/ttao/scannet/posed_images/scene0144_00/00114.jpg",
      "transform_matrix": [
        [
          0.88697,
          0.135518,
          -0.441496,
          2.138348
        ],
        [
          0.461508,
          -0.224553,
          0.858246,
          1.846085
        ],
        [
          0.017169,
          -0.964993,
          -0.261715,
          1.411459
        ],
        [
          0.0,
          0.0,
          0.0,
          1.0
        ]
      ]
    },
    {
      "file_path": "/media/NFS/ttao/scannet/posed_images/scene0144_00/00122.jpg",
      "transform_matrix": [
        [
          0.844779,
          0.188675,
          -0.50075,
          2.112699
        ],
        [
          0.534895,
          -0.270862,
          0.800326,
          1.836287
        ],
        [
          0.015368,
          -0.943947,
          -0.32974,
          1.382995
        ],
        [
          0.0,
          0.0,
          0.0,
          1.0
        ]
      ]
    },
    {
      "file_path": "/media/NFS/ttao/scannet/posed_images/scene0144_00/00125.jpg",
      "transform_matrix": [
        [
          0.834216,
          0.21293,
          -0.508669,
          2.106117
        ],
        [
          0.551021,
          -0.286012,
          0.783947,
          1.827279
        ],
        [
          0.021441,
          -0.934269,
          -0.355925,
          1.372474
        ],
        [
          0.0,
          0.0,
          0.0,
          1.0
        ]
      ]
    },
    {
      "file_path": "/media/NFS/ttao/scannet/posed_images/scene0144_00/00132.jpg",
      "transform_matrix": [
        [
          0.793722,
          0.25416,
          -0.552638,
          2.100283
        ],
        [
          0.607997,
          -0.303726,
          0.733546,
          1.793867
        ],
        [
          0.018587,
          -0.918234,
          -0.395603,
          1.355708
        ],
        [
          0.0,
          0.0,
          0.0,
          1.0
        ]
      ]
    },
    {
      "file_path": "/media/NFS/ttao/scannet/posed_images/scene0144_00/00137.jpg",
      "transform_matrix": [
        [
          0.760156,
          0.272394,
          -0.589886,
          2.106493
        ],
        [
          0.649713,
          -0.310309,
          0.69396,
          1.764045
        ],
        [
          0.005984,
          -0.910774,
          -0.412861,
          1.352589
        ],
        [
          0.0,
          0.0,
          0.0,
          1.0
        ]
      ]
    },
    {
      "file_path": "/media/NFS/ttao/scannet/posed_images/scene0144_00/00141.jpg",
      "transform_matrix": [
        [
          0.737489,
          0.278934,
          -0.615065,
          2.1157
        ],
        [
          0.675304,
          -0.316129,
          0.666353,
          1.729154
        ],
        [
          -0.008571,
          -0.906785,
          -0.421507,
          1.348549
        ],
        [
          0.0,
          0.0,
          0.0,
          1.0
        ]
      ]
    },
    {
      "file_path": "/media/NFS/ttao/scannet/posed_images/scene0144_00/00144.jpg",
      "transform_matrix": [
        [
          0.723767,
          0.283493,
          -0.629121,
          2.123708
        ],
        [
          0.689916,
          -0.314892,
          0.651812,
          1.711676
        ],
        [
          -0.013321,
          -0.905801,
          -0.423495,
          1.349237
        ],
        [
          0.0,
          0.0,
          0.0,
          1.0
        ]
      ]
    },
    {
      "file_path": "/media/NFS/ttao/scannet/posed_images/scene0144_00/00151.jpg",
      "transform_matrix": [
        [
          0.693775,
          0.293787,
          -0.657545,
          2.145133
        ],
        [
          0.719912,
          -0.308365,
          0.621802,
          1.656949
        ],
        [
          -0.020086,
          -0.904766,
          -0.425436,
          1.342613
        ],
        [
          0.0,
          0.0,
          0.0,
          1.0
        ]
      ]
    },
    {
      "file_path": "/media/NFS/ttao/scannet/posed_images/scene0144_00/00152.jpg",
      "transform_matrix": [
        [
          0.692434,
          0.29261,
          -0.65948,
          2.146455
        ],
        [
          0.721171,
          -0.307472,
          0.620784,
          1.648958
        ],
        [
          -0.021125,
          -0.90545,
          -0.423926,
          1.343618
        ],
        [
          0.0,
          0.0,
          0.0,
          1.0
        ]
      ]
    },
    {
      "file_path": "/media/NFS/ttao/scannet/posed_images/scene0144_00/00157.jpg",
      "transform_matrix": [
        [
          0.682682,
          0.284821,
          -0.67292,
          2.155145
        ],
        [
          0.72965,
          -0.315406,
          0.606736,
          1.611998
        ],
        [
          -0.039432,
          -0.905205,
          -0.423142,
          1.33978
        ],
        [
          0.0,
          0.0,
          0.0,
          1.0
        ]
      ]
    },
    {
      "file_path": "/media/NFS/ttao/scannet/posed_images/scene0144_00/00165.jpg",
      "transform_matrix": [
        [
          0.605312,
          0.308039,
          -0.733968,
          2.177471
        ],
        [
          0.794574,
          -0.288768,
          0.534102,
          1.601495
        ],
        [
          -0.047423,
          -0.906491,
          -0.419555,
          1.340153
        ],
        [
          0.0,
          0.0,
          0.0,
          1.0
        ]
      ]
    },
    {
      "file_path": "/media/NFS/ttao/scannet/posed_images/scene0144_00/00168.jpg",
      "transform_matrix": [
        [
          0.573207,
          0.311822,
          -0.75776,
          2.184693
        ],
        [
          0.817559,
          -0.279775,
          0.503313,
          1.613997
        ],
        [
          -0.055058,
          -0.908016,
          -0.415302,
          1.33812
        ],
        [
          0.0,
          0.0,
          0.0,
          1.0
        ]
      ]
    },
    {
      "file_path": "/media/NFS/ttao/scannet/posed_images/scene0144_00/00171.jpg",
      "transform_matrix": [
        [
          0.536932,
          0.317945,
          -0.781418,
          2.188558
        ],
        [
          0.842161,
          -0.256561,
          0.47428,
          1.619883
        ],
        [
          -0.049687,
          -0.912736,
          -0.405517,
          1.329418
        ],
        [
          0.0,
          0.0,
          0.0,
          1.0
        ]
      ]
    },
    {
      "file_path": "/media/NFS/ttao/scannet/posed_images/scene0144_00/00177.jpg",
      "transform_matrix": [
        [
          0.43152,
          0.333557,
          -0.83817,
          2.205729
        ],
        [
          0.901486,
          -0.193805,
          0.386991,
          1.666346
        ],
        [
          -0.033358,
          -0.922594,
          -0.384328,
          1.327382
        ],
        [
          0.0,
          0.0,
          0.0,
          1.0
        ]
      ]
    },
    {
      "file_path": "/media/NFS/ttao/scannet/posed_images/scene0144_00/00182.jpg",
      "transform_matrix": [
        [
          0.335776,
          0.366635,
          -0.86766,
          2.215444
        ],
        [
          0.941393,
          -0.162046,
          0.295837,
          1.697921
        ],
        [
          -0.032137,
          -0.916144,
          -0.399559,
          1.329049
        ],
        [
          0.0,
          0.0,
          0.0,
          1.0
        ]
      ]
    },
    {
      "file_path": "/media/NFS/ttao/scannet/posed_images/scene0144_00/00188.jpg",
      "transform_matrix": [
        [
          0.215077,
          0.359537,
          -0.908006,
          2.224372
        ],
        [
          0.972294,
          -0.16602,
          0.164567,
          1.743838
        ],
        [
          -0.091579,
          -0.918243,
          -0.385283,
          1.340344
        ],
        [
          0.0,
          0.0,
          0.0,
          1.0
        ]
      ]
    },
    {
      "file_path": "/media/NFS/ttao/scannet/posed_images/scene0144_00/00194.jpg",
      "transform_matrix": [
        [
          0.136003,
          0.35952,
          -0.923173,
          2.212023
        ],
        [
          0.988028,
          -0.117726,
          0.09971,
          1.765346
        ],
        [
          -0.072834,
          -0.925681,
          -0.371227,
          1.342737
        ],
        [
          0.0,
          0.0,
          0.0,
          1.0
        ]
      ]
    },
    {
      "file_path": "/media/NFS/ttao/scannet/posed_images/scene0144_00/00197.jpg",
      "transform_matrix": [
        [
          0.098896,
          0.356752,
          -0.92895,
          2.193879
        ],
        [
          0.992757,
          -0.099365,
          0.067529,
          1.778946
        ],
        [
          -0.068213,
          -0.9289,
          -0.363995,
          1.343423
        ],
        [
          0.0,
          0.0,
          0.0,
          1.0
        ]
      ]
    },
    {
      "file_path": "/media/NFS/ttao/scannet/posed_images/scene0144_00/00204.jpg",
      "transform_matrix": [
        [
          0.002256,
          0.319171,
          -0.947695,
          2.143335
        ],
        [
          0.999367,
          -0.034359,
          -0.009193,
          1.814281
        ],
        [
          -0.035496,
          -0.947074,
          -0.319047,
          1.343415
        ],
        [
          0.0,
          0.0,
          0.0,
          1.0
        ]
      ]
    },
    {
      "file_path": "/media/NFS/ttao/scannet/posed_images/scene0144_00/00208.jpg",
      "transform_matrix": [
        [
          -0.044528,
          0.300444,
          -0.95276,
          2.111263
        ],
        [
          0.998724,
          -0.009342,
          -0.049623,
          1.831463
        ],
        [
          -0.02381,
          -0.953754,
          -0.299645,
          1.352999
        ],
        [
          0.0,
          0.0,
          0.0,
          1.0
        ]
      ]
    },
    {
      "file_path": "/media/NFS/ttao/scannet/posed_images/scene0144_00/00213.jpg",
      "transform_matrix": [
        [
          -0.10899,
          0.295603,
          -0.949073,
          2.075465
        ],
        [
          0.993402,
          -0.001896,
          -0.114671,
          1.863148
        ],
        [
          -0.035696,
          -0.955309,
          -0.293446,
          1.359188
        ],
        [
          0.0,
          0.0,
          0.0,
          1.0
        ]
      ]
    },
    {
      "file_path": "/media/NFS/ttao/scannet/posed_images/scene0144_00/00214.jpg",
      "transform_matrix": [
        [
          -0.114449,
          0.292339,
          -0.949441,
          2.071204
        ],
        [
          0.992575,
          -0.005985,
          -0.121491,
          1.868641
        ],
        [
          -0.041199,
          -0.956296,
          -0.289484,
          1.360158
        ],
        [
          0.0,
          0.0,
          0.0,
          1.0
        ]
      ]
    },
    {
      "file_path": "/media/NFS/ttao/scannet/posed_images/scene0144_00/00223.jpg",
      "transform_matrix": [
        [
          -0.247958,
          0.259123,
          -0.933473,
          2.049524
        ],
        [
          0.967337,
          0.013821,
          -0.253117,
          1.923445
        ],
        [
          -0.052687,
          -0.965746,
          -0.254086,
          1.372908
        ],
        [
          0.0,
          0.0,
          0.0,
          1.0
        ]
      ]
    },
    {
      "file_path": "/media/NFS/ttao/scannet/posed_images/scene0144_00/00224.jpg",
      "transform_matrix": [
        [
          -0.2658,
          0.257974,
          -0.92887,
          2.050133
        ],
        [
          0.962562,
          0.017887,
          -0.270473,
          1.925177
        ],
        [
          -0.05316,
          -0.965987,
          -0.25307,
          1.376737
        ],
        [
          0.0,
          0.0,
          0.0,
          1.0
        ]
      ]
    },
    {
      "file_path": "/media/NFS/ttao/scannet/posed_images/scene0144_00/00230.jpg",
      "transform_matrix": [
        [
          -0.374084,
          0.232834,
          -0.897691,
          2.060256
        ],
        [
          0.927388,
          0.090219,
          -0.363059,
          1.959772
        ],
        [
          -0.003544,
          -0.968323,
          -0.249677,
          1.381225
        ],
        [
          0.0,
          0.0,
          0.0,
          1.0
        ]
      ]
    },
    {
      "file_path": "/media/NFS/ttao/scannet/posed_images/scene0144_00/00237.jpg",
      "transform_matrix": [
        [
          -0.444884,
          0.172988,
          -0.878723,
          2.061559
        ],
        [
          0.895583,
          0.089473,
          -0.435806,
          2.024755
        ],
        [
          0.003233,
          -0.980852,
          -0.19473,
          1.408072
        ],
        [
          0.0,
          0.0,
          0.0,
          1.0
        ]
      ]
    },
    {
      "file_path": "/media/NFS/ttao/scannet/posed_images/scene0144_00/00239.jpg",
      "transform_matrix": [
        [
          -0.460294,
          0.15945,
          -0.87333,
          2.061852
        ],
        [
          0.887741,
          0.090122,
          -0.451435,
          2.04215
        ],
        [
          0.006725,
          -0.983084,
          -0.183033,
          1.40803
        ],
        [
          0.0,
          0.0,
          0.0,
          1.0
        ]
      ]
    },
    {
      "file_path": "/media/NFS/ttao/scannet/posed_images/scene0144_00/00246.jpg",
      "transform_matrix": [
        [
          -0.482083,
          0.119479,
          -0.867941,
          2.06646
        ],
        [
          0.875696,
          0.034671,
          -0.481617,
          2.081934
        ],
        [
          -0.02745,
          -0.992231,
          -0.121341,
          1.433287
        ],
        [
          0.0,
          0.0,
          0.0,
          1.0
        ]
      ]
    },
    {
      "file_path": "/media/NFS/ttao/scannet/posed_images/scene0144_00/00251.jpg",
      "transform_matrix": [
        [
          -0.48261,
          0.103588,
          -0.869688,
          2.072477
        ],
        [
          0.874435,
          0.000853,
          -0.485142,
          2.094969
        ],
        [
          -0.049513,
          -0.99462,
          -0.090993,
          1.441558
        ],
        [
          0.0,
          0.0,
          0.0,
          1.0
        ]
      ]
    },
    {
      "file_path": "/media/NFS/ttao/scannet/posed_images/scene0144_00/00253.jpg",
      "transform_matrix": [
        [
          -0.48618,
          0.096798,
          -0.868481,
          2.073416
        ],
        [
          0.872513,
          -0.001369,
          -0.48859,
          2.09612
        ],
        [
          -0.048483,
          -0.995303,
          -0.083792,
          1.442095
        ],
        [
          0.0,
          0.0,
          0.0,
          1.0
        ]
      ]
    },
    {
      "file_path": "/media/NFS/ttao/scannet/posed_images/scene0144_00/00257.jpg",
      "transform_matrix": [
        [
          -0.496133,
          0.086249,
          -0.863952,
          2.074694
        ],
        [
          0.867036,
          -0.003311,
          -0.498234,
          2.10013
        ],
        [
          -0.045833,
          -0.996268,
          -0.073138,
          1.450496
        ],
        [
          0.0,
          0.0,
          0.0,
          1.0
        ]
      ]
    },
    {
      "file_path": "/media/NFS/ttao/scannet/posed_images/scene0144_00/00266.jpg",
      "transform_matrix": [
        [
          -0.564013,
          0.070209,
          -0.822776,
          2.078676
        ],
        [
          0.824495,
          -0.007373,
          -0.565821,
          2.091604
        ],
        [
          -0.045792,
          -0.997505,
          -0.053728,
          1.476627
        ],
        [
          0.0,
          0.0,
          0.0,
          1.0
        ]
      ]
    },
    {
      "file_path": "/media/NFS/ttao/scannet/posed_images/scene0144_00/00267.jpg",
      "transform_matrix": [
        [
          -0.570629,
          0.069915,
          -0.818227,
          2.078757
        ],
        [
          0.819802,
          -0.009792,
          -0.572564,
          2.092706
        ],
        [
          -0.048043,
          -0.997505,
          -0.051729,
          1.479149
        ],
        [
          0.0,
          0.0,
          0.0,
          1.0
        ]
      ]
    },
    {
      "file_path": "/media/NFS/ttao/scannet/posed_images/scene0144_00/00276.jpg",
      "transform_matrix": [
        [
          -0.652522,
          0.062638,
          -0.755176,
          2.093306
        ],
        [
          0.754755,
          -0.035076,
          -0.655068,
          2.090057
        ],
        [
          -0.067521,
          -0.99742,
          -0.024388,
          1.483797
        ],
        [
          0.0,
          0.0,
          0.0,
          1.0
        ]
      ]
    },
    {
      "file_path": "/media/NFS/ttao/scannet/posed_images/scene0144_00/00280.jpg",
      "transform_matrix": [
        [
          -0.686023,
          0.058002,
          -0.725263,
          2.098504
        ],
        [
          0.723601,
          -0.04971,
          -0.688426,
          2.084588
        ],
        [
          -0.075983,
          -0.997078,
          -0.007868,
          1.483135
        ],
        [
          0.0,
          0.0,
          0.0,
          1.0
        ]
      ]
    },
    {
      "file_path": "/media/NFS/ttao/scannet/posed_images/scene0144_00/00282.jpg",
      "transform_matrix": [
        [
          -0.700866,
          0.056986,
          -0.711012,
          2.096921
        ],
        [
          0.709556,
          -0.046201,
          -0.703133,
          2.085973
        ],
        [
          -0.072918,
          -0.997306,
          -0.008054,
          1.488275
        ],
        [
          0.0,
          0.0,
          0.0,
          1.0
        ]
      ]
    },
    {
      "file_path": "/media/NFS/ttao/scannet/posed_images/scene0144_00/00286.jpg",
      "transform_matrix": [
        [
          -0.730376,
          0.056876,
          -0.680673,
          2.097437
        ],
        [
          0.680168,
          -0.030801,
          -0.732408,
          2.088335
        ],
        [
          -0.062622,
          -0.997906,
          -0.016189,
          1.493518
        ],
        [
          0.0,
          0.0,
          0.0,
          1.0
        ]
      ]
    },
    {
      "file_path": "/media/NFS/ttao/scannet/posed_images/scene0144_00/00295.jpg",
      "transform_matrix": [
        [
          -0.805835,
          0.089692,
          -0.585308,
          2.12487
        ],
        [
          0.590521,
          0.048667,
          -0.805554,
          2.0673
        ],
        [
          -0.043767,
          -0.99478,
          -0.092183,
          1.480747
        ],
        [
          0.0,
          0.0,
          0.0,
          1.0
        ]
      ]
    },
    {
      "file_path": "/media/NFS/ttao/scannet/posed_images/scene0144_00/00296.jpg",
      "transform_matrix": [
        [
          -0.81297,
          0.096445,
          -0.574263,
          2.126633
        ],
        [
          0.580338,
          0.053177,
          -0.812638,
          2.063365
        ],
        [
          -0.047838,
          -0.993917,
          -0.099202,
          1.477508
        ],
        [
          0.0,
          0.0,
          0.0,
          1.0
        ]
      ]
    },
    {
      "file_path": "/media/NFS/ttao/scannet/posed_images/scene0144_00/00305.jpg",
      "transform_matrix": [
        [
          -0.868144,
          0.116191,
          -0.48252,
          2.155581
        ],
        [
          0.494572,
          0.121194,
          -0.860645,
          2.017227
        ],
        [
          -0.041521,
          -0.985805,
          -0.162679,
          1.438372
        ],
        [
          0.0,
          0.0,
          0.0,
          1.0
        ]
      ]
    },
    {
      "file_path": "/media/NFS/ttao/scannet/posed_images/scene0144_00/00306.jpg",
      "transform_matrix": [
        [
          -0.870904,
          0.118424,
          -0.476972,
          2.158906
        ],
        [
          0.489853,
          0.130913,
          -0.86192,
          2.011826
        ],
        [
          -0.03963,
          -0.984295,
          -0.172023,
          1.437773
        ],
        [
          0.0,
          0.0,
          0.0,
          1.0
        ]
      ]
    },
    {
      "file_path": "/media/NFS/ttao/scannet/posed_images/scene0144_00/00313.jpg",
      "transform_matrix": [
        [
          -0.886565,
          0.159575,
          -0.43421,
          2.205374
        ],
        [
          0.459384,
          0.193139,
          -0.866986,
          1.982878
        ],
        [
          -0.054486,
          -0.968108,
          -0.244537,
          1.412055
        ],
        [
          0.0,
          0.0,
          0.0,
          1.0
        ]
      ]
    },
    {
      "file_path": "/media/NFS/ttao/scannet/posed_images/scene0144_00/00319.jpg",
      "transform_matrix": [
        [
          -0.89817,
          0.191934,
          -0.39554,
          2.231745
        ],
        [
          0.433911,
          0.242115,
          -0.867815,
          1.965837
        ],
        [
          -0.070797,
          -0.951074,
          -0.300743,
          1.386938
        ],
        [
          0.0,
          0.0,
          0.0,
          1.0
        ]
      ]
    },
    {
      "file_path": "/media/NFS/ttao/scannet/posed_images/scene0144_00/00320.jpg",
      "transform_matrix": [
        [
          -0.898405,
          0.198763,
          -0.391614,
          2.25193
        ],
        [
          0.433365,
          0.256751,
          -0.863871,
          1.959641
        ],
        [
          -0.071158,
          -0.945818,
          -0.316804,
          1.387066
        ],
        [
          0.0,
          0.0,
          0.0,
          1.0
        ]
      ]
    },
    {
      "file_path": "/media/NFS/ttao/scannet/posed_images/scene0144_00/00328.jpg",
      "transform_matrix": [
        [
          -0.925905,
          0.178121,
          -0.333125,
          2.28503
        ],
        [
          0.37614,
          0.353246,
          -0.856584,
          1.953299
        ],
        [
          -0.0349,
          -0.918417,
          -0.394071,
          1.354869
        ],
        [
          0.0,
          0.0,
          0.0,
          1.0
        ]
      ]
    },
    {
      "file_path": "/media/NFS/ttao/scannet/posed_images/scene0144_00/00331.jpg",
      "transform_matrix": [
        [
          -0.937985,
          0.155842,
          -0.309675,
          2.306597
        ],
        [
          0.34632,
          0.380666,
          -0.857413,
          1.95298
        ],
        [
          -0.015739,
          -0.911486,
          -0.41103,
          1.350197
        ],
        [
          0.0,
          0.0,
          0.0,
          1.0
        ]
      ]
    },
    {
      "file_path": "/media/NFS/ttao/scannet/posed_images/scene0144_00/00335.jpg",
      "transform_matrix": [
        [
          -0.957097,
          0.13702,
          -0.255325,
          2.32068
        ],
        [
          0.28929,
          0.401245,
          -0.869088,
          1.964155
        ],
        [
          -0.016634,
          -0.905664,
          -0.423669,
          1.344332
        ],
        [
          0.0,
          0.0,
          0.0,
          1.0
        ]
      ]
    },
    {
      "file_path": "/media/NFS/ttao/scannet/posed_images/scene0144_00/00342.jpg",
      "transform_matrix": [
        [
          -0.98473,
          0.094416,
          -0.146261,
          2.340216
        ],
        [
          0.172954,
          0.434829,
          -0.883748,
          1.995155
        ],
        [
          -0.019842,
          -0.89555,
          -0.444519,
          1.339922
        ],
        [
          0.0,
          0.0,
          0.0,
          1.0
        ]
      ]
    },
    {
      "file_path": "/media/NFS/ttao/scannet/posed_images/scene0144_00/00348.jpg",
      "transform_matrix": [
        [
          -0.993609,
          0.076532,
          -0.082971,
          2.333997
        ],
        [
          0.108546,
          0.446174,
          -0.888339,
          2.038666
        ],
        [
          -0.030967,
          -0.891668,
          -0.45163,
          1.339459
        ],
        [
          0.0,
          0.0,
          0.0,
          1.0
        ]
      ]
    },
    {
      "file_path": "/media/NFS/ttao/scannet/posed_images/scene0144_00/00351.jpg",
      "transform_matrix": [
        [
          -0.995121,
          0.073678,
          -0.065613,
          2.328899
        ],
        [
          0.092014,
          0.453164,
          -0.886666,
          2.060243
        ],
        [
          -0.035594,
          -0.888377,
          -0.457732,
          1.338733
        ],
        [
          0.0,
          0.0,
          0.0,
          1.0
        ]
      ]
    },
    {
      "file_path": "/media/NFS/ttao/scannet/posed_images/scene0144_00/00354.jpg",
      "transform_matrix": [
        [
          -0.995783,
          0.069655,
          -0.059708,
          2.315073
        ],
        [
          0.08521,
          0.460994,
          -0.883303,
          2.087899
        ],
        [
          -0.034001,
          -0.884666,
          -0.464985,
          1.33037
        ],
        [
          0.0,
          0.0,
          0.0,
          1.0
        ]
      ]
    },
    {
      "file_path": "/media/NFS/ttao/scannet/posed_images/scene0144_00/00358.jpg",
      "transform_matrix": [
        [
          -0.995502,
          0.070089,
          -0.06375,
          2.291946
        ],
        [
          0.089699,
          0.48056,
          -0.872362,
          2.126982
        ],
        [
          -0.030508,
          -0.874157,
          -0.484685,
          1.30785
        ],
        [
          0.0,
          0.0,
          0.0,
          1.0
        ]
      ]
    },
    {
      "file_path": "/media/NFS/ttao/scannet/posed_images/scene0144_00/00366.jpg",
      "transform_matrix": [
        [
          -0.991811,
          0.093867,
          -0.086599,
          2.253062
        ],
        [
          0.123671,
          0.536672,
          -0.834679,
          2.184367
        ],
        [
          -0.031874,
          -0.838554,
          -0.543886,
          1.286334
        ],
        [
          0.0,
          0.0,
          0.0,
          1.0
        ]
      ]
    },
    {
      "file_path": "/media/NFS/ttao/scannet/posed_images/scene0144_00/00368.jpg",
      "transform_matrix": [
        [
          -0.991183,
          0.101422,
          -0.085265,
          2.242149
        ],
        [
          0.126639,
          0.535839,
          -0.834769,
          2.20024
        ],
        [
          -0.038975,
          -0.838206,
          -0.543959,
