{
  "frames": [
    {
      "file_path": "/media/NFS/ttao/scannet/posed_images/scene0010_01/00000.jpg",
      "transform_matrix": [
        [
          0.939048,
          0.118417,
          -0.322748,
          1.277212
        ],
        [
          0.340776,
          -0.444599,
          0.828375,
          2.692177
        ],
        [
          -0.045399,
          -0.887868,
          -0.457853,
          1.372351
        ],
        [
          0.0,
          0.0,
          0.0,
          1.0
        ]
      ]
    },
    {
      "file_path": "/media/NFS/ttao/scannet/posed_images/scene0010_01/00004.jpg",
      "transform_matrix": [
        [
          0.95175,
          0.096662,
          -0.291254,
          1.248362
        ],
        [
          0.303427,
          -0.438306,
          0.846062,
          2.64598
        ],
        [
          -0.045876,
          -0.893613,
          -0.446487,
          1.382533
        ],
        [
          0.0,
          0.0,
          0.0,
          1.0
        ]
      ]
    },
    {
      "file_path": "/media/NFS/ttao/scannet/posed_images/scene0010_01/00010.jpg",
      "transform_matrix": [
        [
          0.955177,
          0.116132,
          -0.272306,
          1.2291
        ],
        [
          0.29527,
          -0.439842,
          0.848148,
          2.618799
        ],
        [
          -0.021274,
          -0.890535,
          -0.454417,
          1.38822
        ],
        [
          0.0,
          0.0,
          0.0,
          1.0
        ]
      ]
    },
    {
      "file_path": "/media/NFS/ttao/scannet/posed_images/scene0010_01/00012.jpg",
      "transform_matrix": [
        [
          0.953451,
          0.113018,
          -0.279569,
          1.229292
        ],
        [
          0.300086,
          -0.446825,
          0.84279,
          2.61441
        ],
        [
          -0.029668,
          -0.887454,
          -0.459941,
          1.377515
        ],
        [
          0.0,
          0.0,
          0.0,
          1.0
        ]
      ]
    },
    {
      "file_path": "/media/NFS/ttao/scannet/posed_images/scene0010_01/00020.jpg",
      "transform_matrix": [
        [
          0.945892,
          0.131544,
          -0.296622,
          1.22424
        ],
        [
          0.32158,
          -0.502011,
          0.802852,
          2.602437
        ],
        [
          -0.043297,
          -0.854799,
          -0.51715,
          1.332592
        ],
        [
          0.0,
          0.0,
          0.0,
          1.0
        ]
      ]
    },
    {
      "file_path": "/media/NFS/ttao/scannet/posed_images/scene0010_01/00025.jpg",
      "transform_matrix": [
        [
          0.94973,
          0.126649,
          -0.28631,
          1.216421
        ],
        [
          0.308812,
          -0.529315,
          0.790229,
          2.597436
        ],
        [
          -0.051466,
          -0.83892,
          -0.541817,
          1.305467
        ],
        [
          0.0,
          0.0,
          0.0,
          1.0
        ]
      ]
    },
    {
      "file_path": "/media/NFS/ttao/scannet/posed_images/scene0010_01/00026.jpg",
      "transform_matrix": [
        [
          0.950159,
          0.125862,
          -0.285232,
          1.215529
        ],
        [
          0.307519,
          -0.528867,
          0.791032,
          2.5967
        ],
        [
          -0.051289,
          -0.83932,
          -0.541212,
          1.302789
        ],
        [
          0.0,
          0.0,
          0.0,
          1.0
        ]
      ]
    },
    {
      "file_path": "/media/NFS/ttao/scannet/posed_images/scene0010_01/00031.jpg",
      "transform_matrix": [
        [
          0.950948,
          0.131754,
          -0.279892,
          1.20595
        ],
        [
          0.305606,
          -0.540481,
          0.783891,
          2.595381
        ],
        [
          -0.047995,
          -0.830976,
          -0.554234,
          1.293047
        ],
        [
          0.0,
          0.0,
          0.0,
          1.0
        ]
      ]
    },
    {
      "file_path": "/media/NFS/ttao/scannet/posed_images/scene0010_01/00035.jpg",
      "transform_matrix": [
        [
          0.949848,
          0.133483,
          -0.282791,
          1.202467
        ],
        [
          0.30937,
          -0.532959,
          0.787556,
          2.59466
        ],
        [
          -0.045591,
          -0.835546,
          -0.547526,
          1.295007
        ],
        [
          0.0,
          0.0,
          0.0,
          1.0
        ]
      ]
    },
    {
      "file_path": "/media/NFS/ttao/scannet/posed_images/scene0010_01/00044.jpg",
      "transform_matrix": [
        [
          0.933784,
          0.133203,
          -0.332122,
          1.182585
        ],
        [
          0.35544,
          -0.452531,
          0.81785,
          2.595514
        ],
        [
          -0.041356,
          -0.881744,
          -0.469912,
          1.351573
        ],
        [
          0.0,
          0.0,
          0.0,
          1.0
        ]
      ]
    },
    {
      "file_path": "/media/NFS/ttao/scannet/posed_images/scene0010_01/00048.jpg",
      "transform_matrix": [
        [
          0.925021,
          0.136525,
          -0.354538,
          1.176565
        ],
        [
          0.378304,
          -0.416867,
          0.826504,
          2.594917
        ],
        [
          -0.034957,
          -0.898656,
          -0.437259,
          1.369456
        ],
        [
          0.0,
          0.0,
          0.0,
          1.0
        ]
      ]
    },
    {
      "file_path": "/media/NFS/ttao/scannet/posed_images/scene0010_01/00049.jpg",
      "transform_matrix": [
        [
          0.924757,
          0.136182,
          -0.355358,
          1.175292
        ],
        [
          0.379208,
          -0.408341,
          0.830337,
          2.595743
        ],
        [
          -0.032031,
          -0.902614,
          -0.429258,
          1.37467
        ],
        [
          0.0,
          0.0,
          0.0,
          1.0
        ]
      ]
    },
    {
      "file_path": "/media/NFS/ttao/scannet/posed_images/scene0010_01/00057.jpg",
      "transform_matrix": [
        [
          0.935105,
          0.093423,
          -0.341833,
          1.175564
        ],
        [
          0.353264,
          -0.321884,
          0.878405,
          2.602439
        ],
        [
          -0.027967,
          -0.942159,
          -0.333998,
          1.412261
        ],
        [
          0.0,
          0.0,
          0.0,
          1.0
        ]
      ]
    },
    {
      "file_path": "/media/NFS/ttao/scannet/posed_images/scene0010_01/00061.jpg",
      "transform_matrix": [
        [
          0.941947,
          0.069435,
          -0.328503,
          1.183736
        ],
        [
          0.334196,
          -0.288236,
          0.897348,
          2.604626
        ],
        [
          -0.032379,
          -0.955039,
          -0.294708,
          1.425866
        ],
        [
          0.0,
          0.0,
          0.0,
          1.0
        ]
      ]
    },
    {
      "file_path": "/media/NFS/ttao/scannet/posed_images/scene0010_01/00066.jpg",
      "transform_matrix": [
        [
          0.954102,
          0.042453,
          -0.296459,
          1.198701
        ],
        [
          0.297141,
          -0.257747,
          0.919388,
          2.607625
        ],
        [
          -0.03738,
          -0.965279,
          -0.258532,
          1.42918
        ],
        [
          0.0,
          0.0,
          0.0,
          1.0
        ]
      ]
    },
    {
      "file_path": "/media/NFS/ttao/scannet/posed_images/scene0010_01/00071.jpg",
      "transform_matrix": [
        [
          0.966668,
          0.026049,
          -0.254705,
          1.208966
        ],
        [
          0.252023,
          -0.272181,
          0.928656,
          2.617855
        ],
        [
          -0.045135,
          -0.961894,
          -0.269673,
          1.429931
        ],
        [
          0.0,
          0.0,
          0.0,
          1.0
        ]
      ]
    },
    {
      "file_path": "/media/NFS/ttao/scannet/posed_images/scene0010_01/00072.jpg",
      "transform_matrix": [
        [
          0.968693,
          0.021005,
          -0.247373,
          1.21227
        ],
        [
          0.243685,
          -0.270903,
          0.931252,
          2.618371
        ],
        [
          -0.047453,
          -0.962378,
          -0.26754,
          1.428707
        ],
        [
          0.0,
          0.0,
          0.0,
          1.0
        ]
      ]
    },
    {
      "file_path": "/media/NFS/ttao/scannet/posed_images/scene0010_01/00076.jpg",
      "transform_matrix": [
        [
          0.976252,
          0.007814,
          -0.216495,
          1.223812
        ],
        [
          0.21033,
          -0.273551,
          0.938579,
          2.622673
        ],
        [
          -0.051889,
          -0.961826,
          -0.268699,
          1.422933
        ],
        [
          0.0,
          0.0,
          0.0,
          1.0
        ]
      ]
    },
    {
      "file_path": "/media/NFS/ttao/scannet/posed_images/scene0010_01/00085.jpg",
      "transform_matrix": [
        [
          0.995113,
          -0.01519,
          -0.097562,
          1.252461
        ],
        [
          0.087497,
          -0.322197,
          0.94262,
          2.655436
        ],
        [
          -0.045753,
          -0.946551,
          -0.319294,
          1.415916
        ],
        [
          0.0,
          0.0,
          0.0,
          1.0
        ]
      ]
    },
    {
      "file_path": "/media/NFS/ttao/scannet/posed_images/scene0010_01/00087.jpg",
      "transform_matrix": [
        [
          0.996524,
          -0.023746,
          -0.079855,
          1.263593
        ],
        [
          0.067891,
          -0.324077,
          0.943592,
          2.662453
        ],
        [
          -0.048286,
          -0.945733,
          -0.321338,
          1.414748
        ],
        [
          0.0,
          0.0,
          0.0,
          1.0
        ]
      ]
    },
    {
      "file_path": "/media/NFS/ttao/scannet/posed_images/scene0010_01/00091.jpg",
      "transform_matrix": [
        [
          0.998405,
          -0.046577,
          -0.031914,
          1.26607
        ],
        [
          0.014728,
          -0.330814,
          0.943581,
          2.690615
        ],
        [
          -0.054506,
          -0.942546,
          -0.329601,
          1.422454
        ],
        [
          0.0,
          0.0,
          0.0,
          1.0
        ]
      ]
    },
    {
      "file_path": "/media/NFS/ttao/scannet/posed_images/scene0010_01/00098.jpg",
      "transform_matrix": [
        [
          0.997441,
          -0.068816,
          0.019368,
          1.310245
        ],
        [
          -0.041035,
          -0.329267,
          0.943345,
          2.728893
        ],
        [
          -0.05854,
          -0.941726,
          -0.331249,
          1.42458
        ],
        [
          0.0,
          0.0,
          0.0,
          1.0
        ]
      ]
    },
    {
      "file_path": "/media/NFS/ttao/scannet/posed_images/scene0010_01/00100.jpg",
      "transform_matrix": [
        [
          0.995369,
          -0.084988,
          0.044905,
          1.305097
        ],
        [
          -0.070233,
          -0.324082,
          0.943418,
          2.74782
        ],
        [
          -0.065626,
          -0.942204,
          -0.32855,
          1.422224
        ],
        [
          0.0,
          0.0,
          0.0,
          1.0
        ]
      ]
    },
    {
      "file_path": "/media/NFS/ttao/scannet/posed_images/scene0010_01/00106.jpg",
      "transform_matrix": [
        [
          0.991214,
          -0.105179,
          0.0802,
          1.352873
        ],
        [
          -0.110538,
          -0.325746,
          0.938973,
          2.776141
        ],
        [
          -0.072636,
          -0.939589,
          -0.334511,
          1.425082
        ],
        [
          0.0,
          0.0,
          0.0,
          1.0
        ]
      ]
    },
    {
      "file_path": "/media/NFS/ttao/scannet/posed_images/scene0010_01/00112.jpg",
      "transform_matrix": [
        [
          0.984164,
          -0.120107,
          0.130366,
          1.400949
        ],
        [
          -0.162797,
          -0.321474,
          0.932819,
          2.78359
        ],
        [
          -0.070129,
          -0.93927,
          -0.335936,
          1.409694
        ],
        [
          0.0,
          0.0,
          0.0,
          1.0
        ]
      ]
    },
    {
      "file_path": "/media/NFS/ttao/scannet/posed_images/scene0010_01/00113.jpg",
      "transform_matrix": [
        [
          0.982157,
          -0.124188,
          0.14123,
          1.406002
        ],
        [
          -0.174529,
          -0.322129,
          0.930469,
          2.786359
        ],
        [
          -0.070059,
          -0.938515,
          -0.338055,
          1.40683
        ],
        [
          0.0,
          0.0,
          0.0,
          1.0
        ]
      ]
    },
    {
      "file_path": "/media/NFS/ttao/scannet/posed_images/scene0010_01/00119.jpg",
      "transform_matrix": [
        [
          0.962599,
          -0.146747,
          0.227748,
          1.414941
        ],
        [
          -0.264861,
          -0.332747,
          0.905057,
          2.81963
        ],
        [
          -0.057032,
          -0.931528,
          -0.35917,
          1.400323
        ],
        [
          0.0,
          0.0,
          0.0,
          1.0
        ]
      ]
    },
    {
      "file_path": "/media/NFS/ttao/scannet/posed_images/scene0010_01/00126.jpg",
      "transform_matrix": [
        [
          0.927668,
          -0.162141,
          0.336366,
          1.419525
        ],
        [
          -0.37254,
          -0.340557,
          0.86327,
          2.855421
        ],
        [
          -0.02542,
          -0.926138,
          -0.376328,
          1.390098
        ],
        [
          0.0,
          0.0,
          0.0,
          1.0
        ]
      ]
    },
    {
      "file_path": "/media/NFS/ttao/scannet/posed_images/scene0010_01/00127.jpg",
      "transform_matrix": [
        [
          0.923291,
          -0.163329,
          0.347644,
          1.420175
        ],
        [
          -0.383434,
          -0.338658,
          0.859238,
          2.857376
        ],
        [
          -0.022606,
          -0.926625,
          -0.375306,
          1.384099
        ],
        [
          0.0,
          0.0,
          0.0,
          1.0
        ]
      ]
    },
    {
      "file_path": "/media/NFS/ttao/scannet/posed_images/scene0010_01/00132.jpg",
      "transform_matrix": [
        [
          0.900051,
          -0.192278,
          0.391073,
          1.447676
        ],
        [
          -0.435397,
          -0.358911,
          0.825598,
          2.871674
        ],
        [
          -0.018384,
          -0.913352,
          -0.406755,
          1.362365
        ],
        [
          0.0,
          0.0,
          0.0,
          1.0
        ]
      ]
    },
    {
      "file_path": "/media/NFS/ttao/scannet/posed_images/scene0010_01/00139.jpg",
      "transform_matrix": [
        [
          0.826337,
          -0.274602,
          0.491691,
          1.457367
        ],
        [
          -0.56265,
          -0.364852,
          0.741827,
          2.900963
        ],
        [
          -0.024314,
          -0.88965,
          -0.455996,
          1.335902
        ],
        [
          0.0,
          0.0,
          0.0,
          1.0
        ]
      ]
    },
    {
      "file_path": "/media/NFS/ttao/scannet/posed_images/scene0010_01/00143.jpg",
      "transform_matrix": [
        [
          0.792114,
          -0.315129,
          0.522733,
          1.480251
        ],
        [
          -0.609155,
          -0.354043,
          0.709636,
          2.904922
        ],
        [
          -0.038556,
          -0.880538,
          -0.472405,
          1.311363
        ],
        [
          0.0,
          0.0,
          0.0,
          1.0
        ]
      ]
    },
    {
      "file_path": "/media/NFS/ttao/scannet/posed_images/scene0010_01/00145.jpg",
      "transform_matrix": [
        [
          0.778931,
          -0.331575,
          0.532282,
          1.494573
        ],
        [
          -0.625269,
          -0.34565,
          0.699689,
          2.908275
        ],
        [
          -0.048016,
          -0.877829,
          -0.476561,
          1.305904
        ],
        [
          0.0,
          0.0,
          0.0,
          1.0
        ]
      ]
    },
    {
      "file_path": "/media/NFS/ttao/scannet/posed_images/scene0010_01/00153.jpg",
      "transform_matrix": [
        [
          0.761241,
          -0.350329,
          0.545694,
          1.569566
        ],
        [
          -0.64718,
          -0.357392,
          0.673371,
          2.921439
        ],
        [
          -0.040875,
          -0.86576,
          -0.498787,
          1.287698
        ],
        [
          0.0,
          0.0,
          0.0,
          1.0
        ]
      ]
    },
    {
      "file_path": "/media/NFS/ttao/scannet/posed_images/scene0010_01/00154.jpg",
      "transform_matrix": [
        [
          0.762373,
          -0.346009,
          0.546868,
          1.584075
        ],
        [
          -0.646119,
          -0.359588,
          0.673221,
          2.924383
        ],
        [
          -0.036293,
          -0.866588,
          -0.497703,
          1.294364
        ],
        [
          0.0,
          0.0,
          0.0,
          1.0
        ]
      ]
    },
    {
      "file_path": "/media/NFS/ttao/scannet/posed_images/scene0010_01/00160.jpg",
      "transform_matrix": [
        [
          0.757759,
          -0.309375,
          0.574534,
          1.6563
        ],
        [
          -0.651781,
          -0.316524,
          0.689198,
          2.933355
        ],
        [
          -0.031367,
          -0.896716,
          -0.441494,
          1.313748
        ],
        [
          0.0,
          0.0,
          0.0,
          1.0
        ]
      ]
    },
    {
      "file_path": "/media/NFS/ttao/scannet/posed_images/scene0010_01/00167.jpg",
      "transform_matrix": [
        [
          0.716614,
          -0.290402,
          0.634138,
          1.707215
        ],
        [
          -0.697052,
          -0.266731,
          0.665562,
          2.955038
        ],
        [
          -0.024136,
          -0.918978,
          -0.393569,
          1.341188
        ],
        [
          0.0,
          0.0,
          0.0,
          1.0
        ]
      ]
    },
    {
      "file_path": "/media/NFS/ttao/scannet/posed_images/scene0010_01/00171.jpg",
      "transform_matrix": [
        [
          0.688249,
          -0.290565,
          0.664744,
          1.74308
        ],
        [
          -0.72508,
          -0.245306,
          0.643494,
          2.972243
        ],
        [
          -0.023911,
          -0.924877,
          -0.379515,
          1.353616
        ],
        [
          0.0,
          0.0,
          0.0,
          1.0
        ]
      ]
    },
    {
      "file_path": "/media/NFS/ttao/scannet/posed_images/scene0010_01/00175.jpg",
      "transform_matrix": [
        [
          0.6595,
          -0.293993,
          0.691829,
          1.759678
        ],
        [
          -0.751592,
          -0.242003,
          0.613632,
          3.008336
        ],
        [
          -0.012979,
          -0.924664,
          -0.380564,
          1.350196
        ],
        [
          0.0,
          0.0,
          0.0,
          1.0
        ]
      ]
    },
    {
      "file_path": "/media/NFS/ttao/scannet/posed_images/scene0010_01/00176.jpg",
      "transform_matrix": [
        [
          0.653205,
          -0.295182,
          0.697274,
          1.762882
        ],
        [
          -0.757105,
          -0.241574,
          0.606987,
          3.019226
        ],
        [
          -0.010729,
          -0.924397,
          -0.381281,
          1.348539
        ],
        [
          0.0,
          0.0,
          0.0,
          1.0
        ]
      ]
    },
    {
      "file_path": "/media/NFS/ttao/scannet/posed_images/scene0010_01/00184.jpg",
      "transform_matrix": [
        [
          0.608828,
          -0.296012,
          0.736006,
          1.806296
        ],
        [
          -0.793271,
          -0.21894,
          0.568143,
          3.120783
        ],
        [
          -0.007036,
          -0.929754,
          -0.368115,
          1.35502
        ],
        [
          0.0,
          0.0,
          0.0,
          1.0
        ]
      ]
    },
    {
      "file_path": "/media/NFS/ttao/scannet/posed_images/scene0010_01/00188.jpg",
      "transform_matrix": [
        [
          0.587633,
          -0.320468,
          0.742959,
          1.825467
        ],
        [
          -0.808359,
          -0.192506,
          0.556325,
          3.173631
        ],
        [
          -0.03526,
          -0.927492,
          -0.372176,
          1.358543
        ],
        [
          0.0,
          0.0,
          0.0,
          1.0
        ]
      ]
    },
    {
      "file_path": "/media/NFS/ttao/scannet/posed_images/scene0010_01/00194.jpg",
      "transform_matrix": [
        [
          0.542534,
          -0.353407,
          0.762076,
          1.863023
        ],
        [
          -0.83951,
          -0.196071,
          0.506734,
          3.245837
        ],
        [
          -0.029662,
          -0.914691,
          -0.403064,
          1.34986
        ],
        [
          0.0,
          0.0,
          0.0,
          1.0
        ]
      ]
    },
    {
      "file_path": "/media/NFS/ttao/scannet/posed_images/scene0010_01/00197.jpg",
      "transform_matrix": [
        [
          0.522283,
          -0.359725,
          0.773188,
          1.883919
        ],
        [
          -0.852502,
          -0.19742,
          0.48401,
          3.281378
        ],
        [
          -0.021467,
          -0.911934,
          -0.409775,
          1.341383
        ],
        [
          0.0,
          0.0,
          0.0,
          1.0
        ]
      ]
    },
    {
      "file_path": "/media/NFS/ttao/scannet/posed_images/scene0010_01/00202.jpg",
      "transform_matrix": [
        [
          0.524532,
          -0.384093,
          0.759828,
          1.948911
        ],
        [
          -0.850552,
          -0.196783,
          0.487687,
          3.329515
        ],
        [
          -0.037796,
          -0.902081,
          -0.429909,
          1.333351
        ],
        [
          0.0,
          0.0,
          0.0,
          1.0
        ]
      ]
    },
    {
      "file_path": "/media/NFS/ttao/scannet/posed_images/scene0010_01/00203.jpg",
      "transform_matrix": [
        [
          0.527342,
          -0.385329,
          0.757253,
          1.961759
        ],
        [
          -0.848679,
          -0.196204,
          0.491171,
          3.338672
        ],
        [
          -0.040686,
          -0.90168,
          -0.430487,
          1.3316
        ],
        [
          0.0,
          0.0,
          0.0,
          1.0
        ]
      ]
    },
    {
      "file_path": "/media/NFS/ttao/scannet/posed_images/scene0010_01/00210.jpg",
      "transform_matrix": [
        [
          0.521868,
          -0.382052,
          0.762686,
          2.048791
        ],
        [
          -0.851214,
          -0.174986,
          0.494787,
          3.398814
        ],
        [
          -0.055575,
          -0.907423,
          -0.416527,
          1.347218
        ],
        [
          0.0,
          0.0,
          0.0,
          1.0
        ]
      ]
    },
    {
      "file_path": "/media/NFS/ttao/scannet/posed_images/scene0010_01/00216.jpg",
      "transform_matrix": [
        [
          0.475973,
          -0.370746,
          0.797494,
          2.10236
        ],
        [
          -0.879104,
          -0.174781,
          0.443427,
          3.465672
        ],
        [
          -0.025012,
          -0.91214,
          -0.409116,
          1.356441
        ],
        [
          0.0,
          0.0,
          0.0,
          1.0
        ]
      ]
    },
    {
      "file_path": "/media/NFS/ttao/scannet/posed_images/scene0010_01/00221.jpg",
      "transform_matrix": [
        [
          0.419846,
          -0.360133,
          0.833087,
          2.14259
        ],
        [
          -0.907553,
          -0.157683,
          0.38921,
          3.524126
        ],
        [
          -0.008803,
          -0.919479,
          -0.393042,
          1.346948
        ],
        [
          0.0,
          0.0,
          0.0,
          1.0
        ]
      ]
    },
    {
      "file_path": "/media/NFS/ttao/scannet/posed_images/scene0010_01/00222.jpg",
      "transform_matrix": [
        [
          0.403707,
          -0.36761,
          0.837785,
          2.149825
        ],
        [
          -0.914794,
          -0.149049,
          0.375415,
          3.539976
        ],
        [
          -0.013136,
          -0.917958,
          -0.39646,
          1.347134
        ],
        [
          0.0,
          0.0,
          0.0,
          1.0
        ]
      ]
    },
    {
      "file_path": "/media/NFS/ttao/scannet/posed_images/scene0010_01/00227.jpg",
      "transform_matrix": [
        [
          0.329817,
          -0.379865,
          0.864247,
          2.180514
        ],
        [
          -0.944038,
          -0.129175,
          0.30349,
          3.619439
        ],
        [
          -0.003646,
          -0.915979,
          -0.401211,
          1.351863
        ],
        [
          0.0,
          0.0,
          0.0,
          1.0
        ]
      ]
    },
    {
      "file_path": "/media/NFS/ttao/scannet/posed_images/scene0010_01/00231.jpg",
      "transform_matrix": [
        [
          0.281321,
          -0.39093,
          0.876375,
          2.209635
        ],
        [
          -0.959612,
          -0.112849,
          0.257702,
          3.660814
        ],
        [
          -0.001845,
          -0.913477,
          -0.406888,
          1.35627
        ],
        [
          0.0,
          0.0,
          0.0,
          1.0
        ]
      ]
    },
    {
      "file_path": "/media/NFS/ttao/scannet/posed_images/scene0010_01/00239.jpg",
      "transform_matrix": [
        [
          0.207151,
          -0.390184,
          0.897132,
          2.270768
        ],
        [
          -0.978309,
          -0.082696,
          0.189928,
          3.707124
        ],
        [
          8.3e-05,
          -0.917016,
          -0.398851,
          1.36714
        ],
        [
          0.0,
          0.0,
          0.0,
          1.0
        ]
      ]
    },
    {
      "file_path": "/media/NFS/ttao/scannet/posed_images/scene0010_01/00243.jpg",
      "transform_matrix": [
        [
          0.185206,
          -0.368909,
          0.910827,
          2.307531
        ],
        [
          -0.982663,
          -0.061465,
          0.174919,
          3.698308
        ],
        [
          -0.008545,
          -0.927431,
          -0.373897,
          1.360959
        ],
        [
          0.0,
          0.0,
          0.0,
          1.0
        ]
      ]
    },
    {
      "file_path": "/media/NFS/ttao/scannet/posed_images/scene0010_01/00247.jpg",
      "transform_matrix": [
        [
          0.129675,
          -0.365444,
          0.921757,
          2.352349
        ],
        [
          -0.991351,
          -0.028839,
          0.128032,
          3.700299
        ],
        [
          -0.020206,
          -0.930387,
          -0.366023,
          1.364576
        ],
        [
          0.0,
          0.0,
          0.0,
          1.0
        ]
      ]
    },
    {
      "file_path": "/media/NFS/ttao/scannet/posed_images/scene0010_01/00251.jpg",
      "transform_matrix": [
        [
          0.086602,
          -0.350562,
          0.932527,
          2.387468
        ],
        [
          -0.995906,
          -0.006112,
          0.09019,
          3.65774
        ],
        [
          -0.025917,
          -0.93652,
          -0.349656,
          1.346883
        ],
        [
          0.0,
          0.0,
          0.0,
          1.0
        ]
      ]
    },
    {
      "file_path": "/media/NFS/ttao/scannet/posed_images/scene0010_01/00257.jpg",
      "transform_matrix": [
        [
          -0.074528,
          -0.352009,
          0.933025,
          2.435201
        ],
        [
          -0.997123,
          0.039282,
          -0.064827,
          3.698569
        ],
        [
          -0.013831,
          -0.935172,
          -0.353924,
          1.330714
        ],
        [
          0.0,
          0.0,
          0.0,
          1.0
        ]
      ]
    },
    {
      "file_path": "/media/NFS/ttao/scannet/posed_images/scene0010_01/00258.jpg",
      "transform_matrix": [
        [
          -0.099399,
          -0.350882,
          0.931129,
          2.440379
        ],
        [
          -0.995021,
          0.041909,
          -0.090427,
          3.708983
        ],
        [
          -0.007293,
          -0.935482,
          -0.3533,
          1.328149
        ],
        [
          0.0,
          0.0,
          0.0,
          1.0
        ]
      ]
    },
    {
      "file_path": "/media/NFS/ttao/scannet/posed_images/scene0010_01/00266.jpg",
      "transform_matrix": [
        [
          -0.271006,
          -0.34005,
          0.900512,
          2.499482
        ],
        [
          -0.962537,
          0.087129,
          -0.256771,
          3.676104
        ],
        [
          0.008854,
          -0.936362,
          -0.350923,
          1.325008
        ],
        [
          0.0,
          0.0,
          0.0,
          1.0
        ]
      ]
    },
    {
      "file_path": "/media/NFS/ttao/scannet/posed_images/scene0010_01/00270.jpg",
      "transform_matrix": [
        [
          -0.319941,
          -0.339794,
          0.884408,
          2.501577
        ],
        [
          -0.947082,
          0.089125,
          -0.308371,
          3.655809
        ],
        [
          0.02596,
          -0.936268,
          -0.350327,
          1.314077
        ],
        [
          0.0,
          0.0,
          0.0,
          1.0
        ]
      ]
    },
    {
      "file_path": "/media/NFS/ttao/scannet/posed_images/scene0010_01/00276.jpg",
      "transform_matrix": [
        [
          -0.410976,
          -0.317107,
          0.854717,
          2.523291
        ],
        [
          -0.911416,
          0.121857,
          -0.393028,
          3.667885
        ],
        [
          0.020479,
          -0.940529,
          -0.339097,
          1.320104
        ],
        [
          0.0,
          0.0,
          0.0,
          1.0
        ]
      ]
    },
    {
      "file_path": "/media/NFS/ttao/scannet/posed_images/scene0010_01/00277.jpg",
      "transform_matrix": [
        [
          -0.42362,
          -0.313802,
          0.84975,
          2.524777
        ],
        [
          -0.905638,
          0.126887,
          -0.404624,
          3.668604
        ],
        [
          0.01915,
          -0.940972,
          -0.337942,
          1.31995
        ],
        [
          0.0,
          0.0,
          0.0,
          1.0
        ]
      ]
    },
    {
      "file_path": "/media/NFS/ttao/scannet/posed_images/scene0010_01/00281.jpg",
      "transform_matrix": [
        [
          -0.460931,
          -0.296867,
          0.836309,
          2.523119
        ],
        [
          -0.887287,
          0.136915,
          -0.440427,
          3.65638
        ],
        [
          0.016245,
          -0.945053,
          -0.326515,
          1.313781
        ],
        [
          0.0,
          0.0,
          0.0,
          1.0
        ]
      ]
    },
    {
      "file_path": "/media/NFS/ttao/scannet/posed_images/scene0010_01/00287.jpg",
      "transform_matrix": [
        [
          -0.526828,
          -0.286941,
          0.800073,
          2.535311
        ],
        [
          -0.849669,
          0.152675,
          -0.50473,
          3.658555
        ],
        [
          0.022676,
          -0.945704,
          -0.324238,
          1.313286
        ],
        [
          0.0,
          0.0,
          0.0,
          1.0
        ]
      ]
    },
    {
      "file_path": "/media/NFS/ttao/scannet/posed_images/scene0010_01/00293.jpg",
      "transform_matrix": [
        [
          -0.574538,
          -0.289843,
          0.765439,
          2.548578
        ],
        [
          -0.818066,
          0.173696,
          -0.548268,
          3.639775
        ],
        [
          0.025958,
          -0.941181,
          -0.336906,
          1.308719
        ],
        [
          0.0,
          0.0,
          0.0,
          1.0
        ]
      ]
    },
    {
      "file_path": "/media/NFS/ttao/scannet/posed_images/scene0010_01/00298.jpg",
      "transform_matrix": [
        [
          -0.606923,
          -0.268519,
          0.748025,
          2.558361
        ],
        [
          -0.794624,
          0.187604,
          -0.577387,
          3.60347
        ],
        [
          0.014707,
          -0.944829,
          -0.327233,
          1.310456
        ],
        [
          0.0,
          0.0,
          0.0,
          1.0
        ]
      ]
    },
    {
      "file_path": "/media/NFS/ttao/scannet/posed_images/scene0010_01/00299.jpg",
      "transform_matrix": [
        [
          -0.611018,
          -0.267088,
          0.745198,
          2.556664
        ],
        [
          -0.791501,
          0.19007,
          -0.580861,
          3.594059
        ],
        [
          0.013501,
          -0.944742,
          -0.327537,
          1.307925
        ],
        [
          0.0,
          0.0,
          0.0,
          1.0
        ]
      ]
    },
    {
      "file_path": "/media/NFS/ttao/scannet/posed_images/scene0010_01/00307.jpg",
      "transform_matrix": [
        [
          -0.664784,
          -0.243853,
          0.706115,
          2.564009
        ],
        [
          -0.746911,
          0.199701,
          -0.634226,
          3.501439
        ],
        [
          0.013646,
          -0.949029,
          -0.314895,
          1.317482
        ],
        [
          0.0,
          0.0,
          0.0,
          1.0
        ]
      ]
    },
    {
      "file_path": "/media/NFS/ttao/scannet/posed_images/scene0010_01/00308.jpg",
      "transform_matrix": [
        [
          -0.672384,
          -0.243269,
          0.699085,
          2.566193
        ],
        [
          -0.740028,
          0.200416,
          -0.642022,
          3.497523
        ],
        [
          0.016077,
          -0.949028,
          -0.314782,
          1.313903
        ],
        [
          0.0,
          0.0,
          0.0,
          1.0
        ]
      ]
    },
    {
      "file_path": "/media/NFS/ttao/scannet/posed_images/scene0010_01/00314.jpg",
      "transform_matrix": [
        [
          -0.701166,
          -0.228745,
          0.675309,
          2.560852
        ],
        [
          -0.71299,
          0.22037,
          -0.665645,
          3.443753
        ],
        [
          0.003445,
          -0.948216,
          -0.317608,
          1.320583
        ],
        [
          0.0,
          0.0,
          0.0,
          1.0
        ]
      ]
    },
    {
      "file_path": "/media/NFS/ttao/scannet/posed_images/scene0010_01/00321.jpg",
      "transform_matrix": [
        [
          -0.729694,
          -0.238543,
          0.640815,
          2.571606
        ],
        [
          -0.683749,
          0.246594,
          -0.686789,
          3.405763
        ],
        [
          0.005808,
          -0.939302,
          -0.343042,
          1.319851
        ],
        [
          0.0,
          0.0,
          0.0,
          1.0
        ]
      ]
    },
    {
      "file_path": "/media/NFS/ttao/scannet/posed_images/scene0010_01/00324.jpg",
      "transform_matrix": [
        [
          -0.734902,
          -0.227467,
          0.638888,
          2.571326
        ],
        [
          -0.678126,
          0.257597,
          -0.688324,
          3.393117
        ],
        [
          -0.008005,
          -0.939097,
          -0.343559,
          1.321397
        ],
        [
          0.0,
          0.0,
          0.0,
          1.0
        ]
      ]
    },
    {
      "file_path": "/media/NFS/ttao/scannet/posed_images/scene0010_01/00326.jpg",
      "transform_matrix": [
        [
          -0.736471,
          -0.226759,
          0.637331,
          2.573408
        ],
        [
          -0.676383,
          0.261866,
          -0.688428,
          3.383513
        ],
        [
          -0.010788,
          -0.938087,
          -0.346233,
          1.32364
        ],
        [
          0.0,
          0.0,
          0.0,
          1.0
        ]
      ]
    },
    {
      "file_path": "/media/NFS/ttao/scannet/posed_images/scene0010_01/00332.jpg",
      "transform_matrix": [
        [
          -0.750218,
          -0.218973,
          0.623879,
          2.582084
        ],
        [
          -0.660947,
          0.274015,
          -0.698617,
          3.356302
        ],
        [
          -0.017974,
          -0.936465,
          -0.3503,
          1.324768
        ],
        [
          0.0,
          0.0,
          0.0,
          1.0
        ]
      ]
    },
    {
      "file_path": "/media/NFS/ttao/scannet/posed_images/scene0010_01/00336.jpg",
      "transform_matrix": [
        [
          -0.77312,
          -0.208689,
          0.598945,
          2.596001
        ],
        [
          -0.63395,
          0.283774,
          -0.71943,
          3.33257
        ],
        [
          -0.019828,
          -0.935907,
          -0.351689,
          1.328834
        ],
        [
          0.0,
          0.0,
          0.0,
          1.0
        ]
      ]
    },
    {
      "file_path": "/media/NFS/ttao/scannet/posed_images/scene0010_01/00344.jpg",
      "transform_matrix": [
        [
          -0.815937,
          -0.171709,
          0.552054,
          2.659758
        ],
        [
          -0.578028,
          0.261184,
          -0.773089,
          3.280674
        ],
        [
          -0.011442,
          -0.949894,
          -0.312362,
          1.333108
        ],
        [
          0.0,
          0.0,
          0.0,
          1.0
        ]
      ]
    },
    {
      "file_path": "/media/NFS/ttao/scannet/posed_images/scene0010_01/00345.jpg",
      "transform_matrix": [
        [
          -0.823266,
          -0.171346,
          0.541178,
          2.674258
        ],
        [
          -0.567557,
          0.266195,
          -0.779114,
          3.270606
        ],
        [
          -0.010561,
          -0.948568,
          -0.316398,
          1.33094
        ],
        [
          0.0,
          0.0,
          0.0,
          1.0
        ]
      ]
    },
    {
      "file_path": "/media/NFS/ttao/scannet/posed_images/scene0010_01/00349.jpg",
      "transform_matrix": [
        [
          -0.847628,
          -0.185434,
          0.497133,
          2.74346
        ],
        [
          -0.530557,
          0.306913,
          -0.790135,
          3.228747
        ],
        [
          -0.006059,
