{
  "frames": [
    {
      "file_path": "/media/NFS/ttao/scannet/posed_images/scene0441_00/00000.jpg",
      "transform_matrix": [
        [
          -0.81395,
          -0.409548,
          0.412015,
          0.193008
        ],
        [
          -0.578415,
          0.505338,
          -0.640367,
          1.880615
        ],
        [
          0.054054,
          -0.759542,
          -0.648208,
          1.509642
        ],
        [
          0.0,
          0.0,
          0.0,
          1.0
        ]
      ]
    },
    {
      "file_path": "/media/NFS/ttao/scannet/posed_images/scene0441_00/00002.jpg",
      "transform_matrix": [
        [
          -0.815012,
          -0.412391,
          0.407049,
          0.187594
        ],
        [
          -0.57661,
          0.507807,
          -0.640042,
          1.874467
        ],
        [
          0.057245,
          -0.75635,
          -0.651657,
          1.519317
        ],
        [
          0.0,
          0.0,
          0.0,
          1.0
        ]
      ]
    },
    {
      "file_path": "/media/NFS/ttao/scannet/posed_images/scene0441_00/00005.jpg",
      "transform_matrix": [
        [
          -0.819906,
          -0.408259,
          0.401347,
          0.180959
        ],
        [
          -0.568783,
          0.501158,
          -0.65217,
          1.882585
        ],
        [
          0.065117,
          -0.762997,
          -0.643114,
          1.519819
        ],
        [
          0.0,
          0.0,
          0.0,
          1.0
        ]
      ]
    },
    {
      "file_path": "/media/NFS/ttao/scannet/posed_images/scene0441_00/00008.jpg",
      "transform_matrix": [
        [
          -0.822658,
          -0.411098,
          0.392725,
          0.178576
        ],
        [
          -0.563598,
          0.498821,
          -0.658435,
          1.885897
        ],
        [
          0.074782,
          -0.763005,
          -0.642052,
          1.517097
        ],
        [
          0.0,
          0.0,
          0.0,
          1.0
        ]
      ]
    },
    {
      "file_path": "/media/NFS/ttao/scannet/posed_images/scene0441_00/00011.jpg",
      "transform_matrix": [
        [
          -0.827439,
          -0.402038,
          0.39206,
          0.174642
        ],
        [
          -0.557356,
          0.502731,
          -0.66077,
          1.901541
        ],
        [
          0.068554,
          -0.765263,
          -0.640057,
          1.497408
        ],
        [
          0.0,
          0.0,
          0.0,
          1.0
        ]
      ]
    },
    {
      "file_path": "/media/NFS/ttao/scannet/posed_images/scene0441_00/00012.jpg",
      "transform_matrix": [
        [
          -0.827649,
          -0.403236,
          0.390382,
          0.174046
        ],
        [
          -0.556964,
          0.504343,
          -0.659871,
          1.905064
        ],
        [
          0.069197,
          -0.76357,
          -0.642007,
          1.494141
        ],
        [
          0.0,
          0.0,
          0.0,
          1.0
        ]
      ]
    },
    {
      "file_path": "/media/NFS/ttao/scannet/posed_images/scene0441_00/00016.jpg",
      "transform_matrix": [
        [
          -0.822677,
          -0.409332,
          0.394524,
          0.181199
        ],
        [
          -0.564892,
          0.510411,
          -0.648366,
          1.907455
        ],
        [
          0.064027,
          -0.756259,
          -0.651132,
          1.496012
        ],
        [
          0.0,
          0.0,
          0.0,
          1.0
        ]
      ]
    },
    {
      "file_path": "/media/NFS/ttao/scannet/posed_images/scene0441_00/00017.jpg",
      "transform_matrix": [
        [
          -0.820034,
          -0.409929,
          0.399379,
          0.184187
        ],
        [
          -0.568925,
          0.508029,
          -0.646709,
          1.905811
        ],
        [
          0.062208,
          -0.757539,
          -0.649819,
          1.499468
        ],
        [
          0.0,
          0.0,
          0.0,
          1.0
        ]
      ]
    },
    {
      "file_path": "/media/NFS/ttao/scannet/posed_images/scene0441_00/00020.jpg",
      "transform_matrix": [
        [
          -0.813066,
          -0.405403,
          0.417819,
          0.188193
        ],
        [
          -0.579352,
          0.4929,
          -0.649154,
          1.910648
        ],
        [
          0.057226,
          -0.769869,
          -0.635631,
          1.507606
        ],
        [
          0.0,
          0.0,
          0.0,
          1.0
        ]
      ]
    },
    {
      "file_path": "/media/NFS/ttao/scannet/posed_images/scene0441_00/00023.jpg",
      "transform_matrix": [
        [
          -0.801243,
          -0.401241,
          0.443865,
          0.192982
        ],
        [
          -0.596197,
          0.472651,
          -0.648961,
          1.907236
        ],
        [
          0.050597,
          -0.784606,
          -0.617927,
          1.526621
        ],
        [
          0.0,
          0.0,
          0.0,
          1.0
        ]
      ]
    },
    {
      "file_path": "/media/NFS/ttao/scannet/posed_images/scene0441_00/00027.jpg",
      "transform_matrix": [
        [
          -0.789574,
          -0.387277,
          0.476015,
          0.200804
        ],
        [
          -0.611628,
          0.433639,
          -0.661717,
          1.914341
        ],
        [
          0.049849,
          -0.813618,
          -0.579259,
          1.539755
        ],
        [
          0.0,
          0.0,
          0.0,
          1.0
        ]
      ]
    },
    {
      "file_path": "/media/NFS/ttao/scannet/posed_images/scene0441_00/00029.jpg",
      "transform_matrix": [
        [
          -0.782743,
          -0.378757,
          0.493819,
          0.203314
        ],
        [
          -0.620616,
          0.415935,
          -0.664706,
          1.915694
        ],
        [
          0.046366,
          -0.826766,
          -0.560633,
          1.549868
        ],
        [
          0.0,
          0.0,
          0.0,
          1.0
        ]
      ]
    },
    {
      "file_path": "/media/NFS/ttao/scannet/posed_images/scene0441_00/00030.jpg",
      "transform_matrix": [
        [
          -0.783227,
          -0.369035,
          0.500368,
          0.204399
        ],
        [
          -0.62007,
          0.404777,
          -0.672063,
          1.92867
        ],
        [
          0.045478,
          -0.836641,
          -0.54586,
          1.542485
        ],
        [
          0.0,
          0.0,
          0.0,
          1.0
        ]
      ]
    },
    {
      "file_path": "/media/NFS/ttao/scannet/posed_images/scene0441_00/00033.jpg",
      "transform_matrix": [
        [
          -0.77169,
          -0.364543,
          0.521155,
          0.20734
        ],
        [
          -0.63433,
          0.381837,
          -0.67218,
          1.925848
        ],
        [
          0.046042,
          -0.849299,
          -0.525901,
          1.563614
        ],
        [
          0.0,
          0.0,
          0.0,
          1.0
        ]
      ]
    },
    {
      "file_path": "/media/NFS/ttao/scannet/posed_images/scene0441_00/00035.jpg",
      "transform_matrix": [
        [
          -0.764465,
          -0.358615,
          0.535712,
          0.207062
        ],
        [
          -0.64306,
          0.365597,
          -0.672914,
          1.931049
        ],
        [
          0.045462,
          -0.858914,
          -0.510098,
          1.568681
        ],
        [
          0.0,
          0.0,
          0.0,
          1.0
        ]
      ]
    },
    {
      "file_path": "/media/NFS/ttao/scannet/posed_images/scene0441_00/00039.jpg",
      "transform_matrix": [
        [
          -0.755799,
          -0.348399,
          0.554424,
          0.209367
        ],
        [
          -0.653111,
          0.340263,
          -0.676511,
          1.934376
        ],
        [
          0.047045,
          -0.873407,
          -0.484714,
          1.582583
        ],
        [
          0.0,
          0.0,
          0.0,
          1.0
        ]
      ]
    },
    {
      "file_path": "/media/NFS/ttao/scannet/posed_images/scene0441_00/00041.jpg",
      "transform_matrix": [
        [
          -0.7541,
          -0.343566,
          0.559729,
          0.214561
        ],
        [
          -0.655016,
          0.331376,
          -0.679076,
          1.934384
        ],
        [
          0.047827,
          -0.878722,
          -0.474932,
          1.590847
        ],
        [
          0.0,
          0.0,
          0.0,
          1.0
        ]
      ]
    },
    {
      "file_path": "/media/NFS/ttao/scannet/posed_images/scene0441_00/00043.jpg",
      "transform_matrix": [
        [
          -0.749871,
          -0.340344,
          0.567327,
          0.211567
        ],
        [
          -0.659634,
          0.318818,
          -0.680617,
          1.936333
        ],
        [
          0.050769,
          -0.884602,
          -0.463574,
          1.594753
        ],
        [
          0.0,
          0.0,
          0.0,
          1.0
        ]
      ]
    },
    {
      "file_path": "/media/NFS/ttao/scannet/posed_images/scene0441_00/00047.jpg",
      "transform_matrix": [
        [
          -0.743068,
          -0.324162,
          0.585465,
          0.211864
        ],
        [
          -0.667518,
          0.296743,
          -0.682908,
          1.938583
        ],
        [
          0.04764,
          -0.898255,
          -0.436884,
          1.605432
        ],
        [
          0.0,
          0.0,
          0.0,
          1.0
        ]
      ]
    },
    {
      "file_path": "/media/NFS/ttao/scannet/posed_images/scene0441_00/00050.jpg",
      "transform_matrix": [
        [
          -0.730878,
          -0.302154,
          0.611981,
          0.197148
        ],
        [
          -0.68164,
          0.277932,
          -0.676846,
          1.943112
        ],
        [
          0.034422,
          -0.911843,
          -0.409095,
          1.599722
        ],
        [
          0.0,
          0.0,
          0.0,
          1.0
        ]
      ]
    },
    {
      "file_path": "/media/NFS/ttao/scannet/posed_images/scene0441_00/00052.jpg",
      "transform_matrix": [
        [
          -0.724447,
          -0.297144,
          0.621999,
          0.20504
        ],
        [
          -0.688567,
          0.269456,
          -0.673253,
          1.947487
        ],
        [
          0.032452,
          -0.916023,
          -0.399811,
          1.609332
        ],
        [
          0.0,
          0.0,
          0.0,
          1.0
        ]
      ]
    },
    {
      "file_path": "/media/NFS/ttao/scannet/posed_images/scene0441_00/00053.jpg",
      "transform_matrix": [
        [
          -0.720526,
          -0.297172,
          0.626523,
          0.209467
        ],
        [
          -0.692594,
          0.264124,
          -0.671232,
          1.949759
        ],
        [
          0.033992,
          -0.917566,
          -0.396128,
          1.615165
        ],
        [
          0.0,
          0.0,
          0.0,
          1.0
        ]
      ]
    },
    {
      "file_path": "/media/NFS/ttao/scannet/posed_images/scene0441_00/00057.jpg",
      "transform_matrix": [
        [
          -0.700832,
          -0.288072,
          0.652571,
          0.211404
        ],
        [
          -0.712627,
          0.242236,
          -0.658396,
          1.955077
        ],
        [
          0.031589,
          -0.926465,
          -0.375054,
          1.628108
        ],
        [
          0.0,
          0.0,
          0.0,
          1.0
        ]
      ]
    },
    {
      "file_path": "/media/NFS/ttao/scannet/posed_images/scene0441_00/00059.jpg",
      "transform_matrix": [
        [
          -0.69117,
          -0.28438,
          0.664389,
          0.214668
        ],
        [
          -0.722122,
          0.23523,
          -0.650544,
          1.958565
        ],
        [
          0.028718,
          -0.929406,
          -0.367941,
          1.636869
        ],
        [
          0.0,
          0.0,
          0.0,
          1.0
        ]
      ]
    },
    {
      "file_path": "/media/NFS/ttao/scannet/posed_images/scene0441_00/00062.jpg",
      "transform_matrix": [
        [
          -0.6759,
          -0.26303,
          0.688458,
          0.20414
        ],
        [
          -0.736749,
          0.217101,
          -0.640366,
          1.973856
        ],
        [
          0.018971,
          -0.940044,
          -0.340526,
          1.621877
        ],
        [
          0.0,
          0.0,
          0.0,
          1.0
        ]
      ]
    },
    {
      "file_path": "/media/NFS/ttao/scannet/posed_images/scene0441_00/00065.jpg",
      "transform_matrix": [
        [
          -0.660383,
          -0.25855,
          0.705015,
          0.206314
        ],
        [
          -0.750573,
          0.198371,
          -0.630309,
          1.97964
        ],
        [
          0.023111,
          -0.94541,
          -0.325062,
          1.628899
        ],
        [
          0.0,
          0.0,
          0.0,
          1.0
        ]
      ]
    },
    {
      "file_path": "/media/NFS/ttao/scannet/posed_images/scene0441_00/00066.jpg",
      "transform_matrix": [
        [
          -0.655622,
          -0.255966,
          0.710381,
          0.208561
        ],
        [
          -0.754741,
          0.193547,
          -0.626822,
          1.982323
        ],
        [
          0.022953,
          -0.947112,
          -0.320081,
          1.632941
        ],
        [
          0.0,
          0.0,
          0.0,
          1.0
        ]
      ]
    },
    {
      "file_path": "/media/NFS/ttao/scannet/posed_images/scene0441_00/00070.jpg",
      "transform_matrix": [
        [
          -0.634467,
          -0.240489,
          0.734586,
          0.205549
        ],
        [
          -0.772721,
          0.174227,
          -0.610366,
          1.989737
        ],
        [
          0.018801,
          -0.954888,
          -0.296372,
          1.633207
        ],
        [
          0.0,
          0.0,
          0.0,
          1.0
        ]
      ]
    },
    {
      "file_path": "/media/NFS/ttao/scannet/posed_images/scene0441_00/00071.jpg",
      "transform_matrix": [
        [
          -0.634168,
          -0.236468,
          0.736148,
          0.209269
        ],
        [
          -0.772931,
          0.169005,
          -0.611568,
          1.996894
        ],
        [
          0.020203,
          -0.956828,
          -0.289951,
          1.629355
        ],
        [
          0.0,
          0.0,
          0.0,
          1.0
        ]
      ]
    },
    {
      "file_path": "/media/NFS/ttao/scannet/posed_images/scene0441_00/00073.jpg",
      "transform_matrix": [
        [
          -0.626219,
          -0.233045,
          0.744002,
          0.212067
        ],
        [
          -0.779362,
          0.161318,
          -0.605451,
          1.997764
        ],
        [
          0.021076,
          -0.958993,
          -0.282647,
          1.637901
        ],
        [
          0.0,
          0.0,
          0.0,
          1.0
        ]
      ]
    },
    {
      "file_path": "/media/NFS/ttao/scannet/posed_images/scene0441_00/00076.jpg",
      "transform_matrix": [
        [
          -0.614987,
          -0.226005,
          0.755455,
          0.215914
        ],
        [
          -0.788226,
          0.149256,
          -0.597012,
          2.004318
        ],
        [
          0.022172,
          -0.962624,
          -0.269933,
          1.645065
        ],
        [
          0.0,
          0.0,
          0.0,
          1.0
        ]
      ]
    },
    {
      "file_path": "/media/NFS/ttao/scannet/posed_images/scene0441_00/00080.jpg",
      "transform_matrix": [
        [
          -0.599441,
          -0.197246,
          0.775735,
          0.213315
        ],
        [
          -0.800308,
          0.131499,
          -0.584992,
          2.000063
        ],
        [
          0.013379,
          -0.971495,
          -0.236684,
          1.651275
        ],
        [
          0.0,
          0.0,
          0.0,
          1.0
        ]
      ]
    },
    {
      "file_path": "/media/NFS/ttao/scannet/posed_images/scene0441_00/00082.jpg",
      "transform_matrix": [
        [
          -0.593634,
          -0.179478,
          0.784466,
          0.219613
        ],
        [
          -0.804696,
          0.122723,
          -0.580865,
          2.012304
        ],
        [
          0.00798,
          -0.976077,
          -0.217278,
          1.646176
        ],
        [
          0.0,
          0.0,
          0.0,
          1.0
        ]
      ]
    },
    {
      "file_path": "/media/NFS/ttao/scannet/posed_images/scene0441_00/00085.jpg",
      "transform_matrix": [
        [
          -0.577252,
          -0.163235,
          0.800084,
          0.221407
        ],
        [
          -0.816553,
          0.109751,
          -0.566742,
          2.019423
        ],
        [
          0.004703,
          -0.980464,
          -0.196644,
          1.649951
        ],
        [
          0.0,
          0.0,
          0.0,
          1.0
        ]
      ]
    },
    {
      "file_path": "/media/NFS/ttao/scannet/posed_images/scene0441_00/00086.jpg",
      "transform_matrix": [
        [
          -0.574414,
          -0.162502,
          0.802273,
          0.223958
        ],
        [
          -0.818545,
          0.107202,
          -0.56435,
          2.022484
        ],
        [
          0.005703,
          -0.980868,
          -0.194593,
          1.657388
        ],
        [
          0.0,
          0.0,
          0.0,
          1.0
        ]
      ]
    },
    {
      "file_path": "/media/NFS/ttao/scannet/posed_images/scene0441_00/00089.jpg",
      "transform_matrix": [
        [
          -0.564775,
          -0.157803,
          0.810017,
          0.228227
        ],
        [
          -0.82524,
          0.10474,
          -0.554985,
          2.02847
        ],
        [
          0.002737,
          -0.9819,
          -0.18938,
          1.665896
        ],
        [
          0.0,
          0.0,
          0.0,
          1.0
        ]
      ]
    },
    {
      "file_path": "/media/NFS/ttao/scannet/posed_images/scene0441_00/00091.jpg",
      "transform_matrix": [
        [
          -0.542495,
          -0.155988,
          0.825449,
          0.222299
        ],
        [
          -0.840058,
          0.098964,
          -0.533394,
          2.021894
        ],
        [
          0.001514,
          -0.982789,
          -0.184726,
          1.66416
        ],
        [
          0.0,
          0.0,
          0.0,
          1.0
        ]
      ]
    },
    {
      "file_path": "/media/NFS/ttao/scannet/posed_images/scene0441_00/00094.jpg",
      "transform_matrix": [
        [
          -0.525784,
          -0.15859,
          0.835703,
          0.224538
        ],
        [
          -0.850597,
          0.091132,
          -0.517861,
          2.031915
        ],
        [
          0.005968,
          -0.98313,
          -0.182812,
          1.663006
        ],
        [
          0.0,
          0.0,
          0.0,
          1.0
        ]
      ]
    },
    {
      "file_path": "/media/NFS/ttao/scannet/posed_images/scene0441_00/00096.jpg",
      "transform_matrix": [
        [
          -0.51566,
          -0.153324,
          0.842963,
          0.223988
        ],
        [
          -0.85676,
          0.083597,
          -0.508895,
          2.03945
        ],
        [
          0.007557,
          -0.984633,
          -0.17447,
          1.660096
        ],
        [
          0.0,
          0.0,
          0.0,
          1.0
        ]
      ]
    },
    {
      "file_path": "/media/NFS/ttao/scannet/posed_images/scene0441_00/00100.jpg",
      "transform_matrix": [
        [
          -0.480991,
          -0.159732,
          0.862052,
          0.226174
        ],
        [
          -0.876711,
          0.081837,
          -0.474006,
          2.042224
        ],
        [
          0.005166,
          -0.983762,
          -0.179402,
          1.682151
        ],
        [
          0.0,
          0.0,
          0.0,
          1.0
        ]
      ]
    },
    {
      "file_path": "/media/NFS/ttao/scannet/posed_images/scene0441_00/00102.jpg",
      "transform_matrix": [
        [
          -0.464524,
          -0.157514,
          0.87144,
          0.22673
        ],
        [
          -0.885483,
          0.069531,
          -0.459441,
          2.050474
        ],
        [
          0.011776,
          -0.985066,
          -0.171775,
          1.669949
        ],
        [
          0.0,
          0.0,
          0.0,
          1.0
        ]
      ]
    },
    {
      "file_path": "/media/NFS/ttao/scannet/posed_images/scene0441_00/00104.jpg",
      "transform_matrix": [
        [
          -0.448427,
          -0.159284,
          0.879513,
          0.228865
        ],
        [
          -0.893699,
          0.06371,
          -0.444121,
          2.05843
        ],
        [
          0.014708,
          -0.985175,
          -0.170921,
          1.668418
        ],
        [
          0.0,
          0.0,
          0.0,
          1.0
        ]
      ]
    },
    {
      "file_path": "/media/NFS/ttao/scannet/posed_images/scene0441_00/00108.jpg",
      "transform_matrix": [
        [
          -0.410816,
          -0.1654,
          0.896589,
          0.230117
        ],
        [
          -0.911641,
          0.06173,
          -0.406325,
          2.071207
        ],
        [
          0.01186,
          -0.984293,
          -0.176145,
          1.664101
        ],
        [
          0.0,
          0.0,
          0.0,
          1.0
        ]
      ]
    },
    {
      "file_path": "/media/NFS/ttao/scannet/posed_images/scene0441_00/00111.jpg",
      "transform_matrix": [
        [
          -0.376973,
          -0.174175,
          0.9097,
          0.230622
        ],
        [
          -0.926153,
          0.058686,
          -0.372554,
          2.076024
        ],
        [
          0.011503,
          -0.982964,
          -0.183436,
          1.671209
        ],
        [
          0.0,
          0.0,
          0.0,
          1.0
        ]
      ]
    },
    {
      "file_path": "/media/NFS/ttao/scannet/posed_images/scene0441_00/00113.jpg",
      "transform_matrix": [
        [
          -0.363156,
          -0.176603,
          0.914838,
          0.232782
        ],
        [
          -0.931618,
          0.053747,
          -0.359442,
          2.083896
        ],
        [
          0.014309,
          -0.982814,
          -0.184045,
          1.671129
        ],
        [
          0.0,
          0.0,
          0.0,
          1.0
        ]
      ]
    },
    {
      "file_path": "/media/NFS/ttao/scannet/posed_images/scene0441_00/00116.jpg",
      "transform_matrix": [
        [
          -0.340933,
          -0.178482,
          0.922989,
          0.235838
        ],
        [
          -0.939937,
          0.047132,
          -0.338079,
          2.091004
        ],
        [
          0.016839,
          -0.982814,
          -0.183831,
          1.67432
        ],
        [
          0.0,
          0.0,
          0.0,
          1.0
        ]
      ]
    },
    {
      "file_path": "/media/NFS/ttao/scannet/posed_images/scene0441_00/00118.jpg",
      "transform_matrix": [
        [
          -0.325558,
          -0.179579,
          0.928312,
          0.237384
        ],
        [
          -0.945396,
          0.045779,
          -0.322693,
          2.096417
        ],
        [
          0.015452,
          -0.982678,
          -0.184677,
          1.674879
        ],
        [
          0.0,
          0.0,
          0.0,
          1.0
        ]
      ]
    },
    {
      "file_path": "/media/NFS/ttao/scannet/posed_images/scene0441_00/00119.jpg",
      "transform_matrix": [
        [
          -0.319637,
          -0.180201,
          0.930247,
          0.239072
        ],
        [
          -0.947441,
          0.046574,
          -0.316522,
          2.101002
        ],
        [
          0.013712,
          -0.982527,
          -0.185616,
          1.675926
        ],
        [
          0.0,
          0.0,
          0.0,
          1.0
        ]
      ]
    },
    {
      "file_path": "/media/NFS/ttao/scannet/posed_images/scene0441_00/00122.jpg",
      "transform_matrix": [
        [
          -0.30081,
          -0.185399,
          0.93549,
          0.242013
        ],
        [
          -0.953598,
          0.045311,
          -0.297653,
          2.109597
        ],
        [
          0.012797,
          -0.981618,
          -0.190426,
          1.670801
        ],
        [
          0.0,
          0.0,
          0.0,
          1.0
        ]
      ]
    },
    {
      "file_path": "/media/NFS/ttao/scannet/posed_images/scene0441_00/00126.jpg",
      "transform_matrix": [
        [
          -0.275572,
          -0.204335,
          0.939312,
          0.246254
        ],
        [
          -0.961151,
          0.042503,
          -0.272733,
          2.116561
        ],
        [
          0.015806,
          -0.977978,
          -0.20811,
          1.670056
        ],
        [
          0.0,
          0.0,
          0.0,
          1.0
        ]
      ]
    },
    {
      "file_path": "/media/NFS/ttao/scannet/posed_images/scene0441_00/00129.jpg",
      "transform_matrix": [
        [
          -0.254706,
          -0.2182,
          0.942079,
          0.251068
        ],
        [
          -0.966842,
          0.038836,
          -0.252406,
          2.126731
        ],
        [
          0.018488,
          -0.975131,
          -0.220857,
          1.668105
        ],
        [
          0.0,
          0.0,
          0.0,
          1.0
        ]
      ]
    },
    {
      "file_path": "/media/NFS/ttao/scannet/posed_images/scene0441_00/00130.jpg",
      "transform_matrix": [
        [
          -0.24584,
          -0.221198,
          0.943734,
          0.25205
        ],
        [
          -0.969058,
          0.033882,
          -0.244496,
          2.129893
        ],
        [
          0.022107,
          -0.97464,
          -0.222683,
          1.657351
        ],
        [
          0.0,
          0.0,
          0.0,
          1.0
        ]
      ]
    },
    {
      "file_path": "/media/NFS/ttao/scannet/posed_images/scene0441_00/00132.jpg",
      "transform_matrix": [
        [
          -0.230924,
          -0.227538,
          0.945992,
          0.255663
        ],
        [
          -0.972652,
          0.029049,
          -0.230445,
          2.141534
        ],
        [
          0.024955,
          -0.973336,
          -0.228024,
          1.653665
        ],
        [
          0.0,
          0.0,
          0.0,
          1.0
        ]
      ]
    },
    {
      "file_path": "/media/NFS/ttao/scannet/posed_images/scene0441_00/00135.jpg",
      "transform_matrix": [
        [
          -0.201126,
          -0.240805,
          0.949506,
          0.25906
        ],
        [
          -0.979044,
          0.017778,
          -0.202874,
          2.153278
        ],
        [
          0.031973,
          -0.970411,
          -0.239335,
          1.647935
        ],
        [
          0.0,
          0.0,
          0.0,
          1.0
        ]
      ]
    },
    {
      "file_path": "/media/NFS/ttao/scannet/posed_images/scene0441_00/00138.jpg",
      "transform_matrix": [
        [
          -0.174268,
          -0.274029,
          0.945801,
          0.265685
        ],
        [
          -0.983504,
          0.00115,
          -0.180881,
          2.166293
        ],
        [
          0.048479,
          -0.961721,
          -0.269709,
          1.639267
        ],
        [
          0.0,
          0.0,
          0.0,
          1.0
        ]
      ]
    },
    {
      "file_path": "/media/NFS/ttao/scannet/posed_images/scene0441_00/00141.jpg",
      "transform_matrix": [
        [
          -0.151222,
          -0.29811,
          0.942477,
          0.27644
        ],
        [
          -0.987474,
          0.002137,
          -0.157766,
          2.176584
        ],
        [
          0.045018,
          -0.954529,
          -0.294699,
          1.622437
        ],
        [
          0.0,
          0.0,
          0.0,
          1.0
        ]
      ]
    },
    {
      "file_path": "/media/NFS/ttao/scannet/posed_images/scene0441_00/00142.jpg",
      "transform_matrix": [
        [
          -0.143821,
          -0.294653,
          0.944719,
          0.277384
        ],
        [
          -0.988424,
          -0.003833,
          -0.15167,
          2.17978
        ],
        [
          0.048311,
          -0.955597,
          -0.290691,
          1.609058
        ],
        [
          0.0,
          0.0,
          0.0,
          1.0
        ]
      ]
    },
    {
      "file_path": "/media/NFS/ttao/scannet/posed_images/scene0441_00/00146.jpg",
      "transform_matrix": [
        [
          -0.127157,
          -0.340116,
          0.931747,
          0.291434
        ],
        [
          -0.98971,
          -0.018636,
          -0.141869,
          2.192668
        ],
        [
          0.065616,
          -0.940199,
          -0.334246,
          1.60571
        ],
        [
          0.0,
          0.0,
          0.0,
          1.0
        ]
      ]
    },
    {
      "file_path": "/media/NFS/ttao/scannet/posed_images/scene0441_00/00149.jpg",
      "transform_matrix": [
        [
          -0.122942,
          -0.36927,
          0.921154,
          0.300398
        ],
        [
          -0.990115,
          -0.017496,
          -0.13916,
          2.197094
        ],
        [
          0.067504,
          -0.929158,
          -0.363469,
          1.597067
        ],
        [
          0.0,
          0.0,
          0.0,
          1.0
        ]
      ]
    },
    {
      "file_path": "/media/NFS/ttao/scannet/posed_images/scene0441_00/00150.jpg",
      "transform_matrix": [
        [
          -0.118397,
          -0.374643,
          0.919579,
          0.30158
        ],
        [
          -0.990721,
          -0.017675,
          -0.134757,
          2.193923
        ],
        [
          0.066739,
          -0.927001,
          -0.369074,
          1.584602
        ],
        [
          0.0,
          0.0,
          0.0,
          1.0
        ]
      ]
    },
    {
      "file_path": "/media/NFS/ttao/scannet/posed_images/scene0441_00/00154.jpg",
      "transform_matrix": [
        [
          -0.105713,
          -0.405093,
          0.908143,
          0.313561
        ],
        [
          -0.99277,
          -0.009221,
          -0.119677,
          2.196299
        ],
        [
          0.056854,
          -0.914229,
          -0.40119,
          1.579176
        ],
        [
          0.0,
          0.0,
          0.0,
          1.0
        ]
      ]
    },
    {
      "file_path": "/media/NFS/ttao/scannet/posed_images/scene0441_00/00156.jpg",
      "transform_matrix": [
        [
          -0.097309,
          -0.420808,
          0.901916,
          0.319294
        ],
        [
          -0.994003,
          -0.004331,
          -0.109265,
          2.195925
        ],
        [
          0.049886,
          -0.907139,
          -0.417863,
          1.576081
        ],
        [
          0.0,
          0.0,
          0.0,
          1.0
        ]
      ]
    },
    {
      "file_path": "/media/NFS/ttao/scannet/posed_images/scene0441_00/00159.jpg",
      "transform_matrix": [
        [
          -0.088348,
          -0.44591,
          0.890707,
          0.330648
        ],
        [
          -0.994985,
          -0.002601,
          -0.099993,
          2.199916
        ],
        [
          0.046905,
          -0.895074,
          -0.443444,
          1.574371
        ],
        [
          0.0,
          0.0,
          0.0,
          1.0
        ]
      ]
    },
    {
      "file_path": "/media/NFS/ttao/scannet/posed_images/scene0441_00/00161.jpg",
      "transform_matrix": [
        [
          -0.081043,
          -0.454702,
          0.886949,
          0.335526
        ],
        [
          -0.996057,
          0.004728,
          -0.088588,
          2.205389
        ],
        [
          0.036088,
          -0.890631,
          -0.453293,
          1.541794
        ],
        [
          0.0,
          0.0,
          0.0,
          1.0
        ]
      ]
    },
    {
      "file_path": "/media/NFS/ttao/scannet/posed_images/scene0441_00/00163.jpg",
      "transform_matrix": [
        [
          -0.073685,
          -0.465985,
          0.881719,
          0.342385
        ],
        [
          -0.996621,
          0.002229,
          -0.082109,
          2.209564
        ],
        [
          0.036296,
          -0.88479,
          -0.464574,
          1.531805
        ],
        [
          0.0,
          0.0,
          0.0,
          1.0
        ]
      ]
    },
    {
      "file_path": "/media/NFS/ttao/scannet/posed_images/scene0441_00/00166.jpg",
      "transform_matrix": [
        [
          -0.056413,
          -0.49065,
          0.869529,
          0.351778
        ],
        [
          -0.997965,
          0.001793,
          -0.063734,
          2.214445
        ],
        [
          0.029712,
          -0.871355,
          -0.489753,
          1.527632
        ],
        [
          0.0,
          0.0,
          0.0,
          1.0
        ]
      ]
    },
    {
      "file_path": "/media/NFS/ttao/scannet/posed_images/scene0441_00/00169.jpg",
      "transform_matrix": [
        [
          -0.040558,
          -0.499946,
          0.865106,
          0.35891
        ],
        [
          -0.998959,
          0.002209,
          -0.045557,
          2.222671
        ],
        [
          0.020865,
          -0.866054,
          -0.499516,
          1.523047
        ],
        [
          0.0,
          0.0,
          0.0,
          1.0
        ]
      ]
    },
    {
      "file_path": "/media/NFS/ttao/scannet/posed_images/scene0441_00/00172.jpg",
      "transform_matrix": [
        [
          -0.01634,
          -0.514729,
          0.857197,
          0.364158
        ],
        [
          -0.999798,
          -0.001637,
          -0.020041,
          2.226386
        ],
        [
          0.011719,
          -0.857351,
          -0.514599,
          1.504317
        ],
        [
          0.0,
          0.0,
          0.0,
          1.0
        ]
      ]
    },
    {
      "file_path": "/media/NFS/ttao/scannet/posed_images/scene0441_00/00173.jpg",
      "transform_matrix": [
        [
          -0.004427,
          -0.517161,
          0.855877,
          0.365441
        ],
        [
          -0.999942,
          -0.006099,
          -0.008857,
          2.229232
        ],
        [
          0.0098,
          -0.855866,
          -0.517104,
          1.501214
        ],
        [
          0.0,
          0.0,
          0.0,
          1.0
        ]
      ]
    },
    {
      "file_path": "/media/NFS/ttao/scannet/posed_images/scene0441_00/00175.jpg",
      "transform_matrix": [
        [
          0.019948,
          -0.524282,
          0.851311,
          0.367836
        ],
        [
          -0.999756,
          -0.018526,
          0.012017,
          2.236944
        ],
        [
          0.009472,
          -0.851343,
          -0.524523,
          1.49623
        ],
        [
          0.0,
          0.0,
          0.0,
          1.0
        ]
      ]
    },
    {
      "file_path": "/media/NFS/ttao/scannet/posed_images/scene0441_00/00178.jpg",
      "transform_matrix": [
        [
          0.049186,
          -0.535132,
          0.843335,
          0.373394
        ],
        [
          -0.998651,
          -0.040407,
          0.032604,
          2.248439
        ],
        [
          0.016629,
          -0.843801,
          -0.536398,
          1.491221
        ],
        [
          0.0,
          0.0,
          0.0,
          1.0
        ]
      ]
    },
    {
      "file_path": "/media/NFS/ttao/scannet/posed_images/scene0441_00/00182.jpg",
      "transform_matrix": [
        [
          0.076001,
          -0.545979,
          0.834345,
          0.384224
        ],
        [
          -0.996902,
          -0.058596,
          0.052465,
          2.259981
        ],
        [
          0.020245,
          -0.835748,
          -0.548741,
          1.482802
        ],
        [
          0.0,
          0.0,
          0.0,
          1.0
        ]
      ]
    },
    {
      "file_path": "/media/NFS/ttao/scannet/posed_images/scene0441_00/00183.jpg",
      "transform_matrix": [
        [
          0.080887,
          -0.546217,
          0.833729,
          0.386473
        ],
        [
          -0.996516,
          -0.061371,
          0.056474,
          2.26257
        ],
        [
          0.02032,
          -0.835393,
          -0.549278,
          1.480071
        ],
        [
          0.0,
          0.0,
          0.0,
          1.0
        ]
      ]
    },
    {
      "file_path": "/media/NFS/ttao/scannet/posed_images/scene0441_00/00187.jpg",
      "transform_matrix": [
        [
          0.099354,
          -0.544825,
          0.832643,
          0.40086
        ],
        [
          -0.995022,
          -0.060902,
          0.07888,
          2.275574
        ],
        [
          0.007734,
          -0.836335,
          -0.548164,
          1.483891
        ],
        [
          0.0,
          0.0,
          0.0,
          1.0
        ]
      ]
    },
    {
      "file_path": "/media/NFS/ttao/scannet/posed_images/scene0441_00/00190.jpg",
      "transform_matrix": [
        [
          0.118221,
          -0.534644,
          0.836768,
          0.406107
        ],
        [
          -0.992933,
          -0.072483,
          0.093973,
          2.284817
        ],
        [
          0.010409,
          -0.841964,
          -0.539434,
          1.483118
        ],
        [
          0.0,
          0.0,
          0.0,
          1.0
        ]
      ]
    },
    {
      "file_path": "/media/NFS/ttao/scannet/posed_images/scene0441_00/00192.jpg",
      "transform_matrix": [
        [
          0.131748,
          -0.529436,
          0.838057,
          0.410506
        ],
        [
          -0.991253,
          -0.076929,
          0.107232,
          2.293687
        ],
        [
          0.007698,
          -0.844855,
          -0.53494,
          1.485357
        ],
        [
          0.0,
          0.0,
          0.0,
          1.0
        ]
      ]
    },
    {
      "file_path": "/media/NFS/ttao/scannet/posed_images/scene0441_00/00195.jpg",
      "transform_matrix": [
        [
          0.163734,
          -0.517315,
          0.839986,
          0.417269
        ],
        [
          -0.986472,
          -0.078902,
          0.143695,
          2.304967
        ],
        [
          -0.008059,
          -0.85215,
          -0.523235,
          1.491062
        ],
        [
          0.0,
          0.0,
          0.0,
          1.0
        ]
      ]
    },
    {
      "file_path": "/media/NFS/ttao/scannet/posed_images/scene0441_00/00197.jpg",
      "transform_matrix": [
        [
          0.187149,
          -0.513601,
          0.83737,
          0.423039
        ],
        [
          -0.982159,
          -0.081859,
          0.169301,
          2.313799
        ],
        [
