{
  "frames": [
    {
      "file_path": "/media/NFS/ttao/scannet/posed_images/scene0045_00/00000.jpg",
      "transform_matrix": [
        [
          -0.530794,
          0.426739,
          -0.732224,
          5.418979
        ],
        [
          0.841151,
          0.159702,
          -0.516681,
          4.373359
        ],
        [
          -0.10355,
          -0.890162,
          -0.443721,
          1.385162
        ],
        [
          0.0,
          0.0,
          0.0,
          1.0
        ]
      ]
    },
    {
      "file_path": "/media/NFS/ttao/scannet/posed_images/scene0045_00/00004.jpg",
      "transform_matrix": [
        [
          -0.533157,
          0.409147,
          -0.740501,
          5.417671
        ],
        [
          0.84318,
          0.185365,
          -0.504666,
          4.419961
        ],
        [
          -0.06922,
          -0.893442,
          -0.443813,
          1.384383
        ],
        [
          0.0,
          0.0,
          0.0,
          1.0
        ]
      ]
    },
    {
      "file_path": "/media/NFS/ttao/scannet/posed_images/scene0045_00/00007.jpg",
      "transform_matrix": [
        [
          -0.540073,
          0.402728,
          -0.739007,
          5.414293
        ],
        [
          0.839314,
          0.192794,
          -0.508313,
          4.447392
        ],
        [
          -0.062236,
          -0.894785,
          -0.442139,
          1.383971
        ],
        [
          0.0,
          0.0,
          0.0,
          1.0
        ]
      ]
    },
    {
      "file_path": "/media/NFS/ttao/scannet/posed_images/scene0045_00/00012.jpg",
      "transform_matrix": [
        [
          -0.532291,
          0.415968,
          -0.737317,
          5.420468
        ],
        [
          0.844116,
          0.194638,
          -0.499585,
          4.477149
        ],
        [
          -0.064302,
          -0.888305,
          -0.454729,
          1.370767
        ],
        [
          0.0,
          0.0,
          0.0,
          1.0
        ]
      ]
    },
    {
      "file_path": "/media/NFS/ttao/scannet/posed_images/scene0045_00/00017.jpg",
      "transform_matrix": [
        [
          -0.53533,
          0.445362,
          -0.717687,
          5.410368
        ],
        [
          0.840358,
          0.195353,
          -0.505605,
          4.495398
        ],
        [
          -0.084975,
          -0.873779,
          -0.478842,
          1.362814
        ],
        [
          0.0,
          0.0,
          0.0,
          1.0
        ]
      ]
    },
    {
      "file_path": "/media/NFS/ttao/scannet/posed_images/scene0045_00/00021.jpg",
      "transform_matrix": [
        [
          -0.540972,
          0.460136,
          -0.704006,
          5.407744
        ],
        [
          0.835415,
          0.197335,
          -0.512972,
          4.500445
        ],
        [
          -0.097112,
          -0.865641,
          -0.491157,
          1.353259
        ],
        [
          0.0,
          0.0,
          0.0,
          1.0
        ]
      ]
    },
    {
      "file_path": "/media/NFS/ttao/scannet/posed_images/scene0045_00/00022.jpg",
      "transform_matrix": [
        [
          -0.544924,
          0.46457,
          -0.69802,
          5.40746
        ],
        [
          0.832581,
          0.201172,
          -0.516081,
          4.500151
        ],
        [
          -0.099333,
          -0.862383,
          -0.496416,
          1.350826
        ],
        [
          0.0,
          0.0,
          0.0,
          1.0
        ]
      ]
    },
    {
      "file_path": "/media/NFS/ttao/scannet/posed_images/scene0045_00/00029.jpg",
      "transform_matrix": [
        [
          -0.587463,
          0.503966,
          -0.633171,
          5.422071
        ],
        [
          0.801965,
          0.257798,
          -0.538881,
          4.48159
        ],
        [
          -0.108347,
          -0.824354,
          -0.55561,
          1.307088
        ],
        [
          0.0,
          0.0,
          0.0,
          1.0
        ]
      ]
    },
    {
      "file_path": "/media/NFS/ttao/scannet/posed_images/scene0045_00/00031.jpg",
      "transform_matrix": [
        [
          -0.613325,
          0.511571,
          -0.60177,
          5.423584
        ],
        [
          0.78192,
          0.285706,
          -0.554052,
          4.478263
        ],
        [
          -0.111508,
          -0.81035,
          -0.575238,
          1.301589
        ],
        [
          0.0,
          0.0,
          0.0,
          1.0
        ]
      ]
    },
    {
      "file_path": "/media/NFS/ttao/scannet/posed_images/scene0045_00/00038.jpg",
      "transform_matrix": [
        [
          -0.692625,
          0.502264,
          -0.517688,
          5.44745
        ],
        [
          0.715053,
          0.383886,
          -0.584235,
          4.447848
        ],
        [
          -0.094707,
          -0.774831,
          -0.625034,
          1.285746
        ],
        [
          0.0,
          0.0,
          0.0,
          1.0
        ]
      ]
    },
    {
      "file_path": "/media/NFS/ttao/scannet/posed_images/scene0045_00/00041.jpg",
      "transform_matrix": [
        [
          -0.707721,
          0.493166,
          -0.505885,
          5.474406
        ],
        [
          0.702122,
          0.411447,
          -0.58115,
          4.430731
        ],
        [
          -0.078459,
          -0.766485,
          -0.637452,
          1.296673
        ],
        [
          0.0,
          0.0,
          0.0,
          1.0
        ]
      ]
    },
    {
      "file_path": "/media/NFS/ttao/scannet/posed_images/scene0045_00/00045.jpg",
      "transform_matrix": [
        [
          -0.721293,
          0.477089,
          -0.502119,
          5.513341
        ],
        [
          0.69015,
          0.43376,
          -0.579263,
          4.424467
        ],
        [
          -0.058561,
          -0.764355,
          -0.64213,
          1.29585
        ],
        [
          0.0,
          0.0,
          0.0,
          1.0
        ]
      ]
    },
    {
      "file_path": "/media/NFS/ttao/scannet/posed_images/scene0045_00/00050.jpg",
      "transform_matrix": [
        [
          -0.725647,
          0.459574,
          -0.512082,
          5.560431
        ],
        [
          0.687029,
          0.443085,
          -0.575905,
          4.422595
        ],
        [
          -0.037775,
          -0.769719,
          -0.637264,
          1.300968
        ],
        [
          0.0,
          0.0,
          0.0,
          1.0
        ]
      ]
    },
    {
      "file_path": "/media/NFS/ttao/scannet/posed_images/scene0045_00/00051.jpg",
      "transform_matrix": [
        [
          -0.724337,
          0.45871,
          -0.514704,
          5.574615
        ],
        [
          0.688485,
          0.441854,
          -0.575112,
          4.423817
        ],
        [
          -0.036385,
          -0.770941,
          -0.635866,
          1.303049
        ],
        [
          0.0,
          0.0,
          0.0,
          1.0
        ]
      ]
    },
    {
      "file_path": "/media/NFS/ttao/scannet/posed_images/scene0045_00/00057.jpg",
      "transform_matrix": [
        [
          -0.714996,
          0.426677,
          -0.55383,
          5.66362
        ],
        [
          0.698969,
          0.419307,
          -0.579331,
          4.449777
        ],
        [
          -0.014962,
          -0.801329,
          -0.598036,
          1.326755
        ],
        [
          0.0,
          0.0,
          0.0,
          1.0
        ]
      ]
    },
    {
      "file_path": "/media/NFS/ttao/scannet/posed_images/scene0045_00/00059.jpg",
      "transform_matrix": [
        [
          -0.708482,
          0.418494,
          -0.568258,
          5.689222
        ],
        [
          0.70568,
          0.41062,
          -0.577414,
          4.463608
        ],
        [
          -0.008306,
          -0.810095,
          -0.586239,
          1.329955
        ],
        [
          0.0,
          0.0,
          0.0,
          1.0
        ]
      ]
    },
    {
      "file_path": "/media/NFS/ttao/scannet/posed_images/scene0045_00/00065.jpg",
      "transform_matrix": [
        [
          -0.706923,
          0.408581,
          -0.57734,
          5.756534
        ],
        [
          0.70716,
          0.392634,
          -0.588016,
          4.531061
        ],
        [
          -0.01357,
          -0.823954,
          -0.566494,
          1.336967
        ],
        [
          0.0,
          0.0,
          0.0,
          1.0
        ]
      ]
    },
    {
      "file_path": "/media/NFS/ttao/scannet/posed_images/scene0045_00/00066.jpg",
      "transform_matrix": [
        [
          -0.711774,
          0.4038,
          -0.574738,
          5.765972
        ],
        [
          0.702237,
          0.390976,
          -0.59498,
          4.543114
        ],
        [
          -0.015544,
          -0.827093,
          -0.56185,
          1.335674
        ],
        [
          0.0,
          0.0,
          0.0,
          1.0
        ]
      ]
    },
    {
      "file_path": "/media/NFS/ttao/scannet/posed_images/scene0045_00/00070.jpg",
      "transform_matrix": [
        [
          -0.748833,
          0.384719,
          -0.539667,
          5.831752
        ],
        [
          0.66178,
          0.389809,
          -0.640387,
          4.608263
        ],
        [
          -0.036002,
          -0.836684,
          -0.546501,
          1.338316
        ],
        [
          0.0,
          0.0,
          0.0,
          1.0
        ]
      ]
    },
    {
      "file_path": "/media/NFS/ttao/scannet/posed_images/scene0045_00/00074.jpg",
      "transform_matrix": [
        [
          -0.803711,
          0.354815,
          -0.477656,
          5.87147
        ],
        [
          0.593179,
          0.414663,
          -0.690068,
          4.683317
        ],
        [
          -0.04678,
          -0.83795,
          -0.543738,
          1.330272
        ],
        [
          0.0,
          0.0,
          0.0,
          1.0
        ]
      ]
    },
    {
      "file_path": "/media/NFS/ttao/scannet/posed_images/scene0045_00/00078.jpg",
      "transform_matrix": [
        [
          -0.859375,
          0.303698,
          -0.41139,
          5.899007
        ],
        [
          0.508683,
          0.425754,
          -0.748315,
          4.746664
        ],
        [
          -0.052111,
          -0.852351,
          -0.520368,
          1.315834
        ],
        [
          0.0,
          0.0,
          0.0,
          1.0
        ]
      ]
    },
    {
      "file_path": "/media/NFS/ttao/scannet/posed_images/scene0045_00/00081.jpg",
      "transform_matrix": [
        [
          -0.889388,
          0.285518,
          -0.357027,
          5.932697
        ],
        [
          0.453401,
          0.451064,
          -0.768745,
          4.773776
        ],
        [
          -0.058449,
          -0.845589,
          -0.530625,
          1.322606
        ],
        [
          0.0,
          0.0,
          0.0,
          1.0
        ]
      ]
    },
    {
      "file_path": "/media/NFS/ttao/scannet/posed_images/scene0045_00/00088.jpg",
      "transform_matrix": [
        [
          -0.930346,
          0.258347,
          -0.260217,
          5.965515
        ],
        [
          0.358786,
          0.494875,
          -0.791436,
          4.826979
        ],
        [
          -0.07569,
          -0.829672,
          -0.553096,
          1.317494
        ],
        [
          0.0,
          0.0,
          0.0,
          1.0
        ]
      ]
    },
    {
      "file_path": "/media/NFS/ttao/scannet/posed_images/scene0045_00/00091.jpg",
      "transform_matrix": [
        [
          -0.936946,
          0.250518,
          -0.243665,
          6.002674
        ],
        [
          0.340635,
          0.498837,
          -0.79695,
          4.84249
        ],
        [
          -0.078101,
          -0.8297,
          -0.552719,
          1.303166
        ],
        [
          0.0,
          0.0,
          0.0,
          1.0
        ]
      ]
    },
    {
      "file_path": "/media/NFS/ttao/scannet/posed_images/scene0045_00/00094.jpg",
      "transform_matrix": [
        [
          -0.940496,
          0.251564,
          -0.228436,
          6.015471
        ],
        [
          0.329205,
          0.507947,
          -0.795998,
          4.85191
        ],
        [
          -0.084211,
          -0.823836,
          -0.560538,
          1.299896
        ],
        [
          0.0,
          0.0,
          0.0,
          1.0
        ]
      ]
    },
    {
      "file_path": "/media/NFS/ttao/scannet/posed_images/scene0045_00/00100.jpg",
      "transform_matrix": [
        [
          -0.946215,
          0.252652,
          -0.202099,
          6.050701
        ],
        [
          0.310387,
          0.532579,
          -0.787413,
          4.868729
        ],
        [
          -0.091308,
          -0.807791,
          -0.582354,
          1.285612
        ],
        [
          0.0,
          0.0,
          0.0,
          1.0
        ]
      ]
    },
    {
      "file_path": "/media/NFS/ttao/scannet/posed_images/scene0045_00/00103.jpg",
      "transform_matrix": [
        [
          -0.94851,
          0.25895,
          -0.182411,
          6.064062
        ],
        [
          0.30019,
          0.551136,
          -0.778547,
          4.876538
        ],
        [
          -0.101072,
          -0.793217,
          -0.600492,
          1.279482
        ],
        [
          0.0,
          0.0,
          0.0,
          1.0
        ]
      ]
    },
    {
      "file_path": "/media/NFS/ttao/scannet/posed_images/scene0045_00/00108.jpg",
      "transform_matrix": [
        [
          -0.95833,
          0.25266,
          -0.133291,
          6.077055
        ],
        [
          0.261229,
          0.58629,
          -0.766827,
          4.893962
        ],
        [
          -0.115599,
          -0.769692,
          -0.627862,
          1.272386
        ],
        [
          0.0,
          0.0,
          0.0,
          1.0
        ]
      ]
    },
    {
      "file_path": "/media/NFS/ttao/scannet/posed_images/scene0045_00/00112.jpg",
      "transform_matrix": [
        [
          -0.970421,
          0.22502,
          -0.087454,
          6.066288
        ],
        [
          0.20676,
          0.587653,
          -0.78225,
          4.92322
        ],
        [
          -0.12463,
          -0.777194,
          -0.616796,
          1.269995
        ],
        [
          0.0,
          0.0,
          0.0,
          1.0
        ]
      ]
    },
    {
      "file_path": "/media/NFS/ttao/scannet/posed_images/scene0045_00/00116.jpg",
      "transform_matrix": [
        [
          -0.978634,
          0.200774,
          -0.044318,
          6.029524
        ],
        [
          0.155483,
          0.581622,
          -0.798461,
          4.962807
        ],
        [
          -0.134534,
          -0.788293,
          -0.600413,
          1.267155
        ],
        [
          0.0,
          0.0,
          0.0,
          1.0
        ]
      ]
    },
    {
      "file_path": "/media/NFS/ttao/scannet/posed_images/scene0045_00/00117.jpg",
      "transform_matrix": [
        [
          -0.98022,
          0.194548,
          -0.036331,
          6.017347
        ],
        [
          0.144364,
          0.577285,
          -0.80368,
          4.974654
        ],
        [
          -0.135381,
          -0.793028,
          -0.593952,
          1.265938
        ],
        [
          0.0,
          0.0,
          0.0,
          1.0
        ]
      ]
    },
    {
      "file_path": "/media/NFS/ttao/scannet/posed_images/scene0045_00/00123.jpg",
      "transform_matrix": [
        [
          -0.992101,
          0.120245,
          0.035725,
          5.923438
        ],
        [
          0.038008,
          0.559564,
          -0.827915,
          5.060472
        ],
        [
          -0.119543,
          -0.820018,
          -0.559714,
          1.241587
        ],
        [
          0.0,
          0.0,
          0.0,
          1.0
        ]
      ]
    },
    {
      "file_path": "/media/NFS/ttao/scannet/posed_images/scene0045_00/00125.jpg",
      "transform_matrix": [
        [
          -0.993902,
          0.083396,
          0.072139,
          5.891829
        ],
        [
          -0.013127,
          0.560077,
          -0.828336,
          5.088583
        ],
        [
          -0.109483,
          -0.824232,
          -0.555567,
          1.232401
        ],
        [
          0.0,
          0.0,
          0.0,
          1.0
        ]
      ]
    },
    {
      "file_path": "/media/NFS/ttao/scannet/posed_images/scene0045_00/00132.jpg",
      "transform_matrix": [
        [
          -0.981051,
          0.001234,
          0.193745,
          5.803307
        ],
        [
          -0.155674,
          0.590295,
          -0.792034,
          5.161261
        ],
        [
          -0.115344,
          -0.807186,
          -0.578918,
          1.240856
        ],
        [
          0.0,
          0.0,
          0.0,
          1.0
        ]
      ]
    },
    {
      "file_path": "/media/NFS/ttao/scannet/posed_images/scene0045_00/00136.jpg",
      "transform_matrix": [
        [
          -0.977081,
          -0.022716,
          0.211651,
          5.772722
        ],
        [
          -0.186069,
          0.574097,
          -0.797365,
          5.200556
        ],
        [
          -0.103395,
          -0.818472,
          -0.565166,
          1.235658
        ],
        [
          0.0,
          0.0,
          0.0,
          1.0
        ]
      ]
    },
    {
      "file_path": "/media/NFS/ttao/scannet/posed_images/scene0045_00/00139.jpg",
      "transform_matrix": [
        [
          -0.975751,
          -0.034548,
          0.216141,
          5.75841
        ],
        [
          -0.197441,
          0.565182,
          -0.800991,
          5.22789
        ],
        [
          -0.094487,
          -0.824242,
          -0.558298,
          1.23819
        ],
        [
          0.0,
          0.0,
          0.0,
          1.0
        ]
      ]
    },
    {
      "file_path": "/media/NFS/ttao/scannet/posed_images/scene0045_00/00140.jpg",
      "transform_matrix": [
        [
          -0.975664,
          -0.032296,
          0.216878,
          5.755824
        ],
        [
          -0.197023,
          0.563231,
          -0.802467,
          5.237432
        ],
        [
          -0.096236,
          -0.825668,
          -0.555887,
          1.241763
        ],
        [
          0.0,
          0.0,
          0.0,
          1.0
        ]
      ]
    },
    {
      "file_path": "/media/NFS/ttao/scannet/posed_images/scene0045_00/00145.jpg",
      "transform_matrix": [
        [
          -0.971954,
          -0.038205,
          0.232048,
          5.732924
        ],
        [
          -0.216735,
          0.5285,
          -0.820801,
          5.286736
        ],
        [
          -0.091279,
          -0.848073,
          -0.521958,
          1.243871
        ],
        [
          0.0,
          0.0,
          0.0,
          1.0
        ]
      ]
    },
    {
      "file_path": "/media/NFS/ttao/scannet/posed_images/scene0045_00/00151.jpg",
      "transform_matrix": [
        [
          -0.960993,
          -0.062934,
          0.269316,
          5.721491
        ],
        [
          -0.261062,
          0.527923,
          -0.808174,
          5.356564
        ],
        [
          -0.091317,
          -0.846957,
          -0.52376,
          1.217515
        ],
        [
          0.0,
          0.0,
          0.0,
          1.0
        ]
      ]
    },
    {
      "file_path": "/media/NFS/ttao/scannet/posed_images/scene0045_00/00154.jpg",
      "transform_matrix": [
        [
          -0.959444,
          -0.079622,
          0.270421,
          5.71445
        ],
        [
          -0.270756,
          0.52732,
          -0.805372,
          5.375727
        ],
        [
          -0.078473,
          -0.845928,
          -0.527492,
          1.221691
        ],
        [
          0.0,
          0.0,
          0.0,
          1.0
        ]
      ]
    },
    {
      "file_path": "/media/NFS/ttao/scannet/posed_images/scene0045_00/00157.jpg",
      "transform_matrix": [
        [
          -0.960389,
          -0.076449,
          0.267971,
          5.706891
        ],
        [
          -0.267994,
          0.516919,
          -0.813003,
          5.378591
        ],
        [
          -0.076366,
          -0.852614,
          -0.516931,
          1.235116
        ],
        [
          0.0,
          0.0,
          0.0,
          1.0
        ]
      ]
    },
    {
      "file_path": "/media/NFS/ttao/scannet/posed_images/scene0045_00/00160.jpg",
      "transform_matrix": [
        [
          -0.958106,
          -0.058091,
          0.280459,
          5.704643
        ],
        [
          -0.271213,
          0.498767,
          -0.82321,
          5.372813
        ],
        [
          -0.092062,
          -0.864787,
          -0.493627,
          1.250449
        ],
        [
          0.0,
          0.0,
          0.0,
          1.0
        ]
      ]
    },
    {
      "file_path": "/media/NFS/ttao/scannet/posed_images/scene0045_00/00165.jpg",
      "transform_matrix": [
        [
          -0.952452,
          -0.044311,
          0.301449,
          5.716228
        ],
        [
          -0.286422,
          0.467623,
          -0.836236,
          5.335161
        ],
        [
          -0.10391,
          -0.882817,
          -0.45808,
          1.263994
        ],
        [
          0.0,
          0.0,
          0.0,
          1.0
        ]
      ]
    },
    {
      "file_path": "/media/NFS/ttao/scannet/posed_images/scene0045_00/00169.jpg",
      "transform_matrix": [
        [
          -0.949657,
          -0.037454,
          0.311044,
          5.74105
        ],
        [
          -0.294228,
          0.447658,
          -0.844412,
          5.304516
        ],
        [
          -0.107614,
          -0.89342,
          -0.436142,
          1.275253
        ],
        [
          0.0,
          0.0,
          0.0,
          1.0
        ]
      ]
    },
    {
      "file_path": "/media/NFS/ttao/scannet/posed_images/scene0045_00/00174.jpg",
      "transform_matrix": [
        [
          -0.942594,
          -0.067224,
          0.327104,
          5.786204
        ],
        [
          -0.323802,
          0.423524,
          -0.846038,
          5.273007
        ],
        [
          -0.081662,
          -0.903387,
          -0.420979,
          1.281723
        ],
        [
          0.0,
          0.0,
          0.0,
          1.0
        ]
      ]
    },
    {
      "file_path": "/media/NFS/ttao/scannet/posed_images/scene0045_00/00178.jpg",
      "transform_matrix": [
        [
          -0.941585,
          -0.092263,
          0.32389,
          5.837813
        ],
        [
          -0.332219,
          0.412125,
          -0.8484,
          5.248142
        ],
        [
          -0.055207,
          -0.906444,
          -0.418703,
          1.284391
        ],
        [
          0.0,
          0.0,
          0.0,
          1.0
        ]
      ]
    },
    {
      "file_path": "/media/NFS/ttao/scannet/posed_images/scene0045_00/00182.jpg",
      "transform_matrix": [
        [
          -0.951618,
          -0.084584,
          0.295413,
          5.922172
        ],
        [
          -0.303475,
          0.40961,
          -0.860304,
          5.227716
        ],
        [
          -0.048236,
          -0.908331,
          -0.415461,
          1.298241
        ],
        [
          0.0,
          0.0,
          0.0,
          1.0
        ]
      ]
    },
    {
      "file_path": "/media/NFS/ttao/scannet/posed_images/scene0045_00/00186.jpg",
      "transform_matrix": [
        [
          -0.963061,
          -0.051765,
          0.264263,
          5.995359
        ],
        [
          -0.26203,
          0.406402,
          -0.875316,
          5.200627
        ],
        [
          -0.062087,
          -0.912227,
          -0.404954,
          1.323283
        ],
        [
          0.0,
          0.0,
          0.0,
          1.0
        ]
      ]
    },
    {
      "file_path": "/media/NFS/ttao/scannet/posed_images/scene0045_00/00187.jpg",
      "transform_matrix": [
        [
          -0.9661,
          -0.043457,
          0.254484,
          6.013047
        ],
        [
          -0.249811,
          0.406121,
          -0.879011,
          5.192677
        ],
        [
          -0.065152,
          -0.912786,
          -0.403209,
          1.325684
        ],
        [
          0.0,
          0.0,
          0.0,
          1.0
        ]
      ]
    },
    {
      "file_path": "/media/NFS/ttao/scannet/posed_images/scene0045_00/00193.jpg",
      "transform_matrix": [
        [
          -0.968829,
          -0.029962,
          0.245913,
          6.143841
        ],
        [
          -0.235691,
          0.417193,
          -0.877724,
          5.151676
        ],
        [
          -0.076295,
          -0.908324,
          -0.41125,
          1.353228
        ],
        [
          0.0,
          0.0,
          0.0,
          1.0
        ]
      ]
    },
    {
      "file_path": "/media/NFS/ttao/scannet/posed_images/scene0045_00/00198.jpg",
      "transform_matrix": [
        [
          -0.97603,
          -0.020322,
          0.216683,
          6.228844
        ],
        [
          -0.20545,
          0.414498,
          -0.886556,
          5.107191
        ],
        [
          -0.071798,
          -0.909823,
          -0.408738,
          1.364834
        ],
        [
          0.0,
          0.0,
          0.0,
          1.0
        ]
      ]
    },
    {
      "file_path": "/media/NFS/ttao/scannet/posed_images/scene0045_00/00200.jpg",
      "transform_matrix": [
        [
          -0.98262,
          -0.008542,
          0.185433,
          6.286286
        ],
        [
          -0.172124,
          0.415982,
          -0.892935,
          5.088379
        ],
        [
          -0.06951,
          -0.909333,
          -0.410222,
          1.366159
        ],
        [
          0.0,
          0.0,
          0.0,
          1.0
        ]
      ]
    },
    {
      "file_path": "/media/NFS/ttao/scannet/posed_images/scene0045_00/00205.jpg",
      "transform_matrix": [
        [
          -0.989131,
          0.025428,
          0.144819,
          6.353415
        ],
        [
          -0.121786,
          0.410188,
          -0.903833,
          5.026088
        ],
        [
          -0.082386,
          -0.911646,
          -0.402633,
          1.371365
        ],
        [
          0.0,
          0.0,
          0.0,
          1.0
        ]
      ]
    },
    {
      "file_path": "/media/NFS/ttao/scannet/posed_images/scene0045_00/00208.jpg",
      "transform_matrix": [
        [
          -0.991573,
          0.05636,
          0.116645,
          6.383408
        ],
        [
          -0.084317,
          0.402814,
          -0.91139,
          4.991612
        ],
        [
          -0.098353,
          -0.913545,
          -0.394668,
          1.372166
        ],
        [
          0.0,
          0.0,
          0.0,
          1.0
        ]
      ]
    },
    {
      "file_path": "/media/NFS/ttao/scannet/posed_images/scene0045_00/00215.jpg",
      "transform_matrix": [
        [
          -0.993163,
          0.109039,
          0.041681,
          6.515
        ],
        [
          0.010075,
          0.435794,
          -0.89999,
          4.889893
        ],
        [
          -0.116298,
          -0.893417,
          -0.433913,
          1.409493
        ],
        [
          0.0,
          0.0,
          0.0,
          1.0
        ]
      ]
    },
    {
      "file_path": "/media/NFS/ttao/scannet/posed_images/scene0045_00/00216.jpg",
      "transform_matrix": [
        [
          -0.992881,
          0.113894,
          0.034848,
          6.53083
        ],
        [
          0.017872,
          0.431728,
          -0.901827,
          4.878407
        ],
        [
          -0.117758,
          -0.894785,
          -0.43069,
          1.414731
        ],
        [
          0.0,
          0.0,
          0.0,
          1.0
        ]
      ]
    },
    {
      "file_path": "/media/NFS/ttao/scannet/posed_images/scene0045_00/00220.jpg",
      "transform_matrix": [
        [
          -0.991867,
          0.125959,
          -0.018276,
          6.605844
        ],
        [
          0.069738,
          0.41771,
          -0.9059,
          4.846633
        ],
        [
          -0.106472,
          -0.899807,
          -0.423096,
          1.414415
        ],
        [
          0.0,
          0.0,
          0.0,
          1.0
        ]
      ]
    },
    {
      "file_path": "/media/NFS/ttao/scannet/posed_images/scene0045_00/00226.jpg",
      "transform_matrix": [
        [
          -0.979819,
          0.176707,
          -0.093431,
          6.703985
        ],
        [
          0.162976,
          0.435614,
          -0.885257,
          4.801933
        ],
        [
          -0.115731,
          -0.882618,
          -0.455622,
          1.414819
        ],
        [
          0.0,
          0.0,
          0.0,
          1.0
        ]
      ]
    },
    {
      "file_path": "/media/NFS/ttao/scannet/posed_images/scene0045_00/00228.jpg",
      "transform_matrix": [
        [
          -0.972018,
          0.199286,
          -0.124362,
          6.742554
        ],
        [
          0.201419,
          0.43465,
          -0.877787,
          4.790109
        ],
        [
          -0.120877,
          -0.878273,
          -0.462628,
          1.41897
        ],
        [
          0.0,
          0.0,
          0.0,
          1.0
        ]
      ]
    },
    {
      "file_path": "/media/NFS/ttao/scannet/posed_images/scene0045_00/00232.jpg",
      "transform_matrix": [
        [
          -0.952794,
          0.250351,
          -0.17178,
          6.828947
        ],
        [
          0.269375,
          0.435999,
          -0.858686,
          4.75927
        ],
        [
          -0.140077,
          -0.864424,
          -0.482855,
          1.435524
        ],
        [
          0.0,
          0.0,
          0.0,
          1.0
        ]
      ]
    },
    {
      "file_path": "/media/NFS/ttao/scannet/posed_images/scene0045_00/00238.jpg",
      "transform_matrix": [
        [
          -0.928043,
          0.282781,
          -0.242426,
          6.92967
        ],
        [
          0.351509,
          0.449642,
          -0.821135,
          4.705511
        ],
        [
          -0.123196,
          -0.847264,
          -0.516688,
          1.433592
        ],
        [
          0.0,
          0.0,
          0.0,
          1.0
        ]
      ]
    },
    {
      "file_path": "/media/NFS/ttao/scannet/posed_images/scene0045_00/00242.jpg",
      "transform_matrix": [
        [
          -0.913212,
          0.300837,
          -0.274847,
          6.978191
        ],
        [
          0.390721,
          0.454997,
          -0.800196,
          4.658943
        ],
        [
          -0.115674,
          -0.838137,
          -0.533053,
          1.433439
        ],
        [
          0.0,
          0.0,
          0.0,
          1.0
        ]
      ]
    },
    {
      "file_path": "/media/NFS/ttao/scannet/posed_images/scene0045_00/00243.jpg",
      "transform_matrix": [
        [
          -0.911536,
          0.304001,
          -0.276923,
          6.986039
        ],
        [
          0.394259,
          0.454655,
          -0.798654,
          4.649642
        ],
        [
          -0.116888,
          -0.837181,
          -0.534289,
          1.431435
        ],
        [
          0.0,
          0.0,
          0.0,
          1.0
        ]
      ]
    },
    {
      "file_path": "/media/NFS/ttao/scannet/posed_images/scene0045_00/00246.jpg",
      "transform_matrix": [
        [
          -0.899103,
          0.330735,
          -0.286753,
          7.014422
        ],
        [
          0.417012,
          0.447982,
          -0.79083,
          4.612412
        ],
        [
          -0.133095,
          -0.830618,
          -0.540703,
          1.432711
        ],
        [
          0.0,
          0.0,
          0.0,
          1.0
        ]
      ]
    },
    {
      "file_path": "/media/NFS/ttao/scannet/posed_images/scene0045_00/00252.jpg",
      "transform_matrix": [
        [
          -0.861924,
          0.405163,
          -0.304843,
          7.076886
        ],
        [
          0.472638,
          0.424345,
          -0.772363,
          4.542062
        ],
        [
          -0.183575,
          -0.809799,
          -0.557249,
          1.445749
        ],
        [
          0.0,
          0.0,
          0.0,
          1.0
        ]
      ]
    },
    {
      "file_path": "/media/NFS/ttao/scannet/posed_images/scene0045_00/00257.jpg",
      "transform_matrix": [
        [
          -0.823805,
          0.422037,
          -0.378458,
          7.129706
        ],
        [
          0.546947,
          0.41631,
          -0.726316,
          4.501785
        ],
        [
          -0.148976,
          -0.805339,
          -0.57379,
          1.458023
        ],
        [
          0.0,
          0.0,
          0.0,
          1.0
        ]
      ]
    },
    {
      "file_path": "/media/NFS/ttao/scannet/posed_images/scene0045_00/00262.jpg",
      "transform_matrix": [
        [
          -0.767016,
          0.457767,
          -0.449595,
          7.177595
        ],
        [
          0.63012,
          0.40529,
          -0.662336,
          4.494317
        ],
        [
          -0.120979,
          -0.791321,
          -0.599312,
          1.454043
        ],
        [
          0.0,
          0.0,
          0.0,
          1.0
        ]
      ]
    },
    {
      "file_path": "/media/NFS/ttao/scannet/posed_images/scene0045_00/00265.jpg",
      "transform_matrix": [
        [
          -0.72968,
          0.482681,
          -0.48434,
          7.211652
        ],
        [
          0.673637,
          0.385831,
          -0.630355,
          4.495184
        ],
        [
          -0.117387,
          -0.786227,
          -0.606685,
          1.456127
        ],
        [
          0.0,
          0.0,
          0.0,
          1.0
        ]
      ]
    },
    {
      "file_path": "/media/NFS/ttao/scannet/posed_images/scene0045_00/00268.jpg",
      "transform_matrix": [
        [
          -0.698691,
          0.510075,
          -0.501652,
          7.2399
        ],
        [
          0.705494,
          0.374814,
          -0.601492,
          4.505003
        ],
        [
          -0.11878,
          -0.774169,
          -0.621734,
          1.462476
        ],
        [
          0.0,
          0.0,
          0.0,
          1.0
        ]
      ]
    },
    {
      "file_path": "/media/NFS/ttao/scannet/posed_images/scene0045_00/00270.jpg",
      "transform_matrix": [
        [
          -0.673963,
          0.526917,
          -0.517815,
          7.26441
        ],
        [
          0.728953,
          0.360455,
          -0.581979,
          4.508429
        ],
        [
          -0.120005,
          -0.769695,
          -0.627031,
          1.464917
        ],
        [
          0.0,
          0.0,
          0.0,
          1.0
        ]
      ]
    },
    {
      "file_path": "/media/NFS/ttao/scannet/posed_images/scene0045_00/00275.jpg",
      "transform_matrix": [
        [
          -0.608558,
          0.571441,
          -0.550555,
          7.275761
        ],
        [
          0.784623,
          0.3298,
          -0.524975,
          4.520094
        ],
        [
          -0.11842,
          -0.751456,
          -0.649068,
          1.479717
        ],
        [
          0.0,
          0.0,
          0.0,
          1.0
        ]
      ]
    },
    {
      "file_path": "/media/NFS/ttao/scannet/posed_images/scene0045_00/00279.jpg",
      "transform_matrix": [
        [
          -0.581997,
          0.564428,
          -0.585406,
          7.27453
        ],
        [
          0.802879,
          0.284556,
          -0.523844,
          4.544234
        ],
        [
          -0.129091,
          -0.774886,
          -0.618778,
          1.487179
        ],
        [
          0.0,
          0.0,
          0.0,
          1.0
        ]
      ]
    },
    {
      "file_path": "/media/NFS/ttao/scannet/posed_images/scene0045_00/00285.jpg",
      "transform_matrix": [
        [
          -0.559102,
          0.550592,
          -0.619882,
          7.2318
        ],
        [
          0.818646,
          0.248261,
          -0.517866,
          4.588328
        ],
        [
          -0.13124,
          -0.797004,
          -0.589543,
          1.490234
        ],
        [
          0.0,
          0.0,
          0.0,
          1.0
        ]
      ]
    },
    {
      "file_path": "/media/NFS/ttao/scannet/posed_images/scene0045_00/00286.jpg",
      "transform_matrix": [
        [
          -0.556449,
          0.549878,
          -0.622896,
          7.215314
        ],
        [
          0.820447,
          0.245194,
          -0.516475,
          4.59729
        ],
        [
          -0.131268,
          -0.798445,
          -0.587583,
          1.492588
        ],
        [
          0.0,
          0.0,
          0.0,
          1.0
        ]
      ]
    },
    {
      "file_path": "/media/NFS/ttao/scannet/posed_images/scene0045_00/00291.jpg",
      "transform_matrix": [
        [
          -0.552798,
          0.514825,
          -0.655264,
          7.149909
        ],
        [
          0.824893,
          0.226551,
          -0.517906,
          4.657878
        ],
        [
          -0.11818,
          -0.826819,
          -0.549912,
          1.48325
        ],
        [
          0.0,
          0.0,
          0.0,
          1.0
        ]
      ]
    },
    {
      "file_path": "/media/NFS/ttao/scannet/posed_images/scene0045_00/00297.jpg",
      "transform_matrix": [
        [
          -0.570781,
          0.474706,
          -0.669973,
          7.05217
        ],
        [
          0.813808,
          0.218539,
          -0.538477,
          4.730611
        ],
        [
          -0.109203,
          -0.852581,
          -0.511057,
          1.479519
        ],
        [
          0.0,
          0.0,
          0.0,
          1.0
        ]
      ]
    },
    {
      "file_path": "/media/NFS/ttao/scannet/posed_images/scene0045_00/00299.jpg",
      "transform_matrix": [
        [
          -0.580777,
          0.476356,
          -0.660138,
          7.021976
        ],
        [
          0.805948,
          0.222246,
          -0.548685,
          4.748794
        ],
        [
          -0.114656,
          -0.850701,
          -0.512993,
          1.471663
        ],
        [
          0.0,
          0.0,
          0.0,
          1.0
        ]
      ]
    },
    {
      "file_path": "/media/NFS/ttao/scannet/posed_images/scene0045_00/00303.jpg",
      "transform_matrix": [
        [
          -0.581645,
          0.483625,
          -0.654061,
          6.947238
        ],
        [
          0.804864,
          0.225699,
          -0.548866,
          4.770185
        ],
        [
          -0.117824,
