{
  "frames": [
    {
      "file_path": "/media/NFS/ttao/scannet/posed_images/scene0700_00/00000.jpg",
      "transform_matrix": [
        [
          -0.855481,
          -0.390721,
          0.339838,
          1.277922
        ],
        [
          -0.517468,
          0.620336,
          -0.589415,
          1.670017
        ],
        [
          0.019483,
          -0.680089,
          -0.732871,
          1.579458
        ],
        [
          0.0,
          0.0,
          0.0,
          1.0
        ]
      ]
    },
    {
      "file_path": "/media/NFS/ttao/scannet/posed_images/scene0700_00/00023.jpg",
      "transform_matrix": [
        [
          -0.842358,
          -0.406251,
          0.35411,
          1.258151
        ],
        [
          -0.537987,
          0.595282,
          -0.596833,
          1.663102
        ],
        [
          0.031669,
          -0.693254,
          -0.719998,
          1.585366
        ],
        [
          0.0,
          0.0,
          0.0,
          1.0
        ]
      ]
    },
    {
      "file_path": "/media/NFS/ttao/scannet/posed_images/scene0700_00/00037.jpg",
      "transform_matrix": [
        [
          -0.811454,
          -0.413746,
          0.412742,
          1.272865
        ],
        [
          -0.581891,
          0.506419,
          -0.636351,
          1.685919
        ],
        [
          0.054267,
          -0.756541,
          -0.651691,
          1.615535
        ],
        [
          0.0,
          0.0,
          0.0,
          1.0
        ]
      ]
    },
    {
      "file_path": "/media/NFS/ttao/scannet/posed_images/scene0700_00/00041.jpg",
      "transform_matrix": [
        [
          -0.793334,
          -0.418104,
          0.442505,
          1.269583
        ],
        [
          -0.606567,
          0.48084,
          -0.633143,
          1.702761
        ],
        [
          0.051945,
          -0.770703,
          -0.635074,
          1.604889
        ],
        [
          0.0,
          0.0,
          0.0,
          1.0
        ]
      ]
    },
    {
      "file_path": "/media/NFS/ttao/scannet/posed_images/scene0700_00/00069.jpg",
      "transform_matrix": [
        [
          -0.433243,
          -0.639601,
          0.634989,
          1.326163
        ],
        [
          -0.900356,
          0.275305,
          -0.336995,
          1.838491
        ],
        [
          0.040727,
          -0.717717,
          -0.695143,
          1.571227
        ],
        [
          0.0,
          0.0,
          0.0,
          1.0
        ]
      ]
    },
    {
      "file_path": "/media/NFS/ttao/scannet/posed_images/scene0700_00/00082.jpg",
      "transform_matrix": [
        [
          -0.28192,
          -0.7434,
          0.606528,
          1.410141
        ],
        [
          -0.957558,
          0.178459,
          -0.226352,
          1.865907
        ],
        [
          0.06003,
          -0.644599,
          -0.76216,
          1.498844
        ],
        [
          0.0,
          0.0,
          0.0,
          1.0
        ]
      ]
    },
    {
      "file_path": "/media/NFS/ttao/scannet/posed_images/scene0700_00/00096.jpg",
      "transform_matrix": [
        [
          -0.119021,
          -0.735392,
          0.667108,
          1.59455
        ],
        [
          -0.992323,
          0.065359,
          -0.104994,
          1.917722
        ],
        [
          0.03361,
          -0.674483,
          -0.737525,
          1.510127
        ],
        [
          0.0,
          0.0,
          0.0,
          1.0
        ]
      ]
    },
    {
      "file_path": "/media/NFS/ttao/scannet/posed_images/scene0700_00/00110.jpg",
      "transform_matrix": [
        [
          0.082194,
          -0.651239,
          0.754409,
          1.664074
        ],
        [
          -0.996612,
          -0.055913,
          0.060316,
          1.975888
        ],
        [
          0.002901,
          -0.75681,
          -0.653628,
          1.545823
        ],
        [
          0.0,
          0.0,
          0.0,
          1.0
        ]
      ]
    },
    {
      "file_path": "/media/NFS/ttao/scannet/posed_images/scene0700_00/00128.jpg",
      "transform_matrix": [
        [
          0.360742,
          -0.547797,
          0.75484,
          1.785963
        ],
        [
          -0.932655,
          -0.208032,
          0.294749,
          1.9136
        ],
        [
          -0.004432,
          -0.810334,
          -0.585952,
          1.577526
        ],
        [
          0.0,
          0.0,
          0.0,
          1.0
        ]
      ]
    },
    {
      "file_path": "/media/NFS/ttao/scannet/posed_images/scene0700_00/00147.jpg",
      "transform_matrix": [
        [
          0.62798,
          -0.479324,
          0.613099,
          1.885509
        ],
        [
          -0.778112,
          -0.400427,
          0.483942,
          1.962889
        ],
        [
          0.013537,
          -0.780965,
          -0.624428,
          1.550269
        ],
        [
          0.0,
          0.0,
          0.0,
          1.0
        ]
      ]
    },
    {
      "file_path": "/media/NFS/ttao/scannet/posed_images/scene0700_00/00156.jpg",
      "transform_matrix": [
        [
          0.71184,
          -0.333482,
          0.618121,
          1.9226
        ],
        [
          -0.702222,
          -0.354182,
          0.617607,
          1.985777
        ],
        [
          0.012967,
          -0.873696,
          -0.4863,
          1.606022
        ],
        [
          0.0,
          0.0,
          0.0,
          1.0
        ]
      ]
    },
    {
      "file_path": "/media/NFS/ttao/scannet/posed_images/scene0700_00/00165.jpg",
      "transform_matrix": [
        [
          0.793983,
          -0.292501,
          0.532948,
          1.919434
        ],
        [
          -0.607196,
          -0.338197,
          0.718983,
          2.015373
        ],
        [
          -0.030062,
          -0.894464,
          -0.446128,
          1.635128
        ],
        [
          0.0,
          0.0,
          0.0,
          1.0
        ]
      ]
    },
    {
      "file_path": "/media/NFS/ttao/scannet/posed_images/scene0700_00/00183.jpg",
      "transform_matrix": [
        [
          0.943639,
          -0.190968,
          0.270329,
          1.980793
        ],
        [
          -0.330976,
          -0.547378,
          0.768657,
          1.974741
        ],
        [
          0.001183,
          -0.814806,
          -0.579732,
          1.534096
        ],
        [
          0.0,
          0.0,
          0.0,
          1.0
        ]
      ]
    },
    {
      "file_path": "/media/NFS/ttao/scannet/posed_images/scene0700_00/00197.jpg",
      "transform_matrix": [
        [
          0.992227,
          -0.063486,
          0.107032,
          1.965244
        ],
        [
          -0.122159,
          -0.660971,
          0.740402,
          1.964272
        ],
        [
          0.023739,
          -0.747722,
          -0.663588,
          1.511833
        ],
        [
          0.0,
          0.0,
          0.0,
          1.0
        ]
      ]
    },
    {
      "file_path": "/media/NFS/ttao/scannet/posed_images/scene0700_00/00220.jpg",
      "transform_matrix": [
        [
          0.974247,
          0.107977,
          -0.197951,
          1.904665
        ],
        [
          0.225459,
          -0.479778,
          0.847928,
          1.902485
        ],
        [
          -0.003416,
          -0.87072,
          -0.491767,
          1.598141
        ],
        [
          0.0,
          0.0,
          0.0,
          1.0
        ]
      ]
    },
    {
      "file_path": "/media/NFS/ttao/scannet/posed_images/scene0700_00/00225.jpg",
      "transform_matrix": [
        [
          0.965144,
          0.132001,
          -0.225995,
          1.880668
        ],
        [
          0.261706,
          -0.477392,
          0.838813,
          1.903372
        ],
        [
          0.002836,
          -0.868719,
          -0.495298,
          1.584032
        ],
        [
          0.0,
          0.0,
          0.0,
          1.0
        ]
      ]
    },
    {
      "file_path": "/media/NFS/ttao/scannet/posed_images/scene0700_00/00252.jpg",
      "transform_matrix": [
        [
          0.76823,
          0.464797,
          -0.440212,
          1.727012
        ],
        [
          0.638887,
          -0.513072,
          0.573219,
          1.9077
        ],
        [
          0.040571,
          -0.72161,
          -0.69111,
          1.487217
        ],
        [
          0.0,
          0.0,
          0.0,
          1.0
        ]
      ]
    },
    {
      "file_path": "/media/NFS/ttao/scannet/posed_images/scene0700_00/00266.jpg",
      "transform_matrix": [
        [
          0.528633,
          0.469051,
          -0.707487,
          1.766713
        ],
        [
          0.846753,
          -0.232827,
          0.478332,
          1.893866
        ],
        [
          0.05964,
          -0.851929,
          -0.52025,
          1.569048
        ],
        [
          0.0,
          0.0,
          0.0,
          1.0
        ]
      ]
    },
    {
      "file_path": "/media/NFS/ttao/scannet/posed_images/scene0700_00/00270.jpg",
      "transform_matrix": [
        [
          0.46232,
          0.439027,
          -0.7704,
          1.789511
        ],
        [
          0.885577,
          -0.184637,
          0.426219,
          1.89583
        ],
        [
          0.044878,
          -0.879298,
          -0.474153,
          1.584011
        ],
        [
          0.0,
          0.0,
          0.0,
          1.0
        ]
      ]
    },
    {
      "file_path": "/media/NFS/ttao/scannet/posed_images/scene0700_00/00298.jpg",
      "transform_matrix": [
        [
          0.09662,
          0.712611,
          -0.694874,
          1.842012
        ],
        [
          0.994282,
          -0.037201,
          0.100101,
          1.834648
        ],
        [
          0.045483,
          -0.700572,
          -0.712131,
          1.462049
        ],
        [
          0.0,
          0.0,
          0.0,
          1.0
        ]
      ]
    },
    {
      "file_path": "/media/NFS/ttao/scannet/posed_images/scene0700_00/00302.jpg",
      "transform_matrix": [
        [
          0.063316,
          0.749299,
          -0.659198,
          1.840982
        ],
        [
          0.997099,
          -0.019542,
          0.073559,
          1.833179
        ],
        [
          0.042236,
          -0.661944,
          -0.748363,
          1.446201
        ],
        [
          0.0,
          0.0,
          0.0,
          1.0
        ]
      ]
    },
    {
      "file_path": "/media/NFS/ttao/scannet/posed_images/scene0700_00/00316.jpg",
      "transform_matrix": [
        [
          -0.104644,
          0.703496,
          -0.702953,
          1.827423
        ],
        [
          0.993105,
          0.111478,
          -0.036273,
          1.800425
        ],
        [
          0.052846,
          -0.701902,
          -0.710311,
          1.449061
        ],
        [
          0.0,
          0.0,
          0.0,
          1.0
        ]
      ]
    },
    {
      "file_path": "/media/NFS/ttao/scannet/posed_images/scene0700_00/00344.jpg",
      "transform_matrix": [
        [
          -0.362451,
          0.424275,
          -0.829832,
          1.724229
        ],
        [
          0.931044,
          0.205214,
          -0.301736,
          1.697841
        ],
        [
          0.042274,
          -0.881974,
          -0.469398,
          1.602346
        ],
        [
          0.0,
          0.0,
          0.0,
          1.0
        ]
      ]
    },
    {
      "file_path": "/media/NFS/ttao/scannet/posed_images/scene0700_00/00353.jpg",
      "transform_matrix": [
        [
          -0.546159,
          0.346112,
          -0.762834,
          1.687028
        ],
        [
          0.836478,
          0.274141,
          -0.474502,
          1.717616
        ],
        [
          0.044893,
          -0.897248,
          -0.43924,
          1.609144
        ],
        [
          0.0,
          0.0,
          0.0,
          1.0
        ]
      ]
    },
    {
      "file_path": "/media/NFS/ttao/scannet/posed_images/scene0700_00/00376.jpg",
      "transform_matrix": [
        [
          -0.811199,
          0.335893,
          -0.478677,
          1.562627
        ],
        [
          0.583442,
          0.520034,
          -0.623827,
          1.839111
        ],
        [
          0.039389,
          -0.785329,
          -0.617825,
          1.572916
        ],
        [
          0.0,
          0.0,
          0.0,
          1.0
        ]
      ]
    },
    {
      "file_path": "/media/NFS/ttao/scannet/posed_images/scene0700_00/00389.jpg",
      "transform_matrix": [
        [
          -0.880163,
          0.192157,
          -0.434037,
          1.528369
        ],
        [
          0.471573,
          0.458297,
          -0.753381,
          1.786143
        ],
        [
          0.05415,
          -0.867779,
          -0.493992,
          1.63713
        ],
        [
          0.0,
          0.0,
          0.0,
          1.0
        ]
      ]
    },
    {
      "file_path": "/media/NFS/ttao/scannet/posed_images/scene0700_00/00394.jpg",
      "transform_matrix": [
        [
          -0.907292,
          0.126517,
          -0.401016,
          1.548666
        ],
        [
          0.410895,
          0.469408,
          -0.781551,
          1.736463
        ],
        [
          0.089361,
          -0.873871,
          -0.477875,
          1.661268
        ],
        [
          0.0,
          0.0,
          0.0,
          1.0
        ]
      ]
    },
    {
      "file_path": "/media/NFS/ttao/scannet/posed_images/scene0700_00/00412.jpg",
      "transform_matrix": [
        [
          -0.992256,
          -0.124202,
          0.001324,
          1.52751
        ],
        [
          -0.084929,
          0.670648,
          -0.736898,
          1.67865
        ],
        [
          0.090637,
          -0.731304,
          -0.676003,
          1.592014
        ],
        [
          0.0,
          0.0,
          0.0,
          1.0
        ]
      ]
    },
    {
      "file_path": "/media/NFS/ttao/scannet/posed_images/scene0700_00/00435.jpg",
      "transform_matrix": [
        [
          -0.8898,
          -0.313261,
          0.331847,
          1.420837
        ],
        [
          -0.452933,
          0.517409,
          -0.726044,
          1.77111
        ],
        [
          0.055741,
          -0.796339,
          -0.602277,
          1.623478
        ],
        [
          0.0,
          0.0,
          0.0,
          1.0
        ]
      ]
    },
    {
      "file_path": "/media/NFS/ttao/scannet/posed_images/scene0700_00/00440.jpg",
      "transform_matrix": [
        [
          -0.874105,
          -0.341242,
          0.345679,
          1.407361
        ],
        [
          -0.484219,
          0.555944,
          -0.675617,
          1.765124
        ],
        [
          0.038371,
          -0.757945,
          -0.651189,
          1.607931
        ],
        [
          0.0,
          0.0,
          0.0,
          1.0
        ]
      ]
    },
    {
      "file_path": "/media/NFS/ttao/scannet/posed_images/scene0700_00/00467.jpg",
      "transform_matrix": [
        [
          -0.856035,
          -0.347614,
          0.382582,
          1.391671
        ],
        [
          -0.516081,
          0.532619,
          -0.670804,
          1.755006
        ],
        [
          0.02941,
          -0.771675,
          -0.635337,
          1.610768
        ],
        [
          0.0,
          0.0,
          0.0,
          1.0
        ]
      ]
    },
    {
      "file_path": "/media/NFS/ttao/scannet/posed_images/scene0700_00/00472.jpg",
      "transform_matrix": [
        [
          -0.860436,
          -0.331099,
          0.387329,
          1.396929
        ],
        [
          -0.508502,
          0.508987,
          -0.69452,
          1.761053
        ],
        [
          0.032809,
          -0.794547,
          -0.606315,
          1.614787
        ],
        [
          0.0,
          0.0,
          0.0,
          1.0
        ]
      ]
    },
    {
      "file_path": "/media/NFS/ttao/scannet/posed_images/scene0700_00/00486.jpg",
      "transform_matrix": [
        [
          -0.837772,
          -0.369214,
          0.402267,
          1.420994
        ],
        [
          -0.54579,
          0.544888,
          -0.636561,
          1.747233
        ],
        [
          0.015837,
          -0.752846,
          -0.658006,
          1.597541
        ],
        [
          0.0,
          0.0,
          0.0,
          1.0
        ]
      ]
    },
    {
      "file_path": "/media/NFS/ttao/scannet/posed_images/scene0700_00/00504.jpg",
      "transform_matrix": [
        [
          -0.721856,
          -0.492869,
          0.485802,
          1.505477
        ],
        [
          -0.691749,
          0.534363,
          -0.485736,
          1.787848
        ],
        [
          -0.02019,
          -0.686685,
          -0.726675,
          1.54227
        ],
        [
          0.0,
          0.0,
          0.0,
          1.0
        ]
      ]
    },
    {
      "file_path": "/media/NFS/ttao/scannet/posed_images/scene0700_00/00518.jpg",
      "transform_matrix": [
        [
          -0.816109,
          -0.467512,
          0.339703,
          1.525406
        ],
        [
          -0.577143,
          0.629325,
          -0.520438,
          1.687963
        ],
        [
          0.029527,
          -0.620791,
          -0.78342,
          1.447357
        ],
        [
          0.0,
          0.0,
          0.0,
          1.0
        ]
      ]
    },
    {
      "file_path": "/media/NFS/ttao/scannet/posed_images/scene0700_00/00532.jpg",
      "transform_matrix": [
        [
          -0.692855,
          -0.543257,
          0.474156,
          1.42009
        ],
        [
          -0.720843,
          0.505067,
          -0.474651,
          1.615459
        ],
        [
          0.018377,
          -0.670656,
          -0.741541,
          1.385282
        ],
        [
          0.0,
          0.0,
          0.0,
          1.0
        ]
      ]
    },
    {
      "file_path": "/media/NFS/ttao/scannet/posed_images/scene0700_00/00554.jpg",
      "transform_matrix": [
        [
          -0.646332,
          -0.444629,
          0.620129,
          1.31798
        ],
        [
          -0.763054,
          0.378835,
          -0.523673,
          1.59269
        ],
        [
          -0.002087,
          -0.811658,
          -0.584129,
          1.032205
        ],
        [
          0.0,
          0.0,
          0.0,
          1.0
        ]
      ]
    },
    {
      "file_path": "/media/NFS/ttao/scannet/posed_images/scene0700_00/00568.jpg",
      "transform_matrix": [
        [
          -0.675397,
          -0.431533,
          0.598012,
          1.278651
        ],
        [
          -0.73745,
          0.39221,
          -0.549854,
          1.554914
        ],
        [
          0.002734,
          -0.812373,
          -0.583131,
          0.994962
        ],
        [
          0.0,
          0.0,
          0.0,
          1.0
        ]
      ]
    },
    {
      "file_path": "/media/NFS/ttao/scannet/posed_images/scene0700_00/00582.jpg",
      "transform_matrix": [
        [
          -0.728484,
          -0.382851,
          0.568099,
          1.254427
        ],
        [
          -0.684743,
          0.381585,
          -0.620902,
          1.515687
        ],
        [
          0.020935,
          -0.841319,
          -0.540134,
          1.019099
        ],
        [
          0.0,
          0.0,
          0.0,
          1.0
        ]
      ]
    },
    {
      "file_path": "/media/NFS/ttao/scannet/posed_images/scene0700_00/00600.jpg",
      "transform_matrix": [
        [
          -0.772276,
          -0.415017,
          0.48099,
          1.227362
        ],
        [
          -0.634863,
          0.476503,
          -0.608188,
          1.491868
        ],
        [
          0.023215,
          -0.775052,
          -0.631471,
          0.969726
        ],
        [
          0.0,
          0.0,
          0.0,
          1.0
        ]
      ]
    },
    {
      "file_path": "/media/NFS/ttao/scannet/posed_images/scene0700_00/00609.jpg",
      "transform_matrix": [
        [
          -0.852691,
          -0.338429,
          0.397974,
          1.186287
        ],
        [
          -0.520768,
          0.490197,
          -0.698933,
          1.444551
        ],
        [
          0.041454,
          -0.803226,
          -0.59423,
          0.989102
        ],
        [
          0.0,
          0.0,
          0.0,
          1.0
        ]
      ]
    },
    {
      "file_path": "/media/NFS/ttao/scannet/posed_images/scene0700_00/00632.jpg",
      "transform_matrix": [
        [
          -0.898996,
          -0.202434,
          0.388365,
          1.141725
        ],
        [
          -0.437685,
          0.384014,
          -0.812997,
          1.434933
        ],
        [
          0.015441,
          -0.900863,
          -0.43383,
          1.057184
        ],
        [
          0.0,
          0.0,
          0.0,
          1.0
        ]
      ]
    },
    {
      "file_path": "/media/NFS/ttao/scannet/posed_images/scene0700_00/00646.jpg",
      "transform_matrix": [
        [
          -0.835666,
          -0.225166,
          0.500962,
          1.149899
        ],
        [
          -0.549166,
          0.357327,
          -0.755469,
          1.490543
        ],
        [
          -0.008902,
          -0.906431,
          -0.422259,
          1.067786
        ],
        [
          0.0,
          0.0,
          0.0,
          1.0
        ]
      ]
    },
    {
      "file_path": "/media/NFS/ttao/scannet/posed_images/scene0700_00/00660.jpg",
      "transform_matrix": [
        [
          -0.670108,
          -0.343545,
          0.657975,
          1.231054
        ],
        [
          -0.742145,
          0.29431,
          -0.602164,
          1.587664
        ],
        [
          0.013222,
          -0.891829,
          -0.45218,
          1.047733
        ],
        [
          0.0,
          0.0,
          0.0,
          1.0
        ]
      ]
    },
    {
      "file_path": "/media/NFS/ttao/scannet/posed_images/scene0700_00/00669.jpg",
      "transform_matrix": [
        [
          -0.64707,
          -0.395608,
          0.651762,
          1.285456
        ],
        [
          -0.761178,
          0.286232,
          -0.581961,
          1.61422
        ],
        [
          0.043674,
          -0.872677,
          -0.486341,
          1.022604
        ],
        [
          0.0,
          0.0,
          0.0,
          1.0
        ]
      ]
    },
    {
      "file_path": "/media/NFS/ttao/scannet/posed_images/scene0700_00/00696.jpg",
      "transform_matrix": [
        [
          -0.559561,
          -0.653462,
          0.509783,
          1.324955
        ],
        [
          -0.827732,
          0.471686,
          -0.303929,
          1.705499
        ],
        [
          -0.041851,
          -0.59203,
          -0.804829,
          1.395966
        ],
        [
          0.0,
          0.0,
          0.0,
          1.0
        ]
      ]
    },
    {
      "file_path": "/media/NFS/ttao/scannet/posed_images/scene0700_00/00710.jpg",
      "transform_matrix": [
        [
          -0.560978,
          -0.60639,
          0.563555,
          1.336658
        ],
        [
          -0.827681,
          0.4238,
          -0.367882,
          1.76018
        ],
        [
          -0.015755,
          -0.672818,
          -0.73964,
          1.46772
        ],
        [
          0.0,
          0.0,
          0.0,
          1.0
        ]
      ]
    },
    {
      "file_path": "/media/NFS/ttao/scannet/posed_images/scene0700_00/00724.jpg",
      "transform_matrix": [
        [
          -0.626042,
          -0.564981,
          0.537464,
          1.532523
        ],
        [
          -0.779197,
          0.480086,
          -0.40295,
          1.864189
        ],
        [
          -0.03037,
          -0.671054,
          -0.740786,
          1.440919
        ],
        [
          0.0,
          0.0,
          0.0,
          1.0
        ]
      ]
    },
    {
      "file_path": "/media/NFS/ttao/scannet/posed_images/scene0700_00/00742.jpg",
      "transform_matrix": [
        [
          -0.61664,
          -0.603834,
          0.505114,
          1.665209
        ],
        [
          -0.785374,
          0.516065,
          -0.341854,
          1.96845
        ],
        [
          -0.054249,
          -0.607504,
          -0.792462,
          1.408348
        ],
        [
          0.0,
          0.0,
          0.0,
          1.0
        ]
      ]
    },
    {
      "file_path": "/media/NFS/ttao/scannet/posed_images/scene0700_00/00747.jpg",
      "transform_matrix": [
        [
          -0.656423,
          -0.574543,
          0.488885,
          1.724834
        ],
        [
          -0.753205,
          0.535489,
          -0.382012,
          1.992588
        ],
        [
          -0.042311,
          -0.618993,
          -0.784256,
          1.393048
        ],
        [
          0.0,
          0.0,
          0.0,
          1.0
        ]
      ]
    },
    {
      "file_path": "/media/NFS/ttao/scannet/posed_images/scene0700_00/00765.jpg",
      "transform_matrix": [
        [
          -0.827255,
          -0.443393,
          0.34504,
          2.00655
        ],
        [
          -0.559944,
          0.700919,
          -0.441787,
          2.111795
        ],
        [
          -0.04596,
          -0.558674,
          -0.828113,
          1.362858
        ],
        [
          0.0,
          0.0,
          0.0,
          1.0
        ]
      ]
    },
    {
      "file_path": "/media/NFS/ttao/scannet/posed_images/scene0700_00/00779.jpg",
      "transform_matrix": [
        [
          -0.80731,
          -0.505034,
          0.305272,
          2.092491
        ],
        [
          -0.58815,
          0.646271,
          -0.486223,
          2.202777
        ],
        [
          0.048271,
          -0.572078,
          -0.818777,
          1.374538
        ],
        [
          0.0,
          0.0,
          0.0,
          1.0
        ]
      ]
    },
    {
      "file_path": "/media/NFS/ttao/scannet/posed_images/scene0700_00/00802.jpg",
      "transform_matrix": [
        [
          -0.857704,
          -0.420331,
          0.296085,
          2.111728
        ],
        [
          -0.511768,
          0.753266,
          -0.413139,
          2.146922
        ],
        [
          -0.049376,
          -0.505877,
          -0.861191,
          1.34956
        ],
        [
          0.0,
          0.0,
          0.0,
          1.0
        ]
      ]
    },
    {
      "file_path": "/media/NFS/ttao/scannet/posed_images/scene0700_00/00811.jpg",
      "transform_matrix": [
        [
          -0.933056,
          -0.303051,
          0.193819,
          2.290325
        ],
        [
          -0.35973,
          0.786083,
          -0.502661,
          2.201686
        ],
        [
          -2.6e-05,
          -0.538734,
          -0.842476,
          1.317572
        ],
        [
          0.0,
          0.0,
          0.0,
          1.0
        ]
      ]
    },
    {
      "file_path": "/media/NFS/ttao/scannet/posed_images/scene0700_00/00820.jpg",
      "transform_matrix": [
        [
          -0.968758,
          -0.202022,
          0.143855,
          2.467187
        ],
        [
          -0.2466,
          0.846339,
          -0.472122,
          2.25633
        ],
        [
          -0.026371,
          -0.492846,
          -0.869717,
          1.308661
        ],
        [
          0.0,
          0.0,
          0.0,
          1.0
        ]
      ]
    },
    {
      "file_path": "/media/NFS/ttao/scannet/posed_images/scene0700_00/00848.jpg",
      "transform_matrix": [
        [
          -0.99859,
          0.040935,
          -0.033793,
          2.613769
        ],
        [
          0.052763,
          0.835116,
          -0.547537,
          2.247461
        ],
        [
          0.005807,
          -0.548549,
          -0.836099,
          1.199516
        ],
        [
          0.0,
          0.0,
          0.0,
          1.0
        ]
      ]
    },
    {
      "file_path": "/media/NFS/ttao/scannet/posed_images/scene0700_00/00852.jpg",
      "transform_matrix": [
        [
          -0.996604,
          0.069454,
          -0.044229,
          2.625026
        ],
        [
          0.08234,
          0.838026,
          -0.539381,
          2.228707
        ],
        [
          -0.000396,
          -0.541192,
          -0.840899,
          1.180776
        ],
        [
          0.0,
          0.0,
          0.0,
          1.0
        ]
      ]
    },
    {
      "file_path": "/media/NFS/ttao/scannet/posed_images/scene0700_00/00871.jpg",
      "transform_matrix": [
        [
          -0.99981,
          -0.014164,
          -0.013383,
          2.602614
        ],
        [
          -0.004999,
          0.850215,
          -0.526412,
          2.199161
        ],
        [
          0.018835,
          -0.526245,
          -0.850125,
          1.191893
        ],
        [
          0.0,
          0.0,
          0.0,
          1.0
        ]
      ]
    },
    {
      "file_path": "/media/NFS/ttao/scannet/posed_images/scene0700_00/00893.jpg",
      "transform_matrix": [
        [
          -0.933717,
          -0.331596,
          0.134969,
          2.335282
        ],
        [
          -0.350591,
          0.770536,
          -0.532316,
          2.179533
        ],
        [
          0.072516,
          -0.544352,
          -0.835717,
          1.20764
        ],
        [
          0.0,
          0.0,
          0.0,
          1.0
        ]
      ]
    },
    {
      "file_path": "/media/NFS/ttao/scannet/posed_images/scene0700_00/00903.jpg",
      "transform_matrix": [
        [
          -0.89164,
          -0.421581,
          0.16507,
          2.223668
        ],
        [
          -0.448251,
          0.77077,
          -0.452753,
          2.129607
        ],
        [
          0.063641,
          -0.477685,
          -0.876223,
          1.21086
        ],
        [
          0.0,
          0.0,
          0.0,
          1.0
        ]
      ]
    },
    {
      "file_path": "/media/NFS/ttao/scannet/posed_images/scene0700_00/00912.jpg",
      "transform_matrix": [
        [
          -0.914651,
          -0.375072,
          0.150781,
          2.17371
        ],
        [
          -0.398887,
          0.776869,
          -0.487201,
          2.05271
        ],
        [
          0.065598,
          -0.505763,
          -0.860175,
          1.220071
        ],
        [
          0.0,
          0.0,
          0.0,
          1.0
        ]
      ]
    },
    {
      "file_path": "/media/NFS/ttao/scannet/posed_images/scene0700_00/00939.jpg",
      "transform_matrix": [
        [
          -0.680688,
          -0.630826,
          0.372454,
          1.878212
        ],
        [
          -0.732551,
          0.590037,
          -0.339448,
          1.940949
        ],
        [
          -0.005629,
          -0.5039,
          -0.863743,
          1.229971
        ],
        [
          0.0,
          0.0,
          0.0,
          1.0
        ]
      ]
    },
    {
      "file_path": "/media/NFS/ttao/scannet/posed_images/scene0700_00/00944.jpg",
      "transform_matrix": [
        [
          -0.646982,
          -0.648803,
          0.400586,
          1.84823
        ],
        [
          -0.761946,
          0.570228,
          -0.307049,
          1.903787
        ],
        [
          -0.029211,
          -0.50388,
          -0.86328,
          1.225745
        ],
        [
          0.0,
          0.0,
          0.0,
          1.0
        ]
      ]
    },
    {
      "file_path": "/media/NFS/ttao/scannet/posed_images/scene0700_00/00958.jpg",
      "transform_matrix": [
        [
          -0.560372,
          -0.716173,
          0.416028,
          1.759172
        ],
        [
          -0.824874,
          0.437332,
          -0.358223,
          1.806436
        ],
        [
          0.074607,
          -0.543909,
          -0.835821,
          1.27354
        ],
        [
          0.0,
          0.0,
          0.0,
          1.0
        ]
      ]
    },
    {
      "file_path": "/media/NFS/ttao/scannet/posed_images/scene0700_00/00981.jpg",
      "transform_matrix": [
        [
          -0.644786,
          -0.564745,
          0.515086,
          1.415444
        ],
        [
          -0.762148,
          0.42375,
          -0.489455,
          1.609089
        ],
        [
          0.058149,
          -0.708166,
          -0.703648,
          1.4445
        ],
        [
          0.0,
          0.0,
          0.0,
          1.0
        ]
      ]
    },
    {
      "file_path": "/media/NFS/ttao/scannet/posed_images/scene0700_00/00994.jpg",
      "transform_matrix": [
        [
          -0.645716,
          -0.503516,
          0.574041,
          1.344375
        ],
        [
          -0.763061,
          0.397846,
          -0.509369,
          1.589803
        ],
        [
          0.028095,
          -0.766936,
          -0.641108,
          1.485766
        ],
        [
          0.0,
          0.0,
          0.0,
          1.0
        ]
      ]
    },
    {
      "file_path": "/media/NFS/ttao/scannet/posed_images/scene0700_00/01013.jpg",
      "transform_matrix": [
        [
          -0.638166,
          -0.436379,
          0.634285,
          1.331004
        ],
        [
          -0.76938,
          0.331226,
          -0.546209,
          1.589435
        ],
        [
          0.028262,
          -0.836578,
          -0.547118,
          1.579631
        ],
        [
          0.0,
          0.0,
          0.0,
          1.0
        ]
      ]
    },
    {
      "file_path": "/media/NFS/ttao/scannet/posed_images/scene0700_00/01031.jpg",
      "transform_matrix": [
        [
          -0.604581,
          -0.414891,
          0.679961,
          1.357534
        ],
        [
          -0.79637,
          0.297006,
          -0.526861,
          1.617385
        ],
        [
          0.016638,
          -0.860031,
          -0.509971,
          1.617254
        ],
        [
          0.0,
          0.0,
          0.0,
          1.0
        ]
      ]
    },
    {
      "file_path": "/media/NFS/ttao/scannet/posed_images/scene0700_00/01045.jpg",
      "transform_matrix": [
        [
          -0.683627,
          -0.344926,
          0.64318,
          1.324609
        ],
        [
          -0.729066,
          0.282394,
          -0.623472,
          1.558357
        ],
        [
          0.033422,
          -0.895143,
          -0.444526,
          1.615352
        ],
        [
          0.0,
          0.0,
          0.0,
          1.0
        ]
      ]
    },
    {
      "file_path": "/media/NFS/ttao/scannet/posed_images/scene0700_00/01049.jpg",
      "transform_matrix": [
        [
          -0.704667,
          -0.347232,
          0.618768,
          1.319137
        ],
        [
          -0.708839,
          0.305804,
          -0.635635,
          1.537895
        ],
        [
          0.031492,
          -0.886518,
          -0.461622,
          1.620427
        ],
        [
          0.0,
          0.0,
          0.0,
          1.0
        ]
      ]
    },
    {
      "file_path": "/media/NFS/ttao/scannet/posed_images/scene0700_00/01072.jpg",
      "transform_matrix": [
        [
          -0.8466,
          -0.305071,
          0.436119,
          1.244292
        ],
        [
          -0.529994,
          0.408201,
          -0.743289,
          1.391287
        ],
        [
          0.048732,
          -0.860409,
          -0.507269,
          1.609173
        ],
        [
          0.0,
          0.0,
          0.0,
          1.0
        ]
      ]
    },
    {
      "file_path": "/media/NFS/ttao/scannet/posed_images/scene0700_00/01086.jpg",
      "transform_matrix": [
        [
          -0.849941,
          -0.270074,
          0.452395,
          1.230725
        ],
        [
          -0.526771,
          0.418258,
          -0.739981,
          1.378595
        ],
        [
          0.010632,
          -0.867249,
          -0.497762,
          1.619977
        ],
        [
          0.0,
          0.0,
          0.0,
          1.0
        ]
      ]
    },
    {
      "file_path": "/media/NFS/ttao/scannet/posed_images/scene0700_00/01100.jpg",
      "transform_matrix": [
        [
          -0.676839,
          -0.363016,
          0.640397,
          1.3017
        ],
        [
          -0.735814,
          0.308093,
          -0.603039,
          1.499896
        ],
        [
          0.021612,
          -0.879374,
          -0.475642,
          1.627559
        ],
        [
          0.0,
          0.0,
          0.0,
          1.0
        ]
      ]
    },
    {
      "file_path": "/media/NFS/ttao/scannet/posed_images/scene0700_00/01123.jpg",
      "transform_matrix": [
        [
          -0.630125,
          -0.293043,
          0.719075,
          1.357758
        ],
        [
          -0.77635,
          0.219946,
          -0.590681,
          1.510818
        ],
        [
          0.014937,
          -0.930457,
          -0.366097,
          1.825389
        ],
        [
          0.0,
          0.0,
          0.0,
          1.0
        ]
      ]
    },
    {
      "file_path": "/media/NFS/ttao/scannet/posed_images/scene0700_00/01127.jpg",
      "transform_matrix": [
        [
          -0.625986,
          -0.290249,
          0.723808,
          1.354226
        ],
        [
          -0.779667,
          0.213697,
          -0.588603,
          1.511743
        ],
        [
          0.016166,
          -0.932786,
          -0.360069,
          1.841737
        ],
        [
          0.0,
          0.0,
          0.0,
          1.0
        ]
      ]
    },
    {
      "file_path": "/media/NFS/ttao/scannet/posed_images/scene0700_00/01146.jpg",
      "transform_matrix": [
        [
          -0.680866,
          -0.286341,
          0.674114,
          1.331201
        ],
        [
          -0.732175,
          0.242891,
          -0.636337,
          1.499311
        ],
        [
          0.018473,
          -0.926829,
          -0.375029,
          1.855591
        ],
        [
          0.0,
          0.0,
          0.0,
          1.0
        ]
      ]
    },
    {
      "file_path": "/media/NFS/ttao/scannet/posed_images/scene0700_00/01168.jpg",
      "transform_matrix": [
        [
          -0.833538,
          -0.192774,
          0.517737,
          1.218894
        ],
        [
          -0.55245,
          0.296875,
          -0.778886,
          1.395958
        ],
        [
          -0.003554,
          -0.935256,
          -0.353955,
          1.87121
        ],
        [
          0.0,
          0.0,
          0.0,
          1.0
        ]
      ]
    },
    {
      "file_path": "/media/NFS/ttao/scannet/posed_images/scene0700_00/01182.jpg",
      "transform_matrix": [
        [
          -0.80367,
          -0.213858,
          0.555319,
          1.187315
        ],
        [
          -0.595066,
          0.294176,
          -0.747902,
          1.382251
        ],
        [
          -0.003417,
