{
  "frames": [
    {
      "file_path": "/media/NFS/ttao/scannet/posed_images/scene0588_00/00003.jpg",
      "transform_matrix": [
        [
          -0.558005,
          0.337692,
          -0.758021,
          6.372478
        ],
        [
          0.829815,
          0.220224,
          -0.512747,
          2.815634
        ],
        [
          -0.006216,
          -0.915132,
          -0.403108,
          1.444147
        ],
        [
          0.0,
          0.0,
          0.0,
          1.0
        ]
      ]
    },
    {
      "file_path": "/media/NFS/ttao/scannet/posed_images/scene0588_00/00010.jpg",
      "transform_matrix": [
        [
          -0.550262,
          0.354395,
          -0.756053,
          6.347775
        ],
        [
          0.834914,
          0.221136,
          -0.504002,
          2.806952
        ],
        [
          -0.011425,
          -0.908572,
          -0.417572,
          1.446382
        ],
        [
          0.0,
          0.0,
          0.0,
          1.0
        ]
      ]
    },
    {
      "file_path": "/media/NFS/ttao/scannet/posed_images/scene0588_00/00020.jpg",
      "transform_matrix": [
        [
          -0.582372,
          0.395659,
          -0.710139,
          6.307495
        ],
        [
          0.812278,
          0.248427,
          -0.527721,
          2.811145
        ],
        [
          -0.03238,
          -0.88416,
          -0.466061,
          1.415339
        ],
        [
          0.0,
          0.0,
          0.0,
          1.0
        ]
      ]
    },
    {
      "file_path": "/media/NFS/ttao/scannet/posed_images/scene0588_00/00034.jpg",
      "transform_matrix": [
        [
          -0.575996,
          0.438026,
          -0.690189,
          6.27758
        ],
        [
          0.815278,
          0.246287,
          -0.524084,
          2.828327
        ],
        [
          -0.059578,
          -0.864567,
          -0.498974,
          1.365743
        ],
        [
          0.0,
          0.0,
          0.0,
          1.0
        ]
      ]
    },
    {
      "file_path": "/media/NFS/ttao/scannet/posed_images/scene0588_00/00047.jpg",
      "transform_matrix": [
        [
          -0.541138,
          0.400713,
          -0.739323,
          6.342262
        ],
        [
          0.839537,
          0.206775,
          -0.502416,
          2.876919
        ],
        [
          -0.048451,
          -0.892566,
          -0.448307,
          1.401278
        ],
        [
          0.0,
          0.0,
          0.0,
          1.0
        ]
      ]
    },
    {
      "file_path": "/media/NFS/ttao/scannet/posed_images/scene0588_00/00054.jpg",
      "transform_matrix": [
        [
          -0.519745,
          0.378167,
          -0.766064,
          6.414203
        ],
        [
          0.853938,
          0.203104,
          -0.479102,
          2.917144
        ],
        [
          -0.02559,
          -0.903183,
          -0.428493,
          1.421363
        ],
        [
          0.0,
          0.0,
          0.0,
          1.0
        ]
      ]
    },
    {
      "file_path": "/media/NFS/ttao/scannet/posed_images/scene0588_00/00070.jpg",
      "transform_matrix": [
        [
          -0.449883,
          0.338037,
          -0.826641,
          6.454427
        ],
        [
          0.892213,
          0.129167,
          -0.432749,
          3.043232
        ],
        [
          -0.039511,
          -0.932227,
          -0.359711,
          1.449379
        ],
        [
          0.0,
          0.0,
          0.0,
          1.0
        ]
      ]
    },
    {
      "file_path": "/media/NFS/ttao/scannet/posed_images/scene0588_00/00081.jpg",
      "transform_matrix": [
        [
          -0.475199,
          0.308312,
          -0.824094,
          6.330369
        ],
        [
          0.879289,
          0.132112,
          -0.4576,
          3.115455
        ],
        [
          -0.032211,
          -0.942067,
          -0.333874,
          1.454632
        ],
        [
          0.0,
          0.0,
          0.0,
          1.0
        ]
      ]
    },
    {
      "file_path": "/media/NFS/ttao/scannet/posed_images/scene0588_00/00094.jpg",
      "transform_matrix": [
        [
          -0.503569,
          0.340826,
          -0.793887,
          6.219413
        ],
        [
          0.862939,
          0.153868,
          -0.481312,
          3.158191
        ],
        [
          -0.04189,
          -0.92745,
          -0.371595,
          1.444694
        ],
        [
          0.0,
          0.0,
          0.0,
          1.0
        ]
      ]
    },
    {
      "file_path": "/media/NFS/ttao/scannet/posed_images/scene0588_00/00097.jpg",
      "transform_matrix": [
        [
          -0.503376,
          0.345281,
          -0.792082,
          6.203963
        ],
        [
          0.862833,
          0.151883,
          -0.482131,
          3.15451
        ],
        [
          -0.046167,
          -0.926128,
          -0.374374,
          1.428951
        ],
        [
          0.0,
          0.0,
          0.0,
          1.0
        ]
      ]
    },
    {
      "file_path": "/media/NFS/ttao/scannet/posed_images/scene0588_00/00117.jpg",
      "transform_matrix": [
        [
          -0.523099,
          0.326477,
          -0.787261,
          5.940813
        ],
        [
          0.852198,
          0.188194,
          -0.488203,
          3.105919
        ],
        [
          -0.011229,
          -0.926281,
          -0.376667,
          1.474413
        ],
        [
          0.0,
          0.0,
          0.0,
          1.0
        ]
      ]
    },
    {
      "file_path": "/media/NFS/ttao/scannet/posed_images/scene0588_00/00121.jpg",
      "transform_matrix": [
        [
          -0.523772,
          0.332725,
          -0.784192,
          5.873286
        ],
        [
          0.851427,
          0.175172,
          -0.494356,
          3.111753
        ],
        [
          -0.027116,
          -0.926611,
          -0.375042,
          1.483388
        ],
        [
          0.0,
          0.0,
          0.0,
          1.0
        ]
      ]
    },
    {
      "file_path": "/media/NFS/ttao/scannet/posed_images/scene0588_00/00134.jpg",
      "transform_matrix": [
        [
          -0.540479,
          0.327214,
          -0.775122,
          5.664611
        ],
        [
          0.839254,
          0.144562,
          -0.524171,
          3.145698
        ],
        [
          -0.059463,
          -0.933827,
          -0.352749,
          1.462061
        ],
        [
          0.0,
          0.0,
          0.0,
          1.0
        ]
      ]
    },
    {
      "file_path": "/media/NFS/ttao/scannet/posed_images/scene0588_00/00144.jpg",
      "transform_matrix": [
        [
          -0.568981,
          0.340934,
          -0.748348,
          5.475812
        ],
        [
          0.820335,
          0.171632,
          -0.545521,
          3.191933
        ],
        [
          -0.057546,
          -0.924287,
          -0.377336,
          1.467886
        ],
        [
          0.0,
          0.0,
          0.0,
          1.0
        ]
      ]
    },
    {
      "file_path": "/media/NFS/ttao/scannet/posed_images/scene0588_00/00154.jpg",
      "transform_matrix": [
        [
          -0.574994,
          0.368647,
          -0.730398,
          5.371308
        ],
        [
          0.814952,
          0.179125,
          -0.551151,
          3.218421
        ],
        [
          -0.072347,
          -0.912148,
          -0.403426,
          1.463344
        ],
        [
          0.0,
          0.0,
          0.0,
          1.0
        ]
      ]
    },
    {
      "file_path": "/media/NFS/ttao/scannet/posed_images/scene0588_00/00168.jpg",
      "transform_matrix": [
        [
          -0.581404,
          0.359568,
          -0.729849,
          5.295656
        ],
        [
          0.810038,
          0.171797,
          -0.560646,
          3.220016
        ],
        [
          -0.076205,
          -0.917168,
          -0.391148,
          1.459245
        ],
        [
          0.0,
          0.0,
          0.0,
          1.0
        ]
      ]
    },
    {
      "file_path": "/media/NFS/ttao/scannet/posed_images/scene0588_00/00181.jpg",
      "transform_matrix": [
        [
          -0.547144,
          0.321744,
          -0.772731,
          5.155461
        ],
        [
          0.836424,
          0.174794,
          -0.519463,
          3.157236
        ],
        [
          -0.032065,
          -0.930552,
          -0.364752,
          1.440973
        ],
        [
          0.0,
          0.0,
          0.0,
          1.0
        ]
      ]
    },
    {
      "file_path": "/media/NFS/ttao/scannet/posed_images/scene0588_00/00188.jpg",
      "transform_matrix": [
        [
          -0.547959,
          0.359014,
          -0.755546,
          5.005534
        ],
        [
          0.834739,
          0.176014,
          -0.521756,
          3.0969
        ],
        [
          -0.054331,
          -0.916585,
          -0.396132,
          1.430118
        ],
        [
          0.0,
          0.0,
          0.0,
          1.0
        ]
      ]
    },
    {
      "file_path": "/media/NFS/ttao/scannet/posed_images/scene0588_00/00208.jpg",
      "transform_matrix": [
        [
          -0.572024,
          0.334299,
          -0.749022,
          4.640491
        ],
        [
          0.819571,
          0.196147,
          -0.538358,
          3.069316
        ],
        [
          -0.033054,
          -0.92183,
          -0.386183,
          1.444848
        ],
        [
          0.0,
          0.0,
          0.0,
          1.0
        ]
      ]
    },
    {
      "file_path": "/media/NFS/ttao/scannet/posed_images/scene0588_00/00215.jpg",
      "transform_matrix": [
        [
          -0.59997,
          0.337146,
          -0.725512,
          4.516522
        ],
        [
          0.799219,
          0.21196,
          -0.562425,
          3.059874
        ],
        [
          -0.03584,
          -0.917282,
          -0.396623,
          1.44289
        ],
        [
          0.0,
          0.0,
          0.0,
          1.0
        ]
      ]
    },
    {
      "file_path": "/media/NFS/ttao/scannet/posed_images/scene0588_00/00222.jpg",
      "transform_matrix": [
        [
          -0.607749,
          0.341508,
          -0.716948,
          4.360413
        ],
        [
          0.793702,
          0.231582,
          -0.562501,
          3.02509
        ],
        [
          -0.026066,
          -0.910902,
          -0.411799,
          1.447282
        ],
        [
          0.0,
          0.0,
          0.0,
          1.0
        ]
      ]
    },
    {
      "file_path": "/media/NFS/ttao/scannet/posed_images/scene0588_00/00235.jpg",
      "transform_matrix": [
        [
          -0.607039,
          0.295981,
          -0.737495,
          4.08665
        ],
        [
          0.794101,
          0.261136,
          -0.548828,
          3.005895
        ],
        [
          0.030143,
          -0.918805,
          -0.393558,
          1.473491
        ],
        [
          0.0,
          0.0,
          0.0,
          1.0
        ]
      ]
    },
    {
      "file_path": "/media/NFS/ttao/scannet/posed_images/scene0588_00/00245.jpg",
      "transform_matrix": [
        [
          -0.687408,
          0.23899,
          -0.685824,
          3.884427
        ],
        [
          0.725692,
          0.263745,
          -0.635461,
          3.01521
        ],
        [
          0.029014,
          -0.934517,
          -0.354733,
          1.537366
        ],
        [
          0.0,
          0.0,
          0.0,
          1.0
        ]
      ]
    },
    {
      "file_path": "/media/NFS/ttao/scannet/posed_images/scene0588_00/00262.jpg",
      "transform_matrix": [
        [
          -0.74394,
          0.168362,
          -0.64669,
          3.635276
        ],
        [
          0.668243,
          0.190854,
          -0.719046,
          3.054946
        ],
        [
          0.002364,
          -0.967073,
          -0.25449,
          1.613517
        ],
        [
          0.0,
          0.0,
          0.0,
          1.0
        ]
      ]
    },
    {
      "file_path": "/media/NFS/ttao/scannet/posed_images/scene0588_00/00265.jpg",
      "transform_matrix": [
        [
          -0.745928,
          0.163672,
          -0.645603,
          3.615238
        ],
        [
          0.666025,
          0.181182,
          -0.723591,
          3.051535
        ],
        [
          -0.001461,
          -0.969734,
          -0.244158,
          1.622854
        ],
        [
          0.0,
          0.0,
          0.0,
          1.0
        ]
      ]
    },
    {
      "file_path": "/media/NFS/ttao/scannet/posed_images/scene0588_00/00279.jpg",
      "transform_matrix": [
        [
          -0.653368,
          0.276731,
          -0.704649,
          3.567082
        ],
        [
          0.755601,
          0.180999,
          -0.629529,
          3.053329
        ],
        [
          -0.046669,
          -0.943748,
          -0.327356,
          1.544881
        ],
        [
          0.0,
          0.0,
          0.0,
          1.0
        ]
      ]
    },
    {
      "file_path": "/media/NFS/ttao/scannet/posed_images/scene0588_00/00295.jpg",
      "transform_matrix": [
        [
          -0.458598,
          0.408264,
          -0.789309,
          3.757949
        ],
        [
          0.888473,
          0.193223,
          -0.41627,
          2.890729
        ],
        [
          -0.017435,
          -0.89218,
          -0.451343,
          1.464727
        ],
        [
          0.0,
          0.0,
          0.0,
          1.0
        ]
      ]
    },
    {
      "file_path": "/media/NFS/ttao/scannet/posed_images/scene0588_00/00309.jpg",
      "transform_matrix": [
        [
          -0.308667,
          0.438624,
          -0.843999,
          3.9144
        ],
        [
          0.951164,
          0.14573,
          -0.272123,
          2.791256
        ],
        [
          0.003637,
          -0.886776,
          -0.462185,
          1.444443
        ],
        [
          0.0,
          0.0,
          0.0,
          1.0
        ]
      ]
    },
    {
      "file_path": "/media/NFS/ttao/scannet/posed_images/scene0588_00/00316.jpg",
      "transform_matrix": [
        [
          -0.270555,
          0.446812,
          -0.852736,
          3.952246
        ],
        [
          0.962612,
          0.113272,
          -0.246065,
          2.835633
        ],
        [
          -0.013354,
          -0.887428,
          -0.460753,
          1.463909
        ],
        [
          0.0,
          0.0,
          0.0,
          1.0
        ]
      ]
    },
    {
      "file_path": "/media/NFS/ttao/scannet/posed_images/scene0588_00/00322.jpg",
      "transform_matrix": [
        [
          -0.234959,
          0.426926,
          -0.873229,
          3.982728
        ],
        [
          0.971022,
          0.062691,
          -0.230623,
          2.885018
        ],
        [
          -0.043716,
          -0.902111,
          -0.429284,
          1.475905
        ],
        [
          0.0,
          0.0,
          0.0,
          1.0
        ]
      ]
    },
    {
      "file_path": "/media/NFS/ttao/scannet/posed_images/scene0588_00/00336.jpg",
      "transform_matrix": [
        [
          -0.104713,
          0.386874,
          -0.916168,
          3.944719
        ],
        [
          0.994409,
          0.028062,
          -0.101805,
          2.891316
        ],
        [
          -0.013676,
          -0.921706,
          -0.387649,
          1.530847
        ],
        [
          0.0,
          0.0,
          0.0,
          1.0
        ]
      ]
    },
    {
      "file_path": "/media/NFS/ttao/scannet/posed_images/scene0588_00/00346.jpg",
      "transform_matrix": [
        [
          0.003299,
          0.32847,
          -0.944509,
          3.877581
        ],
        [
          0.999461,
          -0.031924,
          -0.007611,
          2.768695
        ],
        [
          -0.032652,
          -0.943975,
          -0.328398,
          1.585631
        ],
        [
          0.0,
          0.0,
          0.0,
          1.0
        ]
      ]
    },
    {
      "file_path": "/media/NFS/ttao/scannet/posed_images/scene0588_00/00363.jpg",
      "transform_matrix": [
        [
          0.134298,
          0.257942,
          -0.956781,
          3.675098
        ],
        [
          0.990926,
          -0.029666,
          0.131093,
          2.743647
        ],
        [
          0.005431,
          -0.965705,
          -0.259585,
          1.692295
        ],
        [
          0.0,
          0.0,
          0.0,
          1.0
        ]
      ]
    },
    {
      "file_path": "/media/NFS/ttao/scannet/posed_images/scene0588_00/00373.jpg",
      "transform_matrix": [
        [
          0.253911,
          0.221425,
          -0.941541,
          3.535919
        ],
        [
          0.965796,
          -0.110986,
          0.23435,
          2.728413
        ],
        [
          -0.052607,
          -0.968841,
          -0.242032,
          1.645044
        ],
        [
          0.0,
          0.0,
          0.0,
          1.0
        ]
      ]
    },
    {
      "file_path": "/media/NFS/ttao/scannet/posed_images/scene0588_00/00383.jpg",
      "transform_matrix": [
        [
          0.327522,
          0.274339,
          -0.904139,
          3.433054
        ],
        [
          0.943924,
          -0.137221,
          0.300298,
          2.677574
        ],
        [
          -0.041684,
          -0.951792,
          -0.303898,
          1.607006
        ],
        [
          0.0,
          0.0,
          0.0,
          1.0
        ]
      ]
    },
    {
      "file_path": "/media/NFS/ttao/scannet/posed_images/scene0588_00/00396.jpg",
      "transform_matrix": [
        [
          0.520087,
          0.276158,
          -0.808236,
          3.342665
        ],
        [
          0.850692,
          -0.252091,
          0.461273,
          2.537618
        ],
        [
          -0.076365,
          -0.927463,
          -0.366035,
          1.563412
        ],
        [
          0.0,
          0.0,
          0.0,
          1.0
        ]
      ]
    },
    {
      "file_path": "/media/NFS/ttao/scannet/posed_images/scene0588_00/00399.jpg",
      "transform_matrix": [
        [
          0.535655,
          0.269365,
          -0.800323,
          3.319882
        ],
        [
          0.84059,
          -0.260455,
          0.474944,
          2.499898
        ],
        [
          -0.080514,
          -0.927149,
          -0.365939,
          1.555758
        ],
        [
          0.0,
          0.0,
          0.0,
          1.0
        ]
      ]
    },
    {
      "file_path": "/media/NFS/ttao/scannet/posed_images/scene0588_00/00413.jpg",
      "transform_matrix": [
        [
          0.679583,
          0.280949,
          -0.677669,
          3.186968
        ],
        [
          0.731533,
          -0.328803,
          0.597283,
          2.352673
        ],
        [
          -0.055014,
          -0.901641,
          -0.428973,
          1.518347
        ],
        [
          0.0,
          0.0,
          0.0,
          1.0
        ]
      ]
    },
    {
      "file_path": "/media/NFS/ttao/scannet/posed_images/scene0588_00/00430.jpg",
      "transform_matrix": [
        [
          0.803928,
          0.22276,
          -0.551432,
          3.023515
        ],
        [
          0.592227,
          -0.384776,
          0.707966,
          2.298528
        ],
        [
          -0.054471,
          -0.895726,
          -0.441257,
          1.504695
        ],
        [
          0.0,
          0.0,
          0.0,
          1.0
        ]
      ]
    },
    {
      "file_path": "/media/NFS/ttao/scannet/posed_images/scene0588_00/00433.jpg",
      "transform_matrix": [
        [
          0.828125,
          0.212388,
          -0.518748,
          2.996636
        ],
        [
          0.558269,
          -0.395787,
          0.72917,
          2.285459
        ],
        [
          -0.050447,
          -0.893445,
          -0.446331,
          1.496122
        ],
        [
          0.0,
          0.0,
          0.0,
          1.0
        ]
      ]
    },
    {
      "file_path": "/media/NFS/ttao/scannet/posed_images/scene0588_00/00446.jpg",
      "transform_matrix": [
        [
          0.923516,
          0.171982,
          -0.342842,
          2.929838
        ],
        [
          0.383198,
          -0.452554,
          0.805204,
          2.210003
        ],
        [
          -0.016674,
          -0.874995,
          -0.483844,
          1.465059
        ],
        [
          0.0,
          0.0,
          0.0,
          1.0
        ]
      ]
    },
    {
      "file_path": "/media/NFS/ttao/scannet/posed_images/scene0588_00/00460.jpg",
      "transform_matrix": [
        [
          0.959956,
          0.179795,
          -0.214845,
          2.832642
        ],
        [
          0.277553,
          -0.506155,
          0.816561,
          2.256719
        ],
        [
          0.038069,
          -0.843493,
          -0.535789,
          1.413819
        ],
        [
          0.0,
          0.0,
          0.0,
          1.0
        ]
      ]
    },
    {
      "file_path": "/media/NFS/ttao/scannet/posed_images/scene0588_00/00477.jpg",
      "transform_matrix": [
        [
          0.999811,
          0.009064,
          0.017201,
          2.682743
        ],
        [
          -0.009509,
          -0.543731,
          0.839206,
          2.407289
        ],
        [
          0.016959,
          -0.839211,
          -0.543542,
          1.416754
        ],
        [
          0.0,
          0.0,
          0.0,
          1.0
        ]
      ]
    },
    {
      "file_path": "/media/NFS/ttao/scannet/posed_images/scene0588_00/00487.jpg",
      "transform_matrix": [
        [
          0.981471,
          -0.137625,
          0.133321,
          2.52158
        ],
        [
          -0.18519,
          -0.502681,
          0.844403,
          2.461487
        ],
        [
          -0.049193,
          -0.853447,
          -0.518853,
          1.430461
        ],
        [
          0.0,
          0.0,
          0.0,
          1.0
        ]
      ]
    },
    {
      "file_path": "/media/NFS/ttao/scannet/posed_images/scene0588_00/00493.jpg",
      "transform_matrix": [
        [
          0.968755,
          -0.18006,
          0.17056,
          2.389546
        ],
        [
          -0.237238,
          -0.472226,
          0.848953,
          2.494904
        ],
        [
          -0.07232,
          -0.862891,
          -0.500189,
          1.442415
        ],
        [
          0.0,
          0.0,
          0.0,
          1.0
        ]
      ]
    },
    {
      "file_path": "/media/NFS/ttao/scannet/posed_images/scene0588_00/00500.jpg",
      "transform_matrix": [
        [
          0.928285,
          -0.233258,
          0.289616,
          2.300964
        ],
        [
          -0.36685,
          -0.446886,
          0.815913,
          2.551735
        ],
        [
          -0.060893,
          -0.863646,
          -0.500408,
          1.439301
        ],
        [
          0.0,
          0.0,
          0.0,
          1.0
        ]
      ]
    },
    {
      "file_path": "/media/NFS/ttao/scannet/posed_images/scene0588_00/00517.jpg",
      "transform_matrix": [
        [
          0.893558,
          -0.287432,
          0.344873,
          2.066613
        ],
        [
          -0.439051,
          -0.399072,
          0.80497,
          2.786246
        ],
        [
          -0.093745,
          -0.870704,
          -0.482791,
          1.431726
        ],
        [
          0.0,
          0.0,
          0.0,
          1.0
        ]
      ]
    },
    {
      "file_path": "/media/NFS/ttao/scannet/posed_images/scene0588_00/00524.jpg",
      "transform_matrix": [
        [
          0.87519,
          -0.263767,
          0.405548,
          1.973376
        ],
        [
          -0.481682,
          -0.397143,
          0.781191,
          2.880255
        ],
        [
          -0.044992,
          -0.879036,
          -0.474628,
          1.429599
        ],
        [
          0.0,
          0.0,
          0.0,
          1.0
        ]
      ]
    },
    {
      "file_path": "/media/NFS/ttao/scannet/posed_images/scene0588_00/00537.jpg",
      "transform_matrix": [
        [
          0.803208,
          -0.350707,
          0.48152,
          1.756395
        ],
        [
          -0.591357,
          -0.372011,
          0.715475,
          3.050632
        ],
        [
          -0.071792,
          -0.859425,
          -0.506196,
          1.44164
        ],
        [
          0.0,
          0.0,
          0.0,
          1.0
        ]
      ]
    },
    {
      "file_path": "/media/NFS/ttao/scannet/posed_images/scene0588_00/00547.jpg",
      "transform_matrix": [
        [
          0.725913,
          -0.368885,
          0.580495,
          1.699598
        ],
        [
          -0.685129,
          -0.313699,
          0.657413,
          3.188964
        ],
        [
          -0.060409,
          -0.874938,
          -0.480452,
          1.44159
        ],
        [
          0.0,
          0.0,
          0.0,
          1.0
        ]
      ]
    },
    {
      "file_path": "/media/NFS/ttao/scannet/posed_images/scene0588_00/00564.jpg",
      "transform_matrix": [
        [
          0.66091,
          -0.364179,
          0.65618,
          1.672183
        ],
        [
          -0.750267,
          -0.300514,
          0.58889,
          3.528716
        ],
        [
          -0.01727,
          -0.881513,
          -0.471844,
          1.430203
        ],
        [
          0.0,
          0.0,
          0.0,
          1.0
        ]
      ]
    },
    {
      "file_path": "/media/NFS/ttao/scannet/posed_images/scene0588_00/00567.jpg",
      "transform_matrix": [
        [
          0.646421,
          -0.369109,
          0.667757,
          1.66091
        ],
        [
          -0.762849,
          -0.296345,
          0.574667,
          3.5854
        ],
        [
          -0.014228,
          -0.880874,
          -0.473137,
          1.42026
        ],
        [
          0.0,
          0.0,
          0.0,
          1.0
        ]
      ]
    },
    {
      "file_path": "/media/NFS/ttao/scannet/posed_images/scene0588_00/00581.jpg",
      "transform_matrix": [
        [
          0.628788,
          -0.374214,
          0.681609,
          1.572005
        ],
        [
          -0.776277,
          -0.251431,
          0.578081,
          3.903455
        ],
        [
          -0.044948,
          -0.892607,
          -0.44859,
          1.423139
        ],
        [
          0.0,
          0.0,
          0.0,
          1.0
        ]
      ]
    },
    {
      "file_path": "/media/NFS/ttao/scannet/posed_images/scene0588_00/00591.jpg",
      "transform_matrix": [
        [
          0.625016,
          -0.343904,
          0.700775,
          1.555739
        ],
        [
          -0.780183,
          -0.24541,
          0.575404,
          4.107545
        ],
        [
          -0.025906,
          -0.906369,
          -0.421693,
          1.427137
        ],
        [
          0.0,
          0.0,
          0.0,
          1.0
        ]
      ]
    },
    {
      "file_path": "/media/NFS/ttao/scannet/posed_images/scene0588_00/00604.jpg",
      "transform_matrix": [
        [
          0.641761,
          -0.309064,
          0.701871,
          1.573192
        ],
        [
          -0.766408,
          -0.225517,
          0.601466,
          4.363514
        ],
        [
          -0.027607,
          -0.923916,
          -0.381597,
          1.453026
        ],
        [
          0.0,
          0.0,
          0.0,
          1.0
        ]
      ]
    },
    {
      "file_path": "/media/NFS/ttao/scannet/posed_images/scene0588_00/00621.jpg",
      "transform_matrix": [
        [
          0.542155,
          -0.280549,
          0.792061,
          1.500304
        ],
        [
          -0.839926,
          -0.15363,
          0.520502,
          4.696614
        ],
        [
          -0.024342,
          -0.947465,
          -0.318932,
          1.480756
        ],
        [
          0.0,
          0.0,
          0.0,
          1.0
        ]
      ]
    },
    {
      "file_path": "/media/NFS/ttao/scannet/posed_images/scene0588_00/00624.jpg",
      "transform_matrix": [
        [
          0.530016,
          -0.289327,
          0.797103,
          1.505682
        ],
        [
          -0.847735,
          -0.157793,
          0.506407,
          4.74236
        ],
        [
          -0.02074,
          -0.944135,
          -0.328905,
          1.487971
        ],
        [
          0.0,
          0.0,
          0.0,
          1.0
        ]
      ]
    },
    {
      "file_path": "/media/NFS/ttao/scannet/posed_images/scene0588_00/00645.jpg",
      "transform_matrix": [
        [
          0.580168,
          -0.319361,
          0.749276,
          1.649222
        ],
        [
          -0.814222,
          -0.203485,
          0.543725,
          5.059394
        ],
        [
          -0.021178,
          -0.925528,
          -0.378086,
          1.441334
        ],
        [
          0.0,
          0.0,
          0.0,
          1.0
        ]
      ]
    },
    {
      "file_path": "/media/NFS/ttao/scannet/posed_images/scene0588_00/00655.jpg",
      "transform_matrix": [
        [
          0.606545,
          -0.35413,
          0.711825,
          1.693045
        ],
        [
          -0.795048,
          -0.271674,
          0.542302,
          5.181919
        ],
        [
          0.001339,
          -0.894866,
          -0.446333,
          1.392753
        ],
        [
          0.0,
          0.0,
          0.0,
          1.0
        ]
      ]
    },
    {
      "file_path": "/media/NFS/ttao/scannet/posed_images/scene0588_00/00658.jpg",
      "transform_matrix": [
        [
          0.593426,
          -0.355362,
          0.722194,
          1.689965
        ],
        [
          -0.804727,
          -0.279944,
          0.523494,
          5.22227
        ],
        [
          0.016144,
          -0.891823,
          -0.452096,
          1.381587
        ],
        [
          0.0,
          0.0,
          0.0,
          1.0
        ]
      ]
    },
    {
      "file_path": "/media/NFS/ttao/scannet/posed_images/scene0588_00/00668.jpg",
      "transform_matrix": [
        [
          0.566333,
          -0.374703,
          0.734074,
          1.638915
        ],
        [
          -0.823904,
          -0.280299,
          0.492559,
          5.414574
        ],
        [
          0.021197,
          -0.883759,
          -0.467461,
          1.373999
        ],
        [
          0.0,
          0.0,
          0.0,
          1.0
        ]
      ]
    },
    {
      "file_path": "/media/NFS/ttao/scannet/posed_images/scene0588_00/00681.jpg",
      "transform_matrix": [
        [
          0.602451,
          -0.357633,
          0.713549,
          1.624228
        ],
        [
          -0.796485,
          -0.32719,
          0.508486,
          5.667521
        ],
        [
          0.051614,
          -0.874669,
          -0.481965,
          1.339758
        ],
        [
          0.0,
          0.0,
          0.0,
          1.0
        ]
      ]
    },
    {
      "file_path": "/media/NFS/ttao/scannet/posed_images/scene0588_00/00698.jpg",
      "transform_matrix": [
        [
          0.553335,
          -0.446218,
          0.703356,
          1.72033
        ],
        [
          -0.832901,
          -0.306397,
          0.460866,
          6.071748
        ],
        [
          0.009859,
          -0.840839,
          -0.541195,
          1.372051
        ],
        [
          0.0,
          0.0,
          0.0,
          1.0
        ]
      ]
    },
    {
      "file_path": "/media/NFS/ttao/scannet/posed_images/scene0588_00/00702.jpg",
      "transform_matrix": [
        [
          0.528815,
          -0.429251,
          0.732188,
          1.721379
        ],
        [
          -0.848136,
          -0.299727,
          0.43684,
          6.148289
        ],
        [
          0.031943,
          -0.852002,
          -0.522563,
          1.379
        ],
        [
          0.0,
          0.0,
          0.0,
          1.0
        ]
      ]
    },
    {
      "file_path": "/media/NFS/ttao/scannet/posed_images/scene0588_00/00722.jpg",
      "transform_matrix": [
        [
          0.515082,
          -0.37316,
          0.771649,
          1.603804
        ],
        [
          -0.855573,
          -0.278264,
          0.436537,
          6.590092
        ],
        [
          0.051824,
          -0.885054,
          -0.462594,
          1.383581
        ],
        [
          0.0,
          0.0,
          0.0,
          1.0
        ]
      ]
    },
    {
      "file_path": "/media/NFS/ttao/scannet/posed_images/scene0588_00/00725.jpg",
      "transform_matrix": [
        [
          0.540743,
          -0.357283,
          0.761542,
          1.593762
        ],
        [
          -0.839378,
          -0.288537,
          0.460642,
          6.6649
        ],
        [
          0.055153,
          -0.88831,
          -0.45592,
          1.374339
        ],
        [
          0.0,
          0.0,
          0.0,
          1.0
        ]
      ]
    },
    {
      "file_path": "/media/NFS/ttao/scannet/posed_images/scene0588_00/00745.jpg",
      "transform_matrix": [
        [
          0.600205,
          -0.315492,
          0.734995,
          1.55035
        ],
        [
          -0.799816,
          -0.244776,
          0.548069,
          7.104878
        ],
        [
          0.006997,
          -0.916815,
          -0.399251,
          1.34392
        ],
        [
          0.0,
          0.0,
          0.0,
          1.0
        ]
      ]
    },
    {
      "file_path": "/media/NFS/ttao/scannet/posed_images/scene0588_00/00755.jpg",
      "transform_matrix": [
        [
          0.60391,
          -0.317267,
          0.731188,
          1.473703
        ],
        [
          -0.797025,
          -0.248049,
          0.550657,
          7.351881
        ],
        [
          0.006665,
          -0.915322,
          -0.402669,
          1.346528
        ],
        [
          0.0,
          0.0,
          0.0,
          1.0
        ]
      ]
    },
    {
      "file_path": "/media/NFS/ttao/scannet/posed_images/scene0588_00/00759.jpg",
      "transform_matrix": [
        [
          0.607159,
          -0.314232,
          0.729806,
          1.455237
        ],
        [
          -0.793925,
          -0.277216,
          0.541142,
          7.434379
        ],
        [
          0.03227,
          -0.90797,
          -0.417791,
          1.337918
        ],
        [
          0.0,
          0.0,
          0.0,
          1.0
        ]
      ]
    },
    {
      "file_path": "/media/NFS/ttao/scannet/posed_images/scene0588_00/00769.jpg",
      "transform_matrix": [
        [
          0.616095,
          -0.304848,
          0.726288,
          1.445349
        ],
        [
          -0.78718,
          -0.270861,
          0.554059,
          7.676562
        ],
        [
          0.027819,
          -0.913073,
          -0.406846,
          1.312819
        ],
        [
          0.0,
          0.0,
          0.0,
          1.0
        ]
      ]
    },
    {
      "file_path": "/media/NFS/ttao/scannet/posed_images/scene0588_00/00786.jpg",
      "transform_matrix": [
        [
          0.585294,
          -0.324136,
          0.743214,
          1.477465
        ],
        [
          -0.809254,
          -0.290495,
          0.510608,
          8.085204
        ],
        [
          0.050394,
          -0.900305,
          -0.432333,
          1.3166
        ],
        [
          0.0,
          0.0,
          0.0,
          1.0
        ]
      ]
    },
    {
      "file_path": "/media/NFS/ttao/scannet/posed_images/scene0588_00/00792.jpg",
      "transform_matrix": [
        [
          0.574773,
          -0.299321,
          0.761606,
          1.44932
        ],
        [
          -0.816669,
          -0.268786,
          0.510692,
          8.245197
        ],
        [
          0.051848,
          -0.915511,
          -0.398937,
          1.308875
        ],
        [
          0.0,
          0.0,
          0.0,
          1.0
        ]
      ]
    },
    {
      "file_path": "/media/NFS/ttao/scannet/posed_images/scene0588_00/00809.jpg",
      "transform_matrix": [
        [
          0.528647,
          -0.322342,
          0.785256,
          1.487701
        ],
        [
          -0.848125,
          -0.238576,
          0.473038,
          8.655101
        ],
        [
          0.034863,
          -0.916066,
          -0.399509,
          1.296309
        ],
        [
          0.0,
          0.0,
          0.0,
          1.0
        ]
      ]
    },
    {
      "file_path": "/media/NFS/ttao/scannet/posed_images/scene0588_00/00822.jpg",
      "transform_matrix": [
        [
          0.507769,
          -0.35253,
          0.786062,
          1.622634
        ],
        [
          -0.861166,
          -0.232852,
          0.451855,
          8.970455
        ],
        [
          0.023743,
          -0.906368,
          -0.421822,
          1.300921
        ],
        [
          0.0,
          0.0,
          0.0,
          1.0
        ]
      ]
    },
    {
      "file_path": "/media/NFS/ttao/scannet/posed_images/scene0588_00/00826.jpg",
      "transform_matrix": [
        [
          0.505491,
          -0.330265,
          0.797123,
          1.64035
        ],
        [
          -0.860865,
          -0.255394,
          0.440097,
          9.070214
        ],
        [
          0.058232,
          -0.90868,
          -0.413413,
          1.295285
        ],
        [
          0.0,
          0.0,
          0.0,
          1.0
        ]
      ]
    },
    {
      "file_path": "/media/NFS/ttao/scannet/posed_images/scene0588_00/00839.jpg",
      "transform_matrix": [
        [
          0.345701,
          -0.365496,
          0.864236,
          1.687107
        ],
        [
          -0.936419,
          -0.193351,
          0.292805,
          9.398223
        ],
        [
          0.060082,
          -0.91051,
          -0.409099,
          1.313174
        ],
        [
          0.0,
          0.0,
          0.0,
          1.0
        ]
      ]
    },
    {
      "file_path": "/media/NFS/ttao/scannet/posed_images/scene0588_00/00849.jpg",
      "transform_matrix": [
        [
          0.310964,
          -0.405296,
          0.859673,
          1.770506
        ],
        [
          -0.950156,
          -0.153964,
          0.271108,
          9.633144
        ],
        [
          0.022479,
          -0.901127,
          -0.432972,
          1.289279
        ],
        [
          0.0,
          0.0,
          0.0,
          1.0
        ]
      ]
    },
    {
      "file_path": "/media/NFS/ttao/scannet/posed_images/scene0588_00/00859.jpg",
      "transform_matrix": [
        [
          0.279374,
          -0.402974,
          0.871528,
          1.87779
        ],
        [
          -0.960169,
          -0.112363,
          0.255834,
          9.886021
        ],
        [
          -0.005167,
          -0.908288,
