{
  "frames": [
    {
      "file_path": "/media/NFS/ttao/scannet/posed_images/scene0556_01/00002.jpg",
      "transform_matrix": [
        [
          0.381535,
          0.403723,
          -0.831528,
          3.261128
        ],
        [
          0.924131,
          -0.186368,
          0.333539,
          3.337641
        ],
        [
          -0.020313,
          -0.895698,
          -0.444199,
          1.669822
        ],
        [
          0.0,
          0.0,
          0.0,
          1.0
        ]
      ]
    },
    {
      "file_path": "/media/NFS/ttao/scannet/posed_images/scene0556_01/00008.jpg",
      "transform_matrix": [
        [
          0.439018,
          0.419182,
          -0.794701,
          3.228896
        ],
        [
          0.898399,
          -0.193045,
          0.394478,
          3.301382
        ],
        [
          0.011945,
          -0.887141,
          -0.461343,
          1.660372
        ],
        [
          0.0,
          0.0,
          0.0,
          1.0
        ]
      ]
    },
    {
      "file_path": "/media/NFS/ttao/scannet/posed_images/scene0556_01/00011.jpg",
      "transform_matrix": [
        [
          0.475541,
          0.420655,
          -0.7726,
          3.21903
        ],
        [
          0.879348,
          -0.202687,
          0.430889,
          3.283609
        ],
        [
          0.024659,
          -0.884289,
          -0.466288,
          1.642684
        ],
        [
          0.0,
          0.0,
          0.0,
          1.0
        ]
      ]
    },
    {
      "file_path": "/media/NFS/ttao/scannet/posed_images/scene0556_01/00014.jpg",
      "transform_matrix": [
        [
          0.51183,
          0.431705,
          -0.742738,
          3.215966
        ],
        [
          0.858258,
          -0.219,
          0.464147,
          3.277622
        ],
        [
          0.037715,
          -0.875026,
          -0.482605,
          1.63604
        ],
        [
          0.0,
          0.0,
          0.0,
          1.0
        ]
      ]
    },
    {
      "file_path": "/media/NFS/ttao/scannet/posed_images/scene0556_01/00020.jpg",
      "transform_matrix": [
        [
          0.605824,
          0.446371,
          -0.658582,
          3.214854
        ],
        [
          0.794822,
          -0.302986,
          0.525793,
          3.274505
        ],
        [
          0.035158,
          -0.841993,
          -0.538341,
          1.611688
        ],
        [
          0.0,
          0.0,
          0.0,
          1.0
        ]
      ]
    },
    {
      "file_path": "/media/NFS/ttao/scannet/posed_images/scene0556_01/00024.jpg",
      "transform_matrix": [
        [
          0.657941,
          0.445448,
          -0.607198,
          3.222214
        ],
        [
          0.752173,
          -0.349377,
          0.558724,
          3.276527
        ],
        [
          0.036742,
          -0.824325,
          -0.564923,
          1.593618
        ],
        [
          0.0,
          0.0,
          0.0,
          1.0
        ]
      ]
    },
    {
      "file_path": "/media/NFS/ttao/scannet/posed_images/scene0556_01/00034.jpg",
      "transform_matrix": [
        [
          0.724728,
          0.454935,
          -0.517498,
          3.224303
        ],
        [
          0.688173,
          -0.440327,
          0.576655,
          3.283783
        ],
        [
          0.034473,
          -0.774046,
          -0.632191,
          1.566749
        ],
        [
          0.0,
          0.0,
          0.0,
          1.0
        ]
      ]
    },
    {
      "file_path": "/media/NFS/ttao/scannet/posed_images/scene0556_01/00035.jpg",
      "transform_matrix": [
        [
          0.725178,
          0.459204,
          -0.513078,
          3.221027
        ],
        [
          0.687586,
          -0.443281,
          0.575089,
          3.284231
        ],
        [
          0.036645,
          -0.769827,
          -0.637199,
          1.565135
        ],
        [
          0.0,
          0.0,
          0.0,
          1.0
        ]
      ]
    },
    {
      "file_path": "/media/NFS/ttao/scannet/posed_images/scene0556_01/00043.jpg",
      "transform_matrix": [
        [
          0.681141,
          0.473089,
          -0.558779,
          3.204763
        ],
        [
          0.730928,
          -0.395274,
          0.55633,
          3.284528
        ],
        [
          0.042323,
          -0.787366,
          -0.615031,
          1.569621
        ],
        [
          0.0,
          0.0,
          0.0,
          1.0
        ]
      ]
    },
    {
      "file_path": "/media/NFS/ttao/scannet/posed_images/scene0556_01/00044.jpg",
      "transform_matrix": [
        [
          0.673612,
          0.471654,
          -0.569024,
          3.199787
        ],
        [
          0.737864,
          -0.384938,
          0.554418,
          3.283606
        ],
        [
          0.042454,
          -0.793325,
          -0.607316,
          1.571385
        ],
        [
          0.0,
          0.0,
          0.0,
          1.0
        ]
      ]
    },
    {
      "file_path": "/media/NFS/ttao/scannet/posed_images/scene0556_01/00050.jpg",
      "transform_matrix": [
        [
          0.614429,
          0.468085,
          -0.635117,
          3.158558
        ],
        [
          0.787742,
          -0.319021,
          0.526962,
          3.282286
        ],
        [
          0.044047,
          -0.824089,
          -0.564745,
          1.583268
        ],
        [
          0.0,
          0.0,
          0.0,
          1.0
        ]
      ]
    },
    {
      "file_path": "/media/NFS/ttao/scannet/posed_images/scene0556_01/00058.jpg",
      "transform_matrix": [
        [
          0.50582,
          0.452002,
          -0.734738,
          3.095668
        ],
        [
          0.86262,
          -0.259282,
          0.434351,
          3.296847
        ],
        [
          0.005823,
          -0.853503,
          -0.521056,
          1.612128
        ],
        [
          0.0,
          0.0,
          0.0,
          1.0
        ]
      ]
    },
    {
      "file_path": "/media/NFS/ttao/scannet/posed_images/scene0556_01/00059.jpg",
      "transform_matrix": [
        [
          0.488679,
          0.451049,
          -0.746825,
          3.09167
        ],
        [
          0.87246,
          -0.250054,
          0.419865,
          3.297414
        ],
        [
          0.002633,
          -0.856754,
          -0.515718,
          1.614361
        ],
        [
          0.0,
          0.0,
          0.0,
          1.0
        ]
      ]
    },
    {
      "file_path": "/media/NFS/ttao/scannet/posed_images/scene0556_01/00067.jpg",
      "transform_matrix": [
        [
          0.326674,
          0.446801,
          -0.832859,
          3.033247
        ],
        [
          0.945085,
          -0.145119,
          0.292841,
          3.295283
        ],
        [
          0.009978,
          -0.882785,
          -0.469671,
          1.617134
        ],
        [
          0.0,
          0.0,
          0.0,
          1.0
        ]
      ]
    },
    {
      "file_path": "/media/NFS/ttao/scannet/posed_images/scene0556_01/00070.jpg",
      "transform_matrix": [
        [
          0.288858,
          0.450839,
          -0.844574,
          3.026541
        ],
        [
          0.957259,
          -0.122429,
          0.262045,
          3.291213
        ],
        [
          0.01474,
          -0.884169,
          -0.466934,
          1.589682
        ],
        [
          0.0,
          0.0,
          0.0,
          1.0
        ]
      ]
    },
    {
      "file_path": "/media/NFS/ttao/scannet/posed_images/scene0556_01/00078.jpg",
      "transform_matrix": [
        [
          0.173386,
          0.469829,
          -0.865562,
          2.95894
        ],
        [
          0.98485,
          -0.080028,
          0.153842,
          3.257513
        ],
        [
          0.00301,
          -0.879122,
          -0.476587,
          1.566183
        ],
        [
          0.0,
          0.0,
          0.0,
          1.0
        ]
      ]
    },
    {
      "file_path": "/media/NFS/ttao/scannet/posed_images/scene0556_01/00084.jpg",
      "transform_matrix": [
        [
          0.086253,
          0.465929,
          -0.880608,
          2.885026
        ],
        [
          0.99614,
          -0.025841,
          0.083896,
          3.223129
        ],
        [
          0.016334,
          -0.884445,
          -0.466359,
          1.55479
        ],
        [
          0.0,
          0.0,
          0.0,
          1.0
        ]
      ]
    },
    {
      "file_path": "/media/NFS/ttao/scannet/posed_images/scene0556_01/00088.jpg",
      "transform_matrix": [
        [
          0.040924,
          0.462722,
          -0.885558,
          2.83405
        ],
        [
          0.998936,
          -9.7e-05,
          0.046113,
          3.195004
        ],
        [
          0.021252,
          -0.886503,
          -0.462234,
          1.557088
        ],
        [
          0.0,
          0.0,
          0.0,
          1.0
        ]
      ]
    },
    {
      "file_path": "/media/NFS/ttao/scannet/posed_images/scene0556_01/00093.jpg",
      "transform_matrix": [
        [
          -0.004013,
          0.468896,
          -0.883244,
          2.774911
        ],
        [
          0.999344,
          0.033672,
          0.013335,
          3.181031
        ],
        [
          0.035993,
          -0.882611,
          -0.468723,
          1.555474
        ],
        [
          0.0,
          0.0,
          0.0,
          1.0
        ]
      ]
    },
    {
      "file_path": "/media/NFS/ttao/scannet/posed_images/scene0556_01/00099.jpg",
      "transform_matrix": [
        [
          -0.028405,
          0.479905,
          -0.87686,
          2.714097
        ],
        [
          0.998895,
          0.046496,
          -0.006911,
          3.183715
        ],
        [
          0.037454,
          -0.876088,
          -0.480695,
          1.554875
        ],
        [
          0.0,
          0.0,
          0.0,
          1.0
        ]
      ]
    },
    {
      "file_path": "/media/NFS/ttao/scannet/posed_images/scene0556_01/00101.jpg",
      "transform_matrix": [
        [
          -0.023155,
          0.450706,
          -0.892372,
          2.691255
        ],
        [
          0.999374,
          0.034323,
          -0.008596,
          3.191122
        ],
        [
          0.026755,
          -0.892012,
          -0.451219,
          1.575068
        ],
        [
          0.0,
          0.0,
          0.0,
          1.0
        ]
      ]
    },
    {
      "file_path": "/media/NFS/ttao/scannet/posed_images/scene0556_01/00107.jpg",
      "transform_matrix": [
        [
          0.020905,
          0.414284,
          -0.909908,
          2.635235
        ],
        [
          0.99945,
          0.014772,
          0.029688,
          3.232224
        ],
        [
          0.02574,
          -0.910028,
          -0.413747,
          1.615691
        ],
        [
          0.0,
          0.0,
          0.0,
          1.0
        ]
      ]
    },
    {
      "file_path": "/media/NFS/ttao/scannet/posed_images/scene0556_01/00114.jpg",
      "transform_matrix": [
        [
          0.006725,
          0.341221,
          -0.939959,
          2.594942
        ],
        [
          0.99992,
          0.007784,
          0.00998,
          3.277628
        ],
        [
          0.010722,
          -0.939951,
          -0.341141,
          1.63629
        ],
        [
          0.0,
          0.0,
          0.0,
          1.0
        ]
      ]
    },
    {
      "file_path": "/media/NFS/ttao/scannet/posed_images/scene0556_01/00119.jpg",
      "transform_matrix": [
        [
          0.018518,
          0.331445,
          -0.943293,
          2.572883
        ],
        [
          0.999623,
          0.013013,
          0.024196,
          3.292753
        ],
        [
          0.020295,
          -0.943385,
          -0.331079,
          1.651327
        ],
        [
          0.0,
          0.0,
          0.0,
          1.0
        ]
      ]
    },
    {
      "file_path": "/media/NFS/ttao/scannet/posed_images/scene0556_01/00125.jpg",
      "transform_matrix": [
        [
          -0.045875,
          0.317586,
          -0.947119,
          2.558511
        ],
        [
          0.998671,
          0.036891,
          -0.036001,
          3.308913
        ],
        [
          0.023507,
          -0.947512,
          -0.318856,
          1.671744
        ],
        [
          0.0,
          0.0,
          0.0,
          1.0
        ]
      ]
    },
    {
      "file_path": "/media/NFS/ttao/scannet/posed_images/scene0556_01/00127.jpg",
      "transform_matrix": [
        [
          -0.048775,
          0.322836,
          -0.945197,
          2.557107
        ],
        [
          0.998422,
          0.042117,
          -0.037137,
          3.30968
        ],
        [
          0.027819,
          -0.945517,
          -0.324381,
          1.67296
        ],
        [
          0.0,
          0.0,
          0.0,
          1.0
        ]
      ]
    },
    {
      "file_path": "/media/NFS/ttao/scannet/posed_images/scene0556_01/00131.jpg",
      "transform_matrix": [
        [
          -0.052786,
          0.342833,
          -0.937912,
          2.563458
        ],
        [
          0.99753,
          0.061681,
          -0.033595,
          3.296978
        ],
        [
          0.046334,
          -0.937369,
          -0.345242,
          1.658945
        ],
        [
          0.0,
          0.0,
          0.0,
          1.0
        ]
      ]
    },
    {
      "file_path": "/media/NFS/ttao/scannet/posed_images/scene0556_01/00140.jpg",
      "transform_matrix": [
        [
          -0.114407,
          0.41634,
          -0.901982,
          2.593348
        ],
        [
          0.991593,
          0.103104,
          -0.078182,
          3.246249
        ],
        [
          0.060448,
          -0.903344,
          -0.424636,
          1.615404
        ],
        [
          0.0,
          0.0,
          0.0,
          1.0
        ]
      ]
    },
    {
      "file_path": "/media/NFS/ttao/scannet/posed_images/scene0556_01/00142.jpg",
      "transform_matrix": [
        [
          -0.121453,
          0.427662,
          -0.895742,
          2.601333
        ],
        [
          0.990548,
          0.110179,
          -0.081704,
          3.223373
        ],
        [
          0.06375,
          -0.897199,
          -0.437002,
          1.608912
        ],
        [
          0.0,
          0.0,
          0.0,
          1.0
        ]
      ]
    },
    {
      "file_path": "/media/NFS/ttao/scannet/posed_images/scene0556_01/00146.jpg",
      "transform_matrix": [
        [
          -0.126196,
          0.464143,
          -0.876724,
          2.620947
        ],
        [
          0.990005,
          0.115019,
          -0.08161,
          3.195734
        ],
        [
          0.062962,
          -0.87826,
          -0.474019,
          1.589132
        ],
        [
          0.0,
          0.0,
          0.0,
          1.0
        ]
      ]
    },
    {
      "file_path": "/media/NFS/ttao/scannet/posed_images/scene0556_01/00156.jpg",
      "transform_matrix": [
        [
          -0.156214,
          0.488556,
          -0.858435,
          2.680411
        ],
        [
          0.986993,
          0.110632,
          -0.116645,
          3.111415
        ],
        [
          0.037983,
          -0.865491,
          -0.499483,
          1.547396
        ],
        [
          0.0,
          0.0,
          0.0,
          1.0
        ]
      ]
    },
    {
      "file_path": "/media/NFS/ttao/scannet/posed_images/scene0556_01/00157.jpg",
      "transform_matrix": [
        [
          -0.157943,
          0.487,
          -0.859003,
          2.685599
        ],
        [
          0.986791,
          0.109587,
          -0.11931,
          3.103447
        ],
        [
          0.036031,
          -0.8665,
          -0.497875,
          1.545515
        ],
        [
          0.0,
          0.0,
          0.0,
          1.0
        ]
      ]
    },
    {
      "file_path": "/media/NFS/ttao/scannet/posed_images/scene0556_01/00162.jpg",
      "transform_matrix": [
        [
          -0.166929,
          0.502748,
          -0.848162,
          2.711543
        ],
        [
          0.985276,
          0.117296,
          -0.124387,
          3.06201
        ],
        [
          0.036951,
          -0.856438,
          -0.514926,
          1.524633
        ],
        [
          0.0,
          0.0,
          0.0,
          1.0
        ]
      ]
    },
    {
      "file_path": "/media/NFS/ttao/scannet/posed_images/scene0556_01/00171.jpg",
      "transform_matrix": [
        [
          -0.234584,
          0.475044,
          -0.848118,
          2.737136
        ],
        [
          0.971095,
          0.154105,
          -0.182282,
          3.014956
        ],
        [
          0.044107,
          -0.866363,
          -0.497463,
          1.490372
        ],
        [
          0.0,
          0.0,
          0.0,
          1.0
        ]
      ]
    },
    {
      "file_path": "/media/NFS/ttao/scannet/posed_images/scene0556_01/00174.jpg",
      "transform_matrix": [
        [
          -0.260407,
          0.472469,
          -0.841998,
          2.734617
        ],
        [
          0.964943,
          0.156942,
          -0.210366,
          2.999384
        ],
        [
          0.032753,
          -0.867261,
          -0.496774,
          1.488349
        ],
        [
          0.0,
          0.0,
          0.0,
          1.0
        ]
      ]
    },
    {
      "file_path": "/media/NFS/ttao/scannet/posed_images/scene0556_01/00178.jpg",
      "transform_matrix": [
        [
          -0.281324,
          0.47788,
          -0.832159,
          2.72484
        ],
        [
          0.959594,
          0.145483,
          -0.240859,
          2.98015
        ],
        [
          0.005963,
          -0.866294,
          -0.499498,
          1.485918
        ],
        [
          0.0,
          0.0,
          0.0,
          1.0
        ]
      ]
    },
    {
      "file_path": "/media/NFS/ttao/scannet/posed_images/scene0556_01/00186.jpg",
      "transform_matrix": [
        [
          -0.365554,
          0.473398,
          -0.801414,
          2.705786
        ],
        [
          0.930734,
          0.176482,
          -0.320293,
          2.944134
        ],
        [
          -0.010191,
          -0.862988,
          -0.505121,
          1.477663
        ],
        [
          0.0,
          0.0,
          0.0,
          1.0
        ]
      ]
    },
    {
      "file_path": "/media/NFS/ttao/scannet/posed_images/scene0556_01/00191.jpg",
      "transform_matrix": [
        [
          -0.444755,
          0.464941,
          -0.765521,
          2.700498
        ],
        [
          0.895243,
          0.204945,
          -0.395648,
          2.927044
        ],
        [
          -0.027063,
          -0.861294,
          -0.507385,
          1.488367
        ],
        [
          0.0,
          0.0,
          0.0,
          1.0
        ]
      ]
    },
    {
      "file_path": "/media/NFS/ttao/scannet/posed_images/scene0556_01/00192.jpg",
      "transform_matrix": [
        [
          -0.45968,
          0.4616,
          -0.758696,
          2.701214
        ],
        [
          0.88737,
          0.204479,
          -0.413234,
          2.923598
        ],
        [
          -0.035611,
          -0.8632,
          -0.503605,
          1.490531
        ],
        [
          0.0,
          0.0,
          0.0,
          1.0
        ]
      ]
    },
    {
      "file_path": "/media/NFS/ttao/scannet/posed_images/scene0556_01/00198.jpg",
      "transform_matrix": [
        [
          -0.517164,
          0.441232,
          -0.733386,
          2.711879
        ],
        [
          0.855073,
          0.229025,
          -0.465185,
          2.896969
        ],
        [
          -0.03729,
          -0.867676,
          -0.495729,
          1.493206
        ],
        [
          0.0,
          0.0,
          0.0,
          1.0
        ]
      ]
    },
    {
      "file_path": "/media/NFS/ttao/scannet/posed_images/scene0556_01/00204.jpg",
      "transform_matrix": [
        [
          -0.567899,
          0.426667,
          -0.703879,
          2.710047
        ],
        [
          0.821617,
          0.242569,
          -0.515855,
          2.895594
        ],
        [
          -0.049359,
          -0.871272,
          -0.488312,
          1.502164
        ],
        [
          0.0,
          0.0,
          0.0,
          1.0
        ]
      ]
    },
    {
      "file_path": "/media/NFS/ttao/scannet/posed_images/scene0556_01/00207.jpg",
      "transform_matrix": [
        [
          -0.592629,
          0.416064,
          -0.689697,
          2.718328
        ],
        [
          0.803195,
          0.240868,
          -0.544849,
          2.892012
        ],
        [
          -0.060566,
          -0.876854,
          -0.476926,
          1.50445
        ],
        [
          0.0,
          0.0,
          0.0,
          1.0
        ]
      ]
    },
    {
      "file_path": "/media/NFS/ttao/scannet/posed_images/scene0556_01/00214.jpg",
      "transform_matrix": [
        [
          -0.653515,
          0.394684,
          -0.645865,
          2.735617
        ],
        [
          0.753348,
          0.256439,
          -0.605563,
          2.883877
        ],
        [
          -0.073381,
          -0.882306,
          -0.464921,
          1.514691
        ],
        [
          0.0,
          0.0,
          0.0,
          1.0
        ]
      ]
    },
    {
      "file_path": "/media/NFS/ttao/scannet/posed_images/scene0556_01/00221.jpg",
      "transform_matrix": [
        [
          -0.70879,
          0.369281,
          -0.60104,
          2.756552
        ],
        [
          0.701767,
          0.282531,
          -0.653987,
          2.877791
        ],
        [
          -0.071693,
          -0.885329,
          -0.459404,
          1.516598
        ],
        [
          0.0,
          0.0,
          0.0,
          1.0
        ]
      ]
    },
    {
      "file_path": "/media/NFS/ttao/scannet/posed_images/scene0556_01/00226.jpg",
      "transform_matrix": [
        [
          -0.735606,
          0.370687,
          -0.566987,
          2.769724
        ],
        [
          0.67222,
          0.296045,
          -0.678585,
          2.874358
        ],
        [
          -0.083689,
          -0.880311,
          -0.466956,
          1.517122
        ],
        [
          0.0,
          0.0,
          0.0,
          1.0
        ]
      ]
    },
    {
      "file_path": "/media/NFS/ttao/scannet/posed_images/scene0556_01/00229.jpg",
      "transform_matrix": [
        [
          -0.747845,
          0.362478,
          -0.556181,
          2.778073
        ],
        [
          0.659077,
          0.304855,
          -0.687518,
          2.869556
        ],
        [
          -0.079655,
          -0.880723,
          -0.466885,
          1.517914
        ],
        [
          0.0,
          0.0,
          0.0,
          1.0
        ]
      ]
    },
    {
      "file_path": "/media/NFS/ttao/scannet/posed_images/scene0556_01/00233.jpg",
      "transform_matrix": [
        [
          -0.767178,
          0.342788,
          -0.542158,
          2.796272
        ],
        [
          0.637806,
          0.317893,
          -0.701532,
          2.866115
        ],
        [
          -0.068128,
          -0.883992,
          -0.462512,
          1.512087
        ],
        [
          0.0,
          0.0,
          0.0,
          1.0
        ]
      ]
    },
    {
      "file_path": "/media/NFS/ttao/scannet/posed_images/scene0556_01/00239.jpg",
      "transform_matrix": [
        [
          -0.795459,
          0.320244,
          -0.514479,
          2.814495
        ],
        [
          0.603459,
          0.340818,
          -0.720888,
          2.87015
        ],
        [
          -0.055516,
          -0.883904,
          -0.464361,
          1.506741
        ],
        [
          0.0,
          0.0,
          0.0,
          1.0
        ]
      ]
    },
    {
      "file_path": "/media/NFS/ttao/scannet/posed_images/scene0556_01/00247.jpg",
      "transform_matrix": [
        [
          -0.822498,
          0.30249,
          -0.48166,
          2.829713
        ],
        [
          0.565822,
          0.349081,
          -0.746986,
          2.87334
        ],
        [
          -0.057818,
          -0.886928,
          -0.458274,
          1.51558
        ],
        [
          0.0,
          0.0,
          0.0,
          1.0
        ]
      ]
    },
    {
      "file_path": "/media/NFS/ttao/scannet/posed_images/scene0556_01/00249.jpg",
      "transform_matrix": [
        [
          -0.830463,
          0.298904,
          -0.470093,
          2.835211
        ],
        [
          0.553817,
          0.351878,
          -0.754631,
          2.872834
        ],
        [
          -0.060147,
          -0.887039,
          -0.45776,
          1.51869
        ],
        [
          0.0,
          0.0,
          0.0,
          1.0
        ]
      ]
    },
    {
      "file_path": "/media/NFS/ttao/scannet/posed_images/scene0556_01/00256.jpg",
      "transform_matrix": [
        [
          -0.859978,
          0.27666,
          -0.428832,
          2.85596
        ],
        [
          0.506367,
          0.358059,
          -0.784465,
          2.877902
        ],
        [
          -0.063483,
          -0.89177,
          -0.448015,
          1.524791
        ],
        [
          0.0,
          0.0,
          0.0,
          1.0
        ]
      ]
    },
    {
      "file_path": "/media/NFS/ttao/scannet/posed_images/scene0556_01/00262.jpg",
      "transform_matrix": [
        [
          -0.882512,
          0.25672,
          -0.394041,
          2.865709
        ],
        [
          0.466082,
          0.365597,
          -0.805671,
          2.880433
        ],
        [
          -0.062772,
          -0.89467,
          -0.442296,
          1.526923
        ],
        [
          0.0,
          0.0,
          0.0,
          1.0
        ]
      ]
    },
    {
      "file_path": "/media/NFS/ttao/scannet/posed_images/scene0556_01/00264.jpg",
      "transform_matrix": [
        [
          -0.890975,
          0.249748,
          -0.379196,
          2.867181
        ],
        [
          0.449398,
          0.365776,
          -0.815015,
          2.882925
        ],
        [
          -0.064847,
          -0.896568,
          -0.438133,
          1.534721
        ],
        [
          0.0,
          0.0,
          0.0,
          1.0
        ]
      ]
    },
    {
      "file_path": "/media/NFS/ttao/scannet/posed_images/scene0556_01/00271.jpg",
      "transform_matrix": [
        [
          -0.929607,
          0.204912,
          -0.306337,
          2.886771
        ],
        [
          0.362777,
          0.362166,
          -0.85862,
          2.898515
        ],
        [
          -0.064997,
          -0.909311,
          -0.411009,
          1.542754
        ],
        [
          0.0,
          0.0,
          0.0,
          1.0
        ]
      ]
    },
    {
      "file_path": "/media/NFS/ttao/scannet/posed_images/scene0556_01/00276.jpg",
      "transform_matrix": [
        [
          -0.950547,
          0.175353,
          -0.256342,
          2.90729
        ],
        [
          0.30415,
          0.358484,
          -0.8826,
          2.900287
        ],
        [
          -0.062872,
          -0.916919,
          -0.39409,
          1.546776
        ],
        [
          0.0,
          0.0,
          0.0,
          1.0
        ]
      ]
    },
    {
      "file_path": "/media/NFS/ttao/scannet/posed_images/scene0556_01/00279.jpg",
      "transform_matrix": [
        [
          -0.960639,
          0.155157,
          -0.230434,
          2.921222
        ],
        [
          0.272223,
          0.360368,
          -0.892205,
          2.902614
        ],
        [
          -0.055391,
          -0.919816,
          -0.388421,
          1.545344
        ],
        [
          0.0,
          0.0,
          0.0,
          1.0
        ]
      ]
    },
    {
      "file_path": "/media/NFS/ttao/scannet/posed_images/scene0556_01/00284.jpg",
      "transform_matrix": [
        [
          -0.969257,
          0.1132,
          -0.218465,
          2.941934
        ],
        [
          0.244604,
          0.347138,
          -0.905353,
          2.901912
        ],
        [
          -0.026649,
          -0.930957,
          -0.364155,
          1.546243
        ],
        [
          0.0,
          0.0,
          0.0,
          1.0
        ]
      ]
    },
    {
      "file_path": "/media/NFS/ttao/scannet/posed_images/scene0556_01/00288.jpg",
      "transform_matrix": [
        [
          -0.974564,
          0.092188,
          -0.204268,
          2.968585
        ],
        [
          0.223529,
          0.334387,
          -0.915544,
          2.900424
        ],
        [
          -0.016098,
          -0.937916,
          -0.346488,
          1.554219
        ],
        [
          0.0,
          0.0,
          0.0,
          1.0
        ]
      ]
    },
    {
      "file_path": "/media/NFS/ttao/scannet/posed_images/scene0556_01/00297.jpg",
      "transform_matrix": [
        [
          -0.989322,
          0.076065,
          -0.12432,
          3.02557
        ],
        [
          0.14173,
          0.303272,
          -0.942305,
          2.888433
        ],
        [
          -0.033974,
          -0.949863,
          -0.310815,
          1.57766
        ],
        [
          0.0,
          0.0,
          0.0,
          1.0
        ]
      ]
    },
    {
      "file_path": "/media/NFS/ttao/scannet/posed_images/scene0556_01/00300.jpg",
      "transform_matrix": [
        [
          -0.995404,
          0.050046,
          -0.081651,
          3.03069
        ],
        [
          0.092831,
          0.294687,
          -0.951074,
          2.890893
        ],
        [
          -0.023536,
          -0.954282,
          -0.297978,
          1.576967
        ],
        [
          0.0,
          0.0,
          0.0,
          1.0
        ]
      ]
    },
    {
      "file_path": "/media/NFS/ttao/scannet/posed_images/scene0556_01/00308.jpg",
      "transform_matrix": [
        [
          -0.998299,
          -0.009473,
          0.057522,
          3.039192
        ],
        [
          -0.057672,
          0.304666,
          -0.950712,
          2.891742
        ],
        [
          -0.008519,
          -0.952412,
          -0.304694,
          1.575082
        ],
        [
          0.0,
          0.0,
          0.0,
          1.0
        ]
      ]
    },
    {
      "file_path": "/media/NFS/ttao/scannet/posed_images/scene0556_01/00313.jpg",
      "transform_matrix": [
        [
          -0.990348,
          -0.025465,
          0.136246,
          3.01562
        ],
        [
          -0.1373,
          0.314863,
          -0.939154,
          2.884643
        ],
        [
          -0.018983,
          -0.948795,
          -0.31532,
          1.578636
        ],
        [
          0.0,
          0.0,
          0.0,
          1.0
        ]
      ]
    },
    {
      "file_path": "/media/NFS/ttao/scannet/posed_images/scene0556_01/00317.jpg",
      "transform_matrix": [
        [
          -0.983542,
          -0.040128,
          0.176165,
          2.996718
        ],
        [
          -0.179569,
          0.324934,
          -0.928533,
          2.882995
        ],
        [
          -0.019982,
          -0.944885,
          -0.326792,
          1.578884
        ],
        [
          0.0,
          0.0,
          0.0,
          1.0
        ]
      ]
    },
    {
      "file_path": "/media/NFS/ttao/scannet/posed_images/scene0556_01/00320.jpg",
      "transform_matrix": [
        [
          -0.975697,
          -0.055496,
          0.21198,
          2.971853
        ],
        [
          -0.218528,
          0.317779,
          -0.922639,
          2.883777
        ],
        [
          -0.01616,
          -0.946539,
          -0.322184,
          1.579829
        ],
        [
          0.0,
          0.0,
          0.0,
          1.0
        ]
      ]
    },
    {
      "file_path": "/media/NFS/ttao/scannet/posed_images/scene0556_01/00326.jpg",
      "transform_matrix": [
        [
          -0.95789,
          -0.070188,
          0.278425,
          2.943361
        ],
        [
          -0.285862,
          0.32436,
          -0.901706,
          2.894875
        ],
        [
          -0.027022,
          -0.943326,
          -0.330765,
          1.572057
        ],
        [
          0.0,
          0.0,
          0.0,
          1.0
        ]
      ]
    },
    {
      "file_path": "/media/NFS/ttao/scannet/posed_images/scene0556_01/00332.jpg",
      "transform_matrix": [
        [
          -0.940041,
          -0.08498,
          0.330303,
          2.915738
        ],
        [
          -0.339427,
          0.327752,
          -0.881685,
          2.910928
        ],
        [
          -0.033332,
          -0.940934,
          -0.336945,
          1.562419
        ],
        [
          0.0,
          0.0,
          0.0,
          1.0
        ]
      ]
    },
    {
      "file_path": "/media/NFS/ttao/scannet/posed_images/scene0556_01/00334.jpg",
      "transform_matrix": [
        [
          -0.93641,
          -0.08082,
          0.341473,
          2.908377
        ],
        [
          -0.348394,
          0.330383,
          -0.877194,
          2.918247
        ],
        [
          -0.041922,
          -0.94038,
          -0.337531,
          1.562092
        ],
        [
          0.0,
          0.0,
          0.0,
          1.0
        ]
      ]
    },
    {
      "file_path": "/media/NFS/ttao/scannet/posed_images/scene0556_01/00340.jpg",
      "transform_matrix": [
        [
          -0.936863,
          -0.063518,
          0.34388,
          2.893367
        ],
        [
          -0.343334,
          0.353813,
          -0.870022,
          2.936702
        ],
        [
          -0.066407,
          -0.933157,
          -0.353282,
          1.564122
        ],
        [
          0.0,
          0.0,
          0.0,
          1.0
        ]
      ]
    },
    {
      "file_path": "/media/NFS/ttao/scannet/posed_images/scene0556_01/00348.jpg",
      "transform_matrix": [
        [
          -0.94734,
          -0.075449,
          0.311215,
          2.890712
        ],
        [
          -0.316168,
          0.374666,
          -0.871587,
          2.969775
        ],
        [
          -0.050841,
          -0.924085,
          -0.378791,
          1.549059
        ],
        [
          0.0,
          0.0,
          0.0,
          1.0
        ]
      ]
    },
    {
      "file_path": "/media/NFS/ttao/scannet/posed_images/scene0556_01/00351.jpg",
      "transform_matrix": [
        [
          -0.95013,
          -0.079468,
          0.301558,
          2.894362
        ],
        [
          -0.308774,
          0.375286,
          -0.873967,
          2.981117
        ],
        [
          -0.043719,
          -0.923496,
          -0.381109,
          1.55242
        ],
        [
          0.0,
          0.0,
          0.0,
          1.0
        ]
      ]
    },
    {
      "file_path": "/media/NFS/ttao/scannet/posed_images/scene0556_01/00355.jpg",
      "transform_matrix": [
        [
          -0.949502,
          -0.07747,
          0.304048,
          2.90167
        ],
        [
          -0.310275,
          0.375896,
          -0.873173,
          3.007703
        ],
        [
          -0.046645,
          -0.923418,
          -0.380951,
          1.547192
        ],
        [
          0.0,
          0.0,
          0.0,
          1.0
        ]
      ]
    },
    {
      "file_path": "/media/NFS/ttao/scannet/posed_images/scene0556_01/00363.jpg",
      "transform_matrix": [
        [
          -0.938525,
          -0.099334,
          0.330612,
          2.911005
        ],
        [
          -0.343677,
          0.359061,
          -0.867734,
          3.058848
        ],
        [
          -0.032515,
          -0.928013,
          -0.371126,
          1.555411
        ],
        [
          0.0,
          0.0,
          0.0,
          1.0
        ]
      ]
    },
    {
      "file_path": "/media/NFS/ttao/scannet/posed_images/scene0556_01/00366.jpg",
      "transform_matrix": [
        [
          -0.936997,
          -0.104122,
          0.333459,
          2.913426
        ],
        [
          -0.34809,
          0.358847,
          -0.866062,
          3.075861
        ],
        [
          -0.029485,
          -0.927571,
          -0.372482,
          1.552765
        ],
        [
          0.0,
          0.0,
          0.0,
          1.0
        ]
      ]
    },
    {
      "file_path": "/media/NFS/ttao/scannet/posed_images/scene0556_01/00374.jpg",
      "transform_matrix": [
        [
          -0.942666,
          -0.099634,
          0.318518,
          2.900558
        ],
        [
          -0.332404,
          0.365514,
          -0.869429,
          3.104831
        ],
        [
          -0.029798,
          -0.925458,
          -0.377676,
          1.540301
        ],
        [
          0.0,
          0.0,
          0.0,
          1.0
        ]
      ]
    },
    {
      "file_path": "/media/NFS/ttao/scannet/posed_images/scene0556_01/00378.jpg",
      "transform_matrix": [
        [
          -0.945385,
          -0.098416,
          0.310743,
          2.895626
        ],
        [
          -0.325053,
          0.355571,
          -0.876305,
          3.118179
        ],
        [
          -0.024249,
          -0.929453,
          -0.368142,
          1.53865
        ],
        [
          0.0,
          0.0,
          0.0,
          1.0
        ]
      ]
    },
    {
      "file_path": "/media/NFS/ttao/scannet/posed_images/scene0556_01/00381.jpg",
      "transform_matrix": [
        [
          -0.945119,
          -0.097343,
          0.311887,
          2.894634
        ],
        [
          -0.32576,
          0.354069,
          -0.87665,
          3.131727
        ],
        [
          -0.025093,
          -0.930139,
          -0.366348,
          1.526736
        ],
        [
          0.0,
          0.0,
          0.0,
          1.0
        ]
      ]
    },
    {
      "file_path": "/media/NFS/ttao/scannet/posed_images/scene0556_01/00389.jpg",
      "transform_matrix": [
        [
          -0.935514,
          -0.120775,
          0.332004,
          2.891501
        ],
        [
          -0.352776,
          0.370025,
          -0.859436,
          3.142888
        ],
        [
          -0.019052,
          -0.921138,
          -0.38877,
          1.512522
        ],
        [
          0.0,
          0.0,
          0.0,
          1.0
        ]
      ]
    },
    {
      "file_path": "/media/NFS/ttao/scannet/posed_images/scene0556_01/00390.jpg",
      "transform_matrix": [
        [
          -0.932589,
          -0.128076,
          0.337452,
          2.886646
        ],
        [
          -0.36058,
          0.372315,
          -0.855198,
          3.136786
        ],
        [
          -0.016108,
          -0.919227,
          -0.393398,
