{
  "frames": [
    {
      "file_path": "/media/NFS/ttao/scannet/posed_images/scene0214_00/00001.jpg",
      "transform_matrix": [
        [
          -0.761925,
          0.353239,
          -0.542856,
          5.013356
        ],
        [
          0.64521,
          0.341062,
          -0.683653,
          2.686878
        ],
        [
          -0.056345,
          -0.871148,
          -0.487777,
          1.507253
        ],
        [
          0.0,
          0.0,
          0.0,
          1.0
        ]
      ]
    },
    {
      "file_path": "/media/NFS/ttao/scannet/posed_images/scene0214_00/00003.jpg",
      "transform_matrix": [
        [
          -0.761506,
          0.348239,
          -0.546661,
          5.019655
        ],
        [
          0.646232,
          0.34295,
          -0.68174,
          2.684662
        ],
        [
          -0.049931,
          -0.872419,
          -0.486202,
          1.509831
        ],
        [
          0.0,
          0.0,
          0.0,
          1.0
        ]
      ]
    },
    {
      "file_path": "/media/NFS/ttao/scannet/posed_images/scene0214_00/00009.jpg",
      "transform_matrix": [
        [
          -0.772472,
          0.330835,
          -0.542066,
          5.023403
        ],
        [
          0.633047,
          0.333433,
          -0.698623,
          2.692122
        ],
        [
          -0.050386,
          -0.88282,
          -0.467002,
          1.512283
        ],
        [
          0.0,
          0.0,
          0.0,
          1.0
        ]
      ]
    },
    {
      "file_path": "/media/NFS/ttao/scannet/posed_images/scene0214_00/00014.jpg",
      "transform_matrix": [
        [
          -0.780882,
          0.321503,
          -0.535593,
          5.022859
        ],
        [
          0.622308,
          0.325749,
          -0.711773,
          2.707404
        ],
        [
          -0.054368,
          -0.889114,
          -0.454445,
          1.503363
        ],
        [
          0.0,
          0.0,
          0.0,
          1.0
        ]
      ]
    },
    {
      "file_path": "/media/NFS/ttao/scannet/posed_images/scene0214_00/00017.jpg",
      "transform_matrix": [
        [
          -0.782173,
          0.324241,
          -0.532047,
          5.024069
        ],
        [
          0.620587,
          0.329387,
          -0.711601,
          2.708684
        ],
        [
          -0.055481,
          -0.886776,
          -0.458857,
          1.500579
        ],
        [
          0.0,
          0.0,
          0.0,
          1.0
        ]
      ]
    },
    {
      "file_path": "/media/NFS/ttao/scannet/posed_images/scene0214_00/00020.jpg",
      "transform_matrix": [
        [
          -0.781933,
          0.327409,
          -0.530456,
          5.024626
        ],
        [
          0.620755,
          0.331224,
          -0.710601,
          2.708388
        ],
        [
          -0.056958,
          -0.884926,
          -0.462236,
          1.501772
        ],
        [
          0.0,
          0.0,
          0.0,
          1.0
        ]
      ]
    },
    {
      "file_path": "/media/NFS/ttao/scannet/posed_images/scene0214_00/00021.jpg",
      "transform_matrix": [
        [
          -0.782075,
          0.327485,
          -0.5302,
          5.025922
        ],
        [
          0.620646,
          0.332587,
          -0.71006,
          2.7075
        ],
        [
          -0.056196,
          -0.884386,
          -0.46336,
          1.501447
        ],
        [
          0.0,
          0.0,
          0.0,
          1.0
        ]
      ]
    },
    {
      "file_path": "/media/NFS/ttao/scannet/posed_images/scene0214_00/00028.jpg",
      "transform_matrix": [
        [
          -0.800197,
          0.284218,
          -0.528115,
          5.03198
        ],
        [
          0.597121,
          0.295385,
          -0.745785,
          2.707413
        ],
        [
          -0.055968,
          -0.912123,
          -0.406078,
          1.511059
        ],
        [
          0.0,
          0.0,
          0.0,
          1.0
        ]
      ]
    },
    {
      "file_path": "/media/NFS/ttao/scannet/posed_images/scene0214_00/00029.jpg",
      "transform_matrix": [
        [
          -0.801819,
          0.279174,
          -0.528345,
          5.030413
        ],
        [
          0.595262,
          0.295566,
          -0.747197,
          2.706815
        ],
        [
          -0.052438,
          -0.913621,
          -0.403172,
          1.516431
        ],
        [
          0.0,
          0.0,
          0.0,
          1.0
        ]
      ]
    },
    {
      "file_path": "/media/NFS/ttao/scannet/posed_images/scene0214_00/00034.jpg",
      "transform_matrix": [
        [
          -0.831953,
          0.209622,
          -0.513725,
          5.036764
        ],
        [
          0.553174,
          0.241521,
          -0.797287,
          2.700299
        ],
        [
          -0.043054,
          -0.947484,
          -0.316891,
          1.532159
        ],
        [
          0.0,
          0.0,
          0.0,
          1.0
        ]
      ]
    },
    {
      "file_path": "/media/NFS/ttao/scannet/posed_images/scene0214_00/00040.jpg",
      "transform_matrix": [
        [
          -0.895015,
          0.12089,
          -0.429342,
          5.018871
        ],
        [
          0.443225,
          0.13312,
          -0.886471,
          2.698928
        ],
        [
          -0.050011,
          -0.9837,
          -0.172726,
          1.601089
        ],
        [
          0.0,
          0.0,
          0.0,
          1.0
        ]
      ]
    },
    {
      "file_path": "/media/NFS/ttao/scannet/posed_images/scene0214_00/00042.jpg",
      "transform_matrix": [
        [
          -0.903458,
          0.102201,
          -0.416315,
          5.015166
        ],
        [
          0.426357,
          0.11335,
          -0.897425,
          2.69812
        ],
        [
          -0.044529,
          -0.988285,
          -0.145982,
          1.616735
        ],
        [
          0.0,
          0.0,
          0.0,
          1.0
        ]
      ]
    },
    {
      "file_path": "/media/NFS/ttao/scannet/posed_images/scene0214_00/00047.jpg",
      "transform_matrix": [
        [
          -0.919401,
          0.044881,
          -0.390753,
          5.013633
        ],
        [
          0.392378,
          0.035872,
          -0.919104,
          2.692761
        ],
        [
          -0.027233,
          -0.998348,
          -0.050591,
          1.660464
        ],
        [
          0.0,
          0.0,
          0.0,
          1.0
        ]
      ]
    },
    {
      "file_path": "/media/NFS/ttao/scannet/posed_images/scene0214_00/00049.jpg",
      "transform_matrix": [
        [
          -0.918142,
          0.030114,
          -0.395106,
          5.013144
        ],
        [
          0.395854,
          0.025002,
          -0.917973,
          2.690794
        ],
        [
          -0.017765,
          -0.999234,
          -0.034876,
          1.676074
        ],
        [
          0.0,
          0.0,
          0.0,
          1.0
        ]
      ]
    },
    {
      "file_path": "/media/NFS/ttao/scannet/posed_images/scene0214_00/00053.jpg",
      "transform_matrix": [
        [
          -0.902617,
          -0.016272,
          -0.430137,
          5.010361
        ],
        [
          0.430225,
          -0.002198,
          -0.902719,
          2.688258
        ],
        [
          0.013743,
          -0.999865,
          0.008985,
          1.70162
        ],
        [
          0.0,
          0.0,
          0.0,
          1.0
        ]
      ]
    },
    {
      "file_path": "/media/NFS/ttao/scannet/posed_images/scene0214_00/00056.jpg",
      "transform_matrix": [
        [
          -0.874137,
          -0.042344,
          -0.48383,
          5.011151
        ],
        [
          0.484074,
          0.004985,
          -0.875013,
          2.682526
        ],
        [
          0.039463,
          -0.999091,
          0.01614,
          1.721884
        ],
        [
          0.0,
          0.0,
          0.0,
          1.0
        ]
      ]
    },
    {
      "file_path": "/media/NFS/ttao/scannet/posed_images/scene0214_00/00061.jpg",
      "transform_matrix": [
        [
          -0.7898,
          -0.080524,
          -0.608055,
          5.000978
        ],
        [
          0.60862,
          0.02018,
          -0.793205,
          2.673005
        ],
        [
          0.076143,
          -0.996548,
          0.03307,
          1.742164
        ],
        [
          0.0,
          0.0,
          0.0,
          1.0
        ]
      ]
    },
    {
      "file_path": "/media/NFS/ttao/scannet/posed_images/scene0214_00/00066.jpg",
      "transform_matrix": [
        [
          -0.645649,
          -0.074943,
          -0.759948,
          5.015798
        ],
        [
          0.758564,
          0.051547,
          -0.649556,
          2.6407
        ],
        [
          0.087852,
          -0.995855,
          0.023568,
          1.716889
        ],
        [
          0.0,
          0.0,
          0.0,
          1.0
        ]
      ]
    },
    {
      "file_path": "/media/NFS/ttao/scannet/posed_images/scene0214_00/00070.jpg",
      "transform_matrix": [
        [
          -0.557798,
          -0.041807,
          -0.828923,
          4.999592
        ],
        [
          0.827624,
          0.04714,
          -0.5593,
          2.604828
        ],
        [
          0.062458,
          -0.998013,
          0.008306,
          1.735002
        ],
        [
          0.0,
          0.0,
          0.0,
          1.0
        ]
      ]
    },
    {
      "file_path": "/media/NFS/ttao/scannet/posed_images/scene0214_00/00071.jpg",
      "transform_matrix": [
        [
          -0.543958,
          -0.040408,
          -0.838139,
          4.997935
        ],
        [
          0.83723,
          0.040727,
          -0.545332,
          2.601165
        ],
        [
          0.056171,
          -0.998353,
          0.011677,
          1.730935
        ],
        [
          0.0,
          0.0,
          0.0,
          1.0
        ]
      ]
    },
    {
      "file_path": "/media/NFS/ttao/scannet/posed_images/scene0214_00/00077.jpg",
      "transform_matrix": [
        [
          -0.438138,
          -0.066428,
          -0.89645,
          5.005589
        ],
        [
          0.896987,
          0.032843,
          -0.440834,
          2.54802
        ],
        [
          0.058726,
          -0.997251,
          0.045195,
          1.742762
        ],
        [
          0.0,
          0.0,
          0.0,
          1.0
        ]
      ]
    },
    {
      "file_path": "/media/NFS/ttao/scannet/posed_images/scene0214_00/00081.jpg",
      "transform_matrix": [
        [
          -0.341337,
          -0.081659,
          -0.936387,
          5.014005
        ],
        [
          0.937233,
          0.046007,
          -0.345657,
          2.510085
        ],
        [
          0.071306,
          -0.995598,
          0.06083,
          1.771289
        ],
        [
          0.0,
          0.0,
          0.0,
          1.0
        ]
      ]
    },
    {
      "file_path": "/media/NFS/ttao/scannet/posed_images/scene0214_00/00082.jpg",
      "transform_matrix": [
        [
          -0.32004,
          -0.081765,
          -0.943869,
          5.013003
        ],
        [
          0.944662,
          0.048206,
          -0.324485,
          2.50403
        ],
        [
          0.072031,
          -0.995485,
          0.061813,
          1.773055
        ],
        [
          0.0,
          0.0,
          0.0,
          1.0
        ]
      ]
    },
    {
      "file_path": "/media/NFS/ttao/scannet/posed_images/scene0214_00/00086.jpg",
      "transform_matrix": [
        [
          -0.185771,
          -0.036649,
          -0.981909,
          5.014726
        ],
        [
          0.979391,
          0.073701,
          -0.188045,
          2.470607
        ],
        [
          0.079259,
          -0.996607,
          0.022202,
          1.780939
        ],
        [
          0.0,
          0.0,
          0.0,
          1.0
        ]
      ]
    },
    {
      "file_path": "/media/NFS/ttao/scannet/posed_images/scene0214_00/00093.jpg",
      "transform_matrix": [
        [
          -0.031382,
          0.09969,
          -0.994523,
          4.999548
        ],
        [
          0.996598,
          0.078986,
          -0.02353,
          2.441211
        ],
        [
          0.076208,
          -0.991879,
          -0.101829,
          1.724016
        ],
        [
          0.0,
          0.0,
          0.0,
          1.0
        ]
      ]
    },
    {
      "file_path": "/media/NFS/ttao/scannet/posed_images/scene0214_00/00096.jpg",
      "transform_matrix": [
        [
          0.00785,
          0.160253,
          -0.987045,
          4.986037
        ],
        [
          0.99836,
          0.054716,
          0.016824,
          2.436776
        ],
        [
          0.056703,
          -0.985558,
          -0.159561,
          1.692816
        ],
        [
          0.0,
          0.0,
          0.0,
          1.0
        ]
      ]
    },
    {
      "file_path": "/media/NFS/ttao/scannet/posed_images/scene0214_00/00099.jpg",
      "transform_matrix": [
        [
          0.029002,
          0.194221,
          -0.980529,
          4.976835
        ],
        [
          0.998578,
          0.038252,
          0.037113,
          2.433999
        ],
        [
          0.044716,
          -0.980211,
          -0.192836,
          1.666754
        ],
        [
          0.0,
          0.0,
          0.0,
          1.0
        ]
      ]
    },
    {
      "file_path": "/media/NFS/ttao/scannet/posed_images/scene0214_00/00104.jpg",
      "transform_matrix": [
        [
          0.041168,
          0.231494,
          -0.971965,
          4.984977
        ],
        [
          0.998655,
          0.021157,
          0.047337,
          2.422721
        ],
        [
          0.031522,
          -0.972606,
          -0.230312,
          1.618099
        ],
        [
          0.0,
          0.0,
          0.0,
          1.0
        ]
      ]
    },
    {
      "file_path": "/media/NFS/ttao/scannet/posed_images/scene0214_00/00106.jpg",
      "transform_matrix": [
        [
          0.054053,
          0.279486,
          -0.958627,
          4.977658
        ],
        [
          0.99775,
          0.023022,
          0.062971,
          2.409102
        ],
        [
          0.039669,
          -0.959874,
          -0.277613,
          1.610447
        ],
        [
          0.0,
          0.0,
          0.0,
          1.0
        ]
      ]
    },
    {
      "file_path": "/media/NFS/ttao/scannet/posed_images/scene0214_00/00110.jpg",
      "transform_matrix": [
        [
          0.06924,
          0.371197,
          -0.925969,
          4.984755
        ],
        [
          0.996964,
          0.007404,
          0.077517,
          2.406013
        ],
        [
          0.03563,
          -0.928525,
          -0.369557,
          1.518038
        ],
        [
          0.0,
          0.0,
          0.0,
          1.0
        ]
      ]
    },
    {
      "file_path": "/media/NFS/ttao/scannet/posed_images/scene0214_00/00115.jpg",
      "transform_matrix": [
        [
          0.138251,
          0.485035,
          -0.863497,
          4.968464
        ],
        [
          0.987237,
          0.002105,
          0.159245,
          2.367096
        ],
        [
          0.079057,
          -0.874492,
          -0.478553,
          1.522646
        ],
        [
          0.0,
          0.0,
          0.0,
          1.0
        ]
      ]
    },
    {
      "file_path": "/media/NFS/ttao/scannet/posed_images/scene0214_00/00119.jpg",
      "transform_matrix": [
        [
          0.171047,
          0.530118,
          -0.830492,
          4.963656
        ],
        [
          0.982972,
          -0.034376,
          0.180509,
          2.353187
        ],
        [
          0.067142,
          -0.847227,
          -0.526972,
          1.515641
        ],
        [
          0.0,
          0.0,
          0.0,
          1.0
        ]
      ]
    },
    {
      "file_path": "/media/NFS/ttao/scannet/posed_images/scene0214_00/00121.jpg",
      "transform_matrix": [
        [
          0.177337,
          0.5425,
          -0.821125,
          4.999742
        ],
        [
          0.983451,
          -0.06625,
          0.168624,
          2.384977
        ],
        [
          0.037079,
          -0.83744,
          -0.54527,
          1.440636
        ],
        [
          0.0,
          0.0,
          0.0,
          1.0
        ]
      ]
    },
    {
      "file_path": "/media/NFS/ttao/scannet/posed_images/scene0214_00/00125.jpg",
      "transform_matrix": [
        [
          0.174145,
          0.609458,
          -0.773456,
          5.00497
        ],
        [
          0.983531,
          -0.06907,
          0.167019,
          2.380198
        ],
        [
          0.048369,
          -0.789804,
          -0.611449,
          1.414732
        ],
        [
          0.0,
          0.0,
          0.0,
          1.0
        ]
      ]
    },
    {
      "file_path": "/media/NFS/ttao/scannet/posed_images/scene0214_00/00128.jpg",
      "transform_matrix": [
        [
          0.151986,
          0.637926,
          -0.754951,
          5.010131
        ],
        [
          0.987143,
          -0.059733,
          0.148257,
          2.375421
        ],
        [
          0.049481,
          -0.767778,
          -0.638803,
          1.398961
        ],
        [
          0.0,
          0.0,
          0.0,
          1.0
        ]
      ]
    },
    {
      "file_path": "/media/NFS/ttao/scannet/posed_images/scene0214_00/00131.jpg",
      "transform_matrix": [
        [
          0.08435,
          0.668222,
          -0.739165,
          5.015446
        ],
        [
          0.995953,
          -0.033449,
          0.083415,
          2.382648
        ],
        [
          0.031015,
          -0.74321,
          -0.668339,
          1.401941
        ],
        [
          0.0,
          0.0,
          0.0,
          1.0
        ]
      ]
    },
    {
      "file_path": "/media/NFS/ttao/scannet/posed_images/scene0214_00/00137.jpg",
      "transform_matrix": [
        [
          -0.073227,
          0.6568,
          -0.750501,
          5.000868
        ],
        [
          0.996796,
          0.023921,
          -0.076324,
          2.376251
        ],
        [
          -0.032177,
          -0.753686,
          -0.656447,
          1.421478
        ],
        [
          0.0,
          0.0,
          0.0,
          1.0
        ]
      ]
    },
    {
      "file_path": "/media/NFS/ttao/scannet/posed_images/scene0214_00/00141.jpg",
      "transform_matrix": [
        [
          -0.204173,
          0.613057,
          -0.7632,
          4.970479
        ],
        [
          0.975618,
          0.063312,
          -0.210143,
          2.387453
        ],
        [
          -0.08051,
          -0.787498,
          -0.611036,
          1.465013
        ],
        [
          0.0,
          0.0,
          0.0,
          1.0
        ]
      ]
    },
    {
      "file_path": "/media/NFS/ttao/scannet/posed_images/scene0214_00/00145.jpg",
      "transform_matrix": [
        [
          -0.333998,
          0.544014,
          -0.769736,
          4.925963
        ],
        [
          0.937905,
          0.110638,
          -0.328775,
          2.40818
        ],
        [
          -0.093696,
          -0.83175,
          -0.547186,
          1.48228
        ],
        [
          0.0,
          0.0,
          0.0,
          1.0
        ]
      ]
    },
    {
      "file_path": "/media/NFS/ttao/scannet/posed_images/scene0214_00/00146.jpg",
      "transform_matrix": [
        [
          -0.349665,
          0.537135,
          -0.767607,
          4.915543
        ],
        [
          0.932669,
          0.122022,
          -0.339469,
          2.40628
        ],
        [
          -0.088676,
          -0.834623,
          -0.543636,
          1.4915
        ],
        [
          0.0,
          0.0,
          0.0,
          1.0
        ]
      ]
    },
    {
      "file_path": "/media/NFS/ttao/scannet/posed_images/scene0214_00/00153.jpg",
      "transform_matrix": [
        [
          -0.463673,
          0.465649,
          -0.753776,
          4.789023
        ],
        [
          0.884547,
          0.194473,
          -0.423978,
          2.452123
        ],
        [
          -0.050836,
          -0.863337,
          -0.50206,
          1.485288
        ],
        [
          0.0,
          0.0,
          0.0,
          1.0
        ]
      ]
    },
    {
      "file_path": "/media/NFS/ttao/scannet/posed_images/scene0214_00/00154.jpg",
      "transform_matrix": [
        [
          -0.474048,
          0.461163,
          -0.750071,
          4.771507
        ],
        [
          0.879436,
          0.20615,
          -0.429061,
          2.459167
        ],
        [
          -0.04324,
          -0.863036,
          -0.503289,
          1.483223
        ],
        [
          0.0,
          0.0,
          0.0,
          1.0
        ]
      ]
    },
    {
      "file_path": "/media/NFS/ttao/scannet/posed_images/scene0214_00/00157.jpg",
      "transform_matrix": [
        [
          -0.501247,
          0.449925,
          -0.739134,
          4.701794
        ],
        [
          0.864978,
          0.237082,
          -0.442272,
          2.484242
        ],
        [
          -0.023753,
          -0.861022,
          -0.508012,
          1.48343
        ],
        [
          0.0,
          0.0,
          0.0,
          1.0
        ]
      ]
    },
    {
      "file_path": "/media/NFS/ttao/scannet/posed_images/scene0214_00/00163.jpg",
      "transform_matrix": [
        [
          -0.46223,
          0.454218,
          -0.761597,
          4.605304
        ],
        [
          0.885773,
          0.195992,
          -0.420706,
          2.509375
        ],
        [
          -0.041826,
          -0.869065,
          -0.492927,
          1.485636
        ],
        [
          0.0,
          0.0,
          0.0,
          1.0
        ]
      ]
    },
    {
      "file_path": "/media/NFS/ttao/scannet/posed_images/scene0214_00/00166.jpg",
      "transform_matrix": [
        [
          -0.449249,
          0.463603,
          -0.763706,
          4.54923
        ],
        [
          0.892441,
          0.193142,
          -0.407731,
          2.51447
        ],
        [
          -0.041522,
          -0.864736,
          -0.500507,
          1.487608
        ],
        [
          0.0,
          0.0,
          0.0,
          1.0
        ]
      ]
    },
    {
      "file_path": "/media/NFS/ttao/scannet/posed_images/scene0214_00/00169.jpg",
      "transform_matrix": [
        [
          -0.420737,
          0.46738,
          -0.777519,
          4.509737
        ],
        [
          0.90675,
          0.190193,
          -0.376339,
          2.513713
        ],
        [
          -0.028014,
          -0.863355,
          -0.503818,
          1.487558
        ],
        [
          0.0,
          0.0,
          0.0,
          1.0
        ]
      ]
    },
    {
      "file_path": "/media/NFS/ttao/scannet/posed_images/scene0214_00/00175.jpg",
      "transform_matrix": [
        [
          -0.260092,
          0.483312,
          -0.835919,
          4.405374
        ],
        [
          0.96553,
          0.121072,
          -0.230418,
          2.481549
        ],
        [
          -0.010157,
          -0.867036,
          -0.498143,
          1.478785
        ],
        [
          0.0,
          0.0,
          0.0,
          1.0
        ]
      ]
    },
    {
      "file_path": "/media/NFS/ttao/scannet/posed_images/scene0214_00/00176.jpg",
      "transform_matrix": [
        [
          -0.234359,
          0.482019,
          -0.844236,
          4.391698
        ],
        [
          0.972073,
          0.105244,
          -0.209757,
          2.475385
        ],
        [
          -0.012256,
          -0.869817,
          -0.493223,
          1.474366
        ],
        [
          0.0,
          0.0,
          0.0,
          1.0
        ]
      ]
    },
    {
      "file_path": "/media/NFS/ttao/scannet/posed_images/scene0214_00/00180.jpg",
      "transform_matrix": [
        [
          -0.07788,
          0.480914,
          -0.873302,
          4.312045
        ],
        [
          0.996687,
          0.016967,
          -0.079541,
          2.442403
        ],
        [
          -0.023435,
          -0.876604,
          -0.480642,
          1.472501
        ],
        [
          0.0,
          0.0,
          0.0,
          1.0
        ]
      ]
    },
    {
      "file_path": "/media/NFS/ttao/scannet/posed_images/scene0214_00/00186.jpg",
      "transform_matrix": [
        [
          0.120189,
          0.468367,
          -0.875321,
          4.201286
        ],
        [
          0.992022,
          -0.090444,
          0.087818,
          2.3748
        ],
        [
          -0.038036,
          -0.878893,
          -0.475501,
          1.498971
        ],
        [
          0.0,
          0.0,
          0.0,
          1.0
        ]
      ]
    },
    {
      "file_path": "/media/NFS/ttao/scannet/posed_images/scene0214_00/00190.jpg",
      "transform_matrix": [
        [
          0.218677,
          0.449707,
          -0.865993,
          4.120515
        ],
        [
          0.975767,
          -0.107745,
          0.190445,
          2.331197
        ],
        [
          -0.007662,
          -0.886653,
          -0.462371,
          1.487233
        ],
        [
          0.0,
          0.0,
          0.0,
          1.0
        ]
      ]
    },
    {
      "file_path": "/media/NFS/ttao/scannet/posed_images/scene0214_00/00194.jpg",
      "transform_matrix": [
        [
          0.262626,
          0.434396,
          -0.861585,
          4.056714
        ],
        [
          0.964888,
          -0.114238,
          0.236518,
          2.33055
        ],
        [
          0.004317,
          -0.893449,
          -0.449145,
          1.490019
        ],
        [
          0.0,
          0.0,
          0.0,
          1.0
        ]
      ]
    },
    {
      "file_path": "/media/NFS/ttao/scannet/posed_images/scene0214_00/00195.jpg",
      "transform_matrix": [
        [
          0.276415,
          0.420824,
          -0.864004,
          4.02647
        ],
        [
          0.961038,
          -0.121394,
          0.248332,
          2.334332
        ],
        [
          -0.000381,
          -0.898983,
          -0.437983,
          1.489504
        ],
        [
          0.0,
          0.0,
          0.0,
          1.0
        ]
      ]
    },
    {
      "file_path": "/media/NFS/ttao/scannet/posed_images/scene0214_00/00200.jpg",
      "transform_matrix": [
        [
          0.312374,
          0.391638,
          -0.865472,
          3.943075
        ],
        [
          0.949958,
          -0.129931,
          0.284072,
          2.339743
        ],
        [
          -0.001199,
          -0.910899,
          -0.412627,
          1.483741
        ],
        [
          0.0,
          0.0,
          0.0,
          1.0
        ]
      ]
    },
    {
      "file_path": "/media/NFS/ttao/scannet/posed_images/scene0214_00/00206.jpg",
      "transform_matrix": [
        [
          0.373992,
          0.381686,
          -0.845249,
          3.834348
        ],
        [
          0.927369,
          -0.143283,
          0.345626,
          2.367511
        ],
        [
          0.010811,
          -0.913119,
          -0.40755,
          1.485229
        ],
        [
          0.0,
          0.0,
          0.0,
          1.0
        ]
      ]
    },
    {
      "file_path": "/media/NFS/ttao/scannet/posed_images/scene0214_00/00207.jpg",
      "transform_matrix": [
        [
          0.37748,
          0.380387,
          -0.844284,
          3.820803
        ],
        [
          0.925929,
          -0.142383,
          0.349833,
          2.371686
        ],
        [
          0.012861,
          -0.913801,
          -0.405958,
          1.484297
        ],
        [
          0.0,
          0.0,
          0.0,
          1.0
        ]
      ]
    },
    {
      "file_path": "/media/NFS/ttao/scannet/posed_images/scene0214_00/00210.jpg",
      "transform_matrix": [
        [
          0.413489,
          0.408322,
          -0.813818,
          3.777495
        ],
        [
          0.909436,
          -0.141824,
          0.390913,
          2.374352
        ],
        [
          0.0442,
          -0.901753,
          -0.429985,
          1.466502
        ],
        [
          0.0,
          0.0,
          0.0,
          1.0
        ]
      ]
    },
    {
      "file_path": "/media/NFS/ttao/scannet/posed_images/scene0214_00/00215.jpg",
      "transform_matrix": [
        [
          0.420861,
          0.427511,
          -0.800069,
          3.69963
        ],
        [
          0.90663,
          -0.16911,
          0.386553,
          2.386402
        ],
        [
          0.029955,
          -0.888052,
          -0.458766,
          1.449264
        ],
        [
          0.0,
          0.0,
          0.0,
          1.0
        ]
      ]
    },
    {
      "file_path": "/media/NFS/ttao/scannet/posed_images/scene0214_00/00220.jpg",
      "transform_matrix": [
        [
          0.453658,
          0.396078,
          -0.798322,
          3.620022
        ],
        [
          0.888687,
          -0.134163,
          0.438446,
          2.386403
        ],
        [
          0.066554,
          -0.908363,
          -0.412853,
          1.477882
        ],
        [
          0.0,
          0.0,
          0.0,
          1.0
        ]
      ]
    },
    {
      "file_path": "/media/NFS/ttao/scannet/posed_images/scene0214_00/00221.jpg",
      "transform_matrix": [
        [
          0.464475,
          0.383995,
          -0.798004,
          3.606353
        ],
        [
          0.88254,
          -0.126038,
          0.45303,
          2.384298
        ],
        [
          0.073383,
          -0.914692,
          -0.397433,
          1.48358
        ],
        [
          0.0,
          0.0,
          0.0,
          1.0
        ]
      ]
    },
    {
      "file_path": "/media/NFS/ttao/scannet/posed_images/scene0214_00/00226.jpg",
      "transform_matrix": [
        [
          0.554071,
          0.296304,
          -0.777952,
          3.535351
        ],
        [
          0.826998,
          -0.088951,
          0.555123,
          2.3706
        ],
        [
          0.095286,
          -0.950943,
          -0.294328,
          1.511455
        ],
        [
          0.0,
          0.0,
          0.0,
          1.0
        ]
      ]
    },
    {
      "file_path": "/media/NFS/ttao/scannet/posed_images/scene0214_00/00231.jpg",
      "transform_matrix": [
        [
          0.641495,
          0.210774,
          -0.737604,
          3.490782
        ],
        [
          0.762405,
          -0.068641,
          0.64345,
          2.355895
        ],
        [
          0.084993,
          -0.975122,
          -0.204728,
          1.555857
        ],
        [
          0.0,
          0.0,
          0.0,
          1.0
        ]
      ]
    },
    {
      "file_path": "/media/NFS/ttao/scannet/posed_images/scene0214_00/00233.jpg",
      "transform_matrix": [
        [
          0.654142,
          0.193925,
          -0.73109,
          3.475481
        ],
        [
          0.751152,
          -0.053195,
          0.657982,
          2.348778
        ],
        [
          0.088709,
          -0.979573,
          -0.180464,
          1.568501
        ],
        [
          0.0,
          0.0,
          0.0,
          1.0
        ]
      ]
    },
    {
      "file_path": "/media/NFS/ttao/scannet/posed_images/scene0214_00/00236.jpg",
      "transform_matrix": [
        [
          0.656671,
          0.163176,
          -0.736313,
          3.458134
        ],
        [
          0.748714,
          -0.023751,
          0.662467,
          2.337727
        ],
        [
          0.090611,
          -0.986311,
          -0.137769,
          1.584938
        ],
        [
          0.0,
          0.0,
          0.0,
          1.0
        ]
      ]
    },
    {
      "file_path": "/media/NFS/ttao/scannet/posed_images/scene0214_00/00241.jpg",
      "transform_matrix": [
        [
          0.639519,
          0.139619,
          -0.755991,
          3.441195
        ],
        [
          0.764265,
          -0.009094,
          0.644838,
          2.331755
        ],
        [
          0.083157,
          -0.990164,
          -0.112521,
          1.60834
        ],
        [
          0.0,
          0.0,
          0.0,
          1.0
        ]
      ]
    },
    {
      "file_path": "/media/NFS/ttao/scannet/posed_images/scene0214_00/00244.jpg",
      "transform_matrix": [
        [
          0.627472,
          0.138021,
          -0.766309,
          3.431463
        ],
        [
          0.772735,
          0.010584,
          0.634641,
          2.331189
        ],
        [
          0.095704,
          -0.990373,
          -0.100013,
          1.617828
        ],
        [
          0.0,
          0.0,
          0.0,
          1.0
        ]
      ]
    },
    {
      "file_path": "/media/NFS/ttao/scannet/posed_images/scene0214_00/00251.jpg",
      "transform_matrix": [
        [
          0.555912,
          0.143153,
          -0.818822,
          3.405091
        ],
        [
          0.823893,
          0.035803,
          0.565614,
          2.335072
        ],
        [
          0.110285,
          -0.989053,
          -0.09804,
          1.651419
        ],
        [
          0.0,
          0.0,
          0.0,
          1.0
        ]
      ]
    },
    {
      "file_path": "/media/NFS/ttao/scannet/posed_images/scene0214_00/00252.jpg",
      "transform_matrix": [
        [
          0.54209,
          0.144481,
          -0.827806,
          3.401785
        ],
        [
          0.832648,
          0.040458,
          0.552322,
          2.338436
        ],
        [
          0.113291,
          -0.98868,
          -0.09837,
          1.651097
        ],
        [
          0.0,
          0.0,
          0.0,
          1.0
        ]
      ]
    },
    {
      "file_path": "/media/NFS/ttao/scannet/posed_images/scene0214_00/00255.jpg",
      "transform_matrix": [
        [
          0.508432,
          0.167225,
          -0.844709,
          3.388651
        ],
        [
          0.852114,
          0.043654,
          0.521532,
          2.355412
        ],
        [
          0.124088,
          -0.984952,
          -0.1203,
          1.646134
        ],
        [
          0.0,
          0.0,
          0.0,
          1.0
        ]
      ]
    },
    {
      "file_path": "/media/NFS/ttao/scannet/posed_images/scene0214_00/00261.jpg",
      "transform_matrix": [
        [
          0.402796,
          0.257527,
          -0.878314,
          3.363168
        ],
        [
          0.906325,
          0.021757,
          0.422021,
          2.41517
        ],
        [
          0.127791,
          -0.966026,
          -0.22464,
          1.611926
        ],
        [
          0.0,
          0.0,
          0.0,
          1.0
        ]
      ]
    },
    {
      "file_path": "/media/NFS/ttao/scannet/posed_images/scene0214_00/00266.jpg",
      "transform_matrix": [
        [
          0.314462,
          0.319044,
          -0.89405,
          3.351819
        ],
        [
          0.942112,
          0.01055,
          0.335132,
          2.460466
        ],
        [
          0.116354,
          -0.947681,
          -0.297258,
          1.580835
        ],
        [
          0.0,
          0.0,
          0.0,
          1.0
        ]
      ]
    },
    {
      "file_path": "/media/NFS/ttao/scannet/posed_images/scene0214_00/00268.jpg",
      "transform_matrix": [
        [
          0.283515,
          0.346921,
          -0.894016,
          3.34652
        ],
        [
          0.951623,
          0.013383,
          0.306977,
          2.473024
        ],
        [
          0.118461,
          -0.937799,
          -0.326344,
          1.571156
        ],
        [
          0.0,
          0.0,
          0.0,
          1.0
        ]
      ]
    },
    {
      "file_path": "/media/NFS/ttao/scannet/posed_images/scene0214_00/00271.jpg",
      "transform_matrix": [
        [
          0.221868,
          0.401551,
          -0.888556,
          3.331441
        ],
        [
          0.968646,
          0.013717,
          0.248065,
          2.508672
        ],
        [
          0.111799,
          -0.915734,
          -0.385918,
          1.546688
        ],
        [
          0.0,
          0.0,
          0.0,
          1.0
        ]
      ]
    },
    {
      "file_path": "/media/NFS/ttao/scannet/posed_images/scene0214_00/00276.jpg",
      "transform_matrix": [
        [
          0.171195,
          0.477204,
          -0.861956,
          3.299231
        ],
        [
          0.982189,
          -0.013902,
          0.187379,
          2.534669
        ],
        [
          0.077435,
          -0.878682,
          -0.471085,
          1.501216
        ],
        [
          0.0,
          0.0,
          0.0,
          1.0
        ]
      ]
    },
    {
      "file_path": "/media/NFS/ttao/scannet/posed_images/scene0214_00/00280.jpg",
      "transform_matrix": [
        [
          0.145554,
          0.539198,
          -0.829505,
          3.237126
        ],
        [
          0.986991,
          -0.021274,
          0.159359,
          2.561174
        ],
        [
          0.068279,
          -0.84191,
          -0.535281,
          1.461318
        ],
        [
          0.0,
          0.0,
          0.0,
          1.0
        ]
      ]
    },
    {
      "file_path": "/media/NFS/ttao/scannet/posed_images/scene0214_00/00281.jpg",
      "transform_matrix": [
        [
          0.141731,
          0.550715,
          -0.822572,
          3.22396
        ],
        [
          0.987511,
          -0.0209,
          0.156158,
          2.561391
        ],
        [
          0.068807,
          -0.834432,
          -0.546799,
          1.454503
        ],
        [
          0.0,
          0.0,
          0.0,
          1.0
        ]
      ]
    },
    {
      "file_path": "/media/NFS/ttao/scannet/posed_images/scene0214_00/00286.jpg",
      "transform_matrix": [
        [
          0.107836,
          0.605961,
          -0.788151,
          3.144197
        ],
        [
          0.992121,
          -0.014739,
          0.124411,
          2.553052
        ],
        [
          0.063772,
          -0.795358,
          -0.602776,
          1.417021
        ],
        [
          0.0,
          0.0,
          0.0,
          1.0
        ]
      ]
    },
    {
      "file_path": "/media/NFS/ttao/scannet/posed_images/scene0214_00/00290.jpg",
      "transform_matrix": [
        [
          0.045633,
          0.644193,
          -0.763501,
          3.066281
        ],
        [
          0.997729,
          0.008518,
          0.066819,
          2.572586
        ],
        [
          0.049548,
          -0.764816,
          -0.642341,
          1.403722
        ],
        [
          0.0,
