{
  "frames": [
    {
      "file_path": "/media/NFS/ttao/scannet/posed_images/scene0178_00/00000.jpg",
      "transform_matrix": [
        [
          0.994136,
          0.036629,
          -0.101745,
          3.8191
        ],
        [
          0.107123,
          -0.462198,
          0.880283,
          1.340951
        ],
        [
          -0.014782,
          -0.88602,
          -0.463411,
          1.354002
        ],
        [
          0.0,
          0.0,
          0.0,
          1.0
        ]
      ]
    },
    {
      "file_path": "/media/NFS/ttao/scannet/posed_images/scene0178_00/00015.jpg",
      "transform_matrix": [
        [
          0.999536,
          0.021794,
          -0.021291,
          3.853285
        ],
        [
          0.027933,
          -0.376504,
          0.925994,
          1.331004
        ],
        [
          0.012165,
          -0.926159,
          -0.376938,
          1.381622
        ],
        [
          0.0,
          0.0,
          0.0,
          1.0
        ]
      ]
    },
    {
      "file_path": "/media/NFS/ttao/scannet/posed_images/scene0178_00/00024.jpg",
      "transform_matrix": [
        [
          0.999896,
          0.008208,
          0.011885,
          3.867892
        ],
        [
          -0.008609,
          -0.322045,
          0.946685,
          1.319516
        ],
        [
          0.011597,
          -0.946689,
          -0.321941,
          1.390205
        ],
        [
          0.0,
          0.0,
          0.0,
          1.0
        ]
      ]
    },
    {
      "file_path": "/media/NFS/ttao/scannet/posed_images/scene0178_00/00034.jpg",
      "transform_matrix": [
        [
          0.99994,
          -0.005179,
          0.009643,
          3.879564
        ],
        [
          -0.010716,
          -0.283482,
          0.958918,
          1.310926
        ],
        [
          -0.002232,
          -0.958964,
          -0.283521,
          1.400941
        ],
        [
          0.0,
          0.0,
          0.0,
          1.0
        ]
      ]
    },
    {
      "file_path": "/media/NFS/ttao/scannet/posed_images/scene0178_00/00040.jpg",
      "transform_matrix": [
        [
          0.999975,
          -0.005322,
          -0.004592,
          3.888424
        ],
        [
          0.002869,
          -0.287399,
          0.957807,
          1.311973
        ],
        [
          -0.006417,
          -0.957796,
          -0.287377,
          1.403541
        ],
        [
          0.0,
          0.0,
          0.0,
          1.0
        ]
      ]
    },
    {
      "file_path": "/media/NFS/ttao/scannet/posed_images/scene0178_00/00049.jpg",
      "transform_matrix": [
        [
          0.998725,
          0.006694,
          -0.050047,
          3.881647
        ],
        [
          0.049964,
          -0.274153,
          0.960387,
          1.310777
        ],
        [
          -0.007291,
          -0.961663,
          -0.274138,
          1.408936
        ],
        [
          0.0,
          0.0,
          0.0,
          1.0
        ]
      ]
    },
    {
      "file_path": "/media/NFS/ttao/scannet/posed_images/scene0178_00/00058.jpg",
      "transform_matrix": [
        [
          0.9857,
          0.034304,
          -0.16498,
          3.853292
        ],
        [
          0.168103,
          -0.268022,
          0.948634,
          1.308486
        ],
        [
          -0.011677,
          -0.962802,
          -0.269956,
          1.422841
        ],
        [
          0.0,
          0.0,
          0.0,
          1.0
        ]
      ]
    },
    {
      "file_path": "/media/NFS/ttao/scannet/posed_images/scene0178_00/00076.jpg",
      "transform_matrix": [
        [
          0.910908,
          0.080816,
          -0.404617,
          3.789173
        ],
        [
          0.411075,
          -0.26224,
          0.873068,
          1.300223
        ],
        [
          -0.035549,
          -0.961613,
          -0.272098,
          1.424119
        ],
        [
          0.0,
          0.0,
          0.0,
          1.0
        ]
      ]
    },
    {
      "file_path": "/media/NFS/ttao/scannet/posed_images/scene0178_00/00086.jpg",
      "transform_matrix": [
        [
          0.889155,
          0.094859,
          -0.447666,
          3.770264
        ],
        [
          0.456069,
          -0.263803,
          0.849946,
          1.30108
        ],
        [
          -0.03747,
          -0.959901,
          -0.277824,
          1.435465
        ],
        [
          0.0,
          0.0,
          0.0,
          1.0
        ]
      ]
    },
    {
      "file_path": "/media/NFS/ttao/scannet/posed_images/scene0178_00/00089.jpg",
      "transform_matrix": [
        [
          0.884368,
          0.096871,
          -0.456628,
          3.768872
        ],
        [
          0.465266,
          -0.261926,
          0.845531,
          1.301344
        ],
        [
          -0.037695,
          -0.960214,
          -0.27671,
          1.434452
        ],
        [
          0.0,
          0.0,
          0.0,
          1.0
        ]
      ]
    },
    {
      "file_path": "/media/NFS/ttao/scannet/posed_images/scene0178_00/00101.jpg",
      "transform_matrix": [
        [
          0.824609,
          0.116774,
          -0.55352,
          3.738194
        ],
        [
          0.563292,
          -0.259751,
          0.784367,
          1.295832
        ],
        [
          -0.052184,
          -0.958589,
          -0.27997,
          1.448247
        ],
        [
          0.0,
          0.0,
          0.0,
          1.0
        ]
      ]
    },
    {
      "file_path": "/media/NFS/ttao/scannet/posed_images/scene0178_00/00113.jpg",
      "transform_matrix": [
        [
          0.663133,
          0.165333,
          -0.730014,
          3.6892
        ],
        [
          0.744624,
          -0.244871,
          0.620946,
          1.28805
        ],
        [
          -0.076096,
          -0.955355,
          -0.285493,
          1.387612
        ],
        [
          0.0,
          0.0,
          0.0,
          1.0
        ]
      ]
    },
    {
      "file_path": "/media/NFS/ttao/scannet/posed_images/scene0178_00/00128.jpg",
      "transform_matrix": [
        [
          0.221021,
          0.257186,
          -0.940747,
          3.584992
        ],
        [
          0.974063,
          -0.106175,
          0.199822,
          1.351173
        ],
        [
          -0.048492,
          -0.960512,
          -0.273982,
          1.293078
        ],
        [
          0.0,
          0.0,
          0.0,
          1.0
        ]
      ]
    },
    {
      "file_path": "/media/NFS/ttao/scannet/posed_images/scene0178_00/00131.jpg",
      "transform_matrix": [
        [
          0.165655,
          0.265065,
          -0.949894,
          3.52141
        ],
        [
          0.98403,
          -0.108057,
          0.141455,
          1.272992
        ],
        [
          -0.065148,
          -0.958157,
          -0.278732,
          1.289555
        ],
        [
          0.0,
          0.0,
          0.0,
          1.0
        ]
      ]
    },
    {
      "file_path": "/media/NFS/ttao/scannet/posed_images/scene0178_00/00141.jpg",
      "transform_matrix": [
        [
          -0.12307,
          0.290728,
          -0.948858,
          3.424645
        ],
        [
          0.98812,
          -0.052786,
          -0.144336,
          1.234093
        ],
        [
          -0.092049,
          -0.955349,
          -0.280777,
          1.315435
        ],
        [
          0.0,
          0.0,
          0.0,
          1.0
        ]
      ]
    },
    {
      "file_path": "/media/NFS/ttao/scannet/posed_images/scene0178_00/00150.jpg",
      "transform_matrix": [
        [
          -0.476373,
          0.283576,
          -0.832258,
          3.327492
        ],
        [
          0.872597,
          0.03631,
          -0.48709,
          1.222629
        ],
        [
          -0.107908,
          -0.958262,
          -0.264745,
          1.353365
        ],
        [
          0.0,
          0.0,
          0.0,
          1.0
        ]
      ]
    },
    {
      "file_path": "/media/NFS/ttao/scannet/posed_images/scene0178_00/00168.jpg",
      "transform_matrix": [
        [
          -0.901019,
          0.212536,
          -0.378144,
          3.400457
        ],
        [
          0.415272,
          0.17072,
          -0.893534,
          1.198934
        ],
        [
          -0.125351,
          -0.962124,
          -0.242083,
          1.353697
        ],
        [
          0.0,
          0.0,
          0.0,
          1.0
        ]
      ]
    },
    {
      "file_path": "/media/NFS/ttao/scannet/posed_images/scene0178_00/00171.jpg",
      "transform_matrix": [
        [
          -0.912407,
          0.200069,
          -0.357054,
          3.455923
        ],
        [
          0.392594,
          0.181222,
          -0.901681,
          1.171181
        ],
        [
          -0.115693,
          -0.962876,
          -0.243894,
          1.354847
        ],
        [
          0.0,
          0.0,
          0.0,
          1.0
        ]
      ]
    },
    {
      "file_path": "/media/NFS/ttao/scannet/posed_images/scene0178_00/00190.jpg",
      "transform_matrix": [
        [
          -0.975182,
          0.141778,
          -0.170056,
          3.563716
        ],
        [
          0.196815,
          0.203306,
          -0.95913,
          1.152178
        ],
        [
          -0.10141,
          -0.968796,
          -0.226165,
          1.361929
        ],
        [
          0.0,
          0.0,
          0.0,
          1.0
        ]
      ]
    },
    {
      "file_path": "/media/NFS/ttao/scannet/posed_images/scene0178_00/00193.jpg",
      "transform_matrix": [
        [
          -0.982963,
          0.130012,
          -0.129925,
          3.581606
        ],
        [
          0.154855,
          0.205003,
          -0.966433,
          1.155858
        ],
        [
          -0.099013,
          -0.970088,
          -0.221643,
          1.361031
        ],
        [
          0.0,
          0.0,
          0.0,
          1.0
        ]
      ]
    },
    {
      "file_path": "/media/NFS/ttao/scannet/posed_images/scene0178_00/00202.jpg",
      "transform_matrix": [
        [
          -0.995078,
          0.096207,
          -0.023774,
          3.617053
        ],
        [
          0.04378,
          0.211545,
          -0.976387,
          1.1807
        ],
        [
          -0.088906,
          -0.972622,
          -0.214716,
          1.359922
        ],
        [
          0.0,
          0.0,
          0.0,
          1.0
        ]
      ]
    },
    {
      "file_path": "/media/NFS/ttao/scannet/posed_images/scene0178_00/00211.jpg",
      "transform_matrix": [
        [
          -0.995101,
          0.060251,
          0.078379,
          3.610137
        ],
        [
          -0.061804,
          0.239655,
          -0.968889,
          1.224302
        ],
        [
          -0.07716,
          -0.968987,
          -0.234757,
          1.345324
        ],
        [
          0.0,
          0.0,
          0.0,
          1.0
        ]
      ]
    },
    {
      "file_path": "/media/NFS/ttao/scannet/posed_images/scene0178_00/00226.jpg",
      "transform_matrix": [
        [
          -0.98297,
          0.036544,
          0.180095,
          3.610121
        ],
        [
          -0.161445,
          0.2964,
          -0.94132,
          1.311129
        ],
        [
          -0.08778,
          -0.954365,
          -0.285452,
          1.307497
        ],
        [
          0.0,
          0.0,
          0.0,
          1.0
        ]
      ]
    },
    {
      "file_path": "/media/NFS/ttao/scannet/posed_images/scene0178_00/00235.jpg",
      "transform_matrix": [
        [
          -0.99285,
          0.059026,
          0.103755,
          3.637907
        ],
        [
          -0.075259,
          0.365152,
          -0.927901,
          1.356182
        ],
        [
          -0.092657,
          -0.929075,
          -0.358099,
          1.264178
        ],
        [
          0.0,
          0.0,
          0.0,
          1.0
        ]
      ]
    },
    {
      "file_path": "/media/NFS/ttao/scannet/posed_images/scene0178_00/00248.jpg",
      "transform_matrix": [
        [
          -0.997977,
          0.04752,
          0.042244,
          3.64869
        ],
        [
          -0.018721,
          0.415338,
          -0.909475,
          1.402051
        ],
        [
          -0.060763,
          -0.908425,
          -0.413608,
          1.191151
        ],
        [
          0.0,
          0.0,
          0.0,
          1.0
        ]
      ]
    },
    {
      "file_path": "/media/NFS/ttao/scannet/posed_images/scene0178_00/00254.jpg",
      "transform_matrix": [
        [
          -0.9969,
          0.05523,
          0.056043,
          3.643823
        ],
        [
          -0.024503,
          0.458926,
          -0.888137,
          1.405751
        ],
        [
          -0.074771,
          -0.886757,
          -0.456149,
          1.155272
        ],
        [
          0.0,
          0.0,
          0.0,
          1.0
        ]
      ]
    },
    {
      "file_path": "/media/NFS/ttao/scannet/posed_images/scene0178_00/00266.jpg",
      "transform_matrix": [
        [
          -0.995305,
          0.070216,
          0.066609,
          3.612591
        ],
        [
          -0.017113,
          0.549703,
          -0.835185,
          1.408113
        ],
        [
          -0.095258,
          -0.832404,
          -0.54592,
          1.096681
        ],
        [
          0.0,
          0.0,
          0.0,
          1.0
        ]
      ]
    },
    {
      "file_path": "/media/NFS/ttao/scannet/posed_images/scene0178_00/00275.jpg",
      "transform_matrix": [
        [
          -0.993771,
          0.08144,
          0.076068,
          3.601216
        ],
        [
          -0.011572,
          0.603488,
          -0.797288,
          1.41185
        ],
        [
          -0.110837,
          -0.793202,
          -0.598786,
          1.066839
        ],
        [
          0.0,
          0.0,
          0.0,
          1.0
        ]
      ]
    },
    {
      "file_path": "/media/NFS/ttao/scannet/posed_images/scene0178_00/00287.jpg",
      "transform_matrix": [
        [
          -0.99292,
          0.088405,
          0.079344,
          3.590688
        ],
        [
          -0.003063,
          0.648664,
          -0.761069,
          1.411036
        ],
        [
          -0.11875,
          -0.755923,
          -0.643801,
          1.044721
        ],
        [
          0.0,
          0.0,
          0.0,
          1.0
        ]
      ]
    },
    {
      "file_path": "/media/NFS/ttao/scannet/posed_images/scene0178_00/00300.jpg",
      "transform_matrix": [
        [
          -0.970561,
          0.216491,
          -0.105562,
          3.499855
        ],
        [
          0.215035,
          0.581423,
          -0.78467,
          1.402111
        ],
        [
          -0.108498,
          -0.784269,
          -0.61086,
          1.081516
        ],
        [
          0.0,
          0.0,
          0.0,
          1.0
        ]
      ]
    },
    {
      "file_path": "/media/NFS/ttao/scannet/posed_images/scene0178_00/00312.jpg",
      "transform_matrix": [
        [
          -0.838562,
          0.400268,
          -0.369594,
          3.343096
        ],
        [
          0.53564,
          0.4818,
          -0.693512,
          1.453899
        ],
        [
          -0.09952,
          -0.779522,
          -0.618419,
          1.066749
        ],
        [
          0.0,
          0.0,
          0.0,
          1.0
        ]
      ]
    },
    {
      "file_path": "/media/NFS/ttao/scannet/posed_images/scene0178_00/00318.jpg",
      "transform_matrix": [
        [
          -0.811375,
          0.433236,
          -0.3924,
          3.332166
        ],
        [
          0.574418,
          0.466667,
          -0.672507,
          1.460585
        ],
        [
          -0.108235,
          -0.771057,
          -0.627501,
          1.065418
        ],
        [
          0.0,
          0.0,
          0.0,
          1.0
        ]
      ]
    },
    {
      "file_path": "/media/NFS/ttao/scannet/posed_images/scene0178_00/00324.jpg",
      "transform_matrix": [
        [
          -0.852187,
          0.395862,
          -0.342157,
          3.321159
        ],
        [
          0.509795,
          0.480894,
          -0.713337,
          1.445919
        ],
        [
          -0.117842,
          -0.782326,
          -0.61162,
          1.128973
        ],
        [
          0.0,
          0.0,
          0.0,
          1.0
        ]
      ]
    },
    {
      "file_path": "/media/NFS/ttao/scannet/posed_images/scene0178_00/00342.jpg",
      "transform_matrix": [
        [
          -0.992353,
          0.118136,
          -0.035751,
          3.516486
        ],
        [
          0.072012,
          0.318914,
          -0.945044,
          1.413204
        ],
        [
          -0.100243,
          -0.940392,
          -0.324983,
          1.360811
        ],
        [
          0.0,
          0.0,
          0.0,
          1.0
        ]
      ]
    },
    {
      "file_path": "/media/NFS/ttao/scannet/posed_images/scene0178_00/00352.jpg",
      "transform_matrix": [
        [
          -0.997369,
          0.057495,
          0.044149,
          3.56208
        ],
        [
          -0.028285,
          0.252102,
          -0.967287,
          1.426955
        ],
        [
          -0.066744,
          -0.965991,
          -0.249813,
          1.391009
        ],
        [
          0.0,
          0.0,
          0.0,
          1.0
        ]
      ]
    },
    {
      "file_path": "/media/NFS/ttao/scannet/posed_images/scene0178_00/00358.jpg",
      "transform_matrix": [
        [
          -0.996845,
          0.045751,
          0.064863,
          3.573566
        ],
        [
          -0.053713,
          0.212835,
          -0.975611,
          1.430447
        ],
        [
          -0.05844,
          -0.976017,
          -0.209705,
          1.413147
        ],
        [
          0.0,
          0.0,
          0.0,
          1.0
        ]
      ]
    },
    {
      "file_path": "/media/NFS/ttao/scannet/posed_images/scene0178_00/00364.jpg",
      "transform_matrix": [
        [
          -0.996393,
          0.047262,
          0.070473,
          3.575825
        ],
        [
          -0.060719,
          0.183018,
          -0.981232,
          1.426665
        ],
        [
          -0.059273,
          -0.981973,
          -0.179489,
          1.45179
        ],
        [
          0.0,
          0.0,
          0.0,
          1.0
        ]
      ]
    },
    {
      "file_path": "/media/NFS/ttao/scannet/posed_images/scene0178_00/00379.jpg",
      "transform_matrix": [
        [
          -0.993652,
          0.017373,
          0.111147,
          3.586144
        ],
        [
          -0.1088,
          0.102792,
          -0.988735,
          1.427023
        ],
        [
          -0.028602,
          -0.994551,
          -0.10025,
          1.492796
        ],
        [
          0.0,
          0.0,
          0.0,
          1.0
        ]
      ]
    },
    {
      "file_path": "/media/NFS/ttao/scannet/posed_images/scene0178_00/00388.jpg",
      "transform_matrix": [
        [
          -0.989712,
          0.01453,
          0.142336,
          3.597062
        ],
        [
          -0.140675,
          0.082661,
          -0.986599,
          1.429401
        ],
        [
          -0.026101,
          -0.996472,
          -0.079767,
          1.496825
        ],
        [
          0.0,
          0.0,
          0.0,
          1.0
        ]
      ]
    },
    {
      "file_path": "/media/NFS/ttao/scannet/posed_images/scene0178_00/00400.jpg",
      "transform_matrix": [
        [
          -0.997112,
          0.019569,
          0.073387,
          3.589151
        ],
        [
          -0.07122,
          0.094816,
          -0.992944,
          1.409478
        ],
        [
          -0.026389,
          -0.995303,
          -0.093148,
          1.492288
        ],
        [
          0.0,
          0.0,
          0.0,
          1.0
        ]
      ]
    },
    {
      "file_path": "/media/NFS/ttao/scannet/posed_images/scene0178_00/00407.jpg",
      "transform_matrix": [
        [
          -0.997894,
          0.034957,
          -0.054635,
          3.549306
        ],
        [
          0.058274,
          0.113335,
          -0.991847,
          1.391655
        ],
        [
          -0.02848,
          -0.992942,
          -0.115133,
          1.477054
        ],
        [
          0.0,
          0.0,
          0.0,
          1.0
        ]
      ]
    },
    {
      "file_path": "/media/NFS/ttao/scannet/posed_images/scene0178_00/00422.jpg",
      "transform_matrix": [
        [
          -0.93921,
          0.117967,
          -0.322441,
          3.301516
        ],
        [
          0.337269,
          0.141123,
          -0.930771,
          1.36177
        ],
        [
          -0.064296,
          -0.982939,
          -0.17233,
          1.447426
        ],
        [
          0.0,
          0.0,
          0.0,
          1.0
        ]
      ]
    },
    {
      "file_path": "/media/NFS/ttao/scannet/posed_images/scene0178_00/00425.jpg",
      "transform_matrix": [
        [
          -0.919384,
          0.13345,
          -0.370035,
          3.260235
        ],
        [
          0.386822,
          0.135875,
          -0.91209,
          1.356799
        ],
        [
          -0.07144,
          -0.981697,
          -0.176543,
          1.440739
        ],
        [
          0.0,
          0.0,
          0.0,
          1.0
        ]
      ]
    },
    {
      "file_path": "/media/NFS/ttao/scannet/posed_images/scene0178_00/00437.jpg",
      "transform_matrix": [
        [
          -0.806539,
          0.196237,
          -0.557661,
          3.082973
        ],
        [
          0.584036,
          0.118275,
          -0.803065,
          1.304134
        ],
        [
          -0.091634,
          -0.973397,
          -0.210003,
          1.420655
        ],
        [
          0.0,
          0.0,
          0.0,
          1.0
        ]
      ]
    },
    {
      "file_path": "/media/NFS/ttao/scannet/posed_images/scene0178_00/00452.jpg",
      "transform_matrix": [
        [
          -0.605734,
          0.28108,
          -0.744366,
          2.891243
        ],
        [
          0.789525,
          0.096317,
          -0.606113,
          1.294774
        ],
        [
          -0.098671,
          -0.954839,
          -0.280263,
          1.393704
        ],
        [
          0.0,
          0.0,
          0.0,
          1.0
        ]
      ]
    },
    {
      "file_path": "/media/NFS/ttao/scannet/posed_images/scene0178_00/00462.jpg",
      "transform_matrix": [
        [
          -0.599293,
          0.227183,
          -0.767617,
          2.789077
        ],
        [
          0.798218,
          0.096768,
          -0.594545,
          1.301011
        ],
        [
          -0.06079,
          -0.969032,
          -0.239334,
          1.416755
        ],
        [
          0.0,
          0.0,
          0.0,
          1.0
        ]
      ]
    },
    {
      "file_path": "/media/NFS/ttao/scannet/posed_images/scene0178_00/00468.jpg",
      "transform_matrix": [
        [
          -0.576877,
          0.203621,
          -0.791044,
          2.751899
        ],
        [
          0.815172,
          0.081823,
          -0.573411,
          1.307259
        ],
        [
          -0.052033,
          -0.975625,
          -0.213188,
          1.441184
        ],
        [
          0.0,
          0.0,
          0.0,
          1.0
        ]
      ]
    },
    {
      "file_path": "/media/NFS/ttao/scannet/posed_images/scene0178_00/00483.jpg",
      "transform_matrix": [
        [
          -0.408989,
          0.226254,
          -0.884046,
          2.716341
        ],
        [
          0.908574,
          0.010748,
          -0.417586,
          1.305464
        ],
        [
          -0.084979,
          -0.974009,
          -0.209964,
          1.361819
        ],
        [
          0.0,
          0.0,
          0.0,
          1.0
        ]
      ]
    },
    {
      "file_path": "/media/NFS/ttao/scannet/posed_images/scene0178_00/00495.jpg",
      "transform_matrix": [
        [
          -0.377334,
          0.254004,
          -0.890562,
          2.681424
        ],
        [
          0.916789,
          -0.0334,
          -0.397973,
          1.23637
        ],
        [
          -0.130831,
          -0.966627,
          -0.220265,
          1.28696
        ],
        [
          0.0,
          0.0,
          0.0,
          1.0
        ]
      ]
    },
    {
      "file_path": "/media/NFS/ttao/scannet/posed_images/scene0178_00/00498.jpg",
      "transform_matrix": [
        [
          -0.366304,
          0.274017,
          -0.889233,
          2.672715
        ],
        [
          0.920968,
          -0.029638,
          -0.388509,
          1.224684
        ],
        [
          -0.132813,
          -0.961268,
          -0.241505,
          1.271683
        ],
        [
          0.0,
          0.0,
          0.0,
          1.0
        ]
      ]
    },
    {
      "file_path": "/media/NFS/ttao/scannet/posed_images/scene0178_00/00514.jpg",
      "transform_matrix": [
        [
          -0.428565,
          0.404328,
          -0.807992,
          2.634549
        ],
        [
          0.89362,
          0.057729,
          -0.445096,
          1.200827
        ],
        [
          -0.13332,
          -0.91279,
          -0.386056,
          1.173613
        ],
        [
          0.0,
          0.0,
          0.0,
          1.0
        ]
      ]
    },
    {
      "file_path": "/media/NFS/ttao/scannet/posed_images/scene0178_00/00523.jpg",
      "transform_matrix": [
        [
          -0.449599,
          0.484378,
          -0.750492,
          2.614821
        ],
        [
          0.885677,
          0.132707,
          -0.444934,
          1.193711
        ],
        [
          -0.11592,
          -0.864735,
          -0.488667,
          1.127623
        ],
        [
          0.0,
          0.0,
          0.0,
          1.0
        ]
      ]
    },
    {
      "file_path": "/media/NFS/ttao/scannet/posed_images/scene0178_00/00535.jpg",
      "transform_matrix": [
        [
          -0.464351,
          0.51775,
          -0.718549,
          2.619208
        ],
        [
          0.881089,
          0.187819,
          -0.434058,
          1.175023
        ],
        [
          -0.089776,
          -0.834661,
          -0.543398,
          1.082908
        ],
        [
          0.0,
          0.0,
          0.0,
          1.0
        ]
      ]
    },
    {
      "file_path": "/media/NFS/ttao/scannet/posed_images/scene0178_00/00538.jpg",
      "transform_matrix": [
        [
          -0.46638,
          0.51835,
          -0.716801,
          2.62016
        ],
        [
          0.879681,
          0.18657,
          -0.43744,
          1.168795
        ],
        [
          -0.093013,
          -0.834569,
          -0.542995,
          1.080507
        ],
        [
          0.0,
          0.0,
          0.0,
          1.0
        ]
      ]
    },
    {
      "file_path": "/media/NFS/ttao/scannet/posed_images/scene0178_00/00550.jpg",
      "transform_matrix": [
        [
          -0.480981,
          0.523224,
          -0.703487,
          2.612618
        ],
        [
          0.871517,
          0.197958,
          -0.448632,
          1.153764
        ],
        [
          -0.095474,
          -0.828884,
          -0.551213,
          1.073897
        ],
        [
          0.0,
          0.0,
          0.0,
          1.0
        ]
      ]
    },
    {
      "file_path": "/media/NFS/ttao/scannet/posed_images/scene0178_00/00559.jpg",
      "transform_matrix": [
        [
          -0.486496,
          0.563503,
          -0.667672,
          2.628052
        ],
        [
          0.870553,
          0.248027,
          -0.424995,
          1.154591
        ],
        [
          -0.073885,
          -0.788002,
          -0.611224,
          1.019235
        ],
        [
          0.0,
          0.0,
          0.0,
          1.0
        ]
      ]
    },
    {
      "file_path": "/media/NFS/ttao/scannet/posed_images/scene0178_00/00569.jpg",
      "transform_matrix": [
        [
          -0.532971,
          0.618258,
          -0.577667,
          2.664978
        ],
        [
          0.842484,
          0.324413,
          -0.430089,
          1.145049
        ],
        [
          -0.078504,
          -0.7159,
          -0.693775,
          0.962863
        ],
        [
          0.0,
          0.0,
          0.0,
          1.0
        ]
      ]
    },
    {
      "file_path": "/media/NFS/ttao/scannet/posed_images/scene0178_00/00578.jpg",
      "transform_matrix": [
        [
          -0.644932,
          0.577384,
          -0.50069,
          2.705223
        ],
        [
          0.758077,
          0.400286,
          -0.514869,
          1.107172
        ],
        [
          -0.096858,
          -0.711617,
          -0.695859,
          0.96989
        ],
        [
          0.0,
          0.0,
          0.0,
          1.0
        ]
      ]
    },
    {
      "file_path": "/media/NFS/ttao/scannet/posed_images/scene0178_00/00590.jpg",
      "transform_matrix": [
        [
          -0.849838,
          0.388948,
          -0.355662,
          2.787563
        ],
        [
          0.500534,
          0.384288,
          -0.77575,
          1.027445
        ],
        [
          -0.16505,
          -0.837283,
          -0.521264,
          1.073148
        ],
        [
          0.0,
          0.0,
          0.0,
          1.0
        ]
      ]
    },
    {
      "file_path": "/media/NFS/ttao/scannet/posed_images/scene0178_00/00602.jpg",
      "transform_matrix": [
        [
          -0.93723,
          0.264485,
          -0.227265,
          2.863118
        ],
        [
          0.323091,
          0.413408,
          -0.851297,
          0.997208
        ],
        [
          -0.131202,
          -0.871287,
          -0.472911,
          1.119583
        ],
        [
          0.0,
          0.0,
          0.0,
          1.0
        ]
      ]
    },
    {
      "file_path": "/media/NFS/ttao/scannet/posed_images/scene0178_00/00618.jpg",
      "transform_matrix": [
        [
          -0.786732,
          0.410267,
          -0.46123,
          2.67437
        ],
        [
          0.606682,
          0.375936,
          -0.700435,
          1.092512
        ],
        [
          -0.113973,
          -0.830875,
          -0.544662,
          1.096267
        ],
        [
          0.0,
          0.0,
          0.0,
          1.0
        ]
      ]
    },
    {
      "file_path": "/media/NFS/ttao/scannet/posed_images/scene0178_00/00627.jpg",
      "transform_matrix": [
        [
          -0.552602,
          0.518512,
          -0.652516,
          2.495583
        ],
        [
          0.829467,
          0.265749,
          -0.491285,
          1.225611
        ],
        [
          -0.081332,
          -0.812726,
          -0.576942,
          1.075882
        ],
        [
          0.0,
          0.0,
          0.0,
          1.0
        ]
      ]
    },
    {
      "file_path": "/media/NFS/ttao/scannet/posed_images/scene0178_00/00630.jpg",
      "transform_matrix": [
        [
          -0.483273,
          0.537012,
          -0.691423,
          2.456762
        ],
        [
          0.871494,
          0.219905,
          -0.438339,
          1.275057
        ],
        [
          -0.083346,
          -0.814408,
          -0.574276,
          1.077694
        ],
        [
          0.0,
          0.0,
          0.0,
          1.0
        ]
      ]
    },
    {
      "file_path": "/media/NFS/ttao/scannet/posed_images/scene0178_00/00645.jpg",
      "transform_matrix": [
        [
          -0.097248,
          0.487972,
          -0.867425,
          2.247324
        ],
        [
          0.993982,
          0.003462,
          -0.109489,
          1.378471
        ],
        [
          -0.050425,
          -0.872853,
          -0.485372,
          1.082989
        ],
        [
          0.0,
          0.0,
          0.0,
          1.0
        ]
      ]
    },
    {
      "file_path": "/media/NFS/ttao/scannet/posed_images/scene0178_00/00654.jpg",
      "transform_matrix": [
        [
          -0.091006,
          0.465729,
          -0.880236,
          2.146639
        ],
        [
          0.995525,
          0.019938,
          -0.092376,
          1.419303
        ],
        [
          -0.025472,
          -0.884703,
          -0.465459,
          1.091713
        ],
        [
          0.0,
          0.0,
          0.0,
          1.0
        ]
      ]
    },
    {
      "file_path": "/media/NFS/ttao/scannet/posed_images/scene0178_00/00663.jpg",
      "transform_matrix": [
        [
          -0.249766,
          0.470695,
          -0.846205,
          2.012012
        ],
        [
          0.968078,
          0.102401,
          -0.228779,
          1.493093
        ],
        [
          -0.021033,
          -0.876334,
          -0.481245,
          1.104168
        ],
        [
          0.0,
          0.0,
          0.0,
          1.0
        ]
      ]
    },
    {
      "file_path": "/media/NFS/ttao/scannet/posed_images/scene0178_00/00669.jpg",
      "transform_matrix": [
        [
          -0.334722,
          0.467199,
          -0.818344,
          1.921693
        ],
        [
          0.941519,
          0.130088,
          -0.310836,
          1.487524
        ],
        [
          -0.038765,
          -0.87453,
          -0.48342,
          1.101039
        ],
        [
          0.0,
          0.0,
          0.0,
          1.0
        ]
      ]
    },
    {
      "file_path": "/media/NFS/ttao/scannet/posed_images/scene0178_00/00685.jpg",
      "transform_matrix": [
        [
          -0.650092,
          0.343303,
          -0.677881,
          1.711308
        ],
        [
          0.75891,
          0.24886,
          -0.601768,
          1.430751
        ],
        [
          -0.037891,
          -0.905655,
          -0.422318,
          1.160981
        ],
        [
          0.0,
          0.0,
          0.0,
          1.0
        ]
      ]
    },
    {
      "file_path": "/media/NFS/ttao/scannet/posed_images/scene0178_00/00697.jpg",
      "transform_matrix": [
        [
          -0.817575,
          0.248718,
          -0.519338,
          1.633258
        ],
        [
          0.575224,
          0.311659,
          -0.756297,
          1.461417
        ],
        [
          -0.026249,
          -0.917065,
          -0.397873,
          1.221268
        ],
        [
          0.0,
          0.0,
          0.0,
          1.0
        ]
      ]
    },
    {
      "file_path": "/media/NFS/ttao/scannet/posed_images/scene0178_00/00700.jpg",
      "transform_matrix": [
        [
          -0.833413,
          0.226102,
          -0.504283,
          1.623416
        ],
        [
          0.552649,
          0.338552,
          -0.761552,
          1.474499
        ],
        [
          -0.001462,
          -0.913379,
          -0.407109,
          1.2235
        ],
        [
          0.0,
          0.0,
          0.0,
          1.0
        ]
      ]
    },
    {
      "file_path": "/media/NFS/ttao/scannet/posed_images/scene0178_00/00712.jpg",
      "transform_matrix": [
        [
          -0.895419,
          0.18344,
          -0.40568,
          1.601979
        ],
        [
          0.444626,
          0.321126,
          -0.836174,
          1.541817
        ],
        [
          -0.023114,
          -0.929101,
          -0.369104,
          1.246956
        ],
        [
          0.0,
          0.0,
          0.0,
          1.0
        ]
      ]
    },
    {
      "file_path": "/media/NFS/ttao/scannet/posed_images/scene0178_00/00725.jpg",
      "transform_matrix": [
        [
          -0.864254,
          0.138477,
          -0.483621,
          1.62172
        ],
        [
          0.502823,
          0.267049,
          -0.822104,
          1.571672
        ],
        [
          0.015308,
          -0.953682,
          -0.300427,
          1.3475
        ],
        [
          0.0,
          0.0,
          0.0,
          1.0
        ]
      ]
    },
    {
      "file_path": "/media/NFS/ttao/scannet/posed_images/scene0178_00/00731.jpg",
      "transform_matrix": [
        [
          -0.86523,
          0.157174,
          -0.476103,
          1.627227
        ],
        [
          0.500525,
          0.215462,
          -0.838482,
          1.58729
        ],
        [
          -0.029205,
          -0.96378,
          -0.265094,
          1.384559
        ],
        [
          0.0,
          0.0,
          0.0,
          1.0
        ]
      ]
    },
    {
      "file_path": "/media/NFS/ttao/scannet/posed_images/scene0178_00/00743.jpg",
      "transform_matrix": [
        [
          -0.8475,
          0.182892,
          -0.498292,
          1.681054
        ],
        [
          0.522388,
          0.120966,
          -0.844084,
          1.607808
        ],
        [
          -0.0941,
          -0.975663,
          -0.198059,
          1.467107
        ],
        [
          0.0,
          0.0,
          0.0,
          1.0
        ]
      ]
    },
    {
      "file_path": "/media/NFS/ttao/scannet/posed_images/scene0178_00/00755.jpg",
      "transform_matrix": [
        [
          -0.776011,
          0.118496,
          -0.619489,
          1.747491
        ],
        [
          0.630362,
          0.112602,
          -0.768092,
          1.607175
        ],
        [
          -0.021261,
          -0.986549,
          -0.162075,
          1.513069
        ],
        [
          0.0,
          0.0,
          0.0,
          1.0
        ]
      ]
    },
    {
      "file_path": "/media/NFS/ttao/scannet/posed_images/scene0178_00/00770.jpg",
      "transform_matrix": [
        [
          -0.721747,
          0.067946,
          -0.688814,
          1.721525
        ],
        [
          0.692056,
          0.053876,
          -0.71983,
          1.612952
        ],
        [
          -0.011799,
          -0.996233,
          -0.085907,
          1.52185
        ],
        [
          0.0,
          0.0,
          0.0,
          1.0
        ]
      ]
    },
    {
      "file_path": "/media/NFS/ttao/scannet/posed_images/scene0178_00/00780.jpg",
      "transform_matrix": [
        [
          -0.646478,
          0.050672,
          -0.761248,
          1.662835
        ],
        [
          0.762699,
          0.018203,
          -0.646498,
          1.62457
        ],
        [
          -0.018903,
          -0.99855,
          -0.050415,
          1.531745
        ],
        [
          0.0,
          0.0,
          0.0,
          1.0
        ]
      ]
    },
    {
      "file_path": "/media/NFS/ttao/scannet/posed_images/scene0178_00/00783.jpg",
      "transform_matrix": [
        [
          -0.63351,
          0.055349,
          -0.771752,
          1.648394
        ],
        [
          0.773018,
          0.002351,
          -0.63438,
          1.624992
        ],
        [
          -0.033298,
          -0.998464,
