{
  "frames": [
    {
      "file_path": "/media/NFS/ttao/scannet/posed_images/scene0297_00/00000.jpg",
      "transform_matrix": [
        [
          -0.156643,
          -0.505788,
          0.848317,
          3.147355
        ],
        [
          -0.987655,
          0.079211,
          -0.135145,
          2.114889
        ],
        [
          0.001158,
          -0.859014,
          -0.511952,
          1.558548
        ],
        [
          0.0,
          0.0,
          0.0,
          1.0
        ]
      ]
    },
    {
      "file_path": "/media/NFS/ttao/scannet/posed_images/scene0297_00/00006.jpg",
      "transform_matrix": [
        [
          -0.106672,
          -0.507589,
          0.854971,
          3.150273
        ],
        [
          -0.994271,
          0.048612,
          -0.095192,
          2.121954
        ],
        [
          0.006757,
          -0.860227,
          -0.509866,
          1.56567
        ],
        [
          0.0,
          0.0,
          0.0,
          1.0
        ]
      ]
    },
    {
      "file_path": "/media/NFS/ttao/scannet/posed_images/scene0297_00/00010.jpg",
      "transform_matrix": [
        [
          -0.057599,
          -0.499083,
          0.864638,
          3.13177
        ],
        [
          -0.998328,
          0.024519,
          -0.052352,
          2.12208
        ],
        [
          0.004928,
          -0.866207,
          -0.499661,
          1.555878
        ],
        [
          0.0,
          0.0,
          0.0,
          1.0
        ]
      ]
    },
    {
      "file_path": "/media/NFS/ttao/scannet/posed_images/scene0297_00/00015.jpg",
      "transform_matrix": [
        [
          0.008735,
          -0.497005,
          0.867704,
          3.115126
        ],
        [
          -0.999932,
          -0.011061,
          0.003731,
          2.137357
        ],
        [
          0.007744,
          -0.867677,
          -0.497068,
          1.551148
        ],
        [
          0.0,
          0.0,
          0.0,
          1.0
        ]
      ]
    },
    {
      "file_path": "/media/NFS/ttao/scannet/posed_images/scene0297_00/00018.jpg",
      "transform_matrix": [
        [
          0.048225,
          -0.492231,
          0.869128,
          3.106842
        ],
        [
          -0.998787,
          -0.032391,
          0.037075,
          2.150651
        ],
        [
          0.009903,
          -0.869862,
          -0.493196,
          1.548492
        ],
        [
          0.0,
          0.0,
          0.0,
          1.0
        ]
      ]
    },
    {
      "file_path": "/media/NFS/ttao/scannet/posed_images/scene0297_00/00022.jpg",
      "transform_matrix": [
        [
          0.103522,
          -0.490444,
          0.865302,
          3.095879
        ],
        [
          -0.994612,
          -0.055934,
          0.087289,
          2.151434
        ],
        [
          0.005589,
          -0.869676,
          -0.493592,
          1.555226
        ],
        [
          0.0,
          0.0,
          0.0,
          1.0
        ]
      ]
    },
    {
      "file_path": "/media/NFS/ttao/scannet/posed_images/scene0297_00/00024.jpg",
      "transform_matrix": [
        [
          0.129694,
          -0.488977,
          0.862601,
          3.089343
        ],
        [
          -0.991539,
          -0.068711,
          0.11013,
          2.160279
        ],
        [
          0.005419,
          -0.869586,
          -0.493752,
          1.552987
        ],
        [
          0.0,
          0.0,
          0.0,
          1.0
        ]
      ]
    },
    {
      "file_path": "/media/NFS/ttao/scannet/posed_images/scene0297_00/00028.jpg",
      "transform_matrix": [
        [
          0.184389,
          -0.483873,
          0.855493,
          3.07659
        ],
        [
          -0.982807,
          -0.099235,
          0.155701,
          2.180015
        ],
        [
          0.009556,
          -0.869493,
          -0.493852,
          1.548422
        ],
        [
          0.0,
          0.0,
          0.0,
          1.0
        ]
      ]
    },
    {
      "file_path": "/media/NFS/ttao/scannet/posed_images/scene0297_00/00034.jpg",
      "transform_matrix": [
        [
          0.260837,
          -0.472183,
          0.842026,
          3.053178
        ],
        [
          -0.965333,
          -0.136477,
          0.222502,
          2.192612
        ],
        [
          0.009855,
          -0.870871,
          -0.491412,
          1.543703
        ],
        [
          0.0,
          0.0,
          0.0,
          1.0
        ]
      ]
    },
    {
      "file_path": "/media/NFS/ttao/scannet/posed_images/scene0297_00/00035.jpg",
      "transform_matrix": [
        [
          0.272417,
          -0.471114,
          0.838952,
          3.052397
        ],
        [
          -0.962125,
          -0.142645,
          0.23231,
          2.196362
        ],
        [
          0.010228,
          -0.870462,
          -0.49213,
          1.546491
        ],
        [
          0.0,
          0.0,
          0.0,
          1.0
        ]
      ]
    },
    {
      "file_path": "/media/NFS/ttao/scannet/posed_images/scene0297_00/00042.jpg",
      "transform_matrix": [
        [
          0.345118,
          -0.459343,
          0.818473,
          3.026924
        ],
        [
          -0.938504,
          -0.178418,
          0.295598,
          2.207488
        ],
        [
          0.01025,
          -0.870156,
          -0.49267,
          1.544568
        ],
        [
          0.0,
          0.0,
          0.0,
          1.0
        ]
      ]
    },
    {
      "file_path": "/media/NFS/ttao/scannet/posed_images/scene0297_00/00046.jpg",
      "transform_matrix": [
        [
          0.38332,
          -0.449448,
          0.806885,
          3.020995
        ],
        [
          -0.923582,
          -0.193953,
          0.330723,
          2.210095
        ],
        [
          0.007855,
          -0.871997,
          -0.489448,
          1.544374
        ],
        [
          0.0,
          0.0,
          0.0,
          1.0
        ]
      ]
    },
    {
      "file_path": "/media/NFS/ttao/scannet/posed_images/scene0297_00/00047.jpg",
      "transform_matrix": [
        [
          0.391777,
          -0.447277,
          0.804024,
          3.018415
        ],
        [
          -0.92002,
          -0.198669,
          0.33778,
          2.214187
        ],
        [
          0.008653,
          -0.872052,
          -0.489337,
          1.54383
        ],
        [
          0.0,
          0.0,
          0.0,
          1.0
        ]
      ]
    },
    {
      "file_path": "/media/NFS/ttao/scannet/posed_images/scene0297_00/00054.jpg",
      "transform_matrix": [
        [
          0.481576,
          -0.433092,
          0.761916,
          3.008677
        ],
        [
          -0.876404,
          -0.237997,
          0.418656,
          2.199165
        ],
        [
          1.7e-05,
          -0.869361,
          -0.494177,
          1.532307
        ],
        [
          0.0,
          0.0,
          0.0,
          1.0
        ]
      ]
    },
    {
      "file_path": "/media/NFS/ttao/scannet/posed_images/scene0297_00/00058.jpg",
      "transform_matrix": [
        [
          0.52937,
          -0.425968,
          0.733702,
          3.018498
        ],
        [
          -0.848379,
          -0.261227,
          0.460449,
          2.215178
        ],
        [
          -0.004474,
          -0.866205,
          -0.499668,
          1.534532
        ],
        [
          0.0,
          0.0,
          0.0,
          1.0
        ]
      ]
    },
    {
      "file_path": "/media/NFS/ttao/scannet/posed_images/scene0297_00/00059.jpg",
      "transform_matrix": [
        [
          0.542262,
          -0.42372,
          0.725543,
          3.024135
        ],
        [
          -0.840156,
          -0.263745,
          0.473894,
          2.215829
        ],
        [
          -0.00944,
          -0.866545,
          -0.49901,
          1.533072
        ],
        [
          0.0,
          0.0,
          0.0,
          1.0
        ]
      ]
    },
    {
      "file_path": "/media/NFS/ttao/scannet/posed_images/scene0297_00/00066.jpg",
      "transform_matrix": [
        [
          0.607361,
          -0.402189,
          0.685096,
          3.070692
        ],
        [
          -0.794309,
          -0.292668,
          0.53237,
          2.234751
        ],
        [
          -0.013607,
          -0.867519,
          -0.497218,
          1.530163
        ],
        [
          0.0,
          0.0,
          0.0,
          1.0
        ]
      ]
    },
    {
      "file_path": "/media/NFS/ttao/scannet/posed_images/scene0297_00/00068.jpg",
      "transform_matrix": [
        [
          0.621871,
          -0.399706,
          0.673433,
          3.090585
        ],
        [
          -0.783057,
          -0.306445,
          0.541215,
          2.242409
        ],
        [
          -0.009957,
          -0.863902,
          -0.503562,
          1.52803
        ],
        [
          0.0,
          0.0,
          0.0,
          1.0
        ]
      ]
    },
    {
      "file_path": "/media/NFS/ttao/scannet/posed_images/scene0297_00/00073.jpg",
      "transform_matrix": [
        [
          0.652602,
          -0.370574,
          0.660898,
          3.136683
        ],
        [
          -0.757661,
          -0.328202,
          0.564123,
          2.27673
        ],
        [
          0.007859,
          -0.868884,
          -0.494954,
          1.543786
        ],
        [
          0.0,
          0.0,
          0.0,
          1.0
        ]
      ]
    },
    {
      "file_path": "/media/NFS/ttao/scannet/posed_images/scene0297_00/00079.jpg",
      "transform_matrix": [
        [
          0.68282,
          -0.351116,
          0.640683,
          3.195906
        ],
        [
          -0.730587,
          -0.327877,
          0.598949,
          2.299741
        ],
        [
          -0.000235,
          -0.877049,
          -0.480401,
          1.556811
        ],
        [
          0.0,
          0.0,
          0.0,
          1.0
        ]
      ]
    },
    {
      "file_path": "/media/NFS/ttao/scannet/posed_images/scene0297_00/00082.jpg",
      "transform_matrix": [
        [
          0.693184,
          -0.347497,
          0.63146,
          3.19026
        ],
        [
          -0.720668,
          -0.320149,
          0.614932,
          2.320523
        ],
        [
          -0.011525,
          -0.881334,
          -0.472353,
          1.557178
        ],
        [
          0.0,
          0.0,
          0.0,
          1.0
        ]
      ]
    },
    {
      "file_path": "/media/NFS/ttao/scannet/posed_images/scene0297_00/00083.jpg",
      "transform_matrix": [
        [
          0.699941,
          -0.345055,
          0.625315,
          3.199718
        ],
        [
          -0.714074,
          -0.321663,
          0.621796,
          2.323254
        ],
        [
          -0.013413,
          -0.881742,
          -0.471541,
          1.558564
        ],
        [
          0.0,
          0.0,
          0.0,
          1.0
        ]
      ]
    },
    {
      "file_path": "/media/NFS/ttao/scannet/posed_images/scene0297_00/00089.jpg",
      "transform_matrix": [
        [
          0.756849,
          -0.304374,
          0.57839,
          3.256193
        ],
        [
          -0.653407,
          -0.331471,
          0.680578,
          2.316973
        ],
        [
          -0.015431,
          -0.893019,
          -0.449754,
          1.560178
        ],
        [
          0.0,
          0.0,
          0.0,
          1.0
        ]
      ]
    },
    {
      "file_path": "/media/NFS/ttao/scannet/posed_images/scene0297_00/00094.jpg",
      "transform_matrix": [
        [
          0.806334,
          -0.256418,
          0.532987,
          3.296674
        ],
        [
          -0.59145,
          -0.354893,
          0.724043,
          2.316336
        ],
        [
          0.003496,
          -0.899056,
          -0.43782,
          1.565077
        ],
        [
          0.0,
          0.0,
          0.0,
          1.0
        ]
      ]
    },
    {
      "file_path": "/media/NFS/ttao/scannet/posed_images/scene0297_00/00097.jpg",
      "transform_matrix": [
        [
          0.837521,
          -0.223924,
          0.498413,
          3.331886
        ],
        [
          -0.546179,
          -0.369292,
          0.751872,
          2.2978
        ],
        [
          0.015698,
          -0.901932,
          -0.431593,
          1.562016
        ],
        [
          0.0,
          0.0,
          0.0,
          1.0
        ]
      ]
    },
    {
      "file_path": "/media/NFS/ttao/scannet/posed_images/scene0297_00/00100.jpg",
      "transform_matrix": [
        [
          0.86552,
          -0.201404,
          0.458597,
          3.358884
        ],
        [
          -0.500305,
          -0.391254,
          0.772409,
          2.289312
        ],
        [
          0.023861,
          -0.897974,
          -0.439402,
          1.570047
        ],
        [
          0.0,
          0.0,
          0.0,
          1.0
        ]
      ]
    },
    {
      "file_path": "/media/NFS/ttao/scannet/posed_images/scene0297_00/00104.jpg",
      "transform_matrix": [
        [
          0.885945,
          -0.185521,
          0.425068,
          3.40662
        ],
        [
          -0.463652,
          -0.376585,
          0.802004,
          2.269727
        ],
        [
          0.011286,
          -0.907615,
          -0.419651,
          1.574115
        ],
        [
          0.0,
          0.0,
          0.0,
          1.0
        ]
      ]
    },
    {
      "file_path": "/media/NFS/ttao/scannet/posed_images/scene0297_00/00110.jpg",
      "transform_matrix": [
        [
          0.896162,
          -0.16759,
          0.410862,
          3.460954
        ],
        [
          -0.443646,
          -0.356239,
          0.822358,
          2.280073
        ],
        [
          0.008546,
          -0.919243,
          -0.393598,
          1.590678
        ],
        [
          0.0,
          0.0,
          0.0,
          1.0
        ]
      ]
    },
    {
      "file_path": "/media/NFS/ttao/scannet/posed_images/scene0297_00/00112.jpg",
      "transform_matrix": [
        [
          0.898274,
          -0.162505,
          0.408285,
          3.479032
        ],
        [
          -0.439356,
          -0.349929,
          0.827355,
          2.286103
        ],
        [
          0.008422,
          -0.922573,
          -0.38573,
          1.600448
        ],
        [
          0.0,
          0.0,
          0.0,
          1.0
        ]
      ]
    },
    {
      "file_path": "/media/NFS/ttao/scannet/posed_images/scene0297_00/00117.jpg",
      "transform_matrix": [
        [
          0.902478,
          -0.141169,
          0.406946,
          3.555445
        ],
        [
          -0.430521,
          -0.32554,
          0.841829,
          2.309529
        ],
        [
          0.013637,
          -0.934931,
          -0.354569,
          1.606428
        ],
        [
          0.0,
          0.0,
          0.0,
          1.0
        ]
      ]
    },
    {
      "file_path": "/media/NFS/ttao/scannet/posed_images/scene0297_00/00120.jpg",
      "transform_matrix": [
        [
          0.908356,
          -0.117233,
          0.40143,
          3.613186
        ],
        [
          -0.417638,
          -0.303949,
          0.856267,
          2.317732
        ],
        [
          0.021631,
          -0.945448,
          -0.325055,
          1.594262
        ],
        [
          0.0,
          0.0,
          0.0,
          1.0
        ]
      ]
    },
    {
      "file_path": "/media/NFS/ttao/scannet/posed_images/scene0297_00/00126.jpg",
      "transform_matrix": [
        [
          0.925393,
          -0.071872,
          0.372132,
          3.694675
        ],
        [
          -0.377427,
          -0.264364,
          0.887502,
          2.354523
        ],
        [
          0.034592,
          -0.961741,
          -0.271767,
          1.55959
        ],
        [
          0.0,
          0.0,
          0.0,
          1.0
        ]
      ]
    },
    {
      "file_path": "/media/NFS/ttao/scannet/posed_images/scene0297_00/00131.jpg",
      "transform_matrix": [
        [
          0.935581,
          -0.05073,
          0.349448,
          3.759352
        ],
        [
          -0.349972,
          -0.264887,
          0.898529,
          2.395355
        ],
        [
          0.046981,
          -0.962944,
          -0.265577,
          1.572929
        ],
        [
          0.0,
          0.0,
          0.0,
          1.0
        ]
      ]
    },
    {
      "file_path": "/media/NFS/ttao/scannet/posed_images/scene0297_00/00132.jpg",
      "transform_matrix": [
        [
          0.937811,
          -0.054075,
          0.342909,
          3.780007
        ],
        [
          -0.34455,
          -0.265571,
          0.90042,
          2.399426
        ],
        [
          0.042376,
          -0.962574,
          -0.267687,
          1.577455
        ],
        [
          0.0,
          0.0,
          0.0,
          1.0
        ]
      ]
    },
    {
      "file_path": "/media/NFS/ttao/scannet/posed_images/scene0297_00/00138.jpg",
      "transform_matrix": [
        [
          0.940783,
          -0.081637,
          0.329034,
          3.881289
        ],
        [
          -0.338757,
          -0.263874,
          0.903113,
          2.431201
        ],
        [
          0.013097,
          -0.961096,
          -0.275903,
          1.579376
        ],
        [
          0.0,
          0.0,
          0.0,
          1.0
        ]
      ]
    },
    {
      "file_path": "/media/NFS/ttao/scannet/posed_images/scene0297_00/00141.jpg",
      "transform_matrix": [
        [
          0.946139,
          -0.078818,
          0.314021,
          3.921261
        ],
        [
          -0.323529,
          -0.266884,
          0.9078,
          2.450554
        ],
        [
          0.012257,
          -0.9605,
          -0.278009,
          1.582746
        ],
        [
          0.0,
          0.0,
          0.0,
          1.0
        ]
      ]
    },
    {
      "file_path": "/media/NFS/ttao/scannet/posed_images/scene0297_00/00144.jpg",
      "transform_matrix": [
        [
          0.956497,
          -0.07627,
          0.281596,
          3.9438
        ],
        [
          -0.291693,
          -0.267735,
          0.918277,
          2.461861
        ],
        [
          0.005356,
          -0.960469,
          -0.278335,
          1.576134
        ],
        [
          0.0,
          0.0,
          0.0,
          1.0
        ]
      ]
    },
    {
      "file_path": "/media/NFS/ttao/scannet/posed_images/scene0297_00/00151.jpg",
      "transform_matrix": [
        [
          0.98202,
          -0.04312,
          0.183788,
          4.047907
        ],
        [
          -0.187974,
          -0.31314,
          0.930919,
          2.472799
        ],
        [
          0.01741,
          -0.948728,
          -0.315615,
          1.570835
        ],
        [
          0.0,
          0.0,
          0.0,
          1.0
        ]
      ]
    },
    {
      "file_path": "/media/NFS/ttao/scannet/posed_images/scene0297_00/00155.jpg",
      "transform_matrix": [
        [
          0.993309,
          -0.027696,
          0.112116,
          4.107609
        ],
        [
          -0.114822,
          -0.340824,
          0.933089,
          2.483
        ],
        [
          0.012369,
          -0.939719,
          -0.341724,
          1.584599
        ],
        [
          0.0,
          0.0,
          0.0,
          1.0
        ]
      ]
    },
    {
      "file_path": "/media/NFS/ttao/scannet/posed_images/scene0297_00/00157.jpg",
      "transform_matrix": [
        [
          0.997279,
          -0.014898,
          0.072206,
          4.142494
        ],
        [
          -0.073007,
          -0.336024,
          0.93902,
          2.487491
        ],
        [
          0.010273,
          -0.941736,
          -0.336197,
          1.596297
        ],
        [
          0.0,
          0.0,
          0.0,
          1.0
        ]
      ]
    },
    {
      "file_path": "/media/NFS/ttao/scannet/posed_images/scene0297_00/00162.jpg",
      "transform_matrix": [
        [
          0.999862,
          0.009168,
          -0.013814,
          4.198724
        ],
        [
          0.016138,
          -0.347295,
          0.937617,
          2.489425
        ],
        [
          0.003799,
          -0.937711,
          -0.347396,
          1.574713
        ],
        [
          0.0,
          0.0,
          0.0,
          1.0
        ]
      ]
    },
    {
      "file_path": "/media/NFS/ttao/scannet/posed_images/scene0297_00/00167.jpg",
      "transform_matrix": [
        [
          0.99621,
          0.029659,
          -0.081765,
          4.251833
        ],
        [
          0.08696,
          -0.358652,
          0.929412,
          2.512846
        ],
        [
          -0.00176,
          -0.933,
          -0.359872,
          1.559934
        ],
        [
          0.0,
          0.0,
          0.0,
          1.0
        ]
      ]
    },
    {
      "file_path": "/media/NFS/ttao/scannet/posed_images/scene0297_00/00170.jpg",
      "transform_matrix": [
        [
          0.992634,
          0.050641,
          -0.110061,
          4.288524
        ],
        [
          0.121015,
          -0.371259,
          0.92061,
          2.544685
        ],
        [
          0.005759,
          -0.927147,
          -0.374653,
          1.560955
        ],
        [
          0.0,
          0.0,
          0.0,
          1.0
        ]
      ]
    },
    {
      "file_path": "/media/NFS/ttao/scannet/posed_images/scene0297_00/00175.jpg",
      "transform_matrix": [
        [
          0.984867,
          0.067951,
          -0.159436,
          4.325768
        ],
        [
          0.173297,
          -0.373799,
          0.911177,
          2.602117
        ],
        [
          0.002318,
          -0.925017,
          -0.379918,
          1.556473
        ],
        [
          0.0,
          0.0,
          0.0,
          1.0
        ]
      ]
    },
    {
      "file_path": "/media/NFS/ttao/scannet/posed_images/scene0297_00/00179.jpg",
      "transform_matrix": [
        [
          0.972242,
          0.092483,
          -0.214927,
          4.370426
        ],
        [
          0.233896,
          -0.35951,
          0.903352,
          2.633287
        ],
        [
          0.006276,
          -0.928547,
          -0.371162,
          1.547291
        ],
        [
          0.0,
          0.0,
          0.0,
          1.0
        ]
      ]
    },
    {
      "file_path": "/media/NFS/ttao/scannet/posed_images/scene0297_00/00184.jpg",
      "transform_matrix": [
        [
          0.96022,
          0.120108,
          -0.252095,
          4.421894
        ],
        [
          0.278934,
          -0.369957,
          0.886187,
          2.682514
        ],
        [
          0.013173,
          -0.921253,
          -0.388742,
          1.556165
        ],
        [
          0.0,
          0.0,
          0.0,
          1.0
        ]
      ]
    },
    {
      "file_path": "/media/NFS/ttao/scannet/posed_images/scene0297_00/00185.jpg",
      "transform_matrix": [
        [
          0.958507,
          0.121028,
          -0.258101,
          4.43328
        ],
        [
          0.284833,
          -0.369764,
          0.88439,
          2.692969
        ],
        [
          0.011599,
          -0.921209,
          -0.388895,
          1.557424
        ],
        [
          0.0,
          0.0,
          0.0,
          1.0
        ]
      ]
    },
    {
      "file_path": "/media/NFS/ttao/scannet/posed_images/scene0297_00/00191.jpg",
      "transform_matrix": [
        [
          0.942504,
          0.119222,
          -0.312207,
          4.482957
        ],
        [
          0.334118,
          -0.356334,
          0.872578,
          2.746305
        ],
        [
          -0.007219,
          -0.926721,
          -0.37568,
          1.574507
        ],
        [
          0.0,
          0.0,
          0.0,
          1.0
        ]
      ]
    },
    {
      "file_path": "/media/NFS/ttao/scannet/posed_images/scene0297_00/00195.jpg",
      "transform_matrix": [
        [
          0.92171,
          0.133562,
          -0.36416,
          4.527089
        ],
        [
          0.38769,
          -0.346637,
          0.854131,
          2.775583
        ],
        [
          -0.012152,
          -0.928442,
          -0.371279,
          1.567701
        ],
        [
          0.0,
          0.0,
          0.0,
          1.0
        ]
      ]
    },
    {
      "file_path": "/media/NFS/ttao/scannet/posed_images/scene0297_00/00199.jpg",
      "transform_matrix": [
        [
          0.890484,
          0.181713,
          -0.417156,
          4.580665
        ],
        [
          0.454922,
          -0.337062,
          0.824279,
          2.806913
        ],
        [
          0.009175,
          -0.92378,
          -0.382813,
          1.564476
        ],
        [
          0.0,
          0.0,
          0.0,
          1.0
        ]
      ]
    },
    {
      "file_path": "/media/NFS/ttao/scannet/posed_images/scene0297_00/00203.jpg",
      "transform_matrix": [
        [
          0.859569,
          0.230575,
          -0.456043,
          4.612172
        ],
        [
          0.51016,
          -0.335465,
          0.79196,
          2.823836
        ],
        [
          0.02962,
          -0.913399,
          -0.405986,
          1.565596
        ],
        [
          0.0,
          0.0,
          0.0,
          1.0
        ]
      ]
    },
    {
      "file_path": "/media/NFS/ttao/scannet/posed_images/scene0297_00/00206.jpg",
      "transform_matrix": [
        [
          0.827887,
          0.248159,
          -0.503011,
          4.652836
        ],
        [
          0.560038,
          -0.316195,
          0.765754,
          2.852892
        ],
        [
          0.030979,
          -0.915663,
          -0.400752,
          1.569011
        ],
        [
          0.0,
          0.0,
          0.0,
          1.0
        ]
      ]
    },
    {
      "file_path": "/media/NFS/ttao/scannet/posed_images/scene0297_00/00212.jpg",
      "transform_matrix": [
        [
          0.790201,
          0.256545,
          -0.556568,
          4.69494
        ],
        [
          0.612756,
          -0.315025,
          0.724768,
          2.903477
        ],
        [
          0.010602,
          -0.913753,
          -0.406133,
          1.571708
        ],
        [
          0.0,
          0.0,
          0.0,
          1.0
        ]
      ]
    },
    {
      "file_path": "/media/NFS/ttao/scannet/posed_images/scene0297_00/00215.jpg",
      "transform_matrix": [
        [
          0.771571,
          0.268447,
          -0.576727,
          4.711944
        ],
        [
          0.636131,
          -0.320183,
          0.702011,
          2.935743
        ],
        [
          0.003795,
          -0.908526,
          -0.417812,
          1.570027
        ],
        [
          0.0,
          0.0,
          0.0,
          1.0
        ]
      ]
    },
    {
      "file_path": "/media/NFS/ttao/scannet/posed_images/scene0297_00/00219.jpg",
      "transform_matrix": [
        [
          0.75568,
          0.277882,
          -0.593068,
          4.728199
        ],
        [
          0.654938,
          -0.323331,
          0.683018,
          2.992328
        ],
        [
          -0.001959,
          -0.904566,
          -0.42633,
          1.562525
        ],
        [
          0.0,
          0.0,
          0.0,
          1.0
        ]
      ]
    },
    {
      "file_path": "/media/NFS/ttao/scannet/posed_images/scene0297_00/00221.jpg",
      "transform_matrix": [
        [
          0.749944,
          0.290338,
          -0.59438,
          4.728237
        ],
        [
          0.661467,
          -0.319896,
          0.678327,
          3.020064
        ],
        [
          0.006804,
          -0.90187,
          -0.431953,
          1.558308
        ],
        [
          0.0,
          0.0,
          0.0,
          1.0
        ]
      ]
    },
    {
      "file_path": "/media/NFS/ttao/scannet/posed_images/scene0297_00/00225.jpg",
      "transform_matrix": [
        [
          0.726049,
          0.308581,
          -0.614516,
          4.73037
        ],
        [
          0.68721,
          -0.293904,
          0.664351,
          3.071554
        ],
        [
          0.024397,
          -0.904654,
          -0.425449,
          1.550825
        ],
        [
          0.0,
          0.0,
          0.0,
          1.0
        ]
      ]
    },
    {
      "file_path": "/media/NFS/ttao/scannet/posed_images/scene0297_00/00231.jpg",
      "transform_matrix": [
        [
          0.685185,
          0.326759,
          -0.650961,
          4.732342
        ],
        [
          0.727927,
          -0.276062,
          0.627625,
          3.134669
        ],
        [
          0.025376,
          -0.903891,
          -0.42701,
          1.556761
        ],
        [
          0.0,
          0.0,
          0.0,
          1.0
        ]
      ]
    },
    {
      "file_path": "/media/NFS/ttao/scannet/posed_images/scene0297_00/00233.jpg",
      "transform_matrix": [
        [
          0.67356,
          0.331589,
          -0.66058,
          4.726903
        ],
        [
          0.7389,
          -0.279631,
          0.613053,
          3.159925
        ],
        [
          0.018563,
          -0.90103,
          -0.433359,
          1.563529
        ],
        [
          0.0,
          0.0,
          0.0,
          1.0
        ]
      ]
    },
    {
      "file_path": "/media/NFS/ttao/scannet/posed_images/scene0297_00/00237.jpg",
      "transform_matrix": [
        [
          0.647297,
          0.336542,
          -0.68392,
          4.730868
        ],
        [
          0.762066,
          -0.266672,
          0.590035,
          3.193931
        ],
        [
          0.016189,
          -0.90312,
          -0.429083,
          1.571821
        ],
        [
          0.0,
          0.0,
          0.0,
          1.0
        ]
      ]
    },
    {
      "file_path": "/media/NFS/ttao/scannet/posed_images/scene0297_00/00243.jpg",
      "transform_matrix": [
        [
          0.589009,
          0.339822,
          -0.733205,
          4.739054
        ],
        [
          0.808125,
          -0.246129,
          0.53512,
          3.243413
        ],
        [
          0.001382,
          -0.907712,
          -0.419591,
          1.570446
        ],
        [
          0.0,
          0.0,
          0.0,
          1.0
        ]
      ]
    },
    {
      "file_path": "/media/NFS/ttao/scannet/posed_images/scene0297_00/00245.jpg",
      "transform_matrix": [
        [
          0.565173,
          0.349795,
          -0.747143,
          4.737652
        ],
        [
          0.824966,
          -0.236161,
          0.513477,
          3.244339
        ],
        [
          0.003165,
          -0.906571,
          -0.422041,
          1.570548
        ],
        [
          0.0,
          0.0,
          0.0,
          1.0
        ]
      ]
    },
    {
      "file_path": "/media/NFS/ttao/scannet/posed_images/scene0297_00/00251.jpg",
      "transform_matrix": [
        [
          0.47175,
          0.383688,
          -0.793874,
          4.755749
        ],
        [
          0.881692,
          -0.196682,
          0.428877,
          3.28472
        ],
        [
          0.008414,
          -0.902275,
          -0.431079,
          1.569885
        ],
        [
          0.0,
          0.0,
          0.0,
          1.0
        ]
      ]
    },
    {
      "file_path": "/media/NFS/ttao/scannet/posed_images/scene0297_00/00255.jpg",
      "transform_matrix": [
        [
          0.415357,
          0.398808,
          -0.817576,
          4.769688
        ],
        [
          0.909182,
          -0.152925,
          0.387301,
          3.306666
        ],
        [
          0.029431,
          -0.904194,
          -0.426108,
          1.568674
        ],
        [
          0.0,
          0.0,
          0.0,
          1.0
        ]
      ]
    },
    {
      "file_path": "/media/NFS/ttao/scannet/posed_images/scene0297_00/00258.jpg",
      "transform_matrix": [
        [
          0.374809,
          0.409145,
          -0.831937,
          4.764195
        ],
        [
          0.926544,
          -0.134165,
          0.35145,
          3.318617
        ],
        [
          0.032177,
          -0.902552,
          -0.429377,
          1.581605
        ],
        [
          0.0,
          0.0,
          0.0,
          1.0
        ]
      ]
    },
    {
      "file_path": "/media/NFS/ttao/scannet/posed_images/scene0297_00/00264.jpg",
      "transform_matrix": [
        [
          0.31255,
          0.427941,
          -0.848045,
          4.759907
        ],
        [
          0.949624,
          -0.119182,
          0.289846,
          3.362276
        ],
        [
          0.022965,
          -0.895914,
          -0.443633,
          1.576453
        ],
        [
          0.0,
          0.0,
          0.0,
          1.0
        ]
      ]
    },
    {
      "file_path": "/media/NFS/ttao/scannet/posed_images/scene0297_00/00268.jpg",
      "transform_matrix": [
        [
          0.288303,
          0.429822,
          -0.855649,
          4.735773
        ],
        [
          0.957336,
          -0.110969,
          0.266822,
          3.379707
        ],
        [
          0.019736,
          -0.896069,
          -0.443477,
          1.575759
        ],
        [
          0.0,
          0.0,
          0.0,
          1.0
        ]
      ]
    },
    {
      "file_path": "/media/NFS/ttao/scannet/posed_images/scene0297_00/00270.jpg",
      "transform_matrix": [
        [
          0.285435,
          0.434533,
          -0.85423,
          4.726106
        ],
        [
          0.958107,
          -0.107399,
          0.265513,
          3.388577
        ],
        [
          0.023631,
          -0.89423,
          -0.446984,
          1.57037
        ],
        [
          0.0,
          0.0,
          0.0,
          1.0
        ]
      ]
    },
    {
      "file_path": "/media/NFS/ttao/scannet/posed_images/scene0297_00/00274.jpg",
      "transform_matrix": [
        [
          0.288669,
          0.433957,
          -0.853435,
          4.67853
        ],
        [
          0.957197,
          -0.111197,
          0.267224,
          3.412193
        ],
        [
          0.021064,
          -0.894045,
          -0.447481,
          1.569819
        ],
        [
          0.0,
          0.0,
          0.0,
          1.0
        ]
      ]
    },
    {
      "file_path": "/media/NFS/ttao/scannet/posed_images/scene0297_00/00278.jpg",
      "transform_matrix": [
        [
          0.301546,
          0.431378,
          -0.850284,
          4.617279
        ],
        [
          0.953322,
          -0.12172,
          0.276335,
          3.428709
        ],
        [
          0.015708,
          -0.893923,
          -0.447946,
          1.574613
        ],
        [
          0.0,
          0.0,
          0.0,
          1.0
        ]
      ]
    },
    {
      "file_path": "/media/NFS/ttao/scannet/posed_images/scene0297_00/00283.jpg",
      "transform_matrix": [
        [
          0.311266,
          0.422346,
          -0.851315,
          4.544428
        ],
        [
          0.95029,
          -0.130832,
          0.282547,
          3.446463
        ],
        [
          0.007953,
          -0.896943,
          -0.442074,
          1.574404
        ],
        [
          0.0,
          0.0,
          0.0,
          1.0
        ]
      ]
    },
    {
      "file_path": "/media/NFS/ttao/scannet/posed_images/scene0297_00/00285.jpg",
      "transform_matrix": [
        [
          0.31729,
          0.429889,
          -0.845294,
          4.512053
        ],
        [
          0.94832,
          -0.140111,
          0.284706,
          3.457554
        ],
        [
          0.003957,
          -0.891944,
          -0.452128,
          1.57459
        ],
        [
          0.0,
          0.0,
          0.0,
          1.0
        ]
      ]
    },
    {
      "file_path": "/media/NFS/ttao/scannet/posed_images/scene0297_00/00293.jpg",
      "transform_matrix": [
        [
          0.348402,
          0.448541,
          -0.82306,
          4.406954
        ],
        [
          0.937333,
          -0.171255,
          0.303445,
          3.532818
        ],
        [
          -0.004846,
          -0.877202,
          -0.480098,
          1.555246
        ],
        [
          0.0,
          0.0,
          0.0,
          1.0
        ]
      ]
    },
    {
      "file_path": "/media/NFS/ttao/scannet/posed_images/scene0297_00/00294.jpg",
      "transform_matrix": [
        [
          0.351431,
          0.450898,
          -0.82048,
          4.393275
        ],
        [
          0.936195,
          -0.174751,
          0.30496,
          3.543795
        ],
        [
          -0.005874,
          -0.875302,
          -0.483541,
          1.552723
        ],
        [
          0.0,
          0.0,
          0.0,
          1.0
        ]
      ]
    },
    {
      "file_path": "/media/NFS/ttao/scannet/posed_images/scene0297_00/00297.jpg",
      "transform_matrix": [
        [
          0.36095,
          0.457484,
          -0.812664,
          4.347804
        ],
        [
          0.932524,
          -0.18706,
          0.308882,
          3.587446
        ],
        [
          -0.010709,
          -0.86932,
          -0.494134,
          1.54977
        ],
        [
          0.0,
          0.0,
          0.0,
          1.0
        ]
      ]
    },
    {
      "file_path": "/media/NFS/ttao/scannet/posed_images/scene0297_00/00303.jpg",
      "transform_matrix": [
        [
          0.367545,
          0.453023,
          -0.812208,
          4.256555
        ],
        [
          0.930002,
          -0.176512,
          0.322398,
          3.677787
        ],
        [
          0.00269,
          -0.87385,
          -0.486188,
          1.553511
        ],
        [
          0.0,
          0.0,
          0.0,
          1.0
        ]
      ]
    },
    {
      "file_path": "/media/NFS/ttao/scannet/posed_images/scene0297_00/00306.jpg",
      "transform_matrix": [
        [
          0.352772,
          0.466645,
          -0.811045,
          4.214201
        ],
        [
          0.935679,
          -0.168859,
          0.309827,
          3.725985
        ],
        [
          0.007627,
          -0.868176,
          -0.496199,
          1.557219
        ],
        [
          0.0,
          0.0,
          0.0,
          1.0
        ]
      ]
    },
    {
      "file_path": "/media/NFS/ttao/scannet/posed_images/scene0297_00/00311.jpg",
      "transform_matrix": [
        [
          0.328567,
          0.471599,
          -0.818314,
          4.157048
        ],
        [
          0.943836,
          -0.131945,
          0.302925,
          3.787852
        ],
        [
          0.034886,
          -0.871886,
          -0.488465,
          1.555583
        ],
        [
          0.0,
