{
  "frames": [
    {
      "file_path": "/media/NFS/ttao/scannet/posed_images/scene0403_01/00000.jpg",
      "transform_matrix": [
        [
          0.986434,
          0.160898,
          -0.032558,
          3.288511
        ],
        [
          0.120199,
          -0.572849,
          0.810799,
          6.631023
        ],
        [
          0.111806,
          -0.803713,
          -0.584418,
          1.711805
        ],
        [
          0.0,
          0.0,
          0.0,
          1.0
        ]
      ]
    },
    {
      "file_path": "/media/NFS/ttao/scannet/posed_images/scene0403_01/00007.jpg",
      "transform_matrix": [
        [
          0.987315,
          0.158214,
          -0.013306,
          3.363623
        ],
        [
          0.108571,
          -0.611617,
          0.783669,
          6.615483
        ],
        [
          0.115849,
          -0.775173,
          -0.621036,
          1.70483
        ],
        [
          0.0,
          0.0,
          0.0,
          1.0
        ]
      ]
    },
    {
      "file_path": "/media/NFS/ttao/scannet/posed_images/scene0403_01/00012.jpg",
      "transform_matrix": [
        [
          0.988452,
          0.148709,
          -0.029125,
          3.392642
        ],
        [
          0.116082,
          -0.619537,
          0.776337,
          6.595972
        ],
        [
          0.097405,
          -0.770752,
          -0.629645,
          1.704061
        ],
        [
          0.0,
          0.0,
          0.0,
          1.0
        ]
      ]
    },
    {
      "file_path": "/media/NFS/ttao/scannet/posed_images/scene0403_01/00013.jpg",
      "transform_matrix": [
        [
          0.987798,
          0.151872,
          -0.034509,
          3.398221
        ],
        [
          0.12208,
          -0.617458,
          0.777073,
          6.591328
        ],
        [
          0.096708,
          -0.771803,
          -0.628464,
          1.705665
        ],
        [
          0.0,
          0.0,
          0.0,
          1.0
        ]
      ]
    },
    {
      "file_path": "/media/NFS/ttao/scannet/posed_images/scene0403_01/00022.jpg",
      "transform_matrix": [
        [
          0.981512,
          0.182425,
          -0.057919,
          3.437876
        ],
        [
          0.163789,
          -0.643973,
          0.74731,
          6.556645
        ],
        [
          0.09903,
          -0.742981,
          -0.661946,
          1.687751
        ],
        [
          0.0,
          0.0,
          0.0,
          1.0
        ]
      ]
    },
    {
      "file_path": "/media/NFS/ttao/scannet/posed_images/scene0403_01/00025.jpg",
      "transform_matrix": [
        [
          0.980056,
          0.186497,
          -0.068626,
          3.444178
        ],
        [
          0.175176,
          -0.647721,
          0.741466,
          6.547534
        ],
        [
          0.093831,
          -0.738699,
          -0.667472,
          1.689804
        ],
        [
          0.0,
          0.0,
          0.0,
          1.0
        ]
      ]
    },
    {
      "file_path": "/media/NFS/ttao/scannet/posed_images/scene0403_01/00031.jpg",
      "transform_matrix": [
        [
          0.968255,
          0.236498,
          -0.080935,
          3.452723
        ],
        [
          0.214669,
          -0.620865,
          0.753952,
          6.514482
        ],
        [
          0.128059,
          -0.747393,
          -0.651925,
          1.694393
        ],
        [
          0.0,
          0.0,
          0.0,
          1.0
        ]
      ]
    },
    {
      "file_path": "/media/NFS/ttao/scannet/posed_images/scene0403_01/00034.jpg",
      "transform_matrix": [
        [
          0.964531,
          0.248603,
          -0.088747,
          3.451875
        ],
        [
          0.226146,
          -0.604814,
          0.763583,
          6.491477
        ],
        [
          0.136154,
          -0.756569,
          -0.639582,
          1.699952
        ],
        [
          0.0,
          0.0,
          0.0,
          1.0
        ]
      ]
    },
    {
      "file_path": "/media/NFS/ttao/scannet/posed_images/scene0403_01/00039.jpg",
      "transform_matrix": [
        [
          0.957326,
          0.263612,
          -0.118471,
          3.428279
        ],
        [
          0.256687,
          -0.587165,
          0.767691,
          6.439175
        ],
        [
          0.13281,
          -0.76534,
          -0.629774,
          1.709367
        ],
        [
          0.0,
          0.0,
          0.0,
          1.0
        ]
      ]
    },
    {
      "file_path": "/media/NFS/ttao/scannet/posed_images/scene0403_01/00048.jpg",
      "transform_matrix": [
        [
          0.918524,
          0.316756,
          -0.236599,
          3.370785
        ],
        [
          0.381274,
          -0.551327,
          0.74207,
          6.291896
        ],
        [
          0.104612,
          -0.771818,
          -0.627178,
          1.71154
        ],
        [
          0.0,
          0.0,
          0.0,
          1.0
        ]
      ]
    },
    {
      "file_path": "/media/NFS/ttao/scannet/posed_images/scene0403_01/00049.jpg",
      "transform_matrix": [
        [
          0.913445,
          0.326552,
          -0.24286,
          3.364538
        ],
        [
          0.3926,
          -0.549966,
          0.737158,
          6.275427
        ],
        [
          0.107156,
          -0.768701,
          -0.630569,
          1.708544
        ],
        [
          0.0,
          0.0,
          0.0,
          1.0
        ]
      ]
    },
    {
      "file_path": "/media/NFS/ttao/scannet/posed_images/scene0403_01/00056.jpg",
      "transform_matrix": [
        [
          0.868147,
          0.392299,
          -0.30401,
          3.316197
        ],
        [
          0.478936,
          -0.501561,
          0.720456,
          6.170057
        ],
        [
          0.130154,
          -0.771063,
          -0.623315,
          1.696543
        ],
        [
          0.0,
          0.0,
          0.0,
          1.0
        ]
      ]
    },
    {
      "file_path": "/media/NFS/ttao/scannet/posed_images/scene0403_01/00061.jpg",
      "transform_matrix": [
        [
          0.853696,
          0.412283,
          -0.318159,
          3.278932
        ],
        [
          0.498041,
          -0.467831,
          0.730129,
          6.113797
        ],
        [
          0.152175,
          -0.781765,
          -0.60472,
          1.682649
        ],
        [
          0.0,
          0.0,
          0.0,
          1.0
        ]
      ]
    },
    {
      "file_path": "/media/NFS/ttao/scannet/posed_images/scene0403_01/00064.jpg",
      "transform_matrix": [
        [
          0.837065,
          0.431098,
          -0.336862,
          3.26811
        ],
        [
          0.522773,
          -0.448672,
          0.724846,
          6.091377
        ],
        [
          0.16134,
          -0.782846,
          -0.600934,
          1.670925
        ],
        [
          0.0,
          0.0,
          0.0,
          1.0
        ]
      ]
    },
    {
      "file_path": "/media/NFS/ttao/scannet/posed_images/scene0403_01/00070.jpg",
      "transform_matrix": [
        [
          0.79421,
          0.453725,
          -0.404182,
          3.247681
        ],
        [
          0.590493,
          -0.419381,
          0.68952,
          6.068514
        ],
        [
          0.143346,
          -0.78629,
          -0.600999,
          1.660954
        ],
        [
          0.0,
          0.0,
          0.0,
          1.0
        ]
      ]
    },
    {
      "file_path": "/media/NFS/ttao/scannet/posed_images/scene0403_01/00073.jpg",
      "transform_matrix": [
        [
          0.776963,
          0.470307,
          -0.418497,
          3.237198
        ],
        [
          0.613297,
          -0.415394,
          0.6718,
          6.068666
        ],
        [
          0.142112,
          -0.778627,
          -0.611183,
          1.658589
        ],
        [
          0.0,
          0.0,
          0.0,
          1.0
        ]
      ]
    },
    {
      "file_path": "/media/NFS/ttao/scannet/posed_images/scene0403_01/00082.jpg",
      "transform_matrix": [
        [
          0.738295,
          0.474037,
          -0.479802,
          3.21089
        ],
        [
          0.664623,
          -0.390145,
          0.637231,
          6.070297
        ],
        [
          0.114879,
          -0.789352,
          -0.603098,
          1.657951
        ],
        [
          0.0,
          0.0,
          0.0,
          1.0
        ]
      ]
    },
    {
      "file_path": "/media/NFS/ttao/scannet/posed_images/scene0403_01/00083.jpg",
      "transform_matrix": [
        [
          0.733951,
          0.477191,
          -0.483327,
          3.205964
        ],
        [
          0.669472,
          -0.388243,
          0.633304,
          6.071902
        ],
        [
          0.114559,
          -0.788388,
          -0.604418,
          1.658466
        ],
        [
          0.0,
          0.0,
          0.0,
          1.0
        ]
      ]
    },
    {
      "file_path": "/media/NFS/ttao/scannet/posed_images/scene0403_01/00088.jpg",
      "transform_matrix": [
        [
          0.706579,
          0.486744,
          -0.51364,
          3.195358
        ],
        [
          0.699694,
          -0.372136,
          0.609871,
          6.078706
        ],
        [
          0.105707,
          -0.790313,
          -0.603516,
          1.654827
        ],
        [
          0.0,
          0.0,
          0.0,
          1.0
        ]
      ]
    },
    {
      "file_path": "/media/NFS/ttao/scannet/posed_images/scene0403_01/00097.jpg",
      "transform_matrix": [
        [
          0.621438,
          0.52004,
          -0.58598,
          3.181774
        ],
        [
          0.776032,
          -0.305809,
          0.551594,
          6.09866
        ],
        [
          0.107653,
          -0.797521,
          -0.593609,
          1.640127
        ],
        [
          0.0,
          0.0,
          0.0,
          1.0
        ]
      ]
    },
    {
      "file_path": "/media/NFS/ttao/scannet/posed_images/scene0403_01/00100.jpg",
      "transform_matrix": [
        [
          0.595949,
          0.528924,
          -0.604222,
          3.171634
        ],
        [
          0.79657,
          -0.294185,
          0.528139,
          6.104113
        ],
        [
          0.101592,
          -0.79605,
          -0.596644,
          1.644136
        ],
        [
          0.0,
          0.0,
          0.0,
          1.0
        ]
      ]
    },
    {
      "file_path": "/media/NFS/ttao/scannet/posed_images/scene0403_01/00103.jpg",
      "transform_matrix": [
        [
          0.567536,
          0.533961,
          -0.626728,
          3.173603
        ],
        [
          0.817424,
          -0.274266,
          0.506552,
          6.104624
        ],
        [
          0.098589,
          -0.79979,
          -0.592129,
          1.635037
        ],
        [
          0.0,
          0.0,
          0.0,
          1.0
        ]
      ]
    },
    {
      "file_path": "/media/NFS/ttao/scannet/posed_images/scene0403_01/00111.jpg",
      "transform_matrix": [
        [
          0.478326,
          0.534413,
          -0.696855,
          3.173504
        ],
        [
          0.875737,
          -0.231098,
          0.423884,
          6.127983
        ],
        [
          0.065487,
          -0.813017,
          -0.578546,
          1.641691
        ],
        [
          0.0,
          0.0,
          0.0,
          1.0
        ]
      ]
    },
    {
      "file_path": "/media/NFS/ttao/scannet/posed_images/scene0403_01/00116.jpg",
      "transform_matrix": [
        [
          0.4569,
          0.519201,
          -0.722269,
          3.164037
        ],
        [
          0.887842,
          -0.216366,
          0.406106,
          6.129995
        ],
        [
          0.054577,
          -0.826811,
          -0.559826,
          1.647316
        ],
        [
          0.0,
          0.0,
          0.0,
          1.0
        ]
      ]
    },
    {
      "file_path": "/media/NFS/ttao/scannet/posed_images/scene0403_01/00120.jpg",
      "transform_matrix": [
        [
          0.440042,
          0.520424,
          -0.731793,
          3.153077
        ],
        [
          0.895732,
          -0.196802,
          0.398664,
          6.12361
        ],
        [
          0.063456,
          -0.83092,
          -0.552762,
          1.642766
        ],
        [
          0.0,
          0.0,
          0.0,
          1.0
        ]
      ]
    },
    {
      "file_path": "/media/NFS/ttao/scannet/posed_images/scene0403_01/00126.jpg",
      "transform_matrix": [
        [
          0.43291,
          0.510493,
          -0.742958,
          3.115502
        ],
        [
          0.899284,
          -0.187649,
          0.395064,
          6.112955
        ],
        [
          0.062262,
          -0.839157,
          -0.540313,
          1.654807
        ],
        [
          0.0,
          0.0,
          0.0,
          1.0
        ]
      ]
    },
    {
      "file_path": "/media/NFS/ttao/scannet/posed_images/scene0403_01/00131.jpg",
      "transform_matrix": [
        [
          0.418448,
          0.481385,
          -0.770175,
          3.078772
        ],
        [
          0.906407,
          -0.167488,
          0.38778,
          6.088589
        ],
        [
          0.057676,
          -0.860358,
          -0.506416,
          1.649135
        ],
        [
          0.0,
          0.0,
          0.0,
          1.0
        ]
      ]
    },
    {
      "file_path": "/media/NFS/ttao/scannet/posed_images/scene0403_01/00132.jpg",
      "transform_matrix": [
        [
          0.416276,
          0.482588,
          -0.770599,
          3.07336
        ],
        [
          0.907174,
          -0.163369,
          0.387744,
          6.088593
        ],
        [
          0.061229,
          -0.860477,
          -0.505798,
          1.646793
        ],
        [
          0.0,
          0.0,
          0.0,
          1.0
        ]
      ]
    },
    {
      "file_path": "/media/NFS/ttao/scannet/posed_images/scene0403_01/00141.jpg",
      "transform_matrix": [
        [
          0.397712,
          0.47905,
          -0.782519,
          2.974001
        ],
        [
          0.915159,
          -0.146104,
          0.375683,
          6.004607
        ],
        [
          0.065642,
          -0.865543,
          -0.496514,
          1.648377
        ],
        [
          0.0,
          0.0,
          0.0,
          1.0
        ]
      ]
    },
    {
      "file_path": "/media/NFS/ttao/scannet/posed_images/scene0403_01/00146.jpg",
      "transform_matrix": [
        [
          0.381056,
          0.474732,
          -0.793364,
          2.92647
        ],
        [
          0.921609,
          -0.12663,
          0.36688,
          5.956756
        ],
        [
          0.073706,
          -0.870973,
          -0.48577,
          1.63629
        ],
        [
          0.0,
          0.0,
          0.0,
          1.0
        ]
      ]
    },
    {
      "file_path": "/media/NFS/ttao/scannet/posed_images/scene0403_01/00147.jpg",
      "transform_matrix": [
        [
          0.385805,
          0.474662,
          -0.791107,
          2.914325
        ],
        [
          0.919548,
          -0.12838,
          0.371415,
          5.947052
        ],
        [
          0.074734,
          -0.870755,
          -0.486005,
          1.634292
        ],
        [
          0.0,
          0.0,
          0.0,
          1.0
        ]
      ]
    },
    {
      "file_path": "/media/NFS/ttao/scannet/posed_images/scene0403_01/00153.jpg",
      "transform_matrix": [
        [
          0.436678,
          0.468142,
          -0.768216,
          2.855341
        ],
        [
          0.89646,
          -0.154949,
          0.415151,
          5.920889
        ],
        [
          0.075315,
          -0.869962,
          -0.487333,
          1.637375
        ],
        [
          0.0,
          0.0,
          0.0,
          1.0
        ]
      ]
    },
    {
      "file_path": "/media/NFS/ttao/scannet/posed_images/scene0403_01/00160.jpg",
      "transform_matrix": [
        [
          0.500451,
          0.483697,
          -0.718043,
          2.798001
        ],
        [
          0.858993,
          -0.173882,
          0.481556,
          5.877696
        ],
        [
          0.108072,
          -0.857789,
          -0.502512,
          1.619584
        ],
        [
          0.0,
          0.0,
          0.0,
          1.0
        ]
      ]
    },
    {
      "file_path": "/media/NFS/ttao/scannet/posed_images/scene0403_01/00162.jpg",
      "transform_matrix": [
        [
          0.507124,
          0.486907,
          -0.711159,
          2.784031
        ],
        [
          0.854939,
          -0.179733,
          0.486596,
          5.872047
        ],
        [
          0.109108,
          -0.854762,
          -0.507423,
          1.618982
        ],
        [
          0.0,
          0.0,
          0.0,
          1.0
        ]
      ]
    },
    {
      "file_path": "/media/NFS/ttao/scannet/posed_images/scene0403_01/00168.jpg",
      "transform_matrix": [
        [
          0.516305,
          0.480247,
          -0.709078,
          2.749892
        ],
        [
          0.851464,
          -0.199051,
          0.485167,
          5.850685
        ],
        [
          0.091857,
          -0.854249,
          -0.511685,
          1.612129
        ],
        [
          0.0,
          0.0,
          0.0,
          1.0
        ]
      ]
    },
    {
      "file_path": "/media/NFS/ttao/scannet/posed_images/scene0403_01/00172.jpg",
      "transform_matrix": [
        [
          0.530801,
          0.503097,
          -0.682015,
          2.723824
        ],
        [
          0.83791,
          -0.190832,
          0.511361,
          5.82809
        ],
        [
          0.127114,
          -0.842898,
          -0.522843,
          1.598928
        ],
        [
          0.0,
          0.0,
          0.0,
          1.0
        ]
      ]
    },
    {
      "file_path": "/media/NFS/ttao/scannet/posed_images/scene0403_01/00178.jpg",
      "transform_matrix": [
        [
          0.525759,
          0.502711,
          -0.686192,
          2.695971
        ],
        [
          0.841662,
          -0.190584,
          0.505256,
          5.785039
        ],
        [
          0.12322,
          -0.843184,
          -0.523314,
          1.58542
        ],
        [
          0.0,
          0.0,
          0.0,
          1.0
        ]
      ]
    },
    {
      "file_path": "/media/NFS/ttao/scannet/posed_images/scene0403_01/00183.jpg",
      "transform_matrix": [
        [
          0.515742,
          0.497271,
          -0.697662,
          2.6855
        ],
        [
          0.85132,
          -0.205966,
          0.482526,
          5.744722
        ],
        [
          0.096252,
          -0.842793,
          -0.529562,
          1.577087
        ],
        [
          0.0,
          0.0,
          0.0,
          1.0
        ]
      ]
    },
    {
      "file_path": "/media/NFS/ttao/scannet/posed_images/scene0403_01/00187.jpg",
      "transform_matrix": [
        [
          0.480695,
          0.507494,
          -0.715109,
          2.688945
        ],
        [
          0.87313,
          -0.201595,
          0.44385,
          5.713155
        ],
        [
          0.081089,
          -0.83774,
          -0.540015,
          1.566614
        ],
        [
          0.0,
          0.0,
          0.0,
          1.0
        ]
      ]
    },
    {
      "file_path": "/media/NFS/ttao/scannet/posed_images/scene0403_01/00196.jpg",
      "transform_matrix": [
        [
          0.311542,
          0.557158,
          -0.769751,
          2.737873
        ],
        [
          0.945718,
          -0.102938,
          0.308254,
          5.639582
        ],
        [
          0.092509,
          -0.824002,
          -0.558984,
          1.522052
        ],
        [
          0.0,
          0.0,
          0.0,
          1.0
        ]
      ]
    },
    {
      "file_path": "/media/NFS/ttao/scannet/posed_images/scene0403_01/00199.jpg",
      "transform_matrix": [
        [
          0.232379,
          0.571891,
          -0.786728,
          2.761834
        ],
        [
          0.968946,
          -0.065832,
          0.238347,
          5.630186
        ],
        [
          0.084516,
          -0.817684,
          -0.569429,
          1.509083
        ],
        [
          0.0,
          0.0,
          0.0,
          1.0
        ]
      ]
    },
    {
      "file_path": "/media/NFS/ttao/scannet/posed_images/scene0403_01/00202.jpg",
      "transform_matrix": [
        [
          0.15015,
          0.582967,
          -0.798502,
          2.803848
        ],
        [
          0.986187,
          -0.031181,
          0.162677,
          5.624135
        ],
        [
          0.069937,
          -0.811898,
          -0.579596,
          1.489615
        ],
        [
          0.0,
          0.0,
          0.0,
          1.0
        ]
      ]
    },
    {
      "file_path": "/media/NFS/ttao/scannet/posed_images/scene0403_01/00210.jpg",
      "transform_matrix": [
        [
          -0.022659,
          0.565042,
          -0.824751,
          2.883736
        ],
        [
          0.999726,
          0.007973,
          -0.022004,
          5.645015
        ],
        [
          -0.005857,
          -0.825023,
          -0.565068,
          1.465536
        ],
        [
          0.0,
          0.0,
          0.0,
          1.0
        ]
      ]
    },
    {
      "file_path": "/media/NFS/ttao/scannet/posed_images/scene0403_01/00212.jpg",
      "transform_matrix": [
        [
          -0.05776,
          0.560082,
          -0.826422,
          2.90352
        ],
        [
          0.998255,
          0.022242,
          -0.054695,
          5.648522
        ],
        [
          -0.012252,
          -0.828139,
          -0.560389,
          1.465474
        ],
        [
          0.0,
          0.0,
          0.0,
          1.0
        ]
      ]
    },
    {
      "file_path": "/media/NFS/ttao/scannet/posed_images/scene0403_01/00220.jpg",
      "transform_matrix": [
        [
          -0.192683,
          0.553278,
          -0.810405,
          2.995493
        ],
        [
          0.980776,
          0.134543,
          -0.141336,
          5.694059
        ],
        [
          0.030836,
          -0.822059,
          -0.568567,
          1.452616
        ],
        [
          0.0,
          0.0,
          0.0,
          1.0
        ]
      ]
    },
    {
      "file_path": "/media/NFS/ttao/scannet/posed_images/scene0403_01/00226.jpg",
      "transform_matrix": [
        [
          -0.222313,
          0.529576,
          -0.818612,
          3.052362
        ],
        [
          0.973651,
          0.16433,
          -0.158109,
          5.740841
        ],
        [
          0.050792,
          -0.832193,
          -0.552155,
          1.472663
        ],
        [
          0.0,
          0.0,
          0.0,
          1.0
        ]
      ]
    },
    {
      "file_path": "/media/NFS/ttao/scannet/posed_images/scene0403_01/00227.jpg",
      "transform_matrix": [
        [
          -0.222726,
          0.525766,
          -0.820953,
          3.060646
        ],
        [
          0.973673,
          0.161889,
          -0.16048,
          5.750144
        ],
        [
          0.048528,
          -0.835082,
          -0.547981,
          1.477529
        ],
        [
          0.0,
          0.0,
          0.0,
          1.0
        ]
      ]
    },
    {
      "file_path": "/media/NFS/ttao/scannet/posed_images/scene0403_01/00233.jpg",
      "transform_matrix": [
        [
          -0.208539,
          0.500131,
          -0.840464,
          3.103251
        ],
        [
          0.977827,
          0.123445,
          -0.169164,
          5.79172
        ],
        [
          0.019147,
          -0.857106,
          -0.514785,
          1.511998
        ],
        [
          0.0,
          0.0,
          0.0,
          1.0
        ]
      ]
    },
    {
      "file_path": "/media/NFS/ttao/scannet/posed_images/scene0403_01/00239.jpg",
      "transform_matrix": [
        [
          -0.186074,
          0.5046,
          -0.843063,
          3.139617
        ],
        [
          0.9821,
          0.121069,
          -0.144298,
          5.819374
        ],
        [
          0.029256,
          -0.854822,
          -0.518096,
          1.516406
        ],
        [
          0.0,
          0.0,
          0.0,
          1.0
        ]
      ]
    },
    {
      "file_path": "/media/NFS/ttao/scannet/posed_images/scene0403_01/00244.jpg",
      "transform_matrix": [
        [
          -0.215723,
          0.488496,
          -0.845479,
          3.173701
        ],
        [
          0.976237,
          0.126176,
          -0.176184,
          5.810077
        ],
        [
          0.020614,
          -0.863395,
          -0.504107,
          1.524808
        ],
        [
          0.0,
          0.0,
          0.0,
          1.0
        ]
      ]
    },
    {
      "file_path": "/media/NFS/ttao/scannet/posed_images/scene0403_01/00247.jpg",
      "transform_matrix": [
        [
          -0.249013,
          0.469097,
          -0.847314,
          3.193083
        ],
        [
          0.968292,
          0.13875,
          -0.207751,
          5.805446
        ],
        [
          0.020109,
          -0.872179,
          -0.488773,
          1.523996
        ],
        [
          0.0,
          0.0,
          0.0,
          1.0
        ]
      ]
    },
    {
      "file_path": "/media/NFS/ttao/scannet/posed_images/scene0403_01/00254.jpg",
      "transform_matrix": [
        [
          -0.302746,
          0.425935,
          -0.852598,
          3.213269
        ],
        [
          0.952077,
          0.176008,
          -0.250141,
          5.791637
        ],
        [
          0.04352,
          -0.887469,
          -0.458808,
          1.537429
        ],
        [
          0.0,
          0.0,
          0.0,
          1.0
        ]
      ]
    },
    {
      "file_path": "/media/NFS/ttao/scannet/posed_images/scene0403_01/00257.jpg",
      "transform_matrix": [
        [
          -0.312956,
          0.410083,
          -0.856674,
          3.215785
        ],
        [
          0.947638,
          0.195186,
          -0.252752,
          5.770695
        ],
        [
          0.063561,
          -0.890918,
          -0.449695,
          1.549144
        ],
        [
          0.0,
          0.0,
          0.0,
          1.0
        ]
      ]
    },
    {
      "file_path": "/media/NFS/ttao/scannet/posed_images/scene0403_01/00262.jpg",
      "transform_matrix": [
        [
          -0.330986,
          0.362884,
          -0.871071,
          3.217999
        ],
        [
          0.941135,
          0.194108,
          -0.276744,
          5.745958
        ],
        [
          0.068656,
          -0.911393,
          -0.40577,
          1.550143
        ],
        [
          0.0,
          0.0,
          0.0,
          1.0
        ]
      ]
    },
    {
      "file_path": "/media/NFS/ttao/scannet/posed_images/scene0403_01/00266.jpg",
      "transform_matrix": [
        [
          -0.354082,
          0.332033,
          -0.874288,
          3.213249
        ],
        [
          0.932981,
          0.189978,
          -0.305703,
          5.719079
        ],
        [
          0.064592,
          -0.923938,
          -0.377049,
          1.564708
        ],
        [
          0.0,
          0.0,
          0.0,
          1.0
        ]
      ]
    },
    {
      "file_path": "/media/NFS/ttao/scannet/posed_images/scene0403_01/00273.jpg",
      "transform_matrix": [
        [
          -0.374247,
          0.281163,
          -0.883678,
          3.20108
        ],
        [
          0.926603,
          0.151082,
          -0.344356,
          5.66813
        ],
        [
          0.036688,
          -0.947693,
          -0.317068,
          1.58188
        ],
        [
          0.0,
          0.0,
          0.0,
          1.0
        ]
      ]
    },
    {
      "file_path": "/media/NFS/ttao/scannet/posed_images/scene0403_01/00276.jpg",
      "transform_matrix": [
        [
          -0.394971,
          0.262552,
          -0.880378,
          3.196716
        ],
        [
          0.91841,
          0.136643,
          -0.371283,
          5.64008
        ],
        [
          0.022816,
          -0.955194,
          -0.2951,
          1.586375
        ],
        [
          0.0,
          0.0,
          0.0,
          1.0
        ]
      ]
    },
    {
      "file_path": "/media/NFS/ttao/scannet/posed_images/scene0403_01/00284.jpg",
      "transform_matrix": [
        [
          -0.477454,
          0.256878,
          -0.840269,
          3.180913
        ],
        [
          0.878586,
          0.15171,
          -0.452848,
          5.53865
        ],
        [
          0.011151,
          -0.954462,
          -0.298124,
          1.610016
        ],
        [
          0.0,
          0.0,
          0.0,
          1.0
        ]
      ]
    },
    {
      "file_path": "/media/NFS/ttao/scannet/posed_images/scene0403_01/00290.jpg",
      "transform_matrix": [
        [
          -0.52964,
          0.236984,
          -0.814444,
          3.153789
        ],
        [
          0.847769,
          0.116523,
          -0.517406,
          5.495842
        ],
        [
          -0.027715,
          -0.9645,
          -0.262623,
          1.623791
        ],
        [
          0.0,
          0.0,
          0.0,
          1.0
        ]
      ]
    },
    {
      "file_path": "/media/NFS/ttao/scannet/posed_images/scene0403_01/00294.jpg",
      "transform_matrix": [
        [
          -0.548518,
          0.229225,
          -0.804104,
          3.136508
        ],
        [
          0.834481,
          0.089558,
          -0.543709,
          5.475993
        ],
        [
          -0.052618,
          -0.969245,
          -0.240409,
          1.622145
        ],
        [
          0.0,
          0.0,
          0.0,
          1.0
        ]
      ]
    },
    {
      "file_path": "/media/NFS/ttao/scannet/posed_images/scene0403_01/00299.jpg",
      "transform_matrix": [
        [
          -0.586213,
          0.231423,
          -0.7764,
          3.111316
        ],
        [
          0.808677,
          0.109251,
          -0.578019,
          5.453331
        ],
        [
          -0.048945,
          -0.966699,
          -0.251191,
          1.624056
        ],
        [
          0.0,
          0.0,
          0.0,
          1.0
        ]
      ]
    },
    {
      "file_path": "/media/NFS/ttao/scannet/posed_images/scene0403_01/00302.jpg",
      "transform_matrix": [
        [
          -0.611013,
          0.227122,
          -0.75834,
          3.09737
        ],
        [
          0.789288,
          0.101293,
          -0.605611,
          5.448092
        ],
        [
          -0.060733,
          -0.968584,
          -0.241156,
          1.617343
        ],
        [
          0.0,
          0.0,
          0.0,
          1.0
        ]
      ]
    },
    {
      "file_path": "/media/NFS/ttao/scannet/posed_images/scene0403_01/00308.jpg",
      "transform_matrix": [
        [
          -0.661928,
          0.197841,
          -0.722987,
          3.049187
        ],
        [
          0.747738,
          0.106934,
          -0.655327,
          5.444169
        ],
        [
          -0.052339,
          -0.974384,
          -0.218716,
          1.603766
        ],
        [
          0.0,
          0.0,
          0.0,
          1.0
        ]
      ]
    },
    {
      "file_path": "/media/NFS/ttao/scannet/posed_images/scene0403_01/00315.jpg",
      "transform_matrix": [
        [
          -0.699951,
          0.156271,
          -0.696884,
          2.993966
        ],
        [
          0.713809,
          0.121194,
          -0.689774,
          5.453749
        ],
        [
          -0.023334,
          -0.980251,
          -0.196378,
          1.583683
        ],
        [
          0.0,
          0.0,
          0.0,
          1.0
        ]
      ]
    },
    {
      "file_path": "/media/NFS/ttao/scannet/posed_images/scene0403_01/00318.jpg",
      "transform_matrix": [
        [
          -0.713524,
          0.149752,
          -0.68444,
          2.969069
        ],
        [
          0.700631,
          0.153397,
          -0.69684,
          5.444151
        ],
        [
          0.000638,
          -0.976752,
          -0.214373,
          1.594428
        ],
        [
          0.0,
          0.0,
          0.0,
          1.0
        ]
      ]
    },
    {
      "file_path": "/media/NFS/ttao/scannet/posed_images/scene0403_01/00324.jpg",
      "transform_matrix": [
        [
          -0.760042,
          0.13487,
          -0.635724,
          2.948897
        ],
        [
          0.649839,
          0.147716,
          -0.745579,
          5.446901
        ],
        [
          -0.006649,
          -0.979791,
          -0.199915,
          1.582693
        ],
        [
          0.0,
          0.0,
          0.0,
          1.0
        ]
      ]
    },
    {
      "file_path": "/media/NFS/ttao/scannet/posed_images/scene0403_01/00325.jpg",
      "transform_matrix": [
        [
          -0.764884,
          0.135223,
          -0.629815,
          2.944443
        ],
        [
          0.644107,
          0.147022,
          -0.750673,
          5.442953
        ],
        [
          -0.008912,
          -0.979846,
          -0.199554,
          1.589072
        ],
        [
          0.0,
          0.0,
          0.0,
          1.0
        ]
      ]
    },
    {
      "file_path": "/media/NFS/ttao/scannet/posed_images/scene0403_01/00333.jpg",
      "transform_matrix": [
        [
          -0.789093,
          0.122434,
          -0.601948,
          2.967286
        ],
        [
          0.614108,
          0.134498,
          -0.777677,
          5.415119
        ],
        [
          -0.014253,
          -0.983321,
          -0.18132,
          1.596145
        ],
        [
          0.0,
          0.0,
          0.0,
          1.0
        ]
      ]
    },
    {
      "file_path": "/media/NFS/ttao/scannet/posed_images/scene0403_01/00336.jpg",
      "transform_matrix": [
        [
          -0.793278,
          0.119775,
          -0.596961,
          2.955546
        ],
        [
          0.608809,
          0.143499,
          -0.78023,
          5.392818
        ],
        [
          -0.007789,
          -0.982376,
          -0.186755,
          1.602176
        ],
        [
          0.0,
          0.0,
          0.0,
          1.0
        ]
      ]
    },
    {
      "file_path": "/media/NFS/ttao/scannet/posed_images/scene0403_01/00342.jpg",
      "transform_matrix": [
        [
          -0.804864,
          0.101411,
          -0.58473,
          2.958024
        ],
        [
          0.593347,
          0.118365,
          -0.796197,
          5.352467
        ],
        [
          -0.011531,
          -0.987778,
          -0.155439,
          1.610023
        ],
        [
          0.0,
          0.0,
          0.0,
          1.0
        ]
      ]
    },
    {
      "file_path": "/media/NFS/ttao/scannet/posed_images/scene0403_01/00346.jpg",
      "transform_matrix": [
        [
          -0.786104,
          0.083568,
          -0.612419,
          2.947525
        ],
        [
          0.617764,
          0.138656,
          -0.774043,
          5.293806
        ],
        [
          0.02023,
          -0.986808,
          -0.160623,
          1.630042
        ],
        [
          0.0,
          0.0,
          0.0,
          1.0
        ]
      ]
    },
    {
      "file_path": "/media/NFS/ttao/scannet/posed_images/scene0403_01/00351.jpg",
      "transform_matrix": [
        [
          -0.785615,
          0.074003,
          -0.614274,
          2.937532
        ],
        [
          0.618652,
          0.108154,
          -0.778185,
          5.261524
        ],
        [
          0.008848,
          -0.991376,
          -0.13075,
          1.650096
        ],
        [
          0.0,
          0.0,
          0.0,
          1.0
        ]
      ]
    },
    {
      "file_path": "/media/NFS/ttao/scannet/posed_images/scene0403_01/00360.jpg",
      "transform_matrix": [
        [
          -0.75989,
          0.09144,
          -0.643588,
          2.925494
        ],
        [
          0.649865,
          0.083135,
          -0.755489,
          5.192637
        ],
        [
          -0.015577,
          -0.992334,
          -0.122597,
          1.668818
        ],
        [
          0.0,
          0.0,
          0.0,
          1.0
        ]
      ]
    },
    {
      "file_path": "/media/NFS/ttao/scannet/posed_images/scene0403_01/00361.jpg",
      "transform_matrix": [
        [
          -0.759704,
          0.095009,
          -0.64329,
          2.916583
        ],
        [
          0.649903,
          0.077771,
          -0.756028,
          5.193738
        ],
        [
          -0.021801,
          -0.992434,
          -0.12083,
          1.677101
        ],
        [
          0.0,
          0.0,
          0.0,
          1.0
        ]
      ]
    },
    {
      "file_path": "/media/NFS/ttao/scannet/posed_images/scene0403_01/00369.jpg",
      "transform_matrix": [
        [
          -0.72317,
          0.09814,
          -0.683662,
          2.877842
        ],
        [
          0.690243,
          0.067903,
          -0.720384,
          5.176132
        ],
        [
          -0.024276,
          -0.992853,
          -0.116846,
          1.677492
        ],
        [
          0.0,
          0.0,
          0.0,
          1.0
        ]
      ]
    },
    {
      "file_path": "/media/NFS/ttao/scannet/posed_images/scene0403_01/00374.jpg",
      "transform_matrix": [
        [
          -0.686497,
          0.103261,
          -0.719763,
          2.869283
        ],
        [
          0.727078,
          0.085324,
          -0.681232,
          5.142652
        ],
        [
          -0.008931,
          -0.990988,
          -0.133653,
          1.6935
        ],
        [
          0.0,
          0.0,
          0.0,
          1.0
        ]
      ]
    },
    {
      "file_path": "/media/NFS/ttao/scannet/posed_images/scene0403_01/00379.jpg",
      "transform_matrix": [
        [
          -0.666632,
          0.106366,
          -0.737759,
          2.899451
        ],
        [
          0.745207,
          0.073388,
          -0.662782,
          5.097607
        ],
        [
          -0.016355,
          -0.991615,
          -0.128187,
          1.704266
        ],
        [
          0.0,
          0.0,
          0.0,
          1.0
        ]
      ]
    },
    {
      "file_path": "/media/NFS/ttao/scannet/posed_images/scene0403_01/00382.jpg",
      "transform_matrix": [
        [
          -0.661468,
          0.097432,
          -0.743618,
          2.905798
        ],
        [
          0.749896,
          0.071644,
          -0.657665,
          5.080654
        ],
        [
          -0.010802,
          -0.99266,
          -0.120454,
          1.680411
        ],
        [
          0.0,
