{
  "frames": [
    {
      "file_path": "/media/NFS/ttao/scannet/posed_images/scene0085_00/00002.jpg",
      "transform_matrix": [
        [
          -0.998702,
          -0.02238,
          -0.045764,
          2.340556
        ],
        [
          0.035975,
          0.326219,
          -0.94461,
          2.987934
        ],
        [
          0.03607,
          -0.945029,
          -0.32499,
          1.391904
        ],
        [
          0.0,
          0.0,
          0.0,
          1.0
        ]
      ]
    },
    {
      "file_path": "/media/NFS/ttao/scannet/posed_images/scene0085_00/00011.jpg",
      "transform_matrix": [
        [
          -0.998528,
          -0.032306,
          -0.043564,
          2.299105
        ],
        [
          0.030138,
          0.337283,
          -0.940921,
          2.989397
        ],
        [
          0.04509,
          -0.940849,
          -0.335813,
          1.391071
        ],
        [
          0.0,
          0.0,
          0.0,
          1.0
        ]
      ]
    },
    {
      "file_path": "/media/NFS/ttao/scannet/posed_images/scene0085_00/00013.jpg",
      "transform_matrix": [
        [
          -0.99863,
          -0.03091,
          -0.042227,
          2.294597
        ],
        [
          0.029364,
          0.336942,
          -0.941068,
          2.989937
        ],
        [
          0.043316,
          -0.941018,
          -0.335572,
          1.391667
        ],
        [
          0.0,
          0.0,
          0.0,
          1.0
        ]
      ]
    },
    {
      "file_path": "/media/NFS/ttao/scannet/posed_images/scene0085_00/00022.jpg",
      "transform_matrix": [
        [
          -0.999056,
          -0.042929,
          -0.006682,
          2.256453
        ],
        [
          -0.008936,
          0.353551,
          -0.935373,
          2.998405
        ],
        [
          0.042517,
          -0.93443,
          -0.353601,
          1.375176
        ],
        [
          0.0,
          0.0,
          0.0,
          1.0
        ]
      ]
    },
    {
      "file_path": "/media/NFS/ttao/scannet/posed_images/scene0085_00/00033.jpg",
      "transform_matrix": [
        [
          -0.998442,
          -0.0414,
          0.037403,
          2.238029
        ],
        [
          -0.050135,
          0.37153,
          -0.927066,
          3.054322
        ],
        [
          0.024484,
          -0.927497,
          -0.373027,
          1.349839
        ],
        [
          0.0,
          0.0,
          0.0,
          1.0
        ]
      ]
    },
    {
      "file_path": "/media/NFS/ttao/scannet/posed_images/scene0085_00/00035.jpg",
      "transform_matrix": [
        [
          -0.99885,
          -0.03614,
          0.031524,
          2.240644
        ],
        [
          -0.042604,
          0.366907,
          -0.929282,
          3.072308
        ],
        [
          0.022018,
          -0.929556,
          -0.368024,
          1.344726
        ],
        [
          0.0,
          0.0,
          0.0,
          1.0
        ]
      ]
    },
    {
      "file_path": "/media/NFS/ttao/scannet/posed_images/scene0085_00/00044.jpg",
      "transform_matrix": [
        [
          -0.998378,
          -0.041994,
          0.038445,
          2.245103
        ],
        [
          -0.051164,
          0.365524,
          -0.929395,
          3.18119
        ],
        [
          0.024976,
          -0.929854,
          -0.36708,
          1.328725
        ],
        [
          0.0,
          0.0,
          0.0,
          1.0
        ]
      ]
    },
    {
      "file_path": "/media/NFS/ttao/scannet/posed_images/scene0085_00/00055.jpg",
      "transform_matrix": [
        [
          -0.997187,
          -0.060801,
          -0.043835,
          2.235487
        ],
        [
          0.02198,
          0.321912,
          -0.946515,
          3.326791
        ],
        [
          0.07166,
          -0.944815,
          -0.31967,
          1.323636
        ],
        [
          0.0,
          0.0,
          0.0,
          1.0
        ]
      ]
    },
    {
      "file_path": "/media/NFS/ttao/scannet/posed_images/scene0085_00/00062.jpg",
      "transform_matrix": [
        [
          -0.998824,
          -0.048139,
          -0.005743,
          2.195253
        ],
        [
          -0.010691,
          0.334248,
          -0.942425,
          3.376162
        ],
        [
          0.047286,
          -0.941255,
          -0.33437,
          1.336763
        ],
        [
          0.0,
          0.0,
          0.0,
          1.0
        ]
      ]
    },
    {
      "file_path": "/media/NFS/ttao/scannet/posed_images/scene0085_00/00064.jpg",
      "transform_matrix": [
        [
          -0.999031,
          -0.043981,
          -0.001603,
          2.18438
        ],
        [
          -0.013262,
          0.33557,
          -0.941922,
          3.39139
        ],
        [
          0.041964,
          -0.940988,
          -0.335828,
          1.336138
        ],
        [
          0.0,
          0.0,
          0.0,
          1.0
        ]
      ]
    },
    {
      "file_path": "/media/NFS/ttao/scannet/posed_images/scene0085_00/00075.jpg",
      "transform_matrix": [
        [
          -0.996535,
          -0.076827,
          0.031863,
          2.084236
        ],
        [
          -0.059929,
          0.397608,
          -0.915596,
          3.488919
        ],
        [
          0.057673,
          -0.914333,
          -0.400834,
          1.317973
        ],
        [
          0.0,
          0.0,
          0.0,
          1.0
        ]
      ]
    },
    {
      "file_path": "/media/NFS/ttao/scannet/posed_images/scene0085_00/00081.jpg",
      "transform_matrix": [
        [
          -0.994518,
          -0.099594,
          0.031866,
          2.049199
        ],
        [
          -0.071079,
          0.420347,
          -0.904575,
          3.533588
        ],
        [
          0.076695,
          -0.901881,
          -0.425121,
          1.312568
        ],
        [
          0.0,
          0.0,
          0.0,
          1.0
        ]
      ]
    },
    {
      "file_path": "/media/NFS/ttao/scannet/posed_images/scene0085_00/00090.jpg",
      "transform_matrix": [
        [
          -0.995294,
          -0.095422,
          -0.016868,
          2.068394
        ],
        [
          -0.02314,
          0.403078,
          -0.914873,
          3.590599
        ],
        [
          0.094098,
          -0.910177,
          -0.403389,
          1.312016
        ],
        [
          0.0,
          0.0,
          0.0,
          1.0
        ]
      ]
    },
    {
      "file_path": "/media/NFS/ttao/scannet/posed_images/scene0085_00/00094.jpg",
      "transform_matrix": [
        [
          -0.995627,
          -0.087863,
          -0.031729,
          2.082493
        ],
        [
          -0.006409,
          0.403097,
          -0.915135,
          3.617611
        ],
        [
          0.093196,
          -0.91093,
          -0.401897,
          1.313198
        ],
        [
          0.0,
          0.0,
          0.0,
          1.0
        ]
      ]
    },
    {
      "file_path": "/media/NFS/ttao/scannet/posed_images/scene0085_00/00105.jpg",
      "transform_matrix": [
        [
          -0.991401,
          -0.012151,
          -0.130291,
          2.094682
        ],
        [
          0.111066,
          0.448351,
          -0.886931,
          3.685199
        ],
        [
          0.069193,
          -0.893775,
          -0.443146,
          1.299087
        ],
        [
          0.0,
          0.0,
          0.0,
          1.0
        ]
      ]
    },
    {
      "file_path": "/media/NFS/ttao/scannet/posed_images/scene0085_00/00114.jpg",
      "transform_matrix": [
        [
          -0.982535,
          0.044855,
          -0.18059,
          2.06769
        ],
        [
          0.180296,
          0.469517,
          -0.864319,
          3.709385
        ],
        [
          0.046021,
          -0.881783,
          -0.469405,
          1.302966
        ],
        [
          0.0,
          0.0,
          0.0,
          1.0
        ]
      ]
    },
    {
      "file_path": "/media/NFS/ttao/scannet/posed_images/scene0085_00/00119.jpg",
      "transform_matrix": [
        [
          -0.98088,
          0.057466,
          -0.185934,
          2.03815
        ],
        [
          0.191245,
          0.461585,
          -0.866236,
          3.724258
        ],
        [
          0.036045,
          -0.885232,
          -0.46375,
          1.302266
        ],
        [
          0.0,
          0.0,
          0.0,
          1.0
        ]
      ]
    },
    {
      "file_path": "/media/NFS/ttao/scannet/posed_images/scene0085_00/00123.jpg",
      "transform_matrix": [
        [
          -0.982208,
          0.051271,
          -0.180665,
          2.015342
        ],
        [
          0.183295,
          0.471143,
          -0.862802,
          3.731828
        ],
        [
          0.040882,
          -0.880566,
          -0.472158,
          1.304928
        ],
        [
          0.0,
          0.0,
          0.0,
          1.0
        ]
      ]
    },
    {
      "file_path": "/media/NFS/ttao/scannet/posed_images/scene0085_00/00136.jpg",
      "transform_matrix": [
        [
          -0.990087,
          -0.008987,
          -0.140166,
          1.975203
        ],
        [
          0.121729,
          0.442936,
          -0.888251,
          3.742383
        ],
        [
          0.070068,
          -0.896508,
          -0.437451,
          1.328996
        ],
        [
          0.0,
          0.0,
          0.0,
          1.0
        ]
      ]
    },
    {
      "file_path": "/media/NFS/ttao/scannet/posed_images/scene0085_00/00143.jpg",
      "transform_matrix": [
        [
          -0.983064,
          -0.009243,
          -0.183027,
          1.993982
        ],
        [
          0.163538,
          0.406468,
          -0.89891,
          3.735039
        ],
        [
          0.082704,
          -0.913618,
          -0.398073,
          1.342966
        ],
        [
          0.0,
          0.0,
          0.0,
          1.0
        ]
      ]
    },
    {
      "file_path": "/media/NFS/ttao/scannet/posed_images/scene0085_00/00147.jpg",
      "transform_matrix": [
        [
          -0.979954,
          -0.013599,
          -0.19876,
          2.016477
        ],
        [
          0.178882,
          0.379129,
          -0.907889,
          3.723583
        ],
        [
          0.087702,
          -0.925244,
          -0.369096,
          1.361611
        ],
        [
          0.0,
          0.0,
          0.0,
          1.0
        ]
      ]
    },
    {
      "file_path": "/media/NFS/ttao/scannet/posed_images/scene0085_00/00156.jpg",
      "transform_matrix": [
        [
          -0.985775,
          -0.023552,
          -0.166411,
          2.114079
        ],
        [
          0.151652,
          0.302175,
          -0.941112,
          3.703724
        ],
        [
          0.07245,
          -0.952961,
          -0.294305,
          1.373669
        ],
        [
          0.0,
          0.0,
          0.0,
          1.0
        ]
      ]
    },
    {
      "file_path": "/media/NFS/ttao/scannet/posed_images/scene0085_00/00165.jpg",
      "transform_matrix": [
        [
          -0.997494,
          -0.020131,
          -0.067828,
          2.242855
        ],
        [
          0.059284,
          0.28545,
          -0.956558,
          3.664485
        ],
        [
          0.038618,
          -0.958182,
          -0.283541,
          1.378003
        ],
        [
          0.0,
          0.0,
          0.0,
          1.0
        ]
      ]
    },
    {
      "file_path": "/media/NFS/ttao/scannet/posed_images/scene0085_00/00167.jpg",
      "transform_matrix": [
        [
          -0.998983,
          -0.025186,
          -0.037395,
          2.262091
        ],
        [
          0.028515,
          0.289505,
          -0.956752,
          3.654071
        ],
        [
          0.034923,
          -0.956845,
          -0.288493,
          1.377134
        ],
        [
          0.0,
          0.0,
          0.0,
          1.0
        ]
      ]
    },
    {
      "file_path": "/media/NFS/ttao/scannet/posed_images/scene0085_00/00178.jpg",
      "transform_matrix": [
        [
          -0.996149,
          -0.048472,
          0.073063,
          2.363487
        ],
        [
          -0.084945,
          0.327001,
          -0.941199,
          3.56765
        ],
        [
          0.02173,
          -0.94378,
          -0.329859,
          1.368959
        ],
        [
          0.0,
          0.0,
          0.0,
          1.0
        ]
      ]
    },
    {
      "file_path": "/media/NFS/ttao/scannet/posed_images/scene0085_00/00187.jpg",
      "transform_matrix": [
        [
          -0.995239,
          -0.035663,
          0.0907,
          2.440141
        ],
        [
          -0.097448,
          0.349923,
          -0.931696,
          3.485454
        ],
        [
          0.001489,
          -0.936099,
          -0.351732,
          1.354784
        ],
        [
          0.0,
          0.0,
          0.0,
          1.0
        ]
      ]
    },
    {
      "file_path": "/media/NFS/ttao/scannet/posed_images/scene0085_00/00189.jpg",
      "transform_matrix": [
        [
          -0.99473,
          -0.039669,
          0.094546,
          2.460794
        ],
        [
          -0.102472,
          0.353492,
          -0.929808,
          3.476767
        ],
        [
          0.003463,
          -0.934596,
          -0.355694,
          1.346207
        ],
        [
          0.0,
          0.0,
          0.0,
          1.0
        ]
      ]
    },
    {
      "file_path": "/media/NFS/ttao/scannet/posed_images/scene0085_00/00200.jpg",
      "transform_matrix": [
        [
          -0.993054,
          -0.081733,
          0.084642,
          2.586052
        ],
        [
          -0.111986,
          0.435782,
          -0.893058,
          3.474934
        ],
        [
          0.036107,
          -0.896333,
          -0.441908,
          1.297489
        ],
        [
          0.0,
          0.0,
          0.0,
          1.0
        ]
      ]
    },
    {
      "file_path": "/media/NFS/ttao/scannet/posed_images/scene0085_00/00204.jpg",
      "transform_matrix": [
        [
          -0.994715,
          -0.088624,
          0.051845,
          2.634299
        ],
        [
          -0.087756,
          0.471707,
          -0.877377,
          3.483913
        ],
        [
          0.053301,
          -0.87729,
          -0.476992,
          1.283479
        ],
        [
          0.0,
          0.0,
          0.0,
          1.0
        ]
      ]
    },
    {
      "file_path": "/media/NFS/ttao/scannet/posed_images/scene0085_00/00211.jpg",
      "transform_matrix": [
        [
          -0.990601,
          -0.121865,
          0.062116,
          2.704355
        ],
        [
          -0.115642,
          0.503626,
          -0.856147,
          3.505875
        ],
        [
          0.073051,
          -0.855284,
          -0.512985,
          1.26587
        ],
        [
          0.0,
          0.0,
          0.0,
          1.0
        ]
      ]
    },
    {
      "file_path": "/media/NFS/ttao/scannet/posed_images/scene0085_00/00224.jpg",
      "transform_matrix": [
        [
          -0.996308,
          -0.077759,
          0.036388,
          2.766825
        ],
        [
          -0.065973,
          0.422221,
          -0.904089,
          3.437347
        ],
        [
          0.054938,
          -0.903152,
          -0.425792,
          1.306994
        ],
        [
          0.0,
          0.0,
          0.0,
          1.0
        ]
      ]
    },
    {
      "file_path": "/media/NFS/ttao/scannet/posed_images/scene0085_00/00226.jpg",
      "transform_matrix": [
        [
          -0.997504,
          -0.069811,
          0.010595,
          2.788506
        ],
        [
          -0.038421,
          0.410723,
          -0.91095,
          3.413431
        ],
        [
          0.059242,
          -0.909083,
          -0.41238,
          1.305641
        ],
        [
          0.0,
          0.0,
          0.0,
          1.0
        ]
      ]
    },
    {
      "file_path": "/media/NFS/ttao/scannet/posed_images/scene0085_00/00235.jpg",
      "transform_matrix": [
        [
          -0.998859,
          -0.043312,
          -0.020111,
          2.882287
        ],
        [
          0.002739,
          0.368485,
          -0.92963,
          3.271541
        ],
        [
          0.047675,
          -0.928624,
          -0.367946,
          1.342004
        ],
        [
          0.0,
          0.0,
          0.0,
          1.0
        ]
      ]
    },
    {
      "file_path": "/media/NFS/ttao/scannet/posed_images/scene0085_00/00239.jpg",
      "transform_matrix": [
        [
          -0.999545,
          -0.024205,
          -0.018025,
          2.924197
        ],
        [
          0.00921,
          0.324116,
          -0.945973,
          3.221785
        ],
        [
          0.02874,
          -0.945708,
          -0.323745,
          1.377424
        ],
        [
          0.0,
          0.0,
          0.0,
          1.0
        ]
      ]
    },
    {
      "file_path": "/media/NFS/ttao/scannet/posed_images/scene0085_00/00253.jpg",
      "transform_matrix": [
        [
          -0.986271,
          0.022943,
          -0.163533,
          3.134782
        ],
        [
          0.16451,
          0.222545,
          -0.960942,
          3.121465
        ],
        [
          0.014347,
          -0.974652,
          -0.223264,
          1.418801
        ],
        [
          0.0,
          0.0,
          0.0,
          1.0
        ]
      ]
    },
    {
      "file_path": "/media/NFS/ttao/scannet/posed_images/scene0085_00/00259.jpg",
      "transform_matrix": [
        [
          -0.984192,
          0.051486,
          -0.169458,
          3.226742
        ],
        [
          0.176875,
          0.236792,
          -0.955325,
          3.087937
        ],
        [
          -0.00906,
          -0.970195,
          -0.242155,
          1.424202
        ],
        [
          0.0,
          0.0,
          0.0,
          1.0
        ]
      ]
    },
    {
      "file_path": "/media/NFS/ttao/scannet/posed_images/scene0085_00/00266.jpg",
      "transform_matrix": [
        [
          -0.97313,
          0.053146,
          -0.224041,
          3.321831
        ],
        [
          0.23023,
          0.239721,
          -0.943148,
          3.036068
        ],
        [
          0.003583,
          -0.969386,
          -0.245515,
          1.40917
        ],
        [
          0.0,
          0.0,
          0.0,
          1.0
        ]
      ]
    },
    {
      "file_path": "/media/NFS/ttao/scannet/posed_images/scene0085_00/00272.jpg",
      "transform_matrix": [
        [
          -0.956074,
          0.043385,
          -0.289899,
          3.397071
        ],
        [
          0.292283,
          0.216077,
          -0.931601,
          2.968822
        ],
        [
          0.022223,
          -0.975412,
          -0.219266,
          1.410572
        ],
        [
          0.0,
          0.0,
          0.0,
          1.0
        ]
      ]
    },
    {
      "file_path": "/media/NFS/ttao/scannet/posed_images/scene0085_00/00281.jpg",
      "transform_matrix": [
        [
          -0.948795,
          0.106805,
          -0.29729,
          3.465491
        ],
        [
          0.312386,
          0.177385,
          -0.933247,
          2.896762
        ],
        [
          -0.04694,
          -0.978329,
          -0.201666,
          1.415955
        ],
        [
          0.0,
          0.0,
          0.0,
          1.0
        ]
      ]
    },
    {
      "file_path": "/media/NFS/ttao/scannet/posed_images/scene0085_00/00283.jpg",
      "transform_matrix": [
        [
          -0.942899,
          0.107596,
          -0.315221,
          3.485479
        ],
        [
          0.330276,
          0.179512,
          -0.926657,
          2.885664
        ],
        [
          -0.043119,
          -0.977854,
          -0.204798,
          1.408586
        ],
        [
          0.0,
          0.0,
          0.0,
          1.0
        ]
      ]
    },
    {
      "file_path": "/media/NFS/ttao/scannet/posed_images/scene0085_00/00294.jpg",
      "transform_matrix": [
        [
          -0.880983,
          0.161073,
          -0.444887,
          3.63933
        ],
        [
          0.472354,
          0.24495,
          -0.846688,
          2.815344
        ],
        [
          -0.027404,
          -0.956062,
          -0.291881,
          1.345729
        ],
        [
          0.0,
          0.0,
          0.0,
          1.0
        ]
      ]
    },
    {
      "file_path": "/media/NFS/ttao/scannet/posed_images/scene0085_00/00303.jpg",
      "transform_matrix": [
        [
          -0.819035,
          0.234296,
          -0.523724,
          3.779608
        ],
        [
          0.573406,
          0.302947,
          -0.761202,
          2.776669
        ],
        [
          -0.019686,
          -0.923758,
          -0.382471,
          1.306818
        ],
        [
          0.0,
          0.0,
          0.0,
          1.0
        ]
      ]
    },
    {
      "file_path": "/media/NFS/ttao/scannet/posed_images/scene0085_00/00312.jpg",
      "transform_matrix": [
        [
          -0.767162,
          0.290105,
          -0.572102,
          3.810983
        ],
        [
          0.641118,
          0.317964,
          -0.698474,
          2.774459
        ],
        [
          -0.020723,
          -0.902628,
          -0.429922,
          1.285668
        ],
        [
          0.0,
          0.0,
          0.0,
          1.0
        ]
      ]
    },
    {
      "file_path": "/media/NFS/ttao/scannet/posed_images/scene0085_00/00319.jpg",
      "transform_matrix": [
        [
          -0.741646,
          0.32828,
          -0.584973,
          3.790527
        ],
        [
          0.670061,
          0.321877,
          -0.668889,
          2.797003
        ],
        [
          -0.031294,
          -0.888047,
          -0.458687,
          1.274505
        ],
        [
          0.0,
          0.0,
          0.0,
          1.0
        ]
      ]
    },
    {
      "file_path": "/media/NFS/ttao/scannet/posed_images/scene0085_00/00321.jpg",
      "transform_matrix": [
        [
          -0.73848,
          0.336908,
          -0.584072,
          3.778406
        ],
        [
          0.673268,
          0.321111,
          -0.666031,
          2.806858
        ],
        [
          -0.036839,
          -0.885088,
          -0.463964,
          1.274326
        ],
        [
          0.0,
          0.0,
          0.0,
          1.0
        ]
      ]
    },
    {
      "file_path": "/media/NFS/ttao/scannet/posed_images/scene0085_00/00330.jpg",
      "transform_matrix": [
        [
          -0.732524,
          0.362518,
          -0.576185,
          3.748127
        ],
        [
          0.678818,
          0.325415,
          -0.658264,
          2.861833
        ],
        [
          -0.051133,
          -0.873319,
          -0.484458,
          1.268879
        ],
        [
          0.0,
          0.0,
          0.0,
          1.0
        ]
      ]
    },
    {
      "file_path": "/media/NFS/ttao/scannet/posed_images/scene0085_00/00336.jpg",
      "transform_matrix": [
        [
          -0.757159,
          0.35031,
          -0.551356,
          3.756179
        ],
        [
          0.650546,
          0.327922,
          -0.685024,
          2.883887
        ],
        [
          -0.059169,
          -0.877354,
          -0.476181,
          1.279216
        ],
        [
          0.0,
          0.0,
          0.0,
          1.0
        ]
      ]
    },
    {
      "file_path": "/media/NFS/ttao/scannet/posed_images/scene0085_00/00347.jpg",
      "transform_matrix": [
        [
          -0.803979,
          0.27162,
          -0.529,
          3.833091
        ],
        [
          0.593914,
          0.322297,
          -0.73715,
          2.894647
        ],
        [
          -0.02973,
          -0.906833,
          -0.420439,
          1.297976
        ],
        [
          0.0,
          0.0,
          0.0,
          1.0
        ]
      ]
    },
    {
      "file_path": "/media/NFS/ttao/scannet/posed_images/scene0085_00/00349.jpg",
      "transform_matrix": [
        [
          -0.808079,
          0.264603,
          -0.526302,
          3.851748
        ],
        [
          0.588621,
          0.327637,
          -0.73904,
          2.88862
        ],
        [
          -0.023117,
          -0.906995,
          -0.420507,
          1.299233
        ],
        [
          0.0,
          0.0,
          0.0,
          1.0
        ]
      ]
    },
    {
      "file_path": "/media/NFS/ttao/scannet/posed_images/scene0085_00/00363.jpg",
      "transform_matrix": [
        [
          -0.879774,
          0.181267,
          -0.439476,
          3.914271
        ],
        [
          0.475314,
          0.352161,
          -0.806262,
          2.884925
        ],
        [
          0.008618,
          -0.918218,
          -0.395981,
          1.307332
        ],
        [
          0.0,
          0.0,
          0.0,
          1.0
        ]
      ]
    },
    {
      "file_path": "/media/NFS/ttao/scannet/posed_images/scene0085_00/00365.jpg",
      "transform_matrix": [
        [
          -0.890001,
          0.176439,
          -0.420437,
          3.904197
        ],
        [
          0.455917,
          0.356758,
          -0.815392,
          2.887474
        ],
        [
          0.006127,
          -0.917384,
          -0.397956,
          1.308716
        ],
        [
          0.0,
          0.0,
          0.0,
          1.0
        ]
      ]
    },
    {
      "file_path": "/media/NFS/ttao/scannet/posed_images/scene0085_00/00378.jpg",
      "transform_matrix": [
        [
          -0.958137,
          0.092867,
          -0.270831,
          3.717431
        ],
        [
          0.285986,
          0.355492,
          -0.889853,
          2.958514
        ],
        [
          0.01364,
          -0.930054,
          -0.367168,
          1.329585
        ],
        [
          0.0,
          0.0,
          0.0,
          1.0
        ]
      ]
    },
    {
      "file_path": "/media/NFS/ttao/scannet/posed_images/scene0085_00/00384.jpg",
      "transform_matrix": [
        [
          -0.969962,
          0.108204,
          -0.217864,
          3.62508
        ],
        [
          0.242178,
          0.345373,
          -0.906679,
          2.972384
        ],
        [
          -0.022862,
          -0.932207,
          -0.361203,
          1.354722
        ],
        [
          0.0,
          0.0,
          0.0,
          1.0
        ]
      ]
    },
    {
      "file_path": "/media/NFS/ttao/scannet/posed_images/scene0085_00/00387.jpg",
      "transform_matrix": [
        [
          -0.972244,
          0.119103,
          -0.201385,
          3.576065
        ],
        [
          0.229766,
          0.323623,
          -0.917865,
          2.968256
        ],
        [
          -0.044148,
          -0.93866,
          -0.342006,
          1.371383
        ],
        [
          0.0,
          0.0,
          0.0,
          1.0
        ]
      ]
    },
    {
      "file_path": "/media/NFS/ttao/scannet/posed_images/scene0085_00/00400.jpg",
      "transform_matrix": [
        [
          -0.971513,
          0.001155,
          -0.236983,
          3.412457
        ],
        [
          0.233219,
          0.182234,
          -0.955196,
          2.889659
        ],
        [
          0.042084,
          -0.983254,
          -0.177312,
          1.421581
        ],
        [
          0.0,
          0.0,
          0.0,
          1.0
        ]
      ]
    },
    {
      "file_path": "/media/NFS/ttao/scannet/posed_images/scene0085_00/00402.jpg",
      "transform_matrix": [
        [
          -0.977108,
          -0.006975,
          -0.21263,
          3.382289
        ],
        [
          0.208699,
          0.162555,
          -0.964376,
          2.883657
        ],
        [
          0.04129,
          -0.986675,
          -0.157378,
          1.421363
        ],
        [
          0.0,
          0.0,
          0.0,
          1.0
        ]
      ]
    },
    {
      "file_path": "/media/NFS/ttao/scannet/posed_images/scene0085_00/00413.jpg",
      "transform_matrix": [
        [
          -0.999919,
          0.005218,
          -0.011621,
          3.247294
        ],
        [
          0.012427,
          0.199019,
          -0.979917,
          2.848019
        ],
        [
          -0.0028,
          -0.979982,
          -0.199068,
          1.421806
        ],
        [
          0.0,
          0.0,
          0.0,
          1.0
        ]
      ]
    },
    {
      "file_path": "/media/NFS/ttao/scannet/posed_images/scene0085_00/00420.jpg",
      "transform_matrix": [
        [
          -0.995863,
          -0.01058,
          0.090245,
          3.127473
        ],
        [
          -0.090669,
          0.180607,
          -0.979367,
          2.852403
        ],
        [
          -0.005937,
          -0.983498,
          -0.18082,
          1.443786
        ],
        [
          0.0,
          0.0,
          0.0,
          1.0
        ]
      ]
    },
    {
      "file_path": "/media/NFS/ttao/scannet/posed_images/scene0085_00/00426.jpg",
      "transform_matrix": [
        [
          -0.976424,
          -0.029217,
          0.213874,
          3.013611
        ],
        [
          -0.215737,
          0.165542,
          -0.962317,
          2.866841
        ],
        [
          -0.00729,
          -0.98577,
          -0.167942,
          1.467842
        ],
        [
          0.0,
          0.0,
          0.0,
          1.0
        ]
      ]
    },
    {
      "file_path": "/media/NFS/ttao/scannet/posed_images/scene0085_00/00435.jpg",
      "transform_matrix": [
        [
          -0.946803,
          -0.03918,
          0.319421,
          2.977248
        ],
        [
          -0.321301,
          0.171163,
          -0.93138,
          2.895807
        ],
        [
          -0.018181,
          -0.984463,
          -0.174646,
          1.452719
        ],
        [
          0.0,
          0.0,
          0.0,
          1.0
        ]
      ]
    },
    {
      "file_path": "/media/NFS/ttao/scannet/posed_images/scene0085_00/00437.jpg",
      "transform_matrix": [
        [
          -0.944555,
          -0.042844,
          0.325547,
          2.972862
        ],
        [
          -0.328059,
          0.16517,
          -0.930105,
          2.905359
        ],
        [
          -0.013921,
          -0.985334,
          -0.170068,
          1.442163
        ],
        [
          0.0,
          0.0,
          0.0,
          1.0
        ]
      ]
    },
    {
      "file_path": "/media/NFS/ttao/scannet/posed_images/scene0085_00/00450.jpg",
      "transform_matrix": [
        [
          -0.897859,
          -0.151866,
          0.413262,
          2.976607
        ],
        [
          -0.438494,
          0.223916,
          -0.870393,
          3.019457
        ],
        [
          0.039647,
          -0.962704,
          -0.267638,
          1.35439
        ],
        [
          0.0,
          0.0,
          0.0,
          1.0
        ]
      ]
    },
    {
      "file_path": "/media/NFS/ttao/scannet/posed_images/scene0085_00/00457.jpg",
      "transform_matrix": [
        [
          -0.868445,
          -0.207361,
          0.450338,
          2.953756
        ],
        [
          -0.492315,
          0.253402,
          -0.832714,
          3.088282
        ],
        [
          0.058556,
          -0.944875,
          -0.322153,
          1.335684
        ],
        [
          0.0,
          0.0,
          0.0,
          1.0
        ]
      ]
    },
    {
      "file_path": "/media/NFS/ttao/scannet/posed_images/scene0085_00/00459.jpg",
      "transform_matrix": [
        [
          -0.86186,
          -0.213641,
          0.459951,
          2.943421
        ],
        [
          -0.503883,
          0.258012,
          -0.824337,
          3.104908
        ],
        [
          0.057439,
          -0.942225,
          -0.330021,
          1.328987
        ],
        [
          0.0,
          0.0,
          0.0,
          1.0
        ]
      ]
    },
    {
      "file_path": "/media/NFS/ttao/scannet/posed_images/scene0085_00/00472.jpg",
      "transform_matrix": [
        [
          -0.805423,
          -0.265628,
          0.529845,
          2.947655
        ],
        [
          -0.591239,
          0.297344,
          -0.749682,
          3.203516
        ],
        [
          0.04159,
          -0.917076,
          -0.396537,
          1.31401
        ],
        [
          0.0,
          0.0,
          0.0,
          1.0
        ]
      ]
    },
    {
      "file_path": "/media/NFS/ttao/scannet/posed_images/scene0085_00/00477.jpg",
      "transform_matrix": [
        [
          -0.791853,
          -0.266421,
          0.549534,
          2.941858
        ],
        [
          -0.609377,
          0.285246,
          -0.739793,
          3.224218
        ],
        [
          0.040344,
          -0.920682,
          -0.388224,
          1.318513
        ],
        [
          0.0,
          0.0,
          0.0,
          1.0
        ]
      ]
    },
    {
      "file_path": "/media/NFS/ttao/scannet/posed_images/scene0085_00/00483.jpg",
      "transform_matrix": [
        [
          -0.794313,
          -0.250869,
          0.553292,
          2.926899
        ],
        [
          -0.606724,
          0.281299,
          -0.743477,
          3.255966
        ],
        [
          0.030875,
          -0.926248,
          -0.375647,
          1.324054
        ],
        [
          0.0,
          0.0,
          0.0,
          1.0
        ]
      ]
    },
    {
      "file_path": "/media/NFS/ttao/scannet/posed_images/scene0085_00/00490.jpg",
      "transform_matrix": [
        [
          -0.789075,
          -0.226916,
          0.57085,
          2.928978
        ],
        [
          -0.614279,
          0.298617,
          -0.730404,
          3.290746
        ],
        [
          -0.004725,
          -0.927004,
          -0.375021,
          1.34717
        ],
        [
          0.0,
          0.0,
          0.0,
          1.0
        ]
      ]
    },
    {
      "file_path": "/media/NFS/ttao/scannet/posed_images/scene0085_00/00497.jpg",
      "transform_matrix": [
        [
          -0.759733,
          -0.214871,
          0.613707,
          2.953864
        ],
        [
          -0.649971,
          0.277863,
          -0.70734,
          3.326159
        ],
        [
          -0.018539,
          -0.936281,
          -0.350762,
          1.355942
        ],
        [
          0.0,
          0.0,
          0.0,
          1.0
        ]
      ]
    },
    {
      "file_path": "/media/NFS/ttao/scannet/posed_images/scene0085_00/00503.jpg",
      "transform_matrix": [
        [
          -0.77274,
          -0.207803,
          0.599742,
          3.014053
        ],
        [
          -0.634722,
          0.253135,
          -0.730103,
          3.337107
        ],
        [
          -9.8e-05,
          -0.944849,
          -0.327505,
          1.353311
        ],
        [
          0.0,
          0.0,
          0.0,
          1.0
        ]
      ]
    },
    {
      "file_path": "/media/NFS/ttao/scannet/posed_images/scene0085_00/00514.jpg",
      "transform_matrix": [
        [
          -0.790861,
          -0.170305,
          0.587822,
          3.15166
        ],
        [
          -0.611967,
          0.229409,
          -0.756881,
          3.311345
        ],
        [
          -0.005951,
          -0.958315,
          -0.285652,
          1.372097
        ],
        [
          0.0,
          0.0,
          0.0,
          1.0
        ]
      ]
    },
    {
      "file_path": "/media/NFS/ttao/scannet/posed_images/scene0085_00/00518.jpg",
      "transform_matrix": [
        [
          -0.790395,
          -0.159453,
          0.591481,
          3.185315
        ],
        [
          -0.612369,
          0.232009,
          -0.755762,
          3.280628
        ],
        [
          -0.016721,
          -0.959555,
          -0.281023,
          1.376215
        ],
        [
          0.0,
          0.0,
          0.0,
          1.0
        ]
      ]
    },
    {
      "file_path": "/media/NFS/ttao/scannet/posed_images/scene0085_00/00527.jpg",
      "transform_matrix": [
        [
          -0.806841,
          -0.145354,
          0.572607,
          3.260429
        ],
        [
          -0.590565,
          0.223844,
          -0.775324,
          3.188136
        ],
        [
          -0.015478,
          -0.963725,
          -0.266448,
          1.396167
        ],
        [
          0.0,
          0.0,
          0.0,
          1.0
        ]
      ]
    },
    {
      "file_path": "/media/NFS/ttao/scannet/posed_images/scene0085_00/00538.jpg",
      "transform_matrix": [
        [
          -0.83576,
          -0.110818,
          0.537796,
          3.357673
        ],
        [
          -0.549069,
          0.159261,
          -0.820463,
          3.094529
        ],
        [
          0.005272,
          -0.980997,
          -0.193951,
          1.43782
        ],
        [
          0.0,
          0.0,
          0.0,
          1.0
        ]
      ]
    },
    {
      "file_path": "/media/NFS/ttao/scannet/posed_images/scene0085_00/00545.jpg",
      "transform_matrix": [
        [
          -0.890862,
          -0.087288,
          0.44581,
          3.455183
        ],
        [
          -0.454225,
          0.156583,
          -0.877018,
          3.07759
        ],
        [
          0.006747,
          -0.9838,
          -0.179143,
          1.442611
        ],
        [
          0.0,
          0.0,
          0.0,
          1.0
        ]
      ]
    },
    {
      "file_path": "/media/NFS/ttao/scannet/posed_images/scene0085_00/00551.jpg",
      "transform_matrix": [
        [
          -0.91616,
          -0.065072,
          0.395494,
          3.551342
        ],
        [
          -0.400712,
          0.170724,
          -0.900157,
          3.083013
        ],
        [
          -0.008946,
          -0.983168,
          -0.182486,
          1.443843
        ],
        [
          0.0,
          0.0,
          0.0,
          1.0
        ]
      ]
    },
    {
      "file_path": "/media/NFS/ttao/scannet/posed_images/scene0085_00/00560.jpg",
      "transform_matrix": [
        [
          -0.906905,
          -0.069024,
          0.415642,
          3.706841
        ],
        [
          -0.42102,
          0.186535,
          -0.887664,
          3.094843
        ],
        [
          -0.016262,
          -0.980021,
          -0.19823,
          1.439393
        ],
        [
          0.0,
          0.0,
          0.0,
          1.0
        ]
      ]
    },
    {
      "file_path": "/media/NFS/ttao/scannet/posed_images/scene0085_00/00562.jpg",
      "transform_matrix": [
        [
          -0.903529,
          -0.07557,
          0.42181,
          3.731853
        ],
        [
          -0.428349,
          0.187577,
          -0.88393,
          3.096071
        ],
        [
