{
  "frames": [
    {
      "file_path": "/media/NFS/ttao/scannet/posed_images/scene0072_01/00000.jpg",
      "transform_matrix": [
        [
          0.079505,
          -0.554182,
          0.82859,
          1.533499
        ],
        [
          -0.9968,
          -0.037248,
          0.070732,
          1.227324
        ],
        [
          -0.008335,
          -0.831562,
          -0.55537,
          1.473514
        ],
        [
          0.0,
          0.0,
          0.0,
          1.0
        ]
      ]
    },
    {
      "file_path": "/media/NFS/ttao/scannet/posed_images/scene0072_01/00004.jpg",
      "transform_matrix": [
        [
          0.05783,
          -0.575956,
          0.815433,
          1.53233
        ],
        [
          -0.998272,
          -0.024811,
          0.053273,
          1.220879
        ],
        [
          -0.010451,
          -0.817104,
          -0.576395,
          1.459845
        ],
        [
          0.0,
          0.0,
          0.0,
          1.0
        ]
      ]
    },
    {
      "file_path": "/media/NFS/ttao/scannet/posed_images/scene0072_01/00010.jpg",
      "transform_matrix": [
        [
          0.052604,
          -0.609593,
          0.790967,
          1.538517
        ],
        [
          -0.998567,
          -0.024284,
          0.047695,
          1.203488
        ],
        [
          -0.009867,
          -0.792343,
          -0.609997,
          1.44555
        ],
        [
          0.0,
          0.0,
          0.0,
          1.0
        ]
      ]
    },
    {
      "file_path": "/media/NFS/ttao/scannet/posed_images/scene0072_01/00015.jpg",
      "transform_matrix": [
        [
          0.055073,
          -0.641279,
          0.765329,
          1.535831
        ],
        [
          -0.998402,
          -0.025625,
          0.050373,
          1.200077
        ],
        [
          -0.012692,
          -0.76688,
          -0.641666,
          1.425174
        ],
        [
          0.0,
          0.0,
          0.0,
          1.0
        ]
      ]
    },
    {
      "file_path": "/media/NFS/ttao/scannet/posed_images/scene0072_01/00019.jpg",
      "transform_matrix": [
        [
          0.059537,
          -0.665295,
          0.744203,
          1.535094
        ],
        [
          -0.997943,
          -0.021913,
          0.060247,
          1.200688
        ],
        [
          -0.023775,
          -0.746259,
          -0.665231,
          1.414915
        ],
        [
          0.0,
          0.0,
          0.0,
          1.0
        ]
      ]
    },
    {
      "file_path": "/media/NFS/ttao/scannet/posed_images/scene0072_01/00023.jpg",
      "transform_matrix": [
        [
          0.058341,
          -0.675401,
          0.73514,
          1.528605
        ],
        [
          -0.998045,
          -0.022935,
          0.058134,
          1.206668
        ],
        [
          -0.022404,
          -0.737094,
          -0.675419,
          1.406379
        ],
        [
          0.0,
          0.0,
          0.0,
          1.0
        ]
      ]
    },
    {
      "file_path": "/media/NFS/ttao/scannet/posed_images/scene0072_01/00024.jpg",
      "transform_matrix": [
        [
          0.058827,
          -0.676072,
          0.734484,
          1.529074
        ],
        [
          -0.998046,
          -0.024287,
          0.057582,
          1.206511
        ],
        [
          -0.021091,
          -0.736435,
          -0.676179,
          1.40694
        ],
        [
          0.0,
          0.0,
          0.0,
          1.0
        ]
      ]
    },
    {
      "file_path": "/media/NFS/ttao/scannet/posed_images/scene0072_01/00029.jpg",
      "transform_matrix": [
        [
          0.062699,
          -0.663199,
          0.745812,
          1.529866
        ],
        [
          -0.997882,
          -0.028674,
          0.058393,
          1.20741
        ],
        [
          -0.017341,
          -0.747894,
          -0.663592,
          1.415898
        ],
        [
          0.0,
          0.0,
          0.0,
          1.0
        ]
      ]
    },
    {
      "file_path": "/media/NFS/ttao/scannet/posed_images/scene0072_01/00033.jpg",
      "transform_matrix": [
        [
          0.071306,
          -0.64209,
          0.763306,
          1.538669
        ],
        [
          -0.997337,
          -0.03416,
          0.064433,
          1.215179
        ],
        [
          -0.015297,
          -0.765868,
          -0.642816,
          1.440899
        ],
        [
          0.0,
          0.0,
          0.0,
          1.0
        ]
      ]
    },
    {
      "file_path": "/media/NFS/ttao/scannet/posed_images/scene0072_01/00037.jpg",
      "transform_matrix": [
        [
          0.092067,
          -0.608815,
          0.787952,
          1.542849
        ],
        [
          -0.995638,
          -0.044236,
          0.082155,
          1.216715
        ],
        [
          -0.015161,
          -0.792078,
          -0.610231,
          1.461384
        ],
        [
          0.0,
          0.0,
          0.0,
          1.0
        ]
      ]
    },
    {
      "file_path": "/media/NFS/ttao/scannet/posed_images/scene0072_01/00044.jpg",
      "transform_matrix": [
        [
          0.11816,
          -0.521092,
          0.845282,
          1.536998
        ],
        [
          -0.992995,
          -0.062242,
          0.100438,
          1.209033
        ],
        [
          0.000274,
          -0.851228,
          -0.524796,
          1.494134
        ],
        [
          0.0,
          0.0,
          0.0,
          1.0
        ]
      ]
    },
    {
      "file_path": "/media/NFS/ttao/scannet/posed_images/scene0072_01/00047.jpg",
      "transform_matrix": [
        [
          0.122143,
          -0.488362,
          0.864051,
          1.534406
        ],
        [
          -0.992461,
          -0.068964,
          0.101316,
          1.2088
        ],
        [
          0.01011,
          -0.869912,
          -0.493103,
          1.509132
        ],
        [
          0.0,
          0.0,
          0.0,
          1.0
        ]
      ]
    },
    {
      "file_path": "/media/NFS/ttao/scannet/posed_images/scene0072_01/00052.jpg",
      "transform_matrix": [
        [
          0.118395,
          -0.442125,
          0.889105,
          1.537571
        ],
        [
          -0.992769,
          -0.070594,
          0.097094,
          1.213434
        ],
        [
          0.019837,
          -0.894171,
          -0.447286,
          1.549941
        ],
        [
          0.0,
          0.0,
          0.0,
          1.0
        ]
      ]
    },
    {
      "file_path": "/media/NFS/ttao/scannet/posed_images/scene0072_01/00054.jpg",
      "transform_matrix": [
        [
          0.113527,
          -0.418739,
          0.900982,
          1.536614
        ],
        [
          -0.993306,
          -0.067306,
          0.093879,
          1.209004
        ],
        [
          0.021331,
          -0.905609,
          -0.423577,
          1.557257
        ],
        [
          0.0,
          0.0,
          0.0,
          1.0
        ]
      ]
    },
    {
      "file_path": "/media/NFS/ttao/scannet/posed_images/scene0072_01/00058.jpg",
      "transform_matrix": [
        [
          0.098244,
          -0.372235,
          0.922925,
          1.534897
        ],
        [
          -0.994703,
          -0.064913,
          0.079704,
          1.204536
        ],
        [
          0.030241,
          -0.925866,
          -0.37664,
          1.578522
        ],
        [
          0.0,
          0.0,
          0.0,
          1.0
        ]
      ]
    },
    {
      "file_path": "/media/NFS/ttao/scannet/posed_images/scene0072_01/00065.jpg",
      "transform_matrix": [
        [
          0.078458,
          -0.290903,
          0.95353,
          1.536269
        ],
        [
          -0.995915,
          -0.065754,
          0.061886,
          1.192662
        ],
        [
          0.044696,
          -0.95449,
          -0.294873,
          1.611048
        ],
        [
          0.0,
          0.0,
          0.0,
          1.0
        ]
      ]
    },
    {
      "file_path": "/media/NFS/ttao/scannet/posed_images/scene0072_01/00070.jpg",
      "transform_matrix": [
        [
          0.068293,
          -0.230247,
          0.970733,
          1.53422
        ],
        [
          -0.996546,
          -0.061827,
          0.055444,
          1.184602
        ],
        [
          0.047252,
          -0.971166,
          -0.233674,
          1.618851
        ],
        [
          0.0,
          0.0,
          0.0,
          1.0
        ]
      ]
    },
    {
      "file_path": "/media/NFS/ttao/scannet/posed_images/scene0072_01/00072.jpg",
      "transform_matrix": [
        [
          0.066261,
          -0.210309,
          0.975387,
          1.534828
        ],
        [
          -0.996472,
          -0.064405,
          0.053806,
          1.182401
        ],
        [
          0.051504,
          -0.975511,
          -0.213834,
          1.635662
        ],
        [
          0.0,
          0.0,
          0.0,
          1.0
        ]
      ]
    },
    {
      "file_path": "/media/NFS/ttao/scannet/posed_images/scene0072_01/00075.jpg",
      "transform_matrix": [
        [
          0.055523,
          -0.177115,
          0.982623,
          1.5286
        ],
        [
          -0.996435,
          -0.072433,
          0.043248,
          1.183877
        ],
        [
          0.063514,
          -0.981521,
          -0.180505,
          1.643493
        ],
        [
          0.0,
          0.0,
          0.0,
          1.0
        ]
      ]
    },
    {
      "file_path": "/media/NFS/ttao/scannet/posed_images/scene0072_01/00082.jpg",
      "transform_matrix": [
        [
          0.035937,
          -0.107555,
          0.993549,
          1.531175
        ],
        [
          -0.996515,
          -0.078739,
          0.027521,
          1.18086
        ],
        [
          0.075272,
          -0.991076,
          -0.110009,
          1.659778
        ],
        [
          0.0,
          0.0,
          0.0,
          1.0
        ]
      ]
    },
    {
      "file_path": "/media/NFS/ttao/scannet/posed_images/scene0072_01/00086.jpg",
      "transform_matrix": [
        [
          0.027189,
          -0.050658,
          0.998346,
          1.522768
        ],
        [
          -0.996737,
          -0.077302,
          0.023222,
          1.17683
        ],
        [
          0.075998,
          -0.99572,
          -0.052594,
          1.662602
        ],
        [
          0.0,
          0.0,
          0.0,
          1.0
        ]
      ]
    },
    {
      "file_path": "/media/NFS/ttao/scannet/posed_images/scene0072_01/00087.jpg",
      "transform_matrix": [
        [
          0.02299,
          -0.038719,
          0.998986,
          1.52055
        ],
        [
          -0.996907,
          -0.076013,
          0.019996,
          1.176078
        ],
        [
          0.075162,
          -0.996355,
          -0.040347,
          1.667587
        ],
        [
          0.0,
          0.0,
          0.0,
          1.0
        ]
      ]
    },
    {
      "file_path": "/media/NFS/ttao/scannet/posed_images/scene0072_01/00095.jpg",
      "transform_matrix": [
        [
          -0.003727,
          0.010619,
          0.999937,
          1.518816
        ],
        [
          -0.996137,
          -0.087772,
          -0.002781,
          1.175238
        ],
        [
          0.087737,
          -0.996084,
          0.010905,
          1.69996
        ],
        [
          0.0,
          0.0,
          0.0,
          1.0
        ]
      ]
    },
    {
      "file_path": "/media/NFS/ttao/scannet/posed_images/scene0072_01/00096.jpg",
      "transform_matrix": [
        [
          -0.005743,
          0.01825,
          0.999817,
          1.518101
        ],
        [
          -0.995948,
          -0.089837,
          -0.004081,
          1.176297
        ],
        [
          0.089746,
          -0.995789,
          0.018692,
          1.701189
        ],
        [
          0.0,
          0.0,
          0.0,
          1.0
        ]
      ]
    },
    {
      "file_path": "/media/NFS/ttao/scannet/posed_images/scene0072_01/00100.jpg",
      "transform_matrix": [
        [
          -0.010369,
          0.048808,
          0.998754,
          1.515
        ],
        [
          -0.995656,
          -0.092924,
          -0.005796,
          1.174919
        ],
        [
          0.092525,
          -0.994476,
          0.049559,
          1.70837
        ],
        [
          0.0,
          0.0,
          0.0,
          1.0
        ]
      ]
    },
    {
      "file_path": "/media/NFS/ttao/scannet/posed_images/scene0072_01/00106.jpg",
      "transform_matrix": [
        [
          -0.011675,
          0.088822,
          0.995979,
          1.507366
        ],
        [
          -0.995565,
          -0.094024,
          -0.003285,
          1.177341
        ],
        [
          0.093354,
          -0.9916,
          0.089525,
          1.718039
        ],
        [
          0.0,
          0.0,
          0.0,
          1.0
        ]
      ]
    },
    {
      "file_path": "/media/NFS/ttao/scannet/posed_images/scene0072_01/00111.jpg",
      "transform_matrix": [
        [
          0.005331,
          0.107667,
          0.994173,
          1.503941
        ],
        [
          -0.995894,
          -0.089275,
          0.015009,
          1.179135
        ],
        [
          0.090371,
          -0.99017,
          0.106749,
          1.719762
        ],
        [
          0.0,
          0.0,
          0.0,
          1.0
        ]
      ]
    },
    {
      "file_path": "/media/NFS/ttao/scannet/posed_images/scene0072_01/00115.jpg",
      "transform_matrix": [
        [
          0.027899,
          0.110957,
          0.993433,
          1.501624
        ],
        [
          -0.995293,
          -0.089191,
          0.037913,
          1.180495
        ],
        [
          0.092812,
          -0.989815,
          0.107947,
          1.718332
        ],
        [
          0.0,
          0.0,
          0.0,
          1.0
        ]
      ]
    },
    {
      "file_path": "/media/NFS/ttao/scannet/posed_images/scene0072_01/00118.jpg",
      "transform_matrix": [
        [
          0.038512,
          0.100216,
          0.99422,
          1.502524
        ],
        [
          -0.994628,
          -0.091829,
          0.047784,
          1.18283
        ],
        [
          0.096087,
          -0.990719,
          0.096141,
          1.71526
        ],
        [
          0.0,
          0.0,
          0.0,
          1.0
        ]
      ]
    },
    {
      "file_path": "/media/NFS/ttao/scannet/posed_images/scene0072_01/00122.jpg",
      "transform_matrix": [
        [
          0.065374,
          0.080286,
          0.994626,
          1.507365
        ],
        [
          -0.992812,
          -0.094914,
          0.072917,
          1.183937
        ],
        [
          0.100258,
          -0.992243,
          0.073504,
          1.707179
        ],
        [
          0.0,
          0.0,
          0.0,
          1.0
        ]
      ]
    },
    {
      "file_path": "/media/NFS/ttao/scannet/posed_images/scene0072_01/00127.jpg",
      "transform_matrix": [
        [
          0.10841,
          0.03267,
          0.993569,
          1.510544
        ],
        [
          -0.988086,
          -0.106291,
          0.111306,
          1.187895
        ],
        [
          0.109244,
          -0.993798,
          0.020758,
          1.692827
        ],
        [
          0.0,
          0.0,
          0.0,
          1.0
        ]
      ]
    },
    {
      "file_path": "/media/NFS/ttao/scannet/posed_images/scene0072_01/00131.jpg",
      "transform_matrix": [
        [
          0.145726,
          -0.018047,
          0.98916,
          1.51709
        ],
        [
          -0.983255,
          -0.113228,
          0.14279,
          1.196565
        ],
        [
          0.109423,
          -0.993405,
          -0.034246,
          1.670941
        ],
        [
          0.0,
          0.0,
          0.0,
          1.0
        ]
      ]
    },
    {
      "file_path": "/media/NFS/ttao/scannet/posed_images/scene0072_01/00134.jpg",
      "transform_matrix": [
        [
          0.172806,
          -0.054833,
          0.983428,
          1.517999
        ],
        [
          -0.978848,
          -0.120579,
          0.165278,
          1.203888
        ],
        [
          0.109518,
          -0.991188,
          -0.07451,
          1.658718
        ],
        [
          0.0,
          0.0,
          0.0,
          1.0
        ]
      ]
    },
    {
      "file_path": "/media/NFS/ttao/scannet/posed_images/scene0072_01/00138.jpg",
      "transform_matrix": [
        [
          0.206475,
          -0.09838,
          0.973493,
          1.521056
        ],
        [
          -0.973057,
          -0.124982,
          0.193752,
          1.212883
        ],
        [
          0.102608,
          -0.987269,
          -0.121535,
          1.635884
        ],
        [
          0.0,
          0.0,
          0.0,
          1.0
        ]
      ]
    },
    {
      "file_path": "/media/NFS/ttao/scannet/posed_images/scene0072_01/00144.jpg",
      "transform_matrix": [
        [
          0.260957,
          -0.160318,
          0.951945,
          1.515781
        ],
        [
          -0.960733,
          -0.139464,
          0.239879,
          1.2074
        ],
        [
          0.094305,
          -0.977163,
          -0.190417,
          1.625185
        ],
        [
          0.0,
          0.0,
          0.0,
          1.0
        ]
      ]
    },
    {
      "file_path": "/media/NFS/ttao/scannet/posed_images/scene0072_01/00147.jpg",
      "transform_matrix": [
        [
          0.278304,
          -0.18438,
          0.94263,
          1.512056
        ],
        [
          -0.956506,
          -0.142535,
          0.254521,
          1.215002
        ],
        [
          0.087429,
          -0.972465,
          -0.216028,
          1.610603
        ],
        [
          0.0,
          0.0,
          0.0,
          1.0
        ]
      ]
    },
    {
      "file_path": "/media/NFS/ttao/scannet/posed_images/scene0072_01/00155.jpg",
      "transform_matrix": [
        [
          0.330707,
          -0.264282,
          0.905974,
          1.508947
        ],
        [
          -0.941099,
          -0.16404,
          0.295676,
          1.217819
        ],
        [
          0.070474,
          -0.950393,
          -0.302964,
          1.582258
        ],
        [
          0.0,
          0.0,
          0.0,
          1.0
        ]
      ]
    },
    {
      "file_path": "/media/NFS/ttao/scannet/posed_images/scene0072_01/00158.jpg",
      "transform_matrix": [
        [
          0.345265,
          -0.292499,
          0.89176,
          1.506019
        ],
        [
          -0.936164,
          -0.174421,
          0.305246,
          1.21501
        ],
        [
          0.066257,
          -0.940224,
          -0.334048,
          1.565868
        ],
        [
          0.0,
          0.0,
          0.0,
          1.0
        ]
      ]
    },
    {
      "file_path": "/media/NFS/ttao/scannet/posed_images/scene0072_01/00160.jpg",
      "transform_matrix": [
        [
          0.352731,
          -0.31634,
          0.88063,
          1.501925
        ],
        [
          -0.933551,
          -0.183085,
          0.308161,
          1.215423
        ],
        [
          0.063747,
          -0.930811,
          -0.359899,
          1.561747
        ],
        [
          0.0,
          0.0,
          0.0,
          1.0
        ]
      ]
    },
    {
      "file_path": "/media/NFS/ttao/scannet/posed_images/scene0072_01/00166.jpg",
      "transform_matrix": [
        [
          0.386823,
          -0.362605,
          0.847871,
          1.491988
        ],
        [
          -0.919655,
          -0.219338,
          0.32577,
          1.213577
        ],
        [
          0.067844,
          -0.905764,
          -0.418316,
          1.530101
        ],
        [
          0.0,
          0.0,
          0.0,
          1.0
        ]
      ]
    },
    {
      "file_path": "/media/NFS/ttao/scannet/posed_images/scene0072_01/00170.jpg",
      "transform_matrix": [
        [
          0.414807,
          -0.399401,
          0.817566,
          1.491731
        ],
        [
          -0.906909,
          -0.254389,
          0.335862,
          1.212731
        ],
        [
          0.073836,
          -0.880775,
          -0.467743,
          1.524193
        ],
        [
          0.0,
          0.0,
          0.0,
          1.0
        ]
      ]
    },
    {
      "file_path": "/media/NFS/ttao/scannet/posed_images/scene0072_01/00175.jpg",
      "transform_matrix": [
        [
          0.456169,
          -0.428498,
          0.779936,
          1.493676
        ],
        [
          -0.887663,
          -0.28111,
          0.364734,
          1.208696
        ],
        [
          0.06296,
          -0.858701,
          -0.508595,
          1.504401
        ],
        [
          0.0,
          0.0,
          0.0,
          1.0
        ]
      ]
    },
    {
      "file_path": "/media/NFS/ttao/scannet/posed_images/scene0072_01/00180.jpg",
      "transform_matrix": [
        [
          0.481792,
          -0.452256,
          0.750561,
          1.502108
        ],
        [
          -0.873323,
          -0.318189,
          0.368867,
          1.222131
        ],
        [
          0.071998,
          -0.833199,
          -0.548266,
          1.502512
        ],
        [
          0.0,
          0.0,
          0.0,
          1.0
        ]
      ]
    },
    {
      "file_path": "/media/NFS/ttao/scannet/posed_images/scene0072_01/00181.jpg",
      "transform_matrix": [
        [
          0.485839,
          -0.455121,
          0.746208,
          1.502535
        ],
        [
          -0.871168,
          -0.321405,
          0.371168,
          1.222334
        ],
        [
          0.070909,
          -0.8304,
          -0.552638,
          1.497799
        ],
        [
          0.0,
          0.0,
          0.0,
          1.0
        ]
      ]
    },
    {
      "file_path": "/media/NFS/ttao/scannet/posed_images/scene0072_01/00186.jpg",
      "transform_matrix": [
        [
          0.515481,
          -0.470223,
          0.716358,
          1.524086
        ],
        [
          -0.855018,
          -0.337638,
          0.393631,
          1.232009
        ],
        [
          0.056775,
          -0.815409,
          -0.576095,
          1.496
        ],
        [
          0.0,
          0.0,
          0.0,
          1.0
        ]
      ]
    },
    {
      "file_path": "/media/NFS/ttao/scannet/posed_images/scene0072_01/00191.jpg",
      "transform_matrix": [
        [
          0.551958,
          -0.475675,
          0.684891,
          1.566542
        ],
        [
          -0.833204,
          -0.34748,
          0.43015,
          1.247134
        ],
        [
          0.033375,
          -0.808079,
          -0.588129,
          1.505448
        ],
        [
          0.0,
          0.0,
          0.0,
          1.0
        ]
      ]
    },
    {
      "file_path": "/media/NFS/ttao/scannet/posed_images/scene0072_01/00195.jpg",
      "transform_matrix": [
        [
          0.564224,
          -0.475484,
          0.674956,
          1.608946
        ],
        [
          -0.825165,
          -0.351959,
          0.441846,
          1.254491
        ],
        [
          0.027466,
          -0.80625,
          -0.590937,
          1.508188
        ],
        [
          0.0,
          0.0,
          0.0,
          1.0
        ]
      ]
    },
    {
      "file_path": "/media/NFS/ttao/scannet/posed_images/scene0072_01/00198.jpg",
      "transform_matrix": [
        [
          0.577159,
          -0.474668,
          0.664514,
          1.647887
        ],
        [
          -0.816253,
          -0.360109,
          0.451721,
          1.253291
        ],
        [
          0.02488,
          -0.803126,
          -0.595289,
          1.509333
        ],
        [
          0.0,
          0.0,
          0.0,
          1.0
        ]
      ]
    },
    {
      "file_path": "/media/NFS/ttao/scannet/posed_images/scene0072_01/00201.jpg",
      "transform_matrix": [
        [
          0.586059,
          -0.478394,
          0.653968,
          1.694308
        ],
        [
          -0.810149,
          -0.359814,
          0.46281,
          1.242692
        ],
        [
          0.013901,
          -0.801045,
          -0.598443,
          1.510294
        ],
        [
          0.0,
          0.0,
          0.0,
          1.0
        ]
      ]
    },
    {
      "file_path": "/media/NFS/ttao/scannet/posed_images/scene0072_01/00209.jpg",
      "transform_matrix": [
        [
          0.582194,
          -0.491738,
          0.64749,
          1.816533
        ],
        [
          -0.813034,
          -0.347119,
          0.467423,
          1.2176
        ],
        [
          -0.005094,
          -0.798563,
          -0.60189,
          1.513526
        ],
        [
          0.0,
          0.0,
          0.0,
          1.0
        ]
      ]
    },
    {
      "file_path": "/media/NFS/ttao/scannet/posed_images/scene0072_01/00213.jpg",
      "transform_matrix": [
        [
          0.56266,
          -0.496416,
          0.661048,
          1.864853
        ],
        [
          -0.826687,
          -0.336442,
          0.450994,
          1.206069
        ],
        [
          -0.001476,
          -0.800236,
          -0.599683,
          1.509781
        ],
        [
          0.0,
          0.0,
          0.0,
          1.0
        ]
      ]
    },
    {
      "file_path": "/media/NFS/ttao/scannet/posed_images/scene0072_01/00215.jpg",
      "transform_matrix": [
        [
          0.55365,
          -0.50819,
          0.659708,
          1.886887
        ],
        [
          -0.832739,
          -0.333958,
          0.441608,
          1.204161
        ],
        [
          -0.004106,
          -0.793861,
          -0.608086,
          1.507408
        ],
        [
          0.0,
          0.0,
          0.0,
          1.0
        ]
      ]
    },
    {
      "file_path": "/media/NFS/ttao/scannet/posed_images/scene0072_01/00220.jpg",
      "transform_matrix": [
        [
          0.52866,
          -0.527203,
          0.665263,
          1.934698
        ],
        [
          -0.848743,
          -0.316835,
          0.423381,
          1.207729
        ],
        [
          -0.012429,
          -0.788462,
          -0.614958,
          1.497591
        ],
        [
          0.0,
          0.0,
          0.0,
          1.0
        ]
      ]
    },
    {
      "file_path": "/media/NFS/ttao/scannet/posed_images/scene0072_01/00224.jpg",
      "transform_matrix": [
        [
          0.514473,
          -0.541384,
          0.664997,
          1.985874
        ],
        [
          -0.857481,
          -0.318819,
          0.403832,
          1.220362
        ],
        [
          -0.006614,
          -0.777983,
          -0.62825,
          1.499399
        ],
        [
          0.0,
          0.0,
          0.0,
          1.0
        ]
      ]
    },
    {
      "file_path": "/media/NFS/ttao/scannet/posed_images/scene0072_01/00231.jpg",
      "transform_matrix": [
        [
          0.499278,
          -0.527647,
          0.687248,
          2.063339
        ],
        [
          -0.866349,
          -0.292378,
          0.404914,
          1.256891
        ],
        [
          -0.012716,
          -0.797561,
          -0.603104,
          1.491333
        ],
        [
          0.0,
          0.0,
          0.0,
          1.0
        ]
      ]
    },
    {
      "file_path": "/media/NFS/ttao/scannet/posed_images/scene0072_01/00233.jpg",
      "transform_matrix": [
        [
          0.501529,
          -0.524932,
          0.687688,
          2.084637
        ],
        [
          -0.865111,
          -0.297717,
          0.403668,
          1.269928
        ],
        [
          -0.007162,
          -0.797378,
          -0.603438,
          1.488273
        ],
        [
          0.0,
          0.0,
          0.0,
          1.0
        ]
      ]
    },
    {
      "file_path": "/media/NFS/ttao/scannet/posed_images/scene0072_01/00238.jpg",
      "transform_matrix": [
        [
          0.503887,
          -0.553567,
          0.66307,
          2.151139
        ],
        [
          -0.863752,
          -0.318095,
          0.390829,
          1.29044
        ],
        [
          -0.005431,
          -0.769662,
          -0.638429,
          1.47673
        ],
        [
          0.0,
          0.0,
          0.0,
          1.0
        ]
      ]
    },
    {
      "file_path": "/media/NFS/ttao/scannet/posed_images/scene0072_01/00239.jpg",
      "transform_matrix": [
        [
          0.511457,
          -0.554077,
          0.656819,
          2.16634
        ],
        [
          -0.859264,
          -0.321919,
          0.397535,
          1.292411
        ],
        [
          -0.008822,
          -0.767702,
          -0.640746,
          1.474776
        ],
        [
          0.0,
          0.0,
          0.0,
          1.0
        ]
      ]
    },
    {
      "file_path": "/media/NFS/ttao/scannet/posed_images/scene0072_01/00247.jpg",
      "transform_matrix": [
        [
          0.600477,
          -0.539312,
          0.590399,
          2.308005
        ],
        [
          -0.799599,
          -0.397256,
          0.450366,
          1.299965
        ],
        [
          -0.008348,
          -0.742516,
          -0.669776,
          1.457025
        ],
        [
          0.0,
          0.0,
          0.0,
          1.0
        ]
      ]
    },
    {
      "file_path": "/media/NFS/ttao/scannet/posed_images/scene0072_01/00248.jpg",
      "transform_matrix": [
        [
          0.617131,
          -0.532561,
          0.579248,
          2.328322
        ],
        [
          -0.786833,
          -0.411502,
          0.459957,
          1.298392
        ],
        [
          -0.006593,
          -0.739625,
          -0.672987,
          1.455916
        ],
        [
          0.0,
          0.0,
          0.0,
          1.0
        ]
      ]
    },
    {
      "file_path": "/media/NFS/ttao/scannet/posed_images/scene0072_01/00256.jpg",
      "transform_matrix": [
        [
          0.773831,
          -0.418491,
          0.475448,
          2.466159
        ],
        [
          -0.632816,
          -0.542817,
          0.552171,
          1.280368
        ],
        [
          0.027002,
          -0.728159,
          -0.684877,
          1.451166
        ],
        [
          0.0,
          0.0,
          0.0,
          1.0
        ]
      ]
    },
    {
      "file_path": "/media/NFS/ttao/scannet/posed_images/scene0072_01/00260.jpg",
      "transform_matrix": [
        [
          0.837011,
          -0.36514,
          0.407536,
          2.536094
        ],
        [
          -0.546778,
          -0.586863,
          0.597181,
          1.272586
        ],
        [
          0.021114,
          -0.722679,
          -0.690862,
          1.452605
        ],
        [
          0.0,
          0.0,
          0.0,
          1.0
        ]
      ]
    },
    {
      "file_path": "/media/NFS/ttao/scannet/posed_images/scene0072_01/00264.jpg",
      "transform_matrix": [
        [
          0.874188,
          -0.327942,
          0.358118,
          2.594478
        ],
        [
          -0.485567,
          -0.597039,
          0.638568,
          1.282477
        ],
        [
          0.004397,
          -0.732119,
          -0.681163,
          1.451237
        ],
        [
          0.0,
          0.0,
          0.0,
          1.0
        ]
      ]
    },
    {
      "file_path": "/media/NFS/ttao/scannet/posed_images/scene0072_01/00269.jpg",
      "transform_matrix": [
        [
          0.914255,
          -0.283251,
          0.289667,
          2.665236
        ],
        [
          -0.404747,
          -0.607083,
          0.683835,
          1.306773
        ],
        [
          -0.017845,
          -0.742442,
          -0.669673,
          1.438791
        ],
        [
          0.0,
          0.0,
          0.0,
          1.0
        ]
      ]
    },
    {
      "file_path": "/media/NFS/ttao/scannet/posed_images/scene0072_01/00271.jpg",
      "transform_matrix": [
        [
          0.924308,
          -0.265178,
          0.274474,
          2.700431
        ],
        [
          -0.381383,
          -0.614993,
          0.690167,
          1.315651
        ],
        [
          -0.014217,
          -0.742606,
          -0.669577,
          1.425612
        ],
        [
          0.0,
          0.0,
          0.0,
          1.0
        ]
      ]
    },
    {
      "file_path": "/media/NFS/ttao/scannet/posed_images/scene0072_01/00274.jpg",
      "transform_matrix": [
        [
          0.937974,
          -0.236611,
          0.253417,
          2.741354
        ],
        [
          -0.346628,
          -0.624454,
          0.699933,
          1.336167
        ],
        [
          -0.007365,
          -0.74436,
          -0.667738,
          1.416604
        ],
        [
          0.0,
          0.0,
          0.0,
          1.0
        ]
      ]
    },
    {
      "file_path": "/media/NFS/ttao/scannet/posed_images/scene0072_01/00279.jpg",
      "transform_matrix": [
        [
          0.96502,
          -0.170608,
          0.199072,
          2.803555
        ],
        [
          -0.262154,
          -0.637978,
          0.724057,
          1.362904
        ],
        [
          0.003473,
          -0.750917,
          -0.660387,
          1.42082
        ],
        [
          0.0,
          0.0,
          0.0,
          1.0
        ]
      ]
    },
    {
      "file_path": "/media/NFS/ttao/scannet/posed_images/scene0072_01/00284.jpg",
      "transform_matrix": [
        [
          0.987522,
          -0.10029,
          0.121417,
          2.853299
        ],
        [
          -0.157397,
          -0.653647,
          0.740251,
          1.376656
        ],
        [
          0.005124,
          -0.750125,
          -0.661276,
          1.425453
        ],
        [
          0.0,
          0.0,
          0.0,
          1.0
        ]
      ]
    },
    {
      "file_path": "/media/NFS/ttao/scannet/posed_images/scene0072_01/00288.jpg",
      "transform_matrix": [
        [
          0.997974,
          -0.052356,
          0.036149,
          2.888367
        ],
        [
          -0.061701,
          -0.65781,
          0.750653,
          1.37685
        ],
        [
          -0.015522,
          -0.751362,
          -0.659708,
          1.425744
        ],
        [
          0.0,
          0.0,
          0.0,
          1.0
        ]
      ]
    },
    {
      "file_path": "/media/NFS/ttao/scannet/posed_images/scene0072_01/00290.jpg",
      "transform_matrix": [
        [
          0.999636,
          -0.022219,
          -0.015325,
          2.906178
        ],
        [
          -0.003085,
          -0.658106,
          0.752919,
          1.370802
        ],
        [
          -0.026815,
          -0.752598,
          -0.657934,
          1.424926
        ],
        [
          0.0,
          0.0,
          0.0,
          1.0
        ]
      ]
    },
    {
      "file_path": "/media/NFS/ttao/scannet/posed_images/scene0072_01/00298.jpg",
      "transform_matrix": [
        [
          0.968362,
          0.166534,
          -0.185856,
          2.97733
        ],
        [
          0.249467,
          -0.665312,
          0.703652,
          1.328944
        ],
        [
          -0.00647,
          -0.727755,
          -0.685807,
          1.413331
        ],
        [
          0.0,
          0.0,
          0.0,
          1.0
        ]
      ]
    },
    {
      "file_path": "/media/NFS/ttao/scannet/posed_images/scene0072_01/00300.jpg",
      "transform_matrix": [
        [
          0.949843,
          0.222295,
          -0.219965,
          2.992951
        ],
        [
          0.312687,
          -0.663552,
          0.679651,
          1.318792
        ],
        [
          0.005125,
          -0.714342,
          -0.699778,
          1.413641
        ],
        [
          0.0,
          0.0,
          0.0,
          1.0
        ]
      ]
    },
    {
      "file_path": "/media/NFS/ttao/scannet/posed_images/scene0072_01/00303.jpg",
      "transform_matrix": [
        [
          0.920841,
          0.278179,
          -0.273255,
          3.013418
        ],
        [
          0.389761,
          -0.635469,
          0.666532,
          1.302878
        ],
        [
          0.011769,
          -0.720274,
          -0.69359,
          1.413662
        ],
        [
          0.0,
          0.0,
          0.0,
          1.0
        ]
      ]
    },
    {
      "file_path": "/media/NFS/ttao/scannet/posed_images/scene0072_01/00310.jpg",
      "transform_matrix": [
        [
          0.838987,
          0.374871,
          -0.394427,
          3.023213
        ],
        [
          0.544085,
          -0.566591,
          0.618827,
          1.279896
        ],
        [
          0.008501,
          -0.733789,
          -0.679324,
          1.415393
        ],
        [
          0.0,
          0.0,
          0.0,
          1.0
        ]
      ]
    },
    {
      "file_path": "/media/NFS/ttao/scannet/posed_images/scene0072_01/00314.jpg",
      "transform_matrix": [
        [
          0.784782,
          0.4176,
          -0.457959,
          3.002936
        ],
        [
          0.619747,
          -0.522267,
          0.585791,
          1.277021
        ],
        [
          0.005449,
          -0.743537,
          -0.668672,
          1.414599
        ],
        [
          0.0,
          0.0,
          0.0,
          1.0
        ]
      ]
    },
    {
      "file_path": "/media/NFS/ttao/scannet/posed_images/scene0072_01/00315.jpg",
      "transform_matrix": [
        [
          0.771532,
          0.423958,
          -0.47434,
          2.996247
        ],
        [
          0.636176,
          -0.50899,
          0.579836,
          1.276935
        ],
        [
          0.004392,
          -0.749125,
          -0.662414,
          1.414506
        ],
        [
          0.0,
          0.0,
          0.0,
          1.0
        ]
      ]
    },
    {
      "file_path": "/media/NFS/ttao/scannet/posed_images/scene0072_01/00321.jpg",
      "transform_matrix": [
        [
          0.697866,
          0.452305,
          -0.55534,
          2.956789
        ],
        [
          0.716191,
          -0.432805,
          0.547495,
          1.276297
        ],
        [
          0.00728,
          -0.779808,
          -0.625977,
          1.405144
        ],
        [
          0.0,
          0.0,
          0.0,
          1.0
        ]
      ]
    },
    {
      "file_path": "/media/NFS/ttao/scannet/posed_images/scene0072_01/00327.jpg",
      "transform_matrix": [
        [
          0.617024,
          0.506957,
          -0.601894,
          2.927389
        ],
        [
          0.786707,
          -0.378586,
          0.487611,
          1.26829
        ],
        [
          0.019329,
          -0.774382,
          -0.632423,
          1.399468
