{
  "frames": [
    {
      "file_path": "/media/NFS/ttao/scannet/posed_images/scene0329_02/00000.jpg",
      "transform_matrix": [
        [
          -0.887224,
          -0.056924,
          -0.457813,
          3.660082
        ],
        [
          0.442895,
          0.172687,
          -0.879786,
          7.04468
        ],
        [
          0.129139,
          -0.983331,
          -0.128001,
          1.739857
        ],
        [
          0.0,
          0.0,
          0.0,
          1.0
        ]
      ]
    },
    {
      "file_path": "/media/NFS/ttao/scannet/posed_images/scene0329_02/00007.jpg",
      "transform_matrix": [
        [
          -0.907379,
          -0.048228,
          -0.417538,
          3.646783
        ],
        [
          0.39619,
          0.233564,
          -0.887965,
          7.059203
        ],
        [
          0.140346,
          -0.971145,
          -0.192823,
          1.699256
        ],
        [
          0.0,
          0.0,
          0.0,
          1.0
        ]
      ]
    },
    {
      "file_path": "/media/NFS/ttao/scannet/posed_images/scene0329_02/00010.jpg",
      "transform_matrix": [
        [
          -0.924348,
          -0.050861,
          -0.378146,
          3.639155
        ],
        [
          0.350856,
          0.276162,
          -0.894782,
          7.059937
        ],
        [
          0.149939,
          -0.959764,
          -0.237425,
          1.706548
        ],
        [
          0.0,
          0.0,
          0.0,
          1.0
        ]
      ]
    },
    {
      "file_path": "/media/NFS/ttao/scannet/posed_images/scene0329_02/00012.jpg",
      "transform_matrix": [
        [
          -0.932198,
          -0.054271,
          -0.357857,
          3.648367
        ],
        [
          0.329253,
          0.283497,
          -0.900679,
          7.072145
        ],
        [
          0.150332,
          -0.957436,
          -0.246407,
          1.679231
        ],
        [
          0.0,
          0.0,
          0.0,
          1.0
        ]
      ]
    },
    {
      "file_path": "/media/NFS/ttao/scannet/posed_images/scene0329_02/00020.jpg",
      "transform_matrix": [
        [
          -0.971135,
          -0.059495,
          -0.230992,
          3.618195
        ],
        [
          0.188842,
          0.399852,
          -0.896916,
          7.099496
        ],
        [
          0.145725,
          -0.914647,
          -0.377075,
          1.662575
        ],
        [
          0.0,
          0.0,
          0.0,
          1.0
        ]
      ]
    },
    {
      "file_path": "/media/NFS/ttao/scannet/posed_images/scene0329_02/00025.jpg",
      "transform_matrix": [
        [
          -0.985319,
          -0.081355,
          -0.150093,
          3.618007
        ],
        [
          0.093683,
          0.47732,
          -0.873722,
          7.110657
        ],
        [
          0.142723,
          -0.874956,
          -0.462691,
          1.654429
        ],
        [
          0.0,
          0.0,
          0.0,
          1.0
        ]
      ]
    },
    {
      "file_path": "/media/NFS/ttao/scannet/posed_images/scene0329_02/00029.jpg",
      "transform_matrix": [
        [
          -0.992605,
          -0.102021,
          -0.065779,
          3.631522
        ],
        [
          0.002554,
          0.524217,
          -0.851581,
          7.133443
        ],
        [
          0.121362,
          -0.845452,
          -0.52008,
          1.647866
        ],
        [
          0.0,
          0.0,
          0.0,
          1.0
        ]
      ]
    },
    {
      "file_path": "/media/NFS/ttao/scannet/posed_images/scene0329_02/00031.jpg",
      "transform_matrix": [
        [
          -0.992373,
          -0.117581,
          -0.03703,
          3.644562
        ],
        [
          -0.031741,
          0.533976,
          -0.844904,
          7.15152
        ],
        [
          0.119117,
          -0.837284,
          -0.533635,
          1.649138
        ],
        [
          0.0,
          0.0,
          0.0,
          1.0
        ]
      ]
    },
    {
      "file_path": "/media/NFS/ttao/scannet/posed_images/scene0329_02/00038.jpg",
      "transform_matrix": [
        [
          -0.983579,
          -0.175221,
          0.043254,
          3.683779
        ],
        [
          -0.12938,
          0.517448,
          -0.845877,
          7.235996
        ],
        [
          0.125833,
          -0.837583,
          -0.531621,
          1.652156
        ],
        [
          0.0,
          0.0,
          0.0,
          1.0
        ]
      ]
    },
    {
      "file_path": "/media/NFS/ttao/scannet/posed_images/scene0329_02/00039.jpg",
      "transform_matrix": [
        [
          -0.982394,
          -0.180601,
          0.047806,
          3.691261
        ],
        [
          -0.135314,
          0.51142,
          -0.848611,
          7.254747
        ],
        [
          0.128811,
          -0.840139,
          -0.526854,
          1.649973
        ],
        [
          0.0,
          0.0,
          0.0,
          1.0
        ]
      ]
    },
    {
      "file_path": "/media/NFS/ttao/scannet/posed_images/scene0329_02/00048.jpg",
      "transform_matrix": [
        [
          -0.968661,
          -0.221693,
          0.112022,
          3.726087
        ],
        [
          -0.216229,
          0.530674,
          -0.81953,
          7.403778
        ],
        [
          0.122237,
          -0.818069,
          -0.561979,
          1.609812
        ],
        [
          0.0,
          0.0,
          0.0,
          1.0
        ]
      ]
    },
    {
      "file_path": "/media/NFS/ttao/scannet/posed_images/scene0329_02/00052.jpg",
      "transform_matrix": [
        [
          -0.954778,
          -0.26061,
          0.143115,
          3.736049
        ],
        [
          -0.270335,
          0.56056,
          -0.782746,
          7.453247
        ],
        [
          0.123767,
          -0.786038,
          -0.605662,
          1.606779
        ],
        [
          0.0,
          0.0,
          0.0,
          1.0
        ]
      ]
    },
    {
      "file_path": "/media/NFS/ttao/scannet/posed_images/scene0329_02/00053.jpg",
      "transform_matrix": [
        [
          -0.950306,
          -0.264765,
          0.163763,
          3.736864
        ],
        [
          -0.289464,
          0.557862,
          -0.777817,
          7.465077
        ],
        [
          0.114581,
          -0.786568,
          -0.60678,
          1.604596
        ],
        [
          0.0,
          0.0,
          0.0,
          1.0
        ]
      ]
    },
    {
      "file_path": "/media/NFS/ttao/scannet/posed_images/scene0329_02/00059.jpg",
      "transform_matrix": [
        [
          -0.918476,
          -0.310933,
          0.244381,
          3.752473
        ],
        [
          -0.382618,
          0.54236,
          -0.747963,
          7.514755
        ],
        [
          0.100024,
          -0.780491,
          -0.617113,
          1.595372
        ],
        [
          0.0,
          0.0,
          0.0,
          1.0
        ]
      ]
    },
    {
      "file_path": "/media/NFS/ttao/scannet/posed_images/scene0329_02/00065.jpg",
      "transform_matrix": [
        [
          -0.876933,
          -0.344563,
          0.335059,
          3.73368
        ],
        [
          -0.47468,
          0.511738,
          -0.716102,
          7.536471
        ],
        [
          0.075279,
          -0.78702,
          -0.612317,
          1.59995
        ],
        [
          0.0,
          0.0,
          0.0,
          1.0
        ]
      ]
    },
    {
      "file_path": "/media/NFS/ttao/scannet/posed_images/scene0329_02/00071.jpg",
      "transform_matrix": [
        [
          -0.874881,
          -0.352408,
          0.332255,
          3.672603
        ],
        [
          -0.476858,
          0.506636,
          -0.71828,
          7.521983
        ],
        [
          0.084795,
          -0.786848,
          -0.611294,
          1.599832
        ],
        [
          0.0,
          0.0,
          0.0,
          1.0
        ]
      ]
    },
    {
      "file_path": "/media/NFS/ttao/scannet/posed_images/scene0329_02/00072.jpg",
      "transform_matrix": [
        [
          -0.871845,
          -0.355102,
          0.337325,
          3.654694
        ],
        [
          -0.482263,
          0.502189,
          -0.717795,
          7.515021
        ],
        [
          0.085489,
          -0.788485,
          -0.609084,
          1.601167
        ],
        [
          0.0,
          0.0,
          0.0,
          1.0
        ]
      ]
    },
    {
      "file_path": "/media/NFS/ttao/scannet/posed_images/scene0329_02/00076.jpg",
      "transform_matrix": [
        [
          -0.856282,
          -0.371049,
          0.35931,
          3.572179
        ],
        [
          -0.507153,
          0.472192,
          -0.720993,
          7.487126
        ],
        [
          0.09786,
          -0.799599,
          -0.592508,
          1.606637
        ],
        [
          0.0,
          0.0,
          0.0,
          1.0
        ]
      ]
    },
    {
      "file_path": "/media/NFS/ttao/scannet/posed_images/scene0329_02/00084.jpg",
      "transform_matrix": [
        [
          -0.846464,
          -0.401866,
          0.34929,
          3.404068
        ],
        [
          -0.515653,
          0.455265,
          -0.725835,
          7.410374
        ],
        [
          0.132669,
          -0.794505,
          -0.592588,
          1.608713
        ],
        [
          0.0,
          0.0,
          0.0,
          1.0
        ]
      ]
    },
    {
      "file_path": "/media/NFS/ttao/scannet/posed_images/scene0329_02/00089.jpg",
      "transform_matrix": [
        [
          -0.844155,
          -0.402257,
          0.354389,
          3.323797
        ],
        [
          -0.522375,
          0.468575,
          -0.712434,
          7.34782
        ],
        [
          0.120524,
          -0.786529,
          -0.605679,
          1.61431
        ],
        [
          0.0,
          0.0,
          0.0,
          1.0
        ]
      ]
    },
    {
      "file_path": "/media/NFS/ttao/scannet/posed_images/scene0329_02/00090.jpg",
      "transform_matrix": [
        [
          -0.845463,
          -0.398824,
          0.35515,
          3.307327
        ],
        [
          -0.521049,
          0.470294,
          -0.712272,
          7.331342
        ],
        [
          0.117046,
          -0.787251,
          -0.605423,
          1.614343
        ],
        [
          0.0,
          0.0,
          0.0,
          1.0
        ]
      ]
    },
    {
      "file_path": "/media/NFS/ttao/scannet/posed_images/scene0329_02/00097.jpg",
      "transform_matrix": [
        [
          -0.837588,
          -0.389342,
          0.383223,
          3.218373
        ],
        [
          -0.537471,
          0.461657,
          -0.70569,
          7.217292
        ],
        [
          0.097837,
          -0.797048,
          -0.595938,
          1.614893
        ],
        [
          0.0,
          0.0,
          0.0,
          1.0
        ]
      ]
    },
    {
      "file_path": "/media/NFS/ttao/scannet/posed_images/scene0329_02/00101.jpg",
      "transform_matrix": [
        [
          -0.821681,
          -0.418274,
          0.387153,
          3.16958
        ],
        [
          -0.554202,
          0.427791,
          -0.714042,
          7.130542
        ],
        [
          0.133044,
          -0.801276,
          -0.583316,
          1.602454
        ],
        [
          0.0,
          0.0,
          0.0,
          1.0
        ]
      ]
    },
    {
      "file_path": "/media/NFS/ttao/scannet/posed_images/scene0329_02/00105.jpg",
      "transform_matrix": [
        [
          -0.8161,
          -0.438191,
          0.376789,
          3.133958
        ],
        [
          -0.555502,
          0.415001,
          -0.72055,
          7.043318
        ],
        [
          0.159371,
          -0.797348,
          -0.582098,
          1.60218
        ],
        [
          0.0,
          0.0,
          0.0,
          1.0
        ]
      ]
    },
    {
      "file_path": "/media/NFS/ttao/scannet/posed_images/scene0329_02/00110.jpg",
      "transform_matrix": [
        [
          -0.813099,
          -0.44458,
          0.375791,
          3.098593
        ],
        [
          -0.559446,
          0.418349,
          -0.715545,
          6.936848
        ],
        [
          0.160905,
          -0.792043,
          -0.588878,
          1.632403
        ],
        [
          0.0,
          0.0,
          0.0,
          1.0
        ]
      ]
    },
    {
      "file_path": "/media/NFS/ttao/scannet/posed_images/scene0329_02/00114.jpg",
      "transform_matrix": [
        [
          -0.830526,
          -0.421818,
          0.363726,
          3.065446
        ],
        [
          -0.53243,
          0.409514,
          -0.740822,
          6.877242
        ],
        [
          0.163541,
          -0.80893,
          -0.5647,
          1.649106
        ],
        [
          0.0,
          0.0,
          0.0,
          1.0
        ]
      ]
    },
    {
      "file_path": "/media/NFS/ttao/scannet/posed_images/scene0329_02/00117.jpg",
      "transform_matrix": [
        [
          -0.852491,
          -0.402171,
          0.333943,
          3.045204
        ],
        [
          -0.496131,
          0.421251,
          -0.759211,
          6.836564
        ],
        [
          0.164659,
          -0.8129,
          -0.558642,
          1.656427
        ],
        [
          0.0,
          0.0,
          0.0,
          1.0
        ]
      ]
    },
    {
      "file_path": "/media/NFS/ttao/scannet/posed_images/scene0329_02/00121.jpg",
      "transform_matrix": [
        [
          -0.882562,
          -0.352363,
          0.311327,
          2.979498
        ],
        [
          -0.450172,
          0.442053,
          -0.775844,
          6.755299
        ],
        [
          0.135756,
          -0.824881,
          -0.548763,
          1.655344
        ],
        [
          0.0,
          0.0,
          0.0,
          1.0
        ]
      ]
    },
    {
      "file_path": "/media/NFS/ttao/scannet/posed_images/scene0329_02/00129.jpg",
      "transform_matrix": [
        [
          -0.920453,
          -0.305726,
          0.243512,
          2.878911
        ],
        [
          -0.36439,
          0.445879,
          -0.817565,
          6.594437
        ],
        [
          0.141374,
          -0.841263,
          -0.521814,
          1.671183
        ],
        [
          0.0,
          0.0,
          0.0,
          1.0
        ]
      ]
    },
    {
      "file_path": "/media/NFS/ttao/scannet/posed_images/scene0329_02/00131.jpg",
      "transform_matrix": [
        [
          -0.921708,
          -0.31853,
          0.221342,
          2.871757
        ],
        [
          -0.355773,
          0.466912,
          -0.809579,
          6.564836
        ],
        [
          0.154528,
          -0.824944,
          -0.543681,
          1.672945
        ],
        [
          0.0,
          0.0,
          0.0,
          1.0
        ]
      ]
    },
    {
      "file_path": "/media/NFS/ttao/scannet/posed_images/scene0329_02/00135.jpg",
      "transform_matrix": [
        [
          -0.921877,
          -0.320932,
          0.217131,
          2.845017
        ],
        [
          -0.355064,
          0.475281,
          -0.805008,
          6.492632
        ],
        [
          0.155154,
          -0.819213,
          -0.552102,
          1.693934
        ],
        [
          0.0,
          0.0,
          0.0,
          1.0
        ]
      ]
    },
    {
      "file_path": "/media/NFS/ttao/scannet/posed_images/scene0329_02/00143.jpg",
      "transform_matrix": [
        [
          -0.934041,
          -0.320557,
          0.157512,
          2.818063
        ],
        [
          -0.298553,
          0.458673,
          -0.83695,
          6.356468
        ],
        [
          0.196044,
          -0.828772,
          -0.524123,
          1.7109
        ],
        [
          0.0,
          0.0,
          0.0,
          1.0
        ]
      ]
    },
    {
      "file_path": "/media/NFS/ttao/scannet/posed_images/scene0329_02/00147.jpg",
      "transform_matrix": [
        [
          -0.94414,
          -0.31067,
          0.109923,
          2.8176
        ],
        [
          -0.246814,
          0.445597,
          -0.860538,
          6.279969
        ],
        [
          0.218362,
          -0.839599,
          -0.497384,
          1.720121
        ],
        [
          0.0,
          0.0,
          0.0,
          1.0
        ]
      ]
    },
    {
      "file_path": "/media/NFS/ttao/scannet/posed_images/scene0329_02/00151.jpg",
      "transform_matrix": [
        [
          -0.950894,
          -0.303562,
          0.060419,
          2.833702
        ],
        [
          -0.191335,
          0.423073,
          -0.885664,
          6.197793
        ],
        [
          0.243292,
          -0.853733,
          -0.46038,
          1.727727
        ],
        [
          0.0,
          0.0,
          0.0,
          1.0
        ]
      ]
    },
    {
      "file_path": "/media/NFS/ttao/scannet/posed_images/scene0329_02/00157.jpg",
      "transform_matrix": [
        [
          -0.956435,
          -0.291702,
          -0.011928,
          2.8555
        ],
        [
          -0.102767,
          0.374632,
          -0.921461,
          6.07405
        ],
        [
          0.27326,
          -0.880091,
          -0.388289,
          1.729942
        ],
        [
          0.0,
          0.0,
          0.0,
          1.0
        ]
      ]
    },
    {
      "file_path": "/media/NFS/ttao/scannet/posed_images/scene0329_02/00161.jpg",
      "transform_matrix": [
        [
          -0.956962,
          -0.285695,
          -0.051009,
          2.877185
        ],
        [
          -0.051623,
          0.340536,
          -0.938814,
          5.990637
        ],
        [
          0.285584,
          -0.895776,
          -0.340628,
          1.760194
        ],
        [
          0.0,
          0.0,
          0.0,
          1.0
        ]
      ]
    },
    {
      "file_path": "/media/NFS/ttao/scannet/posed_images/scene0329_02/00165.jpg",
      "transform_matrix": [
        [
          -0.956421,
          -0.286434,
          -0.056687,
          2.899395
        ],
        [
          -0.036739,
          0.310647,
          -0.949815,
          5.923301
        ],
        [
          0.289669,
          -0.906341,
          -0.307633,
          1.783158
        ],
        [
          0.0,
          0.0,
          0.0,
          1.0
        ]
      ]
    },
    {
      "file_path": "/media/NFS/ttao/scannet/posed_images/scene0329_02/00170.jpg",
      "transform_matrix": [
        [
          -0.957859,
          -0.286488,
          -0.020731,
          2.937917
        ],
        [
          -0.059947,
          0.269969,
          -0.961001,
          5.852415
        ],
        [
          0.280912,
          -0.919261,
          -0.275767,
          1.791506
        ],
        [
          0.0,
          0.0,
          0.0,
          1.0
        ]
      ]
    },
    {
      "file_path": "/media/NFS/ttao/scannet/posed_images/scene0329_02/00172.jpg",
      "transform_matrix": [
        [
          -0.954278,
          -0.298848,
          -0.006585,
          2.95315
        ],
        [
          -0.078521,
          0.271865,
          -0.959127,
          5.818133
        ],
        [
          0.288423,
          -0.914757,
          -0.282901,
          1.802176
        ],
        [
          0.0,
          0.0,
          0.0,
          1.0
        ]
      ]
    },
    {
      "file_path": "/media/NFS/ttao/scannet/posed_images/scene0329_02/00176.jpg",
      "transform_matrix": [
        [
          -0.950233,
          -0.30805,
          0.046514,
          2.993494
        ],
        [
          -0.127151,
          0.247173,
          -0.960593,
          5.73666
        ],
        [
          0.284413,
          -0.918701,
          -0.274041,
          1.818512
        ],
        [
          0.0,
          0.0,
          0.0,
          1.0
        ]
      ]
    },
    {
      "file_path": "/media/NFS/ttao/scannet/posed_images/scene0329_02/00181.jpg",
      "transform_matrix": [
        [
          -0.942609,
          -0.306874,
          0.131594,
          3.030068
        ],
        [
          -0.196095,
          0.189789,
          -0.962043,
          5.63955
        ],
        [
          0.270251,
          -0.932635,
          -0.239073,
          1.792374
        ],
        [
          0.0,
          0.0,
          0.0,
          1.0
        ]
      ]
    },
    {
      "file_path": "/media/NFS/ttao/scannet/posed_images/scene0329_02/00185.jpg",
      "transform_matrix": [
        [
          -0.92942,
          -0.314648,
          0.192809,
          3.065626
        ],
        [
          -0.264759,
          0.204599,
          -0.94236,
          5.56131
        ],
        [
          0.257063,
          -0.926896,
          -0.273464,
          1.809338
        ],
        [
          0.0,
          0.0,
          0.0,
          1.0
        ]
      ]
    },
    {
      "file_path": "/media/NFS/ttao/scannet/posed_images/scene0329_02/00192.jpg",
      "transform_matrix": [
        [
          -0.910281,
          -0.337119,
          0.240291,
          3.215912
        ],
        [
          -0.320637,
          0.206941,
          -0.92432,
          5.464034
        ],
        [
          0.26188,
          -0.918437,
          -0.296467,
          1.778148
        ],
        [
          0.0,
          0.0,
          0.0,
          1.0
        ]
      ]
    },
    {
      "file_path": "/media/NFS/ttao/scannet/posed_images/scene0329_02/00197.jpg",
      "transform_matrix": [
        [
          -0.888764,
          -0.349941,
          0.296041,
          3.262294
        ],
        [
          -0.376051,
          0.187395,
          -0.907452,
          5.38938
        ],
        [
          0.262078,
          -0.917837,
          -0.298146,
          1.773033
        ],
        [
          0.0,
          0.0,
          0.0,
          1.0
        ]
      ]
    },
    {
      "file_path": "/media/NFS/ttao/scannet/posed_images/scene0329_02/00202.jpg",
      "transform_matrix": [
        [
          -0.887805,
          -0.354578,
          0.293389,
          3.33948
        ],
        [
          -0.369262,
          0.168341,
          -0.913951,
          5.319655
        ],
        [
          0.274677,
          -0.919748,
          -0.280386,
          1.748372
        ],
        [
          0.0,
          0.0,
          0.0,
          1.0
        ]
      ]
    },
    {
      "file_path": "/media/NFS/ttao/scannet/posed_images/scene0329_02/00203.jpg",
      "transform_matrix": [
        [
          -0.889148,
          -0.349725,
          0.295143,
          3.350819
        ],
        [
          -0.369721,
          0.168925,
          -0.913658,
          5.30924
        ],
        [
          0.269671,
          -0.921497,
          -0.2795,
          1.742057
        ],
        [
          0.0,
          0.0,
          0.0,
          1.0
        ]
      ]
    },
    {
      "file_path": "/media/NFS/ttao/scannet/posed_images/scene0329_02/00210.jpg",
      "transform_matrix": [
        [
          -0.878735,
          -0.328043,
          0.346718,
          3.513805
        ],
        [
          -0.423789,
          0.201996,
          -0.88295,
          5.2486
        ],
        [
          0.21961,
          -0.922814,
          -0.316522,
          1.680157
        ],
        [
          0.0,
          0.0,
          0.0,
          1.0
        ]
      ]
    },
    {
      "file_path": "/media/NFS/ttao/scannet/posed_images/scene0329_02/00214.jpg",
      "transform_matrix": [
        [
          -0.856704,
          -0.311628,
          0.41103,
          3.54565
        ],
        [
          -0.479798,
          0.188934,
          -0.856795,
          5.179103
        ],
        [
          0.189344,
          -0.931232,
          -0.311379,
          1.67315
        ],
        [
          0.0,
          0.0,
          0.0,
          1.0
        ]
      ]
    },
    {
      "file_path": "/media/NFS/ttao/scannet/posed_images/scene0329_02/00221.jpg",
      "transform_matrix": [
        [
          -0.781597,
          -0.335534,
          0.525855,
          3.561777
        ],
        [
          -0.599577,
          0.171539,
          -0.781718,
          5.057885
        ],
        [
          0.172088,
          -0.926278,
          -0.335252,
          1.662164
        ],
        [
          0.0,
          0.0,
          0.0,
          1.0
        ]
      ]
    },
    {
      "file_path": "/media/NFS/ttao/scannet/posed_images/scene0329_02/00223.jpg",
      "transform_matrix": [
        [
          -0.76336,
          -0.346452,
          0.545208,
          3.577119
        ],
        [
          -0.622353,
          0.168296,
          -0.76443,
          5.02454
        ],
        [
          0.173082,
          -0.922847,
          -0.344086,
          1.675328
        ],
        [
          0.0,
          0.0,
          0.0,
          1.0
        ]
      ]
    },
    {
      "file_path": "/media/NFS/ttao/scannet/posed_images/scene0329_02/00229.jpg",
      "transform_matrix": [
        [
          -0.699537,
          -0.357748,
          0.618599,
          3.620148
        ],
        [
          -0.696632,
          0.148522,
          -0.701887,
          4.878479
        ],
        [
          0.159223,
          -0.921932,
          -0.353115,
          1.692047
        ],
        [
          0.0,
          0.0,
          0.0,
          1.0
        ]
      ]
    },
    {
      "file_path": "/media/NFS/ttao/scannet/posed_images/scene0329_02/00232.jpg",
      "transform_matrix": [
        [
          -0.675893,
          -0.361118,
          0.642466,
          3.669446
        ],
        [
          -0.721972,
          0.149283,
          -0.675626,
          4.833969
        ],
        [
          0.148071,
          -0.920494,
          -0.361616,
          1.724671
        ],
        [
          0.0,
          0.0,
          0.0,
          1.0
        ]
      ]
    },
    {
      "file_path": "/media/NFS/ttao/scannet/posed_images/scene0329_02/00236.jpg",
      "transform_matrix": [
        [
          -0.629579,
          -0.325015,
          0.705688,
          3.712528
        ],
        [
          -0.767415,
          0.11838,
          -0.630127,
          4.74503
        ],
        [
          0.121262,
          -0.938271,
          -0.323951,
          1.759278
        ],
        [
          0.0,
          0.0,
          0.0,
          1.0
        ]
      ]
    },
    {
      "file_path": "/media/NFS/ttao/scannet/posed_images/scene0329_02/00241.jpg",
      "transform_matrix": [
        [
          -0.597586,
          -0.317135,
          0.736422,
          3.773371
        ],
        [
          -0.789648,
          0.073448,
          -0.609148,
          4.669247
        ],
        [
          0.139093,
          -0.945532,
          -0.294316,
          1.780454
        ],
        [
          0.0,
          0.0,
          0.0,
          1.0
        ]
      ]
    },
    {
      "file_path": "/media/NFS/ttao/scannet/posed_images/scene0329_02/00245.jpg",
      "transform_matrix": [
        [
          -0.620018,
          -0.302336,
          0.723996,
          3.839719
        ],
        [
          -0.77087,
          0.062942,
          -0.633876,
          4.657575
        ],
        [
          0.146074,
          -0.951121,
          -0.272086,
          1.784774
        ],
        [
          0.0,
          0.0,
          0.0,
          1.0
        ]
      ]
    },
    {
      "file_path": "/media/NFS/ttao/scannet/posed_images/scene0329_02/00251.jpg",
      "transform_matrix": [
        [
          -0.682615,
          -0.283276,
          0.673641,
          3.944486
        ],
        [
          -0.709805,
          0.03775,
          -0.703386,
          4.602032
        ],
        [
          0.173822,
          -0.958295,
          -0.226839,
          1.727663
        ],
        [
          0.0,
          0.0,
          0.0,
          1.0
        ]
      ]
    },
    {
      "file_path": "/media/NFS/ttao/scannet/posed_images/scene0329_02/00256.jpg",
      "transform_matrix": [
        [
          -0.743755,
          -0.283108,
          0.605539,
          4.056306
        ],
        [
          -0.640328,
          0.041748,
          -0.766966,
          4.563034
        ],
        [
          0.191855,
          -0.958179,
          -0.212333,
          1.717385
        ],
        [
          0.0,
          0.0,
          0.0,
          1.0
        ]
      ]
    },
    {
      "file_path": "/media/NFS/ttao/scannet/posed_images/scene0329_02/00257.jpg",
      "transform_matrix": [
        [
          -0.750929,
          -0.282081,
          0.597107,
          4.075437
        ],
        [
          -0.632431,
          0.046902,
          -0.773196,
          4.550642
        ],
        [
          0.190099,
          -0.958244,
          -0.213616,
          1.721554
        ],
        [
          0.0,
          0.0,
          0.0,
          1.0
        ]
      ]
    },
    {
      "file_path": "/media/NFS/ttao/scannet/posed_images/scene0329_02/00266.jpg",
      "transform_matrix": [
        [
          -0.797807,
          -0.252707,
          0.547397,
          4.215152
        ],
        [
          -0.568901,
          0.014895,
          -0.822271,
          4.471014
        ],
        [
          0.19964,
          -0.967428,
          -0.155649,
          1.752921
        ],
        [
          0.0,
          0.0,
          0.0,
          1.0
        ]
      ]
    },
    {
      "file_path": "/media/NFS/ttao/scannet/posed_images/scene0329_02/00267.jpg",
      "transform_matrix": [
        [
          -0.798333,
          -0.258647,
          0.543844,
          4.23034
        ],
        [
          -0.565133,
          0.00976,
          -0.824942,
          4.463382
        ],
        [
          0.208061,
          -0.965923,
          -0.153962,
          1.753911
        ],
        [
          0.0,
          0.0,
          0.0,
          1.0
        ]
      ]
    },
    {
      "file_path": "/media/NFS/ttao/scannet/posed_images/scene0329_02/00272.jpg",
      "transform_matrix": [
        [
          -0.77247,
          -0.235303,
          0.58985,
          4.265437
        ],
        [
          -0.602446,
          -0.022272,
          -0.797849,
          4.416925
        ],
        [
          0.200873,
          -0.971667,
          -0.124553,
          1.75299
        ],
        [
          0.0,
          0.0,
          0.0,
          1.0
        ]
      ]
    },
    {
      "file_path": "/media/NFS/ttao/scannet/posed_images/scene0329_02/00279.jpg",
      "transform_matrix": [
        [
          -0.687098,
          -0.245325,
          0.683895,
          4.312612
        ],
        [
          -0.702458,
          -0.016151,
          -0.711542,
          4.328738
        ],
        [
          0.185604,
          -0.969307,
          -0.161233,
          1.757153
        ],
        [
          0.0,
          0.0,
          0.0,
          1.0
        ]
      ]
    },
    {
      "file_path": "/media/NFS/ttao/scannet/posed_images/scene0329_02/00283.jpg",
      "transform_matrix": [
        [
          -0.635736,
          -0.226695,
          0.737868,
          4.343022
        ],
        [
          -0.754856,
          -0.017224,
          -0.655665,
          4.279022
        ],
        [
          0.161345,
          -0.973814,
          -0.160172,
          1.764219
        ],
        [
          0.0,
          0.0,
          0.0,
          1.0
        ]
      ]
    },
    {
      "file_path": "/media/NFS/ttao/scannet/posed_images/scene0329_02/00286.jpg",
      "transform_matrix": [
        [
          -0.638454,
          -0.231177,
          0.734121,
          4.366515
        ],
        [
          -0.753213,
          -0.008461,
          -0.657723,
          4.238068
        ],
        [
          0.158262,
          -0.972875,
          -0.168724,
          1.764866
        ],
        [
          0.0,
          0.0,
          0.0,
          1.0
        ]
      ]
    },
    {
      "file_path": "/media/NFS/ttao/scannet/posed_images/scene0329_02/00291.jpg",
      "transform_matrix": [
        [
          -0.64451,
          -0.213169,
          0.734279,
          4.401073
        ],
        [
          -0.749569,
          -0.013304,
          -0.661793,
          4.178913
        ],
        [
          0.150843,
          -0.976925,
          -0.15121,
          1.783714
        ],
        [
          0.0,
          0.0,
          0.0,
          1.0
        ]
      ]
    },
    {
      "file_path": "/media/NFS/ttao/scannet/posed_images/scene0329_02/00296.jpg",
      "transform_matrix": [
        [
          -0.704908,
          -0.227727,
          0.671748,
          4.435157
        ],
        [
          -0.689003,
          -0.00509,
          -0.724741,
          4.127472
        ],
        [
          0.168462,
          -0.973712,
          -0.153317,
          1.776303
        ],
        [
          0.0,
          0.0,
          0.0,
          1.0
        ]
      ]
    },
    {
      "file_path": "/media/NFS/ttao/scannet/posed_images/scene0329_02/00298.jpg",
      "transform_matrix": [
        [
          -0.741048,
          -0.226612,
          0.632057,
          4.451806
        ],
        [
          -0.648432,
          -0.002849,
          -0.761268,
          4.111203
        ],
        [
          0.174313,
          -0.973981,
          -0.144831,
          1.773401
        ],
        [
          0.0,
          0.0,
          0.0,
          1.0
        ]
      ]
    },
    {
      "file_path": "/media/NFS/ttao/scannet/posed_images/scene0329_02/00304.jpg",
      "transform_matrix": [
        [
          -0.850308,
          -0.213312,
          0.481118,
          4.497838
        ],
        [
          -0.499334,
          0.038197,
          -0.865567,
          4.045928
        ],
        [
          0.166259,
          -0.976237,
          -0.138994,
          1.775543
        ],
        [
          0.0,
          0.0,
          0.0,
          1.0
        ]
      ]
    },
    {
      "file_path": "/media/NFS/ttao/scannet/posed_images/scene0329_02/00311.jpg",
      "transform_matrix": [
        [
          -0.940072,
          -0.188874,
          0.283885,
          4.552681
        ],
        [
          -0.301084,
          0.069037,
          -0.951095,
          3.97986
        ],
        [
          0.160039,
          -0.979572,
          -0.121767,
          1.787259
        ],
        [
          0.0,
          0.0,
          0.0,
          1.0
        ]
      ]
    },
    {
      "file_path": "/media/NFS/ttao/scannet/posed_images/scene0329_02/00312.jpg",
      "transform_matrix": [
        [
          -0.947233,
          -0.182067,
          0.26382,
          4.55808
        ],
        [
          -0.27978,
          0.067929,
          -0.957658,
          3.973702
        ],
        [
          0.156437,
          -0.980937,
          -0.115283,
          1.781132
        ],
        [
          0.0,
          0.0,
          0.0,
          1.0
        ]
      ]
    },
    {
      "file_path": "/media/NFS/ttao/scannet/posed_images/scene0329_02/00319.jpg",
      "transform_matrix": [
        [
          -0.980243,
          -0.155871,
          0.121768,
          4.588509
        ],
        [
          -0.136194,
          0.085452,
          -0.98699,
          3.927914
        ],
        [
          0.143438,
          -0.984074,
          -0.104992,
          1.78506
        ],
        [
          0.0,
          0.0,
          0.0,
          1.0
        ]
      ]
    },
    {
      "file_path": "/media/NFS/ttao/scannet/posed_images/scene0329_02/00321.jpg",
      "transform_matrix": [
        [
          -0.984192,
          -0.15588,
          0.084062,
          4.606725
        ],
        [
          -0.099205,
          0.092046,
          -0.990801,
          3.917272
        ],
        [
          0.146708,
          -0.983478,
          -0.106055,
          1.77912
        ],
        [
          0.0,
          0.0,
          0.0,
          1.0
        ]
      ]
    },
    {
      "file_path": "/media/NFS/ttao/scannet/posed_images/scene0329_02/00330.jpg",
      "transform_matrix": [
        [
          -0.990782,
          -0.13518,
          0.008788,
          4.6304
        ],
        [
          -0.029301,
          0.15052,
          -0.988173,
          3.878914
        ],
        [
          0.132259,
          -0.979321,
          -0.153093,
          1.756131
        ],
        [
          0.0,
          0.0,
          0.0,
          1.0
        ]
      ]
    },
    {
      "file_path": "/media/NFS/ttao/scannet/posed_images/scene0329_02/00331.jpg",
      "transform_matrix": [
        [
          -0.99102,
          -0.133101,
          0.012765,
          4.630865
        ],
        [
          -0.033382,
          0.153843,
          -0.987531,
          3.878441
        ],
        [
          0.129478,
          -0.97909,
          -0.156905,
          1.749515
        ],
        [
          0.0,
          0.0,
          0.0,
          1.0
        ]
      ]
    },
    {
      "file_path": "/media/NFS/ttao/scannet/posed_images/scene0329_02/00335.jpg",
      "transform_matrix": [
        [
          -0.989338,
          -0.129688,
          0.066268,
          4.623196
        ],
        [
          -0.086173,
          0.15446,
          -0.984234,
          3.871497
        ],
        [
          0.117408,
          -0.979451,
          -0.163989,
          1.721752
        ],
        [
          0.0,
          0.0,
          0.0,
          1.0
        ]
      ]
    },
    {
      "file_path": "/media/NFS/ttao/scannet/posed_images/scene0329_02/00339.jpg",
      "transform_matrix": [
        [
          -0.979985,
          -0.142425,
          0.139086,
          4.621625
        ],
        [
          -0.16167,
          0.161724,
          -0.973503,
          3.875826
        ],
        [
          0.116157,
          -0.976504,
          -0.181513,
          1.72594
        ],
        [
          0.0,
          0.0,
          0.0,
          1.0
        ]
      ]
    },
    {
      "file_path": "/media/NFS/ttao/scannet/posed_images/scene0329_02/00345.jpg",
      "transform_matrix": [
        [
          -0.942825,
          -0.166771,
          0.288561,
          4.620136
        ],
        [
          -0.313683,
          0.15146,
          -0.93737,
          3.894691
        ],
        [
          0.112621,
          -0.974293,
          -0.195114,
          1.734859
        ],
        [
          0.0,
          0.0,
          0.0,
          1.0
        ]
      ]
    },
    {
      "file_path": "/media/NFS/ttao/scannet/posed_images/scene0329_02/00351.jpg",
      "transform_matrix": [
        [
          -0.870882,
          -0.193109,
          0.451965,
          4.610262
        ],
        [
          -0.478812,
          0.125821,
          -0.868855,
          3.924729
        ],
        [
