{
  "frames": [
    {
      "file_path": "/media/NFS/ttao/scannet/posed_images/scene0395_02/00004.jpg",
      "transform_matrix": [
        [
          -0.034566,
          0.450921,
          -0.891895,
          5.456942
        ],
        [
          0.998592,
          -0.020357,
          -0.048993,
          3.35396
        ],
        [
          -0.040249,
          -0.892332,
          -0.449582,
          1.443179
        ],
        [
          0.0,
          0.0,
          0.0,
          1.0
        ]
      ]
    },
    {
      "file_path": "/media/NFS/ttao/scannet/posed_images/scene0395_02/00006.jpg",
      "transform_matrix": [
        [
          -0.02801,
          0.451333,
          -0.891916,
          5.452944
        ],
        [
          0.998745,
          -0.024428,
          -0.043726,
          3.35639
        ],
        [
          -0.041523,
          -0.892021,
          -0.450082,
          1.443289
        ],
        [
          0.0,
          0.0,
          0.0,
          1.0
        ]
      ]
    },
    {
      "file_path": "/media/NFS/ttao/scannet/posed_images/scene0395_02/00016.jpg",
      "transform_matrix": [
        [
          0.056323,
          0.435667,
          -0.898344,
          5.428843
        ],
        [
          0.997774,
          -0.05673,
          0.035045,
          3.336929
        ],
        [
          -0.035695,
          -0.898318,
          -0.437893,
          1.459266
        ],
        [
          0.0,
          0.0,
          0.0,
          1.0
        ]
      ]
    },
    {
      "file_path": "/media/NFS/ttao/scannet/posed_images/scene0395_02/00018.jpg",
      "transform_matrix": [
        [
          0.070886,
          0.427198,
          -0.901375,
          5.424932
        ],
        [
          0.996799,
          -0.063835,
          0.048136,
          3.340917
        ],
        [
          -0.036976,
          -0.901902,
          -0.430355,
          1.465212
        ],
        [
          0.0,
          0.0,
          0.0,
          1.0
        ]
      ]
    },
    {
      "file_path": "/media/NFS/ttao/scannet/posed_images/scene0395_02/00029.jpg",
      "transform_matrix": [
        [
          0.112379,
          0.335609,
          -0.935274,
          5.430933
        ],
        [
          0.99314,
          -0.068549,
          0.094735,
          3.354182
        ],
        [
          -0.032318,
          -0.939504,
          -0.34101,
          1.50957
        ],
        [
          0.0,
          0.0,
          0.0,
          1.0
        ]
      ]
    },
    {
      "file_path": "/media/NFS/ttao/scannet/posed_images/scene0395_02/00033.jpg",
      "transform_matrix": [
        [
          0.11299,
          0.308474,
          -0.944498,
          5.430934
        ],
        [
          0.993043,
          -0.066761,
          0.096994,
          3.351237
        ],
        [
          -0.033135,
          -0.948887,
          -0.313871,
          1.529736
        ],
        [
          0.0,
          0.0,
          0.0,
          1.0
        ]
      ]
    },
    {
      "file_path": "/media/NFS/ttao/scannet/posed_images/scene0395_02/00043.jpg",
      "transform_matrix": [
        [
          0.09709,
          0.230356,
          -0.968251,
          5.438661
        ],
        [
          0.994984,
          -0.046011,
          0.088825,
          3.345489
        ],
        [
          -0.024089,
          -0.972018,
          -0.233668,
          1.580989
        ],
        [
          0.0,
          0.0,
          0.0,
          1.0
        ]
      ]
    },
    {
      "file_path": "/media/NFS/ttao/scannet/posed_images/scene0395_02/00047.jpg",
      "transform_matrix": [
        [
          0.089085,
          0.188748,
          -0.977977,
          5.440717
        ],
        [
          0.99571,
          -0.041551,
          0.082681,
          3.342706
        ],
        [
          -0.02503,
          -0.981146,
          -0.191639,
          1.60964
        ],
        [
          0.0,
          0.0,
          0.0,
          1.0
        ]
      ]
    },
    {
      "file_path": "/media/NFS/ttao/scannet/posed_images/scene0395_02/00053.jpg",
      "transform_matrix": [
        [
          0.065394,
          0.145894,
          -0.987137,
          5.43831
        ],
        [
          0.997508,
          -0.03581,
          0.060788,
          3.355226
        ],
        [
          -0.026481,
          -0.988652,
          -0.147872,
          1.648572
        ],
        [
          0.0,
          0.0,
          0.0,
          1.0
        ]
      ]
    },
    {
      "file_path": "/media/NFS/ttao/scannet/posed_images/scene0395_02/00057.jpg",
      "transform_matrix": [
        [
          0.051705,
          0.122668,
          -0.9911,
          5.43959
        ],
        [
          0.998312,
          -0.032656,
          0.04804,
          3.352715
        ],
        [
          -0.026472,
          -0.99191,
          -0.12415,
          1.665011
        ],
        [
          0.0,
          0.0,
          0.0,
          1.0
        ]
      ]
    },
    {
      "file_path": "/media/NFS/ttao/scannet/posed_images/scene0395_02/00066.jpg",
      "transform_matrix": [
        [
          0.010862,
          0.052985,
          -0.998536,
          5.432553
        ],
        [
          0.999488,
          -0.030636,
          0.009246,
          3.314661
        ],
        [
          -0.030101,
          -0.998125,
          -0.05329,
          1.685535
        ],
        [
          0.0,
          0.0,
          0.0,
          1.0
        ]
      ]
    },
    {
      "file_path": "/media/NFS/ttao/scannet/posed_images/scene0395_02/00070.jpg",
      "transform_matrix": [
        [
          -0.022922,
          0.007436,
          -0.99971,
          5.43416
        ],
        [
          0.999597,
          -0.01659,
          -0.023042,
          3.311425
        ],
        [
          -0.016757,
          -0.999835,
          -0.007053,
          1.675044
        ],
        [
          0.0,
          0.0,
          0.0,
          1.0
        ]
      ]
    },
    {
      "file_path": "/media/NFS/ttao/scannet/posed_images/scene0395_02/00078.jpg",
      "transform_matrix": [
        [
          -0.063042,
          -0.024085,
          -0.99772,
          5.437772
        ],
        [
          0.997862,
          -0.018792,
          -0.062597,
          3.256735
        ],
        [
          -0.017241,
          -0.999533,
          0.025218,
          1.728413
        ],
        [
          0.0,
          0.0,
          0.0,
          1.0
        ]
      ]
    },
    {
      "file_path": "/media/NFS/ttao/scannet/posed_images/scene0395_02/00088.jpg",
      "transform_matrix": [
        [
          -0.174209,
          -0.057305,
          -0.98304,
          5.455132
        ],
        [
          0.984253,
          0.020239,
          -0.175604,
          3.326214
        ],
        [
          0.029959,
          -0.998151,
          0.052877,
          1.71268
        ],
        [
          0.0,
          0.0,
          0.0,
          1.0
        ]
      ]
    },
    {
      "file_path": "/media/NFS/ttao/scannet/posed_images/scene0395_02/00092.jpg",
      "transform_matrix": [
        [
          -0.238903,
          -0.070045,
          -0.968514,
          5.453744
        ],
        [
          0.969589,
          0.037375,
          -0.241871,
          3.370027
        ],
        [
          0.05314,
          -0.996843,
          0.058986,
          1.698111
        ],
        [
          0.0,
          0.0,
          0.0,
          1.0
        ]
      ]
    },
    {
      "file_path": "/media/NFS/ttao/scannet/posed_images/scene0395_02/00100.jpg",
      "transform_matrix": [
        [
          -0.340301,
          -0.089225,
          -0.936074,
          5.412127
        ],
        [
          0.9397,
          0.003786,
          -0.34198,
          3.399127
        ],
        [
          0.034057,
          -0.996004,
          0.082556,
          1.618869
        ],
        [
          0.0,
          0.0,
          0.0,
          1.0
        ]
      ]
    },
    {
      "file_path": "/media/NFS/ttao/scannet/posed_images/scene0395_02/00106.jpg",
      "transform_matrix": [
        [
          -0.394249,
          -0.076436,
          -0.915819,
          5.42205
        ],
        [
          0.918351,
          0.004791,
          -0.395739,
          3.35098
        ],
        [
          0.034636,
          -0.997063,
          0.068307,
          1.591804
        ],
        [
          0.0,
          0.0,
          0.0,
          1.0
        ]
      ]
    },
    {
      "file_path": "/media/NFS/ttao/scannet/posed_images/scene0395_02/00109.jpg",
      "transform_matrix": [
        [
          -0.419393,
          -0.062328,
          -0.905663,
          5.426905
        ],
        [
          0.906954,
          0.014408,
          -0.420983,
          3.329237
        ],
        [
          0.039288,
          -0.997952,
          0.050486,
          1.599771
        ],
        [
          0.0,
          0.0,
          0.0,
          1.0
        ]
      ]
    },
    {
      "file_path": "/media/NFS/ttao/scannet/posed_images/scene0395_02/00121.jpg",
      "transform_matrix": [
        [
          -0.538492,
          0.018287,
          -0.842432,
          5.342217
        ],
        [
          0.842201,
          0.043604,
          -0.537398,
          3.370507
        ],
        [
          0.026906,
          -0.998882,
          -0.038882,
          1.593688
        ],
        [
          0.0,
          0.0,
          0.0,
          1.0
        ]
      ]
    },
    {
      "file_path": "/media/NFS/ttao/scannet/posed_images/scene0395_02/00127.jpg",
      "transform_matrix": [
        [
          -0.565113,
          0.048492,
          -0.823587,
          5.353928
        ],
        [
          0.824791,
          0.056387,
          -0.562619,
          3.341205
        ],
        [
          0.019157,
          -0.997231,
          -0.071861,
          1.560633
        ],
        [
          0.0,
          0.0,
          0.0,
          1.0
        ]
      ]
    },
    {
      "file_path": "/media/NFS/ttao/scannet/posed_images/scene0395_02/00133.jpg",
      "transform_matrix": [
        [
          -0.607422,
          0.084472,
          -0.789875,
          5.33332
        ],
        [
          0.794293,
          0.079242,
          -0.602345,
          3.342917
        ],
        [
          0.01171,
          -0.99327,
          -0.115229,
          1.575369
        ],
        [
          0.0,
          0.0,
          0.0,
          1.0
        ]
      ]
    },
    {
      "file_path": "/media/NFS/ttao/scannet/posed_images/scene0395_02/00139.jpg",
      "transform_matrix": [
        [
          -0.64904,
          0.118454,
          -0.751476,
          5.337034
        ],
        [
          0.760703,
          0.112539,
          -0.63927,
          3.316489
        ],
        [
          0.008846,
          -0.986561,
          -0.163151,
          1.557259
        ],
        [
          0.0,
          0.0,
          0.0,
          1.0
        ]
      ]
    },
    {
      "file_path": "/media/NFS/ttao/scannet/posed_images/scene0395_02/00147.jpg",
      "transform_matrix": [
        [
          -0.691813,
          0.148259,
          -0.706692,
          5.327024
        ],
        [
          0.722065,
          0.147611,
          -0.675894,
          3.288221
        ],
        [
          0.004108,
          -0.97787,
          -0.209172,
          1.524092
        ],
        [
          0.0,
          0.0,
          0.0,
          1.0
        ]
      ]
    },
    {
      "file_path": "/media/NFS/ttao/scannet/posed_images/scene0395_02/00149.jpg",
      "transform_matrix": [
        [
          -0.698753,
          0.153296,
          -0.698745,
          5.329676
        ],
        [
          0.715358,
          0.153253,
          -0.681745,
          3.28238
        ],
        [
          0.002576,
          -0.976224,
          -0.216748,
          1.52147
        ],
        [
          0.0,
          0.0,
          0.0,
          1.0
        ]
      ]
    },
    {
      "file_path": "/media/NFS/ttao/scannet/posed_images/scene0395_02/00160.jpg",
      "transform_matrix": [
        [
          -0.743573,
          0.191282,
          -0.640711,
          5.342855
        ],
        [
          0.668401,
          0.186234,
          -0.720109,
          3.219582
        ],
        [
          -0.018422,
          -0.963705,
          -0.266332,
          1.507597
        ],
        [
          0.0,
          0.0,
          0.0,
          1.0
        ]
      ]
    },
    {
      "file_path": "/media/NFS/ttao/scannet/posed_images/scene0395_02/00166.jpg",
      "transform_matrix": [
        [
          -0.773579,
          0.18545,
          -0.605957,
          5.351514
        ],
        [
          0.633434,
          0.198604,
          -0.747875,
          3.202251
        ],
        [
          -0.018347,
          -0.962375,
          -0.271106,
          1.507019
        ],
        [
          0.0,
          0.0,
          0.0,
          1.0
        ]
      ]
    },
    {
      "file_path": "/media/NFS/ttao/scannet/posed_images/scene0395_02/00168.jpg",
      "transform_matrix": [
        [
          -0.783382,
          0.181308,
          -0.594508,
          5.35333
        ],
        [
          0.621266,
          0.200014,
          -0.757643,
          3.198791
        ],
        [
          -0.018456,
          -0.962872,
          -0.269328,
          1.507406
        ],
        [
          0.0,
          0.0,
          0.0,
          1.0
        ]
      ]
    },
    {
      "file_path": "/media/NFS/ttao/scannet/posed_images/scene0395_02/00178.jpg",
      "transform_matrix": [
        [
          -0.833735,
          0.145762,
          -0.532578,
          5.380262
        ],
        [
          0.55176,
          0.182996,
          -0.813679,
          3.15121
        ],
        [
          -0.021144,
          -0.972248,
          -0.232996,
          1.525059
        ],
        [
          0.0,
          0.0,
          0.0,
          1.0
        ]
      ]
    },
    {
      "file_path": "/media/NFS/ttao/scannet/posed_images/scene0395_02/00186.jpg",
      "transform_matrix": [
        [
          -0.861891,
          0.136471,
          -0.488384,
          5.401718
        ],
        [
          0.505574,
          0.156775,
          -0.84842,
          3.122808
        ],
        [
          -0.039218,
          -0.97816,
          -0.204119,
          1.533389
        ],
        [
          0.0,
          0.0,
          0.0,
          1.0
        ]
      ]
    },
    {
      "file_path": "/media/NFS/ttao/scannet/posed_images/scene0395_02/00188.jpg",
      "transform_matrix": [
        [
          -0.870916,
          0.128968,
          -0.474207,
          5.404735
        ],
        [
          0.490114,
          0.157344,
          -0.857339,
          3.119525
        ],
        [
          -0.035955,
          -0.979086,
          -0.200242,
          1.537027
        ],
        [
          0.0,
          0.0,
          0.0,
          1.0
        ]
      ]
    },
    {
      "file_path": "/media/NFS/ttao/scannet/posed_images/scene0395_02/00193.jpg",
      "transform_matrix": [
        [
          -0.889483,
          0.114666,
          -0.442349,
          5.440243
        ],
        [
          0.455383,
          0.141849,
          -0.878923,
          3.077489
        ],
        [
          -0.038036,
          -0.983225,
          -0.178389,
          1.546181
        ],
        [
          0.0,
          0.0,
          0.0,
          1.0
        ]
      ]
    },
    {
      "file_path": "/media/NFS/ttao/scannet/posed_images/scene0395_02/00201.jpg",
      "transform_matrix": [
        [
          -0.919924,
          0.100351,
          -0.379038,
          5.494767
        ],
        [
          0.389802,
          0.129621,
          -0.911731,
          3.050567
        ],
        [
          -0.042362,
          -0.986472,
          -0.158358,
          1.548387
        ],
        [
          0.0,
          0.0,
          0.0,
          1.0
        ]
      ]
    },
    {
      "file_path": "/media/NFS/ttao/scannet/posed_images/scene0395_02/00209.jpg",
      "transform_matrix": [
        [
          -0.952591,
          0.077933,
          -0.294104,
          5.506629
        ],
        [
          0.302543,
          0.140253,
          -0.94276,
          3.0383
        ],
        [
          -0.032223,
          -0.987044,
          -0.157182,
          1.549281
        ],
        [
          0.0,
          0.0,
          0.0,
          1.0
        ]
      ]
    },
    {
      "file_path": "/media/NFS/ttao/scannet/posed_images/scene0395_02/00217.jpg",
      "transform_matrix": [
        [
          -0.980077,
          0.062437,
          -0.188549,
          5.51424
        ],
        [
          0.196357,
          0.161762,
          -0.967097,
          3.032491
        ],
        [
          -0.029882,
          -0.984853,
          -0.170799,
          1.541856
        ],
        [
          0.0,
          0.0,
          0.0,
          1.0
        ]
      ]
    },
    {
      "file_path": "/media/NFS/ttao/scannet/posed_images/scene0395_02/00221.jpg",
      "transform_matrix": [
        [
          -0.988173,
          0.05424,
          -0.143434,
          5.512065
        ],
        [
          0.150707,
          0.170705,
          -0.973729,
          3.03015
        ],
        [
          -0.02833,
          -0.983828,
          -0.17686,
          1.538333
        ],
        [
          0.0,
          0.0,
          0.0,
          1.0
        ]
      ]
    },
    {
      "file_path": "/media/NFS/ttao/scannet/posed_images/scene0395_02/00227.jpg",
      "transform_matrix": [
        [
          -0.995425,
          0.049255,
          -0.081867,
          5.508733
        ],
        [
          0.08986,
          0.191548,
          -0.977361,
          3.028522
        ],
        [
          -0.032459,
          -0.980246,
          -0.195098,
          1.535322
        ],
        [
          0.0,
          0.0,
          0.0,
          1.0
        ]
      ]
    },
    {
      "file_path": "/media/NFS/ttao/scannet/posed_images/scene0395_02/00236.jpg",
      "transform_matrix": [
        [
          -0.999159,
          0.040668,
          -0.005153,
          5.494134
        ],
        [
          0.013618,
          0.210724,
          -0.977451,
          3.021167
        ],
        [
          -0.038665,
          -0.976699,
          -0.211101,
          1.543804
        ],
        [
          0.0,
          0.0,
          0.0,
          1.0
        ]
      ]
    },
    {
      "file_path": "/media/NFS/ttao/scannet/posed_images/scene0395_02/00244.jpg",
      "transform_matrix": [
        [
          -0.997265,
          0.054952,
          0.049432,
          5.464829
        ],
        [
          -0.036404,
          0.21688,
          -0.975519,
          3.00167
        ],
        [
          -0.064328,
          -0.97465,
          -0.214286,
          1.552302
        ],
        [
          0.0,
          0.0,
          0.0,
          1.0
        ]
      ]
    },
    {
      "file_path": "/media/NFS/ttao/scannet/posed_images/scene0395_02/00248.jpg",
      "transform_matrix": [
        [
          -0.997341,
          0.032751,
          0.0651,
          5.449007
        ],
        [
          -0.056213,
          0.222737,
          -0.973257,
          2.973197
        ],
        [
          -0.046375,
          -0.974328,
          -0.220304,
          1.556619
        ],
        [
          0.0,
          0.0,
          0.0,
          1.0
        ]
      ]
    },
    {
      "file_path": "/media/NFS/ttao/scannet/posed_images/scene0395_02/00254.jpg",
      "transform_matrix": [
        [
          -0.995689,
          0.010212,
          0.092192,
          5.426832
        ],
        [
          -0.087297,
          0.23274,
          -0.968613,
          2.920027
        ],
        [
          -0.031349,
          -0.972486,
          -0.230845,
          1.56205
        ],
        [
          0.0,
          0.0,
          0.0,
          1.0
        ]
      ]
    },
    {
      "file_path": "/media/NFS/ttao/scannet/posed_images/scene0395_02/00262.jpg",
      "transform_matrix": [
        [
          -0.98842,
          0.015002,
          0.151001,
          5.389491
        ],
        [
          -0.141349,
          0.270952,
          -0.952159,
          2.837065
        ],
        [
          -0.055198,
          -0.962476,
          -0.265694,
          1.580059
        ],
        [
          0.0,
          0.0,
          0.0,
          1.0
        ]
      ]
    },
    {
      "file_path": "/media/NFS/ttao/scannet/posed_images/scene0395_02/00268.jpg",
      "transform_matrix": [
        [
          -0.980381,
          -0.003389,
          0.197083,
          5.332719
        ],
        [
          -0.189045,
          0.299285,
          -0.935249,
          2.788386
        ],
        [
          -0.055815,
          -0.954158,
          -0.294054,
          1.574385
        ],
        [
          0.0,
          0.0,
          0.0,
          1.0
        ]
      ]
    },
    {
      "file_path": "/media/NFS/ttao/scannet/posed_images/scene0395_02/00272.jpg",
      "transform_matrix": [
        [
          -0.972826,
          5.1e-05,
          0.231537,
          5.284646
        ],
        [
          -0.220026,
          0.311176,
          -0.924532,
          2.772931
        ],
        [
          -0.072096,
          -0.950352,
          -0.302709,
          1.575493
        ],
        [
          0.0,
          0.0,
          0.0,
          1.0
        ]
      ]
    },
    {
      "file_path": "/media/NFS/ttao/scannet/posed_images/scene0395_02/00283.jpg",
      "transform_matrix": [
        [
          -0.927472,
          -0.084905,
          0.364126,
          5.138575
        ],
        [
          -0.37127,
          0.324313,
          -0.870046,
          2.775552
        ],
        [
          -0.04422,
          -0.942132,
          -0.332313,
          1.554621
        ],
        [
          0.0,
          0.0,
          0.0,
          1.0
        ]
      ]
    },
    {
      "file_path": "/media/NFS/ttao/scannet/posed_images/scene0395_02/00287.jpg",
      "transform_matrix": [
        [
          -0.892945,
          -0.115773,
          0.435025,
          5.079362
        ],
        [
          -0.447812,
          0.327153,
          -0.832127,
          2.777279
        ],
        [
          -0.045982,
          -0.937853,
          -0.343974,
          1.554291
        ],
        [
          0.0,
          0.0,
          0.0,
          1.0
        ]
      ]
    },
    {
      "file_path": "/media/NFS/ttao/scannet/posed_images/scene0395_02/00297.jpg",
      "transform_matrix": [
        [
          -0.832953,
          -0.172906,
          0.525636,
          5.008109
        ],
        [
          -0.551124,
          0.344243,
          -0.760105,
          2.745119
        ],
        [
          -0.04952,
          -0.922822,
          -0.38203,
          1.575544
        ],
        [
          0.0,
          0.0,
          0.0,
          1.0
        ]
      ]
    },
    {
      "file_path": "/media/NFS/ttao/scannet/posed_images/scene0395_02/00299.jpg",
      "transform_matrix": [
        [
          -0.82851,
          -0.171104,
          0.533193,
          4.99474
        ],
        [
          -0.557357,
          0.343926,
          -0.755691,
          2.73779
        ],
        [
          -0.054077,
          -0.923276,
          -0.380312,
          1.572889
        ],
        [
          0.0,
          0.0,
          0.0,
          1.0
        ]
      ]
    },
    {
      "file_path": "/media/NFS/ttao/scannet/posed_images/scene0395_02/00307.jpg",
      "transform_matrix": [
        [
          -0.802107,
          -0.234267,
          0.549311,
          4.917538
        ],
        [
          -0.596932,
          0.341037,
          -0.7262,
          2.652049
        ],
        [
          -0.017211,
          -0.910392,
          -0.41339,
          1.578899
        ],
        [
          0.0,
          0.0,
          0.0,
          1.0
        ]
      ]
    },
    {
      "file_path": "/media/NFS/ttao/scannet/posed_images/scene0395_02/00317.jpg",
      "transform_matrix": [
        [
          -0.764814,
          -0.253146,
          0.592433,
          4.83743
        ],
        [
          -0.64422,
          0.291455,
          -0.707132,
          2.562621
        ],
        [
          0.00634,
          -0.922481,
          -0.38599,
          1.607829
        ],
        [
          0.0,
          0.0,
          0.0,
          1.0
        ]
      ]
    },
    {
      "file_path": "/media/NFS/ttao/scannet/posed_images/scene0395_02/00320.jpg",
      "transform_matrix": [
        [
          -0.752063,
          -0.243753,
          0.612361,
          4.816491
        ],
        [
          -0.659077,
          0.284438,
          -0.696214,
          2.544248
        ],
        [
          -0.004475,
          -0.927189,
          -0.374568,
          1.607986
        ],
        [
          0.0,
          0.0,
          0.0,
          1.0
        ]
      ]
    },
    {
      "file_path": "/media/NFS/ttao/scannet/posed_images/scene0395_02/00328.jpg",
      "transform_matrix": [
        [
          -0.66382,
          -0.318506,
          0.676681,
          4.693256
        ],
        [
          -0.747598,
          0.257209,
          -0.612324,
          2.500958
        ],
        [
          0.020981,
          -0.912358,
          -0.408855,
          1.60038
        ],
        [
          0.0,
          0.0,
          0.0,
          1.0
        ]
      ]
    },
    {
      "file_path": "/media/NFS/ttao/scannet/posed_images/scene0395_02/00336.jpg",
      "transform_matrix": [
        [
          -0.58203,
          -0.328465,
          0.743877,
          4.585474
        ],
        [
          -0.813072,
          0.221029,
          -0.538573,
          2.474627
        ],
        [
          0.012484,
          -0.91829,
          -0.395711,
          1.602776
        ],
        [
          0.0,
          0.0,
          0.0,
          1.0
        ]
      ]
    },
    {
      "file_path": "/media/NFS/ttao/scannet/posed_images/scene0395_02/00338.jpg",
      "transform_matrix": [
        [
          -0.570822,
          -0.327098,
          0.753106,
          4.555818
        ],
        [
          -0.821072,
          0.229668,
          -0.522584,
          2.460993
        ],
        [
          -0.002028,
          -0.916657,
          -0.399671,
          1.603016
        ],
        [
          0.0,
          0.0,
          0.0,
          1.0
        ]
      ]
    },
    {
      "file_path": "/media/NFS/ttao/scannet/posed_images/scene0395_02/00348.jpg",
      "transform_matrix": [
        [
          -0.54196,
          -0.319801,
          0.777179,
          4.43477
        ],
        [
          -0.840386,
          0.212363,
          -0.498652,
          2.340532
        ],
        [
          -0.005574,
          -0.92338,
          -0.383848,
          1.616215
        ],
        [
          0.0,
          0.0,
          0.0,
          1.0
        ]
      ]
    },
    {
      "file_path": "/media/NFS/ttao/scannet/posed_images/scene0395_02/00350.jpg",
      "transform_matrix": [
        [
          -0.530155,
          -0.320767,
          0.784885,
          4.405712
        ],
        [
          -0.847895,
          0.197054,
          -0.492183,
          2.295842
        ],
        [
          0.003212,
          -0.926433,
          -0.376445,
          1.613378
        ],
        [
          0.0,
          0.0,
          0.0,
          1.0
        ]
      ]
    },
    {
      "file_path": "/media/NFS/ttao/scannet/posed_images/scene0395_02/00358.jpg",
      "transform_matrix": [
        [
          -0.485976,
          -0.351491,
          0.800176,
          4.340623
        ],
        [
          -0.872917,
          0.150224,
          -0.464165,
          2.190624
        ],
        [
          0.042944,
          -0.92406,
          -0.379828,
          1.624658
        ],
        [
          0.0,
          0.0,
          0.0,
          1.0
        ]
      ]
    },
    {
      "file_path": "/media/NFS/ttao/scannet/posed_images/scene0395_02/00365.jpg",
      "transform_matrix": [
        [
          -0.429097,
          -0.312218,
          0.847582,
          4.294428
        ],
        [
          -0.9018,
          0.094777,
          -0.421633,
          2.108513
        ],
        [
          0.05131,
          -0.945271,
          -0.322227,
          1.664171
        ],
        [
          0.0,
          0.0,
          0.0,
          1.0
        ]
      ]
    },
    {
      "file_path": "/media/NFS/ttao/scannet/posed_images/scene0395_02/00371.jpg",
      "transform_matrix": [
        [
          -0.368563,
          -0.264741,
          0.891108,
          4.257213
        ],
        [
          -0.929132,
          0.074403,
          -0.362185,
          2.049956
        ],
        [
          0.029584,
          -0.961445,
          -0.273402,
          1.680259
        ],
        [
          0.0,
          0.0,
          0.0,
          1.0
        ]
      ]
    },
    {
      "file_path": "/media/NFS/ttao/scannet/posed_images/scene0395_02/00381.jpg",
      "transform_matrix": [
        [
          -0.282951,
          -0.27577,
          0.918635,
          4.155198
        ],
        [
          -0.95731,
          0.02215,
          -0.288214,
          1.968139
        ],
        [
          0.059133,
          -0.960968,
          -0.270265,
          1.691379
        ],
        [
          0.0,
          0.0,
          0.0,
          1.0
        ]
      ]
    },
    {
      "file_path": "/media/NFS/ttao/scannet/posed_images/scene0395_02/00385.jpg",
      "transform_matrix": [
        [
          -0.280669,
          -0.262192,
          0.923299,
          4.118335
        ],
        [
          -0.957914,
          0.016172,
          -0.286599,
          1.946269
        ],
        [
          0.060212,
          -0.96488,
          -0.255696,
          1.697293
        ],
        [
          0.0,
          0.0,
          0.0,
          1.0
        ]
      ]
    },
    {
      "file_path": "/media/NFS/ttao/scannet/posed_images/scene0395_02/00393.jpg",
      "transform_matrix": [
        [
          -0.314714,
          -0.268823,
          0.910324,
          4.05521
        ],
        [
          -0.946046,
          0.010872,
          -0.323853,
          1.908736
        ],
        [
          0.077162,
          -0.963128,
          -0.25774,
          1.707494
        ],
        [
          0.0,
          0.0,
          0.0,
          1.0
        ]
      ]
    },
    {
      "file_path": "/media/NFS/ttao/scannet/posed_images/scene0395_02/00399.jpg",
      "transform_matrix": [
        [
          -0.342568,
          -0.219296,
          0.913541,
          4.027897
        ],
        [
          -0.938437,
          0.033764,
          -0.343798,
          1.894216
        ],
        [
          0.044549,
          -0.975074,
          -0.217362,
          1.725509
        ],
        [
          0.0,
          0.0,
          0.0,
          1.0
        ]
      ]
    },
    {
      "file_path": "/media/NFS/ttao/scannet/posed_images/scene0395_02/00403.jpg",
      "transform_matrix": [
        [
          -0.347276,
          -0.180384,
          0.92025,
          4.020922
        ],
        [
          -0.937364,
          0.038145,
          -0.346257,
          1.887758
        ],
        [
          0.027356,
          -0.982856,
          -0.182332,
          1.741923
        ],
        [
          0.0,
          0.0,
          0.0,
          1.0
        ]
      ]
    },
    {
      "file_path": "/media/NFS/ttao/scannet/posed_images/scene0395_02/00408.jpg",
      "transform_matrix": [
        [
          -0.34394,
          -0.130903,
          0.929822,
          4.007605
        ],
        [
          -0.938791,
          0.027499,
          -0.343387,
          1.901896
        ],
        [
          0.019381,
          -0.991014,
          -0.132348,
          1.746856
        ],
        [
          0.0,
          0.0,
          0.0,
          1.0
        ]
      ]
    },
    {
      "file_path": "/media/NFS/ttao/scannet/posed_images/scene0395_02/00418.jpg",
      "transform_matrix": [
        [
          -0.319871,
          -0.071126,
          0.944788,
          3.999921
        ],
        [
          -0.947033,
          -0.005987,
          -0.321082,
          1.923575
        ],
        [
          0.028493,
          -0.997449,
          -0.065444,
          1.751276
        ],
        [
          0.0,
          0.0,
          0.0,
          1.0
        ]
      ]
    },
    {
      "file_path": "/media/NFS/ttao/scannet/posed_images/scene0395_02/00422.jpg",
      "transform_matrix": [
        [
          -0.290036,
          -0.052739,
          0.955561,
          4.004073
        ],
        [
          -0.956375,
          -0.020566,
          -0.291418,
          1.917083
        ],
        [
          0.035021,
          -0.998397,
          -0.044474,
          1.75865
        ],
        [
          0.0,
          0.0,
          0.0,
          1.0
        ]
      ]
    },
    {
      "file_path": "/media/NFS/ttao/scannet/posed_images/scene0395_02/00430.jpg",
      "transform_matrix": [
        [
          -0.228014,
          -0.037276,
          0.972944,
          4.017336
        ],
        [
          -0.973195,
          -0.022081,
          -0.228919,
          1.909863
        ],
        [
          0.030017,
          -0.999061,
          -0.031242,
          1.761527
        ],
        [
          0.0,
          0.0,
          0.0,
          1.0
        ]
      ]
    },
    {
      "file_path": "/media/NFS/ttao/scannet/posed_images/scene0395_02/00440.jpg",
      "transform_matrix": [
        [
          -0.125658,
          -0.062835,
          0.990082,
          4.061909
        ],
        [
          -0.991917,
          -0.009801,
          -0.126513,
          1.898555
        ],
        [
          0.017653,
          -0.997976,
          -0.061096,
          1.765653
        ],
        [
          0.0,
          0.0,
          0.0,
          1.0
        ]
      ]
    },
    {
      "file_path": "/media/NFS/ttao/scannet/posed_images/scene0395_02/00446.jpg",
      "transform_matrix": [
        [
          -0.067035,
          -0.082332,
          0.994348,
          4.099478
        ],
        [
          -0.997671,
          -0.007096,
          -0.067846,
          1.884473
        ],
        [
          0.012642,
          -0.99658,
          -0.081664,
          1.735365
        ],
        [
          0.0,
          0.0,
          0.0,
          1.0
        ]
      ]
    },
    {
      "file_path": "/media/NFS/ttao/scannet/posed_images/scene0395_02/00453.jpg",
      "transform_matrix": [
        [
          0.017366,
          -0.129834,
          0.991384,
          4.183166
        ],
        [
          -0.999693,
          -0.019777,
          0.014922,
          1.845104
        ],
        [
          0.017669,
          -0.991338,
          -0.130137,
          1.720737
        ],
        [
          0.0,
          0.0,
          0.0,
          1.0
        ]
      ]
    },
    {
      "file_path": "/media/NFS/ttao/scannet/posed_images/scene0395_02/00459.jpg",
      "transform_matrix": [
        [
          0.09936,
          -0.130448,
          0.986464,
          4.24381
        ],
        [
          -0.995036,
          -0.018716,
          0.097748,
          1.807948
        ],
        [
          0.005712,
          -0.991279,
          -0.13166,
          1.714318
        ],
        [
          0.0,
          0.0,
          0.0,
          1.0
        ]
      ]
    },
    {
      "file_path": "/media/NFS/ttao/scannet/posed_images/scene0395_02/00465.jpg",
      "transform_matrix": [
        [
          0.183089,
          -0.13926,
          0.973183,
          4.322985
        ],
        [
          -0.983094,
          -0.023842,
          0.181542,
          1.766888
        ],
        [
          -0.002079,
          -0.989969,
          -0.141271,
          1.719794
        ],
        [
          0.0,
          0.0,
          0.0,
          1.0
        ]
      ]
    },
    {
      "file_path": "/media/NFS/ttao/scannet/posed_images/scene0395_02/00471.jpg",
      "transform_matrix": [
        [
          0.208375,
          -0.173362,
          0.962562,
          4.385867
        ],
        [
          -0.97782,
          -0.015603,
          0.208868,
          1.801155
        ],
        [
          -0.021191,
          -0.984735,
          -0.172768,
          1.722514
        ],
        [
          0.0,
          0.0,
          0.0,
          1.0
        ]
      ]
    },
    {
      "file_path": "/media/NFS/ttao/scannet/posed_images/scene0395_02/00475.jpg",
      "transform_matrix": [
        [
          0.250357,
          -0.166221,
          0.953778,
          4.419041
        ],
        [
          -0.967994,
          -0.025084,
          0.249717,
          1.755986
        ],
        [
          -0.017583,
          -0.985769,
          -0.167181,
          1.714987
        ],
        [
          0.0,
          0.0,
          0.0,
          1.0
        ]
      ]
    },
    {
      "file_path": "/media/NFS/ttao/scannet/posed_images/scene0395_02/00485.jpg",
      "transform_matrix": [
        [
          0.409518,
          -0.173588,
          0.895635,
          4.493393
        ],
        [
          -0.912283,
          -0.071573,
          0.403258,
          1.620422
        ],
        [
          -0.005898,
          -0.982214,
          -0.187671,
          1.703263
        ],
        [
          0.0,
          0.0,
          0.0,
          1.0
        ]
      ]
    },
    {
      "file_path": "/media/NFS/ttao/scannet/posed_images/scene0395_02/00487.jpg",
      "transform_matrix": [
        [
          0.429874,
          -0.169283,
          0.886878,
          4.503962
        ],
        [
          -0.902881,
          -0.076351,
          0.423057,
          1.598222
        ],
        [
          -0.003903,
          -0.982606,
          -0.185664,
          1.695059
        ],
        [
          0.0,
          0.0,
          0.0,
          1.0
        ]
      ]
    },
    {
      "file_path": "/media/NFS/ttao/scannet/posed_images/scene0395_02/00496.jpg",
      "transform_matrix": [
        [
          0.513094,
          -0.19331,
          0.836281,
          4.572989
        ],
        [
          -0.858321,
          -0.110389,
          0.501099,
          1.52825
        ],
        [
          -0.004551,
          -0.974908,
          -0.222561,
          1.68179
        ],
        [
          0.0,
          0.0,
          0.0,
          1.0
        ]
      ]
    },
    {
      "file_path": "/media/NFS/ttao/scannet/posed_images/scene0395_02/00502.jpg",
      "transform_matrix": [
        [
          0.581825,
          -0.192352,
          0.790241,
          4.643919
        ],
        [
          -0.813235,
          -0.151099,
          0.561976,
          1.476231
        ],
        [
          0.011308,
