{
  "frames": [
    {
      "file_path": "/media/NFS/ttao/scannet/posed_images/scene0265_01/00000.jpg",
      "transform_matrix": [
        [
          0.873792,
          0.370347,
          -0.315167,
          1.306871
        ],
        [
          0.486278,
          -0.671509,
          0.559115,
          0.97777
        ],
        [
          -0.004571,
          -0.641809,
          -0.766851,
          1.191663
        ],
        [
          0.0,
          0.0,
          0.0,
          1.0
        ]
      ]
    },
    {
      "file_path": "/media/NFS/ttao/scannet/posed_images/scene0265_01/00004.jpg",
      "transform_matrix": [
        [
          0.899,
          0.323714,
          -0.294971,
          1.316702
        ],
        [
          0.437933,
          -0.65876,
          0.61176,
          0.974497
        ],
        [
          0.00372,
          -0.67915,
          -0.73399,
          1.213316
        ],
        [
          0.0,
          0.0,
          0.0,
          1.0
        ]
      ]
    },
    {
      "file_path": "/media/NFS/ttao/scannet/posed_images/scene0265_01/00010.jpg",
      "transform_matrix": [
        [
          0.922092,
          0.274664,
          -0.272591,
          1.325377
        ],
        [
          0.38697,
          -0.652924,
          0.651111,
          0.964264
        ],
        [
          0.000856,
          -0.705868,
          -0.708342,
          1.226787
        ],
        [
          0.0,
          0.0,
          0.0,
          1.0
        ]
      ]
    },
    {
      "file_path": "/media/NFS/ttao/scannet/posed_images/scene0265_01/00011.jpg",
      "transform_matrix": [
        [
          0.925533,
          0.265857,
          -0.269646,
          1.327973
        ],
        [
          0.378657,
          -0.655015,
          0.653891,
          0.960736
        ],
        [
          -0.002781,
          -0.707301,
          -0.706907,
          1.226181
        ],
        [
          0.0,
          0.0,
          0.0,
          1.0
        ]
      ]
    },
    {
      "file_path": "/media/NFS/ttao/scannet/posed_images/scene0265_01/00016.jpg",
      "transform_matrix": [
        [
          0.965975,
          0.178582,
          -0.187087,
          1.343431
        ],
        [
          0.258604,
          -0.678331,
          0.687743,
          0.93445
        ],
        [
          -0.004089,
          -0.712723,
          -0.701433,
          1.224741
        ],
        [
          0.0,
          0.0,
          0.0,
          1.0
        ]
      ]
    },
    {
      "file_path": "/media/NFS/ttao/scannet/posed_images/scene0265_01/00021.jpg",
      "transform_matrix": [
        [
          0.985124,
          0.125311,
          -0.117589,
          1.357902
        ],
        [
          0.171838,
          -0.713234,
          0.679536,
          0.921309
        ],
        [
          0.001285,
          -0.689633,
          -0.724158,
          1.214279
        ],
        [
          0.0,
          0.0,
          0.0,
          1.0
        ]
      ]
    },
    {
      "file_path": "/media/NFS/ttao/scannet/posed_images/scene0265_01/00025.jpg",
      "transform_matrix": [
        [
          0.986853,
          0.118619,
          -0.109773,
          1.369825
        ],
        [
          0.161612,
          -0.730051,
          0.664009,
          0.900321
        ],
        [
          -0.001376,
          -0.67302,
          -0.739623,
          1.204277
        ],
        [
          0.0,
          0.0,
          0.0,
          1.0
        ]
      ]
    },
    {
      "file_path": "/media/NFS/ttao/scannet/posed_images/scene0265_01/00031.jpg",
      "transform_matrix": [
        [
          0.978001,
          0.145273,
          -0.149701,
          1.399083
        ],
        [
          0.208133,
          -0.727663,
          0.653595,
          0.878665
        ],
        [
          -0.013982,
          -0.670374,
          -0.741891,
          1.199317
        ],
        [
          0.0,
          0.0,
          0.0,
          1.0
        ]
      ]
    },
    {
      "file_path": "/media/NFS/ttao/scannet/posed_images/scene0265_01/00032.jpg",
      "transform_matrix": [
        [
          0.976834,
          0.147736,
          -0.154818,
          1.409049
        ],
        [
          0.213413,
          -0.725911,
          0.653841,
          0.876727
        ],
        [
          -0.015788,
          -0.671734,
          -0.740624,
          1.198285
        ],
        [
          0.0,
          0.0,
          0.0,
          1.0
        ]
      ]
    },
    {
      "file_path": "/media/NFS/ttao/scannet/posed_images/scene0265_01/00036.jpg",
      "transform_matrix": [
        [
          0.978663,
          0.126773,
          -0.161702,
          1.450959
        ],
        [
          0.201589,
          -0.744691,
          0.636237,
          0.869379
        ],
        [
          -0.03976,
          -0.655259,
          -0.754357,
          1.191017
        ],
        [
          0.0,
          0.0,
          0.0,
          1.0
        ]
      ]
    },
    {
      "file_path": "/media/NFS/ttao/scannet/posed_images/scene0265_01/00042.jpg",
      "transform_matrix": [
        [
          0.980644,
          0.13001,
          -0.146406,
          1.508562
        ],
        [
          0.193314,
          -0.761644,
          0.618488,
          0.852084
        ],
        [
          -0.031099,
          -0.634819,
          -0.772035,
          1.174376
        ],
        [
          0.0,
          0.0,
          0.0,
          1.0
        ]
      ]
    },
    {
      "file_path": "/media/NFS/ttao/scannet/posed_images/scene0265_01/00045.jpg",
      "transform_matrix": [
        [
          0.974616,
          0.149226,
          -0.166895,
          1.52896
        ],
        [
          0.220484,
          -0.769135,
          0.599849,
          0.843594
        ],
        [
          -0.038852,
          -0.621421,
          -0.782513,
          1.169236
        ],
        [
          0.0,
          0.0,
          0.0,
          1.0
        ]
      ]
    },
    {
      "file_path": "/media/NFS/ttao/scannet/posed_images/scene0265_01/00052.jpg",
      "transform_matrix": [
        [
          0.961601,
          0.170452,
          -0.215102,
          1.564658
        ],
        [
          0.268381,
          -0.747927,
          0.607106,
          0.828553
        ],
        [
          -0.057398,
          -0.641523,
          -0.764953,
          1.171607
        ],
        [
          0.0,
          0.0,
          0.0,
          1.0
        ]
      ]
    },
    {
      "file_path": "/media/NFS/ttao/scannet/posed_images/scene0265_01/00053.jpg",
      "transform_matrix": [
        [
          0.96081,
          0.170438,
          -0.218619,
          1.567443
        ],
        [
          0.2709,
          -0.744578,
          0.610096,
          0.826375
        ],
        [
          -0.058795,
          -0.64541,
          -0.76157,
          1.173271
        ],
        [
          0.0,
          0.0,
          0.0,
          1.0
        ]
      ]
    },
    {
      "file_path": "/media/NFS/ttao/scannet/posed_images/scene0265_01/00060.jpg",
      "transform_matrix": [
        [
          0.954349,
          0.179762,
          -0.238544,
          1.580272
        ],
        [
          0.294074,
          -0.705383,
          0.644947,
          0.819289
        ],
        [
          -0.052328,
          -0.685654,
          -0.726045,
          1.189395
        ],
        [
          0.0,
          0.0,
          0.0,
          1.0
        ]
      ]
    },
    {
      "file_path": "/media/NFS/ttao/scannet/posed_images/scene0265_01/00062.jpg",
      "transform_matrix": [
        [
          0.952228,
          0.187344,
          -0.241173,
          1.57993
        ],
        [
          0.301972,
          -0.69541,
          0.652087,
          0.820092
        ],
        [
          -0.04555,
          -0.693763,
          -0.718761,
          1.195731
        ],
        [
          0.0,
          0.0,
          0.0,
          1.0
        ]
      ]
    },
    {
      "file_path": "/media/NFS/ttao/scannet/posed_images/scene0265_01/00068.jpg",
      "transform_matrix": [
        [
          0.958036,
          0.166718,
          -0.233179,
          1.570698
        ],
        [
          0.28337,
          -0.673512,
          0.682703,
          0.82829
        ],
        [
          -0.04323,
          -0.720129,
          -0.692492,
          1.221216
        ],
        [
          0.0,
          0.0,
          0.0,
          1.0
        ]
      ]
    },
    {
      "file_path": "/media/NFS/ttao/scannet/posed_images/scene0265_01/00071.jpg",
      "transform_matrix": [
        [
          0.960279,
          0.137089,
          -0.243045,
          1.56811
        ],
        [
          0.270145,
          -0.674918,
          0.686664,
          0.831609
        ],
        [
          -0.069902,
          -0.725046,
          -0.685143,
          1.233964
        ],
        [
          0.0,
          0.0,
          0.0,
          1.0
        ]
      ]
    },
    {
      "file_path": "/media/NFS/ttao/scannet/posed_images/scene0265_01/00074.jpg",
      "transform_matrix": [
        [
          0.964374,
          0.113826,
          -0.238802,
          1.559694
        ],
        [
          0.25072,
          -0.681234,
          0.687793,
          0.837305
        ],
        [
          -0.084392,
          -0.723162,
          -0.685503,
          1.247785
        ],
        [
          0.0,
          0.0,
          0.0,
          1.0
        ]
      ]
    },
    {
      "file_path": "/media/NFS/ttao/scannet/posed_images/scene0265_01/00079.jpg",
      "transform_matrix": [
        [
          0.966571,
          0.108484,
          -0.232319,
          1.533565
        ],
        [
          0.244272,
          -0.664988,
          0.705778,
          0.840349
        ],
        [
          -0.077924,
          -0.738933,
          -0.669257,
          1.267132
        ],
        [
          0.0,
          0.0,
          0.0,
          1.0
        ]
      ]
    },
    {
      "file_path": "/media/NFS/ttao/scannet/posed_images/scene0265_01/00083.jpg",
      "transform_matrix": [
        [
          0.96439,
          0.115108,
          -0.23812,
          1.508304
        ],
        [
          0.255152,
          -0.641943,
          0.723054,
          0.834109
        ],
        [
          -0.06963,
          -0.758063,
          -0.648454,
          1.275187
        ],
        [
          0.0,
          0.0,
          0.0,
          1.0
        ]
      ]
    },
    {
      "file_path": "/media/NFS/ttao/scannet/posed_images/scene0265_01/00089.jpg",
      "transform_matrix": [
        [
          0.953501,
          0.16504,
          -0.252185,
          1.466677
        ],
        [
          0.299348,
          -0.61582,
          0.728805,
          0.822412
        ],
        [
          -0.035019,
          -0.770407,
          -0.63659,
          1.283624
        ],
        [
          0.0,
          0.0,
          0.0,
          1.0
        ]
      ]
    },
    {
      "file_path": "/media/NFS/ttao/scannet/posed_images/scene0265_01/00091.jpg",
      "transform_matrix": [
        [
          0.950288,
          0.171852,
          -0.259651,
          1.453245
        ],
        [
          0.309691,
          -0.608174,
          0.730901,
          0.81788
        ],
        [
          -0.032306,
          -0.774978,
          -0.631161,
          1.281464
        ],
        [
          0.0,
          0.0,
          0.0,
          1.0
        ]
      ]
    },
    {
      "file_path": "/media/NFS/ttao/scannet/posed_images/scene0265_01/00094.jpg",
      "transform_matrix": [
        [
          0.937793,
          0.184185,
          -0.294313,
          1.429471
        ],
        [
          0.344533,
          -0.598448,
          0.723296,
          0.812326
        ],
        [
          -0.04291,
          -0.779702,
          -0.624678,
          1.281347
        ],
        [
          0.0,
          0.0,
          0.0,
          1.0
        ]
      ]
    },
    {
      "file_path": "/media/NFS/ttao/scannet/posed_images/scene0265_01/00100.jpg",
      "transform_matrix": [
        [
          0.917916,
          0.227202,
          -0.325284,
          1.394236
        ],
        [
          0.395371,
          -0.592659,
          0.701739,
          0.791217
        ],
        [
          -0.033346,
          -0.772745,
          -0.63384,
          1.256431
        ],
        [
          0.0,
          0.0,
          0.0,
          1.0
        ]
      ]
    },
    {
      "file_path": "/media/NFS/ttao/scannet/posed_images/scene0265_01/00105.jpg",
      "transform_matrix": [
        [
          0.93493,
          0.220178,
          -0.278258,
          1.364482
        ],
        [
          0.354416,
          -0.617405,
          0.702282,
          0.790725
        ],
        [
          -0.01717,
          -0.755204,
          -0.655265,
          1.244698
        ],
        [
          0.0,
          0.0,
          0.0,
          1.0
        ]
      ]
    },
    {
      "file_path": "/media/NFS/ttao/scannet/posed_images/scene0265_01/00107.jpg",
      "transform_matrix": [
        [
          0.939269,
          0.215531,
          -0.267059,
          1.351132
        ],
        [
          0.34286,
          -0.623078,
          0.703008,
          0.787022
        ],
        [
          -0.014879,
          -0.751878,
          -0.659135,
          1.238299
        ],
        [
          0.0,
          0.0,
          0.0,
          1.0
        ]
      ]
    },
    {
      "file_path": "/media/NFS/ttao/scannet/posed_images/scene0265_01/00112.jpg",
      "transform_matrix": [
        [
          0.962865,
          0.193811,
          -0.187959,
          1.304493
        ],
        [
          0.269024,
          -0.630095,
          0.728427,
          0.778061
        ],
        [
          0.022745,
          -0.751942,
          -0.658836,
          1.220223
        ],
        [
          0.0,
          0.0,
          0.0,
          1.0
        ]
      ]
    },
    {
      "file_path": "/media/NFS/ttao/scannet/posed_images/scene0265_01/00115.jpg",
      "transform_matrix": [
        [
          0.97799,
          0.162755,
          -0.130561,
          1.26476
        ],
        [
          0.205624,
          -0.645605,
          0.735468,
          0.7753
        ],
        [
          0.03541,
          -0.746126,
          -0.664862,
          1.20629
        ],
        [
          0.0,
          0.0,
          0.0,
          1.0
        ]
      ]
    },
    {
      "file_path": "/media/NFS/ttao/scannet/posed_images/scene0265_01/00119.jpg",
      "transform_matrix": [
        [
          0.988647,
          0.098233,
          -0.113702,
          1.213189
        ],
        [
          0.150204,
          -0.666637,
          0.730092,
          0.765574
        ],
        [
          -0.004079,
          -0.738881,
          -0.673823,
          1.185467
        ],
        [
          0.0,
          0.0,
          0.0,
          1.0
        ]
      ]
    },
    {
      "file_path": "/media/NFS/ttao/scannet/posed_images/scene0265_01/00126.jpg",
      "transform_matrix": [
        [
          0.996639,
          0.035476,
          -0.073843,
          1.125957
        ],
        [
          0.078067,
          -0.684529,
          0.724794,
          0.744017
        ],
        [
          -0.024835,
          -0.728122,
          -0.684997,
          1.153687
        ],
        [
          0.0,
          0.0,
          0.0,
          1.0
        ]
      ]
    },
    {
      "file_path": "/media/NFS/ttao/scannet/posed_images/scene0265_01/00128.jpg",
      "transform_matrix": [
        [
          0.99806,
          0.045416,
          -0.042593,
          1.107393
        ],
        [
          0.062153,
          -0.68581,
          0.725122,
          0.738162
        ],
        [
          0.003721,
          -0.726362,
          -0.687302,
          1.142064
        ],
        [
          0.0,
          0.0,
          0.0,
          1.0
        ]
      ]
    },
    {
      "file_path": "/media/NFS/ttao/scannet/posed_images/scene0265_01/00133.jpg",
      "transform_matrix": [
        [
          0.997992,
          0.062998,
          0.006544,
          1.06865
        ],
        [
          0.039819,
          -0.704409,
          0.708677,
          0.732797
        ],
        [
          0.049255,
          -0.706993,
          -0.705503,
          1.127128
        ],
        [
          0.0,
          0.0,
          0.0,
          1.0
        ]
      ]
    },
    {
      "file_path": "/media/NFS/ttao/scannet/posed_images/scene0265_01/00136.jpg",
      "transform_matrix": [
        [
          0.997108,
          0.075862,
          0.004549,
          1.057582
        ],
        [
          0.050658,
          -0.708067,
          0.704326,
          0.727924
        ],
        [
          0.056652,
          -0.702058,
          -0.709863,
          1.122195
        ],
        [
          0.0,
          0.0,
          0.0,
          1.0
        ]
      ]
    },
    {
      "file_path": "/media/NFS/ttao/scannet/posed_images/scene0265_01/00143.jpg",
      "transform_matrix": [
        [
          0.995463,
          0.092721,
          -0.021348,
          1.041641
        ],
        [
          0.08005,
          -0.694885,
          0.714652,
          0.724236
        ],
        [
          0.051429,
          -0.713118,
          -0.699155,
          1.137286
        ],
        [
          0.0,
          0.0,
          0.0,
          1.0
        ]
      ]
    },
    {
      "file_path": "/media/NFS/ttao/scannet/posed_images/scene0265_01/00144.jpg",
      "transform_matrix": [
        [
          0.995317,
          0.092585,
          -0.02777,
          1.04228
        ],
        [
          0.084311,
          -0.69106,
          0.717863,
          0.725604
        ],
        [
          0.047273,
          -0.716843,
          -0.69563,
          1.143633
        ],
        [
          0.0,
          0.0,
          0.0,
          1.0
        ]
      ]
    },
    {
      "file_path": "/media/NFS/ttao/scannet/posed_images/scene0265_01/00150.jpg",
      "transform_matrix": [
        [
          0.994941,
          0.061576,
          -0.079372,
          1.067392
        ],
        [
          0.100386,
          -0.638945,
          0.762674,
          0.730919
        ],
        [
          -0.003752,
          -0.766784,
          -0.641894,
          1.191186
        ],
        [
          0.0,
          0.0,
          0.0,
          1.0
        ]
      ]
    },
    {
      "file_path": "/media/NFS/ttao/scannet/posed_images/scene0265_01/00155.jpg",
      "transform_matrix": [
        [
          0.996351,
          0.019597,
          -0.083072,
          1.1014
        ],
        [
          0.078173,
          -0.600229,
          0.795999,
          0.745382
        ],
        [
          -0.034263,
          -0.799588,
          -0.599571,
          1.234757
        ],
        [
          0.0,
          0.0,
          0.0,
          1.0
        ]
      ]
    },
    {
      "file_path": "/media/NFS/ttao/scannet/posed_images/scene0265_01/00159.jpg",
      "transform_matrix": [
        [
          0.997513,
          -0.001713,
          -0.070463,
          1.130209
        ],
        [
          0.055827,
          -0.591073,
          0.804683,
          0.761669
        ],
        [
          -0.043027,
          -0.806616,
          -0.589508,
          1.260682
        ],
        [
          0.0,
          0.0,
          0.0,
          1.0
        ]
      ]
    },
    {
      "file_path": "/media/NFS/ttao/scannet/posed_images/scene0265_01/00162.jpg",
      "transform_matrix": [
        [
          0.997468,
          -0.01493,
          -0.069531,
          1.159849
        ],
        [
          0.048371,
          -0.574274,
          0.817233,
          0.765206
        ],
        [
          -0.052131,
          -0.818527,
          -0.572098,
          1.267044
        ],
        [
          0.0,
          0.0,
          0.0,
          1.0
        ]
      ]
    },
    {
      "file_path": "/media/NFS/ttao/scannet/posed_images/scene0265_01/00167.jpg",
      "transform_matrix": [
        [
          0.997861,
          -0.023246,
          -0.061099,
          1.20068
        ],
        [
          0.038099,
          -0.552705,
          0.832506,
          0.778223
        ],
        [
          -0.053123,
          -0.833053,
          -0.550637,
          1.293981
        ],
        [
          0.0,
          0.0,
          0.0,
          1.0
        ]
      ]
    },
    {
      "file_path": "/media/NFS/ttao/scannet/posed_images/scene0265_01/00169.jpg",
      "transform_matrix": [
        [
          0.997769,
          -0.030411,
          -0.059428,
          1.220194
        ],
        [
          0.03271,
          -0.553321,
          0.832326,
          0.784466
        ],
        [
          -0.058194,
          -0.832413,
          -0.551092,
          1.30502
        ],
        [
          0.0,
          0.0,
          0.0,
          1.0
        ]
      ]
    },
    {
      "file_path": "/media/NFS/ttao/scannet/posed_images/scene0265_01/00175.jpg",
      "transform_matrix": [
        [
          0.998444,
          -0.03874,
          -0.040097,
          1.259085
        ],
        [
          0.015675,
          -0.495127,
          0.868679,
          0.794607
        ],
        [
          -0.053506,
          -0.867956,
          -0.49375,
          1.336555
        ],
        [
          0.0,
          0.0,
          0.0,
          1.0
        ]
      ]
    },
    {
      "file_path": "/media/NFS/ttao/scannet/posed_images/scene0265_01/00177.jpg",
      "transform_matrix": [
        [
          0.998583,
          -0.042947,
          -0.03142,
          1.270696
        ],
        [
          0.006306,
          -0.490787,
          0.871257,
          0.799025
        ],
        [
          -0.052839,
          -0.87022,
          -0.489821,
          1.342932
        ],
        [
          0.0,
          0.0,
          0.0,
          1.0
        ]
      ]
    },
    {
      "file_path": "/media/NFS/ttao/scannet/posed_images/scene0265_01/00184.jpg",
      "transform_matrix": [
        [
          0.998326,
          -0.057755,
          -0.003087,
          1.294659
        ],
        [
          -0.023495,
          -0.453741,
          0.890824,
          0.804237
        ],
        [
          -0.05285,
          -0.88926,
          -0.454339,
          1.358707
        ],
        [
          0.0,
          0.0,
          0.0,
          1.0
        ]
      ]
    },
    {
      "file_path": "/media/NFS/ttao/scannet/posed_images/scene0265_01/00185.jpg",
      "transform_matrix": [
        [
          0.998142,
          -0.060912,
          -0.001555,
          1.297248
        ],
        [
          -0.026051,
          -0.449678,
          0.892811,
          0.805096
        ],
        [
          -0.055082,
          -0.891111,
          -0.450429,
          1.362569
        ],
        [
          0.0,
          0.0,
          0.0,
          1.0
        ]
      ]
    },
    {
      "file_path": "/media/NFS/ttao/scannet/posed_images/scene0265_01/00192.jpg",
      "transform_matrix": [
        [
          0.996394,
          -0.074053,
          0.041405,
          1.306723
        ],
        [
          -0.068243,
          -0.409569,
          0.909723,
          0.813008
        ],
        [
          -0.05041,
          -0.909268,
          -0.413146,
          1.381963
        ],
        [
          0.0,
          0.0,
          0.0,
          1.0
        ]
      ]
    },
    {
      "file_path": "/media/NFS/ttao/scannet/posed_images/scene0265_01/00196.jpg",
      "transform_matrix": [
        [
          0.995109,
          -0.071161,
          0.068509,
          1.313386
        ],
        [
          -0.090963,
          -0.389755,
          0.916415,
          0.819751
        ],
        [
          -0.038512,
          -0.918165,
          -0.394322,
          1.394898
        ],
        [
          0.0,
          0.0,
          0.0,
          1.0
        ]
      ]
    },
    {
      "file_path": "/media/NFS/ttao/scannet/posed_images/scene0265_01/00200.jpg",
      "transform_matrix": [
        [
          0.994849,
          -0.067641,
          0.075502,
          1.319673
        ],
        [
          -0.09522,
          -0.368095,
          0.9249,
          0.821997
        ],
        [
          -0.03477,
          -0.927324,
          -0.37264,
          1.407711
        ],
        [
          0.0,
          0.0,
          0.0,
          1.0
        ]
      ]
    },
    {
      "file_path": "/media/NFS/ttao/scannet/posed_images/scene0265_01/00202.jpg",
      "transform_matrix": [
        [
          0.994985,
          -0.068813,
          0.072587,
          1.321921
        ],
        [
          -0.092611,
          -0.3597,
          0.928461,
          0.822192
        ],
        [
          -0.037781,
          -0.930527,
          -0.364269,
          1.412942
        ],
        [
          0.0,
          0.0,
          0.0,
          1.0
        ]
      ]
    },
    {
      "file_path": "/media/NFS/ttao/scannet/posed_images/scene0265_01/00208.jpg",
      "transform_matrix": [
        [
          0.994426,
          -0.071729,
          0.077273,
          1.333827
        ],
        [
          -0.096587,
          -0.325889,
          0.940461,
          0.821713
        ],
        [
          -0.042276,
          -0.942683,
          -0.331001,
          1.432256
        ],
        [
          0.0,
          0.0,
          0.0,
          1.0
        ]
      ]
    },
    {
      "file_path": "/media/NFS/ttao/scannet/posed_images/scene0265_01/00210.jpg",
      "transform_matrix": [
        [
          0.994805,
          -0.0673,
          0.076383,
          1.335963
        ],
        [
          -0.093656,
          -0.310947,
          0.945801,
          0.819874
        ],
        [
          -0.039902,
          -0.948041,
          -0.315635,
          1.441353
        ],
        [
          0.0,
          0.0,
          0.0,
          1.0
        ]
      ]
    },
    {
      "file_path": "/media/NFS/ttao/scannet/posed_images/scene0265_01/00215.jpg",
      "transform_matrix": [
        [
          0.995662,
          -0.043675,
          0.082159,
          1.340036
        ],
        [
          -0.090768,
          -0.261706,
          0.96087,
          0.819845
        ],
        [
          -0.020465,
          -0.964159,
          -0.264535,
          1.463501
        ],
        [
          0.0,
          0.0,
          0.0,
          1.0
        ]
      ]
    },
    {
      "file_path": "/media/NFS/ttao/scannet/posed_images/scene0265_01/00218.jpg",
      "transform_matrix": [
        [
          0.996155,
          -0.032682,
          0.081279,
          1.341469
        ],
        [
          -0.086448,
          -0.2165,
          0.972448,
          0.819006
        ],
        [
          -0.014185,
          -0.975735,
          -0.218493,
          1.479532
        ],
        [
          0.0,
          0.0,
          0.0,
          1.0
        ]
      ]
    },
    {
      "file_path": "/media/NFS/ttao/scannet/posed_images/scene0265_01/00226.jpg",
      "transform_matrix": [
        [
          0.995571,
          -0.039397,
          0.085362,
          1.354555
        ],
        [
          -0.089813,
          -0.130147,
          0.987419,
          0.816078
        ],
        [
          -0.027792,
          -0.990711,
          -0.133109,
          1.525213
        ],
        [
          0.0,
          0.0,
          0.0,
          1.0
        ]
      ]
    },
    {
      "file_path": "/media/NFS/ttao/scannet/posed_images/scene0265_01/00227.jpg",
      "transform_matrix": [
        [
          0.995653,
          -0.036641,
          0.085625,
          1.35515
        ],
        [
          -0.089527,
          -0.123081,
          0.98835,
          0.816014
        ],
        [
          -0.025675,
          -0.99172,
          -0.125827,
          1.529034
        ],
        [
          0.0,
          0.0,
          0.0,
          1.0
        ]
      ]
    },
    {
      "file_path": "/media/NFS/ttao/scannet/posed_images/scene0265_01/00231.jpg",
      "transform_matrix": [
        [
          0.996379,
          -0.025635,
          0.081069,
          1.357436
        ],
        [
          -0.083347,
          -0.105984,
          0.990869,
          0.812833
        ],
        [
          -0.016809,
          -0.994037,
          -0.107737,
          1.544032
        ],
        [
          0.0,
          0.0,
          0.0,
          1.0
        ]
      ]
    },
    {
      "file_path": "/media/NFS/ttao/scannet/posed_images/scene0265_01/00236.jpg",
      "transform_matrix": [
        [
          0.99717,
          -0.017877,
          0.073027,
          1.357714
        ],
        [
          -0.074141,
          -0.072659,
          0.994597,
          0.806884
        ],
        [
          -0.012475,
          -0.997197,
          -0.073779,
          1.555606
        ],
        [
          0.0,
          0.0,
          0.0,
          1.0
        ]
      ]
    },
    {
      "file_path": "/media/NFS/ttao/scannet/posed_images/scene0265_01/00239.jpg",
      "transform_matrix": [
        [
          0.997653,
          -0.019082,
          0.065756,
          1.357323
        ],
        [
          -0.066715,
          -0.054951,
          0.996258,
          0.805118
        ],
        [
          -0.015397,
          -0.998307,
          -0.056095,
          1.563058
        ],
        [
          0.0,
          0.0,
          0.0,
          1.0
        ]
      ]
    },
    {
      "file_path": "/media/NFS/ttao/scannet/posed_images/scene0265_01/00244.jpg",
      "transform_matrix": [
        [
          0.998836,
          -0.0173,
          0.045024,
          1.356404
        ],
        [
          -0.045589,
          -0.033795,
          0.998388,
          0.802149
        ],
        [
          -0.01575,
          -0.999279,
          -0.034544,
          1.57564
        ],
        [
          0.0,
          0.0,
          0.0,
          1.0
        ]
      ]
    },
    {
      "file_path": "/media/NFS/ttao/scannet/posed_images/scene0265_01/00248.jpg",
      "transform_matrix": [
        [
          0.998678,
          -0.017487,
          0.048336,
          1.356624
        ],
        [
          -0.048607,
          -0.015428,
          0.998699,
          0.801004
        ],
        [
          -0.016719,
          -0.999728,
          -0.016257,
          1.579051
        ],
        [
          0.0,
          0.0,
          0.0,
          1.0
        ]
      ]
    },
    {
      "file_path": "/media/NFS/ttao/scannet/posed_images/scene0265_01/00253.jpg",
      "transform_matrix": [
        [
          0.999729,
          -0.020053,
          0.011794,
          1.342134
        ],
        [
          -0.012104,
          -0.015425,
          0.999808,
          0.797775
        ],
        [
          -0.019867,
          -0.99968,
          -0.015664,
          1.58527
        ],
        [
          0.0,
          0.0,
          0.0,
          1.0
        ]
      ]
    },
    {
      "file_path": "/media/NFS/ttao/scannet/posed_images/scene0265_01/00257.jpg",
      "transform_matrix": [
        [
          0.999138,
          -0.016777,
          -0.037973,
          1.322781
        ],
        [
          0.037801,
          -0.010467,
          0.99923,
          0.792194
        ],
        [
          -0.017162,
          -0.999804,
          -0.009824,
          1.582349
        ],
        [
          0.0,
          0.0,
          0.0,
          1.0
        ]
      ]
    },
    {
      "file_path": "/media/NFS/ttao/scannet/posed_images/scene0265_01/00260.jpg",
      "transform_matrix": [
        [
          0.998077,
          -0.016075,
          -0.059861,
          1.315931
        ],
        [
          0.059544,
          -0.019537,
          0.998035,
          0.789446
        ],
        [
          -0.017213,
          -0.99968,
          -0.018542,
          1.582321
        ],
        [
          0.0,
          0.0,
          0.0,
          1.0
        ]
      ]
    },
    {
      "file_path": "/media/NFS/ttao/scannet/posed_images/scene0265_01/00267.jpg",
      "transform_matrix": [
        [
          0.992324,
          -0.002121,
          -0.123647,
          1.289352
        ],
        [
          0.12364,
          -0.003336,
          0.992322,
          0.776103
        ],
        [
          -0.002517,
          -0.999992,
          -0.003048,
          1.577627
        ],
        [
          0.0,
          0.0,
          0.0,
          1.0
        ]
      ]
    },
    {
      "file_path": "/media/NFS/ttao/scannet/posed_images/scene0265_01/00269.jpg",
      "transform_matrix": [
        [
          0.990244,
          -0.000294,
          -0.139344,
          1.282824
        ],
        [
          0.13934,
          -0.006269,
          0.990225,
          0.773865
        ],
        [
          -0.001164,
          -0.99998,
          -0.006167,
          1.576975
        ],
        [
          0.0,
          0.0,
          0.0,
          1.0
        ]
      ]
    },
    {
      "file_path": "/media/NFS/ttao/scannet/posed_images/scene0265_01/00273.jpg",
      "transform_matrix": [
        [
          0.986913,
          0.012923,
          -0.160737,
          1.273958
        ],
        [
          0.160849,
          -0.008119,
          0.986946,
          0.771369
        ],
        [
          0.011449,
          -0.999883,
          -0.010092,
          1.573515
        ],
        [
          0.0,
          0.0,
          0.0,
          1.0
        ]
      ]
    },
    {
      "file_path": "/media/NFS/ttao/scannet/posed_images/scene0265_01/00277.jpg",
      "transform_matrix": [
        [
          0.984133,
          0.020774,
          -0.176209,
          1.268797
        ],
        [
          0.176189,
          0.002787,
          0.984352,
          0.766426
        ],
        [
          0.02094,
          -0.99978,
          -0.000917,
          1.57405
        ],
        [
          0.0,
          0.0,
          0.0,
          1.0
        ]
      ]
    },
    {
      "file_path": "/media/NFS/ttao/scannet/posed_images/scene0265_01/00283.jpg",
      "transform_matrix": [
        [
          0.977075,
          0.019489,
          -0.212002,
          1.261394
        ],
        [
          0.210769,
          0.051855,
          0.97616,
          0.755151
        ],
        [
          0.030017,
          -0.998464,
          0.046558,
          1.570948
        ],
        [
          0.0,
          0.0,
          0.0,
          1.0
        ]
      ]
    },
    {
      "file_path": "/media/NFS/ttao/scannet/posed_images/scene0265_01/00286.jpg",
      "transform_matrix": [
        [
          0.972868,
          0.001675,
          -0.231353,
          1.261354
        ],
        [
          0.230936,
          0.053462,
          0.971499,
          0.75029
        ],
        [
          0.013996,
          -0.998568,
          0.051625,
          1.568337
        ],
        [
          0.0,
          0.0,
          0.0,
          1.0
        ]
      ]
    },
    {
      "file_path": "/media/NFS/ttao/scannet/posed_images/scene0265_01/00291.jpg",
      "transform_matrix": [
        [
          0.963101,
          0.007927,
          -0.269023,
          1.253142
        ],
        [
          0.268781,
          0.023249,
          0.962921,
          0.746452
        ],
        [
          0.013888,
          -0.999698,
          0.02026,
          1.54874
        ],
        [
          0.0,
          0.0,
          0.0,
          1.0
        ]
      ]
    },
    {
      "file_path": "/media/NFS/ttao/scannet/posed_images/scene0265_01/00294.jpg",
      "transform_matrix": [
        [
          0.958478,
          0.019767,
          -0.284479,
          1.247327
        ],
        [
          0.284622,
          -0.004787,
          0.958628,
          0.747125
        ],
        [
          0.017587,
          -0.999793,
          -0.010214,
          1.529082
        ],
        [
          0.0,
          0.0,
          0.0,
          1.0
        ]
      ]
    },
    {
      "file_path": "/media/NFS/ttao/scannet/posed_images/scene0265_01/00300.jpg",
      "transform_matrix": [
        [
          0.958661,
          0.044518,
          -0.281045,
          1.242487
        ],
        [
          0.283578,
          -0.067954,
          0.956538,
          0.754484
        ],
        [
          0.023485,
          -0.996695,
          -0.077769,
          1.496264
        ],
        [
          0.0,
          0.0,
          0.0,
          1.0
        ]
      ]
    },
    {
      "file_path": "/media/NFS/ttao/scannet/posed_images/scene0265_01/00303.jpg",
      "transform_matrix": [
        [
          0.960209,
          0.057691,
          -0.273258,
          1.240817
        ],
        [
          0.27811,
          -0.107953,
          0.954464,
          0.759677
        ],
        [
          0.025565,
          -0.99248,
          -0.119702,
          1.483484
        ],
        [
          0.0,
          0.0,
          0.0,
          1.0
        ]
      ]
    },
    {
      "file_path": "/media/NFS/ttao/scannet/posed_images/scene0265_01/00308.jpg",
      "transform_matrix": [
        [
          0.958309,
          0.050847,
          -0.281173,
          1.238914
        ],
        [
          0.285676,
          -0.150699,
          0.946403,
          0.765078
        ],
        [
          0.00575,
          -0.987271,
          -0.158942,
          1.462302
        ],
        [
          0.0,
          0.0,
          0.0,
          1.0
        ]
      ]
    },
    {
      "file_path": "/media/NFS/ttao/scannet/posed_images/scene0265_01/00312.jpg",
      "transform_matrix": [
        [
          0.956197,
          0.068817,
          -0.284519,
          1.234602
        ],
        [
          0.29238,
          -0.177518,
          0.939681,
          0.767896
        ],
        [
          0.014159,
          -0.981709,
          -0.189863,
          1.447006
        ],
        [
          0.0,
          0.0,
          0.0,
          1.0
        ]
      ]
    },
    {
      "file_path": "/media/NFS/ttao/scannet/posed_images/scene0265_01/00314.jpg",
      "transform_matrix": [
        [
          0.958866,
          0.075683,
          -0.273584,
          1.231184
        ],
        [
          0.28327,
          -0.193083,
          0.939402,
          0.770322
        ],
        [
          0.018272,
          -0.978259,
          -0.206579,
          1.437327
        ],
        [
          0.0,
          0.0,
          0.0,
          1.0
        ]
      ]
    },
    {
      "file_path": "/media/NFS/ttao/scannet/posed_images/scene0265_01/00319.jpg",
      "transform_matrix": [
        [
          0.963586,
          0.086186,
          -0.253128,
          1.228228
        ],
        [
          0.266401,
          -0.227709,
          0.936579,
          0.775124
        ],
        [
          0.02308,
          -0.969907,
          -0.242377,
          1.417363
        ],
        [
