{
  "frames": [
    {
      "file_path": "/media/NFS/ttao/scannet/posed_images/scene0446_01/00000.jpg",
      "transform_matrix": [
        [
          -0.992989,
          -0.049434,
          0.107378,
          2.26568
        ],
        [
          -0.108226,
          0.745551,
          -0.657603,
          0.865681
        ],
        [
          -0.047548,
          -0.664613,
          -0.745673,
          1.338122
        ],
        [
          0.0,
          0.0,
          0.0,
          1.0
        ]
      ]
    },
    {
      "file_path": "/media/NFS/ttao/scannet/posed_images/scene0446_01/00006.jpg",
      "transform_matrix": [
        [
          -0.97567,
          -0.092598,
          0.19873,
          2.279934
        ],
        [
          -0.201898,
          0.732836,
          -0.64976,
          0.885147
        ],
        [
          -0.08547,
          -0.674075,
          -0.733702,
          1.355909
        ],
        [
          0.0,
          0.0,
          0.0,
          1.0
        ]
      ]
    },
    {
      "file_path": "/media/NFS/ttao/scannet/posed_images/scene0446_01/00012.jpg",
      "transform_matrix": [
        [
          -0.954495,
          -0.112603,
          0.276151,
          2.24123
        ],
        [
          -0.274347,
          0.694598,
          -0.665032,
          0.925361
        ],
        [
          -0.116929,
          -0.710531,
          -0.693883,
          1.370789
        ],
        [
          0.0,
          0.0,
          0.0,
          1.0
        ]
      ]
    },
    {
      "file_path": "/media/NFS/ttao/scannet/posed_images/scene0446_01/00018.jpg",
      "transform_matrix": [
        [
          -0.933011,
          -0.116918,
          0.340324,
          2.192118
        ],
        [
          -0.325874,
          0.67567,
          -0.661269,
          0.961805
        ],
        [
          -0.152632,
          -0.727874,
          -0.668509,
          1.384042
        ],
        [
          0.0,
          0.0,
          0.0,
          1.0
        ]
      ]
    },
    {
      "file_path": "/media/NFS/ttao/scannet/posed_images/scene0446_01/00031.jpg",
      "transform_matrix": [
        [
          -0.885518,
          -0.104171,
          0.452776,
          2.146857
        ],
        [
          -0.407498,
          0.642245,
          -0.649204,
          0.992472
        ],
        [
          -0.223165,
          -0.759388,
          -0.61117,
          1.403376
        ],
        [
          0.0,
          0.0,
          0.0,
          1.0
        ]
      ]
    },
    {
      "file_path": "/media/NFS/ttao/scannet/posed_images/scene0446_01/00037.jpg",
      "transform_matrix": [
        [
          -0.880714,
          -0.109529,
          0.460811,
          2.150785
        ],
        [
          -0.421567,
          0.624791,
          -0.657204,
          0.979383
        ],
        [
          -0.215928,
          -0.773071,
          -0.596436,
          1.406916
        ],
        [
          0.0,
          0.0,
          0.0,
          1.0
        ]
      ]
    },
    {
      "file_path": "/media/NFS/ttao/scannet/posed_images/scene0446_01/00039.jpg",
      "transform_matrix": [
        [
          -0.884313,
          -0.117896,
          0.451765,
          2.147064
        ],
        [
          -0.418081,
          0.63069,
          -0.653788,
          0.972484
        ],
        [
          -0.207844,
          -0.767027,
          -0.607017,
          1.40355
        ],
        [
          0.0,
          0.0,
          0.0,
          1.0
        ]
      ]
    },
    {
      "file_path": "/media/NFS/ttao/scannet/posed_images/scene0446_01/00051.jpg",
      "transform_matrix": [
        [
          -0.889482,
          -0.139929,
          0.435019,
          2.039549
        ],
        [
          -0.411408,
          0.659583,
          -0.629042,
          0.944457
        ],
        [
          -0.19891,
          -0.738492,
          -0.644255,
          1.398127
        ],
        [
          0.0,
          0.0,
          0.0,
          1.0
        ]
      ]
    },
    {
      "file_path": "/media/NFS/ttao/scannet/posed_images/scene0446_01/00053.jpg",
      "transform_matrix": [
        [
          -0.886882,
          -0.144649,
          0.438768,
          2.002859
        ],
        [
          -0.417676,
          0.656941,
          -0.627674,
          0.939568
        ],
        [
          -0.197452,
          -0.739936,
          -0.643046,
          1.394245
        ],
        [
          0.0,
          0.0,
          0.0,
          1.0
        ]
      ]
    },
    {
      "file_path": "/media/NFS/ttao/scannet/posed_images/scene0446_01/00061.jpg",
      "transform_matrix": [
        [
          -0.860276,
          -0.217207,
          0.461245,
          1.825161
        ],
        [
          -0.478932,
          0.65446,
          -0.585069,
          0.911539
        ],
        [
          -0.174786,
          -0.724226,
          -0.667043,
          1.374719
        ],
        [
          0.0,
          0.0,
          0.0,
          1.0
        ]
      ]
    },
    {
      "file_path": "/media/NFS/ttao/scannet/posed_images/scene0446_01/00067.jpg",
      "transform_matrix": [
        [
          -0.850985,
          -0.244524,
          0.464794,
          1.733355
        ],
        [
          -0.499464,
          0.650395,
          -0.572295,
          0.878752
        ],
        [
          -0.16236,
          -0.719162,
          -0.675607,
          1.360625
        ],
        [
          0.0,
          0.0,
          0.0,
          1.0
        ]
      ]
    },
    {
      "file_path": "/media/NFS/ttao/scannet/posed_images/scene0446_01/00077.jpg",
      "transform_matrix": [
        [
          -0.824515,
          -0.313236,
          0.47123,
          1.659294
        ],
        [
          -0.547448,
          0.652202,
          -0.524341,
          0.829686
        ],
        [
          -0.143095,
          -0.690301,
          -0.709231,
          1.329276
        ],
        [
          0.0,
          0.0,
          0.0,
          1.0
        ]
      ]
    },
    {
      "file_path": "/media/NFS/ttao/scannet/posed_images/scene0446_01/00081.jpg",
      "transform_matrix": [
        [
          -0.786466,
          -0.363666,
          0.499217,
          1.623283
        ],
        [
          -0.602353,
          0.630299,
          -0.48979,
          0.820848
        ],
        [
          -0.136536,
          -0.685908,
          -0.714764,
          1.317189
        ],
        [
          0.0,
          0.0,
          0.0,
          1.0
        ]
      ]
    },
    {
      "file_path": "/media/NFS/ttao/scannet/posed_images/scene0446_01/00089.jpg",
      "transform_matrix": [
        [
          -0.688531,
          -0.474112,
          0.548764,
          1.530367
        ],
        [
          -0.715071,
          0.569915,
          -0.404809,
          0.807618
        ],
        [
          -0.120824,
          -0.671129,
          -0.731428,
          1.303814
        ],
        [
          0.0,
          0.0,
          0.0,
          1.0
        ]
      ]
    },
    {
      "file_path": "/media/NFS/ttao/scannet/posed_images/scene0446_01/00094.jpg",
      "transform_matrix": [
        [
          -0.631805,
          -0.514441,
          0.579804,
          1.482538
        ],
        [
          -0.765446,
          0.531937,
          -0.362126,
          0.811214
        ],
        [
          -0.122127,
          -0.672602,
          -0.729858,
          1.306429
        ],
        [
          0.0,
          0.0,
          0.0,
          1.0
        ]
      ]
    },
    {
      "file_path": "/media/NFS/ttao/scannet/posed_images/scene0446_01/00106.jpg",
      "transform_matrix": [
        [
          -0.665643,
          -0.451952,
          0.59385,
          1.472657
        ],
        [
          -0.738067,
          0.516355,
          -0.434321,
          0.820549
        ],
        [
          -0.110346,
          -0.727404,
          -0.677279,
          1.328355
        ],
        [
          0.0,
          0.0,
          0.0,
          1.0
        ]
      ]
    },
    {
      "file_path": "/media/NFS/ttao/scannet/posed_images/scene0446_01/00112.jpg",
      "transform_matrix": [
        [
          -0.748824,
          -0.40436,
          0.525125,
          1.522577
        ],
        [
          -0.655253,
          0.570668,
          -0.494955,
          0.83857
        ],
        [
          -0.099532,
          -0.714724,
          -0.692288,
          1.329479
        ],
        [
          0.0,
          0.0,
          0.0,
          1.0
        ]
      ]
    },
    {
      "file_path": "/media/NFS/ttao/scannet/posed_images/scene0446_01/00114.jpg",
      "transform_matrix": [
        [
          -0.774886,
          -0.391268,
          0.496448,
          1.546265
        ],
        [
          -0.625995,
          0.583925,
          -0.516878,
          0.846659
        ],
        [
          -0.087651,
          -0.711295,
          -0.697407,
          1.329909
        ],
        [
          0.0,
          0.0,
          0.0,
          1.0
        ]
      ]
    },
    {
      "file_path": "/media/NFS/ttao/scannet/posed_images/scene0446_01/00124.jpg",
      "transform_matrix": [
        [
          -0.900906,
          -0.26439,
          0.344189,
          1.69188
        ],
        [
          -0.431702,
          0.627626,
          -0.647857,
          0.900811
        ],
        [
          -0.044735,
          -0.732246,
          -0.67957,
          1.3396
        ],
        [
          0.0,
          0.0,
          0.0,
          1.0
        ]
      ]
    },
    {
      "file_path": "/media/NFS/ttao/scannet/posed_images/scene0446_01/00128.jpg",
      "transform_matrix": [
        [
          -0.928562,
          -0.228475,
          0.292527,
          1.749465
        ],
        [
          -0.369586,
          0.642025,
          -0.671721,
          0.924273
        ],
        [
          -0.034338,
          -0.731849,
          -0.680602,
          1.343039
        ],
        [
          0.0,
          0.0,
          0.0,
          1.0
        ]
      ]
    },
    {
      "file_path": "/media/NFS/ttao/scannet/posed_images/scene0446_01/00134.jpg",
      "transform_matrix": [
        [
          -0.954868,
          -0.197674,
          0.221703,
          1.834534
        ],
        [
          -0.296871,
          0.659629,
          -0.690476,
          0.939549
        ],
        [
          -0.009753,
          -0.725131,
          -0.688542,
          1.340208
        ],
        [
          0.0,
          0.0,
          0.0,
          1.0
        ]
      ]
    },
    {
      "file_path": "/media/NFS/ttao/scannet/posed_images/scene0446_01/00146.jpg",
      "transform_matrix": [
        [
          -0.995803,
          -0.050936,
          0.076039,
          2.039453
        ],
        [
          -0.089123,
          0.728694,
          -0.679016,
          0.888686
        ],
        [
          -0.020823,
          -0.682943,
          -0.730175,
          1.32325
        ],
        [
          0.0,
          0.0,
          0.0,
          1.0
        ]
      ]
    },
    {
      "file_path": "/media/NFS/ttao/scannet/posed_images/scene0446_01/00153.jpg",
      "transform_matrix": [
        [
          -0.999543,
          0.029841,
          0.004749,
          2.153908
        ],
        [
          0.019316,
          0.751862,
          -0.659037,
          0.851899
        ],
        [
          -0.023237,
          -0.658645,
          -0.752095,
          1.328574
        ],
        [
          0.0,
          0.0,
          0.0,
          1.0
        ]
      ]
    },
    {
      "file_path": "/media/NFS/ttao/scannet/posed_images/scene0446_01/00159.jpg",
      "transform_matrix": [
        [
          -0.992227,
          0.102722,
          -0.070239,
          2.249851
        ],
        [
          0.123161,
          0.729917,
          -0.672348,
          0.838271
        ],
        [
          -0.017796,
          -0.675773,
          -0.736895,
          1.331692
        ],
        [
          0.0,
          0.0,
          0.0,
          1.0
        ]
      ]
    },
    {
      "file_path": "/media/NFS/ttao/scannet/posed_images/scene0446_01/00163.jpg",
      "transform_matrix": [
        [
          -0.982957,
          0.144869,
          -0.113175,
          2.316622
        ],
        [
          0.182952,
          0.710576,
          -0.679419,
          0.834939
        ],
        [
          -0.018008,
          -0.688545,
          -0.72497,
          1.328211
        ],
        [
          0.0,
          0.0,
          0.0,
          1.0
        ]
      ]
    },
    {
      "file_path": "/media/NFS/ttao/scannet/posed_images/scene0446_01/00171.jpg",
      "transform_matrix": [
        [
          -0.963031,
          0.191231,
          -0.189744,
          2.4523
        ],
        [
          0.268945,
          0.723083,
          -0.636254,
          0.824829
        ],
        [
          0.015529,
          -0.663763,
          -0.747782,
          1.317083
        ],
        [
          0.0,
          0.0,
          0.0,
          1.0
        ]
      ]
    },
    {
      "file_path": "/media/NFS/ttao/scannet/posed_images/scene0446_01/00179.jpg",
      "transform_matrix": [
        [
          -0.962085,
          0.187275,
          -0.198293,
          2.520925
        ],
        [
          0.271328,
          0.731248,
          -0.625826,
          0.821809
        ],
        [
          0.0278,
          -0.6559,
          -0.754336,
          1.317068
        ],
        [
          0.0,
          0.0,
          0.0,
          1.0
        ]
      ]
    },
    {
      "file_path": "/media/NFS/ttao/scannet/posed_images/scene0446_01/00181.jpg",
      "transform_matrix": [
        [
          -0.968275,
          0.169828,
          -0.183309,
          2.52895
        ],
        [
          0.248051,
          0.741997,
          -0.622825,
          0.821701
        ],
        [
          0.030242,
          -0.648536,
          -0.760583,
          1.317264
        ],
        [
          0.0,
          0.0,
          0.0,
          1.0
        ]
      ]
    },
    {
      "file_path": "/media/NFS/ttao/scannet/posed_images/scene0446_01/00193.jpg",
      "transform_matrix": [
        [
          -0.991314,
          0.066687,
          -0.113358,
          2.499522
        ],
        [
          0.11736,
          0.837567,
          -0.53358,
          0.769643
        ],
        [
          0.059363,
          -0.542249,
          -0.838118,
          1.34486
        ],
        [
          0.0,
          0.0,
          0.0,
          1.0
        ]
      ]
    },
    {
      "file_path": "/media/NFS/ttao/scannet/posed_images/scene0446_01/00195.jpg",
      "transform_matrix": [
        [
          -0.993367,
          0.060751,
          -0.09763,
          2.4907
        ],
        [
          0.103697,
          0.840194,
          -0.532279,
          0.770927
        ],
        [
          0.049692,
          -0.538872,
          -0.840921,
          1.35188
        ],
        [
          0.0,
          0.0,
          0.0,
          1.0
        ]
      ]
    },
    {
      "file_path": "/media/NFS/ttao/scannet/posed_images/scene0446_01/00201.jpg",
      "transform_matrix": [
        [
          -0.998149,
          0.042391,
          -0.043602,
          2.470244
        ],
        [
          0.058655,
          0.860367,
          -0.506288,
          0.800413
        ],
        [
          0.016051,
          -0.507908,
          -0.861262,
          1.361776
        ],
        [
          0.0,
          0.0,
          0.0,
          1.0
        ]
      ]
    },
    {
      "file_path": "/media/NFS/ttao/scannet/posed_images/scene0446_01/00214.jpg",
      "transform_matrix": [
        [
          -0.998747,
          0.047582,
          -0.015509,
          2.439304
        ],
        [
          0.049497,
          0.893432,
          -0.446463,
          0.930142
        ],
        [
          -0.007387,
          -0.446671,
          -0.894668,
          1.312375
        ],
        [
          0.0,
          0.0,
          0.0,
          1.0
        ]
      ]
    },
    {
      "file_path": "/media/NFS/ttao/scannet/posed_images/scene0446_01/00220.jpg",
      "transform_matrix": [
        [
          -0.999662,
          0.023516,
          0.011103,
          2.407189
        ],
        [
          0.016212,
          0.897382,
          -0.440957,
          0.972878
        ],
        [
          -0.020333,
          -0.440627,
          -0.89746,
          1.306413
        ],
        [
          0.0,
          0.0,
          0.0,
          1.0
        ]
      ]
    },
    {
      "file_path": "/media/NFS/ttao/scannet/posed_images/scene0446_01/00222.jpg",
      "transform_matrix": [
        [
          -0.999367,
          0.016004,
          0.031788,
          2.391514
        ],
        [
          -0.000721,
          0.883898,
          -0.467679,
          0.990855
        ],
        [
          -0.035582,
          -0.467405,
          -0.883327,
          1.304256
        ],
        [
          0.0,
          0.0,
          0.0,
          1.0
        ]
      ]
    },
    {
      "file_path": "/media/NFS/ttao/scannet/posed_images/scene0446_01/00234.jpg",
      "transform_matrix": [
        [
          -0.990447,
          -0.05985,
          0.124228,
          2.300053
        ],
        [
          -0.120449,
          0.814093,
          -0.568106,
          1.117927
        ],
        [
          -0.067133,
          -0.577642,
          -0.813525,
          1.179306
        ],
        [
          0.0,
          0.0,
          0.0,
          1.0
        ]
      ]
    },
    {
      "file_path": "/media/NFS/ttao/scannet/posed_images/scene0446_01/00238.jpg",
      "transform_matrix": [
        [
          -0.988406,
          -0.086785,
          0.12459,
          2.289115
        ],
        [
          -0.141519,
          0.823871,
          -0.548826,
          1.148172
        ],
        [
          -0.055016,
          -0.560094,
          -0.8266,
          1.138846
        ],
        [
          0.0,
          0.0,
          0.0,
          1.0
        ]
      ]
    },
    {
      "file_path": "/media/NFS/ttao/scannet/posed_images/scene0446_01/00242.jpg",
      "transform_matrix": [
        [
          -0.9896,
          -0.114973,
          0.086448,
          2.289707
        ],
        [
          -0.143662,
          0.759518,
          -0.634424,
          1.182525
        ],
        [
          0.007283,
          -0.640245,
          -0.768136,
          1.091834
        ],
        [
          0.0,
          0.0,
          0.0,
          1.0
        ]
      ]
    },
    {
      "file_path": "/media/NFS/ttao/scannet/posed_images/scene0446_01/00252.jpg",
      "transform_matrix": [
        [
          -0.993598,
          -0.089054,
          0.069517,
          2.307697
        ],
        [
          -0.112851,
          0.753666,
          -0.647497,
          1.214403
        ],
        [
          0.00527,
          -0.651196,
          -0.758891,
          1.047086
        ],
        [
          0.0,
          0.0,
          0.0,
          1.0
        ]
      ]
    },
    {
      "file_path": "/media/NFS/ttao/scannet/posed_images/scene0446_01/00260.jpg",
      "transform_matrix": [
        [
          -0.989275,
          -0.098285,
          0.108051,
          2.318996
        ],
        [
          -0.144858,
          0.755063,
          -0.63945,
          1.224279
        ],
        [
          -0.018737,
          -0.648244,
          -0.761202,
          1.045689
        ],
        [
          0.0,
          0.0,
          0.0,
          1.0
        ]
      ]
    },
    {
      "file_path": "/media/NFS/ttao/scannet/posed_images/scene0446_01/00264.jpg",
      "transform_matrix": [
        [
          -0.989258,
          -0.093941,
          0.111996,
          2.320417
        ],
        [
          -0.144073,
          0.756162,
          -0.638327,
          1.222799
        ],
        [
          -0.024722,
          -0.647606,
          -0.761574,
          1.046104
        ],
        [
          0.0,
          0.0,
          0.0,
          1.0
        ]
      ]
    },
    {
      "file_path": "/media/NFS/ttao/scannet/posed_images/scene0446_01/00275.jpg",
      "transform_matrix": [
        [
          -0.994719,
          -0.044288,
          0.092594,
          2.304361
        ],
        [
          -0.095088,
          0.737271,
          -0.668872,
          1.209718
        ],
        [
          -0.038644,
          -0.674144,
          -0.737589,
          1.077611
        ],
        [
          0.0,
          0.0,
          0.0,
          1.0
        ]
      ]
    },
    {
      "file_path": "/media/NFS/ttao/scannet/posed_images/scene0446_01/00277.jpg",
      "transform_matrix": [
        [
          -0.996652,
          -0.034641,
          0.074065,
          2.300742
        ],
        [
          -0.076389,
          0.717531,
          -0.692325,
          1.2072
        ],
        [
          -0.029161,
          -0.695664,
          -0.717775,
          1.086855
        ],
        [
          0.0,
          0.0,
          0.0,
          1.0
        ]
      ]
    },
    {
      "file_path": "/media/NFS/ttao/scannet/posed_images/scene0446_01/00283.jpg",
      "transform_matrix": [
        [
          -0.999219,
          -0.011353,
          0.037845,
          2.295658
        ],
        [
          -0.03552,
          0.6776,
          -0.734573,
          1.195495
        ],
        [
          -0.017304,
          -0.735343,
          -0.677474,
          1.110579
        ],
        [
          0.0,
          0.0,
          0.0,
          1.0
        ]
      ]
    },
    {
      "file_path": "/media/NFS/ttao/scannet/posed_images/scene0446_01/00291.jpg",
      "transform_matrix": [
        [
          -0.999815,
          0.01898,
          -0.0031,
          2.2758
        ],
        [
          0.015281,
          0.686194,
          -0.727258,
          1.185203
        ],
        [
          -0.011676,
          -0.727171,
          -0.686358,
          1.140349
        ],
        [
          0.0,
          0.0,
          0.0,
          1.0
        ]
      ]
    },
    {
      "file_path": "/media/NFS/ttao/scannet/posed_images/scene0446_01/00297.jpg",
      "transform_matrix": [
        [
          -0.99356,
          0.108117,
          -0.033918,
          2.248298
        ],
        [
          0.097154,
          0.658769,
          -0.746046,
          1.176755
        ],
        [
          -0.058316,
          -0.744537,
          -0.66503,
          1.169667
        ],
        [
          0.0,
          0.0,
          0.0,
          1.0
        ]
      ]
    },
    {
      "file_path": "/media/NFS/ttao/scannet/posed_images/scene0446_01/00309.jpg",
      "transform_matrix": [
        [
          -0.958424,
          0.242467,
          -0.150442,
          2.19077
        ],
        [
          0.272587,
          0.622078,
          -0.733972,
          1.148671
        ],
        [
          -0.084377,
          -0.744465,
          -0.662308,
          1.201071
        ],
        [
          0.0,
          0.0,
          0.0,
          1.0
        ]
      ]
    },
    {
      "file_path": "/media/NFS/ttao/scannet/posed_images/scene0446_01/00311.jpg",
      "transform_matrix": [
        [
          -0.948128,
          0.269391,
          -0.168768,
          2.171677
        ],
        [
          0.304487,
          0.617064,
          -0.725617,
          1.142601
        ],
        [
          -0.091334,
          -0.739365,
          -0.667081,
          1.206554
        ],
        [
          0.0,
          0.0,
          0.0,
          1.0
        ]
      ]
    },
    {
      "file_path": "/media/NFS/ttao/scannet/posed_images/scene0446_01/00319.jpg",
      "transform_matrix": [
        [
          -0.917649,
          0.335406,
          -0.213127,
          2.10773
        ],
        [
          0.382332,
          0.59892,
          -0.703646,
          1.127247
        ],
        [
          -0.108361,
          -0.727185,
          -0.677835,
          1.210634
        ],
        [
          0.0,
          0.0,
          0.0,
          1.0
        ]
      ]
    },
    {
      "file_path": "/media/NFS/ttao/scannet/posed_images/scene0446_01/00323.jpg",
      "transform_matrix": [
        [
          -0.911555,
          0.348359,
          -0.218432,
          2.074099
        ],
        [
          0.396446,
          0.603698,
          -0.69165,
          1.120792
        ],
        [
          -0.109076,
          -0.717074,
          -0.68841,
          1.211718
        ],
        [
          0.0,
          0.0,
          0.0,
          1.0
        ]
      ]
    },
    {
      "file_path": "/media/NFS/ttao/scannet/posed_images/scene0446_01/00334.jpg",
      "transform_matrix": [
        [
          -0.912347,
          0.34028,
          -0.227668,
          1.972189
        ],
        [
          0.401559,
          0.635299,
          -0.659655,
          1.104667
        ],
        [
          -0.07983,
          -0.693257,
          -0.716256,
          1.216874
        ],
        [
          0.0,
          0.0,
          0.0,
          1.0
        ]
      ]
    },
    {
      "file_path": "/media/NFS/ttao/scannet/posed_images/scene0446_01/00342.jpg",
      "transform_matrix": [
        [
          -0.940332,
          0.311916,
          -0.135961,
          1.856778
        ],
        [
          0.315183,
          0.647919,
          -0.693441,
          1.075156
        ],
        [
          -0.128204,
          -0.694917,
          -0.707569,
          1.234238
        ],
        [
          0.0,
          0.0,
          0.0,
          1.0
        ]
      ]
    },
    {
      "file_path": "/media/NFS/ttao/scannet/posed_images/scene0446_01/00348.jpg",
      "transform_matrix": [
        [
          -0.962403,
          0.25624,
          -0.090126,
          1.742616
        ],
        [
          0.238847,
          0.640307,
          -0.730041,
          1.043568
        ],
        [
          -0.129357,
          -0.724119,
          -0.677435,
          1.252682
        ],
        [
          0.0,
          0.0,
          0.0,
          1.0
        ]
      ]
    },
    {
      "file_path": "/media/NFS/ttao/scannet/posed_images/scene0446_01/00356.jpg",
      "transform_matrix": [
        [
          -0.984787,
          0.173768,
          -1e-06,
          1.619864
        ],
        [
          0.115083,
          0.652203,
          -0.749258,
          1.017439
        ],
        [
          -0.130196,
          -0.737859,
          -0.662278,
          1.269694
        ],
        [
          0.0,
          0.0,
          0.0,
          1.0
        ]
      ]
    },
    {
      "file_path": "/media/NFS/ttao/scannet/posed_images/scene0446_01/00358.jpg",
      "transform_matrix": [
        [
          -0.986187,
          0.162553,
          0.031794,
          1.594127
        ],
        [
          0.085139,
          0.662154,
          -0.744516,
          1.009921
        ],
        [
          -0.142076,
          -0.731525,
          -0.666847,
          1.266741
        ],
        [
          0.0,
          0.0,
          0.0,
          1.0
        ]
      ]
    },
    {
      "file_path": "/media/NFS/ttao/scannet/posed_images/scene0446_01/00364.jpg",
      "transform_matrix": [
        [
          -0.98366,
          0.108638,
          0.143562,
          1.511521
        ],
        [
          -0.027312,
          0.698137,
          -0.715443,
          0.980649
        ],
        [
          -0.17795,
          -0.707674,
          -0.683762,
          1.238372
        ],
        [
          0.0,
          0.0,
          0.0,
          1.0
        ]
      ]
    },
    {
      "file_path": "/media/NFS/ttao/scannet/posed_images/scene0446_01/00372.jpg",
      "transform_matrix": [
        [
          -0.976729,
          -0.019975,
          0.213545,
          1.400683
        ],
        [
          -0.153113,
          0.762155,
          -0.629028,
          0.919011
        ],
        [
          -0.15019,
          -0.647086,
          -0.747477,
          1.201112
        ],
        [
          0.0,
          0.0,
          0.0,
          1.0
        ]
      ]
    },
    {
      "file_path": "/media/NFS/ttao/scannet/posed_images/scene0446_01/00382.jpg",
      "transform_matrix": [
        [
          -0.92348,
          -0.161309,
          0.348087,
          1.301278
        ],
        [
          -0.322833,
          0.816941,
          -0.477897,
          0.90102
        ],
        [
          -0.207278,
          -0.553702,
          -0.806505,
          1.163439
        ],
        [
          0.0,
          0.0,
          0.0,
          1.0
        ]
      ]
    },
    {
      "file_path": "/media/NFS/ttao/scannet/posed_images/scene0446_01/00386.jpg",
      "transform_matrix": [
        [
          -0.892192,
          -0.226683,
          0.390651,
          1.268296
        ],
        [
          -0.394552,
          0.812134,
          -0.429845,
          0.904226
        ],
        [
          -0.219822,
          -0.537636,
          -0.814018,
          1.151068
        ],
        [
          0.0,
          0.0,
          0.0,
          1.0
        ]
      ]
    },
    {
      "file_path": "/media/NFS/ttao/scannet/posed_images/scene0446_01/00397.jpg",
      "transform_matrix": [
        [
          -0.902498,
          -0.28345,
          0.324274,
          1.27251
        ],
        [
          -0.403947,
          0.818263,
          -0.40899,
          0.920995
        ],
        [
          -0.149413,
          -0.500102,
          -0.852979,
          1.138735
        ],
        [
          0.0,
          0.0,
          0.0,
          1.0
        ]
      ]
    },
    {
      "file_path": "/media/NFS/ttao/scannet/posed_images/scene0446_01/00403.jpg",
      "transform_matrix": [
        [
          -0.929166,
          -0.219895,
          0.297148,
          1.342778
        ],
        [
          -0.339623,
          0.825213,
          -0.451309,
          0.935311
        ],
        [
          -0.14597,
          -0.520259,
          -0.841441,
          1.138464
        ],
        [
          0.0,
          0.0,
          0.0,
          1.0
        ]
      ]
    },
    {
      "file_path": "/media/NFS/ttao/scannet/posed_images/scene0446_01/00409.jpg",
      "transform_matrix": [
        [
          -0.957857,
          -0.150379,
          0.244735,
          1.448596
        ],
        [
          -0.25834,
          0.823481,
          -0.505113,
          0.960168
        ],
        [
          -0.125577,
          -0.547051,
          -0.827627,
          1.129441
        ],
        [
          0.0,
          0.0,
          0.0,
          1.0
        ]
      ]
    },
    {
      "file_path": "/media/NFS/ttao/scannet/posed_images/scene0446_01/00413.jpg",
      "transform_matrix": [
        [
          -0.978103,
          -0.07406,
          0.194497,
          1.533624
        ],
        [
          -0.167517,
          0.834715,
          -0.524584,
          0.967913
        ],
        [
          -0.123499,
          -0.545679,
          -0.828844,
          1.128597
        ],
        [
          0.0,
          0.0,
          0.0,
          1.0
        ]
      ]
    },
    {
      "file_path": "/media/NFS/ttao/scannet/posed_images/scene0446_01/00419.jpg",
      "transform_matrix": [
        [
          -0.993006,
          0.036324,
          0.112334,
          1.628616
        ],
        [
          -0.03061,
          0.839742,
          -0.542122,
          0.976692
        ],
        [
          -0.114024,
          -0.541769,
          -0.832757,
          1.128445
        ],
        [
          0.0,
          0.0,
          0.0,
          1.0
        ]
      ]
    },
    {
      "file_path": "/media/NFS/ttao/scannet/posed_images/scene0446_01/00425.jpg",
      "transform_matrix": [
        [
          -0.993424,
          0.106975,
          0.040797,
          1.713436
        ],
        [
          0.06718,
          0.833193,
          -0.548886,
          0.956035
        ],
        [
          -0.092709,
          -0.542536,
          -0.834901,
          1.119654
        ],
        [
          0.0,
          0.0,
          0.0,
          1.0
        ]
      ]
    },
    {
      "file_path": "/media/NFS/ttao/scannet/posed_images/scene0446_01/00437.jpg",
      "transform_matrix": [
        [
          -0.940738,
          0.338881,
          -0.013074,
          1.812538
        ],
        [
          0.291507,
          0.788326,
          -0.541817,
          0.884204
        ],
        [
          -0.173305,
          -0.513519,
          -0.840395,
          1.092509
        ],
        [
          0.0,
          0.0,
          0.0,
          1.0
        ]
      ]
    },
    {
      "file_path": "/media/NFS/ttao/scannet/posed_images/scene0446_01/00439.jpg",
      "transform_matrix": [
        [
          -0.917538,
          0.393193,
          -0.059353,
          1.824883
        ],
        [
          0.361279,
          0.761921,
          -0.537544,
          0.881046
        ],
        [
          -0.166136,
          -0.51466,
          -0.841144,
          1.091136
        ],
        [
          0.0,
          0.0,
          0.0,
          1.0
        ]
      ]
    },
    {
      "file_path": "/media/NFS/ttao/scannet/posed_images/scene0446_01/00445.jpg",
      "transform_matrix": [
        [
          -0.800512,
          0.562578,
          -0.206607,
          1.866838
        ],
        [
          0.568893,
          0.604851,
          -0.55724,
          0.903483
        ],
        [
          -0.188525,
          -0.563615,
          -0.804237,
          1.098874
        ],
        [
          0.0,
          0.0,
          0.0,
          1.0
        ]
      ]
    },
    {
      "file_path": "/media/NFS/ttao/scannet/posed_images/scene0446_01/00458.jpg",
      "transform_matrix": [
        [
          -0.603,
          0.681024,
          -0.415449,
          2.025576
        ],
        [
          0.781025,
          0.397938,
          -0.481295,
          1.001516
        ],
        [
          -0.16245,
          -0.614697,
          -0.771853,
          1.100127
        ],
        [
          0.0,
          0.0,
          0.0,
          1.0
        ]
      ]
    },
    {
      "file_path": "/media/NFS/ttao/scannet/posed_images/scene0446_01/00464.jpg",
      "transform_matrix": [
        [
          -0.572816,
          0.678642,
          -0.459704,
          2.078201
        ],
        [
          0.81035,
          0.384455,
          -0.442186,
          1.042542
        ],
        [
          -0.12335,
          -0.625812,
          -0.770159,
          1.068088
        ],
        [
          0.0,
          0.0,
          0.0,
          1.0
        ]
      ]
    },
    {
      "file_path": "/media/NFS/ttao/scannet/posed_images/scene0446_01/00466.jpg",
      "transform_matrix": [
        [
          -0.56761,
          0.688096,
          -0.452043,
          2.0868
        ],
        [
          0.812967,
          0.38174,
          -0.439725,
          1.053876
        ],
        [
          -0.13001,
          -0.617088,
          -0.776079,
          1.057121
        ],
        [
          0.0,
          0.0,
          0.0,
          1.0
        ]
      ]
    },
    {
      "file_path": "/media/NFS/ttao/scannet/posed_images/scene0446_01/00476.jpg",
      "transform_matrix": [
        [
          -0.51742,
          0.736241,
          -0.436149,
          2.093959
        ],
        [
          0.844143,
          0.355543,
          -0.401263,
          1.075524
        ],
        [
          -0.140356,
          -0.575793,
          -0.805458,
          1.043679
        ],
        [
          0.0,
          0.0,
          0.0,
          1.0
        ]
      ]
    },
    {
      "file_path": "/media/NFS/ttao/scannet/posed_images/scene0446_01/00480.jpg",
      "transform_matrix": [
        [
          -0.497356,
          0.737935,
          -0.456168,
          2.077516
        ],
        [
          0.85476,
          0.326873,
          -0.403161,
          1.072407
        ],
        [
          -0.148397,
          -0.590429,
          -0.79333,
          1.069839
        ],
        [
          0.0,
          0.0,
          0.0,
          1.0
        ]
      ]
    },
    {
      "file_path": "/media/NFS/ttao/scannet/posed_images/scene0446_01/00486.jpg",
      "transform_matrix": [
        [
          -0.51314,
          0.718543,
          -0.46945,
          2.040514
        ],
        [
          0.842454,
          0.317021,
          -0.435625,
          1.062698
        ],
        [
          -0.164189,
          -0.619027,
          -0.768015,
          1.121583
        ],
        [
          0.0,
          0.0,
          0.0,
          1.0
        ]
      ]
    },
    {
      "file_path": "/media/NFS/ttao/scannet/posed_images/scene0446_01/00494.jpg",
      "transform_matrix": [
        [
          -0.552483,
          0.674679,
          -0.48946,
          1.949478
        ],
        [
          0.818401,
          0.327729,
          -0.472031,
          1.045132
        ],
        [
          -0.158059,
          -0.661364,
          -0.733222,
          1.191745
        ],
        [
          0.0,
          0.0,
          0.0,
          1.0
        ]
      ]
    },
    {
      "file_path": "/media/NFS/ttao/scannet/posed_images/scene0446_01/00500.jpg",
      "transform_matrix": [
        [
          -0.581701,
          0.62466,
          -0.520983,
          1.857111
        ],
        [
          0.799066,
          0.319125,
          -0.509561,
          1.051481
        ],
        [
          -0.152044,
          -0.712712,
          -0.68478,
          1.237169
        ],
        [
          0.0,
          0.0,
          0.0,
          1.0
        ]
      ]
    },
    {
      "file_path": "/media/NFS/ttao/scannet/posed_images/scene0446_01/00513.jpg",
      "transform_matrix": [
        [
          -0.673487,
          0.559163,
          -0.483478,
          1.688309
        ],
        [
          0.719129,
          0.344249,
          -0.603611,
          1.029593
        ],
        [
          -0.17108,
          -0.754208,
          -0.633957,
          1.292983
        ],
        [
          0.0,
          0.0,
          0.0,
          1.0
        ]
      ]
    },
    {
      "file_path": "/media/NFS/ttao/scannet/posed_images/scene0446_01/00517.jpg",
      "transform_matrix": [
        [
          -0.69271,
          0.527704,
          -0.491611,
          1.63163
        ],
        [
          0.708139,
          0.368441,
          -0.602321,
          1.000338
        ],
        [
          -0.136717,
          -0.765363,
          -0.628911,
          1.302603
        ],
        [
          0.0,
          0.0,
          0.0,
          1.0
        ]
      ]
    },
    {
      "file_path": "/media/NFS/ttao/scannet/posed_images/scene0446_01/00523.jpg",
      "transform_matrix": [
        [
          -0.740776,
          0.469723,
          -0.48022,
          1.563944
        ],
        [
          0.66301,
          0.396294,
          -0.635113,
          0.96962
        ],
        [
