{
  "frames": [
    {
      "file_path": "/media/NFS/ttao/scannet/posed_images/scene0673_03/00001.jpg",
      "transform_matrix": [
        [
          -0.969707,
          -0.01063,
          -0.244041,
          2.513037
        ],
        [
          0.224633,
          0.353675,
          -0.907995,
          2.839428
        ],
        [
          0.095963,
          -0.935308,
          -0.340573,
          1.331413
        ],
        [
          0.0,
          0.0,
          0.0,
          1.0
        ]
      ]
    },
    {
      "file_path": "/media/NFS/ttao/scannet/posed_images/scene0673_03/00002.jpg",
      "transform_matrix": [
        [
          -0.96989,
          -0.007201,
          -0.243439,
          2.514408
        ],
        [
          0.224421,
          0.361845,
          -0.904822,
          2.838236
        ],
        [
          0.094602,
          -0.932211,
          -0.349334,
          1.327527
        ],
        [
          0.0,
          0.0,
          0.0,
          1.0
        ]
      ]
    },
    {
      "file_path": "/media/NFS/ttao/scannet/posed_images/scene0673_03/00006.jpg",
      "transform_matrix": [
        [
          -0.969002,
          -0.0061,
          -0.246978,
          2.516943
        ],
        [
          0.227208,
          0.370557,
          -0.900591,
          2.836725
        ],
        [
          0.097013,
          -0.92879,
          -0.357684,
          1.325875
        ],
        [
          0.0,
          0.0,
          0.0,
          1.0
        ]
      ]
    },
    {
      "file_path": "/media/NFS/ttao/scannet/posed_images/scene0673_03/00008.jpg",
      "transform_matrix": [
        [
          -0.968904,
          -0.006633,
          -0.247348,
          2.519508
        ],
        [
          0.22721,
          0.371998,
          -0.899996,
          2.836409
        ],
        [
          0.097983,
          -0.92821,
          -0.358924,
          1.323168
        ],
        [
          0.0,
          0.0,
          0.0,
          1.0
        ]
      ]
    },
    {
      "file_path": "/media/NFS/ttao/scannet/posed_images/scene0673_03/00012.jpg",
      "transform_matrix": [
        [
          -0.968545,
          -0.004054,
          -0.248808,
          2.524702
        ],
        [
          0.227616,
          0.389637,
          -0.892398,
          2.833576
        ],
        [
          0.100563,
          -0.92096,
          -0.376458,
          1.31907
        ],
        [
          0.0,
          0.0,
          0.0,
          1.0
        ]
      ]
    },
    {
      "file_path": "/media/NFS/ttao/scannet/posed_images/scene0673_03/00013.jpg",
      "transform_matrix": [
        [
          -0.968911,
          -0.006184,
          -0.247333,
          2.526819
        ],
        [
          0.225933,
          0.385285,
          -0.894712,
          2.834131
        ],
        [
          0.100827,
          -0.922777,
          -0.371909,
          1.319273
        ],
        [
          0.0,
          0.0,
          0.0,
          1.0
        ]
      ]
    },
    {
      "file_path": "/media/NFS/ttao/scannet/posed_images/scene0673_03/00017.jpg",
      "transform_matrix": [
        [
          -0.974022,
          -0.009054,
          -0.226274,
          2.536593
        ],
        [
          0.205136,
          0.387962,
          -0.898557,
          2.842259
        ],
        [
          0.095921,
          -0.921631,
          -0.376026,
          1.295696
        ],
        [
          0.0,
          0.0,
          0.0,
          1.0
        ]
      ]
    },
    {
      "file_path": "/media/NFS/ttao/scannet/posed_images/scene0673_03/00019.jpg",
      "transform_matrix": [
        [
          -0.977893,
          -0.004932,
          -0.209049,
          2.537251
        ],
        [
          0.188267,
          0.414311,
          -0.89045,
          2.842488
        ],
        [
          0.091003,
          -0.910122,
          -0.404224,
          1.284757
        ],
        [
          0.0,
          0.0,
          0.0,
          1.0
        ]
      ]
    },
    {
      "file_path": "/media/NFS/ttao/scannet/posed_images/scene0673_03/00022.jpg",
      "transform_matrix": [
        [
          -0.984611,
          -0.002788,
          -0.174738,
          2.540093
        ],
        [
          0.15243,
          0.475336,
          -0.866499,
          2.847371
        ],
        [
          0.085475,
          -0.8798,
          -0.467596,
          1.262115
        ],
        [
          0.0,
          0.0,
          0.0,
          1.0
        ]
      ]
    },
    {
      "file_path": "/media/NFS/ttao/scannet/posed_images/scene0673_03/00026.jpg",
      "transform_matrix": [
        [
          -0.98976,
          -0.005069,
          -0.14265,
          2.549295
        ],
        [
          0.119091,
          0.521613,
          -0.84483,
          2.849919
        ],
        [
          0.07869,
          -0.853167,
          -0.515668,
          1.244341
        ],
        [
          0.0,
          0.0,
          0.0,
          1.0
        ]
      ]
    },
    {
      "file_path": "/media/NFS/ttao/scannet/posed_images/scene0673_03/00027.jpg",
      "transform_matrix": [
        [
          -0.991005,
          -0.006985,
          -0.133647,
          2.549128
        ],
        [
          0.110035,
          0.525889,
          -0.843406,
          2.851856
        ],
        [
          0.076174,
          -0.850525,
          -0.52039,
          1.24129
        ],
        [
          0.0,
          0.0,
          0.0,
          1.0
        ]
      ]
    },
    {
      "file_path": "/media/NFS/ttao/scannet/posed_images/scene0673_03/00031.jpg",
      "transform_matrix": [
        [
          -0.994998,
          -0.016662,
          -0.098501,
          2.567547
        ],
        [
          0.074068,
          0.538607,
          -0.839295,
          2.853799
        ],
        [
          0.067038,
          -0.842393,
          -0.534678,
          1.243697
        ],
        [
          0.0,
          0.0,
          0.0,
          1.0
        ]
      ]
    },
    {
      "file_path": "/media/NFS/ttao/scannet/posed_images/scene0673_03/00033.jpg",
      "transform_matrix": [
        [
          -0.99513,
          -0.026229,
          -0.095023,
          2.575052
        ],
        [
          0.066344,
          0.534761,
          -0.842395,
          2.855211
        ],
        [
          0.07291,
          -0.844596,
          -0.530416,
          1.242793
        ],
        [
          0.0,
          0.0,
          0.0,
          1.0
        ]
      ]
    },
    {
      "file_path": "/media/NFS/ttao/scannet/posed_images/scene0673_03/00036.jpg",
      "transform_matrix": [
        [
          -0.993464,
          -0.052732,
          -0.10124,
          2.588747
        ],
        [
          0.058793,
          0.523842,
          -0.849784,
          2.855166
        ],
        [
          0.097844,
          -0.850182,
          -0.517318,
          1.241614
        ],
        [
          0.0,
          0.0,
          0.0,
          1.0
        ]
      ]
    },
    {
      "file_path": "/media/NFS/ttao/scannet/posed_images/scene0673_03/00040.jpg",
      "transform_matrix": [
        [
          -0.992632,
          -0.063972,
          -0.102901,
          2.602534
        ],
        [
          0.057195,
          0.501298,
          -0.863383,
          2.860017
        ],
        [
          0.106816,
          -0.862907,
          -0.493945,
          1.240814
        ],
        [
          0.0,
          0.0,
          0.0,
          1.0
        ]
      ]
    },
    {
      "file_path": "/media/NFS/ttao/scannet/posed_images/scene0673_03/00041.jpg",
      "transform_matrix": [
        [
          -0.992725,
          -0.067238,
          -0.09988,
          2.607317
        ],
        [
          0.053,
          0.500827,
          -0.863923,
          2.859379
        ],
        [
          0.108111,
          -0.862932,
          -0.49362,
          1.241886
        ],
        [
          0.0,
          0.0,
          0.0,
          1.0
        ]
      ]
    },
    {
      "file_path": "/media/NFS/ttao/scannet/posed_images/scene0673_03/00043.jpg",
      "transform_matrix": [
        [
          -0.992522,
          -0.072373,
          -0.098297,
          2.611864
        ],
        [
          0.048936,
          0.501818,
          -0.863588,
          2.854194
        ],
        [
          0.111827,
          -0.86194,
          -0.494524,
          1.249769
        ],
        [
          0.0,
          0.0,
          0.0,
          1.0
        ]
      ]
    },
    {
      "file_path": "/media/NFS/ttao/scannet/posed_images/scene0673_03/00046.jpg",
      "transform_matrix": [
        [
          -0.993184,
          -0.080263,
          -0.084521,
          2.620656
        ],
        [
          0.035547,
          0.482015,
          -0.875442,
          2.852216
        ],
        [
          0.111005,
          -0.872479,
          -0.475876,
          1.264935
        ],
        [
          0.0,
          0.0,
          0.0,
          1.0
        ]
      ]
    },
    {
      "file_path": "/media/NFS/ttao/scannet/posed_images/scene0673_03/00050.jpg",
      "transform_matrix": [
        [
          -0.992883,
          -0.104773,
          -0.056629,
          2.616149
        ],
        [
          0.003895,
          0.44666,
          -0.894696,
          2.857996
        ],
        [
          0.119033,
          -0.888548,
          -0.443072,
          1.275326
        ],
        [
          0.0,
          0.0,
          0.0,
          1.0
        ]
      ]
    },
    {
      "file_path": "/media/NFS/ttao/scannet/posed_images/scene0673_03/00052.jpg",
      "transform_matrix": [
        [
          -0.993883,
          -0.106145,
          -0.030488,
          2.611103
        ],
        [
          -0.018159,
          0.42938,
          -0.902941,
          2.859847
        ],
        [
          0.108933,
          -0.896865,
          -0.428681,
          1.28468
        ],
        [
          0.0,
          0.0,
          0.0,
          1.0
        ]
      ]
    },
    {
      "file_path": "/media/NFS/ttao/scannet/posed_images/scene0673_03/00056.jpg",
      "transform_matrix": [
        [
          -0.994454,
          -0.103248,
          0.020022,
          2.573842
        ],
        [
          -0.059385,
          0.394118,
          -0.917139,
          2.869091
        ],
        [
          0.086802,
          -0.913242,
          -0.398064,
          1.296505
        ],
        [
          0.0,
          0.0,
          0.0,
          1.0
        ]
      ]
    },
    {
      "file_path": "/media/NFS/ttao/scannet/posed_images/scene0673_03/00057.jpg",
      "transform_matrix": [
        [
          -0.994081,
          -0.105406,
          0.026317,
          2.564862
        ],
        [
          -0.065274,
          0.38583,
          -0.920258,
          2.871841
        ],
        [
          0.086847,
          -0.916529,
          -0.390427,
          1.296944
        ],
        [
          0.0,
          0.0,
          0.0,
          1.0
        ]
      ]
    },
    {
      "file_path": "/media/NFS/ttao/scannet/posed_images/scene0673_03/00061.jpg",
      "transform_matrix": [
        [
          -0.986293,
          -0.140688,
          0.086215,
          2.491954
        ],
        [
          -0.131622,
          0.355722,
          -0.925277,
          2.892343
        ],
        [
          0.099507,
          -0.923942,
          -0.369364,
          1.297192
        ],
        [
          0.0,
          0.0,
          0.0,
          1.0
        ]
      ]
    },
    {
      "file_path": "/media/NFS/ttao/scannet/posed_images/scene0673_03/00062.jpg",
      "transform_matrix": [
        [
          -0.983817,
          -0.15011,
          0.097836,
          2.474567
        ],
        [
          -0.145975,
          0.354844,
          -0.923459,
          2.895864
        ],
        [
          0.103904,
          -0.922796,
          -0.371014,
          1.298154
        ],
        [
          0.0,
          0.0,
          0.0,
          1.0
        ]
      ]
    },
    {
      "file_path": "/media/NFS/ttao/scannet/posed_images/scene0673_03/00067.jpg",
      "transform_matrix": [
        [
          -0.979555,
          -0.161767,
          0.119596,
          2.402244
        ],
        [
          -0.174674,
          0.388984,
          -0.904533,
          2.907444
        ],
        [
          0.099803,
          -0.906931,
          -0.409288,
          1.304489
        ],
        [
          0.0,
          0.0,
          0.0,
          1.0
        ]
      ]
    },
    {
      "file_path": "/media/NFS/ttao/scannet/posed_images/scene0673_03/00070.jpg",
      "transform_matrix": [
        [
          -0.975929,
          -0.162942,
          0.144959,
          2.378677
        ],
        [
          -0.198394,
          0.38726,
          -0.900372,
          2.91981
        ],
        [
          0.090572,
          -0.907458,
          -0.410265,
          1.311258
        ],
        [
          0.0,
          0.0,
          0.0,
          1.0
        ]
      ]
    },
    {
      "file_path": "/media/NFS/ttao/scannet/posed_images/scene0673_03/00071.jpg",
      "transform_matrix": [
        [
          -0.975422,
          -0.161272,
          0.150143,
          2.371361
        ],
        [
          -0.202658,
          0.389139,
          -0.89861,
          2.923662
        ],
        [
          0.086494,
          -0.906952,
          -0.412258,
          1.312277
        ],
        [
          0.0,
          0.0,
          0.0,
          1.0
        ]
      ]
    },
    {
      "file_path": "/media/NFS/ttao/scannet/posed_images/scene0673_03/00073.jpg",
      "transform_matrix": [
        [
          -0.973649,
          -0.160255,
          0.162253,
          2.368002
        ],
        [
          -0.213432,
          0.38969,
          -0.895873,
          2.930628
        ],
        [
          0.080339,
          -0.906896,
          -0.413625,
          1.310096
        ],
        [
          0.0,
          0.0,
          0.0,
          1.0
        ]
      ]
    },
    {
      "file_path": "/media/NFS/ttao/scannet/posed_images/scene0673_03/00077.jpg",
      "transform_matrix": [
        [
          -0.9631,
          -0.188417,
          0.192192,
          2.372727
        ],
        [
          -0.253425,
          0.394373,
          -0.883315,
          2.94432
        ],
        [
          0.090636,
          -0.899427,
          -0.42757,
          1.300104
        ],
        [
          0.0,
          0.0,
          0.0,
          1.0
        ]
      ]
    },
    {
      "file_path": "/media/NFS/ttao/scannet/posed_images/scene0673_03/00079.jpg",
      "transform_matrix": [
        [
          -0.957196,
          -0.206271,
          0.203049,
          2.378383
        ],
        [
          -0.271381,
          0.395655,
          -0.877388,
          2.951853
        ],
        [
          0.100643,
          -0.894936,
          -0.434697,
          1.293238
        ],
        [
          0.0,
          0.0,
          0.0,
          1.0
        ]
      ]
    },
    {
      "file_path": "/media/NFS/ttao/scannet/posed_images/scene0673_03/00082.jpg",
      "transform_matrix": [
        [
          -0.938826,
          -0.249641,
          0.237243,
          2.396165
        ],
        [
          -0.324436,
          0.410018,
          -0.852424,
          2.974515
        ],
        [
          0.115526,
          -0.877248,
          -0.465928,
          1.272209
        ],
        [
          0.0,
          0.0,
          0.0,
          1.0
        ]
      ]
    },
    {
      "file_path": "/media/NFS/ttao/scannet/posed_images/scene0673_03/00086.jpg",
      "transform_matrix": [
        [
          -0.904961,
          -0.313707,
          0.287461,
          2.414196
        ],
        [
          -0.405693,
          0.432452,
          -0.805232,
          3.005742
        ],
        [
          0.128294,
          -0.845324,
          -0.518621,
          1.260423
        ],
        [
          0.0,
          0.0,
          0.0,
          1.0
        ]
      ]
    },
    {
      "file_path": "/media/NFS/ttao/scannet/posed_images/scene0673_03/00087.jpg",
      "transform_matrix": [
        [
          -0.896464,
          -0.326117,
          0.299999,
          2.416485
        ],
        [
          -0.423617,
          0.432109,
          -0.796135,
          3.013505
        ],
        [
          0.130001,
          -0.840791,
          -0.525519,
          1.259201
        ],
        [
          0.0,
          0.0,
          0.0,
          1.0
        ]
      ]
    },
    {
      "file_path": "/media/NFS/ttao/scannet/posed_images/scene0673_03/00091.jpg",
      "transform_matrix": [
        [
          -0.860125,
          -0.366167,
          0.355115,
          2.443786
        ],
        [
          -0.494197,
          0.425825,
          -0.757919,
          3.072592
        ],
        [
          0.126308,
          -0.827402,
          -0.547222,
          1.237478
        ],
        [
          0.0,
          0.0,
          0.0,
          1.0
        ]
      ]
    },
    {
      "file_path": "/media/NFS/ttao/scannet/posed_images/scene0673_03/00092.jpg",
      "transform_matrix": [
        [
          -0.851081,
          -0.373627,
          0.368868,
          2.444806
        ],
        [
          -0.510715,
          0.426168,
          -0.746694,
          3.080458
        ],
        [
          0.121785,
          -0.823883,
          -0.55352,
          1.237314
        ],
        [
          0.0,
          0.0,
          0.0,
          1.0
        ]
      ]
    },
    {
      "file_path": "/media/NFS/ttao/scannet/posed_images/scene0673_03/00097.jpg",
      "transform_matrix": [
        [
          -0.806005,
          -0.404865,
          0.431787,
          2.442692
        ],
        [
          -0.582655,
          0.414209,
          -0.699245,
          3.131959
        ],
        [
          0.10425,
          -0.815178,
          -0.569751,
          1.238575
        ],
        [
          0.0,
          0.0,
          0.0,
          1.0
        ]
      ]
    },
    {
      "file_path": "/media/NFS/ttao/scannet/posed_images/scene0673_03/00100.jpg",
      "transform_matrix": [
        [
          -0.801535,
          -0.397985,
          0.446263,
          2.452637
        ],
        [
          -0.588679,
          0.394313,
          -0.705673,
          3.157822
        ],
        [
          0.10488,
          -0.828327,
          -0.55034,
          1.238875
        ],
        [
          0.0,
          0.0,
          0.0,
          1.0
        ]
      ]
    },
    {
      "file_path": "/media/NFS/ttao/scannet/posed_images/scene0673_03/00101.jpg",
      "transform_matrix": [
        [
          -0.795803,
          -0.397173,
          0.457112,
          2.452387
        ],
        [
          -0.595794,
          0.378543,
          -0.708332,
          3.169045
        ],
        [
          0.108294,
          -0.836037,
          -0.537879,
          1.244603
        ],
        [
          0.0,
          0.0,
          0.0,
          1.0
        ]
      ]
    },
    {
      "file_path": "/media/NFS/ttao/scannet/posed_images/scene0673_03/00105.jpg",
      "transform_matrix": [
        [
          -0.788166,
          -0.38907,
          0.476883,
          2.45292
        ],
        [
          -0.605148,
          0.348641,
          -0.715713,
          3.178113
        ],
        [
          0.112201,
          -0.852686,
          -0.510232,
          1.262524
        ],
        [
          0.0,
          0.0,
          0.0,
          1.0
        ]
      ]
    },
    {
      "file_path": "/media/NFS/ttao/scannet/posed_images/scene0673_03/00106.jpg",
      "transform_matrix": [
        [
          -0.787367,
          -0.380415,
          0.485116,
          2.45314
        ],
        [
          -0.60594,
          0.332635,
          -0.722627,
          3.179427
        ],
        [
          0.113531,
          -0.862924,
          -0.492415,
          1.273971
        ],
        [
          0.0,
          0.0,
          0.0,
          1.0
        ]
      ]
    },
    {
      "file_path": "/media/NFS/ttao/scannet/posed_images/scene0673_03/00111.jpg",
      "transform_matrix": [
        [
          -0.766522,
          -0.357228,
          0.533696,
          2.448317
        ],
        [
          -0.631689,
          0.26952,
          -0.726862,
          3.176251
        ],
        [
          0.115813,
          -0.894286,
          -0.43225,
          1.295457
        ],
        [
          0.0,
          0.0,
          0.0,
          1.0
        ]
      ]
    },
    {
      "file_path": "/media/NFS/ttao/scannet/posed_images/scene0673_03/00112.jpg",
      "transform_matrix": [
        [
          -0.763817,
          -0.355519,
          0.538692,
          2.450603
        ],
        [
          -0.634881,
          0.263555,
          -0.726267,
          3.173715
        ],
        [
          0.116227,
          -0.896741,
          -0.427021,
          1.298294
        ],
        [
          0.0,
          0.0,
          0.0,
          1.0
        ]
      ]
    },
    {
      "file_path": "/media/NFS/ttao/scannet/posed_images/scene0673_03/00114.jpg",
      "transform_matrix": [
        [
          -0.755934,
          -0.348889,
          0.553932,
          2.446902
        ],
        [
          -0.645212,
          0.253911,
          -0.720577,
          3.163354
        ],
        [
          0.110752,
          -0.902112,
          -0.417047,
          1.306334
        ],
        [
          0.0,
          0.0,
          0.0,
          1.0
        ]
      ]
    },
    {
      "file_path": "/media/NFS/ttao/scannet/posed_images/scene0673_03/00117.jpg",
      "transform_matrix": [
        [
          -0.72798,
          -0.333175,
          0.599199,
          2.437779
        ],
        [
          -0.678928,
          0.228718,
          -0.69767,
          3.142048
        ],
        [
          0.095398,
          -0.914704,
          -0.392704,
          1.32084
        ],
        [
          0.0,
          0.0,
          0.0,
          1.0
        ]
      ]
    },
    {
      "file_path": "/media/NFS/ttao/scannet/posed_images/scene0673_03/00122.jpg",
      "transform_matrix": [
        [
          -0.680224,
          -0.330691,
          0.65417,
          2.425889
        ],
        [
          -0.727284,
          0.193206,
          -0.658581,
          3.107198
        ],
        [
          0.091397,
          -0.923751,
          -0.371929,
          1.340805
        ],
        [
          0.0,
          0.0,
          0.0,
          1.0
        ]
      ]
    },
    {
      "file_path": "/media/NFS/ttao/scannet/posed_images/scene0673_03/00123.jpg",
      "transform_matrix": [
        [
          -0.671103,
          -0.330589,
          0.663575,
          2.42192
        ],
        [
          -0.736145,
          0.191131,
          -0.649276,
          3.099717
        ],
        [
          0.087814,
          -0.924218,
          -0.37163,
          1.343357
        ],
        [
          0.0,
          0.0,
          0.0,
          1.0
        ]
      ]
    },
    {
      "file_path": "/media/NFS/ttao/scannet/posed_images/scene0673_03/00125.jpg",
      "transform_matrix": [
        [
          -0.652576,
          -0.32875,
          0.682692,
          2.41504
        ],
        [
          -0.753395,
          0.185346,
          -0.630907,
          3.093319
        ],
        [
          0.080877,
          -0.926051,
          -0.36863,
          1.344096
        ],
        [
          0.0,
          0.0,
          0.0,
          1.0
        ]
      ]
    },
    {
      "file_path": "/media/NFS/ttao/scannet/posed_images/scene0673_03/00128.jpg",
      "transform_matrix": [
        [
          -0.603409,
          -0.333992,
          0.724118,
          2.406126
        ],
        [
          -0.795003,
          0.181141,
          -0.578928,
          3.079393
        ],
        [
          0.06219,
          -0.925007,
          -0.374827,
          1.339736
        ],
        [
          0.0,
          0.0,
          0.0,
          1.0
        ]
      ]
    },
    {
      "file_path": "/media/NFS/ttao/scannet/posed_images/scene0673_03/00132.jpg",
      "transform_matrix": [
        [
          -0.529554,
          -0.352012,
          0.77179,
          2.400309
        ],
        [
          -0.847441,
          0.179164,
          -0.499745,
          3.072838
        ],
        [
          0.037639,
          -0.918688,
          -0.393186,
          1.332989
        ],
        [
          0.0,
          0.0,
          0.0,
          1.0
        ]
      ]
    },
    {
      "file_path": "/media/NFS/ttao/scannet/posed_images/scene0673_03/00133.jpg",
      "transform_matrix": [
        [
          -0.514963,
          -0.35621,
          0.779697,
          2.395975
        ],
        [
          -0.856552,
          0.178144,
          -0.484337,
          3.069026
        ],
        [
          0.033628,
          -0.917267,
          -0.39685,
          1.329794
        ],
        [
          0.0,
          0.0,
          0.0,
          1.0
        ]
      ]
    },
    {
      "file_path": "/media/NFS/ttao/scannet/posed_images/scene0673_03/00137.jpg",
      "transform_matrix": [
        [
          -0.452972,
          -0.390797,
          0.801308,
          2.401741
        ],
        [
          -0.891037,
          0.168731,
          -0.421405,
          3.055972
        ],
        [
          0.029479,
          -0.90488,
          -0.424645,
          1.317866
        ],
        [
          0.0,
          0.0,
          0.0,
          1.0
        ]
      ]
    },
    {
      "file_path": "/media/NFS/ttao/scannet/posed_images/scene0673_03/00141.jpg",
      "transform_matrix": [
        [
          -0.407472,
          -0.421382,
          0.810187,
          2.406839
        ],
        [
          -0.913118,
          0.174873,
          -0.368287,
          3.049329
        ],
        [
          0.01351,
          -0.889863,
          -0.456028,
          1.291075
        ],
        [
          0.0,
          0.0,
          0.0,
          1.0
        ]
      ]
    },
    {
      "file_path": "/media/NFS/ttao/scannet/posed_images/scene0673_03/00142.jpg",
      "transform_matrix": [
        [
          -0.396311,
          -0.428416,
          0.812033,
          2.40986
        ],
        [
          -0.918064,
          0.17548,
          -0.355478,
          3.045497
        ],
        [
          0.009797,
          -0.886378,
          -0.462858,
          1.288147
        ],
        [
          0.0,
          0.0,
          0.0,
          1.0
        ]
      ]
    },
    {
      "file_path": "/media/NFS/ttao/scannet/posed_images/scene0673_03/00146.jpg",
      "transform_matrix": [
        [
          -0.343332,
          -0.472219,
          0.81187,
          2.423556
        ],
        [
          -0.939214,
          0.172489,
          -0.296858,
          3.046077
        ],
        [
          0.000143,
          -0.86444,
          -0.502736,
          1.267284
        ],
        [
          0.0,
          0.0,
          0.0,
          1.0
        ]
      ]
    },
    {
      "file_path": "/media/NFS/ttao/scannet/posed_images/scene0673_03/00147.jpg",
      "transform_matrix": [
        [
          -0.332765,
          -0.481745,
          0.810672,
          2.424187
        ],
        [
          -0.943008,
          0.17169,
          -0.285059,
          3.045171
        ],
        [
          -0.001858,
          -0.859328,
          -0.511422,
          1.263132
        ],
        [
          0.0,
          0.0,
          0.0,
          1.0
        ]
      ]
    },
    {
      "file_path": "/media/NFS/ttao/scannet/posed_images/scene0673_03/00152.jpg",
      "transform_matrix": [
        [
          -0.288869,
          -0.535286,
          0.79374,
          2.448965
        ],
        [
          -0.957367,
          0.160073,
          -0.240468,
          3.048095
        ],
        [
          0.001663,
          -0.829364,
          -0.558706,
          1.24161
        ],
        [
          0.0,
          0.0,
          0.0,
          1.0
        ]
      ]
    },
    {
      "file_path": "/media/NFS/ttao/scannet/posed_images/scene0673_03/00154.jpg",
      "transform_matrix": [
        [
          -0.280129,
          -0.551657,
          0.785622,
          2.458127
        ],
        [
          -0.95991,
          0.152419,
          -0.235248,
          3.046685
        ],
        [
          0.010033,
          -0.820026,
          -0.572238,
          1.237441
        ],
        [
          0.0,
          0.0,
          0.0,
          1.0
        ]
      ]
    },
    {
      "file_path": "/media/NFS/ttao/scannet/posed_images/scene0673_03/00157.jpg",
      "transform_matrix": [
        [
          -0.267047,
          -0.574325,
          0.773846,
          2.486668
        ],
        [
          -0.963353,
          0.138051,
          -0.229987,
          3.051197
        ],
        [
          0.025257,
          -0.806903,
          -0.590144,
          1.227479
        ],
        [
          0.0,
          0.0,
          0.0,
          1.0
        ]
      ]
    },
    {
      "file_path": "/media/NFS/ttao/scannet/posed_images/scene0673_03/00160.jpg",
      "transform_matrix": [
        [
          -0.260475,
          -0.586109,
          0.767222,
          2.507123
        ],
        [
          -0.964838,
          0.129024,
          -0.229,
          3.052547
        ],
        [
          0.035228,
          -0.799893,
          -0.599108,
          1.21736
        ],
        [
          0.0,
          0.0,
          0.0,
          1.0
        ]
      ]
    },
    {
      "file_path": "/media/NFS/ttao/scannet/posed_images/scene0673_03/00162.jpg",
      "transform_matrix": [
        [
          -0.267423,
          -0.59355,
          0.759068,
          2.543386
        ],
        [
          -0.962502,
          0.127294,
          -0.239556,
          3.051098
        ],
        [
          0.045564,
          -0.794667,
          -0.605334,
          1.213591
        ],
        [
          0.0,
          0.0,
          0.0,
          1.0
        ]
      ]
    },
    {
      "file_path": "/media/NFS/ttao/scannet/posed_images/scene0673_03/00164.jpg",
      "transform_matrix": [
        [
          -0.265157,
          -0.594649,
          0.759003,
          2.567155
        ],
        [
          -0.962872,
          0.12192,
          -0.240859,
          3.049104
        ],
        [
          0.050689,
          -0.794688,
          -0.604898,
          1.206109
        ],
        [
          0.0,
          0.0,
          0.0,
          1.0
        ]
      ]
    },
    {
      "file_path": "/media/NFS/ttao/scannet/posed_images/scene0673_03/00166.jpg",
      "transform_matrix": [
        [
          -0.259069,
          -0.598941,
          0.757729,
          2.616275
        ],
        [
          -0.963816,
          0.109314,
          -0.243124,
          3.041295
        ],
        [
          0.062786,
          -0.793297,
          -0.605589,
          1.207292
        ],
        [
          0.0,
          0.0,
          0.0,
          1.0
        ]
      ]
    },
    {
      "file_path": "/media/NFS/ttao/scannet/posed_images/scene0673_03/00171.jpg",
      "transform_matrix": [
        [
          -0.235868,
          -0.555665,
          0.797247,
          2.68943
        ],
        [
          -0.971153,
          0.105195,
          -0.214001,
          3.027989
        ],
        [
          0.035046,
          -0.824725,
          -0.564447,
          1.233061
        ],
        [
          0.0,
          0.0,
          0.0,
          1.0
        ]
      ]
    },
    {
      "file_path": "/media/NFS/ttao/scannet/posed_images/scene0673_03/00173.jpg",
      "transform_matrix": [
        [
          -0.23549,
          -0.551063,
          0.800546,
          2.702156
        ],
        [
          -0.971032,
          0.099074,
          -0.217442,
          3.024879
        ],
        [
          0.040511,
          -0.828562,
          -0.55843,
          1.232572
        ],
        [
          0.0,
          0.0,
          0.0,
          1.0
        ]
      ]
    },
    {
      "file_path": "/media/NFS/ttao/scannet/posed_images/scene0673_03/00176.jpg",
      "transform_matrix": [
        [
          -0.223306,
          -0.561778,
          0.79658,
          2.731441
        ],
        [
          -0.973231,
          0.082909,
          -0.214355,
          3.019132
        ],
        [
          0.054376,
          -0.823123,
          -0.565254,
          1.235951
        ],
        [
          0.0,
          0.0,
          0.0,
          1.0
        ]
      ]
    },
    {
      "file_path": "/media/NFS/ttao/scannet/posed_images/scene0673_03/00177.jpg",
      "transform_matrix": [
        [
          -0.218118,
          -0.564994,
          0.795742,
          2.739053
        ],
        [
          -0.974357,
          0.079906,
          -0.210342,
          3.019499
        ],
        [
          0.055257,
          -0.821216,
          -0.567935,
          1.236711
        ],
        [
          0.0,
          0.0,
          0.0,
          1.0
        ]
      ]
    },
    {
      "file_path": "/media/NFS/ttao/scannet/posed_images/scene0673_03/00180.jpg",
      "transform_matrix": [
        [
          -0.192849,
          -0.575002,
          0.795098,
          2.756164
        ],
        [
          -0.979842,
          0.069793,
          -0.187185,
          3.010424
        ],
        [
          0.05214,
          -0.815169,
          -0.576871,
          1.237849
        ],
        [
          0.0,
          0.0,
          0.0,
          1.0
        ]
      ]
    },
    {
      "file_path": "/media/NFS/ttao/scannet/posed_images/scene0673_03/00183.jpg",
      "transform_matrix": [
        [
          -0.167791,
          -0.56368,
          0.808772,
          2.780588
        ],
        [
          -0.984072,
          0.046896,
          -0.171475,
          2.98524
        ],
        [
          0.058729,
          -0.824661,
          -0.56257,
          1.252972
        ],
        [
          0.0,
          0.0,
          0.0,
          1.0
        ]
      ]
    },
    {
      "file_path": "/media/NFS/ttao/scannet/posed_images/scene0673_03/00187.jpg",
      "transform_matrix": [
        [
          -0.124454,
          -0.520328,
          0.844849,
          2.791783
        ],
        [
          -0.990553,
          0.01573,
          -0.136229,
          2.93141
        ],
        [
          0.057595,
          -0.853822,
          -0.51737,
          1.27291
        ],
        [
          0.0,
          0.0,
          0.0,
          1.0
        ]
      ]
    },
    {
      "file_path": "/media/NFS/ttao/scannet/posed_images/scene0673_03/00190.jpg",
      "transform_matrix": [
        [
          -0.103843,
          -0.498768,
          0.860492,
          2.788415
        ],
        [
          -0.992451,
          -0.004804,
          -0.122552,
          2.881667
        ],
        [
          0.065259,
          -0.866722,
          -0.494504,
          1.271325
        ],
        [
          0.0,
          0.0,
          0.0,
          1.0
        ]
      ]
    },
    {
      "file_path": "/media/NFS/ttao/scannet/posed_images/scene0673_03/00191.jpg",
      "transform_matrix": [
        [
          -0.091272,
          -0.499944,
          0.861235,
          2.788215
        ],
        [
          -0.992403,
          -0.025984,
          -0.120257,
          2.844319
        ],
        [
          0.0825,
          -0.865668,
          -0.493774,
          1.274862
        ],
        [
          0.0,
          0.0,
          0.0,
          1.0
        ]
      ]
    },
    {
      "file_path": "/media/NFS/ttao/scannet/posed_images/scene0673_03/00194.jpg",
      "transform_matrix": [
        [
          -0.087148,
          -0.509785,
          0.855876,
          2.789758
        ],
        [
          -0.991817,
          -0.036065,
          -0.122472,
          2.783671
        ],
        [
          0.093302,
          -0.859545,
          -0.50247,
          1.28453
        ],
        [
          0.0,
          0.0,
          0.0,
          1.0
        ]
      ]
    },
    {
      "file_path": "/media/NFS/ttao/scannet/posed_images/scene0673_03/00198.jpg",
      "transform_matrix": [
        [
          -0.099474,
          -0.494757,
          0.86332,
          2.802289
        ],
        [
          -0.992855,
          -0.008118,
          -0.119052,
          2.689108
        ],
        [
          0.06591,
          -0.868994,
          -0.490414,
          1.310772
        ],
        [
          0.0,
          0.0,
          0.0,
          1.0
        ]
      ]
    },
    {
      "file_path": "/media/NFS/ttao/scannet/posed_images/scene0673_03/00200.jpg",
      "transform_matrix": [
        [
          -0.089713,
          -0.489458,
          0.8674,
          2.80157
        ],
        [
          -0.994956,
          0.004807,
          -0.100193,
          2.658574
        ],
        [
          0.044871,
          -0.872014,
          -0.487421,
          1.314651
        ],
        [
          0.0,
          0.0,
          0.0,
          1.0
        ]
      ]
    },
    {
      "file_path": "/media/NFS/ttao/scannet/posed_images/scene0673_03/00204.jpg",
      "transform_matrix": [
        [
          -0.089722,
          -0.481545,
          0.871817,
          2.811603
        ],
        [
          -0.99576,
          0.025512,
          -0.088386,
          2.612373
        ],
        [
          0.020321,
          -0.87605,
          -0.481792,
          1.319837
        ],
        [
          0.0,
          0.0,
          0.0,
          1.0
        ]
      ]
    },
    {
      "file_path": "/media/NFS/ttao/scannet/posed_images/scene0673_03/00206.jpg",
      "transform_matrix": [
        [
          -0.084051,
          -0.478837,
          0.873871,
          2.819376
        ],
        [
          -0.996372,
          0.028612,
          -0.080156,
          2.585895
        ],
        [
          0.013379,
          -0.877438,
          -0.479504,
          1.318518
        ],
        [
          0.0,
          0.0,
          0.0,
          1.0
        ]
      ]
    },
    {
      "file_path": "/media/NFS/ttao/scannet/posed_images/scene0673_03/00209.jpg",
      "transform_matrix": [
        [
          -0.070635,
          -0.478732,
          0.875115,
          2.832675
        ],
        [
          -0.997356,
          0.018849,
          -0.07019,
          2.564897
        ],
        [
          0.017107,
          -0.877759,
          -0.478798,
          1.3128
        ],
        [
          0.0,
          0.0,
          0.0,
          1.0
        ]
      ]
    },
    {
      "file_path": "/media/NFS/ttao/scannet/posed_images/scene0673_03/00210.jpg",
      "transform_matrix": [
        [
          -0.064873,
          -0.481459,
          0.874064,
          2.838672
        ],
        [
          -0.997685,
          0.013387,
          -0.066674,
          2.55665
        ],
        [
          0.0204,
