{
  "frames": [
    {
      "file_path": "/media/NFS/ttao/scannet/posed_images/scene0350_01/00000.jpg",
      "transform_matrix": [
        [
          -0.99818,
          0.037879,
          -0.046934,
          2.387071
        ],
        [
          0.059788,
          0.519071,
          -0.852638,
          4.913949
        ],
        [
          -0.007935,
          -0.853891,
          -0.520391,
          1.252265
        ],
        [
          0.0,
          0.0,
          0.0,
          1.0
        ]
      ]
    },
    {
      "file_path": "/media/NFS/ttao/scannet/posed_images/scene0350_01/00008.jpg",
      "transform_matrix": [
        [
          -0.997327,
          0.035183,
          -0.064047,
          2.441757
        ],
        [
          0.073051,
          0.501913,
          -0.861828,
          4.924253
        ],
        [
          0.001825,
          -0.864202,
          -0.503142,
          1.266079
        ],
        [
          0.0,
          0.0,
          0.0,
          1.0
        ]
      ]
    },
    {
      "file_path": "/media/NFS/ttao/scannet/posed_images/scene0350_01/00009.jpg",
      "transform_matrix": [
        [
          -0.996859,
          0.037433,
          -0.069797,
          2.447506
        ],
        [
          0.079157,
          0.500292,
          -0.862231,
          4.925779
        ],
        [
          0.002643,
          -0.865047,
          -0.501684,
          1.266592
        ],
        [
          0.0,
          0.0,
          0.0,
          1.0
        ]
      ]
    },
    {
      "file_path": "/media/NFS/ttao/scannet/posed_images/scene0350_01/00017.jpg",
      "transform_matrix": [
        [
          -0.985724,
          0.061712,
          -0.156651,
          2.475119
        ],
        [
          0.167144,
          0.470626,
          -0.866357,
          4.918713
        ],
        [
          0.02026,
          -0.880172,
          -0.474223,
          1.31174
        ],
        [
          0.0,
          0.0,
          0.0,
          1.0
        ]
      ]
    },
    {
      "file_path": "/media/NFS/ttao/scannet/posed_images/scene0350_01/00020.jpg",
      "transform_matrix": [
        [
          -0.978093,
          0.072435,
          -0.19516,
          2.469908
        ],
        [
          0.206416,
          0.45886,
          -0.864199,
          4.913616
        ],
        [
          0.026953,
          -0.885551,
          -0.46376,
          1.317513
        ],
        [
          0.0,
          0.0,
          0.0,
          1.0
        ]
      ]
    },
    {
      "file_path": "/media/NFS/ttao/scannet/posed_images/scene0350_01/00028.jpg",
      "transform_matrix": [
        [
          -0.942965,
          0.123776,
          -0.309026,
          2.452288
        ],
        [
          0.332353,
          0.402862,
          -0.852786,
          4.887197
        ],
        [
          0.01894,
          -0.906853,
          -0.421022,
          1.333908
        ],
        [
          0.0,
          0.0,
          0.0,
          1.0
        ]
      ]
    },
    {
      "file_path": "/media/NFS/ttao/scannet/posed_images/scene0350_01/00029.jpg",
      "transform_matrix": [
        [
          -0.937997,
          0.125739,
          -0.323033,
          2.452836
        ],
        [
          0.345921,
          0.399611,
          -0.848911,
          4.881968
        ],
        [
          0.022346,
          -0.90802,
          -0.41833,
          1.334555
        ],
        [
          0.0,
          0.0,
          0.0,
          1.0
        ]
      ]
    },
    {
      "file_path": "/media/NFS/ttao/scannet/posed_images/scene0350_01/00036.jpg",
      "transform_matrix": [
        [
          -0.925075,
          0.119801,
          -0.360393,
          2.393838
        ],
        [
          0.379152,
          0.346018,
          -0.858204,
          4.84228
        ],
        [
          0.021889,
          -0.930548,
          -0.365516,
          1.355602
        ],
        [
          0.0,
          0.0,
          0.0,
          1.0
        ]
      ]
    },
    {
      "file_path": "/media/NFS/ttao/scannet/posed_images/scene0350_01/00042.jpg",
      "transform_matrix": [
        [
          -0.909815,
          0.121477,
          -0.396837,
          2.350244
        ],
        [
          0.414971,
          0.279818,
          -0.865737,
          4.802927
        ],
        [
          0.005875,
          -0.952337,
          -0.304992,
          1.382525
        ],
        [
          0.0,
          0.0,
          0.0,
          1.0
        ]
      ]
    },
    {
      "file_path": "/media/NFS/ttao/scannet/posed_images/scene0350_01/00045.jpg",
      "transform_matrix": [
        [
          -0.892379,
          0.127239,
          -0.432978,
          2.340585
        ],
        [
          0.451195,
          0.270893,
          -0.850318,
          4.780391
        ],
        [
          0.009097,
          -0.954163,
          -0.299148,
          1.392705
        ],
        [
          0.0,
          0.0,
          0.0,
          1.0
        ]
      ]
    },
    {
      "file_path": "/media/NFS/ttao/scannet/posed_images/scene0350_01/00053.jpg",
      "transform_matrix": [
        [
          -0.83829,
          0.161066,
          -0.520891,
          2.3023
        ],
        [
          0.545077,
          0.269818,
          -0.793782,
          4.737624
        ],
        [
          0.012694,
          -0.949345,
          -0.313979,
          1.381278
        ],
        [
          0.0,
          0.0,
          0.0,
          1.0
        ]
      ]
    },
    {
      "file_path": "/media/NFS/ttao/scannet/posed_images/scene0350_01/00056.jpg",
      "transform_matrix": [
        [
          -0.804586,
          0.180542,
          -0.565726,
          2.298714
        ],
        [
          0.59383,
          0.240332,
          -0.767859,
          4.723958
        ],
        [
          -0.002669,
          -0.953753,
          -0.300579,
          1.376844
        ],
        [
          0.0,
          0.0,
          0.0,
          1.0
        ]
      ]
    },
    {
      "file_path": "/media/NFS/ttao/scannet/posed_images/scene0350_01/00065.jpg",
      "transform_matrix": [
        [
          -0.72508,
          0.1198,
          -0.678164,
          2.368103
        ],
        [
          0.688642,
          0.133991,
          -0.712614,
          4.678565
        ],
        [
          0.005497,
          -0.983715,
          -0.179654,
          1.396586
        ],
        [
          0.0,
          0.0,
          0.0,
          1.0
        ]
      ]
    },
    {
      "file_path": "/media/NFS/ttao/scannet/posed_images/scene0350_01/00068.jpg",
      "transform_matrix": [
        [
          -0.708317,
          0.125646,
          -0.694622,
          2.395241
        ],
        [
          0.705888,
          0.121997,
          -0.697738,
          4.661145
        ],
        [
          -0.002926,
          -0.984546,
          -0.175104,
          1.410997
        ],
        [
          0.0,
          0.0,
          0.0,
          1.0
        ]
      ]
    },
    {
      "file_path": "/media/NFS/ttao/scannet/posed_images/scene0350_01/00073.jpg",
      "transform_matrix": [
        [
          -0.674094,
          0.140496,
          -0.72516,
          2.409532
        ],
        [
          0.738595,
          0.116799,
          -0.663954,
          4.647699
        ],
        [
          -0.008585,
          -0.983168,
          -0.182503,
          1.405323
        ],
        [
          0.0,
          0.0,
          0.0,
          1.0
        ]
      ]
    },
    {
      "file_path": "/media/NFS/ttao/scannet/posed_images/scene0350_01/00076.jpg",
      "transform_matrix": [
        [
          -0.652406,
          0.138261,
          -0.745151,
          2.421296
        ],
        [
          0.757868,
          0.117228,
          -0.641789,
          4.641847
        ],
        [
          -0.001381,
          -0.983434,
          -0.181264,
          1.405412
        ],
        [
          0.0,
          0.0,
          0.0,
          1.0
        ]
      ]
    },
    {
      "file_path": "/media/NFS/ttao/scannet/posed_images/scene0350_01/00082.jpg",
      "transform_matrix": [
        [
          -0.596494,
          0.172898,
          -0.783774,
          2.441976
        ],
        [
          0.802296,
          0.156091,
          -0.576157,
          4.630597
        ],
        [
          0.022724,
          -0.972493,
          -0.231823,
          1.371146
        ],
        [
          0.0,
          0.0,
          0.0,
          1.0
        ]
      ]
    },
    {
      "file_path": "/media/NFS/ttao/scannet/posed_images/scene0350_01/00090.jpg",
      "transform_matrix": [
        [
          -0.506065,
          0.263087,
          -0.821391,
          2.458448
        ],
        [
          0.862033,
          0.185452,
          -0.471706,
          4.65028
        ],
        [
          0.028229,
          -0.94678,
          -0.320641,
          1.332866
        ],
        [
          0.0,
          0.0,
          0.0,
          1.0
        ]
      ]
    },
    {
      "file_path": "/media/NFS/ttao/scannet/posed_images/scene0350_01/00096.jpg",
      "transform_matrix": [
        [
          -0.45555,
          0.267421,
          -0.849094,
          2.497732
        ],
        [
          0.88978,
          0.166415,
          -0.424967,
          4.67337
        ],
        [
          0.027657,
          -0.949101,
          -0.313756,
          1.328584
        ],
        [
          0.0,
          0.0,
          0.0,
          1.0
        ]
      ]
    },
    {
      "file_path": "/media/NFS/ttao/scannet/posed_images/scene0350_01/00101.jpg",
      "transform_matrix": [
        [
          -0.441559,
          0.281033,
          -0.852083,
          2.51819
        ],
        [
          0.897007,
          0.159548,
          -0.412217,
          4.68619
        ],
        [
          0.020102,
          -0.946343,
          -0.322538,
          1.32936
        ],
        [
          0.0,
          0.0,
          0.0,
          1.0
        ]
      ]
    },
    {
      "file_path": "/media/NFS/ttao/scannet/posed_images/scene0350_01/00104.jpg",
      "transform_matrix": [
        [
          -0.420929,
          0.283396,
          -0.861688,
          2.529559
        ],
        [
          0.906945,
          0.148677,
          -0.39414,
          4.686084
        ],
        [
          0.016416,
          -0.947408,
          -0.319607,
          1.33087
        ],
        [
          0.0,
          0.0,
          0.0,
          1.0
        ]
      ]
    },
    {
      "file_path": "/media/NFS/ttao/scannet/posed_images/scene0350_01/00107.jpg",
      "transform_matrix": [
        [
          -0.399473,
          0.272731,
          -0.875236,
          2.531155
        ],
        [
          0.91659,
          0.136373,
          -0.375853,
          4.67569
        ],
        [
          0.016852,
          -0.952376,
          -0.30446,
          1.338031
        ],
        [
          0.0,
          0.0,
          0.0,
          1.0
        ]
      ]
    },
    {
      "file_path": "/media/NFS/ttao/scannet/posed_images/scene0350_01/00115.jpg",
      "transform_matrix": [
        [
          -0.269509,
          0.24938,
          -0.930147,
          2.54149
        ],
        [
          0.962081,
          0.111855,
          -0.248773,
          4.603885
        ],
        [
          0.042002,
          -0.961924,
          -0.27007,
          1.350935
        ],
        [
          0.0,
          0.0,
          0.0,
          1.0
        ]
      ]
    },
    {
      "file_path": "/media/NFS/ttao/scannet/posed_images/scene0350_01/00119.jpg",
      "transform_matrix": [
        [
          -0.175999,
          0.230729,
          -0.956968,
          2.526127
        ],
        [
          0.983498,
          0.082598,
          -0.160963,
          4.555039
        ],
        [
          0.041905,
          -0.969506,
          -0.241458,
          1.374724
        ],
        [
          0.0,
          0.0,
          0.0,
          1.0
        ]
      ]
    },
    {
      "file_path": "/media/NFS/ttao/scannet/posed_images/scene0350_01/00127.jpg",
      "transform_matrix": [
        [
          -0.031986,
          0.216199,
          -0.975825,
          2.491946
        ],
        [
          0.999163,
          0.03181,
          -0.025704,
          4.435436
        ],
        [
          0.025484,
          -0.975831,
          -0.217035,
          1.389387
        ],
        [
          0.0,
          0.0,
          0.0,
          1.0
        ]
      ]
    },
    {
      "file_path": "/media/NFS/ttao/scannet/posed_images/scene0350_01/00132.jpg",
      "transform_matrix": [
        [
          0.01062,
          0.212007,
          -0.977211,
          2.474963
        ],
        [
          0.999627,
          0.022349,
          0.015712,
          4.377911
        ],
        [
          0.02517,
          -0.977013,
          -0.211691,
          1.384625
        ],
        [
          0.0,
          0.0,
          0.0,
          1.0
        ]
      ]
    },
    {
      "file_path": "/media/NFS/ttao/scannet/posed_images/scene0350_01/00136.jpg",
      "transform_matrix": [
        [
          0.038688,
          0.211978,
          -0.976509,
          2.456037
        ],
        [
          0.998973,
          0.014868,
          0.042805,
          4.341447
        ],
        [
          0.023593,
          -0.977161,
          -0.211185,
          1.384216
        ],
        [
          0.0,
          0.0,
          0.0,
          1.0
        ]
      ]
    },
    {
      "file_path": "/media/NFS/ttao/scannet/posed_images/scene0350_01/00138.jpg",
      "transform_matrix": [
        [
          0.050053,
          0.211917,
          -0.976005,
          2.447352
        ],
        [
          0.998594,
          0.006456,
          0.052613,
          4.327267
        ],
        [
          0.017451,
          -0.977267,
          -0.211296,
          1.380168
        ],
        [
          0.0,
          0.0,
          0.0,
          1.0
        ]
      ]
    },
    {
      "file_path": "/media/NFS/ttao/scannet/posed_images/scene0350_01/00146.jpg",
      "transform_matrix": [
        [
          0.141842,
          0.171255,
          -0.974963,
          2.389832
        ],
        [
          0.989848,
          -0.015551,
          0.141276,
          4.246371
        ],
        [
          0.009032,
          -0.985104,
          -0.171722,
          1.384552
        ],
        [
          0.0,
          0.0,
          0.0,
          1.0
        ]
      ]
    },
    {
      "file_path": "/media/NFS/ttao/scannet/posed_images/scene0350_01/00150.jpg",
      "transform_matrix": [
        [
          0.152686,
          0.145293,
          -0.977536,
          2.364182
        ],
        [
          0.988139,
          -0.038867,
          0.148565,
          4.18879
        ],
        [
          -0.016408,
          -0.988625,
          -0.149504,
          1.399416
        ],
        [
          0.0,
          0.0,
          0.0,
          1.0
        ]
      ]
    },
    {
      "file_path": "/media/NFS/ttao/scannet/posed_images/scene0350_01/00158.jpg",
      "transform_matrix": [
        [
          0.145686,
          0.13458,
          -0.980134,
          2.314037
        ],
        [
          0.989269,
          -0.00878,
          0.145839,
          4.08725
        ],
        [
          0.011022,
          -0.990864,
          -0.134415,
          1.416276
        ],
        [
          0.0,
          0.0,
          0.0,
          1.0
        ]
      ]
    },
    {
      "file_path": "/media/NFS/ttao/scannet/posed_images/scene0350_01/00160.jpg",
      "transform_matrix": [
        [
          0.179048,
          0.140329,
          -0.973781,
          2.300048
        ],
        [
          0.983294,
          0.007473,
          0.181874,
          4.063155
        ],
        [
          0.032799,
          -0.990077,
          -0.136647,
          1.42535
        ],
        [
          0.0,
          0.0,
          0.0,
          1.0
        ]
      ]
    },
    {
      "file_path": "/media/NFS/ttao/scannet/posed_images/scene0350_01/00167.jpg",
      "transform_matrix": [
        [
          0.329279,
          0.173611,
          -0.928135,
          2.257916
        ],
        [
          0.944219,
          -0.06588,
          0.322662,
          3.99466
        ],
        [
          -0.005128,
          -0.982608,
          -0.18562,
          1.418408
        ],
        [
          0.0,
          0.0,
          0.0,
          1.0
        ]
      ]
    },
    {
      "file_path": "/media/NFS/ttao/scannet/posed_images/scene0350_01/00172.jpg",
      "transform_matrix": [
        [
          0.451951,
          0.196527,
          -0.870125,
          2.22654
        ],
        [
          0.891352,
          -0.137878,
          0.431835,
          3.934945
        ],
        [
          -0.035104,
          -0.970756,
          -0.237489,
          1.394593
        ],
        [
          0.0,
          0.0,
          0.0,
          1.0
        ]
      ]
    },
    {
      "file_path": "/media/NFS/ttao/scannet/posed_images/scene0350_01/00178.jpg",
      "transform_matrix": [
        [
          0.551059,
          0.20625,
          -0.808576,
          2.202955
        ],
        [
          0.833556,
          -0.181294,
          0.521839,
          3.9053
        ],
        [
          -0.038961,
          -0.961558,
          -0.271825,
          1.389117
        ],
        [
          0.0,
          0.0,
          0.0,
          1.0
        ]
      ]
    },
    {
      "file_path": "/media/NFS/ttao/scannet/posed_images/scene0350_01/00181.jpg",
      "transform_matrix": [
        [
          0.576096,
          0.225158,
          -0.785759,
          2.179268
        ],
        [
          0.81702,
          -0.187246,
          0.54536,
          3.894727
        ],
        [
          -0.024338,
          -0.956161,
          -0.29183,
          1.385947
        ],
        [
          0.0,
          0.0,
          0.0,
          1.0
        ]
      ]
    },
    {
      "file_path": "/media/NFS/ttao/scannet/posed_images/scene0350_01/00189.jpg",
      "transform_matrix": [
        [
          0.590688,
          0.265449,
          -0.761987,
          2.16309
        ],
        [
          0.806868,
          -0.202742,
          0.554851,
          3.929757
        ],
        [
          -0.007202,
          -0.942567,
          -0.33394,
          1.358909
        ],
        [
          0.0,
          0.0,
          0.0,
          1.0
        ]
      ]
    },
    {
      "file_path": "/media/NFS/ttao/scannet/posed_images/scene0350_01/00194.jpg",
      "transform_matrix": [
        [
          0.593328,
          0.282934,
          -0.753598,
          2.154234
        ],
        [
          0.80478,
          -0.228327,
          0.547901,
          3.967473
        ],
        [
          -0.017047,
          -0.931566,
          -0.363173,
          1.353857
        ],
        [
          0.0,
          0.0,
          0.0,
          1.0
        ]
      ]
    },
    {
      "file_path": "/media/NFS/ttao/scannet/posed_images/scene0350_01/00195.jpg",
      "transform_matrix": [
        [
          0.589974,
          0.279743,
          -0.757413,
          2.15407
        ],
        [
          0.807092,
          -0.231155,
          0.543295,
          3.974
        ],
        [
          -0.023097,
          -0.931832,
          -0.362154,
          1.354836
        ],
        [
          0.0,
          0.0,
          0.0,
          1.0
        ]
      ]
    },
    {
      "file_path": "/media/NFS/ttao/scannet/posed_images/scene0350_01/00200.jpg",
      "transform_matrix": [
        [
          0.544723,
          0.283957,
          -0.789079,
          2.150671
        ],
        [
          0.837827,
          -0.225098,
          0.497371,
          3.995843
        ],
        [
          -0.036388,
          -0.932041,
          -0.360522,
          1.362548
        ],
        [
          0.0,
          0.0,
          0.0,
          1.0
        ]
      ]
    },
    {
      "file_path": "/media/NFS/ttao/scannet/posed_images/scene0350_01/00206.jpg",
      "transform_matrix": [
        [
          0.466923,
          0.299102,
          -0.832179,
          2.144355
        ],
        [
          0.883702,
          -0.192366,
          0.426692,
          4.018112
        ],
        [
          -0.032458,
          -0.93463,
          -0.354137,
          1.366162
        ],
        [
          0.0,
          0.0,
          0.0,
          1.0
        ]
      ]
    },
    {
      "file_path": "/media/NFS/ttao/scannet/posed_images/scene0350_01/00211.jpg",
      "transform_matrix": [
        [
          0.410916,
          0.295194,
          -0.862559,
          2.146047
        ],
        [
          0.910829,
          -0.173635,
          0.374488,
          4.038623
        ],
        [
          -0.039224,
          -0.939527,
          -0.340221,
          1.361593
        ],
        [
          0.0,
          0.0,
          0.0,
          1.0
        ]
      ]
    },
    {
      "file_path": "/media/NFS/ttao/scannet/posed_images/scene0350_01/00215.jpg",
      "transform_matrix": [
        [
          0.356135,
          0.291564,
          -0.887783,
          2.124866
        ],
        [
          0.932413,
          -0.173341,
          0.31711,
          4.062307
        ],
        [
          -0.061431,
          -0.940714,
          -0.333591,
          1.375412
        ],
        [
          0.0,
          0.0,
          0.0,
          1.0
        ]
      ]
    },
    {
      "file_path": "/media/NFS/ttao/scannet/posed_images/scene0350_01/00225.jpg",
      "transform_matrix": [
        [
          0.13519,
          0.252567,
          -0.958088,
          2.049579
        ],
        [
          0.990716,
          -0.048436,
          0.127025,
          4.117085
        ],
        [
          -0.014324,
          -0.966366,
          -0.256771,
          1.385453
        ],
        [
          0.0,
          0.0,
          0.0,
          1.0
        ]
      ]
    },
    {
      "file_path": "/media/NFS/ttao/scannet/posed_images/scene0350_01/00226.jpg",
      "transform_matrix": [
        [
          0.119453,
          0.254559,
          -0.959651,
          2.038041
        ],
        [
          0.992811,
          -0.037952,
          0.113513,
          4.128044
        ],
        [
          -0.007525,
          -0.966312,
          -0.257262,
          1.387647
        ],
        [
          0.0,
          0.0,
          0.0,
          1.0
        ]
      ]
    },
    {
      "file_path": "/media/NFS/ttao/scannet/posed_images/scene0350_01/00236.jpg",
      "transform_matrix": [
        [
          0.001734,
          0.194493,
          -0.980902,
          1.96373
        ],
        [
          0.999993,
          -0.003786,
          0.001017,
          4.235826
        ],
        [
          -0.003516,
          -0.980897,
          -0.194498,
          1.403575
        ],
        [
          0.0,
          0.0,
          0.0,
          1.0
        ]
      ]
    },
    {
      "file_path": "/media/NFS/ttao/scannet/posed_images/scene0350_01/00239.jpg",
      "transform_matrix": [
        [
          -0.037113,
          0.16633,
          -0.985371,
          1.93588
        ],
        [
          0.99917,
          -0.010422,
          -0.039392,
          4.275723
        ],
        [
          -0.016821,
          -0.986015,
          -0.165805,
          1.414342
        ],
        [
          0.0,
          0.0,
          0.0,
          1.0
        ]
      ]
    },
    {
      "file_path": "/media/NFS/ttao/scannet/posed_images/scene0350_01/00242.jpg",
      "transform_matrix": [
        [
          -0.064057,
          0.160694,
          -0.984923,
          1.916357
        ],
        [
          0.997867,
          -0.002105,
          -0.065242,
          4.290807
        ],
        [
          -0.012557,
          -0.987002,
          -0.160217,
          1.436496
        ],
        [
          0.0,
          0.0,
          0.0,
          1.0
        ]
      ]
    },
    {
      "file_path": "/media/NFS/ttao/scannet/posed_images/scene0350_01/00251.jpg",
      "transform_matrix": [
        [
          -0.188122,
          0.111996,
          -0.975739,
          1.850859
        ],
        [
          0.981316,
          -0.019406,
          -0.191425,
          4.372811
        ],
        [
          -0.040374,
          -0.993519,
          -0.106252,
          1.481604
        ],
        [
          0.0,
          0.0,
          0.0,
          1.0
        ]
      ]
    },
    {
      "file_path": "/media/NFS/ttao/scannet/posed_images/scene0350_01/00253.jpg",
      "transform_matrix": [
        [
          -0.204898,
          0.097908,
          -0.973874,
          1.836601
        ],
        [
          0.977764,
          -0.024915,
          -0.208221,
          4.391929
        ],
        [
          -0.04465,
          -0.994884,
          -0.090626,
          1.491385
        ],
        [
          0.0,
          0.0,
          0.0,
          1.0
        ]
      ]
    },
    {
      "file_path": "/media/NFS/ttao/scannet/posed_images/scene0350_01/00259.jpg",
      "transform_matrix": [
        [
          -0.220137,
          0.071155,
          -0.97287,
          1.79464
        ],
        [
          0.974619,
          -0.025576,
          -0.222403,
          4.437302
        ],
        [
          -0.040707,
          -0.997137,
          -0.063719,
          1.509403
        ],
        [
          0.0,
          0.0,
          0.0,
          1.0
        ]
      ]
    },
    {
      "file_path": "/media/NFS/ttao/scannet/posed_images/scene0350_01/00265.jpg",
      "transform_matrix": [
        [
          -0.236912,
          0.061659,
          -0.969573,
          1.771367
        ],
        [
          0.970426,
          -0.032562,
          -0.239191,
          4.457152
        ],
        [
          -0.046319,
          -0.997566,
          -0.052121,
          1.514175
        ],
        [
          0.0,
          0.0,
          0.0,
          1.0
        ]
      ]
    },
    {
      "file_path": "/media/NFS/ttao/scannet/posed_images/scene0350_01/00268.jpg",
      "transform_matrix": [
        [
          -0.243323,
          0.066734,
          -0.967647,
          1.762996
        ],
        [
          0.968625,
          -0.035324,
          -0.246005,
          4.46232
        ],
        [
          -0.050598,
          -0.997145,
          -0.056045,
          1.518551
        ],
        [
          0.0,
          0.0,
          0.0,
          1.0
        ]
      ]
    },
    {
      "file_path": "/media/NFS/ttao/scannet/posed_images/scene0350_01/00273.jpg",
      "transform_matrix": [
        [
          -0.254539,
          0.078696,
          -0.963855,
          1.75381
        ],
        [
          0.9657,
          -0.032201,
          -0.257656,
          4.463594
        ],
        [
          -0.051314,
          -0.996379,
          -0.0678,
          1.519414
        ],
        [
          0.0,
          0.0,
          0.0,
          1.0
        ]
      ]
    },
    {
      "file_path": "/media/NFS/ttao/scannet/posed_images/scene0350_01/00279.jpg",
      "transform_matrix": [
        [
          -0.26542,
          0.080963,
          -0.960728,
          1.751975
        ],
        [
          0.962748,
          -0.031134,
          -0.268602,
          4.45264
        ],
        [
          -0.051658,
          -0.996231,
          -0.069683,
          1.513847
        ],
        [
          0.0,
          0.0,
          0.0,
          1.0
        ]
      ]
    },
    {
      "file_path": "/media/NFS/ttao/scannet/posed_images/scene0350_01/00287.jpg",
      "transform_matrix": [
        [
          -0.191176,
          0.145628,
          -0.970693,
          1.732548
        ],
        [
          0.980531,
          -0.016854,
          -0.195642,
          4.412195
        ],
        [
          -0.044851,
          -0.989196,
          -0.13957,
          1.496266
        ],
        [
          0.0,
          0.0,
          0.0,
          1.0
        ]
      ]
    },
    {
      "file_path": "/media/NFS/ttao/scannet/posed_images/scene0350_01/00291.jpg",
      "transform_matrix": [
        [
          -0.126047,
          0.178928,
          -0.975754,
          1.726671
        ],
        [
          0.991269,
          -0.01565,
          -0.130921,
          4.367772
        ],
        [
          -0.038696,
          -0.983738,
          -0.175394,
          1.478652
        ],
        [
          0.0,
          0.0,
          0.0,
          1.0
        ]
      ]
    },
    {
      "file_path": "/media/NFS/ttao/scannet/posed_images/scene0350_01/00298.jpg",
      "transform_matrix": [
        [
          0.00748,
          0.196656,
          -0.980444,
          1.720974
        ],
        [
          0.999875,
          -0.0151,
          0.004599,
          4.242722
        ],
        [
          -0.0139,
          -0.980356,
          -0.196745,
          1.440551
        ],
        [
          0.0,
          0.0,
          0.0,
          1.0
        ]
      ]
    },
    {
      "file_path": "/media/NFS/ttao/scannet/posed_images/scene0350_01/00299.jpg",
      "transform_matrix": [
        [
          0.03029,
          0.195917,
          -0.980152,
          1.720515
        ],
        [
          0.999506,
          -0.014117,
          0.028067,
          4.218035
        ],
        [
          -0.008338,
          -0.980519,
          -0.196248,
          1.442451
        ],
        [
          0.0,
          0.0,
          0.0,
          1.0
        ]
      ]
    },
    {
      "file_path": "/media/NFS/ttao/scannet/posed_images/scene0350_01/00307.jpg",
      "transform_matrix": [
        [
          0.2389,
          0.200097,
          -0.950204,
          1.729142
        ],
        [
          0.970632,
          -0.077734,
          0.227666,
          4.071672
        ],
        [
          -0.028308,
          -0.976688,
          -0.212791,
          1.439897
        ],
        [
          0.0,
          0.0,
          0.0,
          1.0
        ]
      ]
    },
    {
      "file_path": "/media/NFS/ttao/scannet/posed_images/scene0350_01/00312.jpg",
      "transform_matrix": [
        [
          0.307486,
          0.202761,
          -0.929699,
          1.741121
        ],
        [
          0.951122,
          -0.094887,
          0.293877,
          4.010304
        ],
        [
          -0.028629,
          -0.97462,
          -0.222026,
          1.436186
        ],
        [
          0.0,
          0.0,
          0.0,
          1.0
        ]
      ]
    },
    {
      "file_path": "/media/NFS/ttao/scannet/posed_images/scene0350_01/00318.jpg",
      "transform_matrix": [
        [
          0.284031,
          0.209903,
          -0.935557,
          1.767977
        ],
        [
          0.958158,
          -0.098245,
          0.26885,
          3.961869
        ],
        [
          -0.035481,
          -0.972774,
          -0.229025,
          1.424469
        ],
        [
          0.0,
          0.0,
          0.0,
          1.0
        ]
      ]
    },
    {
      "file_path": "/media/NFS/ttao/scannet/posed_images/scene0350_01/00322.jpg",
      "transform_matrix": [
        [
          0.28456,
          0.213567,
          -0.934566,
          1.790135
        ],
        [
          0.958273,
          -0.090997,
          0.270984,
          3.94143
        ],
        [
          -0.027169,
          -0.972681,
          -0.23055,
          1.421297
        ],
        [
          0.0,
          0.0,
          0.0,
          1.0
        ]
      ]
    },
    {
      "file_path": "/media/NFS/ttao/scannet/posed_images/scene0350_01/00329.jpg",
      "transform_matrix": [
        [
          0.338503,
          0.190343,
          -0.921512,
          1.812425
        ],
        [
          0.939802,
          -0.117083,
          0.321037,
          3.918381
        ],
        [
          -0.046787,
          -0.974711,
          -0.218518,
          1.420721
        ],
        [
          0.0,
          0.0,
          0.0,
          1.0
        ]
      ]
    },
    {
      "file_path": "/media/NFS/ttao/scannet/posed_images/scene0350_01/00333.jpg",
      "transform_matrix": [
        [
          0.378534,
          0.194486,
          -0.904924,
          1.80297
        ],
        [
          0.925102,
          -0.111178,
          0.363079,
          3.895645
        ],
        [
          -0.029994,
          -0.974584,
          -0.222004,
          1.407721
        ],
        [
          0.0,
          0.0,
          0.0,
          1.0
        ]
      ]
    },
    {
      "file_path": "/media/NFS/ttao/scannet/posed_images/scene0350_01/00336.jpg",
      "transform_matrix": [
        [
          0.395197,
          0.198136,
          -0.896973,
          1.792104
        ],
        [
          0.917937,
          -0.122177,
          0.377445,
          3.877707
        ],
        [
          -0.034804,
          -0.97253,
          -0.230161,
          1.401614
        ],
        [
          0.0,
          0.0,
          0.0,
          1.0
        ]
      ]
    },
    {
      "file_path": "/media/NFS/ttao/scannet/posed_images/scene0350_01/00339.jpg",
      "transform_matrix": [
        [
          0.415977,
          0.204325,
          -0.886123,
          1.770751
        ],
        [
          0.908859,
          -0.126227,
          0.397545,
          3.85546
        ],
        [
          -0.030624,
          -0.970731,
          -0.23821,
          1.397423
        ],
        [
          0.0,
          0.0,
          0.0,
          1.0
        ]
      ]
    },
    {
      "file_path": "/media/NFS/ttao/scannet/posed_images/scene0350_01/00347.jpg",
      "transform_matrix": [
        [
          0.517548,
          0.185662,
          -0.835269,
          1.696766
        ],
        [
          0.854161,
          -0.169763,
          0.491518,
          3.803414
        ],
        [
          -0.050542,
          -0.967838,
          -0.246445,
          1.399033
        ],
        [
          0.0,
          0.0,
          0.0,
          1.0
        ]
      ]
    },
    {
      "file_path": "/media/NFS/ttao/scannet/posed_images/scene0350_01/00350.jpg",
      "transform_matrix": [
        [
          0.580109,
          0.175269,
          -0.795459,
          1.663228
        ],
        [
          0.812632,
          -0.191324,
          0.550477,
          3.790123
        ],
        [
          -0.055708,
          -0.965752,
          -0.253418,
          1.389808
        ],
        [
          0.0,
          0.0,
          0.0,
          1.0
        ]
      ]
    },
    {
      "file_path": "/media/NFS/ttao/scannet/posed_images/scene0350_01/00356.jpg",
      "transform_matrix": [
        [
          0.677185,
          0.168759,
          -0.716199,
          1.641786
        ],
        [
          0.732922,
          -0.240896,
          0.636234,
          3.799265
        ],
        [
          -0.065159,
          -0.955767,
          -0.286818,
          1.423576
        ],
        [
          0.0,
          0.0,
          0.0,
          1.0
        ]
      ]
    },
    {
      "file_path": "/media/NFS/ttao/scannet/posed_images/scene0350_01/00363.jpg",
      "transform_matrix": [
        [
          0.742296,
          0.15671,
          -0.651489,
          1.627744
        ],
        [
          0.666252,
          -0.276282,
          0.692659,
          3.791937
        ],
        [
          -0.071448,
          -0.948214,
          -0.309491,
          1.416211
        ],
        [
          0.0,
          0.0,
          0.0,
          1.0
        ]
      ]
    },
    {
      "file_path": "/media/NFS/ttao/scannet/posed_images/scene0350_01/00369.jpg",
      "transform_matrix": [
        [
          0.727078,
          0.17028,
          -0.665103,
          1.632934
        ],
        [
          0.683416,
          -0.272037,
          0.67745,
          3.783843
        ],
        [
          -0.065577,
          -0.947102,
          -0.314164,
          1.419053
        ],
        [
          0.0,
          0.0,
          0.0,
          1.0
        ]
      ]
    },
    {
      "file_path": "/media/NFS/ttao/scannet/posed_images/scene0350_01/00370.jpg",
      "transform_matrix": [
        [
          0.726683,
          0.170057,
          -0.665592,
          1.63779
        ],
        [
          0.684119,
          -0.267372,
          0.678597,
          3.783909
        ],
        [
          -0.06256,
          -0.948469,
          -0.310633,
          1.415026
        ],
        [
          0.0,
          0.0,
          0.0,
          1.0
        ]
      ]
    },
    {
      "file_path": "/media/NFS/ttao/scannet/posed_images/scene0350_01/00378.jpg",
      "transform_matrix": [
        [
          0.755904,
          0.16447,
          -0.633687,
          1.661294
        ],
        [
          0.651561,
          -0.283404,
          0.703669,
          3.804605
        ],
        [
          -0.063857,
          -0.944792,
          -0.321389,
          1.419693
        ],
        [
          0.0,
          0.0,
          0.0,
          1.0
        ]
      ]
    },
    {
      "file_path": "/media/NFS/ttao/scannet/posed_images/scene0350_01/00384.jpg",
      "transform_matrix": [
        [
          0.775335,
          0.190457,
          -0.602148,
          1.663058
        ],
        [
          0.628956,
          -0.319193,
          0.708894,
          3.799299
        ],
        [
          -0.057187,
          -0.928355,
          -0.367271,
          1.39918
        ],
        [
          0.0,
          0.0,
          0.0,
          1.0
        ]
      ]
    },
    {
      "file_path": "/media/NFS/ttao/scannet/posed_images/scene0350_01/00389.jpg",
      "transform_matrix": [
        [
          0.771691,
          0.209874,
          -0.600371,
          1.648267
        ],
        [
          0.634048,
          -0.327723,
          0.700415,
          3.783944
        ],
        [
          -0.049757,
          -0.921168,
          -0.385971,
          1.386559
        ],
        [
          0.0,
          0.0,
          0.0,
          1.0
        ]
      ]
    },
    {
      "file_path": "/media/NFS/ttao/scannet/posed_images/scene0350_01/00392.jpg",
      "transform_matrix": [
        [
          0.779481,
          0.212622,
          -0.589238,
          1.633286
        ],
        [
          0.624012,
          -0.346047,
          0.700615,
          3.776875
        ],
        [
          -0.054938,
          -0.913807,
          -0.402415,
          1.3746
        ],
        [
          0.0,
          0.0,
          0.0,
          1.0
        ]
      ]
    },
    {
      "file_path": "/media/NFS/ttao/scannet/posed_images/scene0350_01/00400.jpg",
      "transform_matrix": [
        [
          0.825428,
          0.23053,
          -0.515291,
          1.599214
        ],
        [
          0.563278,
          -0.396549,
          0.724891,
          3.77178
        ],
        [
          -0.037229,
          -0.888597,
          -0.457175,
          1.348384
