{
  "frames": [
    {
      "file_path": "/media/NFS/ttao/scannet/posed_images/scene0204_02/00001.jpg",
      "transform_matrix": [
        [
          -0.202547,
          0.549555,
          -0.810533,
          2.909417
        ],
        [
          0.967531,
          -0.015486,
          -0.252279,
          2.039644
        ],
        [
          -0.151193,
          -0.835314,
          -0.528575,
          1.718603
        ],
        [
          0.0,
          0.0,
          0.0,
          1.0
        ]
      ]
    },
    {
      "file_path": "/media/NFS/ttao/scannet/posed_images/scene0204_02/00003.jpg",
      "transform_matrix": [
        [
          -0.209443,
          0.545344,
          -0.811624,
          2.909274
        ],
        [
          0.966385,
          -0.011133,
          -0.25686,
          2.039805
        ],
        [
          -0.149113,
          -0.838139,
          -0.52468,
          1.714748
        ],
        [
          0.0,
          0.0,
          0.0,
          1.0
        ]
      ]
    },
    {
      "file_path": "/media/NFS/ttao/scannet/posed_images/scene0204_02/00005.jpg",
      "transform_matrix": [
        [
          -0.212344,
          0.545363,
          -0.810857,
          2.904306
        ],
        [
          0.966197,
          -0.00697,
          -0.257712,
          2.037564
        ],
        [
          -0.146198,
          -0.838171,
          -0.525448,
          1.710726
        ],
        [
          0.0,
          0.0,
          0.0,
          1.0
        ]
      ]
    },
    {
      "file_path": "/media/NFS/ttao/scannet/posed_images/scene0204_02/00008.jpg",
      "transform_matrix": [
        [
          -0.217329,
          0.55181,
          -0.805154,
          2.886316
        ],
        [
          0.965412,
          -0.000207,
          -0.260728,
          2.032083
        ],
        [
          -0.144039,
          -0.83397,
          -0.532679,
          1.70358
        ],
        [
          0.0,
          0.0,
          0.0,
          1.0
        ]
      ]
    },
    {
      "file_path": "/media/NFS/ttao/scannet/posed_images/scene0204_02/00012.jpg",
      "transform_matrix": [
        [
          -0.215986,
          0.548792,
          -0.807575,
          2.86195
        ],
        [
          0.968005,
          0.012148,
          -0.250637,
          2.011764
        ],
        [
          -0.127737,
          -0.835871,
          -0.533857,
          1.681106
        ],
        [
          0.0,
          0.0,
          0.0,
          1.0
        ]
      ]
    },
    {
      "file_path": "/media/NFS/ttao/scannet/posed_images/scene0204_02/00014.jpg",
      "transform_matrix": [
        [
          -0.214535,
          0.55377,
          -0.804558,
          2.840799
        ],
        [
          0.968756,
          0.015693,
          -0.247517,
          2.010297
        ],
        [
          -0.124442,
          -0.832522,
          -0.539835,
          1.672145
        ],
        [
          0.0,
          0.0,
          0.0,
          1.0
        ]
      ]
    },
    {
      "file_path": "/media/NFS/ttao/scannet/posed_images/scene0204_02/00017.jpg",
      "transform_matrix": [
        [
          -0.210105,
          0.563874,
          -0.798688,
          2.801653
        ],
        [
          0.970448,
          0.021108,
          -0.240386,
          2.010893
        ],
        [
          -0.118688,
          -0.825591,
          -0.551645,
          1.663425
        ],
        [
          0.0,
          0.0,
          0.0,
          1.0
        ]
      ]
    },
    {
      "file_path": "/media/NFS/ttao/scannet/posed_images/scene0204_02/00022.jpg",
      "transform_matrix": [
        [
          -0.183986,
          0.592803,
          -0.784049,
          2.732394
        ],
        [
          0.976868,
          0.021834,
          -0.212725,
          2.014659
        ],
        [
          -0.108985,
          -0.805051,
          -0.583108,
          1.644249
        ],
        [
          0.0,
          0.0,
          0.0,
          1.0
        ]
      ]
    },
    {
      "file_path": "/media/NFS/ttao/scannet/posed_images/scene0204_02/00023.jpg",
      "transform_matrix": [
        [
          -0.181819,
          0.598152,
          -0.780484,
          2.718667
        ],
        [
          0.97719,
          0.021336,
          -0.211291,
          2.021536
        ],
        [
          -0.109732,
          -0.801098,
          -0.588388,
          1.640058
        ],
        [
          0.0,
          0.0,
          0.0,
          1.0
        ]
      ]
    },
    {
      "file_path": "/media/NFS/ttao/scannet/posed_images/scene0204_02/00028.jpg",
      "transform_matrix": [
        [
          -0.186682,
          0.610469,
          -0.769726,
          2.649943
        ],
        [
          0.977167,
          0.034466,
          -0.209657,
          2.062788
        ],
        [
          -0.10146,
          -0.79129,
          -0.602965,
          1.620834
        ],
        [
          0.0,
          0.0,
          0.0,
          1.0
        ]
      ]
    },
    {
      "file_path": "/media/NFS/ttao/scannet/posed_images/scene0204_02/00031.jpg",
      "transform_matrix": [
        [
          -0.20275,
          0.628454,
          -0.750958,
          2.602953
        ],
        [
          0.974143,
          0.051371,
          -0.220017,
          2.09775
        ],
        [
          -0.099693,
          -0.776149,
          -0.62262,
          1.607599
        ],
        [
          0.0,
          0.0,
          0.0,
          1.0
        ]
      ]
    },
    {
      "file_path": "/media/NFS/ttao/scannet/posed_images/scene0204_02/00032.jpg",
      "transform_matrix": [
        [
          -0.213481,
          0.630632,
          -0.746143,
          2.589525
        ],
        [
          0.971884,
          0.059434,
          -0.227836,
          2.110971
        ],
        [
          -0.099335,
          -0.773803,
          -0.62559,
          1.60226
        ],
        [
          0.0,
          0.0,
          0.0,
          1.0
        ]
      ]
    },
    {
      "file_path": "/media/NFS/ttao/scannet/posed_images/scene0204_02/00035.jpg",
      "transform_matrix": [
        [
          -0.256889,
          0.627954,
          -0.73463,
          2.551656
        ],
        [
          0.962603,
          0.098577,
          -0.252345,
          2.157442
        ],
        [
          -0.086044,
          -0.771982,
          -0.629794,
          1.589439
        ],
        [
          0.0,
          0.0,
          0.0,
          1.0
        ]
      ]
    },
    {
      "file_path": "/media/NFS/ttao/scannet/posed_images/scene0204_02/00040.jpg",
      "transform_matrix": [
        [
          -0.322664,
          0.635606,
          -0.701351,
          2.496272
        ],
        [
          0.945363,
          0.179895,
          -0.271893,
          2.238016
        ],
        [
          -0.046647,
          -0.750762,
          -0.658924,
          1.572053
        ],
        [
          0.0,
          0.0,
          0.0,
          1.0
        ]
      ]
    },
    {
      "file_path": "/media/NFS/ttao/scannet/posed_images/scene0204_02/00043.jpg",
      "transform_matrix": [
        [
          -0.352184,
          0.63761,
          -0.685142,
          2.464093
        ],
        [
          0.934832,
          0.204179,
          -0.290518,
          2.288882
        ],
        [
          -0.045345,
          -0.742809,
          -0.667966,
          1.560746
        ],
        [
          0.0,
          0.0,
          0.0,
          1.0
        ]
      ]
    },
    {
      "file_path": "/media/NFS/ttao/scannet/posed_images/scene0204_02/00044.jpg",
      "transform_matrix": [
        [
          -0.362683,
          0.644152,
          -0.673446,
          2.447923
        ],
        [
          0.930538,
          0.211091,
          -0.299231,
          2.303832
        ],
        [
          -0.050592,
          -0.735193,
          -0.675967,
          1.563116
        ],
        [
          0.0,
          0.0,
          0.0,
          1.0
        ]
      ]
    },
    {
      "file_path": "/media/NFS/ttao/scannet/posed_images/scene0204_02/00049.jpg",
      "transform_matrix": [
        [
          -0.380433,
          0.631812,
          -0.67534,
          2.374166
        ],
        [
          0.922677,
          0.209753,
          -0.323529,
          2.366964
        ],
        [
          -0.062755,
          -0.746201,
          -0.662756,
          1.560624
        ],
        [
          0.0,
          0.0,
          0.0,
          1.0
        ]
      ]
    },
    {
      "file_path": "/media/NFS/ttao/scannet/posed_images/scene0204_02/00050.jpg",
      "transform_matrix": [
        [
          -0.387922,
          0.631721,
          -0.671152,
          2.356536
        ],
        [
          0.918948,
          0.208938,
          -0.334484,
          2.383169
        ],
        [
          -0.071071,
          -0.746507,
          -0.66157,
          1.558058
        ],
        [
          0.0,
          0.0,
          0.0,
          1.0
        ]
      ]
    },
    {
      "file_path": "/media/NFS/ttao/scannet/posed_images/scene0204_02/00053.jpg",
      "transform_matrix": [
        [
          -0.402192,
          0.620694,
          -0.673038,
          2.300313
        ],
        [
          0.91305,
          0.217571,
          -0.344968,
          2.410849
        ],
        [
          -0.067686,
          -0.75326,
          -0.65423,
          1.552864
        ],
        [
          0.0,
          0.0,
          0.0,
          1.0
        ]
      ]
    },
    {
      "file_path": "/media/NFS/ttao/scannet/posed_images/scene0204_02/00056.jpg",
      "transform_matrix": [
        [
          -0.420361,
          0.602805,
          -0.678176,
          2.24053
        ],
        [
          0.90647,
          0.245958,
          -0.343244,
          2.436532
        ],
        [
          -0.040107,
          -0.759033,
          -0.649816,
          1.548135
        ],
        [
          0.0,
          0.0,
          0.0,
          1.0
        ]
      ]
    },
    {
      "file_path": "/media/NFS/ttao/scannet/posed_images/scene0204_02/00060.jpg",
      "transform_matrix": [
        [
          -0.433982,
          0.598196,
          -0.673662,
          2.163872
        ],
        [
          0.900676,
          0.270641,
          -0.339905,
          2.473909
        ],
        [
          -0.021009,
          -0.754264,
          -0.656235,
          1.54407
        ],
        [
          0.0,
          0.0,
          0.0,
          1.0
        ]
      ]
    },
    {
      "file_path": "/media/NFS/ttao/scannet/posed_images/scene0204_02/00062.jpg",
      "transform_matrix": [
        [
          -0.441861,
          0.592269,
          -0.673778,
          2.125998
        ],
        [
          0.896785,
          0.27224,
          -0.348802,
          2.495443
        ],
        [
          -0.023156,
          -0.758355,
          -0.65143,
          1.544921
        ],
        [
          0.0,
          0.0,
          0.0,
          1.0
        ]
      ]
    },
    {
      "file_path": "/media/NFS/ttao/scannet/posed_images/scene0204_02/00065.jpg",
      "transform_matrix": [
        [
          -0.452187,
          0.590883,
          -0.668119,
          2.067924
        ],
        [
          0.891401,
          0.273777,
          -0.361179,
          2.521478
        ],
        [
          -0.030499,
          -0.758883,
          -0.650513,
          1.548439
        ],
        [
          0.0,
          0.0,
          0.0,
          1.0
        ]
      ]
    },
    {
      "file_path": "/media/NFS/ttao/scannet/posed_images/scene0204_02/00068.jpg",
      "transform_matrix": [
        [
          -0.470849,
          0.581261,
          -0.663654,
          2.012238
        ],
        [
          0.881723,
          0.284967,
          -0.375976,
          2.54975
        ],
        [
          -0.029421,
          -0.762187,
          -0.646688,
          1.545343
        ],
        [
          0.0,
          0.0,
          0.0,
          1.0
        ]
      ]
    },
    {
      "file_path": "/media/NFS/ttao/scannet/posed_images/scene0204_02/00070.jpg",
      "transform_matrix": [
        [
          -0.493536,
          0.568571,
          -0.65814,
          1.975622
        ],
        [
          0.869335,
          0.299821,
          -0.392892,
          2.570159
        ],
        [
          -0.026063,
          -0.766051,
          -0.642251,
          1.537715
        ],
        [
          0.0,
          0.0,
          0.0,
          1.0
        ]
      ]
    },
    {
      "file_path": "/media/NFS/ttao/scannet/posed_images/scene0204_02/00075.jpg",
      "transform_matrix": [
        [
          -0.564112,
          0.529793,
          -0.633322,
          1.877758
        ],
        [
          0.825684,
          0.357487,
          -0.436403,
          2.625031
        ],
        [
          -0.004799,
          -0.769105,
          -0.639105,
          1.529689
        ],
        [
          0.0,
          0.0,
          0.0,
          1.0
        ]
      ]
    },
    {
      "file_path": "/media/NFS/ttao/scannet/posed_images/scene0204_02/00077.jpg",
      "transform_matrix": [
        [
          -0.598486,
          0.521142,
          -0.608462,
          1.839995
        ],
        [
          0.801085,
          0.380925,
          -0.461692,
          2.646725
        ],
        [
          -0.008829,
          -0.763745,
          -0.645457,
          1.530629
        ],
        [
          0.0,
          0.0,
          0.0,
          1.0
        ]
      ]
    },
    {
      "file_path": "/media/NFS/ttao/scannet/posed_images/scene0204_02/00080.jpg",
      "transform_matrix": [
        [
          -0.645158,
          0.498343,
          -0.579159,
          1.786344
        ],
        [
          0.763876,
          0.404572,
          -0.502807,
          2.672854
        ],
        [
          -0.016259,
          -0.766796,
          -0.641685,
          1.534399
        ],
        [
          0.0,
          0.0,
          0.0,
          1.0
        ]
      ]
    },
    {
      "file_path": "/media/NFS/ttao/scannet/posed_images/scene0204_02/00082.jpg",
      "transform_matrix": [
        [
          -0.679145,
          0.471921,
          -0.562186,
          1.75604
        ],
        [
          0.733788,
          0.417915,
          -0.535633,
          2.683434
        ],
        [
          -0.017831,
          -0.776297,
          -0.630114,
          1.542241
        ],
        [
          0.0,
          0.0,
          0.0,
          1.0
        ]
      ]
    },
    {
      "file_path": "/media/NFS/ttao/scannet/posed_images/scene0204_02/00086.jpg",
      "transform_matrix": [
        [
          -0.748202,
          0.380606,
          -0.543446,
          1.698613
        ],
        [
          0.663417,
          0.439683,
          -0.605439,
          2.69366
        ],
        [
          0.00851,
          -0.813522,
          -0.581472,
          1.548258
        ],
        [
          0.0,
          0.0,
          0.0,
          1.0
        ]
      ]
    },
    {
      "file_path": "/media/NFS/ttao/scannet/posed_images/scene0204_02/00090.jpg",
      "transform_matrix": [
        [
          -0.810051,
          0.296261,
          -0.50601,
          1.629933
        ],
        [
          0.586021,
          0.438333,
          -0.6815,
          2.701724
        ],
        [
          0.019899,
          -0.848583,
          -0.528688,
          1.541882
        ],
        [
          0.0,
          0.0,
          0.0,
          1.0
        ]
      ]
    },
    {
      "file_path": "/media/NFS/ttao/scannet/posed_images/scene0204_02/00092.jpg",
      "transform_matrix": [
        [
          -0.834023,
          0.268158,
          -0.48218,
          1.596474
        ],
        [
          0.551172,
          0.444241,
          -0.706299,
          2.700823
        ],
        [
          0.024805,
          -0.854834,
          -0.518309,
          1.541878
        ],
        [
          0.0,
          0.0,
          0.0,
          1.0
        ]
      ]
    },
    {
      "file_path": "/media/NFS/ttao/scannet/posed_images/scene0204_02/00096.jpg",
      "transform_matrix": [
        [
          -0.880321,
          0.213661,
          -0.423537,
          1.537786
        ],
        [
          0.472356,
          0.477174,
          -0.74107,
          2.692838
        ],
        [
          0.043763,
          -0.85244,
          -0.52099,
          1.551458
        ],
        [
          0.0,
          0.0,
          0.0,
          1.0
        ]
      ]
    },
    {
      "file_path": "/media/NFS/ttao/scannet/posed_images/scene0204_02/00099.jpg",
      "transform_matrix": [
        [
          -0.912694,
          0.180592,
          -0.366574,
          1.49611
        ],
        [
          0.406148,
          0.499885,
          -0.764957,
          2.690252
        ],
        [
          0.0451,
          -0.847054,
          -0.529589,
          1.560965
        ],
        [
          0.0,
          0.0,
          0.0,
          1.0
        ]
      ]
    },
    {
      "file_path": "/media/NFS/ttao/scannet/posed_images/scene0204_02/00100.jpg",
      "transform_matrix": [
        [
          -0.924633,
          0.163885,
          -0.343796,
          1.476759
        ],
        [
          0.378461,
          0.496523,
          -0.781174,
          2.696606
        ],
        [
          0.042679,
          -0.852412,
          -0.521125,
          1.555047
        ],
        [
          0.0,
          0.0,
          0.0,
          1.0
        ]
      ]
    },
    {
      "file_path": "/media/NFS/ttao/scannet/posed_images/scene0204_02/00105.jpg",
      "transform_matrix": [
        [
          -0.957986,
          0.070443,
          -0.278031,
          1.407886
        ],
        [
          0.274909,
          0.501926,
          -0.820058,
          2.697934
        ],
        [
          0.081784,
          -0.862037,
          -0.500203,
          1.551711
        ],
        [
          0.0,
          0.0,
          0.0,
          1.0
        ]
      ]
    },
    {
      "file_path": "/media/NFS/ttao/scannet/posed_images/scene0204_02/00106.jpg",
      "transform_matrix": [
        [
          -0.964507,
          0.049245,
          -0.259425,
          1.394037
        ],
        [
          0.248209,
          0.50431,
          -0.827081,
          2.699283
        ],
        [
          0.090101,
          -0.862117,
          -0.498634,
          1.548896
        ],
        [
          0.0,
          0.0,
          0.0,
          1.0
        ]
      ]
    },
    {
      "file_path": "/media/NFS/ttao/scannet/posed_images/scene0204_02/00109.jpg",
      "transform_matrix": [
        [
          -0.98115,
          -0.030786,
          -0.190778,
          1.358753
        ],
        [
          0.148884,
          0.508948,
          -0.847824,
          2.704175
        ],
        [
          0.123198,
          -0.860246,
          -0.494771,
          1.541924
        ],
        [
          0.0,
          0.0,
          0.0,
          1.0
        ]
      ]
    },
    {
      "file_path": "/media/NFS/ttao/scannet/posed_images/scene0204_02/00113.jpg",
      "transform_matrix": [
        [
          -0.989067,
          -0.124869,
          -0.078444,
          1.315382
        ],
        [
          0.002126,
          0.519825,
          -0.85427,
          2.708758
        ],
        [
          0.147449,
          -0.845097,
          -0.513877,
          1.534366
        ],
        [
          0.0,
          0.0,
          0.0,
          1.0
        ]
      ]
    },
    {
      "file_path": "/media/NFS/ttao/scannet/posed_images/scene0204_02/00116.jpg",
      "transform_matrix": [
        [
          -0.980226,
          -0.197853,
          -0.003266,
          1.302071
        ],
        [
          -0.099178,
          0.505511,
          -0.857101,
          2.709893
        ],
        [
          0.171231,
          -0.839829,
          -0.515139,
          1.530376
        ],
        [
          0.0,
          0.0,
          0.0,
          1.0
        ]
      ]
    },
    {
      "file_path": "/media/NFS/ttao/scannet/posed_images/scene0204_02/00117.jpg",
      "transform_matrix": [
        [
          -0.974079,
          -0.224875,
          0.024525,
          1.299417
        ],
        [
          -0.13611,
          0.496054,
          -0.857557,
          2.710378
        ],
        [
          0.180677,
          -0.838667,
          -0.513803,
          1.527864
        ],
        [
          0.0,
          0.0,
          0.0,
          1.0
        ]
      ]
    },
    {
      "file_path": "/media/NFS/ttao/scannet/posed_images/scene0204_02/00122.jpg",
      "transform_matrix": [
        [
          -0.922421,
          -0.352983,
          0.156663,
          1.288465
        ],
        [
          -0.316361,
          0.458012,
          -0.830747,
          2.703886
        ],
        [
          0.221487,
          -0.81586,
          -0.53415,
          1.517638
        ],
        [
          0.0,
          0.0,
          0.0,
          1.0
        ]
      ]
    },
    {
      "file_path": "/media/NFS/ttao/scannet/posed_images/scene0204_02/00123.jpg",
      "transform_matrix": [
        [
          -0.909482,
          -0.372016,
          0.185599,
          1.288897
        ],
        [
          -0.350624,
          0.446471,
          -0.823242,
          2.703404
        ],
        [
          0.223394,
          -0.813799,
          -0.536495,
          1.517234
        ],
        [
          0.0,
          0.0,
          0.0,
          1.0
        ]
      ]
    },
    {
      "file_path": "/media/NFS/ttao/scannet/posed_images/scene0204_02/00128.jpg",
      "transform_matrix": [
        [
          -0.839297,
          -0.446711,
          0.309888,
          1.305144
        ],
        [
          -0.503777,
          0.424685,
          -0.752231,
          2.706176
        ],
        [
          0.204425,
          -0.787459,
          -0.581479,
          1.514395
        ],
        [
          0.0,
          0.0,
          0.0,
          1.0
        ]
      ]
    },
    {
      "file_path": "/media/NFS/ttao/scannet/posed_images/scene0204_02/00129.jpg",
      "transform_matrix": [
        [
          -0.822222,
          -0.462069,
          0.33233,
          1.306407
        ],
        [
          -0.531014,
          0.412585,
          -0.740133,
          2.708956
        ],
        [
          0.204878,
          -0.785026,
          -0.584602,
          1.51175
        ],
        [
          0.0,
          0.0,
          0.0,
          1.0
        ]
      ]
    },
    {
      "file_path": "/media/NFS/ttao/scannet/posed_images/scene0204_02/00134.jpg",
      "transform_matrix": [
        [
          -0.730178,
          -0.538064,
          0.421102,
          1.30064
        ],
        [
          -0.653697,
          0.370818,
          -0.659678,
          2.713246
        ],
        [
          0.198797,
          -0.756955,
          -0.622494,
          1.498701
        ],
        [
          0.0,
          0.0,
          0.0,
          1.0
        ]
      ]
    },
    {
      "file_path": "/media/NFS/ttao/scannet/posed_images/scene0204_02/00135.jpg",
      "transform_matrix": [
        [
          -0.70922,
          -0.552288,
          0.438159,
          1.301638
        ],
        [
          -0.676179,
          0.35705,
          -0.644435,
          2.714053
        ],
        [
          0.199469,
          -0.753321,
          -0.626673,
          1.496791
        ],
        [
          0.0,
          0.0,
          0.0,
          1.0
        ]
      ]
    },
    {
      "file_path": "/media/NFS/ttao/scannet/posed_images/scene0204_02/00138.jpg",
      "transform_matrix": [
        [
          -0.632791,
          -0.600799,
          0.488484,
          1.304033
        ],
        [
          -0.746163,
          0.304544,
          -0.592025,
          2.717562
        ],
        [
          0.206923,
          -0.739117,
          -0.641007,
          1.490752
        ],
        [
          0.0,
          0.0,
          0.0,
          1.0
        ]
      ]
    },
    {
      "file_path": "/media/NFS/ttao/scannet/posed_images/scene0204_02/00141.jpg",
      "transform_matrix": [
        [
          -0.55675,
          -0.634561,
          0.53606,
          1.316654
        ],
        [
          -0.806114,
          0.256951,
          -0.533062,
          2.721279
        ],
        [
          0.20052,
          -0.728909,
          -0.654587,
          1.490254
        ],
        [
          0.0,
          0.0,
          0.0,
          1.0
        ]
      ]
    },
    {
      "file_path": "/media/NFS/ttao/scannet/posed_images/scene0204_02/00144.jpg",
      "transform_matrix": [
        [
          -0.460239,
          -0.656864,
          0.597252,
          1.327485
        ],
        [
          -0.868754,
          0.194639,
          -0.455391,
          2.717941
        ],
        [
          0.182882,
          -0.728454,
          -0.660234,
          1.495957
        ],
        [
          0.0,
          0.0,
          0.0,
          1.0
        ]
      ]
    },
    {
      "file_path": "/media/NFS/ttao/scannet/posed_images/scene0204_02/00148.jpg",
      "transform_matrix": [
        [
          -0.323392,
          -0.673619,
          0.664571,
          1.333721
        ],
        [
          -0.92651,
          0.082652,
          -0.367079,
          2.717114
        ],
        [
          0.192343,
          -0.734442,
          -0.650845,
          1.497036
        ],
        [
          0.0,
          0.0,
          0.0,
          1.0
        ]
      ]
    },
    {
      "file_path": "/media/NFS/ttao/scannet/posed_images/scene0204_02/00150.jpg",
      "transform_matrix": [
        [
          -0.274561,
          -0.677419,
          0.682436,
          1.347442
        ],
        [
          -0.940435,
          0.041196,
          -0.337468,
          2.725954
        ],
        [
          0.200493,
          -0.734443,
          -0.64838,
          1.507284
        ],
        [
          0.0,
          0.0,
          0.0,
          1.0
        ]
      ]
    },
    {
      "file_path": "/media/NFS/ttao/scannet/posed_images/scene0204_02/00153.jpg",
      "transform_matrix": [
        [
          -0.190706,
          -0.654581,
          0.731543,
          1.35595
        ],
        [
          -0.96182,
          -0.024425,
          -0.272592,
          2.719257
        ],
        [
          0.196301,
          -0.755597,
          -0.624931,
          1.532167
        ],
        [
          0.0,
          0.0,
          0.0,
          1.0
        ]
      ]
    },
    {
      "file_path": "/media/NFS/ttao/scannet/posed_images/scene0204_02/00156.jpg",
      "transform_matrix": [
        [
          -0.125548,
          -0.594103,
          0.794531,
          1.357818
        ],
        [
          -0.974378,
          -0.076804,
          -0.211396,
          2.711933
        ],
        [
          0.186614,
          -0.800714,
          -0.569239,
          1.559325
        ],
        [
          0.0,
          0.0,
          0.0,
          1.0
        ]
      ]
    },
    {
      "file_path": "/media/NFS/ttao/scannet/posed_images/scene0204_02/00161.jpg",
      "transform_matrix": [
        [
          -0.096695,
          -0.457403,
          0.883986,
          1.344122
        ],
        [
          -0.980939,
          -0.106608,
          -0.162463,
          2.724757
        ],
        [
          0.168551,
          -0.882846,
          -0.438376,
          1.578921
        ],
        [
          0.0,
          0.0,
          0.0,
          1.0
        ]
      ]
    },
    {
      "file_path": "/media/NFS/ttao/scannet/posed_images/scene0204_02/00164.jpg",
      "transform_matrix": [
        [
          -0.079032,
          -0.398552,
          0.913734,
          1.33843
        ],
        [
          -0.985281,
          -0.10814,
          -0.132389,
          2.715871
        ],
        [
          0.151575,
          -0.910748,
          -0.384139,
          1.594308
        ],
        [
          0.0,
          0.0,
          0.0,
          1.0
        ]
      ]
    },
    {
      "file_path": "/media/NFS/ttao/scannet/posed_images/scene0204_02/00166.jpg",
      "transform_matrix": [
        [
          -0.064435,
          -0.369377,
          0.927043,
          1.338124
        ],
        [
          -0.987047,
          -0.113181,
          -0.113703,
          2.711345
        ],
        [
          0.146923,
          -0.922361,
          -0.357299,
          1.606061
        ],
        [
          0.0,
          0.0,
          0.0,
          1.0
        ]
      ]
    },
    {
      "file_path": "/media/NFS/ttao/scannet/posed_images/scene0204_02/00169.jpg",
      "transform_matrix": [
        [
          -0.036116,
          -0.345066,
          0.937883,
          1.337212
        ],
        [
          -0.98932,
          -0.120268,
          -0.082346,
          2.709192
        ],
        [
          0.141212,
          -0.930841,
          -0.337038,
          1.612625
        ],
        [
          0.0,
          0.0,
          0.0,
          1.0
        ]
      ]
    },
    {
      "file_path": "/media/NFS/ttao/scannet/posed_images/scene0204_02/00172.jpg",
      "transform_matrix": [
        [
          -0.00639,
          -0.345112,
          0.93854,
          1.35115
        ],
        [
          -0.991366,
          -0.120736,
          -0.051146,
          2.73618
        ],
        [
          0.130967,
          -0.930763,
          -0.341361,
          1.615641
        ],
        [
          0.0,
          0.0,
          0.0,
          1.0
        ]
      ]
    },
    {
      "file_path": "/media/NFS/ttao/scannet/posed_images/scene0204_02/00173.jpg",
      "transform_matrix": [
        [
          0.015186,
          -0.344569,
          0.938638,
          1.354067
        ],
        [
          -0.991664,
          -0.125319,
          -0.02996,
          2.728
        ],
        [
          0.127952,
          -0.930359,
          -0.3436,
          1.615159
        ],
        [
          0.0,
          0.0,
          0.0,
          1.0
        ]
      ]
    },
    {
      "file_path": "/media/NFS/ttao/scannet/posed_images/scene0204_02/00177.jpg",
      "transform_matrix": [
        [
          0.096496,
          -0.361459,
          0.927381,
          1.369757
        ],
        [
          -0.989798,
          -0.132968,
          0.051164,
          2.722031
        ],
        [
          0.104819,
          -0.922858,
          -0.370603,
          1.601819
        ],
        [
          0.0,
          0.0,
          0.0,
          1.0
        ]
      ]
    },
    {
      "file_path": "/media/NFS/ttao/scannet/posed_images/scene0204_02/00179.jpg",
      "transform_matrix": [
        [
          0.135699,
          -0.371059,
          0.918641,
          1.385134
        ],
        [
          -0.986628,
          -0.135104,
          0.091171,
          2.722795
        ],
        [
          0.090282,
          -0.918729,
          -0.38443,
          1.596712
        ],
        [
          0.0,
          0.0,
          0.0,
          1.0
        ]
      ]
    },
    {
      "file_path": "/media/NFS/ttao/scannet/posed_images/scene0204_02/00184.jpg",
      "transform_matrix": [
        [
          0.202114,
          -0.403946,
          0.892176,
          1.440998
        ],
        [
          -0.97688,
          -0.14797,
          0.154307,
          2.761615
        ],
        [
          0.069683,
          -0.902736,
          -0.424513,
          1.589319
        ],
        [
          0.0,
          0.0,
          0.0,
          1.0
        ]
      ]
    },
    {
      "file_path": "/media/NFS/ttao/scannet/posed_images/scene0204_02/00187.jpg",
      "transform_matrix": [
        [
          0.21559,
          -0.410843,
          0.885849,
          1.487155
        ],
        [
          -0.974478,
          -0.148637,
          0.168224,
          2.772482
        ],
        [
          0.062557,
          -0.899508,
          -0.432403,
          1.584369
        ],
        [
          0.0,
          0.0,
          0.0,
          1.0
        ]
      ]
    },
    {
      "file_path": "/media/NFS/ttao/scannet/posed_images/scene0204_02/00190.jpg",
      "transform_matrix": [
        [
          0.20302,
          -0.417305,
          0.885799,
          1.535233
        ],
        [
          -0.977675,
          -0.136437,
          0.159801,
          2.791829
        ],
        [
          0.054169,
          -0.898466,
          -0.435688,
          1.585509
        ],
        [
          0.0,
          0.0,
          0.0,
          1.0
        ]
      ]
    },
    {
      "file_path": "/media/NFS/ttao/scannet/posed_images/scene0204_02/00192.jpg",
      "transform_matrix": [
        [
          0.192387,
          -0.433432,
          0.880411,
          1.575044
        ],
        [
          -0.980139,
          -0.12885,
          0.150746,
          2.798597
        ],
        [
          0.048103,
          -0.891928,
          -0.449612,
          1.588482
        ],
        [
          0.0,
          0.0,
          0.0,
          1.0
        ]
      ]
    },
    {
      "file_path": "/media/NFS/ttao/scannet/posed_images/scene0204_02/00194.jpg",
      "transform_matrix": [
        [
          0.174123,
          -0.43244,
          0.88469,
          1.609821
        ],
        [
          -0.983786,
          -0.115587,
          0.137128,
          2.807081
        ],
        [
          0.042959,
          -0.894223,
          -0.445555,
          1.58453
        ],
        [
          0.0,
          0.0,
          0.0,
          1.0
        ]
      ]
    },
    {
      "file_path": "/media/NFS/ttao/scannet/posed_images/scene0204_02/00199.jpg",
      "transform_matrix": [
        [
          0.172003,
          -0.490128,
          0.854511,
          1.715779
        ],
        [
          -0.984698,
          -0.110207,
          0.134996,
          2.817721
        ],
        [
          0.028008,
          -0.864656,
          -0.501584,
          1.575517
        ],
        [
          0.0,
          0.0,
          0.0,
          1.0
        ]
      ]
    },
    {
      "file_path": "/media/NFS/ttao/scannet/posed_images/scene0204_02/00200.jpg",
      "transform_matrix": [
        [
          0.174522,
          -0.494896,
          0.851246,
          1.741743
        ],
        [
          -0.984217,
          -0.113414,
          0.135847,
          2.816534
        ],
        [
          0.029314,
          -0.861519,
          -0.506878,
          1.573706
        ],
        [
          0.0,
          0.0,
          0.0,
          1.0
        ]
      ]
    },
    {
      "file_path": "/media/NFS/ttao/scannet/posed_images/scene0204_02/00203.jpg",
      "transform_matrix": [
        [
          0.186128,
          -0.505569,
          0.84247,
          1.809997
        ],
        [
          -0.981816,
          -0.128291,
          0.139926,
          2.820261
        ],
        [
          0.037339,
          -0.853195,
          -0.520254,
          1.563495
        ],
        [
          0.0,
          0.0,
          0.0,
          1.0
        ]
      ]
    },
    {
      "file_path": "/media/NFS/ttao/scannet/posed_images/scene0204_02/00206.jpg",
      "transform_matrix": [
        [
          0.213947,
          -0.49456,
          0.8424,
          1.878926
        ],
        [
          -0.975524,
          -0.153015,
          0.157924,
          2.82076
        ],
        [
          0.050797,
          -0.855568,
          -0.515192,
          1.545602
        ],
        [
          0.0,
          0.0,
          0.0,
          1.0
        ]
      ]
    },
    {
      "file_path": "/media/NFS/ttao/scannet/posed_images/scene0204_02/00210.jpg",
      "transform_matrix": [
        [
          0.278075,
          -0.491326,
          0.825392,
          1.983936
        ],
        [
          -0.958944,
          -0.191799,
          0.208898,
          2.803572
        ],
        [
          0.055672,
          -0.849595,
          -0.52449,
          1.538911
        ],
        [
          0.0,
          0.0,
          0.0,
          1.0
        ]
      ]
    },
    {
      "file_path": "/media/NFS/ttao/scannet/posed_images/scene0204_02/00214.jpg",
      "transform_matrix": [
        [
          0.334367,
          -0.501201,
          0.79812,
          2.087611
        ],
        [
          -0.940126,
          -0.236722,
          0.245203,
          2.790256
        ],
        [
          0.066037,
          -0.832322,
          -0.550345,
          1.541928
        ],
        [
          0.0,
          0.0,
          0.0,
          1.0
        ]
      ]
    },
    {
      "file_path": "/media/NFS/ttao/scannet/posed_images/scene0204_02/00216.jpg",
      "transform_matrix": [
        [
          0.351542,
          -0.509135,
          0.78562,
          2.137103
        ],
        [
          -0.934072,
          -0.246931,
          0.257941,
          2.782657
        ],
        [
          0.062667,
          -0.824503,
          -0.562376,
          1.546861
        ],
        [
          0.0,
          0.0,
          0.0,
          1.0
        ]
      ]
    },
    {
      "file_path": "/media/NFS/ttao/scannet/posed_images/scene0204_02/00220.jpg",
      "transform_matrix": [
        [
          0.399795,
          -0.500094,
          0.76816,
          2.244326
        ],
        [
          -0.91537,
          -0.261306,
          0.306295,
          2.761854
        ],
        [
          0.047549,
          -0.825606,
          -0.56224,
          1.554914
        ],
        [
          0.0,
          0.0,
          0.0,
          1.0
        ]
      ]
    },
    {
      "file_path": "/media/NFS/ttao/scannet/posed_images/scene0204_02/00221.jpg",
      "transform_matrix": [
        [
          0.413743,
          -0.49755,
          0.762404,
          2.270302
        ],
        [
          -0.909135,
          -0.26983,
          0.317278,
          2.757747
        ],
        [
          0.047858,
          -0.8244,
          -0.56398,
          1.55214
        ],
        [
          0.0,
          0.0,
          0.0,
          1.0
        ]
      ]
    },
    {
      "file_path": "/media/NFS/ttao/scannet/posed_images/scene0204_02/00224.jpg",
      "transform_matrix": [
        [
          0.461264,
          -0.480991,
          0.745575,
          2.343456
        ],
        [
          -0.885012,
          -0.309241,
          0.348028,
          2.746743
        ],
        [
          0.063164,
          -0.820376,
          -0.568325,
          1.542458
        ],
        [
          0.0,
          0.0,
          0.0,
          1.0
        ]
      ]
    },
    {
      "file_path": "/media/NFS/ttao/scannet/posed_images/scene0204_02/00226.jpg",
      "transform_matrix": [
        [
          0.498877,
          -0.461332,
          0.733685,
          2.391164
        ],
        [
          -0.863155,
          -0.340668,
          0.372704,
          2.741191
        ],
        [
          0.078003,
