{
  "frames": [
    {
      "file_path": "/media/NFS/ttao/scannet/posed_images/scene0704_00/00002.jpg",
      "transform_matrix": [
        [
          0.526437,
          0.444824,
          -0.724566,
          2.586473
        ],
        [
          0.849699,
          -0.304931,
          0.43015,
          1.938615
        ],
        [
          -0.029602,
          -0.84211,
          -0.538493,
          1.36305
        ],
        [
          0.0,
          0.0,
          0.0,
          1.0
        ]
      ]
    },
    {
      "file_path": "/media/NFS/ttao/scannet/posed_images/scene0704_00/00010.jpg",
      "transform_matrix": [
        [
          0.527851,
          0.441927,
          -0.72531,
          2.603305
        ],
        [
          0.847963,
          -0.322764,
          0.420455,
          1.957265
        ],
        [
          -0.048294,
          -0.836973,
          -0.545109,
          1.35969
        ],
        [
          0.0,
          0.0,
          0.0,
          1.0
        ]
      ]
    },
    {
      "file_path": "/media/NFS/ttao/scannet/posed_images/scene0704_00/00017.jpg",
      "transform_matrix": [
        [
          0.537402,
          0.402652,
          -0.740993,
          2.606874
        ],
        [
          0.841811,
          -0.308777,
          0.442732,
          1.94937
        ],
        [
          -0.050534,
          -0.861701,
          -0.504894,
          1.377746
        ],
        [
          0.0,
          0.0,
          0.0,
          1.0
        ]
      ]
    },
    {
      "file_path": "/media/NFS/ttao/scannet/posed_images/scene0704_00/00022.jpg",
      "transform_matrix": [
        [
          0.539124,
          0.375716,
          -0.753779,
          2.610565
        ],
        [
          0.841443,
          -0.278874,
          0.46282,
          1.943676
        ],
        [
          -0.03632,
          -0.88378,
          -0.466492,
          1.389655
        ],
        [
          0.0,
          0.0,
          0.0,
          1.0
        ]
      ]
    },
    {
      "file_path": "/media/NFS/ttao/scannet/posed_images/scene0704_00/00036.jpg",
      "transform_matrix": [
        [
          0.540971,
          0.260719,
          -0.79961,
          2.617292
        ],
        [
          0.840489,
          -0.202024,
          0.502756,
          1.936601
        ],
        [
          -0.030463,
          -0.94404,
          -0.328421,
          1.447022
        ],
        [
          0.0,
          0.0,
          0.0,
          1.0
        ]
      ]
    },
    {
      "file_path": "/media/NFS/ttao/scannet/posed_images/scene0704_00/00039.jpg",
      "transform_matrix": [
        [
          0.539222,
          0.247483,
          -0.80498,
          2.616975
        ],
        [
          0.841566,
          -0.194361,
          0.503975,
          1.93646
        ],
        [
          -0.031732,
          -0.949197,
          -0.313077,
          1.45383
        ],
        [
          0.0,
          0.0,
          0.0,
          1.0
        ]
      ]
    },
    {
      "file_path": "/media/NFS/ttao/scannet/posed_images/scene0704_00/00046.jpg",
      "transform_matrix": [
        [
          0.541809,
          0.207342,
          -0.814526,
          2.616583
        ],
        [
          0.840128,
          -0.162482,
          0.517479,
          1.931185
        ],
        [
          -0.025051,
          -0.964681,
          -0.262228,
          1.482713
        ],
        [
          0.0,
          0.0,
          0.0,
          1.0
        ]
      ]
    },
    {
      "file_path": "/media/NFS/ttao/scannet/posed_images/scene0704_00/00058.jpg",
      "transform_matrix": [
        [
          0.531039,
          0.097925,
          -0.84167,
          2.629747
        ],
        [
          0.846456,
          -0.106866,
          0.521625,
          1.931499
        ],
        [
          -0.038866,
          -0.989439,
          -0.139639,
          1.527402
        ],
        [
          0.0,
          0.0,
          0.0,
          1.0
        ]
      ]
    },
    {
      "file_path": "/media/NFS/ttao/scannet/posed_images/scene0704_00/00067.jpg",
      "transform_matrix": [
        [
          0.52794,
          0.062091,
          -0.847009,
          2.634584
        ],
        [
          0.849236,
          -0.048932,
          0.525741,
          1.925368
        ],
        [
          -0.008801,
          -0.99687,
          -0.078563,
          1.547137
        ],
        [
          0.0,
          0.0,
          0.0,
          1.0
        ]
      ]
    },
    {
      "file_path": "/media/NFS/ttao/scannet/posed_images/scene0704_00/00072.jpg",
      "transform_matrix": [
        [
          0.542397,
          0.054971,
          -0.838322,
          2.635476
        ],
        [
          0.840035,
          -0.04993,
          0.540231,
          1.924168
        ],
        [
          -0.01216,
          -0.997239,
          -0.073259,
          1.556898
        ],
        [
          0.0,
          0.0,
          0.0,
          1.0
        ]
      ]
    },
    {
      "file_path": "/media/NFS/ttao/scannet/posed_images/scene0704_00/00082.jpg",
      "transform_matrix": [
        [
          0.574006,
          0.101308,
          -0.81256,
          2.630546
        ],
        [
          0.818851,
          -0.071048,
          0.569592,
          1.926663
        ],
        [
          -2.6e-05,
          -0.992315,
          -0.123738,
          1.540356
        ],
        [
          0.0,
          0.0,
          0.0,
          1.0
        ]
      ]
    },
    {
      "file_path": "/media/NFS/ttao/scannet/posed_images/scene0704_00/00092.jpg",
      "transform_matrix": [
        [
          0.615077,
          0.174085,
          -0.769009,
          2.633198
        ],
        [
          0.788085,
          -0.166075,
          0.59274,
          1.95671
        ],
        [
          -0.024526,
          -0.970625,
          -0.239344,
          1.500933
        ],
        [
          0.0,
          0.0,
          0.0,
          1.0
        ]
      ]
    },
    {
      "file_path": "/media/NFS/ttao/scannet/posed_images/scene0704_00/00101.jpg",
      "transform_matrix": [
        [
          0.637691,
          0.243959,
          -0.73064,
          2.651639
        ],
        [
          0.770173,
          -0.218688,
          0.599174,
          1.988474
        ],
        [
          -0.013608,
          -0.944807,
          -0.327346,
          1.458152
        ],
        [
          0.0,
          0.0,
          0.0,
          1.0
        ]
      ]
    },
    {
      "file_path": "/media/NFS/ttao/scannet/posed_images/scene0704_00/00106.jpg",
      "transform_matrix": [
        [
          0.632349,
          0.271082,
          -0.725706,
          2.673359
        ],
        [
          0.773872,
          -0.26393,
          0.575729,
          2.011442
        ],
        [
          -0.035466,
          -0.925665,
          -0.376679,
          1.438291
        ],
        [
          0.0,
          0.0,
          0.0,
          1.0
        ]
      ]
    },
    {
      "file_path": "/media/NFS/ttao/scannet/posed_images/scene0704_00/00113.jpg",
      "transform_matrix": [
        [
          0.647895,
          0.298249,
          -0.700914,
          2.712919
        ],
        [
          0.759479,
          -0.323618,
          0.564326,
          2.040321
        ],
        [
          -0.058519,
          -0.897953,
          -0.436184,
          1.407918
        ],
        [
          0.0,
          0.0,
          0.0,
          1.0
        ]
      ]
    },
    {
      "file_path": "/media/NFS/ttao/scannet/posed_images/scene0704_00/00125.jpg",
      "transform_matrix": [
        [
          0.648723,
          0.329749,
          -0.685875,
          2.776703
        ],
        [
          0.756484,
          -0.377723,
          0.533908,
          2.062451
        ],
        [
          -0.083015,
          -0.865212,
          -0.494487,
          1.362971
        ],
        [
          0.0,
          0.0,
          0.0,
          1.0
        ]
      ]
    },
    {
      "file_path": "/media/NFS/ttao/scannet/posed_images/scene0704_00/00128.jpg",
      "transform_matrix": [
        [
          0.648891,
          0.332474,
          -0.684399,
          2.78924
        ],
        [
          0.755546,
          -0.387881,
          0.527919,
          2.060234
        ],
        [
          -0.089946,
          -0.859657,
          -0.502892,
          1.357093
        ],
        [
          0.0,
          0.0,
          0.0,
          1.0
        ]
      ]
    },
    {
      "file_path": "/media/NFS/ttao/scannet/posed_images/scene0704_00/00137.jpg",
      "transform_matrix": [
        [
          0.716022,
          0.310276,
          -0.625333,
          2.819509
        ],
        [
          0.693163,
          -0.422122,
          0.584241,
          2.05979
        ],
        [
          -0.082691,
          -0.851787,
          -0.517321,
          1.356092
        ],
        [
          0.0,
          0.0,
          0.0,
          1.0
        ]
      ]
    },
    {
      "file_path": "/media/NFS/ttao/scannet/posed_images/scene0704_00/00149.jpg",
      "transform_matrix": [
        [
          0.842039,
          0.222751,
          -0.491276,
          2.850504
        ],
        [
          0.533195,
          -0.481634,
          0.695508,
          2.038521
        ],
        [
          -0.08169,
          -0.847591,
          -0.524325,
          1.345838
        ],
        [
          0.0,
          0.0,
          0.0,
          1.0
        ]
      ]
    },
    {
      "file_path": "/media/NFS/ttao/scannet/posed_images/scene0704_00/00157.jpg",
      "transform_matrix": [
        [
          0.902905,
          0.150716,
          -0.402552,
          2.851187
        ],
        [
          0.421587,
          -0.493158,
          0.76096,
          1.985517
        ],
        [
          -0.083833,
          -0.856785,
          -0.508815,
          1.358062
        ],
        [
          0.0,
          0.0,
          0.0,
          1.0
        ]
      ]
    },
    {
      "file_path": "/media/NFS/ttao/scannet/posed_images/scene0704_00/00164.jpg",
      "transform_matrix": [
        [
          0.94209,
          0.123597,
          -0.311754,
          2.806312
        ],
        [
          0.33011,
          -0.505628,
          0.797099,
          1.955081
        ],
        [
          -0.059112,
          -0.853852,
          -0.517148,
          1.349316
        ],
        [
          0.0,
          0.0,
          0.0,
          1.0
        ]
      ]
    },
    {
      "file_path": "/media/NFS/ttao/scannet/posed_images/scene0704_00/00171.jpg",
      "transform_matrix": [
        [
          0.964134,
          0.09815,
          -0.246601,
          2.770296
        ],
        [
          0.260559,
          -0.526953,
          0.808968,
          1.934677
        ],
        [
          -0.050547,
          -0.844208,
          -0.533627,
          1.340703
        ],
        [
          0.0,
          0.0,
          0.0,
          1.0
        ]
      ]
    },
    {
      "file_path": "/media/NFS/ttao/scannet/posed_images/scene0704_00/00181.jpg",
      "transform_matrix": [
        [
          0.985163,
          0.05628,
          -0.162131,
          2.753146
        ],
        [
          0.167953,
          -0.510431,
          0.843358,
          1.905941
        ],
        [
          -0.035293,
          -0.858075,
          -0.51231,
          1.335387
        ],
        [
          0.0,
          0.0,
          0.0,
          1.0
        ]
      ]
    },
    {
      "file_path": "/media/NFS/ttao/scannet/posed_images/scene0704_00/00185.jpg",
      "transform_matrix": [
        [
          0.989424,
          0.046171,
          -0.13751,
          2.749336
        ],
        [
          0.141713,
          -0.509973,
          0.848437,
          1.901029
        ],
        [
          -0.030953,
          -0.858951,
          -0.511122,
          1.335872
        ],
        [
          0.0,
          0.0,
          0.0,
          1.0
        ]
      ]
    },
    {
      "file_path": "/media/NFS/ttao/scannet/posed_images/scene0704_00/00193.jpg",
      "transform_matrix": [
        [
          0.996858,
          0.013094,
          -0.078116,
          2.74496
        ],
        [
          0.073942,
          -0.507356,
          0.858559,
          1.893701
        ],
        [
          -0.028391,
          -0.861637,
          -0.50673,
          1.333436
        ],
        [
          0.0,
          0.0,
          0.0,
          1.0
        ]
      ]
    },
    {
      "file_path": "/media/NFS/ttao/scannet/posed_images/scene0704_00/00200.jpg",
      "transform_matrix": [
        [
          0.998957,
          -0.00965,
          -0.044626,
          2.750951
        ],
        [
          0.034402,
          -0.483534,
          0.874649,
          1.887433
        ],
        [
          -0.030018,
          -0.875272,
          -0.482698,
          1.341833
        ],
        [
          0.0,
          0.0,
          0.0,
          1.0
        ]
      ]
    },
    {
      "file_path": "/media/NFS/ttao/scannet/posed_images/scene0704_00/00212.jpg",
      "transform_matrix": [
        [
          0.999871,
          -0.014979,
          -0.005748,
          2.746638
        ],
        [
          -0.000653,
          -0.395946,
          0.918274,
          1.871492
        ],
        [
          -0.016031,
          -0.918152,
          -0.395905,
          1.373166
        ],
        [
          0.0,
          0.0,
          0.0,
          1.0
        ]
      ]
    },
    {
      "file_path": "/media/NFS/ttao/scannet/posed_images/scene0704_00/00222.jpg",
      "transform_matrix": [
        [
          0.999524,
          -0.003522,
          -0.030637,
          2.723376
        ],
        [
          0.02792,
          -0.318541,
          0.947498,
          1.852394
        ],
        [
          -0.013096,
          -0.947903,
          -0.318291,
          1.384843
        ],
        [
          0.0,
          0.0,
          0.0,
          1.0
        ]
      ]
    },
    {
      "file_path": "/media/NFS/ttao/scannet/posed_images/scene0704_00/00224.jpg",
      "transform_matrix": [
        [
          0.999289,
          -0.004552,
          -0.037418,
          2.7228
        ],
        [
          0.03411,
          -0.313289,
          0.949045,
          1.85051
        ],
        [
          -0.016043,
          -0.949647,
          -0.312911,
          1.389261
        ],
        [
          0.0,
          0.0,
          0.0,
          1.0
        ]
      ]
    },
    {
      "file_path": "/media/NFS/ttao/scannet/posed_images/scene0704_00/00234.jpg",
      "transform_matrix": [
        [
          0.993239,
          0.004815,
          -0.115985,
          2.707031
        ],
        [
          0.112772,
          -0.276986,
          0.954233,
          1.848601
        ],
        [
          -0.027532,
          -0.960862,
          -0.275656,
          1.40775
        ],
        [
          0.0,
          0.0,
          0.0,
          1.0
        ]
      ]
    },
    {
      "file_path": "/media/NFS/ttao/scannet/posed_images/scene0704_00/00241.jpg",
      "transform_matrix": [
        [
          0.983916,
          0.034649,
          -0.17524,
          2.69202
        ],
        [
          0.17726,
          -0.310723,
          0.933825,
          1.872226
        ],
        [
          -0.022095,
          -0.949869,
          -0.311868,
          1.43469
        ],
        [
          0.0,
          0.0,
          0.0,
          1.0
        ]
      ]
    },
    {
      "file_path": "/media/NFS/ttao/scannet/posed_images/scene0704_00/00251.jpg",
      "transform_matrix": [
        [
          0.968128,
          0.070072,
          -0.240452,
          2.652376
        ],
        [
          0.250442,
          -0.280353,
          0.92665,
          1.894052
        ],
        [
          -0.00248,
          -0.957336,
          -0.288967,
          1.451553
        ],
        [
          0.0,
          0.0,
          0.0,
          1.0
        ]
      ]
    },
    {
      "file_path": "/media/NFS/ttao/scannet/posed_images/scene0704_00/00260.jpg",
      "transform_matrix": [
        [
          0.945401,
          0.079684,
          -0.316019,
          2.662524
        ],
        [
          0.325458,
          -0.281891,
          0.90256,
          1.969677
        ],
        [
          -0.017163,
          -0.956132,
          -0.292434,
          1.463708
        ],
        [
          0.0,
          0.0,
          0.0,
          1.0
        ]
      ]
    },
    {
      "file_path": "/media/NFS/ttao/scannet/posed_images/scene0704_00/00265.jpg",
      "transform_matrix": [
        [
          0.938587,
          0.076588,
          -0.336434,
          2.63816
        ],
        [
          0.343989,
          -0.283785,
          0.895063,
          2.019797
        ],
        [
          -0.026924,
          -0.955824,
          -0.292702,
          1.455565
        ],
        [
          0.0,
          0.0,
          0.0,
          1.0
        ]
      ]
    },
    {
      "file_path": "/media/NFS/ttao/scannet/posed_images/scene0704_00/00277.jpg",
      "transform_matrix": [
        [
          0.897197,
          0.042376,
          -0.439593,
          2.58748
        ],
        [
          0.434694,
          -0.260465,
          0.86209,
          2.18029
        ],
        [
          -0.077967,
          -0.964553,
          -0.252109,
          1.482499
        ],
        [
          0.0,
          0.0,
          0.0,
          1.0
        ]
      ]
    },
    {
      "file_path": "/media/NFS/ttao/scannet/posed_images/scene0704_00/00279.jpg",
      "transform_matrix": [
        [
          0.894781,
          0.040012,
          -0.444708,
          2.574472
        ],
        [
          0.439109,
          -0.259379,
          0.860177,
          2.192075
        ],
        [
          -0.08093,
          -0.964946,
          -0.249658,
          1.478276
        ],
        [
          0.0,
          0.0,
          0.0,
          1.0
        ]
      ]
    },
    {
      "file_path": "/media/NFS/ttao/scannet/posed_images/scene0704_00/00289.jpg",
      "transform_matrix": [
        [
          0.876577,
          0.072783,
          -0.475726,
          2.480357
        ],
        [
          0.477731,
          -0.251115,
          0.841852,
          2.26861
        ],
        [
          -0.05819,
          -0.965217,
          -0.254893,
          1.471401
        ],
        [
          0.0,
          0.0,
          0.0,
          1.0
        ]
      ]
    },
    {
      "file_path": "/media/NFS/ttao/scannet/posed_images/scene0704_00/00299.jpg",
      "transform_matrix": [
        [
          0.8974,
          0.066933,
          -0.436111,
          2.331169
        ],
        [
          0.436729,
          -0.275384,
          0.856406,
          2.352819
        ],
        [
          -0.062776,
          -0.959001,
          -0.276361,
          1.458072
        ],
        [
          0.0,
          0.0,
          0.0,
          1.0
        ]
      ]
    },
    {
      "file_path": "/media/NFS/ttao/scannet/posed_images/scene0704_00/00308.jpg",
      "transform_matrix": [
        [
          0.897644,
          0.052289,
          -0.437608,
          2.237261
        ],
        [
          0.429468,
          -0.326726,
          0.841907,
          2.433939
        ],
        [
          -0.098956,
          -0.943671,
          -0.315741,
          1.441488
        ],
        [
          0.0,
          0.0,
          0.0,
          1.0
        ]
      ]
    },
    {
      "file_path": "/media/NFS/ttao/scannet/posed_images/scene0704_00/00316.jpg",
      "transform_matrix": [
        [
          0.910557,
          0.069521,
          -0.407496,
          2.155129
        ],
        [
          0.405328,
          -0.343811,
          0.847055,
          2.500167
        ],
        [
          -0.081214,
          -0.936462,
          -0.341238,
          1.408282
        ],
        [
          0.0,
          0.0,
          0.0,
          1.0
        ]
      ]
    },
    {
      "file_path": "/media/NFS/ttao/scannet/posed_images/scene0704_00/00320.jpg",
      "transform_matrix": [
        [
          0.911514,
          0.056488,
          -0.407371,
          2.11483
        ],
        [
          0.400363,
          -0.34847,
          0.847513,
          2.562228
        ],
        [
          -0.094082,
          -0.935616,
          -0.340251,
          1.407285
        ],
        [
          0.0,
          0.0,
          0.0,
          1.0
        ]
      ]
    },
    {
      "file_path": "/media/NFS/ttao/scannet/posed_images/scene0704_00/00332.jpg",
      "transform_matrix": [
        [
          0.957238,
          0.034834,
          -0.287195,
          2.011826
        ],
        [
          0.283395,
          -0.312454,
          0.906675,
          2.758538
        ],
        [
          -0.058152,
          -0.949294,
          -0.308965,
          1.410563
        ],
        [
          0.0,
          0.0,
          0.0,
          1.0
        ]
      ]
    },
    {
      "file_path": "/media/NFS/ttao/scannet/posed_images/scene0704_00/00342.jpg",
      "transform_matrix": [
        [
          0.99855,
          -0.020085,
          -0.049947,
          2.01095
        ],
        [
          0.03995,
          -0.34542,
          0.937597,
          2.933527
        ],
        [
          -0.036084,
          -0.938233,
          -0.344117,
          1.380348
        ],
        [
          0.0,
          0.0,
          0.0,
          1.0
        ]
      ]
    },
    {
      "file_path": "/media/NFS/ttao/scannet/posed_images/scene0704_00/00349.jpg",
      "transform_matrix": [
        [
          0.996026,
          -0.064881,
          0.061014,
          1.976459
        ],
        [
          -0.080617,
          -0.365606,
          0.927272,
          3.041015
        ],
        [
          -0.037855,
          -0.928506,
          -0.369383,
          1.378307
        ],
        [
          0.0,
          0.0,
          0.0,
          1.0
        ]
      ]
    },
    {
      "file_path": "/media/NFS/ttao/scannet/posed_images/scene0704_00/00354.jpg",
      "transform_matrix": [
        [
          0.980547,
          -0.132574,
          0.144744,
          1.902144
        ],
        [
          -0.184216,
          -0.367006,
          0.911795,
          3.104507
        ],
        [
          -0.067759,
          -0.920723,
          -0.38429,
          1.357542
        ],
        [
          0.0,
          0.0,
          0.0,
          1.0
        ]
      ]
    },
    {
      "file_path": "/media/NFS/ttao/scannet/posed_images/scene0704_00/00359.jpg",
      "transform_matrix": [
        [
          0.97209,
          -0.145652,
          0.183921,
          1.878543
        ],
        [
          -0.224884,
          -0.355109,
          0.907372,
          3.185247
        ],
        [
          -0.066849,
          -0.923408,
          -0.377953,
          1.364871
        ],
        [
          0.0,
          0.0,
          0.0,
          1.0
        ]
      ]
    },
    {
      "file_path": "/media/NFS/ttao/scannet/posed_images/scene0704_00/00373.jpg",
      "transform_matrix": [
        [
          0.897281,
          -0.211166,
          0.387681,
          1.886559
        ],
        [
          -0.435504,
          -0.279629,
          0.855655,
          3.369896
        ],
        [
          -0.072278,
          -0.936598,
          -0.342869,
          1.372592
        ],
        [
          0.0,
          0.0,
          0.0,
          1.0
        ]
      ]
    },
    {
      "file_path": "/media/NFS/ttao/scannet/posed_images/scene0704_00/00381.jpg",
      "transform_matrix": [
        [
          0.873734,
          -0.237158,
          0.424671,
          1.924371
        ],
        [
          -0.479249,
          -0.27053,
          0.834946,
          3.446389
        ],
        [
          -0.083127,
          -0.933043,
          -0.350028,
          1.383561
        ],
        [
          0.0,
          0.0,
          0.0,
          1.0
        ]
      ]
    },
    {
      "file_path": "/media/NFS/ttao/scannet/posed_images/scene0704_00/00383.jpg",
      "transform_matrix": [
        [
          0.870149,
          -0.236969,
          0.432073,
          1.927402
        ],
        [
          -0.486199,
          -0.269926,
          0.831114,
          3.465034
        ],
        [
          -0.080321,
          -0.933266,
          -0.35009,
          1.392073
        ],
        [
          0.0,
          0.0,
          0.0,
          1.0
        ]
      ]
    },
    {
      "file_path": "/media/NFS/ttao/scannet/posed_images/scene0704_00/00397.jpg",
      "transform_matrix": [
        [
          0.842969,
          -0.172897,
          0.509421,
          1.928395
        ],
        [
          -0.532397,
          -0.132275,
          0.836096,
          3.520364
        ],
        [
          -0.077175,
          -0.976017,
          -0.203554,
          1.482544
        ],
        [
          0.0,
          0.0,
          0.0,
          1.0
        ]
      ]
    },
    {
      "file_path": "/media/NFS/ttao/scannet/posed_images/scene0704_00/00402.jpg",
      "transform_matrix": [
        [
          0.836979,
          -0.155686,
          0.524621,
          1.900603
        ],
        [
          -0.541658,
          -0.099177,
          0.834728,
          3.539198
        ],
        [
          -0.077925,
          -0.982815,
          -0.167337,
          1.505966
        ],
        [
          0.0,
          0.0,
          0.0,
          1.0
        ]
      ]
    },
    {
      "file_path": "/media/NFS/ttao/scannet/posed_images/scene0704_00/00412.jpg",
      "transform_matrix": [
        [
          0.834548,
          -0.131782,
          0.534943,
          1.882139
        ],
        [
          -0.543086,
          -0.033455,
          0.839011,
          3.550779
        ],
        [
          -0.09267,
          -0.990714,
          -0.099488,
          1.530342
        ],
        [
          0.0,
          0.0,
          0.0,
          1.0
        ]
      ]
    },
    {
      "file_path": "/media/NFS/ttao/scannet/posed_images/scene0704_00/00422.jpg",
      "transform_matrix": [
        [
          0.835951,
          -0.128118,
          0.53364,
          1.890563
        ],
        [
          -0.537112,
          0.008653,
          0.843467,
          3.555713
        ],
        [
          -0.112681,
          -0.991721,
          -0.06158,
          1.570014
        ],
        [
          0.0,
          0.0,
          0.0,
          1.0
        ]
      ]
    },
    {
      "file_path": "/media/NFS/ttao/scannet/posed_images/scene0704_00/00429.jpg",
      "transform_matrix": [
        [
          0.846164,
          -0.135325,
          0.515455,
          1.912168
        ],
        [
          -0.520864,
          -0.005407,
          0.853623,
          3.554077
        ],
        [
          -0.11273,
          -0.990786,
          -0.075061,
          1.557269
        ],
        [
          0.0,
          0.0,
          0.0,
          1.0
        ]
      ]
    },
    {
      "file_path": "/media/NFS/ttao/scannet/posed_images/scene0704_00/00434.jpg",
      "transform_matrix": [
        [
          0.862407,
          -0.117864,
          0.492303,
          1.953585
        ],
        [
          -0.495647,
          0.001077,
          0.868523,
          3.532228
        ],
        [
          -0.102897,
          -0.993029,
          -0.05749,
          1.548952
        ],
        [
          0.0,
          0.0,
          0.0,
          1.0
        ]
      ]
    },
    {
      "file_path": "/media/NFS/ttao/scannet/posed_images/scene0704_00/00441.jpg",
      "transform_matrix": [
        [
          0.901179,
          -0.143741,
          0.408919,
          2.034663
        ],
        [
          -0.412207,
          0.007491,
          0.911059,
          3.487497
        ],
        [
          -0.13402,
          -0.989587,
          -0.052501,
          1.537201
        ],
        [
          0.0,
          0.0,
          0.0,
          1.0
        ]
      ]
    },
    {
      "file_path": "/media/NFS/ttao/scannet/posed_images/scene0704_00/00448.jpg",
      "transform_matrix": [
        [
          0.912824,
          -0.143259,
          0.382399,
          2.090017
        ],
        [
          -0.384173,
          0.016174,
          0.923119,
          3.45471
        ],
        [
          -0.13843,
          -0.989553,
          -0.040273,
          1.521323
        ],
        [
          0.0,
          0.0,
          0.0,
          1.0
        ]
      ]
    },
    {
      "file_path": "/media/NFS/ttao/scannet/posed_images/scene0704_00/00463.jpg",
      "transform_matrix": [
        [
          0.909632,
          -0.12886,
          0.394924,
          2.097449
        ],
        [
          -0.401373,
          -0.027544,
          0.9155,
          3.45347
        ],
        [
          -0.107094,
          -0.99128,
          -0.076776,
          1.501235
        ],
        [
          0.0,
          0.0,
          0.0,
          1.0
        ]
      ]
    },
    {
      "file_path": "/media/NFS/ttao/scannet/posed_images/scene0704_00/00465.jpg",
      "transform_matrix": [
        [
          0.906714,
          -0.131555,
          0.400704,
          2.0929
        ],
        [
          -0.407317,
          -0.02675,
          0.912895,
          3.452437
        ],
        [
          -0.109377,
          -0.990948,
          -0.077839,
          1.504958
        ],
        [
          0.0,
          0.0,
          0.0,
          1.0
        ]
      ]
    },
    {
      "file_path": "/media/NFS/ttao/scannet/posed_images/scene0704_00/00475.jpg",
      "transform_matrix": [
        [
          0.835153,
          -0.134379,
          0.53335,
          2.04345
        ],
        [
          -0.541953,
          -0.035604,
          0.839654,
          3.469236
        ],
        [
          -0.093843,
          -0.99029,
          -0.102562,
          1.504948
        ],
        [
          0.0,
          0.0,
          0.0,
          1.0
        ]
      ]
    },
    {
      "file_path": "/media/NFS/ttao/scannet/posed_images/scene0704_00/00482.jpg",
      "transform_matrix": [
        [
          0.747776,
          -0.116914,
          0.653577,
          1.994349
        ],
        [
          -0.659613,
          -0.018473,
          0.751378,
          3.494766
        ],
        [
          -0.075773,
          -0.99297,
          -0.090932,
          1.496862
        ],
        [
          0.0,
          0.0,
          0.0,
          1.0
        ]
      ]
    },
    {
      "file_path": "/media/NFS/ttao/scannet/posed_images/scene0704_00/00489.jpg",
      "transform_matrix": [
        [
          0.645802,
          -0.124933,
          0.753214,
          1.935819
        ],
        [
          -0.759946,
          -0.010049,
          0.649908,
          3.525067
        ],
        [
          -0.073626,
          -0.992114,
          -0.101432,
          1.473259
        ],
        [
          0.0,
          0.0,
          0.0,
          1.0
        ]
      ]
    },
    {
      "file_path": "/media/NFS/ttao/scannet/posed_images/scene0704_00/00496.jpg",
      "transform_matrix": [
        [
          0.598827,
          -0.156806,
          0.785378,
          1.928769
        ],
        [
          -0.797209,
          -0.022943,
          0.603267,
          3.527637
        ],
        [
          -0.076577,
          -0.987363,
          -0.138746,
          1.478754
        ],
        [
          0.0,
          0.0,
          0.0,
          1.0
        ]
      ]
    },
    {
      "file_path": "/media/NFS/ttao/scannet/posed_images/scene0704_00/00511.jpg",
      "transform_matrix": [
        [
          0.48745,
          -0.282651,
          0.826136,
          1.91882
        ],
        [
          -0.8724,
          -0.118432,
          0.474227,
          3.552248
        ],
        [
          -0.0362,
          -0.951884,
          -0.304315,
          1.451523
        ],
        [
          0.0,
          0.0,
          0.0,
          1.0
        ]
      ]
    },
    {
      "file_path": "/media/NFS/ttao/scannet/posed_images/scene0704_00/00518.jpg",
      "transform_matrix": [
        [
          0.482125,
          -0.346935,
          0.804482,
          1.921967
        ],
        [
          -0.874297,
          -0.131617,
          0.467205,
          3.546084
        ],
        [
          -0.056206,
          -0.928608,
          -0.36678,
          1.437268
        ],
        [
          0.0,
          0.0,
          0.0,
          1.0
        ]
      ]
    },
    {
      "file_path": "/media/NFS/ttao/scannet/posed_images/scene0704_00/00520.jpg",
      "transform_matrix": [
        [
          0.471416,
          -0.35326,
          0.808068,
          1.915416
        ],
        [
          -0.880444,
          -0.135699,
          0.454317,
          3.555601
        ],
        [
          -0.050838,
          -0.925631,
          -0.374996,
          1.442636
        ],
        [
          0.0,
          0.0,
          0.0,
          1.0
        ]
      ]
    },
    {
      "file_path": "/media/NFS/ttao/scannet/posed_images/scene0704_00/00528.jpg",
      "transform_matrix": [
        [
          0.424213,
          -0.345169,
          0.837199,
          1.915679
        ],
        [
          -0.90459,
          -0.118698,
          0.409423,
          3.539104
        ],
        [
          -0.041947,
          -0.931004,
          -0.36259,
          1.450722
        ],
        [
          0.0,
          0.0,
          0.0,
          1.0
        ]
      ]
    },
    {
      "file_path": "/media/NFS/ttao/scannet/posed_images/scene0704_00/00542.jpg",
      "transform_matrix": [
        [
          0.307753,
          -0.25171,
          0.917567,
          1.919547
        ],
        [
          -0.951128,
          -0.055661,
          0.303741,
          3.48953
        ],
        [
          -0.025382,
          -0.966201,
          -0.256538,
          1.489953
        ],
        [
          0.0,
          0.0,
          0.0,
          1.0
        ]
      ]
    },
    {
      "file_path": "/media/NFS/ttao/scannet/posed_images/scene0704_00/00549.jpg",
      "transform_matrix": [
        [
          0.254775,
          -0.217133,
          0.942307,
          1.912516
        ],
        [
          -0.966555,
          -0.027603,
          0.254971,
          3.484233
        ],
        [
          -0.029352,
          -0.975752,
          -0.216903,
          1.50425
        ],
        [
          0.0,
          0.0,
          0.0,
          1.0
        ]
      ]
    },
    {
      "file_path": "/media/NFS/ttao/scannet/posed_images/scene0704_00/00559.jpg",
      "transform_matrix": [
        [
          0.172287,
          -0.171984,
          0.969917,
          1.904586
        ],
        [
          -0.983887,
          0.017722,
          0.177911,
          3.458611
        ],
        [
          -0.047786,
          -0.98494,
          -0.166159,
          1.51205
        ],
        [
          0.0,
          0.0,
          0.0,
          1.0
        ]
      ]
    },
    {
      "file_path": "/media/NFS/ttao/scannet/posed_images/scene0704_00/00566.jpg",
      "transform_matrix": [
        [
          0.102486,
          -0.149095,
          0.983497,
          1.901639
        ],
        [
          -0.993728,
          0.02911,
          0.107965,
          3.436456
        ],
        [
          -0.044727,
          -0.988394,
          -0.145177,
          1.52052
        ],
        [
          0.0,
          0.0,
          0.0,
          1.0
        ]
      ]
    },
    {
      "file_path": "/media/NFS/ttao/scannet/posed_images/scene0704_00/00573.jpg",
      "transform_matrix": [
        [
          0.026764,
          -0.155212,
          0.987519,
          1.905123
        ],
        [
          -0.998693,
          0.038873,
          0.033176,
          3.387362
        ],
        [
          -0.043537,
          -0.987116,
          -0.153968,
          1.517554
        ],
        [
          0.0,
          0.0,
          0.0,
          1.0
        ]
      ]
    },
    {
      "file_path": "/media/NFS/ttao/scannet/posed_images/scene0704_00/00578.jpg",
      "transform_matrix": [
        [
          -0.038627,
          -0.153946,
          0.987324,
          1.902855
        ],
        [
          -0.998273,
          0.049699,
          -0.031306,
          3.387913
        ],
        [
          -0.04425,
          -0.986829,
          -0.1556,
          1.516822
        ],
        [
          0.0,
          0.0,
          0.0,
          1.0
        ]
      ]
    },
    {
      "file_path": "/media/NFS/ttao/scannet/posed_images/scene0704_00/00590.jpg",
      "transform_matrix": [
        [
          -0.22915,
          -0.163618,
          0.959541,
          1.911021
        ],
        [
          -0.972615,
          0.077842,
          -0.218999,
          3.399154
        ],
        [
          -0.03886,
          -0.983448,
          -0.176975,
          1.507624
        ],
        [
          0.0,
          0.0,
          0.0,
          1.0
        ]
      ]
    },
    {
      "file_path": "/media/NFS/ttao/scannet/posed_images/scene0704_00/00595.jpg",
      "transform_matrix": [
        [
          -0.277611,
          -0.12533,
          0.952483,
          1.913388
        ],
        [
          -0.956644,
          0.127003,
          -0.262112,
          3.382475
        ],
        [
          -0.088117,
          -0.983952,
          -0.155154,
          1.493335
        ],
        [
          0.0,
          0.0,
          0.0,
          1.0
        ]
      ]
    },
    {
      "file_path": "/media/NFS/ttao/scannet/posed_images/scene0704_00/00600.jpg",
      "transform_matrix": [
        [
          -0.356892,
          -0.139346,
          0.923694,
          1.932449
        ],
        [
          -0.929421,
          0.152295,
          -0.336129,
          3.389223
        ],
        [
          -0.093836,
          -0.978463,
          -0.183864,
          1.492146
        ],
        [
          0.0,
          0.0,
          0.0,
          1.0
        ]
      ]
    },
    {
      "file_path": "/media/NFS/ttao/scannet/posed_images/scene0704_00/00614.jpg",
      "transform_matrix": [
        [
          -0.525723,
          -0.175967,
          0.832257,
          1.945379
        ],
        [
          -0.847629,
          0.190829,
          -0.495085,
          3.362074
        ],
        [
          -0.0717,
          -0.965723,
          -0.249478,
          1.471824
        ],
        [
          0.0,
          0.0,
          0.0,
          1.0
        ]
      ]
    },
    {
      "file_path": "/media/NFS/ttao/scannet/posed_images/scene0704_00/00617.jpg",
      "transform_matrix": [
        [
          -0.549945,
          -0.180608,
          0.81544,
          1.945107
        ],
        [
          -0.831967,
          0.2043,
          -0.515841,
          3.361822
        ],
        [
          -0.073429,
          -0.962103,
          -0.262614,
