{
  "frames": [
    {
      "file_path": "/media/NFS/ttao/scannet/posed_images/scene0419_00/00000.jpg",
      "transform_matrix": [
        [
          0.104646,
          0.184625,
          -0.977222,
          3.246955
        ],
        [
          0.994509,
          -0.02035,
          0.102652,
          3.050585
        ],
        [
          -0.000934,
          -0.982598,
          -0.185741,
          1.631602
        ],
        [
          0.0,
          0.0,
          0.0,
          1.0
        ]
      ]
    },
    {
      "file_path": "/media/NFS/ttao/scannet/posed_images/scene0419_00/00013.jpg",
      "transform_matrix": [
        [
          0.116816,
          0.181057,
          -0.97651,
          3.230011
        ],
        [
          0.993087,
          -0.032671,
          0.112742,
          3.031446
        ],
        [
          -0.011491,
          -0.98293,
          -0.183622,
          1.63552
        ],
        [
          0.0,
          0.0,
          0.0,
          1.0
        ]
      ]
    },
    {
      "file_path": "/media/NFS/ttao/scannet/posed_images/scene0419_00/00036.jpg",
      "transform_matrix": [
        [
          0.105329,
          0.09213,
          -0.990161,
          3.192984
        ],
        [
          0.994437,
          -0.010456,
          0.104811,
          3.065131
        ],
        [
          -0.000696,
          -0.995692,
          -0.092719,
          1.708533
        ],
        [
          0.0,
          0.0,
          0.0,
          1.0
        ]
      ]
    },
    {
      "file_path": "/media/NFS/ttao/scannet/posed_images/scene0419_00/00053.jpg",
      "transform_matrix": [
        [
          0.067572,
          0.005292,
          -0.9977,
          3.169831
        ],
        [
          0.997674,
          -0.009419,
          0.067521,
          3.107212
        ],
        [
          -0.00904,
          -0.999942,
          -0.005916,
          1.742701
        ],
        [
          0.0,
          0.0,
          0.0,
          1.0
        ]
      ]
    },
    {
      "file_path": "/media/NFS/ttao/scannet/posed_images/scene0419_00/00067.jpg",
      "transform_matrix": [
        [
          0.042595,
          -0.051795,
          -0.997749,
          3.172373
        ],
        [
          0.99875,
          -0.023936,
          0.04388,
          3.140511
        ],
        [
          -0.026154,
          -0.998371,
          0.050711,
          1.764269
        ],
        [
          0.0,
          0.0,
          0.0,
          1.0
        ]
      ]
    },
    {
      "file_path": "/media/NFS/ttao/scannet/posed_images/scene0419_00/00071.jpg",
      "transform_matrix": [
        [
          0.040585,
          -0.045642,
          -0.998133,
          3.171171
        ],
        [
          0.999043,
          -0.014433,
          0.041282,
          3.14683
        ],
        [
          -0.01629,
          -0.998854,
          0.045012,
          1.752773
        ],
        [
          0.0,
          0.0,
          0.0,
          1.0
        ]
      ]
    },
    {
      "file_path": "/media/NFS/ttao/scannet/posed_images/scene0419_00/00098.jpg",
      "transform_matrix": [
        [
          0.128781,
          0.118954,
          -0.984513,
          3.133157
        ],
        [
          0.991377,
          0.00883,
          0.130746,
          3.088718
        ],
        [
          0.024246,
          -0.992861,
          -0.116791,
          1.687159
        ],
        [
          0.0,
          0.0,
          0.0,
          1.0
        ]
      ]
    },
    {
      "file_path": "/media/NFS/ttao/scannet/posed_images/scene0419_00/00111.jpg",
      "transform_matrix": [
        [
          0.18978,
          0.175718,
          -0.965975,
          3.097815
        ],
        [
          0.98179,
          -0.042452,
          0.185165,
          2.991805
        ],
        [
          -0.008471,
          -0.983525,
          -0.180574,
          1.650934
        ],
        [
          0.0,
          0.0,
          0.0,
          1.0
        ]
      ]
    },
    {
      "file_path": "/media/NFS/ttao/scannet/posed_images/scene0419_00/00116.jpg",
      "transform_matrix": [
        [
          0.208461,
          0.197595,
          -0.957862,
          3.08337
        ],
        [
          0.977908,
          -0.057648,
          0.200932,
          2.973639
        ],
        [
          -0.015515,
          -0.978587,
          -0.205247,
          1.634397
        ],
        [
          0.0,
          0.0,
          0.0,
          1.0
        ]
      ]
    },
    {
      "file_path": "/media/NFS/ttao/scannet/posed_images/scene0419_00/00129.jpg",
      "transform_matrix": [
        [
          0.220405,
          0.28023,
          -0.934287,
          3.026659
        ],
        [
          0.974898,
          -0.094288,
          0.201704,
          2.969954
        ],
        [
          -0.031568,
          -0.955291,
          -0.293977,
          1.575904
        ],
        [
          0.0,
          0.0,
          0.0,
          1.0
        ]
      ]
    },
    {
      "file_path": "/media/NFS/ttao/scannet/posed_images/scene0419_00/00156.jpg",
      "transform_matrix": [
        [
          0.141461,
          0.431606,
          -0.890901,
          2.848197
        ],
        [
          0.989929,
          -0.056736,
          0.129699,
          3.035
        ],
        [
          0.005432,
          -0.900276,
          -0.435285,
          1.516798
        ],
        [
          0.0,
          0.0,
          0.0,
          1.0
        ]
      ]
    },
    {
      "file_path": "/media/NFS/ttao/scannet/posed_images/scene0419_00/00169.jpg",
      "transform_matrix": [
        [
          0.156205,
          0.491449,
          -0.856784,
          2.765781
        ],
        [
          0.987663,
          -0.068014,
          0.141054,
          3.047978
        ],
        [
          0.011048,
          -0.868246,
          -0.49601,
          1.489468
        ],
        [
          0.0,
          0.0,
          0.0,
          1.0
        ]
      ]
    },
    {
      "file_path": "/media/NFS/ttao/scannet/posed_images/scene0419_00/00187.jpg",
      "transform_matrix": [
        [
          0.168801,
          0.486661,
          -0.857128,
          2.558878
        ],
        [
          0.985554,
          -0.07116,
          0.153689,
          3.019611
        ],
        [
          0.013801,
          -0.870688,
          -0.491642,
          1.494217
        ],
        [
          0.0,
          0.0,
          0.0,
          1.0
        ]
      ]
    },
    {
      "file_path": "/media/NFS/ttao/scannet/posed_images/scene0419_00/00200.jpg",
      "transform_matrix": [
        [
          0.15825,
          0.438409,
          -0.884734,
          2.432652
        ],
        [
          0.987377,
          -0.076243,
          0.138829,
          3.027172
        ],
        [
          -0.006591,
          -0.895536,
          -0.444941,
          1.531539
        ],
        [
          0.0,
          0.0,
          0.0,
          1.0
        ]
      ]
    },
    {
      "file_path": "/media/NFS/ttao/scannet/posed_images/scene0419_00/00209.jpg",
      "transform_matrix": [
        [
          0.107041,
          0.42135,
          -0.900559,
          2.329819
        ],
        [
          0.994025,
          -0.025888,
          0.106038,
          3.077085
        ],
        [
          0.021366,
          -0.906528,
          -0.421604,
          1.541393
        ],
        [
          0.0,
          0.0,
          0.0,
          1.0
        ]
      ]
    },
    {
      "file_path": "/media/NFS/ttao/scannet/posed_images/scene0419_00/00223.jpg",
      "transform_matrix": [
        [
          0.004859,
          0.419577,
          -0.907707,
          2.207691
        ],
        [
          0.997935,
          0.056111,
          0.031278,
          3.13685
        ],
        [
          0.064056,
          -0.905984,
          -0.418438,
          1.541701
        ],
        [
          0.0,
          0.0,
          0.0,
          1.0
        ]
      ]
    },
    {
      "file_path": "/media/NFS/ttao/scannet/posed_images/scene0419_00/00245.jpg",
      "transform_matrix": [
        [
          -0.11985,
          0.417212,
          -0.900872,
          1.9376
        ],
        [
          0.992503,
          0.072237,
          -0.098586,
          3.156156
        ],
        [
          0.023945,
          -0.905934,
          -0.422742,
          1.5523
        ],
        [
          0.0,
          0.0,
          0.0,
          1.0
        ]
      ]
    },
    {
      "file_path": "/media/NFS/ttao/scannet/posed_images/scene0419_00/00249.jpg",
      "transform_matrix": [
        [
          -0.134307,
          0.420569,
          -0.897265,
          1.894742
        ],
        [
          0.990818,
          0.071176,
          -0.114949,
          3.160403
        ],
        [
          0.015519,
          -0.904464,
          -0.426267,
          1.556579
        ],
        [
          0.0,
          0.0,
          0.0,
          1.0
        ]
      ]
    },
    {
      "file_path": "/media/NFS/ttao/scannet/posed_images/scene0419_00/00276.jpg",
      "transform_matrix": [
        [
          -0.379314,
          0.401825,
          -0.833461,
          1.687473
        ],
        [
          0.924075,
          0.210247,
          -0.319189,
          3.313109
        ],
        [
          0.046975,
          -0.891254,
          -0.451066,
          1.556129
        ],
        [
          0.0,
          0.0,
          0.0,
          1.0
        ]
      ]
    },
    {
      "file_path": "/media/NFS/ttao/scannet/posed_images/scene0419_00/00289.jpg",
      "transform_matrix": [
        [
          -0.412429,
          0.393282,
          -0.821725,
          1.591356
        ],
        [
          0.909994,
          0.220028,
          -0.351426,
          3.33709
        ],
        [
          0.042593,
          -0.892702,
          -0.44863,
          1.553256
        ],
        [
          0.0,
          0.0,
          0.0,
          1.0
        ]
      ]
    },
    {
      "file_path": "/media/NFS/ttao/scannet/posed_images/scene0419_00/00294.jpg",
      "transform_matrix": [
        [
          -0.422419,
          0.38637,
          -0.819927,
          1.546285
        ],
        [
          0.905724,
          0.214889,
          -0.36536,
          3.325628
        ],
        [
          0.035029,
          -0.896962,
          -0.440718,
          1.545569
        ],
        [
          0.0,
          0.0,
          0.0,
          1.0
        ]
      ]
    },
    {
      "file_path": "/media/NFS/ttao/scannet/posed_images/scene0419_00/00321.jpg",
      "transform_matrix": [
        [
          -0.528942,
          0.344594,
          -0.775548,
          1.320941
        ],
        [
          0.846909,
          0.272967,
          -0.456326,
          3.236858
        ],
        [
          0.054452,
          -0.898189,
          -0.436224,
          1.537359
        ],
        [
          0.0,
          0.0,
          0.0,
          1.0
        ]
      ]
    },
    {
      "file_path": "/media/NFS/ttao/scannet/posed_images/scene0419_00/00325.jpg",
      "transform_matrix": [
        [
          -0.544974,
          0.345866,
          -0.763793,
          1.300753
        ],
        [
          0.836878,
          0.280186,
          -0.470245,
          3.246717
        ],
        [
          0.051362,
          -0.895474,
          -0.442142,
          1.527283
        ],
        [
          0.0,
          0.0,
          0.0,
          1.0
        ]
      ]
    },
    {
      "file_path": "/media/NFS/ttao/scannet/posed_images/scene0419_00/00338.jpg",
      "transform_matrix": [
        [
          -0.599693,
          0.343282,
          -0.72286,
          1.237202
        ],
        [
          0.79963,
          0.292035,
          -0.524697,
          3.300646
        ],
        [
          0.030982,
          -0.892678,
          -0.44963,
          1.458484
        ],
        [
          0.0,
          0.0,
          0.0,
          1.0
        ]
      ]
    },
    {
      "file_path": "/media/NFS/ttao/scannet/posed_images/scene0419_00/00365.jpg",
      "transform_matrix": [
        [
          -0.617995,
          0.351769,
          -0.703094,
          1.246957
        ],
        [
          0.785457,
          0.314649,
          -0.532966,
          3.359076
        ],
        [
          0.033747,
          -0.88162,
          -0.470751,
          1.215083
        ],
        [
          0.0,
          0.0,
          0.0,
          1.0
        ]
      ]
    },
    {
      "file_path": "/media/NFS/ttao/scannet/posed_images/scene0419_00/00370.jpg",
      "transform_matrix": [
        [
          -0.621758,
          0.339126,
          -0.705982,
          1.258118
        ],
        [
          0.781053,
          0.33533,
          -0.526793,
          3.3587
        ],
        [
          0.058087,
          -0.878947,
          -0.473369,
          1.186352
        ],
        [
          0.0,
          0.0,
          0.0,
          1.0
        ]
      ]
    },
    {
      "file_path": "/media/NFS/ttao/scannet/posed_images/scene0419_00/00392.jpg",
      "transform_matrix": [
        [
          -0.621669,
          0.384375,
          -0.682483,
          1.341531
        ],
        [
          0.782712,
          0.338031,
          -0.522588,
          3.374717
        ],
        [
          0.02983,
          -0.859064,
          -0.510998,
          1.065807
        ],
        [
          0.0,
          0.0,
          0.0,
          1.0
        ]
      ]
    },
    {
      "file_path": "/media/NFS/ttao/scannet/posed_images/scene0419_00/00405.jpg",
      "transform_matrix": [
        [
          -0.622099,
          0.389145,
          -0.679381,
          1.372244
        ],
        [
          0.782586,
          0.33509,
          -0.524665,
          3.380307
        ],
        [
          0.023483,
          -0.858068,
          -0.512999,
          1.036781
        ],
        [
          0.0,
          0.0,
          0.0,
          1.0
        ]
      ]
    },
    {
      "file_path": "/media/NFS/ttao/scannet/posed_images/scene0419_00/00423.jpg",
      "transform_matrix": [
        [
          -0.612984,
          0.413831,
          -0.673049,
          1.417677
        ],
        [
          0.78969,
          0.348172,
          -0.505139,
          3.389893
        ],
        [
          0.025295,
          -0.841142,
          -0.540223,
          1.007414
        ],
        [
          0.0,
          0.0,
          0.0,
          1.0
        ]
      ]
    },
    {
      "file_path": "/media/NFS/ttao/scannet/posed_images/scene0419_00/00427.jpg",
      "transform_matrix": [
        [
          -0.611998,
          0.415792,
          -0.672737,
          1.427314
        ],
        [
          0.790444,
          0.349151,
          -0.503282,
          3.389888
        ],
        [
          0.025626,
          -0.839768,
          -0.54234,
          1.028489
        ],
        [
          0.0,
          0.0,
          0.0,
          1.0
        ]
      ]
    },
    {
      "file_path": "/media/NFS/ttao/scannet/posed_images/scene0419_00/00454.jpg",
      "transform_matrix": [
        [
          -0.64399,
          0.384779,
          -0.661227,
          1.554031
        ],
        [
          0.765022,
          0.328614,
          -0.553854,
          3.367727
        ],
        [
          0.004177,
          -0.86253,
          -0.505988,
          1.303334
        ],
        [
          0.0,
          0.0,
          0.0,
          1.0
        ]
      ]
    },
    {
      "file_path": "/media/NFS/ttao/scannet/posed_images/scene0419_00/00463.jpg",
      "transform_matrix": [
        [
          -0.639469,
          0.387949,
          -0.663758,
          1.611682
        ],
        [
          0.768651,
          0.340512,
          -0.541504,
          3.357038
        ],
        [
          0.015941,
          -0.856474,
          -0.515944,
          1.343952
        ],
        [
          0.0,
          0.0,
          0.0,
          1.0
        ]
      ]
    },
    {
      "file_path": "/media/NFS/ttao/scannet/posed_images/scene0419_00/00476.jpg",
      "transform_matrix": [
        [
          -0.600243,
          0.411362,
          -0.685922,
          1.696412
        ],
        [
          0.798977,
          0.347714,
          -0.490644,
          3.274273
        ],
        [
          0.036673,
          -0.842541,
          -0.537382,
          1.38473
        ],
        [
          0.0,
          0.0,
          0.0,
          1.0
        ]
      ]
    },
    {
      "file_path": "/media/NFS/ttao/scannet/posed_images/scene0419_00/00485.jpg",
      "transform_matrix": [
        [
          -0.562693,
          0.453983,
          -0.690851,
          1.779796
        ],
        [
          0.82647,
          0.327111,
          -0.458198,
          3.172203
        ],
        [
          0.017971,
          -0.828793,
          -0.559266,
          1.408209
        ],
        [
          0.0,
          0.0,
          0.0,
          1.0
        ]
      ]
    },
    {
      "file_path": "/media/NFS/ttao/scannet/posed_images/scene0419_00/00503.jpg",
      "transform_matrix": [
        [
          -0.526475,
          0.500507,
          -0.687253,
          1.891819
        ],
        [
          0.85018,
          0.313964,
          -0.422636,
          2.977395
        ],
        [
          0.00424,
          -0.806796,
          -0.590815,
          1.417781
        ],
        [
          0.0,
          0.0,
          0.0,
          1.0
        ]
      ]
    },
    {
      "file_path": "/media/NFS/ttao/scannet/posed_images/scene0419_00/00517.jpg",
      "transform_matrix": [
        [
          -0.507063,
          0.482723,
          -0.714048,
          1.909411
        ],
        [
          0.861816,
          0.296128,
          -0.411803,
          2.81095
        ],
        [
          0.012662,
          -0.824189,
          -0.566174,
          1.431817
        ],
        [
          0.0,
          0.0,
          0.0,
          1.0
        ]
      ]
    },
    {
      "file_path": "/media/NFS/ttao/scannet/posed_images/scene0419_00/00530.jpg",
      "transform_matrix": [
        [
          -0.494805,
          0.491285,
          -0.716803,
          1.946908
        ],
        [
          0.867801,
          0.32274,
          -0.377837,
          2.664078
        ],
        [
          0.045715,
          -0.808998,
          -0.586031,
          1.428458
        ],
        [
          0.0,
          0.0,
          0.0,
          1.0
        ]
      ]
    },
    {
      "file_path": "/media/NFS/ttao/scannet/posed_images/scene0419_00/00557.jpg",
      "transform_matrix": [
        [
          -0.368458,
          0.536787,
          -0.759012,
          2.060542
        ],
        [
          0.929626,
          0.217861,
          -0.297206,
          2.337917
        ],
        [
          0.005822,
          -0.815105,
          -0.579284,
          1.421565
        ],
        [
          0.0,
          0.0,
          0.0,
          1.0
        ]
      ]
    },
    {
      "file_path": "/media/NFS/ttao/scannet/posed_images/scene0419_00/00561.jpg",
      "transform_matrix": [
        [
          -0.345988,
          0.541911,
          -0.765915,
          2.053043
        ],
        [
          0.93823,
          0.203388,
          -0.279924,
          2.31026
        ],
        [
          0.004084,
          -0.815455,
          -0.578806,
          1.415586
        ],
        [
          0.0,
          0.0,
          0.0,
          1.0
        ]
      ]
    },
    {
      "file_path": "/media/NFS/ttao/scannet/posed_images/scene0419_00/00583.jpg",
      "transform_matrix": [
        [
          -0.231675,
          0.597658,
          -0.767549,
          1.998577
        ],
        [
          0.97275,
          0.149826,
          -0.176948,
          2.14047
        ],
        [
          0.009245,
          -0.787628,
          -0.616082,
          1.409007
        ],
        [
          0.0,
          0.0,
          0.0,
          1.0
        ]
      ]
    },
    {
      "file_path": "/media/NFS/ttao/scannet/posed_images/scene0419_00/00592.jpg",
      "transform_matrix": [
        [
          -0.169479,
          0.608568,
          -0.775191,
          1.988266
        ],
        [
          0.985393,
          0.117963,
          -0.122827,
          2.071502
        ],
        [
          0.016695,
          -0.784684,
          -0.619671,
          1.416734
        ],
        [
          0.0,
          0.0,
          0.0,
          1.0
        ]
      ]
    },
    {
      "file_path": "/media/NFS/ttao/scannet/posed_images/scene0419_00/00606.jpg",
      "transform_matrix": [
        [
          -0.015814,
          0.562434,
          -0.826691,
          1.959826
        ],
        [
          0.999804,
          -0.000976,
          -0.019789,
          1.944947
        ],
        [
          -0.011937,
          -0.826842,
          -0.562308,
          1.45542
        ],
        [
          0.0,
          0.0,
          0.0,
          1.0
        ]
      ]
    },
    {
      "file_path": "/media/NFS/ttao/scannet/posed_images/scene0419_00/00623.jpg",
      "transform_matrix": [
        [
          0.025248,
          0.475771,
          -0.879207,
          1.903782
        ],
        [
          0.999668,
          -0.01659,
          0.01973,
          1.856323
        ],
        [
          -0.005199,
          -0.879413,
          -0.476031,
          1.467762
        ],
        [
          0.0,
          0.0,
          0.0,
          1.0
        ]
      ]
    },
    {
      "file_path": "/media/NFS/ttao/scannet/posed_images/scene0419_00/00637.jpg",
      "transform_matrix": [
        [
          0.058842,
          0.444121,
          -0.894033,
          1.778397
        ],
        [
          0.998184,
          -0.014581,
          0.058454,
          1.848015
        ],
        [
          0.012925,
          -0.895848,
          -0.444172,
          1.472724
        ],
        [
          0.0,
          0.0,
          0.0,
          1.0
        ]
      ]
    },
    {
      "file_path": "/media/NFS/ttao/scannet/posed_images/scene0419_00/00655.jpg",
      "transform_matrix": [
        [
          0.092563,
          0.454344,
          -0.886004,
          1.646833
        ],
        [
          0.994947,
          -0.007437,
          0.100131,
          1.850757
        ],
        [
          0.038905,
          -0.890795,
          -0.452737,
          1.470468
        ],
        [
          0.0,
          0.0,
          0.0,
          1.0
        ]
      ]
    },
    {
      "file_path": "/media/NFS/ttao/scannet/posed_images/scene0419_00/00677.jpg",
      "transform_matrix": [
        [
          0.242247,
          0.459781,
          -0.854352,
          1.479079
        ],
        [
          0.97009,
          -0.100695,
          0.220874,
          1.710562
        ],
        [
          0.015525,
          -0.882305,
          -0.470422,
          1.486192
        ],
        [
          0.0,
          0.0,
          0.0,
          1.0
        ]
      ]
    },
    {
      "file_path": "/media/NFS/ttao/scannet/posed_images/scene0419_00/00681.jpg",
      "transform_matrix": [
        [
          0.272545,
          0.469931,
          -0.839574,
          1.453068
        ],
        [
          0.962007,
          -0.118404,
          0.246016,
          1.686477
        ],
        [
          0.016202,
          -0.874726,
          -0.484347,
          1.485773
        ],
        [
          0.0,
          0.0,
          0.0,
          1.0
        ]
      ]
    },
    {
      "file_path": "/media/NFS/ttao/scannet/posed_images/scene0419_00/00704.jpg",
      "transform_matrix": [
        [
          0.405513,
          0.455197,
          -0.792688,
          1.253912
        ],
        [
          0.913937,
          -0.217717,
          0.342517,
          1.66495
        ],
        [
          -0.016669,
          -0.863362,
          -0.504309,
          1.492371
        ],
        [
          0.0,
          0.0,
          0.0,
          1.0
        ]
      ]
    },
    {
      "file_path": "/media/NFS/ttao/scannet/posed_images/scene0419_00/00712.jpg",
      "transform_matrix": [
        [
          0.431736,
          0.467851,
          -0.771181,
          1.191675
        ],
        [
          0.901931,
          -0.213295,
          0.375536,
          1.695202
        ],
        [
          0.011206,
          -0.857684,
          -0.514056,
          1.499303
        ],
        [
          0.0,
          0.0,
          0.0,
          1.0
        ]
      ]
    },
    {
      "file_path": "/media/NFS/ttao/scannet/posed_images/scene0419_00/00735.jpg",
      "transform_matrix": [
        [
          0.538668,
          0.44549,
          -0.715105,
          1.031607
        ],
        [
          0.842205,
          -0.261598,
          0.471441,
          1.751217
        ],
        [
          0.022952,
          -0.856216,
          -0.516108,
          1.507757
        ],
        [
          0.0,
          0.0,
          0.0,
          1.0
        ]
      ]
    },
    {
      "file_path": "/media/NFS/ttao/scannet/posed_images/scene0419_00/00739.jpg",
      "transform_matrix": [
        [
          0.551758,
          0.44768,
          -0.703666,
          1.002564
        ],
        [
          0.833543,
          -0.267951,
          0.483124,
          1.7548
        ],
        [
          0.027736,
          -0.853103,
          -0.521004,
          1.506927
        ],
        [
          0.0,
          0.0,
          0.0,
          1.0
        ]
      ]
    },
    {
      "file_path": "/media/NFS/ttao/scannet/posed_images/scene0419_00/00753.jpg",
      "transform_matrix": [
        [
          0.504925,
          0.469148,
          -0.724535,
          0.96027
        ],
        [
          0.86262,
          -0.244481,
          0.44285,
          1.734359
        ],
        [
          0.030627,
          -0.848604,
          -0.528141,
          1.500294
        ],
        [
          0.0,
          0.0,
          0.0,
          1.0
        ]
      ]
    },
    {
      "file_path": "/media/NFS/ttao/scannet/posed_images/scene0419_00/00779.jpg",
      "transform_matrix": [
        [
          0.106289,
          0.577652,
          -0.809333,
          1.04303
        ],
        [
          0.988878,
          0.023751,
          0.14682,
          1.762385
        ],
        [
          0.104034,
          -0.815937,
          -0.568703,
          1.475747
        ],
        [
          0.0,
          0.0,
          0.0,
          1.0
        ]
      ]
    },
    {
      "file_path": "/media/NFS/ttao/scannet/posed_images/scene0419_00/00793.jpg",
      "transform_matrix": [
        [
          -0.07743,
          0.566974,
          -0.820089,
          1.11327
        ],
        [
          0.992075,
          0.125457,
          -0.006932,
          1.744027
        ],
        [
          0.098956,
          -0.814126,
          -0.572195,
          1.468946
        ],
        [
          0.0,
          0.0,
          0.0,
          1.0
        ]
      ]
    },
    {
      "file_path": "/media/NFS/ttao/scannet/posed_images/scene0419_00/00806.jpg",
      "transform_matrix": [
        [
          -0.225812,
          0.532952,
          -0.815458,
          1.21441
        ],
        [
          0.969589,
          0.204049,
          -0.135135,
          1.728117
        ],
        [
          0.094372,
          -0.821174,
          -0.562821,
          1.470612
        ],
        [
          0.0,
          0.0,
          0.0,
          1.0
        ]
      ]
    },
    {
      "file_path": "/media/NFS/ttao/scannet/posed_images/scene0419_00/00824.jpg",
      "transform_matrix": [
        [
          -0.375358,
          0.50392,
          -0.777928,
          1.357944
        ],
        [
          0.924271,
          0.266428,
          -0.273385,
          1.764417
        ],
        [
          0.069497,
          -0.821633,
          -0.565764,
          1.498446
        ],
        [
          0.0,
          0.0,
          0.0,
          1.0
        ]
      ]
    },
    {
      "file_path": "/media/NFS/ttao/scannet/posed_images/scene0419_00/00833.jpg",
      "transform_matrix": [
        [
          -0.443688,
          0.481162,
          -0.756058,
          1.380549
        ],
        [
          0.894313,
          0.292168,
          -0.338884,
          1.787575
        ],
        [
          0.057837,
          -0.826511,
          -0.559941,
          1.508385
        ],
        [
          0.0,
          0.0,
          0.0,
          1.0
        ]
      ]
    },
    {
      "file_path": "/media/NFS/ttao/scannet/posed_images/scene0419_00/00846.jpg",
      "transform_matrix": [
        [
          -0.595679,
          0.407624,
          -0.692105,
          1.382827
        ],
        [
          0.801113,
          0.363919,
          -0.475164,
          1.849956
        ],
        [
          0.058182,
          -0.8375,
          -0.543331,
          1.515858
        ],
        [
          0.0,
          0.0,
          0.0,
          1.0
        ]
      ]
    },
    {
      "file_path": "/media/NFS/ttao/scannet/posed_images/scene0419_00/00859.jpg",
      "transform_matrix": [
        [
          -0.678072,
          0.353577,
          -0.644362,
          1.370762
        ],
        [
          0.732121,
          0.402378,
          -0.549628,
          1.945112
        ],
        [
          0.064941,
          -0.844438,
          -0.531702,
          1.524584
        ],
        [
          0.0,
          0.0,
          0.0,
          1.0
        ]
      ]
    },
    {
      "file_path": "/media/NFS/ttao/scannet/posed_images/scene0419_00/00873.jpg",
      "transform_matrix": [
        [
          -0.735171,
          0.293363,
          -0.611115,
          1.400509
        ],
        [
          0.67413,
          0.411113,
          -0.613625,
          1.99685
        ],
        [
          0.071222,
          -0.86309,
          -0.500003,
          1.543295
        ],
        [
          0.0,
          0.0,
          0.0,
          1.0
        ]
      ]
    },
    {
      "file_path": "/media/NFS/ttao/scannet/posed_images/scene0419_00/00900.jpg",
      "transform_matrix": [
        [
          -0.854251,
          0.238099,
          -0.462129,
          1.589291
        ],
        [
          0.517283,
          0.477724,
          -0.710069,
          2.134605
        ],
        [
          0.051703,
          -0.845629,
          -0.531261,
          1.514887
        ],
        [
          0.0,
          0.0,
          0.0,
          1.0
        ]
      ]
    },
    {
      "file_path": "/media/NFS/ttao/scannet/posed_images/scene0419_00/00908.jpg",
      "transform_matrix": [
        [
          -0.872508,
          0.24277,
          -0.424018,
          1.626107
        ],
        [
          0.486779,
          0.506738,
          -0.711521,
          2.181011
        ],
        [
          0.04213,
          -0.827212,
          -0.560309,
          1.501344
        ],
        [
          0.0,
          0.0,
          0.0,
          1.0
        ]
      ]
    },
    {
      "file_path": "/media/NFS/ttao/scannet/posed_images/scene0419_00/00922.jpg",
      "transform_matrix": [
        [
          -0.909248,
          0.214364,
          -0.356813,
          1.632162
        ],
        [
          0.414406,
          0.546859,
          -0.727471,
          2.255175
        ],
        [
          0.039182,
          -0.809317,
          -0.586064,
          1.480372
        ],
        [
          0.0,
          0.0,
          0.0,
          1.0
        ]
      ]
    },
    {
      "file_path": "/media/NFS/ttao/scannet/posed_images/scene0419_00/00944.jpg",
      "transform_matrix": [
        [
          -0.97433,
          0.075259,
          -0.212174,
          1.624236
        ],
        [
          0.212313,
          0.620592,
          -0.754844,
          2.402805
        ],
        [
          0.074865,
          -0.780514,
          -0.620639,
          1.452122
        ],
        [
          0.0,
          0.0,
          0.0,
          1.0
        ]
      ]
    },
    {
      "file_path": "/media/NFS/ttao/scannet/posed_images/scene0419_00/00957.jpg",
      "transform_matrix": [
        [
          -0.984712,
          0.037036,
          -0.170211,
          1.638432
        ],
        [
          0.157893,
          0.602489,
          -0.782353,
          2.429761
        ],
        [
          0.073575,
          -0.797267,
          -0.599126,
          1.46549
        ],
        [
          0.0,
          0.0,
          0.0,
          1.0
        ]
      ]
    },
    {
      "file_path": "/media/NFS/ttao/scannet/posed_images/scene0419_00/00962.jpg",
      "transform_matrix": [
        [
          -0.987289,
          0.024565,
          -0.157026,
          1.649267
        ],
        [
          0.140508,
          0.596663,
          -0.790096,
          2.429763
        ],
        [
          0.074283,
          -0.802116,
          -0.59253,
          1.475167
        ],
        [
          0.0,
          0.0,
          0.0,
          1.0
        ]
      ]
    },
    {
      "file_path": "/media/NFS/ttao/scannet/posed_images/scene0419_00/00980.jpg",
      "transform_matrix": [
        [
          -0.989791,
          0.001054,
          -0.142524,
          1.7334
        ],
        [
          0.119601,
          0.550041,
          -0.826529,
          2.412604
        ],
        [
          0.077523,
          -0.835137,
          -0.544551,
          1.506503
        ],
        [
          0.0,
          0.0,
          0.0,
          1.0
        ]
      ]
    },
    {
      "file_path": "/media/NFS/ttao/scannet/posed_images/scene0419_00/00997.jpg",
      "transform_matrix": [
        [
          -0.990447,
          0.05632,
          -0.125872,
          1.872594
        ],
        [
          0.136553,
          0.52776,
          -0.838345,
          2.382421
        ],
        [
          0.019215,
          -0.847524,
          -0.530409,
          1.52056
        ],
        [
          0.0,
          0.0,
          0.0,
          1.0
        ]
      ]
    },
    {
      "file_path": "/media/NFS/ttao/scannet/posed_images/scene0419_00/01011.jpg",
      "transform_matrix": [
        [
          -0.992674,
          0.059974,
          -0.104893,
          1.939204
        ],
        [
          0.120582,
          0.547115,
          -0.828327,
          2.340579
        ],
        [
          0.007711,
          -0.834906,
          -0.550338,
          1.505708
        ],
        [
          0.0,
          0.0,
          0.0,
          1.0
        ]
      ]
    },
    {
      "file_path": "/media/NFS/ttao/scannet/posed_images/scene0419_00/01020.jpg",
      "transform_matrix": [
        [
          -0.991394,
          0.064882,
          -0.113705,
          1.945416
        ],
        [
          0.130584,
          0.551764,
          -0.823714,
          2.276404
        ],
        [
          0.009294,
          -0.831473,
          -0.555488,
          1.508117
        ],
        [
          0.0,
          0.0,
          0.0,
          1.0
        ]
      ]
    },
    {
      "file_path": "/media/NFS/ttao/scannet/posed_images/scene0419_00/01046.jpg",
      "transform_matrix": [
        [
          -0.991645,
          0.037968,
          -0.123282,
          1.861133
        ],
        [
          0.1218,
          0.590342,
          -0.797911,
          2.042961
        ],
        [
          0.042484,
          -0.80626,
          -0.590034,
          1.519921
        ],
        [
          0.0,
          0.0,
          0.0,
          1.0
        ]
      ]
    },
    {
      "file_path": "/media/NFS/ttao/scannet/posed_images/scene0419_00/01060.jpg",
      "transform_matrix": [
        [
          -0.989299,
          0.042408,
          -0.139606,
          1.879488
        ],
        [
          0.135997,
          0.614596,
          -0.777031,
          1.904061
        ],
        [
          0.052849,
          -0.787701,
          -0.613786,
          1.506839
        ],
        [
          0.0,
          0.0,
          0.0,
          1.0
        ]
      ]
    },
    {
      "file_path": "/media/NFS/ttao/scannet/posed_images/scene0419_00/01078.jpg",
      "transform_matrix": [
        [
          -0.981779,
          0.071605,
          -0.176021,
          1.91937
        ],
        [
          0.180437,
          0.641839,
          -0.745309,
          1.709757
        ],
        [
          0.059609,
          -0.763489,
          -0.643064,
          1.512963
        ],
        [
          0.0,
          0.0,
          0.0,
          1.0
        ]
      ]
    },
    {
      "file_path": "/media/NFS/ttao/scannet/posed_images/scene0419_00/01091.jpg",
      "transform_matrix": [
        [
          -0.984165,
          0.071483,
          -0.162205,
          1.877309
        ],
        [
          0.167502,
          0.674431,
          -0.719087,
          1.588231
        ],
        [
          0.057994,
          -0.73487,
          -0.675724,
          1.516622
        ],
        [
          0.0,
          0.0,
          0.0,
          1.0
        ]
      ]
    },
    {
      "file_path": "/media/NFS/ttao/scannet/posed_images/scene0419_00/01100.jpg",
      "transform_matrix": [
        [
          -0.989648,
          0.052545,
          -0.133553,
          1.833245
        ],
        [
          0.132247,
          0.69536,
          -0.706389,
          1.500545
        ],
        [
          0.055751,
          -0.716738,
          -0.695111,
          1.520943
        ],
        [
          0.0,
          0.0,
          0.0,
          1.0
        ]
      ]
    },
    {
      "file_path": "/media/NFS/ttao/scannet/posed_images/scene0419_00/01118.jpg",
      "transform_matrix": [
        [
          -0.997738,
          -0.034884,
          -0.057461,
          1.808472
        ],
        [
          0.015779,
          0.709387,
          -0.704643,
          1.405555
        ],
        [
          0.065343,
          -0.703956,
          -0.707232,
          1.521271
        ],
        [
          0.0,
          0.0,
          0.0,
          1.0
        ]
      ]
    },
    {
      "file_path": "/media/NFS/ttao/scannet/posed_images/scene0419_00/01127.jpg",
      "transform_matrix": [
        [
          -0.996069,
          -0.085466,
          -0.023296,
          1.832897
        ],
        [
          -0.043685,
          0.702696,
          -0.710148,
          1.394378
        ],
        [
          0.077064,
          -0.706339,
          -0.703667,
          1.520792
        ],
        [
          0.0,
          0.0,
          0.0,
          1.0
        ]
      ]
    },
    {
      "file_path": "/media/NFS/ttao/scannet/posed_images/scene0419_00/01140.jpg",
      "transform_matrix": [
        [
          -0.984956,
          -0.165017,
          0.051296,
          1.886635
        ],
        [
          -0.151455,
          0.681419,
          -0.716051,
          1.415606
        ],
        [
          0.083207,
          -0.713048,
          -0.69616,
          1.519883
        ],
        [
