{
  "frames": [
    {
      "file_path": "/media/NFS/ttao/scannet/posed_images/scene0600_01/00003.jpg",
      "transform_matrix": [
        [
          -0.09193,
          0.464768,
          -0.880647,
          2.789362
        ],
        [
          0.993841,
          -0.012141,
          -0.110154,
          1.927976
        ],
        [
          -0.061888,
          -0.885349,
          -0.460789,
          1.399603
        ],
        [
          0.0,
          0.0,
          0.0,
          1.0
        ]
      ]
    },
    {
      "file_path": "/media/NFS/ttao/scannet/posed_images/scene0600_01/00008.jpg",
      "transform_matrix": [
        [
          -0.102645,
          0.455538,
          -0.884279,
          2.795271
        ],
        [
          0.992938,
          -0.006246,
          -0.118476,
          1.926309
        ],
        [
          -0.059493,
          -0.890195,
          -0.451679,
          1.401529
        ],
        [
          0.0,
          0.0,
          0.0,
          1.0
        ]
      ]
    },
    {
      "file_path": "/media/NFS/ttao/scannet/posed_images/scene0600_01/00009.jpg",
      "transform_matrix": [
        [
          -0.101376,
          0.456712,
          -0.88382,
          2.795498
        ],
        [
          0.993071,
          -0.006619,
          -0.117327,
          1.92625
        ],
        [
          -0.059435,
          -0.88959,
          -0.452876,
          1.402148
        ],
        [
          0.0,
          0.0,
          0.0,
          1.0
        ]
      ]
    },
    {
      "file_path": "/media/NFS/ttao/scannet/posed_images/scene0600_01/00017.jpg",
      "transform_matrix": [
        [
          0.01607,
          0.488139,
          -0.872618,
          2.789082
        ],
        [
          0.998813,
          -0.047969,
          -0.00844,
          1.936682
        ],
        [
          -0.045979,
          -0.871447,
          -0.488331,
          1.407224
        ],
        [
          0.0,
          0.0,
          0.0,
          1.0
        ]
      ]
    },
    {
      "file_path": "/media/NFS/ttao/scannet/posed_images/scene0600_01/00023.jpg",
      "transform_matrix": [
        [
          0.159893,
          0.501541,
          -0.85023,
          2.790915
        ],
        [
          0.986454,
          -0.113153,
          0.118763,
          1.955899
        ],
        [
          -0.036642,
          -0.857702,
          -0.512839,
          1.396266
        ],
        [
          0.0,
          0.0,
          0.0,
          1.0
        ]
      ]
    },
    {
      "file_path": "/media/NFS/ttao/scannet/posed_images/scene0600_01/00026.jpg",
      "transform_matrix": [
        [
          0.244397,
          0.495142,
          -0.833729,
          2.785703
        ],
        [
          0.969257,
          -0.149996,
          0.195045,
          1.949323
        ],
        [
          -0.028482,
          -0.855766,
          -0.516579,
          1.398228
        ],
        [
          0.0,
          0.0,
          0.0,
          1.0
        ]
      ]
    },
    {
      "file_path": "/media/NFS/ttao/scannet/posed_images/scene0600_01/00034.jpg",
      "transform_matrix": [
        [
          0.413602,
          0.490726,
          -0.766891,
          2.774541
        ],
        [
          0.910291,
          -0.239028,
          0.337989,
          1.953653
        ],
        [
          -0.017448,
          -0.837886,
          -0.545566,
          1.396812
        ],
        [
          0.0,
          0.0,
          0.0,
          1.0
        ]
      ]
    },
    {
      "file_path": "/media/NFS/ttao/scannet/posed_images/scene0600_01/00036.jpg",
      "transform_matrix": [
        [
          0.475972,
          0.491748,
          -0.729133,
          2.769354
        ],
        [
          0.879448,
          -0.270582,
          0.391608,
          1.953698
        ],
        [
          -0.004718,
          -0.827629,
          -0.561256,
          1.390195
        ],
        [
          0.0,
          0.0,
          0.0,
          1.0
        ]
      ]
    },
    {
      "file_path": "/media/NFS/ttao/scannet/posed_images/scene0600_01/00042.jpg",
      "transform_matrix": [
        [
          0.612466,
          0.46885,
          -0.636447,
          2.758298
        ],
        [
          0.790449,
          -0.354339,
          0.499635,
          1.973324
        ],
        [
          0.008736,
          -0.809088,
          -0.587623,
          1.386079
        ],
        [
          0.0,
          0.0,
          0.0,
          1.0
        ]
      ]
    },
    {
      "file_path": "/media/NFS/ttao/scannet/posed_images/scene0600_01/00047.jpg",
      "transform_matrix": [
        [
          0.704806,
          0.422176,
          -0.570101,
          2.757979
        ],
        [
          0.709302,
          -0.406025,
          0.576225,
          1.971424
        ],
        [
          0.011793,
          -0.810501,
          -0.585619,
          1.378991
        ],
        [
          0.0,
          0.0,
          0.0,
          1.0
        ]
      ]
    },
    {
      "file_path": "/media/NFS/ttao/scannet/posed_images/scene0600_01/00051.jpg",
      "transform_matrix": [
        [
          0.772405,
          0.378179,
          -0.510265,
          2.762152
        ],
        [
          0.635083,
          -0.45009,
          0.627765,
          1.976352
        ],
        [
          0.007743,
          -0.80895,
          -0.587827,
          1.377674
        ],
        [
          0.0,
          0.0,
          0.0,
          1.0
        ]
      ]
    },
    {
      "file_path": "/media/NFS/ttao/scannet/posed_images/scene0600_01/00059.jpg",
      "transform_matrix": [
        [
          0.886724,
          0.288135,
          -0.361523,
          2.771265
        ],
        [
          0.46181,
          -0.516117,
          0.721356,
          1.965647
        ],
        [
          0.02126,
          -0.806599,
          -0.590717,
          1.377838
        ],
        [
          0.0,
          0.0,
          0.0,
          1.0
        ]
      ]
    },
    {
      "file_path": "/media/NFS/ttao/scannet/posed_images/scene0600_01/00064.jpg",
      "transform_matrix": [
        [
          0.941545,
          0.217524,
          -0.257248,
          2.793325
        ],
        [
          0.334613,
          -0.515257,
          0.789015,
          1.940615
        ],
        [
          0.039081,
          -0.828971,
          -0.557924,
          1.384921
        ],
        [
          0.0,
          0.0,
          0.0,
          1.0
        ]
      ]
    },
    {
      "file_path": "/media/NFS/ttao/scannet/posed_images/scene0600_01/00070.jpg",
      "transform_matrix": [
        [
          0.966023,
          0.141883,
          -0.216028,
          2.841567
        ],
        [
          0.258396,
          -0.512395,
          0.818953,
          1.916068
        ],
        [
          0.005504,
          -0.846948,
          -0.531647,
          1.387646
        ],
        [
          0.0,
          0.0,
          0.0,
          1.0
        ]
      ]
    },
    {
      "file_path": "/media/NFS/ttao/scannet/posed_images/scene0600_01/00072.jpg",
      "transform_matrix": [
        [
          0.972366,
          0.122302,
          -0.198862,
          2.856868
        ],
        [
          0.233448,
          -0.518058,
          0.822872,
          1.907861
        ],
        [
          -0.002383,
          -0.846556,
          -0.532294,
          1.391309
        ],
        [
          0.0,
          0.0,
          0.0,
          1.0
        ]
      ]
    },
    {
      "file_path": "/media/NFS/ttao/scannet/posed_images/scene0600_01/00078.jpg",
      "transform_matrix": [
        [
          0.990776,
          0.071596,
          -0.115053,
          2.891571
        ],
        [
          0.135455,
          -0.499065,
          0.855913,
          1.879446
        ],
        [
          0.003861,
          -0.863602,
          -0.504159,
          1.407808
        ],
        [
          0.0,
          0.0,
          0.0,
          1.0
        ]
      ]
    },
    {
      "file_path": "/media/NFS/ttao/scannet/posed_images/scene0600_01/00082.jpg",
      "transform_matrix": [
        [
          0.999117,
          0.023568,
          -0.034795,
          2.933693
        ],
        [
          0.041839,
          -0.480022,
          0.876258,
          1.870077
        ],
        [
          0.003949,
          -0.87694,
          -0.480584,
          1.421456
        ],
        [
          0.0,
          0.0,
          0.0,
          1.0
        ]
      ]
    },
    {
      "file_path": "/media/NFS/ttao/scannet/posed_images/scene0600_01/00087.jpg",
      "transform_matrix": [
        [
          0.994214,
          -0.036375,
          0.101071,
          2.94995
        ],
        [
          -0.10637,
          -0.46447,
          0.879178,
          1.877592
        ],
        [
          0.014964,
          -0.884842,
          -0.465652,
          1.435155
        ],
        [
          0.0,
          0.0,
          0.0,
          1.0
        ]
      ]
    },
    {
      "file_path": "/media/NFS/ttao/scannet/posed_images/scene0600_01/00092.jpg",
      "transform_matrix": [
        [
          0.963098,
          -0.119259,
          0.241287,
          2.965514
        ],
        [
          -0.269144,
          -0.433161,
          0.860194,
          1.889579
        ],
        [
          0.001931,
          -0.893392,
          -0.449274,
          1.434319
        ],
        [
          0.0,
          0.0,
          0.0,
          1.0
        ]
      ]
    },
    {
      "file_path": "/media/NFS/ttao/scannet/posed_images/scene0600_01/00100.jpg",
      "transform_matrix": [
        [
          0.868661,
          -0.210153,
          0.448624,
          2.956143
        ],
        [
          -0.495356,
          -0.355516,
          0.792611,
          1.91184
        ],
        [
          -0.007076,
          -0.910738,
          -0.412923,
          1.44543
        ],
        [
          0.0,
          0.0,
          0.0,
          1.0
        ]
      ]
    },
    {
      "file_path": "/media/NFS/ttao/scannet/posed_images/scene0600_01/00103.jpg",
      "transform_matrix": [
        [
          0.802544,
          -0.240332,
          0.546045,
          2.939452
        ],
        [
          -0.596591,
          -0.320472,
          0.735784,
          1.921379
        ],
        [
          -0.001841,
          -0.916263,
          -0.400573,
          1.435727
        ],
        [
          0.0,
          0.0,
          0.0,
          1.0
        ]
      ]
    },
    {
      "file_path": "/media/NFS/ttao/scannet/posed_images/scene0600_01/00107.jpg",
      "transform_matrix": [
        [
          0.732262,
          -0.269415,
          0.625467,
          2.925904
        ],
        [
          -0.680995,
          -0.281218,
          0.676139,
          1.923538
        ],
        [
          -0.00627,
          -0.921049,
          -0.389395,
          1.430437
        ],
        [
          0.0,
          0.0,
          0.0,
          1.0
        ]
      ]
    },
    {
      "file_path": "/media/NFS/ttao/scannet/posed_images/scene0600_01/00117.jpg",
      "transform_matrix": [
        [
          0.563439,
          -0.275082,
          0.779016,
          2.922079
        ],
        [
          -0.825845,
          -0.213438,
          0.521942,
          1.894522
        ],
        [
          0.022695,
          -0.937429,
          -0.347435,
          1.450279
        ],
        [
          0.0,
          0.0,
          0.0,
          1.0
        ]
      ]
    },
    {
      "file_path": "/media/NFS/ttao/scannet/posed_images/scene0600_01/00121.jpg",
      "transform_matrix": [
        [
          0.514258,
          -0.273868,
          0.812733,
          2.907188
        ],
        [
          -0.857601,
          -0.172731,
          0.484443,
          1.862364
        ],
        [
          0.007711,
          -0.946129,
          -0.323697,
          1.464896
        ],
        [
          0.0,
          0.0,
          0.0,
          1.0
        ]
      ]
    },
    {
      "file_path": "/media/NFS/ttao/scannet/posed_images/scene0600_01/00128.jpg",
      "transform_matrix": [
        [
          0.415704,
          -0.246433,
          0.875478,
          2.833513
        ],
        [
          -0.909459,
          -0.103446,
          0.402721,
          1.852551
        ],
        [
          -0.008679,
          -0.963623,
          -0.267124,
          1.488608
        ],
        [
          0.0,
          0.0,
          0.0,
          1.0
        ]
      ]
    },
    {
      "file_path": "/media/NFS/ttao/scannet/posed_images/scene0600_01/00131.jpg",
      "transform_matrix": [
        [
          0.368219,
          -0.253248,
          0.894584,
          2.829756
        ],
        [
          -0.929734,
          -0.103584,
          0.353363,
          1.823744
        ],
        [
          0.003177,
          -0.96184,
          -0.273595,
          1.471575
        ],
        [
          0.0,
          0.0,
          0.0,
          1.0
        ]
      ]
    },
    {
      "file_path": "/media/NFS/ttao/scannet/posed_images/scene0600_01/00137.jpg",
      "transform_matrix": [
        [
          0.177592,
          -0.279528,
          0.943571,
          2.795193
        ],
        [
          -0.983998,
          -0.064527,
          0.166085,
          1.867469
        ],
        [
          0.01446,
          -0.957967,
          -0.286514,
          1.455256
        ],
        [
          0.0,
          0.0,
          0.0,
          1.0
        ]
      ]
    },
    {
      "file_path": "/media/NFS/ttao/scannet/posed_images/scene0600_01/00138.jpg",
      "transform_matrix": [
        [
          0.145721,
          -0.280435,
          0.948748,
          2.792352
        ],
        [
          -0.989255,
          -0.052818,
          0.13633,
          1.879207
        ],
        [
          0.011879,
          -0.958419,
          -0.285118,
          1.450207
        ],
        [
          0.0,
          0.0,
          0.0,
          1.0
        ]
      ]
    },
    {
      "file_path": "/media/NFS/ttao/scannet/posed_images/scene0600_01/00148.jpg",
      "transform_matrix": [
        [
          -0.161909,
          -0.372494,
          0.913802,
          2.775425
        ],
        [
          -0.983531,
          0.136291,
          -0.118707,
          1.982835
        ],
        [
          -0.080325,
          -0.917972,
          -0.388426,
          1.453807
        ],
        [
          0.0,
          0.0,
          0.0,
          1.0
        ]
      ]
    },
    {
      "file_path": "/media/NFS/ttao/scannet/posed_images/scene0600_01/00152.jpg",
      "transform_matrix": [
        [
          -0.265929,
          -0.392257,
          0.880577,
          2.761524
        ],
        [
          -0.960878,
          0.181224,
          -0.209452,
          2.006628
        ],
        [
          -0.077423,
          -0.901827,
          -0.425104,
          1.446152
        ],
        [
          0.0,
          0.0,
          0.0,
          1.0
        ]
      ]
    },
    {
      "file_path": "/media/NFS/ttao/scannet/posed_images/scene0600_01/00157.jpg",
      "transform_matrix": [
        [
          -0.375173,
          -0.40399,
          0.834288,
          2.738569
        ],
        [
          -0.925287,
          0.217176,
          -0.310931,
          2.02888
        ],
        [
          -0.055574,
          -0.888609,
          -0.455285,
          1.433379
        ],
        [
          0.0,
          0.0,
          0.0,
          1.0
        ]
      ]
    },
    {
      "file_path": "/media/NFS/ttao/scannet/posed_images/scene0600_01/00162.jpg",
      "transform_matrix": [
        [
          -0.46954,
          -0.40618,
          0.783933,
          2.700178
        ],
        [
          -0.881862,
          0.259041,
          -0.393977,
          1.989607
        ],
        [
          -0.043045,
          -0.876308,
          -0.479824,
          1.411329
        ],
        [
          0.0,
          0.0,
          0.0,
          1.0
        ]
      ]
    },
    {
      "file_path": "/media/NFS/ttao/scannet/posed_images/scene0600_01/00168.jpg",
      "transform_matrix": [
        [
          -0.595758,
          -0.400672,
          0.696085,
          2.694628
        ],
        [
          -0.802396,
          0.334832,
          -0.494014,
          2.011313
        ],
        [
          -0.035134,
          -0.852848,
          -0.520976,
          1.400994
        ],
        [
          0.0,
          0.0,
          0.0,
          1.0
        ]
      ]
    },
    {
      "file_path": "/media/NFS/ttao/scannet/posed_images/scene0600_01/00171.jpg",
      "transform_matrix": [
        [
          -0.636522,
          -0.410539,
          0.652914,
          2.692132
        ],
        [
          -0.77093,
          0.36337,
          -0.523095,
          1.972601
        ],
        [
          -0.022499,
          -0.836313,
          -0.54779,
          1.395575
        ],
        [
          0.0,
          0.0,
          0.0,
          1.0
        ]
      ]
    },
    {
      "file_path": "/media/NFS/ttao/scannet/posed_images/scene0600_01/00177.jpg",
      "transform_matrix": [
        [
          -0.770359,
          -0.351198,
          0.532172,
          2.742182
        ],
        [
          -0.637173,
          0.454948,
          -0.62212,
          1.967276
        ],
        [
          -0.023623,
          -0.818341,
          -0.574247,
          1.38789
        ],
        [
          0.0,
          0.0,
          0.0,
          1.0
        ]
      ]
    },
    {
      "file_path": "/media/NFS/ttao/scannet/posed_images/scene0600_01/00184.jpg",
      "transform_matrix": [
        [
          -0.886632,
          -0.256305,
          0.384956,
          2.793882
        ],
        [
          -0.460363,
          0.568594,
          -0.681738,
          1.92521
        ],
        [
          -0.044151,
          -0.78167,
          -0.622127,
          1.386244
        ],
        [
          0.0,
          0.0,
          0.0,
          1.0
        ]
      ]
    },
    {
      "file_path": "/media/NFS/ttao/scannet/posed_images/scene0600_01/00187.jpg",
      "transform_matrix": [
        [
          -0.931558,
          -0.19187,
          0.308845,
          2.824415
        ],
        [
          -0.358845,
          0.621992,
          -0.695957,
          1.89441
        ],
        [
          -0.058566,
          -0.759152,
          -0.648273,
          1.387207
        ],
        [
          0.0,
          0.0,
          0.0,
          1.0
        ]
      ]
    },
    {
      "file_path": "/media/NFS/ttao/scannet/posed_images/scene0600_01/00193.jpg",
      "transform_matrix": [
        [
          -0.986905,
          -0.077885,
          0.141251,
          2.861748
        ],
        [
          -0.156248,
          0.679083,
          -0.71724,
          1.825056
        ],
        [
          -0.040059,
          -0.729918,
          -0.68236,
          1.372175
        ],
        [
          0.0,
          0.0,
          0.0,
          1.0
        ]
      ]
    },
    {
      "file_path": "/media/NFS/ttao/scannet/posed_images/scene0600_01/00199.jpg",
      "transform_matrix": [
        [
          -0.996673,
          0.07775,
          -0.024457,
          2.903859
        ],
        [
          0.072514,
          0.708844,
          -0.701629,
          1.72733
        ],
        [
          -0.037215,
          -0.701068,
          -0.712123,
          1.375221
        ],
        [
          0.0,
          0.0,
          0.0,
          1.0
        ]
      ]
    },
    {
      "file_path": "/media/NFS/ttao/scannet/posed_images/scene0600_01/00201.jpg",
      "transform_matrix": [
        [
          -0.989902,
          0.134557,
          -0.044586,
          2.896837
        ],
        [
          0.126786,
          0.69978,
          -0.703017,
          1.706996
        ],
        [
          -0.063395,
          -0.701571,
          -0.709774,
          1.367676
        ],
        [
          0.0,
          0.0,
          0.0,
          1.0
        ]
      ]
    },
    {
      "file_path": "/media/NFS/ttao/scannet/posed_images/scene0600_01/00210.jpg",
      "transform_matrix": [
        [
          -0.921738,
          0.302586,
          -0.242571,
          2.944615
        ],
        [
          0.387313,
          0.686497,
          -0.615395,
          1.619585
        ],
        [
          -0.019685,
          -0.661184,
          -0.749966,
          1.367212
        ],
        [
          0.0,
          0.0,
          0.0,
          1.0
        ]
      ]
    },
    {
      "file_path": "/media/NFS/ttao/scannet/posed_images/scene0600_01/00215.jpg",
      "transform_matrix": [
        [
          -0.825252,
          0.444704,
          -0.348135,
          3.001954
        ],
        [
          0.563633,
          0.609497,
          -0.557523,
          1.582958
        ],
        [
          -0.035746,
          -0.656317,
          -0.753638,
          1.366503
        ],
        [
          0.0,
          0.0,
          0.0,
          1.0
        ]
      ]
    },
    {
      "file_path": "/media/NFS/ttao/scannet/posed_images/scene0600_01/00218.jpg",
      "transform_matrix": [
        [
          -0.75597,
          0.510748,
          -0.409445,
          3.038047
        ],
        [
          0.652746,
          0.541044,
          -0.530278,
          1.568587
        ],
        [
          -0.049311,
          -0.668138,
          -0.742402,
          1.369232
        ],
        [
          0.0,
          0.0,
          0.0,
          1.0
        ]
      ]
    },
    {
      "file_path": "/media/NFS/ttao/scannet/posed_images/scene0600_01/00224.jpg",
      "transform_matrix": [
        [
          -0.654598,
          0.593531,
          -0.468212,
          3.04275
        ],
        [
          0.753599,
          0.463234,
          -0.466372,
          1.571146
        ],
        [
          -0.059915,
          -0.65813,
          -0.750516,
          1.375203
        ],
        [
          0.0,
          0.0,
          0.0,
          1.0
        ]
      ]
    },
    {
      "file_path": "/media/NFS/ttao/scannet/posed_images/scene0600_01/00230.jpg",
      "transform_matrix": [
        [
          -0.520514,
          0.663452,
          -0.537491,
          3.00852
        ],
        [
          0.851282,
          0.35441,
          -0.386929,
          1.602571
        ],
        [
          -0.066217,
          -0.658958,
          -0.74926,
          1.387434
        ],
        [
          0.0,
          0.0,
          0.0,
          1.0
        ]
      ]
    },
    {
      "file_path": "/media/NFS/ttao/scannet/posed_images/scene0600_01/00232.jpg",
      "transform_matrix": [
        [
          -0.457494,
          0.685335,
          -0.566582,
          2.997523
        ],
        [
          0.88613,
          0.298365,
          -0.354616,
          1.616901
        ],
        [
          -0.073982,
          -0.6643,
          -0.743796,
          1.390263
        ],
        [
          0.0,
          0.0,
          0.0,
          1.0
        ]
      ]
    },
    {
      "file_path": "/media/NFS/ttao/scannet/posed_images/scene0600_01/00238.jpg",
      "transform_matrix": [
        [
          -0.31346,
          0.705163,
          -0.635993,
          2.976517
        ],
        [
          0.946449,
          0.177471,
          -0.269701,
          1.649946
        ],
        [
          -0.077313,
          -0.686476,
          -0.723031,
          1.391625
        ],
        [
          0.0,
          0.0,
          0.0,
          1.0
        ]
      ]
    },
    {
      "file_path": "/media/NFS/ttao/scannet/posed_images/scene0600_01/00246.jpg",
      "transform_matrix": [
        [
          -0.164441,
          0.676154,
          -0.718175,
          2.929506
        ],
        [
          0.983543,
          0.057145,
          -0.171401,
          1.697672
        ],
        [
          -0.074853,
          -0.734541,
          -0.674423,
          1.40189
        ],
        [
          0.0,
          0.0,
          0.0,
          1.0
        ]
      ]
    },
    {
      "file_path": "/media/NFS/ttao/scannet/posed_images/scene0600_01/00247.jpg",
      "transform_matrix": [
        [
          -0.149733,
          0.673655,
          -0.723719,
          2.92602
        ],
        [
          0.986038,
          0.0478,
          -0.159512,
          1.700249
        ],
        [
          -0.072862,
          -0.737499,
          -0.671407,
          1.402331
        ],
        [
          0.0,
          0.0,
          0.0,
          1.0
        ]
      ]
    },
    {
      "file_path": "/media/NFS/ttao/scannet/posed_images/scene0600_01/00257.jpg",
      "transform_matrix": [
        [
          -0.074439,
          0.591327,
          -0.802989,
          2.843272
        ],
        [
          0.993284,
          -0.027556,
          -0.112372,
          1.76084
        ],
        [
          -0.088576,
          -0.805961,
          -0.585304,
          1.440977
        ],
        [
          0.0,
          0.0,
          0.0,
          1.0
        ]
      ]
    },
    {
      "file_path": "/media/NFS/ttao/scannet/posed_images/scene0600_01/00258.jpg",
      "transform_matrix": [
        [
          -0.07295,
          0.583944,
          -0.80851,
          2.837041
        ],
        [
          0.993698,
          -0.026621,
          -0.108887,
          1.762108
        ],
        [
          -0.085107,
          -0.811357,
          -0.578322,
          1.444375
        ],
        [
          0.0,
          0.0,
          0.0,
          1.0
        ]
      ]
    },
    {
      "file_path": "/media/NFS/ttao/scannet/posed_images/scene0600_01/00265.jpg",
      "transform_matrix": [
        [
          -0.022569,
          0.507677,
          -0.861252,
          2.794546
        ],
        [
          0.99433,
          -0.078146,
          -0.072121,
          1.793215
        ],
        [
          -0.103918,
          -0.857996,
          -0.503034,
          1.479028
        ],
        [
          0.0,
          0.0,
          0.0,
          1.0
        ]
      ]
    },
    {
      "file_path": "/media/NFS/ttao/scannet/posed_images/scene0600_01/00269.jpg",
      "transform_matrix": [
        [
          0.069995,
          0.461188,
          -0.884538,
          2.78028
        ],
        [
          0.992586,
          -0.120525,
          0.015705,
          1.785086
        ],
        [
          -0.099366,
          -0.879079,
          -0.466205,
          1.492252
        ],
        [
          0.0,
          0.0,
          0.0,
          1.0
        ]
      ]
    },
    {
      "file_path": "/media/NFS/ttao/scannet/posed_images/scene0600_01/00277.jpg",
      "transform_matrix": [
        [
          0.310493,
          0.381967,
          -0.870457,
          2.792628
        ],
        [
          0.94642,
          -0.209756,
          0.245545,
          1.735538
        ],
        [
          -0.088794,
          -0.900058,
          -0.426629,
          1.510151
        ],
        [
          0.0,
          0.0,
          0.0,
          1.0
        ]
      ]
    },
    {
      "file_path": "/media/NFS/ttao/scannet/posed_images/scene0600_01/00280.jpg",
      "transform_matrix": [
        [
          0.379223,
          0.350736,
          -0.856256,
          2.830417
        ],
        [
          0.92158,
          -0.226123,
          0.31553,
          1.718906
        ],
        [
          -0.082952,
          -0.908764,
          -0.408983,
          1.48849
        ],
        [
          0.0,
          0.0,
          0.0,
          1.0
        ]
      ]
    },
    {
      "file_path": "/media/NFS/ttao/scannet/posed_images/scene0600_01/00286.jpg",
      "transform_matrix": [
        [
          0.583282,
          0.359281,
          -0.728492,
          2.866589
        ],
        [
          0.810989,
          -0.307937,
          0.497466,
          1.631123
        ],
        [
          -0.0456,
          -0.880961,
          -0.470986,
          1.478161
        ],
        [
          0.0,
          0.0,
          0.0,
          1.0
        ]
      ]
    },
    {
      "file_path": "/media/NFS/ttao/scannet/posed_images/scene0600_01/00289.jpg",
      "transform_matrix": [
        [
          0.639502,
          0.360506,
          -0.679024,
          2.886282
        ],
        [
          0.767763,
          -0.345113,
          0.539849,
          1.60681
        ],
        [
          -0.039721,
          -0.866563,
          -0.497484,
          1.469168
        ],
        [
          0.0,
          0.0,
          0.0,
          1.0
        ]
      ]
    },
    {
      "file_path": "/media/NFS/ttao/scannet/posed_images/scene0600_01/00294.jpg",
      "transform_matrix": [
        [
          0.713597,
          0.351929,
          -0.605743,
          2.946543
        ],
        [
          0.698959,
          -0.416021,
          0.581707,
          1.618353
        ],
        [
          -0.047282,
          -0.838494,
          -0.542856,
          1.441469
        ],
        [
          0.0,
          0.0,
          0.0,
          1.0
        ]
      ]
    },
    {
      "file_path": "/media/NFS/ttao/scannet/posed_images/scene0600_01/00303.jpg",
      "transform_matrix": [
        [
          0.786497,
          0.321921,
          -0.527056,
          3.066172
        ],
        [
          0.614175,
          -0.497365,
          0.612714,
          1.587806
        ],
        [
          -0.064894,
          -0.805602,
          -0.588892,
          1.420271
        ],
        [
          0.0,
          0.0,
          0.0,
          1.0
        ]
      ]
    },
    {
      "file_path": "/media/NFS/ttao/scannet/posed_images/scene0600_01/00307.jpg",
      "transform_matrix": [
        [
          0.780474,
          0.323109,
          -0.53522,
          3.143182
        ],
        [
          0.623162,
          -0.470928,
          0.624417,
          1.548846
        ],
        [
          -0.050296,
          -0.82087,
          -0.568896,
          1.406591
        ],
        [
          0.0,
          0.0,
          0.0,
          1.0
        ]
      ]
    },
    {
      "file_path": "/media/NFS/ttao/scannet/posed_images/scene0600_01/00313.jpg",
      "transform_matrix": [
        [
          0.743021,
          0.323134,
          -0.586092,
          3.258536
        ],
        [
          0.663853,
          -0.467017,
          0.584119,
          1.503014
        ],
        [
          -0.084967,
          -0.823091,
          -0.561517,
          1.402217
        ],
        [
          0.0,
          0.0,
          0.0,
          1.0
        ]
      ]
    },
    {
      "file_path": "/media/NFS/ttao/scannet/posed_images/scene0600_01/00319.jpg",
      "transform_matrix": [
        [
          0.767805,
          0.339736,
          -0.543189,
          3.349263
        ],
        [
          0.639023,
          -0.467085,
          0.611131,
          1.455916
        ],
        [
          -0.046092,
          -0.81634,
          -0.57573,
          1.40263
        ],
        [
          0.0,
          0.0,
          0.0,
          1.0
        ]
      ]
    },
    {
      "file_path": "/media/NFS/ttao/scannet/posed_images/scene0600_01/00321.jpg",
      "transform_matrix": [
        [
          0.789441,
          0.326333,
          -0.519895,
          3.37821
        ],
        [
          0.612626,
          -0.471836,
          0.634083,
          1.437141
        ],
        [
          -0.038383,
          -0.819071,
          -0.572407,
          1.411882
        ],
        [
          0.0,
          0.0,
          0.0,
          1.0
        ]
      ]
    },
    {
      "file_path": "/media/NFS/ttao/scannet/posed_images/scene0600_01/00325.jpg",
      "transform_matrix": [
        [
          0.814987,
          0.311168,
          -0.488846,
          3.410421
        ],
        [
          0.578979,
          -0.472289,
          0.664625,
          1.40053
        ],
        [
          -0.024067,
          -0.824692,
          -0.56507,
          1.408769
        ],
        [
          0.0,
          0.0,
          0.0,
          1.0
        ]
      ]
    },
    {
      "file_path": "/media/NFS/ttao/scannet/posed_images/scene0600_01/00335.jpg",
      "transform_matrix": [
        [
          0.86436,
          0.323084,
          -0.385356,
          3.479154
        ],
        [
          0.50266,
          -0.532713,
          0.680845,
          1.311958
        ],
        [
          0.014686,
          -0.782198,
          -0.622857,
          1.392758
        ],
        [
          0.0,
          0.0,
          0.0,
          1.0
        ]
      ]
    },
    {
      "file_path": "/media/NFS/ttao/scannet/posed_images/scene0600_01/00339.jpg",
      "transform_matrix": [
        [
          0.861004,
          0.335721,
          -0.382052,
          3.504372
        ],
        [
          0.507707,
          -0.52289,
          0.684704,
          1.261956
        ],
        [
          0.030098,
          -0.783503,
          -0.620658,
          1.393656
        ],
        [
          0.0,
          0.0,
          0.0,
          1.0
        ]
      ]
    },
    {
      "file_path": "/media/NFS/ttao/scannet/posed_images/scene0600_01/00342.jpg",
      "transform_matrix": [
        [
          0.84656,
          0.343038,
          -0.407016,
          3.523866
        ],
        [
          0.532105,
          -0.524987,
          0.664269,
          1.214843
        ],
        [
          0.014191,
          -0.778918,
          -0.626965,
          1.39882
        ],
        [
          0.0,
          0.0,
          0.0,
          1.0
        ]
      ]
    },
    {
      "file_path": "/media/NFS/ttao/scannet/posed_images/scene0600_01/00347.jpg",
      "transform_matrix": [
        [
          0.819732,
          0.374638,
          -0.433229,
          3.571073
        ],
        [
          0.57274,
          -0.532201,
          0.623484,
          1.144913
        ],
        [
          0.003016,
          -0.759216,
          -0.650831,
          1.406397
        ],
        [
          0.0,
          0.0,
          0.0,
          1.0
        ]
      ]
    },
    {
      "file_path": "/media/NFS/ttao/scannet/posed_images/scene0600_01/00355.jpg",
      "transform_matrix": [
        [
          0.811376,
          0.394523,
          -0.4313,
          3.653603
        ],
        [
          0.584328,
          -0.528315,
          0.615991,
          1.051235
        ],
        [
          0.01516,
          -0.751821,
          -0.659193,
          1.412291
        ],
        [
          0.0,
          0.0,
          0.0,
          1.0
        ]
      ]
    },
    {
      "file_path": "/media/NFS/ttao/scannet/posed_images/scene0600_01/00356.jpg",
      "transform_matrix": [
        [
          0.801689,
          0.390574,
          -0.452489,
          3.668729
        ],
        [
          0.597741,
          -0.523008,
          0.607593,
          1.039846
        ],
        [
          0.000655,
          -0.757572,
          -0.652752,
          1.418186
        ],
        [
          0.0,
          0.0,
          0.0,
          1.0
        ]
      ]
    },
    {
      "file_path": "/media/NFS/ttao/scannet/posed_images/scene0600_01/00364.jpg",
      "transform_matrix": [
        [
          0.716447,
          0.44445,
          -0.537743,
          3.746926
        ],
        [
          0.696981,
          -0.489531,
          0.524002,
          0.960228
        ],
        [
          -0.030349,
          -0.750216,
          -0.660496,
          1.409511
        ],
        [
          0.0,
          0.0,
          0.0,
          1.0
        ]
      ]
    },
    {
      "file_path": "/media/NFS/ttao/scannet/posed_images/scene0600_01/00367.jpg",
      "transform_matrix": [
        [
          0.655317,
          0.475013,
          -0.587301,
          3.793752
        ],
        [
          0.753865,
          -0.460084,
          0.469051,
          0.927518
        ],
        [
          -0.047403,
          -0.750124,
          -0.659597,
          1.402487
        ],
        [
          0.0,
          0.0,
          0.0,
          1.0
        ]
      ]
    },
    {
      "file_path": "/media/NFS/ttao/scannet/posed_images/scene0600_01/00375.jpg",
      "transform_matrix": [
        [
          0.494448,
          0.556565,
          -0.66765,
          3.923669
        ],
        [
          0.866168,
          -0.37967,
          0.324967,
          0.88408
        ],
        [
          -0.072621,
          -0.738976,
          -0.669806,
          1.399381
        ],
        [
          0.0,
          0.0,
          0.0,
          1.0
        ]
      ]
    },
    {
      "file_path": "/media/NFS/ttao/scannet/posed_images/scene0600_01/00378.jpg",
      "transform_matrix": [
        [
          0.433138,
          0.573617,
          -0.695237,
          3.969872
        ],
        [
          0.897243,
          -0.347761,
          0.272063,
          0.861233
        ],
        [
          -0.085717,
          -0.741637,
          -0.665302,
          1.390185
        ],
        [
          0.0,
          0.0,
          0.0,
          1.0
        ]
      ]
    },
    {
      "file_path": "/media/NFS/ttao/scannet/posed_images/scene0600_01/00386.jpg",
      "transform_matrix": [
        [
          0.30466,
          0.659346,
          -0.687347,
          4.03047
        ],
        [
          0.945532,
          -0.296261,
          0.134906,
          0.828331
        ],
        [
          -0.114685,
          -0.691008,
          -0.713691,
          1.384891
        ],
        [
          0.0,
          0.0,
          0.0,
          1.0
        ]
      ]
    },
    {
      "file_path": "/media/NFS/ttao/scannet/posed_images/scene0600_01/00392.jpg",
      "transform_matrix": [
        [
          0.260825,
          0.703414,
          -0.661195,
          4.045603
        ],
        [
          0.955389,
          -0.286392,
          0.072199,
          0.815098
        ],
        [
          -0.138575,
          -0.650529,
          -0.746732,
          1.380902
        ],
        [
          0.0,
          0.0,
          0.0,
          1.0
        ]
      ]
    },
    {
      "file_path": "/media/NFS/ttao/scannet/posed_images/scene0600_01/00395.jpg",
      "transform_matrix": [
        [
          0.250478,
          0.705129,
          -0.663366,
          4.040727
        ],
        [
          0.956623,
          -0.285567,
          0.057663,
          0.80896
        ],
        [
          -0.148775,
          -0.649034,
          -0.746071,
          1.382573
        ],
        [
          0.0,
          0.0,
          0.0,
          1.0
        ]
      ]
    },
    {
      "file_path": "/media/NFS/ttao/scannet/posed_images/scene0600_01/00400.jpg",
      "transform_matrix": [
        [
          0.218338,
          0.70466,
          -0.675117,
          4.019728
        ],
        [
          0.962031,
          -0.27153,
          0.027716,
          0.790893
        ],
        [
          -0.163784,
          -0.655534,
