{
  "frames": [
    {
      "file_path": "/media/NFS/ttao/scannet/posed_images/scene0677_00/00000.jpg",
      "transform_matrix": [
        [
          0.787677,
          0.239197,
          -0.567759,
          2.988807
        ],
        [
          0.615981,
          -0.323001,
          0.718497,
          2.040839
        ],
        [
          -0.011525,
          -0.915672,
          -0.401761,
          1.361431
        ],
        [
          0.0,
          0.0,
          0.0,
          1.0
        ]
      ]
    },
    {
      "file_path": "/media/NFS/ttao/scannet/posed_images/scene0677_00/00007.jpg",
      "transform_matrix": [
        [
          0.801628,
          0.227164,
          -0.552982,
          2.9486
        ],
        [
          0.597632,
          -0.327968,
          0.731624,
          2.062166
        ],
        [
          -0.015162,
          -0.91697,
          -0.398669,
          1.36636
        ],
        [
          0.0,
          0.0,
          0.0,
          1.0
        ]
      ]
    },
    {
      "file_path": "/media/NFS/ttao/scannet/posed_images/scene0677_00/00016.jpg",
      "transform_matrix": [
        [
          0.805549,
          0.210338,
          -0.55394,
          2.927254
        ],
        [
          0.592528,
          -0.287982,
          0.752314,
          2.061857
        ],
        [
          -0.001285,
          -0.934251,
          -0.356615,
          1.386138
        ],
        [
          0.0,
          0.0,
          0.0,
          1.0
        ]
      ]
    },
    {
      "file_path": "/media/NFS/ttao/scannet/posed_images/scene0677_00/00028.jpg",
      "transform_matrix": [
        [
          0.819796,
          0.153216,
          -0.551779,
          2.962915
        ],
        [
          0.572644,
          -0.225756,
          0.788107,
          2.062115
        ],
        [
          -0.003817,
          -0.96206,
          -0.272812,
          1.436748
        ],
        [
          0.0,
          0.0,
          0.0,
          1.0
        ]
      ]
    },
    {
      "file_path": "/media/NFS/ttao/scannet/posed_images/scene0677_00/00031.jpg",
      "transform_matrix": [
        [
          0.823042,
          0.140661,
          -0.550288,
          3.000506
        ],
        [
          0.56792,
          -0.218017,
          0.793685,
          2.071825
        ],
        [
          -0.008331,
          -0.965755,
          -0.259321,
          1.433513
        ],
        [
          0.0,
          0.0,
          0.0,
          1.0
        ]
      ]
    },
    {
      "file_path": "/media/NFS/ttao/scannet/posed_images/scene0677_00/00038.jpg",
      "transform_matrix": [
        [
          0.853939,
          0.124204,
          -0.505333,
          3.048111
        ],
        [
          0.519843,
          -0.247462,
          0.817635,
          2.07379
        ],
        [
          -0.023497,
          -0.960904,
          -0.275884,
          1.42826
        ],
        [
          0.0,
          0.0,
          0.0,
          1.0
        ]
      ]
    },
    {
      "file_path": "/media/NFS/ttao/scannet/posed_images/scene0677_00/00045.jpg",
      "transform_matrix": [
        [
          0.888369,
          0.134331,
          -0.439039,
          3.118536
        ],
        [
          0.45887,
          -0.291942,
          0.839171,
          2.06209
        ],
        [
          -0.015447,
          -0.946956,
          -0.320993,
          1.396961
        ],
        [
          0.0,
          0.0,
          0.0,
          1.0
        ]
      ]
    },
    {
      "file_path": "/media/NFS/ttao/scannet/posed_images/scene0677_00/00056.jpg",
      "transform_matrix": [
        [
          0.930732,
          0.137566,
          -0.338841,
          3.19379
        ],
        [
          0.365668,
          -0.362612,
          0.857204,
          2.052204
        ],
        [
          -0.004946,
          -0.921731,
          -0.387798,
          1.363589
        ],
        [
          0.0,
          0.0,
          0.0,
          1.0
        ]
      ]
    },
    {
      "file_path": "/media/NFS/ttao/scannet/posed_images/scene0677_00/00066.jpg",
      "transform_matrix": [
        [
          0.960321,
          0.100567,
          -0.260133,
          3.22037
        ],
        [
          0.277767,
          -0.428741,
          0.859666,
          2.030827
        ],
        [
          -0.025076,
          -0.897812,
          -0.439664,
          1.337859
        ],
        [
          0.0,
          0.0,
          0.0,
          1.0
        ]
      ]
    },
    {
      "file_path": "/media/NFS/ttao/scannet/posed_images/scene0677_00/00073.jpg",
      "transform_matrix": [
        [
          0.976622,
          0.070321,
          -0.203134,
          3.214795
        ],
        [
          0.212557,
          -0.456873,
          0.863763,
          1.98854
        ],
        [
          -0.032066,
          -0.886748,
          -0.46114,
          1.313813
        ],
        [
          0.0,
          0.0,
          0.0,
          1.0
        ]
      ]
    },
    {
      "file_path": "/media/NFS/ttao/scannet/posed_images/scene0677_00/00077.jpg",
      "transform_matrix": [
        [
          0.978363,
          0.066505,
          -0.195915,
          3.213143
        ],
        [
          0.203738,
          -0.474482,
          0.856363,
          1.958411
        ],
        [
          -0.036006,
          -0.877749,
          -0.477766,
          1.287378
        ],
        [
          0.0,
          0.0,
          0.0,
          1.0
        ]
      ]
    },
    {
      "file_path": "/media/NFS/ttao/scannet/posed_images/scene0677_00/00084.jpg",
      "transform_matrix": [
        [
          0.974308,
          0.093982,
          -0.204675,
          3.199376
        ],
        [
          0.223352,
          -0.520008,
          0.824443,
          1.923187
        ],
        [
          -0.028949,
          -0.848975,
          -0.527639,
          1.264121
        ],
        [
          0.0,
          0.0,
          0.0,
          1.0
        ]
      ]
    },
    {
      "file_path": "/media/NFS/ttao/scannet/posed_images/scene0677_00/00096.jpg",
      "transform_matrix": [
        [
          0.938973,
          0.186958,
          -0.288749,
          3.227917
        ],
        [
          0.343677,
          -0.545654,
          0.764295,
          1.878442
        ],
        [
          -0.014666,
          -0.816889,
          -0.576608,
          1.238934
        ],
        [
          0.0,
          0.0,
          0.0,
          1.0
        ]
      ]
    },
    {
      "file_path": "/media/NFS/ttao/scannet/posed_images/scene0677_00/00101.jpg",
      "transform_matrix": [
        [
          0.898176,
          0.238759,
          -0.369151,
          3.263609
        ],
        [
          0.439238,
          -0.523016,
          0.730427,
          1.853411
        ],
        [
          -0.018676,
          -0.818198,
          -0.574633,
          1.228306
        ],
        [
          0.0,
          0.0,
          0.0,
          1.0
        ]
      ]
    },
    {
      "file_path": "/media/NFS/ttao/scannet/posed_images/scene0677_00/00110.jpg",
      "transform_matrix": [
        [
          0.812235,
          0.308768,
          -0.49491,
          3.296391
        ],
        [
          0.582976,
          -0.400116,
          0.70714,
          1.82174
        ],
        [
          0.020321,
          -0.862885,
          -0.504992,
          1.283953
        ],
        [
          0.0,
          0.0,
          0.0,
          1.0
        ]
      ]
    },
    {
      "file_path": "/media/NFS/ttao/scannet/posed_images/scene0677_00/00122.jpg",
      "transform_matrix": [
        [
          0.730001,
          0.286736,
          -0.620388,
          3.294905
        ],
        [
          0.68325,
          -0.284431,
          0.672509,
          1.780705
        ],
        [
          0.016375,
          -0.914812,
          -0.403547,
          1.328475
        ],
        [
          0.0,
          0.0,
          0.0,
          1.0
        ]
      ]
    },
    {
      "file_path": "/media/NFS/ttao/scannet/posed_images/scene0677_00/00124.jpg",
      "transform_matrix": [
        [
          0.719748,
          0.291979,
          -0.62985,
          3.288311
        ],
        [
          0.69402,
          -0.280021,
          0.663268,
          1.77543
        ],
        [
          0.017289,
          -0.914514,
          -0.404184,
          1.325624
        ],
        [
          0.0,
          0.0,
          0.0,
          1.0
        ]
      ]
    },
    {
      "file_path": "/media/NFS/ttao/scannet/posed_images/scene0677_00/00136.jpg",
      "transform_matrix": [
        [
          0.655084,
          0.369807,
          -0.658869,
          3.228841
        ],
        [
          0.753677,
          -0.258364,
          0.604334,
          1.673288
        ],
        [
          0.053259,
          -0.892463,
          -0.447965,
          1.292909
        ],
        [
          0.0,
          0.0,
          0.0,
          1.0
        ]
      ]
    },
    {
      "file_path": "/media/NFS/ttao/scannet/posed_images/scene0677_00/00138.jpg",
      "transform_matrix": [
        [
          0.647052,
          0.375493,
          -0.663572,
          3.218936
        ],
        [
          0.760811,
          -0.261012,
          0.594172,
          1.651476
        ],
        [
          0.049907,
          -0.889313,
          -0.454567,
          1.289873
        ],
        [
          0.0,
          0.0,
          0.0,
          1.0
        ]
      ]
    },
    {
      "file_path": "/media/NFS/ttao/scannet/posed_images/scene0677_00/00148.jpg",
      "transform_matrix": [
        [
          0.640448,
          0.418263,
          -0.644114,
          3.171878
        ],
        [
          0.766994,
          -0.305373,
          0.56433,
          1.540556
        ],
        [
          0.039344,
          -0.855455,
          -0.516381,
          1.258574
        ],
        [
          0.0,
          0.0,
          0.0,
          1.0
        ]
      ]
    },
    {
      "file_path": "/media/NFS/ttao/scannet/posed_images/scene0677_00/00160.jpg",
      "transform_matrix": [
        [
          0.60453,
          0.526576,
          -0.597714,
          3.145203
        ],
        [
          0.794312,
          -0.341871,
          0.502188,
          1.464439
        ],
        [
          0.060099,
          -0.778359,
          -0.624937,
          1.209417
        ],
        [
          0.0,
          0.0,
          0.0,
          1.0
        ]
      ]
    },
    {
      "file_path": "/media/NFS/ttao/scannet/posed_images/scene0677_00/00164.jpg",
      "transform_matrix": [
        [
          0.602109,
          0.535099,
          -0.592565,
          3.153549
        ],
        [
          0.796806,
          -0.355641,
          0.488487,
          1.459001
        ],
        [
          0.050648,
          -0.766282,
          -0.640505,
          1.204024
        ],
        [
          0.0,
          0.0,
          0.0,
          1.0
        ]
      ]
    },
    {
      "file_path": "/media/NFS/ttao/scannet/posed_images/scene0677_00/00176.jpg",
      "transform_matrix": [
        [
          0.535218,
          0.478868,
          -0.695864,
          3.189951
        ],
        [
          0.844678,
          -0.295838,
          0.446092,
          1.473438
        ],
        [
          0.007756,
          -0.826538,
          -0.562827,
          1.272554
        ],
        [
          0.0,
          0.0,
          0.0,
          1.0
        ]
      ]
    },
    {
      "file_path": "/media/NFS/ttao/scannet/posed_images/scene0677_00/00178.jpg",
      "transform_matrix": [
        [
          0.523845,
          0.472262,
          -0.708911,
          3.202137
        ],
        [
          0.851738,
          -0.279319,
          0.443309,
          1.482491
        ],
        [
          0.011346,
          -0.836032,
          -0.548563,
          1.282293
        ],
        [
          0.0,
          0.0,
          0.0,
          1.0
        ]
      ]
    },
    {
      "file_path": "/media/NFS/ttao/scannet/posed_images/scene0677_00/00188.jpg",
      "transform_matrix": [
        [
          0.439739,
          0.433663,
          -0.78649,
          3.265252
        ],
        [
          0.897995,
          -0.197352,
          0.393265,
          1.555396
        ],
        [
          0.015329,
          -0.879198,
          -0.47621,
          1.322149
        ],
        [
          0.0,
          0.0,
          0.0,
          1.0
        ]
      ]
    },
    {
      "file_path": "/media/NFS/ttao/scannet/posed_images/scene0677_00/00199.jpg",
      "transform_matrix": [
        [
          0.402551,
          0.38697,
          -0.829583,
          3.272294
        ],
        [
          0.915383,
          -0.165078,
          0.367182,
          1.615625
        ],
        [
          0.005143,
          -0.907196,
          -0.420678,
          1.341133
        ],
        [
          0.0,
          0.0,
          0.0,
          1.0
        ]
      ]
    },
    {
      "file_path": "/media/NFS/ttao/scannet/posed_images/scene0677_00/00202.jpg",
      "transform_matrix": [
        [
          0.396658,
          0.384635,
          -0.833497,
          3.253574
        ],
        [
          0.917936,
          -0.158758,
          0.36358,
          1.627738
        ],
        [
          0.007522,
          -0.909314,
          -0.416043,
          1.343438
        ],
        [
          0.0,
          0.0,
          0.0,
          1.0
        ]
      ]
    },
    {
      "file_path": "/media/NFS/ttao/scannet/posed_images/scene0677_00/00211.jpg",
      "transform_matrix": [
        [
          0.394182,
          0.370293,
          -0.841132,
          3.163952
        ],
        [
          0.916214,
          -0.086715,
          0.391193,
          1.648083
        ],
        [
          0.071918,
          -0.924859,
          -0.373449,
          1.343987
        ],
        [
          0.0,
          0.0,
          0.0,
          1.0
        ]
      ]
    },
    {
      "file_path": "/media/NFS/ttao/scannet/posed_images/scene0677_00/00223.jpg",
      "transform_matrix": [
        [
          0.314606,
          0.341052,
          -0.885836,
          3.02698
        ],
        [
          0.94558,
          -0.030932,
          0.323915,
          1.6544
        ],
        [
          0.083071,
          -0.939535,
          -0.332224,
          1.356877
        ],
        [
          0.0,
          0.0,
          0.0,
          1.0
        ]
      ]
    },
    {
      "file_path": "/media/NFS/ttao/scannet/posed_images/scene0677_00/00225.jpg",
      "transform_matrix": [
        [
          0.29285,
          0.346117,
          -0.891314,
          3.009912
        ],
        [
          0.952453,
          -0.023608,
          0.303771,
          1.660107
        ],
        [
          0.084098,
          -0.937894,
          -0.336574,
          1.354031
        ],
        [
          0.0,
          0.0,
          0.0,
          1.0
        ]
      ]
    },
    {
      "file_path": "/media/NFS/ttao/scannet/posed_images/scene0677_00/00235.jpg",
      "transform_matrix": [
        [
          0.114952,
          0.378674,
          -0.918364,
          2.967204
        ],
        [
          0.990762,
          0.023249,
          0.1336,
          1.718572
        ],
        [
          0.071942,
          -0.925238,
          -0.372503,
          1.343014
        ],
        [
          0.0,
          0.0,
          0.0,
          1.0
        ]
      ]
    },
    {
      "file_path": "/media/NFS/ttao/scannet/posed_images/scene0677_00/00246.jpg",
      "transform_matrix": [
        [
          -0.057912,
          0.423958,
          -0.903828,
          2.969841
        ],
        [
          0.997188,
          0.067691,
          -0.032142,
          1.85669
        ],
        [
          0.047554,
          -0.903149,
          -0.426686,
          1.343363
        ],
        [
          0.0,
          0.0,
          0.0,
          1.0
        ]
      ]
    },
    {
      "file_path": "/media/NFS/ttao/scannet/posed_images/scene0677_00/00253.jpg",
      "transform_matrix": [
        [
          -0.07307,
          0.42935,
          -0.900177,
          2.982425
        ],
        [
          0.996827,
          0.060022,
          -0.052287,
          1.899896
        ],
        [
          0.031581,
          -0.901142,
          -0.432373,
          1.341393
        ],
        [
          0.0,
          0.0,
          0.0,
          1.0
        ]
      ]
    },
    {
      "file_path": "/media/NFS/ttao/scannet/posed_images/scene0677_00/00261.jpg",
      "transform_matrix": [
        [
          -0.047734,
          0.425825,
          -0.903545,
          3.010878
        ],
        [
          0.995466,
          0.094784,
          -0.00792,
          1.92568
        ],
        [
          0.082269,
          -0.899827,
          -0.428419,
          1.332217
        ],
        [
          0.0,
          0.0,
          0.0,
          1.0
        ]
      ]
    },
    {
      "file_path": "/media/NFS/ttao/scannet/posed_images/scene0677_00/00270.jpg",
      "transform_matrix": [
        [
          -0.145501,
          0.448375,
          -0.881924,
          3.02091
        ],
        [
          0.986624,
          0.131985,
          -0.095673,
          1.966884
        ],
        [
          0.073503,
          -0.884048,
          -0.461581,
          1.326589
        ],
        [
          0.0,
          0.0,
          0.0,
          1.0
        ]
      ]
    },
    {
      "file_path": "/media/NFS/ttao/scannet/posed_images/scene0677_00/00272.jpg",
      "transform_matrix": [
        [
          -0.164936,
          0.447045,
          -0.879174,
          3.016661
        ],
        [
          0.984431,
          0.129528,
          -0.11882,
          1.992024
        ],
        [
          0.06076,
          -0.885084,
          -0.461449,
          1.326594
        ],
        [
          0.0,
          0.0,
          0.0,
          1.0
        ]
      ]
    },
    {
      "file_path": "/media/NFS/ttao/scannet/posed_images/scene0677_00/00284.jpg",
      "transform_matrix": [
        [
          -0.366735,
          0.393577,
          -0.842972,
          2.987585
        ],
        [
          0.927121,
          0.229753,
          -0.296075,
          2.217673
        ],
        [
          0.077147,
          -0.890119,
          -0.449152,
          1.314418
        ],
        [
          0.0,
          0.0,
          0.0,
          1.0
        ]
      ]
    },
    {
      "file_path": "/media/NFS/ttao/scannet/posed_images/scene0677_00/00293.jpg",
      "transform_matrix": [
        [
          -0.487971,
          0.390899,
          -0.780438,
          2.99696
        ],
        [
          0.871768,
          0.262969,
          -0.413362,
          2.321766
        ],
        [
          0.043648,
          -0.882069,
          -0.469095,
          1.337269
        ],
        [
          0.0,
          0.0,
          0.0,
          1.0
        ]
      ]
    },
    {
      "file_path": "/media/NFS/ttao/scannet/posed_images/scene0677_00/00296.jpg",
      "transform_matrix": [
        [
          -0.50036,
          0.388524,
          -0.77375,
          2.990838
        ],
        [
          0.865121,
          0.260184,
          -0.4288,
          2.353977
        ],
        [
          0.034719,
          -0.883942,
          -0.466306,
          1.342334
        ],
        [
          0.0,
          0.0,
          0.0,
          1.0
        ]
      ]
    },
    {
      "file_path": "/media/NFS/ttao/scannet/posed_images/scene0677_00/00310.jpg",
      "transform_matrix": [
        [
          -0.582233,
          0.398573,
          -0.708622,
          2.963571
        ],
        [
          0.811488,
          0.338408,
          -0.476411,
          2.431701
        ],
        [
          0.049919,
          -0.85242,
          -0.52047,
          1.320956
        ],
        [
          0.0,
          0.0,
          0.0,
          1.0
        ]
      ]
    },
    {
      "file_path": "/media/NFS/ttao/scannet/posed_images/scene0677_00/00312.jpg",
      "transform_matrix": [
        [
          -0.592244,
          0.396193,
          -0.701626,
          2.954777
        ],
        [
          0.804446,
          0.34043,
          -0.4868,
          2.433317
        ],
        [
          0.045988,
          -0.852724,
          -0.520334,
          1.325426
        ],
        [
          0.0,
          0.0,
          0.0,
          1.0
        ]
      ]
    },
    {
      "file_path": "/media/NFS/ttao/scannet/posed_images/scene0677_00/00319.jpg",
      "transform_matrix": [
        [
          -0.656449,
          0.375224,
          -0.654433,
          2.890913
        ],
        [
          0.75433,
          0.33556,
          -0.564258,
          2.424013
        ],
        [
          0.007879,
          -0.864064,
          -0.50332,
          1.339773
        ],
        [
          0.0,
          0.0,
          0.0,
          1.0
        ]
      ]
    },
    {
      "file_path": "/media/NFS/ttao/scannet/posed_images/scene0677_00/00331.jpg",
      "transform_matrix": [
        [
          -0.73173,
          0.306402,
          -0.608843,
          2.7098
        ],
        [
          0.68154,
          0.317565,
          -0.659284,
          2.394634
        ],
        [
          -0.008658,
          -0.897368,
          -0.441197,
          1.34389
        ],
        [
          0.0,
          0.0,
          0.0,
          1.0
        ]
      ]
    },
    {
      "file_path": "/media/NFS/ttao/scannet/posed_images/scene0677_00/00338.jpg",
      "transform_matrix": [
        [
          -0.743324,
          0.283722,
          -0.605782,
          2.675021
        ],
        [
          0.668929,
          0.313134,
          -0.674152,
          2.347915
        ],
        [
          -0.00158,
          -0.906338,
          -0.42255,
          1.360711
        ],
        [
          0.0,
          0.0,
          0.0,
          1.0
        ]
      ]
    },
    {
      "file_path": "/media/NFS/ttao/scannet/posed_images/scene0677_00/00347.jpg",
      "transform_matrix": [
        [
          -0.740054,
          0.244402,
          -0.626568,
          2.692464
        ],
        [
          0.672404,
          0.28813,
          -0.681803,
          2.250313
        ],
        [
          0.013899,
          -0.925877,
          -0.377568,
          1.37513
        ],
        [
          0.0,
          0.0,
          0.0,
          1.0
        ]
      ]
    },
    {
      "file_path": "/media/NFS/ttao/scannet/posed_images/scene0677_00/00350.jpg",
      "transform_matrix": [
        [
          -0.739314,
          0.247634,
          -0.626172,
          2.691907
        ],
        [
          0.673303,
          0.259717,
          -0.69225,
          2.243498
        ],
        [
          -0.008797,
          -0.933394,
          -0.358746,
          1.36071
        ],
        [
          0.0,
          0.0,
          0.0,
          1.0
        ]
      ]
    },
    {
      "file_path": "/media/NFS/ttao/scannet/posed_images/scene0677_00/00361.jpg",
      "transform_matrix": [
        [
          -0.752764,
          0.25211,
          -0.6081,
          2.702517
        ],
        [
          0.657377,
          0.239263,
          -0.714569,
          2.116402
        ],
        [
          -0.034654,
          -0.937653,
          -0.34584,
          1.374732
        ],
        [
          0.0,
          0.0,
          0.0,
          1.0
        ]
      ]
    },
    {
      "file_path": "/media/NFS/ttao/scannet/posed_images/scene0677_00/00371.jpg",
      "transform_matrix": [
        [
          -0.73975,
          0.301293,
          -0.601658,
          2.695677
        ],
        [
          0.672056,
          0.286542,
          -0.682813,
          2.004518
        ],
        [
          -0.033326,
          -0.909459,
          -0.414455,
          1.329031
        ],
        [
          0.0,
          0.0,
          0.0,
          1.0
        ]
      ]
    },
    {
      "file_path": "/media/NFS/ttao/scannet/posed_images/scene0677_00/00373.jpg",
      "transform_matrix": [
        [
          -0.749323,
          0.322746,
          -0.578229,
          2.690659
        ],
        [
          0.658856,
          0.275657,
          -0.699945,
          1.98788
        ],
        [
          -0.066512,
          -0.905455,
          -0.4192,
          1.316176
        ],
        [
          0.0,
          0.0,
          0.0,
          1.0
        ]
      ]
    },
    {
      "file_path": "/media/NFS/ttao/scannet/posed_images/scene0677_00/00383.jpg",
      "transform_matrix": [
        [
          -0.753778,
          0.392452,
          -0.527068,
          2.722185
        ],
        [
          0.648508,
          0.314771,
          -0.693077,
          1.901226
        ],
        [
          -0.106094,
          -0.864234,
          -0.491776,
          1.274462
        ],
        [
          0.0,
          0.0,
          0.0,
          1.0
        ]
      ]
    },
    {
      "file_path": "/media/NFS/ttao/scannet/posed_images/scene0677_00/00390.jpg",
      "transform_matrix": [
        [
          -0.737874,
          0.426299,
          -0.52327,
          2.759335
        ],
        [
          0.670824,
          0.377725,
          -0.638216,
          1.871071
        ],
        [
          -0.074419,
          -0.821945,
          -0.564685,
          1.249359
        ],
        [
          0.0,
          0.0,
          0.0,
          1.0
        ]
      ]
    },
    {
      "file_path": "/media/NFS/ttao/scannet/posed_images/scene0677_00/00397.jpg",
      "transform_matrix": [
        [
          -0.742299,
          0.45322,
          -0.493542,
          2.797693
        ],
        [
          0.664932,
          0.407204,
          -0.626139,
          1.857887
        ],
        [
          -0.082806,
          -0.792954,
          -0.603628,
          1.242811
        ],
        [
          0.0,
          0.0,
          0.0,
          1.0
        ]
      ]
    },
    {
      "file_path": "/media/NFS/ttao/scannet/posed_images/scene0677_00/00408.jpg",
      "transform_matrix": [
        [
          -0.706725,
          0.412338,
          -0.574906,
          2.789255
        ],
        [
          0.70315,
          0.319512,
          -0.635211,
          1.821852
        ],
        [
          -0.078233,
          -0.853165,
          -0.515742,
          1.311183
        ],
        [
          0.0,
          0.0,
          0.0,
          1.0
        ]
      ]
    },
    {
      "file_path": "/media/NFS/ttao/scannet/posed_images/scene0677_00/00418.jpg",
      "transform_matrix": [
        [
          -0.716482,
          0.315478,
          -0.622196,
          2.727147
        ],
        [
          0.695163,
          0.248302,
          -0.674607,
          1.810799
        ],
        [
          -0.058331,
          -0.915871,
          -0.397213,
          1.359194
        ],
        [
          0.0,
          0.0,
          0.0,
          1.0
        ]
      ]
    },
    {
      "file_path": "/media/NFS/ttao/scannet/posed_images/scene0677_00/00427.jpg",
      "transform_matrix": [
        [
          -0.745716,
          0.295155,
          -0.59732,
          2.662947
        ],
        [
          0.661914,
          0.225919,
          -0.714724,
          1.795412
        ],
        [
          -0.076008,
          -0.928356,
          -0.363839,
          1.362349
        ],
        [
          0.0,
          0.0,
          0.0,
          1.0
        ]
      ]
    },
    {
      "file_path": "/media/NFS/ttao/scannet/posed_images/scene0677_00/00430.jpg",
      "transform_matrix": [
        [
          -0.743074,
          0.302051,
          -0.597165,
          2.643233
        ],
        [
          0.664869,
          0.231755,
          -0.710098,
          1.788254
        ],
        [
          -0.07609,
          -0.924692,
          -0.373035,
          1.369957
        ],
        [
          0.0,
          0.0,
          0.0,
          1.0
        ]
      ]
    },
    {
      "file_path": "/media/NFS/ttao/scannet/posed_images/scene0677_00/00437.jpg",
      "transform_matrix": [
        [
          -0.723657,
          0.326002,
          -0.608311,
          2.613027
        ],
        [
          0.687521,
          0.263518,
          -0.676663,
          1.759123
        ],
        [
          -0.060293,
          -0.907899,
          -0.41483,
          1.354087
        ],
        [
          0.0,
          0.0,
          0.0,
          1.0
        ]
      ]
    },
    {
      "file_path": "/media/NFS/ttao/scannet/posed_images/scene0677_00/00444.jpg",
      "transform_matrix": [
        [
          -0.720283,
          0.349137,
          -0.599413,
          2.572811
        ],
        [
          0.692243,
          0.306173,
          -0.653497,
          1.742068
        ],
        [
          -0.044636,
          -0.885642,
          -0.462219,
          1.328169
        ],
        [
          0.0,
          0.0,
          0.0,
          1.0
        ]
      ]
    },
    {
      "file_path": "/media/NFS/ttao/scannet/posed_images/scene0677_00/00453.jpg",
      "transform_matrix": [
        [
          -0.735946,
          0.372464,
          -0.56538,
          2.538514
        ],
        [
          0.672718,
          0.308073,
          -0.672713,
          1.745821
        ],
        [
          -0.076383,
          -0.875421,
          -0.477288,
          1.330497
        ],
        [
          0.0,
          0.0,
          0.0,
          1.0
        ]
      ]
    },
    {
      "file_path": "/media/NFS/ttao/scannet/posed_images/scene0677_00/00465.jpg",
      "transform_matrix": [
        [
          -0.733072,
          0.399486,
          -0.550469,
          2.519705
        ],
        [
          0.677608,
          0.359038,
          -0.641825,
          1.776056
        ],
        [
          -0.058761,
          -0.843506,
          -0.533896,
          1.333361
        ],
        [
          0.0,
          0.0,
          0.0,
          1.0
        ]
      ]
    },
    {
      "file_path": "/media/NFS/ttao/scannet/posed_images/scene0677_00/00467.jpg",
      "transform_matrix": [
        [
          -0.737718,
          0.392832,
          -0.549049,
          2.505149
        ],
        [
          0.673072,
          0.364846,
          -0.64332,
          1.78127
        ],
        [
          -0.052398,
          -0.844139,
          -0.533558,
          1.333457
        ],
        [
          0.0,
          0.0,
          0.0,
          1.0
        ]
      ]
    },
    {
      "file_path": "/media/NFS/ttao/scannet/posed_images/scene0677_00/00479.jpg",
      "transform_matrix": [
        [
          -0.777437,
          0.336704,
          -0.531247,
          2.347096
        ],
        [
          0.628204,
          0.37424,
          -0.682132,
          1.757235
        ],
        [
          -0.030862,
          -0.864046,
          -0.502467,
          1.320504
        ],
        [
          0.0,
          0.0,
          0.0,
          1.0
        ]
      ]
    },
    {
      "file_path": "/media/NFS/ttao/scannet/posed_images/scene0677_00/00483.jpg",
      "transform_matrix": [
        [
          -0.810078,
          0.294352,
          -0.507081,
          2.282366
        ],
        [
          0.585476,
          0.452556,
          -0.672615,
          1.725527
        ],
        [
          0.031497,
          -0.841754,
          -0.538942,
          1.310145
        ],
        [
          0.0,
          0.0,
          0.0,
          1.0
        ]
      ]
    },
    {
      "file_path": "/media/NFS/ttao/scannet/posed_images/scene0677_00/00495.jpg",
      "transform_matrix": [
        [
          -0.879963,
          0.256798,
          -0.39965,
          2.000893
        ],
        [
          0.474593,
          0.51183,
          -0.716095,
          1.654748
        ],
        [
          0.020661,
          -0.819808,
          -0.572266,
          1.301336
        ],
        [
          0.0,
          0.0,
          0.0,
          1.0
        ]
      ]
    },
    {
      "file_path": "/media/NFS/ttao/scannet/posed_images/scene0677_00/00500.jpg",
      "transform_matrix": [
        [
          -0.919841,
          0.222004,
          -0.323429,
          1.901589
        ],
        [
          0.392202,
          0.53802,
          -0.746131,
          1.620654
        ],
        [
          0.008367,
          -0.813172,
          -0.581963,
          1.31178
        ],
        [
          0.0,
          0.0,
          0.0,
          1.0
        ]
      ]
    },
    {
      "file_path": "/media/NFS/ttao/scannet/posed_images/scene0677_00/00507.jpg",
      "transform_matrix": [
        [
          -0.954916,
          0.18297,
          -0.233788,
          1.791091
        ],
        [
          0.296848,
          0.598988,
          -0.743703,
          1.577106
        ],
        [
          0.003962,
          -0.779574,
          -0.626298,
          1.289817
        ],
        [
          0.0,
          0.0,
          0.0,
          1.0
        ]
      ]
    },
    {
      "file_path": "/media/NFS/ttao/scannet/posed_images/scene0677_00/00516.jpg",
      "transform_matrix": [
        [
          -0.977418,
          0.191299,
          -0.089774,
          1.668122
        ],
        [
          0.189985,
          0.609506,
          -0.769681,
          1.516606
        ],
        [
          -0.092522,
          -0.769355,
          -0.632086,
          1.276926
        ],
        [
          0.0,
          0.0,
          0.0,
          1.0
        ]
      ]
    },
    {
      "file_path": "/media/NFS/ttao/scannet/posed_images/scene0677_00/00526.jpg",
      "transform_matrix": [
        [
          -0.995951,
          0.082856,
          -0.034883,
          1.526
        ],
        [
          0.079279,
          0.626521,
          -0.775362,
          1.526844
        ],
        [
          -0.042389,
          -0.774988,
          -0.630552,
          1.274413
        ],
        [
          0.0,
          0.0,
          0.0,
          1.0
        ]
      ]
    },
    {
      "file_path": "/media/NFS/ttao/scannet/posed_images/scene0677_00/00530.jpg",
      "transform_matrix": [
        [
          -0.999706,
          0.007773,
          0.022987,
          1.451147
        ],
        [
          -0.012864,
          0.633508,
          -0.773629,
          1.558357
        ],
        [
          -0.020576,
          -0.773697,
          -0.633221,
          1.276877
        ],
        [
          0.0,
          0.0,
          0.0,
          1.0
        ]
      ]
    },
    {
      "file_path": "/media/NFS/ttao/scannet/posed_images/scene0677_00/00545.jpg",
      "transform_matrix": [
        [
          -0.942049,
          -0.263369,
          0.207802,
          1.280294
        ],
        [
          -0.325535,
          0.567963,
          -0.75594,
          1.724868
        ],
        [
          0.081067,
          -0.779779,
          -0.620785,
          1.2532
        ],
        [
          0.0,
          0.0,
          0.0,
          1.0
        ]
      ]
    },
    {
      "file_path": "/media/NFS/ttao/scannet/posed_images/scene0677_00/00547.jpg",
      "transform_matrix": [
        [
          -0.942634,
          -0.262235,
          0.206579,
          1.271038
        ],
        [
          -0.322831,
          0.558541,
          -0.764077,
          1.740013
        ],
        [
          0.084985,
          -0.786934,
          -0.611157,
          1.250206
        ],
        [
          0.0,
          0.0,
          0.0,
          1.0
        ]
      ]
    },
    {
      "file_path": "/media/NFS/ttao/scannet/posed_images/scene0677_00/00556.jpg",
      "transform_matrix": [
        [
          -0.946363,
          -0.235467,
          0.221251,
          1.239681
        ],
        [
          -0.318496,
          0.564587,
          -0.761448,
          1.804652
        ],
        [
          0.05438,
          -0.791074,
          -0.609299,
          1.217975
        ],
        [
          0.0,
          0.0,
          0.0,
          1.0
        ]
      ]
    },
    {
      "file_path": "/media/NFS/ttao/scannet/posed_images/scene0677_00/00563.jpg",
      "transform_matrix": [
        [
          -0.9516,
          -0.214909,
          0.219709,
          1.209723
        ],
        [
          -0.305819,
          0.591099,
          -0.746376,
          1.857885
        ],
        [
          0.030534,
          -0.777442,
          -0.628213,
          1.199981
        ],
        [
          0.0,
          0.0,
          0.0,
          1.0
        ]
      ]
    },
    {
      "file_path": "/media/NFS/ttao/scannet/posed_images/scene0677_00/00573.jpg",
      "transform_matrix": [
        [
          -0.970657,
          -0.173774,
          0.166215,
          1.199945
        ],
        [
          -0.240054,
          0.65968,
          -0.712178,
          1.912843
        ],
        [
          0.014109,
          -0.731181,
          -0.682038,
          1.177333
        ],
        [
          0.0,
          0.0,
          0.0,
          1.0
        ]
      ]
    },
    {
      "file_path": "/media/NFS/ttao/scannet/posed_images/scene0677_00/00577.jpg",
      "transform_matrix": [
        [
          -0.966136,
          -0.181663,
          0.18325,
          1.186534
        ],
        [
          -0.257214,
          0.62142,
          -0.740052,
          1.909569
        ],
        [
          0.020565,
          -0.762125,
          -0.647103,
          1.228797
        ],
        [
          0.0,
          0.0,
          0.0,
          1.0
        ]
      ]
    },
    {
      "file_path": "/media/NFS/ttao/scannet/posed_images/scene0677_00/00584.jpg",
      "transform_matrix": [
        [
          -0.95683,
          -0.183602,
          0.225314,
          1.171695
        ],
        [
          -0.288806,
          0.513453,
          -0.808058,
          1.915582
        ],
        [
          0.032673,
          -0.838246,
          -0.544312,
          1.25997
        ],
        [
          0.0,
          0.0,
          0.0,
          1.0
        ]
      ]
    },
    {
      "file_path": "/media/NFS/ttao/scannet/posed_images/scene0677_00/00596.jpg",
      "transform_matrix": [
        [
          -0.915466,
          -0.216503,
          0.339187,
          1.11191
        ],
        [
          -0.397976,
          0.362573,
          -0.842708,
          1.882915
        ],
        [
          0.059469,
          -0.906459,
          -0.418086,
          1.295112
        ],
        [
          0.0,
          0.0,
          0.0,
          1.0
        ]
      ]
    },
    {
      "file_path": "/media/NFS/ttao/scannet/posed_images/scene0677_00/00601.jpg",
      "transform_matrix": [
        [
          -0.903137,
          -0.223256,
          0.366743,
          1.099433
        ],
        [
          -0.425653,
          0.353667,
          -0.83291,
          1.863261
        ],
        [
          0.056247,
          -0.908337,
          -0.41444,
          1.310762
        ],
