{
  "frames": [
    {
      "file_path": "/media/NFS/ttao/scannet/posed_images/scene0575_02/00000.jpg",
      "transform_matrix": [
        [
          0.73838,
          -0.247635,
          0.627273,
          3.929907
        ],
        [
          -0.671963,
          -0.348908,
          0.653244,
          1.52494
        ],
        [
          0.057094,
          -0.903847,
          -0.424029,
          1.38801
        ],
        [
          0.0,
          0.0,
          0.0,
          1.0
        ]
      ]
    },
    {
      "file_path": "/media/NFS/ttao/scannet/posed_images/scene0575_02/00015.jpg",
      "transform_matrix": [
        [
          0.739218,
          -0.214001,
          0.638561,
          3.858128
        ],
        [
          -0.668002,
          -0.35353,
          0.654821,
          1.596569
        ],
        [
          0.085619,
          -0.910615,
          -0.404289,
          1.385795
        ],
        [
          0.0,
          0.0,
          0.0,
          1.0
        ]
      ]
    },
    {
      "file_path": "/media/NFS/ttao/scannet/posed_images/scene0575_02/00024.jpg",
      "transform_matrix": [
        [
          0.716006,
          -0.191357,
          0.671356,
          3.834673
        ],
        [
          -0.688343,
          -0.353707,
          0.633305,
          1.674005
        ],
        [
          0.116276,
          -0.915573,
          -0.384976,
          1.369374
        ],
        [
          0.0,
          0.0,
          0.0,
          1.0
        ]
      ]
    },
    {
      "file_path": "/media/NFS/ttao/scannet/posed_images/scene0575_02/00027.jpg",
      "transform_matrix": [
        [
          0.712934,
          -0.189687,
          0.675088,
          3.835149
        ],
        [
          -0.690585,
          -0.35704,
          0.628979,
          1.706134
        ],
        [
          0.121724,
          -0.914626,
          -0.385541,
          1.361383
        ],
        [
          0.0,
          0.0,
          0.0,
          1.0
        ]
      ]
    },
    {
      "file_path": "/media/NFS/ttao/scannet/posed_images/scene0575_02/00042.jpg",
      "transform_matrix": [
        [
          0.679418,
          -0.195466,
          0.707237,
          3.850544
        ],
        [
          -0.710307,
          -0.416912,
          0.567141,
          1.856234
        ],
        [
          0.184,
          -0.887681,
          -0.422098,
          1.330671
        ],
        [
          0.0,
          0.0,
          0.0,
          1.0
        ]
      ]
    },
    {
      "file_path": "/media/NFS/ttao/scannet/posed_images/scene0575_02/00048.jpg",
      "transform_matrix": [
        [
          0.710733,
          -0.190473,
          0.677184,
          3.843899
        ],
        [
          -0.675716,
          -0.452545,
          0.581903,
          1.9166
        ],
        [
          0.195619,
          -0.871162,
          -0.450344,
          1.32818
        ],
        [
          0.0,
          0.0,
          0.0,
          1.0
        ]
      ]
    },
    {
      "file_path": "/media/NFS/ttao/scannet/posed_images/scene0575_02/00060.jpg",
      "transform_matrix": [
        [
          0.568288,
          -0.277526,
          0.774615,
          3.842077
        ],
        [
          -0.811494,
          -0.344757,
          0.471827,
          1.941723
        ],
        [
          0.136109,
          -0.896729,
          -0.421132,
          1.354409
        ],
        [
          0.0,
          0.0,
          0.0,
          1.0
        ]
      ]
    },
    {
      "file_path": "/media/NFS/ttao/scannet/posed_images/scene0575_02/00069.jpg",
      "transform_matrix": [
        [
          0.516455,
          -0.315338,
          0.796139,
          3.846116
        ],
        [
          -0.85182,
          -0.284317,
          0.439962,
          1.937511
        ],
        [
          0.087619,
          -0.905387,
          -0.415448,
          1.357897
        ],
        [
          0.0,
          0.0,
          0.0,
          1.0
        ]
      ]
    },
    {
      "file_path": "/media/NFS/ttao/scannet/posed_images/scene0575_02/00078.jpg",
      "transform_matrix": [
        [
          0.483396,
          -0.289559,
          0.826126,
          3.850232
        ],
        [
          -0.870184,
          -0.261821,
          0.417408,
          1.991116
        ],
        [
          0.095433,
          -0.920655,
          -0.378533,
          1.363287
        ],
        [
          0.0,
          0.0,
          0.0,
          1.0
        ]
      ]
    },
    {
      "file_path": "/media/NFS/ttao/scannet/posed_images/scene0575_02/00096.jpg",
      "transform_matrix": [
        [
          0.273064,
          -0.318191,
          0.907849,
          3.81095
        ],
        [
          -0.959361,
          -0.159866,
          0.232527,
          2.110098
        ],
        [
          0.071146,
          -0.934451,
          -0.348914,
          1.38124
        ],
        [
          0.0,
          0.0,
          0.0,
          1.0
        ]
      ]
    },
    {
      "file_path": "/media/NFS/ttao/scannet/posed_images/scene0575_02/00102.jpg",
      "transform_matrix": [
        [
          0.204901,
          -0.306483,
          0.929561,
          3.716805
        ],
        [
          -0.977177,
          -0.118427,
          0.176351,
          2.170955
        ],
        [
          0.056036,
          -0.944481,
          -0.323754,
          1.371687
        ],
        [
          0.0,
          0.0,
          0.0,
          1.0
        ]
      ]
    },
    {
      "file_path": "/media/NFS/ttao/scannet/posed_images/scene0575_02/00111.jpg",
      "transform_matrix": [
        [
          0.172254,
          -0.347176,
          0.921845,
          3.57222
        ],
        [
          -0.983384,
          -0.115057,
          0.140421,
          2.284023
        ],
        [
          0.057314,
          -0.930715,
          -0.361226,
          1.37633
        ],
        [
          0.0,
          0.0,
          0.0,
          1.0
        ]
      ]
    },
    {
      "file_path": "/media/NFS/ttao/scannet/posed_images/scene0575_02/00117.jpg",
      "transform_matrix": [
        [
          0.137002,
          -0.325409,
          0.935596,
          3.517575
        ],
        [
          -0.989294,
          -0.09288,
          0.112561,
          2.307784
        ],
        [
          0.05027,
          -0.941001,
          -0.334651,
          1.3866
        ],
        [
          0.0,
          0.0,
          0.0,
          1.0
        ]
      ]
    },
    {
      "file_path": "/media/NFS/ttao/scannet/posed_images/scene0575_02/00135.jpg",
      "transform_matrix": [
        [
          -0.034712,
          -0.308927,
          0.950452,
          3.398098
        ],
        [
          -0.999074,
          -0.013465,
          -0.040865,
          2.333697
        ],
        [
          0.025422,
          -0.950991,
          -0.308173,
          1.418167
        ],
        [
          0.0,
          0.0,
          0.0,
          1.0
        ]
      ]
    },
    {
      "file_path": "/media/NFS/ttao/scannet/posed_images/scene0575_02/00141.jpg",
      "transform_matrix": [
        [
          -0.056865,
          -0.283571,
          0.957264,
          3.356021
        ],
        [
          -0.998124,
          -0.005649,
          -0.060966,
          2.347581
        ],
        [
          0.022696,
          -0.958935,
          -0.282718,
          1.428153
        ],
        [
          0.0,
          0.0,
          0.0,
          1.0
        ]
      ]
    },
    {
      "file_path": "/media/NFS/ttao/scannet/posed_images/scene0575_02/00156.jpg",
      "transform_matrix": [
        [
          -0.209719,
          -0.266019,
          0.940878,
          3.30295
        ],
        [
          -0.977548,
          0.036945,
          -0.207447,
          2.441658
        ],
        [
          0.020424,
          -0.96326,
          -0.267795,
          1.40398
        ],
        [
          0.0,
          0.0,
          0.0,
          1.0
        ]
      ]
    },
    {
      "file_path": "/media/NFS/ttao/scannet/posed_images/scene0575_02/00162.jpg",
      "transform_matrix": [
        [
          -0.245794,
          -0.268855,
          0.931291,
          3.299986
        ],
        [
          -0.969277,
          0.058844,
          -0.238831,
          2.482753
        ],
        [
          0.00941,
          -0.961382,
          -0.275058,
          1.392986
        ],
        [
          0.0,
          0.0,
          0.0,
          1.0
        ]
      ]
    },
    {
      "file_path": "/media/NFS/ttao/scannet/posed_images/scene0575_02/00171.jpg",
      "transform_matrix": [
        [
          -0.298952,
          -0.286636,
          0.910202,
          3.304533
        ],
        [
          -0.953459,
          0.05045,
          -0.297272,
          2.499773
        ],
        [
          0.039289,
          -0.95671,
          -0.288378,
          1.383481
        ],
        [
          0.0,
          0.0,
          0.0,
          1.0
        ]
      ]
    },
    {
      "file_path": "/media/NFS/ttao/scannet/posed_images/scene0575_02/00186.jpg",
      "transform_matrix": [
        [
          -0.359932,
          -0.311509,
          0.879438,
          3.329525
        ],
        [
          -0.93255,
          0.091543,
          -0.349243,
          2.470954
        ],
        [
          0.028286,
          -0.945824,
          -0.323447,
          1.344829
        ],
        [
          0.0,
          0.0,
          0.0,
          1.0
        ]
      ]
    },
    {
      "file_path": "/media/NFS/ttao/scannet/posed_images/scene0575_02/00189.jpg",
      "transform_matrix": [
        [
          -0.369825,
          -0.319272,
          0.872522,
          3.336226
        ],
        [
          -0.92833,
          0.08873,
          -0.361012,
          2.467396
        ],
        [
          0.037842,
          -0.9435,
          -0.329204,
          1.335905
        ],
        [
          0.0,
          0.0,
          0.0,
          1.0
        ]
      ]
    },
    {
      "file_path": "/media/NFS/ttao/scannet/posed_images/scene0575_02/00204.jpg",
      "transform_matrix": [
        [
          -0.228287,
          -0.266337,
          0.936456,
          3.372499
        ],
        [
          -0.973345,
          0.040681,
          -0.225709,
          2.404135
        ],
        [
          0.022019,
          -0.963021,
          -0.268525,
          1.348743
        ],
        [
          0.0,
          0.0,
          0.0,
          1.0
        ]
      ]
    },
    {
      "file_path": "/media/NFS/ttao/scannet/posed_images/scene0575_02/00216.jpg",
      "transform_matrix": [
        [
          -0.250408,
          -0.292694,
          0.922836,
          3.373295
        ],
        [
          -0.968075,
          0.086773,
          -0.235162,
          2.360879
        ],
        [
          -0.011247,
          -0.952261,
          -0.305079,
          1.335949
        ],
        [
          0.0,
          0.0,
          0.0,
          1.0
        ]
      ]
    },
    {
      "file_path": "/media/NFS/ttao/scannet/posed_images/scene0575_02/00225.jpg",
      "transform_matrix": [
        [
          -0.281054,
          -0.290863,
          0.914553,
          3.366125
        ],
        [
          -0.959691,
          0.083796,
          -0.268275,
          2.352585
        ],
        [
          0.001396,
          -0.953088,
          -0.30269,
          1.336566
        ],
        [
          0.0,
          0.0,
          0.0,
          1.0
        ]
      ]
    },
    {
      "file_path": "/media/NFS/ttao/scannet/posed_images/scene0575_02/00231.jpg",
      "transform_matrix": [
        [
          -0.288168,
          -0.307597,
          0.906831,
          3.363904
        ],
        [
          -0.95757,
          0.096786,
          -0.271462,
          2.354033
        ],
        [
          -0.004267,
          -0.946582,
          -0.322437,
          1.331623
        ],
        [
          0.0,
          0.0,
          0.0,
          1.0
        ]
      ]
    },
    {
      "file_path": "/media/NFS/ttao/scannet/posed_images/scene0575_02/00243.jpg",
      "transform_matrix": [
        [
          -0.462737,
          -0.338511,
          0.819319,
          3.313585
        ],
        [
          -0.886321,
          0.158348,
          -0.435155,
          2.407486
        ],
        [
          0.017567,
          -0.927543,
          -0.373303,
          1.311803
        ],
        [
          0.0,
          0.0,
          0.0,
          1.0
        ]
      ]
    },
    {
      "file_path": "/media/NFS/ttao/scannet/posed_images/scene0575_02/00255.jpg",
      "transform_matrix": [
        [
          -0.548637,
          -0.370362,
          0.749553,
          3.24432
        ],
        [
          -0.83558,
          0.212509,
          -0.506602,
          2.485242
        ],
        [
          0.02834,
          -0.904252,
          -0.426058,
          1.288053
        ],
        [
          0.0,
          0.0,
          0.0,
          1.0
        ]
      ]
    },
    {
      "file_path": "/media/NFS/ttao/scannet/posed_images/scene0575_02/00261.jpg",
      "transform_matrix": [
        [
          -0.524277,
          -0.370422,
          0.76676,
          3.202677
        ],
        [
          -0.850912,
          0.193107,
          -0.488526,
          2.513
        ],
        [
          0.032894,
          -0.908569,
          -0.416439,
          1.293298
        ],
        [
          0.0,
          0.0,
          0.0,
          1.0
        ]
      ]
    },
    {
      "file_path": "/media/NFS/ttao/scannet/posed_images/scene0575_02/00267.jpg",
      "transform_matrix": [
        [
          -0.511635,
          -0.365602,
          0.777538,
          3.135457
        ],
        [
          -0.858353,
          0.177245,
          -0.481472,
          2.537068
        ],
        [
          0.038213,
          -0.91374,
          -0.4045,
          1.296304
        ],
        [
          0.0,
          0.0,
          0.0,
          1.0
        ]
      ]
    },
    {
      "file_path": "/media/NFS/ttao/scannet/posed_images/scene0575_02/00282.jpg",
      "transform_matrix": [
        [
          -0.589409,
          -0.33223,
          0.736356,
          2.990385
        ],
        [
          -0.806933,
          0.199085,
          -0.556079,
          2.626071
        ],
        [
          0.038149,
          -0.921948,
          -0.38543,
          1.330576
        ],
        [
          0.0,
          0.0,
          0.0,
          1.0
        ]
      ]
    },
    {
      "file_path": "/media/NFS/ttao/scannet/posed_images/scene0575_02/00294.jpg",
      "transform_matrix": [
        [
          -0.65025,
          -0.276313,
          0.707691,
          2.932342
        ],
        [
          -0.758104,
          0.175257,
          -0.628143,
          2.760042
        ],
        [
          0.049536,
          -0.944953,
          -0.323435,
          1.365044
        ],
        [
          0.0,
          0.0,
          0.0,
          1.0
        ]
      ]
    },
    {
      "file_path": "/media/NFS/ttao/scannet/posed_images/scene0575_02/00304.jpg",
      "transform_matrix": [
        [
          -0.679151,
          -0.245894,
          0.691585,
          2.916047
        ],
        [
          -0.7318,
          0.153963,
          -0.663901,
          2.78628
        ],
        [
          0.056771,
          -0.956991,
          -0.284509,
          1.392558
        ],
        [
          0.0,
          0.0,
          0.0,
          1.0
        ]
      ]
    },
    {
      "file_path": "/media/NFS/ttao/scannet/posed_images/scene0575_02/00310.jpg",
      "transform_matrix": [
        [
          -0.67949,
          -0.22972,
          0.696795,
          2.917123
        ],
        [
          -0.732263,
          0.153241,
          -0.663557,
          2.777812
        ],
        [
          0.045655,
          -0.961117,
          -0.272341,
          1.408562
        ],
        [
          0.0,
          0.0,
          0.0,
          1.0
        ]
      ]
    },
    {
      "file_path": "/media/NFS/ttao/scannet/posed_images/scene0575_02/00319.jpg",
      "transform_matrix": [
        [
          -0.660356,
          -0.207429,
          0.721737,
          2.935741
        ],
        [
          -0.74978,
          0.128427,
          -0.649104,
          2.768047
        ],
        [
          0.041952,
          -0.969784,
          -0.240334,
          1.433794
        ],
        [
          0.0,
          0.0,
          0.0,
          1.0
        ]
      ]
    },
    {
      "file_path": "/media/NFS/ttao/scannet/posed_images/scene0575_02/00337.jpg",
      "transform_matrix": [
        [
          -0.841164,
          -0.170717,
          0.513128,
          3.097114
        ],
        [
          -0.538119,
          0.170206,
          -0.825505,
          2.745925
        ],
        [
          0.05359,
          -0.970508,
          -0.235037,
          1.381731
        ],
        [
          0.0,
          0.0,
          0.0,
          1.0
        ]
      ]
    },
    {
      "file_path": "/media/NFS/ttao/scannet/posed_images/scene0575_02/00346.jpg",
      "transform_matrix": [
        [
          -0.831597,
          -0.199117,
          0.518458,
          3.128603
        ],
        [
          -0.552045,
          0.194212,
          -0.810881,
          2.745528
        ],
        [
          0.06077,
          -0.960539,
          -0.271428,
          1.370769
        ],
        [
          0.0,
          0.0,
          0.0,
          1.0
        ]
      ]
    },
    {
      "file_path": "/media/NFS/ttao/scannet/posed_images/scene0575_02/00349.jpg",
      "transform_matrix": [
        [
          -0.832773,
          -0.200757,
          0.515932,
          3.119876
        ],
        [
          -0.550225,
          0.197181,
          -0.811401,
          2.74769
        ],
        [
          0.061162,
          -0.959592,
          -0.274669,
          1.367411
        ],
        [
          0.0,
          0.0,
          0.0,
          1.0
        ]
      ]
    },
    {
      "file_path": "/media/NFS/ttao/scannet/posed_images/scene0575_02/00364.jpg",
      "transform_matrix": [
        [
          -0.816053,
          -0.210913,
          0.538121,
          2.956188
        ],
        [
          -0.576495,
          0.230374,
          -0.783953,
          2.786721
        ],
        [
          0.041377,
          -0.94997,
          -0.309588,
          1.350399
        ],
        [
          0.0,
          0.0,
          0.0,
          1.0
        ]
      ]
    },
    {
      "file_path": "/media/NFS/ttao/scannet/posed_images/scene0575_02/00373.jpg",
      "transform_matrix": [
        [
          -0.812564,
          -0.238547,
          0.531823,
          2.851634
        ],
        [
          -0.581594,
          0.271426,
          -0.766861,
          2.809418
        ],
        [
          0.038581,
          -0.932429,
          -0.359289,
          1.34792
        ],
        [
          0.0,
          0.0,
          0.0,
          1.0
        ]
      ]
    },
    {
      "file_path": "/media/NFS/ttao/scannet/posed_images/scene0575_02/00379.jpg",
      "transform_matrix": [
        [
          -0.788284,
          -0.256914,
          0.559109,
          2.80386
        ],
        [
          -0.61473,
          0.28932,
          -0.733758,
          2.830834
        ],
        [
          0.026752,
          -0.922111,
          -0.385999,
          1.346281
        ],
        [
          0.0,
          0.0,
          0.0,
          1.0
        ]
      ]
    },
    {
      "file_path": "/media/NFS/ttao/scannet/posed_images/scene0575_02/00391.jpg",
      "transform_matrix": [
        [
          -0.784643,
          -0.242376,
          0.570605,
          2.751023
        ],
        [
          -0.619416,
          0.268355,
          -0.737774,
          2.839089
        ],
        [
          0.025694,
          -0.93233,
          -0.360694,
          1.358876
        ],
        [
          0.0,
          0.0,
          0.0,
          1.0
        ]
      ]
    },
    {
      "file_path": "/media/NFS/ttao/scannet/posed_images/scene0575_02/00403.jpg",
      "transform_matrix": [
        [
          -0.836385,
          -0.241016,
          0.492312,
          2.778937
        ],
        [
          -0.547229,
          0.315323,
          -0.775314,
          2.833965
        ],
        [
          0.031626,
          -0.917869,
          -0.395622,
          1.345496
        ],
        [
          0.0,
          0.0,
          0.0,
          1.0
        ]
      ]
    },
    {
      "file_path": "/media/NFS/ttao/scannet/posed_images/scene0575_02/00412.jpg",
      "transform_matrix": [
        [
          -0.88555,
          -0.202905,
          0.417889,
          2.825655
        ],
        [
          -0.464061,
          0.34535,
          -0.815709,
          2.845232
        ],
        [
          0.021193,
          -0.916277,
          -0.399985,
          1.34045
        ],
        [
          0.0,
          0.0,
          0.0,
          1.0
        ]
      ]
    },
    {
      "file_path": "/media/NFS/ttao/scannet/posed_images/scene0575_02/00424.jpg",
      "transform_matrix": [
        [
          -0.915307,
          -0.174234,
          0.363119,
          2.819927
        ],
        [
          -0.402639,
          0.374096,
          -0.835424,
          2.858258
        ],
        [
          0.009718,
          -0.910876,
          -0.412566,
          1.334199
        ],
        [
          0.0,
          0.0,
          0.0,
          1.0
        ]
      ]
    },
    {
      "file_path": "/media/NFS/ttao/scannet/posed_images/scene0575_02/00436.jpg",
      "transform_matrix": [
        [
          -0.833939,
          -0.215653,
          0.507975,
          2.682681
        ],
        [
          -0.551687,
          0.302975,
          -0.777077,
          2.969386
        ],
        [
          0.013675,
          -0.928278,
          -0.371636,
          1.336583
        ],
        [
          0.0,
          0.0,
          0.0,
          1.0
        ]
      ]
    },
    {
      "file_path": "/media/NFS/ttao/scannet/posed_images/scene0575_02/00445.jpg",
      "transform_matrix": [
        [
          -0.829535,
          -0.217029,
          0.514559,
          2.573758
        ],
        [
          -0.558142,
          0.291307,
          -0.776929,
          3.037167
        ],
        [
          0.018722,
          -0.931686,
          -0.362782,
          1.356192
        ],
        [
          0.0,
          0.0,
          0.0,
          1.0
        ]
      ]
    },
    {
      "file_path": "/media/NFS/ttao/scannet/posed_images/scene0575_02/00451.jpg",
      "transform_matrix": [
        [
          -0.84119,
          -0.208538,
          0.498911,
          2.546833
        ],
        [
          -0.540053,
          0.277481,
          -0.794574,
          3.073315
        ],
        [
          0.02726,
          -0.937826,
          -0.346036,
          1.358263
        ],
        [
          0.0,
          0.0,
          0.0,
          1.0
        ]
      ]
    },
    {
      "file_path": "/media/NFS/ttao/scannet/posed_images/scene0575_02/00460.jpg",
      "transform_matrix": [
        [
          -0.845491,
          -0.216822,
          0.487989,
          2.520518
        ],
        [
          -0.532128,
          0.265867,
          -0.803838,
          3.115023
        ],
        [
          0.04455,
          -0.93931,
          -0.340165,
          1.346908
        ],
        [
          0.0,
          0.0,
          0.0,
          1.0
        ]
      ]
    },
    {
      "file_path": "/media/NFS/ttao/scannet/posed_images/scene0575_02/00472.jpg",
      "transform_matrix": [
        [
          -0.774755,
          -0.230786,
          0.588637,
          2.382672
        ],
        [
          -0.632185,
          0.26819,
          -0.726923,
          3.162492
        ],
        [
          0.009897,
          -0.935314,
          -0.353681,
          1.340363
        ],
        [
          0.0,
          0.0,
          0.0,
          1.0
        ]
      ]
    },
    {
      "file_path": "/media/NFS/ttao/scannet/posed_images/scene0575_02/00484.jpg",
      "transform_matrix": [
        [
          -0.741167,
          -0.243115,
          0.625753,
          2.227468
        ],
        [
          -0.671319,
          0.270806,
          -0.689924,
          3.200756
        ],
        [
          -0.001726,
          -0.931429,
          -0.36392,
          1.353656
        ],
        [
          0.0,
          0.0,
          0.0,
          1.0
        ]
      ]
    },
    {
      "file_path": "/media/NFS/ttao/scannet/posed_images/scene0575_02/00490.jpg",
      "transform_matrix": [
        [
          -0.753146,
          -0.257421,
          0.605397,
          2.186967
        ],
        [
          -0.65739,
          0.259964,
          -0.707289,
          3.232136
        ],
        [
          0.02469,
          -0.930673,
          -0.365017,
          1.348656
        ],
        [
          0.0,
          0.0,
          0.0,
          1.0
        ]
      ]
    },
    {
      "file_path": "/media/NFS/ttao/scannet/posed_images/scene0575_02/00499.jpg",
      "transform_matrix": [
        [
          -0.773603,
          -0.273855,
          0.571439,
          2.131721
        ],
        [
          -0.63133,
          0.255652,
          -0.732164,
          3.295897
        ],
        [
          0.054417,
          -0.927171,
          -0.370666,
          1.340302
        ],
        [
          0.0,
          0.0,
          0.0,
          1.0
        ]
      ]
    },
    {
      "file_path": "/media/NFS/ttao/scannet/posed_images/scene0575_02/00511.jpg",
      "transform_matrix": [
        [
          -0.760548,
          -0.245088,
          0.601248,
          2.062257
        ],
        [
          -0.648696,
          0.247489,
          -0.719682,
          3.37779
        ],
        [
          0.027583,
          -0.93738,
          -0.347215,
          1.349919
        ],
        [
          0.0,
          0.0,
          0.0,
          1.0
        ]
      ]
    },
    {
      "file_path": "/media/NFS/ttao/scannet/posed_images/scene0575_02/00526.jpg",
      "transform_matrix": [
        [
          -0.764255,
          -0.25205,
          0.593621,
          2.061688
        ],
        [
          -0.643647,
          0.24042,
          -0.726579,
          3.39561
        ],
        [
          0.040416,
          -0.937374,
          -0.345973,
          1.351283
        ],
        [
          0.0,
          0.0,
          0.0,
          1.0
        ]
      ]
    },
    {
      "file_path": "/media/NFS/ttao/scannet/posed_images/scene0575_02/00529.jpg",
      "transform_matrix": [
        [
          -0.75909,
          -0.251845,
          0.600298,
          2.060414
        ],
        [
          -0.650025,
          0.243131,
          -0.719969,
          3.38732
        ],
        [
          0.035369,
          -0.936729,
          -0.348264,
          1.35135
        ],
        [
          0.0,
          0.0,
          0.0,
          1.0
        ]
      ]
    },
    {
      "file_path": "/media/NFS/ttao/scannet/posed_images/scene0575_02/00541.jpg",
      "transform_matrix": [
        [
          -0.74898,
          -0.274179,
          0.603204,
          2.07015
        ],
        [
          -0.661412,
          0.255058,
          -0.705322,
          3.377721
        ],
        [
          0.039532,
          -0.927239,
          -0.372379,
          1.344303
        ],
        [
          0.0,
          0.0,
          0.0,
          1.0
        ]
      ]
    },
    {
      "file_path": "/media/NFS/ttao/scannet/posed_images/scene0575_02/00550.jpg",
      "transform_matrix": [
        [
          -0.816473,
          -0.244397,
          0.523109,
          2.082551
        ],
        [
          -0.574264,
          0.24966,
          -0.779674,
          3.460849
        ],
        [
          0.05995,
          -0.936985,
          -0.344189,
          1.335731
        ],
        [
          0.0,
          0.0,
          0.0,
          1.0
        ]
      ]
    },
    {
      "file_path": "/media/NFS/ttao/scannet/posed_images/scene0575_02/00562.jpg",
      "transform_matrix": [
        [
          -0.885818,
          -0.22521,
          0.405719,
          2.075208
        ],
        [
          -0.460908,
          0.325702,
          -0.82552,
          3.571607
        ],
        [
          0.053772,
          -0.918259,
          -0.392313,
          1.327599
        ],
        [
          0.0,
          0.0,
          0.0,
          1.0
        ]
      ]
    },
    {
      "file_path": "/media/NFS/ttao/scannet/posed_images/scene0575_02/00577.jpg",
      "transform_matrix": [
        [
          -0.856775,
          -0.207262,
          0.472206,
          1.993578
        ],
        [
          -0.515635,
          0.357591,
          -0.77862,
          3.678724
        ],
        [
          -0.007478,
          -0.910589,
          -0.413247,
          1.319845
        ],
        [
          0.0,
          0.0,
          0.0,
          1.0
        ]
      ]
    },
    {
      "file_path": "/media/NFS/ttao/scannet/posed_images/scene0575_02/00580.jpg",
      "transform_matrix": [
        [
          -0.842512,
          -0.208672,
          0.496619,
          1.956987
        ],
        [
          -0.53849,
          0.35063,
          -0.766216,
          3.697631
        ],
        [
          -0.014242,
          -0.91297,
          -0.407777,
          1.327185
        ],
        [
          0.0,
          0.0,
          0.0,
          1.0
        ]
      ]
    },
    {
      "file_path": "/media/NFS/ttao/scannet/posed_images/scene0575_02/00595.jpg",
      "transform_matrix": [
        [
          -0.830846,
          -0.201403,
          0.518779,
          1.912939
        ],
        [
          -0.556168,
          0.268163,
          -0.786617,
          3.814038
        ],
        [
          0.01931,
          -0.942086,
          -0.334816,
          1.366623
        ],
        [
          0.0,
          0.0,
          0.0,
          1.0
        ]
      ]
    },
    {
      "file_path": "/media/NFS/ttao/scannet/posed_images/scene0575_02/00601.jpg",
      "transform_matrix": [
        [
          -0.846186,
          -0.221426,
          0.484705,
          1.921051
        ],
        [
          -0.531018,
          0.274265,
          -0.801747,
          3.858417
        ],
        [
          0.044589,
          -0.935815,
          -0.349661,
          1.366959
        ],
        [
          0.0,
          0.0,
          0.0,
          1.0
        ]
      ]
    },
    {
      "file_path": "/media/NFS/ttao/scannet/posed_images/scene0575_02/00610.jpg",
      "transform_matrix": [
        [
          -0.875268,
          -0.21533,
          0.433058,
          1.944335
        ],
        [
          -0.478626,
          0.257067,
          -0.839544,
          3.960977
        ],
        [
          0.069454,
          -0.942099,
          -0.328065,
          1.360277
        ],
        [
          0.0,
          0.0,
          0.0,
          1.0
        ]
      ]
    },
    {
      "file_path": "/media/NFS/ttao/scannet/posed_images/scene0575_02/00622.jpg",
      "transform_matrix": [
        [
          -0.904816,
          -0.209019,
          0.370969,
          1.926497
        ],
        [
          -0.421922,
          0.322779,
          -0.847228,
          4.032264
        ],
        [
          0.057346,
          -0.923106,
          -0.380246,
          1.349217
        ],
        [
          0.0,
          0.0,
          0.0,
          1.0
        ]
      ]
    },
    {
      "file_path": "/media/NFS/ttao/scannet/posed_images/scene0575_02/00634.jpg",
      "transform_matrix": [
        [
          -0.92693,
          -0.212332,
          0.309379,
          1.862077
        ],
        [
          -0.369461,
          0.372384,
          -0.851368,
          4.111327
        ],
        [
          0.065564,
          -0.903463,
          -0.423623,
          1.329195
        ],
        [
          0.0,
          0.0,
          0.0,
          1.0
        ]
      ]
    },
    {
      "file_path": "/media/NFS/ttao/scannet/posed_images/scene0575_02/00640.jpg",
      "transform_matrix": [
        [
          -0.935365,
          -0.203574,
          0.289224,
          1.814727
        ],
        [
          -0.347393,
          0.37524,
          -0.859368,
          4.149076
        ],
        [
          0.066417,
          -0.904297,
          -0.421707,
          1.331057
        ],
        [
          0.0,
          0.0,
          0.0,
          1.0
        ]
      ]
    },
    {
      "file_path": "/media/NFS/ttao/scannet/posed_images/scene0575_02/00652.jpg",
      "transform_matrix": [
        [
          -0.965547,
          -0.159532,
          0.205594,
          1.754608
        ],
        [
          -0.253335,
          0.395601,
          -0.882792,
          4.212243
        ],
        [
          0.0595,
          -0.904461,
          -0.422387,
          1.336584
        ],
        [
          0.0,
          0.0,
          0.0,
          1.0
        ]
      ]
    },
    {
      "file_path": "/media/NFS/ttao/scannet/posed_images/scene0575_02/00664.jpg",
      "transform_matrix": [
        [
          -0.965209,
          -0.166558,
          0.201568,
          1.800581
        ],
        [
          -0.254758,
          0.425364,
          -0.868426,
          4.251771
        ],
        [
          0.058904,
          -0.889564,
          -0.452997,
          1.319607
        ],
        [
          0.0,
          0.0,
          0.0,
          1.0
        ]
      ]
    },
    {
      "file_path": "/media/NFS/ttao/scannet/posed_images/scene0575_02/00673.jpg",
      "transform_matrix": [
        [
          -0.986701,
          -0.113419,
          0.116433,
          1.81668
        ],
        [
          -0.152605,
          0.399756,
          -0.903829,
          4.286783
        ],
        [
          0.055967,
          -0.909578,
          -0.411748,
          1.328099
        ],
        [
          0.0,
          0.0,
          0.0,
          1.0
        ]
      ]
    },
    {
      "file_path": "/media/NFS/ttao/scannet/posed_images/scene0575_02/00679.jpg",
      "transform_matrix": [
        [
          -0.99714,
          -0.064945,
          0.038657,
          1.829264
        ],
        [
          -0.06036,
          0.376487,
          -0.924453,
          4.314279
        ],
        [
          0.045484,
          -0.924143,
          -0.379331,
          1.330979
        ],
        [
          0.0,
          0.0,
          0.0,
          1.0
        ]
      ]
    },
    {
      "file_path": "/media/NFS/ttao/scannet/posed_images/scene0575_02/00697.jpg",
      "transform_matrix": [
        [
          -0.990219,
          0.063114,
          -0.124436,
          1.921236
        ],
        [
          0.139486,
          0.469375,
          -0.871912,
          4.476439
        ],
        [
          0.003377,
          -0.880741,
          -0.473587,
          1.286498
        ],
        [
          0.0,
          0.0,
          0.0,
          1.0
        ]
      ]
    },
    {
      "file_path": "/media/NFS/ttao/scannet/posed_images/scene0575_02/00703.jpg",
      "transform_matrix": [
        [
          -0.979419,
          0.088024,
          -0.181631,
          1.957441
        ],
        [
          0.201592,
          0.470991,
          -0.858795,
          4.520315
        ],
        [
          0.009952,
          -0.877736,
          -0.479042,
          1.287299
        ],
        [
          0.0,
          0.0,
          0.0,
          1.0
        ]
      ]
    },
    {
      "file_path": "/media/NFS/ttao/scannet/posed_images/scene0575_02/00715.jpg",
      "transform_matrix": [
        [
          -0.926754,
          0.170824,
          -0.334584,
          2.0862
        ],
        [
          0.375578,
          0.401649,
          -0.835236,
          4.566941
        ],
        [
          -0.008293,
          -0.899721,
          -0.436388,
          1.286704
        ],
        [
          0.0,
          0.0,
          0.0,
          1.0
        ]
      ]
    },
    {
      "file_path": "/media/NFS/ttao/scannet/posed_images/scene0575_02/00718.jpg",
      "transform_matrix": [
        [
          -0.912985,
          0.194363,
          -0.358722,
          2.115474
        ],
        [
          0.407178,
          0.378514,
          -0.831223,
          4.576244
        ],
        [
          -0.025777,
          -0.904959,
          -0.424718,
          1.296426
        ],
        [
          0.0,
          0.0,
          0.0,
          1.0
        ]
      ]
    },
    {
      "file_path": "/media/NFS/ttao/scannet/posed_images/scene0575_02/00733.jpg",
      "transform_matrix": [
        [
          -0.830751,
          0.219335,
          -0.511611,
          2.237071
        ],
        [
          0.556429,
          0.301614,
          -0.77422,
          4.636477
        ],
        [
          -0.015505,
          -0.927859,
          -0.37261,
          1.326509
        ],
        [
          0.0,
          0.0,
          0.0,
          1.0
        ]
      ]
    },
    {
      "file_path": "/media/NFS/ttao/scannet/posed_images/scene0575_02/00745.jpg",
      "transform_matrix": [
        [
          -0.820849,
          0.251131,
          -0.512973,
          2.305213
        ],
        [
          0.570721,
          0.325978,
          -0.753669,
          4.671572
        ],
        [
          -0.022051,
          -0.911412,
          -0.410904,
          1.315055
        ],
        [
          0.0,
          0.0,
          0.0,
          1.0
        ]
      ]
    },
    {
      "file_path": "/media/NFS/ttao/scannet/posed_images/scene0575_02/00748.jpg",
      "transform_matrix": [
        [
          -0.817684,
          0.251842,
          -0.517658,
          2.320918
        ],
        [
          0.575245,
          0.322985,
          -0.751515,
          4.670302
        ],
        [
          -0.022067,
          -0.912281,
          -0.40897,
          1.318152
        ],
        [
          0.0,
          0.0,
          0.0,
          1.0
        ]
      ]
    },
    {
      "file_path": "/media/NFS/ttao/scannet/posed_images/scene0575_02/00760.jpg",
      "transform_matrix": [
        [
          -0.799986,
          0.235335,
          -0.551942,
          2.417284
        ],
        [
          0.599973,
          0.325087,
          -0.730993,
          4.631948
        ],
        [
          0.007401,
          -0.915935,
          -0.401259,
          1.311352
        ],
        [
          0.0,
          0.0,
          0.0,
          1.0
        ]
      ]
    },
    {
      "file_path": "/media/NFS/ttao/scannet/posed_images/scene0575_02/00769.jpg",
      "transform_matrix": [
        [
          -0.740864,
          0.262883,
          -0.618072,
          2.533302
        ],
        [
          0.671654,
          0.287909,
          -0.682634,
          4.571877
        ],
        [
          -0.001505,
