{
  "frames": [
    {
      "file_path": "/media/NFS/ttao/scannet/posed_images/scene0606_01/00000.jpg",
      "transform_matrix": [
        [
          0.72114,
          0.071497,
          -0.68909,
          2.031192
        ],
        [
          0.683981,
          -0.231581,
          0.691766,
          5.104128
        ],
        [
          -0.110121,
          -0.970185,
          -0.215905,
          1.44225
        ],
        [
          0.0,
          0.0,
          0.0,
          1.0
        ]
      ]
    },
    {
      "file_path": "/media/NFS/ttao/scannet/posed_images/scene0606_01/00011.jpg",
      "transform_matrix": [
        [
          0.741705,
          0.070122,
          -0.66705,
          2.025409
        ],
        [
          0.661294,
          -0.242652,
          0.709796,
          5.091967
        ],
        [
          -0.112088,
          -0.967576,
          -0.226347,
          1.441045
        ],
        [
          0.0,
          0.0,
          0.0,
          1.0
        ]
      ]
    },
    {
      "file_path": "/media/NFS/ttao/scannet/posed_images/scene0606_01/00023.jpg",
      "transform_matrix": [
        [
          0.749257,
          0.056613,
          -0.659855,
          2.028193
        ],
        [
          0.652777,
          -0.231299,
          0.721376,
          5.085035
        ],
        [
          -0.111785,
          -0.971234,
          -0.210258,
          1.430568
        ],
        [
          0.0,
          0.0,
          0.0,
          1.0
        ]
      ]
    },
    {
      "file_path": "/media/NFS/ttao/scannet/posed_images/scene0606_01/00034.jpg",
      "transform_matrix": [
        [
          0.751205,
          0.047485,
          -0.658359,
          2.039699
        ],
        [
          0.649268,
          -0.232852,
          0.724038,
          5.094341
        ],
        [
          -0.118919,
          -0.971352,
          -0.20575,
          1.441589
        ],
        [
          0.0,
          0.0,
          0.0,
          1.0
        ]
      ]
    },
    {
      "file_path": "/media/NFS/ttao/scannet/posed_images/scene0606_01/00037.jpg",
      "transform_matrix": [
        [
          0.750577,
          0.052677,
          -0.65868,
          2.044496
        ],
        [
          0.650434,
          -0.234629,
          0.722416,
          5.098043
        ],
        [
          -0.116491,
          -0.970657,
          -0.21037,
          1.438519
        ],
        [
          0.0,
          0.0,
          0.0,
          1.0
        ]
      ]
    },
    {
      "file_path": "/media/NFS/ttao/scannet/posed_images/scene0606_01/00051.jpg",
      "transform_matrix": [
        [
          0.758178,
          0.078581,
          -0.647295,
          2.069047
        ],
        [
          0.643901,
          -0.24666,
          0.724258,
          5.13949
        ],
        [
          -0.102749,
          -0.965911,
          -0.237611,
          1.424243
        ],
        [
          0.0,
          0.0,
          0.0,
          1.0
        ]
      ]
    },
    {
      "file_path": "/media/NFS/ttao/scannet/posed_images/scene0606_01/00054.jpg",
      "transform_matrix": [
        [
          0.753533,
          0.073943,
          -0.653238,
          2.068664
        ],
        [
          0.647828,
          -0.25255,
          0.718705,
          5.15382
        ],
        [
          -0.111832,
          -0.964755,
          -0.238207,
          1.424835
        ],
        [
          0.0,
          0.0,
          0.0,
          1.0
        ]
      ]
    },
    {
      "file_path": "/media/NFS/ttao/scannet/posed_images/scene0606_01/00068.jpg",
      "transform_matrix": [
        [
          0.767626,
          0.071523,
          -0.636895,
          2.049344
        ],
        [
          0.631198,
          -0.256607,
          0.731944,
          5.214462
        ],
        [
          -0.111081,
          -0.963866,
          -0.242123,
          1.440652
        ],
        [
          0.0,
          0.0,
          0.0,
          1.0
        ]
      ]
    },
    {
      "file_path": "/media/NFS/ttao/scannet/posed_images/scene0606_01/00074.jpg",
      "transform_matrix": [
        [
          0.751158,
          0.067082,
          -0.656705,
          2.057426
        ],
        [
          0.65107,
          -0.239469,
          0.720252,
          5.239264
        ],
        [
          -0.108944,
          -0.968584,
          -0.223554,
          1.440729
        ],
        [
          0.0,
          0.0,
          0.0,
          1.0
        ]
      ]
    },
    {
      "file_path": "/media/NFS/ttao/scannet/posed_images/scene0606_01/00091.jpg",
      "transform_matrix": [
        [
          0.662813,
          0.030638,
          -0.748158,
          2.156432
        ],
        [
          0.74086,
          -0.171816,
          0.649312,
          5.34675
        ],
        [
          -0.108652,
          -0.984653,
          -0.13658,
          1.474307
        ],
        [
          0.0,
          0.0,
          0.0,
          1.0
        ]
      ]
    },
    {
      "file_path": "/media/NFS/ttao/scannet/posed_images/scene0606_01/00099.jpg",
      "transform_matrix": [
        [
          0.642308,
          -0.014709,
          -0.766306,
          2.193646
        ],
        [
          0.758219,
          -0.133915,
          0.6381,
          5.38334
        ],
        [
          -0.112006,
          -0.990884,
          -0.074862,
          1.492221
        ],
        [
          0.0,
          0.0,
          0.0,
          1.0
        ]
      ]
    },
    {
      "file_path": "/media/NFS/ttao/scannet/posed_images/scene0606_01/00102.jpg",
      "transform_matrix": [
        [
          0.636145,
          -0.017341,
          -0.771374,
          2.205617
        ],
        [
          0.764493,
          -0.120924,
          0.633189,
          5.400672
        ],
        [
          -0.104258,
          -0.99251,
          -0.063668,
          1.507793
        ],
        [
          0.0,
          0.0,
          0.0,
          1.0
        ]
      ]
    },
    {
      "file_path": "/media/NFS/ttao/scannet/posed_images/scene0606_01/00113.jpg",
      "transform_matrix": [
        [
          0.636536,
          -0.049234,
          -0.769674,
          2.225905
        ],
        [
          0.764761,
          -0.088856,
          0.638158,
          5.428258
        ],
        [
          -0.099809,
          -0.994827,
          -0.018908,
          1.540529
        ],
        [
          0.0,
          0.0,
          0.0,
          1.0
        ]
      ]
    },
    {
      "file_path": "/media/NFS/ttao/scannet/posed_images/scene0606_01/00122.jpg",
      "transform_matrix": [
        [
          0.651744,
          -0.080355,
          -0.754171,
          2.230402
        ],
        [
          0.752222,
          -0.058575,
          0.656301,
          5.420944
        ],
        [
          -0.096912,
          -0.995044,
          0.022269,
          1.573483
        ],
        [
          0.0,
          0.0,
          0.0,
          1.0
        ]
      ]
    },
    {
      "file_path": "/media/NFS/ttao/scannet/posed_images/scene0606_01/00133.jpg",
      "transform_matrix": [
        [
          0.725334,
          -0.113226,
          -0.679021,
          2.221729
        ],
        [
          0.682381,
          -0.011864,
          0.730901,
          5.386795
        ],
        [
          -0.090813,
          -0.993498,
          0.068658,
          1.596481
        ],
        [
          0.0,
          0.0,
          0.0,
          1.0
        ]
      ]
    },
    {
      "file_path": "/media/NFS/ttao/scannet/posed_images/scene0606_01/00147.jpg",
      "transform_matrix": [
        [
          0.809098,
          -0.107503,
          -0.577756,
          2.190323
        ],
        [
          0.576227,
          -0.047963,
          0.815881,
          5.359853
        ],
        [
          -0.115421,
          -0.993047,
          0.023139,
          1.559207
        ],
        [
          0.0,
          0.0,
          0.0,
          1.0
        ]
      ]
    },
    {
      "file_path": "/media/NFS/ttao/scannet/posed_images/scene0606_01/00153.jpg",
      "transform_matrix": [
        [
          0.825385,
          -0.07569,
          -0.559474,
          2.153376
        ],
        [
          0.550375,
          -0.11295,
          0.827242,
          5.344857
        ],
        [
          -0.125807,
          -0.990714,
          -0.05157,
          1.531515
        ],
        [
          0.0,
          0.0,
          0.0,
          1.0
        ]
      ]
    },
    {
      "file_path": "/media/NFS/ttao/scannet/posed_images/scene0606_01/00161.jpg",
      "transform_matrix": [
        [
          0.812255,
          -0.036696,
          -0.582147,
          2.153368
        ],
        [
          0.568184,
          -0.175975,
          0.803866,
          5.352666
        ],
        [
          -0.131942,
          -0.98371,
          -0.122087,
          1.496108
        ],
        [
          0.0,
          0.0,
          0.0,
          1.0
        ]
      ]
    },
    {
      "file_path": "/media/NFS/ttao/scannet/posed_images/scene0606_01/00167.jpg",
      "transform_matrix": [
        [
          0.825371,
          0.007567,
          -0.56454,
          2.129739
        ],
        [
          0.554002,
          -0.203599,
          0.807236,
          5.349911
        ],
        [
          -0.108831,
          -0.979025,
          -0.172237,
          1.485144
        ],
        [
          0.0,
          0.0,
          0.0,
          1.0
        ]
      ]
    },
    {
      "file_path": "/media/NFS/ttao/scannet/posed_images/scene0606_01/00181.jpg",
      "transform_matrix": [
        [
          0.813593,
          0.076438,
          -0.576388,
          2.052293
        ],
        [
          0.580457,
          -0.16423,
          0.797558,
          5.303584
        ],
        [
          -0.033697,
          -0.983456,
          -0.177985,
          1.453452
        ],
        [
          0.0,
          0.0,
          0.0,
          1.0
        ]
      ]
    },
    {
      "file_path": "/media/NFS/ttao/scannet/posed_images/scene0606_01/00187.jpg",
      "transform_matrix": [
        [
          0.849352,
          0.072824,
          -0.522779,
          1.958895
        ],
        [
          0.526626,
          -0.18369,
          0.830014,
          5.245863
        ],
        [
          -0.035584,
          -0.980283,
          -0.194368,
          1.445764
        ],
        [
          0.0,
          0.0,
          0.0,
          1.0
        ]
      ]
    },
    {
      "file_path": "/media/NFS/ttao/scannet/posed_images/scene0606_01/00198.jpg",
      "transform_matrix": [
        [
          0.876096,
          0.066057,
          -0.47759,
          1.817912
        ],
        [
          0.475629,
          -0.280614,
          0.833687,
          5.152782
        ],
        [
          -0.078948,
          -0.957545,
          -0.277263,
          1.434605
        ],
        [
          0.0,
          0.0,
          0.0,
          1.0
        ]
      ]
    },
    {
      "file_path": "/media/NFS/ttao/scannet/posed_images/scene0606_01/00210.jpg",
      "transform_matrix": [
        [
          0.893552,
          0.141655,
          -0.426027,
          1.765237
        ],
        [
          0.4482,
          -0.336624,
          0.828131,
          5.068495
        ],
        [
          -0.026102,
          -0.930923,
          -0.364281,
          1.406562
        ],
        [
          0.0,
          0.0,
          0.0,
          1.0
        ]
      ]
    },
    {
      "file_path": "/media/NFS/ttao/scannet/posed_images/scene0606_01/00221.jpg",
      "transform_matrix": [
        [
          0.869551,
          0.189157,
          -0.456181,
          1.766451
        ],
        [
          0.49174,
          -0.416807,
          0.764502,
          4.954414
        ],
        [
          -0.045528,
          -0.889096,
          -0.455451,
          1.355607
        ],
        [
          0.0,
          0.0,
          0.0,
          1.0
        ]
      ]
    },
    {
      "file_path": "/media/NFS/ttao/scannet/posed_images/scene0606_01/00229.jpg",
      "transform_matrix": [
        [
          0.887354,
          0.210481,
          -0.410243,
          1.764807
        ],
        [
          0.459367,
          -0.480356,
          0.747155,
          4.889878
        ],
        [
          -0.0398,
          -0.851444,
          -0.522934,
          1.341608
        ],
        [
          0.0,
          0.0,
          0.0,
          1.0
        ]
      ]
    },
    {
      "file_path": "/media/NFS/ttao/scannet/posed_images/scene0606_01/00241.jpg",
      "transform_matrix": [
        [
          0.898485,
          0.172442,
          -0.403718,
          1.757355
        ],
        [
          0.430844,
          -0.522853,
          0.735526,
          4.823436
        ],
        [
          -0.08425,
          -0.834799,
          -0.544071,
          1.349368
        ],
        [
          0.0,
          0.0,
          0.0,
          1.0
        ]
      ]
    },
    {
      "file_path": "/media/NFS/ttao/scannet/posed_images/scene0606_01/00244.jpg",
      "transform_matrix": [
        [
          0.8986,
          0.157864,
          -0.409385,
          1.762995
        ],
        [
          0.425579,
          -0.540636,
          0.725669,
          4.809901
        ],
        [
          -0.106771,
          -0.826312,
          -0.553,
          1.343944
        ],
        [
          0.0,
          0.0,
          0.0,
          1.0
        ]
      ]
    },
    {
      "file_path": "/media/NFS/ttao/scannet/posed_images/scene0606_01/00252.jpg",
      "transform_matrix": [
        [
          0.912586,
          0.153611,
          -0.378933,
          1.786504
        ],
        [
          0.394512,
          -0.574345,
          0.717278,
          4.773211
        ],
        [
          -0.107456,
          -0.804072,
          -0.584741,
          1.339895
        ],
        [
          0.0,
          0.0,
          0.0,
          1.0
        ]
      ]
    },
    {
      "file_path": "/media/NFS/ttao/scannet/posed_images/scene0606_01/00263.jpg",
      "transform_matrix": [
        [
          0.898854,
          0.173836,
          -0.402297,
          1.882426
        ],
        [
          0.430297,
          -0.524144,
          0.734927,
          4.76252
        ],
        [
          -0.083105,
          -0.833699,
          -0.54593,
          1.308282
        ],
        [
          0.0,
          0.0,
          0.0,
          1.0
        ]
      ]
    },
    {
      "file_path": "/media/NFS/ttao/scannet/posed_images/scene0606_01/00275.jpg",
      "transform_matrix": [
        [
          0.800026,
          0.303575,
          -0.517494,
          2.007075
        ],
        [
          0.59552,
          -0.506605,
          0.623464,
          4.751544
        ],
        [
          -0.072896,
          -0.806966,
          -0.586082,
          1.297716
        ],
        [
          0.0,
          0.0,
          0.0,
          1.0
        ]
      ]
    },
    {
      "file_path": "/media/NFS/ttao/scannet/posed_images/scene0606_01/00289.jpg",
      "transform_matrix": [
        [
          0.751532,
          0.239002,
          -0.61488,
          2.054167
        ],
        [
          0.653425,
          -0.397901,
          0.643981,
          4.723247
        ],
        [
          -0.090749,
          -0.88575,
          -0.455205,
          1.364679
        ],
        [
          0.0,
          0.0,
          0.0,
          1.0
        ]
      ]
    },
    {
      "file_path": "/media/NFS/ttao/scannet/posed_images/scene0606_01/00295.jpg",
      "transform_matrix": [
        [
          0.733896,
          0.235338,
          -0.637191,
          2.070571
        ],
        [
          0.67527,
          -0.354317,
          0.646893,
          4.709619
        ],
        [
          -0.073529,
          -0.905028,
          -0.418949,
          1.384687
        ],
        [
          0.0,
          0.0,
          0.0,
          1.0
        ]
      ]
    },
    {
      "file_path": "/media/NFS/ttao/scannet/posed_images/scene0606_01/00303.jpg",
      "transform_matrix": [
        [
          0.718326,
          0.200119,
          -0.666304,
          2.103284
        ],
        [
          0.693535,
          -0.281605,
          0.663105,
          4.684677
        ],
        [
          -0.054934,
          -0.93843,
          -0.341073,
          1.408651
        ],
        [
          0.0,
          0.0,
          0.0,
          1.0
        ]
      ]
    },
    {
      "file_path": "/media/NFS/ttao/scannet/posed_images/scene0606_01/00312.jpg",
      "transform_matrix": [
        [
          0.665013,
          0.231244,
          -0.710129,
          2.110133
        ],
        [
          0.745334,
          -0.265689,
          0.611463,
          4.710403
        ],
        [
          -0.047276,
          -0.935914,
          -0.349041,
          1.408174
        ],
        [
          0.0,
          0.0,
          0.0,
          1.0
        ]
      ]
    },
    {
      "file_path": "/media/NFS/ttao/scannet/posed_images/scene0606_01/00326.jpg",
      "transform_matrix": [
        [
          0.624157,
          0.209146,
          -0.752786,
          2.138257
        ],
        [
          0.77873,
          -0.244611,
          0.577707,
          4.824503
        ],
        [
          -0.063315,
          -0.946796,
          -0.315544,
          1.409307
        ],
        [
          0.0,
          0.0,
          0.0,
          1.0
        ]
      ]
    },
    {
      "file_path": "/media/NFS/ttao/scannet/posed_images/scene0606_01/00329.jpg",
      "transform_matrix": [
        [
          0.615057,
          0.204964,
          -0.761377,
          2.142599
        ],
        [
          0.785817,
          -0.23868,
          0.570547,
          4.839823
        ],
        [
          -0.064784,
          -0.949221,
          -0.307866,
          1.409856
        ],
        [
          0.0,
          0.0,
          0.0,
          1.0
        ]
      ]
    },
    {
      "file_path": "/media/NFS/ttao/scannet/posed_images/scene0606_01/00340.jpg",
      "transform_matrix": [
        [
          0.54411,
          0.198343,
          -0.815233,
          2.165889
        ],
        [
          0.836216,
          -0.207485,
          0.507635,
          4.850164
        ],
        [
          -0.068463,
          -0.95792,
          -0.278752,
          1.402545
        ],
        [
          0.0,
          0.0,
          0.0,
          1.0
        ]
      ]
    },
    {
      "file_path": "/media/NFS/ttao/scannet/posed_images/scene0606_01/00354.jpg",
      "transform_matrix": [
        [
          0.474162,
          0.279308,
          -0.83496,
          2.172658
        ],
        [
          0.879703,
          -0.189018,
          0.436342,
          4.830871
        ],
        [
          -0.035949,
          -0.941414,
          -0.335333,
          1.369877
        ],
        [
          0.0,
          0.0,
          0.0,
          1.0
        ]
      ]
    },
    {
      "file_path": "/media/NFS/ttao/scannet/posed_images/scene0606_01/00357.jpg",
      "transform_matrix": [
        [
          0.468031,
          0.284848,
          -0.836545,
          2.172721
        ],
        [
          0.883669,
          -0.160186,
          0.439852,
          4.821423
        ],
        [
          -0.008712,
          -0.945094,
          -0.326683,
          1.361649
        ],
        [
          0.0,
          0.0,
          0.0,
          1.0
        ]
      ]
    },
    {
      "file_path": "/media/NFS/ttao/scannet/posed_images/scene0606_01/00374.jpg",
      "transform_matrix": [
        [
          0.395999,
          0.258222,
          -0.881196,
          2.203388
        ],
        [
          0.917988,
          -0.088379,
          0.386635,
          4.743055
        ],
        [
          0.021959,
          -0.962035,
          -0.272043,
          1.382599
        ],
        [
          0.0,
          0.0,
          0.0,
          1.0
        ]
      ]
    },
    {
      "file_path": "/media/NFS/ttao/scannet/posed_images/scene0606_01/00377.jpg",
      "transform_matrix": [
        [
          0.390407,
          0.249653,
          -0.886146,
          2.214023
        ],
        [
          0.920341,
          -0.081191,
          0.382598,
          4.727026
        ],
        [
          0.023569,
          -0.964926,
          -0.261464,
          1.384804
        ],
        [
          0.0,
          0.0,
          0.0,
          1.0
        ]
      ]
    },
    {
      "file_path": "/media/NFS/ttao/scannet/posed_images/scene0606_01/00388.jpg",
      "transform_matrix": [
        [
          0.381971,
          0.186337,
          -0.905194,
          2.265409
        ],
        [
          0.92413,
          -0.086533,
          0.372149,
          4.697019
        ],
        [
          -0.008984,
          -0.978668,
          -0.205253,
          1.411643
        ],
        [
          0.0,
          0.0,
          0.0,
          1.0
        ]
      ]
    },
    {
      "file_path": "/media/NFS/ttao/scannet/posed_images/scene0606_01/00402.jpg",
      "transform_matrix": [
        [
          0.359046,
          0.054351,
          -0.931736,
          2.31569
        ],
        [
          0.93145,
          -0.084021,
          0.354035,
          4.701478
        ],
        [
          -0.059043,
          -0.994981,
          -0.080792,
          1.443319
        ],
        [
          0.0,
          0.0,
          0.0,
          1.0
        ]
      ]
    },
    {
      "file_path": "/media/NFS/ttao/scannet/posed_images/scene0606_01/00405.jpg",
      "transform_matrix": [
        [
          0.358865,
          0.039292,
          -0.932562,
          2.317899
        ],
        [
          0.930785,
          -0.089657,
          0.354403,
          4.706323
        ],
        [
          -0.069686,
          -0.995197,
          -0.068747,
          1.45081
        ],
        [
          0.0,
          0.0,
          0.0,
          1.0
        ]
      ]
    },
    {
      "file_path": "/media/NFS/ttao/scannet/posed_images/scene0606_01/00419.jpg",
      "transform_matrix": [
        [
          0.410968,
          -0.056963,
          -0.909868,
          2.331028
        ],
        [
          0.907488,
          -0.0697,
          0.414256,
          4.710824
        ],
        [
          -0.087015,
          -0.99594,
          0.023048,
          1.486232
        ],
        [
          0.0,
          0.0,
          0.0,
          1.0
        ]
      ]
    },
    {
      "file_path": "/media/NFS/ttao/scannet/posed_images/scene0606_01/00428.jpg",
      "transform_matrix": [
        [
          0.395404,
          -0.090425,
          -0.914045,
          2.339082
        ],
        [
          0.913112,
          -0.069009,
          0.401827,
          4.721386
        ],
        [
          -0.099413,
          -0.99351,
          0.055282,
          1.501774
        ],
        [
          0.0,
          0.0,
          0.0,
          1.0
        ]
      ]
    },
    {
      "file_path": "/media/NFS/ttao/scannet/posed_images/scene0606_01/00433.jpg",
      "transform_matrix": [
        [
          0.378309,
          -0.084654,
          -0.9218,
          2.33814
        ],
        [
          0.920179,
          -0.074008,
          0.38444,
          4.724449
        ],
        [
          -0.100765,
          -0.993658,
          0.049899,
          1.473116
        ],
        [
          0.0,
          0.0,
          0.0,
          1.0
        ]
      ]
    },
    {
      "file_path": "/media/NFS/ttao/scannet/posed_images/scene0606_01/00447.jpg",
      "transform_matrix": [
        [
          0.36897,
          0.121105,
          -0.921518,
          2.294974
        ],
        [
          0.925904,
          -0.134309,
          0.353075,
          4.722475
        ],
        [
          -0.081009,
          -0.983511,
          -0.161687,
          1.420584
        ],
        [
          0.0,
          0.0,
          0.0,
          1.0
        ]
      ]
    },
    {
      "file_path": "/media/NFS/ttao/scannet/posed_images/scene0606_01/00450.jpg",
      "transform_matrix": [
        [
          0.365254,
          0.148316,
          -0.919017,
          2.284304
        ],
        [
          0.927952,
          -0.136621,
          0.346757,
          4.716209
        ],
        [
          -0.074128,
          -0.979458,
          -0.187532,
          1.417827
        ],
        [
          0.0,
          0.0,
          0.0,
          1.0
        ]
      ]
    },
    {
      "file_path": "/media/NFS/ttao/scannet/posed_images/scene0606_01/00462.jpg",
      "transform_matrix": [
        [
          0.334146,
          0.278124,
          -0.900552,
          2.256919
        ],
        [
          0.941964,
          -0.13141,
          0.308927,
          4.712677
        ],
        [
          -0.032421,
          -0.951514,
          -0.305893,
          1.373338
        ],
        [
          0.0,
          0.0,
          0.0,
          1.0
        ]
      ]
    },
    {
      "file_path": "/media/NFS/ttao/scannet/posed_images/scene0606_01/00473.jpg",
      "transform_matrix": [
        [
          0.324827,
          0.36276,
          -0.873437,
          2.25019
        ],
        [
          0.945662,
          -0.138741,
          0.294065,
          4.707135
        ],
        [
          -0.014506,
          -0.921497,
          -0.388115,
          1.334884
        ],
        [
          0.0,
          0.0,
          0.0,
          1.0
        ]
      ]
    },
    {
      "file_path": "/media/NFS/ttao/scannet/posed_images/scene0606_01/00481.jpg",
      "transform_matrix": [
        [
          0.273142,
          0.397963,
          -0.875796,
          2.256589
        ],
        [
          0.961945,
          -0.105894,
          0.251891,
          4.697489
        ],
        [
          0.007501,
          -0.911269,
          -0.411743,
          1.329857
        ],
        [
          0.0,
          0.0,
          0.0,
          1.0
        ]
      ]
    },
    {
      "file_path": "/media/NFS/ttao/scannet/posed_images/scene0606_01/00496.jpg",
      "transform_matrix": [
        [
          0.189799,
          0.38762,
          -0.902068,
          2.271595
        ],
        [
          0.980756,
          -0.032036,
          0.192589,
          4.662535
        ],
        [
          0.045753,
          -0.921263,
          -0.386241,
          1.33533
        ],
        [
          0.0,
          0.0,
          0.0,
          1.0
        ]
      ]
    },
    {
      "file_path": "/media/NFS/ttao/scannet/posed_images/scene0606_01/00498.jpg",
      "transform_matrix": [
        [
          0.187796,
          0.386812,
          -0.902834,
          2.273468
        ],
        [
          0.980888,
          -0.026211,
          0.192801,
          4.65636
        ],
        [
          0.050913,
          -0.921786,
          -0.384341,
          1.333965
        ],
        [
          0.0,
          0.0,
          0.0,
          1.0
        ]
      ]
    },
    {
      "file_path": "/media/NFS/ttao/scannet/posed_images/scene0606_01/00515.jpg",
      "transform_matrix": [
        [
          0.098063,
          0.346391,
          -0.932951,
          2.311697
        ],
        [
          0.993401,
          0.021954,
          0.112568,
          4.608015
        ],
        [
          0.059475,
          -0.937833,
          -0.341952,
          1.337666
        ],
        [
          0.0,
          0.0,
          0.0,
          1.0
        ]
      ]
    },
    {
      "file_path": "/media/NFS/ttao/scannet/posed_images/scene0606_01/00518.jpg",
      "transform_matrix": [
        [
          0.093164,
          0.357003,
          -0.929446,
          2.314083
        ],
        [
          0.993474,
          0.028358,
          0.110474,
          4.599841
        ],
        [
          0.065797,
          -0.933673,
          -0.352032,
          1.33903
        ],
        [
          0.0,
          0.0,
          0.0,
          1.0
        ]
      ]
    },
    {
      "file_path": "/media/NFS/ttao/scannet/posed_images/scene0606_01/00532.jpg",
      "transform_matrix": [
        [
          -0.01505,
          0.441978,
          -0.896899,
          2.331599
        ],
        [
          0.99686,
          0.076374,
          0.020909,
          4.551428
        ],
        [
          0.077741,
          -0.893769,
          -0.44174,
          1.306136
        ],
        [
          0.0,
          0.0,
          0.0,
          1.0
        ]
      ]
    },
    {
      "file_path": "/media/NFS/ttao/scannet/posed_images/scene0606_01/00538.jpg",
      "transform_matrix": [
        [
          -0.03873,
          0.454768,
          -0.889767,
          2.334442
        ],
        [
          0.99662,
          0.08214,
          -0.001399,
          4.542234
        ],
        [
          0.072449,
          -0.886814,
          -0.456412,
          1.302984
        ],
        [
          0.0,
          0.0,
          0.0,
          1.0
        ]
      ]
    },
    {
      "file_path": "/media/NFS/ttao/scannet/posed_images/scene0606_01/00552.jpg",
      "transform_matrix": [
        [
          -0.028098,
          0.377946,
          -0.925401,
          2.325458
        ],
        [
          0.999317,
          0.032831,
          -0.016934,
          4.557301
        ],
        [
          0.023982,
          -0.925245,
          -0.378611,
          1.344889
        ],
        [
          0.0,
          0.0,
          0.0,
          1.0
        ]
      ]
    },
    {
      "file_path": "/media/NFS/ttao/scannet/posed_images/scene0606_01/00558.jpg",
      "transform_matrix": [
        [
          -0.012209,
          0.350429,
          -0.936509,
          2.315673
        ],
        [
          0.99992,
          0.001191,
          -0.01259,
          4.578097
        ],
        [
          -0.003297,
          -0.936589,
          -0.350416,
          1.355779
        ],
        [
          0.0,
          0.0,
          0.0,
          1.0
        ]
      ]
    },
    {
      "file_path": "/media/NFS/ttao/scannet/posed_images/scene0606_01/00566.jpg",
      "transform_matrix": [
        [
          -0.040347,
          0.315105,
          -0.948199,
          2.302754
        ],
        [
          0.999171,
          0.007521,
          -0.040017,
          4.581233
        ],
        [
          -0.005479,
          -0.949027,
          -0.315147,
          1.370165
        ],
        [
          0.0,
          0.0,
          0.0,
          1.0
        ]
      ]
    },
    {
      "file_path": "/media/NFS/ttao/scannet/posed_images/scene0606_01/00578.jpg",
      "transform_matrix": [
        [
          -0.060548,
          0.294313,
          -0.953789,
          2.312017
        ],
        [
          0.998156,
          0.022024,
          -0.056569,
          4.542868
        ],
        [
          0.004357,
          -0.955455,
          -0.295103,
          1.389423
        ],
        [
          0.0,
          0.0,
          0.0,
          1.0
        ]
      ]
    },
    {
      "file_path": "/media/NFS/ttao/scannet/posed_images/scene0606_01/00586.jpg",
      "transform_matrix": [
        [
          -0.094473,
          0.284105,
          -0.954127,
          2.337226
        ],
        [
          0.995442,
          0.039512,
          -0.086799,
          4.488735
        ],
        [
          0.013039,
          -0.957979,
          -0.286543,
          1.390045
        ],
        [
          0.0,
          0.0,
          0.0,
          1.0
        ]
      ]
    },
    {
      "file_path": "/media/NFS/ttao/scannet/posed_images/scene0606_01/00592.jpg",
      "transform_matrix": [
        [
          -0.129589,
          0.281112,
          -0.950885,
          2.364109
        ],
        [
          0.991567,
          0.035821,
          -0.124544,
          4.466029
        ],
        [
          -0.000949,
          -0.959006,
          -0.283383,
          1.378571
        ],
        [
          0.0,
          0.0,
          0.0,
          1.0
        ]
      ]
    },
    {
      "file_path": "/media/NFS/ttao/scannet/posed_images/scene0606_01/00606.jpg",
      "transform_matrix": [
        [
          -0.142624,
          0.219169,
          -0.965206,
          2.395272
        ],
        [
          0.989664,
          0.016873,
          -0.142407,
          4.431483
        ],
        [
          -0.014925,
          -0.975541,
          -0.21931,
          1.408981
        ],
        [
          0.0,
          0.0,
          0.0,
          1.0
        ]
      ]
    },
    {
      "file_path": "/media/NFS/ttao/scannet/posed_images/scene0606_01/00612.jpg",
      "transform_matrix": [
        [
          -0.149313,
          0.188258,
          -0.970703,
          2.396491
        ],
        [
          0.98873,
          0.01764,
          -0.148665,
          4.430757
        ],
        [
          -0.010864,
          -0.981961,
          -0.18877,
          1.443742
        ],
        [
          0.0,
          0.0,
          0.0,
          1.0
        ]
      ]
    },
    {
      "file_path": "/media/NFS/ttao/scannet/posed_images/scene0606_01/00620.jpg",
      "transform_matrix": [
        [
          -0.139023,
          0.124459,
          -0.982437,
          2.408611
        ],
        [
          0.990268,
          0.01106,
          -0.13873,
          4.433287
        ],
        [
          -0.0064,
          -0.992163,
          -0.124786,
          1.451241
        ],
        [
          0.0,
          0.0,
          0.0,
          1.0
        ]
      ]
    },
    {
      "file_path": "/media/NFS/ttao/scannet/posed_images/scene0606_01/00637.jpg",
      "transform_matrix": [
        [
          -0.227169,
          0.102455,
          -0.968451,
          2.416677
        ],
        [
          0.973412,
          -0.006124,
          -0.22898,
          4.430573
        ],
        [
          -0.02939,
          -0.994719,
          -0.09834,
          1.472255
        ],
        [
          0.0,
          0.0,
          0.0,
          1.0
        ]
      ]
    },
    {
      "file_path": "/media/NFS/ttao/scannet/posed_images/scene0606_01/00646.jpg",
      "transform_matrix": [
        [
          -0.283547,
          0.026955,
          -0.958579,
          2.428909
        ],
        [
          0.958958,
          0.006733,
          -0.283469,
          4.434655
        ],
        [
          -0.001187,
          -0.999614,
          -0.027758,
          1.500767
        ],
        [
          0.0,
          0.0,
          0.0,
          1.0
        ]
      ]
    },
    {
      "file_path": "/media/NFS/ttao/scannet/posed_images/scene0606_01/00657.jpg",
      "transform_matrix": [
        [
          -0.275888,
          -0.055142,
          -0.959607,
          2.443236
        ],
        [
          0.960629,
          0.018275,
          -0.277232,
          4.440647
        ],
        [
          0.032824,
          -0.998311,
          0.047929,
          1.516206
        ],
        [
          0.0,
          0.0,
          0.0,
          1.0
        ]
      ]
    },
    {
      "file_path": "/media/NFS/ttao/scannet/posed_images/scene0606_01/00660.jpg",
      "transform_matrix": [
        [
          -0.273545,
          -0.065992,
          -0.959593,
          2.449255
        ],
        [
          0.961567,
          0.005811,
          -0.274508,
          4.437559
        ],
        [
          0.023692,
          -0.997803,
          0.061866,
          1.509637
        ],
        [
          0.0,
          0.0,
          0.0,
          1.0
        ]
      ]
    },
    {
      "file_path": "/media/NFS/ttao/scannet/posed_images/scene0606_01/00668.jpg",
      "transform_matrix": [
        [
          -0.278268,
          -0.084019,
          -0.956822,
          2.456329
        ],
        [
          0.960215,
          9.5e-05,
          -0.279263,
          4.43673
        ],
        [
          0.023554,
          -0.996464,
          0.08065,
          1.523063
        ],
        [
          0.0,
          0.0,
          0.0,
          1.0
        ]
      ]
    },
    {
      "file_path": "/media/NFS/ttao/scannet/posed_images/scene0606_01/00685.jpg",
      "transform_matrix": [
        [
          -0.395737,
          0.033078,
          -0.917768,
          2.457543
        ],
        [
          0.918343,
          0.007451,
          -0.395716,
          4.405471
        ],
        [
          -0.006251,
          -0.999425,
          -0.033326,
          1.468878
        ],
        [
          0.0,
          0.0,
          0.0,
          1.0
        ]
      ]
    },
    {
      "file_path": "/media/NFS/ttao/scannet/posed_images/scene0606_01/00688.jpg",
      "transform_matrix": [
        [
          -0.41224,
          0.052482,
          -0.909562,
          2.460529
        ],
        [
          0.910999,
          0.010791,
          -0.412268,
          4.395772
        ],
        [
          -0.011821,
          -0.998564,
          -0.05226,
          1.468145
        ],
        [
          0.0,
          0.0,
          0.0,
          1.0
        ]
      ]
    },
    {
      "file_path": "/media/NFS/ttao/scannet/posed_images/scene0606_01/00697.jpg",
      "transform_matrix": [
        [
          -0.383235,
          0.120986,
          -0.915693,
          2.45778
        ],
        [
          0.923595,
          0.061135,
          -0.378465,
          4.370327
        ],
        [
          0.010192,
          -0.99077,
          -0.135171,
          1.417317
        ],
        [
          0.0,
          0.0,
          0.0,
          1.0
        ]
      ]
    },
    {
      "file_path": "/media/NFS/ttao/scannet/posed_images/scene0606_01/00705.jpg",
      "transform_matrix": [
        [
          -0.422824,
          0.248097,
          -0.871589,
          2.440707
        ],
        [
          0.906199,
          0.120873,
          -0.405208,
          4.352554
        ],
        [
          0.004821,
          -0.961165,
          -0.275934,
          1.385535
        ],
        [
          0.0,
          0.0,
          0.0,
          1.0
        ]
      ]
    },
    {
      "file_path": "/media/NFS/ttao/scannet/posed_images/scene0606_01/00716.jpg",
      "transform_matrix": [
        [
          -0.490164,
          0.34011,
          -0.802536,
          2.43286
        ],
        [
          0.871178,
          0.16151,
          -0.463641,
          4.369653
        ],
        [
          -0.028071,
          -0.926412,
          -0.375463,
          1.354534
        ],
        [
          0.0,
          0.0,
          0.0,
          1.0
        ]
      ]
    },
    {
      "file_path": "/media/NFS/ttao/scannet/posed_images/scene0606_01/00731.jpg",
      "transform_matrix": [
        [
          -0.507496,
          0.409324,
          -0.758223,
          2.464166
        ],
        [
          0.859307,
          0.175516,
          -0.480402,
          4.367277
        ],
        [
          -0.06356,
          -0.895348,
          -0.440808,
          1.320876
        ],
