{
  "frames": [
    {
      "file_path": "/media/NFS/ttao/scannet/posed_images/scene0406_00/00001.jpg",
      "transform_matrix": [
        [
          0.994824,
          0.045758,
          -0.09073,
          1.184947
        ],
        [
          0.100157,
          -0.59229,
          0.799476,
          1.135768
        ],
        [
          -0.017156,
          -0.804425,
          -0.593807,
          1.251274
        ],
        [
          0.0,
          0.0,
          0.0,
          1.0
        ]
      ]
    },
    {
      "file_path": "/media/NFS/ttao/scannet/posed_images/scene0406_00/00007.jpg",
      "transform_matrix": [
        [
          0.995454,
          0.048019,
          -0.082255,
          1.185058
        ],
        [
          0.094757,
          -0.586605,
          0.804311,
          1.137517
        ],
        [
          -0.009629,
          -0.808449,
          -0.588488,
          1.252686
        ],
        [
          0.0,
          0.0,
          0.0,
          1.0
        ]
      ]
    },
    {
      "file_path": "/media/NFS/ttao/scannet/posed_images/scene0406_00/00011.jpg",
      "transform_matrix": [
        [
          0.995655,
          0.046824,
          -0.080492,
          1.18687
        ],
        [
          0.092535,
          -0.594246,
          0.798942,
          1.142145
        ],
        [
          -0.010422,
          -0.802919,
          -0.595997,
          1.256182
        ],
        [
          0.0,
          0.0,
          0.0,
          1.0
        ]
      ]
    },
    {
      "file_path": "/media/NFS/ttao/scannet/posed_images/scene0406_00/00014.jpg",
      "transform_matrix": [
        [
          0.99546,
          0.048358,
          -0.081987,
          1.187503
        ],
        [
          0.094657,
          -0.593593,
          0.799179,
          1.141647
        ],
        [
          -0.01002,
          -0.803311,
          -0.595475,
          1.254898
        ],
        [
          0.0,
          0.0,
          0.0,
          1.0
        ]
      ]
    },
    {
      "file_path": "/media/NFS/ttao/scannet/posed_images/scene0406_00/00020.jpg",
      "transform_matrix": [
        [
          0.994208,
          0.051508,
          -0.094323,
          1.191141
        ],
        [
          0.106476,
          -0.591201,
          0.799465,
          1.138571
        ],
        [
          -0.014585,
          -0.804878,
          -0.593261,
          1.249731
        ],
        [
          0.0,
          0.0,
          0.0,
          1.0
        ]
      ]
    },
    {
      "file_path": "/media/NFS/ttao/scannet/posed_images/scene0406_00/00025.jpg",
      "transform_matrix": [
        [
          0.991719,
          0.053257,
          -0.116867,
          1.196006
        ],
        [
          0.126266,
          -0.570632,
          0.811441,
          1.138799
        ],
        [
          -0.023473,
          -0.819477,
          -0.572631,
          1.25775
        ],
        [
          0.0,
          0.0,
          0.0,
          1.0
        ]
      ]
    },
    {
      "file_path": "/media/NFS/ttao/scannet/posed_images/scene0406_00/00027.jpg",
      "transform_matrix": [
        [
          0.99144,
          0.052893,
          -0.119375,
          1.196904
        ],
        [
          0.128187,
          -0.56812,
          0.812901,
          1.138696
        ],
        [
          -0.024823,
          -0.821244,
          -0.570037,
          1.25745
        ],
        [
          0.0,
          0.0,
          0.0,
          1.0
        ]
      ]
    },
    {
      "file_path": "/media/NFS/ttao/scannet/posed_images/scene0406_00/00033.jpg",
      "transform_matrix": [
        [
          0.995518,
          0.041651,
          -0.084907,
          1.194493
        ],
        [
          0.093203,
          -0.584363,
          0.806122,
          1.140103
        ],
        [
          -0.01604,
          -0.810423,
          -0.585626,
          1.248043
        ],
        [
          0.0,
          0.0,
          0.0,
          1.0
        ]
      ]
    },
    {
      "file_path": "/media/NFS/ttao/scannet/posed_images/scene0406_00/00040.jpg",
      "transform_matrix": [
        [
          0.9995,
          0.004037,
          -0.031367,
          1.18645
        ],
        [
          0.026998,
          -0.625473,
          0.779778,
          1.135123
        ],
        [
          -0.016471,
          -0.780235,
          -0.625269,
          1.214532
        ],
        [
          0.0,
          0.0,
          0.0,
          1.0
        ]
      ]
    },
    {
      "file_path": "/media/NFS/ttao/scannet/posed_images/scene0406_00/00041.jpg",
      "transform_matrix": [
        [
          0.999579,
          -0.003048,
          -0.028861,
          1.184026
        ],
        [
          0.02067,
          -0.623291,
          0.781717,
          1.132303
        ],
        [
          -0.020371,
          -0.781984,
          -0.622965,
          1.210184
        ],
        [
          0.0,
          0.0,
          0.0,
          1.0
        ]
      ]
    },
    {
      "file_path": "/media/NFS/ttao/scannet/posed_images/scene0406_00/00048.jpg",
      "transform_matrix": [
        [
          0.999514,
          -0.011739,
          -0.028886,
          1.167967
        ],
        [
          0.014537,
          -0.644144,
          0.764766,
          1.114534
        ],
        [
          -0.027584,
          -0.764814,
          -0.64366,
          1.179657
        ],
        [
          0.0,
          0.0,
          0.0,
          1.0
        ]
      ]
    },
    {
      "file_path": "/media/NFS/ttao/scannet/posed_images/scene0406_00/00054.jpg",
      "transform_matrix": [
        [
          0.999606,
          -0.010168,
          -0.026176,
          1.160682
        ],
        [
          0.012293,
          -0.679655,
          0.733428,
          1.107111
        ],
        [
          -0.025248,
          -0.733461,
          -0.679263,
          1.161991
        ],
        [
          0.0,
          0.0,
          0.0,
          1.0
        ]
      ]
    },
    {
      "file_path": "/media/NFS/ttao/scannet/posed_images/scene0406_00/00059.jpg",
      "transform_matrix": [
        [
          0.999527,
          -0.008982,
          -0.029404,
          1.159188
        ],
        [
          0.014425,
          -0.707567,
          0.706499,
          1.10762
        ],
        [
          -0.027151,
          -0.706589,
          -0.707103,
          1.152809
        ],
        [
          0.0,
          0.0,
          0.0,
          1.0
        ]
      ]
    },
    {
      "file_path": "/media/NFS/ttao/scannet/posed_images/scene0406_00/00061.jpg",
      "transform_matrix": [
        [
          0.999115,
          -0.022969,
          -0.035238,
          1.162
        ],
        [
          0.008566,
          -0.709078,
          0.705078,
          1.110348
        ],
        [
          -0.041182,
          -0.704756,
          -0.708254,
          1.15556
        ],
        [
          0.0,
          0.0,
          0.0,
          1.0
        ]
      ]
    },
    {
      "file_path": "/media/NFS/ttao/scannet/posed_images/scene0406_00/00068.jpg",
      "transform_matrix": [
        [
          0.998622,
          -0.044331,
          -0.028083,
          1.168413
        ],
        [
          -0.009787,
          -0.683087,
          0.730271,
          1.123503
        ],
        [
          -0.051557,
          -0.72899,
          -0.68258,
          1.174487
        ],
        [
          0.0,
          0.0,
          0.0,
          1.0
        ]
      ]
    },
    {
      "file_path": "/media/NFS/ttao/scannet/posed_images/scene0406_00/00074.jpg",
      "transform_matrix": [
        [
          0.998268,
          -0.058662,
          -0.004454,
          1.173311
        ],
        [
          -0.03575,
          -0.665016,
          0.745973,
          1.138663
        ],
        [
          -0.046722,
          -0.744522,
          -0.665961,
          1.190385
        ],
        [
          0.0,
          0.0,
          0.0,
          1.0
        ]
      ]
    },
    {
      "file_path": "/media/NFS/ttao/scannet/posed_images/scene0406_00/00076.jpg",
      "transform_matrix": [
        [
          0.998551,
          -0.053633,
          -0.004305,
          1.175987
        ],
        [
          -0.032534,
          -0.665584,
          0.745613,
          1.143554
        ],
        [
          -0.042854,
          -0.744393,
          -0.666365,
          1.195251
        ],
        [
          0.0,
          0.0,
          0.0,
          1.0
        ]
      ]
    },
    {
      "file_path": "/media/NFS/ttao/scannet/posed_images/scene0406_00/00079.jpg",
      "transform_matrix": [
        [
          0.999486,
          -0.029772,
          -0.011893,
          1.178548
        ],
        [
          -0.010747,
          -0.660627,
          0.750637,
          1.149299
        ],
        [
          -0.030205,
          -0.750123,
          -0.660608,
          1.205165
        ],
        [
          0.0,
          0.0,
          0.0,
          1.0
        ]
      ]
    },
    {
      "file_path": "/media/NFS/ttao/scannet/posed_images/scene0406_00/00086.jpg",
      "transform_matrix": [
        [
          0.998835,
          0.028714,
          -0.038783,
          1.183605
        ],
        [
          0.048252,
          -0.604608,
          0.795061,
          1.155297
        ],
        [
          -0.000619,
          -0.796006,
          -0.605289,
          1.237794
        ],
        [
          0.0,
          0.0,
          0.0,
          1.0
        ]
      ]
    },
    {
      "file_path": "/media/NFS/ttao/scannet/posed_images/scene0406_00/00089.jpg",
      "transform_matrix": [
        [
          0.998067,
          0.039004,
          -0.048393,
          1.185944
        ],
        [
          0.062076,
          -0.586309,
          0.807706,
          1.161485
        ],
        [
          0.00313,
          -0.809148,
          -0.587596,
          1.254892
        ],
        [
          0.0,
          0.0,
          0.0,
          1.0
        ]
      ]
    },
    {
      "file_path": "/media/NFS/ttao/scannet/posed_images/scene0406_00/00093.jpg",
      "transform_matrix": [
        [
          0.997493,
          0.039914,
          -0.05843,
          1.191285
        ],
        [
          0.070758,
          -0.554584,
          0.829114,
          1.163094
        ],
        [
          0.000689,
          -0.83117,
          -0.556018,
          1.26525
        ],
        [
          0.0,
          0.0,
          0.0,
          1.0
        ]
      ]
    },
    {
      "file_path": "/media/NFS/ttao/scannet/posed_images/scene0406_00/00100.jpg",
      "transform_matrix": [
        [
          0.995115,
          0.030756,
          -0.093807,
          1.195203
        ],
        [
          0.096726,
          -0.493798,
          0.86418,
          1.160968
        ],
        [
          -0.019743,
          -0.869033,
          -0.494361,
          1.293399
        ],
        [
          0.0,
          0.0,
          0.0,
          1.0
        ]
      ]
    },
    {
      "file_path": "/media/NFS/ttao/scannet/posed_images/scene0406_00/00103.jpg",
      "transform_matrix": [
        [
          0.994132,
          0.020978,
          -0.10612,
          1.200798
        ],
        [
          0.103503,
          -0.469617,
          0.876782,
          1.163561
        ],
        [
          -0.031443,
          -0.882621,
          -0.469033,
          1.311631
        ],
        [
          0.0,
          0.0,
          0.0,
          1.0
        ]
      ]
    },
    {
      "file_path": "/media/NFS/ttao/scannet/posed_images/scene0406_00/00107.jpg",
      "transform_matrix": [
        [
          0.9932,
          0.015286,
          -0.115416,
          1.201127
        ],
        [
          0.110695,
          -0.431113,
          0.895482,
          1.163429
        ],
        [
          -0.036069,
          -0.902168,
          -0.429873,
          1.331809
        ],
        [
          0.0,
          0.0,
          0.0,
          1.0
        ]
      ]
    },
    {
      "file_path": "/media/NFS/ttao/scannet/posed_images/scene0406_00/00116.jpg",
      "transform_matrix": [
        [
          0.992778,
          0.00688,
          -0.119772,
          1.198547
        ],
        [
          0.114911,
          -0.341364,
          0.93288,
          1.158251
        ],
        [
          -0.034467,
          -0.939906,
          -0.339689,
          1.355378
        ],
        [
          0.0,
          0.0,
          0.0,
          1.0
        ]
      ]
    },
    {
      "file_path": "/media/NFS/ttao/scannet/posed_images/scene0406_00/00120.jpg",
      "transform_matrix": [
        [
          0.992702,
          0.005335,
          -0.120477,
          1.196683
        ],
        [
          0.115824,
          -0.320398,
          0.940175,
          1.155725
        ],
        [
          -0.033584,
          -0.947268,
          -0.318678,
          1.358541
        ],
        [
          0.0,
          0.0,
          0.0,
          1.0
        ]
      ]
    },
    {
      "file_path": "/media/NFS/ttao/scannet/posed_images/scene0406_00/00122.jpg",
      "transform_matrix": [
        [
          0.992415,
          -0.000292,
          -0.122933,
          1.200442
        ],
        [
          0.116579,
          -0.315114,
          0.941866,
          1.156811
        ],
        [
          -0.039013,
          -0.949054,
          -0.31269,
          1.365164
        ],
        [
          0.0,
          0.0,
          0.0,
          1.0
        ]
      ]
    },
    {
      "file_path": "/media/NFS/ttao/scannet/posed_images/scene0406_00/00130.jpg",
      "transform_matrix": [
        [
          0.993675,
          -0.007125,
          -0.11207,
          1.192019
        ],
        [
          0.106262,
          -0.263095,
          0.9589,
          1.149999
        ],
        [
          -0.036317,
          -0.964743,
          -0.260674,
          1.382987
        ],
        [
          0.0,
          0.0,
          0.0,
          1.0
        ]
      ]
    },
    {
      "file_path": "/media/NFS/ttao/scannet/posed_images/scene0406_00/00134.jpg",
      "transform_matrix": [
        [
          0.993068,
          -0.009596,
          -0.117149,
          1.196051
        ],
        [
          0.111867,
          -0.228779,
          0.967029,
          1.151983
        ],
        [
          -0.03608,
          -0.973431,
          -0.226119,
          1.407531
        ],
        [
          0.0,
          0.0,
          0.0,
          1.0
        ]
      ]
    },
    {
      "file_path": "/media/NFS/ttao/scannet/posed_images/scene0406_00/00139.jpg",
      "transform_matrix": [
        [
          0.992315,
          -0.016787,
          -0.122596,
          1.205834
        ],
        [
          0.118396,
          -0.1592,
          0.980121,
          1.151166
        ],
        [
          -0.03597,
          -0.987104,
          -0.155989,
          1.440082
        ],
        [
          0.0,
          0.0,
          0.0,
          1.0
        ]
      ]
    },
    {
      "file_path": "/media/NFS/ttao/scannet/posed_images/scene0406_00/00141.jpg",
      "transform_matrix": [
        [
          0.992463,
          -0.004343,
          -0.122465,
          1.208383
        ],
        [
          0.120737,
          -0.136216,
          0.983294,
          1.146268
        ],
        [
          -0.020952,
          -0.99067,
          -0.134665,
          1.454213
        ],
        [
          0.0,
          0.0,
          0.0,
          1.0
        ]
      ]
    },
    {
      "file_path": "/media/NFS/ttao/scannet/posed_images/scene0406_00/00148.jpg",
      "transform_matrix": [
        [
          0.99564,
          -0.022488,
          -0.090524,
          1.221096
        ],
        [
          0.088396,
          -0.082292,
          0.99268,
          1.14649
        ],
        [
          -0.029773,
          -0.996354,
          -0.079946,
          1.495264
        ],
        [
          0.0,
          0.0,
          0.0,
          1.0
        ]
      ]
    },
    {
      "file_path": "/media/NFS/ttao/scannet/posed_images/scene0406_00/00153.jpg",
      "transform_matrix": [
        [
          0.998298,
          -0.012593,
          -0.056947,
          1.226178
        ],
        [
          0.056539,
          -0.030647,
          0.99793,
          1.144436
        ],
        [
          -0.014312,
          -0.999451,
          -0.029883,
          1.518872
        ],
        [
          0.0,
          0.0,
          0.0,
          1.0
        ]
      ]
    },
    {
      "file_path": "/media/NFS/ttao/scannet/posed_images/scene0406_00/00158.jpg",
      "transform_matrix": [
        [
          0.998576,
          -0.008712,
          -0.052627,
          1.237426
        ],
        [
          0.052746,
          0.014106,
          0.998508,
          1.140928
        ],
        [
          -0.007957,
          -0.999862,
          0.014545,
          1.546322
        ],
        [
          0.0,
          0.0,
          0.0,
          1.0
        ]
      ]
    },
    {
      "file_path": "/media/NFS/ttao/scannet/posed_images/scene0406_00/00163.jpg",
      "transform_matrix": [
        [
          0.999371,
          0.007892,
          -0.034584,
          1.246756
        ],
        [
          0.034248,
          0.039366,
          0.998638,
          1.143108
        ],
        [
          0.009243,
          -0.999194,
          0.039071,
          1.555786
        ],
        [
          0.0,
          0.0,
          0.0,
          1.0
        ]
      ]
    },
    {
      "file_path": "/media/NFS/ttao/scannet/posed_images/scene0406_00/00164.jpg",
      "transform_matrix": [
        [
          0.999569,
          0.011799,
          -0.026875,
          1.247781
        ],
        [
          0.026392,
          0.039329,
          0.998878,
          1.143981
        ],
        [
          0.012843,
          -0.999157,
          0.039001,
          1.558538
        ],
        [
          0.0,
          0.0,
          0.0,
          1.0
        ]
      ]
    },
    {
      "file_path": "/media/NFS/ttao/scannet/posed_images/scene0406_00/00171.jpg",
      "transform_matrix": [
        [
          0.999491,
          0.021831,
          0.023276,
          1.244024
        ],
        [
          -0.024597,
          0.062362,
          0.99775,
          1.14929
        ],
        [
          0.02033,
          -0.997815,
          0.062867,
          1.567655
        ],
        [
          0.0,
          0.0,
          0.0,
          1.0
        ]
      ]
    },
    {
      "file_path": "/media/NFS/ttao/scannet/posed_images/scene0406_00/00175.jpg",
      "transform_matrix": [
        [
          0.998908,
          0.027335,
          0.037884,
          1.237753
        ],
        [
          -0.039513,
          0.061743,
          0.99731,
          1.152547
        ],
        [
          0.024922,
          -0.997718,
          0.062756,
          1.571437
        ],
        [
          0.0,
          0.0,
          0.0,
          1.0
        ]
      ]
    },
    {
      "file_path": "/media/NFS/ttao/scannet/posed_images/scene0406_00/00181.jpg",
      "transform_matrix": [
        [
          0.993773,
          0.034662,
          0.105894,
          1.22565
        ],
        [
          -0.107794,
          0.058496,
          0.992451,
          1.165766
        ],
        [
          0.028206,
          -0.997686,
          0.061868,
          1.574907
        ],
        [
          0.0,
          0.0,
          0.0,
          1.0
        ]
      ]
    },
    {
      "file_path": "/media/NFS/ttao/scannet/posed_images/scene0406_00/00187.jpg",
      "transform_matrix": [
        [
          0.989714,
          0.020955,
          0.141516,
          1.221119
        ],
        [
          -0.142645,
          0.06937,
          0.98734,
          1.167562
        ],
        [
          0.010873,
          -0.997371,
          0.071645,
          1.580379
        ],
        [
          0.0,
          0.0,
          0.0,
          1.0
        ]
      ]
    },
    {
      "file_path": "/media/NFS/ttao/scannet/posed_images/scene0406_00/00191.jpg",
      "transform_matrix": [
        [
          0.9879,
          0.019426,
          0.153869,
          1.214538
        ],
        [
          -0.154812,
          0.064051,
          0.985865,
          1.165279
        ],
        [
          0.009296,
          -0.997757,
          0.066284,
          1.574137
        ],
        [
          0.0,
          0.0,
          0.0,
          1.0
        ]
      ]
    },
    {
      "file_path": "/media/NFS/ttao/scannet/posed_images/scene0406_00/00192.jpg",
      "transform_matrix": [
        [
          0.987805,
          0.018974,
          0.154534,
          1.213004
        ],
        [
          -0.155453,
          0.064914,
          0.985708,
          1.163913
        ],
        [
          0.008671,
          -0.99771,
          0.067072,
          1.57221
        ],
        [
          0.0,
          0.0,
          0.0,
          1.0
        ]
      ]
    },
    {
      "file_path": "/media/NFS/ttao/scannet/posed_images/scene0406_00/00201.jpg",
      "transform_matrix": [
        [
          0.97865,
          0.003596,
          0.205504,
          1.206996
        ],
        [
          -0.205422,
          0.050271,
          0.977381,
          1.154021
        ],
        [
          -0.006816,
          -0.998729,
          0.049937,
          1.56352
        ],
        [
          0.0,
          0.0,
          0.0,
          1.0
        ]
      ]
    },
    {
      "file_path": "/media/NFS/ttao/scannet/posed_images/scene0406_00/00205.jpg",
      "transform_matrix": [
        [
          0.976433,
          0.007226,
          0.215699,
          1.200462
        ],
        [
          -0.215806,
          0.044294,
          0.975431,
          1.155375
        ],
        [
          -0.002506,
          -0.998992,
          0.04481,
          1.559106
        ],
        [
          0.0,
          0.0,
          0.0,
          1.0
        ]
      ]
    },
    {
      "file_path": "/media/NFS/ttao/scannet/posed_images/scene0406_00/00206.jpg",
      "transform_matrix": [
        [
          0.976079,
          0.009165,
          0.217223,
          1.199145
        ],
        [
          -0.217413,
          0.045782,
          0.975005,
          1.156619
        ],
        [
          -0.001009,
          -0.998909,
          0.04668,
          1.557062
        ],
        [
          0.0,
          0.0,
          0.0,
          1.0
        ]
      ]
    },
    {
      "file_path": "/media/NFS/ttao/scannet/posed_images/scene0406_00/00214.jpg",
      "transform_matrix": [
        [
          0.972691,
          0.020763,
          0.231172,
          1.189403
        ],
        [
          -0.231602,
          0.021406,
          0.972575,
          1.189469
        ],
        [
          0.015245,
          -0.999555,
          0.02563,
          1.543034
        ],
        [
          0.0,
          0.0,
          0.0,
          1.0
        ]
      ]
    },
    {
      "file_path": "/media/NFS/ttao/scannet/posed_images/scene0406_00/00218.jpg",
      "transform_matrix": [
        [
          0.976915,
          0.033703,
          0.210954,
          1.182357
        ],
        [
          -0.211634,
          0.018057,
          0.977182,
          1.206897
        ],
        [
          0.029125,
          -0.999269,
          0.024772,
          1.542699
        ],
        [
          0.0,
          0.0,
          0.0,
          1.0
        ]
      ]
    },
    {
      "file_path": "/media/NFS/ttao/scannet/posed_images/scene0406_00/00221.jpg",
      "transform_matrix": [
        [
          0.977664,
          0.041401,
          0.206055,
          1.18074
        ],
        [
          -0.207139,
          0.023814,
          0.978022,
          1.21862
        ],
        [
          0.035584,
          -0.998859,
          0.031858,
          1.536803
        ],
        [
          0.0,
          0.0,
          0.0,
          1.0
        ]
      ]
    },
    {
      "file_path": "/media/NFS/ttao/scannet/posed_images/scene0406_00/00225.jpg",
      "transform_matrix": [
        [
          0.975347,
          0.048928,
          0.215182,
          1.162794
        ],
        [
          -0.216384,
          0.020695,
          0.976089,
          1.233874
        ],
        [
          0.043305,
          -0.998588,
          0.030772,
          1.536417
        ],
        [
          0.0,
          0.0,
          0.0,
          1.0
        ]
      ]
    },
    {
      "file_path": "/media/NFS/ttao/scannet/posed_images/scene0406_00/00233.jpg",
      "transform_matrix": [
        [
          0.952811,
          0.060575,
          0.297458,
          1.091596
        ],
        [
          -0.298289,
          0.004963,
          0.954463,
          1.276338
        ],
        [
          0.05634,
          -0.998151,
          0.022797,
          1.534904
        ],
        [
          0.0,
          0.0,
          0.0,
          1.0
        ]
      ]
    },
    {
      "file_path": "/media/NFS/ttao/scannet/posed_images/scene0406_00/00236.jpg",
      "transform_matrix": [
        [
          0.942089,
          0.05853,
          0.330217,
          1.059546
        ],
        [
          -0.330479,
          -0.005429,
          0.943798,
          1.293221
        ],
        [
          0.057033,
          -0.998271,
          0.014229,
          1.534505
        ],
        [
          0.0,
          0.0,
          0.0,
          1.0
        ]
      ]
    },
    {
      "file_path": "/media/NFS/ttao/scannet/posed_images/scene0406_00/00240.jpg",
      "transform_matrix": [
        [
          0.933501,
          0.047794,
          0.355376,
          1.020026
        ],
        [
          -0.354954,
          -0.017341,
          0.934723,
          1.310134
        ],
        [
          0.050836,
          -0.998707,
          0.000776,
          1.543179
        ],
        [
          0.0,
          0.0,
          0.0,
          1.0
        ]
      ]
    },
    {
      "file_path": "/media/NFS/ttao/scannet/posed_images/scene0406_00/00245.jpg",
      "transform_matrix": [
        [
          0.932348,
          0.045894,
          0.358638,
          0.986283
        ],
        [
          -0.358514,
          -0.01118,
          0.933457,
          1.323487
        ],
        [
          0.04685,
          -0.998884,
          0.00603,
          1.539885
        ],
        [
          0.0,
          0.0,
          0.0,
          1.0
        ]
      ]
    },
    {
      "file_path": "/media/NFS/ttao/scannet/posed_images/scene0406_00/00252.jpg",
      "transform_matrix": [
        [
          0.957523,
          0.032178,
          0.286557,
          0.959008
        ],
        [
          -0.285603,
          -0.031225,
          0.957839,
          1.333145
        ],
        [
          0.039769,
          -0.998994,
          -0.020709,
          1.535922
        ],
        [
          0.0,
          0.0,
          0.0,
          1.0
        ]
      ]
    },
    {
      "file_path": "/media/NFS/ttao/scannet/posed_images/scene0406_00/00253.jpg",
      "transform_matrix": [
        [
          0.958397,
          0.030858,
          0.283765,
          0.957525
        ],
        [
          -0.28234,
          -0.043589,
          0.958323,
          1.335079
        ],
        [
          0.041941,
          -0.998573,
          -0.033063,
          1.537341
        ],
        [
          0.0,
          0.0,
          0.0,
          1.0
        ]
      ]
    },
    {
      "file_path": "/media/NFS/ttao/scannet/posed_images/scene0406_00/00262.jpg",
      "transform_matrix": [
        [
          0.958132,
          -0.003918,
          0.2863,
          0.975829
        ],
        [
          -0.28457,
          -0.123615,
          0.950652,
          1.342286
        ],
        [
          0.031666,
          -0.992322,
          -0.119554,
          1.495931
        ],
        [
          0.0,
          0.0,
          0.0,
          1.0
        ]
      ]
    },
    {
      "file_path": "/media/NFS/ttao/scannet/posed_images/scene0406_00/00263.jpg",
      "transform_matrix": [
        [
          0.958632,
          -0.006386,
          0.284577,
          0.976734
        ],
        [
          -0.282894,
          -0.13221,
          0.949995,
          1.343113
        ],
        [
          0.031557,
          -0.991201,
          -0.128547,
          1.491983
        ],
        [
          0.0,
          0.0,
          0.0,
          1.0
        ]
      ]
    },
    {
      "file_path": "/media/NFS/ttao/scannet/posed_images/scene0406_00/00270.jpg",
      "transform_matrix": [
        [
          0.953439,
          -0.012586,
          0.301323,
          0.980581
        ],
        [
          -0.297887,
          -0.195298,
          0.93441,
          1.356646
        ],
        [
          0.047087,
          -0.980663,
          -0.189954,
          1.465734
        ],
        [
          0.0,
          0.0,
          0.0,
          1.0
        ]
      ]
    },
    {
      "file_path": "/media/NFS/ttao/scannet/posed_images/scene0406_00/00274.jpg",
      "transform_matrix": [
        [
          0.952645,
          -0.020753,
          0.303377,
          0.97997
        ],
        [
          -0.300004,
          -0.227069,
          0.926519,
          1.362915
        ],
        [
          0.049659,
          -0.973657,
          -0.222542,
          1.451269
        ],
        [
          0.0,
          0.0,
          0.0,
          1.0
        ]
      ]
    },
    {
      "file_path": "/media/NFS/ttao/scannet/posed_images/scene0406_00/00279.jpg",
      "transform_matrix": [
        [
          0.951527,
          -0.029788,
          0.30612,
          0.980761
        ],
        [
          -0.303333,
          -0.255452,
          0.918005,
          1.36499
        ],
        [
          0.050854,
          -0.966363,
          -0.252105,
          1.432221
        ],
        [
          0.0,
          0.0,
          0.0,
          1.0
        ]
      ]
    },
    {
      "file_path": "/media/NFS/ttao/scannet/posed_images/scene0406_00/00281.jpg",
      "transform_matrix": [
        [
          0.95222,
          -0.035845,
          0.303301,
          0.981835
        ],
        [
          -0.301364,
          -0.271444,
          0.914056,
          1.365575
        ],
        [
          0.049564,
          -0.961787,
          -0.269277,
          1.421016
        ],
        [
          0.0,
          0.0,
          0.0,
          1.0
        ]
      ]
    },
    {
      "file_path": "/media/NFS/ttao/scannet/posed_images/scene0406_00/00287.jpg",
      "transform_matrix": [
        [
          0.959267,
          -0.077088,
          0.27178,
          0.985705
        ],
        [
          -0.282248,
          -0.302228,
          0.910491,
          1.364945
        ],
        [
          0.011951,
          -0.950113,
          -0.311676,
          1.395873
        ],
        [
          0.0,
          0.0,
          0.0,
          1.0
        ]
      ]
    },
    {
      "file_path": "/media/NFS/ttao/scannet/posed_images/scene0406_00/00291.jpg",
      "transform_matrix": [
        [
          0.96024,
          -0.089646,
          0.264393,
          0.992226
        ],
        [
          -0.278953,
          -0.346046,
          0.895789,
          1.364936
        ],
        [
          0.011188,
          -0.933925,
          -0.357294,
          1.369772
        ],
        [
          0.0,
          0.0,
          0.0,
          1.0
        ]
      ]
    },
    {
      "file_path": "/media/NFS/ttao/scannet/posed_images/scene0406_00/00300.jpg",
      "transform_matrix": [
        [
          0.958997,
          -0.116869,
          0.258197,
          1.021517
        ],
        [
          -0.283098,
          -0.438066,
          0.853202,
          1.36434
        ],
        [
          0.013395,
          -0.891313,
          -0.45319,
          1.340492
        ],
        [
          0.0,
          0.0,
          0.0,
          1.0
        ]
      ]
    },
    {
      "file_path": "/media/NFS/ttao/scannet/posed_images/scene0406_00/00301.jpg",
      "transform_matrix": [
        [
          0.959284,
          -0.111859,
          0.259347,
          1.023256
        ],
        [
          -0.281696,
          -0.445606,
          0.849754,
          1.362019
        ],
        [
          0.020515,
          -0.888213,
          -0.458973,
          1.336638
        ],
        [
          0.0,
          0.0,
          0.0,
          1.0
        ]
      ]
    },
    {
      "file_path": "/media/NFS/ttao/scannet/posed_images/scene0406_00/00305.jpg",
      "transform_matrix": [
        [
          0.958953,
          -0.105799,
          0.263088,
          1.030622
        ],
        [
          -0.280929,
          -0.48066,
          0.830689,
          1.356282
        ],
        [
          0.03857,
          -0.870501,
          -0.490653,
          1.324775
        ],
        [
          0.0,
          0.0,
          0.0,
          1.0
        ]
      ]
    },
    {
      "file_path": "/media/NFS/ttao/scannet/posed_images/scene0406_00/00312.jpg",
      "transform_matrix": [
        [
          0.962305,
          -0.111744,
          0.247955,
          1.039758
        ],
        [
          -0.269015,
          -0.525139,
          0.807378,
          1.339657
        ],
        [
          0.039991,
          -0.843648,
          -0.535405,
          1.308473
        ],
        [
          0.0,
          0.0,
          0.0,
          1.0
        ]
      ]
    },
    {
      "file_path": "/media/NFS/ttao/scannet/posed_images/scene0406_00/00315.jpg",
      "transform_matrix": [
        [
          0.963283,
          -0.114279,
          0.242951,
          1.047364
        ],
        [
          -0.265481,
          -0.540434,
          0.798405,
          1.33171
        ],
        [
          0.040058,
          -0.833589,
          -0.55093,
          1.301936
        ],
        [
          0.0,
          0.0,
          0.0,
          1.0
        ]
      ]
    },
    {
      "file_path": "/media/NFS/ttao/scannet/posed_images/scene0406_00/00321.jpg",
      "transform_matrix": [
        [
          0.964692,
          -0.128235,
          0.230055,
          1.072849
        ],
        [
          -0.261578,
          -0.568506,
          0.779985,
          1.311329
        ],
        [
          0.030766,
          -0.812623,
          -0.581977,
          1.286346
        ],
        [
          0.0,
          0.0,
          0.0,
          1.0
        ]
      ]
    },
    {
      "file_path": "/media/NFS/ttao/scannet/posed_images/scene0406_00/00328.jpg",
      "transform_matrix": [
        [
          0.965878,
          -0.119721,
          0.229667,
          1.106888
        ],
        [
          -0.254764,
          -0.598854,
          0.759255,
          1.281878
        ],
        [
          0.046638,
          -0.791859,
          -0.608921,
          1.271336
        ],
        [
          0.0,
          0.0,
          0.0,
          1.0
        ]
      ]
    },
    {
      "file_path": "/media/NFS/ttao/scannet/posed_images/scene0406_00/00329.jpg",
      "transform_matrix": [
        [
          0.967832,
          -0.114257,
          0.224157,
          1.111776
        ],
        [
          -0.247026,
          -0.600589,
          0.760441,
          1.276131
        ],
        [
          0.047741,
          -0.791352,
          -0.609493,
          1.270418
        ],
        [
          0.0,
          0.0,
          0.0,
          1.0
        ]
      ]
    },
    {
      "file_path": "/media/NFS/ttao/scannet/posed_images/scene0406_00/00334.jpg",
      "transform_matrix": [
        [
          0.974526,
          -0.083483,
          0.208157,
          1.136762
        ],
        [
          -0.214997,
          -0.611924,
          0.761134,
          1.250155
        ],
        [
          0.063835,
          -0.786498,
          -0.614285,
          1.268968
        ],
        [
          0.0,
          0.0,
          0.0,
          1.0
        ]
      ]
    },
    {
      "file_path": "/media/NFS/ttao/scannet/posed_images/scene0406_00/00338.jpg",
      "transform_matrix": [
        [
          0.976376,
          -0.087153,
          0.197723,
          1.155783
        ],
        [
          -0.208659,
          -0.618027,
          0.757961,
          1.233519
        ],
        [
          0.05614,
          -0.781311,
          -0.621611,
          1.269745
        ],
        [
          0.0,
          0.0,
          0.0,
          1.0
        ]
      ]
    },
    {
      "file_path": "/media/NFS/ttao/scannet/posed_images/scene0406_00/00346.jpg",
      "transform_matrix": [
        [
          0.964825,
          -0.11109,
          0.238268,
          1.165101
        ],
        [
          -0.252348,
          -0.645466,
          0.720898,
          1.219857
        ],
        [
          0.073709,
          -0.755667,
          -0.650795,
          1.264048
        ],
        [
          0.0,
          0.0,
          0.0,
          1.0
        ]
      ]
    },
    {
      "file_path": "/media/NFS/ttao/scannet/posed_images/scene0406_00/00351.jpg",
      "transform_matrix": [
        [
          0.951214,
          -0.140724,
          0.274571,
          1.155082
        ],
        [
          -0.298757,
          -0.642353,
          0.705781,
          1.217414
        ],
        [
          0.077051,
          -0.753379,
          -0.653057,
          1.257162
        ],
        [
          0.0,
          0.0,
          0.0,
          1.0
        ]
      ]
    },
    {
      "file_path": "/media/NFS/ttao/scannet/posed_images/scene0406_00/00352.jpg",
      "transform_matrix": [
        [
          0.948458,
          -0.146754,
          0.280874,
          1.15253
        ],
        [
          -0.307398,
          -0.641481,
          0.702857,
          1.218297
        ],
        [
          0.077028,
          -0.752971,
          -0.65353,
          1.256026
        ],
        [
          0.0,
          0.0,
          0.0,
          1.0
        ]
      ]
    },
    {
      "file_path": "/media/NFS/ttao/scannet/posed_images/scene0406_00/00361.jpg",
      "transform_matrix": [
        [
          0.921245,
          -0.196053,
          0.335963,
          1.132779
        ],
        [
          -0.377767,
          -0.656839,
          0.652575,
          1.222774
        ],
        [
          0.092734,
          -0.728097,
          -0.679173,
          1.246
        ],
        [
          0.0,
          0.0,
          0.0,
          1.0
        ]
      ]
    },
    {
      "file_path": "/media/NFS/ttao/scannet/posed_images/scene0406_00/00363.jpg",
      "transform_matrix": [
        [
          0.917881,
          -0.203503,
          0.340706,
          1.135489
        ],
        [
          -0.386254,
          -0.655209,
          0.649238,
          1.219395
        ],
        [
          0.091112,
          -0.727522,
          -0.680007,
          1.246006
        ],
        [
          0.0,
