{
  "frames": [
    {
      "file_path": "/media/NFS/ttao/scannet/posed_images/scene0340_00/00003.jpg",
      "transform_matrix": [
        [
          -0.999362,
          -0.004199,
          0.035472,
          4.542043
        ],
        [
          -0.034719,
          0.347528,
          -0.937027,
          2.663532
        ],
        [
          -0.008393,
          -0.93766,
          -0.347452,
          1.396352
        ],
        [
          0.0,
          0.0,
          0.0,
          1.0
        ]
      ]
    },
    {
      "file_path": "/media/NFS/ttao/scannet/posed_images/scene0340_00/00006.jpg",
      "transform_matrix": [
        [
          -0.998731,
          -0.010796,
          0.049197,
          4.536387
        ],
        [
          -0.049899,
          0.344999,
          -0.937276,
          2.664423
        ],
        [
          -0.006854,
          -0.938541,
          -0.345099,
          1.397187
        ],
        [
          0.0,
          0.0,
          0.0,
          1.0
        ]
      ]
    },
    {
      "file_path": "/media/NFS/ttao/scannet/posed_images/scene0340_00/00013.jpg",
      "transform_matrix": [
        [
          -0.997957,
          -0.024438,
          0.059034,
          4.525389
        ],
        [
          -0.063786,
          0.327768,
          -0.942602,
          2.661448
        ],
        [
          0.003686,
          -0.944442,
          -0.328657,
          1.411555
        ],
        [
          0.0,
          0.0,
          0.0,
          1.0
        ]
      ]
    },
    {
      "file_path": "/media/NFS/ttao/scannet/posed_images/scene0340_00/00018.jpg",
      "transform_matrix": [
        [
          -0.99666,
          -0.034465,
          0.074039,
          4.510045
        ],
        [
          -0.081052,
          0.306384,
          -0.948451,
          2.66143
        ],
        [
          0.010005,
          -0.951284,
          -0.308154,
          1.416278
        ],
        [
          0.0,
          0.0,
          0.0,
          1.0
        ]
      ]
    },
    {
      "file_path": "/media/NFS/ttao/scannet/posed_images/scene0340_00/00021.jpg",
      "transform_matrix": [
        [
          -0.9948,
          -0.039416,
          0.093909,
          4.503422
        ],
        [
          -0.101535,
          0.311921,
          -0.944667,
          2.663484
        ],
        [
          0.007942,
          -0.94929,
          -0.314301,
          1.411937
        ],
        [
          0.0,
          0.0,
          0.0,
          1.0
        ]
      ]
    },
    {
      "file_path": "/media/NFS/ttao/scannet/posed_images/scene0340_00/00026.jpg",
      "transform_matrix": [
        [
          -0.989874,
          -0.054615,
          0.131017,
          4.507018
        ],
        [
          -0.141514,
          0.307853,
          -0.940851,
          2.658082
        ],
        [
          0.011051,
          -0.949865,
          -0.312465,
          1.417832
        ],
        [
          0.0,
          0.0,
          0.0,
          1.0
        ]
      ]
    },
    {
      "file_path": "/media/NFS/ttao/scannet/posed_images/scene0340_00/00032.jpg",
      "transform_matrix": [
        [
          -0.983259,
          -0.045815,
          0.176358,
          4.502932
        ],
        [
          -0.182184,
          0.264006,
          -0.947159,
          2.642467
        ],
        [
          -0.003166,
          -0.963432,
          -0.267933,
          1.436855
        ],
        [
          0.0,
          0.0,
          0.0,
          1.0
        ]
      ]
    },
    {
      "file_path": "/media/NFS/ttao/scannet/posed_images/scene0340_00/00037.jpg",
      "transform_matrix": [
        [
          -0.980243,
          -0.048471,
          0.191764,
          4.508428
        ],
        [
          -0.197792,
          0.245433,
          -0.949021,
          2.631053
        ],
        [
          -0.001065,
          -0.968201,
          -0.250171,
          1.436956
        ],
        [
          0.0,
          0.0,
          0.0,
          1.0
        ]
      ]
    },
    {
      "file_path": "/media/NFS/ttao/scannet/posed_images/scene0340_00/00042.jpg",
      "transform_matrix": [
        [
          -0.97022,
          -0.05673,
          0.235488,
          4.514864
        ],
        [
          -0.242146,
          0.251861,
          -0.93698,
          2.629224
        ],
        [
          -0.006155,
          -0.966099,
          -0.258097,
          1.422577
        ],
        [
          0.0,
          0.0,
          0.0,
          1.0
        ]
      ]
    },
    {
      "file_path": "/media/NFS/ttao/scannet/posed_images/scene0340_00/00051.jpg",
      "transform_matrix": [
        [
          -0.941784,
          -0.088815,
          0.324274,
          4.488771
        ],
        [
          -0.33573,
          0.300333,
          -0.892797,
          2.660073
        ],
        [
          -0.018096,
          -0.949691,
          -0.312666,
          1.393886
        ],
        [
          0.0,
          0.0,
          0.0,
          1.0
        ]
      ]
    },
    {
      "file_path": "/media/NFS/ttao/scannet/posed_images/scene0340_00/00056.jpg",
      "transform_matrix": [
        [
          -0.92178,
          -0.124916,
          0.367038,
          4.439492
        ],
        [
          -0.387682,
          0.308806,
          -0.868529,
          2.694874
        ],
        [
          -0.00485,
          -0.942886,
          -0.333079,
          1.376826
        ],
        [
          0.0,
          0.0,
          0.0,
          1.0
        ]
      ]
    },
    {
      "file_path": "/media/NFS/ttao/scannet/posed_images/scene0340_00/00058.jpg",
      "transform_matrix": [
        [
          -0.912275,
          -0.145712,
          0.382783,
          4.420898
        ],
        [
          -0.409512,
          0.307629,
          -0.858874,
          2.70926
        ],
        [
          0.007393,
          -0.940283,
          -0.340313,
          1.371306
        ],
        [
          0.0,
          0.0,
          0.0,
          1.0
        ]
      ]
    },
    {
      "file_path": "/media/NFS/ttao/scannet/posed_images/scene0340_00/00066.jpg",
      "transform_matrix": [
        [
          -0.865594,
          -0.228583,
          0.445529,
          4.372611
        ],
        [
          -0.498821,
          0.31568,
          -0.80717,
          2.780564
        ],
        [
          0.043861,
          -0.920921,
          -0.387272,
          1.35529
        ],
        [
          0.0,
          0.0,
          0.0,
          1.0
        ]
      ]
    },
    {
      "file_path": "/media/NFS/ttao/scannet/posed_images/scene0340_00/00069.jpg",
      "transform_matrix": [
        [
          -0.854255,
          -0.244363,
          0.458842,
          4.361817
        ],
        [
          -0.517563,
          0.316992,
          -0.794761,
          2.806002
        ],
        [
          0.048761,
          -0.916408,
          -0.397265,
          1.353689
        ],
        [
          0.0,
          0.0,
          0.0,
          1.0
        ]
      ]
    },
    {
      "file_path": "/media/NFS/ttao/scannet/posed_images/scene0340_00/00075.jpg",
      "transform_matrix": [
        [
          -0.8444,
          -0.258313,
          0.469322,
          4.349761
        ],
        [
          -0.533845,
          0.332637,
          -0.777408,
          2.867914
        ],
        [
          0.044701,
          -0.906988,
          -0.418778,
          1.346688
        ],
        [
          0.0,
          0.0,
          0.0,
          1.0
        ]
      ]
    },
    {
      "file_path": "/media/NFS/ttao/scannet/posed_images/scene0340_00/00084.jpg",
      "transform_matrix": [
        [
          -0.826697,
          -0.271259,
          0.492941,
          4.326091
        ],
        [
          -0.562095,
          0.359364,
          -0.74492,
          2.972911
        ],
        [
          0.024921,
          -0.892903,
          -0.449558,
          1.319571
        ],
        [
          0.0,
          0.0,
          0.0,
          1.0
        ]
      ]
    },
    {
      "file_path": "/media/NFS/ttao/scannet/posed_images/scene0340_00/00085.jpg",
      "transform_matrix": [
        [
          -0.824756,
          -0.274248,
          0.494536,
          4.323776
        ],
        [
          -0.564954,
          0.361579,
          -0.741679,
          2.985184
        ],
        [
          0.02459,
          -0.891094,
          -0.453152,
          1.316986
        ],
        [
          0.0,
          0.0,
          0.0,
          1.0
        ]
      ]
    },
    {
      "file_path": "/media/NFS/ttao/scannet/posed_images/scene0340_00/00092.jpg",
      "transform_matrix": [
        [
          -0.800227,
          -0.307231,
          0.51502,
          4.305658
        ],
        [
          -0.599361,
          0.380974,
          -0.704006,
          3.058676
        ],
        [
          0.020084,
          -0.872048,
          -0.489008,
          1.300795
        ],
        [
          0.0,
          0.0,
          0.0,
          1.0
        ]
      ]
    },
    {
      "file_path": "/media/NFS/ttao/scannet/posed_images/scene0340_00/00100.jpg",
      "transform_matrix": [
        [
          -0.783647,
          -0.342721,
          0.518112,
          4.250161
        ],
        [
          -0.620871,
          0.404672,
          -0.671387,
          3.094093
        ],
        [
          0.020433,
          -0.847811,
          -0.529905,
          1.28494
        ],
        [
          0.0,
          0.0,
          0.0,
          1.0
        ]
      ]
    },
    {
      "file_path": "/media/NFS/ttao/scannet/posed_images/scene0340_00/00103.jpg",
      "transform_matrix": [
        [
          -0.785551,
          -0.339789,
          0.517159,
          4.224309
        ],
        [
          -0.618619,
          0.411187,
          -0.669504,
          3.102536
        ],
        [
          0.01484,
          -0.845854,
          -0.533208,
          1.28491
        ],
        [
          0.0,
          0.0,
          0.0,
          1.0
        ]
      ]
    },
    {
      "file_path": "/media/NFS/ttao/scannet/posed_images/scene0340_00/00109.jpg",
      "transform_matrix": [
        [
          -0.777309,
          -0.342529,
          0.527698,
          4.146664
        ],
        [
          -0.629108,
          0.418169,
          -0.655254,
          3.109183
        ],
        [
          0.003776,
          -0.841313,
          -0.540534,
          1.286714
        ],
        [
          0.0,
          0.0,
          0.0,
          1.0
        ]
      ]
    },
    {
      "file_path": "/media/NFS/ttao/scannet/posed_images/scene0340_00/00111.jpg",
      "transform_matrix": [
        [
          -0.778587,
          -0.340269,
          0.527275,
          4.111742
        ],
        [
          -0.627517,
          0.41551,
          -0.658464,
          3.11038
        ],
        [
          0.004967,
          -0.843545,
          -0.537035,
          1.281727
        ],
        [
          0.0,
          0.0,
          0.0,
          1.0
        ]
      ]
    },
    {
      "file_path": "/media/NFS/ttao/scannet/posed_images/scene0340_00/00119.jpg",
      "transform_matrix": [
        [
          -0.814333,
          -0.321913,
          0.482942,
          4.037124
        ],
        [
          -0.57996,
          0.41904,
          -0.698607,
          3.091734
        ],
        [
          0.022519,
          -0.848986,
          -0.527935,
          1.306177
        ],
        [
          0.0,
          0.0,
          0.0,
          1.0
        ]
      ]
    },
    {
      "file_path": "/media/NFS/ttao/scannet/posed_images/scene0340_00/00125.jpg",
      "transform_matrix": [
        [
          -0.840922,
          -0.281028,
          0.462464,
          4.002332
        ],
        [
          -0.540917,
          0.411081,
          -0.733772,
          3.056089
        ],
        [
          0.0161,
          -0.8672,
          -0.4977,
          1.318443
        ],
        [
          0.0,
          0.0,
          0.0,
          1.0
        ]
      ]
    },
    {
      "file_path": "/media/NFS/ttao/scannet/posed_images/scene0340_00/00128.jpg",
      "transform_matrix": [
        [
          -0.852707,
          -0.264401,
          0.450537,
          4.004407
        ],
        [
          -0.522132,
          0.404269,
          -0.750962,
          3.038893
        ],
        [
          0.016418,
          -0.87559,
          -0.482775,
          1.325106
        ],
        [
          0.0,
          0.0,
          0.0,
          1.0
        ]
      ]
    },
    {
      "file_path": "/media/NFS/ttao/scannet/posed_images/scene0340_00/00135.jpg",
      "transform_matrix": [
        [
          -0.849871,
          -0.242628,
          0.467814,
          4.042347
        ],
        [
          -0.526877,
          0.372851,
          -0.763795,
          3.00126
        ],
        [
          0.010893,
          -0.895608,
          -0.44471,
          1.342401
        ],
        [
          0.0,
          0.0,
          0.0,
          1.0
        ]
      ]
    },
    {
      "file_path": "/media/NFS/ttao/scannet/posed_images/scene0340_00/00138.jpg",
      "transform_matrix": [
        [
          -0.837363,
          -0.240225,
          0.491035,
          4.066535
        ],
        [
          -0.546632,
          0.361263,
          -0.755435,
          2.986044
        ],
        [
          0.004082,
          -0.900989,
          -0.433824,
          1.348656
        ],
        [
          0.0,
          0.0,
          0.0,
          1.0
        ]
      ]
    },
    {
      "file_path": "/media/NFS/ttao/scannet/posed_images/scene0340_00/00146.jpg",
      "transform_matrix": [
        [
          -0.800939,
          -0.226016,
          0.554449,
          4.120203
        ],
        [
          -0.598735,
          0.307884,
          -0.739407,
          2.957299
        ],
        [
          -0.003588,
          -0.924188,
          -0.38192,
          1.363429
        ],
        [
          0.0,
          0.0,
          0.0,
          1.0
        ]
      ]
    },
    {
      "file_path": "/media/NFS/ttao/scannet/posed_images/scene0340_00/00153.jpg",
      "transform_matrix": [
        [
          -0.757658,
          -0.213738,
          0.61666,
          4.139869
        ],
        [
          -0.652577,
          0.262384,
          -0.710844,
          2.930187
        ],
        [
          -0.009868,
          -0.940995,
          -0.338278,
          1.385252
        ],
        [
          0.0,
          0.0,
          0.0,
          1.0
        ]
      ]
    },
    {
      "file_path": "/media/NFS/ttao/scannet/posed_images/scene0340_00/00156.jpg",
      "transform_matrix": [
        [
          -0.733986,
          -0.219229,
          0.642809,
          4.146524
        ],
        [
          -0.679109,
          0.249015,
          -0.690509,
          2.913416
        ],
        [
          -0.008689,
          -0.943361,
          -0.331654,
          1.386823
        ],
        [
          0.0,
          0.0,
          0.0,
          1.0
        ]
      ]
    },
    {
      "file_path": "/media/NFS/ttao/scannet/posed_images/scene0340_00/00164.jpg",
      "transform_matrix": [
        [
          -0.617819,
          -0.254631,
          0.74395,
          4.181049
        ],
        [
          -0.785965,
          0.228408,
          -0.574534,
          2.879203
        ],
        [
          -0.02363,
          -0.939677,
          -0.341247,
          1.392219
        ],
        [
          0.0,
          0.0,
          0.0,
          1.0
        ]
      ]
    },
    {
      "file_path": "/media/NFS/ttao/scannet/posed_images/scene0340_00/00167.jpg",
      "transform_matrix": [
        [
          -0.595187,
          -0.265776,
          0.758363,
          4.193805
        ],
        [
          -0.803131,
          0.228528,
          -0.550233,
          2.859371
        ],
        [
          -0.027068,
          -0.936557,
          -0.34947,
          1.391609
        ],
        [
          0.0,
          0.0,
          0.0,
          1.0
        ]
      ]
    },
    {
      "file_path": "/media/NFS/ttao/scannet/posed_images/scene0340_00/00173.jpg",
      "transform_matrix": [
        [
          -0.567479,
          -0.262718,
          0.78035,
          4.218693
        ],
        [
          -0.822068,
          0.234408,
          -0.5189,
          2.813377
        ],
        [
          -0.046596,
          -0.935966,
          -0.348994,
          1.387424
        ],
        [
          0.0,
          0.0,
          0.0,
          1.0
        ]
      ]
    },
    {
      "file_path": "/media/NFS/ttao/scannet/posed_images/scene0340_00/00175.jpg",
      "transform_matrix": [
        [
          -0.566115,
          -0.263418,
          0.781105,
          4.233792
        ],
        [
          -0.823075,
          0.232811,
          -0.518021,
          2.804349
        ],
        [
          -0.045393,
          -0.936168,
          -0.348611,
          1.381741
        ],
        [
          0.0,
          0.0,
          0.0,
          1.0
        ]
      ]
    },
    {
      "file_path": "/media/NFS/ttao/scannet/posed_images/scene0340_00/00183.jpg",
      "transform_matrix": [
        [
          -0.503416,
          -0.337719,
          0.79531,
          4.304028
        ],
        [
          -0.863869,
          0.215254,
          -0.455407,
          2.767162
        ],
        [
          -0.017395,
          -0.916303,
          -0.400107,
          1.354375
        ],
        [
          0.0,
          0.0,
          0.0,
          1.0
        ]
      ]
    },
    {
      "file_path": "/media/NFS/ttao/scannet/posed_images/scene0340_00/00186.jpg",
      "transform_matrix": [
        [
          -0.465773,
          -0.357142,
          0.809632,
          4.321451
        ],
        [
          -0.8847,
          0.207574,
          -0.417395,
          2.754803
        ],
        [
          -0.018989,
          -0.910693,
          -0.412646,
          1.347491
        ],
        [
          0.0,
          0.0,
          0.0,
          1.0
        ]
      ]
    },
    {
      "file_path": "/media/NFS/ttao/scannet/posed_images/scene0340_00/00193.jpg",
      "transform_matrix": [
        [
          -0.410711,
          -0.365776,
          0.835179,
          4.351557
        ],
        [
          -0.908211,
          0.244922,
          -0.33936,
          2.724901
        ],
        [
          -0.080423,
          -0.897898,
          -0.432794,
          1.34431
        ],
        [
          0.0,
          0.0,
          0.0,
          1.0
        ]
      ]
    },
    {
      "file_path": "/media/NFS/ttao/scannet/posed_images/scene0340_00/00201.jpg",
      "transform_matrix": [
        [
          -0.203954,
          -0.395964,
          0.89533,
          4.342413
        ],
        [
          -0.975001,
          0.164535,
          -0.149336,
          2.619093
        ],
        [
          -0.088182,
          -0.903405,
          -0.419623,
          1.327142
        ],
        [
          0.0,
          0.0,
          0.0,
          1.0
        ]
      ]
    },
    {
      "file_path": "/media/NFS/ttao/scannet/posed_images/scene0340_00/00202.jpg",
      "transform_matrix": [
        [
          -0.167871,
          -0.400818,
          0.900647,
          4.342549
        ],
        [
          -0.982435,
          0.143546,
          -0.119233,
          2.587532
        ],
        [
          -0.081493,
          -0.904842,
          -0.417874,
          1.325219
        ],
        [
          0.0,
          0.0,
          0.0,
          1.0
        ]
      ]
    },
    {
      "file_path": "/media/NFS/ttao/scannet/posed_images/scene0340_00/00212.jpg",
      "transform_matrix": [
        [
          0.012431,
          -0.505668,
          0.862638,
          4.276952
        ],
        [
          -0.999839,
          -0.01747,
          0.004167,
          2.420246
        ],
        [
          0.012963,
          -0.862551,
          -0.505804,
          1.324379
        ],
        [
          0.0,
          0.0,
          0.0,
          1.0
        ]
      ]
    },
    {
      "file_path": "/media/NFS/ttao/scannet/posed_images/scene0340_00/00215.jpg",
      "transform_matrix": [
        [
          0.035987,
          -0.483232,
          0.874752,
          4.257401
        ],
        [
          -0.999329,
          -0.023342,
          0.028217,
          2.382403
        ],
        [
          0.006783,
          -0.875181,
          -0.483748,
          1.334002
        ],
        [
          0.0,
          0.0,
          0.0,
          1.0
        ]
      ]
    },
    {
      "file_path": "/media/NFS/ttao/scannet/posed_images/scene0340_00/00218.jpg",
      "transform_matrix": [
        [
          0.04921,
          -0.469302,
          0.881665,
          4.247236
        ],
        [
          -0.998735,
          -0.032248,
          0.038579,
          2.352872
        ],
        [
          0.010327,
          -0.882448,
          -0.470296,
          1.340693
        ],
        [
          0.0,
          0.0,
          0.0,
          1.0
        ]
      ]
    },
    {
      "file_path": "/media/NFS/ttao/scannet/posed_images/scene0340_00/00228.jpg",
      "transform_matrix": [
        [
          0.182611,
          -0.40349,
          0.896576,
          4.237383
        ],
        [
          -0.982749,
          -0.10207,
          0.154228,
          2.262501
        ],
        [
          0.029284,
          -0.909273,
          -0.415169,
          1.365037
        ],
        [
          0.0,
          0.0,
          0.0,
          1.0
        ]
      ]
    },
    {
      "file_path": "/media/NFS/ttao/scannet/posed_images/scene0340_00/00231.jpg",
      "transform_matrix": [
        [
          0.220295,
          -0.381771,
          0.89762,
          4.245018
        ],
        [
          -0.974351,
          -0.12947,
          0.184061,
          2.22904
        ],
        [
          0.045946,
          -0.915144,
          -0.4005,
          1.369612
        ],
        [
          0.0,
          0.0,
          0.0,
          1.0
        ]
      ]
    },
    {
      "file_path": "/media/NFS/ttao/scannet/posed_images/scene0340_00/00236.jpg",
      "transform_matrix": [
        [
          0.252279,
          -0.363079,
          0.896956,
          4.246601
        ],
        [
          -0.966085,
          -0.147291,
          0.2121,
          2.19044
        ],
        [
          0.055104,
          -0.920043,
          -0.387924,
          1.379313
        ],
        [
          0.0,
          0.0,
          0.0,
          1.0
        ]
      ]
    },
    {
      "file_path": "/media/NFS/ttao/scannet/posed_images/scene0340_00/00239.jpg",
      "transform_matrix": [
        [
          0.259353,
          -0.357696,
          0.897101,
          4.242319
        ],
        [
          -0.964138,
          -0.150075,
          0.218895,
          2.164859
        ],
        [
          0.056335,
          -0.9217,
          -0.383791,
          1.39242
        ],
        [
          0.0,
          0.0,
          0.0,
          1.0
        ]
      ]
    },
    {
      "file_path": "/media/NFS/ttao/scannet/posed_images/scene0340_00/00246.jpg",
      "transform_matrix": [
        [
          0.349859,
          -0.32798,
          0.877512,
          4.22765
        ],
        [
          -0.936198,
          -0.156035,
          0.314937,
          2.068689
        ],
        [
          0.033629,
          -0.931709,
          -0.361645,
          1.410792
        ],
        [
          0.0,
          0.0,
          0.0,
          1.0
        ]
      ]
    },
    {
      "file_path": "/media/NFS/ttao/scannet/posed_images/scene0340_00/00254.jpg",
      "transform_matrix": [
        [
          0.479775,
          -0.284946,
          0.829832,
          4.209209
        ],
        [
          -0.875911,
          -0.210469,
          0.434146,
          1.963551
        ],
        [
          0.050946,
          -0.935152,
          -0.350566,
          1.434467
        ],
        [
          0.0,
          0.0,
          0.0,
          1.0
        ]
      ]
    },
    {
      "file_path": "/media/NFS/ttao/scannet/posed_images/scene0340_00/00259.jpg",
      "transform_matrix": [
        [
          0.570167,
          -0.232923,
          0.787817,
          4.210464
        ],
        [
          -0.819788,
          -0.223705,
          0.527166,
          1.932128
        ],
        [
          0.053449,
          -0.946416,
          -0.318497,
          1.448167
        ],
        [
          0.0,
          0.0,
          0.0,
          1.0
        ]
      ]
    },
    {
      "file_path": "/media/NFS/ttao/scannet/posed_images/scene0340_00/00262.jpg",
      "transform_matrix": [
        [
          0.609563,
          -0.219465,
          0.761753,
          4.235266
        ],
        [
          -0.791487,
          -0.222434,
          0.569272,
          1.914838
        ],
        [
          0.044505,
          -0.949925,
          -0.309291,
          1.460167
        ],
        [
          0.0,
          0.0,
          0.0,
          1.0
        ]
      ]
    },
    {
      "file_path": "/media/NFS/ttao/scannet/posed_images/scene0340_00/00267.jpg",
      "transform_matrix": [
        [
          0.653862,
          -0.182386,
          0.734302,
          4.268947
        ],
        [
          -0.754512,
          -0.229466,
          0.614863,
          1.925993
        ],
        [
          0.056355,
          -0.956076,
          -0.287651,
          1.472601
        ],
        [
          0.0,
          0.0,
          0.0,
          1.0
        ]
      ]
    },
    {
      "file_path": "/media/NFS/ttao/scannet/posed_images/scene0340_00/00275.jpg",
      "transform_matrix": [
        [
          0.693991,
          -0.170371,
          0.699536,
          4.350691
        ],
        [
          -0.719537,
          -0.198347,
          0.665526,
          1.985631
        ],
        [
          0.025365,
          -0.965211,
          -0.260239,
          1.471788
        ],
        [
          0.0,
          0.0,
          0.0,
          1.0
        ]
      ]
    },
    {
      "file_path": "/media/NFS/ttao/scannet/posed_images/scene0340_00/00278.jpg",
      "transform_matrix": [
        [
          0.689375,
          -0.18137,
          0.701332,
          4.374275
        ],
        [
          -0.723846,
          -0.210489,
          0.657071,
          2.017005
        ],
        [
          0.02845,
          -0.960624,
          -0.27639,
          1.457902
        ],
        [
          0.0,
          0.0,
          0.0,
          1.0
        ]
      ]
    },
    {
      "file_path": "/media/NFS/ttao/scannet/posed_images/scene0340_00/00286.jpg",
      "transform_matrix": [
        [
          0.704328,
          -0.239411,
          0.668285,
          4.438478
        ],
        [
          -0.709753,
          -0.254944,
          0.656699,
          2.068364
        ],
        [
          0.013154,
          -0.936849,
          -0.349487,
          1.421195
        ],
        [
          0.0,
          0.0,
          0.0,
          1.0
        ]
      ]
    },
    {
      "file_path": "/media/NFS/ttao/scannet/posed_images/scene0340_00/00289.jpg",
      "transform_matrix": [
        [
          0.706233,
          -0.256453,
          0.659899,
          4.45971
        ],
        [
          -0.707853,
          -0.27342,
          0.651296,
          2.078873
        ],
        [
          0.013402,
          -0.927078,
          -0.374629,
          1.415911
        ],
        [
          0.0,
          0.0,
          0.0,
          1.0
        ]
      ]
    },
    {
      "file_path": "/media/NFS/ttao/scannet/posed_images/scene0340_00/00294.jpg",
      "transform_matrix": [
        [
          0.717382,
          -0.237529,
          0.654936,
          4.499745
        ],
        [
          -0.696336,
          -0.273965,
          0.663369,
          2.072406
        ],
        [
          0.02186,
          -0.931946,
          -0.361938,
          1.443825
        ],
        [
          0.0,
          0.0,
          0.0,
          1.0
        ]
      ]
    },
    {
      "file_path": "/media/NFS/ttao/scannet/posed_images/scene0340_00/00302.jpg",
      "transform_matrix": [
        [
          0.734184,
          -0.162666,
          0.659176,
          4.55183
        ],
        [
          -0.678924,
          -0.18451,
          0.710647,
          2.043679
        ],
        [
          0.006026,
          -0.969276,
          -0.245902,
          1.485414
        ],
        [
          0.0,
          0.0,
          0.0,
          1.0
        ]
      ]
    },
    {
      "file_path": "/media/NFS/ttao/scannet/posed_images/scene0340_00/00304.jpg",
      "transform_matrix": [
        [
          0.736049,
          -0.153919,
          0.659197,
          4.561122
        ],
        [
          -0.676927,
          -0.169166,
          0.716347,
          2.042522
        ],
        [
          0.001255,
          -0.973495,
          -0.228706,
          1.499456
        ],
        [
          0.0,
          0.0,
          0.0,
          1.0
        ]
      ]
    },
    {
      "file_path": "/media/NFS/ttao/scannet/posed_images/scene0340_00/00312.jpg",
      "transform_matrix": [
        [
          0.753662,
          -0.114045,
          0.647292,
          4.606929
        ],
        [
          -0.657233,
          -0.121605,
          0.743812,
          2.021507
        ],
        [
          -0.006114,
          -0.986005,
          -0.166603,
          1.557787
        ],
        [
          0.0,
          0.0,
          0.0,
          1.0
        ]
      ]
    },
    {
      "file_path": "/media/NFS/ttao/scannet/posed_images/scene0340_00/00318.jpg",
      "transform_matrix": [
        [
          0.725692,
          -0.087565,
          0.682424,
          4.609753
        ],
        [
          -0.688012,
          -0.087732,
          0.720377,
          2.022444
        ],
        [
          -0.00321,
          -0.992288,
          -0.123912,
          1.576467
        ],
        [
          0.0,
          0.0,
          0.0,
          1.0
        ]
      ]
    },
    {
      "file_path": "/media/NFS/ttao/scannet/posed_images/scene0340_00/00324.jpg",
      "transform_matrix": [
        [
          0.660357,
          -0.100072,
          0.744254,
          4.581471
        ],
        [
          -0.750781,
          -0.066851,
          0.65716,
          2.059062
        ],
        [
          -0.016009,
          -0.992732,
          -0.119278,
          1.563351
        ],
        [
          0.0,
          0.0,
          0.0,
          1.0
        ]
      ]
    },
    {
      "file_path": "/media/NFS/ttao/scannet/posed_images/scene0340_00/00326.jpg",
      "transform_matrix": [
        [
          0.647527,
          -0.103192,
          0.755023,
          4.575488
        ],
        [
          -0.761663,
          -0.056365,
          0.645518,
          2.062103
        ],
        [
          -0.024055,
          -0.993063,
          -0.115095,
          1.555864
        ],
        [
          0.0,
          0.0,
          0.0,
          1.0
        ]
      ]
    },
    {
      "file_path": "/media/NFS/ttao/scannet/posed_images/scene0340_00/00331.jpg",
      "transform_matrix": [
        [
          0.615081,
          -0.110021,
          0.780751,
          4.564774
        ],
        [
          -0.788394,
          -0.072545,
          0.610879,
          2.071986
        ],
        [
          -0.01057,
          -0.991278,
          -0.131361,
          1.567576
        ],
        [
          0.0,
          0.0,
          0.0,
          1.0
        ]
      ]
    },
    {
      "file_path": "/media/NFS/ttao/scannet/posed_images/scene0340_00/00340.jpg",
      "transform_matrix": [
        [
          0.559621,
          -0.165338,
          0.812089,
          4.557435
        ],
        [
          -0.828567,
          -0.132142,
          0.544073,
          2.114571
        ],
        [
          0.017355,
          -0.977344,
          -0.210943,
          1.515791
        ],
        [
          0.0,
          0.0,
          0.0,
          1.0
        ]
      ]
    },
    {
      "file_path": "/media/NFS/ttao/scannet/posed_images/scene0340_00/00342.jpg",
      "transform_matrix": [
        [
          0.555545,
          -0.180799,
          0.811592,
          4.560536
        ],
        [
          -0.831182,
          -0.147178,
          0.536167,
          2.123771
        ],
        [
          0.02251,
          -0.972445,
          -0.232041,
          1.51187
        ],
        [
          0.0,
          0.0,
          0.0,
          1.0
        ]
      ]
    },
    {
      "file_path": "/media/NFS/ttao/scannet/posed_images/scene0340_00/00349.jpg",
      "transform_matrix": [
        [
          0.512737,
          -0.193376,
          0.836485,
          4.51861
        ],
        [
          -0.857342,
          -0.166908,
          0.486936,
          2.191545
        ],
        [
          0.045455,
          -0.966823,
          -0.25137,
          1.477378
        ],
        [
          0.0,
          0.0,
          0.0,
          1.0
        ]
      ]
    },
    {
      "file_path": "/media/NFS/ttao/scannet/posed_images/scene0340_00/00352.jpg",
      "transform_matrix": [
        [
          0.503631,
          -0.188619,
          0.843077,
          4.488689
        ],
        [
          -0.862642,
          -0.162831,
          0.478889,
          2.228341
        ],
        [
          0.046952,
          -0.968457,
          -0.244718,
          1.458467
        ],
        [
          0.0,
          0.0,
          0.0,
          1.0
        ]
      ]
    },
    {
      "file_path": "/media/NFS/ttao/scannet/posed_images/scene0340_00/00361.jpg",
      "transform_matrix": [
        [
          0.522059,
          -0.224876,
          0.82273,
          4.391504
        ],
        [
          -0.852124,
          -0.178897,
          0.491813,
          2.345653
        ],
        [
          0.036587,
          -0.957824,
          -0.285017,
          1.4278
        ],
        [
          0.0,
          0.0,
          0.0,
          1.0
        ]
      ]
    },
    {
      "file_path": "/media/NFS/ttao/scannet/posed_images/scene0340_00/00363.jpg",
      "transform_matrix": [
        [
          0.52982,
          -0.227206,
          0.81711,
          4.370245
        ],
        [
          -0.847062,
          -0.18965,
          0.496507,
          2.373484
        ],
        [
          0.042155,
          -0.955202,
          -0.292938,
          1.423011
        ],
        [
          0.0,
          0.0,
          0.0,
          1.0
        ]
      ]
    },
    {
      "file_path": "/media/NFS/ttao/scannet/posed_images/scene0340_00/00373.jpg",
      "transform_matrix": [
        [
          0.57077,
          -0.277416,
          0.772827,
          4.302506
        ],
        [
          -0.820299,
          -0.234453,
          0.521671,
          2.466534
        ],
        [
          0.036472,
          -0.931704,
          -0.361383,
          1.364741
        ],
        [
          0.0,
          0.0,
          0.0,
          1.0
        ]
      ]
    },
    {
      "file_path": "/media/NFS/ttao/scannet/posed_images/scene0340_00/00374.jpg",
      "transform_matrix": [
        [
          0.571645,
          -0.280732,
          0.77098,
          4.300895
        ],
        [
          -0.819583,
          -0.23979,
          0.520369,
          2.470022
        ],
        [
          0.038789,
          -0.929349,
          -0.367158,
          1.362142
        ],
        [
          0.0,
          0.0,
          0.0,
          1.0
        ]
      ]
    },
    {
      "file_path": "/media/NFS/ttao/scannet/posed_images/scene0340_00/00379.jpg",
      "transform_matrix": [
        [
          0.571614,
          -0.30323,
          0.762436,
          4.292659
        ],
        [
          -0.819597,
          -0.255131,
          0.513,
          2.492633
        ],
        [
          0.038964,
          -0.918128,
          -0.394363,
          1.333815
        ],
        [
          0.0,
          0.0,
          0.0,
          1.0
        ]
      ]
    },
    {
      "file_path": "/media/NFS/ttao/scannet/posed_images/scene0340_00/00389.jpg",
      "transform_matrix": [
        [
          0.513677,
          -0.37609,
          0.771163,
          4.295075
        ],
        [
          -0.852666,
          -0.323692,
          0.410104,
          2.536871
        ],
        [
          0.095384,
          -0.868205,
          -0.486952,
          1.271684
        ],
        [
          0.0,
          0.0,
          0.0,
          1.0
        ]
      ]
    },
    {
      "file_path": "/media/NFS/ttao/scannet/posed_images/scene0340_00/00393.jpg",
      "transform_matrix": [
        [
          0.494748,
          -0.38724,
          0.77799,
          4.2928
        ],
        [
          -0.863464,
          -0.320265,
          0.389693,
          2.547687
        ],
        [
          0.098258,
          -0.864567,
          -0.492818,
          1.26245
        ],
        [
          0.0,
          0.0,
          0.0,
          1.0
        ]
      ]
    },
    {
      "file_path": "/media/NFS/ttao/scannet/posed_images/scene0340_00/00395.jpg",
      "transform_matrix": [
        [
          0.491304,
          -0.393693,
          0.776933,
          4.297466
        ],
        [
          -0.866651,
          -0.309876,
          0.391015,
          2.547023
        ],
        [
          0.086812,
          -0.865438,
          -0.493438,
          1.270614
        ],
        [
          0.0,
          0.0,
          0.0,
          1.0
        ]
      ]
    },
    {
      "file_path": "/media/NFS/ttao/scannet/posed_images/scene0340_00/00402.jpg",
      "transform_matrix": [
        [
          0.453272,
          -0.381881,
          0.805426,
          4.325726
        ],
        [
          -0.890295,
          -0.238372,
          0.388013,
          2.536889
        ],
        [
          0.043816,
          -0.892942,
          -0.448034,
          1.304624
        ],
        [
          0.0,
          0.0,
          0.0,
          1.0
        ]
      ]
    },
    {
      "file_path": "/media/NFS/ttao/scannet/posed_images/scene0340_00/00408.jpg",
      "transform_matrix": [
        [
          0.484766,
          -0.354626,
          0.799526,
          4.338261
        ],
        [
          -0.874619,
          -0.18965,
          0.446178,
          2.52405
        ],
        [
          -0.006596,
          -0.915572,
          -0.402099,
          1.318154
        ],
        [
          0.0,
          0.0,
          0.0,
          1.0
        ]
      ]
    },
    {
      "file_path": "/media/NFS/ttao/scannet/posed_images/scene0340_00/00414.jpg",
      "transform_matrix": [
        [
          0.427579,
          -0.354019,
          0.831773,
          4.345975
        ],
        [
          -0.903345,
          -0.132915,
          0.4078,
          2.549439
        ],
        [
          -0.033814,
          -0.925745,
