{
  "frames": [
    {
      "file_path": "/media/NFS/ttao/scannet/posed_images/scene0020_00/00003.jpg",
      "transform_matrix": [
        [
          0.961526,
          0.04991,
          -0.270143,
          2.643601
        ],
        [
          0.263115,
          -0.450039,
          0.853367,
          1.008587
        ],
        [
          -0.078983,
          -0.891613,
          -0.445856,
          1.47483
        ],
        [
          0.0,
          0.0,
          0.0,
          1.0
        ]
      ]
    },
    {
      "file_path": "/media/NFS/ttao/scannet/posed_images/scene0020_00/00005.jpg",
      "transform_matrix": [
        [
          0.964669,
          0.051072,
          -0.258469,
          2.632831
        ],
        [
          0.253195,
          -0.450952,
          0.855882,
          1.008953
        ],
        [
          -0.072845,
          -0.891086,
          -0.44795,
          1.482082
        ],
        [
          0.0,
          0.0,
          0.0,
          1.0
        ]
      ]
    },
    {
      "file_path": "/media/NFS/ttao/scannet/posed_images/scene0020_00/00008.jpg",
      "transform_matrix": [
        [
          0.966189,
          0.058291,
          -0.251157,
          2.621231
        ],
        [
          0.251217,
          -0.432092,
          0.866133,
          1.008149
        ],
        [
          -0.058035,
          -0.899944,
          -0.432126,
          1.499273
        ],
        [
          0.0,
          0.0,
          0.0,
          1.0
        ]
      ]
    },
    {
      "file_path": "/media/NFS/ttao/scannet/posed_images/scene0020_00/00015.jpg",
      "transform_matrix": [
        [
          0.963691,
          0.044782,
          -0.263237,
          2.619134
        ],
        [
          0.262467,
          -0.340128,
          0.903009,
          1.008128
        ],
        [
          -0.049096,
          -0.939312,
          -0.339532,
          1.555031
        ],
        [
          0.0,
          0.0,
          0.0,
          1.0
        ]
      ]
    },
    {
      "file_path": "/media/NFS/ttao/scannet/posed_images/scene0020_00/00017.jpg",
      "transform_matrix": [
        [
          0.963913,
          0.03672,
          -0.263673,
          2.618018
        ],
        [
          0.261222,
          -0.321436,
          0.910188,
          1.012574
        ],
        [
          -0.051331,
          -0.946219,
          -0.319429,
          1.576537
        ],
        [
          0.0,
          0.0,
          0.0,
          1.0
        ]
      ]
    },
    {
      "file_path": "/media/NFS/ttao/scannet/posed_images/scene0020_00/00023.jpg",
      "transform_matrix": [
        [
          0.964504,
          0.009608,
          -0.263892,
          2.642029
        ],
        [
          0.258814,
          -0.232723,
          0.937473,
          1.02064
        ],
        [
          -0.052406,
          -0.972496,
          -0.226949,
          1.633175
        ],
        [
          0.0,
          0.0,
          0.0,
          1.0
        ]
      ]
    },
    {
      "file_path": "/media/NFS/ttao/scannet/posed_images/scene0020_00/00026.jpg",
      "transform_matrix": [
        [
          0.965271,
          -0.00176,
          -0.261243,
          2.645339
        ],
        [
          0.254857,
          -0.213504,
          0.943114,
          1.017552
        ],
        [
          -0.057436,
          -0.976941,
          -0.20564,
          1.647405
        ],
        [
          0.0,
          0.0,
          0.0,
          1.0
        ]
      ]
    },
    {
      "file_path": "/media/NFS/ttao/scannet/posed_images/scene0020_00/00031.jpg",
      "transform_matrix": [
        [
          0.966115,
          0.001457,
          -0.258108,
          2.664508
        ],
        [
          0.252068,
          -0.220458,
          0.942263,
          1.021865
        ],
        [
          -0.055529,
          -0.975395,
          -0.213356,
          1.625958
        ],
        [
          0.0,
          0.0,
          0.0,
          1.0
        ]
      ]
    },
    {
      "file_path": "/media/NFS/ttao/scannet/posed_images/scene0020_00/00036.jpg",
      "transform_matrix": [
        [
          0.969189,
          0.020215,
          -0.245487,
          2.655818
        ],
        [
          0.241816,
          -0.267748,
          0.93265,
          1.026042
        ],
        [
          -0.046875,
          -0.963277,
          -0.264387,
          1.585616
        ],
        [
          0.0,
          0.0,
          0.0,
          1.0
        ]
      ]
    },
    {
      "file_path": "/media/NFS/ttao/scannet/posed_images/scene0020_00/00037.jpg",
      "transform_matrix": [
        [
          0.968948,
          0.022292,
          -0.246258,
          2.658193
        ],
        [
          0.242695,
          -0.276335,
          0.929913,
          1.028013
        ],
        [
          -0.04732,
          -0.960803,
          -0.273164,
          1.57143
        ],
        [
          0.0,
          0.0,
          0.0,
          1.0
        ]
      ]
    },
    {
      "file_path": "/media/NFS/ttao/scannet/posed_images/scene0020_00/00042.jpg",
      "transform_matrix": [
        [
          0.969129,
          0.0527,
          -0.240856,
          2.651556
        ],
        [
          0.242858,
          -0.372576,
          0.89566,
          1.037264
        ],
        [
          -0.042536,
          -0.926504,
          -0.373873,
          1.489786
        ],
        [
          0.0,
          0.0,
          0.0,
          1.0
        ]
      ]
    },
    {
      "file_path": "/media/NFS/ttao/scannet/posed_images/scene0020_00/00046.jpg",
      "transform_matrix": [
        [
          0.968755,
          0.083456,
          -0.233556,
          2.647048
        ],
        [
          0.245581,
          -0.454486,
          0.856232,
          1.043157
        ],
        [
          -0.03469,
          -0.886836,
          -0.46078,
          1.417819
        ],
        [
          0.0,
          0.0,
          0.0,
          1.0
        ]
      ]
    },
    {
      "file_path": "/media/NFS/ttao/scannet/posed_images/scene0020_00/00050.jpg",
      "transform_matrix": [
        [
          0.96765,
          0.08557,
          -0.237342,
          2.638356
        ],
        [
          0.246491,
          -0.521279,
          0.817013,
          1.031177
        ],
        [
          -0.05381,
          -0.849085,
          -0.525508,
          1.342226
        ],
        [
          0.0,
          0.0,
          0.0,
          1.0
        ]
      ]
    },
    {
      "file_path": "/media/NFS/ttao/scannet/posed_images/scene0020_00/00058.jpg",
      "transform_matrix": [
        [
          0.969793,
          0.091131,
          -0.226268,
          2.640556
        ],
        [
          0.233542,
          -0.614705,
          0.75339,
          1.018925
        ],
        [
          -0.070431,
          -0.783475,
          -0.617419,
          1.258616
        ],
        [
          0.0,
          0.0,
          0.0,
          1.0
        ]
      ]
    },
    {
      "file_path": "/media/NFS/ttao/scannet/posed_images/scene0020_00/00059.jpg",
      "transform_matrix": [
        [
          0.970109,
          0.091845,
          -0.224618,
          2.641433
        ],
        [
          0.232274,
          -0.619454,
          0.749884,
          1.017652
        ],
        [
          -0.070267,
          -0.779642,
          -0.622271,
          1.252971
        ],
        [
          0.0,
          0.0,
          0.0,
          1.0
        ]
      ]
    },
    {
      "file_path": "/media/NFS/ttao/scannet/posed_images/scene0020_00/00065.jpg",
      "transform_matrix": [
        [
          0.973304,
          0.090968,
          -0.210721,
          2.64472
        ],
        [
          0.222633,
          -0.597384,
          0.770433,
          1.014819
        ],
        [
          -0.055796,
          -0.796779,
          -0.601689,
          1.260722
        ],
        [
          0.0,
          0.0,
          0.0,
          1.0
        ]
      ]
    },
    {
      "file_path": "/media/NFS/ttao/scannet/posed_images/scene0020_00/00069.jpg",
      "transform_matrix": [
        [
          0.974965,
          0.073809,
          -0.209751,
          2.645797
        ],
        [
          0.215608,
          -0.544477,
          0.810591,
          1.017114
        ],
        [
          -0.054376,
          -0.835522,
          -0.54676,
          1.293842
        ],
        [
          0.0,
          0.0,
          0.0,
          1.0
        ]
      ]
    },
    {
      "file_path": "/media/NFS/ttao/scannet/posed_images/scene0020_00/00072.jpg",
      "transform_matrix": [
        [
          0.978575,
          0.080779,
          -0.189382,
          2.64365
        ],
        [
          0.203989,
          -0.505111,
          0.838601,
          1.036821
        ],
        [
          -0.027918,
          -0.859266,
          -0.510767,
          1.351518
        ],
        [
          0.0,
          0.0,
          0.0,
          1.0
        ]
      ]
    },
    {
      "file_path": "/media/NFS/ttao/scannet/posed_images/scene0020_00/00079.jpg",
      "transform_matrix": [
        [
          0.99154,
          0.020381,
          -0.128192,
          2.645568
        ],
        [
          0.129028,
          -0.262432,
          0.956285,
          1.036492
        ],
        [
          -0.014152,
          -0.964735,
          -0.262842,
          1.470004
        ],
        [
          0.0,
          0.0,
          0.0,
          1.0
        ]
      ]
    },
    {
      "file_path": "/media/NFS/ttao/scannet/posed_images/scene0020_00/00081.jpg",
      "transform_matrix": [
        [
          0.991494,
          -0.003401,
          -0.130108,
          2.672028
        ],
        [
          0.12736,
          -0.180603,
          0.975275,
          1.033528
        ],
        [
          -0.026815,
          -0.98355,
          -0.178634,
          1.478894
        ],
        [
          0.0,
          0.0,
          0.0,
          1.0
        ]
      ]
    },
    {
      "file_path": "/media/NFS/ttao/scannet/posed_images/scene0020_00/00086.jpg",
      "transform_matrix": [
        [
          0.994468,
          -0.03256,
          -0.099866,
          2.680363
        ],
        [
          0.098368,
          -0.044755,
          0.994143,
          1.021496
        ],
        [
          -0.036839,
          -0.998467,
          -0.041304,
          1.543157
        ],
        [
          0.0,
          0.0,
          0.0,
          1.0
        ]
      ]
    },
    {
      "file_path": "/media/NFS/ttao/scannet/posed_images/scene0020_00/00092.jpg",
      "transform_matrix": [
        [
          0.996581,
          -0.029197,
          -0.077292,
          2.702602
        ],
        [
          0.080053,
          0.109726,
          0.990733,
          0.997644
        ],
        [
          -0.020446,
          -0.993533,
          0.111688,
          1.569931
        ],
        [
          0.0,
          0.0,
          0.0,
          1.0
        ]
      ]
    },
    {
      "file_path": "/media/NFS/ttao/scannet/posed_images/scene0020_00/00093.jpg",
      "transform_matrix": [
        [
          0.996882,
          -0.028227,
          -0.073681,
          2.69921
        ],
        [
          0.076758,
          0.130674,
          0.98845,
          0.995112
        ],
        [
          -0.018273,
          -0.991023,
          0.132433,
          1.575825
        ],
        [
          0.0,
          0.0,
          0.0,
          1.0
        ]
      ]
    },
    {
      "file_path": "/media/NFS/ttao/scannet/posed_images/scene0020_00/00100.jpg",
      "transform_matrix": [
        [
          0.998946,
          -0.027534,
          -0.036715,
          2.678423
        ],
        [
          0.041953,
          0.223633,
          0.97377,
          0.975691
        ],
        [
          -0.018601,
          -0.974284,
          0.224553,
          1.612876
        ],
        [
          0.0,
          0.0,
          0.0,
          1.0
        ]
      ]
    },
    {
      "file_path": "/media/NFS/ttao/scannet/posed_images/scene0020_00/00104.jpg",
      "transform_matrix": [
        [
          0.999483,
          -0.028409,
          -0.015069,
          2.672906
        ],
        [
          0.021549,
          0.243838,
          0.969576,
          0.967213
        ],
        [
          -0.02387,
          -0.9694,
          0.244324,
          1.628578
        ],
        [
          0.0,
          0.0,
          0.0,
          1.0
        ]
      ]
    },
    {
      "file_path": "/media/NFS/ttao/scannet/posed_images/scene0020_00/00106.jpg",
      "transform_matrix": [
        [
          0.999638,
          -0.026766,
          -0.002751,
          2.668265
        ],
        [
          0.00896,
          0.234724,
          0.972021,
          0.96335
        ],
        [
          -0.025372,
          -0.971693,
          0.234879,
          1.636122
        ],
        [
          0.0,
          0.0,
          0.0,
          1.0
        ]
      ]
    },
    {
      "file_path": "/media/NFS/ttao/scannet/posed_images/scene0020_00/00113.jpg",
      "transform_matrix": [
        [
          0.997371,
          -0.008124,
          0.072002,
          2.626658
        ],
        [
          -0.071121,
          0.080351,
          0.994226,
          0.992551
        ],
        [
          -0.013863,
          -0.996733,
          0.079562,
          1.605989
        ],
        [
          0.0,
          0.0,
          0.0,
          1.0
        ]
      ]
    },
    {
      "file_path": "/media/NFS/ttao/scannet/posed_images/scene0020_00/00114.jpg",
      "transform_matrix": [
        [
          0.996748,
          -0.005171,
          0.080415,
          2.628808
        ],
        [
          -0.080055,
          0.050325,
          0.995519,
          0.99513
        ],
        [
          -0.009195,
          -0.998719,
          0.049747,
          1.606276
        ],
        [
          0.0,
          0.0,
          0.0,
          1.0
        ]
      ]
    },
    {
      "file_path": "/media/NFS/ttao/scannet/posed_images/scene0020_00/00122.jpg",
      "transform_matrix": [
        [
          0.991002,
          -0.008228,
          0.133592,
          2.61534
        ],
        [
          -0.133341,
          -0.147226,
          0.980074,
          1.043647
        ],
        [
          0.011604,
          -0.989069,
          -0.146998,
          1.50843
        ],
        [
          0.0,
          0.0,
          0.0,
          1.0
        ]
      ]
    },
    {
      "file_path": "/media/NFS/ttao/scannet/posed_images/scene0020_00/00125.jpg",
      "transform_matrix": [
        [
          0.992403,
          -0.013963,
          0.122233,
          2.623173
        ],
        [
          -0.122512,
          -0.20307,
          0.97147,
          1.064115
        ],
        [
          0.011257,
          -0.979064,
          -0.203238,
          1.479474
        ],
        [
          0.0,
          0.0,
          0.0,
          1.0
        ]
      ]
    },
    {
      "file_path": "/media/NFS/ttao/scannet/posed_images/scene0020_00/00127.jpg",
      "transform_matrix": [
        [
          0.992885,
          -0.020412,
          0.117311,
          2.625884
        ],
        [
          -0.118735,
          -0.243921,
          0.962499,
          1.07773
        ],
        [
          0.008968,
          -0.96958,
          -0.24461,
          1.461468
        ],
        [
          0.0,
          0.0,
          0.0,
          1.0
        ]
      ]
    },
    {
      "file_path": "/media/NFS/ttao/scannet/posed_images/scene0020_00/00132.jpg",
      "transform_matrix": [
        [
          0.993534,
          -0.036342,
          0.107561,
          2.641953
        ],
        [
          -0.113494,
          -0.343393,
          0.932309,
          1.111309
        ],
        [
          0.003053,
          -0.938488,
          -0.345297,
          1.410249
        ],
        [
          0.0,
          0.0,
          0.0,
          1.0
        ]
      ]
    },
    {
      "file_path": "/media/NFS/ttao/scannet/posed_images/scene0020_00/00136.jpg",
      "transform_matrix": [
        [
          0.994089,
          -0.037095,
          0.102028,
          2.651661
        ],
        [
          -0.108239,
          -0.411127,
          0.905129,
          1.136151
        ],
        [
          0.008371,
          -0.910823,
          -0.412712,
          1.369299
        ],
        [
          0.0,
          0.0,
          0.0,
          1.0
        ]
      ]
    },
    {
      "file_path": "/media/NFS/ttao/scannet/posed_images/scene0020_00/00142.jpg",
      "transform_matrix": [
        [
          0.992282,
          -0.064792,
          0.105728,
          2.665816
        ],
        [
          -0.123912,
          -0.485685,
          0.865307,
          1.171387
        ],
        [
          -0.004715,
          -0.871729,
          -0.489965,
          1.325903
        ],
        [
          0.0,
          0.0,
          0.0,
          1.0
        ]
      ]
    },
    {
      "file_path": "/media/NFS/ttao/scannet/posed_images/scene0020_00/00145.jpg",
      "transform_matrix": [
        [
          0.992706,
          -0.068306,
          0.09934,
          2.653277
        ],
        [
          -0.120032,
          -0.483121,
          0.867287,
          1.191874
        ],
        [
          -0.011248,
          -0.872885,
          -0.487796,
          1.34166
        ],
        [
          0.0,
          0.0,
          0.0,
          1.0
        ]
      ]
    },
    {
      "file_path": "/media/NFS/ttao/scannet/posed_images/scene0020_00/00151.jpg",
      "transform_matrix": [
        [
          0.9952,
          -0.070079,
          0.068303,
          2.639127
        ],
        [
          -0.090647,
          -0.39719,
          0.913249,
          1.228114
        ],
        [
          -0.03687,
          -0.915057,
          -0.401636,
          1.388691
        ],
        [
          0.0,
          0.0,
          0.0,
          1.0
        ]
      ]
    },
    {
      "file_path": "/media/NFS/ttao/scannet/posed_images/scene0020_00/00155.jpg",
      "transform_matrix": [
        [
          0.993396,
          -0.061594,
          0.096805,
          2.61692
        ],
        [
          -0.111718,
          -0.326917,
          0.938427,
          1.2634
        ],
        [
          -0.026154,
          -0.943044,
          -0.331639,
          1.438356
        ],
        [
          0.0,
          0.0,
          0.0,
          1.0
        ]
      ]
    },
    {
      "file_path": "/media/NFS/ttao/scannet/posed_images/scene0020_00/00157.jpg",
      "transform_matrix": [
        [
          0.993158,
          -0.060371,
          0.099956,
          2.606908
        ],
        [
          -0.113083,
          -0.283765,
          0.952202,
          1.274527
        ],
        [
          -0.029122,
          -0.956991,
          -0.28865,
          1.462049
        ],
        [
          0.0,
          0.0,
          0.0,
          1.0
        ]
      ]
    },
    {
      "file_path": "/media/NFS/ttao/scannet/posed_images/scene0020_00/00161.jpg",
      "transform_matrix": [
        [
          0.994931,
          -0.051481,
          0.086376,
          2.60001
        ],
        [
          -0.095481,
          -0.214255,
          0.9721,
          1.292413
        ],
        [
          -0.031538,
          -0.97542,
          -0.218084,
          1.511695
        ],
        [
          0.0,
          0.0,
          0.0,
          1.0
        ]
      ]
    },
    {
      "file_path": "/media/NFS/ttao/scannet/posed_images/scene0020_00/00169.jpg",
      "transform_matrix": [
        [
          0.999015,
          -0.031618,
          -0.031128,
          2.610718
        ],
        [
          0.027912,
          -0.09749,
          0.994845,
          1.299359
        ],
        [
          -0.03449,
          -0.994734,
          -0.096512,
          1.583186
        ],
        [
          0.0,
          0.0,
          0.0,
          1.0
        ]
      ]
    },
    {
      "file_path": "/media/NFS/ttao/scannet/posed_images/scene0020_00/00170.jpg",
      "transform_matrix": [
        [
          0.999263,
          -0.02488,
          -0.029217,
          2.599475
        ],
        [
          0.026792,
          -0.092797,
          0.995324,
          1.293711
        ],
        [
          -0.027475,
          -0.995374,
          -0.092062,
          1.582201
        ],
        [
          0.0,
          0.0,
          0.0,
          1.0
        ]
      ]
    },
    {
      "file_path": "/media/NFS/ttao/scannet/posed_images/scene0020_00/00177.jpg",
      "transform_matrix": [
        [
          0.992862,
          0.005949,
          0.119115,
          2.590884
        ],
        [
          -0.118675,
          -0.049879,
          0.991679,
          1.280588
        ],
        [
          0.01184,
          -0.998737,
          -0.048817,
          1.629282
        ],
        [
          0.0,
          0.0,
          0.0,
          1.0
        ]
      ]
    },
    {
      "file_path": "/media/NFS/ttao/scannet/posed_images/scene0020_00/00182.jpg",
      "transform_matrix": [
        [
          0.964671,
          0.041054,
          0.260237,
          2.597098
        ],
        [
          -0.258548,
          -0.04225,
          0.965074,
          1.273317
        ],
        [
          0.050615,
          -0.998263,
          -0.030143,
          1.613539
        ],
        [
          0.0,
          0.0,
          0.0,
          1.0
        ]
      ]
    },
    {
      "file_path": "/media/NFS/ttao/scannet/posed_images/scene0020_00/00184.jpg",
      "transform_matrix": [
        [
          0.958336,
          0.043504,
          0.282309,
          2.604581
        ],
        [
          -0.280008,
          -0.052236,
          0.958575,
          1.272379
        ],
        [
          0.056449,
          -0.997687,
          -0.037879,
          1.613626
        ],
        [
          0.0,
          0.0,
          0.0,
          1.0
        ]
      ]
    },
    {
      "file_path": "/media/NFS/ttao/scannet/posed_images/scene0020_00/00187.jpg",
      "transform_matrix": [
        [
          0.952655,
          0.031749,
          0.302391,
          2.616148
        ],
        [
          -0.300272,
          -0.058132,
          0.952081,
          1.272488
        ],
        [
          0.047806,
          -0.997804,
          -0.045846,
          1.61381
        ],
        [
          0.0,
          0.0,
          0.0,
          1.0
        ]
      ]
    },
    {
      "file_path": "/media/NFS/ttao/scannet/posed_images/scene0020_00/00195.jpg",
      "transform_matrix": [
        [
          0.943083,
          -0.023842,
          0.331702,
          2.642553
        ],
        [
          -0.330595,
          -0.175427,
          0.927325,
          1.289365
        ],
        [
          0.03608,
          -0.984204,
          -0.173324,
          1.566185
        ],
        [
          0.0,
          0.0,
          0.0,
          1.0
        ]
      ]
    },
    {
      "file_path": "/media/NFS/ttao/scannet/posed_images/scene0020_00/00197.jpg",
      "transform_matrix": [
        [
          0.942949,
          -0.03624,
          0.330958,
          2.642837
        ],
        [
          -0.330794,
          -0.214571,
          0.918986,
          1.298211
        ],
        [
          0.03771,
          -0.976036,
          -0.214317,
          1.551857
        ],
        [
          0.0,
          0.0,
          0.0,
          1.0
        ]
      ]
    },
    {
      "file_path": "/media/NFS/ttao/scannet/posed_images/scene0020_00/00202.jpg",
      "transform_matrix": [
        [
          0.948177,
          -0.067395,
          0.310511,
          2.637356
        ],
        [
          -0.315326,
          -0.319847,
          0.893458,
          1.314657
        ],
        [
          0.039101,
          -0.945069,
          -0.324524,
          1.465127
        ],
        [
          0.0,
          0.0,
          0.0,
          1.0
        ]
      ]
    },
    {
      "file_path": "/media/NFS/ttao/scannet/posed_images/scene0020_00/00206.jpg",
      "transform_matrix": [
        [
          0.950307,
          -0.100387,
          0.294684,
          2.627575
        ],
        [
          -0.309567,
          -0.404862,
          0.86038,
          1.334481
        ],
        [
          0.032936,
          -0.90885,
          -0.41582,
          1.421371
        ],
        [
          0.0,
          0.0,
          0.0,
          1.0
        ]
      ]
    },
    {
      "file_path": "/media/NFS/ttao/scannet/posed_images/scene0020_00/00209.jpg",
      "transform_matrix": [
        [
          0.946921,
          -0.134975,
          0.291758,
          2.619846
        ],
        [
          -0.320915,
          -0.450045,
          0.83335,
          1.341591
        ],
        [
          0.018823,
          -0.882746,
          -0.469472,
          1.386026
        ],
        [
          0.0,
          0.0,
          0.0,
          1.0
        ]
      ]
    },
    {
      "file_path": "/media/NFS/ttao/scannet/posed_images/scene0020_00/00215.jpg",
      "transform_matrix": [
        [
          0.931495,
          -0.203188,
          0.301714,
          2.599689
        ],
        [
          -0.363691,
          -0.535637,
          0.762116,
          1.360731
        ],
        [
          0.006756,
          -0.819639,
          -0.572841,
          1.304158
        ],
        [
          0.0,
          0.0,
          0.0,
          1.0
        ]
      ]
    },
    {
      "file_path": "/media/NFS/ttao/scannet/posed_images/scene0020_00/00218.jpg",
      "transform_matrix": [
        [
          0.92647,
          -0.219589,
          0.305669,
          2.5881
        ],
        [
          -0.376296,
          -0.556302,
          0.740898,
          1.369985
        ],
        [
          0.007351,
          -0.801442,
          -0.598027,
          1.28825
        ],
        [
          0.0,
          0.0,
          0.0,
          1.0
        ]
      ]
    },
    {
      "file_path": "/media/NFS/ttao/scannet/posed_images/scene0020_00/00224.jpg",
      "transform_matrix": [
        [
          0.925915,
          -0.232246,
          0.297896,
          2.545119
        ],
        [
          -0.377727,
          -0.565774,
          0.732954,
          1.405757
        ],
        [
          -0.001684,
          -0.791177,
          -0.611585,
          1.279281
        ],
        [
          0.0,
          0.0,
          0.0,
          1.0
        ]
      ]
    },
    {
      "file_path": "/media/NFS/ttao/scannet/posed_images/scene0020_00/00225.jpg",
      "transform_matrix": [
        [
          0.926342,
          -0.229666,
          0.298571,
          2.539609
        ],
        [
          -0.37668,
          -0.568427,
          0.731438,
          1.414883
        ],
        [
          0.001729,
          -0.790028,
          -0.613069,
          1.28073
        ],
        [
          0.0,
          0.0,
          0.0,
          1.0
        ]
      ]
    },
    {
      "file_path": "/media/NFS/ttao/scannet/posed_images/scene0020_00/00232.jpg",
      "transform_matrix": [
        [
          0.927863,
          -0.206693,
          0.3104,
          2.511106
        ],
        [
          -0.372916,
          -0.51882,
          0.769259,
          1.492804
        ],
        [
          0.002041,
          -0.82952,
          -0.558473,
          1.325505
        ],
        [
          0.0,
          0.0,
          0.0,
          1.0
        ]
      ]
    },
    {
      "file_path": "/media/NFS/ttao/scannet/posed_images/scene0020_00/00237.jpg",
      "transform_matrix": [
        [
          0.914687,
          -0.202928,
          0.349523,
          2.502917
        ],
        [
          -0.403864,
          -0.425758,
          0.809706,
          1.557192
        ],
        [
          -0.0155,
          -0.881788,
          -0.471391,
          1.381794
        ],
        [
          0.0,
          0.0,
          0.0,
          1.0
        ]
      ]
    },
    {
      "file_path": "/media/NFS/ttao/scannet/posed_images/scene0020_00/00238.jpg",
      "transform_matrix": [
        [
          0.912057,
          -0.202247,
          0.356719,
          2.506038
        ],
        [
          -0.409537,
          -0.4052,
          0.817369,
          1.569799
        ],
        [
          -0.020767,
          -0.891577,
          -0.452393,
          1.395488
        ],
        [
          0.0,
          0.0,
          0.0,
          1.0
        ]
      ]
    },
    {
      "file_path": "/media/NFS/ttao/scannet/posed_images/scene0020_00/00244.jpg",
      "transform_matrix": [
        [
          0.891128,
          -0.172498,
          0.419685,
          2.497865
        ],
        [
          -0.453629,
          -0.317139,
          0.832852,
          1.626365
        ],
        [
          -0.010567,
          -0.932559,
          -0.360862,
          1.462379
        ],
        [
          0.0,
          0.0,
          0.0,
          1.0
        ]
      ]
    },
    {
      "file_path": "/media/NFS/ttao/scannet/posed_images/scene0020_00/00250.jpg",
      "transform_matrix": [
        [
          0.863453,
          -0.14005,
          0.484598,
          2.464439
        ],
        [
          -0.504296,
          -0.261802,
          0.822889,
          1.660476
        ],
        [
          0.011623,
          -0.954906,
          -0.29668,
          1.485272
        ],
        [
          0.0,
          0.0,
          0.0,
          1.0
        ]
      ]
    },
    {
      "file_path": "/media/NFS/ttao/scannet/posed_images/scene0020_00/00253.jpg",
      "transform_matrix": [
        [
          0.843337,
          -0.131659,
          0.521007,
          2.443756
        ],
        [
          -0.537158,
          -0.234717,
          0.810166,
          1.672447
        ],
        [
          0.015624,
          -0.963106,
          -0.268667,
          1.505858
        ],
        [
          0.0,
          0.0,
          0.0,
          1.0
        ]
      ]
    },
    {
      "file_path": "/media/NFS/ttao/scannet/posed_images/scene0020_00/00259.jpg",
      "transform_matrix": [
        [
          0.796186,
          -0.15055,
          0.586022,
          2.402478
        ],
        [
          -0.605048,
          -0.195029,
          0.771932,
          1.699812
        ],
        [
          -0.001923,
          -0.969174,
          -0.24637,
          1.536501
        ],
        [
          0.0,
          0.0,
          0.0,
          1.0
        ]
      ]
    },
    {
      "file_path": "/media/NFS/ttao/scannet/posed_images/scene0020_00/00261.jpg",
      "transform_matrix": [
        [
          0.779107,
          -0.147915,
          0.609191,
          2.388464
        ],
        [
          -0.626871,
          -0.19172,
          0.755167,
          1.713903
        ],
        [
          0.005093,
          -0.970239,
          -0.242094,
          1.542012
        ],
        [
          0.0,
          0.0,
          0.0,
          1.0
        ]
      ]
    },
    {
      "file_path": "/media/NFS/ttao/scannet/posed_images/scene0020_00/00266.jpg",
      "transform_matrix": [
        [
          0.735311,
          -0.146257,
          0.66176,
          2.349327
        ],
        [
          -0.677584,
          -0.178896,
          0.713355,
          1.732222
        ],
        [
          0.014053,
          -0.972936,
          -0.230645,
          1.545257
        ],
        [
          0.0,
          0.0,
          0.0,
          1.0
        ]
      ]
    },
    {
      "file_path": "/media/NFS/ttao/scannet/posed_images/scene0020_00/00268.jpg",
      "transform_matrix": [
        [
          0.72924,
          -0.154341,
          0.666624,
          2.341082
        ],
        [
          -0.684244,
          -0.170651,
          0.709005,
          1.733776
        ],
        [
          0.004332,
          -0.973169,
          -0.230052,
          1.547503
        ],
        [
          0.0,
          0.0,
          0.0,
          1.0
        ]
      ]
    },
    {
      "file_path": "/media/NFS/ttao/scannet/posed_images/scene0020_00/00273.jpg",
      "transform_matrix": [
        [
          0.716524,
          -0.152947,
          0.680589,
          2.331756
        ],
        [
          -0.697396,
          -0.178388,
          0.69413,
          1.738096
        ],
        [
          0.015244,
          -0.972,
          -0.234484,
          1.540776
        ],
        [
          0.0,
          0.0,
          0.0,
          1.0
        ]
      ]
    },
    {
      "file_path": "/media/NFS/ttao/scannet/posed_images/scene0020_00/00279.jpg",
      "transform_matrix": [
        [
          0.64459,
          -0.170494,
          0.745275,
          2.341287
        ],
        [
          -0.763192,
          -0.201098,
          0.614082,
          1.751492
        ],
        [
          0.045176,
          -0.96462,
          -0.259746,
          1.524944
        ],
        [
          0.0,
          0.0,
          0.0,
          1.0
        ]
      ]
    },
    {
      "file_path": "/media/NFS/ttao/scannet/posed_images/scene0020_00/00284.jpg",
      "transform_matrix": [
        [
          0.595886,
          -0.193502,
          0.779408,
          2.350801
        ],
        [
          -0.801364,
          -0.206478,
          0.56141,
          1.763674
        ],
        [
          0.052297,
          -0.959126,
          -0.278103,
          1.514431
        ],
        [
          0.0,
          0.0,
          0.0,
          1.0
        ]
      ]
    },
    {
      "file_path": "/media/NFS/ttao/scannet/posed_images/scene0020_00/00285.jpg",
      "transform_matrix": [
        [
          0.593502,
          -0.198628,
          0.779937,
          2.353287
        ],
        [
          -0.803178,
          -0.208264,
          0.558149,
          1.763547
        ],
        [
          0.051569,
          -0.957691,
          -0.283139,
          1.517028
        ],
        [
          0.0,
          0.0,
          0.0,
          1.0
        ]
      ]
    },
    {
      "file_path": "/media/NFS/ttao/scannet/posed_images/scene0020_00/00291.jpg",
      "transform_matrix": [
        [
          0.602059,
          -0.218001,
          0.768114,
          2.360323
        ],
        [
          -0.796328,
          -0.234061,
          0.557744,
          1.768555
        ],
        [
          0.058197,
          -0.947466,
          -0.314519,
          1.495417
        ],
        [
          0.0,
          0.0,
          0.0,
          1.0
        ]
      ]
    },
    {
      "file_path": "/media/NFS/ttao/scannet/posed_images/scene0020_00/00293.jpg",
      "transform_matrix": [
        [
          0.601801,
          -0.223237,
          0.766812,
          2.361085
        ],
        [
          -0.796739,
          -0.234129,
          0.557127,
          1.772644
        ],
        [
          0.055162,
          -0.946229,
          -0.318761,
          1.491207
        ],
        [
          0.0,
          0.0,
          0.0,
          1.0
        ]
      ]
    },
    {
      "file_path": "/media/NFS/ttao/scannet/posed_images/scene0020_00/00300.jpg",
      "transform_matrix": [
        [
          0.637988,
          -0.237246,
          0.732588,
          2.362401
        ],
        [
          -0.769138,
          -0.242535,
          0.591273,
          1.786014
        ],
        [
          0.037401,
          -0.940687,
          -0.337209,
          1.486394
        ],
        [
          0.0,
          0.0,
          0.0,
          1.0
        ]
      ]
    },
    {
      "file_path": "/media/NFS/ttao/scannet/posed_images/scene0020_00/00303.jpg",
      "transform_matrix": [
        [
          0.652864,
          -0.224181,
          0.72354,
          2.359407
        ],
        [
          -0.756572,
          -0.239612,
          0.608428,
          1.794518
        ],
        [
          0.036971,
          -0.944632,
          -0.326044,
          1.483916
        ],
        [
          0.0,
          0.0,
          0.0,
          1.0
        ]
      ]
    },
    {
      "file_path": "/media/NFS/ttao/scannet/posed_images/scene0020_00/00310.jpg",
      "transform_matrix": [
        [
          0.659823,
          -0.260437,
          0.704845,
          2.343581
        ],
        [
          -0.747715,
          -0.320613,
          0.581489,
          1.843551
        ],
        [
          0.074542,
          -0.910703,
          -0.40628,
          1.411571
        ],
        [
          0.0,
          0.0,
          0.0,
          1.0
        ]
      ]
    },
    {
      "file_path": "/media/NFS/ttao/scannet/posed_images/scene0020_00/00311.jpg",
      "transform_matrix": [
        [
          0.658742,
          -0.270112,
          0.70221,
          2.340801
        ],
        [
          -0.748418,
          -0.330784,
          0.57485,
          1.852314
        ],
        [
          0.077007,
          -0.904224,
          -0.420058,
          1.399377
        ],
        [
          0.0,
          0.0,
          0.0,
          1.0
        ]
      ]
    },
    {
      "file_path": "/media/NFS/ttao/scannet/posed_images/scene0020_00/00316.jpg",
      "transform_matrix": [
        [
          0.652638,
          -0.355245,
          0.669227,
          2.307131
        ],
        [
          -0.754648,
          -0.383586,
          0.532323,
          1.919975
        ],
        [
          0.067601,
          -0.852445,
          -0.518428,
          1.325911
        ],
        [
          0.0,
          0.0,
          0.0,
          1.0
        ]
      ]
    },
    {
      "file_path": "/media/NFS/ttao/scannet/posed_images/scene0020_00/00323.jpg",
      "transform_matrix": [
        [
          0.595281,
          -0.442178,
          0.670909,
          2.238774
        ],
        [
          -0.801865,
          -0.380435,
          0.460741,
          2.035953
        ],
        [
          0.051508,
          -0.812249,
          -0.581032,
          1.304418
        ],
        [
          0.0,
          0.0,
          0.0,
          1.0
        ]
      ]
    },
    {
      "file_path": "/media/NFS/ttao/scannet/posed_images/scene0020_00/00324.jpg",
      "transform_matrix": [
        [
          0.585488,
          -0.444671,
          0.677843,
          2.231591
        ],
        [
          -0.808732,
          -0.378315,
          0.450366,
          2.051954
        ],
        [
          0.056173,
          -0.811878,
          -0.581119,
          1.3118
        ],
        [
          0.0,
          0.0,
          0.0,
          1.0
        ]
      ]
    },
    {
      "file_path": "/media/NFS/ttao/scannet/posed_images/scene0020_00/00329.jpg",
      "transform_matrix": [
        [
          0.517454,
          -0.431768,
          0.738795,
          2.209298
        ],
        [
          -0.85423,
          -0.311408,
          0.416312,
          2.113194
        ],
        [
          0.050317,
          -0.846523,
          -0.529969,
          1.368374
        ],
