{
  "frames": [
    {
      "file_path": "/media/NFS/ttao/scannet/posed_images/scene0349_01/00000.jpg",
      "transform_matrix": [
        [
          0.995612,
          0.076297,
          -0.05419,
          1.673636
        ],
        [
          0.093016,
          -0.870431,
          0.483423,
          0.156261
        ],
        [
          -0.010285,
          -0.486342,
          -0.873708,
          1.253234
        ],
        [
          0.0,
          0.0,
          0.0,
          1.0
        ]
      ]
    },
    {
      "file_path": "/media/NFS/ttao/scannet/posed_images/scene0349_01/00007.jpg",
      "transform_matrix": [
        [
          0.997243,
          0.05927,
          -0.044645,
          1.668741
        ],
        [
          0.073988,
          -0.83995,
          0.537597,
          0.148101
        ],
        [
          -0.005636,
          -0.539418,
          -0.842019,
          1.275974
        ],
        [
          0.0,
          0.0,
          0.0,
          1.0
        ]
      ]
    },
    {
      "file_path": "/media/NFS/ttao/scannet/posed_images/scene0349_01/00016.jpg",
      "transform_matrix": [
        [
          0.994873,
          0.069922,
          -0.073064,
          1.70188
        ],
        [
          0.100114,
          -0.783115,
          0.613766,
          0.120987
        ],
        [
          -0.014302,
          -0.617934,
          -0.7861,
          1.272425
        ],
        [
          0.0,
          0.0,
          0.0,
          1.0
        ]
      ]
    },
    {
      "file_path": "/media/NFS/ttao/scannet/posed_images/scene0349_01/00027.jpg",
      "transform_matrix": [
        [
          0.995941,
          0.057328,
          -0.069391,
          1.697057
        ],
        [
          0.08938,
          -0.720909,
          0.687242,
          0.114557
        ],
        [
          -0.010626,
          -0.690654,
          -0.723107,
          1.296263
        ],
        [
          0.0,
          0.0,
          0.0,
          1.0
        ]
      ]
    },
    {
      "file_path": "/media/NFS/ttao/scannet/posed_images/scene0349_01/00029.jpg",
      "transform_matrix": [
        [
          0.995934,
          0.057295,
          -0.069525,
          1.695932
        ],
        [
          0.089634,
          -0.707864,
          0.700639,
          0.114044
        ],
        [
          -0.009072,
          -0.704021,
          -0.710121,
          1.301441
        ],
        [
          0.0,
          0.0,
          0.0,
          1.0
        ]
      ]
    },
    {
      "file_path": "/media/NFS/ttao/scannet/posed_images/scene0349_01/00038.jpg",
      "transform_matrix": [
        [
          0.997145,
          0.051017,
          -0.055672,
          1.696177
        ],
        [
          0.075492,
          -0.656354,
          0.750666,
          0.112747
        ],
        [
          0.001756,
          -0.752726,
          -0.658332,
          1.314513
        ],
        [
          0.0,
          0.0,
          0.0,
          1.0
        ]
      ]
    },
    {
      "file_path": "/media/NFS/ttao/scannet/posed_images/scene0349_01/00047.jpg",
      "transform_matrix": [
        [
          0.998858,
          0.044546,
          -0.017264,
          1.700333
        ],
        [
          0.041651,
          -0.634987,
          0.7714,
          0.112855
        ],
        [
          0.0234,
          -0.771238,
          -0.636117,
          1.325724
        ],
        [
          0.0,
          0.0,
          0.0,
          1.0
        ]
      ]
    },
    {
      "file_path": "/media/NFS/ttao/scannet/posed_images/scene0349_01/00051.jpg",
      "transform_matrix": [
        [
          0.999481,
          0.031695,
          -0.005718,
          1.69813
        ],
        [
          0.024264,
          -0.62429,
          0.780816,
          0.110941
        ],
        [
          0.021178,
          -0.780549,
          -0.624735,
          1.326497
        ],
        [
          0.0,
          0.0,
          0.0,
          1.0
        ]
      ]
    },
    {
      "file_path": "/media/NFS/ttao/scannet/posed_images/scene0349_01/00058.jpg",
      "transform_matrix": [
        [
          0.999618,
          0.021328,
          0.017567,
          1.699728
        ],
        [
          -0.001368,
          -0.596771,
          0.802411,
          0.113785
        ],
        [
          0.027597,
          -0.802128,
          -0.596514,
          1.334476
        ],
        [
          0.0,
          0.0,
          0.0,
          1.0
        ]
      ]
    },
    {
      "file_path": "/media/NFS/ttao/scannet/posed_images/scene0349_01/00069.jpg",
      "transform_matrix": [
        [
          0.99538,
          -0.008486,
          0.095635,
          1.698905
        ],
        [
          -0.084575,
          -0.548958,
          0.83156,
          0.127129
        ],
        [
          0.045443,
          -0.835807,
          -0.547139,
          1.346402
        ],
        [
          0.0,
          0.0,
          0.0,
          1.0
        ]
      ]
    },
    {
      "file_path": "/media/NFS/ttao/scannet/posed_images/scene0349_01/00074.jpg",
      "transform_matrix": [
        [
          0.990856,
          -0.031522,
          0.131188,
          1.700114
        ],
        [
          -0.128876,
          -0.508932,
          0.851105,
          0.133688
        ],
        [
          0.039937,
          -0.860229,
          -0.508341,
          1.359356
        ],
        [
          0.0,
          0.0,
          0.0,
          1.0
        ]
      ]
    },
    {
      "file_path": "/media/NFS/ttao/scannet/posed_images/scene0349_01/00085.jpg",
      "transform_matrix": [
        [
          0.974142,
          -0.064835,
          0.216433,
          1.702652
        ],
        [
          -0.222626,
          -0.438814,
          0.870563,
          0.145195
        ],
        [
          0.03853,
          -0.896236,
          -0.441901,
          1.386084
        ],
        [
          0.0,
          0.0,
          0.0,
          1.0
        ]
      ]
    },
    {
      "file_path": "/media/NFS/ttao/scannet/posed_images/scene0349_01/00094.jpg",
      "transform_matrix": [
        [
          0.966753,
          -0.076222,
          0.244089,
          1.691842
        ],
        [
          -0.253969,
          -0.397502,
          0.881755,
          0.149688
        ],
        [
          0.029817,
          -0.91443,
          -0.403644,
          1.405328
        ],
        [
          0.0,
          0.0,
          0.0,
          1.0
        ]
      ]
    },
    {
      "file_path": "/media/NFS/ttao/scannet/posed_images/scene0349_01/00100.jpg",
      "transform_matrix": [
        [
          0.96579,
          -0.069622,
          0.249805,
          1.687381
        ],
        [
          -0.257726,
          -0.364532,
          0.894815,
          0.148799
        ],
        [
          0.028763,
          -0.928584,
          -0.370005,
          1.413159
        ],
        [
          0.0,
          0.0,
          0.0,
          1.0
        ]
      ]
    },
    {
      "file_path": "/media/NFS/ttao/scannet/posed_images/scene0349_01/00105.jpg",
      "transform_matrix": [
        [
          0.964999,
          -0.059449,
          0.255427,
          1.68516
        ],
        [
          -0.259801,
          -0.34961,
          0.900153,
          0.155454
        ],
        [
          0.035787,
          -0.935007,
          -0.352818,
          1.422193
        ],
        [
          0.0,
          0.0,
          0.0,
          1.0
        ]
      ]
    },
    {
      "file_path": "/media/NFS/ttao/scannet/posed_images/scene0349_01/00109.jpg",
      "transform_matrix": [
        [
          0.965833,
          -0.053121,
          0.253665,
          1.688078
        ],
        [
          -0.256392,
          -0.33868,
          0.905295,
          0.163196
        ],
        [
          0.037821,
          -0.939401,
          -0.340728,
          1.429375
        ],
        [
          0.0,
          0.0,
          0.0,
          1.0
        ]
      ]
    },
    {
      "file_path": "/media/NFS/ttao/scannet/posed_images/scene0349_01/00123.jpg",
      "transform_matrix": [
        [
          0.983483,
          -0.033621,
          0.177854,
          1.70892
        ],
        [
          -0.180391,
          -0.262804,
          0.947836,
          0.210622
        ],
        [
          0.014874,
          -0.964263,
          -0.264528,
          1.477156
        ],
        [
          0.0,
          0.0,
          0.0,
          1.0
        ]
      ]
    },
    {
      "file_path": "/media/NFS/ttao/scannet/posed_images/scene0349_01/00125.jpg",
      "transform_matrix": [
        [
          0.985654,
          -0.027507,
          0.16652,
          1.715237
        ],
        [
          -0.16823,
          -0.239468,
          0.956218,
          0.222028
        ],
        [
          0.013573,
          -0.970515,
          -0.24066,
          1.482352
        ],
        [
          0.0,
          0.0,
          0.0,
          1.0
        ]
      ]
    },
    {
      "file_path": "/media/NFS/ttao/scannet/posed_images/scene0349_01/00132.jpg",
      "transform_matrix": [
        [
          0.990846,
          -0.018216,
          0.133766,
          1.728923
        ],
        [
          -0.134494,
          -0.218986,
          0.966414,
          0.253758
        ],
        [
          0.011689,
          -0.975558,
          -0.219431,
          1.497425
        ],
        [
          0.0,
          0.0,
          0.0,
          1.0
        ]
      ]
    },
    {
      "file_path": "/media/NFS/ttao/scannet/posed_images/scene0349_01/00143.jpg",
      "transform_matrix": [
        [
          0.99874,
          -0.01188,
          0.048752,
          1.74671
        ],
        [
          -0.050103,
          -0.18272,
          0.981888,
          0.289654
        ],
        [
          -0.002757,
          -0.983093,
          -0.183085,
          1.509815
        ],
        [
          0.0,
          0.0,
          0.0,
          1.0
        ]
      ]
    },
    {
      "file_path": "/media/NFS/ttao/scannet/posed_images/scene0349_01/00152.jpg",
      "transform_matrix": [
        [
          0.998994,
          0.002027,
          -0.044803,
          1.746879
        ],
        [
          0.044554,
          -0.159262,
          0.986231,
          0.313969
        ],
        [
          -0.005136,
          -0.987234,
          -0.159192,
          1.51637
        ],
        [
          0.0,
          0.0,
          0.0,
          1.0
        ]
      ]
    },
    {
      "file_path": "/media/NFS/ttao/scannet/posed_images/scene0349_01/00156.jpg",
      "transform_matrix": [
        [
          0.99649,
          0.00854,
          -0.083281,
          1.735265
        ],
        [
          0.083603,
          -0.153663,
          0.98458,
          0.325629
        ],
        [
          -0.004389,
          -0.988086,
          -0.153838,
          1.51865
        ],
        [
          0.0,
          0.0,
          0.0,
          1.0
        ]
      ]
    },
    {
      "file_path": "/media/NFS/ttao/scannet/posed_images/scene0349_01/00163.jpg",
      "transform_matrix": [
        [
          0.990938,
          0.027258,
          -0.13153,
          1.712761
        ],
        [
          0.133998,
          -0.132307,
          0.98211,
          0.347875
        ],
        [
          0.009368,
          -0.990834,
          -0.13476,
          1.527224
        ],
        [
          0.0,
          0.0,
          0.0,
          1.0
        ]
      ]
    },
    {
      "file_path": "/media/NFS/ttao/scannet/posed_images/scene0349_01/00170.jpg",
      "transform_matrix": [
        [
          0.990353,
          0.033623,
          -0.134427,
          1.686389
        ],
        [
          0.137131,
          -0.098449,
          0.985649,
          0.369742
        ],
        [
          0.019906,
          -0.994574,
          -0.10211,
          1.528455
        ],
        [
          0.0,
          0.0,
          0.0,
          1.0
        ]
      ]
    },
    {
      "file_path": "/media/NFS/ttao/scannet/posed_images/scene0349_01/00176.jpg",
      "transform_matrix": [
        [
          0.987943,
          0.037445,
          -0.150223,
          1.660228
        ],
        [
          0.153108,
          -0.092406,
          0.98388,
          0.383066
        ],
        [
          0.022959,
          -0.995017,
          -0.097025,
          1.530195
        ],
        [
          0.0,
          0.0,
          0.0,
          1.0
        ]
      ]
    },
    {
      "file_path": "/media/NFS/ttao/scannet/posed_images/scene0349_01/00185.jpg",
      "transform_matrix": [
        [
          0.974819,
          0.036314,
          -0.220023,
          1.624209
        ],
        [
          0.222555,
          -0.096145,
          0.970168,
          0.401886
        ],
        [
          0.014076,
          -0.994705,
          -0.101806,
          1.530825
        ],
        [
          0.0,
          0.0,
          0.0,
          1.0
        ]
      ]
    },
    {
      "file_path": "/media/NFS/ttao/scannet/posed_images/scene0349_01/00194.jpg",
      "transform_matrix": [
        [
          0.936732,
          0.049597,
          -0.346515,
          1.61189
        ],
        [
          0.349755,
          -0.092204,
          0.932293,
          0.418842
        ],
        [
          0.014289,
          -0.994504,
          -0.103717,
          1.532102
        ],
        [
          0.0,
          0.0,
          0.0,
          1.0
        ]
      ]
    },
    {
      "file_path": "/media/NFS/ttao/scannet/posed_images/scene0349_01/00199.jpg",
      "transform_matrix": [
        [
          0.907539,
          0.061256,
          -0.415477,
          1.610459
        ],
        [
          0.419543,
          -0.087742,
          0.903485,
          0.423282
        ],
        [
          0.01889,
          -0.994258,
          -0.105329,
          1.530935
        ],
        [
          0.0,
          0.0,
          0.0,
          1.0
        ]
      ]
    },
    {
      "file_path": "/media/NFS/ttao/scannet/posed_images/scene0349_01/00207.jpg",
      "transform_matrix": [
        [
          0.860683,
          0.074271,
          -0.503696,
          1.609479
        ],
        [
          0.509069,
          -0.108782,
          0.853824,
          0.432581
        ],
        [
          0.008621,
          -0.991287,
          -0.131436,
          1.527409
        ],
        [
          0.0,
          0.0,
          0.0,
          1.0
        ]
      ]
    },
    {
      "file_path": "/media/NFS/ttao/scannet/posed_images/scene0349_01/00216.jpg",
      "transform_matrix": [
        [
          0.832718,
          0.110894,
          -0.542479,
          1.60976
        ],
        [
          0.553696,
          -0.164319,
          0.816345,
          0.44155
        ],
        [
          0.001388,
          -0.980154,
          -0.198233,
          1.510828
        ],
        [
          0.0,
          0.0,
          0.0,
          1.0
        ]
      ]
    },
    {
      "file_path": "/media/NFS/ttao/scannet/posed_images/scene0349_01/00221.jpg",
      "transform_matrix": [
        [
          0.830835,
          0.135185,
          -0.53985,
          1.608966
        ],
        [
          0.556481,
          -0.213059,
          0.803078,
          0.447131
        ],
        [
          -0.006456,
          -0.967642,
          -0.252245,
          1.491362
        ],
        [
          0.0,
          0.0,
          0.0,
          1.0
        ]
      ]
    },
    {
      "file_path": "/media/NFS/ttao/scannet/posed_images/scene0349_01/00230.jpg",
      "transform_matrix": [
        [
          0.842446,
          0.167809,
          -0.511981,
          1.612774
        ],
        [
          0.538226,
          -0.305235,
          0.785586,
          0.461264
        ],
        [
          -0.024446,
          -0.937375,
          -0.347463,
          1.46159
        ],
        [
          0.0,
          0.0,
          0.0,
          1.0
        ]
      ]
    },
    {
      "file_path": "/media/NFS/ttao/scannet/posed_images/scene0349_01/00241.jpg",
      "transform_matrix": [
        [
          0.860087,
          0.201231,
          -0.468782,
          1.61123
        ],
        [
          0.509051,
          -0.398748,
          0.762802,
          0.467519
        ],
        [
          -0.033427,
          -0.89471,
          -0.445395,
          1.427559
        ],
        [
          0.0,
          0.0,
          0.0,
          1.0
        ]
      ]
    },
    {
      "file_path": "/media/NFS/ttao/scannet/posed_images/scene0349_01/00243.jpg",
      "transform_matrix": [
        [
          0.85761,
          0.207628,
          -0.470527,
          1.612402
        ],
        [
          0.512947,
          -0.41164,
          0.753285,
          0.466618
        ],
        [
          -0.037284,
          -0.88738,
          -0.459529,
          1.420705
        ],
        [
          0.0,
          0.0,
          0.0,
          1.0
        ]
      ]
    },
    {
      "file_path": "/media/NFS/ttao/scannet/posed_images/scene0349_01/00252.jpg",
      "transform_matrix": [
        [
          0.83617,
          0.251808,
          -0.48725,
          1.604207
        ],
        [
          0.546424,
          -0.459134,
          0.700441,
          0.45838
        ],
        [
          -0.047336,
          -0.851932,
          -0.521508,
          1.400861
        ],
        [
          0.0,
          0.0,
          0.0,
          1.0
        ]
      ]
    },
    {
      "file_path": "/media/NFS/ttao/scannet/posed_images/scene0349_01/00263.jpg",
      "transform_matrix": [
        [
          0.795808,
          0.308379,
          -0.521144,
          1.60052
        ],
        [
          0.601228,
          -0.504997,
          0.619276,
          0.445854
        ],
        [
          -0.072204,
          -0.806151,
          -0.587288,
          1.378473
        ],
        [
          0.0,
          0.0,
          0.0,
          1.0
        ]
      ]
    },
    {
      "file_path": "/media/NFS/ttao/scannet/posed_images/scene0349_01/00272.jpg",
      "transform_matrix": [
        [
          0.757835,
          0.379461,
          -0.53075,
          1.593336
        ],
        [
          0.648447,
          -0.527986,
          0.548404,
          0.438009
        ],
        [
          -0.07213,
          -0.759763,
          -0.646187,
          1.355693
        ],
        [
          0.0,
          0.0,
          0.0,
          1.0
        ]
      ]
    },
    {
      "file_path": "/media/NFS/ttao/scannet/posed_images/scene0349_01/00279.jpg",
      "transform_matrix": [
        [
          0.716726,
          0.438931,
          -0.541889,
          1.593402
        ],
        [
          0.693691,
          -0.52831,
          0.489573,
          0.435134
        ],
        [
          -0.071396,
          -0.726793,
          -0.683136,
          1.337778
        ],
        [
          0.0,
          0.0,
          0.0,
          1.0
        ]
      ]
    },
    {
      "file_path": "/media/NFS/ttao/scannet/posed_images/scene0349_01/00286.jpg",
      "transform_matrix": [
        [
          0.652013,
          0.514878,
          -0.556578,
          1.603934
        ],
        [
          0.753885,
          -0.518514,
          0.403486,
          0.435057
        ],
        [
          -0.080848,
          -0.682674,
          -0.726237,
          1.310961
        ],
        [
          0.0,
          0.0,
          0.0,
          1.0
        ]
      ]
    },
    {
      "file_path": "/media/NFS/ttao/scannet/posed_images/scene0349_01/00290.jpg",
      "transform_matrix": [
        [
          0.619244,
          0.558677,
          -0.551739,
          1.608047
        ],
        [
          0.781758,
          -0.504378,
          0.366684,
          0.437497
        ],
        [
          -0.073427,
          -0.658393,
          -0.749084,
          1.295671
        ],
        [
          0.0,
          0.0,
          0.0,
          1.0
        ]
      ]
    },
    {
      "file_path": "/media/NFS/ttao/scannet/posed_images/scene0349_01/00301.jpg",
      "transform_matrix": [
        [
          0.505192,
          0.686109,
          -0.523484,
          1.611107
        ],
        [
          0.862308,
          -0.425717,
          0.274208,
          0.434693
        ],
        [
          -0.034719,
          -0.589932,
          -0.806706,
          1.253162
        ],
        [
          0.0,
          0.0,
          0.0,
          1.0
        ]
      ]
    },
    {
      "file_path": "/media/NFS/ttao/scannet/posed_images/scene0349_01/00306.jpg",
      "transform_matrix": [
        [
          0.452922,
          0.735568,
          -0.503788,
          1.606116
        ],
        [
          0.891498,
          -0.379774,
          0.246988,
          0.437982
        ],
        [
          -0.009649,
          -0.560992,
          -0.827765,
          1.237361
        ],
        [
          0.0,
          0.0,
          0.0,
          1.0
        ]
      ]
    },
    {
      "file_path": "/media/NFS/ttao/scannet/posed_images/scene0349_01/00310.jpg",
      "transform_matrix": [
        [
          0.392672,
          0.766568,
          -0.508115,
          1.601312
        ],
        [
          0.919625,
          -0.333233,
          0.207956,
          0.448034
        ],
        [
          -0.009908,
          -0.548934,
          -0.835807,
          1.241905
        ],
        [
          0.0,
          0.0,
          0.0,
          1.0
        ]
      ]
    },
    {
      "file_path": "/media/NFS/ttao/scannet/posed_images/scene0349_01/00323.jpg",
      "transform_matrix": [
        [
          0.092552,
          0.756987,
          -0.646842,
          1.631261
        ],
        [
          0.995706,
          -0.069063,
          0.061645,
          0.522335
        ],
        [
          0.001992,
          -0.64977,
          -0.760128,
          1.274213
        ],
        [
          0.0,
          0.0,
          0.0,
          1.0
        ]
      ]
    },
    {
      "file_path": "/media/NFS/ttao/scannet/posed_images/scene0349_01/00326.jpg",
      "transform_matrix": [
        [
          0.043631,
          0.749802,
          -0.660222,
          1.638856
        ],
        [
          0.999047,
          -0.031947,
          0.029741,
          0.533191
        ],
        [
          0.001208,
          -0.660891,
          -0.750481,
          1.285527
        ],
        [
          0.0,
          0.0,
          0.0,
          1.0
        ]
      ]
    },
    {
      "file_path": "/media/NFS/ttao/scannet/posed_images/scene0349_01/00339.jpg",
      "transform_matrix": [
        [
          -0.01984,
          0.611749,
          -0.790803,
          1.660807
        ],
        [
          0.999728,
          0.021845,
          -0.008183,
          0.539536
        ],
        [
          0.012269,
          -0.79075,
          -0.612016,
          1.343505
        ],
        [
          0.0,
          0.0,
          0.0,
          1.0
        ]
      ]
    },
    {
      "file_path": "/media/NFS/ttao/scannet/posed_images/scene0349_01/00341.jpg",
      "transform_matrix": [
        [
          -0.024402,
          0.60093,
          -0.798929,
          1.660606
        ],
        [
          0.999475,
          0.031724,
          -0.006665,
          0.541391
        ],
        [
          0.02134,
          -0.798672,
          -0.601389,
          1.346682
        ],
        [
          0.0,
          0.0,
          0.0,
          1.0
        ]
      ]
    },
    {
      "file_path": "/media/NFS/ttao/scannet/posed_images/scene0349_01/00350.jpg",
      "transform_matrix": [
        [
          -0.069031,
          0.515458,
          -0.85413,
          1.667692
        ],
        [
          0.997478,
          0.049813,
          -0.050555,
          0.563569
        ],
        [
          0.016488,
          -0.855466,
          -0.517597,
          1.397145
        ],
        [
          0.0,
          0.0,
          0.0,
          1.0
        ]
      ]
    },
    {
      "file_path": "/media/NFS/ttao/scannet/posed_images/scene0349_01/00355.jpg",
      "transform_matrix": [
        [
          -0.095516,
          0.469152,
          -0.877937,
          1.673611
        ],
        [
          0.994943,
          0.072524,
          -0.06949,
          0.577194
        ],
        [
          0.03107,
          -0.880134,
          -0.473707,
          1.419439
        ],
        [
          0.0,
          0.0,
          0.0,
          1.0
        ]
      ]
    },
    {
      "file_path": "/media/NFS/ttao/scannet/posed_images/scene0349_01/00368.jpg",
      "transform_matrix": [
        [
          -0.117642,
          0.349101,
          -0.929672,
          1.688616
        ],
        [
          0.992936,
          0.055952,
          -0.104637,
          0.605649
        ],
        [
          0.015488,
          -0.935413,
          -0.353217,
          1.473471
        ],
        [
          0.0,
          0.0,
          0.0,
          1.0
        ]
      ]
    },
    {
      "file_path": "/media/NFS/ttao/scannet/posed_images/scene0349_01/00373.jpg",
      "transform_matrix": [
        [
          -0.128592,
          0.303304,
          -0.944177,
          1.698243
        ],
        [
          0.991431,
          0.061395,
          -0.115305,
          0.612628
        ],
        [
          0.022995,
          -0.950914,
          -0.3086,
          1.484514
        ],
        [
          0.0,
          0.0,
          0.0,
          1.0
        ]
      ]
    },
    {
      "file_path": "/media/NFS/ttao/scannet/posed_images/scene0349_01/00379.jpg",
      "transform_matrix": [
        [
          -0.13359,
          0.240174,
          -0.961494,
          1.706903
        ],
        [
          0.990711,
          0.057233,
          -0.123353,
          0.616971
        ],
        [
          0.025403,
          -0.969041,
          -0.245589,
          1.504731
        ],
        [
          0.0,
          0.0,
          0.0,
          1.0
        ]
      ]
    },
    {
      "file_path": "/media/NFS/ttao/scannet/posed_images/scene0349_01/00390.jpg",
      "transform_matrix": [
        [
          -0.122007,
          0.158712,
          -0.979758,
          1.720285
        ],
        [
          0.992282,
          0.041544,
          -0.116837,
          0.621159
        ],
        [
          0.02216,
          -0.986451,
          -0.162556,
          1.526952
        ],
        [
          0.0,
          0.0,
          0.0,
          1.0
        ]
      ]
    },
    {
      "file_path": "/media/NFS/ttao/scannet/posed_images/scene0349_01/00397.jpg",
      "transform_matrix": [
        [
          -0.126718,
          0.105614,
          -0.9863,
          1.730471
        ],
        [
          0.991499,
          0.043101,
          -0.12277,
          0.622398
        ],
        [
          0.029544,
          -0.993473,
          -0.110178,
          1.540995
        ],
        [
          0.0,
          0.0,
          0.0,
          1.0
        ]
      ]
    },
    {
      "file_path": "/media/NFS/ttao/scannet/posed_images/scene0349_01/00404.jpg",
      "transform_matrix": [
        [
          -0.123365,
          0.047137,
          -0.991241,
          1.740039
        ],
        [
          0.991526,
          0.046821,
          -0.121174,
          0.624183
        ],
        [
          0.040699,
          -0.99779,
          -0.052514,
          1.573718
        ],
        [
          0.0,
          0.0,
          0.0,
          1.0
        ]
      ]
    },
    {
      "file_path": "/media/NFS/ttao/scannet/posed_images/scene0349_01/00411.jpg",
      "transform_matrix": [
        [
          -0.111517,
          0.052405,
          -0.99238,
          1.738786
        ],
        [
          0.992476,
          0.05666,
          -0.108536,
          0.626178
        ],
        [
          0.050541,
          -0.997017,
          -0.05833,
          1.598584
        ],
        [
          0.0,
          0.0,
          0.0,
          1.0
        ]
      ]
    },
    {
      "file_path": "/media/NFS/ttao/scannet/posed_images/scene0349_01/00419.jpg",
      "transform_matrix": [
        [
          -0.087865,
          0.080092,
          -0.992907,
          1.731902
        ],
        [
          0.995212,
          0.0499,
          -0.084044,
          0.634938
        ],
        [
          0.042815,
          -0.995538,
          -0.084093,
          1.654694
        ],
        [
          0.0,
          0.0,
          0.0,
          1.0
        ]
      ]
    },
    {
      "file_path": "/media/NFS/ttao/scannet/posed_images/scene0349_01/00428.jpg",
      "transform_matrix": [
        [
          -0.070329,
          0.177754,
          -0.981559,
          1.717556
        ],
        [
          0.99689,
          0.047594,
          -0.062809,
          0.647399
        ],
        [
          0.035552,
          -0.982924,
          -0.180549,
          1.729559
        ],
        [
          0.0,
          0.0,
          0.0,
          1.0
        ]
      ]
    },
    {
      "file_path": "/media/NFS/ttao/scannet/posed_images/scene0349_01/00435.jpg",
      "transform_matrix": [
        [
          -0.08599,
          0.277029,
          -0.957006,
          1.696736
        ],
        [
          0.995814,
          0.053778,
          -0.07391,
          0.643407
        ],
        [
          0.030991,
          -0.959355,
          -0.280494,
          1.802848
        ],
        [
          0.0,
          0.0,
          0.0,
          1.0
        ]
      ]
    },
    {
      "file_path": "/media/NFS/ttao/scannet/posed_images/scene0349_01/00437.jpg",
      "transform_matrix": [
        [
          -0.082482,
          0.301489,
          -0.949895,
          1.688424
        ],
        [
          0.995913,
          0.060126,
          -0.067394,
          0.643042
        ],
        [
          0.036795,
          -0.951572,
          -0.305216,
          1.824579
        ],
        [
          0.0,
          0.0,
          0.0,
          1.0
        ]
      ]
    },
    {
      "file_path": "/media/NFS/ttao/scannet/posed_images/scene0349_01/00448.jpg",
      "transform_matrix": [
        [
          -0.092995,
          0.489183,
          -0.86721,
          1.647093
        ],
        [
          0.994756,
          0.082893,
          -0.059913,
          0.644893
        ],
        [
          0.042577,
          -0.868233,
          -0.494326,
          1.892971
        ],
        [
          0.0,
          0.0,
          0.0,
          1.0
        ]
      ]
    },
    {
      "file_path": "/media/NFS/ttao/scannet/posed_images/scene0349_01/00457.jpg",
      "transform_matrix": [
        [
          -0.045004,
          0.600292,
          -0.798513,
          1.620435
        ],
        [
          0.995426,
          0.094374,
          0.014844,
          0.656554
        ],
        [
          0.08427,
          -0.794193,
          -0.601794,
          1.918825
        ],
        [
          0.0,
          0.0,
          0.0,
          1.0
        ]
      ]
    },
    {
      "file_path": "/media/NFS/ttao/scannet/posed_images/scene0349_01/00464.jpg",
      "transform_matrix": [
        [
          -0.017457,
          0.668374,
          -0.743621,
          1.610181
        ],
        [
          0.995212,
          0.08315,
          0.051373,
          0.667068
        ],
        [
          0.096169,
          -0.739164,
          -0.666625,
          1.900357
        ],
        [
          0.0,
          0.0,
          0.0,
          1.0
        ]
      ]
    },
    {
      "file_path": "/media/NFS/ttao/scannet/posed_images/scene0349_01/00473.jpg",
      "transform_matrix": [
        [
          0.043444,
          0.702379,
          -0.710476,
          1.599521
        ],
        [
          0.994882,
          0.034525,
          0.094966,
          0.691995
        ],
        [
          0.091231,
          -0.710965,
          -0.697284,
          1.884874
        ],
        [
          0.0,
          0.0,
          0.0,
          1.0
        ]
      ]
    },
    {
      "file_path": "/media/NFS/ttao/scannet/posed_images/scene0349_01/00480.jpg",
      "transform_matrix": [
        [
          0.154901,
          0.737699,
          -0.657119,
          1.581022
        ],
        [
          0.982815,
          -0.047469,
          0.178386,
          0.716141
        ],
        [
          0.100402,
          -0.673459,
          -0.732375,
          1.87641
        ],
        [
          0.0,
          0.0,
          0.0,
          1.0
        ]
      ]
    },
    {
      "file_path": "/media/NFS/ttao/scannet/posed_images/scene0349_01/00486.jpg",
      "transform_matrix": [
        [
          0.241349,
          0.738778,
          -0.629252,
          1.582199
        ],
        [
          0.964652,
          -0.111933,
          0.238576,
          0.741642
        ],
        [
          0.105821,
          -0.664589,
          -0.739678,
          1.871974
        ],
        [
          0.0,
          0.0,
          0.0,
          1.0
        ]
      ]
    },
    {
      "file_path": "/media/NFS/ttao/scannet/posed_images/scene0349_01/00491.jpg",
      "transform_matrix": [
        [
          0.296741,
          0.722442,
          -0.624518,
          1.585214
        ],
        [
          0.949948,
          -0.156408,
          0.270438,
          0.759889
        ],
        [
          0.097696,
          -0.673509,
          -0.732695,
          1.881089
        ],
        [
          0.0,
          0.0,
          0.0,
          1.0
        ]
      ]
    },
    {
      "file_path": "/media/NFS/ttao/scannet/posed_images/scene0349_01/00500.jpg",
      "transform_matrix": [
        [
          0.379203,
          0.658053,
          -0.650516,
          1.6013
        ],
        [
          0.920132,
          -0.193872,
          0.340252,
          0.790859
        ],
        [
          0.097787,
          -0.727585,
          -0.679012,
          1.902234
        ],
        [
          0.0,
          0.0,
          0.0,
          1.0
        ]
      ]
    },
    {
      "file_path": "/media/NFS/ttao/scannet/posed_images/scene0349_01/00506.jpg",
      "transform_matrix": [
        [
          0.403948,
          0.628502,
          -0.664689,
          1.605366
        ],
        [
          0.910723,
          -0.207933,
          0.356857,
          0.808301
        ],
        [
          0.086075,
          -0.749499,
          -0.656386,
          1.924634
        ],
        [
          0.0,
          0.0,
          0.0,
          1.0
        ]
      ]
    },
    {
      "file_path": "/media/NFS/ttao/scannet/posed_images/scene0349_01/00511.jpg",
      "transform_matrix": [
        [
          0.404189,
          0.613892,
          -0.678062,
          1.611174
        ],
        [
          0.909563,
          -0.191488,
          0.36882,
          0.811734
        ],
        [
          0.096575,
          -0.765813,
          -0.63577,
          1.936312
        ],
        [
          0.0,
          0.0,
          0.0,
          1.0
        ]
      ]
    },
    {
      "file_path": "/media/NFS/ttao/scannet/posed_images/scene0349_01/00520.jpg",
      "transform_matrix": [
        [
          0.368541,
          0.550582,
          -0.749024,
          1.618799
        ],
        [
          0.923604,
          -0.125411,
          0.362254,
          0.803129
        ],
        [
          0.105515,
          -0.825307,
          -0.554739,
          1.979556
        ],
        [
          0.0,
          0.0,
          0.0,
          1.0
        ]
      ]
    },
    {
      "file_path": "/media/NFS/ttao/scannet/posed_images/scene0349_01/00531.jpg",
      "transform_matrix": [
        [
          0.364143,
          0.457063,
          -0.811476,
          1.622177
        ],
        [
          0.919295,
          -0.036702,
          0.391854,
          0.783083
        ],
        [
          0.149319,
          -0.888677,
          -0.433541,
          2.020496
        ],
        [
          0.0,
          0.0,
          0.0,
          1.0
        ]
      ]
    },
    {
      "file_path": "/media/NFS/ttao/scannet/posed_images/scene0349_01/00533.jpg",
      "transform_matrix": [
        [
          0.369119,
          0.455358,
          -0.810185,
          1.621854
        ],
        [
          0.916438,
          -0.03335,
          0.398784,
          0.781139
        ],
        [
          0.15457,
          -0.889684,
          -0.429617,
          2.023612
        ],
        [
          0.0,
          0.0,
          0.0,
          1.0
        ]
      ]
    },
    {
      "file_path": "/media/NFS/ttao/scannet/posed_images/scene0349_01/00542.jpg",
      "transform_matrix": [
        [
          0.442239,
          0.461107,
          -0.769289,
          1.624035
        ],
        [
          0.88154,
          -0.065421,
          0.467555,
          0.798289
        ],
        [
          0.165265,
          -0.88493,
          -0.435416,
          2.0158
        ],
        [
          0.0,
          0.0,
          0.0,
          1.0
        ]
      ]
    },
    {
      "file_path": "/media/NFS/ttao/scannet/posed_images/scene0349_01/00551.jpg",
      "transform_matrix": [
        [
          0.578225,
          0.448531,
          -0.681524,
          1.646373
        ],
        [
          0.802917,
          -0.164535,
          0.572933,
          0.834441
        ],
        [
          0.144844,
          -0.878492,
          -0.455271,
          1.993184
        ],
        [
          0.0,
          0.0,
          0.0,
          1.0
        ]
      ]
    },
    {
      "file_path": "/media/NFS/ttao/scannet/posed_images/scene0349_01/00562.jpg",
      "transform_matrix": [
        [
          0.764519,
          0.414622,
          -0.493557,
          1.679273
        ],
        [
          0.628778,
          -0.311077,
          0.712649,
          0.864484
        ],
        [
          0.141946,
          -0.855172,
          -0.49853,
          1.968533
        ],
        [
          0.0,
          0.0,
          0.0,
          1.0
        ]
      ]
    },
    {
      "file_path": "/media/NFS/ttao/scannet/posed_images/scene0349_01/00564.jpg",
      "transform_matrix": [
        [
          0.797551,
          0.396982,
          -0.454222,
          1.690396
        ],
        [
          0.589531,
          -0.353233,
          0.726416,
          0.874158
        ],
        [
          0.127928,
          -0.847131,
          -0.515755,
          1.965417
        ],
        [
          0.0,
          0.0,
          0.0,
          1.0
        ]
      ]
    },
    {
      "file_path": "/media/NFS/ttao/scannet/posed_images/scene0349_01/00576.jpg",
      "transform_matrix": [
        [
          0.898497,
          0.321247,
          -0.299171,
          1.733644
        ],
        [
          0.424655,
          -0.463393,
          0.777776,
          0.90201
        ],
        [
          0.111225,
          -0.825874,
          -0.552776,
          1.954529
        ],
        [
          0.0,
