{
  "frames": [
    {
      "file_path": "/media/NFS/ttao/scannet/posed_images/scene0194_00/00000.jpg",
      "transform_matrix": [
        [
          -0.052123,
          0.492225,
          -0.868906,
          3.27549
        ],
        [
          0.996177,
          0.08671,
          -0.010637,
          2.071379
        ],
        [
          0.070107,
          -0.866138,
          -0.494863,
          1.287401
        ],
        [
          0.0,
          0.0,
          0.0,
          1.0
        ]
      ]
    },
    {
      "file_path": "/media/NFS/ttao/scannet/posed_images/scene0194_00/00007.jpg",
      "transform_matrix": [
        [
          -0.002252,
          0.482835,
          -0.875708,
          3.315601
        ],
        [
          0.99833,
          0.051642,
          0.025906,
          2.103619
        ],
        [
          0.057732,
          -0.874187,
          -0.482145,
          1.289493
        ],
        [
          0.0,
          0.0,
          0.0,
          1.0
        ]
      ]
    },
    {
      "file_path": "/media/NFS/ttao/scannet/posed_images/scene0194_00/00008.jpg",
      "transform_matrix": [
        [
          0.000906,
          0.481837,
          -0.87626,
          3.321972
        ],
        [
          0.998329,
          0.0502,
          0.028636,
          2.110177
        ],
        [
          0.057786,
          -0.874822,
          -0.480987,
          1.289581
        ],
        [
          0.0,
          0.0,
          0.0,
          1.0
        ]
      ]
    },
    {
      "file_path": "/media/NFS/ttao/scannet/posed_images/scene0194_00/00013.jpg",
      "transform_matrix": [
        [
          0.026129,
          0.479146,
          -0.877346,
          3.360941
        ],
        [
          0.998865,
          0.022457,
          0.042013,
          2.166003
        ],
        [
          0.039833,
          -0.877448,
          -0.478015,
          1.283426
        ],
        [
          0.0,
          0.0,
          0.0,
          1.0
        ]
      ]
    },
    {
      "file_path": "/media/NFS/ttao/scannet/posed_images/scene0194_00/00021.jpg",
      "transform_matrix": [
        [
          0.101059,
          0.496691,
          -0.862024,
          3.414905
        ],
        [
          0.994642,
          -0.031477,
          0.09847,
          2.223021
        ],
        [
          0.021775,
          -0.867356,
          -0.497211,
          1.274633
        ],
        [
          0.0,
          0.0,
          0.0,
          1.0
        ]
      ]
    },
    {
      "file_path": "/media/NFS/ttao/scannet/posed_images/scene0194_00/00025.jpg",
      "transform_matrix": [
        [
          0.08476,
          0.509548,
          -0.856257,
          3.434558
        ],
        [
          0.996386,
          -0.038567,
          0.075681,
          2.225094
        ],
        [
          0.00554,
          -0.859578,
          -0.510975,
          1.269603
        ],
        [
          0.0,
          0.0,
          0.0,
          1.0
        ]
      ]
    },
    {
      "file_path": "/media/NFS/ttao/scannet/posed_images/scene0194_00/00031.jpg",
      "transform_matrix": [
        [
          0.064374,
          0.534467,
          -0.842734,
          3.451631
        ],
        [
          0.997925,
          -0.033141,
          0.05521,
          2.204719
        ],
        [
          0.001579,
          -0.844539,
          -0.535491,
          1.265102
        ],
        [
          0.0,
          0.0,
          0.0,
          1.0
        ]
      ]
    },
    {
      "file_path": "/media/NFS/ttao/scannet/posed_images/scene0194_00/00035.jpg",
      "transform_matrix": [
        [
          0.057807,
          0.537709,
          -0.841146,
          3.45626
        ],
        [
          0.998309,
          -0.02595,
          0.052019,
          2.177171
        ],
        [
          0.006143,
          -0.842731,
          -0.5383,
          1.258024
        ],
        [
          0.0,
          0.0,
          0.0,
          1.0
        ]
      ]
    },
    {
      "file_path": "/media/NFS/ttao/scannet/posed_images/scene0194_00/00037.jpg",
      "transform_matrix": [
        [
          0.06948,
          0.53587,
          -0.841436,
          3.453886
        ],
        [
          0.997438,
          -0.022898,
          0.067779,
          2.162018
        ],
        [
          0.017054,
          -0.84399,
          -0.536088,
          1.25276
        ],
        [
          0.0,
          0.0,
          0.0,
          1.0
        ]
      ]
    },
    {
      "file_path": "/media/NFS/ttao/scannet/posed_images/scene0194_00/00042.jpg",
      "transform_matrix": [
        [
          0.062424,
          0.552434,
          -0.831216,
          3.446277
        ],
        [
          0.995933,
          0.01974,
          0.087914,
          2.125009
        ],
        [
          0.064975,
          -0.833323,
          -0.548955,
          1.233123
        ],
        [
          0.0,
          0.0,
          0.0,
          1.0
        ]
      ]
    },
    {
      "file_path": "/media/NFS/ttao/scannet/posed_images/scene0194_00/00049.jpg",
      "transform_matrix": [
        [
          0.101768,
          0.550101,
          -0.828874,
          3.42047
        ],
        [
          0.991615,
          0.01061,
          0.12879,
          2.045021
        ],
        [
          0.079641,
          -0.835031,
          -0.544408,
          1.233228
        ],
        [
          0.0,
          0.0,
          0.0,
          1.0
        ]
      ]
    },
    {
      "file_path": "/media/NFS/ttao/scannet/posed_images/scene0194_00/00051.jpg",
      "transform_matrix": [
        [
          0.114076,
          0.550975,
          -0.826688,
          3.404867
        ],
        [
          0.990815,
          -0.002277,
          0.135207,
          2.023657
        ],
        [
          0.072614,
          -0.834519,
          -0.546174,
          1.242439
        ],
        [
          0.0,
          0.0,
          0.0,
          1.0
        ]
      ]
    },
    {
      "file_path": "/media/NFS/ttao/scannet/posed_images/scene0194_00/00058.jpg",
      "transform_matrix": [
        [
          0.215667,
          0.513282,
          -0.83068,
          3.343836
        ],
        [
          0.974827,
          -0.063891,
          0.213612,
          1.961497
        ],
        [
          0.056571,
          -0.855839,
          -0.51414,
          1.249608
        ],
        [
          0.0,
          0.0,
          0.0,
          1.0
        ]
      ]
    },
    {
      "file_path": "/media/NFS/ttao/scannet/posed_images/scene0194_00/00061.jpg",
      "transform_matrix": [
        [
          0.260481,
          0.502779,
          -0.824235,
          3.300386
        ],
        [
          0.963977,
          -0.087841,
          0.251061,
          1.937568
        ],
        [
          0.053827,
          -0.85994,
          -0.507548,
          1.253346
        ],
        [
          0.0,
          0.0,
          0.0,
          1.0
        ]
      ]
    },
    {
      "file_path": "/media/NFS/ttao/scannet/posed_images/scene0194_00/00065.jpg",
      "transform_matrix": [
        [
          0.308183,
          0.481088,
          -0.820717,
          3.234249
        ],
        [
          0.950776,
          -0.126395,
          0.282931,
          1.909855
        ],
        [
          0.03238,
          -0.867513,
          -0.49636,
          1.261715
        ],
        [
          0.0,
          0.0,
          0.0,
          1.0
        ]
      ]
    },
    {
      "file_path": "/media/NFS/ttao/scannet/posed_images/scene0194_00/00070.jpg",
      "transform_matrix": [
        [
          0.358198,
          0.44862,
          -0.8188,
          3.149755
        ],
        [
          0.933614,
          -0.164873,
          0.318092,
          1.883606
        ],
        [
          0.007704,
          -0.878383,
          -0.477895,
          1.27604
        ],
        [
          0.0,
          0.0,
          0.0,
          1.0
        ]
      ]
    },
    {
      "file_path": "/media/NFS/ttao/scannet/posed_images/scene0194_00/00075.jpg",
      "transform_matrix": [
        [
          0.409703,
          0.450535,
          -0.793197,
          3.072107
        ],
        [
          0.911597,
          -0.170111,
          0.374236,
          1.840525
        ],
        [
          0.033674,
          -0.876402,
          -0.480401,
          1.277474
        ],
        [
          0.0,
          0.0,
          0.0,
          1.0
        ]
      ]
    },
    {
      "file_path": "/media/NFS/ttao/scannet/posed_images/scene0194_00/00082.jpg",
      "transform_matrix": [
        [
          0.463292,
          0.462438,
          -0.755984,
          2.988527
        ],
        [
          0.883487,
          -0.174247,
          0.434843,
          1.774499
        ],
        [
          0.06936,
          -0.869362,
          -0.489285,
          1.282566
        ],
        [
          0.0,
          0.0,
          0.0,
          1.0
        ]
      ]
    },
    {
      "file_path": "/media/NFS/ttao/scannet/posed_images/scene0194_00/00084.jpg",
      "transform_matrix": [
        [
          0.472309,
          0.458371,
          -0.752875,
          2.971327
        ],
        [
          0.878375,
          -0.173672,
          0.445304,
          1.754115
        ],
        [
          0.073361,
          -0.871627,
          -0.484649,
          1.279919
        ],
        [
          0.0,
          0.0,
          0.0,
          1.0
        ]
      ]
    },
    {
      "file_path": "/media/NFS/ttao/scannet/posed_images/scene0194_00/00090.jpg",
      "transform_matrix": [
        [
          0.475034,
          0.464734,
          -0.747238,
          2.906109
        ],
        [
          0.876059,
          -0.169815,
          0.451314,
          1.68793
        ],
        [
          0.082849,
          -0.869014,
          -0.487802,
          1.277292
        ],
        [
          0.0,
          0.0,
          0.0,
          1.0
        ]
      ]
    },
    {
      "file_path": "/media/NFS/ttao/scannet/posed_images/scene0194_00/00093.jpg",
      "transform_matrix": [
        [
          0.491549,
          0.452223,
          -0.744227,
          2.871407
        ],
        [
          0.86775,
          -0.182302,
          0.462359,
          1.655544
        ],
        [
          0.073415,
          -0.873075,
          -0.482027,
          1.277622
        ],
        [
          0.0,
          0.0,
          0.0,
          1.0
        ]
      ]
    },
    {
      "file_path": "/media/NFS/ttao/scannet/posed_images/scene0194_00/00100.jpg",
      "transform_matrix": [
        [
          0.495082,
          0.465047,
          -0.733911,
          2.784414
        ],
        [
          0.867716,
          -0.221562,
          0.44495,
          1.578692
        ],
        [
          0.044316,
          -0.857112,
          -0.51322,
          1.26931
        ],
        [
          0.0,
          0.0,
          0.0,
          1.0
        ]
      ]
    },
    {
      "file_path": "/media/NFS/ttao/scannet/posed_images/scene0194_00/00106.jpg",
      "transform_matrix": [
        [
          0.463037,
          0.510078,
          -0.724857,
          2.72281
        ],
        [
          0.886001,
          -0.243799,
          0.394415,
          1.538382
        ],
        [
          0.024463,
          -0.824853,
          -0.564818,
          1.260007
        ],
        [
          0.0,
          0.0,
          0.0,
          1.0
        ]
      ]
    },
    {
      "file_path": "/media/NFS/ttao/scannet/posed_images/scene0194_00/00110.jpg",
      "transform_matrix": [
        [
          0.462628,
          0.515137,
          -0.721532,
          2.690895
        ],
        [
          0.886155,
          -0.244317,
          0.39375,
          1.524002
        ],
        [
          0.026553,
          -0.821549,
          -0.569519,
          1.258895
        ],
        [
          0.0,
          0.0,
          0.0,
          1.0
        ]
      ]
    },
    {
      "file_path": "/media/NFS/ttao/scannet/posed_images/scene0194_00/00111.jpg",
      "transform_matrix": [
        [
          0.463557,
          0.515351,
          -0.720783,
          2.684405
        ],
        [
          0.885612,
          -0.2434,
          0.395534,
          1.520669
        ],
        [
          0.0284,
          -0.821687,
          -0.569231,
          1.258211
        ],
        [
          0.0,
          0.0,
          0.0,
          1.0
        ]
      ]
    },
    {
      "file_path": "/media/NFS/ttao/scannet/posed_images/scene0194_00/00120.jpg",
      "transform_matrix": [
        [
          0.466435,
          0.504008,
          -0.726921,
          2.634666
        ],
        [
          0.884074,
          -0.238522,
          0.401895,
          1.495637
        ],
        [
          0.029172,
          -0.83011,
          -0.556836,
          1.264909
        ],
        [
          0.0,
          0.0,
          0.0,
          1.0
        ]
      ]
    },
    {
      "file_path": "/media/NFS/ttao/scannet/posed_images/scene0194_00/00124.jpg",
      "transform_matrix": [
        [
          0.460809,
          0.487291,
          -0.741756,
          2.621727
        ],
        [
          0.886931,
          -0.222935,
          0.404541,
          1.485078
        ],
        [
          0.031766,
          -0.844303,
          -0.534924,
          1.263645
        ],
        [
          0.0,
          0.0,
          0.0,
          1.0
        ]
      ]
    },
    {
      "file_path": "/media/NFS/ttao/scannet/posed_images/scene0194_00/00125.jpg",
      "transform_matrix": [
        [
          0.46339,
          0.484751,
          -0.741813,
          2.617482
        ],
        [
          0.885588,
          -0.2234,
          0.407217,
          1.482792
        ],
        [
          0.031678,
          -0.845641,
          -0.532811,
          1.262828
        ],
        [
          0.0,
          0.0,
          0.0,
          1.0
        ]
      ]
    },
    {
      "file_path": "/media/NFS/ttao/scannet/posed_images/scene0194_00/00134.jpg",
      "transform_matrix": [
        [
          0.440214,
          0.462503,
          -0.769612,
          2.59852
        ],
        [
          0.897892,
          -0.228155,
          0.376478,
          1.482122
        ],
        [
          -0.001469,
          -0.856759,
          -0.515715,
          1.27898
        ],
        [
          0.0,
          0.0,
          0.0,
          1.0
        ]
      ]
    },
    {
      "file_path": "/media/NFS/ttao/scannet/posed_images/scene0194_00/00138.jpg",
      "transform_matrix": [
        [
          0.450679,
          0.456466,
          -0.767155,
          2.583574
        ],
        [
          0.892682,
          -0.232861,
          0.385868,
          1.486039
        ],
        [
          -0.002505,
          -0.858729,
          -0.512425,
          1.290107
        ],
        [
          0.0,
          0.0,
          0.0,
          1.0
        ]
      ]
    },
    {
      "file_path": "/media/NFS/ttao/scannet/posed_images/scene0194_00/00142.jpg",
      "transform_matrix": [
        [
          0.482186,
          0.437594,
          -0.758952,
          2.574781
        ],
        [
          0.876001,
          -0.251609,
          0.411479,
          1.496921
        ],
        [
          -0.010898,
          -0.863252,
          -0.504655,
          1.298491
        ],
        [
          0.0,
          0.0,
          0.0,
          1.0
        ]
      ]
    },
    {
      "file_path": "/media/NFS/ttao/scannet/posed_images/scene0194_00/00148.jpg",
      "transform_matrix": [
        [
          0.539449,
          0.411086,
          -0.734849,
          2.559284
        ],
        [
          0.841667,
          -0.288459,
          0.456495,
          1.51746
        ],
        [
          -0.024315,
          -0.864754,
          -0.501606,
          1.3175
        ],
        [
          0.0,
          0.0,
          0.0,
          1.0
        ]
      ]
    },
    {
      "file_path": "/media/NFS/ttao/scannet/posed_images/scene0194_00/00149.jpg",
      "transform_matrix": [
        [
          0.546876,
          0.406523,
          -0.731892,
          2.557149
        ],
        [
          0.836824,
          -0.292091,
          0.463043,
          1.523695
        ],
        [
          -0.025541,
          -0.865692,
          -0.499925,
          1.320638
        ],
        [
          0.0,
          0.0,
          0.0,
          1.0
        ]
      ]
    },
    {
      "file_path": "/media/NFS/ttao/scannet/posed_images/scene0194_00/00156.jpg",
      "transform_matrix": [
        [
          0.589975,
          0.354707,
          -0.725336,
          2.558692
        ],
        [
          0.80641,
          -0.3038,
          0.507354,
          1.543159
        ],
        [
          -0.040395,
          -0.884244,
          -0.465274,
          1.343141
        ],
        [
          0.0,
          0.0,
          0.0,
          1.0
        ]
      ]
    },
    {
      "file_path": "/media/NFS/ttao/scannet/posed_images/scene0194_00/00159.jpg",
      "transform_matrix": [
        [
          0.598967,
          0.33883,
          -0.725557,
          2.560344
        ],
        [
          0.798782,
          -0.316681,
          0.511528,
          1.553624
        ],
        [
          -0.056449,
          -0.88595,
          -0.460333,
          1.353488
        ],
        [
          0.0,
          0.0,
          0.0,
          1.0
        ]
      ]
    },
    {
      "file_path": "/media/NFS/ttao/scannet/posed_images/scene0194_00/00163.jpg",
      "transform_matrix": [
        [
          0.606024,
          0.312449,
          -0.731512,
          2.57107
        ],
        [
          0.791429,
          -0.329157,
          0.515069,
          1.569847
        ],
        [
          -0.079849,
          -0.891084,
          -0.446758,
          1.37174
        ],
        [
          0.0,
          0.0,
          0.0,
          1.0
        ]
      ]
    },
    {
      "file_path": "/media/NFS/ttao/scannet/posed_images/scene0194_00/00167.jpg",
      "transform_matrix": [
        [
          0.610862,
          0.281298,
          -0.74008,
          2.584852
        ],
        [
          0.784469,
          -0.341406,
          0.517735,
          1.582803
        ],
        [
          -0.107029,
          -0.896835,
          -0.429222,
          1.391824
        ],
        [
          0.0,
          0.0,
          0.0,
          1.0
        ]
      ]
    },
    {
      "file_path": "/media/NFS/ttao/scannet/posed_images/scene0194_00/00176.jpg",
      "transform_matrix": [
        [
          0.59452,
          0.243585,
          -0.766297,
          2.625443
        ],
        [
          0.792797,
          -0.336671,
          0.508061,
          1.591648
        ],
        [
          -0.134234,
          -0.909571,
          -0.393271,
          1.414192
        ],
        [
          0.0,
          0.0,
          0.0,
          1.0
        ]
      ]
    },
    {
      "file_path": "/media/NFS/ttao/scannet/posed_images/scene0194_00/00179.jpg",
      "transform_matrix": [
        [
          0.594131,
          0.248305,
          -0.765084,
          2.625433
        ],
        [
          0.792846,
          -0.3412,
          0.504954,
          1.591967
        ],
        [
          -0.135664,
          -0.906602,
          -0.399585,
          1.418341
        ],
        [
          0.0,
          0.0,
          0.0,
          1.0
        ]
      ]
    },
    {
      "file_path": "/media/NFS/ttao/scannet/posed_images/scene0194_00/00184.jpg",
      "transform_matrix": [
        [
          0.576984,
          0.272214,
          -0.770057,
          2.62323
        ],
        [
          0.809203,
          -0.318442,
          0.493746,
          1.564138
        ],
        [
          -0.110814,
          -0.908016,
          -0.404013,
          1.403652
        ],
        [
          0.0,
          0.0,
          0.0,
          1.0
        ]
      ]
    },
    {
      "file_path": "/media/NFS/ttao/scannet/posed_images/scene0194_00/00187.jpg",
      "transform_matrix": [
        [
          0.539592,
          0.298231,
          -0.787336,
          2.622472
        ],
        [
          0.835836,
          -0.302035,
          0.458424,
          1.548312
        ],
        [
          -0.101087,
          -0.905446,
          -0.412248,
          1.400084
        ],
        [
          0.0,
          0.0,
          0.0,
          1.0
        ]
      ]
    },
    {
      "file_path": "/media/NFS/ttao/scannet/posed_images/scene0194_00/00191.jpg",
      "transform_matrix": [
        [
          0.457776,
          0.31172,
          -0.832629,
          2.631486
        ],
        [
          0.886128,
          -0.236065,
          0.398811,
          1.518634
        ],
        [
          -0.072237,
          -0.920383,
          -0.384289,
          1.381972
        ],
        [
          0.0,
          0.0,
          0.0,
          1.0
        ]
      ]
    },
    {
      "file_path": "/media/NFS/ttao/scannet/posed_images/scene0194_00/00200.jpg",
      "transform_matrix": [
        [
          0.237657,
          0.385409,
          -0.891616,
          2.649355
        ],
        [
          0.971107,
          -0.114766,
          0.209236,
          1.486909
        ],
        [
          -0.021686,
          -0.915581,
          -0.401549,
          1.34666
        ],
        [
          0.0,
          0.0,
          0.0,
          1.0
        ]
      ]
    },
    {
      "file_path": "/media/NFS/ttao/scannet/posed_images/scene0194_00/00204.jpg",
      "transform_matrix": [
        [
          0.121484,
          0.423032,
          -0.897934,
          2.658245
        ],
        [
          0.992092,
          -0.080507,
          0.096294,
          1.514553
        ],
        [
          -0.031554,
          -0.902531,
          -0.429467,
          1.345758
        ],
        [
          0.0,
          0.0,
          0.0,
          1.0
        ]
      ]
    },
    {
      "file_path": "/media/NFS/ttao/scannet/posed_images/scene0194_00/00205.jpg",
      "transform_matrix": [
        [
          0.098821,
          0.428584,
          -0.898081,
          2.66354
        ],
        [
          0.994579,
          -0.071889,
          0.075132,
          1.517922
        ],
        [
          -0.032362,
          -0.900637,
          -0.433365,
          1.346343
        ],
        [
          0.0,
          0.0,
          0.0,
          1.0
        ]
      ]
    },
    {
      "file_path": "/media/NFS/ttao/scannet/posed_images/scene0194_00/00214.jpg",
      "transform_matrix": [
        [
          -0.09371,
          0.432689,
          -0.896659,
          2.714103
        ],
        [
          0.992916,
          -0.025467,
          -0.116059,
          1.591099
        ],
        [
          -0.073052,
          -0.901183,
          -0.427238,
          1.351677
        ],
        [
          0.0,
          0.0,
          0.0,
          1.0
        ]
      ]
    },
    {
      "file_path": "/media/NFS/ttao/scannet/posed_images/scene0194_00/00215.jpg",
      "transform_matrix": [
        [
          -0.111792,
          0.429474,
          -0.896133,
          2.719769
        ],
        [
          0.991433,
          -0.013099,
          -0.129959,
          1.604144
        ],
        [
          -0.067552,
          -0.902984,
          -0.424331,
          1.352623
        ],
        [
          0.0,
          0.0,
          0.0,
          1.0
        ]
      ]
    },
    {
      "file_path": "/media/NFS/ttao/scannet/posed_images/scene0194_00/00221.jpg",
      "transform_matrix": [
        [
          -0.204266,
          0.410995,
          -0.888459,
          2.767486
        ],
        [
          0.97831,
          0.0538,
          -0.200036,
          1.696026
        ],
        [
          -0.034415,
          -0.910049,
          -0.41307,
          1.345128
        ],
        [
          0.0,
          0.0,
          0.0,
          1.0
        ]
      ]
    },
    {
      "file_path": "/media/NFS/ttao/scannet/posed_images/scene0194_00/00228.jpg",
      "transform_matrix": [
        [
          -0.24226,
          0.404227,
          -0.881993,
          2.812787
        ],
        [
          0.970128,
          0.088971,
          -0.225691,
          1.785173
        ],
        [
          -0.012758,
          -0.910321,
          -0.413706,
          1.349656
        ],
        [
          0.0,
          0.0,
          0.0,
          1.0
        ]
      ]
    },
    {
      "file_path": "/media/NFS/ttao/scannet/posed_images/scene0194_00/00229.jpg",
      "transform_matrix": [
        [
          -0.246665,
          0.400578,
          -0.882436,
          2.821524
        ],
        [
          0.969023,
          0.090413,
          -0.229826,
          1.794551
        ],
        [
          -0.012279,
          -0.911791,
          -0.410471,
          1.350282
        ],
        [
          0.0,
          0.0,
          0.0,
          1.0
        ]
      ]
    },
    {
      "file_path": "/media/NFS/ttao/scannet/posed_images/scene0194_00/00234.jpg",
      "transform_matrix": [
        [
          -0.27783,
          0.382052,
          -0.881389,
          2.868691
        ],
        [
          0.960562,
          0.121425,
          -0.250153,
          1.827249
        ],
        [
          0.011451,
          -0.916129,
          -0.40072,
          1.352546
        ],
        [
          0.0,
          0.0,
          0.0,
          1.0
        ]
      ]
    },
    {
      "file_path": "/media/NFS/ttao/scannet/posed_images/scene0194_00/00238.jpg",
      "transform_matrix": [
        [
          -0.330932,
          0.366217,
          -0.869695,
          2.915486
        ],
        [
          0.943144,
          0.158664,
          -0.292069,
          1.858292
        ],
        [
          0.031029,
          -0.916903,
          -0.397902,
          1.337044
        ],
        [
          0.0,
          0.0,
          0.0,
          1.0
        ]
      ]
    },
    {
      "file_path": "/media/NFS/ttao/scannet/posed_images/scene0194_00/00246.jpg",
      "transform_matrix": [
        [
          -0.434719,
          0.360704,
          -0.825173,
          3.042031
        ],
        [
          0.898149,
          0.240739,
          -0.367932,
          1.889113
        ],
        [
          0.065937,
          -0.901076,
          -0.42862,
          1.311554
        ],
        [
          0.0,
          0.0,
          0.0,
          1.0
        ]
      ]
    },
    {
      "file_path": "/media/NFS/ttao/scannet/posed_images/scene0194_00/00248.jpg",
      "transform_matrix": [
        [
          -0.451474,
          0.350308,
          -0.820643,
          3.073304
        ],
        [
          0.888474,
          0.261393,
          -0.377211,
          1.901623
        ],
        [
          0.08237,
          -0.899421,
          -0.429252,
          1.302797
        ],
        [
          0.0,
          0.0,
          0.0,
          1.0
        ]
      ]
    },
    {
      "file_path": "/media/NFS/ttao/scannet/posed_images/scene0194_00/00256.jpg",
      "transform_matrix": [
        [
          -0.503541,
          0.334014,
          -0.796794,
          3.17184
        ],
        [
          0.851518,
          0.347884,
          -0.392292,
          1.91366
        ],
        [
          0.146161,
          -0.87602,
          -0.459593,
          1.308775
        ],
        [
          0.0,
          0.0,
          0.0,
          1.0
        ]
      ]
    },
    {
      "file_path": "/media/NFS/ttao/scannet/posed_images/scene0194_00/00259.jpg",
      "transform_matrix": [
        [
          -0.543466,
          0.309669,
          -0.780224,
          3.203819
        ],
        [
          0.823351,
          0.377702,
          -0.423597,
          1.922293
        ],
        [
          0.163517,
          -0.872609,
          -0.460234,
          1.307681
        ],
        [
          0.0,
          0.0,
          0.0,
          1.0
        ]
      ]
    },
    {
      "file_path": "/media/NFS/ttao/scannet/posed_images/scene0194_00/00265.jpg",
      "transform_matrix": [
        [
          -0.606972,
          0.309052,
          -0.732169,
          3.245929
        ],
        [
          0.780122,
          0.407491,
          -0.474722,
          1.940976
        ],
        [
          0.151638,
          -0.859324,
          -0.488434,
          1.3029
        ],
        [
          0.0,
          0.0,
          0.0,
          1.0
        ]
      ]
    },
    {
      "file_path": "/media/NFS/ttao/scannet/posed_images/scene0194_00/00269.jpg",
      "transform_matrix": [
        [
          -0.587261,
          0.299477,
          -0.751956,
          3.268376
        ],
        [
          0.794193,
          0.39243,
          -0.463957,
          1.960011
        ],
        [
          0.156146,
          -0.869662,
          -0.468301,
          1.293457
        ],
        [
          0.0,
          0.0,
          0.0,
          1.0
        ]
      ]
    },
    {
      "file_path": "/media/NFS/ttao/scannet/posed_images/scene0194_00/00272.jpg",
      "transform_matrix": [
        [
          -0.574237,
          0.311643,
          -0.757054,
          3.292848
        ],
        [
          0.805912,
          0.377913,
          -0.455728,
          1.99007
        ],
        [
          0.144076,
          -0.871815,
          -0.468168,
          1.282853
        ],
        [
          0.0,
          0.0,
          0.0,
          1.0
        ]
      ]
    },
    {
      "file_path": "/media/NFS/ttao/scannet/posed_images/scene0194_00/00276.jpg",
      "transform_matrix": [
        [
          -0.55333,
          0.334622,
          -0.762794,
          3.318583
        ],
        [
          0.822879,
          0.361652,
          -0.438267,
          2.018117
        ],
        [
          0.129212,
          -0.870193,
          -0.475466,
          1.27819
        ],
        [
          0.0,
          0.0,
          0.0,
          1.0
        ]
      ]
    },
    {
      "file_path": "/media/NFS/ttao/scannet/posed_images/scene0194_00/00283.jpg",
      "transform_matrix": [
        [
          -0.547627,
          0.344119,
          -0.762684,
          3.363563
        ],
        [
          0.826437,
          0.364937,
          -0.428746,
          2.04704
        ],
        [
          0.130792,
          -0.865103,
          -0.484242,
          1.277562
        ],
        [
          0.0,
          0.0,
          0.0,
          1.0
        ]
      ]
    },
    {
      "file_path": "/media/NFS/ttao/scannet/posed_images/scene0194_00/00286.jpg",
      "transform_matrix": [
        [
          -0.556394,
          0.347275,
          -0.754868,
          3.385906
        ],
        [
          0.820568,
          0.372593,
          -0.433409,
          2.049025
        ],
        [
          0.130746,
          -0.860566,
          -0.492271,
          1.2761
        ],
        [
          0.0,
          0.0,
          0.0,
          1.0
        ]
      ]
    },
    {
      "file_path": "/media/NFS/ttao/scannet/posed_images/scene0194_00/00291.jpg",
      "transform_matrix": [
        [
          -0.572689,
          0.349308,
          -0.741627,
          3.420864
        ],
        [
          0.809347,
          0.38474,
          -0.44377,
          2.050309
        ],
        [
          0.130321,
          -0.854376,
          -0.503048,
          1.278245
        ],
        [
          0.0,
          0.0,
          0.0,
          1.0
        ]
      ]
    },
    {
      "file_path": "/media/NFS/ttao/scannet/posed_images/scene0194_00/00298.jpg",
      "transform_matrix": [
        [
          -0.598848,
          0.336901,
          -0.726553,
          3.464138
        ],
        [
          0.791158,
          0.389674,
          -0.471406,
          2.051881
        ],
        [
          0.124301,
          -0.857118,
          -0.499898,
          1.281782
        ],
        [
          0.0,
          0.0,
          0.0,
          1.0
        ]
      ]
    },
    {
      "file_path": "/media/NFS/ttao/scannet/posed_images/scene0194_00/00300.jpg",
      "transform_matrix": [
        [
          -0.593872,
          0.325842,
          -0.735624,
          3.482311
        ],
        [
          0.793277,
          0.389724,
          -0.467789,
          2.050275
        ],
        [
          0.134265,
          -0.861361,
          -0.489929,
          1.279487
        ],
        [
          0.0,
          0.0,
          0.0,
          1.0
        ]
      ]
    },
    {
      "file_path": "/media/NFS/ttao/scannet/posed_images/scene0194_00/00307.jpg",
      "transform_matrix": [
        [
          -0.594219,
          0.335866,
          -0.730819,
          3.545489
        ],
        [
          0.792075,
          0.402206,
          -0.459181,
          2.04555
        ],
        [
          0.139717,
          -0.851718,
          -0.50503,
          1.277458
        ],
        [
          0.0,
          0.0,
          0.0,
          1.0
        ]
      ]
    },
    {
      "file_path": "/media/NFS/ttao/scannet/posed_images/scene0194_00/00310.jpg",
      "transform_matrix": [
        [
          -0.601008,
          0.336599,
          -0.724907,
          3.577929
        ],
        [
          0.787848,
          0.402111,
          -0.466478,
          2.041412
        ],
        [
          0.134477,
          -0.851474,
          -0.506861,
          1.278154
        ],
        [
          0.0,
          0.0,
          0.0,
          1.0
        ]
      ]
    },
    {
      "file_path": "/media/NFS/ttao/scannet/posed_images/scene0194_00/00314.jpg",
      "transform_matrix": [
        [
          -0.590837,
          0.336332,
          -0.733343,
          3.606177
        ],
        [
          0.794334,
          0.401617,
          -0.455783,
          2.048185
        ],
        [
          0.141229,
          -0.851813,
          -0.50445,
          1.281442
        ],
        [
          0.0,
          0.0,
          0.0,
          1.0
        ]
      ]
    },
    {
      "file_path": "/media/NFS/ttao/scannet/posed_images/scene0194_00/00321.jpg",
      "transform_matrix": [
        [
          -0.546398,
          0.317734,
          -0.774916,
          3.635026
        ],
        [
          0.820916,
          0.386528,
          -0.420348,
          2.072131
        ],
        [
          0.165968,
          -0.865818,
          -0.472031,
          1.286787
        ],
        [
          0.0,
          0.0,
          0.0,
          1.0
        ]
      ]
    },
    {
      "file_path": "/media/NFS/ttao/scannet/posed_images/scene0194_00/00324.jpg",
      "transform_matrix": [
        [
          -0.530171,
          0.314705,
          -0.787324,
          3.641788
        ],
        [
          0.831627,
          0.374003,
          -0.41051,
          2.080875
        ],
        [
          0.165272,
          -0.872401,
          -0.460003,
          1.287046
        ],
        [
          0.0,
          0.0,
          0.0,
          1.0
        ]
      ]
    },
    {
      "file_path": "/media/NFS/ttao/scannet/posed_images/scene0194_00/00331.jpg",
      "transform_matrix": [
        [
          -0.501622,
          0.347031,
          -0.79243,
          3.644705
        ],
        [
          0.852686,
          0.352889,
          -0.385223,
          2.113225
        ],
        [
          0.145955,
          -0.86893,
          -0.472925,
          1.282289
        ],
        [
          0.0,
          0.0,
          0.0,
          1.0
        ]
      ]
    },
    {
      "file_path": "/media/NFS/ttao/scannet/posed_images/scene0194_00/00335.jpg",
      "transform_matrix": [
        [
          -0.486263,
          0.367817,
          -0.792628,
          3.652827
        ],
        [
          0.866598,
          0.319319,
          -0.383463,
          2.137617
        ],
        [
          0.112056,
          -0.873353,
          -0.474022,
          1.289244
        ],
        [
          0.0,
          0.0,
          0.0,
          1.0
        ]
      ]
    },
    {
      "file_path": "/media/NFS/ttao/scannet/posed_images/scene0194_00/00338.jpg",
      "transform_matrix": [
        [
          -0.489193,
          0.37149,
          -0.789104,
          3.661552
        ],
        [
          0.866792,
          0.307444,
          -0.392619,
          2.157755
        ],
        [
          0.096751,
          -0.876056,
          -0.472404,
          1.29208
        ],
        [
          0.0,
          0.0,
          0.0,
          1.0
        ]
      ]
    },
    {
      "file_path": "/media/NFS/ttao/scannet/posed_images/scene0194_00/00343.jpg",
      "transform_matrix": [
        [
          -0.49696,
          0.382148,
          -0.779098,
          3.684549
        ],
        [
          0.864648,
          0.294192,
          -0.407228,
          2.193752
        ],
        [
          0.073583,
          -0.876022,
          -0.476625,
          1.295447
        ],
        [
          0.0,
          0.0,
          0.0,
          1.0
        ]
      ]
    },
    {
      "file_path": "/media/NFS/ttao/scannet/posed_images/scene0194_00/00348.jpg",
      "transform_matrix": [
        [
          -0.498006,
          0.366758,
          -0.785798,
          3.713552
        ],
        [
          0.864148,
          0.285524,
          -0.414397,
          2.216783
        ],
        [
          0.072381,
          -0.885418,
          -0.459126,
          1.294213
        ],
        [
          0.0,
          0.0,
          0.0,
          1.0
        ]
      ]
    },
    {
      "file_path": "/media/NFS/ttao/scannet/posed_images/scene0194_00/00350.jpg",
      "transform_matrix": [
        [
          -0.500551,
          0.365498,
          -0.784768,
          3.724539
        ],
        [
          0.862737,
          0.28563,
          -0.417253,
          2.224919
        ],
        [
          0.071647,
          -0.885905,
          -0.458301,
          1.291234
        ],
        [
          0.0,
          0.0,
          0.0,
          1.0
        ]
      ]
    },
    {
      "file_path": "/media/NFS/ttao/scannet/posed_images/scene0194_00/00357.jpg",
      "transform_matrix": [
        [
          -0.534796,
          0.398128,
          -0.74531,
          3.755147
        ],
        [
          0.84296,
          0.312346,
          -0.438016,
          2.227555
        ],
        [
          0.058409,
          -0.862516,
          -0.502648,
          1.280416
        ],
        [
          0.0,
          0.0,
          0.0,
          1.0
        ]
      ]
    },
    {
      "file_path": "/media/NFS/ttao/scannet/posed_images/scene0194_00/00363.jpg",
      "transform_matrix": [
        [
          -0.550291,
          0.414883,
          -0.724605,
          3.78647
        ],
        [
          0.832735,
          0.336195,
          -0.439916,
          2.227981
        ],
        [
          0.061095,
          -0.845485,
          -0.530493,
          1.268338
        ],
        [
          0.0,
