{
  "frames": [
    {
      "file_path": "/media/NFS/ttao/scannet/posed_images/scene0198_00/00000.jpg",
      "transform_matrix": [
        [
          -0.848489,
          -0.131122,
          0.512712,
          2.702568
        ],
        [
          -0.527579,
          0.133483,
          -0.838954,
          1.718074
        ],
        [
          0.041567,
          -0.982339,
          -0.182436,
          1.602473
        ],
        [
          0.0,
          0.0,
          0.0,
          1.0
        ]
      ]
    },
    {
      "file_path": "/media/NFS/ttao/scannet/posed_images/scene0198_00/00004.jpg",
      "transform_matrix": [
        [
          -0.85558,
          -0.133703,
          0.500106,
          2.710987
        ],
        [
          -0.51643,
          0.153622,
          -0.842437,
          1.723705
        ],
        [
          0.035809,
          -0.979042,
          -0.200484,
          1.596351
        ],
        [
          0.0,
          0.0,
          0.0,
          1.0
        ]
      ]
    },
    {
      "file_path": "/media/NFS/ttao/scannet/posed_images/scene0198_00/00011.jpg",
      "transform_matrix": [
        [
          -0.866919,
          -0.14025,
          0.478311,
          2.720409
        ],
        [
          -0.497337,
          0.179321,
          -0.848823,
          1.72566
        ],
        [
          0.033276,
          -0.973742,
          -0.225208,
          1.583045
        ],
        [
          0.0,
          0.0,
          0.0,
          1.0
        ]
      ]
    },
    {
      "file_path": "/media/NFS/ttao/scannet/posed_images/scene0198_00/00016.jpg",
      "transform_matrix": [
        [
          -0.875732,
          -0.139797,
          0.462115,
          2.71716
        ],
        [
          -0.481833,
          0.192573,
          -0.854841,
          1.723648
        ],
        [
          0.030513,
          -0.971274,
          -0.236001,
          1.576502
        ],
        [
          0.0,
          0.0,
          0.0,
          1.0
        ]
      ]
    },
    {
      "file_path": "/media/NFS/ttao/scannet/posed_images/scene0198_00/00020.jpg",
      "transform_matrix": [
        [
          -0.885748,
          -0.137341,
          0.443382,
          2.714093
        ],
        [
          -0.463214,
          0.200389,
          -0.863294,
          1.71827
        ],
        [
          0.029717,
          -0.970042,
          -0.241113,
          1.574981
        ],
        [
          0.0,
          0.0,
          0.0,
          1.0
        ]
      ]
    },
    {
      "file_path": "/media/NFS/ttao/scannet/posed_images/scene0198_00/00021.jpg",
      "transform_matrix": [
        [
          -0.888755,
          -0.136467,
          0.437598,
          2.712216
        ],
        [
          -0.457449,
          0.203109,
          -0.86573,
          1.715885
        ],
        [
          0.029263,
          -0.9696,
          -0.24294,
          1.576293
        ],
        [
          0.0,
          0.0,
          0.0,
          1.0
        ]
      ]
    },
    {
      "file_path": "/media/NFS/ttao/scannet/posed_images/scene0198_00/00027.jpg",
      "transform_matrix": [
        [
          -0.906015,
          -0.121542,
          0.405418,
          2.699865
        ],
        [
          -0.422764,
          0.214239,
          -0.880552,
          1.70031
        ],
        [
          0.020168,
          -0.96919,
          -0.245487,
          1.577159
        ],
        [
          0.0,
          0.0,
          0.0,
          1.0
        ]
      ]
    },
    {
      "file_path": "/media/NFS/ttao/scannet/posed_images/scene0198_00/00034.jpg",
      "transform_matrix": [
        [
          -0.92582,
          -0.114459,
          0.360217,
          2.695529
        ],
        [
          -0.377506,
          0.233089,
          -0.896191,
          1.684986
        ],
        [
          0.018615,
          -0.965696,
          -0.259008,
          1.576017
        ],
        [
          0.0,
          0.0,
          0.0,
          1.0
        ]
      ]
    },
    {
      "file_path": "/media/NFS/ttao/scannet/posed_images/scene0198_00/00035.jpg",
      "transform_matrix": [
        [
          -0.927865,
          -0.113916,
          0.355092,
          2.694896
        ],
        [
          -0.372427,
          0.234258,
          -0.89801,
          1.683228
        ],
        [
          0.019115,
          -0.965477,
          -0.259785,
          1.576609
        ],
        [
          0.0,
          0.0,
          0.0,
          1.0
        ]
      ]
    },
    {
      "file_path": "/media/NFS/ttao/scannet/posed_images/scene0198_00/00039.jpg",
      "transform_matrix": [
        [
          -0.934898,
          -0.112652,
          0.336562,
          2.692238
        ],
        [
          -0.354168,
          0.234607,
          -0.905276,
          1.677983
        ],
        [
          0.023022,
          -0.965541,
          -0.259231,
          1.577368
        ],
        [
          0.0,
          0.0,
          0.0,
          1.0
        ]
      ]
    },
    {
      "file_path": "/media/NFS/ttao/scannet/posed_images/scene0198_00/00044.jpg",
      "transform_matrix": [
        [
          -0.942723,
          -0.110433,
          0.314768,
          2.69395
        ],
        [
          -0.332699,
          0.242813,
          -0.911237,
          1.672019
        ],
        [
          0.024201,
          -0.963767,
          -0.265646,
          1.574757
        ],
        [
          0.0,
          0.0,
          0.0,
          1.0
        ]
      ]
    },
    {
      "file_path": "/media/NFS/ttao/scannet/posed_images/scene0198_00/00050.jpg",
      "transform_matrix": [
        [
          -0.951805,
          -0.101957,
          0.28926,
          2.690227
        ],
        [
          -0.305817,
          0.243866,
          -0.920329,
          1.665612
        ],
        [
          0.023293,
          -0.964435,
          -0.263293,
          1.573305
        ],
        [
          0.0,
          0.0,
          0.0,
          1.0
        ]
      ]
    },
    {
      "file_path": "/media/NFS/ttao/scannet/posed_images/scene0198_00/00056.jpg",
      "transform_matrix": [
        [
          -0.965473,
          -0.097464,
          0.241585,
          2.681123
        ],
        [
          -0.258951,
          0.257942,
          -0.930812,
          1.650757
        ],
        [
          0.028406,
          -0.961232,
          -0.274274,
          1.571435
        ],
        [
          0.0,
          0.0,
          0.0,
          1.0
        ]
      ]
    },
    {
      "file_path": "/media/NFS/ttao/scannet/posed_images/scene0198_00/00058.jpg",
      "transform_matrix": [
        [
          -0.970225,
          -0.093926,
          0.22325,
          2.678346
        ],
        [
          -0.240359,
          0.259848,
          -0.935257,
          1.645619
        ],
        [
          0.029834,
          -0.961071,
          -0.274687,
          1.571257
        ],
        [
          0.0,
          0.0,
          0.0,
          1.0
        ]
      ]
    },
    {
      "file_path": "/media/NFS/ttao/scannet/posed_images/scene0198_00/00063.jpg",
      "transform_matrix": [
        [
          -0.981261,
          -0.078937,
          0.175771,
          2.671535
        ],
        [
          -0.190563,
          0.262636,
          -0.94589,
          1.634511
        ],
        [
          0.028502,
          -0.961661,
          -0.272757,
          1.56966
        ],
        [
          0.0,
          0.0,
          0.0,
          1.0
        ]
      ]
    },
    {
      "file_path": "/media/NFS/ttao/scannet/posed_images/scene0198_00/00068.jpg",
      "transform_matrix": [
        [
          -0.989748,
          -0.059598,
          0.129797,
          2.662155
        ],
        [
          -0.141082,
          0.266394,
          -0.953483,
          1.623011
        ],
        [
          0.022249,
          -0.96202,
          -0.272072,
          1.57114
        ],
        [
          0.0,
          0.0,
          0.0,
          1.0
        ]
      ]
    },
    {
      "file_path": "/media/NFS/ttao/scannet/posed_images/scene0198_00/00071.jpg",
      "transform_matrix": [
        [
          -0.994309,
          -0.050518,
          0.093794,
          2.660151
        ],
        [
          -0.10391,
          0.265726,
          -0.958432,
          1.617192
        ],
        [
          0.023494,
          -0.962724,
          -0.269463,
          1.572358
        ],
        [
          0.0,
          0.0,
          0.0,
          1.0
        ]
      ]
    },
    {
      "file_path": "/media/NFS/ttao/scannet/posed_images/scene0198_00/00075.jpg",
      "transform_matrix": [
        [
          -0.997988,
          -0.041665,
          0.047798,
          2.654542
        ],
        [
          -0.057118,
          0.263376,
          -0.963001,
          1.611213
        ],
        [
          0.027535,
          -0.963793,
          -0.265226,
          1.576213
        ],
        [
          0.0,
          0.0,
          0.0,
          1.0
        ]
      ]
    },
    {
      "file_path": "/media/NFS/ttao/scannet/posed_images/scene0198_00/00079.jpg",
      "transform_matrix": [
        [
          -0.999597,
          -0.028184,
          0.003383,
          2.648853
        ],
        [
          -0.01078,
          0.266639,
          -0.963736,
          1.605041
        ],
        [
          0.02626,
          -0.963384,
          -0.266835,
          1.574771
        ],
        [
          0.0,
          0.0,
          0.0,
          1.0
        ]
      ]
    },
    {
      "file_path": "/media/NFS/ttao/scannet/posed_images/scene0198_00/00087.jpg",
      "transform_matrix": [
        [
          -0.998803,
          -0.004184,
          -0.048732,
          2.629104
        ],
        [
          0.045605,
          0.280453,
          -0.958784,
          1.59777
        ],
        [
          0.017679,
          -0.959859,
          -0.279926,
          1.5656
        ],
        [
          0.0,
          0.0,
          0.0,
          1.0
        ]
      ]
    },
    {
      "file_path": "/media/NFS/ttao/scannet/posed_images/scene0198_00/00090.jpg",
      "transform_matrix": [
        [
          -0.998839,
          -0.00082,
          -0.048167,
          2.616405
        ],
        [
          0.045851,
          0.290561,
          -0.955757,
          1.595224
        ],
        [
          0.014779,
          -0.956856,
          -0.290186,
          1.563352
        ],
        [
          0.0,
          0.0,
          0.0,
          1.0
        ]
      ]
    },
    {
      "file_path": "/media/NFS/ttao/scannet/posed_images/scene0198_00/00095.jpg",
      "transform_matrix": [
        [
          -0.998623,
          0.009618,
          -0.051575,
          2.591372
        ],
        [
          0.052241,
          0.272788,
          -0.960654,
          1.595495
        ],
        [
          0.004829,
          -0.962026,
          -0.272915,
          1.56672
        ],
        [
          0.0,
          0.0,
          0.0,
          1.0
        ]
      ]
    },
    {
      "file_path": "/media/NFS/ttao/scannet/posed_images/scene0198_00/00098.jpg",
      "transform_matrix": [
        [
          -0.99763,
          0.008269,
          -0.068303,
          2.57072
        ],
        [
          0.067926,
          0.276254,
          -0.958681,
          1.590758
        ],
        [
          0.010942,
          -0.961049,
          -0.276161,
          1.566949
        ],
        [
          0.0,
          0.0,
          0.0,
          1.0
        ]
      ]
    },
    {
      "file_path": "/media/NFS/ttao/scannet/posed_images/scene0198_00/00105.jpg",
      "transform_matrix": [
        [
          -0.992289,
          0.011511,
          -0.123413,
          2.508502
        ],
        [
          0.121491,
          0.287606,
          -0.950012,
          1.573847
        ],
        [
          0.024558,
          -0.95768,
          -0.286787,
          1.559942
        ],
        [
          0.0,
          0.0,
          0.0,
          1.0
        ]
      ]
    },
    {
      "file_path": "/media/NFS/ttao/scannet/posed_images/scene0198_00/00109.jpg",
      "transform_matrix": [
        [
          -0.987687,
          0.022227,
          -0.154858,
          2.471277
        ],
        [
          0.154579,
          0.291076,
          -0.944129,
          1.56474
        ],
        [
          0.02409,
          -0.956442,
          -0.290928,
          1.557429
        ],
        [
          0.0,
          0.0,
          0.0,
          1.0
        ]
      ]
    },
    {
      "file_path": "/media/NFS/ttao/scannet/posed_images/scene0198_00/00111.jpg",
      "transform_matrix": [
        [
          -0.985689,
          0.027394,
          -0.166335,
          2.449553
        ],
        [
          0.167003,
          0.293162,
          -0.941364,
          1.559152
        ],
        [
          0.022975,
          -0.95567,
          -0.293542,
          1.555448
        ],
        [
          0.0,
          0.0,
          0.0,
          1.0
        ]
      ]
    },
    {
      "file_path": "/media/NFS/ttao/scannet/posed_images/scene0198_00/00118.jpg",
      "transform_matrix": [
        [
          -0.97962,
          0.022009,
          -0.199648,
          2.396335
        ],
        [
          0.196529,
          0.310272,
          -0.930112,
          1.549167
        ],
        [
          0.041474,
          -0.950393,
          -0.308274,
          1.542312
        ],
        [
          0.0,
          0.0,
          0.0,
          1.0
        ]
      ]
    },
    {
      "file_path": "/media/NFS/ttao/scannet/posed_images/scene0198_00/00122.jpg",
      "transform_matrix": [
        [
          -0.976219,
          0.02789,
          -0.214985,
          2.376746
        ],
        [
          0.212603,
          0.317062,
          -0.924268,
          1.538576
        ],
        [
          0.042386,
          -0.947995,
          -0.315452,
          1.539409
        ],
        [
          0.0,
          0.0,
          0.0,
          1.0
        ]
      ]
    },
    {
      "file_path": "/media/NFS/ttao/scannet/posed_images/scene0198_00/00126.jpg",
      "transform_matrix": [
        [
          -0.977097,
          0.032555,
          -0.210288,
          2.357938
        ],
        [
          0.209604,
          0.317694,
          -0.924736,
          1.530634
        ],
        [
          0.036702,
          -0.947635,
          -0.317241,
          1.533902
        ],
        [
          0.0,
          0.0,
          0.0,
          1.0
        ]
      ]
    },
    {
      "file_path": "/media/NFS/ttao/scannet/posed_images/scene0198_00/00130.jpg",
      "transform_matrix": [
        [
          -0.974728,
          0.043958,
          -0.219027,
          2.339956
        ],
        [
          0.221349,
          0.322394,
          -0.920362,
          1.514436
        ],
        [
          0.030156,
          -0.945585,
          -0.323976,
          1.529631
        ],
        [
          0.0,
          0.0,
          0.0,
          1.0
        ]
      ]
    },
    {
      "file_path": "/media/NFS/ttao/scannet/posed_images/scene0198_00/00133.jpg",
      "transform_matrix": [
        [
          -0.97229,
          0.052561,
          -0.227795,
          2.330788
        ],
        [
          0.232364,
          0.324364,
          -0.916949,
          1.500264
        ],
        [
          0.025692,
          -0.944471,
          -0.327589,
          1.524581
        ],
        [
          0.0,
          0.0,
          0.0,
          1.0
        ]
      ]
    },
    {
      "file_path": "/media/NFS/ttao/scannet/posed_images/scene0198_00/00141.jpg",
      "transform_matrix": [
        [
          -0.958761,
          0.066504,
          -0.276325,
          2.30754
        ],
        [
          0.282269,
          0.336394,
          -0.898423,
          1.440232
        ],
        [
          0.033206,
          -0.93937,
          -0.341293,
          1.510119
        ],
        [
          0.0,
          0.0,
          0.0,
          1.0
        ]
      ]
    },
    {
      "file_path": "/media/NFS/ttao/scannet/posed_images/scene0198_00/00142.jpg",
      "transform_matrix": [
        [
          -0.956121,
          0.069881,
          -0.284514,
          2.304263
        ],
        [
          0.291096,
          0.336297,
          -0.895638,
          1.431175
        ],
        [
          0.033093,
          -0.93916,
          -0.341883,
          1.510352
        ],
        [
          0.0,
          0.0,
          0.0,
          1.0
        ]
      ]
    },
    {
      "file_path": "/media/NFS/ttao/scannet/posed_images/scene0198_00/00149.jpg",
      "transform_matrix": [
        [
          -0.933868,
          0.089034,
          -0.346357,
          2.287143
        ],
        [
          0.35634,
          0.313472,
          -0.880203,
          1.361709
        ],
        [
          0.030205,
          -0.945414,
          -0.324468,
          1.522936
        ],
        [
          0.0,
          0.0,
          0.0,
          1.0
        ]
      ]
    },
    {
      "file_path": "/media/NFS/ttao/scannet/posed_images/scene0198_00/00154.jpg",
      "transform_matrix": [
        [
          -0.915331,
          0.094547,
          -0.391447,
          2.28097
        ],
        [
          0.401358,
          0.29356,
          -0.867602,
          1.315487
        ],
        [
          0.032884,
          -0.951254,
          -0.306652,
          1.52725
        ],
        [
          0.0,
          0.0,
          0.0,
          1.0
        ]
      ]
    },
    {
      "file_path": "/media/NFS/ttao/scannet/posed_images/scene0198_00/00156.jpg",
      "transform_matrix": [
        [
          -0.906172,
          0.098543,
          -0.411269,
          2.279113
        ],
        [
          0.421421,
          0.291925,
          -0.858594,
          1.299298
        ],
        [
          0.035452,
          -0.951351,
          -0.306062,
          1.525871
        ],
        [
          0.0,
          0.0,
          0.0,
          1.0
        ]
      ]
    },
    {
      "file_path": "/media/NFS/ttao/scannet/posed_images/scene0198_00/00160.jpg",
      "transform_matrix": [
        [
          -0.884195,
          0.12711,
          -0.449491,
          2.272321
        ],
        [
          0.466193,
          0.300649,
          -0.83203,
          1.268837
        ],
        [
          0.02938,
          -0.945227,
          -0.32509,
          1.525288
        ],
        [
          0.0,
          0.0,
          0.0,
          1.0
        ]
      ]
    },
    {
      "file_path": "/media/NFS/ttao/scannet/posed_images/scene0198_00/00165.jpg",
      "transform_matrix": [
        [
          -0.849632,
          0.136604,
          -0.509377,
          2.268308
        ],
        [
          0.526216,
          0.283642,
          -0.801651,
          1.25308
        ],
        [
          0.034972,
          -0.949151,
          -0.312874,
          1.527749
        ],
        [
          0.0,
          0.0,
          0.0,
          1.0
        ]
      ]
    },
    {
      "file_path": "/media/NFS/ttao/scannet/posed_images/scene0198_00/00169.jpg",
      "transform_matrix": [
        [
          -0.823146,
          0.146953,
          -0.548485,
          2.26788
        ],
        [
          0.566203,
          0.285495,
          -0.773244,
          1.253756
        ],
        [
          0.042959,
          -0.947047,
          -0.318209,
          1.519194
        ],
        [
          0.0,
          0.0,
          0.0,
          1.0
        ]
      ]
    },
    {
      "file_path": "/media/NFS/ttao/scannet/posed_images/scene0198_00/00177.jpg",
      "transform_matrix": [
        [
          -0.767493,
          0.146874,
          -0.624005,
          2.279189
        ],
        [
          0.638876,
          0.255469,
          -0.725653,
          1.288368
        ],
        [
          0.052835,
          -0.955596,
          -0.289905,
          1.531291
        ],
        [
          0.0,
          0.0,
          0.0,
          1.0
        ]
      ]
    },
    {
      "file_path": "/media/NFS/ttao/scannet/posed_images/scene0198_00/00179.jpg",
      "transform_matrix": [
        [
          -0.755003,
          0.154415,
          -0.63728,
          2.280058
        ],
        [
          0.653837,
          0.2509,
          -0.713825,
          1.299939
        ],
        [
          0.049668,
          -0.955618,
          -0.290393,
          1.532464
        ],
        [
          0.0,
          0.0,
          0.0,
          1.0
        ]
      ]
    },
    {
      "file_path": "/media/NFS/ttao/scannet/posed_images/scene0198_00/00183.jpg",
      "transform_matrix": [
        [
          -0.726475,
          0.175308,
          -0.664455,
          2.280739
        ],
        [
          0.685573,
          0.25124,
          -0.683277,
          1.318387
        ],
        [
          0.047154,
          -0.951917,
          -0.302706,
          1.528468
        ],
        [
          0.0,
          0.0,
          0.0,
          1.0
        ]
      ]
    },
    {
      "file_path": "/media/NFS/ttao/scannet/posed_images/scene0198_00/00187.jpg",
      "transform_matrix": [
        [
          -0.681007,
          0.181191,
          -0.709507,
          2.278925
        ],
        [
          0.730453,
          0.236421,
          -0.640736,
          1.334379
        ],
        [
          0.051647,
          -0.954607,
          -0.293356,
          1.526723
        ],
        [
          0.0,
          0.0,
          0.0,
          1.0
        ]
      ]
    },
    {
      "file_path": "/media/NFS/ttao/scannet/posed_images/scene0198_00/00192.jpg",
      "transform_matrix": [
        [
          -0.626571,
          0.209862,
          -0.750578,
          2.269345
        ],
        [
          0.77774,
          0.230507,
          -0.584796,
          1.346654
        ],
        [
          0.050287,
          -0.950171,
          -0.307648,
          1.533194
        ],
        [
          0.0,
          0.0,
          0.0,
          1.0
        ]
      ]
    },
    {
      "file_path": "/media/NFS/ttao/scannet/posed_images/scene0198_00/00197.jpg",
      "transform_matrix": [
        [
          -0.554563,
          0.189446,
          -0.81029,
          2.273876
        ],
        [
          0.830609,
          0.185087,
          -0.525196,
          1.349508
        ],
        [
          0.050478,
          -0.964289,
          -0.259998,
          1.540937
        ],
        [
          0.0,
          0.0,
          0.0,
          1.0
        ]
      ]
    },
    {
      "file_path": "/media/NFS/ttao/scannet/posed_images/scene0198_00/00204.jpg",
      "transform_matrix": [
        [
          -0.500281,
          0.144894,
          -0.853654,
          2.279584
        ],
        [
          0.865572,
          0.109265,
          -0.488719,
          1.34023
        ],
        [
          0.022462,
          -0.983396,
          -0.18008,
          1.561149
        ],
        [
          0.0,
          0.0,
          0.0,
          1.0
        ]
      ]
    },
    {
      "file_path": "/media/NFS/ttao/scannet/posed_images/scene0198_00/00205.jpg",
      "transform_matrix": [
        [
          -0.497308,
          0.137286,
          -0.856643,
          2.281807
        ],
        [
          0.867275,
          0.104592,
          -0.486718,
          1.335608
        ],
        [
          0.022778,
          -0.984994,
          -0.171079,
          1.56165
        ],
        [
          0.0,
          0.0,
          0.0,
          1.0
        ]
      ]
    },
    {
      "file_path": "/media/NFS/ttao/scannet/posed_images/scene0198_00/00212.jpg",
      "transform_matrix": [
        [
          -0.457154,
          0.122541,
          -0.880905,
          2.297267
        ],
        [
          0.889243,
          0.080801,
          -0.450241,
          1.295626
        ],
        [
          0.016005,
          -0.989169,
          -0.145908,
          1.576992
        ],
        [
          0.0,
          0.0,
          0.0,
          1.0
        ]
      ]
    },
    {
      "file_path": "/media/NFS/ttao/scannet/posed_images/scene0198_00/00214.jpg",
      "transform_matrix": [
        [
          -0.449046,
          0.118056,
          -0.885675,
          2.300411
        ],
        [
          0.89334,
          0.07856,
          -0.44246,
          1.283464
        ],
        [
          0.017344,
          -0.989894,
          -0.140742,
          1.575467
        ],
        [
          0.0,
          0.0,
          0.0,
          1.0
        ]
      ]
    },
    {
      "file_path": "/media/NFS/ttao/scannet/posed_images/scene0198_00/00219.jpg",
      "transform_matrix": [
        [
          -0.408476,
          0.120662,
          -0.904758,
          2.302593
        ],
        [
          0.912653,
          0.069787,
          -0.402734,
          1.254154
        ],
        [
          0.014545,
          -0.990238,
          -0.138629,
          1.576353
        ],
        [
          0.0,
          0.0,
          0.0,
          1.0
        ]
      ]
    },
    {
      "file_path": "/media/NFS/ttao/scannet/posed_images/scene0198_00/00224.jpg",
      "transform_matrix": [
        [
          -0.368488,
          0.14134,
          -0.918825,
          2.295535
        ],
        [
          0.929632,
          0.056412,
          -0.364145,
          1.228952
        ],
        [
          0.000364,
          -0.988353,
          -0.152181,
          1.5597
        ],
        [
          0.0,
          0.0,
          0.0,
          1.0
        ]
      ]
    },
    {
      "file_path": "/media/NFS/ttao/scannet/posed_images/scene0198_00/00227.jpg",
      "transform_matrix": [
        [
          -0.339513,
          0.136894,
          -0.930586,
          2.286497
        ],
        [
          0.940585,
          0.043609,
          -0.336746,
          1.223023
        ],
        [
          -0.005516,
          -0.989625,
          -0.143567,
          1.555035
        ],
        [
          0.0,
          0.0,
          0.0,
          1.0
        ]
      ]
    },
    {
      "file_path": "/media/NFS/ttao/scannet/posed_images/scene0198_00/00232.jpg",
      "transform_matrix": [
        [
          -0.29686,
          0.161997,
          -0.94108,
          2.259171
        ],
        [
          0.954855,
          0.038774,
          -0.294531,
          1.226012
        ],
        [
          -0.011224,
          -0.986029,
          -0.166194,
          1.537972
        ],
        [
          0.0,
          0.0,
          0.0,
          1.0
        ]
      ]
    },
    {
      "file_path": "/media/NFS/ttao/scannet/posed_images/scene0198_00/00239.jpg",
      "transform_matrix": [
        [
          -0.202105,
          0.226052,
          -0.952919,
          2.186053
        ],
        [
          0.979129,
          0.025313,
          -0.201659,
          1.216802
        ],
        [
          -0.021464,
          -0.973786,
          -0.22645,
          1.504214
        ],
        [
          0.0,
          0.0,
          0.0,
          1.0
        ]
      ]
    },
    {
      "file_path": "/media/NFS/ttao/scannet/posed_images/scene0198_00/00242.jpg",
      "transform_matrix": [
        [
          -0.175003,
          0.233781,
          -0.95641,
          2.147674
        ],
        [
          0.984096,
          0.011461,
          -0.177268,
          1.23161
        ],
        [
          -0.030481,
          -0.972222,
          -0.232068,
          1.500736
        ],
        [
          0.0,
          0.0,
          0.0,
          1.0
        ]
      ]
    },
    {
      "file_path": "/media/NFS/ttao/scannet/posed_images/scene0198_00/00247.jpg",
      "transform_matrix": [
        [
          -0.144871,
          0.26183,
          -0.954179,
          2.085133
        ],
        [
          0.988846,
          0.004613,
          -0.148869,
          1.232116
        ],
        [
          -0.034577,
          -0.965103,
          -0.259578,
          1.498046
        ],
        [
          0.0,
          0.0,
          0.0,
          1.0
        ]
      ]
    },
    {
      "file_path": "/media/NFS/ttao/scannet/posed_images/scene0198_00/00250.jpg",
      "transform_matrix": [
        [
          -0.125758,
          0.26911,
          -0.954864,
          2.046745
        ],
        [
          0.990829,
          -0.013882,
          -0.134407,
          1.236137
        ],
        [
          -0.049425,
          -0.96301,
          -0.264896,
          1.497885
        ],
        [
          0.0,
          0.0,
          0.0,
          1.0
        ]
      ]
    },
    {
      "file_path": "/media/NFS/ttao/scannet/posed_images/scene0198_00/00258.jpg",
      "transform_matrix": [
        [
          -0.056203,
          0.309417,
          -0.949264,
          1.96851
        ],
        [
          0.998249,
          -0.000152,
          -0.059152,
          1.234855
        ],
        [
          -0.018447,
          -0.950926,
          -0.308867,
          1.486084
        ],
        [
          0.0,
          0.0,
          0.0,
          1.0
        ]
      ]
    },
    {
      "file_path": "/media/NFS/ttao/scannet/posed_images/scene0198_00/00262.jpg",
      "transform_matrix": [
        [
          0.003686,
          0.333801,
          -0.942636,
          1.936054
        ],
        [
          0.999993,
          -0.00106,
          0.003535,
          1.223426
        ],
        [
          0.00018,
          -0.942643,
          -0.333803,
          1.472072
        ],
        [
          0.0,
          0.0,
          0.0,
          1.0
        ]
      ]
    },
    {
      "file_path": "/media/NFS/ttao/scannet/posed_images/scene0198_00/00265.jpg",
      "transform_matrix": [
        [
          0.049426,
          0.338282,
          -0.939746,
          1.915427
        ],
        [
          0.998755,
          -0.010457,
          0.048766,
          1.216458
        ],
        [
          0.00667,
          -0.940987,
          -0.338378,
          1.46671
        ],
        [
          0.0,
          0.0,
          0.0,
          1.0
        ]
      ]
    },
    {
      "file_path": "/media/NFS/ttao/scannet/posed_images/scene0198_00/00267.jpg",
      "transform_matrix": [
        [
          0.083935,
          0.344387,
          -0.935068,
          1.901731
        ],
        [
          0.996438,
          -0.021328,
          0.081589,
          1.208478
        ],
        [
          0.008155,
          -0.938585,
          -0.344951,
          1.464122
        ],
        [
          0.0,
          0.0,
          0.0,
          1.0
        ]
      ]
    },
    {
      "file_path": "/media/NFS/ttao/scannet/posed_images/scene0198_00/00275.jpg",
      "transform_matrix": [
        [
          0.224481,
          0.347701,
          -0.910336,
          1.848606
        ],
        [
          0.974454,
          -0.086673,
          0.207187,
          1.144376
        ],
        [
          -0.006862,
          -0.933591,
          -0.358275,
          1.462929
        ],
        [
          0.0,
          0.0,
          0.0,
          1.0
        ]
      ]
    },
    {
      "file_path": "/media/NFS/ttao/scannet/posed_images/scene0198_00/00277.jpg",
      "transform_matrix": [
        [
          0.25218,
          0.3461,
          -0.90367,
          1.836905
        ],
        [
          0.967674,
          -0.093586,
          0.234198,
          1.125089
        ],
        [
          -0.003515,
          -0.933518,
          -0.358513,
          1.462788
        ],
        [
          0.0,
          0.0,
          0.0,
          1.0
        ]
      ]
    },
    {
      "file_path": "/media/NFS/ttao/scannet/posed_images/scene0198_00/00281.jpg",
      "transform_matrix": [
        [
          0.308642,
          0.348496,
          -0.885037,
          1.808968
        ],
        [
          0.951171,
          -0.116696,
          0.285755,
          1.072097
        ],
        [
          -0.003696,
          -0.930018,
          -0.367496,
          1.456417
        ],
        [
          0.0,
          0.0,
          0.0,
          1.0
        ]
      ]
    },
    {
      "file_path": "/media/NFS/ttao/scannet/posed_images/scene0198_00/00289.jpg",
      "transform_matrix": [
        [
          0.370689,
          0.384658,
          -0.845356,
          1.759023
        ],
        [
          0.928752,
          -0.150584,
          0.338739,
          1.034099
        ],
        [
          0.003002,
          -0.910694,
          -0.413072,
          1.438199
        ],
        [
          0.0,
          0.0,
          0.0,
          1.0
        ]
      ]
    },
    {
      "file_path": "/media/NFS/ttao/scannet/posed_images/scene0198_00/00293.jpg",
      "transform_matrix": [
        [
          0.411169,
          0.392325,
          -0.822813,
          1.712481
        ],
        [
          0.911491,
          -0.165882,
          0.376388,
          1.033284
        ],
        [
          0.011176,
          -0.904745,
          -0.425807,
          1.433986
        ],
        [
          0.0,
          0.0,
          0.0,
          1.0
        ]
      ]
    },
    {
      "file_path": "/media/NFS/ttao/scannet/posed_images/scene0198_00/00298.jpg",
      "transform_matrix": [
        [
          0.438793,
          0.389079,
          -0.809986,
          1.653916
        ],
        [
          0.898586,
          -0.191667,
          0.394723,
          1.058493
        ],
        [
          -0.00167,
          -0.901045,
          -0.433723,
          1.42965
        ],
        [
          0.0,
          0.0,
          0.0,
          1.0
        ]
      ]
    },
    {
      "file_path": "/media/NFS/ttao/scannet/posed_images/scene0198_00/00299.jpg",
      "transform_matrix": [
        [
          0.441724,
          0.393525,
          -0.806236,
          1.639129
        ],
        [
          0.897072,
          -0.205672,
          0.391102,
          1.064398
        ],
        [
          -0.011912,
          -0.896012,
          -0.443871,
          1.433687
        ],
        [
          0.0,
          0.0,
          0.0,
          1.0
        ]
      ]
    },
    {
      "file_path": "/media/NFS/ttao/scannet/posed_images/scene0198_00/00305.jpg",
      "transform_matrix": [
        [
          0.420252,
          0.399542,
          -0.814711,
          1.55741
        ],
        [
          0.906184,
          -0.231403,
          0.353954,
          1.084939
        ],
        [
          -0.047107,
          -0.887028,
          -0.459306,
          1.433948
        ],
        [
          0.0,
          0.0,
          0.0,
          1.0
        ]
      ]
    },
    {
      "file_path": "/media/NFS/ttao/scannet/posed_images/scene0198_00/00310.jpg",
      "transform_matrix": [
        [
          0.432995,
          0.44829,
          -0.782018,
          1.48948
        ],
        [
          0.901253,
          -0.230761,
          0.366731,
          1.094029
        ],
        [
          -0.016058,
          -0.863589,
          -0.503941,
          1.419451
        ],
        [
          0.0,
          0.0,
          0.0,
          1.0
        ]
      ]
    },
    {
      "file_path": "/media/NFS/ttao/scannet/posed_images/scene0198_00/00316.jpg",
      "transform_matrix": [
        [
          0.502446,
          0.422926,
          -0.75411,
          1.407695
        ],
        [
          0.86445,
          -0.262426,
          0.428787,
          1.103147
        ],
        [
          -0.016553,
          -0.867333,
          -0.497454,
          1.417996
        ],
        [
          0.0,
          0.0,
          0.0,
          1.0
        ]
      ]
    },
    {
      "file_path": "/media/NFS/ttao/scannet/posed_images/scene0198_00/00318.jpg",
      "transform_matrix": [
        [
          0.534322,
          0.420316,
          -0.733372,
          1.38004
        ],
        [
          0.845111,
          -0.283033,
          0.45352,
          1.103599
        ],
        [
          -0.016946,
          -0.862106,
          -0.506444,
          1.419786
        ],
        [
          0.0,
          0.0,
          0.0,
          1.0
        ]
      ]
    },
    {
      "file_path": "/media/NFS/ttao/scannet/posed_images/scene0198_00/00324.jpg",
      "transform_matrix": [
        [
          0.62453,
          0.356108,
          -0.695089,
          1.307065
        ],
        [
          0.779047,
          -0.34696,
          0.522211,
          1.090314
        ],
        [
          -0.055204,
          -0.867644,
          -0.494112,
          1.43766
        ],
        [
          0.0,
          0.0,
          0.0,
          1.0
        ]
      ]
    },
    {
      "file_path": "/media/NFS/ttao/scannet/posed_images/scene0198_00/00326.jpg",
      "transform_matrix": [
        [
          0.651351,
          0.349746,
          -0.673365,
          1.287167
        ],
        [
          0.75689,
          -0.36203,
          0.544107,
          1.086178
        ],
        [
          -0.053479,
          -0.864067,
          -0.500528,
          1.438977
        ],
        [
          0.0,
          0.0,
          0.0,
          1.0
        ]
      ]
    },
    {
      "file_path": "/media/NFS/ttao/scannet/posed_images/scene0198_00/00332.jpg",
      "transform_matrix": [
        [
          0.72992,
          0.321247,
          -0.603339,
          1.251863
        ],
        [
          0.681684,
          -0.406988,
          0.608003,
          1.08293
        ],
        [
          -0.050233,
          -0.85508,
          -0.516058,
          1.437802
        ],
        [
          0.0,
          0.0,
          0.0,
          1.0
        ]
      ]
    },
    {
      "file_path": "/media/NFS/ttao/scannet/posed_images/scene0198_00/00338.jpg",
      "transform_matrix": [
        [
          0.796043,
          0.298883,
          -0.526293,
          1.25681
        ],
        [
          0.604386,
          -0.438735,
          0.665003,
          1.100418
        ],
        [
          -0.032145,
          -0.847456,
          -0.529893,
          1.428196
        ],
        [
          0.0,
          0.0,
          0.0,
          1.0
        ]
      ]
    },
    {
      "file_path": "/media/NFS/ttao/scannet/posed_images/scene0198_00/00340.jpg",
      "transform_matrix": [
        [
          0.815255,
          0.285286,
          -0.503955,
          1.266085
        ],
        [
          0.577845,
          -0.458053,
          0.675487,
          1.111187
        ],
        [
          -0.038131,
          -0.841902,
          -0.538281,
          1.429178
        ],
        [
          0.0,
          0.0,
          0.0,
          1.0
        ]
      ]
    },
    {
      "file_path": "/media/NFS/ttao/scannet/posed_images/scene0198_00/00346.jpg",
      "transform_matrix": [
        [
          0.861649,
          0.228795,
          -0.453006,
          1.319965
        ],
        [
          0.504683,
          -0.480299,
          0.717362,
          1.1453
        ],
        [
          -0.05345,
          -0.846739,
          -0.529318,
