{
  "frames": [
    {
      "file_path": "/media/NFS/ttao/scannet/posed_images/scene0030_01/00000.jpg",
      "transform_matrix": [
        [
          0.840682,
          -0.230235,
          0.49015,
          2.508933
        ],
        [
          -0.541408,
          -0.338178,
          0.769748,
          5.097741
        ],
        [
          -0.011465,
          -0.912484,
          -0.408951,
          1.430731
        ],
        [
          0.0,
          0.0,
          0.0,
          1.0
        ]
      ]
    },
    {
      "file_path": "/media/NFS/ttao/scannet/posed_images/scene0030_01/00005.jpg",
      "transform_matrix": [
        [
          0.837921,
          -0.23942,
          0.490475,
          2.55731
        ],
        [
          -0.545745,
          -0.355818,
          0.758654,
          5.195416
        ],
        [
          -0.007117,
          -0.903367,
          -0.42881,
          1.419583
        ],
        [
          0.0,
          0.0,
          0.0,
          1.0
        ]
      ]
    },
    {
      "file_path": "/media/NFS/ttao/scannet/posed_images/scene0030_01/00012.jpg",
      "transform_matrix": [
        [
          0.846965,
          -0.244709,
          0.471983,
          2.644278
        ],
        [
          -0.531396,
          -0.362322,
          0.765729,
          5.243122
        ],
        [
          -0.016371,
          -0.899356,
          -0.436911,
          1.418335
        ],
        [
          0.0,
          0.0,
          0.0,
          1.0
        ]
      ]
    },
    {
      "file_path": "/media/NFS/ttao/scannet/posed_images/scene0030_01/00015.jpg",
      "transform_matrix": [
        [
          0.848561,
          -0.237966,
          0.472565,
          2.679459
        ],
        [
          -0.528989,
          -0.363445,
          0.766862,
          5.25815
        ],
        [
          -0.010736,
          -0.900711,
          -0.434287,
          1.426971
        ],
        [
          0.0,
          0.0,
          0.0,
          1.0
        ]
      ]
    },
    {
      "file_path": "/media/NFS/ttao/scannet/posed_images/scene0030_01/00023.jpg",
      "transform_matrix": [
        [
          0.900742,
          -0.166443,
          0.401199,
          2.801741
        ],
        [
          -0.433584,
          -0.289571,
          0.853319,
          5.251458
        ],
        [
          -0.025853,
          -0.942574,
          -0.332996,
          1.489969
        ],
        [
          0.0,
          0.0,
          0.0,
          1.0
        ]
      ]
    },
    {
      "file_path": "/media/NFS/ttao/scannet/posed_images/scene0030_01/00028.jpg",
      "transform_matrix": [
        [
          0.903705,
          -0.102142,
          0.415794,
          2.865235
        ],
        [
          -0.427795,
          -0.255267,
          0.867081,
          5.239049
        ],
        [
          0.017573,
          -0.96146,
          -0.274382,
          1.520149
        ],
        [
          0.0,
          0.0,
          0.0,
          1.0
        ]
      ]
    },
    {
      "file_path": "/media/NFS/ttao/scannet/posed_images/scene0030_01/00036.jpg",
      "transform_matrix": [
        [
          0.897508,
          -0.1101,
          0.427033,
          2.890018
        ],
        [
          -0.440963,
          -0.211715,
          0.872198,
          5.204954
        ],
        [
          -0.00562,
          -0.97111,
          -0.238566,
          1.534084
        ],
        [
          0.0,
          0.0,
          0.0,
          1.0
        ]
      ]
    },
    {
      "file_path": "/media/NFS/ttao/scannet/posed_images/scene0030_01/00038.jpg",
      "transform_matrix": [
        [
          0.892682,
          -0.117791,
          0.435022,
          2.884153
        ],
        [
          -0.450473,
          -0.203467,
          0.869296,
          5.198293
        ],
        [
          -0.013883,
          -0.97197,
          -0.234693,
          1.537383
        ],
        [
          0.0,
          0.0,
          0.0,
          1.0
        ]
      ]
    },
    {
      "file_path": "/media/NFS/ttao/scannet/posed_images/scene0030_01/00043.jpg",
      "transform_matrix": [
        [
          0.883055,
          -0.126523,
          0.451891,
          2.860214
        ],
        [
          -0.469208,
          -0.222543,
          0.854587,
          5.181237
        ],
        [
          -0.007559,
          -0.966678,
          -0.255884,
          1.545359
        ],
        [
          0.0,
          0.0,
          0.0,
          1.0
        ]
      ]
    },
    {
      "file_path": "/media/NFS/ttao/scannet/posed_images/scene0030_01/00051.jpg",
      "transform_matrix": [
        [
          0.835697,
          -0.120243,
          0.535866,
          2.754439
        ],
        [
          -0.549049,
          -0.160692,
          0.820197,
          5.134437
        ],
        [
          -0.012513,
          -0.979653,
          -0.200309,
          1.555313
        ],
        [
          0.0,
          0.0,
          0.0,
          1.0
        ]
      ]
    },
    {
      "file_path": "/media/NFS/ttao/scannet/posed_images/scene0030_01/00058.jpg",
      "transform_matrix": [
        [
          0.774271,
          -0.095961,
          0.625536,
          2.678273
        ],
        [
          -0.632827,
          -0.126607,
          0.763873,
          5.083749
        ],
        [
          0.005895,
          -0.9873,
          -0.158755,
          1.576017
        ],
        [
          0.0,
          0.0,
          0.0,
          1.0
        ]
      ]
    },
    {
      "file_path": "/media/NFS/ttao/scannet/posed_images/scene0030_01/00061.jpg",
      "transform_matrix": [
        [
          0.753599,
          -0.098787,
          0.649869,
          2.674129
        ],
        [
          -0.657252,
          -0.128889,
          0.742568,
          5.050928
        ],
        [
          0.010404,
          -0.986726,
          -0.162059,
          1.582003
        ],
        [
          0.0,
          0.0,
          0.0,
          1.0
        ]
      ]
    },
    {
      "file_path": "/media/NFS/ttao/scannet/posed_images/scene0030_01/00066.jpg",
      "transform_matrix": [
        [
          0.727267,
          -0.100476,
          0.678961,
          2.645066
        ],
        [
          -0.686245,
          -0.124165,
          0.716695,
          5.020112
        ],
        [
          0.012292,
          -0.987161,
          -0.159252,
          1.575509
        ],
        [
          0.0,
          0.0,
          0.0,
          1.0
        ]
      ]
    },
    {
      "file_path": "/media/NFS/ttao/scannet/posed_images/scene0030_01/00071.jpg",
      "transform_matrix": [
        [
          0.703782,
          -0.116519,
          0.700795,
          2.618202
        ],
        [
          -0.710413,
          -0.112769,
          0.694691,
          4.984035
        ],
        [
          -0.001916,
          -0.986766,
          -0.162142,
          1.563334
        ],
        [
          0.0,
          0.0,
          0.0,
          1.0
        ]
      ]
    },
    {
      "file_path": "/media/NFS/ttao/scannet/posed_images/scene0030_01/00076.jpg",
      "transform_matrix": [
        [
          0.675876,
          -0.15771,
          0.719943,
          2.577082
        ],
        [
          -0.736965,
          -0.133207,
          0.662675,
          4.942671
        ],
        [
          -0.008609,
          -0.97846,
          -0.206259,
          1.538853
        ],
        [
          0.0,
          0.0,
          0.0,
          1.0
        ]
      ]
    },
    {
      "file_path": "/media/NFS/ttao/scannet/posed_images/scene0030_01/00084.jpg",
      "transform_matrix": [
        [
          0.641392,
          -0.237581,
          0.729501,
          2.469375
        ],
        [
          -0.766393,
          -0.154447,
          0.623528,
          4.92299
        ],
        [
          -0.035469,
          -0.959011,
          -0.281142,
          1.490171
        ],
        [
          0.0,
          0.0,
          0.0,
          1.0
        ]
      ]
    },
    {
      "file_path": "/media/NFS/ttao/scannet/posed_images/scene0030_01/00091.jpg",
      "transform_matrix": [
        [
          0.626493,
          -0.321822,
          0.709886,
          2.423627
        ],
        [
          -0.777696,
          -0.19743,
          0.596834,
          4.921268
        ],
        [
          -0.051922,
          -0.925987,
          -0.373968,
          1.459209
        ],
        [
          0.0,
          0.0,
          0.0,
          1.0
        ]
      ]
    },
    {
      "file_path": "/media/NFS/ttao/scannet/posed_images/scene0030_01/00096.jpg",
      "transform_matrix": [
        [
          0.617194,
          -0.358997,
          0.700137,
          2.41261
        ],
        [
          -0.784814,
          -0.217545,
          0.580294,
          4.923316
        ],
        [
          -0.056013,
          -0.907631,
          -0.416014,
          1.444745
        ],
        [
          0.0,
          0.0,
          0.0,
          1.0
        ]
      ]
    },
    {
      "file_path": "/media/NFS/ttao/scannet/posed_images/scene0030_01/00101.jpg",
      "transform_matrix": [
        [
          0.596931,
          -0.382106,
          0.705457,
          2.406888
        ],
        [
          -0.800257,
          -0.22098,
          0.557455,
          4.942458
        ],
        [
          -0.057115,
          -0.897309,
          -0.437693,
          1.430699
        ],
        [
          0.0,
          0.0,
          0.0,
          1.0
        ]
      ]
    },
    {
      "file_path": "/media/NFS/ttao/scannet/posed_images/scene0030_01/00107.jpg",
      "transform_matrix": [
        [
          0.515821,
          -0.42839,
          0.741896,
          2.416297
        ],
        [
          -0.855618,
          -0.214173,
          0.47122,
          4.97767
        ],
        [
          -0.042972,
          -0.877845,
          -0.477013,
          1.41164
        ],
        [
          0.0,
          0.0,
          0.0,
          1.0
        ]
      ]
    },
    {
      "file_path": "/media/NFS/ttao/scannet/posed_images/scene0030_01/00112.jpg",
      "transform_matrix": [
        [
          0.45632,
          -0.45103,
          0.767036,
          2.423635
        ],
        [
          -0.889436,
          -0.20604,
          0.407983,
          5.028514
        ],
        [
          -0.025973,
          -0.8684,
          -0.495183,
          1.402931
        ],
        [
          0.0,
          0.0,
          0.0,
          1.0
        ]
      ]
    },
    {
      "file_path": "/media/NFS/ttao/scannet/posed_images/scene0030_01/00114.jpg",
      "transform_matrix": [
        [
          0.449813,
          -0.443037,
          0.775491,
          2.430092
        ],
        [
          -0.893071,
          -0.213792,
          0.395874,
          5.051754
        ],
        [
          -0.009593,
          -0.870638,
          -0.49183,
          1.407882
        ],
        [
          0.0,
          0.0,
          0.0,
          1.0
        ]
      ]
    },
    {
      "file_path": "/media/NFS/ttao/scannet/posed_images/scene0030_01/00120.jpg",
      "transform_matrix": [
        [
          0.480826,
          -0.365085,
          0.797195,
          2.446817
        ],
        [
          -0.876767,
          -0.209765,
          0.432756,
          5.11631
        ],
        [
          0.009231,
          -0.907034,
          -0.420955,
          1.439087
        ],
        [
          0.0,
          0.0,
          0.0,
          1.0
        ]
      ]
    },
    {
      "file_path": "/media/NFS/ttao/scannet/posed_images/scene0030_01/00127.jpg",
      "transform_matrix": [
        [
          0.497514,
          -0.269029,
          0.824684,
          2.485999
        ],
        [
          -0.86742,
          -0.162906,
          0.470153,
          5.150311
        ],
        [
          0.007861,
          -0.949255,
          -0.314409,
          1.499983
        ],
        [
          0.0,
          0.0,
          0.0,
          1.0
        ]
      ]
    },
    {
      "file_path": "/media/NFS/ttao/scannet/posed_images/scene0030_01/00133.jpg",
      "transform_matrix": [
        [
          0.550048,
          -0.215613,
          0.80682,
          2.526753
        ],
        [
          -0.834645,
          -0.108892,
          0.539917,
          5.148093
        ],
        [
          -0.028557,
          -0.970388,
          -0.239856,
          1.552331
        ],
        [
          0.0,
          0.0,
          0.0,
          1.0
        ]
      ]
    },
    {
      "file_path": "/media/NFS/ttao/scannet/posed_images/scene0030_01/00140.jpg",
      "transform_matrix": [
        [
          0.577714,
          -0.150292,
          0.802284,
          2.594537
        ],
        [
          -0.815144,
          -0.055327,
          0.57661,
          5.125841
        ],
        [
          -0.042271,
          -0.987092,
          -0.154473,
          1.577084
        ],
        [
          0.0,
          0.0,
          0.0,
          1.0
        ]
      ]
    },
    {
      "file_path": "/media/NFS/ttao/scannet/posed_images/scene0030_01/00143.jpg",
      "transform_matrix": [
        [
          0.57578,
          -0.138252,
          0.805832,
          2.638851
        ],
        [
          -0.816242,
          -0.040318,
          0.576301,
          5.118329
        ],
        [
          -0.047185,
          -0.989576,
          -0.136061,
          1.591859
        ],
        [
          0.0,
          0.0,
          0.0,
          1.0
        ]
      ]
    },
    {
      "file_path": "/media/NFS/ttao/scannet/posed_images/scene0030_01/00152.jpg",
      "transform_matrix": [
        [
          0.545132,
          -0.07846,
          0.834671,
          2.724155
        ],
        [
          -0.83807,
          -0.025284,
          0.544976,
          5.122043
        ],
        [
          -0.021655,
          -0.996597,
          -0.079539,
          1.598233
        ],
        [
          0.0,
          0.0,
          0.0,
          1.0
        ]
      ]
    },
    {
      "file_path": "/media/NFS/ttao/scannet/posed_images/scene0030_01/00153.jpg",
      "transform_matrix": [
        [
          0.541512,
          -0.080662,
          0.836814,
          2.73617
        ],
        [
          -0.840442,
          -0.027641,
          0.541195,
          5.127741
        ],
        [
          -0.020523,
          -0.996358,
          -0.08276,
          1.60741
        ],
        [
          0.0,
          0.0,
          0.0,
          1.0
        ]
      ]
    },
    {
      "file_path": "/media/NFS/ttao/scannet/posed_images/scene0030_01/00162.jpg",
      "transform_matrix": [
        [
          0.506154,
          -0.048037,
          0.861104,
          2.815179
        ],
        [
          -0.862385,
          -0.016619,
          0.50598,
          5.171143
        ],
        [
          -0.009995,
          -0.998707,
          -0.049838,
          1.601844
        ],
        [
          0.0,
          0.0,
          0.0,
          1.0
        ]
      ]
    },
    {
      "file_path": "/media/NFS/ttao/scannet/posed_images/scene0030_01/00168.jpg",
      "transform_matrix": [
        [
          0.454022,
          -0.053917,
          0.889357,
          2.878101
        ],
        [
          -0.890912,
          -0.014237,
          0.453953,
          5.232851
        ],
        [
          -0.011814,
          -0.998444,
          -0.054499,
          1.59877
        ],
        [
          0.0,
          0.0,
          0.0,
          1.0
        ]
      ]
    },
    {
      "file_path": "/media/NFS/ttao/scannet/posed_images/scene0030_01/00170.jpg",
      "transform_matrix": [
        [
          0.430316,
          -0.050934,
          0.90124,
          2.892245
        ],
        [
          -0.90256,
          -0.008081,
          0.430489,
          5.265449
        ],
        [
          -0.014643,
          -0.998669,
          -0.049449,
          1.593301
        ],
        [
          0.0,
          0.0,
          0.0,
          1.0
        ]
      ]
    },
    {
      "file_path": "/media/NFS/ttao/scannet/posed_images/scene0030_01/00176.jpg",
      "transform_matrix": [
        [
          0.387491,
          -0.077764,
          0.918588,
          2.963388
        ],
        [
          -0.92107,
          0.008924,
          0.389294,
          5.323625
        ],
        [
          -0.03847,
          -0.996932,
          -0.068168,
          1.589263
        ],
        [
          0.0,
          0.0,
          0.0,
          1.0
        ]
      ]
    },
    {
      "file_path": "/media/NFS/ttao/scannet/posed_images/scene0030_01/00185.jpg",
      "transform_matrix": [
        [
          0.323514,
          -0.10853,
          0.939979,
          3.047435
        ],
        [
          -0.945804,
          -0.007514,
          0.324651,
          5.365307
        ],
        [
          -0.028171,
          -0.994065,
          -0.105079,
          1.602434
        ],
        [
          0.0,
          0.0,
          0.0,
          1.0
        ]
      ]
    },
    {
      "file_path": "/media/NFS/ttao/scannet/posed_images/scene0030_01/00188.jpg",
      "transform_matrix": [
        [
          0.316988,
          -0.109136,
          0.942129,
          3.066788
        ],
        [
          -0.948118,
          -0.010994,
          0.31773,
          5.365864
        ],
        [
          -0.024318,
          -0.993966,
          -0.106959,
          1.596671
        ],
        [
          0.0,
          0.0,
          0.0,
          1.0
        ]
      ]
    },
    {
      "file_path": "/media/NFS/ttao/scannet/posed_images/scene0030_01/00193.jpg",
      "transform_matrix": [
        [
          0.323412,
          -0.1085,
          0.940017,
          3.102963
        ],
        [
          -0.945823,
          -0.006954,
          0.324607,
          5.369062
        ],
        [
          -0.028683,
          -0.994072,
          -0.104871,
          1.598034
        ],
        [
          0.0,
          0.0,
          0.0,
          1.0
        ]
      ]
    },
    {
      "file_path": "/media/NFS/ttao/scannet/posed_images/scene0030_01/00196.jpg",
      "transform_matrix": [
        [
          0.330256,
          -0.104817,
          0.938054,
          3.124196
        ],
        [
          -0.943277,
          -0.000801,
          0.332005,
          5.35315
        ],
        [
          -0.034048,
          -0.994491,
          -0.099136,
          1.59856
        ],
        [
          0.0,
          0.0,
          0.0,
          1.0
        ]
      ]
    },
    {
      "file_path": "/media/NFS/ttao/scannet/posed_images/scene0030_01/00204.jpg",
      "transform_matrix": [
        [
          0.324212,
          -0.084151,
          0.942234,
          3.215834
        ],
        [
          -0.945242,
          0.010629,
          0.326197,
          5.272638
        ],
        [
          -0.037464,
          -0.996396,
          -0.076097,
          1.618025
        ],
        [
          0.0,
          0.0,
          0.0,
          1.0
        ]
      ]
    },
    {
      "file_path": "/media/NFS/ttao/scannet/posed_images/scene0030_01/00208.jpg",
      "transform_matrix": [
        [
          0.310617,
          -0.093563,
          0.945919,
          3.269057
        ],
        [
          -0.94999,
          0.003129,
          0.312263,
          5.213637
        ],
        [
          -0.032176,
          -0.995608,
          -0.087912,
          1.610971
        ],
        [
          0.0,
          0.0,
          0.0,
          1.0
        ]
      ]
    },
    {
      "file_path": "/media/NFS/ttao/scannet/posed_images/scene0030_01/00218.jpg",
      "transform_matrix": [
        [
          0.205723,
          -0.144711,
          0.967852,
          3.36413
        ],
        [
          -0.976616,
          0.032745,
          0.212482,
          5.108251
        ],
        [
          -0.062441,
          -0.988932,
          -0.134591,
          1.600463
        ],
        [
          0.0,
          0.0,
          0.0,
          1.0
        ]
      ]
    },
    {
      "file_path": "/media/NFS/ttao/scannet/posed_images/scene0030_01/00222.jpg",
      "transform_matrix": [
        [
          0.158181,
          -0.143687,
          0.9769,
          3.389987
        ],
        [
          -0.984832,
          0.048489,
          0.166597,
          5.091445
        ],
        [
          -0.071307,
          -0.988435,
          -0.133837,
          1.602641
        ],
        [
          0.0,
          0.0,
          0.0,
          1.0
        ]
      ]
    },
    {
      "file_path": "/media/NFS/ttao/scannet/posed_images/scene0030_01/00227.jpg",
      "transform_matrix": [
        [
          0.118077,
          -0.145213,
          0.982329,
          3.434896
        ],
        [
          -0.991853,
          0.030376,
          0.123712,
          5.062438
        ],
        [
          -0.047804,
          -0.988934,
          -0.140444,
          1.593574
        ],
        [
          0.0,
          0.0,
          0.0,
          1.0
        ]
      ]
    },
    {
      "file_path": "/media/NFS/ttao/scannet/posed_images/scene0030_01/00234.jpg",
      "transform_matrix": [
        [
          0.080986,
          -0.167119,
          0.982605,
          3.495196
        ],
        [
          -0.995474,
          0.035613,
          0.088104,
          5.031765
        ],
        [
          -0.049718,
          -0.985293,
          -0.163478,
          1.578068
        ],
        [
          0.0,
          0.0,
          0.0,
          1.0
        ]
      ]
    },
    {
      "file_path": "/media/NFS/ttao/scannet/posed_images/scene0030_01/00236.jpg",
      "transform_matrix": [
        [
          0.072138,
          -0.173028,
          0.982272,
          3.509954
        ],
        [
          -0.995833,
          0.042601,
          0.080638,
          5.016954
        ],
        [
          -0.055799,
          -0.983995,
          -0.169234,
          1.576849
        ],
        [
          0.0,
          0.0,
          0.0,
          1.0
        ]
      ]
    },
    {
      "file_path": "/media/NFS/ttao/scannet/posed_images/scene0030_01/00244.jpg",
      "transform_matrix": [
        [
          0.05261,
          -0.20995,
          0.976295,
          3.533429
        ],
        [
          -0.996172,
          0.057312,
          0.066006,
          4.982924
        ],
        [
          -0.069812,
          -0.976031,
          -0.206132,
          1.563987
        ],
        [
          0.0,
          0.0,
          0.0,
          1.0
        ]
      ]
    },
    {
      "file_path": "/media/NFS/ttao/scannet/posed_images/scene0030_01/00246.jpg",
      "transform_matrix": [
        [
          0.052663,
          -0.206997,
          0.976923,
          3.529501
        ],
        [
          -0.99665,
          0.050398,
          0.064405,
          4.982838
        ],
        [
          -0.062567,
          -0.977043,
          -0.20365,
          1.560605
        ],
        [
          0.0,
          0.0,
          0.0,
          1.0
        ]
      ]
    },
    {
      "file_path": "/media/NFS/ttao/scannet/posed_images/scene0030_01/00252.jpg",
      "transform_matrix": [
        [
          0.078568,
          -0.206529,
          0.975281,
          3.501684
        ],
        [
          -0.995701,
          0.03188,
          0.086964,
          4.982933
        ],
        [
          -0.049053,
          -0.977921,
          -0.203137,
          1.554529
        ],
        [
          0.0,
          0.0,
          0.0,
          1.0
        ]
      ]
    },
    {
      "file_path": "/media/NFS/ttao/scannet/posed_images/scene0030_01/00260.jpg",
      "transform_matrix": [
        [
          0.029358,
          -0.220066,
          0.975043,
          3.452394
        ],
        [
          -0.999323,
          0.015175,
          0.033514,
          5.037529
        ],
        [
          -0.022171,
          -0.975367,
          -0.219472,
          1.553376
        ],
        [
          0.0,
          0.0,
          0.0,
          1.0
        ]
      ]
    },
    {
      "file_path": "/media/NFS/ttao/scannet/posed_images/scene0030_01/00265.jpg",
      "transform_matrix": [
        [
          -0.013346,
          -0.220367,
          0.975326,
          3.405262
        ],
        [
          -0.999509,
          0.030583,
          -0.006766,
          5.12216
        ],
        [
          -0.028338,
          -0.974937,
          -0.220667,
          1.544338
        ],
        [
          0.0,
          0.0,
          0.0,
          1.0
        ]
      ]
    },
    {
      "file_path": "/media/NFS/ttao/scannet/posed_images/scene0030_01/00272.jpg",
      "transform_matrix": [
        [
          -0.04458,
          -0.219568,
          0.974578,
          3.329082
        ],
        [
          -0.998895,
          0.024328,
          -0.040211,
          5.291818
        ],
        [
          -0.01488,
          -0.975294,
          -0.22041,
          1.531367
        ],
        [
          0.0,
          0.0,
          0.0,
          1.0
        ]
      ]
    },
    {
      "file_path": "/media/NFS/ttao/scannet/posed_images/scene0030_01/00274.jpg",
      "transform_matrix": [
        [
          -0.057863,
          -0.216871,
          0.974484,
          3.309397
        ],
        [
          -0.998296,
          0.005237,
          -0.058112,
          5.372909
        ],
        [
          0.007499,
          -0.976186,
          -0.216804,
          1.531727
        ],
        [
          0.0,
          0.0,
          0.0,
          1.0
        ]
      ]
    },
    {
      "file_path": "/media/NFS/ttao/scannet/posed_images/scene0030_01/00280.jpg",
      "transform_matrix": [
        [
          -0.017935,
          -0.215789,
          0.976275,
          3.288301
        ],
        [
          -0.999452,
          -0.02328,
          -0.023506,
          5.516171
        ],
        [
          0.0278,
          -0.976163,
          -0.215253,
          1.524075
        ],
        [
          0.0,
          0.0,
          0.0,
          1.0
        ]
      ]
    },
    {
      "file_path": "/media/NFS/ttao/scannet/posed_images/scene0030_01/00285.jpg",
      "transform_matrix": [
        [
          0.031073,
          -0.230089,
          0.972673,
          3.294386
        ],
        [
          -0.998142,
          -0.058168,
          0.018127,
          5.650706
        ],
        [
          0.052408,
          -0.971429,
          -0.231469,
          1.494996
        ],
        [
          0.0,
          0.0,
          0.0,
          1.0
        ]
      ]
    },
    {
      "file_path": "/media/NFS/ttao/scannet/posed_images/scene0030_01/00290.jpg",
      "transform_matrix": [
        [
          0.060209,
          -0.243185,
          0.968109,
          3.328661
        ],
        [
          -0.998127,
          -0.025176,
          0.055751,
          5.734115
        ],
        [
          0.010815,
          -0.969653,
          -0.244246,
          1.485346
        ],
        [
          0.0,
          0.0,
          0.0,
          1.0
        ]
      ]
    },
    {
      "file_path": "/media/NFS/ttao/scannet/posed_images/scene0030_01/00300.jpg",
      "transform_matrix": [
        [
          0.002786,
          -0.317224,
          0.948347,
          3.374762
        ],
        [
          -0.999791,
          -0.020071,
          -0.003776,
          5.890905
        ],
        [
          0.020232,
          -0.948138,
          -0.317213,
          1.473893
        ],
        [
          0.0,
          0.0,
          0.0,
          1.0
        ]
      ]
    },
    {
      "file_path": "/media/NFS/ttao/scannet/posed_images/scene0030_01/00302.jpg",
      "transform_matrix": [
        [
          -0.016068,
          -0.322132,
          0.946558,
          3.37681
        ],
        [
          -0.999602,
          -0.016759,
          -0.022671,
          5.919303
        ],
        [
          0.023166,
          -0.946546,
          -0.321735,
          1.468566
        ],
        [
          0.0,
          0.0,
          0.0,
          1.0
        ]
      ]
    },
    {
      "file_path": "/media/NFS/ttao/scannet/posed_images/scene0030_01/00308.jpg",
      "transform_matrix": [
        [
          -0.116861,
          -0.382995,
          0.916329,
          3.362705
        ],
        [
          -0.992797,
          0.020516,
          -0.118037,
          6.041778
        ],
        [
          0.026408,
          -0.923523,
          -0.382633,
          1.447382
        ],
        [
          0.0,
          0.0,
          0.0,
          1.0
        ]
      ]
    },
    {
      "file_path": "/media/NFS/ttao/scannet/posed_images/scene0030_01/00316.jpg",
      "transform_matrix": [
        [
          -0.181647,
          -0.430558,
          0.884095,
          3.346278
        ],
        [
          -0.983115,
          0.05931,
          -0.173107,
          6.195335
        ],
        [
          0.022097,
          -0.900612,
          -0.434062,
          1.439885
        ],
        [
          0.0,
          0.0,
          0.0,
          1.0
        ]
      ]
    },
    {
      "file_path": "/media/NFS/ttao/scannet/posed_images/scene0030_01/00320.jpg",
      "transform_matrix": [
        [
          -0.213912,
          -0.42871,
          0.877753,
          3.3606
        ],
        [
          -0.975821,
          0.052496,
          -0.212172,
          6.252944
        ],
        [
          0.044882,
          -0.901916,
          -0.429573,
          1.437566
        ],
        [
          0.0,
          0.0,
          0.0,
          1.0
        ]
      ]
    },
    {
      "file_path": "/media/NFS/ttao/scannet/posed_images/scene0030_01/00326.jpg",
      "transform_matrix": [
        [
          -0.239857,
          -0.423043,
          0.873787,
          3.408749
        ],
        [
          -0.969922,
          0.065973,
          -0.234305,
          6.262873
        ],
        [
          0.041475,
          -0.903705,
          -0.426143,
          1.430716
        ],
        [
          0.0,
          0.0,
          0.0,
          1.0
        ]
      ]
    },
    {
      "file_path": "/media/NFS/ttao/scannet/posed_images/scene0030_01/00333.jpg",
      "transform_matrix": [
        [
          -0.253278,
          -0.40797,
          0.877161,
          3.487669
        ],
        [
          -0.966633,
          0.070772,
          -0.246196,
          6.251955
        ],
        [
          0.038362,
          -0.910248,
          -0.412282,
          1.428954
        ],
        [
          0.0,
          0.0,
          0.0,
          1.0
        ]
      ]
    },
    {
      "file_path": "/media/NFS/ttao/scannet/posed_images/scene0030_01/00335.jpg",
      "transform_matrix": [
        [
          -0.273334,
          -0.397612,
          0.875896,
          3.535889
        ],
        [
          -0.960878,
          0.07051,
          -0.267846,
          6.234066
        ],
        [
          0.044739,
          -0.91484,
          -0.40133,
          1.435961
        ],
        [
          0.0,
          0.0,
          0.0,
          1.0
        ]
      ]
    },
    {
      "file_path": "/media/NFS/ttao/scannet/posed_images/scene0030_01/00341.jpg",
      "transform_matrix": [
        [
          -0.335323,
          -0.392531,
          0.856434,
          3.59191
        ],
        [
          -0.940944,
          0.094459,
          -0.325118,
          6.238292
        ],
        [
          0.046721,
          -0.914876,
          -0.401024,
          1.432092
        ],
        [
          0.0,
          0.0,
          0.0,
          1.0
        ]
      ]
    },
    {
      "file_path": "/media/NFS/ttao/scannet/posed_images/scene0030_01/00348.jpg",
      "transform_matrix": [
        [
          -0.401696,
          -0.372187,
          0.83673,
          3.714207
        ],
        [
          -0.914894,
          0.123068,
          -0.384478,
          6.25916
        ],
        [
          0.040123,
          -0.919963,
          -0.389948,
          1.428475
        ],
        [
          0.0,
          0.0,
          0.0,
          1.0
        ]
      ]
    },
    {
      "file_path": "/media/NFS/ttao/scannet/posed_images/scene0030_01/00354.jpg",
      "transform_matrix": [
        [
          -0.472288,
          -0.34218,
          0.812316,
          3.821356
        ],
        [
          -0.881352,
          0.169946,
          -0.440838,
          6.35812
        ],
        [
          0.012796,
          -0.924138,
          -0.381844,
          1.42088
        ],
        [
          0.0,
          0.0,
          0.0,
          1.0
        ]
      ]
    },
    {
      "file_path": "/media/NFS/ttao/scannet/posed_images/scene0030_01/00356.jpg",
      "transform_matrix": [
        [
          -0.49219,
          -0.337586,
          0.802363,
          3.867646
        ],
        [
          -0.870487,
          0.192227,
          -0.453102,
          6.393599
        ],
        [
          -0.001275,
          -0.921458,
          -0.388476,
          1.424285
        ],
        [
          0.0,
          0.0,
          0.0,
          1.0
        ]
      ]
    },
    {
      "file_path": "/media/NFS/ttao/scannet/posed_images/scene0030_01/00366.jpg",
      "transform_matrix": [
        [
          -0.635513,
          -0.276486,
          0.720888,
          4.066282
        ],
        [
          -0.771866,
          0.250001,
          -0.58457,
          6.513583
        ],
        [
          -0.018597,
          -0.927931,
          -0.372289,
          1.444728
        ],
        [
          0.0,
          0.0,
          0.0,
          1.0
        ]
      ]
    },
    {
      "file_path": "/media/NFS/ttao/scannet/posed_images/scene0030_01/00369.jpg",
      "transform_matrix": [
        [
          -0.672274,
          -0.25945,
          0.693349,
          4.11065
        ],
        [
          -0.739807,
          0.269697,
          -0.6164,
          6.533821
        ],
        [
          -0.027069,
          -0.927335,
          -0.373253,
          1.43861
        ],
        [
          0.0,
          0.0,
          0.0,
          1.0
        ]
      ]
    },
    {
      "file_path": "/media/NFS/ttao/scannet/posed_images/scene0030_01/00372.jpg",
      "transform_matrix": [
        [
          -0.700512,
          -0.247213,
          0.669454,
          4.158046
        ],
        [
          -0.713093,
          0.27921,
          -0.64307,
          6.556547
        ],
        [
          -0.027943,
          -0.927862,
          -0.371876,
          1.423968
        ],
        [
          0.0,
          0.0,
          0.0,
          1.0
        ]
      ]
    },
    {
      "file_path": "/media/NFS/ttao/scannet/posed_images/scene0030_01/00379.jpg",
      "transform_matrix": [
        [
          -0.787036,
          -0.190845,
          0.586645,
          4.266741
        ],
        [
          -0.613823,
          0.337227,
          -0.713792,
          6.602447
        ],
        [
          -0.061608,
          -0.921876,
          -0.382555,
          1.416294
        ],
        [
          0.0,
          0.0,
          0.0,
          1.0
        ]
      ]
    },
    {
      "file_path": "/media/NFS/ttao/scannet/posed_images/scene0030_01/00384.jpg",
      "transform_matrix": [
        [
          -0.818143,
          -0.200425,
          0.538954,
          4.317075
        ],
        [
          -0.574066,
          0.338529,
          -0.745551,
          6.636929
        ],
        [
          -0.033025,
          -0.919363,
          -0.392022,
          1.410603
        ],
        [
          0.0,
          0.0,
          0.0,
          1.0
        ]
      ]
    },
    {
      "file_path": "/media/NFS/ttao/scannet/posed_images/scene0030_01/00389.jpg",
      "transform_matrix": [
        [
          -0.863348,
          -0.178975,
          0.471803,
          4.359406
        ],
        [
          -0.502079,
          0.398184,
          -0.767702,
          6.704051
        ],
        [
          -0.050465,
          -0.899676,
          -0.433631,
          1.398778
        ],
        [
          0.0,
          0.0,
          0.0,
          1.0
        ]
      ]
    },
    {
      "file_path": "/media/NFS/ttao/scannet/posed_images/scene0030_01/00394.jpg",
      "transform_matrix": [
        [
          -0.907019,
          -0.142596,
          0.396211,
          4.388694
        ],
        [
          -0.41619,
          0.446704,
          -0.791986,
          6.755713
        ],
        [
          -0.064055,
          -0.883245,
          -0.464516,
          1.392217
        ],
        [
          0.0,
          0.0,
          0.0,
          1.0
        ]
      ]
    },
    {
      "file_path": "/media/NFS/ttao/scannet/posed_images/scene0030_01/00400.jpg",
      "transform_matrix": [
        [
          -0.926196,
          -0.133953,
          0.352446,
          4.40022
        ],
        [
          -0.370857,
          0.492281,
          -0.78748,
          6.808173
        ],
        [
          -0.068017,
          -0.860067,
          -0.505626,
          1.368507
        ],
        [
          0.0,
          0.0,
          0.0,
          1.0
        ]
      ]
    },
    {
      "file_path": "/media/NFS/ttao/scannet/posed_images/scene0030_01/00405.jpg",
      "transform_matrix": [
        [
          -0.942253,
          -0.133626,
          0.30709,
          4.4056
        ],
        [
          -0.330683,
          0.51634,
          -0.789963,
          6.824136
        ],
        [
          -0.053003,
          -0.845894,
          -0.530711,
          1.363427
        ],
        [
          0.0,
          0.0,
          0.0,
          1.0
        ]
      ]
    },
    {
      "file_path": "/media/NFS/ttao/scannet/posed_images/scene0030_01/00410.jpg",
      "transform_matrix": [
        [
          -0.952413,
          -0.124766,
          0.278105,
          4.385312
        ],
        [
          -0.301641,
          0.517006,
          -0.801072,
          6.829118
        ],
        [
          -0.043835,
          -0.84684,
          -0.530038,
          1.36642
        ],
        [
          0.0,
          0.0,
          0.0,
          1.0
        ]
      ]
    },
    {
      "file_path": "/media/NFS/ttao/scannet/posed_images/scene0030_01/00420.jpg",
      "transform_matrix": [
        [
          -0.967884,
          -0.083881,
          0.236989,
          4.323631
        ],
        [
          -0.245829,
          0.51308,
          -0.822385,
          6.810888
        ],
        [
          -0.052612,
          -0.854232,
          -0.517223,
          1.381102
        ],
        [
          0.0,
          0.0,
          0.0,
          1.0
        ]
      ]
    },
    {
      "file_path": "/media/NFS/ttao/scannet/posed_images/scene0030_01/00422.jpg",
      "transform_matrix": [
        [
          -0.96609,
          -0.085063,
          0.243793,
          4.316344
        ],
        [
          -0.252299,
          0.511791,
          -0.821227,
          6.799285
        ],
        [
          -0.054915,
