{
  "frames": [
    {
      "file_path": "/media/NFS/ttao/scannet/posed_images/scene0657_00/00000.jpg",
      "transform_matrix": [
        [
          -0.817673,
          0.195493,
          -0.541473,
          6.406285
        ],
        [
          0.574234,
          0.210291,
          -0.791222,
          4.149443
        ],
        [
          -0.040811,
          -0.957894,
          -0.284208,
          1.473531
        ],
        [
          0.0,
          0.0,
          0.0,
          1.0
        ]
      ]
    },
    {
      "file_path": "/media/NFS/ttao/scannet/posed_images/scene0657_00/00006.jpg",
      "transform_matrix": [
        [
          -0.809239,
          0.212795,
          -0.547586,
          6.411798
        ],
        [
          0.58617,
          0.230267,
          -0.776777,
          4.144775
        ],
        [
          -0.039204,
          -0.949576,
          -0.311075,
          1.470162
        ],
        [
          0.0,
          0.0,
          0.0,
          1.0
        ]
      ]
    },
    {
      "file_path": "/media/NFS/ttao/scannet/posed_images/scene0657_00/00010.jpg",
      "transform_matrix": [
        [
          -0.809769,
          0.212192,
          -0.547036,
          6.409172
        ],
        [
          0.585437,
          0.229887,
          -0.777442,
          4.148931
        ],
        [
          -0.039211,
          -0.949804,
          -0.310381,
          1.476757
        ],
        [
          0.0,
          0.0,
          0.0,
          1.0
        ]
      ]
    },
    {
      "file_path": "/media/NFS/ttao/scannet/posed_images/scene0657_00/00011.jpg",
      "transform_matrix": [
        [
          -0.811256,
          0.212151,
          -0.544845,
          6.402235
        ],
        [
          0.583104,
          0.224932,
          -0.780638,
          4.160327
        ],
        [
          -0.04306,
          -0.950998,
          -0.306183,
          1.460189
        ],
        [
          0.0,
          0.0,
          0.0,
          1.0
        ]
      ]
    },
    {
      "file_path": "/media/NFS/ttao/scannet/posed_images/scene0657_00/00016.jpg",
      "transform_matrix": [
        [
          -0.80413,
          0.225699,
          -0.549941,
          6.408688
        ],
        [
          0.59296,
          0.238998,
          -0.768947,
          4.159403
        ],
        [
          -0.042115,
          -0.944426,
          -0.326016,
          1.44498
        ],
        [
          0.0,
          0.0,
          0.0,
          1.0
        ]
      ]
    },
    {
      "file_path": "/media/NFS/ttao/scannet/posed_images/scene0657_00/00020.jpg",
      "transform_matrix": [
        [
          -0.792495,
          0.230019,
          -0.56484,
          6.409145
        ],
        [
          0.608974,
          0.248002,
          -0.753423,
          4.158426
        ],
        [
          -0.03322,
          -0.941056,
          -0.336616,
          1.44731
        ],
        [
          0.0,
          0.0,
          0.0,
          1.0
        ]
      ]
    },
    {
      "file_path": "/media/NFS/ttao/scannet/posed_images/scene0657_00/00028.jpg",
      "transform_matrix": [
        [
          -0.762889,
          0.218785,
          -0.608386,
          6.397244
        ],
        [
          0.645878,
          0.215671,
          -0.732344,
          4.151392
        ],
        [
          -0.029015,
          -0.95164,
          -0.305842,
          1.487633
        ],
        [
          0.0,
          0.0,
          0.0,
          1.0
        ]
      ]
    },
    {
      "file_path": "/media/NFS/ttao/scannet/posed_images/scene0657_00/00029.jpg",
      "transform_matrix": [
        [
          -0.761171,
          0.219021,
          -0.610449,
          6.393626
        ],
        [
          0.647708,
          0.208746,
          -0.732734,
          4.154768
        ],
        [
          -0.033056,
          -0.953129,
          -0.300753,
          1.489443
        ],
        [
          0.0,
          0.0,
          0.0,
          1.0
        ]
      ]
    },
    {
      "file_path": "/media/NFS/ttao/scannet/posed_images/scene0657_00/00033.jpg",
      "transform_matrix": [
        [
          -0.747026,
          0.213919,
          -0.629436,
          6.37922
        ],
        [
          0.663577,
          0.182659,
          -0.725467,
          4.150586
        ],
        [
          -0.040219,
          -0.959622,
          -0.278403,
          1.519935
        ],
        [
          0.0,
          0.0,
          0.0,
          1.0
        ]
      ]
    },
    {
      "file_path": "/media/NFS/ttao/scannet/posed_images/scene0657_00/00039.jpg",
      "transform_matrix": [
        [
          -0.729326,
          0.182583,
          -0.659353,
          6.377812
        ],
        [
          0.683411,
          0.149165,
          -0.714632,
          4.148059
        ],
        [
          -0.032127,
          -0.971809,
          -0.23357,
          1.548714
        ],
        [
          0.0,
          0.0,
          0.0,
          1.0
        ]
      ]
    },
    {
      "file_path": "/media/NFS/ttao/scannet/posed_images/scene0657_00/00044.jpg",
      "transform_matrix": [
        [
          -0.71673,
          0.163239,
          -0.677976,
          6.374347
        ],
        [
          0.697165,
          0.145249,
          -0.702043,
          4.160933
        ],
        [
          -0.016125,
          -0.975836,
          -0.217909,
          1.540374
        ],
        [
          0.0,
          0.0,
          0.0,
          1.0
        ]
      ]
    },
    {
      "file_path": "/media/NFS/ttao/scannet/posed_images/scene0657_00/00045.jpg",
      "transform_matrix": [
        [
          -0.711604,
          0.167043,
          -0.682434,
          6.372116
        ],
        [
          0.702369,
          0.145296,
          -0.696826,
          4.158736
        ],
        [
          -0.017245,
          -0.975185,
          -0.220719,
          1.540294
        ],
        [
          0.0,
          0.0,
          0.0,
          1.0
        ]
      ]
    },
    {
      "file_path": "/media/NFS/ttao/scannet/posed_images/scene0657_00/00053.jpg",
      "transform_matrix": [
        [
          -0.663554,
          0.185969,
          -0.724646,
          6.33504
        ],
        [
          0.747662,
          0.130644,
          -0.651102,
          4.149411
        ],
        [
          -0.026414,
          -0.973831,
          -0.225732,
          1.550737
        ],
        [
          0.0,
          0.0,
          0.0,
          1.0
        ]
      ]
    },
    {
      "file_path": "/media/NFS/ttao/scannet/posed_images/scene0657_00/00054.jpg",
      "transform_matrix": [
        [
          -0.658296,
          0.187185,
          -0.729115,
          6.327304
        ],
        [
          0.752326,
          0.130722,
          -0.645692,
          4.148441
        ],
        [
          -0.025552,
          -0.973588,
          -0.226878,
          1.550494
        ],
        [
          0.0,
          0.0,
          0.0,
          1.0
        ]
      ]
    },
    {
      "file_path": "/media/NFS/ttao/scannet/posed_images/scene0657_00/00061.jpg",
      "transform_matrix": [
        [
          -0.624658,
          0.218009,
          -0.74985,
          6.275723
        ],
        [
          0.780815,
          0.160293,
          -0.60385,
          4.142107
        ],
        [
          -0.011449,
          -0.962693,
          -0.270353,
          1.547766
        ],
        [
          0.0,
          0.0,
          0.0,
          1.0
        ]
      ]
    },
    {
      "file_path": "/media/NFS/ttao/scannet/posed_images/scene0657_00/00064.jpg",
      "transform_matrix": [
        [
          -0.608726,
          0.216903,
          -0.763155,
          6.261028
        ],
        [
          0.793368,
          0.161031,
          -0.587057,
          4.138653
        ],
        [
          -0.004443,
          -0.96282,
          -0.270108,
          1.538694
        ],
        [
          0.0,
          0.0,
          0.0,
          1.0
        ]
      ]
    },
    {
      "file_path": "/media/NFS/ttao/scannet/posed_images/scene0657_00/00069.jpg",
      "transform_matrix": [
        [
          -0.579231,
          0.236989,
          -0.779954,
          6.234799
        ],
        [
          0.815103,
          0.180002,
          -0.550641,
          4.116264
        ],
        [
          0.009898,
          -0.954691,
          -0.297433,
          1.531457
        ],
        [
          0.0,
          0.0,
          0.0,
          1.0
        ]
      ]
    },
    {
      "file_path": "/media/NFS/ttao/scannet/posed_images/scene0657_00/00071.jpg",
      "transform_matrix": [
        [
          -0.568246,
          0.242448,
          -0.786331,
          6.232337
        ],
        [
          0.822762,
          0.182048,
          -0.538443,
          4.107099
        ],
        [
          0.012606,
          -0.952931,
          -0.302925,
          1.512627
        ],
        [
          0.0,
          0.0,
          0.0,
          1.0
        ]
      ]
    },
    {
      "file_path": "/media/NFS/ttao/scannet/posed_images/scene0657_00/00075.jpg",
      "transform_matrix": [
        [
          -0.546533,
          0.279613,
          -0.789378,
          6.220371
        ],
        [
          0.837426,
          0.187291,
          -0.513458,
          4.087263
        ],
        [
          0.004274,
          -0.941668,
          -0.336516,
          1.487085
        ],
        [
          0.0,
          0.0,
          0.0,
          1.0
        ]
      ]
    },
    {
      "file_path": "/media/NFS/ttao/scannet/posed_images/scene0657_00/00082.jpg",
      "transform_matrix": [
        [
          -0.511983,
          0.355921,
          -0.781789,
          6.188578
        ],
        [
          0.858986,
          0.207918,
          -0.467881,
          4.030154
        ],
        [
          -0.003981,
          -0.911093,
          -0.412182,
          1.443242
        ],
        [
          0.0,
          0.0,
          0.0,
          1.0
        ]
      ]
    },
    {
      "file_path": "/media/NFS/ttao/scannet/posed_images/scene0657_00/00086.jpg",
      "transform_matrix": [
        [
          -0.486592,
          0.391843,
          -0.780824,
          6.153606
        ],
        [
          0.87345,
          0.200108,
          -0.443894,
          4.007421
        ],
        [
          -0.017687,
          -0.898007,
          -0.439626,
          1.43543
        ],
        [
          0.0,
          0.0,
          0.0,
          1.0
        ]
      ]
    },
    {
      "file_path": "/media/NFS/ttao/scannet/posed_images/scene0657_00/00091.jpg",
      "transform_matrix": [
        [
          -0.46955,
          0.420095,
          -0.776559,
          6.103207
        ],
        [
          0.882593,
          0.199921,
          -0.425513,
          3.984693
        ],
        [
          -0.023505,
          -0.885185,
          -0.464646,
          1.430059
        ],
        [
          0.0,
          0.0,
          0.0,
          1.0
        ]
      ]
    },
    {
      "file_path": "/media/NFS/ttao/scannet/posed_images/scene0657_00/00093.jpg",
      "transform_matrix": [
        [
          -0.466831,
          0.420621,
          -0.777912,
          6.085901
        ],
        [
          0.884174,
          0.204603,
          -0.419969,
          3.97348
        ],
        [
          -0.017485,
          -0.883864,
          -0.467417,
          1.419935
        ],
        [
          0.0,
          0.0,
          0.0,
          1.0
        ]
      ]
    },
    {
      "file_path": "/media/NFS/ttao/scannet/posed_images/scene0657_00/00099.jpg",
      "transform_matrix": [
        [
          -0.464009,
          0.421591,
          -0.779074,
          5.999629
        ],
        [
          0.885347,
          0.191673,
          -0.423582,
          3.938397
        ],
        [
          -0.029251,
          -0.886297,
          -0.462193,
          1.436997
        ],
        [
          0.0,
          0.0,
          0.0,
          1.0
        ]
      ]
    },
    {
      "file_path": "/media/NFS/ttao/scannet/posed_images/scene0657_00/00100.jpg",
      "transform_matrix": [
        [
          -0.464561,
          0.41658,
          -0.781437,
          5.987076
        ],
        [
          0.885041,
          0.18877,
          -0.425521,
          3.93674
        ],
        [
          -0.029752,
          -0.889284,
          -0.456386,
          1.435062
        ],
        [
          0.0,
          0.0,
          0.0,
          1.0
        ]
      ]
    },
    {
      "file_path": "/media/NFS/ttao/scannet/posed_images/scene0657_00/00107.jpg",
      "transform_matrix": [
        [
          -0.430943,
          0.401597,
          -0.808089,
          5.887926
        ],
        [
          0.902204,
          0.174123,
          -0.394599,
          3.890872
        ],
        [
          -0.017763,
          -0.899111,
          -0.43736,
          1.463007
        ],
        [
          0.0,
          0.0,
          0.0,
          1.0
        ]
      ]
    },
    {
      "file_path": "/media/NFS/ttao/scannet/posed_images/scene0657_00/00109.jpg",
      "transform_matrix": [
        [
          -0.418671,
          0.405614,
          -0.812522,
          5.864972
        ],
        [
          0.908046,
          0.174249,
          -0.380906,
          3.864206
        ],
        [
          -0.012919,
          -0.897282,
          -0.441269,
          1.477229
        ],
        [
          0.0,
          0.0,
          0.0,
          1.0
        ]
      ]
    },
    {
      "file_path": "/media/NFS/ttao/scannet/posed_images/scene0657_00/00116.jpg",
      "transform_matrix": [
        [
          -0.375216,
          0.382296,
          -0.84443,
          5.792399
        ],
        [
          0.926727,
          0.174091,
          -0.332969,
          3.790038
        ],
        [
          0.019715,
          -0.907492,
          -0.419606,
          1.511374
        ],
        [
          0.0,
          0.0,
          0.0,
          1.0
        ]
      ]
    },
    {
      "file_path": "/media/NFS/ttao/scannet/posed_images/scene0657_00/00117.jpg",
      "transform_matrix": [
        [
          -0.3718,
          0.378922,
          -0.847457,
          5.786758
        ],
        [
          0.927948,
          0.177303,
          -0.327836,
          3.77291
        ],
        [
          0.026033,
          -0.908285,
          -0.417541,
          1.514563
        ],
        [
          0.0,
          0.0,
          0.0,
          1.0
        ]
      ]
    },
    {
      "file_path": "/media/NFS/ttao/scannet/posed_images/scene0657_00/00121.jpg",
      "transform_matrix": [
        [
          -0.367056,
          0.373701,
          -0.851832,
          5.752227
        ],
        [
          0.929701,
          0.177347,
          -0.322807,
          3.713657
        ],
        [
          0.030437,
          -0.910437,
          -0.412527,
          1.534449
        ],
        [
          0.0,
          0.0,
          0.0,
          1.0
        ]
      ]
    },
    {
      "file_path": "/media/NFS/ttao/scannet/posed_images/scene0657_00/00128.jpg",
      "transform_matrix": [
        [
          -0.321926,
          0.363948,
          -0.874017,
          5.701409
        ],
        [
          0.946752,
          0.128542,
          -0.29519,
          3.613163
        ],
        [
          0.004914,
          -0.922507,
          -0.38595,
          1.578598
        ],
        [
          0.0,
          0.0,
          0.0,
          1.0
        ]
      ]
    },
    {
      "file_path": "/media/NFS/ttao/scannet/posed_images/scene0657_00/00133.jpg",
      "transform_matrix": [
        [
          -0.293202,
          0.358507,
          -0.886287,
          5.679911
        ],
        [
          0.956011,
          0.10156,
          -0.275187,
          3.547656
        ],
        [
          -0.008645,
          -0.927986,
          -0.372514,
          1.584576
        ],
        [
          0.0,
          0.0,
          0.0,
          1.0
        ]
      ]
    },
    {
      "file_path": "/media/NFS/ttao/scannet/posed_images/scene0657_00/00136.jpg",
      "transform_matrix": [
        [
          -0.285729,
          0.368979,
          -0.884428,
          5.664065
        ],
        [
          0.95825,
          0.099705,
          -0.267983,
          3.521008
        ],
        [
          -0.010698,
          -0.924074,
          -0.382063,
          1.588843
        ],
        [
          0.0,
          0.0,
          0.0,
          1.0
        ]
      ]
    },
    {
      "file_path": "/media/NFS/ttao/scannet/posed_images/scene0657_00/00141.jpg",
      "transform_matrix": [
        [
          -0.277166,
          0.390707,
          -0.877796,
          5.629685
        ],
        [
          0.960814,
          0.116363,
          -0.251586,
          3.469589
        ],
        [
          0.003846,
          -0.913131,
          -0.407649,
          1.594375
        ],
        [
          0.0,
          0.0,
          0.0,
          1.0
        ]
      ]
    },
    {
      "file_path": "/media/NFS/ttao/scannet/posed_images/scene0657_00/00143.jpg",
      "transform_matrix": [
        [
          -0.273442,
          0.393819,
          -0.877574,
          5.609735
        ],
        [
          0.961862,
          0.118702,
          -0.246436,
          3.453921
        ],
        [
          0.007119,
          -0.911491,
          -0.411258,
          1.602599
        ],
        [
          0.0,
          0.0,
          0.0,
          1.0
        ]
      ]
    },
    {
      "file_path": "/media/NFS/ttao/scannet/posed_images/scene0657_00/00149.jpg",
      "transform_matrix": [
        [
          -0.266013,
          0.369636,
          -0.890284,
          5.552184
        ],
        [
          0.963732,
          0.122477,
          -0.237108,
          3.409074
        ],
        [
          0.021396,
          -0.921069,
          -0.38881,
          1.618362
        ],
        [
          0.0,
          0.0,
          0.0,
          1.0
        ]
      ]
    },
    {
      "file_path": "/media/NFS/ttao/scannet/posed_images/scene0657_00/00150.jpg",
      "transform_matrix": [
        [
          -0.270263,
          0.368859,
          -0.889326,
          5.538605
        ],
        [
          0.96263,
          0.120148,
          -0.242708,
          3.412348
        ],
        [
          0.017325,
          -0.921687,
          -0.387547,
          1.621078
        ],
        [
          0.0,
          0.0,
          0.0,
          1.0
        ]
      ]
    },
    {
      "file_path": "/media/NFS/ttao/scannet/posed_images/scene0657_00/00155.jpg",
      "transform_matrix": [
        [
          -0.291865,
          0.365241,
          -0.883976,
          5.471338
        ],
        [
          0.956458,
          0.110227,
          -0.270254,
          3.378512
        ],
        [
          -0.00127,
          -0.924364,
          -0.38151,
          1.640159
        ],
        [
          0.0,
          0.0,
          0.0,
          1.0
        ]
      ]
    },
    {
      "file_path": "/media/NFS/ttao/scannet/posed_images/scene0657_00/00160.jpg",
      "transform_matrix": [
        [
          -0.321849,
          0.346539,
          -0.881093,
          5.397941
        ],
        [
          0.946606,
          0.099381,
          -0.306692,
          3.37313
        ],
        [
          -0.018717,
          -0.932756,
          -0.360021,
          1.661942
        ],
        [
          0.0,
          0.0,
          0.0,
          1.0
        ]
      ]
    },
    {
      "file_path": "/media/NFS/ttao/scannet/posed_images/scene0657_00/00167.jpg",
      "transform_matrix": [
        [
          -0.277362,
          0.341291,
          -0.898104,
          5.313097
        ],
        [
          0.960601,
          0.081207,
          -0.265803,
          3.322749
        ],
        [
          -0.017784,
          -0.936443,
          -0.350368,
          1.67994
        ],
        [
          0.0,
          0.0,
          0.0,
          1.0
        ]
      ]
    },
    {
      "file_path": "/media/NFS/ttao/scannet/posed_images/scene0657_00/00168.jpg",
      "transform_matrix": [
        [
          -0.273456,
          0.338291,
          -0.900433,
          5.303364
        ],
        [
          0.961774,
          0.08197,
          -0.261288,
          3.311992
        ],
        [
          -0.014583,
          -0.937465,
          -0.347775,
          1.684874
        ],
        [
          0.0,
          0.0,
          0.0,
          1.0
        ]
      ]
    },
    {
      "file_path": "/media/NFS/ttao/scannet/posed_images/scene0657_00/00174.jpg",
      "transform_matrix": [
        [
          -0.257742,
          0.30293,
          -0.917498,
          5.251687
        ],
        [
          0.966101,
          0.095309,
          -0.239928,
          3.254888
        ],
        [
          0.014764,
          -0.948235,
          -0.317226,
          1.694904
        ],
        [
          0.0,
          0.0,
          0.0,
          1.0
        ]
      ]
    },
    {
      "file_path": "/media/NFS/ttao/scannet/posed_images/scene0657_00/00176.jpg",
      "transform_matrix": [
        [
          -0.249125,
          0.302928,
          -0.919876,
          5.236064
        ],
        [
          0.968151,
          0.102339,
          -0.228497,
          3.229377
        ],
        [
          0.024922,
          -0.947503,
          -0.318775,
          1.693649
        ],
        [
          0.0,
          0.0,
          0.0,
          1.0
        ]
      ]
    },
    {
      "file_path": "/media/NFS/ttao/scannet/posed_images/scene0657_00/00181.jpg",
      "transform_matrix": [
        [
          -0.2421,
          0.297622,
          -0.923476,
          5.209286
        ],
        [
          0.970033,
          0.094455,
          -0.223864,
          3.161584
        ],
        [
          0.0206,
          -0.95,
          -0.311571,
          1.711698
        ],
        [
          0.0,
          0.0,
          0.0,
          1.0
        ]
      ]
    },
    {
      "file_path": "/media/NFS/ttao/scannet/posed_images/scene0657_00/00184.jpg",
      "transform_matrix": [
        [
          -0.26344,
          0.288436,
          -0.920545,
          5.196615
        ],
        [
          0.964656,
          0.072613,
          -0.253311,
          3.135085
        ],
        [
          -0.006221,
          -0.954742,
          -0.297371,
          1.723222
        ],
        [
          0.0,
          0.0,
          0.0,
          1.0
        ]
      ]
    },
    {
      "file_path": "/media/NFS/ttao/scannet/posed_images/scene0657_00/00192.jpg",
      "transform_matrix": [
        [
          -0.277933,
          0.251186,
          -0.927178,
          5.158786
        ],
        [
          0.959331,
          0.022983,
          -0.281345,
          3.067721
        ],
        [
          -0.049361,
          -0.967666,
          -0.247359,
          1.741061
        ],
        [
          0.0,
          0.0,
          0.0,
          1.0
        ]
      ]
    },
    {
      "file_path": "/media/NFS/ttao/scannet/posed_images/scene0657_00/00195.jpg",
      "transform_matrix": [
        [
          -0.290554,
          0.239702,
          -0.926348,
          5.145829
        ],
        [
          0.9558,
          0.027191,
          -0.292756,
          3.041067
        ],
        [
          -0.044985,
          -0.970466,
          -0.237008,
          1.737435
        ],
        [
          0.0,
          0.0,
          0.0,
          1.0
        ]
      ]
    },
    {
      "file_path": "/media/NFS/ttao/scannet/posed_images/scene0657_00/00198.jpg",
      "transform_matrix": [
        [
          -0.306569,
          0.250132,
          -0.918395,
          5.13152
        ],
        [
          0.951628,
          0.059786,
          -0.301379,
          3.003448
        ],
        [
          -0.020477,
          -0.966364,
          -0.256362,
          1.725419
        ],
        [
          0.0,
          0.0,
          0.0,
          1.0
        ]
      ]
    },
    {
      "file_path": "/media/NFS/ttao/scannet/posed_images/scene0657_00/00205.jpg",
      "transform_matrix": [
        [
          -0.347373,
          0.224609,
          -0.91043,
          5.096538
        ],
        [
          0.937601,
          0.06727,
          -0.341144,
          2.945017
        ],
        [
          -0.01538,
          -0.972124,
          -0.233962,
          1.734047
        ],
        [
          0.0,
          0.0,
          0.0,
          1.0
        ]
      ]
    },
    {
      "file_path": "/media/NFS/ttao/scannet/posed_images/scene0657_00/00206.jpg",
      "transform_matrix": [
        [
          -0.358056,
          0.222118,
          -0.906895,
          5.089645
        ],
        [
          0.933641,
          0.074227,
          -0.350436,
          2.938043
        ],
        [
          -0.010522,
          -0.97219,
          -0.233956,
          1.733416
        ],
        [
          0.0,
          0.0,
          0.0,
          1.0
        ]
      ]
    },
    {
      "file_path": "/media/NFS/ttao/scannet/posed_images/scene0657_00/00210.jpg",
      "transform_matrix": [
        [
          -0.40283,
          0.205278,
          -0.891958,
          5.06844
        ],
        [
          0.914657,
          0.054473,
          -0.400545,
          2.942475
        ],
        [
          -0.033636,
          -0.977187,
          -0.209702,
          1.71755
        ],
        [
          0.0,
          0.0,
          0.0,
          1.0
        ]
      ]
    },
    {
      "file_path": "/media/NFS/ttao/scannet/posed_images/scene0657_00/00217.jpg",
      "transform_matrix": [
        [
          -0.465373,
          0.158538,
          -0.870801,
          5.011065
        ],
        [
          0.884383,
          0.043303,
          -0.464748,
          2.892407
        ],
        [
          -0.035972,
          -0.986403,
          -0.16036,
          1.745208
        ],
        [
          0.0,
          0.0,
          0.0,
          1.0
        ]
      ]
    },
    {
      "file_path": "/media/NFS/ttao/scannet/posed_images/scene0657_00/00220.jpg",
      "transform_matrix": [
        [
          -0.494779,
          0.140524,
          -0.857582,
          5.004356
        ],
        [
          0.868452,
          0.044313,
          -0.49379,
          2.886719
        ],
        [
          -0.031387,
          -0.989085,
          -0.143963,
          1.707612
        ],
        [
          0.0,
          0.0,
          0.0,
          1.0
        ]
      ]
    },
    {
      "file_path": "/media/NFS/ttao/scannet/posed_images/scene0657_00/00225.jpg",
      "transform_matrix": [
        [
          -0.565002,
          0.127484,
          -0.815181,
          4.962635
        ],
        [
          0.823479,
          0.025428,
          -0.566776,
          2.862508
        ],
        [
          -0.051527,
          -0.991515,
          -0.119348,
          1.723113
        ],
        [
          0.0,
          0.0,
          0.0,
          1.0
        ]
      ]
    },
    {
      "file_path": "/media/NFS/ttao/scannet/posed_images/scene0657_00/00227.jpg",
      "transform_matrix": [
        [
          -0.581653,
          0.123656,
          -0.803984,
          4.954826
        ],
        [
          0.811625,
          0.022283,
          -0.583754,
          2.84397
        ],
        [
          -0.054269,
          -0.992075,
          -0.113323,
          1.721132
        ],
        [
          0.0,
          0.0,
          0.0,
          1.0
        ]
      ]
    },
    {
      "file_path": "/media/NFS/ttao/scannet/posed_images/scene0657_00/00234.jpg",
      "transform_matrix": [
        [
          -0.576514,
          0.086227,
          -0.812524,
          4.929427
        ],
        [
          0.81616,
          0.013422,
          -0.57767,
          2.801627
        ],
        [
          -0.038905,
          -0.996185,
          -0.078113,
          1.718259
        ],
        [
          0.0,
          0.0,
          0.0,
          1.0
        ]
      ]
    },
    {
      "file_path": "/media/NFS/ttao/scannet/posed_images/scene0657_00/00237.jpg",
      "transform_matrix": [
        [
          -0.53526,
          0.096676,
          -0.839137,
          4.942739
        ],
        [
          0.843605,
          0.010918,
          -0.536852,
          2.753125
        ],
        [
          -0.042739,
          -0.995256,
          -0.0874,
          1.728913
        ],
        [
          0.0,
          0.0,
          0.0,
          1.0
        ]
      ]
    },
    {
      "file_path": "/media/NFS/ttao/scannet/posed_images/scene0657_00/00239.jpg",
      "transform_matrix": [
        [
          -0.518021,
          0.097938,
          -0.849743,
          4.9473
        ],
        [
          0.853969,
          0.00242,
          -0.520319,
          2.742085
        ],
        [
          -0.048903,
          -0.99519,
          -0.084889,
          1.710913
        ],
        [
          0.0,
          0.0,
          0.0,
          1.0
        ]
      ]
    },
    {
      "file_path": "/media/NFS/ttao/scannet/posed_images/scene0657_00/00246.jpg",
      "transform_matrix": [
        [
          -0.42527,
          0.10901,
          -0.898478,
          4.974737
        ],
        [
          0.90349,
          -0.007432,
          -0.428545,
          2.641879
        ],
        [
          -0.053393,
          -0.994013,
          -0.095328,
          1.688889
        ],
        [
          0.0,
          0.0,
          0.0,
          1.0
        ]
      ]
    },
    {
      "file_path": "/media/NFS/ttao/scannet/posed_images/scene0657_00/00248.jpg",
      "transform_matrix": [
        [
          -0.40823,
          0.115708,
          -0.905516,
          4.975686
        ],
        [
          0.910989,
          -0.01216,
          -0.412251,
          2.615993
        ],
        [
          -0.058712,
          -0.993209,
          -0.100445,
          1.7121
        ],
        [
          0.0,
          0.0,
          0.0,
          1.0
        ]
      ]
    },
    {
      "file_path": "/media/NFS/ttao/scannet/posed_images/scene0657_00/00254.jpg",
      "transform_matrix": [
        [
          -0.395933,
          0.130942,
          -0.908896,
          4.988687
        ],
        [
          0.916361,
          -0.007605,
          -0.40028,
          2.528859
        ],
        [
          -0.059326,
          -0.991361,
          -0.116979,
          1.691812
        ],
        [
          0.0,
          0.0,
          0.0,
          1.0
        ]
      ]
    },
    {
      "file_path": "/media/NFS/ttao/scannet/posed_images/scene0657_00/00259.jpg",
      "transform_matrix": [
        [
          -0.382432,
          0.135591,
          -0.913981,
          4.980095
        ],
        [
          0.922521,
          0.000401,
          -0.385946,
          2.477672
        ],
        [
          -0.051965,
          -0.990765,
          -0.125239,
          1.666343
        ],
        [
          0.0,
          0.0,
          0.0,
          1.0
        ]
      ]
    },
    {
      "file_path": "/media/NFS/ttao/scannet/posed_images/scene0657_00/00260.jpg",
      "transform_matrix": [
        [
          -0.377937,
          0.141815,
          -0.914905,
          4.960875
        ],
        [
          0.924371,
          0.002314,
          -0.381488,
          2.462271
        ],
        [
          -0.051984,
          -0.989891,
          -0.131965,
          1.67539
        ],
        [
          0.0,
          0.0,
          0.0,
          1.0
        ]
      ]
    },
    {
      "file_path": "/media/NFS/ttao/scannet/posed_images/scene0657_00/00268.jpg",
      "transform_matrix": [
        [
          -0.339004,
          0.165542,
          -0.926106,
          4.905673
        ],
        [
          0.938954,
          -0.001857,
          -0.344039,
          2.392875
        ],
        [
          -0.058673,
          -0.986201,
          -0.154807,
          1.630624
        ],
        [
          0.0,
          0.0,
          0.0,
          1.0
        ]
      ]
    },
    {
      "file_path": "/media/NFS/ttao/scannet/posed_images/scene0657_00/00269.jpg",
      "transform_matrix": [
        [
          -0.333338,
          0.163744,
          -0.928479,
          4.904542
        ],
        [
          0.940976,
          -0.003568,
          -0.338454,
          2.383395
        ],
        [
          -0.058732,
          -0.986497,
          -0.15289,
          1.624062
        ],
        [
          0.0,
          0.0,
          0.0,
          1.0
        ]
      ]
    },
    {
      "file_path": "/media/NFS/ttao/scannet/posed_images/scene0657_00/00275.jpg",
      "transform_matrix": [
        [
          -0.300743,
          0.170159,
          -0.938402,
          4.859941
        ],
        [
          0.953053,
          0.017239,
          -0.302313,
          2.319714
        ],
        [
          -0.035264,
          -0.985266,
          -0.167355,
          1.600603
        ],
        [
          0.0,
          0.0,
          0.0,
          1.0
        ]
      ]
    },
    {
      "file_path": "/media/NFS/ttao/scannet/posed_images/scene0657_00/00277.jpg",
      "transform_matrix": [
        [
          -0.297508,
          0.178018,
          -0.937976,
          4.854957
        ],
        [
          0.954234,
          0.024141,
          -0.298083,
          2.298378
        ],
        [
          -0.03042,
          -0.983731,
          -0.177053,
          1.58705
        ],
        [
          0.0,
          0.0,
          0.0,
          1.0
        ]
      ]
    },
    {
      "file_path": "/media/NFS/ttao/scannet/posed_images/scene0657_00/00284.jpg",
      "transform_matrix": [
        [
          -0.25504,
          0.237727,
          -0.937251,
          4.831287
        ],
        [
          0.966896,
          0.054554,
          -0.249269,
          2.233235
        ],
        [
          -0.008127,
          -0.969799,
          -0.243771,
          1.524047
        ],
        [
          0.0,
          0.0,
          0.0,
          1.0
        ]
      ]
    },
    {
      "file_path": "/media/NFS/ttao/scannet/posed_images/scene0657_00/00285.jpg",
      "transform_matrix": [
        [
          -0.244733,
          0.250239,
          -0.936742,
          4.825875
        ],
        [
          0.969568,
          0.056612,
          -0.238186,
          2.219999
        ],
        [
          -0.006572,
          -0.966528,
          -0.256479,
          1.521652
        ],
        [
          0.0,
          0.0,
          0.0,
          1.0
        ]
      ]
    },
    {
      "file_path": "/media/NFS/ttao/scannet/posed_images/scene0657_00/00292.jpg",
      "transform_matrix": [
        [
          -0.12073,
          0.28789,
          -0.950023,
          4.821622
        ],
        [
          0.99229,
          0.062005,
          -0.107312,
          2.118956
        ],
        [
          0.028012,
          -0.955654,
          -0.293157,
          1.47042
        ],
        [
          0.0,
          0.0,
          0.0,
          1.0
        ]
      ]
    },
    {
      "file_path": "/media/NFS/ttao/scannet/posed_images/scene0657_00/00296.jpg",
      "transform_matrix": [
        [
          -0.088801,
          0.30745,
          -0.947411,
          4.831986
        ],
        [
          0.995754,
          0.050562,
          -0.076924,
          2.062484
        ],
        [
          0.024253,
          -0.95022,
          -0.310635,
          1.450105
        ],
        [
          0.0,
          0.0,
          0.0,
          1.0
        ]
      ]
    },
    {
      "file_path": "/media/NFS/ttao/scannet/posed_images/scene0657_00/00299.jpg",
      "transform_matrix": [
        [
          -0.082598,
          0.325624,
          -0.941884,
          4.838781
        ],
        [
          0.996581,
          0.025286,
          -0.078652,
          2.028886
        ],
        [
          -0.001794,
          -0.945161,
          -0.326599,
          1.435002
        ],
        [
          0.0,
          0.0,
          0.0,
          1.0
        ]
      ]
    },
    {
      "file_path": "/media/NFS/ttao/scannet/posed_images/scene0657_00/00306.jpg",
      "transform_matrix": [
        [
          -0.053466,
          0.383796,
          -0.921869,
          4.828453
        ],
        [
          0.998505,
          0.010098,
          -0.053707,
          1.966473
        ],
        [
          -0.011303,
          -0.923363,
          -0.383762,
          1.419339
        ],
        [
          0.0,
          0.0,
          0.0,
          1.0
        ]
      ]
    },
    {
      "file_path": "/media/NFS/ttao/scannet/posed_images/scene0657_00/00307.jpg",
      "transform_matrix": [
        [
          -0.051393,
          0.384373,
          -0.921746,
          4.827923
        ],
        [
          0.998593,
          0.00774,
          -0.05245,
          1.963339
        ],
        [
          -0.013026,
          -0.923145,
          -0.384231,
          1.413449
        ],
        [
          0.0,
          0.0,
          0.0,
          1.0
        ]
      ]
    },
    {
      "file_path": "/media/NFS/ttao/scannet/posed_images/scene0657_00/00313.jpg",
      "transform_matrix": [
        [
          -0.015943,
          0.432437,
          -0.901523,
          4.796165
        ],
        [
          0.999799,
          0.017859,
          -0.009114,
          1.92609
        ],
        [
          0.012159,
          -0.901488,
          -0.432635,
          1.383399
        ],
        [
          0.0,
          0.0,
          0.0,
          1.0
        ]
      ]
    },
    {
      "file_path": "/media/NFS/ttao/scannet/posed_images/scene0657_00/00316.jpg",
      "transform_matrix": [
        [
          0.004705,
          0.458207,
          -0.888833,
          4.771328
        ],
        [
          0.999868,
          0.011638,
          0.011293,
          1.906576
        ],
        [
          0.015519,
          -0.888769,
          -0.458092,
          1.369736
        ],
        [
          0.0,
          0.0,
          0.0,
          1.0
        ]
      ]
    },
    {
      "file_path": "/media/NFS/ttao/scannet/posed_images/scene0657_00/00320.jpg",
      "transform_matrix": [
        [
          0.03028,
          0.490599,
          -0.870859,
          4.724542
        ],
        [
          0.999528,
          -0.019408,
          0.02382,
          1.888871
        ],
        [
          -0.005216,
          -0.87117,
          -0.490955,
          1.365327
        ],
        [
          0.0,
          0.0,
          0.0,
          1.0
        ]
      ]
    },
    {
      "file_path": "/media/NFS/ttao/scannet/posed_images/scene0657_00/00326.jpg",
      "transform_matrix": [
        [
          0.052534,
          0.460302,
          -0.886207,
          4.658728
        ],
        [
          0.998001,
          -0.055431,
          0.03037,
          1.87207
        ],
        [
          -0.035144,
