{
  "frames": [
    {
      "file_path": "/media/NFS/ttao/scannet/posed_images/scene0209_01/00000.jpg",
      "transform_matrix": [
        [
          0.987599,
          0.033043,
          -0.153485,
          3.516516
        ],
        [
          0.152723,
          -0.428855,
          0.89037,
          3.556701
        ],
        [
          -0.036403,
          -0.902769,
          -0.428583,
          1.287651
        ],
        [
          0.0,
          0.0,
          0.0,
          1.0
        ]
      ]
    },
    {
      "file_path": "/media/NFS/ttao/scannet/posed_images/scene0209_01/00006.jpg",
      "transform_matrix": [
        [
          0.98606,
          0.047303,
          -0.159528,
          3.524287
        ],
        [
          0.164239,
          -0.430486,
          0.887529,
          3.563561
        ],
        [
          -0.026692,
          -0.901357,
          -0.432254,
          1.285428
        ],
        [
          0.0,
          0.0,
          0.0,
          1.0
        ]
      ]
    },
    {
      "file_path": "/media/NFS/ttao/scannet/posed_images/scene0209_01/00012.jpg",
      "transform_matrix": [
        [
          0.983092,
          0.050537,
          -0.176002,
          3.542558
        ],
        [
          0.180795,
          -0.420378,
          0.889154,
          3.566881
        ],
        [
          -0.029052,
          -0.90594,
          -0.422407,
          1.269263
        ],
        [
          0.0,
          0.0,
          0.0,
          1.0
        ]
      ]
    },
    {
      "file_path": "/media/NFS/ttao/scannet/posed_images/scene0209_01/00023.jpg",
      "transform_matrix": [
        [
          0.974512,
          0.060785,
          -0.215945,
          3.559484
        ],
        [
          0.216891,
          -0.501217,
          0.837699,
          3.565709
        ],
        [
          -0.057316,
          -0.863184,
          -0.501626,
          1.224888
        ],
        [
          0.0,
          0.0,
          0.0,
          1.0
        ]
      ]
    },
    {
      "file_path": "/media/NFS/ttao/scannet/posed_images/scene0209_01/00029.jpg",
      "transform_matrix": [
        [
          0.968297,
          0.093626,
          -0.231594,
          3.554143
        ],
        [
          0.245988,
          -0.518792,
          0.818746,
          3.561273
        ],
        [
          -0.043494,
          -0.849758,
          -0.525375,
          1.222439
        ],
        [
          0.0,
          0.0,
          0.0,
          1.0
        ]
      ]
    },
    {
      "file_path": "/media/NFS/ttao/scannet/posed_images/scene0209_01/00031.jpg",
      "transform_matrix": [
        [
          0.965698,
          0.109036,
          -0.235668,
          3.547245
        ],
        [
          0.257569,
          -0.517421,
          0.816048,
          3.5615
        ],
        [
          -0.032961,
          -0.848756,
          -0.527756,
          1.239298
        ],
        [
          0.0,
          0.0,
          0.0,
          1.0
        ]
      ]
    },
    {
      "file_path": "/media/NFS/ttao/scannet/posed_images/scene0209_01/00043.jpg",
      "transform_matrix": [
        [
          0.953636,
          0.121155,
          -0.275499,
          3.557009
        ],
        [
          0.300741,
          -0.348555,
          0.88773,
          3.532179
        ],
        [
          0.011526,
          -0.929425,
          -0.368831,
          1.311073
        ],
        [
          0.0,
          0.0,
          0.0,
          1.0
        ]
      ]
    },
    {
      "file_path": "/media/NFS/ttao/scannet/posed_images/scene0209_01/00045.jpg",
      "transform_matrix": [
        [
          0.956285,
          0.121154,
          -0.266161,
          3.551827
        ],
        [
          0.291892,
          -0.339885,
          0.894023,
          3.529872
        ],
        [
          0.01785,
          -0.932631,
          -0.360391,
          1.319986
        ],
        [
          0.0,
          0.0,
          0.0,
          1.0
        ]
      ]
    },
    {
      "file_path": "/media/NFS/ttao/scannet/posed_images/scene0209_01/00050.jpg",
      "transform_matrix": [
        [
          0.954366,
          0.094682,
          -0.283232,
          3.556148
        ],
        [
          0.298639,
          -0.302388,
          0.905194,
          3.506352
        ],
        [
          6e-05,
          -0.948471,
          -0.316865,
          1.31719
        ],
        [
          0.0,
          0.0,
          0.0,
          1.0
        ]
      ]
    },
    {
      "file_path": "/media/NFS/ttao/scannet/posed_images/scene0209_01/00062.jpg",
      "transform_matrix": [
        [
          0.902394,
          0.128029,
          -0.411453,
          3.558842
        ],
        [
          0.430858,
          -0.283149,
          0.856848,
          3.426469
        ],
        [
          -0.006801,
          -0.950492,
          -0.310675,
          1.320033
        ],
        [
          0.0,
          0.0,
          0.0,
          1.0
        ]
      ]
    },
    {
      "file_path": "/media/NFS/ttao/scannet/posed_images/scene0209_01/00068.jpg",
      "transform_matrix": [
        [
          0.871266,
          0.173431,
          -0.459149,
          3.563207
        ],
        [
          0.490666,
          -0.285035,
          0.823408,
          3.367489
        ],
        [
          0.011931,
          -0.942697,
          -0.333438,
          1.319435
        ],
        [
          0.0,
          0.0,
          0.0,
          1.0
        ]
      ]
    },
    {
      "file_path": "/media/NFS/ttao/scannet/posed_images/scene0209_01/00072.jpg",
      "transform_matrix": [
        [
          0.853547,
          0.201044,
          -0.480665,
          3.565435
        ],
        [
          0.520664,
          -0.295236,
          0.80109,
          3.325404
        ],
        [
          0.019144,
          -0.934033,
          -0.356674,
          1.327824
        ],
        [
          0.0,
          0.0,
          0.0,
          1.0
        ]
      ]
    },
    {
      "file_path": "/media/NFS/ttao/scannet/posed_images/scene0209_01/00081.jpg",
      "transform_matrix": [
        [
          0.814618,
          0.275522,
          -0.510378,
          3.591461
        ],
        [
          0.57776,
          -0.308248,
          0.755762,
          3.253979
        ],
        [
          0.050906,
          -0.910533,
          -0.41029,
          1.300501
        ],
        [
          0.0,
          0.0,
          0.0,
          1.0
        ]
      ]
    },
    {
      "file_path": "/media/NFS/ttao/scannet/posed_images/scene0209_01/00085.jpg",
      "transform_matrix": [
        [
          0.797475,
          0.283234,
          -0.532741,
          3.608423
        ],
        [
          0.60185,
          -0.311143,
          0.735505,
          3.239387
        ],
        [
          0.042561,
          -0.907176,
          -0.418593,
          1.297034
        ],
        [
          0.0,
          0.0,
          0.0,
          1.0
        ]
      ]
    },
    {
      "file_path": "/media/NFS/ttao/scannet/posed_images/scene0209_01/00089.jpg",
      "transform_matrix": [
        [
          0.775417,
          0.295626,
          -0.557973,
          3.624265
        ],
        [
          0.630317,
          -0.309474,
          0.711987,
          3.228857
        ],
        [
          0.037804,
          -0.903787,
          -0.42631,
          1.29556
        ],
        [
          0.0,
          0.0,
          0.0,
          1.0
        ]
      ]
    },
    {
      "file_path": "/media/NFS/ttao/scannet/posed_images/scene0209_01/00101.jpg",
      "transform_matrix": [
        [
          0.721448,
          0.225385,
          -0.654763,
          3.692507
        ],
        [
          0.69246,
          -0.239622,
          0.6805,
          3.21386
        ],
        [
          -0.003521,
          -0.944343,
          -0.328945,
          1.345535
        ],
        [
          0.0,
          0.0,
          0.0,
          1.0
        ]
      ]
    },
    {
      "file_path": "/media/NFS/ttao/scannet/posed_images/scene0209_01/00105.jpg",
      "transform_matrix": [
        [
          0.703837,
          0.212588,
          -0.677805,
          3.72143
        ],
        [
          0.71016,
          -0.233297,
          0.664263,
          3.218394
        ],
        [
          -0.016915,
          -0.948883,
          -0.315175,
          1.356148
        ],
        [
          0.0,
          0.0,
          0.0,
          1.0
        ]
      ]
    },
    {
      "file_path": "/media/NFS/ttao/scannet/posed_images/scene0209_01/00109.jpg",
      "transform_matrix": [
        [
          0.690751,
          0.194601,
          -0.696415,
          3.747676
        ],
        [
          0.722507,
          -0.2245,
          0.653898,
          3.224924
        ],
        [
          -0.029096,
          -0.954846,
          -0.295674,
          1.372594
        ],
        [
          0.0,
          0.0,
          0.0,
          1.0
        ]
      ]
    },
    {
      "file_path": "/media/NFS/ttao/scannet/posed_images/scene0209_01/00116.jpg",
      "transform_matrix": [
        [
          0.661121,
          0.148098,
          -0.735517,
          3.778944
        ],
        [
          0.748673,
          -0.194331,
          0.633817,
          3.212925
        ],
        [
          -0.049067,
          -0.969692,
          -0.239353,
          1.380498
        ],
        [
          0.0,
          0.0,
          0.0,
          1.0
        ]
      ]
    },
    {
      "file_path": "/media/NFS/ttao/scannet/posed_images/scene0209_01/00126.jpg",
      "transform_matrix": [
        [
          0.601093,
          0.148577,
          -0.785247,
          3.764349
        ],
        [
          0.79862,
          -0.148436,
          0.583244,
          3.161068
        ],
        [
          -0.029902,
          -0.977697,
          -0.20788,
          1.351884
        ],
        [
          0.0,
          0.0,
          0.0,
          1.0
        ]
      ]
    },
    {
      "file_path": "/media/NFS/ttao/scannet/posed_images/scene0209_01/00132.jpg",
      "transform_matrix": [
        [
          0.598023,
          0.18415,
          -0.780037,
          3.71535
        ],
        [
          0.801337,
          -0.119038,
          0.58625,
          3.09799
        ],
        [
          0.015104,
          -0.975663,
          -0.218753,
          1.339263
        ],
        [
          0.0,
          0.0,
          0.0,
          1.0
        ]
      ]
    },
    {
      "file_path": "/media/NFS/ttao/scannet/posed_images/scene0209_01/00134.jpg",
      "transform_matrix": [
        [
          0.599894,
          0.192827,
          -0.776496,
          3.698344
        ],
        [
          0.799501,
          -0.107561,
          0.590956,
          3.074822
        ],
        [
          0.030431,
          -0.97532,
          -0.218691,
          1.333991
        ],
        [
          0.0,
          0.0,
          0.0,
          1.0
        ]
      ]
    },
    {
      "file_path": "/media/NFS/ttao/scannet/posed_images/scene0209_01/00142.jpg",
      "transform_matrix": [
        [
          0.629882,
          0.243437,
          -0.737555,
          3.618997
        ],
        [
          0.773543,
          -0.111213,
          0.623909,
          2.995617
        ],
        [
          0.069857,
          -0.96352,
          -0.25836,
          1.327881
        ],
        [
          0.0,
          0.0,
          0.0,
          1.0
        ]
      ]
    },
    {
      "file_path": "/media/NFS/ttao/scannet/posed_images/scene0209_01/00151.jpg",
      "transform_matrix": [
        [
          0.6187,
          0.272001,
          -0.737038,
          3.55441
        ],
        [
          0.783551,
          -0.14548,
          0.604056,
          2.911219
        ],
        [
          0.05708,
          -0.951237,
          -0.303135,
          1.303929
        ],
        [
          0.0,
          0.0,
          0.0,
          1.0
        ]
      ]
    },
    {
      "file_path": "/media/NFS/ttao/scannet/posed_images/scene0209_01/00159.jpg",
      "transform_matrix": [
        [
          0.594319,
          0.297711,
          -0.747097,
          3.531449
        ],
        [
          0.802077,
          -0.151504,
          0.577684,
          2.869889
        ],
        [
          0.058795,
          -0.942558,
          -0.328829,
          1.285408
        ],
        [
          0.0,
          0.0,
          0.0,
          1.0
        ]
      ]
    },
    {
      "file_path": "/media/NFS/ttao/scannet/posed_images/scene0209_01/00163.jpg",
      "transform_matrix": [
        [
          0.578211,
          0.31312,
          -0.753411,
          3.513851
        ],
        [
          0.813594,
          -0.152104,
          0.561185,
          2.842386
        ],
        [
          0.061121,
          -0.937454,
          -0.342701,
          1.278277
        ],
        [
          0.0,
          0.0,
          0.0,
          1.0
        ]
      ]
    },
    {
      "file_path": "/media/NFS/ttao/scannet/posed_images/scene0209_01/00171.jpg",
      "transform_matrix": [
        [
          0.528064,
          0.328603,
          -0.783051,
          3.495351
        ],
        [
          0.84661,
          -0.131686,
          0.515665,
          2.785222
        ],
        [
          0.066333,
          -0.935243,
          -0.347737,
          1.261764
        ],
        [
          0.0,
          0.0,
          0.0,
          1.0
        ]
      ]
    },
    {
      "file_path": "/media/NFS/ttao/scannet/posed_images/scene0209_01/00175.jpg",
      "transform_matrix": [
        [
          0.489961,
          0.323508,
          -0.809494,
          3.50537
        ],
        [
          0.869355,
          -0.112617,
          0.481186,
          2.789735
        ],
        [
          0.064505,
          -0.9395,
          -0.336421,
          1.27232
        ],
        [
          0.0,
          0.0,
          0.0,
          1.0
        ]
      ]
    },
    {
      "file_path": "/media/NFS/ttao/scannet/posed_images/scene0209_01/00182.jpg",
      "transform_matrix": [
        [
          0.466048,
          0.27891,
          -0.839648,
          3.502307
        ],
        [
          0.88408,
          -0.10962,
          0.454298,
          2.787048
        ],
        [
          0.034667,
          -0.95404,
          -0.297667,
          1.299005
        ],
        [
          0.0,
          0.0,
          0.0,
          1.0
        ]
      ]
    },
    {
      "file_path": "/media/NFS/ttao/scannet/posed_images/scene0209_01/00190.jpg",
      "transform_matrix": [
        [
          0.433713,
          0.216545,
          -0.874643,
          3.496804
        ],
        [
          0.901027,
          -0.097113,
          0.422752,
          2.8321
        ],
        [
          0.006606,
          -0.97143,
          -0.237233,
          1.327022
        ],
        [
          0.0,
          0.0,
          0.0,
          1.0
        ]
      ]
    },
    {
      "file_path": "/media/NFS/ttao/scannet/posed_images/scene0209_01/00198.jpg",
      "transform_matrix": [
        [
          0.373126,
          0.144686,
          -0.916429,
          3.49441
        ],
        [
          0.92778,
          -0.058834,
          0.368459,
          2.910487
        ],
        [
          -0.000607,
          -0.987727,
          -0.15619,
          1.353287
        ],
        [
          0.0,
          0.0,
          0.0,
          1.0
        ]
      ]
    },
    {
      "file_path": "/media/NFS/ttao/scannet/posed_images/scene0209_01/00204.jpg",
      "transform_matrix": [
        [
          0.310601,
          0.118733,
          -0.943096,
          3.485708
        ],
        [
          0.950531,
          -0.034521,
          0.308704,
          2.941734
        ],
        [
          0.004097,
          -0.992326,
          -0.123582,
          1.357301
        ],
        [
          0.0,
          0.0,
          0.0,
          1.0
        ]
      ]
    },
    {
      "file_path": "/media/NFS/ttao/scannet/posed_images/scene0209_01/00208.jpg",
      "transform_matrix": [
        [
          0.285112,
          0.108689,
          -0.952312,
          3.480868
        ],
        [
          0.958428,
          -0.020698,
          0.284581,
          2.962537
        ],
        [
          0.01122,
          -0.99386,
          -0.110072,
          1.363129
        ],
        [
          0.0,
          0.0,
          0.0,
          1.0
        ]
      ]
    },
    {
      "file_path": "/media/NFS/ttao/scannet/posed_images/scene0209_01/00211.jpg",
      "transform_matrix": [
        [
          0.270848,
          0.106165,
          -0.95675,
          3.470225
        ],
        [
          0.962608,
          -0.024469,
          0.269792,
          2.972512
        ],
        [
          0.005231,
          -0.994047,
          -0.108823,
          1.381004
        ],
        [
          0.0,
          0.0,
          0.0,
          1.0
        ]
      ]
    },
    {
      "file_path": "/media/NFS/ttao/scannet/posed_images/scene0209_01/00223.jpg",
      "transform_matrix": [
        [
          0.276985,
          0.041177,
          -0.959992,
          3.425513
        ],
        [
          0.960824,
          -0.001643,
          0.277155,
          2.935391
        ],
        [
          0.009835,
          -0.999151,
          -0.040019,
          1.429738
        ],
        [
          0.0,
          0.0,
          0.0,
          1.0
        ]
      ]
    },
    {
      "file_path": "/media/NFS/ttao/scannet/posed_images/scene0209_01/00225.jpg",
      "transform_matrix": [
        [
          0.270851,
          0.042349,
          -0.961689,
          3.415044
        ],
        [
          0.962591,
          -0.003994,
          0.270929,
          2.922668
        ],
        [
          0.007633,
          -0.999095,
          -0.041846,
          1.425402
        ],
        [
          0.0,
          0.0,
          0.0,
          1.0
        ]
      ]
    },
    {
      "file_path": "/media/NFS/ttao/scannet/posed_images/scene0209_01/00233.jpg",
      "transform_matrix": [
        [
          0.236427,
          0.127026,
          -0.96331,
          3.343333
        ],
        [
          0.971646,
          -0.03325,
          0.234088,
          2.856665
        ],
        [
          -0.002294,
          -0.991342,
          -0.131286,
          1.388502
        ],
        [
          0.0,
          0.0,
          0.0,
          1.0
        ]
      ]
    },
    {
      "file_path": "/media/NFS/ttao/scannet/posed_images/scene0209_01/00242.jpg",
      "transform_matrix": [
        [
          0.200846,
          0.230669,
          -0.952078,
          3.286572
        ],
        [
          0.97962,
          -0.049441,
          0.194677,
          2.81623
        ],
        [
          -0.002166,
          -0.971775,
          -0.235898,
          1.348551
        ],
        [
          0.0,
          0.0,
          0.0,
          1.0
        ]
      ]
    },
    {
      "file_path": "/media/NFS/ttao/scannet/posed_images/scene0209_01/00244.jpg",
      "transform_matrix": [
        [
          0.197355,
          0.244845,
          -0.949264,
          3.280377
        ],
        [
          0.980323,
          -0.05341,
          0.190036,
          2.816244
        ],
        [
          -0.004171,
          -0.96809,
          -0.250568,
          1.347138
        ],
        [
          0.0,
          0.0,
          0.0,
          1.0
        ]
      ]
    },
    {
      "file_path": "/media/NFS/ttao/scannet/posed_images/scene0209_01/00256.jpg",
      "transform_matrix": [
        [
          0.183876,
          0.315111,
          -0.931072,
          3.262095
        ],
        [
          0.982948,
          -0.057092,
          0.174799,
          2.780097
        ],
        [
          0.001925,
          -0.947336,
          -0.320236,
          1.308185
        ],
        [
          0.0,
          0.0,
          0.0,
          1.0
        ]
      ]
    },
    {
      "file_path": "/media/NFS/ttao/scannet/posed_images/scene0209_01/00258.jpg",
      "transform_matrix": [
        [
          0.178548,
          0.321159,
          -0.930042,
          3.270535
        ],
        [
          0.983931,
          -0.058783,
          0.168595,
          2.778583
        ],
        [
          -0.000525,
          -0.945199,
          -0.326494,
          1.307243
        ],
        [
          0.0,
          0.0,
          0.0,
          1.0
        ]
      ]
    },
    {
      "file_path": "/media/NFS/ttao/scannet/posed_images/scene0209_01/00266.jpg",
      "transform_matrix": [
        [
          0.11835,
          0.33425,
          -0.935024,
          3.341101
        ],
        [
          0.992232,
          -0.076147,
          0.098371,
          2.786666
        ],
        [
          -0.038319,
          -0.939403,
          -0.340666,
          1.310812
        ],
        [
          0.0,
          0.0,
          0.0,
          1.0
        ]
      ]
    },
    {
      "file_path": "/media/NFS/ttao/scannet/posed_images/scene0209_01/00275.jpg",
      "transform_matrix": [
        [
          0.132483,
          0.329429,
          -0.934839,
          3.384025
        ],
        [
          0.988935,
          -0.107445,
          0.102287,
          2.73267
        ],
        [
          -0.066747,
          -0.938047,
          -0.340019,
          1.315239
        ],
        [
          0.0,
          0.0,
          0.0,
          1.0
        ]
      ]
    },
    {
      "file_path": "/media/NFS/ttao/scannet/posed_images/scene0209_01/00277.jpg",
      "transform_matrix": [
        [
          0.134227,
          0.324022,
          -0.936479,
          3.38244
        ],
        [
          0.989062,
          -0.102123,
          0.106429,
          2.709789
        ],
        [
          -0.061151,
          -0.940522,
          -0.334185,
          1.316459
        ],
        [
          0.0,
          0.0,
          0.0,
          1.0
        ]
      ]
    },
    {
      "file_path": "/media/NFS/ttao/scannet/posed_images/scene0209_01/00283.jpg",
      "transform_matrix": [
        [
          0.153002,
          0.302632,
          -0.940747,
          3.355464
        ],
        [
          0.985833,
          -0.112947,
          0.124001,
          2.5963
        ],
        [
          -0.068727,
          -0.946392,
          -0.315626,
          1.316812
        ],
        [
          0.0,
          0.0,
          0.0,
          1.0
        ]
      ]
    },
    {
      "file_path": "/media/NFS/ttao/scannet/posed_images/scene0209_01/00295.jpg",
      "transform_matrix": [
        [
          0.251098,
          0.339785,
          -0.906364,
          3.242525
        ],
        [
          0.965452,
          -0.155302,
          0.209246,
          2.372382
        ],
        [
          -0.069662,
          -0.927592,
          -0.367042,
          1.298971
        ],
        [
          0.0,
          0.0,
          0.0,
          1.0
        ]
      ]
    },
    {
      "file_path": "/media/NFS/ttao/scannet/posed_images/scene0209_01/00301.jpg",
      "transform_matrix": [
        [
          0.303321,
          0.32203,
          -0.896824,
          3.206089
        ],
        [
          0.95156,
          -0.152041,
          0.26724,
          2.32818
        ],
        [
          -0.050295,
          -0.934441,
          -0.352548,
          1.282549
        ],
        [
          0.0,
          0.0,
          0.0,
          1.0
        ]
      ]
    },
    {
      "file_path": "/media/NFS/ttao/scannet/posed_images/scene0209_01/00303.jpg",
      "transform_matrix": [
        [
          0.307804,
          0.321739,
          -0.8954,
          3.201389
        ],
        [
          0.950432,
          -0.147485,
          0.273727,
          2.322126
        ],
        [
          -0.043989,
          -0.935271,
          -0.351188,
          1.279136
        ],
        [
          0.0,
          0.0,
          0.0,
          1.0
        ]
      ]
    },
    {
      "file_path": "/media/NFS/ttao/scannet/posed_images/scene0209_01/00308.jpg",
      "transform_matrix": [
        [
          0.323574,
          0.324903,
          -0.888672,
          3.192962
        ],
        [
          0.945855,
          -0.136543,
          0.294474,
          2.303019
        ],
        [
          -0.025667,
          -0.935839,
          -0.351493,
          1.273421
        ],
        [
          0.0,
          0.0,
          0.0,
          1.0
        ]
      ]
    },
    {
      "file_path": "/media/NFS/ttao/scannet/posed_images/scene0209_01/00318.jpg",
      "transform_matrix": [
        [
          0.26526,
          0.3329,
          -0.904884,
          3.206231
        ],
        [
          0.964164,
          -0.096496,
          0.247137,
          2.292508
        ],
        [
          -0.005046,
          -0.938012,
          -0.346567,
          1.274853
        ],
        [
          0.0,
          0.0,
          0.0,
          1.0
        ]
      ]
    },
    {
      "file_path": "/media/NFS/ttao/scannet/posed_images/scene0209_01/00326.jpg",
      "transform_matrix": [
        [
          0.194356,
          0.319234,
          -0.927532,
          3.22767
        ],
        [
          0.980328,
          -0.096371,
          0.17225,
          2.346222
        ],
        [
          -0.034399,
          -0.942763,
          -0.331685,
          1.295121
        ],
        [
          0.0,
          0.0,
          0.0,
          1.0
        ]
      ]
    },
    {
      "file_path": "/media/NFS/ttao/scannet/posed_images/scene0209_01/00328.jpg",
      "transform_matrix": [
        [
          0.168906,
          0.318197,
          -0.932857,
          3.233267
        ],
        [
          0.984727,
          -0.09503,
          0.145883,
          2.363853
        ],
        [
          -0.04223,
          -0.94325,
          -0.329388,
          1.299827
        ],
        [
          0.0,
          0.0,
          0.0,
          1.0
        ]
      ]
    },
    {
      "file_path": "/media/NFS/ttao/scannet/posed_images/scene0209_01/00336.jpg",
      "transform_matrix": [
        [
          0.04014,
          0.325808,
          -0.944584,
          3.273915
        ],
        [
          0.998115,
          -0.056993,
          0.022757,
          2.481243
        ],
        [
          -0.04642,
          -0.943717,
          -0.327481,
          1.301289
        ],
        [
          0.0,
          0.0,
          0.0,
          1.0
        ]
      ]
    },
    {
      "file_path": "/media/NFS/ttao/scannet/posed_images/scene0209_01/00341.jpg",
      "transform_matrix": [
        [
          -0.03393,
          0.338007,
          -0.940532,
          3.297112
        ],
        [
          0.999088,
          -0.012948,
          -0.040696,
          2.564227
        ],
        [
          -0.025933,
          -0.941055,
          -0.337259,
          1.296023
        ],
        [
          0.0,
          0.0,
          0.0,
          1.0
        ]
      ]
    },
    {
      "file_path": "/media/NFS/ttao/scannet/posed_images/scene0209_01/00347.jpg",
      "transform_matrix": [
        [
          -0.121387,
          0.358807,
          -0.925485,
          3.311195
        ],
        [
          0.99175,
          0.005154,
          -0.12808,
          2.657939
        ],
        [
          -0.041186,
          -0.933398,
          -0.356472,
          1.29704
        ],
        [
          0.0,
          0.0,
          0.0,
          1.0
        ]
      ]
    },
    {
      "file_path": "/media/NFS/ttao/scannet/posed_images/scene0209_01/00359.jpg",
      "transform_matrix": [
        [
          -0.268921,
          0.344626,
          -0.899397,
          3.250387
        ],
        [
          0.962837,
          0.071917,
          -0.260333,
          2.780901
        ],
        [
          -0.025035,
          -0.935981,
          -0.351158,
          1.297072
        ],
        [
          0.0,
          0.0,
          0.0,
          1.0
        ]
      ]
    },
    {
      "file_path": "/media/NFS/ttao/scannet/posed_images/scene0209_01/00363.jpg",
      "transform_matrix": [
        [
          -0.312485,
          0.324582,
          -0.892748,
          3.20594
        ],
        [
          0.949478,
          0.13549,
          -0.283081,
          2.811405
        ],
        [
          0.029076,
          -0.936103,
          -0.350522,
          1.286586
        ],
        [
          0.0,
          0.0,
          0.0,
          1.0
        ]
      ]
    },
    {
      "file_path": "/media/NFS/ttao/scannet/posed_images/scene0209_01/00367.jpg",
      "transform_matrix": [
        [
          -0.347906,
          0.332817,
          -0.876467,
          3.158389
        ],
        [
          0.936127,
          0.174428,
          -0.305353,
          2.853118
        ],
        [
          0.051254,
          -0.926719,
          -0.372244,
          1.289674
        ],
        [
          0.0,
          0.0,
          0.0,
          1.0
        ]
      ]
    },
    {
      "file_path": "/media/NFS/ttao/scannet/posed_images/scene0209_01/00378.jpg",
      "transform_matrix": [
        [
          -0.441001,
          0.29474,
          -0.84773,
          3.07529
        ],
        [
          0.896612,
          0.186843,
          -0.401468,
          2.979114
        ],
        [
          0.040064,
          -0.937133,
          -0.346666,
          1.312181
        ],
        [
          0.0,
          0.0,
          0.0,
          1.0
        ]
      ]
    },
    {
      "file_path": "/media/NFS/ttao/scannet/posed_images/scene0209_01/00380.jpg",
      "transform_matrix": [
        [
          -0.470714,
          0.283737,
          -0.835417,
          3.063398
        ],
        [
          0.880906,
          0.204073,
          -0.427034,
          3.016812
        ],
        [
          0.049321,
          -0.936935,
          -0.346006,
          1.313124
        ],
        [
          0.0,
          0.0,
          0.0,
          1.0
        ]
      ]
    },
    {
      "file_path": "/media/NFS/ttao/scannet/posed_images/scene0209_01/00390.jpg",
      "transform_matrix": [
        [
          -0.580206,
          0.261042,
          -0.771504,
          2.996148
        ],
        [
          0.809292,
          0.291413,
          -0.510024,
          3.175621
        ],
        [
          0.091688,
          -0.920291,
          -0.380338,
          1.317328
        ],
        [
          0.0,
          0.0,
          0.0,
          1.0
        ]
      ]
    },
    {
      "file_path": "/media/NFS/ttao/scannet/posed_images/scene0209_01/00394.jpg",
      "transform_matrix": [
        [
          -0.626334,
          0.256516,
          -0.736143,
          2.970655
        ],
        [
          0.775306,
          0.303433,
          -0.553921,
          3.216331
        ],
        [
          0.08128,
          -0.917675,
          -0.388929,
          1.316809
        ],
        [
          0.0,
          0.0,
          0.0,
          1.0
        ]
      ]
    },
    {
      "file_path": "/media/NFS/ttao/scannet/posed_images/scene0209_01/00400.jpg",
      "transform_matrix": [
        [
          -0.687712,
          0.239564,
          -0.685318,
          2.92949
        ],
        [
          0.722618,
          0.31668,
          -0.614441,
          3.246034
        ],
        [
          0.069828,
          -0.917782,
          -0.390898,
          1.317612
        ],
        [
          0.0,
          0.0,
          0.0,
          1.0
        ]
      ]
    },
    {
      "file_path": "/media/NFS/ttao/scannet/posed_images/scene0209_01/00411.jpg",
      "transform_matrix": [
        [
          -0.763066,
          0.104872,
          -0.637756,
          2.838031
        ],
        [
          0.618186,
          0.406392,
          -0.672824,
          3.27099
        ],
        [
          0.188619,
          -0.90766,
          -0.374934,
          1.304271
        ],
        [
          0.0,
          0.0,
          0.0,
          1.0
        ]
      ]
    },
    {
      "file_path": "/media/NFS/ttao/scannet/posed_images/scene0209_01/00413.jpg",
      "transform_matrix": [
        [
          -0.776891,
          0.108125,
          -0.620281,
          2.816178
        ],
        [
          0.60233,
          0.414593,
          -0.682138,
          3.27389
        ],
        [
          0.183408,
          -0.903561,
          -0.38722,
          1.305691
        ],
        [
          0.0,
          0.0,
          0.0,
          1.0
        ]
      ]
    },
    {
      "file_path": "/media/NFS/ttao/scannet/posed_images/scene0209_01/00421.jpg",
      "transform_matrix": [
        [
          -0.835073,
          0.075774,
          -0.544896,
          2.72937
        ],
        [
          0.524678,
          0.407531,
          -0.747416,
          3.31314
        ],
        [
          0.165428,
          -0.910042,
          -0.380075,
          1.321203
        ],
        [
          0.0,
          0.0,
          0.0,
          1.0
        ]
      ]
    },
    {
      "file_path": "/media/NFS/ttao/scannet/posed_images/scene0209_01/00425.jpg",
      "transform_matrix": [
        [
          -0.869584,
          0.04837,
          -0.49141,
          2.681601
        ],
        [
          0.466627,
          0.405992,
          -0.785767,
          3.352701
        ],
        [
          0.161501,
          -0.912596,
          -0.375615,
          1.323338
        ],
        [
          0.0,
          0.0,
          0.0,
          1.0
        ]
      ]
    },
    {
      "file_path": "/media/NFS/ttao/scannet/posed_images/scene0209_01/00436.jpg",
      "transform_matrix": [
        [
          -0.947025,
          0.037041,
          -0.319015,
          2.578045
        ],
        [
          0.303013,
          0.43222,
          -0.849335,
          3.446972
        ],
        [
          0.106425,
          -0.901007,
          -0.420547,
          1.345477
        ],
        [
          0.0,
          0.0,
          0.0,
          1.0
        ]
      ]
    },
    {
      "file_path": "/media/NFS/ttao/scannet/posed_images/scene0209_01/00438.jpg",
      "transform_matrix": [
        [
          -0.956307,
          0.042999,
          -0.289184,
          2.565845
        ],
        [
          0.279598,
          0.423585,
          -0.861626,
          3.456574
        ],
        [
          0.085445,
          -0.904835,
          -0.417101,
          1.348945
        ],
        [
          0.0,
          0.0,
          0.0,
          1.0
        ]
      ]
    },
    {
      "file_path": "/media/NFS/ttao/scannet/posed_images/scene0209_01/00450.jpg",
      "transform_matrix": [
        [
          -0.986434,
          0.019927,
          -0.162946,
          2.557621
        ],
        [
          0.159805,
          0.343679,
          -0.92539,
          3.474567
        ],
        [
          0.037561,
          -0.938876,
          -0.342201,
          1.369097
        ],
        [
          0.0,
          0.0,
          0.0,
          1.0
        ]
      ]
    },
    {
      "file_path": "/media/NFS/ttao/scannet/posed_images/scene0209_01/00454.jpg",
      "transform_matrix": [
        [
          -0.994457,
          0.004548,
          -0.105049,
          2.540347
        ],
        [
          0.10021,
          0.34354,
          -0.933776,
          3.471076
        ],
        [
          0.031842,
          -0.939127,
          -0.342092,
          1.373044
        ],
        [
          0.0,
          0.0,
          0.0,
          1.0
        ]
      ]
    },
    {
      "file_path": "/media/NFS/ttao/scannet/posed_images/scene0209_01/00462.jpg",
      "transform_matrix": [
        [
          -0.999953,
          -0.004978,
          -0.008411,
          2.498145
        ],
        [
          0.006239,
          0.337318,
          -0.94137,
          3.471349
        ],
        [
          0.007524,
          -0.941378,
          -0.33727,
          1.390548
        ],
        [
          0.0,
          0.0,
          0.0,
          1.0
        ]
      ]
    },
    {
      "file_path": "/media/NFS/ttao/scannet/posed_images/scene0209_01/00468.jpg",
      "transform_matrix": [
        [
          -0.999908,
          -0.001264,
          0.013512,
          2.466609
        ],
        [
          -0.013252,
          0.305522,
          -0.952093,
          3.486914
        ],
        [
          -0.002925,
          -0.952184,
          -0.30551,
          1.398005
        ],
        [
          0.0,
          0.0,
          0.0,
          1.0
        ]
      ]
    },
    {
      "file_path": "/media/NFS/ttao/scannet/posed_images/scene0209_01/00471.jpg",
      "transform_matrix": [
        [
          -0.999451,
          0.001244,
          0.033118,
          2.456376
        ],
        [
          -0.031213,
          0.300614,
          -0.953235,
          3.489367
        ],
        [
          -0.011142,
          -0.953745,
          -0.300411,
          1.403672
        ],
        [
          0.0,
          0.0,
          0.0,
          1.0
        ]
      ]
    },
    {
      "file_path": "/media/NFS/ttao/scannet/posed_images/scene0209_01/00481.jpg",
      "transform_matrix": [
        [
          -0.992584,
          0.005193,
          0.121454,
          2.425557
        ],
        [
          -0.115695,
          0.26634,
          -0.956911,
          3.501582
        ],
        [
          -0.037317,
          -0.963865,
          -0.263764,
          1.418457
        ],
        [
          0.0,
          0.0,
          0.0,
          1.0
        ]
      ]
    },
    {
      "file_path": "/media/NFS/ttao/scannet/posed_images/scene0209_01/00485.jpg",
      "transform_matrix": [
        [
          -0.990139,
          0.012562,
          0.139528,
          2.419418
        ],
        [
          -0.131432,
          0.261454,
          -0.956226,
          3.50234
        ],
        [
          -0.048493,
          -0.965134,
          -0.257224,
          1.41841
        ],
        [
          0.0,
          0.0,
          0.0,
          1.0
        ]
      ]
    },
    {
      "file_path": "/media/NFS/ttao/scannet/posed_images/scene0209_01/00495.jpg",
      "transform_matrix": [
        [
          -0.966753,
          -0.008843,
          0.255559,
          2.428596
        ],
        [
          -0.248199,
          0.272931,
          -0.929466,
          3.50298
        ],
        [
          -0.061531,
          -0.961993,
          -0.266051,
          1.414987
        ],
        [
          0.0,
          0.0,
          0.0,
          1.0
        ]
      ]
    },
    {
      "file_path": "/media/NFS/ttao/scannet/posed_images/scene0209_01/00497.jpg",
      "transform_matrix": [
        [
          -0.959755,
          -0.017101,
          0.280319,
          2.43523
        ],
        [
          -0.274134,
          0.273859,
          -0.921874,
          3.502921
        ],
        [
          -0.061003,
          -0.961618,
          -0.267525,
          1.415268
        ],
        [
          0.0,
