{
  "frames": [
    {
      "file_path": "/media/NFS/ttao/scannet/posed_images/scene0239_01/00001.jpg",
      "transform_matrix": [
        [
          0.992949,
          -0.044678,
          0.109805,
          4.711417
        ],
        [
          -0.117676,
          -0.259416,
          0.95857,
          -0.94447
        ],
        [
          -0.014342,
          -0.964732,
          -0.262844,
          1.566082
        ],
        [
          0.0,
          0.0,
          0.0,
          1.0
        ]
      ]
    },
    {
      "file_path": "/media/NFS/ttao/scannet/posed_images/scene0239_01/00002.jpg",
      "transform_matrix": [
        [
          0.993042,
          -0.045523,
          0.108606,
          4.716106
        ],
        [
          -0.116832,
          -0.265189,
          0.957092,
          -0.942471
        ],
        [
          -0.014769,
          -0.963121,
          -0.268662,
          1.571609
        ],
        [
          0.0,
          0.0,
          0.0,
          1.0
        ]
      ]
    },
    {
      "file_path": "/media/NFS/ttao/scannet/posed_images/scene0239_01/00005.jpg",
      "transform_matrix": [
        [
          0.992402,
          -0.040593,
          0.116149,
          4.705433
        ],
        [
          -0.1228,
          -0.268129,
          0.955525,
          -0.938585
        ],
        [
          -0.007645,
          -0.962528,
          -0.271076,
          1.570097
        ],
        [
          0.0,
          0.0,
          0.0,
          1.0
        ]
      ]
    },
    {
      "file_path": "/media/NFS/ttao/scannet/posed_images/scene0239_01/00007.jpg",
      "transform_matrix": [
        [
          0.992672,
          -0.040719,
          0.113773,
          4.715232
        ],
        [
          -0.120553,
          -0.268864,
          0.955604,
          -0.937893
        ],
        [
          -0.008322,
          -0.962317,
          -0.271803,
          1.57552
        ],
        [
          0.0,
          0.0,
          0.0,
          1.0
        ]
      ]
    },
    {
      "file_path": "/media/NFS/ttao/scannet/posed_images/scene0239_01/00010.jpg",
      "transform_matrix": [
        [
          0.992863,
          -0.040989,
          0.112001,
          4.728151
        ],
        [
          -0.118995,
          -0.27727,
          0.953395,
          -0.929822
        ],
        [
          -0.008024,
          -0.959918,
          -0.280168,
          1.591927
        ],
        [
          0.0,
          0.0,
          0.0,
          1.0
        ]
      ]
    },
    {
      "file_path": "/media/NFS/ttao/scannet/posed_images/scene0239_01/00014.jpg",
      "transform_matrix": [
        [
          0.992887,
          -0.043821,
          0.110704,
          4.724597
        ],
        [
          -0.118558,
          -0.278483,
          0.953096,
          -0.93193
        ],
        [
          -0.010936,
          -0.959441,
          -0.281697,
          1.582865
        ],
        [
          0.0,
          0.0,
          0.0,
          1.0
        ]
      ]
    },
    {
      "file_path": "/media/NFS/ttao/scannet/posed_images/scene0239_01/00016.jpg",
      "transform_matrix": [
        [
          0.993247,
          -0.042238,
          0.10806,
          4.732096
        ],
        [
          -0.115628,
          -0.283718,
          0.951911,
          -0.925179
        ],
        [
          -0.009548,
          -0.957977,
          -0.286686,
          1.575249
        ],
        [
          0.0,
          0.0,
          0.0,
          1.0
        ]
      ]
    },
    {
      "file_path": "/media/NFS/ttao/scannet/posed_images/scene0239_01/00019.jpg",
      "transform_matrix": [
        [
          0.992754,
          -0.04241,
          0.112438,
          4.730345
        ],
        [
          -0.119841,
          -0.280194,
          0.952434,
          -0.910298
        ],
        [
          -0.008888,
          -0.959006,
          -0.283246,
          1.574091
        ],
        [
          0.0,
          0.0,
          0.0,
          1.0
        ]
      ]
    },
    {
      "file_path": "/media/NFS/ttao/scannet/posed_images/scene0239_01/00020.jpg",
      "transform_matrix": [
        [
          0.992452,
          -0.047116,
          0.113223,
          4.730386
        ],
        [
          -0.121956,
          -0.28218,
          0.951578,
          -0.894131
        ],
        [
          -0.012885,
          -0.958204,
          -0.285796,
          1.578714
        ],
        [
          0.0,
          0.0,
          0.0,
          1.0
        ]
      ]
    },
    {
      "file_path": "/media/NFS/ttao/scannet/posed_images/scene0239_01/00025.jpg",
      "transform_matrix": [
        [
          0.991265,
          -0.049001,
          0.122444,
          4.731591
        ],
        [
          -0.13146,
          -0.292605,
          0.947154,
          -0.845054
        ],
        [
          -0.010584,
          -0.954977,
          -0.29649,
          1.568761
        ],
        [
          0.0,
          0.0,
          0.0,
          1.0
        ]
      ]
    },
    {
      "file_path": "/media/NFS/ttao/scannet/posed_images/scene0239_01/00027.jpg",
      "transform_matrix": [
        [
          0.991278,
          -0.050754,
          0.121626,
          4.732428
        ],
        [
          -0.131144,
          -0.288541,
          0.948444,
          -0.832535
        ],
        [
          -0.013043,
          -0.956122,
          -0.29268,
          1.562548
        ],
        [
          0.0,
          0.0,
          0.0,
          1.0
        ]
      ]
    },
    {
      "file_path": "/media/NFS/ttao/scannet/posed_images/scene0239_01/00028.jpg",
      "transform_matrix": [
        [
          0.990596,
          -0.051655,
          0.126694,
          4.722068
        ],
        [
          -0.136219,
          -0.285669,
          0.948598,
          -0.820962
        ],
        [
          -0.012807,
          -0.956935,
          -0.290018,
          1.556419
        ],
        [
          0.0,
          0.0,
          0.0,
          1.0
        ]
      ]
    },
    {
      "file_path": "/media/NFS/ttao/scannet/posed_images/scene0239_01/00032.jpg",
      "transform_matrix": [
        [
          0.986367,
          -0.05705,
          0.154356,
          4.70289
        ],
        [
          -0.164289,
          -0.287456,
          0.943599,
          -0.752476
        ],
        [
          -0.009462,
          -0.956093,
          -0.292909,
          1.574269
        ],
        [
          0.0,
          0.0,
          0.0,
          1.0
        ]
      ]
    },
    {
      "file_path": "/media/NFS/ttao/scannet/posed_images/scene0239_01/00033.jpg",
      "transform_matrix": [
        [
          0.985873,
          -0.060516,
          0.156182,
          4.70446
        ],
        [
          -0.167014,
          -0.284477,
          0.944023,
          -0.745344
        ],
        [
          -0.012698,
          -0.956771,
          -0.290565,
          1.571876
        ],
        [
          0.0,
          0.0,
          0.0,
          1.0
        ]
      ]
    },
    {
      "file_path": "/media/NFS/ttao/scannet/posed_images/scene0239_01/00038.jpg",
      "transform_matrix": [
        [
          0.979927,
          -0.067123,
          0.187718,
          4.696645
        ],
        [
          -0.198955,
          -0.269425,
          0.942246,
          -0.693068
        ],
        [
          -0.01267,
          -0.960679,
          -0.277371,
          1.555981
        ],
        [
          0.0,
          0.0,
          0.0,
          1.0
        ]
      ]
    },
    {
      "file_path": "/media/NFS/ttao/scannet/posed_images/scene0239_01/00040.jpg",
      "transform_matrix": [
        [
          0.978714,
          -0.084215,
          0.187156,
          4.702154
        ],
        [
          -0.203594,
          -0.283455,
          0.937125,
          -0.658653
        ],
        [
          -0.02587,
          -0.955281,
          -0.294567,
          1.553707
        ],
        [
          0.0,
          0.0,
          0.0,
          1.0
        ]
      ]
    },
    {
      "file_path": "/media/NFS/ttao/scannet/posed_images/scene0239_01/00042.jpg",
      "transform_matrix": [
        [
          0.977175,
          -0.088433,
          0.193154,
          4.709246
        ],
        [
          -0.210491,
          -0.280288,
          0.936553,
          -0.63808
        ],
        [
          -0.028684,
          -0.955834,
          -0.292505,
          1.550649
        ],
        [
          0.0,
          0.0,
          0.0,
          1.0
        ]
      ]
    },
    {
      "file_path": "/media/NFS/ttao/scannet/posed_images/scene0239_01/00045.jpg",
      "transform_matrix": [
        [
          0.975085,
          -0.101021,
          0.197494,
          4.722195
        ],
        [
          -0.21864,
          -0.287207,
          0.932582,
          -0.601848
        ],
        [
          -0.037489,
          -0.952527,
          -0.302139,
          1.538159
        ],
        [
          0.0,
          0.0,
          0.0,
          1.0
        ]
      ]
    },
    {
      "file_path": "/media/NFS/ttao/scannet/posed_images/scene0239_01/00046.jpg",
      "transform_matrix": [
        [
          0.97558,
          -0.104375,
          0.193263,
          4.734993
        ],
        [
          -0.215729,
          -0.289884,
          0.932432,
          -0.590288
        ],
        [
          -0.041299,
          -0.951354,
          -0.305321,
          1.541672
        ],
        [
          0.0,
          0.0,
          0.0,
          1.0
        ]
      ]
    },
    {
      "file_path": "/media/NFS/ttao/scannet/posed_images/scene0239_01/00050.jpg",
      "transform_matrix": [
        [
          0.980816,
          -0.093922,
          0.170816,
          4.771581
        ],
        [
          -0.190744,
          -0.281707,
          0.94035,
          -0.539238
        ],
        [
          -0.040199,
          -0.954893,
          -0.294218,
          1.53715
        ],
        [
          0.0,
          0.0,
          0.0,
          1.0
        ]
      ]
    },
    {
      "file_path": "/media/NFS/ttao/scannet/posed_images/scene0239_01/00053.jpg",
      "transform_matrix": [
        [
          0.984359,
          -0.076889,
          0.158513,
          4.802812
        ],
        [
          -0.173788,
          -0.276114,
          0.945282,
          -0.508173
        ],
        [
          -0.028914,
          -0.958044,
          -0.285158,
          1.536055
        ],
        [
          0.0,
          0.0,
          0.0,
          1.0
        ]
      ]
    },
    {
      "file_path": "/media/NFS/ttao/scannet/posed_images/scene0239_01/00056.jpg",
      "transform_matrix": [
        [
          0.990366,
          -0.051682,
          0.128473,
          4.843944
        ],
        [
          -0.137775,
          -0.274327,
          0.951716,
          -0.470125
        ],
        [
          -0.013943,
          -0.960247,
          -0.278805,
          1.532737
        ],
        [
          0.0,
          0.0,
          0.0,
          1.0
        ]
      ]
    },
    {
      "file_path": "/media/NFS/ttao/scannet/posed_images/scene0239_01/00058.jpg",
      "transform_matrix": [
        [
          0.992387,
          -0.035075,
          0.118058,
          4.850587
        ],
        [
          -0.123158,
          -0.279161,
          0.952314,
          -0.450423
        ],
        [
          -0.000445,
          -0.959604,
          -0.281356,
          1.529835
        ],
        [
          0.0,
          0.0,
          0.0,
          1.0
        ]
      ]
    },
    {
      "file_path": "/media/NFS/ttao/scannet/posed_images/scene0239_01/00061.jpg",
      "transform_matrix": [
        [
          0.996195,
          -0.01527,
          0.085809,
          4.902022
        ],
        [
          -0.086682,
          -0.27616,
          0.957195,
          -0.414353
        ],
        [
          0.009081,
          -0.96099,
          -0.276433,
          1.53642
        ],
        [
          0.0,
          0.0,
          0.0,
          1.0
        ]
      ]
    },
    {
      "file_path": "/media/NFS/ttao/scannet/posed_images/scene0239_01/00062.jpg",
      "transform_matrix": [
        [
          0.996772,
          -0.01118,
          0.079506,
          4.911126
        ],
        [
          -0.079535,
          -0.272739,
          0.958795,
          -0.409168
        ],
        [
          0.010965,
          -0.962023,
          -0.272748,
          1.528759
        ],
        [
          0.0,
          0.0,
          0.0,
          1.0
        ]
      ]
    },
    {
      "file_path": "/media/NFS/ttao/scannet/posed_images/scene0239_01/00066.jpg",
      "transform_matrix": [
        [
          0.998598,
          -0.002968,
          0.052851,
          4.954118
        ],
        [
          -0.051497,
          -0.285563,
          0.956975,
          -0.358778
        ],
        [
          0.012252,
          -0.958355,
          -0.285315,
          1.534109
        ],
        [
          0.0,
          0.0,
          0.0,
          1.0
        ]
      ]
    },
    {
      "file_path": "/media/NFS/ttao/scannet/posed_images/scene0239_01/00069.jpg",
      "transform_matrix": [
        [
          0.99898,
          -0.005644,
          0.044811,
          4.972381
        ],
        [
          -0.044562,
          -0.28477,
          0.95756,
          -0.335578
        ],
        [
          0.007356,
          -0.958579,
          -0.28473,
          1.522846
        ],
        [
          0.0,
          0.0,
          0.0,
          1.0
        ]
      ]
    },
    {
      "file_path": "/media/NFS/ttao/scannet/posed_images/scene0239_01/00070.jpg",
      "transform_matrix": [
        [
          0.999103,
          -0.006717,
          0.041813,
          4.986433
        ],
        [
          -0.041958,
          -0.290898,
          0.955834,
          -0.311174
        ],
        [
          0.005743,
          -0.956731,
          -0.290919,
          1.529083
        ],
        [
          0.0,
          0.0,
          0.0,
          1.0
        ]
      ]
    },
    {
      "file_path": "/media/NFS/ttao/scannet/posed_images/scene0239_01/00074.jpg",
      "transform_matrix": [
        [
          0.99897,
          -0.005665,
          0.045025,
          4.991609
        ],
        [
          -0.044753,
          -0.287257,
          0.956807,
          -0.267033
        ],
        [
          0.007513,
          -0.957837,
          -0.287215,
          1.518184
        ],
        [
          0.0,
          0.0,
          0.0,
          1.0
        ]
      ]
    },
    {
      "file_path": "/media/NFS/ttao/scannet/posed_images/scene0239_01/00076.jpg",
      "transform_matrix": [
        [
          0.999102,
          -0.004393,
          0.042153,
          4.99754
        ],
        [
          -0.041702,
          -0.279324,
          0.959291,
          -0.229826
        ],
        [
          0.00756,
          -0.960187,
          -0.279257,
          1.521821
        ],
        [
          0.0,
          0.0,
          0.0,
          1.0
        ]
      ]
    },
    {
      "file_path": "/media/NFS/ttao/scannet/posed_images/scene0239_01/00079.jpg",
      "transform_matrix": [
        [
          0.999013,
          -0.010207,
          0.04323,
          5.00264
        ],
        [
          -0.044385,
          -0.26697,
          0.962682,
          -0.191742
        ],
        [
          0.001715,
          -0.963651,
          -0.26716,
          1.534545
        ],
        [
          0.0,
          0.0,
          0.0,
          1.0
        ]
      ]
    },
    {
      "file_path": "/media/NFS/ttao/scannet/posed_images/scene0239_01/00081.jpg",
      "transform_matrix": [
        [
          0.999258,
          -0.012947,
          0.036276,
          5.017654
        ],
        [
          -0.038404,
          -0.262985,
          0.964035,
          -0.154331
        ],
        [
          -0.002942,
          -0.964713,
          -0.263287,
          1.535531
        ],
        [
          0.0,
          0.0,
          0.0,
          1.0
        ]
      ]
    },
    {
      "file_path": "/media/NFS/ttao/scannet/posed_images/scene0239_01/00084.jpg",
      "transform_matrix": [
        [
          0.9994,
          -0.013243,
          0.031994,
          5.025173
        ],
        [
          -0.034316,
          -0.255318,
          0.966248,
          -0.128237
        ],
        [
          -0.004627,
          -0.966766,
          -0.25562,
          1.5356
        ],
        [
          0.0,
          0.0,
          0.0,
          1.0
        ]
      ]
    },
    {
      "file_path": "/media/NFS/ttao/scannet/posed_images/scene0239_01/00085.jpg",
      "transform_matrix": [
        [
          0.999401,
          -0.015281,
          0.031048,
          5.026099
        ],
        [
          -0.033918,
          -0.254759,
          0.96641,
          -0.120681
        ],
        [
          -0.006858,
          -0.966884,
          -0.255125,
          1.531743
        ],
        [
          0.0,
          0.0,
          0.0,
          1.0
        ]
      ]
    },
    {
      "file_path": "/media/NFS/ttao/scannet/posed_images/scene0239_01/00089.jpg",
      "transform_matrix": [
        [
          0.999589,
          -0.02395,
          0.015761,
          5.041613
        ],
        [
          -0.021629,
          -0.269083,
          0.962874,
          -0.07057
        ],
        [
          -0.01882,
          -0.962819,
          -0.269491,
          1.535498
        ],
        [
          0.0,
          0.0,
          0.0,
          1.0
        ]
      ]
    },
    {
      "file_path": "/media/NFS/ttao/scannet/posed_images/scene0239_01/00091.jpg",
      "transform_matrix": [
        [
          0.999585,
          -0.026511,
          0.011242,
          5.041842
        ],
        [
          -0.018035,
          -0.27202,
          0.962123,
          -0.049528
        ],
        [
          -0.022448,
          -0.961926,
          -0.272386,
          1.525555
        ],
        [
          0.0,
          0.0,
          0.0,
          1.0
        ]
      ]
    },
    {
      "file_path": "/media/NFS/ttao/scannet/posed_images/scene0239_01/00094.jpg",
      "transform_matrix": [
        [
          0.99947,
          -0.030336,
          -0.011823,
          5.044011
        ],
        [
          0.002711,
          -0.284329,
          0.958723,
          -0.019104
        ],
        [
          -0.032446,
          -0.958247,
          -0.284096,
          1.528117
        ],
        [
          0.0,
          0.0,
          0.0,
          1.0
        ]
      ]
    },
    {
      "file_path": "/media/NFS/ttao/scannet/posed_images/scene0239_01/00097.jpg",
      "transform_matrix": [
        [
          0.997634,
          -0.022337,
          -0.06502,
          5.065888
        ],
        [
          0.055262,
          -0.302068,
          0.951683,
          0.013592
        ],
        [
          -0.040898,
          -0.953025,
          -0.300119,
          1.520429
        ],
        [
          0.0,
          0.0,
          0.0,
          1.0
        ]
      ]
    },
    {
      "file_path": "/media/NFS/ttao/scannet/posed_images/scene0239_01/00100.jpg",
      "transform_matrix": [
        [
          0.994288,
          -0.008987,
          -0.106355,
          5.092761
        ],
        [
          0.098685,
          -0.302222,
          0.948116,
          0.053025
        ],
        [
          -0.040663,
          -0.953195,
          -0.299609,
          1.514359
        ],
        [
          0.0,
          0.0,
          0.0,
          1.0
        ]
      ]
    },
    {
      "file_path": "/media/NFS/ttao/scannet/posed_images/scene0239_01/00101.jpg",
      "transform_matrix": [
        [
          0.993103,
          -0.004995,
          -0.117143,
          5.094139
        ],
        [
          0.110028,
          -0.305525,
          0.945806,
          0.063908
        ],
        [
          -0.040515,
          -0.952171,
          -0.302868,
          1.517006
        ],
        [
          0.0,
          0.0,
          0.0,
          1.0
        ]
      ]
    },
    {
      "file_path": "/media/NFS/ttao/scannet/posed_images/scene0239_01/00104.jpg",
      "transform_matrix": [
        [
          0.983565,
          0.036081,
          -0.176916,
          5.127174
        ],
        [
          0.179479,
          -0.302327,
          0.936155,
          0.089498
        ],
        [
          -0.019709,
          -0.952521,
          -0.303834,
          1.502574
        ],
        [
          0.0,
          0.0,
          0.0,
          1.0
        ]
      ]
    },
    {
      "file_path": "/media/NFS/ttao/scannet/posed_images/scene0239_01/00107.jpg",
      "transform_matrix": [
        [
          0.971962,
          0.069672,
          -0.224577,
          5.158913
        ],
        [
          0.235132,
          -0.293551,
          0.926575,
          0.117371
        ],
        [
          -0.001368,
          -0.953401,
          -0.301702,
          1.505142
        ],
        [
          0.0,
          0.0,
          0.0,
          1.0
        ]
      ]
    },
    {
      "file_path": "/media/NFS/ttao/scannet/posed_images/scene0239_01/00110.jpg",
      "transform_matrix": [
        [
          0.955917,
          0.1015,
          -0.275536,
          5.175317
        ],
        [
          0.293431,
          -0.295143,
          0.909279,
          0.156116
        ],
        [
          0.010969,
          -0.950047,
          -0.311916,
          1.507907
        ],
        [
          0.0,
          0.0,
          0.0,
          1.0
        ]
      ]
    },
    {
      "file_path": "/media/NFS/ttao/scannet/posed_images/scene0239_01/00112.jpg",
      "transform_matrix": [
        [
          0.947867,
          0.109806,
          -0.29915,
          5.187308
        ],
        [
          0.318473,
          -0.293728,
          0.901276,
          0.173501
        ],
        [
          0.011097,
          -0.949561,
          -0.313385,
          1.507339
        ],
        [
          0.0,
          0.0,
          0.0,
          1.0
        ]
      ]
    },
    {
      "file_path": "/media/NFS/ttao/scannet/posed_images/scene0239_01/00115.jpg",
      "transform_matrix": [
        [
          0.935368,
          0.115194,
          -0.33439,
          5.207254
        ],
        [
          0.353676,
          -0.30522,
          0.884169,
          0.203854
        ],
        [
          -0.000212,
          -0.945289,
          -0.326234,
          1.503295
        ],
        [
          0.0,
          0.0,
          0.0,
          1.0
        ]
      ]
    },
    {
      "file_path": "/media/NFS/ttao/scannet/posed_images/scene0239_01/00118.jpg",
      "transform_matrix": [
        [
          0.926091,
          0.118488,
          -0.358213,
          5.215819
        ],
        [
          0.377169,
          -0.315827,
          0.87063,
          0.230117
        ],
        [
          -0.009974,
          -0.94139,
          -0.337174,
          1.500996
        ],
        [
          0.0,
          0.0,
          0.0,
          1.0
        ]
      ]
    },
    {
      "file_path": "/media/NFS/ttao/scannet/posed_images/scene0239_01/00120.jpg",
      "transform_matrix": [
        [
          0.918353,
          0.125685,
          -0.375274,
          5.211627
        ],
        [
          0.395622,
          -0.31674,
          0.862067,
          0.253262
        ],
        [
          -0.010516,
          -0.940148,
          -0.340603,
          1.503485
        ],
        [
          0.0,
          0.0,
          0.0,
          1.0
        ]
      ]
    },
    {
      "file_path": "/media/NFS/ttao/scannet/posed_images/scene0239_01/00123.jpg",
      "transform_matrix": [
        [
          0.914726,
          0.127472,
          -0.383442,
          5.210416
        ],
        [
          0.404013,
          -0.305225,
          0.862329,
          0.281187
        ],
        [
          -0.007114,
          -0.94371,
          -0.330698,
          1.511773
        ],
        [
          0.0,
          0.0,
          0.0,
          1.0
        ]
      ]
    },
    {
      "file_path": "/media/NFS/ttao/scannet/posed_images/scene0239_01/00124.jpg",
      "transform_matrix": [
        [
          0.914797,
          0.124696,
          -0.384185,
          5.207517
        ],
        [
          0.403845,
          -0.300094,
          0.864207,
          0.286423
        ],
        [
          -0.007529,
          -0.945724,
          -0.324883,
          1.506917
        ],
        [
          0.0,
          0.0,
          0.0,
          1.0
        ]
      ]
    },
    {
      "file_path": "/media/NFS/ttao/scannet/posed_images/scene0239_01/00129.jpg",
      "transform_matrix": [
        [
          0.919914,
          0.103733,
          -0.37815,
          5.201294
        ],
        [
          0.392095,
          -0.254227,
          0.884098,
          0.341538
        ],
        [
          -0.004426,
          -0.961566,
          -0.27454,
          1.52943
        ],
        [
          0.0,
          0.0,
          0.0,
          1.0
        ]
      ]
    },
    {
      "file_path": "/media/NFS/ttao/scannet/posed_images/scene0239_01/00131.jpg",
      "transform_matrix": [
        [
          0.923049,
          0.085781,
          -0.374995,
          5.185426
        ],
        [
          0.384455,
          -0.239171,
          0.891623,
          0.367251
        ],
        [
          -0.013204,
          -0.967181,
          -0.253746,
          1.542358
        ],
        [
          0.0,
          0.0,
          0.0,
          1.0
        ]
      ]
    },
    {
      "file_path": "/media/NFS/ttao/scannet/posed_images/scene0239_01/00133.jpg",
      "transform_matrix": [
        [
          0.923707,
          0.076668,
          -0.375349,
          5.182845
        ],
        [
          0.382779,
          -0.224702,
          0.896097,
          0.379262
        ],
        [
          -0.01564,
          -0.971407,
          -0.236906,
          1.548555
        ],
        [
          0.0,
          0.0,
          0.0,
          1.0
        ]
      ]
    },
    {
      "file_path": "/media/NFS/ttao/scannet/posed_images/scene0239_01/00136.jpg",
      "transform_matrix": [
        [
          0.919184,
          0.062082,
          -0.388904,
          5.174742
        ],
        [
          0.392704,
          -0.219022,
          0.893204,
          0.396527
        ],
        [
          -0.029726,
          -0.973743,
          -0.225701,
          1.548659
        ],
        [
          0.0,
          0.0,
          0.0,
          1.0
        ]
      ]
    },
    {
      "file_path": "/media/NFS/ttao/scannet/posed_images/scene0239_01/00139.jpg",
      "transform_matrix": [
        [
          0.913922,
          0.062509,
          -0.401048,
          5.17666
        ],
        [
          0.404544,
          -0.220679,
          0.887493,
          0.419759
        ],
        [
          -0.033026,
          -0.973341,
          -0.226972,
          1.553737
        ],
        [
          0.0,
          0.0,
          0.0,
          1.0
        ]
      ]
    },
    {
      "file_path": "/media/NFS/ttao/scannet/posed_images/scene0239_01/00140.jpg",
      "transform_matrix": [
        [
          0.911862,
          0.064143,
          -0.405453,
          5.176992
        ],
        [
          0.409161,
          -0.221614,
          0.885141,
          0.427962
        ],
        [
          -0.033078,
          -0.973023,
          -0.228326,
          1.554121
        ],
        [
          0.0,
          0.0,
          0.0,
          1.0
        ]
      ]
    },
    {
      "file_path": "/media/NFS/ttao/scannet/posed_images/scene0239_01/00143.jpg",
      "transform_matrix": [
        [
          0.901723,
          0.065935,
          -0.427257,
          5.178231
        ],
        [
          0.430451,
          -0.228602,
          0.873186,
          0.453059
        ],
        [
          -0.040098,
          -0.971285,
          -0.234517,
          1.55398
        ],
        [
          0.0,
          0.0,
          0.0,
          1.0
        ]
      ]
    },
    {
      "file_path": "/media/NFS/ttao/scannet/posed_images/scene0239_01/00145.jpg",
      "transform_matrix": [
        [
          0.895651,
          0.068573,
          -0.439441,
          5.178642
        ],
        [
          0.442922,
          -0.227213,
          0.867291,
          0.472362
        ],
        [
          -0.040374,
          -0.971428,
          -0.233876,
          1.555765
        ],
        [
          0.0,
          0.0,
          0.0,
          1.0
        ]
      ]
    },
    {
      "file_path": "/media/NFS/ttao/scannet/posed_images/scene0239_01/00149.jpg",
      "transform_matrix": [
        [
          0.873067,
          0.076134,
          -0.48162,
          5.188386
        ],
        [
          0.48611,
          -0.213068,
          0.847525,
          0.51551
        ],
        [
          -0.038093,
          -0.974067,
          -0.223032,
          1.559028
        ],
        [
          0.0,
          0.0,
          0.0,
          1.0
        ]
      ]
    },
    {
      "file_path": "/media/NFS/ttao/scannet/posed_images/scene0239_01/00152.jpg",
      "transform_matrix": [
        [
          0.855154,
          0.084204,
          -0.51149,
          5.195494
        ],
        [
          0.51744,
          -0.197877,
          0.832527,
          0.546215
        ],
        [
          -0.03111,
          -0.976604,
          -0.212786,
          1.552524
        ],
        [
          0.0,
          0.0,
          0.0,
          1.0
        ]
      ]
    },
    {
      "file_path": "/media/NFS/ttao/scannet/posed_images/scene0239_01/00153.jpg",
      "transform_matrix": [
        [
          0.847951,
          0.091506,
          -0.522116,
          5.200336
        ],
        [
          0.529331,
          -0.198321,
          0.824911,
          0.558363
        ],
        [
          -0.028062,
          -0.975856,
          -0.216604,
          1.554012
        ],
        [
          0.0,
          0.0,
          0.0,
          1.0
        ]
      ]
    },
    {
      "file_path": "/media/NFS/ttao/scannet/posed_images/scene0239_01/00156.jpg",
      "transform_matrix": [
        [
          0.82316,
          0.114267,
          -0.556193,
          5.206155
        ],
        [
          0.56774,
          -0.180875,
          0.803091,
          0.598458
        ],
        [
          -0.008834,
          -0.976846,
          -0.213763,
          1.559473
        ],
        [
          0.0,
          0.0,
          0.0,
          1.0
        ]
      ]
    },
    {
      "file_path": "/media/NFS/ttao/scannet/posed_images/scene0239_01/00159.jpg",
      "transform_matrix": [
        [
          0.796462,
          0.135656,
          -0.589276,
          5.220807
        ],
        [
          0.604683,
          -0.174482,
          0.777119,
          0.637111
        ],
        [
          0.002602,
          -0.975271,
          -0.220997,
          1.560029
        ],
        [
          0.0,
          0.0,
          0.0,
          1.0
        ]
      ]
    },
    {
      "file_path": "/media/NFS/ttao/scannet/posed_images/scene0239_01/00162.jpg",
      "transform_matrix": [
        [
          0.774802,
          0.141332,
          -0.616204,
          5.249036
        ],
        [
          0.632198,
          -0.168897,
          0.756174,
          0.676697
        ],
        [
          0.002797,
          -0.975448,
          -0.220212,
          1.562966
        ],
        [
          0.0,
          0.0,
          0.0,
          1.0
        ]
      ]
    },
    {
      "file_path": "/media/NFS/ttao/scannet/posed_images/scene0239_01/00165.jpg",
      "transform_matrix": [
        [
          0.761618,
          0.155847,
          -0.629007,
          5.250974
        ],
        [
          0.647977,
          -0.17124,
          0.74216,
          0.711169
        ],
        [
          0.007952,
          -0.972825,
          -0.231405,
          1.564447
        ],
        [
          0.0,
          0.0,
          0.0,
          1.0
        ]
      ]
    },
    {
      "file_path": "/media/NFS/ttao/scannet/posed_images/scene0239_01/00166.jpg",
      "transform_matrix": [
        [
          0.761538,
          0.155121,
          -0.629283,
          5.246616
        ],
        [
          0.648083,
          -0.171874,
          0.741922,
          0.713733
        ],
        [
          0.006931,
          -0.972829,
          -0.23142,
          1.564314
        ],
        [
          0.0,
          0.0,
          0.0,
          1.0
        ]
      ]
    },
    {
      "file_path": "/media/NFS/ttao/scannet/posed_images/scene0239_01/00170.jpg",
      "transform_matrix": [
        [
          0.752455,
          0.145919,
          -0.642277,
          5.241295
        ],
        [
          0.658618,
          -0.175345,
          0.731762,
          0.753077
        ],
        [
          -0.005842,
          -0.973633,
          -0.228045,
          1.562921
        ],
        [
          0.0,
          0.0,
          0.0,
          1.0
        ]
      ]
    },
    {
      "file_path": "/media/NFS/ttao/scannet/posed_images/scene0239_01/00173.jpg",
      "transform_matrix": [
        [
          0.750455,
          0.14829,
          -0.644071,
          5.229126
        ],
        [
          0.660911,
          -0.173875,
          0.730044,
          0.771611
        ],
        [
          -0.003729,
          -0.973539,
          -0.228492,
          1.559746
        ],
        [
          0.0,
          0.0,
          0.0,
          1.0
        ]
      ]
    },
    {
      "file_path": "/media/NFS/ttao/scannet/posed_images/scene0239_01/00174.jpg",
      "transform_matrix": [
        [
          0.75035,
          0.149079,
          -0.644011,
          5.224112
        ],
        [
          0.661036,
          -0.172871,
          0.730169,
          0.778966
        ],
        [
          -0.002478,
          -0.973597,
          -0.228261,
          1.559373
        ],
        [
          0.0,
          0.0,
          0.0,
          1.0
        ]
      ]
    },
    {
      "file_path": "/media/NFS/ttao/scannet/posed_images/scene0239_01/00177.jpg",
      "transform_matrix": [
        [
          0.748714,
          0.14272,
          -0.647347,
          5.203958
        ],
        [
          0.662875,
          -0.168298,
          0.72957,
          0.81149
        ],
        [
          -0.004823,
          -0.97535,
          -0.220613,
          1.557788
        ],
        [
          0.0,
          0.0,
          0.0,
          1.0
        ]
      ]
    },
    {
      "file_path": "/media/NFS/ttao/scannet/posed_images/scene0239_01/00181.jpg",
      "transform_matrix": [
        [
          0.743341,
          0.123358,
          -0.65744,
          5.180392
        ],
        [
          0.668755,
          -0.158442,
          0.726404,
          0.857885
        ],
        [
          -0.014559,
          -0.979632,
          -0.200273,
          1.567998
        ],
        [
          0.0,
          0.0,
          0.0,
          1.0
        ]
      ]
    },
    {
      "file_path": "/media/NFS/ttao/scannet/posed_images/scene0239_01/00183.jpg",
      "transform_matrix": [
        [
          0.742835,
          0.114032,
          -0.659692,
          5.176084
        ],
        [
          0.669064,
          -0.160968,
          0.725564,
          0.879405
        ],
        [
          -0.023452,
          -0.98035,
          -0.195867,
          1.571176
        ],
        [
          0.0,
          0.0,
          0.0,
          1.0
        ]
      ]
    },
    {
      "file_path": "/media/NFS/ttao/scannet/posed_images/scene0239_01/00184.jpg",
      "transform_matrix": [
        [
          0.744661,
          0.111018,
          -0.658145,
          5.164707
        ],
        [
          0.666947,
          -0.16176,
          0.727335,
          0.88283
        ],
        [
          -0.025714,
          -0.980566,
          -0.194499,
          1.573864
        ],
        [
          0.0,
          0.0,
          0.0,
          1.0
        ]
      ]
    },
    {
      "file_path": "/media/NFS/ttao/scannet/posed_images/scene0239_01/00189.jpg",
      "transform_matrix": [
        [
          0.748868,
          0.091231,
          -0.656409,
          5.137623
        ],
        [
          0.661568,
          -0.161271,
          0.732339,
          0.916844
        ],
        [
          -0.039048,
          -0.982684,
          -0.181126,
          1.57355
        ],
        [
          0.0,
          0.0,
          0.0,
          1.0
        ]
      ]
    },
    {
      "file_path": "/media/NFS/ttao/scannet/posed_images/scene0239_01/00190.jpg",
      "transform_matrix": [
        [
          0.751363,
          0.093363,
          -0.653252,
          5.121841
        ],
        [
          0.658623,
          -0.167417,
          0.733613,
          0.915554
        ],
        [
          -0.040873,
          -0.981456,
          -0.187282,
          1.572906
        ],
        [
          0.0,
          0.0,
          0.0,
          1.0
        ]
      ]
    },
    {
      "file_path": "/media/NFS/ttao/scannet/posed_images/scene0239_01/00192.jpg",
      "transform_matrix": [
        [
          0.747929,
          0.094755,
          -0.656981,
          5.113719
        ],
        [
          0.662161,
          -0.175556,
          0.728507,
          0.943991
        ],
        [
          -0.046307,
          -0.979899,
          -0.194047,
          1.585835
        ],
        [
          0.0,
          0.0,
          0.0,
          1.0
        ]
      ]
    },
    {
      "file_path": "/media/NFS/ttao/scannet/posed_images/scene0239_01/00195.jpg",
      "transform_matrix": [
        [
          0.743006,
          0.097735,
          -0.66211,
          5.100408
        ],
        [
          0.667944,
          -0.170862,
          0.724332,
          0.963741
        ],
        [
          -0.042337,
          -0.980436,
          -0.192233,
          1.581183
        ],
        [
          0.0,
          0.0,
          0.0,
          1.0
        ]
      ]
    },
    {
      "file_path": "/media/NFS/ttao/scannet/posed_images/scene0239_01/00197.jpg",
      "transform_matrix": [
        [
          0.733714,
          0.100062,
          -0.67205,
          5.090852
        ],
        [
          0.678122,
          -0.169848,
          0.715055,
          0.988661
        ],
        [
          -0.042596,
          -0.980377,
          -0.192474,
          1.584083
        ],
        [
          0.0,
          0.0,
          0.0,
          1.0
        ]
      ]
    },
    {
      "file_path": "/media/NFS/ttao/scannet/posed_images/scene0239_01/00200.jpg",
      "transform_matrix": [
        [
          0.71749,
          0.102573,
          -0.688976,
          5.070846
        ],
        [
          0.695426,
          -0.16212,
          0.700071,
          1.016678
        ],
        [
          -0.039888,
