{
  "frames": [
    {
      "file_path": "/media/NFS/ttao/scannet/posed_images/scene0692_03/00000.jpg",
      "transform_matrix": [
        [
          0.986905,
          0.046007,
          -0.154601,
          3.28371
        ],
        [
          0.148717,
          0.111627,
          0.982559,
          4.081853
        ],
        [
          0.062462,
          -0.992685,
          0.103323,
          1.726756
        ],
        [
          0.0,
          0.0,
          0.0,
          1.0
        ]
      ]
    },
    {
      "file_path": "/media/NFS/ttao/scannet/posed_images/scene0692_03/00003.jpg",
      "transform_matrix": [
        [
          0.987504,
          0.026911,
          -0.155277,
          3.277839
        ],
        [
          0.149408,
          0.153526,
          0.976784,
          4.060259
        ],
        [
          0.050125,
          -0.987778,
          0.147587,
          1.734147
        ],
        [
          0.0,
          0.0,
          0.0,
          1.0
        ]
      ]
    },
    {
      "file_path": "/media/NFS/ttao/scannet/posed_images/scene0692_03/00007.jpg",
      "transform_matrix": [
        [
          0.98716,
          0.003413,
          -0.1597,
          3.272806
        ],
        [
          0.15555,
          0.206841,
          0.96593,
          4.037916
        ],
        [
          0.03633,
          -0.978369,
          0.203654,
          1.746983
        ],
        [
          0.0,
          0.0,
          0.0,
          1.0
        ]
      ]
    },
    {
      "file_path": "/media/NFS/ttao/scannet/posed_images/scene0692_03/00010.jpg",
      "transform_matrix": [
        [
          0.987513,
          -0.01624,
          -0.156701,
          3.270354
        ],
        [
          0.156003,
          0.239415,
          0.958302,
          4.021162
        ],
        [
          0.021954,
          -0.970781,
          0.238959,
          1.762291
        ],
        [
          0.0,
          0.0,
          0.0,
          1.0
        ]
      ]
    },
    {
      "file_path": "/media/NFS/ttao/scannet/posed_images/scene0692_03/00014.jpg",
      "transform_matrix": [
        [
          0.988823,
          -0.015834,
          -0.148251,
          3.271244
        ],
        [
          0.146481,
          0.288544,
          0.946195,
          4.008216
        ],
        [
          0.027795,
          -0.957335,
          0.287639,
          1.755089
        ],
        [
          0.0,
          0.0,
          0.0,
          1.0
        ]
      ]
    },
    {
      "file_path": "/media/NFS/ttao/scannet/posed_images/scene0692_03/00016.jpg",
      "transform_matrix": [
        [
          0.9896,
          -0.013939,
          -0.143168,
          3.271399
        ],
        [
          0.141289,
          0.280968,
          0.94926,
          4.00771
        ],
        [
          0.026994,
          -0.959616,
          0.280015,
          1.749855
        ],
        [
          0.0,
          0.0,
          0.0,
          1.0
        ]
      ]
    },
    {
      "file_path": "/media/NFS/ttao/scannet/posed_images/scene0692_03/00022.jpg",
      "transform_matrix": [
        [
          0.992543,
          0.010664,
          -0.121429,
          3.270496
        ],
        [
          0.117078,
          0.193897,
          0.97401,
          4.027094
        ],
        [
          0.033932,
          -0.980964,
          0.191203,
          1.726358
        ],
        [
          0.0,
          0.0,
          0.0,
          1.0
        ]
      ]
    },
    {
      "file_path": "/media/NFS/ttao/scannet/posed_images/scene0692_03/00023.jpg",
      "transform_matrix": [
        [
          0.992449,
          0.011172,
          -0.122146,
          3.270182
        ],
        [
          0.118248,
          0.177431,
          0.977003,
          4.030017
        ],
        [
          0.032588,
          -0.98407,
          0.17477,
          1.720554
        ],
        [
          0.0,
          0.0,
          0.0,
          1.0
        ]
      ]
    },
    {
      "file_path": "/media/NFS/ttao/scannet/posed_images/scene0692_03/00028.jpg",
      "transform_matrix": [
        [
          0.990858,
          0.021667,
          -0.133157,
          3.267271
        ],
        [
          0.131592,
          0.062256,
          0.989347,
          4.050921
        ],
        [
          0.029726,
          -0.997825,
          0.058836,
          1.672503
        ],
        [
          0.0,
          0.0,
          0.0,
          1.0
        ]
      ]
    },
    {
      "file_path": "/media/NFS/ttao/scannet/posed_images/scene0692_03/00032.jpg",
      "transform_matrix": [
        [
          0.991132,
          0.034093,
          -0.128433,
          3.258995
        ],
        [
          0.130159,
          -0.054461,
          0.989996,
          4.070915
        ],
        [
          0.026757,
          -0.997934,
          -0.058415,
          1.61718
        ],
        [
          0.0,
          0.0,
          0.0,
          1.0
        ]
      ]
    },
    {
      "file_path": "/media/NFS/ttao/scannet/posed_images/scene0692_03/00033.jpg",
      "transform_matrix": [
        [
          0.990959,
          0.039353,
          -0.128265,
          3.256796
        ],
        [
          0.131232,
          -0.085449,
          0.987662,
          4.076165
        ],
        [
          0.027907,
          -0.995565,
          -0.08984,
          1.604843
        ],
        [
          0.0,
          0.0,
          0.0,
          1.0
        ]
      ]
    },
    {
      "file_path": "/media/NFS/ttao/scannet/posed_images/scene0692_03/00038.jpg",
      "transform_matrix": [
        [
          0.987243,
          0.083134,
          -0.135797,
          3.250054
        ],
        [
          0.152007,
          -0.238259,
          0.959232,
          4.09987
        ],
        [
          0.04739,
          -0.967637,
          -0.247856,
          1.528399
        ],
        [
          0.0,
          0.0,
          0.0,
          1.0
        ]
      ]
    },
    {
      "file_path": "/media/NFS/ttao/scannet/posed_images/scene0692_03/00039.jpg",
      "transform_matrix": [
        [
          0.987107,
          0.08947,
          -0.132725,
          3.249479
        ],
        [
          0.152197,
          -0.267852,
          0.951363,
          4.104082
        ],
        [
          0.049568,
          -0.959297,
          -0.278016,
          1.511191
        ],
        [
          0.0,
          0.0,
          0.0,
          1.0
        ]
      ]
    },
    {
      "file_path": "/media/NFS/ttao/scannet/posed_images/scene0692_03/00045.jpg",
      "transform_matrix": [
        [
          0.989589,
          0.071786,
          -0.124745,
          3.257923
        ],
        [
          0.143619,
          -0.436006,
          0.88841,
          4.123199
        ],
        [
          0.009386,
          -0.897076,
          -0.441777,
          1.419873
        ],
        [
          0.0,
          0.0,
          0.0,
          1.0
        ]
      ]
    },
    {
      "file_path": "/media/NFS/ttao/scannet/posed_images/scene0692_03/00047.jpg",
      "transform_matrix": [
        [
          0.990017,
          0.072548,
          -0.120845,
          3.259643
        ],
        [
          0.140856,
          -0.478035,
          0.866973,
          4.125665
        ],
        [
          0.00513,
          -0.875339,
          -0.483482,
          1.396016
        ],
        [
          0.0,
          0.0,
          0.0,
          1.0
        ]
      ]
    },
    {
      "file_path": "/media/NFS/ttao/scannet/posed_images/scene0692_03/00049.jpg",
      "transform_matrix": [
        [
          0.990647,
          0.073286,
          -0.115097,
          3.262919
        ],
        [
          0.136427,
          -0.517079,
          0.844995,
          4.127715
        ],
        [
          0.002412,
          -0.852795,
          -0.522241,
          1.37279
        ],
        [
          0.0,
          0.0,
          0.0,
          1.0
        ]
      ]
    },
    {
      "file_path": "/media/NFS/ttao/scannet/posed_images/scene0692_03/00053.jpg",
      "transform_matrix": [
        [
          0.992163,
          0.064122,
          -0.107243,
          3.272888
        ],
        [
          0.124488,
          -0.581069,
          0.804277,
          4.127964
        ],
        [
          -0.010744,
          -0.811324,
          -0.584498,
          1.325795
        ],
        [
          0.0,
          0.0,
          0.0,
          1.0
        ]
      ]
    },
    {
      "file_path": "/media/NFS/ttao/scannet/posed_images/scene0692_03/00057.jpg",
      "transform_matrix": [
        [
          0.994478,
          0.054164,
          -0.089895,
          3.279079
        ],
        [
          0.103797,
          -0.634263,
          0.766118,
          4.126048
        ],
        [
          -0.015521,
          -0.771218,
          -0.636382,
          1.286973
        ],
        [
          0.0,
          0.0,
          0.0,
          1.0
        ]
      ]
    },
    {
      "file_path": "/media/NFS/ttao/scannet/posed_images/scene0692_03/00062.jpg",
      "transform_matrix": [
        [
          0.996241,
          0.017108,
          -0.084917,
          3.293272
        ],
        [
          0.074201,
          -0.674372,
          0.734654,
          4.126018
        ],
        [
          -0.044698,
          -0.738193,
          -0.673107,
          1.258948
        ],
        [
          0.0,
          0.0,
          0.0,
          1.0
        ]
      ]
    },
    {
      "file_path": "/media/NFS/ttao/scannet/posed_images/scene0692_03/00064.jpg",
      "transform_matrix": [
        [
          0.997267,
          0.006336,
          -0.073614,
          3.298091
        ],
        [
          0.058665,
          -0.673599,
          0.736764,
          4.128228
        ],
        [
          -0.044918,
          -0.739069,
          -0.67213,
          1.260358
        ],
        [
          0.0,
          0.0,
          0.0,
          1.0
        ]
      ]
    },
    {
      "file_path": "/media/NFS/ttao/scannet/posed_images/scene0692_03/00067.jpg",
      "transform_matrix": [
        [
          0.999044,
          -0.014298,
          -0.041319,
          3.306677
        ],
        [
          0.021745,
          -0.657373,
          0.753252,
          4.131742
        ],
        [
          -0.037932,
          -0.75343,
          -0.656433,
          1.269359
        ],
        [
          0.0,
          0.0,
          0.0,
          1.0
        ]
      ]
    },
    {
      "file_path": "/media/NFS/ttao/scannet/posed_images/scene0692_03/00070.jpg",
      "transform_matrix": [
        [
          0.999329,
          -0.036586,
          -0.001813,
          3.319348
        ],
        [
          -0.021354,
          -0.622068,
          0.782671,
          4.133476
        ],
        [
          -0.029763,
          -0.782108,
          -0.622432,
          1.282022
        ],
        [
          0.0,
          0.0,
          0.0,
          1.0
        ]
      ]
    },
    {
      "file_path": "/media/NFS/ttao/scannet/posed_images/scene0692_03/00076.jpg",
      "transform_matrix": [
        [
          0.99241,
          -0.068413,
          0.102187,
          3.340579
        ],
        [
          -0.122842,
          -0.513029,
          0.849535,
          4.136598
        ],
        [
          -0.005694,
          -0.85564,
          -0.517539,
          1.339262
        ],
        [
          0.0,
          0.0,
          0.0,
          1.0
        ]
      ]
    },
    {
      "file_path": "/media/NFS/ttao/scannet/posed_images/scene0692_03/00079.jpg",
      "transform_matrix": [
        [
          0.98801,
          -0.065002,
          0.140039,
          3.353428
        ],
        [
          -0.154358,
          -0.434138,
          0.887523,
          4.134138
        ],
        [
          0.003105,
          -0.898498,
          -0.438967,
          1.380944
        ],
        [
          0.0,
          0.0,
          0.0,
          1.0
        ]
      ]
    },
    {
      "file_path": "/media/NFS/ttao/scannet/posed_images/scene0692_03/00082.jpg",
      "transform_matrix": [
        [
          0.985038,
          -0.065839,
          0.159265,
          3.371366
        ],
        [
          -0.172313,
          -0.360799,
          0.916587,
          4.131261
        ],
        [
          -0.002885,
          -0.930316,
          -0.366746,
          1.424448
        ],
        [
          0.0,
          0.0,
          0.0,
          1.0
        ]
      ]
    },
    {
      "file_path": "/media/NFS/ttao/scannet/posed_images/scene0692_03/00085.jpg",
      "transform_matrix": [
        [
          0.980439,
          -0.063626,
          0.186254,
          3.380529
        ],
        [
          -0.196601,
          -0.271815,
          0.942053,
          4.122972
        ],
        [
          -0.009313,
          -0.960244,
          -0.279007,
          1.465985
        ],
        [
          0.0,
          0.0,
          0.0,
          1.0
        ]
      ]
    },
    {
      "file_path": "/media/NFS/ttao/scannet/posed_images/scene0692_03/00087.jpg",
      "transform_matrix": [
        [
          0.976502,
          -0.056637,
          0.207931,
          3.387262
        ],
        [
          -0.215192,
          -0.204205,
          0.954983,
          4.113791
        ],
        [
          -0.011627,
          -0.977288,
          -0.211595,
          1.497059
        ],
        [
          0.0,
          0.0,
          0.0,
          1.0
        ]
      ]
    },
    {
      "file_path": "/media/NFS/ttao/scannet/posed_images/scene0692_03/00093.jpg",
      "transform_matrix": [
        [
          0.965007,
          -0.019364,
          0.261509,
          3.391609
        ],
        [
          -0.262096,
          -0.039984,
          0.964213,
          4.091159
        ],
        [
          -0.008214,
          -0.999013,
          -0.04366,
          1.597697
        ],
        [
          0.0,
          0.0,
          0.0,
          1.0
        ]
      ]
    },
    {
      "file_path": "/media/NFS/ttao/scannet/posed_images/scene0692_03/00096.jpg",
      "transform_matrix": [
        [
          0.963363,
          0.002405,
          0.26819,
          3.391688
        ],
        [
          -0.267776,
          0.064875,
          0.961294,
          4.069613
        ],
        [
          -0.015087,
          -0.99789,
          0.063142,
          1.633153
        ],
        [
          0.0,
          0.0,
          0.0,
          1.0
        ]
      ]
    },
    {
      "file_path": "/media/NFS/ttao/scannet/posed_images/scene0692_03/00097.jpg",
      "transform_matrix": [
        [
          0.963401,
          0.008053,
          0.267945,
          3.391159
        ],
        [
          -0.267452,
          0.096512,
          0.958726,
          4.062037
        ],
        [
          -0.018139,
          -0.995299,
          0.095134,
          1.64248
        ],
        [
          0.0,
          0.0,
          0.0,
          1.0
        ]
      ]
    },
    {
      "file_path": "/media/NFS/ttao/scannet/posed_images/scene0692_03/00100.jpg",
      "transform_matrix": [
        [
          0.961704,
          0.034479,
          0.271912,
          3.395741
        ],
        [
          -0.273979,
          0.148963,
          0.950129,
          4.043337
        ],
        [
          -0.007745,
          -0.988241,
          0.152705,
          1.669917
        ],
        [
          0.0,
          0.0,
          0.0,
          1.0
        ]
      ]
    },
    {
      "file_path": "/media/NFS/ttao/scannet/posed_images/scene0692_03/00106.jpg",
      "transform_matrix": [
        [
          0.949594,
          0.076749,
          0.303943,
          3.39355
        ],
        [
          -0.313415,
          0.252659,
          0.915388,
          4.015662
        ],
        [
          -0.006538,
          -0.964507,
          0.263977,
          1.699232
        ],
        [
          0.0,
          0.0,
          0.0,
          1.0
        ]
      ]
    },
    {
      "file_path": "/media/NFS/ttao/scannet/posed_images/scene0692_03/00107.jpg",
      "transform_matrix": [
        [
          0.948232,
          0.07872,
          0.307667,
          3.394139
        ],
        [
          -0.317437,
          0.263757,
          0.91086,
          4.012797
        ],
        [
          -0.009447,
          -0.961372,
          0.275092,
          1.701759
        ],
        [
          0.0,
          0.0,
          0.0,
          1.0
        ]
      ]
    },
    {
      "file_path": "/media/NFS/ttao/scannet/posed_images/scene0692_03/00112.jpg",
      "transform_matrix": [
        [
          0.941396,
          0.081333,
          0.32735,
          3.402294
        ],
        [
          -0.336771,
          0.281087,
          0.898652,
          4.004328
        ],
        [
          -0.018923,
          -0.95623,
          0.292005,
          1.7155
        ],
        [
          0.0,
          0.0,
          0.0,
          1.0
        ]
      ]
    },
    {
      "file_path": "/media/NFS/ttao/scannet/posed_images/scene0692_03/00116.jpg",
      "transform_matrix": [
        [
          0.932355,
          0.063894,
          0.355853,
          3.411006
        ],
        [
          -0.360213,
          0.248537,
          0.899153,
          4.014728
        ],
        [
          -0.030992,
          -0.966513,
          0.25474,
          1.697783
        ],
        [
          0.0,
          0.0,
          0.0,
          1.0
        ]
      ]
    },
    {
      "file_path": "/media/NFS/ttao/scannet/posed_images/scene0692_03/00117.jpg",
      "transform_matrix": [
        [
          0.930523,
          0.058278,
          0.361566,
          3.41418
        ],
        [
          -0.364866,
          0.232714,
          0.901508,
          4.018931
        ],
        [
          -0.031603,
          -0.970797,
          0.237809,
          1.691828
        ],
        [
          0.0,
          0.0,
          0.0,
          1.0
        ]
      ]
    },
    {
      "file_path": "/media/NFS/ttao/scannet/posed_images/scene0692_03/00122.jpg",
      "transform_matrix": [
        [
          0.916731,
          0.004289,
          0.399483,
          3.433335
        ],
        [
          -0.397566,
          0.10821,
          0.91117,
          4.046494
        ],
        [
          -0.03932,
          -0.994119,
          0.100905,
          1.66655
        ],
        [
          0.0,
          0.0,
          0.0,
          1.0
        ]
      ]
    },
    {
      "file_path": "/media/NFS/ttao/scannet/posed_images/scene0692_03/00126.jpg",
      "transform_matrix": [
        [
          0.90113,
          -0.047039,
          0.430989,
          3.450146
        ],
        [
          -0.430783,
          0.014948,
          0.902331,
          4.073437
        ],
        [
          -0.048887,
          -0.998781,
          -0.006794,
          1.635927
        ],
        [
          0.0,
          0.0,
          0.0,
          1.0
        ]
      ]
    },
    {
      "file_path": "/media/NFS/ttao/scannet/posed_images/scene0692_03/00129.jpg",
      "transform_matrix": [
        [
          0.893633,
          -0.099321,
          0.437671,
          3.461502
        ],
        [
          -0.443818,
          -0.050684,
          0.894682,
          4.091278
        ],
        [
          -0.066678,
          -0.993764,
          -0.089374,
          1.606249
        ],
        [
          0.0,
          0.0,
          0.0,
          1.0
        ]
      ]
    },
    {
      "file_path": "/media/NFS/ttao/scannet/posed_images/scene0692_03/00130.jpg",
      "transform_matrix": [
        [
          0.892702,
          -0.123068,
          0.433518,
          3.467922
        ],
        [
          -0.44466,
          -0.084247,
          0.891728,
          4.097647
        ],
        [
          -0.07322,
          -0.988816,
          -0.129931,
          1.584964
        ],
        [
          0.0,
          0.0,
          0.0,
          1.0
        ]
      ]
    },
    {
      "file_path": "/media/NFS/ttao/scannet/posed_images/scene0692_03/00136.jpg",
      "transform_matrix": [
        [
          0.873083,
          -0.184507,
          0.451313,
          3.485837
        ],
        [
          -0.483943,
          -0.215205,
          0.848225,
          4.130636
        ],
        [
          -0.059379,
          -0.958981,
          -0.277182,
          1.520777
        ],
        [
          0.0,
          0.0,
          0.0,
          1.0
        ]
      ]
    },
    {
      "file_path": "/media/NFS/ttao/scannet/posed_images/scene0692_03/00139.jpg",
      "transform_matrix": [
        [
          0.861133,
          -0.207332,
          0.464182,
          3.491398
        ],
        [
          -0.506739,
          -0.276747,
          0.816472,
          4.141319
        ],
        [
          -0.040819,
          -0.938309,
          -0.343379,
          1.489428
        ],
        [
          0.0,
          0.0,
          0.0,
          1.0
        ]
      ]
    },
    {
      "file_path": "/media/NFS/ttao/scannet/posed_images/scene0692_03/00143.jpg",
      "transform_matrix": [
        [
          0.852303,
          -0.249322,
          0.459803,
          3.504205
        ],
        [
          -0.52246,
          -0.364105,
          0.771014,
          4.153187
        ],
        [
          -0.024814,
          -0.897366,
          -0.440589,
          1.424241
        ],
        [
          0.0,
          0.0,
          0.0,
          1.0
        ]
      ]
    },
    {
      "file_path": "/media/NFS/ttao/scannet/posed_images/scene0692_03/00145.jpg",
      "transform_matrix": [
        [
          0.849857,
          -0.271627,
          0.451622,
          3.506286
        ],
        [
          -0.526585,
          -0.403104,
          0.748475,
          4.155802
        ],
        [
          -0.021256,
          -0.873914,
          -0.485616,
          1.398143
        ],
        [
          0.0,
          0.0,
          0.0,
          1.0
        ]
      ]
    },
    {
      "file_path": "/media/NFS/ttao/scannet/posed_images/scene0692_03/00148.jpg",
      "transform_matrix": [
        [
          0.847314,
          -0.303597,
          0.435761,
          3.511315
        ],
        [
          -0.530707,
          -0.452791,
          0.71647,
          4.1577
        ],
        [
          -0.02021,
          -0.838337,
          -0.544778,
          1.362405
        ],
        [
          0.0,
          0.0,
          0.0,
          1.0
        ]
      ]
    },
    {
      "file_path": "/media/NFS/ttao/scannet/posed_images/scene0692_03/00153.jpg",
      "transform_matrix": [
        [
          0.838362,
          -0.369267,
          0.400988,
          3.522468
        ],
        [
          -0.542131,
          -0.487957,
          0.684099,
          4.147314
        ],
        [
          -0.05695,
          -0.79091,
          -0.609276,
          1.303884
        ],
        [
          0.0,
          0.0,
          0.0,
          1.0
        ]
      ]
    },
    {
      "file_path": "/media/NFS/ttao/scannet/posed_images/scene0692_03/00155.jpg",
      "transform_matrix": [
        [
          0.834682,
          -0.391594,
          0.387246,
          3.533289
        ],
        [
          -0.545743,
          -0.49369,
          0.677078,
          4.142453
        ],
        [
          -0.07396,
          -0.776482,
          -0.625784,
          1.294476
        ],
        [
          0.0,
          0.0,
          0.0,
          1.0
        ]
      ]
    },
    {
      "file_path": "/media/NFS/ttao/scannet/posed_images/scene0692_03/00158.jpg",
      "transform_matrix": [
        [
          0.830669,
          -0.401305,
          0.385933,
          3.55443
        ],
        [
          -0.552156,
          -0.504742,
          0.663595,
          4.141759
        ],
        [
          -0.071507,
          -0.764323,
          -0.640856,
          1.296937
        ],
        [
          0.0,
          0.0,
          0.0,
          1.0
        ]
      ]
    },
    {
      "file_path": "/media/NFS/ttao/scannet/posed_images/scene0692_03/00160.jpg",
      "transform_matrix": [
        [
          0.826392,
          -0.395693,
          0.400628,
          3.566863
        ],
        [
          -0.559209,
          -0.493274,
          0.666307,
          4.135134
        ],
        [
          -0.066034,
          -0.774666,
          -0.628913,
          1.297861
        ],
        [
          0.0,
          0.0,
          0.0,
          1.0
        ]
      ]
    },
    {
      "file_path": "/media/NFS/ttao/scannet/posed_images/scene0692_03/00166.jpg",
      "transform_matrix": [
        [
          0.798154,
          -0.345321,
          0.493664,
          3.624679
        ],
        [
          -0.601333,
          -0.406673,
          0.687761,
          4.128508
        ],
        [
          -0.036738,
          -0.845795,
          -0.532241,
          1.352554
        ],
        [
          0.0,
          0.0,
          0.0,
          1.0
        ]
      ]
    },
    {
      "file_path": "/media/NFS/ttao/scannet/posed_images/scene0692_03/00169.jpg",
      "transform_matrix": [
        [
          0.79241,
          -0.292451,
          0.535312,
          3.655431
        ],
        [
          -0.609821,
          -0.359204,
          0.706464,
          4.118613
        ],
        [
          -0.014319,
          -0.886253,
          -0.46298,
          1.388511
        ],
        [
          0.0,
          0.0,
          0.0,
          1.0
        ]
      ]
    },
    {
      "file_path": "/media/NFS/ttao/scannet/posed_images/scene0692_03/00172.jpg",
      "transform_matrix": [
        [
          0.78603,
          -0.236415,
          0.571195,
          3.68165
        ],
        [
          -0.618133,
          -0.312886,
          0.72112,
          4.107818
        ],
        [
          0.008235,
          -0.919897,
          -0.392074,
          1.419064
        ],
        [
          0.0,
          0.0,
          0.0,
          1.0
        ]
      ]
    },
    {
      "file_path": "/media/NFS/ttao/scannet/posed_images/scene0692_03/00176.jpg",
      "transform_matrix": [
        [
          0.768285,
          -0.188554,
          0.611707,
          3.709978
        ],
        [
          -0.639995,
          -0.244229,
          0.728532,
          4.105939
        ],
        [
          0.012029,
          -0.95121,
          -0.308311,
          1.468833
        ],
        [
          0.0,
          0.0,
          0.0,
          1.0
        ]
      ]
    },
    {
      "file_path": "/media/NFS/ttao/scannet/posed_images/scene0692_03/00177.jpg",
      "transform_matrix": [
        [
          0.763464,
          -0.178786,
          0.620611,
          3.715518
        ],
        [
          -0.645763,
          -0.227134,
          0.728972,
          4.106606
        ],
        [
          0.010632,
          -0.957311,
          -0.288863,
          1.482282
        ],
        [
          0.0,
          0.0,
          0.0,
          1.0
        ]
      ]
    },
    {
      "file_path": "/media/NFS/ttao/scannet/posed_images/scene0692_03/00180.jpg",
      "transform_matrix": [
        [
          0.75094,
          -0.1531,
          0.642378,
          3.742603
        ],
        [
          -0.660338,
          -0.183731,
          0.728146,
          4.107924
        ],
        [
          0.006545,
          -0.970981,
          -0.239069,
          1.527285
        ],
        [
          0.0,
          0.0,
          0.0,
          1.0
        ]
      ]
    },
    {
      "file_path": "/media/NFS/ttao/scannet/posed_images/scene0692_03/00186.jpg",
      "transform_matrix": [
        [
          0.693714,
          -0.087051,
          0.71497,
          3.756741
        ],
        [
          -0.720235,
          -0.077393,
          0.689399,
          4.126347
        ],
        [
          -0.004679,
          -0.993193,
          -0.116386,
          1.598736
        ],
        [
          0.0,
          0.0,
          0.0,
          1.0
        ]
      ]
    },
    {
      "file_path": "/media/NFS/ttao/scannet/posed_images/scene0692_03/00190.jpg",
      "transform_matrix": [
        [
          0.628319,
          -0.055433,
          0.775978,
          3.768681
        ],
        [
          -0.777947,
          -0.040116,
          0.627048,
          4.150255
        ],
        [
          -0.00363,
          -0.997656,
          -0.06833,
          1.644204
        ],
        [
          0.0,
          0.0,
          0.0,
          1.0
        ]
      ]
    },
    {
      "file_path": "/media/NFS/ttao/scannet/posed_images/scene0692_03/00191.jpg",
      "transform_matrix": [
        [
          0.611655,
          -0.050662,
          0.789501,
          3.769236
        ],
        [
          -0.791117,
          -0.034741,
          0.610677,
          4.157734
        ],
        [
          -0.00351,
          -0.998111,
          -0.061329,
          1.65526
        ],
        [
          0.0,
          0.0,
          0.0,
          1.0
        ]
      ]
    },
    {
      "file_path": "/media/NFS/ttao/scannet/posed_images/scene0692_03/00195.jpg",
      "transform_matrix": [
        [
          0.539752,
          -0.021984,
          0.841537,
          3.77226
        ],
        [
          -0.841819,
          -0.010463,
          0.539659,
          4.186333
        ],
        [
          -0.003059,
          -0.999704,
          -0.024154,
          1.687385
        ],
        [
          0.0,
          0.0,
          0.0,
          1.0
        ]
      ]
    },
    {
      "file_path": "/media/NFS/ttao/scannet/posed_images/scene0692_03/00200.jpg",
      "transform_matrix": [
        [
          0.466554,
          0.045377,
          0.883328,
          3.766982
        ],
        [
          -0.88414,
          0.052135,
          0.464305,
          4.206039
        ],
        [
          -0.024984,
          -0.997609,
          0.064444,
          1.710491
        ],
        [
          0.0,
          0.0,
          0.0,
          1.0
        ]
      ]
    },
    {
      "file_path": "/media/NFS/ttao/scannet/posed_images/scene0692_03/00204.jpg",
      "transform_matrix": [
        [
          0.435854,
          0.059499,
          0.898049,
          3.770989
        ],
        [
          -0.899059,
          0.07481,
          0.431388,
          4.215713
        ],
        [
          -0.041516,
          -0.995421,
          0.086099,
          1.724783
        ],
        [
          0.0,
          0.0,
          0.0,
          1.0
        ]
      ]
    },
    {
      "file_path": "/media/NFS/ttao/scannet/posed_images/scene0692_03/00205.jpg",
      "transform_matrix": [
        [
          0.428173,
          0.06028,
          0.901684,
          3.77196
        ],
        [
          -0.902569,
          0.078362,
          0.423354,
          4.218149
        ],
        [
          -0.045138,
          -0.995101,
          0.087959,
          1.723825
        ],
        [
          0.0,
          0.0,
          0.0,
          1.0
        ]
      ]
    },
    {
      "file_path": "/media/NFS/ttao/scannet/posed_images/scene0692_03/00210.jpg",
      "transform_matrix": [
        [
          0.37969,
          0.01406,
          0.925007,
          3.785722
        ],
        [
          -0.92375,
          0.06003,
          0.378262,
          4.240991
        ],
        [
          -0.05021,
          -0.998098,
          0.035781,
          1.677008
        ],
        [
          0.0,
          0.0,
          0.0,
          1.0
        ]
      ]
    },
    {
      "file_path": "/media/NFS/ttao/scannet/posed_images/scene0692_03/00214.jpg",
      "transform_matrix": [
        [
          0.363711,
          -0.060824,
          0.929524,
          3.806103
        ],
        [
          -0.929783,
          0.037052,
          0.366237,
          4.256413
        ],
        [
          -0.056716,
          -0.997461,
          -0.043077,
          1.635163
        ],
        [
          0.0,
          0.0,
          0.0,
          1.0
        ]
      ]
    },
    {
      "file_path": "/media/NFS/ttao/scannet/posed_images/scene0692_03/00215.jpg",
      "transform_matrix": [
        [
          0.362228,
          -0.08591,
          0.928122,
          3.812753
        ],
        [
          -0.930397,
          0.026655,
          0.365583,
          4.260898
        ],
        [
          -0.056146,
          -0.995946,
          -0.070275,
          1.629068
        ],
        [
          0.0,
          0.0,
          0.0,
          1.0
        ]
      ]
    },
    {
      "file_path": "/media/NFS/ttao/scannet/posed_images/scene0692_03/00220.jpg",
      "transform_matrix": [
        [
          0.342922,
          -0.213497,
          0.914781,
          3.828667
        ],
        [
          -0.938715,
          -0.041709,
          0.34216,
          4.289178
        ],
        [
          -0.034895,
          -0.976053,
          -0.214716,
          1.532966
        ],
        [
          0.0,
          0.0,
          0.0,
          1.0
        ]
      ]
    },
    {
      "file_path": "/media/NFS/ttao/scannet/posed_images/scene0692_03/00222.jpg",
      "transform_matrix": [
        [
          0.339566,
          -0.261722,
          0.903436,
          3.836636
        ],
        [
          -0.939692,
          -0.052626,
          0.337948,
          4.295372
        ],
        [
          -0.040904,
          -0.963707,
          -0.263808,
          1.500239
        ],
        [
          0.0,
          0.0,
          0.0,
          1.0
        ]
      ]
    },
    {
      "file_path": "/media/NFS/ttao/scannet/posed_images/scene0692_03/00225.jpg",
      "transform_matrix": [
        [
          0.34164,
          -0.327927,
          0.880764,
          3.856764
        ],
        [
          -0.938402,
          -0.067366,
          0.338916,
          4.297332
        ],
        [
          -0.051806,
          -0.942298,
          -0.330742,
          1.462786
        ],
        [
          0.0,
          0.0,
          0.0,
          1.0
        ]
      ]
    },
    {
      "file_path": "/media/NFS/ttao/scannet/posed_images/scene0692_03/00228.jpg",
      "transform_matrix": [
        [
          0.333932,
          -0.371951,
          0.866107,
          3.866686
        ],
        [
          -0.941067,
          -0.079225,
          0.32881,
          4.300966
        ],
        [
          -0.053684,
          -0.924865,
          -0.376486,
          1.41953
        ],
        [
          0.0,
          0.0,
          0.0,
          1.0
        ]
      ]
    },
    {
      "file_path": "/media/NFS/ttao/scannet/posed_images/scene0692_03/00232.jpg",
      "transform_matrix": [
        [
          0.341492,
          -0.447593,
          0.826465,
          3.871756
        ],
        [
          -0.938808,
          -0.120364,
          0.322726,
          4.298114
        ],
        [
          -0.044973,
          -0.8861,
          -0.461307,
          1.359619
        ],
        [
          0.0,
          0.0,
          0.0,
          1.0
        ]
      ]
    },
    {
      "file_path": "/media/NFS/ttao/scannet/posed_images/scene0692_03/00235.jpg",
      "transform_matrix": [
        [
          0.353693,
          -0.501125,
          0.789795,
          3.885435
        ],
        [
          -0.934659,
          -0.156623,
          0.31919,
          4.293622
        ],
        [
          -0.036254,
          -0.851084,
          -0.523777,
          1.316638
        ],
        [
          0.0,
          0.0,
          0.0,
          1.0
        ]
      ]
    },
    {
      "file_path": "/media/NFS/ttao/scannet/posed_images/scene0692_03/00240.jpg",
      "transform_matrix": [
        [
          0.383815,
          -0.571265,
          0.725495,
          3.922946
        ],
        [
          -0.921964,
          -0.19313,
          0.335682,
          4.280957
        ],
        [
          -0.051648,
          -0.79772,
          -0.600812,
          1.271927
        ],
        [
          0.0,
          0.0,
          0.0,
          1.0
        ]
      ]
    },
    {
      "file_path": "/media/NFS/ttao/scannet/posed_images/scene0692_03/00242.jpg",
      "transform_matrix": [
        [
          0.400686,
          -0.576086,
          0.712444,
          3.943106
        ],
        [
          -0.91442,
          -0.202791,
          0.350302,
          4.275625
        ],
        [
          -0.057327,
          -0.791834,
          -0.60804,
          1.270169
        ],
        [
          0.0,
          0.0,
          0.0,
          1.0
        ]
      ]
    },
    {
      "file_path": "/media/NFS/ttao/scannet/posed_images/scene0692_03/00245.jpg",
      "transform_matrix": [
        [
          0.422514,
          -0.572497,
          0.702659,
          3.971716
        ],
        [
          -0.90515,
          -0.226533,
          0.359703,
          4.267653
        ],
        [
          -0.046753,
          -0.787991,
          -0.613909,
          1.267654
        ],
        [
          0.0,
          0.0,
          0.0,
          1.0
        ]
      ]
    },
    {
      "file_path": "/media/NFS/ttao/scannet/posed_images/scene0692_03/00250.jpg",
      "transform_matrix": [
        [
          0.434924,
          -0.522258,
          0.733545,
          4.036616
        ],
        [
          -0.900064,
          -0.22775,
          0.371504,
          4.248876
        ],
        [
          -0.026956,
          -0.821813,
          -0.569119,
          1.319906
        ],
        [
          0.0,
          0.0,
          0.0,
          1.0
        ]
      ]
    },
    {
      "file_path": "/media/NFS/ttao/scannet/posed_images/scene0692_03/00253.jpg",
      "transform_matrix": [
        [
          0.437287,
          -0.466661,
          0.76877,
          4.063664
        ],
        [
          -0.899011,
          -0.204355,
          0.387322,
          4.233502
        ],
        [
          -0.023646,
          -0.860504,
          -0.508895,
          1.361898
        ],
        [
          0.0,
          0.0,
          0.0,
          1.0
        ]
      ]
    },
    {
      "file_path": "/media/NFS/ttao/scannet/posed_images/scene0692_03/00257.jpg",
      "transform_matrix": [
        [
          0.419915,
          -0.401971,
          0.81369,
          4.088661
        ],
        [
          -0.907471,
          -0.173214,
          0.382744,
          4.224797
        ],
        [
          -0.012909,
          -0.89912,
          -0.437512,
          1.412228
        ],
        [
          0.0,
          0.0,
          0.0,
          1.0
        ]
      ]
    },
    {
      "file_path": "/media/NFS/ttao/scannet/posed_images/scene0692_03/00260.jpg",
      "transform_matrix": [
        [
          0.410216,
          -0.367851,
          0.834511,
          4.107087
        ],
        [
          -0.911944,
          -0.156446,
          0.379318,
          4.226614
        ],
        [
          -0.008977,
          -0.91663,
          -0.399636,
          1.458827
        ],
        [
          0.0,
