{
  "frames": [
    {
      "file_path": "/media/NFS/ttao/scannet/posed_images/scene0569_00/00000.jpg",
      "transform_matrix": [
        [
          0.043475,
          0.355565,
          -0.93364,
          4.719731
        ],
        [
          0.999055,
          -0.015372,
          0.040667,
          2.440673
        ],
        [
          0.000108,
          -0.934525,
          -0.355897,
          1.492728
        ],
        [
          0.0,
          0.0,
          0.0,
          1.0
        ]
      ]
    },
    {
      "file_path": "/media/NFS/ttao/scannet/posed_images/scene0569_00/00006.jpg",
      "transform_matrix": [
        [
          0.059694,
          0.379376,
          -0.923315,
          4.717012
        ],
        [
          0.998213,
          -0.020122,
          0.056268,
          2.443791
        ],
        [
          0.002768,
          -0.925024,
          -0.379899,
          1.485207
        ],
        [
          0.0,
          0.0,
          0.0,
          1.0
        ]
      ]
    },
    {
      "file_path": "/media/NFS/ttao/scannet/posed_images/scene0569_00/00009.jpg",
      "transform_matrix": [
        [
          0.063501,
          0.392363,
          -0.917616,
          4.716456
        ],
        [
          0.997954,
          -0.018064,
          0.061337,
          2.44248
        ],
        [
          0.00749,
          -0.919633,
          -0.392707,
          1.475927
        ],
        [
          0.0,
          0.0,
          0.0,
          1.0
        ]
      ]
    },
    {
      "file_path": "/media/NFS/ttao/scannet/posed_images/scene0569_00/00010.jpg",
      "transform_matrix": [
        [
          0.069714,
          0.398699,
          -0.914428,
          4.711668
        ],
        [
          0.997541,
          -0.021204,
          0.066805,
          2.432454
        ],
        [
          0.007245,
          -0.916837,
          -0.399197,
          1.472815
        ],
        [
          0.0,
          0.0,
          0.0,
          1.0
        ]
      ]
    },
    {
      "file_path": "/media/NFS/ttao/scannet/posed_images/scene0569_00/00017.jpg",
      "transform_matrix": [
        [
          0.068946,
          0.442516,
          -0.894106,
          4.709059
        ],
        [
          0.997474,
          -0.045913,
          0.054193,
          2.434958
        ],
        [
          -0.01707,
          -0.895584,
          -0.444564,
          1.428574
        ],
        [
          0.0,
          0.0,
          0.0,
          1.0
        ]
      ]
    },
    {
      "file_path": "/media/NFS/ttao/scannet/posed_images/scene0569_00/00019.jpg",
      "transform_matrix": [
        [
          0.06731,
          0.459853,
          -0.88544,
          4.708226
        ],
        [
          0.997524,
          -0.049171,
          0.050294,
          2.439813
        ],
        [
          -0.02041,
          -0.886633,
          -0.462024,
          1.412708
        ],
        [
          0.0,
          0.0,
          0.0,
          1.0
        ]
      ]
    },
    {
      "file_path": "/media/NFS/ttao/scannet/posed_images/scene0569_00/00023.jpg",
      "transform_matrix": [
        [
          0.081688,
          0.511038,
          -0.855668,
          4.710474
        ],
        [
          0.996517,
          -0.056347,
          0.061482,
          2.439781
        ],
        [
          -0.016795,
          -0.857709,
          -0.513861,
          1.376827
        ],
        [
          0.0,
          0.0,
          0.0,
          1.0
        ]
      ]
    },
    {
      "file_path": "/media/NFS/ttao/scannet/posed_images/scene0569_00/00028.jpg",
      "transform_matrix": [
        [
          0.102003,
          0.558183,
          -0.823424,
          4.700731
        ],
        [
          0.994439,
          -0.079017,
          0.069623,
          2.445593
        ],
        [
          -0.026203,
          -0.825947,
          -0.563139,
          1.374434
        ],
        [
          0.0,
          0.0,
          0.0,
          1.0
        ]
      ]
    },
    {
      "file_path": "/media/NFS/ttao/scannet/posed_images/scene0569_00/00033.jpg",
      "transform_matrix": [
        [
          0.098373,
          0.510487,
          -0.85424,
          4.691929
        ],
        [
          0.994669,
          -0.077126,
          0.068454,
          2.457647
        ],
        [
          -0.030939,
          -0.85642,
          -0.515353,
          1.413687
        ],
        [
          0.0,
          0.0,
          0.0,
          1.0
        ]
      ]
    },
    {
      "file_path": "/media/NFS/ttao/scannet/posed_images/scene0569_00/00035.jpg",
      "transform_matrix": [
        [
          0.093514,
          0.479715,
          -0.872427,
          4.691605
        ],
        [
          0.994943,
          -0.077283,
          0.064152,
          2.457302
        ],
        [
          -0.036649,
          -0.874014,
          -0.484516,
          1.428603
        ],
        [
          0.0,
          0.0,
          0.0,
          1.0
        ]
      ]
    },
    {
      "file_path": "/media/NFS/ttao/scannet/posed_images/scene0569_00/00041.jpg",
      "transform_matrix": [
        [
          0.059458,
          0.396454,
          -0.916127,
          4.680886
        ],
        [
          0.997396,
          -0.061131,
          0.038278,
          2.456578
        ],
        [
          -0.040828,
          -0.916017,
          -0.399056,
          1.498504
        ],
        [
          0.0,
          0.0,
          0.0,
          1.0
        ]
      ]
    },
    {
      "file_path": "/media/NFS/ttao/scannet/posed_images/scene0569_00/00042.jpg",
      "transform_matrix": [
        [
          0.057635,
          0.38297,
          -0.921961,
          4.67831
        ],
        [
          0.997658,
          -0.056162,
          0.039039,
          2.454986
        ],
        [
          -0.036828,
          -0.922052,
          -0.38531,
          1.506592
        ],
        [
          0.0,
          0.0,
          0.0,
          1.0
        ]
      ]
    },
    {
      "file_path": "/media/NFS/ttao/scannet/posed_images/scene0569_00/00046.jpg",
      "transform_matrix": [
        [
          0.072197,
          0.308732,
          -0.948405,
          4.675357
        ],
        [
          0.996961,
          -0.050252,
          0.059535,
          2.449556
        ],
        [
          -0.029279,
          -0.949821,
          -0.311421,
          1.555301
        ],
        [
          0.0,
          0.0,
          0.0,
          1.0
        ]
      ]
    },
    {
      "file_path": "/media/NFS/ttao/scannet/posed_images/scene0569_00/00050.jpg",
      "transform_matrix": [
        [
          0.085971,
          0.254972,
          -0.963119,
          4.674378
        ],
        [
          0.996193,
          -0.03599,
          0.079396,
          2.453133
        ],
        [
          -0.014419,
          -0.966278,
          -0.257096,
          1.595653
        ],
        [
          0.0,
          0.0,
          0.0,
          1.0
        ]
      ]
    },
    {
      "file_path": "/media/NFS/ttao/scannet/posed_images/scene0569_00/00056.jpg",
      "transform_matrix": [
        [
          0.137569,
          0.192719,
          -0.971563,
          4.666371
        ],
        [
          0.990415,
          -0.014486,
          0.137365,
          2.42972
        ],
        [
          0.012399,
          -0.981147,
          -0.192864,
          1.64189
        ],
        [
          0.0,
          0.0,
          0.0,
          1.0
        ]
      ]
    },
    {
      "file_path": "/media/NFS/ttao/scannet/posed_images/scene0569_00/00058.jpg",
      "transform_matrix": [
        [
          0.144088,
          0.185719,
          -0.971981,
          4.661371
        ],
        [
          0.989397,
          -0.00893,
          0.144964,
          2.427096
        ],
        [
          0.018243,
          -0.982562,
          -0.185037,
          1.661197
        ],
        [
          0.0,
          0.0,
          0.0,
          1.0
        ]
      ]
    },
    {
      "file_path": "/media/NFS/ttao/scannet/posed_images/scene0569_00/00062.jpg",
      "transform_matrix": [
        [
          0.160056,
          0.150196,
          -0.975614,
          4.667155
        ],
        [
          0.986994,
          -0.00935,
          0.160484,
          2.419621
        ],
        [
          0.014982,
          -0.988612,
          -0.14974,
          1.672589
        ],
        [
          0.0,
          0.0,
          0.0,
          1.0
        ]
      ]
    },
    {
      "file_path": "/media/NFS/ttao/scannet/posed_images/scene0569_00/00067.jpg",
      "transform_matrix": [
        [
          0.196057,
          0.128286,
          -0.972165,
          4.662533
        ],
        [
          0.980382,
          -0.046199,
          0.191618,
          2.408904
        ],
        [
          -0.020331,
          -0.990661,
          -0.134827,
          1.691482
        ],
        [
          0.0,
          0.0,
          0.0,
          1.0
        ]
      ]
    },
    {
      "file_path": "/media/NFS/ttao/scannet/posed_images/scene0569_00/00069.jpg",
      "transform_matrix": [
        [
          0.211888,
          0.124836,
          -0.969288,
          4.66023
        ],
        [
          0.97691,
          -0.054843,
          0.206491,
          2.404102
        ],
        [
          -0.027382,
          -0.990661,
          -0.133574,
          1.692019
        ],
        [
          0.0,
          0.0,
          0.0,
          1.0
        ]
      ]
    },
    {
      "file_path": "/media/NFS/ttao/scannet/posed_images/scene0569_00/00074.jpg",
      "transform_matrix": [
        [
          0.259652,
          0.118519,
          -0.958402,
          4.6535
        ],
        [
          0.965311,
          -0.060091,
          0.254093,
          2.4045
        ],
        [
          -0.027477,
          -0.991132,
          -0.13001,
          1.707567
        ],
        [
          0.0,
          0.0,
          0.0,
          1.0
        ]
      ]
    },
    {
      "file_path": "/media/NFS/ttao/scannet/posed_images/scene0569_00/00078.jpg",
      "transform_matrix": [
        [
          0.301129,
          0.104684,
          -0.94782,
          4.646108
        ],
        [
          0.953059,
          -0.065985,
          0.295506,
          2.389098
        ],
        [
          -0.031607,
          -0.992314,
          -0.11964,
          1.700046
        ],
        [
          0.0,
          0.0,
          0.0,
          1.0
        ]
      ]
    },
    {
      "file_path": "/media/NFS/ttao/scannet/posed_images/scene0569_00/00084.jpg",
      "transform_matrix": [
        [
          0.342175,
          0.118271,
          -0.932163,
          4.603568
        ],
        [
          0.939593,
          -0.052567,
          0.338233,
          2.37576
        ],
        [
          -0.008998,
          -0.991589,
          -0.129114,
          1.691256
        ],
        [
          0.0,
          0.0,
          0.0,
          1.0
        ]
      ]
    },
    {
      "file_path": "/media/NFS/ttao/scannet/posed_images/scene0569_00/00086.jpg",
      "transform_matrix": [
        [
          0.342242,
          0.125263,
          -0.931224,
          4.597986
        ],
        [
          0.939593,
          -0.051903,
          0.338336,
          2.382998
        ],
        [
          -0.005952,
          -0.990765,
          -0.13546,
          1.680357
        ],
        [
          0.0,
          0.0,
          0.0,
          1.0
        ]
      ]
    },
    {
      "file_path": "/media/NFS/ttao/scannet/posed_images/scene0569_00/00091.jpg",
      "transform_matrix": [
        [
          0.342176,
          0.149491,
          -0.927668,
          4.546081
        ],
        [
          0.939179,
          -0.085204,
          0.332692,
          2.390283
        ],
        [
          -0.029306,
          -0.985085,
          -0.169554,
          1.64574
        ],
        [
          0.0,
          0.0,
          0.0,
          1.0
        ]
      ]
    },
    {
      "file_path": "/media/NFS/ttao/scannet/posed_images/scene0569_00/00095.jpg",
      "transform_matrix": [
        [
          0.335091,
          0.197202,
          -0.921317,
          4.509852
        ],
        [
          0.942008,
          -0.089089,
          0.323548,
          2.400141
        ],
        [
          -0.018275,
          -0.976306,
          -0.215619,
          1.594009
        ],
        [
          0.0,
          0.0,
          0.0,
          1.0
        ]
      ]
    },
    {
      "file_path": "/media/NFS/ttao/scannet/posed_images/scene0569_00/00099.jpg",
      "transform_matrix": [
        [
          0.34273,
          0.262982,
          -0.901874,
          4.460257
        ],
        [
          0.939434,
          -0.095184,
          0.329249,
          2.40842
        ],
        [
          0.000743,
          -0.960094,
          -0.279677,
          1.556055
        ],
        [
          0.0,
          0.0,
          0.0,
          1.0
        ]
      ]
    },
    {
      "file_path": "/media/NFS/ttao/scannet/posed_images/scene0569_00/00102.jpg",
      "transform_matrix": [
        [
          0.35244,
          0.28985,
          -0.889816,
          4.432384
        ],
        [
          0.935773,
          -0.098281,
          0.338628,
          2.412457
        ],
        [
          0.010699,
          -0.952013,
          -0.305872,
          1.510975
        ],
        [
          0.0,
          0.0,
          0.0,
          1.0
        ]
      ]
    },
    {
      "file_path": "/media/NFS/ttao/scannet/posed_images/scene0569_00/00103.jpg",
      "transform_matrix": [
        [
          0.356798,
          0.303921,
          -0.883361,
          4.421897
        ],
        [
          0.934132,
          -0.106353,
          0.340714,
          2.414085
        ],
        [
          0.009602,
          -0.946742,
          -0.321849,
          1.501806
        ],
        [
          0.0,
          0.0,
          0.0,
          1.0
        ]
      ]
    },
    {
      "file_path": "/media/NFS/ttao/scannet/posed_images/scene0569_00/00109.jpg",
      "transform_matrix": [
        [
          0.394571,
          0.38487,
          -0.834379,
          4.373158
        ],
        [
          0.918551,
          -0.141472,
          0.369119,
          2.415514
        ],
        [
          0.024022,
          -0.912064,
          -0.409344,
          1.432564
        ],
        [
          0.0,
          0.0,
          0.0,
          1.0
        ]
      ]
    },
    {
      "file_path": "/media/NFS/ttao/scannet/posed_images/scene0569_00/00114.jpg",
      "transform_matrix": [
        [
          0.438862,
          0.431726,
          -0.788043,
          4.329872
        ],
        [
          0.898075,
          -0.182099,
          0.400377,
          2.401175
        ],
        [
          0.029351,
          -0.883432,
          -0.467639,
          1.389192
        ],
        [
          0.0,
          0.0,
          0.0,
          1.0
        ]
      ]
    },
    {
      "file_path": "/media/NFS/ttao/scannet/posed_images/scene0569_00/00119.jpg",
      "transform_matrix": [
        [
          0.484136,
          0.432399,
          -0.760686,
          4.273522
        ],
        [
          0.874993,
          -0.239067,
          0.420992,
          2.38118
        ],
        [
          0.000182,
          -0.869412,
          -0.494087,
          1.418877
        ],
        [
          0.0,
          0.0,
          0.0,
          1.0
        ]
      ]
    },
    {
      "file_path": "/media/NFS/ttao/scannet/posed_images/scene0569_00/00120.jpg",
      "transform_matrix": [
        [
          0.491388,
          0.421083,
          -0.762383,
          4.267309
        ],
        [
          0.870936,
          -0.240361,
          0.428598,
          2.368383
        ],
        [
          -0.002772,
          -0.874595,
          -0.484847,
          1.426219
        ],
        [
          0.0,
          0.0,
          0.0,
          1.0
        ]
      ]
    },
    {
      "file_path": "/media/NFS/ttao/scannet/posed_images/scene0569_00/00125.jpg",
      "transform_matrix": [
        [
          0.521823,
          0.368737,
          -0.769242,
          4.216296
        ],
        [
          0.853027,
          -0.232694,
          0.467117,
          2.309711
        ],
        [
          -0.006754,
          -0.899937,
          -0.435967,
          1.456869
        ],
        [
          0.0,
          0.0,
          0.0,
          1.0
        ]
      ]
    },
    {
      "file_path": "/media/NFS/ttao/scannet/posed_images/scene0569_00/00130.jpg",
      "transform_matrix": [
        [
          0.529405,
          0.347246,
          -0.774048,
          4.165575
        ],
        [
          0.847959,
          -0.244943,
          0.470073,
          2.253119
        ],
        [
          -0.026366,
          -0.90522,
          -0.424125,
          1.47594
        ],
        [
          0.0,
          0.0,
          0.0,
          1.0
        ]
      ]
    },
    {
      "file_path": "/media/NFS/ttao/scannet/posed_images/scene0569_00/00134.jpg",
      "transform_matrix": [
        [
          0.535378,
          0.352787,
          -0.767406,
          4.11862
        ],
        [
          0.84446,
          -0.240845,
          0.478415,
          2.21589
        ],
        [
          -0.016047,
          -0.904177,
          -0.426858,
          1.479119
        ],
        [
          0.0,
          0.0,
          0.0,
          1.0
        ]
      ]
    },
    {
      "file_path": "/media/NFS/ttao/scannet/posed_images/scene0569_00/00135.jpg",
      "transform_matrix": [
        [
          0.53514,
          0.356533,
          -0.765839,
          4.108562
        ],
        [
          0.84468,
          -0.238565,
          0.479169,
          2.213555
        ],
        [
          -0.011863,
          -0.903311,
          -0.428822,
          1.483435
        ],
        [
          0.0,
          0.0,
          0.0,
          1.0
        ]
      ]
    },
    {
      "file_path": "/media/NFS/ttao/scannet/posed_images/scene0569_00/00141.jpg",
      "transform_matrix": [
        [
          0.53926,
          0.342603,
          -0.7693,
          4.035196
        ],
        [
          0.842135,
          -0.216216,
          0.494025,
          2.205272
        ],
        [
          0.00292,
          -0.914262,
          -0.405114,
          1.488503
        ],
        [
          0.0,
          0.0,
          0.0,
          1.0
        ]
      ]
    },
    {
      "file_path": "/media/NFS/ttao/scannet/posed_images/scene0569_00/00145.jpg",
      "transform_matrix": [
        [
          0.525123,
          0.33257,
          -0.783354,
          3.970454
        ],
        [
          0.850856,
          -0.223588,
          0.47545,
          2.2093
        ],
        [
          -0.017028,
          -0.916191,
          -0.40038,
          1.490054
        ],
        [
          0.0,
          0.0,
          0.0,
          1.0
        ]
      ]
    },
    {
      "file_path": "/media/NFS/ttao/scannet/posed_images/scene0569_00/00146.jpg",
      "transform_matrix": [
        [
          0.521695,
          0.330417,
          -0.786548,
          3.953568
        ],
        [
          0.852838,
          -0.22619,
          0.470644,
          2.212681
        ],
        [
          -0.0224,
          -0.916331,
          -0.399794,
          1.490623
        ],
        [
          0.0,
          0.0,
          0.0,
          1.0
        ]
      ]
    },
    {
      "file_path": "/media/NFS/ttao/scannet/posed_images/scene0569_00/00153.jpg",
      "transform_matrix": [
        [
          0.463713,
          0.330552,
          -0.822013,
          3.853665
        ],
        [
          0.884135,
          -0.232588,
          0.405227,
          2.233994
        ],
        [
          -0.057241,
          -0.914679,
          -0.400107,
          1.508303
        ],
        [
          0.0,
          0.0,
          0.0,
          1.0
        ]
      ]
    },
    {
      "file_path": "/media/NFS/ttao/scannet/posed_images/scene0569_00/00155.jpg",
      "transform_matrix": [
        [
          0.449211,
          0.325971,
          -0.831836,
          3.823453
        ],
        [
          0.891646,
          -0.222308,
          0.394394,
          2.237749
        ],
        [
          -0.056363,
          -0.91887,
          -0.390514,
          1.509084
        ],
        [
          0.0,
          0.0,
          0.0,
          1.0
        ]
      ]
    },
    {
      "file_path": "/media/NFS/ttao/scannet/posed_images/scene0569_00/00160.jpg",
      "transform_matrix": [
        [
          0.418627,
          0.35221,
          -0.837078,
          3.748037
        ],
        [
          0.906805,
          -0.212419,
          0.364121,
          2.243151
        ],
        [
          -0.049564,
          -0.911497,
          -0.40831,
          1.501873
        ],
        [
          0.0,
          0.0,
          0.0,
          1.0
        ]
      ]
    },
    {
      "file_path": "/media/NFS/ttao/scannet/posed_images/scene0569_00/00162.jpg",
      "transform_matrix": [
        [
          0.417316,
          0.358388,
          -0.835108,
          3.713278
        ],
        [
          0.907652,
          -0.209764,
          0.363547,
          2.242947
        ],
        [
          -0.044885,
          -0.909702,
          -0.41283,
          1.503497
        ],
        [
          0.0,
          0.0,
          0.0,
          1.0
        ]
      ]
    },
    {
      "file_path": "/media/NFS/ttao/scannet/posed_images/scene0569_00/00166.jpg",
      "transform_matrix": [
        [
          0.423253,
          0.34973,
          -0.83579,
          3.633928
        ],
        [
          0.905033,
          -0.206063,
          0.372093,
          2.236911
        ],
        [
          -0.042093,
          -0.913908,
          -0.403734,
          1.502098
        ],
        [
          0.0,
          0.0,
          0.0,
          1.0
        ]
      ]
    },
    {
      "file_path": "/media/NFS/ttao/scannet/posed_images/scene0569_00/00172.jpg",
      "transform_matrix": [
        [
          0.470005,
          0.321414,
          -0.822063,
          3.50915
        ],
        [
          0.881373,
          -0.221249,
          0.41741,
          2.233908
        ],
        [
          -0.047719,
          -0.920729,
          -0.387274,
          1.50567
        ],
        [
          0.0,
          0.0,
          0.0,
          1.0
        ]
      ]
    },
    {
      "file_path": "/media/NFS/ttao/scannet/posed_images/scene0569_00/00173.jpg",
      "transform_matrix": [
        [
          0.481872,
          0.318718,
          -0.816222,
          3.486076
        ],
        [
          0.87496,
          -0.225374,
          0.428546,
          2.228201
        ],
        [
          -0.04737,
          -0.920666,
          -0.387467,
          1.505398
        ],
        [
          0.0,
          0.0,
          0.0,
          1.0
        ]
      ]
    },
    {
      "file_path": "/media/NFS/ttao/scannet/posed_images/scene0569_00/00179.jpg",
      "transform_matrix": [
        [
          0.540604,
          0.276975,
          -0.794375,
          3.366405
        ],
        [
          0.839713,
          -0.2352,
          0.489451,
          2.21259
        ],
        [
          -0.051271,
          -0.931647,
          -0.35973,
          1.514142
        ],
        [
          0.0,
          0.0,
          0.0,
          1.0
        ]
      ]
    },
    {
      "file_path": "/media/NFS/ttao/scannet/posed_images/scene0569_00/00182.jpg",
      "transform_matrix": [
        [
          0.563731,
          0.28053,
          -0.776859,
          3.310556
        ],
        [
          0.824133,
          -0.253539,
          0.506481,
          2.209535
        ],
        [
          -0.054881,
          -0.925754,
          -0.374122,
          1.506556
        ],
        [
          0.0,
          0.0,
          0.0,
          1.0
        ]
      ]
    },
    {
      "file_path": "/media/NFS/ttao/scannet/posed_images/scene0569_00/00187.jpg",
      "transform_matrix": [
        [
          0.563266,
          0.286503,
          -0.775014,
          3.214777
        ],
        [
          0.823153,
          -0.276039,
          0.496207,
          2.224231
        ],
        [
          -0.07177,
          -0.917452,
          -0.39132,
          1.49111
        ],
        [
          0.0,
          0.0,
          0.0,
          1.0
        ]
      ]
    },
    {
      "file_path": "/media/NFS/ttao/scannet/posed_images/scene0569_00/00192.jpg",
      "transform_matrix": [
        [
          0.558824,
          0.313429,
          -0.767774,
          3.108582
        ],
        [
          0.826105,
          -0.291417,
          0.482315,
          2.241142
        ],
        [
          -0.072571,
          -0.903791,
          -0.421776,
          1.471074
        ],
        [
          0.0,
          0.0,
          0.0,
          1.0
        ]
      ]
    },
    {
      "file_path": "/media/NFS/ttao/scannet/posed_images/scene0569_00/00195.jpg",
      "transform_matrix": [
        [
          0.551653,
          0.314293,
          -0.772593,
          3.04619
        ],
        [
          0.829696,
          -0.301565,
          0.469749,
          2.251609
        ],
        [
          -0.085348,
          -0.900155,
          -0.427126,
          1.46906
        ],
        [
          0.0,
          0.0,
          0.0,
          1.0
        ]
      ]
    },
    {
      "file_path": "/media/NFS/ttao/scannet/posed_images/scene0569_00/00200.jpg",
      "transform_matrix": [
        [
          0.52931,
          0.323092,
          -0.784501,
          2.947917
        ],
        [
          0.843774,
          -0.297183,
          0.446909,
          2.268574
        ],
        [
          -0.088748,
          -0.898495,
          -0.429919,
          1.489782
        ],
        [
          0.0,
          0.0,
          0.0,
          1.0
        ]
      ]
    },
    {
      "file_path": "/media/NFS/ttao/scannet/posed_images/scene0569_00/00201.jpg",
      "transform_matrix": [
        [
          0.525717,
          0.328937,
          -0.784488,
          2.926862
        ],
        [
          0.846789,
          -0.290237,
          0.445771,
          2.267475
        ],
        [
          -0.081057,
          -0.898645,
          -0.431122,
          1.487764
        ],
        [
          0.0,
          0.0,
          0.0,
          1.0
        ]
      ]
    },
    {
      "file_path": "/media/NFS/ttao/scannet/posed_images/scene0569_00/00205.jpg",
      "transform_matrix": [
        [
          0.530246,
          0.33165,
          -0.780287,
          2.846384
        ],
        [
          0.844851,
          -0.283948,
          0.453433,
          2.271262
        ],
        [
          -0.071179,
          -0.899657,
          -0.430757,
          1.488361
        ],
        [
          0.0,
          0.0,
          0.0,
          1.0
        ]
      ]
    },
    {
      "file_path": "/media/NFS/ttao/scannet/posed_images/scene0569_00/00210.jpg",
      "transform_matrix": [
        [
          0.559975,
          0.307228,
          -0.769441,
          2.744304
        ],
        [
          0.825306,
          -0.288433,
          0.485465,
          2.27952
        ],
        [
          -0.072784,
          -0.906872,
          -0.415072,
          1.481137
        ],
        [
          0.0,
          0.0,
          0.0,
          1.0
        ]
      ]
    },
    {
      "file_path": "/media/NFS/ttao/scannet/posed_images/scene0569_00/00214.jpg",
      "transform_matrix": [
        [
          0.607818,
          0.294902,
          -0.737286,
          2.65389
        ],
        [
          0.791272,
          -0.302892,
          0.531172,
          2.271701
        ],
        [
          -0.066674,
          -0.90625,
          -0.417452,
          1.478182
        ],
        [
          0.0,
          0.0,
          0.0,
          1.0
        ]
      ]
    },
    {
      "file_path": "/media/NFS/ttao/scannet/posed_images/scene0569_00/00218.jpg",
      "transform_matrix": [
        [
          0.6598,
          0.278435,
          -0.697952,
          2.567817
        ],
        [
          0.749224,
          -0.315053,
          0.582585,
          2.274103
        ],
        [
          -0.05768,
          -0.907312,
          -0.416482,
          1.493555
        ],
        [
          0.0,
          0.0,
          0.0,
          1.0
        ]
      ]
    },
    {
      "file_path": "/media/NFS/ttao/scannet/posed_images/scene0569_00/00221.jpg",
      "transform_matrix": [
        [
          0.683509,
          0.264526,
          -0.680324,
          2.512984
        ],
        [
          0.727502,
          -0.323007,
          0.605316,
          2.271236
        ],
        [
          -0.059628,
          -0.908677,
          -0.413221,
          1.475577
        ],
        [
          0.0,
          0.0,
          0.0,
          1.0
        ]
      ]
    },
    {
      "file_path": "/media/NFS/ttao/scannet/posed_images/scene0569_00/00227.jpg",
      "transform_matrix": [
        [
          0.728204,
          0.231529,
          -0.645068,
          2.399006
        ],
        [
          0.681503,
          -0.34433,
          0.645748,
          2.303355
        ],
        [
          -0.072606,
          -0.909852,
          -0.408531,
          1.489168
        ],
        [
          0.0,
          0.0,
          0.0,
          1.0
        ]
      ]
    },
    {
      "file_path": "/media/NFS/ttao/scannet/posed_images/scene0569_00/00229.jpg",
      "transform_matrix": [
        [
          0.742347,
          0.206972,
          -0.637246,
          2.358964
        ],
        [
          0.664236,
          -0.351983,
          0.659468,
          2.314848
        ],
        [
          -0.087808,
          -0.912836,
          -0.398773,
          1.490827
        ],
        [
          0.0,
          0.0,
          0.0,
          1.0
        ]
      ]
    },
    {
      "file_path": "/media/NFS/ttao/scannet/posed_images/scene0569_00/00232.jpg",
      "transform_matrix": [
        [
          0.746831,
          0.185946,
          -0.638489,
          2.303618
        ],
        [
          0.656745,
          -0.357159,
          0.664171,
          2.333262
        ],
        [
          -0.104542,
          -0.915348,
          -0.388857,
          1.494078
        ],
        [
          0.0,
          0.0,
          0.0,
          1.0
        ]
      ]
    },
    {
      "file_path": "/media/NFS/ttao/scannet/posed_images/scene0569_00/00236.jpg",
      "transform_matrix": [
        [
          0.744999,
          0.152082,
          -0.649497,
          2.220823
        ],
        [
          0.652663,
          -0.367417,
          0.662598,
          2.358628
        ],
        [
          -0.137867,
          -0.917538,
          -0.372984,
          1.510936
        ],
        [
          0.0,
          0.0,
          0.0,
          1.0
        ]
      ]
    },
    {
      "file_path": "/media/NFS/ttao/scannet/posed_images/scene0569_00/00239.jpg",
      "transform_matrix": [
        [
          0.748731,
          0.136912,
          -0.648581,
          2.157337
        ],
        [
          0.647745,
          -0.358966,
          0.67199,
          2.374107
        ],
        [
          -0.140815,
          -0.923254,
          -0.357453,
          1.520402
        ],
        [
          0.0,
          0.0,
          0.0,
          1.0
        ]
      ]
    },
    {
      "file_path": "/media/NFS/ttao/scannet/posed_images/scene0569_00/00246.jpg",
      "transform_matrix": [
        [
          0.787172,
          0.123222,
          -0.604298,
          2.030165
        ],
        [
          0.605102,
          -0.343711,
          0.718133,
          2.40572
        ],
        [
          -0.119214,
          -0.930956,
          -0.345122,
          1.51477
        ],
        [
          0.0,
          0.0,
          0.0,
          1.0
        ]
      ]
    },
    {
      "file_path": "/media/NFS/ttao/scannet/posed_images/scene0569_00/00249.jpg",
      "transform_matrix": [
        [
          0.816225,
          0.100447,
          -0.568935,
          1.975447
        ],
        [
          0.564262,
          -0.350025,
          0.747724,
          2.426549
        ],
        [
          -0.124035,
          -0.931339,
          -0.342378,
          1.513238
        ],
        [
          0.0,
          0.0,
          0.0,
          1.0
        ]
      ]
    },
    {
      "file_path": "/media/NFS/ttao/scannet/posed_images/scene0569_00/00251.jpg",
      "transform_matrix": [
        [
          0.846481,
          0.082476,
          -0.525992,
          1.929729
        ],
        [
          0.517825,
          -0.357256,
          0.77732,
          2.439087
        ],
        [
          -0.123804,
          -0.930358,
          -0.345118,
          1.502687
        ],
        [
          0.0,
          0.0,
          0.0,
          1.0
        ]
      ]
    },
    {
      "file_path": "/media/NFS/ttao/scannet/posed_images/scene0569_00/00258.jpg",
      "transform_matrix": [
        [
          0.918203,
          0.028933,
          -0.395051,
          1.797572
        ],
        [
          0.374977,
          -0.384888,
          0.843358,
          2.475597
        ],
        [
          -0.12765,
          -0.92251,
          -0.364255,
          1.503599
        ],
        [
          0.0,
          0.0,
          0.0,
          1.0
        ]
      ]
    },
    {
      "file_path": "/media/NFS/ttao/scannet/posed_images/scene0569_00/00259.jpg",
      "transform_matrix": [
        [
          0.923427,
          0.022573,
          -0.383108,
          1.782861
        ],
        [
          0.361082,
          -0.389274,
          0.847399,
          2.481585
        ],
        [
          -0.130005,
          -0.920845,
          -0.367617,
          1.501227
        ],
        [
          0.0,
          0.0,
          0.0,
          1.0
        ]
      ]
    },
    {
      "file_path": "/media/NFS/ttao/scannet/posed_images/scene0569_00/00264.jpg",
      "transform_matrix": [
        [
          0.95215,
          0.009781,
          -0.305474,
          1.696587
        ],
        [
          0.283906,
          -0.398402,
          0.872166,
          2.518518
        ],
        [
          -0.113171,
          -0.917159,
          -0.382116,
          1.505444
        ],
        [
          0.0,
          0.0,
          0.0,
          1.0
        ]
      ]
    },
    {
      "file_path": "/media/NFS/ttao/scannet/posed_images/scene0569_00/00266.jpg",
      "transform_matrix": [
        [
          0.958769,
          0.012271,
          -0.28392,
          1.658532
        ],
        [
          0.265956,
          -0.390803,
          0.881216,
          2.532642
        ],
        [
          -0.100143,
          -0.920393,
          -0.377954,
          1.490101
        ],
        [
          0.0,
          0.0,
          0.0,
          1.0
        ]
      ]
    },
    {
      "file_path": "/media/NFS/ttao/scannet/posed_images/scene0569_00/00271.jpg",
      "transform_matrix": [
        [
          0.967297,
          0.013646,
          -0.25328,
          1.559855
        ],
        [
          0.234953,
          -0.424444,
          0.874439,
          2.587064
        ],
        [
          -0.095571,
          -0.905351,
          -0.41377,
          1.44664
        ],
        [
          0.0,
          0.0,
          0.0,
          1.0
        ]
      ]
    },
    {
      "file_path": "/media/NFS/ttao/scannet/posed_images/scene0569_00/00274.jpg",
      "transform_matrix": [
        [
          0.973423,
          0.021358,
          -0.228015,
          1.522394
        ],
        [
          0.212497,
          -0.455485,
          0.86451,
          2.622182
        ],
        [
          -0.085394,
          -0.889987,
          -0.447918,
          1.424055
        ],
        [
          0.0,
          0.0,
          0.0,
          1.0
        ]
      ]
    },
    {
      "file_path": "/media/NFS/ttao/scannet/posed_images/scene0569_00/00279.jpg",
      "transform_matrix": [
        [
          0.985811,
          0.026581,
          -0.165743,
          1.463179
        ],
        [
          0.157133,
          -0.493443,
          0.855467,
          2.667754
        ],
        [
          -0.059046,
          -0.869372,
          -0.490618,
          1.397225
        ],
        [
          0.0,
          0.0,
          0.0,
          1.0
        ]
      ]
    },
    {
      "file_path": "/media/NFS/ttao/scannet/posed_images/scene0569_00/00285.jpg",
      "transform_matrix": [
        [
          0.997244,
          -0.000472,
          -0.074184,
          1.3842
        ],
        [
          0.06312,
          -0.519999,
          0.851832,
          2.722284
        ],
        [
          -0.038978,
          -0.854167,
          -0.518536,
          1.375615
        ],
        [
          0.0,
          0.0,
          0.0,
          1.0
        ]
      ]
    },
    {
      "file_path": "/media/NFS/ttao/scannet/posed_images/scene0569_00/00287.jpg",
      "transform_matrix": [
        [
          0.99904,
          -0.010533,
          -0.042531,
          1.356608
        ],
        [
          0.030493,
          -0.529915,
          0.847502,
          2.738991
        ],
        [
          -0.031465,
          -0.847985,
          -0.529085,
          1.372934
        ],
        [
          0.0,
          0.0,
          0.0,
          1.0
        ]
      ]
    },
    {
      "file_path": "/media/NFS/ttao/scannet/posed_images/scene0569_00/00290.jpg",
      "transform_matrix": [
        [
          0.999184,
          -0.04015,
          -0.00432,
          1.315106
        ],
        [
          -0.01746,
          -0.526003,
          0.850304,
          2.755073
        ],
        [
          -0.036412,
          -0.849534,
          -0.526275,
          1.379527
        ],
        [
          0.0,
          0.0,
          0.0,
          1.0
        ]
      ]
    },
    {
      "file_path": "/media/NFS/ttao/scannet/posed_images/scene0569_00/00295.jpg",
      "transform_matrix": [
        [
          0.994669,
          -0.092751,
          0.045068,
          1.244862
        ],
        [
          -0.086202,
          -0.508011,
          0.857026,
          2.791616
        ],
        [
          -0.056595,
          -0.856342,
          -0.513298,
          1.392398
        ],
        [
          0.0,
          0.0,
          0.0,
          1.0
        ]
      ]
    },
    {
      "file_path": "/media/NFS/ttao/scannet/posed_images/scene0569_00/00300.jpg",
      "transform_matrix": [
        [
          0.984706,
          -0.12535,
          0.121003,
          1.195172
        ],
        [
          -0.167825,
          -0.495936,
          0.851987,
          2.833798
        ],
        [
          -0.046787,
          -0.859264,
          -0.509388,
          1.401741
        ],
        [
