{
  "frames": [
    {
      "file_path": "/media/NFS/ttao/scannet/posed_images/scene0124_01/00000.jpg",
      "transform_matrix": [
        [
          -0.093727,
          0.635971,
          -0.766001,
          2.709152
        ],
        [
          0.99558,
          0.05531,
          -0.075897,
          0.387551
        ],
        [
          -0.005901,
          -0.769729,
          -0.638344,
          1.20381
        ],
        [
          0.0,
          0.0,
          0.0,
          1.0
        ]
      ]
    },
    {
      "file_path": "/media/NFS/ttao/scannet/posed_images/scene0124_01/00010.jpg",
      "transform_matrix": [
        [
          -0.19897,
          0.596505,
          -0.777555,
          2.712086
        ],
        [
          0.97987,
          0.134269,
          -0.147736,
          0.415745
        ],
        [
          0.016276,
          -0.791299,
          -0.611213,
          1.217578
        ],
        [
          0.0,
          0.0,
          0.0,
          1.0
        ]
      ]
    },
    {
      "file_path": "/media/NFS/ttao/scannet/posed_images/scene0124_01/00013.jpg",
      "transform_matrix": [
        [
          -0.213758,
          0.59703,
          -0.773216,
          2.713736
        ],
        [
          0.976583,
          0.15033,
          -0.153903,
          0.42705
        ],
        [
          0.024353,
          -0.788007,
          -0.615184,
          1.213831
        ],
        [
          0.0,
          0.0,
          0.0,
          1.0
        ]
      ]
    },
    {
      "file_path": "/media/NFS/ttao/scannet/posed_images/scene0124_01/00021.jpg",
      "transform_matrix": [
        [
          -0.233799,
          0.607067,
          -0.759479,
          2.70373
        ],
        [
          0.97217,
          0.133948,
          -0.192206,
          0.461821
        ],
        [
          -0.014952,
          -0.78328,
          -0.621489,
          1.206042
        ],
        [
          0.0,
          0.0,
          0.0,
          1.0
        ]
      ]
    },
    {
      "file_path": "/media/NFS/ttao/scannet/posed_images/scene0124_01/00031.jpg",
      "transform_matrix": [
        [
          -0.305987,
          0.633829,
          -0.710375,
          2.692875
        ],
        [
          0.95197,
          0.194911,
          -0.236143,
          0.518688
        ],
        [
          -0.011215,
          -0.748512,
          -0.663026,
          1.173403
        ],
        [
          0.0,
          0.0,
          0.0,
          1.0
        ]
      ]
    },
    {
      "file_path": "/media/NFS/ttao/scannet/posed_images/scene0124_01/00035.jpg",
      "transform_matrix": [
        [
          -0.360326,
          0.62859,
          -0.689231,
          2.688424
        ],
        [
          0.932815,
          0.246392,
          -0.262957,
          0.557187
        ],
        [
          0.004529,
          -0.737675,
          -0.67514,
          1.170387
        ],
        [
          0.0,
          0.0,
          0.0,
          1.0
        ]
      ]
    },
    {
      "file_path": "/media/NFS/ttao/scannet/posed_images/scene0124_01/00044.jpg",
      "transform_matrix": [
        [
          -0.457425,
          0.593657,
          -0.662068,
          2.689693
        ],
        [
          0.88894,
          0.324859,
          -0.32288,
          0.64848
        ],
        [
          0.023399,
          -0.736232,
          -0.676324,
          1.162537
        ],
        [
          0.0,
          0.0,
          0.0,
          1.0
        ]
      ]
    },
    {
      "file_path": "/media/NFS/ttao/scannet/posed_images/scene0124_01/00050.jpg",
      "transform_matrix": [
        [
          -0.536173,
          0.559839,
          -0.631742,
          2.706709
        ],
        [
          0.843852,
          0.373933,
          -0.384822,
          0.709667
        ],
        [
          0.020791,
          -0.739428,
          -0.672914,
          1.156374
        ],
        [
          0.0,
          0.0,
          0.0,
          1.0
        ]
      ]
    },
    {
      "file_path": "/media/NFS/ttao/scannet/posed_images/scene0124_01/00058.jpg",
      "transform_matrix": [
        [
          -0.654052,
          0.424558,
          -0.626072,
          2.760755
        ],
        [
          0.75645,
          0.367428,
          -0.541092,
          0.844634
        ],
        [
          0.000312,
          -0.827494,
          -0.561474,
          1.166097
        ],
        [
          0.0,
          0.0,
          0.0,
          1.0
        ]
      ]
    },
    {
      "file_path": "/media/NFS/ttao/scannet/posed_images/scene0124_01/00061.jpg",
      "transform_matrix": [
        [
          -0.679843,
          0.393756,
          -0.618684,
          2.782588
        ],
        [
          0.732985,
          0.337921,
          -0.590375,
          0.905556
        ],
        [
          -0.023398,
          -0.854848,
          -0.518351,
          1.16194
        ],
        [
          0.0,
          0.0,
          0.0,
          1.0
        ]
      ]
    },
    {
      "file_path": "/media/NFS/ttao/scannet/posed_images/scene0124_01/00069.jpg",
      "transform_matrix": [
        [
          -0.713509,
          0.397082,
          -0.577261,
          2.835609
        ],
        [
          0.699262,
          0.351823,
          -0.622296,
          1.00007
        ],
        [
          -0.044009,
          -0.847671,
          -0.528693,
          1.143575
        ],
        [
          0.0,
          0.0,
          0.0,
          1.0
        ]
      ]
    },
    {
      "file_path": "/media/NFS/ttao/scannet/posed_images/scene0124_01/00077.jpg",
      "transform_matrix": [
        [
          -0.748381,
          0.383484,
          -0.54117,
          2.859745
        ],
        [
          0.662184,
          0.385338,
          -0.642672,
          1.048478
        ],
        [
          -0.037921,
          -0.839318,
          -0.542317,
          1.121072
        ],
        [
          0.0,
          0.0,
          0.0,
          1.0
        ]
      ]
    },
    {
      "file_path": "/media/NFS/ttao/scannet/posed_images/scene0124_01/00086.jpg",
      "transform_matrix": [
        [
          -0.751477,
          0.341222,
          -0.564668,
          2.859651
        ],
        [
          0.659674,
          0.374771,
          -0.651442,
          1.064208
        ],
        [
          -0.010665,
          -0.862041,
          -0.506727,
          1.141293
        ],
        [
          0.0,
          0.0,
          0.0,
          1.0
        ]
      ]
    },
    {
      "file_path": "/media/NFS/ttao/scannet/posed_images/scene0124_01/00094.jpg",
      "transform_matrix": [
        [
          -0.726865,
          0.33549,
          -0.59926,
          2.85612
        ],
        [
          0.686704,
          0.368017,
          -0.626898,
          1.042561
        ],
        [
          0.01022,
          -0.867185,
          -0.497881,
          1.167307
        ],
        [
          0.0,
          0.0,
          0.0,
          1.0
        ]
      ]
    },
    {
      "file_path": "/media/NFS/ttao/scannet/posed_images/scene0124_01/00100.jpg",
      "transform_matrix": [
        [
          -0.68901,
          0.362043,
          -0.627845,
          2.849367
        ],
        [
          0.724718,
          0.3359,
          -0.601626,
          1.007213
        ],
        [
          -0.006921,
          -0.869537,
          -0.493818,
          1.209399
        ],
        [
          0.0,
          0.0,
          0.0,
          1.0
        ]
      ]
    },
    {
      "file_path": "/media/NFS/ttao/scannet/posed_images/scene0124_01/00106.jpg",
      "transform_matrix": [
        [
          -0.641284,
          0.388767,
          -0.661525,
          2.844259
        ],
        [
          0.766151,
          0.371667,
          -0.524285,
          0.959055
        ],
        [
          0.042043,
          -0.843044,
          -0.536198,
          1.223981
        ],
        [
          0.0,
          0.0,
          0.0,
          1.0
        ]
      ]
    },
    {
      "file_path": "/media/NFS/ttao/scannet/posed_images/scene0124_01/00113.jpg",
      "transform_matrix": [
        [
          -0.580945,
          0.366126,
          -0.726949,
          2.853905
        ],
        [
          0.811476,
          0.330004,
          -0.48229,
          0.870536
        ],
        [
          0.063317,
          -0.870086,
          -0.488816,
          1.24977
        ],
        [
          0.0,
          0.0,
          0.0,
          1.0
        ]
      ]
    },
    {
      "file_path": "/media/NFS/ttao/scannet/posed_images/scene0124_01/00121.jpg",
      "transform_matrix": [
        [
          -0.491731,
          0.32443,
          -0.80805,
          2.851284
        ],
        [
          0.866682,
          0.271925,
          -0.418234,
          0.759323
        ],
        [
          0.084041,
          -0.905981,
          -0.414892,
          1.289795
        ],
        [
          0.0,
          0.0,
          0.0,
          1.0
        ]
      ]
    },
    {
      "file_path": "/media/NFS/ttao/scannet/posed_images/scene0124_01/00125.jpg",
      "transform_matrix": [
        [
          -0.46695,
          0.322492,
          -0.823381,
          2.842328
        ],
        [
          0.879014,
          0.270779,
          -0.392445,
          0.718626
        ],
        [
          0.096394,
          -0.907015,
          -0.409916,
          1.29405
        ],
        [
          0.0,
          0.0,
          0.0,
          1.0
        ]
      ]
    },
    {
      "file_path": "/media/NFS/ttao/scannet/posed_images/scene0124_01/00132.jpg",
      "transform_matrix": [
        [
          -0.432875,
          0.338559,
          -0.835462,
          2.806914
        ],
        [
          0.89615,
          0.262009,
          -0.358143,
          0.668894
        ],
        [
          0.097646,
          -0.90373,
          -0.416817,
          1.289947
        ],
        [
          0.0,
          0.0,
          0.0,
          1.0
        ]
      ]
    },
    {
      "file_path": "/media/NFS/ttao/scannet/posed_images/scene0124_01/00138.jpg",
      "transform_matrix": [
        [
          -0.438655,
          0.366588,
          -0.820485,
          2.771705
        ],
        [
          0.896219,
          0.245646,
          -0.369391,
          0.63366
        ],
        [
          0.066135,
          -0.897369,
          -0.436297,
          1.278648
        ],
        [
          0.0,
          0.0,
          0.0,
          1.0
        ]
      ]
    },
    {
      "file_path": "/media/NFS/ttao/scannet/posed_images/scene0124_01/00150.jpg",
      "transform_matrix": [
        [
          -0.523788,
          0.302386,
          -0.796372,
          2.741785
        ],
        [
          0.851075,
          0.225602,
          -0.474105,
          0.538636
        ],
        [
          0.0363,
          -0.926103,
          -0.375521,
          1.321101
        ],
        [
          0.0,
          0.0,
          0.0,
          1.0
        ]
      ]
    },
    {
      "file_path": "/media/NFS/ttao/scannet/posed_images/scene0124_01/00152.jpg",
      "transform_matrix": [
        [
          -0.513404,
          0.301291,
          -0.803517,
          2.737465
        ],
        [
          0.857042,
          0.227519,
          -0.462291,
          0.522334
        ],
        [
          0.043531,
          -0.925991,
          -0.375028,
          1.323495
        ],
        [
          0.0,
          0.0,
          0.0,
          1.0
        ]
      ]
    },
    {
      "file_path": "/media/NFS/ttao/scannet/posed_images/scene0124_01/00159.jpg",
      "transform_matrix": [
        [
          -0.392287,
          0.364448,
          -0.844564,
          2.721094
        ],
        [
          0.919009,
          0.194358,
          -0.342996,
          0.451504
        ],
        [
          0.039143,
          -0.910715,
          -0.411175,
          1.313405
        ],
        [
          0.0,
          0.0,
          0.0,
          1.0
        ]
      ]
    },
    {
      "file_path": "/media/NFS/ttao/scannet/posed_images/scene0124_01/00171.jpg",
      "transform_matrix": [
        [
          -0.06152,
          0.529129,
          -0.846308,
          2.703677
        ],
        [
          0.997962,
          0.046997,
          -0.04316,
          0.306889
        ],
        [
          0.016937,
          -0.847239,
          -0.530942,
          1.274361
        ],
        [
          0.0,
          0.0,
          0.0,
          1.0
        ]
      ]
    },
    {
      "file_path": "/media/NFS/ttao/scannet/posed_images/scene0124_01/00173.jpg",
      "transform_matrix": [
        [
          -0.026013,
          0.52989,
          -0.847667,
          2.701826
        ],
        [
          0.999255,
          0.037959,
          -0.006936,
          0.29016
        ],
        [
          0.028501,
          -0.847216,
          -0.530483,
          1.274447
        ],
        [
          0.0,
          0.0,
          0.0,
          1.0
        ]
      ]
    },
    {
      "file_path": "/media/NFS/ttao/scannet/posed_images/scene0124_01/00184.jpg",
      "transform_matrix": [
        [
          0.103072,
          0.562659,
          -0.820238,
          2.685388
        ],
        [
          0.993182,
          -0.013068,
          0.11584,
          0.246141
        ],
        [
          0.05446,
          -0.826586,
          -0.56017,
          1.257977
        ],
        [
          0.0,
          0.0,
          0.0,
          1.0
        ]
      ]
    },
    {
      "file_path": "/media/NFS/ttao/scannet/posed_images/scene0124_01/00192.jpg",
      "transform_matrix": [
        [
          0.213228,
          0.598353,
          -0.772339,
          2.665269
        ],
        [
          0.974883,
          -0.078264,
          0.208513,
          0.233932
        ],
        [
          0.064318,
          -0.797401,
          -0.600012,
          1.229961
        ],
        [
          0.0,
          0.0,
          0.0,
          1.0
        ]
      ]
    },
    {
      "file_path": "/media/NFS/ttao/scannet/posed_images/scene0124_01/00194.jpg",
      "transform_matrix": [
        [
          0.238884,
          0.599749,
          -0.763698,
          2.662134
        ],
        [
          0.969286,
          -0.099916,
          0.224725,
          0.235185
        ],
        [
          0.058473,
          -0.793925,
          -0.605197,
          1.225609
        ],
        [
          0.0,
          0.0,
          0.0,
          1.0
        ]
      ]
    },
    {
      "file_path": "/media/NFS/ttao/scannet/posed_images/scene0124_01/00205.jpg",
      "transform_matrix": [
        [
          0.371695,
          0.575999,
          -0.728058,
          2.640836
        ],
        [
          0.928347,
          -0.227374,
          0.294064,
          0.248037
        ],
        [
          0.003839,
          -0.785192,
          -0.61924,
          1.213373
        ],
        [
          0.0,
          0.0,
          0.0,
          1.0
        ]
      ]
    },
    {
      "file_path": "/media/NFS/ttao/scannet/posed_images/scene0124_01/00207.jpg",
      "transform_matrix": [
        [
          0.374164,
          0.573925,
          -0.728431,
          2.641455
        ],
        [
          0.927361,
          -0.232797,
          0.292928,
          0.252297
        ],
        [
          -0.001458,
          -0.785121,
          -0.61934,
          1.21587
        ],
        [
          0.0,
          0.0,
          0.0,
          1.0
        ]
      ]
    },
    {
      "file_path": "/media/NFS/ttao/scannet/posed_images/scene0124_01/00219.jpg",
      "transform_matrix": [
        [
          0.398343,
          0.465164,
          -0.790535,
          2.635275
        ],
        [
          0.916892,
          -0.225553,
          0.329294,
          0.297114
        ],
        [
          -0.025131,
          -0.856007,
          -0.516353,
          1.274754
        ],
        [
          0.0,
          0.0,
          0.0,
          1.0
        ]
      ]
    },
    {
      "file_path": "/media/NFS/ttao/scannet/posed_images/scene0124_01/00223.jpg",
      "transform_matrix": [
        [
          0.399385,
          0.441013,
          -0.803741,
          2.636175
        ],
        [
          0.916378,
          -0.218099,
          0.335685,
          0.31253
        ],
        [
          -0.027254,
          -0.870598,
          -0.49124,
          1.291653
        ],
        [
          0.0,
          0.0,
          0.0,
          1.0
        ]
      ]
    },
    {
      "file_path": "/media/NFS/ttao/scannet/posed_images/scene0124_01/00230.jpg",
      "transform_matrix": [
        [
          0.335473,
          0.402407,
          -0.851778,
          2.647583
        ],
        [
          0.941934,
          -0.15742,
          0.296611,
          0.341156
        ],
        [
          -0.014729,
          -0.901824,
          -0.431851,
          1.314037
        ],
        [
          0.0,
          0.0,
          0.0,
          1.0
        ]
      ]
    },
    {
      "file_path": "/media/NFS/ttao/scannet/posed_images/scene0124_01/00240.jpg",
      "transform_matrix": [
        [
          0.225667,
          0.348609,
          -0.909696,
          2.673932
        ],
        [
          0.97403,
          -0.063078,
          0.217454,
          0.35923
        ],
        [
          0.018425,
          -0.935143,
          -0.35379,
          1.33915
        ],
        [
          0.0,
          0.0,
          0.0,
          1.0
        ]
      ]
    },
    {
      "file_path": "/media/NFS/ttao/scannet/posed_images/scene0124_01/00242.jpg",
      "transform_matrix": [
        [
          0.22402,
          0.340571,
          -0.913141,
          2.676651
        ],
        [
          0.974446,
          -0.062467,
          0.215761,
          0.363836
        ],
        [
          0.016441,
          -0.938141,
          -0.345862,
          1.342924
        ],
        [
          0.0,
          0.0,
          0.0,
          1.0
        ]
      ]
    },
    {
      "file_path": "/media/NFS/ttao/scannet/posed_images/scene0124_01/00251.jpg",
      "transform_matrix": [
        [
          0.206418,
          0.258371,
          -0.943735,
          2.688133
        ],
        [
          0.978437,
          -0.061625,
          0.197137,
          0.373642
        ],
        [
          -0.007223,
          -0.964078,
          -0.26552,
          1.371235
        ],
        [
          0.0,
          0.0,
          0.0,
          1.0
        ]
      ]
    },
    {
      "file_path": "/media/NFS/ttao/scannet/posed_images/scene0124_01/00261.jpg",
      "transform_matrix": [
        [
          0.200126,
          0.182035,
          -0.962711,
          2.697895
        ],
        [
          0.978987,
          -0.076419,
          0.18906,
          0.385635
        ],
        [
          -0.039153,
          -0.980318,
          -0.193503,
          1.389998
        ],
        [
          0.0,
          0.0,
          0.0,
          1.0
        ]
      ]
    },
    {
      "file_path": "/media/NFS/ttao/scannet/posed_images/scene0124_01/00263.jpg",
      "transform_matrix": [
        [
          0.19958,
          0.173048,
          -0.96448,
          2.698603
        ],
        [
          0.978812,
          -0.081184,
          0.18798,
          0.388503
        ],
        [
          -0.045771,
          -0.981562,
          -0.185584,
          1.392624
        ],
        [
          0.0,
          0.0,
          0.0,
          1.0
        ]
      ]
    },
    {
      "file_path": "/media/NFS/ttao/scannet/posed_images/scene0124_01/00269.jpg",
      "transform_matrix": [
        [
          0.202631,
          0.136112,
          -0.969749,
          2.699795
        ],
        [
          0.977842,
          -0.081305,
          0.19291,
          0.395678
        ],
        [
          -0.052588,
          -0.987351,
          -0.149571,
          1.409373
        ],
        [
          0.0,
          0.0,
          0.0,
          1.0
        ]
      ]
    },
    {
      "file_path": "/media/NFS/ttao/scannet/posed_images/scene0124_01/00280.jpg",
      "transform_matrix": [
        [
          0.231528,
          0.071853,
          -0.970171,
          2.707109
        ],
        [
          0.971305,
          -0.072856,
          0.226403,
          0.405382
        ],
        [
          -0.054415,
          -0.994751,
          -0.086659,
          1.428802
        ],
        [
          0.0,
          0.0,
          0.0,
          1.0
        ]
      ]
    },
    {
      "file_path": "/media/NFS/ttao/scannet/posed_images/scene0124_01/00288.jpg",
      "transform_matrix": [
        [
          0.260538,
          0.056302,
          -0.96382,
          2.706649
        ],
        [
          0.964469,
          -0.06048,
          0.257181,
          0.41357
        ],
        [
          -0.043812,
          -0.99658,
          -0.070059,
          1.445048
        ],
        [
          0.0,
          0.0,
          0.0,
          1.0
        ]
      ]
    },
    {
      "file_path": "/media/NFS/ttao/scannet/posed_images/scene0124_01/00292.jpg",
      "transform_matrix": [
        [
          0.267419,
          0.049151,
          -0.962326,
          2.70607
        ],
        [
          0.962746,
          -0.055178,
          0.264718,
          0.418488
        ],
        [
          -0.040088,
          -0.997266,
          -0.062076,
          1.446157
        ],
        [
          0.0,
          0.0,
          0.0,
          1.0
        ]
      ]
    },
    {
      "file_path": "/media/NFS/ttao/scannet/posed_images/scene0124_01/00301.jpg",
      "transform_matrix": [
        [
          0.31649,
          0.077294,
          -0.945441,
          2.696223
        ],
        [
          0.945622,
          -0.104566,
          0.308002,
          0.446439
        ],
        [
          -0.075054,
          -0.99151,
          -0.106185,
          1.440709
        ],
        [
          0.0,
          0.0,
          0.0,
          1.0
        ]
      ]
    },
    {
      "file_path": "/media/NFS/ttao/scannet/posed_images/scene0124_01/00305.jpg",
      "transform_matrix": [
        [
          0.350045,
          0.092741,
          -0.93213,
          2.691498
        ],
        [
          0.934147,
          -0.108446,
          0.340013,
          0.460177
        ],
        [
          -0.069553,
          -0.989767,
          -0.124595,
          1.433118
        ],
        [
          0.0,
          0.0,
          0.0,
          1.0
        ]
      ]
    },
    {
      "file_path": "/media/NFS/ttao/scannet/posed_images/scene0124_01/00315.jpg",
      "transform_matrix": [
        [
          0.419807,
          0.223146,
          -0.879755,
          2.66572
        ],
        [
          0.906968,
          -0.13968,
          0.397364,
          0.501981
        ],
        [
          -0.034214,
          -0.964725,
          -0.261025,
          1.388176
        ],
        [
          0.0,
          0.0,
          0.0,
          1.0
        ]
      ]
    },
    {
      "file_path": "/media/NFS/ttao/scannet/posed_images/scene0124_01/00324.jpg",
      "transform_matrix": [
        [
          0.468519,
          0.310376,
          -0.827138,
          2.648213
        ],
        [
          0.883335,
          -0.179905,
          0.432844,
          0.524306
        ],
        [
          -0.014462,
          -0.933435,
          -0.358454,
          1.356267
        ],
        [
          0.0,
          0.0,
          0.0,
          1.0
        ]
      ]
    },
    {
      "file_path": "/media/NFS/ttao/scannet/posed_images/scene0124_01/00328.jpg",
      "transform_matrix": [
        [
          0.48612,
          0.329063,
          -0.809571,
          2.645016
        ],
        [
          0.87376,
          -0.199142,
          0.443719,
          0.535061
        ],
        [
          -0.015208,
          -0.923071,
          -0.384329,
          1.346859
        ],
        [
          0.0,
          0.0,
          0.0,
          1.0
        ]
      ]
    },
    {
      "file_path": "/media/NFS/ttao/scannet/posed_images/scene0124_01/00338.jpg",
      "transform_matrix": [
        [
          0.542082,
          0.362807,
          -0.75797,
          2.643171
        ],
        [
          0.840289,
          -0.242502,
          0.484879,
          0.545077
        ],
        [
          -0.007892,
          -0.899757,
          -0.436319,
          1.327324
        ],
        [
          0.0,
          0.0,
          0.0,
          1.0
        ]
      ]
    },
    {
      "file_path": "/media/NFS/ttao/scannet/posed_images/scene0124_01/00345.jpg",
      "transform_matrix": [
        [
          0.545665,
          0.386752,
          -0.743419,
          2.64897
        ],
        [
          0.837992,
          -0.247317,
          0.486419,
          0.54274
        ],
        [
          0.004264,
          -0.888402,
          -0.459048,
          1.320034
        ],
        [
          0.0,
          0.0,
          0.0,
          1.0
        ]
      ]
    },
    {
      "file_path": "/media/NFS/ttao/scannet/posed_images/scene0124_01/00347.jpg",
      "transform_matrix": [
        [
          0.54716,
          0.38971,
          -0.740771,
          2.651222
        ],
        [
          0.836977,
          -0.244974,
          0.489344,
          0.546292
        ],
        [
          0.009233,
          -0.887758,
          -0.460218,
          1.320298
        ],
        [
          0.0,
          0.0,
          0.0,
          1.0
        ]
      ]
    },
    {
      "file_path": "/media/NFS/ttao/scannet/posed_images/scene0124_01/00353.jpg",
      "transform_matrix": [
        [
          0.565396,
          0.396197,
          -0.723433,
          2.658915
        ],
        [
          0.824573,
          -0.250073,
          0.507487,
          0.571756
        ],
        [
          0.020154,
          -0.883454,
          -0.468084,
          1.319142
        ],
        [
          0.0,
          0.0,
          0.0,
          1.0
        ]
      ]
    },
    {
      "file_path": "/media/NFS/ttao/scannet/posed_images/scene0124_01/00365.jpg",
      "transform_matrix": [
        [
          0.587751,
          0.433518,
          -0.683089,
          2.68032
        ],
        [
          0.808942,
          -0.30164,
          0.504605,
          0.63031
        ],
        [
          0.012708,
          -0.849161,
          -0.52798,
          1.284393
        ],
        [
          0.0,
          0.0,
          0.0,
          1.0
        ]
      ]
    },
    {
      "file_path": "/media/NFS/ttao/scannet/posed_images/scene0124_01/00367.jpg",
      "transform_matrix": [
        [
          0.583451,
          0.445536,
          -0.67903,
          2.685888
        ],
        [
          0.812081,
          -0.309331,
          0.494811,
          0.633582
        ],
        [
          0.010411,
          -0.840126,
          -0.542291,
          1.276432
        ],
        [
          0.0,
          0.0,
          0.0,
          1.0
        ]
      ]
    },
    {
      "file_path": "/media/NFS/ttao/scannet/posed_images/scene0124_01/00380.jpg",
      "transform_matrix": [
        [
          0.598744,
          0.49625,
          -0.628681,
          2.726297
        ],
        [
          0.800939,
          -0.371812,
          0.46931,
          0.652266
        ],
        [
          -0.000856,
          -0.784533,
          -0.620087,
          1.23742
        ],
        [
          0.0,
          0.0,
          0.0,
          1.0
        ]
      ]
    },
    {
      "file_path": "/media/NFS/ttao/scannet/posed_images/scene0124_01/00382.jpg",
      "transform_matrix": [
        [
          0.606551,
          0.489169,
          -0.626745,
          2.727353
        ],
        [
          0.795043,
          -0.372072,
          0.479028,
          0.655555
        ],
        [
          0.001132,
          -0.788844,
          -0.614592,
          1.239392
        ],
        [
          0.0,
          0.0,
          0.0,
          1.0
        ]
      ]
    },
    {
      "file_path": "/media/NFS/ttao/scannet/posed_images/scene0124_01/00393.jpg",
      "transform_matrix": [
        [
          0.665673,
          0.426273,
          -0.612511,
          2.724683
        ],
        [
          0.745688,
          -0.348325,
          0.567995,
          0.704742
        ],
        [
          0.028769,
          -0.834842,
          -0.549738,
          1.280589
        ],
        [
          0.0,
          0.0,
          0.0,
          1.0
        ]
      ]
    },
    {
      "file_path": "/media/NFS/ttao/scannet/posed_images/scene0124_01/00401.jpg",
      "transform_matrix": [
        [
          0.708548,
          0.385043,
          -0.591356,
          2.724421
        ],
        [
          0.703879,
          -0.326097,
          0.631043,
          0.754509
        ],
        [
          0.050139,
          -0.863367,
          -0.502079,
          1.296044
        ],
        [
          0.0,
          0.0,
          0.0,
          1.0
        ]
      ]
    },
    {
      "file_path": "/media/NFS/ttao/scannet/posed_images/scene0124_01/00403.jpg",
      "transform_matrix": [
        [
          0.704879,
          0.381874,
          -0.59776,
          2.724095
        ],
        [
          0.707191,
          -0.312983,
          0.633973,
          0.767587
        ],
        [
          0.055009,
          -0.869605,
          -0.490673,
          1.297978
        ],
        [
          0.0,
          0.0,
          0.0,
          1.0
        ]
      ]
    },
    {
      "file_path": "/media/NFS/ttao/scannet/posed_images/scene0124_01/00413.jpg",
      "transform_matrix": [
        [
          0.65749,
          0.378868,
          -0.65128,
          2.694819
        ],
        [
          0.750103,
          -0.247603,
          0.613219,
          0.812737
        ],
        [
          0.07107,
          -0.891713,
          -0.446987,
          1.31745
        ],
        [
          0.0,
          0.0,
          0.0,
          1.0
        ]
      ]
    },
    {
      "file_path": "/media/NFS/ttao/scannet/posed_images/scene0124_01/00420.jpg",
      "transform_matrix": [
        [
          0.635821,
          0.363343,
          -0.680965,
          2.656865
        ],
        [
          0.770408,
          -0.245104,
          0.588554,
          0.828496
        ],
        [
          0.04694,
          -0.898836,
          -0.435765,
          1.315889
        ],
        [
          0.0,
          0.0,
          0.0,
          1.0
        ]
      ]
    },
    {
      "file_path": "/media/NFS/ttao/scannet/posed_images/scene0124_01/00426.jpg",
      "transform_matrix": [
        [
          0.627127,
          0.380313,
          -0.67976,
          2.61053
        ],
        [
          0.77695,
          -0.243453,
          0.580585,
          0.837602
        ],
        [
          0.055314,
          -0.892241,
          -0.44816,
          1.307087
        ],
        [
          0.0,
          0.0,
          0.0,
          1.0
        ]
      ]
    },
    {
      "file_path": "/media/NFS/ttao/scannet/posed_images/scene0124_01/00430.jpg",
      "transform_matrix": [
        [
          0.634458,
          0.403187,
          -0.659472,
          2.564138
        ],
        [
          0.769237,
          -0.245752,
          0.589813,
          0.848372
        ],
        [
          0.075738,
          -0.881502,
          -0.466066,
          1.30864
        ],
        [
          0.0,
          0.0,
          0.0,
          1.0
        ]
      ]
    },
    {
      "file_path": "/media/NFS/ttao/scannet/posed_images/scene0124_01/00436.jpg",
      "transform_matrix": [
        [
          0.642753,
          0.410723,
          -0.646664,
          2.489377
        ],
        [
          0.760471,
          -0.240184,
          0.603321,
          0.868145
        ],
        [
          0.09248,
          -0.879556,
          -0.466722,
          1.314148
        ],
        [
          0.0,
          0.0,
          0.0,
          1.0
        ]
      ]
    },
    {
      "file_path": "/media/NFS/ttao/scannet/posed_images/scene0124_01/00449.jpg",
      "transform_matrix": [
        [
          0.735476,
          0.354636,
          -0.577328,
          2.379886
        ],
        [
          0.669125,
          -0.246213,
          0.701178,
          0.919597
        ],
        [
          0.106517,
          -0.902005,
          -0.418379,
          1.331159
        ],
        [
          0.0,
          0.0,
          0.0,
          1.0
        ]
      ]
    },
    {
      "file_path": "/media/NFS/ttao/scannet/posed_images/scene0124_01/00451.jpg",
      "transform_matrix": [
        [
          0.764847,
          0.328972,
          -0.553882,
          2.373008
        ],
        [
          0.636336,
          -0.251775,
          0.729168,
          0.923479
        ],
        [
          0.100423,
          -0.910158,
          -0.401906,
          1.32513
        ],
        [
          0.0,
          0.0,
          0.0,
          1.0
        ]
      ]
    },
    {
      "file_path": "/media/NFS/ttao/scannet/posed_images/scene0124_01/00461.jpg",
      "transform_matrix": [
        [
          0.833775,
          0.268469,
          -0.482435,
          2.382441
        ],
        [
          0.544771,
          -0.258098,
          0.797878,
          0.920259
        ],
        [
          0.08969,
          -0.928067,
          -0.36145,
          1.348926
        ],
        [
          0.0,
          0.0,
          0.0,
          1.0
        ]
      ]
    },
    {
      "file_path": "/media/NFS/ttao/scannet/posed_images/scene0124_01/00470.jpg",
      "transform_matrix": [
        [
          0.860405,
          0.195292,
          -0.470706,
          2.455635
        ],
        [
          0.506783,
          -0.230728,
          0.830623,
          0.884821
        ],
        [
          0.053609,
          -0.953218,
          -0.297491,
          1.378363
        ],
        [
          0.0,
          0.0,
          0.0,
          1.0
        ]
      ]
    },
    {
      "file_path": "/media/NFS/ttao/scannet/posed_images/scene0124_01/00474.jpg",
      "transform_matrix": [
        [
          0.86893,
          0.176538,
          -0.46238,
          2.487357
        ],
        [
          0.49337,
          -0.234717,
          0.837552,
          0.861558
        ],
        [
          0.039332,
          -0.955899,
          -0.291051,
          1.386097
        ],
        [
          0.0,
          0.0,
          0.0,
          1.0
        ]
      ]
    },
    {
      "file_path": "/media/NFS/ttao/scannet/posed_images/scene0124_01/00478.jpg",
      "transform_matrix": [
        [
          0.870434,
          0.169454,
          -0.462201,
          2.512458
        ],
        [
          0.490866,
          -0.227517,
          0.841003,
          0.833203
        ],
        [
          0.037353,
          -0.958917,
          -0.281217,
          1.395576
        ],
        [
          0.0,
          0.0,
          0.0,
          1.0
        ]
      ]
    },
    {
      "file_path": "/media/NFS/ttao/scannet/posed_images/scene0124_01/00487.jpg",
      "transform_matrix": [
        [
          0.866056,
          0.116473,
          -0.48619,
          2.54937
        ],
        [
          0.499892,
          -0.187329,
          0.845586,
          0.77546
        ],
        [
          0.007411,
          -0.975367,
          -0.220461,
          1.428578
        ],
        [
          0.0,
          0.0,
          0.0,
          1.0
        ]
      ]
    },
    {
      "file_path": "/media/NFS/ttao/scannet/posed_images/scene0124_01/00497.jpg",
      "transform_matrix": [
        [
          0.880529,
          0.08229,
          -0.466795,
          2.5516
        ],
        [
          0.473863,
          -0.129847,
          0.870973,
          0.73538
        ],
        [
          0.011061,
          -0.988113,
          -0.153328,
          1.442998
        ],
        [
          0.0,
          0.0,
          0.0,
          1.0
        ]
      ]
    },
    {
      "file_path": "/media/NFS/ttao/scannet/posed_images/scene0124_01/00501.jpg",
      "transform_matrix": [
        [
          0.891012,
          0.082315,
          -0.446454,
          2.535531
        ],
        [
          0.453439,
          -0.1134,
          0.884044,
          0.717261
        ],
        [
          0.022142,
          -0.990134,
          -0.138366,
          1.450219
        ],
        [
          0.0,
          0.0,
          0.0,
          1.0
        ]
      ]
    },
    {
      "file_path": "/media/NFS/ttao/scannet/posed_images/scene0124_01/00509.jpg",
      "transform_matrix": [
        [
          0.89467,
          0.040969,
          -0.444844,
          2.50277
        ],
        [
          0.446581,
          -0.107474,
          0.888265,
          0.673413
        ],
        [
          -0.011418,
          -0.993363,
          -0.11445,
          1.465495
        ],
        [
          0.0,
          0.0,
          0.0,
          1.0
        ]
      ]
    },
    {
      "file_path": "/media/NFS/ttao/scannet/posed_images/scene0124_01/00514.jpg",
      "transform_matrix": [
        [
          0.897604,
          0.025108,
          -0.440088,
          2.486688
        ],
        [
          0.440326,
          -0.097536,
          0.892524,
          0.645614
        ],
        [
          -0.020515,
          -0.994915,
          -0.098604,
          1.470339
        ],
        [
          0.0,
          0.0,
          0.0,
          1.0
        ]
      ]
    },
    {
      "file_path": "/media/NFS/ttao/scannet/posed_images/scene0124_01/00522.jpg",
      "transform_matrix": [
        [
          0.91381,
          0.010316,
          -0.40601,
          2.470218
        ],
        [
          0.405914,
          -0.056593,
          0.912157,
          0.606441
        ],
        [
          -0.013567,
          -0.998344,
          -0.055902,
          1.480522
        ],
        [
          0.0,
          0.0,
          0.0,
          1.0
        ]
      ]
    },
    {
      "file_path": "/media/NFS/ttao/scannet/posed_images/scene0124_01/00532.jpg",
      "transform_matrix": [
        [
          0.908638,
          -0.008126,
          -0.417507,
          2.47225
        ],
        [
          0.417528,
          0.001037,
          0.908664,
          0.564405
        ],
        [
          -0.006951,
          -0.999966,
          0.004335,
          1.503278
        ],
        [
          0.0,
          0.0,
          0.0,
          1.0
        ]
      ]
    },
    {
      "file_path": "/media/NFS/ttao/scannet/posed_images/scene0124_01/00539.jpg",
      "transform_matrix": [
        [
          0.91741,
          0.007711,
          -0.397867,
          2.498045
        ],
        [
          0.397127,
          0.046194,
          0.9166,
          0.561825
        ],
        [
          0.025447,
          -0.998903,
          0.039317,
          1.515277
        ],
        [
          0.0,
          0.0,
          0.0,
