{
  "frames": [
    {
      "file_path": "/media/NFS/ttao/scannet/posed_images/scene0160_02/00000.jpg",
      "transform_matrix": [
        [
          0.042763,
          -0.5688,
          0.821364,
          3.757384
        ],
        [
          -0.998429,
          -0.054135,
          0.014493,
          5.709552
        ],
        [
          0.03622,
          -0.820693,
          -0.570221,
          1.319491
        ],
        [
          0.0,
          0.0,
          0.0,
          1.0
        ]
      ]
    },
    {
      "file_path": "/media/NFS/ttao/scannet/posed_images/scene0160_02/00002.jpg",
      "transform_matrix": [
        [
          0.029677,
          -0.581309,
          0.813142,
          3.740124
        ],
        [
          -0.998906,
          -0.046654,
          0.003104,
          5.703131
        ],
        [
          0.036132,
          -0.812344,
          -0.582058,
          1.322548
        ],
        [
          0.0,
          0.0,
          0.0,
          1.0
        ]
      ]
    },
    {
      "file_path": "/media/NFS/ttao/scannet/posed_images/scene0160_02/00005.jpg",
      "transform_matrix": [
        [
          0.024189,
          -0.576781,
          0.816541,
          3.719578
        ],
        [
          -0.99922,
          -0.039448,
          0.001735,
          5.704418
        ],
        [
          0.031211,
          -0.815946,
          -0.577285,
          1.329043
        ],
        [
          0.0,
          0.0,
          0.0,
          1.0
        ]
      ]
    },
    {
      "file_path": "/media/NFS/ttao/scannet/posed_images/scene0160_02/00007.jpg",
      "transform_matrix": [
        [
          0.020213,
          -0.571593,
          0.820288,
          3.704406
        ],
        [
          -0.999245,
          -0.038793,
          -0.002409,
          5.705221
        ],
        [
          0.033198,
          -0.81962,
          -0.571945,
          1.330063
        ],
        [
          0.0,
          0.0,
          0.0,
          1.0
        ]
      ]
    },
    {
      "file_path": "/media/NFS/ttao/scannet/posed_images/scene0160_02/00011.jpg",
      "transform_matrix": [
        [
          -0.013008,
          -0.565393,
          0.824719,
          3.678967
        ],
        [
          -0.999254,
          -0.022643,
          -0.031284,
          5.72587
        ],
        [
          0.036362,
          -0.824511,
          -0.564676,
          1.335236
        ],
        [
          0.0,
          0.0,
          0.0,
          1.0
        ]
      ]
    },
    {
      "file_path": "/media/NFS/ttao/scannet/posed_images/scene0160_02/00014.jpg",
      "transform_matrix": [
        [
          -0.042055,
          -0.556139,
          0.830025,
          3.653892
        ],
        [
          -0.998199,
          -0.012177,
          -0.058735,
          5.740677
        ],
        [
          0.042772,
          -0.831,
          -0.554625,
          1.332412
        ],
        [
          0.0,
          0.0,
          0.0,
          1.0
        ]
      ]
    },
    {
      "file_path": "/media/NFS/ttao/scannet/posed_images/scene0160_02/00016.jpg",
      "transform_matrix": [
        [
          -0.065936,
          -0.555504,
          0.828895,
          3.636329
        ],
        [
          -0.996722,
          -0.002358,
          -0.080866,
          5.757633
        ],
        [
          0.046875,
          -0.83151,
          -0.553528,
          1.326278
        ],
        [
          0.0,
          0.0,
          0.0,
          1.0
        ]
      ]
    },
    {
      "file_path": "/media/NFS/ttao/scannet/posed_images/scene0160_02/00018.jpg",
      "transform_matrix": [
        [
          -0.088871,
          -0.557989,
          0.825076,
          3.619475
        ],
        [
          -0.994806,
          0.008453,
          -0.101437,
          5.776322
        ],
        [
          0.049626,
          -0.829805,
          -0.555842,
          1.321321
        ],
        [
          0.0,
          0.0,
          0.0,
          1.0
        ]
      ]
    },
    {
      "file_path": "/media/NFS/ttao/scannet/posed_images/scene0160_02/00021.jpg",
      "transform_matrix": [
        [
          -0.127372,
          -0.566955,
          0.813842,
          3.601902
        ],
        [
          -0.990475,
          0.029432,
          -0.134513,
          5.804251
        ],
        [
          0.05231,
          -0.823223,
          -0.565303,
          1.32172
        ],
        [
          0.0,
          0.0,
          0.0,
          1.0
        ]
      ]
    },
    {
      "file_path": "/media/NFS/ttao/scannet/posed_images/scene0160_02/00023.jpg",
      "transform_matrix": [
        [
          -0.150388,
          -0.567132,
          0.809781,
          3.583734
        ],
        [
          -0.987118,
          0.040892,
          -0.154683,
          5.819876
        ],
        [
          0.054613,
          -0.822611,
          -0.565976,
          1.318928
        ],
        [
          0.0,
          0.0,
          0.0,
          1.0
        ]
      ]
    },
    {
      "file_path": "/media/NFS/ttao/scannet/posed_images/scene0160_02/00026.jpg",
      "transform_matrix": [
        [
          -0.19701,
          -0.568763,
          0.798559,
          3.567701
        ],
        [
          -0.978826,
          0.067953,
          -0.193084,
          5.828892
        ],
        [
          0.055555,
          -0.81969,
          -0.570108,
          1.328108
        ],
        [
          0.0,
          0.0,
          0.0,
          1.0
        ]
      ]
    },
    {
      "file_path": "/media/NFS/ttao/scannet/posed_images/scene0160_02/00030.jpg",
      "transform_matrix": [
        [
          -0.274123,
          -0.532104,
          0.801076,
          3.547557
        ],
        [
          -0.959753,
          0.098461,
          -0.263021,
          5.833575
        ],
        [
          0.06108,
          -0.840935,
          -0.537679,
          1.347198
        ],
        [
          0.0,
          0.0,
          0.0,
          1.0
        ]
      ]
    },
    {
      "file_path": "/media/NFS/ttao/scannet/posed_images/scene0160_02/00032.jpg",
      "transform_matrix": [
        [
          -0.301716,
          -0.511447,
          0.804605,
          3.533861
        ],
        [
          -0.951454,
          0.107656,
          -0.28835,
          5.839424
        ],
        [
          0.060855,
          -0.852544,
          -0.5191,
          1.351036
        ],
        [
          0.0,
          0.0,
          0.0,
          1.0
        ]
      ]
    },
    {
      "file_path": "/media/NFS/ttao/scannet/posed_images/scene0160_02/00035.jpg",
      "transform_matrix": [
        [
          -0.3366,
          -0.490239,
          0.803969,
          3.521826
        ],
        [
          -0.94009,
          0.125868,
          -0.31684,
          5.839744
        ],
        [
          0.054133,
          -0.862452,
          -0.503236,
          1.357209
        ],
        [
          0.0,
          0.0,
          0.0,
          1.0
        ]
      ]
    },
    {
      "file_path": "/media/NFS/ttao/scannet/posed_images/scene0160_02/00037.jpg",
      "transform_matrix": [
        [
          -0.360801,
          -0.477755,
          0.800983,
          3.511158
        ],
        [
          -0.931207,
          0.136896,
          -0.337807,
          5.841842
        ],
        [
          0.051737,
          -0.867761,
          -0.494281,
          1.358544
        ],
        [
          0.0,
          0.0,
          0.0,
          1.0
        ]
      ]
    },
    {
      "file_path": "/media/NFS/ttao/scannet/posed_images/scene0160_02/00040.jpg",
      "transform_matrix": [
        [
          -0.397265,
          -0.462784,
          0.792472,
          3.498296
        ],
        [
          -0.916113,
          0.149162,
          -0.372139,
          5.83138
        ],
        [
          0.054013,
          -0.873832,
          -0.483219,
          1.356982
        ],
        [
          0.0,
          0.0,
          0.0,
          1.0
        ]
      ]
    },
    {
      "file_path": "/media/NFS/ttao/scannet/posed_images/scene0160_02/00042.jpg",
      "transform_matrix": [
        [
          -0.420399,
          -0.455993,
          0.784433,
          3.489086
        ],
        [
          -0.905777,
          0.160185,
          -0.392314,
          5.830115
        ],
        [
          0.053238,
          -0.875449,
          -0.480369,
          1.353848
        ],
        [
          0.0,
          0.0,
          0.0,
          1.0
        ]
      ]
    },
    {
      "file_path": "/media/NFS/ttao/scannet/posed_images/scene0160_02/00045.jpg",
      "transform_matrix": [
        [
          -0.449479,
          -0.452594,
          0.770147,
          3.476982
        ],
        [
          -0.891921,
          0.179662,
          -0.414967,
          5.829233
        ],
        [
          0.049446,
          -0.87343,
          -0.484433,
          1.35201
        ],
        [
          0.0,
          0.0,
          0.0,
          1.0
        ]
      ]
    },
    {
      "file_path": "/media/NFS/ttao/scannet/posed_images/scene0160_02/00048.jpg",
      "transform_matrix": [
        [
          -0.474966,
          -0.45129,
          0.755476,
          3.463977
        ],
        [
          -0.878362,
          0.190694,
          -0.438311,
          5.830597
        ],
        [
          0.053741,
          -0.871764,
          -0.486969,
          1.349562
        ],
        [
          0.0,
          0.0,
          0.0,
          1.0
        ]
      ]
    },
    {
      "file_path": "/media/NFS/ttao/scannet/posed_images/scene0160_02/00051.jpg",
      "transform_matrix": [
        [
          -0.498892,
          -0.447475,
          0.742208,
          3.450872
        ],
        [
          -0.865008,
          0.204169,
          -0.458342,
          5.826766
        ],
        [
          0.05356,
          -0.870679,
          -0.488927,
          1.349643
        ],
        [
          0.0,
          0.0,
          0.0,
          1.0
        ]
      ]
    },
    {
      "file_path": "/media/NFS/ttao/scannet/posed_images/scene0160_02/00053.jpg",
      "transform_matrix": [
        [
          -0.514366,
          -0.444088,
          0.73363,
          3.439701
        ],
        [
          -0.856056,
          0.21506,
          -0.470019,
          5.828598
        ],
        [
          0.050955,
          -0.86979,
          -0.490784,
          1.350121
        ],
        [
          0.0,
          0.0,
          0.0,
          1.0
        ]
      ]
    },
    {
      "file_path": "/media/NFS/ttao/scannet/posed_images/scene0160_02/00054.jpg",
      "transform_matrix": [
        [
          -0.521001,
          -0.439951,
          0.731438,
          3.432954
        ],
        [
          -0.852189,
          0.21964,
          -0.474902,
          5.830188
        ],
        [
          0.04828,
          -0.870748,
          -0.489354,
          1.349491
        ],
        [
          0.0,
          0.0,
          0.0,
          1.0
        ]
      ]
    },
    {
      "file_path": "/media/NFS/ttao/scannet/posed_images/scene0160_02/00059.jpg",
      "transform_matrix": [
        [
          -0.553344,
          -0.427642,
          0.714796,
          3.397442
        ],
        [
          -0.832313,
          0.250242,
          -0.494605,
          5.84417
        ],
        [
          0.032642,
          -0.86862,
          -0.494402,
          1.342867
        ],
        [
          0.0,
          0.0,
          0.0,
          1.0
        ]
      ]
    },
    {
      "file_path": "/media/NFS/ttao/scannet/posed_images/scene0160_02/00060.jpg",
      "transform_matrix": [
        [
          -0.557563,
          -0.427721,
          0.711462,
          3.388022
        ],
        [
          -0.82958,
          0.255755,
          -0.496374,
          5.841151
        ],
        [
          0.030349,
          -0.866974,
          -0.497428,
          1.342078
        ],
        [
          0.0,
          0.0,
          0.0,
          1.0
        ]
      ]
    },
    {
      "file_path": "/media/NFS/ttao/scannet/posed_images/scene0160_02/00064.jpg",
      "transform_matrix": [
        [
          -0.585067,
          -0.425313,
          0.690511,
          3.365759
        ],
        [
          -0.810627,
          0.281394,
          -0.513519,
          5.857851
        ],
        [
          0.024101,
          -0.86019,
          -0.509404,
          1.33639
        ],
        [
          0.0,
          0.0,
          0.0,
          1.0
        ]
      ]
    },
    {
      "file_path": "/media/NFS/ttao/scannet/posed_images/scene0160_02/00065.jpg",
      "transform_matrix": [
        [
          -0.589541,
          -0.424765,
          0.687034,
          3.35974
        ],
        [
          -0.807471,
          0.288029,
          -0.514811,
          5.860175
        ],
        [
          0.020788,
          -0.858262,
          -0.51279,
          1.335073
        ],
        [
          0.0,
          0.0,
          0.0,
          1.0
        ]
      ]
    },
    {
      "file_path": "/media/NFS/ttao/scannet/posed_images/scene0160_02/00067.jpg",
      "transform_matrix": [
        [
          -0.604621,
          -0.422088,
          0.675481,
          3.34944
        ],
        [
          -0.796354,
          0.3034,
          -0.523229,
          5.862314
        ],
        [
          0.015908,
          -0.854277,
          -0.519574,
          1.331165
        ],
        [
          0.0,
          0.0,
          0.0,
          1.0
        ]
      ]
    },
    {
      "file_path": "/media/NFS/ttao/scannet/posed_images/scene0160_02/00070.jpg",
      "transform_matrix": [
        [
          -0.633867,
          -0.410324,
          0.655627,
          3.338435
        ],
        [
          -0.773437,
          0.333136,
          -0.539273,
          5.856321
        ],
        [
          0.002863,
          -0.848914,
          -0.528524,
          1.329456
        ],
        [
          0.0,
          0.0,
          0.0,
          1.0
        ]
      ]
    },
    {
      "file_path": "/media/NFS/ttao/scannet/posed_images/scene0160_02/00074.jpg",
      "transform_matrix": [
        [
          -0.686565,
          -0.397643,
          0.608694,
          3.326339
        ],
        [
          -0.727051,
          0.381334,
          -0.570948,
          5.866039
        ],
        [
          -0.005082,
          -0.834544,
          -0.550917,
          1.316685
        ],
        [
          0.0,
          0.0,
          0.0,
          1.0
        ]
      ]
    },
    {
      "file_path": "/media/NFS/ttao/scannet/posed_images/scene0160_02/00075.jpg",
      "transform_matrix": [
        [
          -0.696008,
          -0.397178,
          0.598183,
          3.327571
        ],
        [
          -0.718012,
          0.391533,
          -0.575466,
          5.868394
        ],
        [
          -0.005645,
          -0.830031,
          -0.557689,
          1.314791
        ],
        [
          0.0,
          0.0,
          0.0,
          1.0
        ]
      ]
    },
    {
      "file_path": "/media/NFS/ttao/scannet/posed_images/scene0160_02/00079.jpg",
      "transform_matrix": [
        [
          -0.729832,
          -0.394835,
          0.558077,
          3.329336
        ],
        [
          -0.683602,
          0.428327,
          -0.590952,
          5.881082
        ],
        [
          -0.005711,
          -0.812798,
          -0.582517,
          1.302582
        ],
        [
          0.0,
          0.0,
          0.0,
          1.0
        ]
      ]
    },
    {
      "file_path": "/media/NFS/ttao/scannet/posed_images/scene0160_02/00082.jpg",
      "transform_matrix": [
        [
          -0.75032,
          -0.391841,
          0.532429,
          3.32979
        ],
        [
          -0.661018,
          0.455207,
          -0.596525,
          5.886712
        ],
        [
          -0.008622,
          -0.79953,
          -0.600565,
          1.295921
        ],
        [
          0.0,
          0.0,
          0.0,
          1.0
        ]
      ]
    },
    {
      "file_path": "/media/NFS/ttao/scannet/posed_images/scene0160_02/00085.jpg",
      "transform_matrix": [
        [
          -0.770719,
          -0.38824,
          0.505234,
          3.341276
        ],
        [
          -0.637172,
          0.472299,
          -0.609053,
          5.912599
        ],
        [
          -0.002163,
          -0.79133,
          -0.611386,
          1.289778
        ],
        [
          0.0,
          0.0,
          0.0,
          1.0
        ]
      ]
    },
    {
      "file_path": "/media/NFS/ttao/scannet/posed_images/scene0160_02/00087.jpg",
      "transform_matrix": [
        [
          -0.782,
          -0.385429,
          0.489816,
          3.351009
        ],
        [
          -0.623273,
          0.480405,
          -0.617042,
          5.932661
        ],
        [
          0.002516,
          -0.787816,
          -0.615905,
          1.286941
        ],
        [
          0.0,
          0.0,
          0.0,
          1.0
        ]
      ]
    },
    {
      "file_path": "/media/NFS/ttao/scannet/posed_images/scene0160_02/00089.jpg",
      "transform_matrix": [
        [
          -0.79404,
          -0.381703,
          0.473077,
          3.364077
        ],
        [
          -0.607754,
          0.483686,
          -0.629827,
          5.960476
        ],
        [
          0.011586,
          -0.787624,
          -0.616048,
          1.282064
        ],
        [
          0.0,
          0.0,
          0.0,
          1.0
        ]
      ]
    },
    {
      "file_path": "/media/NFS/ttao/scannet/posed_images/scene0160_02/00092.jpg",
      "transform_matrix": [
        [
          -0.81136,
          -0.372768,
          0.450266,
          3.38177
        ],
        [
          -0.584273,
          0.493564,
          -0.64422,
          6.004602
        ],
        [
          0.017909,
          -0.785773,
          -0.618256,
          1.27426
        ],
        [
          0.0,
          0.0,
          0.0,
          1.0
        ]
      ]
    },
    {
      "file_path": "/media/NFS/ttao/scannet/posed_images/scene0160_02/00093.jpg",
      "transform_matrix": [
        [
          -0.815022,
          -0.369718,
          0.446148,
          3.390905
        ],
        [
          -0.579177,
          0.497057,
          -0.646133,
          6.017946
        ],
        [
          0.017125,
          -0.785011,
          -0.619245,
          1.274542
        ],
        [
          0.0,
          0.0,
          0.0,
          1.0
        ]
      ]
    },
    {
      "file_path": "/media/NFS/ttao/scannet/posed_images/scene0160_02/00096.jpg",
      "transform_matrix": [
        [
          -0.819108,
          -0.359561,
          0.446965,
          3.4106
        ],
        [
          -0.573505,
          0.496446,
          -0.651639,
          6.065562
        ],
        [
          0.01241,
          -0.7901,
          -0.612853,
          1.269161
        ],
        [
          0.0,
          0.0,
          0.0,
          1.0
        ]
      ]
    },
    {
      "file_path": "/media/NFS/ttao/scannet/posed_images/scene0160_02/00100.jpg",
      "transform_matrix": [
        [
          -0.817349,
          -0.362461,
          0.447841,
          3.42499
        ],
        [
          -0.576017,
          0.497908,
          -0.6483,
          6.127925
        ],
        [
          0.012,
          -0.787852,
          -0.615748,
          1.26163
        ],
        [
          0.0,
          0.0,
          0.0,
          1.0
        ]
      ]
    },
    {
      "file_path": "/media/NFS/ttao/scannet/posed_images/scene0160_02/00101.jpg",
      "transform_matrix": [
        [
          -0.820658,
          -0.361236,
          0.442752,
          3.426548
        ],
        [
          -0.571295,
          0.502495,
          -0.648939,
          6.140609
        ],
        [
          0.011939,
          -0.785499,
          -0.618748,
          1.260839
        ],
        [
          0.0,
          0.0,
          0.0,
          1.0
        ]
      ]
    },
    {
      "file_path": "/media/NFS/ttao/scannet/posed_images/scene0160_02/00105.jpg",
      "transform_matrix": [
        [
          -0.836812,
          -0.354189,
          0.417486,
          3.429797
        ],
        [
          -0.54719,
          0.515841,
          -0.659159,
          6.177668
        ],
        [
          0.018111,
          -0.780037,
          -0.625471,
          1.264919
        ],
        [
          0.0,
          0.0,
          0.0,
          1.0
        ]
      ]
    },
    {
      "file_path": "/media/NFS/ttao/scannet/posed_images/scene0160_02/00108.jpg",
      "transform_matrix": [
        [
          -0.843966,
          -0.351029,
          0.405586,
          3.427787
        ],
        [
          -0.535799,
          0.516007,
          -0.668324,
          6.205926
        ],
        [
          0.025316,
          -0.781355,
          -0.623573,
          1.263
        ],
        [
          0.0,
          0.0,
          0.0,
          1.0
        ]
      ]
    },
    {
      "file_path": "/media/NFS/ttao/scannet/posed_images/scene0160_02/00109.jpg",
      "transform_matrix": [
        [
          -0.843971,
          -0.352398,
          0.404387,
          3.425237
        ],
        [
          -0.535706,
          0.51572,
          -0.66862,
          6.215055
        ],
        [
          0.02707,
          -0.780928,
          -0.624034,
          1.262012
        ],
        [
          0.0,
          0.0,
          0.0,
          1.0
        ]
      ]
    },
    {
      "file_path": "/media/NFS/ttao/scannet/posed_images/scene0160_02/00113.jpg",
      "transform_matrix": [
        [
          -0.845236,
          -0.357295,
          0.397387,
          3.420667
        ],
        [
          -0.533357,
          0.517729,
          -0.668945,
          6.24596
        ],
        [
          0.033272,
          -0.777365,
          -0.628169,
          1.264464
        ],
        [
          0.0,
          0.0,
          0.0,
          1.0
        ]
      ]
    },
    {
      "file_path": "/media/NFS/ttao/scannet/posed_images/scene0160_02/00114.jpg",
      "transform_matrix": [
        [
          -0.844846,
          -0.357441,
          0.398084,
          3.417414
        ],
        [
          -0.533936,
          0.516203,
          -0.669662,
          6.253332
        ],
        [
          0.033873,
          -0.778313,
          -0.626963,
          1.265846
        ],
        [
          0.0,
          0.0,
          0.0,
          1.0
        ]
      ]
    },
    {
      "file_path": "/media/NFS/ttao/scannet/posed_images/scene0160_02/00117.jpg",
      "transform_matrix": [
        [
          -0.84432,
          -0.355938,
          0.400539,
          3.399232
        ],
        [
          -0.534791,
          0.51303,
          -0.671416,
          6.280416
        ],
        [
          0.033494,
          -0.781095,
          -0.623514,
          1.258352
        ],
        [
          0.0,
          0.0,
          0.0,
          1.0
        ]
      ]
    },
    {
      "file_path": "/media/NFS/ttao/scannet/posed_images/scene0160_02/00121.jpg",
      "transform_matrix": [
        [
          -0.854995,
          -0.353099,
          0.379875,
          3.382161
        ],
        [
          -0.517433,
          0.530889,
          -0.671133,
          6.309437
        ],
        [
          0.035305,
          -0.770375,
          -0.636612,
          1.260129
        ],
        [
          0.0,
          0.0,
          0.0,
          1.0
        ]
      ]
    },
    {
      "file_path": "/media/NFS/ttao/scannet/posed_images/scene0160_02/00124.jpg",
      "transform_matrix": [
        [
          -0.868402,
          -0.3474,
          0.353824,
          3.367555
        ],
        [
          -0.493674,
          0.538772,
          -0.68265,
          6.32347
        ],
        [
          0.046522,
          -0.767488,
          -0.639373,
          1.262616
        ],
        [
          0.0,
          0.0,
          0.0,
          1.0
        ]
      ]
    },
    {
      "file_path": "/media/NFS/ttao/scannet/posed_images/scene0160_02/00125.jpg",
      "transform_matrix": [
        [
          -0.873183,
          -0.345262,
          0.344013,
          3.365634
        ],
        [
          -0.484627,
          0.539965,
          -0.688168,
          6.327854
        ],
        [
          0.051843,
          -0.767614,
          -0.638812,
          1.264642
        ],
        [
          0.0,
          0.0,
          0.0,
          1.0
        ]
      ]
    },
    {
      "file_path": "/media/NFS/ttao/scannet/posed_images/scene0160_02/00127.jpg",
      "transform_matrix": [
        [
          -0.878489,
          -0.341617,
          0.333999,
          3.357215
        ],
        [
          -0.474334,
          0.54003,
          -0.695252,
          6.329899
        ],
        [
          0.05714,
          -0.769198,
          -0.636451,
          1.270944
        ],
        [
          0.0,
          0.0,
          0.0,
          1.0
        ]
      ]
    },
    {
      "file_path": "/media/NFS/ttao/scannet/posed_images/scene0160_02/00130.jpg",
      "transform_matrix": [
        [
          -0.884385,
          -0.329554,
          0.33054,
          3.344428
        ],
        [
          -0.463025,
          0.530052,
          -0.710389,
          6.321734
        ],
        [
          0.058908,
          -0.781306,
          -0.621362,
          1.282714
        ],
        [
          0.0,
          0.0,
          0.0,
          1.0
        ]
      ]
    },
    {
      "file_path": "/media/NFS/ttao/scannet/posed_images/scene0160_02/00134.jpg",
      "transform_matrix": [
        [
          -0.900561,
          -0.303714,
          0.311044,
          3.341984
        ],
        [
          -0.429676,
          0.513059,
          -0.743067,
          6.307992
        ],
        [
          0.066096,
          -0.802825,
          -0.592539,
          1.292009
        ],
        [
          0.0,
          0.0,
          0.0,
          1.0
        ]
      ]
    },
    {
      "file_path": "/media/NFS/ttao/scannet/posed_images/scene0160_02/00137.jpg",
      "transform_matrix": [
        [
          -0.910436,
          -0.28202,
          0.302607,
          3.339749
        ],
        [
          -0.408756,
          0.501179,
          -0.762718,
          6.285887
        ],
        [
          0.063442,
          -0.818098,
          -0.571569,
          1.2957
        ],
        [
          0.0,
          0.0,
          0.0,
          1.0
        ]
      ]
    },
    {
      "file_path": "/media/NFS/ttao/scannet/posed_images/scene0160_02/00139.jpg",
      "transform_matrix": [
        [
          -0.915155,
          -0.272012,
          0.297489,
          3.338038
        ],
        [
          -0.398483,
          0.499085,
          -0.769497,
          6.262664
        ],
        [
          0.06084,
          -0.822754,
          -0.565132,
          1.299393
        ],
        [
          0.0,
          0.0,
          0.0,
          1.0
        ]
      ]
    },
    {
      "file_path": "/media/NFS/ttao/scannet/posed_images/scene0160_02/00141.jpg",
      "transform_matrix": [
        [
          -0.922482,
          -0.259722,
          0.285607,
          3.342959
        ],
        [
          -0.381348,
          0.498087,
          -0.77877,
          6.234496
        ],
        [
          0.060006,
          -0.827317,
          -0.558521,
          1.304724
        ],
        [
          0.0,
          0.0,
          0.0,
          1.0
        ]
      ]
    },
    {
      "file_path": "/media/NFS/ttao/scannet/posed_images/scene0160_02/00145.jpg",
      "transform_matrix": [
        [
          -0.935125,
          -0.237725,
          0.262732,
          3.34885
        ],
        [
          -0.34932,
          0.494455,
          -0.795921,
          6.177328
        ],
        [
          0.059302,
          -0.836063,
          -0.545419,
          1.307166
        ],
        [
          0.0,
          0.0,
          0.0,
          1.0
        ]
      ]
    },
    {
      "file_path": "/media/NFS/ttao/scannet/posed_images/scene0160_02/00147.jpg",
      "transform_matrix": [
        [
          -0.941913,
          -0.228082,
          0.246535,
          3.35456
        ],
        [
          -0.330882,
          0.504278,
          -0.797635,
          6.146276
        ],
        [
          0.057604,
          -0.832876,
          -0.550454,
          1.309071
        ],
        [
          0.0,
          0.0,
          0.0,
          1.0
        ]
      ]
    },
    {
      "file_path": "/media/NFS/ttao/scannet/posed_images/scene0160_02/00150.jpg",
      "transform_matrix": [
        [
          -0.948848,
          -0.210751,
          0.235097,
          3.350079
        ],
        [
          -0.31164,
          0.505668,
          -0.804475,
          6.093034
        ],
        [
          0.050663,
          -0.836591,
          -0.54548,
          1.315503
        ],
        [
          0.0,
          0.0,
          0.0,
          1.0
        ]
      ]
    },
    {
      "file_path": "/media/NFS/ttao/scannet/posed_images/scene0160_02/00152.jpg",
      "transform_matrix": [
        [
          -0.955908,
          -0.197524,
          0.217313,
          3.351774
        ],
        [
          -0.289656,
          0.51229,
          -0.808492,
          6.066672
        ],
        [
          0.048369,
          -0.835789,
          -0.546916,
          1.313962
        ],
        [
          0.0,
          0.0,
          0.0,
          1.0
        ]
      ]
    },
    {
      "file_path": "/media/NFS/ttao/scannet/posed_images/scene0160_02/00154.jpg",
      "transform_matrix": [
        [
          -0.962721,
          -0.184185,
          0.198099,
          3.346714
        ],
        [
          -0.266559,
          0.521525,
          -0.810529,
          6.040784
        ],
        [
          0.045974,
          -0.833119,
          -0.55118,
          1.310507
        ],
        [
          0.0,
          0.0,
          0.0,
          1.0
        ]
      ]
    },
    {
      "file_path": "/media/NFS/ttao/scannet/posed_images/scene0160_02/00157.jpg",
      "transform_matrix": [
        [
          -0.972563,
          -0.163043,
          0.165944,
          3.345678
        ],
        [
          -0.228402,
          0.533699,
          -0.814247,
          5.995842
        ],
        [
          0.044193,
          -0.829809,
          -0.556295,
          1.315189
        ],
        [
          0.0,
          0.0,
          0.0,
          1.0
        ]
      ]
    },
    {
      "file_path": "/media/NFS/ttao/scannet/posed_images/scene0160_02/00160.jpg",
      "transform_matrix": [
        [
          -0.975457,
          -0.153405,
          0.157954,
          3.325981
        ],
        [
          -0.216194,
          0.531263,
          -0.819158,
          5.950774
        ],
        [
          0.041748,
          -0.833203,
          -0.55139,
          1.315159
        ],
        [
          0.0,
          0.0,
          0.0,
          1.0
        ]
      ]
    },
    {
      "file_path": "/media/NFS/ttao/scannet/posed_images/scene0160_02/00163.jpg",
      "transform_matrix": [
        [
          -0.976709,
          -0.149956,
          0.15347,
          3.316115
        ],
        [
          -0.210596,
          0.532947,
          -0.819523,
          5.910981
        ],
        [
          0.041101,
          -0.832755,
          -0.552114,
          1.316808
        ],
        [
          0.0,
          0.0,
          0.0,
          1.0
        ]
      ]
    },
    {
      "file_path": "/media/NFS/ttao/scannet/posed_images/scene0160_02/00164.jpg",
      "transform_matrix": [
        [
          -0.976937,
          -0.150028,
          0.151939,
          3.31479
        ],
        [
          -0.209305,
          0.532032,
          -0.820448,
          5.897068
        ],
        [
          0.042254,
          -0.833327,
          -0.551163,
          1.31819
        ],
        [
          0.0,
          0.0,
          0.0,
          1.0
        ]
      ]
    },
    {
      "file_path": "/media/NFS/ttao/scannet/posed_images/scene0160_02/00167.jpg",
      "transform_matrix": [
        [
          -0.974929,
          -0.156865,
          0.157819,
          3.299983
        ],
        [
          -0.217511,
          0.522235,
          -0.824597,
          5.853693
        ],
        [
          0.046931,
          -0.838251,
          -0.543262,
          1.324584
        ],
        [
          0.0,
          0.0,
          0.0,
          1.0
        ]
      ]
    },
    {
      "file_path": "/media/NFS/ttao/scannet/posed_images/scene0160_02/00170.jpg",
      "transform_matrix": [
        [
          -0.972901,
          -0.163684,
          0.163313,
          3.25457
        ],
        [
          -0.225362,
          0.513267,
          -0.828112,
          5.805969
        ],
        [
          0.051725,
          -0.842475,
          -0.536246,
          1.328234
        ],
        [
          0.0,
          0.0,
          0.0,
          1.0
        ]
      ]
    },
    {
      "file_path": "/media/NFS/ttao/scannet/posed_images/scene0160_02/00172.jpg",
      "transform_matrix": [
        [
          -0.974857,
          -0.158559,
          0.156564,
          3.249146
        ],
        [
          -0.216628,
          0.509746,
          -0.832605,
          5.77591
        ],
        [
          0.052209,
          -0.845588,
          -0.531278,
          1.333018
        ],
        [
          0.0,
          0.0,
          0.0,
          1.0
        ]
      ]
    },
    {
      "file_path": "/media/NFS/ttao/scannet/posed_images/scene0160_02/00175.jpg",
      "transform_matrix": [
        [
          -0.977975,
          -0.154983,
          0.139802,
          3.237262
        ],
        [
          -0.20019,
          0.506962,
          -0.8384,
          5.714674
        ],
        [
          0.059064,
          -0.847921,
          -0.526822,
          1.329154
        ],
        [
          0.0,
          0.0,
          0.0,
          1.0
        ]
      ]
    },
    {
      "file_path": "/media/NFS/ttao/scannet/posed_images/scene0160_02/00177.jpg",
      "transform_matrix": [
        [
          -0.980024,
          -0.149255,
          0.131442,
          3.237828
        ],
        [
          -0.190279,
          0.511382,
          -0.838023,
          5.689682
        ],
        [
          0.057862,
          -0.846293,
          -0.529567,
          1.331472
        ],
        [
          0.0,
          0.0,
          0.0,
          1.0
        ]
      ]
    },
    {
      "file_path": "/media/NFS/ttao/scannet/posed_images/scene0160_02/00181.jpg",
      "transform_matrix": [
        [
          -0.983986,
          -0.13935,
          0.11114,
          3.245362
        ],
        [
          -0.167495,
          0.509642,
          -0.843926,
          5.640387
        ],
        [
          0.060959,
          -0.849027,
          -0.524821,
          1.32949
        ],
        [
          0.0,
          0.0,
          0.0,
          1.0
        ]
      ]
    },
    {
      "file_path": "/media/NFS/ttao/scannet/posed_images/scene0160_02/00182.jpg",
      "transform_matrix": [
        [
          -0.985358,
          -0.135939,
          0.102912,
          3.247424
        ],
        [
          -0.15874,
          0.511146,
          -0.844708,
          5.626235
        ],
        [
          0.062226,
          -0.848675,
          -0.525241,
          1.330304
        ],
        [
          0.0,
          0.0,
          0.0,
          1.0
        ]
      ]
    },
    {
      "file_path": "/media/NFS/ttao/scannet/posed_images/scene0160_02/00185.jpg",
      "transform_matrix": [
        [
          -0.990475,
          -0.121566,
          0.064663,
          3.263531
        ],
        [
          -0.118095,
          0.508512,
          -0.852918,
          5.586157
        ],
        [
          0.070804,
          -0.85243,
          -0.518025,
          1.326041
        ],
        [
          0.0,
          0.0,
          0.0,
          1.0
        ]
      ]
    },
    {
      "file_path": "/media/NFS/ttao/scannet/posed_images/scene0160_02/00189.jpg",
      "transform_matrix": [
        [
          -0.995732,
          -0.092039,
          0.006805,
          3.29389
        ],
        [
          -0.053129,
          0.511372,
          -0.857715,
          5.531286
        ],
        [
          0.075464,
          -0.854416,
          -0.51408,
          1.325851
        ],
        [
          0.0,
          0.0,
          0.0,
          1.0
        ]
      ]
    },
    {
      "file_path": "/media/NFS/ttao/scannet/posed_images/scene0160_02/00191.jpg",
      "transform_matrix": [
        [
          -0.997391,
          -0.072094,
          -0.003853,
          3.301866
        ],
        [
          -0.033683,
          0.511874,
          -0.8584,
          5.504029
        ],
        [
          0.063858,
          -0.85603,
          -0.512967,
          1.325922
        ],
        [
          0.0,
          0.0,
          0.0,
          1.0
        ]
      ]
    },
    {
      "file_path": "/media/NFS/ttao/scannet/posed_images/scene0160_02/00193.jpg",
      "transform_matrix": [
        [
          -0.998355,
          -0.054093,
          -0.019011,
          3.310017
        ],
        [
          -0.01135,
          0.511451,
          -0.859238,
          5.473968
        ],
        [
          0.056202,
          -0.857608,
          -0.511223,
          1.331888
        ],
        [
          0.0,
          0.0,
          0.0,
          1.0
        ]
      ]
    },
    {
      "file_path": "/media/NFS/ttao/scannet/posed_images/scene0160_02/00197.jpg",
      "transform_matrix": [
        [
          -0.997722,
          -0.034479,
          -0.057994,
          3.324882
        ],
        [
          0.033186,
          0.497614,
          -0.866764,
          5.424821
        ],
        [
          0.058743,
          -0.866713,
          -0.495336,
          1.330104
        ],
        [
          0.0,
          0.0,
          0.0,
          1.0
        ]
      ]
    },
    {
      "file_path": "/media/NFS/ttao/scannet/posed_images/scene0160_02/00199.jpg",
      "transform_matrix": [
        [
          -0.99693,
          -0.026292,
          -0.073759,
          3.328277
        ],
        [
          0.050819,
          0.499386,
          -0.864888,
          5.399684
        ],
        [
          0.059574,
          -0.865981,
          -0.496516,
          1.329574
        ],
        [
          0.0,
          0.0,
          0.0,
          1.0
        ]
      ]
    },
    {
      "file_path": "/media/NFS/ttao/scannet/posed_images/scene0160_02/00200.jpg",
      "transform_matrix": [
        [
          -0.996469,
          -0.025159,
          -0.080105,
          3.327951
        ],
        [
          0.056966,
          0.49829,
          -0.865137,
          5.386253
        ],
        [
          0.061681,
