{
  "frames": [
    {
      "file_path": "/media/NFS/ttao/scannet/posed_images/scene0291_01/00002.jpg",
      "transform_matrix": [
        [
          0.81409,
          -0.287882,
          0.504362,
          1.855527
        ],
        [
          -0.578341,
          -0.323066,
          0.749099,
          4.08491
        ],
        [
          -0.05271,
          -0.901528,
          -0.429499,
          1.342885
        ],
        [
          0.0,
          0.0,
          0.0,
          1.0
        ]
      ]
    },
    {
      "file_path": "/media/NFS/ttao/scannet/posed_images/scene0291_01/00005.jpg",
      "transform_matrix": [
        [
          0.802637,
          -0.306088,
          0.511941,
          1.851567
        ],
        [
          -0.593418,
          -0.323095,
          0.737201,
          4.099542
        ],
        [
          -0.060242,
          -0.8955,
          -0.440966,
          1.341861
        ],
        [
          0.0,
          0.0,
          0.0,
          1.0
        ]
      ]
    },
    {
      "file_path": "/media/NFS/ttao/scannet/posed_images/scene0291_01/00013.jpg",
      "transform_matrix": [
        [
          0.773623,
          -0.31527,
          0.549647,
          1.861489
        ],
        [
          -0.631602,
          -0.314054,
          0.708836,
          4.111098
        ],
        [
          -0.050856,
          -0.89553,
          -0.442085,
          1.348515
        ],
        [
          0.0,
          0.0,
          0.0,
          1.0
        ]
      ]
    },
    {
      "file_path": "/media/NFS/ttao/scannet/posed_images/scene0291_01/00018.jpg",
      "transform_matrix": [
        [
          0.7629,
          -0.32745,
          0.557459,
          1.871477
        ],
        [
          -0.644463,
          -0.31649,
          0.696061,
          4.108384
        ],
        [
          -0.051495,
          -0.890287,
          -0.45248,
          1.344752
        ],
        [
          0.0,
          0.0,
          0.0,
          1.0
        ]
      ]
    },
    {
      "file_path": "/media/NFS/ttao/scannet/posed_images/scene0291_01/00025.jpg",
      "transform_matrix": [
        [
          0.730604,
          -0.34265,
          0.590601,
          1.902693
        ],
        [
          -0.681678,
          -0.316416,
          0.659694,
          4.125736
        ],
        [
          -0.039169,
          -0.884574,
          -0.464752,
          1.337923
        ],
        [
          0.0,
          0.0,
          0.0,
          1.0
        ]
      ]
    },
    {
      "file_path": "/media/NFS/ttao/scannet/posed_images/scene0291_01/00030.jpg",
      "transform_matrix": [
        [
          0.711342,
          -0.347094,
          0.611162,
          1.935818
        ],
        [
          -0.702037,
          -0.309178,
          0.641524,
          4.163618
        ],
        [
          -0.033711,
          -0.885401,
          -0.463604,
          1.32641
        ],
        [
          0.0,
          0.0,
          0.0,
          1.0
        ]
      ]
    },
    {
      "file_path": "/media/NFS/ttao/scannet/posed_images/scene0291_01/00032.jpg",
      "transform_matrix": [
        [
          0.700908,
          -0.350631,
          0.621117,
          1.949972
        ],
        [
          -0.712601,
          -0.30705,
          0.630809,
          4.187824
        ],
        [
          -0.030468,
          -0.884748,
          -0.465073,
          1.327016
        ],
        [
          0.0,
          0.0,
          0.0,
          1.0
        ]
      ]
    },
    {
      "file_path": "/media/NFS/ttao/scannet/posed_images/scene0291_01/00042.jpg",
      "transform_matrix": [
        [
          0.630139,
          -0.371461,
          0.681866,
          2.013953
        ],
        [
          -0.776191,
          -0.277305,
          0.566241,
          4.32897
        ],
        [
          -0.021252,
          -0.886069,
          -0.463065,
          1.326791
        ],
        [
          0.0,
          0.0,
          0.0,
          1.0
        ]
      ]
    },
    {
      "file_path": "/media/NFS/ttao/scannet/posed_images/scene0291_01/00045.jpg",
      "transform_matrix": [
        [
          0.602857,
          -0.384025,
          0.699348,
          2.028005
        ],
        [
          -0.797483,
          -0.263466,
          0.542777,
          4.371715
        ],
        [
          -0.024185,
          -0.884935,
          -0.465086,
          1.323234
        ],
        [
          0.0,
          0.0,
          0.0,
          1.0
        ]
      ]
    },
    {
      "file_path": "/media/NFS/ttao/scannet/posed_images/scene0291_01/00054.jpg",
      "transform_matrix": [
        [
          0.54923,
          -0.396984,
          0.735357,
          2.093367
        ],
        [
          -0.835621,
          -0.270518,
          0.478077,
          4.485463
        ],
        [
          0.009138,
          -0.877054,
          -0.480305,
          1.309048
        ],
        [
          0.0,
          0.0,
          0.0,
          1.0
        ]
      ]
    },
    {
      "file_path": "/media/NFS/ttao/scannet/posed_images/scene0291_01/00055.jpg",
      "transform_matrix": [
        [
          0.546209,
          -0.398958,
          0.736538,
          2.105558
        ],
        [
          -0.837606,
          -0.269024,
          0.475439,
          4.49892
        ],
        [
          0.008467,
          -0.876618,
          -0.481113,
          1.307021
        ],
        [
          0.0,
          0.0,
          0.0,
          1.0
        ]
      ]
    },
    {
      "file_path": "/media/NFS/ttao/scannet/posed_images/scene0291_01/00064.jpg",
      "transform_matrix": [
        [
          0.530007,
          -0.431213,
          0.73017,
          2.221059
        ],
        [
          -0.847754,
          -0.249009,
          0.468302,
          4.609169
        ],
        [
          -0.020119,
          -0.867208,
          -0.497539,
          1.30439
        ],
        [
          0.0,
          0.0,
          0.0,
          1.0
        ]
      ]
    },
    {
      "file_path": "/media/NFS/ttao/scannet/posed_images/scene0291_01/00065.jpg",
      "transform_matrix": [
        [
          0.528391,
          -0.435373,
          0.728871,
          2.234035
        ],
        [
          -0.848731,
          -0.249225,
          0.466415,
          4.622046
        ],
        [
          -0.021412,
          -0.865065,
          -0.501203,
          1.303927
        ],
        [
          0.0,
          0.0,
          0.0,
          1.0
        ]
      ]
    },
    {
      "file_path": "/media/NFS/ttao/scannet/posed_images/scene0291_01/00075.jpg",
      "transform_matrix": [
        [
          0.518645,
          -0.446077,
          0.729398,
          2.331869
        ],
        [
          -0.854915,
          -0.259274,
          0.44933,
          4.734275
        ],
        [
          -0.011322,
          -0.856617,
          -0.51583,
          1.308408
        ],
        [
          0.0,
          0.0,
          0.0,
          1.0
        ]
      ]
    },
    {
      "file_path": "/media/NFS/ttao/scannet/posed_images/scene0291_01/00079.jpg",
      "transform_matrix": [
        [
          0.509183,
          -0.439276,
          0.740114,
          2.359213
        ],
        [
          -0.860633,
          -0.253216,
          0.441806,
          4.78628
        ],
        [
          -0.006666,
          -0.861927,
          -0.506989,
          1.299319
        ],
        [
          0.0,
          0.0,
          0.0,
          1.0
        ]
      ]
    },
    {
      "file_path": "/media/NFS/ttao/scannet/posed_images/scene0291_01/00086.jpg",
      "transform_matrix": [
        [
          0.462364,
          -0.442693,
          0.768272,
          2.406105
        ],
        [
          -0.886594,
          -0.24359,
          0.393211,
          4.906712
        ],
        [
          0.013072,
          -0.862952,
          -0.505116,
          1.298406
        ],
        [
          0.0,
          0.0,
          0.0,
          1.0
        ]
      ]
    },
    {
      "file_path": "/media/NFS/ttao/scannet/posed_images/scene0291_01/00092.jpg",
      "transform_matrix": [
        [
          0.399705,
          -0.450584,
          0.798254,
          2.43498
        ],
        [
          -0.916632,
          -0.200936,
          0.345559,
          5.029787
        ],
        [
          0.004695,
          -0.869827,
          -0.493335,
          1.304675
        ],
        [
          0.0,
          0.0,
          0.0,
          1.0
        ]
      ]
    },
    {
      "file_path": "/media/NFS/ttao/scannet/posed_images/scene0291_01/00097.jpg",
      "transform_matrix": [
        [
          0.360296,
          -0.439404,
          0.822867,
          2.45056
        ],
        [
          -0.932835,
          -0.167471,
          0.319017,
          5.114863
        ],
        [
          -0.002371,
          -0.88254,
          -0.470231,
          1.30962
        ],
        [
          0.0,
          0.0,
          0.0,
          1.0
        ]
      ]
    },
    {
      "file_path": "/media/NFS/ttao/scannet/posed_images/scene0291_01/00102.jpg",
      "transform_matrix": [
        [
          0.338224,
          -0.439922,
          0.831909,
          2.479479
        ],
        [
          -0.941062,
          -0.160441,
          0.297758,
          5.184213
        ],
        [
          0.002482,
          -0.883588,
          -0.468259,
          1.315926
        ],
        [
          0.0,
          0.0,
          0.0,
          1.0
        ]
      ]
    },
    {
      "file_path": "/media/NFS/ttao/scannet/posed_images/scene0291_01/00109.jpg",
      "transform_matrix": [
        [
          0.303522,
          -0.418655,
          0.855922,
          2.538317
        ],
        [
          -0.952802,
          -0.127179,
          0.27567,
          5.265252
        ],
        [
          -0.006555,
          -0.899196,
          -0.437497,
          1.311261
        ],
        [
          0.0,
          0.0,
          0.0,
          1.0
        ]
      ]
    },
    {
      "file_path": "/media/NFS/ttao/scannet/posed_images/scene0291_01/00112.jpg",
      "transform_matrix": [
        [
          0.28905,
          -0.430469,
          0.855071,
          2.571274
        ],
        [
          -0.957262,
          -0.120622,
          0.26287,
          5.307769
        ],
        [
          -0.010017,
          -0.894509,
          -0.446937,
          1.307155
        ],
        [
          0.0,
          0.0,
          0.0,
          1.0
        ]
      ]
    },
    {
      "file_path": "/media/NFS/ttao/scannet/posed_images/scene0291_01/00117.jpg",
      "transform_matrix": [
        [
          0.25294,
          -0.454688,
          0.853979,
          2.648142
        ],
        [
          -0.967378,
          -0.105909,
          0.230137,
          5.376287
        ],
        [
          -0.014196,
          -0.884331,
          -0.466644,
          1.303888
        ],
        [
          0.0,
          0.0,
          0.0,
          1.0
        ]
      ]
    },
    {
      "file_path": "/media/NFS/ttao/scannet/posed_images/scene0291_01/00122.jpg",
      "transform_matrix": [
        [
          0.199534,
          -0.46844,
          0.860669,
          2.731385
        ],
        [
          -0.979264,
          -0.063904,
          0.192247,
          5.444972
        ],
        [
          -0.035056,
          -0.881181,
          -0.471477,
          1.30865
        ],
        [
          0.0,
          0.0,
          0.0,
          1.0
        ]
      ]
    },
    {
      "file_path": "/media/NFS/ttao/scannet/posed_images/scene0291_01/00131.jpg",
      "transform_matrix": [
        [
          0.079394,
          -0.436735,
          0.89608,
          2.861427
        ],
        [
          -0.996331,
          -0.005952,
          0.085375,
          5.559097
        ],
        [
          -0.031953,
          -0.899571,
          -0.435605,
          1.319988
        ],
        [
          0.0,
          0.0,
          0.0,
          1.0
        ]
      ]
    },
    {
      "file_path": "/media/NFS/ttao/scannet/posed_images/scene0291_01/00132.jpg",
      "transform_matrix": [
        [
          0.06189,
          -0.43674,
          0.897456,
          2.875839
        ],
        [
          -0.997393,
          0.006358,
          0.071876,
          5.570465
        ],
        [
          -0.037097,
          -0.899565,
          -0.435208,
          1.322083
        ],
        [
          0.0,
          0.0,
          0.0,
          1.0
        ]
      ]
    },
    {
      "file_path": "/media/NFS/ttao/scannet/posed_images/scene0291_01/00141.jpg",
      "transform_matrix": [
        [
          -0.0924,
          -0.379031,
          0.920759,
          2.984636
        ],
        [
          -0.994287,
          0.084743,
          -0.064894,
          5.71149
        ],
        [
          -0.053431,
          -0.921496,
          -0.384696,
          1.338179
        ],
        [
          0.0,
          0.0,
          0.0,
          1.0
        ]
      ]
    },
    {
      "file_path": "/media/NFS/ttao/scannet/posed_images/scene0291_01/00146.jpg",
      "transform_matrix": [
        [
          -0.159428,
          -0.361704,
          0.91856,
          3.035315
        ],
        [
          -0.9837,
          0.136598,
          -0.116945,
          5.786907
        ],
        [
          -0.083174,
          -0.922232,
          -0.377585,
          1.357066
        ],
        [
          0.0,
          0.0,
          0.0,
          1.0
        ]
      ]
    },
    {
      "file_path": "/media/NFS/ttao/scannet/posed_images/scene0291_01/00154.jpg",
      "transform_matrix": [
        [
          -0.234003,
          -0.340826,
          0.910538,
          3.137949
        ],
        [
          -0.97073,
          0.134012,
          -0.19931,
          5.897348
        ],
        [
          -0.054093,
          -0.930526,
          -0.362209,
          1.369626
        ],
        [
          0.0,
          0.0,
          0.0,
          1.0
        ]
      ]
    },
    {
      "file_path": "/media/NFS/ttao/scannet/posed_images/scene0291_01/00156.jpg",
      "transform_matrix": [
        [
          -0.24277,
          -0.331597,
          0.91165,
          3.164267
        ],
        [
          -0.968746,
          0.13221,
          -0.209886,
          5.920793
        ],
        [
          -0.050932,
          -0.934111,
          -0.35333,
          1.362917
        ],
        [
          0.0,
          0.0,
          0.0,
          1.0
        ]
      ]
    },
    {
      "file_path": "/media/NFS/ttao/scannet/posed_images/scene0291_01/00164.jpg",
      "transform_matrix": [
        [
          -0.277466,
          -0.339284,
          0.898832,
          3.299789
        ],
        [
          -0.959503,
          0.145227,
          -0.241376,
          6.032668
        ],
        [
          -0.048639,
          -0.929406,
          -0.36584,
          1.348878
        ],
        [
          0.0,
          0.0,
          0.0,
          1.0
        ]
      ]
    },
    {
      "file_path": "/media/NFS/ttao/scannet/posed_images/scene0291_01/00169.jpg",
      "transform_matrix": [
        [
          -0.302435,
          -0.321688,
          0.897246,
          3.393265
        ],
        [
          -0.952586,
          0.134937,
          -0.272711,
          6.09147
        ],
        [
          -0.033344,
          -0.937181,
          -0.347245,
          1.351002
        ],
        [
          0.0,
          0.0,
          0.0,
          1.0
        ]
      ]
    },
    {
      "file_path": "/media/NFS/ttao/scannet/posed_images/scene0291_01/00173.jpg",
      "transform_matrix": [
        [
          -0.345743,
          -0.328886,
          0.878803,
          3.469652
        ],
        [
          -0.937819,
          0.151995,
          -0.312079,
          6.129801
        ],
        [
          -0.030935,
          -0.932058,
          -0.360987,
          1.347402
        ],
        [
          0.0,
          0.0,
          0.0,
          1.0
        ]
      ]
    },
    {
      "file_path": "/media/NFS/ttao/scannet/posed_images/scene0291_01/00178.jpg",
      "transform_matrix": [
        [
          -0.405876,
          -0.3128,
          0.858732,
          3.544321
        ],
        [
          -0.91344,
          0.169524,
          -0.369984,
          6.163614
        ],
        [
          -0.029845,
          -0.934568,
          -0.35453,
          1.345051
        ],
        [
          0.0,
          0.0,
          0.0,
          1.0
        ]
      ]
    },
    {
      "file_path": "/media/NFS/ttao/scannet/posed_images/scene0291_01/00186.jpg",
      "transform_matrix": [
        [
          -0.569061,
          -0.27691,
          0.774268,
          3.660939
        ],
        [
          -0.821555,
          0.231413,
          -0.521052,
          6.2167
        ],
        [
          -0.034891,
          -0.932614,
          -0.359185,
          1.348871
        ],
        [
          0.0,
          0.0,
          0.0,
          1.0
        ]
      ]
    },
    {
      "file_path": "/media/NFS/ttao/scannet/posed_images/scene0291_01/00190.jpg",
      "transform_matrix": [
        [
          -0.640714,
          -0.229236,
          0.732759,
          3.725114
        ],
        [
          -0.765584,
          0.262873,
          -0.587179,
          6.249825
        ],
        [
          -0.05802,
          -0.937203,
          -0.343926,
          1.355923
        ],
        [
          0.0,
          0.0,
          0.0,
          1.0
        ]
      ]
    },
    {
      "file_path": "/media/NFS/ttao/scannet/posed_images/scene0291_01/00198.jpg",
      "transform_matrix": [
        [
          -0.718891,
          -0.197807,
          0.666384,
          3.820984
        ],
        [
          -0.691781,
          0.297475,
          -0.657988,
          6.272392
        ],
        [
          -0.068078,
          -0.934013,
          -0.350692,
          1.362284
        ],
        [
          0.0,
          0.0,
          0.0,
          1.0
        ]
      ]
    },
    {
      "file_path": "/media/NFS/ttao/scannet/posed_images/scene0291_01/00203.jpg",
      "transform_matrix": [
        [
          -0.747936,
          -0.16289,
          0.643474,
          3.891565
        ],
        [
          -0.657432,
          0.315446,
          -0.684307,
          6.266445
        ],
        [
          -0.091514,
          -0.934859,
          -0.343023,
          1.356294
        ],
        [
          0.0,
          0.0,
          0.0,
          1.0
        ]
      ]
    },
    {
      "file_path": "/media/NFS/ttao/scannet/posed_images/scene0291_01/00208.jpg",
      "transform_matrix": [
        [
          -0.788769,
          -0.132489,
          0.600241,
          3.973695
        ],
        [
          -0.606169,
          0.329674,
          -0.723792,
          6.248553
        ],
        [
          -0.101989,
          -0.934752,
          -0.340347,
          1.350986
        ],
        [
          0.0,
          0.0,
          0.0,
          1.0
        ]
      ]
    },
    {
      "file_path": "/media/NFS/ttao/scannet/posed_images/scene0291_01/00211.jpg",
      "transform_matrix": [
        [
          -0.816462,
          -0.120453,
          0.564696,
          4.01743
        ],
        [
          -0.567897,
          0.344229,
          -0.747663,
          6.218462
        ],
        [
          -0.104327,
          -0.931127,
          -0.349455,
          1.355213
        ],
        [
          0.0,
          0.0,
          0.0,
          1.0
        ]
      ]
    },
    {
      "file_path": "/media/NFS/ttao/scannet/posed_images/scene0291_01/00220.jpg",
      "transform_matrix": [
        [
          -0.876866,
          -0.087602,
          0.472685,
          4.132808
        ],
        [
          -0.471276,
          0.350724,
          -0.809253,
          6.150917
        ],
        [
          -0.09489,
          -0.932373,
          -0.348823,
          1.362843
        ],
        [
          0.0,
          0.0,
          0.0,
          1.0
        ]
      ]
    },
    {
      "file_path": "/media/NFS/ttao/scannet/posed_images/scene0291_01/00226.jpg",
      "transform_matrix": [
        [
          -0.906621,
          -0.066965,
          0.416597,
          4.193267
        ],
        [
          -0.412809,
          0.345104,
          -0.842906,
          6.121915
        ],
        [
          -0.087325,
          -0.936173,
          -0.340523,
          1.367013
        ],
        [
          0.0,
          0.0,
          0.0,
          1.0
        ]
      ]
    },
    {
      "file_path": "/media/NFS/ttao/scannet/posed_images/scene0291_01/00230.jpg",
      "transform_matrix": [
        [
          -0.928347,
          -0.048522,
          0.368535,
          4.234644
        ],
        [
          -0.362255,
          0.340359,
          -0.867714,
          6.102764
        ],
        [
          -0.083331,
          -0.939043,
          -0.333548,
          1.369062
        ],
        [
          0.0,
          0.0,
          0.0,
          1.0
        ]
      ]
    },
    {
      "file_path": "/media/NFS/ttao/scannet/posed_images/scene0291_01/00238.jpg",
      "transform_matrix": [
        [
          -0.967067,
          0.012261,
          0.254225,
          4.322471
        ],
        [
          -0.235345,
          0.337277,
          -0.911513,
          6.090554
        ],
        [
          -0.096921,
          -0.941326,
          -0.323285,
          1.372591
        ],
        [
          0.0,
          0.0,
          0.0,
          1.0
        ]
      ]
    },
    {
      "file_path": "/media/NFS/ttao/scannet/posed_images/scene0291_01/00243.jpg",
      "transform_matrix": [
        [
          -0.982835,
          0.027859,
          0.182371,
          4.381182
        ],
        [
          -0.162369,
          0.338701,
          -0.926778,
          6.090642
        ],
        [
          -0.087588,
          -0.940482,
          -0.328364,
          1.379858
        ],
        [
          0.0,
          0.0,
          0.0,
          1.0
        ]
      ]
    },
    {
      "file_path": "/media/NFS/ttao/scannet/posed_images/scene0291_01/00245.jpg",
      "transform_matrix": [
        [
          -0.984323,
          0.041122,
          0.171515,
          4.397212
        ],
        [
          -0.147436,
          0.341888,
          -0.928103,
          6.092669
        ],
        [
          -0.096805,
          -0.938841,
          -0.330465,
          1.382848
        ],
        [
          0.0,
          0.0,
          0.0,
          1.0
        ]
      ]
    },
    {
      "file_path": "/media/NFS/ttao/scannet/posed_images/scene0291_01/00253.jpg",
      "transform_matrix": [
        [
          -0.995681,
          0.030395,
          0.087718,
          4.485591
        ],
        [
          -0.072605,
          0.333855,
          -0.939824,
          6.074891
        ],
        [
          -0.057851,
          -0.942134,
          -0.330206,
          1.374815
        ],
        [
          0.0,
          0.0,
          0.0,
          1.0
        ]
      ]
    },
    {
      "file_path": "/media/NFS/ttao/scannet/posed_images/scene0291_01/00258.jpg",
      "transform_matrix": [
        [
          -0.998075,
          0.045125,
          0.042527,
          4.546779
        ],
        [
          -0.02547,
          0.326946,
          -0.944699,
          6.02954
        ],
        [
          -0.056534,
          -0.943965,
          -0.325168,
          1.372438
        ],
        [
          0.0,
          0.0,
          0.0,
          1.0
        ]
      ]
    },
    {
      "file_path": "/media/NFS/ttao/scannet/posed_images/scene0291_01/00265.jpg",
      "transform_matrix": [
        [
          -0.99668,
          0.078666,
          -0.020964,
          4.630577
        ],
        [
          0.043759,
          0.300511,
          -0.952774,
          5.946125
        ],
        [
          -0.068651,
          -0.950529,
          -0.302956,
          1.370923
        ],
        [
          0.0,
          0.0,
          0.0,
          1.0
        ]
      ]
    },
    {
      "file_path": "/media/NFS/ttao/scannet/posed_images/scene0291_01/00270.jpg",
      "transform_matrix": [
        [
          -0.994581,
          0.092534,
          -0.047403,
          4.720572
        ],
        [
          0.074553,
          0.316956,
          -0.945505,
          5.870727
        ],
        [
          -0.072466,
          -0.943915,
          -0.322137,
          1.3779
        ],
        [
          0.0,
          0.0,
          0.0,
          1.0
        ]
      ]
    },
    {
      "file_path": "/media/NFS/ttao/scannet/posed_images/scene0291_01/00273.jpg",
      "transform_matrix": [
        [
          -0.994521,
          0.080998,
          -0.066081,
          4.76659
        ],
        [
          0.089412,
          0.331638,
          -0.93916,
          5.840953
        ],
        [
          -0.054155,
          -0.939923,
          -0.337064,
          1.37486
        ],
        [
          0.0,
          0.0,
          0.0,
          1.0
        ]
      ]
    },
    {
      "file_path": "/media/NFS/ttao/scannet/posed_images/scene0291_01/00278.jpg",
      "transform_matrix": [
        [
          -0.99315,
          0.090547,
          -0.073855,
          4.835882
        ],
        [
          0.100828,
          0.344671,
          -0.933293,
          5.799904
        ],
        [
          -0.059052,
          -0.934347,
          -0.351439,
          1.367932
        ],
        [
          0.0,
          0.0,
          0.0,
          1.0
        ]
      ]
    },
    {
      "file_path": "/media/NFS/ttao/scannet/posed_images/scene0291_01/00285.jpg",
      "transform_matrix": [
        [
          -0.985346,
          0.106267,
          -0.133419,
          4.948233
        ],
        [
          0.162348,
          0.344401,
          -0.924679,
          5.75125
        ],
        [
          -0.052313,
          -0.932789,
          -0.356607,
          1.363052
        ],
        [
          0.0,
          0.0,
          0.0,
          1.0
        ]
      ]
    },
    {
      "file_path": "/media/NFS/ttao/scannet/posed_images/scene0291_01/00292.jpg",
      "transform_matrix": [
        [
          -0.975241,
          0.143474,
          -0.168286,
          5.042146
        ],
        [
          0.21014,
          0.364161,
          -0.90732,
          5.710057
        ],
        [
          -0.068894,
          -0.920219,
          -0.385294,
          1.367592
        ],
        [
          0.0,
          0.0,
          0.0,
          1.0
        ]
      ]
    },
    {
      "file_path": "/media/NFS/ttao/scannet/posed_images/scene0291_01/00299.jpg",
      "transform_matrix": [
        [
          -0.967331,
          0.16129,
          -0.195593,
          5.109291
        ],
        [
          0.24312,
          0.371502,
          -0.896035,
          5.651738
        ],
        [
          -0.071858,
          -0.914315,
          -0.398578,
          1.377381
        ],
        [
          0.0,
          0.0,
          0.0,
          1.0
        ]
      ]
    },
    {
      "file_path": "/media/NFS/ttao/scannet/posed_images/scene0291_01/00302.jpg",
      "transform_matrix": [
        [
          -0.963785,
          0.161056,
          -0.212552,
          5.13868
        ],
        [
          0.258633,
          0.370187,
          -0.892228,
          5.615354
        ],
        [
          -0.065015,
          -0.914889,
          -0.398435,
          1.372762
        ],
        [
          0.0,
          0.0,
          0.0,
          1.0
        ]
      ]
    },
    {
      "file_path": "/media/NFS/ttao/scannet/posed_images/scene0291_01/00309.jpg",
      "transform_matrix": [
        [
          -0.949804,
          0.187449,
          -0.250471,
          5.196241
        ],
        [
          0.303241,
          0.354753,
          -0.884418,
          5.496274
        ],
        [
          -0.076928,
          -0.915977,
          -0.393788,
          1.369856
        ],
        [
          0.0,
          0.0,
          0.0,
          1.0
        ]
      ]
    },
    {
      "file_path": "/media/NFS/ttao/scannet/posed_images/scene0291_01/00312.jpg",
      "transform_matrix": [
        [
          -0.945723,
          0.201318,
          -0.255106,
          5.21525
        ],
        [
          0.315189,
          0.377043,
          -0.870916,
          5.439286
        ],
        [
          -0.079145,
          -0.904052,
          -0.420032,
          1.369954
        ],
        [
          0.0,
          0.0,
          0.0,
          1.0
        ]
      ]
    },
    {
      "file_path": "/media/NFS/ttao/scannet/posed_images/scene0291_01/00322.jpg",
      "transform_matrix": [
        [
          -0.936041,
          0.198466,
          -0.290584,
          5.273163
        ],
        [
          0.346167,
          0.370986,
          -0.861706,
          5.271316
        ],
        [
          -0.063217,
          -0.907183,
          -0.415961,
          1.378017
        ],
        [
          0.0,
          0.0,
          0.0,
          1.0
        ]
      ]
    },
    {
      "file_path": "/media/NFS/ttao/scannet/posed_images/scene0291_01/00327.jpg",
      "transform_matrix": [
        [
          -0.919777,
          0.199992,
          -0.33766,
          5.298547
        ],
        [
          0.38979,
          0.365686,
          -0.845185,
          5.187861
        ],
        [
          -0.045553,
          -0.908998,
          -0.414305,
          1.373723
        ],
        [
          0.0,
          0.0,
          0.0,
          1.0
        ]
      ]
    },
    {
      "file_path": "/media/NFS/ttao/scannet/posed_images/scene0291_01/00330.jpg",
      "transform_matrix": [
        [
          -0.910469,
          0.201872,
          -0.360962,
          5.306753
        ],
        [
          0.411651,
          0.358222,
          -0.837986,
          5.137955
        ],
        [
          -0.039861,
          -0.911551,
          -0.409251,
          1.372246
        ],
        [
          0.0,
          0.0,
          0.0,
          1.0
        ]
      ]
    },
    {
      "file_path": "/media/NFS/ttao/scannet/posed_images/scene0291_01/00339.jpg",
      "transform_matrix": [
        [
          -0.864852,
          0.247795,
          -0.436608,
          5.353255
        ],
        [
          0.498838,
          0.326328,
          -0.802913,
          4.967474
        ],
        [
          -0.056481,
          -0.912199,
          -0.405835,
          1.386763
        ],
        [
          0.0,
          0.0,
          0.0,
          1.0
        ]
      ]
    },
    {
      "file_path": "/media/NFS/ttao/scannet/posed_images/scene0291_01/00340.jpg",
      "transform_matrix": [
        [
          -0.864927,
          0.243985,
          -0.438604,
          5.349907
        ],
        [
          0.499103,
          0.326018,
          -0.802875,
          4.956028
        ],
        [
          -0.052897,
          -0.913337,
          -0.403755,
          1.377051
        ],
        [
          0.0,
          0.0,
          0.0,
          1.0
        ]
      ]
    },
    {
      "file_path": "/media/NFS/ttao/scannet/posed_images/scene0291_01/00349.jpg",
      "transform_matrix": [
        [
          -0.834103,
          0.26995,
          -0.481039,
          5.335353
        ],
        [
          0.549564,
          0.331676,
          -0.766792,
          4.786561
        ],
        [
          -0.047447,
          -0.903946,
          -0.425007,
          1.379019
        ],
        [
          0.0,
          0.0,
          0.0,
          1.0
        ]
      ]
    },
    {
      "file_path": "/media/NFS/ttao/scannet/posed_images/scene0291_01/00354.jpg",
      "transform_matrix": [
        [
          -0.835781,
          0.275187,
          -0.475122,
          5.295835
        ],
        [
          0.545765,
          0.321675,
          -0.773735,
          4.666961
        ],
        [
          -0.060087,
          -0.905979,
          -0.419038,
          1.381288
        ],
        [
          0.0,
          0.0,
          0.0,
          1.0
        ]
      ]
    },
    {
      "file_path": "/media/NFS/ttao/scannet/posed_images/scene0291_01/00361.jpg",
      "transform_matrix": [
        [
          -0.826213,
          0.260866,
          -0.499321,
          5.250257
        ],
        [
          0.562211,
          0.325255,
          -0.760348,
          4.544644
        ],
        [
          -0.035942,
          -0.908933,
          -0.415391,
          1.375486
        ],
        [
          0.0,
          0.0,
          0.0,
          1.0
        ]
      ]
    },
    {
      "file_path": "/media/NFS/ttao/scannet/posed_images/scene0291_01/00364.jpg",
      "transform_matrix": [
        [
          -0.812889,
          0.273919,
          -0.513985,
          5.235571
        ],
        [
          0.581324,
          0.327496,
          -0.744856,
          4.489857
        ],
        [
          -0.035702,
          -0.904276,
          -0.425453,
          1.37686
        ],
        [
          0.0,
          0.0,
          0.0,
          1.0
        ]
      ]
    },
    {
      "file_path": "/media/NFS/ttao/scannet/posed_images/scene0291_01/00369.jpg",
      "transform_matrix": [
        [
          -0.793242,
          0.293632,
          -0.53343,
          5.204535
        ],
        [
          0.607236,
          0.316621,
          -0.728709,
          4.408829
        ],
        [
          -0.045077,
          -0.90196,
          -0.42946,
          1.377011
        ],
        [
          0.0,
          0.0,
          0.0,
          1.0
        ]
      ]
    },
    {
      "file_path": "/media/NFS/ttao/scannet/posed_images/scene0291_01/00376.jpg",
      "transform_matrix": [
        [
          -0.736638,
          0.28615,
          -0.612767,
          5.180142
        ],
        [
          0.675653,
          0.272135,
          -0.685154,
          4.280695
        ],
        [
          -0.029301,
          -0.918728,
          -0.393802,
          1.388007
        ],
        [
          0.0,
          0.0,
          0.0,
          1.0
        ]
      ]
    },
    {
      "file_path": "/media/NFS/ttao/scannet/posed_images/scene0291_01/00381.jpg",
      "transform_matrix": [
        [
          -0.713078,
          0.300269,
          -0.633528,
          5.157512
        ],
        [
          0.699668,
          0.24738,
          -0.670274,
          4.198499
        ],
        [
          -0.04454,
          -0.921218,
          -0.38649,
          1.413923
        ],
        [
          0.0,
          0.0,
          0.0,
          1.0
        ]
      ]
    },
    {
      "file_path": "/media/NFS/ttao/scannet/posed_images/scene0291_01/00389.jpg",
      "transform_matrix": [
        [
          -0.704131,
          0.340838,
          -0.622919,
          5.11459
        ],
        [
          0.708062,
          0.271115,
          -0.652031,
          4.088028
        ],
        [
          -0.053355,
          -0.900181,
          -0.432235,
          1.411376
        ],
        [
          0.0,
          0.0,
          0.0,
          1.0
        ]
      ]
    },
    {
      "file_path": "/media/NFS/ttao/scannet/posed_images/scene0291_01/00392.jpg",
      "transform_matrix": [
        [
          -0.712173,
          0.337235,
          -0.615696,
          5.089593
        ],
        [
          0.700883,
          0.292026,
          -0.650757,
          4.054646
        ],
        [
          -0.039659,
          -0.894983,
          -0.444335,
          1.407106
        ],
        [
          0.0,
          0.0,
          0.0,
          1.0
        ]
      ]
    },
    {
      "file_path": "/media/NFS/ttao/scannet/posed_images/scene0291_01/00397.jpg",
      "transform_matrix": [
        [
          -0.730909,
          0.315428,
          -0.605208,
          5.050504
        ],
        [
          0.681736,
          0.296188,
          -0.668961,
          3.983683
        ],
        [
          -0.031753,
          -0.901542,
          -0.431525,
          1.400356
        ],
        [
          0.0,
          0.0,
          0.0,
          1.0
        ]
      ]
    },
    {
      "file_path": "/media/NFS/ttao/scannet/posed_images/scene0291_01/00406.jpg",
      "transform_matrix": [
        [
          -0.799792,
          0.274855,
          -0.533655,
          4.974327
        ],
        [
          0.59851,
          0.296969,
          -0.74404,
          3.881381
        ],
        [
          -0.046024,
          -0.914475,
          -0.402017,
          1.410399
        ],
        [
          0.0,
          0.0,
          0.0,
          1.0
        ]
      ]
    },
    {
      "file_path": "/media/NFS/ttao/scannet/posed_images/scene0291_01/00408.jpg",
      "transform_matrix": [
        [
          -0.811496,
          0.27153,
          -0.517442,
          4.960917
        ],
        [
          0.582663,
          0.308577,
          -0.751854,
          3.867318
        ],
        [
          -0.04448,
          -0.91162,
          -0.408619,
          1.405051
        ],
        [
          0.0,
          0.0,
          0.0,
          1.0
        ]
      ]
    },
    {
      "file_path": "/media/NFS/ttao/scannet/posed_images/scene0291_01/00416.jpg",
      "transform_matrix": [
        [
          -0.826839,
          0.286917,
          -0.483752,
          4.922539
        ],
        [
          0.559894,
          0.338166,
          -0.756414,
          3.775398
        ],
        [
          -0.05344,
          -0.896283,
          -0.440252,
          1.404037
        ],
        [
          0.0,
          0.0,
          0.0,
          1.0
        ]
      ]
    },
    {
      "file_path": "/media/NFS/ttao/scannet/posed_images/scene0291_01/00421.jpg",
      "transform_matrix": [
        [
          -0.82469,
          0.281335,
          -0.49065,
          4.916593
        ],
        [
          0.563861,
          0.341298,
          -0.752048,
          3.716241
        ],
        [
          -0.044119,
          -0.896865,
          -0.440099,
          1.399263
        ],
        [
          0.0,
          0.0,
          0.0,
          1.0
        ]
      ]
    },
    {
      "file_path": "/media/NFS/ttao/scannet/posed_images/scene0291_01/00428.jpg",
      "transform_matrix": [
        [
          -0.794196,
          0.283268,
          -0.537598,
          4.908935
        ],
        [
          0.606405,
          0.312608,
          -0.731128,
          3.604407
        ],
        [
          -0.039048,
          -0.906662,
          -0.420048,
          1.408742
        ],
        [
          0.0,
          0.0,
          0.0,
          1.0
        ]
      ]
    },
    {
      "file_path": "/media/NFS/ttao/scannet/posed_images/scene0291_01/00429.jpg",
      "transform_matrix": [
        [
          -0.788017,
          0.292402,
          -0.541785,
          4.907318
        ],
        [
          0.613958,
          0.307954,
          -0.726788,
          3.58497
        ],
        [
