{
  "frames": [
    {
      "file_path": "/media/NFS/ttao/scannet/posed_images/scene0059_01/00000.jpg",
      "transform_matrix": [
        [
          -0.279203,
          0.436463,
          -0.855304,
          3.965756
        ],
        [
          0.959746,
          0.098492,
          -0.263036,
          3.455883
        ],
        [
          -0.030565,
          -0.894315,
          -0.446393,
          1.535224
        ],
        [
          0.0,
          0.0,
          0.0,
          1.0
        ]
      ]
    },
    {
      "file_path": "/media/NFS/ttao/scannet/posed_images/scene0059_01/00007.jpg",
      "transform_matrix": [
        [
          -0.226138,
          0.443025,
          -0.867519,
          3.864539
        ],
        [
          0.973432,
          0.06992,
          -0.21804,
          3.464752
        ],
        [
          -0.03594,
          -0.893778,
          -0.447066,
          1.536128
        ],
        [
          0.0,
          0.0,
          0.0,
          1.0
        ]
      ]
    },
    {
      "file_path": "/media/NFS/ttao/scannet/posed_images/scene0059_01/00009.jpg",
      "transform_matrix": [
        [
          -0.218824,
          0.443236,
          -0.869286,
          3.845211
        ],
        [
          0.97452,
          0.054289,
          -0.217634,
          3.472501
        ],
        [
          -0.04927,
          -0.89476,
          -0.443822,
          1.534904
        ],
        [
          0.0,
          0.0,
          0.0,
          1.0
        ]
      ]
    },
    {
      "file_path": "/media/NFS/ttao/scannet/posed_images/scene0059_01/00017.jpg",
      "transform_matrix": [
        [
          -0.203482,
          0.469549,
          -0.859139,
          3.760724
        ],
        [
          0.977131,
          0.042064,
          -0.208438,
          3.492706
        ],
        [
          -0.061733,
          -0.881904,
          -0.46737,
          1.525127
        ],
        [
          0.0,
          0.0,
          0.0,
          1.0
        ]
      ]
    },
    {
      "file_path": "/media/NFS/ttao/scannet/posed_images/scene0059_01/00019.jpg",
      "transform_matrix": [
        [
          -0.218432,
          0.47084,
          -0.85475,
          3.736386
        ],
        [
          0.97398,
          0.050959,
          -0.22083,
          3.502509
        ],
        [
          -0.060419,
          -0.880746,
          -0.46972,
          1.529299
        ],
        [
          0.0,
          0.0,
          0.0,
          1.0
        ]
      ]
    },
    {
      "file_path": "/media/NFS/ttao/scannet/posed_images/scene0059_01/00026.jpg",
      "transform_matrix": [
        [
          -0.292745,
          0.462056,
          -0.837141,
          3.65292
        ],
        [
          0.955049,
          0.098525,
          -0.279596,
          3.554123
        ],
        [
          -0.046709,
          -0.881361,
          -0.470129,
          1.537317
        ],
        [
          0.0,
          0.0,
          0.0,
          1.0
        ]
      ]
    },
    {
      "file_path": "/media/NFS/ttao/scannet/posed_images/scene0059_01/00030.jpg",
      "transform_matrix": [
        [
          -0.335258,
          0.448381,
          -0.828587,
          3.603593
        ],
        [
          0.941523,
          0.127975,
          -0.311701,
          3.587221
        ],
        [
          -0.033722,
          -0.884634,
          -0.465066,
          1.545023
        ],
        [
          0.0,
          0.0,
          0.0,
          1.0
        ]
      ]
    },
    {
      "file_path": "/media/NFS/ttao/scannet/posed_images/scene0059_01/00036.jpg",
      "transform_matrix": [
        [
          -0.392405,
          0.419062,
          -0.818783,
          3.551609
        ],
        [
          0.91967,
          0.164198,
          -0.356717,
          3.596441
        ],
        [
          -0.015044,
          -0.892987,
          -0.449831,
          1.553089
        ],
        [
          0.0,
          0.0,
          0.0,
          1.0
        ]
      ]
    },
    {
      "file_path": "/media/NFS/ttao/scannet/posed_images/scene0059_01/00039.jpg",
      "transform_matrix": [
        [
          -0.421801,
          0.412841,
          -0.807246,
          3.521026
        ],
        [
          0.906541,
          0.175967,
          -0.383691,
          3.601103
        ],
        [
          -0.016355,
          -0.893643,
          -0.448481,
          1.552989
        ],
        [
          0.0,
          0.0,
          0.0,
          1.0
        ]
      ]
    },
    {
      "file_path": "/media/NFS/ttao/scannet/posed_images/scene0059_01/00044.jpg",
      "transform_matrix": [
        [
          -0.445572,
          0.412959,
          -0.794311,
          3.469872
        ],
        [
          0.895134,
          0.191477,
          -0.402581,
          3.594397
        ],
        [
          -0.014158,
          -0.890394,
          -0.454971,
          1.551993
        ],
        [
          0.0,
          0.0,
          0.0,
          1.0
        ]
      ]
    },
    {
      "file_path": "/media/NFS/ttao/scannet/posed_images/scene0059_01/00049.jpg",
      "transform_matrix": [
        [
          -0.451953,
          0.419164,
          -0.787426,
          3.414611
        ],
        [
          0.892036,
          0.215497,
          -0.397282,
          3.585573
        ],
        [
          0.003161,
          -0.881966,
          -0.471303,
          1.541903
        ],
        [
          0.0,
          0.0,
          0.0,
          1.0
        ]
      ]
    },
    {
      "file_path": "/media/NFS/ttao/scannet/posed_images/scene0059_01/00052.jpg",
      "transform_matrix": [
        [
          -0.455508,
          0.421852,
          -0.783934,
          3.365791
        ],
        [
          0.889999,
          0.235906,
          -0.390191,
          3.588261
        ],
        [
          0.020332,
          -0.875436,
          -0.482905,
          1.553399
        ],
        [
          0.0,
          0.0,
          0.0,
          1.0
        ]
      ]
    },
    {
      "file_path": "/media/NFS/ttao/scannet/posed_images/scene0059_01/00056.jpg",
      "transform_matrix": [
        [
          -0.444942,
          0.403608,
          -0.799454,
          3.310651
        ],
        [
          0.894355,
          0.246538,
          -0.373294,
          3.575402
        ],
        [
          0.046432,
          -0.88109,
          -0.470664,
          1.563097
        ],
        [
          0.0,
          0.0,
          0.0,
          1.0
        ]
      ]
    },
    {
      "file_path": "/media/NFS/ttao/scannet/posed_images/scene0059_01/00063.jpg",
      "transform_matrix": [
        [
          -0.467994,
          0.325889,
          -0.821449,
          3.214799
        ],
        [
          0.881179,
          0.242677,
          -0.405748,
          3.524274
        ],
        [
          0.067118,
          -0.913731,
          -0.400738,
          1.59461
        ],
        [
          0.0,
          0.0,
          0.0,
          1.0
        ]
      ]
    },
    {
      "file_path": "/media/NFS/ttao/scannet/posed_images/scene0059_01/00066.jpg",
      "transform_matrix": [
        [
          -0.489216,
          0.303913,
          -0.817499,
          3.185524
        ],
        [
          0.869508,
          0.24303,
          -0.429991,
          3.503507
        ],
        [
          0.067997,
          -0.92118,
          -0.383149,
          1.607633
        ],
        [
          0.0,
          0.0,
          0.0,
          1.0
        ]
      ]
    },
    {
      "file_path": "/media/NFS/ttao/scannet/posed_images/scene0059_01/00070.jpg",
      "transform_matrix": [
        [
          -0.508749,
          0.269516,
          -0.817641,
          3.145189
        ],
        [
          0.858711,
          0.226773,
          -0.459553,
          3.491681
        ],
        [
          0.061562,
          -0.935914,
          -0.346807,
          1.629263
        ],
        [
          0.0,
          0.0,
          0.0,
          1.0
        ]
      ]
    },
    {
      "file_path": "/media/NFS/ttao/scannet/posed_images/scene0059_01/00076.jpg",
      "transform_matrix": [
        [
          -0.538265,
          0.222088,
          -0.812987,
          3.090736
        ],
        [
          0.841018,
          0.203816,
          -0.501146,
          3.480691
        ],
        [
          0.054401,
          -0.953486,
          -0.296487,
          1.648563
        ],
        [
          0.0,
          0.0,
          0.0,
          1.0
        ]
      ]
    },
    {
      "file_path": "/media/NFS/ttao/scannet/posed_images/scene0059_01/00082.jpg",
      "transform_matrix": [
        [
          -0.566274,
          0.16775,
          -0.806966,
          3.029668
        ],
        [
          0.820303,
          0.210001,
          -0.531979,
          3.496512
        ],
        [
          0.080224,
          -0.963203,
          -0.256524,
          1.674192
        ],
        [
          0.0,
          0.0,
          0.0,
          1.0
        ]
      ]
    },
    {
      "file_path": "/media/NFS/ttao/scannet/posed_images/scene0059_01/00089.jpg",
      "transform_matrix": [
        [
          -0.583197,
          0.111009,
          -0.80471,
          2.961622
        ],
        [
          0.803536,
          0.224213,
          -0.551415,
          3.517349
        ],
        [
          0.119215,
          -0.968197,
          -0.21996,
          1.691848
        ],
        [
          0.0,
          0.0,
          0.0,
          1.0
        ]
      ]
    },
    {
      "file_path": "/media/NFS/ttao/scannet/posed_images/scene0059_01/00093.jpg",
      "transform_matrix": [
        [
          -0.603187,
          0.087875,
          -0.792744,
          2.916387
        ],
        [
          0.790032,
          0.202417,
          -0.578685,
          3.524746
        ],
        [
          0.109613,
          -0.975349,
          -0.191519,
          1.719395
        ],
        [
          0.0,
          0.0,
          0.0,
          1.0
        ]
      ]
    },
    {
      "file_path": "/media/NFS/ttao/scannet/posed_images/scene0059_01/00097.jpg",
      "transform_matrix": [
        [
          -0.623333,
          0.078716,
          -0.777985,
          2.890118
        ],
        [
          0.775428,
          0.190522,
          -0.602007,
          3.521402
        ],
        [
          0.100836,
          -0.978522,
          -0.179798,
          1.726212
        ],
        [
          0.0,
          0.0,
          0.0,
          1.0
        ]
      ]
    },
    {
      "file_path": "/media/NFS/ttao/scannet/posed_images/scene0059_01/00100.jpg",
      "transform_matrix": [
        [
          -0.643123,
          0.07215,
          -0.762356,
          2.872816
        ],
        [
          0.760162,
          0.180336,
          -0.624206,
          3.528174
        ],
        [
          0.092444,
          -0.980955,
          -0.170824,
          1.715109
        ],
        [
          0.0,
          0.0,
          0.0,
          1.0
        ]
      ]
    },
    {
      "file_path": "/media/NFS/ttao/scannet/posed_images/scene0059_01/00106.jpg",
      "transform_matrix": [
        [
          -0.64549,
          0.065819,
          -0.760927,
          2.860347
        ],
        [
          0.759486,
          0.160669,
          -0.63037,
          3.507765
        ],
        [
          0.080767,
          -0.984811,
          -0.153698,
          1.751397
        ],
        [
          0.0,
          0.0,
          0.0,
          1.0
        ]
      ]
    },
    {
      "file_path": "/media/NFS/ttao/scannet/posed_images/scene0059_01/00110.jpg",
      "transform_matrix": [
        [
          -0.630543,
          0.044374,
          -0.774885,
          2.859674
        ],
        [
          0.771507,
          0.144924,
          -0.619495,
          3.520664
        ],
        [
          0.08481,
          -0.988447,
          -0.125616,
          1.746648
        ],
        [
          0.0,
          0.0,
          0.0,
          1.0
        ]
      ]
    },
    {
      "file_path": "/media/NFS/ttao/scannet/posed_images/scene0059_01/00115.jpg",
      "transform_matrix": [
        [
          -0.572172,
          0.026587,
          -0.819702,
          2.877032
        ],
        [
          0.813778,
          0.142595,
          -0.563412,
          3.540525
        ],
        [
          0.101906,
          -0.989424,
          -0.103225,
          1.757438
        ],
        [
          0.0,
          0.0,
          0.0,
          1.0
        ]
      ]
    },
    {
      "file_path": "/media/NFS/ttao/scannet/posed_images/scene0059_01/00120.jpg",
      "transform_matrix": [
        [
          -0.479624,
          0.021977,
          -0.877198,
          2.906439
        ],
        [
          0.872325,
          0.120076,
          -0.473952,
          3.557503
        ],
        [
          0.094914,
          -0.992521,
          -0.076763,
          1.744431
        ],
        [
          0.0,
          0.0,
          0.0,
          1.0
        ]
      ]
    },
    {
      "file_path": "/media/NFS/ttao/scannet/posed_images/scene0059_01/00125.jpg",
      "transform_matrix": [
        [
          -0.393059,
          0.039143,
          -0.91868,
          2.937152
        ],
        [
          0.916059,
          0.103182,
          -0.387541,
          3.582656
        ],
        [
          0.079622,
          -0.993892,
          -0.076414,
          1.748946
        ],
        [
          0.0,
          0.0,
          0.0,
          1.0
        ]
      ]
    },
    {
      "file_path": "/media/NFS/ttao/scannet/posed_images/scene0059_01/00130.jpg",
      "transform_matrix": [
        [
          -0.278927,
          0.058833,
          -0.958508,
          2.982593
        ],
        [
          0.957074,
          0.098936,
          -0.272437,
          3.603871
        ],
        [
          0.078803,
          -0.993353,
          -0.083904,
          1.746923
        ],
        [
          0.0,
          0.0,
          0.0,
          1.0
        ]
      ]
    },
    {
      "file_path": "/media/NFS/ttao/scannet/posed_images/scene0059_01/00133.jpg",
      "transform_matrix": [
        [
          -0.229522,
          0.07018,
          -0.97077,
          3.006004
        ],
        [
          0.970202,
          0.096057,
          -0.222444,
          3.604111
        ],
        [
          0.077639,
          -0.992899,
          -0.090136,
          1.744358
        ],
        [
          0.0,
          0.0,
          0.0,
          1.0
        ]
      ]
    },
    {
      "file_path": "/media/NFS/ttao/scannet/posed_images/scene0059_01/00137.jpg",
      "transform_matrix": [
        [
          -0.173979,
          0.087058,
          -0.980893,
          3.030249
        ],
        [
          0.982201,
          0.086962,
          -0.166493,
          3.6287
        ],
        [
          0.070806,
          -0.9924,
          -0.100638,
          1.728338
        ],
        [
          0.0,
          0.0,
          0.0,
          1.0
        ]
      ]
    },
    {
      "file_path": "/media/NFS/ttao/scannet/posed_images/scene0059_01/00146.jpg",
      "transform_matrix": [
        [
          -0.084012,
          0.139748,
          -0.986617,
          3.065285
        ],
        [
          0.99511,
          0.06337,
          -0.075759,
          3.651735
        ],
        [
          0.051935,
          -0.988157,
          -0.144388,
          1.68382
        ],
        [
          0.0,
          0.0,
          0.0,
          1.0
        ]
      ]
    },
    {
      "file_path": "/media/NFS/ttao/scannet/posed_images/scene0059_01/00147.jpg",
      "transform_matrix": [
        [
          -0.076673,
          0.144916,
          -0.986469,
          3.06727
        ],
        [
          0.99587,
          0.059383,
          -0.06868,
          3.658791
        ],
        [
          0.048627,
          -0.98766,
          -0.14887,
          1.679414
        ],
        [
          0.0,
          0.0,
          0.0,
          1.0
        ]
      ]
    },
    {
      "file_path": "/media/NFS/ttao/scannet/posed_images/scene0059_01/00155.jpg",
      "transform_matrix": [
        [
          0.007835,
          0.207904,
          -0.978118,
          3.093549
        ],
        [
          0.999345,
          0.032925,
          0.015003,
          3.625827
        ],
        [
          0.035323,
          -0.977595,
          -0.207509,
          1.624485
        ],
        [
          0.0,
          0.0,
          0.0,
          1.0
        ]
      ]
    },
    {
      "file_path": "/media/NFS/ttao/scannet/posed_images/scene0059_01/00159.jpg",
      "transform_matrix": [
        [
          0.025559,
          0.256391,
          -0.966235,
          3.094001
        ],
        [
          0.999471,
          0.012915,
          0.029865,
          3.633157
        ],
        [
          0.020135,
          -0.966487,
          -0.255925,
          1.600248
        ],
        [
          0.0,
          0.0,
          0.0,
          1.0
        ]
      ]
    },
    {
      "file_path": "/media/NFS/ttao/scannet/posed_images/scene0059_01/00165.jpg",
      "transform_matrix": [
        [
          0.04167,
          0.343787,
          -0.938123,
          3.084861
        ],
        [
          0.99905,
          -0.002365,
          0.04351,
          3.630976
        ],
        [
          0.012739,
          -0.939045,
          -0.343559,
          1.577178
        ],
        [
          0.0,
          0.0,
          0.0,
          1.0
        ]
      ]
    },
    {
      "file_path": "/media/NFS/ttao/scannet/posed_images/scene0059_01/00166.jpg",
      "transform_matrix": [
        [
          0.046711,
          0.358028,
          -0.932542,
          3.082308
        ],
        [
          0.99881,
          -0.003641,
          0.048633,
          3.621161
        ],
        [
          0.014017,
          -0.933704,
          -0.357772,
          1.570647
        ],
        [
          0.0,
          0.0,
          0.0,
          1.0
        ]
      ]
    },
    {
      "file_path": "/media/NFS/ttao/scannet/posed_images/scene0059_01/00170.jpg",
      "transform_matrix": [
        [
          0.045716,
          0.433693,
          -0.8999,
          3.059115
        ],
        [
          0.998876,
          -0.008522,
          0.046637,
          3.630575
        ],
        [
          0.012557,
          -0.90102,
          -0.433595,
          1.581147
        ],
        [
          0.0,
          0.0,
          0.0,
          1.0
        ]
      ]
    },
    {
      "file_path": "/media/NFS/ttao/scannet/posed_images/scene0059_01/00179.jpg",
      "transform_matrix": [
        [
          0.040563,
          0.557954,
          -0.82888,
          3.035911
        ],
        [
          0.998796,
          0.000272,
          0.049061,
          3.628271
        ],
        [
          0.027599,
          -0.829872,
          -0.557271,
          1.53456
        ],
        [
          0.0,
          0.0,
          0.0,
          1.0
        ]
      ]
    },
    {
      "file_path": "/media/NFS/ttao/scannet/posed_images/scene0059_01/00182.jpg",
      "transform_matrix": [
        [
          0.039027,
          0.589876,
          -0.80655,
          3.023786
        ],
        [
          0.998818,
          0.000376,
          0.048605,
          3.62561
        ],
        [
          0.028974,
          -0.807494,
          -0.589164,
          1.524441
        ],
        [
          0.0,
          0.0,
          0.0,
          1.0
        ]
      ]
    },
    {
      "file_path": "/media/NFS/ttao/scannet/posed_images/scene0059_01/00185.jpg",
      "transform_matrix": [
        [
          0.020858,
          0.618997,
          -0.785116,
          3.011518
        ],
        [
          0.999218,
          0.013489,
          0.037181,
          3.620546
        ],
        [
          0.033606,
          -0.785277,
          -0.618231,
          1.516426
        ],
        [
          0.0,
          0.0,
          0.0,
          1.0
        ]
      ]
    },
    {
      "file_path": "/media/NFS/ttao/scannet/posed_images/scene0059_01/00192.jpg",
      "transform_matrix": [
        [
          -0.05521,
          0.658748,
          -0.750335,
          2.973938
        ],
        [
          0.998088,
          0.057331,
          -0.023106,
          3.608849
        ],
        [
          0.027797,
          -0.750176,
          -0.660654,
          1.501614
        ],
        [
          0.0,
          0.0,
          0.0,
          1.0
        ]
      ]
    },
    {
      "file_path": "/media/NFS/ttao/scannet/posed_images/scene0059_01/00198.jpg",
      "transform_matrix": [
        [
          -0.153192,
          0.668254,
          -0.72799,
          2.930957
        ],
        [
          0.988064,
          0.115654,
          -0.101755,
          3.599449
        ],
        [
          0.016197,
          -0.734888,
          -0.677994,
          1.492604
        ],
        [
          0.0,
          0.0,
          0.0,
          1.0
        ]
      ]
    },
    {
      "file_path": "/media/NFS/ttao/scannet/posed_images/scene0059_01/00200.jpg",
      "transform_matrix": [
        [
          -0.188549,
          0.670567,
          -0.717488,
          2.907758
        ],
        [
          0.981943,
          0.140182,
          -0.12703,
          3.603159
        ],
        [
          0.015397,
          -0.728484,
          -0.68489,
          1.49642
        ],
        [
          0.0,
          0.0,
          0.0,
          1.0
        ]
      ]
    },
    {
      "file_path": "/media/NFS/ttao/scannet/posed_images/scene0059_01/00206.jpg",
      "transform_matrix": [
        [
          -0.274333,
          0.645596,
          -0.712704,
          2.858791
        ],
        [
          0.961431,
          0.199375,
          -0.189472,
          3.579502
        ],
        [
          0.019773,
          -0.737194,
          -0.675391,
          1.501786
        ],
        [
          0.0,
          0.0,
          0.0,
          1.0
        ]
      ]
    },
    {
      "file_path": "/media/NFS/ttao/scannet/posed_images/scene0059_01/00209.jpg",
      "transform_matrix": [
        [
          -0.31748,
          0.624341,
          -0.713726,
          2.835998
        ],
        [
          0.94799,
          0.227081,
          -0.223043,
          3.566577
        ],
        [
          0.022819,
          -0.747417,
          -0.663963,
          1.509903
        ],
        [
          0.0,
          0.0,
          0.0,
          1.0
        ]
      ]
    },
    {
      "file_path": "/media/NFS/ttao/scannet/posed_images/scene0059_01/00213.jpg",
      "transform_matrix": [
        [
          -0.389099,
          0.581739,
          -0.71427,
          2.810487
        ],
        [
          0.921138,
          0.254436,
          -0.294564,
          3.559399
        ],
        [
          0.010376,
          -0.772555,
          -0.634863,
          1.523143
        ],
        [
          0.0,
          0.0,
          0.0,
          1.0
        ]
      ]
    },
    {
      "file_path": "/media/NFS/ttao/scannet/posed_images/scene0059_01/00219.jpg",
      "transform_matrix": [
        [
          -0.477239,
          0.517345,
          -0.71035,
          2.795726
        ],
        [
          0.878772,
          0.27958,
          -0.386774,
          3.519885
        ],
        [
          -0.001495,
          -0.80882,
          -0.588055,
          1.530913
        ],
        [
          0.0,
          0.0,
          0.0,
          1.0
        ]
      ]
    },
    {
      "file_path": "/media/NFS/ttao/scannet/posed_images/scene0059_01/00225.jpg",
      "transform_matrix": [
        [
          -0.561407,
          0.468712,
          -0.682005,
          2.768092
        ],
        [
          0.827341,
          0.299832,
          -0.474983,
          3.465195
        ],
        [
          -0.018143,
          -0.830909,
          -0.556112,
          1.549328
        ],
        [
          0.0,
          0.0,
          0.0,
          1.0
        ]
      ]
    },
    {
      "file_path": "/media/NFS/ttao/scannet/posed_images/scene0059_01/00228.jpg",
      "transform_matrix": [
        [
          -0.587192,
          0.44482,
          -0.67627,
          2.756227
        ],
        [
          0.809286,
          0.305901,
          -0.501479,
          3.432291
        ],
        [
          -0.016196,
          -0.84176,
          -0.539609,
          1.554147
        ],
        [
          0.0,
          0.0,
          0.0,
          1.0
        ]
      ]
    },
    {
      "file_path": "/media/NFS/ttao/scannet/posed_images/scene0059_01/00236.jpg",
      "transform_matrix": [
        [
          -0.633126,
          0.38307,
          -0.672614,
          2.721581
        ],
        [
          0.773998,
          0.303331,
          -0.555803,
          3.361205
        ],
        [
          -0.008887,
          -0.872495,
          -0.488542,
          1.574991
        ],
        [
          0.0,
          0.0,
          0.0,
          1.0
        ]
      ]
    },
    {
      "file_path": "/media/NFS/ttao/scannet/posed_images/scene0059_01/00241.jpg",
      "transform_matrix": [
        [
          -0.656419,
          0.347235,
          -0.669732,
          2.708897
        ],
        [
          0.754311,
          0.288747,
          -0.58961,
          3.3238
        ],
        [
          -0.01135,
          -0.892218,
          -0.451462,
          1.585916
        ],
        [
          0.0,
          0.0,
          0.0,
          1.0
        ]
      ]
    },
    {
      "file_path": "/media/NFS/ttao/scannet/posed_images/scene0059_01/00242.jpg",
      "transform_matrix": [
        [
          -0.664077,
          0.34111,
          -0.665317,
          2.710912
        ],
        [
          0.747561,
          0.288106,
          -0.598455,
          3.318351
        ],
        [
          -0.012457,
          -0.894784,
          -0.446325,
          1.58143
        ],
        [
          0.0,
          0.0,
          0.0,
          1.0
        ]
      ]
    },
    {
      "file_path": "/media/NFS/ttao/scannet/posed_images/scene0059_01/00251.jpg",
      "transform_matrix": [
        [
          -0.723579,
          0.276793,
          -0.632313,
          2.691394
        ],
        [
          0.690106,
          0.271962,
          -0.670664,
          3.264989
        ],
        [
          -0.01367,
          -0.921641,
          -0.387802,
          1.601539
        ],
        [
          0.0,
          0.0,
          0.0,
          1.0
        ]
      ]
    },
    {
      "file_path": "/media/NFS/ttao/scannet/posed_images/scene0059_01/00252.jpg",
      "transform_matrix": [
        [
          -0.733187,
          0.270603,
          -0.623867,
          2.693984
        ],
        [
          0.679871,
          0.272038,
          -0.681008,
          3.258828
        ],
        [
          -0.014567,
          -0.923455,
          -0.38343,
          1.597704
        ],
        [
          0.0,
          0.0,
          0.0,
          1.0
        ]
      ]
    },
    {
      "file_path": "/media/NFS/ttao/scannet/posed_images/scene0059_01/00256.jpg",
      "transform_matrix": [
        [
          -0.774746,
          0.238679,
          -0.585492,
          2.675568
        ],
        [
          0.63218,
          0.276592,
          -0.723772,
          3.239945
        ],
        [
          -0.010807,
          -0.930875,
          -0.365177,
          1.610122
        ],
        [
          0.0,
          0.0,
          0.0,
          1.0
        ]
      ]
    },
    {
      "file_path": "/media/NFS/ttao/scannet/posed_images/scene0059_01/00263.jpg",
      "transform_matrix": [
        [
          -0.830083,
          0.15611,
          -0.535342,
          2.636269
        ],
        [
          0.557171,
          0.271512,
          -0.784756,
          3.228904
        ],
        [
          0.022843,
          -0.94969,
          -0.312358,
          1.637979
        ],
        [
          0.0,
          0.0,
          0.0,
          1.0
        ]
      ]
    },
    {
      "file_path": "/media/NFS/ttao/scannet/posed_images/scene0059_01/00266.jpg",
      "transform_matrix": [
        [
          -0.844623,
          0.132075,
          -0.518815,
          2.618639
        ],
        [
          0.534476,
          0.263761,
          -0.802973,
          3.23286
        ],
        [
          0.03079,
          -0.955503,
          -0.29337,
          1.653924
        ],
        [
          0.0,
          0.0,
          0.0,
          1.0
        ]
      ]
    },
    {
      "file_path": "/media/NFS/ttao/scannet/posed_images/scene0059_01/00274.jpg",
      "transform_matrix": [
        [
          -0.887263,
          0.086226,
          -0.453132,
          2.575534
        ],
        [
          0.46045,
          0.223887,
          -0.858988,
          3.252349
        ],
        [
          0.027383,
          -0.970793,
          -0.238349,
          1.683303
        ],
        [
          0.0,
          0.0,
          0.0,
          1.0
        ]
      ]
    },
    {
      "file_path": "/media/NFS/ttao/scannet/posed_images/scene0059_01/00278.jpg",
      "transform_matrix": [
        [
          -0.920202,
          0.069246,
          -0.38527,
          2.584293
        ],
        [
          0.390998,
          0.209585,
          -0.896212,
          3.248857
        ],
        [
          0.018688,
          -0.975335,
          -0.219936,
          1.68195
        ],
        [
          0.0,
          0.0,
          0.0,
          1.0
        ]
      ]
    },
    {
      "file_path": "/media/NFS/ttao/scannet/posed_images/scene0059_01/00281.jpg",
      "transform_matrix": [
        [
          -0.946334,
          0.060293,
          -0.317516,
          2.534369
        ],
        [
          0.323049,
          0.205472,
          -0.923808,
          3.268448
        ],
        [
          0.009542,
          -0.976804,
          -0.213923,
          1.691952
        ],
        [
          0.0,
          0.0,
          0.0,
          1.0
        ]
      ]
    },
    {
      "file_path": "/media/NFS/ttao/scannet/posed_images/scene0059_01/00285.jpg",
      "transform_matrix": [
        [
          -0.96255,
          0.049875,
          -0.266477,
          2.550949
        ],
        [
          0.270979,
          0.206855,
          -0.940096,
          3.261077
        ],
        [
          0.008235,
          -0.9771,
          -0.212623,
          1.691654
        ],
        [
          0.0,
          0.0,
          0.0,
          1.0
        ]
      ]
    },
    {
      "file_path": "/media/NFS/ttao/scannet/posed_images/scene0059_01/00294.jpg",
      "transform_matrix": [
        [
          -0.990746,
          0.022622,
          -0.133833,
          2.559946
        ],
        [
          0.135621,
          0.204731,
          -0.969377,
          3.252046
        ],
        [
          0.005471,
          -0.978557,
          -0.205905,
          1.684258
        ],
        [
          0.0,
          0.0,
          0.0,
          1.0
        ]
      ]
    },
    {
      "file_path": "/media/NFS/ttao/scannet/posed_images/scene0059_01/00298.jpg",
      "transform_matrix": [
        [
          -0.996331,
          0.014516,
          -0.084339,
          2.568854
        ],
        [
          0.085538,
          0.199458,
          -0.976166,
          3.243042
        ],
        [
          0.002652,
          -0.979799,
          -0.199968,
          1.686564
        ],
        [
          0.0,
          0.0,
          0.0,
          1.0
        ]
      ]
    },
    {
      "file_path": "/media/NFS/ttao/scannet/posed_images/scene0059_01/00299.jpg",
      "transform_matrix": [
        [
          -0.997308,
          0.012993,
          -0.072167,
          2.577804
        ],
        [
          0.073314,
          0.195761,
          -0.977907,
          3.241415
        ],
        [
          0.001421,
          -0.980566,
          -0.196186,
          1.674695
        ],
        [
          0.0,
          0.0,
          0.0,
          1.0
        ]
      ]
    },
    {
      "file_path": "/media/NFS/ttao/scannet/posed_images/scene0059_01/00308.jpg",
      "transform_matrix": [
        [
          -0.996962,
          -0.003032,
          0.077824,
          2.569143
        ],
        [
          -0.076615,
          0.21776,
          -0.972991,
          3.237526
        ],
        [
          -0.013996,
          -0.975998,
          -0.21733,
          1.635982
        ],
        [
          0.0,
          0.0,
          0.0,
          1.0
        ]
      ]
    },
    {
      "file_path": "/media/NFS/ttao/scannet/posed_images/scene0059_01/00312.jpg",
      "transform_matrix": [
        [
          -0.990631,
          -0.011847,
          0.13605,
          2.579307
        ],
        [
          -0.135015,
          0.234642,
          -0.96266,
          3.237148
        ],
        [
          -0.020519,
          -0.97201,
          -0.234043,
          1.639233
        ],
        [
          0.0,
          0.0,
          0.0,
          1.0
        ]
      ]
    },
    {
      "file_path": "/media/NFS/ttao/scannet/posed_images/scene0059_01/00318.jpg",
      "transform_matrix": [
        [
          -0.976675,
          -0.026853,
          0.213038,
          2.588759
        ],
        [
          -0.212451,
          0.264833,
          -0.9406,
          3.229595
        ],
        [
          -0.031161,
          -0.96392,
          -0.264361,
          1.621217
        ],
        [
          0.0,
          0.0,
          0.0,
          1.0
        ]
      ]
    },
    {
      "file_path": "/media/NFS/ttao/scannet/posed_images/scene0059_01/00322.jpg",
      "transform_matrix": [
        [
          -0.963857,
          -0.055304,
          0.260617,
          2.599437
        ],
        [
          -0.264975,
          0.300737,
          -0.916158,
          3.233138
        ],
        [
          -0.02771,
          -0.952102,
          -0.304521,
          1.602488
        ],
        [
          0.0,
          0.0,
          0.0,
          1.0
        ]
      ]
    },
    {
      "file_path": "/media/NFS/ttao/scannet/posed_images/scene0059_01/00326.jpg",
      "transform_matrix": [
        [
          -0.954416,
          -0.075563,
          0.288756,
          2.615154
        ],
        [
          -0.296785,
          0.34317,
          -0.891153,
          3.230956
        ],
        [
          -0.031754,
          -0.936229,
          -0.349953,
          1.582976
        ],
        [
          0.0,
          0.0,
          0.0,
          1.0
        ]
      ]
    },
    {
      "file_path": "/media/NFS/ttao/scannet/posed_images/scene0059_01/00328.jpg",
      "transform_matrix": [
        [
          -0.950432,
          -0.088341,
          0.298119,
          2.608295
        ],
        [
          -0.309322,
          0.366108,
          -0.877659,
          3.227819
        ],
        [
          -0.031611,
          -0.92637,
          -0.375286,
          1.573502
        ],
        [
          0.0,
          0.0,
          0.0,
          1.0
        ]
      ]
    },
    {
      "file_path": "/media/NFS/ttao/scannet/posed_images/scene0059_01/00335.jpg",
      "transform_matrix": [
        [
          -0.942692,
          -0.114762,
          0.313309,
          2.63339
        ],
        [
          -0.331837,
          0.420613,
          -0.844375,
          3.225395
        ],
        [
          -0.03488,
          -0.899953,
          -0.43459,
          1.558527
        ],
        [
          0.0,
          0.0,
          0.0,
          1.0
        ]
      ]
    },
    {
      "file_path": "/media/NFS/ttao/scannet/posed_images/scene0059_01/00339.jpg",
      "transform_matrix": [
        [
          -0.934767,
          -0.132866,
          0.32948,
          2.629561
        ],
        [
          -0.353237,
          0.446467,
          -0.822126,
          3.216837
        ],
        [
          -0.037869,
          -0.884881,
          -0.464276,
          1.540448
        ],
        [
          0.0,
          0.0,
          0.0,
          1.0
        ]
      ]
    },
    {
      "file_path": "/media/NFS/ttao/scannet/posed_images/scene0059_01/00342.jpg",
      "transform_matrix": [
        [
          -0.927392,
          -0.155628,
          0.340184,
          2.635266
        ],
        [
          -0.372008,
          0.479517,
          -0.794779,
          3.202649
        ],
        [
          -0.039434,
          -0.863622,
          -0.502595,
          1.525082
        ],
        [
          0.0,
          0.0,
          0.0,
          1.0
        ]
      ]
    },
    {
      "file_path": "/media/NFS/ttao/scannet/posed_images/scene0059_01/00351.jpg",
      "transform_matrix": [
        [
          -0.879514,
          -0.268005,
          0.393228,
          2.639344
        ],
        [
          -0.474936,
          0.546168,
          -0.690026,
          3.156587
        ],
        [
          -0.029838,
          -0.793646,
          -0.607648,
          1.477371
        ],
        [
          0.0,
          0.0,
          0.0,
          1.0
        ]
      ]
    },
    {
      "file_path": "/media/NFS/ttao/scannet/posed_images/scene0059_01/00352.jpg",
      "transform_matrix": [
        [
          -0.875678,
          -0.276371,
          0.395988,
          2.639779
        ],
        [
          -0.481988,
          0.550472,
          -0.681666,
          3.152078
        ],
        [
          -0.029587,
          -0.787781,
          -0.615244,
          1.473439
        ],
        [
          0.0,
          0.0,
          0.0,
          1.0
        ]
      ]
    },
    {
      "file_path": "/media/NFS/ttao/scannet/posed_images/scene0059_01/00361.jpg",
      "transform_matrix": [
        [
          -0.817341,
          -0.292533,
          0.496365,
          2.610085
        ],
        [
          -0.571791,
          0.517675,
          -0.63645,
          3.140476
        ],
        [
          -0.070773,
          -0.804013,
          -0.590384,
          1.485249
        ],
        [
          0.0,
          0.0,
          0.0,
          1.0
        ]
      ]
    },
    {
      "file_path": "/media/NFS/ttao/scannet/posed_images/scene0059_01/00365.jpg",
      "transform_matrix": [
        [
          -0.771021,
          -0.339461,
          0.538789,
          2.584782
        ],
        [
          -0.633403,
          0.496215,
          -0.593778,
          3.156621
        ],
        [
          -0.065791,
          -0.799085,
          -0.597607,
          1.476949
        ],
        [
          0.0,
          0.0,
          0.0,
          1.0
        ]
      ]
    },
    {
      "file_path": "/media/NFS/ttao/scannet/posed_images/scene0059_01/00367.jpg",
      "transform_matrix": [
        [
          -0.743946,
          -0.371829,
          0.555236,
          2.568536
        ],
        [
          -0.665656,
          0.485346,
          -0.56687,
          3.168641
        ],
        [
          -0.058703,
          -0.791317,
          -0.608581,
