{
  "frames": [
    {
      "file_path": "/media/NFS/ttao/scannet/posed_images/scene0625_00/00001.jpg",
      "transform_matrix": [
        [
          0.50017,
          0.464361,
          -0.730889,
          0.947172
        ],
        [
          0.863781,
          -0.326947,
          0.38339,
          0.36674
        ],
        [
          -0.060931,
          -0.823089,
          -0.564635,
          1.435209
        ],
        [
          0.0,
          0.0,
          0.0,
          1.0
        ]
      ]
    },
    {
      "file_path": "/media/NFS/ttao/scannet/posed_images/scene0625_00/00003.jpg",
      "transform_matrix": [
        [
          0.498331,
          0.47047,
          -0.728233,
          0.945244
        ],
        [
          0.864982,
          -0.326879,
          0.380731,
          0.367041
        ],
        [
          -0.058922,
          -0.819639,
          -0.569843,
          1.432572
        ],
        [
          0.0,
          0.0,
          0.0,
          1.0
        ]
      ]
    },
    {
      "file_path": "/media/NFS/ttao/scannet/posed_images/scene0625_00/00007.jpg",
      "transform_matrix": [
        [
          0.492811,
          0.4793,
          -0.726229,
          0.940765
        ],
        [
          0.868206,
          -0.32642,
          0.373723,
          0.365893
        ],
        [
          -0.05793,
          -0.814692,
          -0.576994,
          1.42932
        ],
        [
          0.0,
          0.0,
          0.0,
          1.0
        ]
      ]
    },
    {
      "file_path": "/media/NFS/ttao/scannet/posed_images/scene0625_00/00010.jpg",
      "transform_matrix": [
        [
          0.497725,
          0.482649,
          -0.720639,
          0.935316
        ],
        [
          0.86604,
          -0.321952,
          0.382521,
          0.362392
        ],
        [
          -0.047388,
          -0.814492,
          -0.578237,
          1.42488
        ],
        [
          0.0,
          0.0,
          0.0,
          1.0
        ]
      ]
    },
    {
      "file_path": "/media/NFS/ttao/scannet/posed_images/scene0625_00/00017.jpg",
      "transform_matrix": [
        [
          0.552674,
          0.450774,
          -0.700966,
          0.915339
        ],
        [
          0.832523,
          -0.337133,
          0.439597,
          0.3662
        ],
        [
          -0.03816,
          -0.826525,
          -0.561605,
          1.406766
        ],
        [
          0.0,
          0.0,
          0.0,
          1.0
        ]
      ]
    },
    {
      "file_path": "/media/NFS/ttao/scannet/posed_images/scene0625_00/00021.jpg",
      "transform_matrix": [
        [
          0.5847,
          0.44825,
          -0.676163,
          0.900991
        ],
        [
          0.809724,
          -0.373562,
          0.452548,
          0.366023
        ],
        [
          -0.049734,
          -0.812111,
          -0.58138,
          1.385717
        ],
        [
          0.0,
          0.0,
          0.0,
          1.0
        ]
      ]
    },
    {
      "file_path": "/media/NFS/ttao/scannet/posed_images/scene0625_00/00023.jpg",
      "transform_matrix": [
        [
          0.617139,
          0.433114,
          -0.656925,
          0.891624
        ],
        [
          0.785034,
          -0.39566,
          0.476629,
          0.366345
        ],
        [
          -0.053484,
          -0.809855,
          -0.584187,
          1.376654
        ],
        [
          0.0,
          0.0,
          0.0,
          1.0
        ]
      ]
    },
    {
      "file_path": "/media/NFS/ttao/scannet/posed_images/scene0625_00/00026.jpg",
      "transform_matrix": [
        [
          0.648193,
          0.435365,
          -0.624742,
          0.881153
        ],
        [
          0.759517,
          -0.428451,
          0.489452,
          0.369273
        ],
        [
          -0.054581,
          -0.791762,
          -0.608386,
          1.368297
        ],
        [
          0.0,
          0.0,
          0.0,
          1.0
        ]
      ]
    },
    {
      "file_path": "/media/NFS/ttao/scannet/posed_images/scene0625_00/00032.jpg",
      "transform_matrix": [
        [
          0.69726,
          0.41803,
          -0.582305,
          0.871712
        ],
        [
          0.715737,
          -0.450614,
          0.533543,
          0.368421
        ],
        [
          -0.039358,
          -0.788795,
          -0.613395,
          1.356361
        ],
        [
          0.0,
          0.0,
          0.0,
          1.0
        ]
      ]
    },
    {
      "file_path": "/media/NFS/ttao/scannet/posed_images/scene0625_00/00037.jpg",
      "transform_matrix": [
        [
          0.725968,
          0.409258,
          -0.5527,
          0.87236
        ],
        [
          0.687039,
          -0.46754,
          0.556222,
          0.376973
        ],
        [
          -0.030771,
          -0.783526,
          -0.620596,
          1.349835
        ],
        [
          0.0,
          0.0,
          0.0,
          1.0
        ]
      ]
    },
    {
      "file_path": "/media/NFS/ttao/scannet/posed_images/scene0625_00/00039.jpg",
      "transform_matrix": [
        [
          0.736301,
          0.409206,
          -0.538898,
          0.872455
        ],
        [
          0.676114,
          -0.476727,
          0.561784,
          0.38105
        ],
        [
          -0.027021,
          -0.777999,
          -0.627685,
          1.345981
        ],
        [
          0.0,
          0.0,
          0.0,
          1.0
        ]
      ]
    },
    {
      "file_path": "/media/NFS/ttao/scannet/posed_images/scene0625_00/00041.jpg",
      "transform_matrix": [
        [
          0.749086,
          0.412999,
          -0.517978,
          0.867871
        ],
        [
          0.662322,
          -0.483539,
          0.572293,
          0.379318
        ],
        [
          -0.014106,
          -0.771765,
          -0.635751,
          1.336779
        ],
        [
          0.0,
          0.0,
          0.0,
          1.0
        ]
      ]
    },
    {
      "file_path": "/media/NFS/ttao/scannet/posed_images/scene0625_00/00048.jpg",
      "transform_matrix": [
        [
          0.790704,
          0.407347,
          -0.457007,
          0.872303
        ],
        [
          0.612112,
          -0.538582,
          0.579006,
          0.391297
        ],
        [
          -0.010279,
          -0.737562,
          -0.675201,
          1.303366
        ],
        [
          0.0,
          0.0,
          0.0,
          1.0
        ]
      ]
    },
    {
      "file_path": "/media/NFS/ttao/scannet/posed_images/scene0625_00/00052.jpg",
      "transform_matrix": [
        [
          0.812771,
          0.372856,
          -0.447639,
          0.872731
        ],
        [
          0.58194,
          -0.555693,
          0.593761,
          0.398352
        ],
        [
          -0.027362,
          -0.743091,
          -0.668631,
          1.288042
        ],
        [
          0.0,
          0.0,
          0.0,
          1.0
        ]
      ]
    },
    {
      "file_path": "/media/NFS/ttao/scannet/posed_images/scene0625_00/00055.jpg",
      "transform_matrix": [
        [
          0.819904,
          0.359922,
          -0.44521,
          0.875043
        ],
        [
          0.571645,
          -0.557174,
          0.602311,
          0.403567
        ],
        [
          -0.031274,
          -0.74834,
          -0.662577,
          1.274382
        ],
        [
          0.0,
          0.0,
          0.0,
          1.0
        ]
      ]
    },
    {
      "file_path": "/media/NFS/ttao/scannet/posed_images/scene0625_00/00057.jpg",
      "transform_matrix": [
        [
          0.824134,
          0.363442,
          -0.43441,
          0.873718
        ],
        [
          0.565819,
          -0.562845,
          0.60254,
          0.407835
        ],
        [
          -0.025518,
          -0.742372,
          -0.669502,
          1.26312
        ],
        [
          0.0,
          0.0,
          0.0,
          1.0
        ]
      ]
    },
    {
      "file_path": "/media/NFS/ttao/scannet/posed_images/scene0625_00/00062.jpg",
      "transform_matrix": [
        [
          0.834581,
          0.377685,
          -0.401034,
          0.876981
        ],
        [
          0.550826,
          -0.582829,
          0.597413,
          0.419246
        ],
        [
          -0.0081,
          -0.719489,
          -0.694456,
          1.228859
        ],
        [
          0.0,
          0.0,
          0.0,
          1.0
        ]
      ]
    },
    {
      "file_path": "/media/NFS/ttao/scannet/posed_images/scene0625_00/00067.jpg",
      "transform_matrix": [
        [
          0.844352,
          0.381549,
          -0.37615,
          0.884069
        ],
        [
          0.535778,
          -0.596962,
          0.597142,
          0.431538
        ],
        [
          0.003291,
          -0.705731,
          -0.708472,
          1.202472
        ],
        [
          0.0,
          0.0,
          0.0,
          1.0
        ]
      ]
    },
    {
      "file_path": "/media/NFS/ttao/scannet/posed_images/scene0625_00/00070.jpg",
      "transform_matrix": [
        [
          0.845713,
          0.384253,
          -0.370296,
          0.887148
        ],
        [
          0.533585,
          -0.599149,
          0.596916,
          0.439856
        ],
        [
          0.007504,
          -0.702404,
          -0.711739,
          1.186866
        ],
        [
          0.0,
          0.0,
          0.0,
          1.0
        ]
      ]
    },
    {
      "file_path": "/media/NFS/ttao/scannet/posed_images/scene0625_00/00072.jpg",
      "transform_matrix": [
        [
          0.845378,
          0.380211,
          -0.375199,
          0.886458
        ],
        [
          0.534087,
          -0.589444,
          0.606058,
          0.440419
        ],
        [
          0.009271,
          -0.712738,
          -0.70137,
          1.17465
        ],
        [
          0.0,
          0.0,
          0.0,
          1.0
        ]
      ]
    },
    {
      "file_path": "/media/NFS/ttao/scannet/posed_images/scene0625_00/00078.jpg",
      "transform_matrix": [
        [
          0.839996,
          0.343627,
          -0.419912,
          0.873511
        ],
        [
          0.542145,
          -0.562957,
          0.623826,
          0.437106
        ],
        [
          -0.022029,
          -0.751665,
          -0.659178,
          1.135818
        ],
        [
          0.0,
          0.0,
          0.0,
          1.0
        ]
      ]
    },
    {
      "file_path": "/media/NFS/ttao/scannet/posed_images/scene0625_00/00079.jpg",
      "transform_matrix": [
        [
          0.841631,
          0.338756,
          -0.420597,
          0.870614
        ],
        [
          0.539647,
          -0.557722,
          0.630656,
          0.435738
        ],
        [
          -0.020937,
          -0.757754,
          -0.652205,
          1.127789
        ],
        [
          0.0,
          0.0,
          0.0,
          1.0
        ]
      ]
    },
    {
      "file_path": "/media/NFS/ttao/scannet/posed_images/scene0625_00/00085.jpg",
      "transform_matrix": [
        [
          0.867962,
          0.316117,
          -0.383028,
          0.854203
        ],
        [
          0.496469,
          -0.571912,
          0.653021,
          0.431302
        ],
        [
          -0.012627,
          -0.756959,
          -0.65334,
          1.067024
        ],
        [
          0.0,
          0.0,
          0.0,
          1.0
        ]
      ]
    },
    {
      "file_path": "/media/NFS/ttao/scannet/posed_images/scene0625_00/00087.jpg",
      "transform_matrix": [
        [
          0.882729,
          0.303238,
          -0.358936,
          0.846221
        ],
        [
          0.469865,
          -0.563337,
          0.679616,
          0.431486
        ],
        [
          0.003884,
          -0.768569,
          -0.639755,
          1.047222
        ],
        [
          0.0,
          0.0,
          0.0,
          1.0
        ]
      ]
    },
    {
      "file_path": "/media/NFS/ttao/scannet/posed_images/scene0625_00/00093.jpg",
      "transform_matrix": [
        [
          0.918365,
          0.252277,
          -0.304898,
          0.820692
        ],
        [
          0.395237,
          -0.546067,
          0.738646,
          0.428604
        ],
        [
          0.019849,
          -0.798854,
          -0.601198,
          0.981296
        ],
        [
          0.0,
          0.0,
          0.0,
          1.0
        ]
      ]
    },
    {
      "file_path": "/media/NFS/ttao/scannet/posed_images/scene0625_00/00095.jpg",
      "transform_matrix": [
        [
          0.919985,
          0.238606,
          -0.310957,
          0.812183
        ],
        [
          0.391718,
          -0.532301,
          0.750475,
          0.418861
        ],
        [
          0.013545,
          -0.812234,
          -0.583175,
          0.958939
        ],
        [
          0.0,
          0.0,
          0.0,
          1.0
        ]
      ]
    },
    {
      "file_path": "/media/NFS/ttao/scannet/posed_images/scene0625_00/00100.jpg",
      "transform_matrix": [
        [
          0.91355,
          0.218999,
          -0.342733,
          0.782879
        ],
        [
          0.405927,
          -0.543726,
          0.734565,
          0.387298
        ],
        [
          -0.025484,
          -0.810186,
          -0.585619,
          0.894991
        ],
        [
          0.0,
          0.0,
          0.0,
          1.0
        ]
      ]
    },
    {
      "file_path": "/media/NFS/ttao/scannet/posed_images/scene0625_00/00106.jpg",
      "transform_matrix": [
        [
          0.896534,
          0.221152,
          -0.383821,
          0.753998
        ],
        [
          0.440509,
          -0.536402,
          0.719879,
          0.347954
        ],
        [
          -0.046679,
          -0.814472,
          -0.578322,
          0.815591
        ],
        [
          0.0,
          0.0,
          0.0,
          1.0
        ]
      ]
    },
    {
      "file_path": "/media/NFS/ttao/scannet/posed_images/scene0625_00/00107.jpg",
      "transform_matrix": [
        [
          0.895241,
          0.21724,
          -0.389037,
          0.748953
        ],
        [
          0.442795,
          -0.531231,
          0.722306,
          0.343156
        ],
        [
          -0.049755,
          -0.818902,
          -0.571773,
          0.803257
        ],
        [
          0.0,
          0.0,
          0.0,
          1.0
        ]
      ]
    },
    {
      "file_path": "/media/NFS/ttao/scannet/posed_images/scene0625_00/00112.jpg",
      "transform_matrix": [
        [
          0.878501,
          0.228373,
          -0.41962,
          0.72001
        ],
        [
          0.475355,
          -0.505515,
          0.720065,
          0.320731
        ],
        [
          -0.047681,
          -0.832046,
          -0.552654,
          0.735991
        ],
        [
          0.0,
          0.0,
          0.0,
          1.0
        ]
      ]
    },
    {
      "file_path": "/media/NFS/ttao/scannet/posed_images/scene0625_00/00114.jpg",
      "transform_matrix": [
        [
          0.872788,
          0.242188,
          -0.423776,
          0.709555
        ],
        [
          0.486714,
          -0.497203,
          0.718261,
          0.31284
        ],
        [
          -0.036749,
          -0.833147,
          -0.551829,
          0.707203
        ],
        [
          0.0,
          0.0,
          0.0,
          1.0
        ]
      ]
    },
    {
      "file_path": "/media/NFS/ttao/scannet/posed_images/scene0625_00/00118.jpg",
      "transform_matrix": [
        [
          0.869373,
          0.254985,
          -0.423288,
          0.691765
        ],
        [
          0.493033,
          -0.50529,
          0.708238,
          0.302211
        ],
        [
          -0.033293,
          -0.824418,
          -0.565002,
          0.655879
        ],
        [
          0.0,
          0.0,
          0.0,
          1.0
        ]
      ]
    },
    {
      "file_path": "/media/NFS/ttao/scannet/posed_images/scene0625_00/00124.jpg",
      "transform_matrix": [
        [
          0.873476,
          0.249064,
          -0.418338,
          0.681238
        ],
        [
          0.486048,
          -0.495915,
          0.719602,
          0.289905
        ],
        [
          -0.028233,
          -0.831887,
          -0.554227,
          0.588399
        ],
        [
          0.0,
          0.0,
          0.0,
          1.0
        ]
      ]
    },
    {
      "file_path": "/media/NFS/ttao/scannet/posed_images/scene0625_00/00128.jpg",
      "transform_matrix": [
        [
          0.888198,
          0.218846,
          -0.403994,
          0.676285
        ],
        [
          0.457962,
          -0.492655,
          0.739974,
          0.289897
        ],
        [
          -0.037089,
          -0.842257,
          -0.537799,
          0.567203
        ],
        [
          0.0,
          0.0,
          0.0,
          1.0
        ]
      ]
    },
    {
      "file_path": "/media/NFS/ttao/scannet/posed_images/scene0625_00/00132.jpg",
      "transform_matrix": [
        [
          0.894866,
          0.206704,
          -0.395585,
          0.666549
        ],
        [
          0.444086,
          -0.501192,
          0.742694,
          0.287276
        ],
        [
          -0.044747,
          -0.840286,
          -0.540294,
          0.548385
        ],
        [
          0.0,
          0.0,
          0.0,
          1.0
        ]
      ]
    },
    {
      "file_path": "/media/NFS/ttao/scannet/posed_images/scene0625_00/00134.jpg",
      "transform_matrix": [
        [
          0.896966,
          0.203848,
          -0.392298,
          0.662652
        ],
        [
          0.439463,
          -0.507874,
          0.740902,
          0.287918
        ],
        [
          -0.048207,
          -0.836965,
          -0.54513,
          0.547818
        ],
        [
          0.0,
          0.0,
          0.0,
          1.0
        ]
      ]
    },
    {
      "file_path": "/media/NFS/ttao/scannet/posed_images/scene0625_00/00139.jpg",
      "transform_matrix": [
        [
          0.899101,
          0.18116,
          -0.398494,
          0.656019
        ],
        [
          0.432316,
          -0.510346,
          0.743404,
          0.283699
        ],
        [
          -0.068695,
          -0.840671,
          -0.537171,
          0.54983
        ],
        [
          0.0,
          0.0,
          0.0,
          1.0
        ]
      ]
    },
    {
      "file_path": "/media/NFS/ttao/scannet/posed_images/scene0625_00/00141.jpg",
      "transform_matrix": [
        [
          0.902798,
          0.183178,
          -0.389104,
          0.652256
        ],
        [
          0.425216,
          -0.515672,
          0.743823,
          0.283417
        ],
        [
          -0.064398,
          -0.836976,
          -0.543438,
          0.551314
        ],
        [
          0.0,
          0.0,
          0.0,
          1.0
        ]
      ]
    },
    {
      "file_path": "/media/NFS/ttao/scannet/posed_images/scene0625_00/00145.jpg",
      "transform_matrix": [
        [
          0.90594,
          0.181613,
          -0.382478,
          0.649555
        ],
        [
          0.418255,
          -0.524335,
          0.741711,
          0.285386
        ],
        [
          -0.065843,
          -0.831919,
          -0.550977,
          0.568578
        ],
        [
          0.0,
          0.0,
          0.0,
          1.0
        ]
      ]
    },
    {
      "file_path": "/media/NFS/ttao/scannet/posed_images/scene0625_00/00148.jpg",
      "transform_matrix": [
        [
          0.907331,
          0.187164,
          -0.376457,
          0.649877
        ],
        [
          0.416026,
          -0.528791,
          0.739799,
          0.287482
        ],
        [
          -0.060604,
          -0.827859,
          -0.557654,
          0.594602
        ],
        [
          0.0,
          0.0,
          0.0,
          1.0
        ]
      ]
    },
    {
      "file_path": "/media/NFS/ttao/scannet/posed_images/scene0625_00/00155.jpg",
      "transform_matrix": [
        [
          0.909742,
          0.185422,
          -0.371466,
          0.645342
        ],
        [
          0.409489,
          -0.548288,
          0.729177,
          0.29689
        ],
        [
          -0.068465,
          -0.815475,
          -0.57473,
          0.695407
        ],
        [
          0.0,
          0.0,
          0.0,
          1.0
        ]
      ]
    },
    {
      "file_path": "/media/NFS/ttao/scannet/posed_images/scene0625_00/00156.jpg",
      "transform_matrix": [
        [
          0.908091,
          0.190379,
          -0.372997,
          0.644985
        ],
        [
          0.413291,
          -0.551074,
          0.724919,
          0.298591
        ],
        [
          -0.06754,
          -0.812449,
          -0.579108,
          0.714387
        ],
        [
          0.0,
          0.0,
          0.0,
          1.0
        ]
      ]
    },
    {
      "file_path": "/media/NFS/ttao/scannet/posed_images/scene0625_00/00163.jpg",
      "transform_matrix": [
        [
          0.883441,
          0.247362,
          -0.397925,
          0.650699
        ],
        [
          0.465897,
          -0.553886,
          0.690037,
          0.319315
        ],
        [
          -0.049716,
          -0.794999,
          -0.60457,
          0.889559
        ],
        [
          0.0,
          0.0,
          0.0,
          1.0
        ]
      ]
    },
    {
      "file_path": "/media/NFS/ttao/scannet/posed_images/scene0625_00/00164.jpg",
      "transform_matrix": [
        [
          0.879747,
          0.256603,
          -0.400248,
          0.654002
        ],
        [
          0.473083,
          -0.556199,
          0.683253,
          0.323081
        ],
        [
          -0.047293,
          -0.790441,
          -0.61071,
          0.911205
        ],
        [
          0.0,
          0.0,
          0.0,
          1.0
        ]
      ]
    },
    {
      "file_path": "/media/NFS/ttao/scannet/posed_images/scene0625_00/00167.jpg",
      "transform_matrix": [
        [
          0.870248,
          0.275467,
          -0.408394,
          0.663153
        ],
        [
          0.491093,
          -0.550217,
          0.675343,
          0.332529
        ],
        [
          -0.03867,
          -0.788276,
          -0.614106,
          0.974292
        ],
        [
          0.0,
          0.0,
          0.0,
          1.0
        ]
      ]
    },
    {
      "file_path": "/media/NFS/ttao/scannet/posed_images/scene0625_00/00174.jpg",
      "transform_matrix": [
        [
          0.841562,
          0.326306,
          -0.430462,
          0.687925
        ],
        [
          0.539969,
          -0.529437,
          0.654317,
          0.343231
        ],
        [
          -0.014395,
          -0.783085,
          -0.621749,
          1.083521
        ],
        [
          0.0,
          0.0,
          0.0,
          1.0
        ]
      ]
    },
    {
      "file_path": "/media/NFS/ttao/scannet/posed_images/scene0625_00/00177.jpg",
      "transform_matrix": [
        [
          0.838756,
          0.349358,
          -0.417656,
          0.699048
        ],
        [
          0.544399,
          -0.553315,
          0.630454,
          0.355828
        ],
        [
          -0.010842,
          -0.756169,
          -0.654287,
          1.119714
        ],
        [
          0.0,
          0.0,
          0.0,
          1.0
        ]
      ]
    },
    {
      "file_path": "/media/NFS/ttao/scannet/posed_images/scene0625_00/00181.jpg",
      "transform_matrix": [
        [
          0.841895,
          0.358512,
          -0.403337,
          0.704984
        ],
        [
          0.539482,
          -0.577272,
          0.612957,
          0.369705
        ],
        [
          -0.013083,
          -0.733639,
          -0.679414,
          1.158315
        ],
        [
          0.0,
          0.0,
          0.0,
          1.0
        ]
      ]
    },
    {
      "file_path": "/media/NFS/ttao/scannet/posed_images/scene0625_00/00184.jpg",
      "transform_matrix": [
        [
          0.842712,
          0.377595,
          -0.383742,
          0.700829
        ],
        [
          0.538267,
          -0.60451,
          0.587227,
          0.385322
        ],
        [
          -0.010242,
          -0.70142,
          -0.712675,
          1.178049
        ],
        [
          0.0,
          0.0,
          0.0,
          1.0
        ]
      ]
    },
    {
      "file_path": "/media/NFS/ttao/scannet/posed_images/scene0625_00/00189.jpg",
      "transform_matrix": [
        [
          0.814985,
          0.433105,
          -0.384993,
          0.664848
        ],
        [
          0.578982,
          -0.636194,
          0.509939,
          0.430952
        ],
        [
          -0.024073,
          -0.638497,
          -0.769248,
          1.196005
        ],
        [
          0.0,
          0.0,
          0.0,
          1.0
        ]
      ]
    },
    {
      "file_path": "/media/NFS/ttao/scannet/posed_images/scene0625_00/00190.jpg",
      "transform_matrix": [
        [
          0.816727,
          0.436387,
          -0.377523,
          0.655799
        ],
        [
          0.57649,
          -0.645239,
          0.501324,
          0.441419
        ],
        [
          -0.024821,
          -0.627083,
          -0.778557,
          1.198754
        ],
        [
          0.0,
          0.0,
          0.0,
          1.0
        ]
      ]
    },
    {
      "file_path": "/media/NFS/ttao/scannet/posed_images/scene0625_00/00196.jpg",
      "transform_matrix": [
        [
          0.834337,
          0.40471,
          -0.374288,
          0.603353
        ],
        [
          0.547462,
          -0.687835,
          0.476623,
          0.514234
        ],
        [
          -0.064554,
          -0.602572,
          -0.795449,
          1.210292
        ],
        [
          0.0,
          0.0,
          0.0,
          1.0
        ]
      ]
    },
    {
      "file_path": "/media/NFS/ttao/scannet/posed_images/scene0625_00/00200.jpg",
      "transform_matrix": [
        [
          0.841888,
          0.40197,
          -0.360061,
          0.559782
        ],
        [
          0.535029,
          -0.708875,
          0.45961,
          0.566624
        ],
        [
          -0.070489,
          -0.579583,
          -0.811859,
          1.219259
        ],
        [
          0.0,
          0.0,
          0.0,
          1.0
        ]
      ]
    },
    {
      "file_path": "/media/NFS/ttao/scannet/posed_images/scene0625_00/00202.jpg",
      "transform_matrix": [
        [
          0.8385,
          0.419636,
          -0.347597,
          0.539063
        ],
        [
          0.540939,
          -0.717836,
          0.438289,
          0.592376
        ],
        [
          -0.065596,
          -0.555533,
          -0.828903,
          1.224971
        ],
        [
          0.0,
          0.0,
          0.0,
          1.0
        ]
      ]
    },
    {
      "file_path": "/media/NFS/ttao/scannet/posed_images/scene0625_00/00209.jpg",
      "transform_matrix": [
        [
          0.814321,
          0.458952,
          -0.355309,
          0.476264
        ],
        [
          0.573473,
          -0.730606,
          0.370599,
          0.650291
        ],
        [
          -0.089504,
          -0.505547,
          -0.858145,
          1.257058
        ],
        [
          0.0,
          0.0,
          0.0,
          1.0
        ]
      ]
    },
    {
      "file_path": "/media/NFS/ttao/scannet/posed_images/scene0625_00/00212.jpg",
      "transform_matrix": [
        [
          0.812632,
          0.473445,
          -0.339822,
          0.453199
        ],
        [
          0.576915,
          -0.736034,
          0.354152,
          0.663738
        ],
        [
          -0.082449,
          -0.483844,
          -0.871262,
          1.263071
        ],
        [
          0.0,
          0.0,
          0.0,
          1.0
        ]
      ]
    },
    {
      "file_path": "/media/NFS/ttao/scannet/posed_images/scene0625_00/00213.jpg",
      "transform_matrix": [
        [
          0.815024,
          0.472775,
          -0.334991,
          0.445438
        ],
        [
          0.573374,
          -0.741407,
          0.34865,
          0.668913
        ],
        [
          -0.083531,
          -0.476234,
          -0.875342,
          1.265334
        ],
        [
          0.0,
          0.0,
          0.0,
          1.0
        ]
      ]
    },
    {
      "file_path": "/media/NFS/ttao/scannet/posed_images/scene0625_00/00218.jpg",
      "transform_matrix": [
        [
          0.833237,
          0.443804,
          -0.329777,
          0.409834
        ],
        [
          0.543567,
          -0.766712,
          0.341595,
          0.697368
        ],
        [
          -0.101243,
          -0.463886,
          -0.880091,
          1.277268
        ],
        [
          0.0,
          0.0,
          0.0,
          1.0
        ]
      ]
    },
    {
      "file_path": "/media/NFS/ttao/scannet/posed_images/scene0625_00/00221.jpg",
      "transform_matrix": [
        [
          0.857301,
          0.413223,
          -0.307053,
          0.384733
        ],
        [
          0.5051,
          -0.790466,
          0.346466,
          0.721635
        ],
        [
          -0.099547,
          -0.452118,
          -0.886386,
          1.280409
        ],
        [
          0.0,
          0.0,
          0.0,
          1.0
        ]
      ]
    },
    {
      "file_path": "/media/NFS/ttao/scannet/posed_images/scene0625_00/00226.jpg",
      "transform_matrix": [
        [
          0.900183,
          0.351854,
          -0.256649,
          0.338737
        ],
        [
          0.42644,
          -0.831769,
          0.3554,
          0.767375
        ],
        [
          -0.088424,
          -0.42937,
          -0.89879,
          1.278488
        ],
        [
          0.0,
          0.0,
          0.0,
          1.0
        ]
      ]
    },
    {
      "file_path": "/media/NFS/ttao/scannet/posed_images/scene0625_00/00228.jpg",
      "transform_matrix": [
        [
          0.916839,
          0.326713,
          -0.229487,
          0.316665
        ],
        [
          0.391007,
          -0.850994,
          0.350605,
          0.788838
        ],
        [
          -0.080745,
          -0.411179,
          -0.907972,
          1.276899
        ],
        [
          0.0,
          0.0,
          0.0,
          1.0
        ]
      ]
    },
    {
      "file_path": "/media/NFS/ttao/scannet/posed_images/scene0625_00/00235.jpg",
      "transform_matrix": [
        [
          0.969934,
          0.163919,
          -0.179886,
          0.242267
        ],
        [
          0.218992,
          -0.910294,
          0.351295,
          0.868177
        ],
        [
          -0.106165,
          -0.380127,
          -0.918822,
          1.285044
        ],
        [
          0.0,
          0.0,
          0.0,
          1.0
        ]
      ]
    },
    {
      "file_path": "/media/NFS/ttao/scannet/posed_images/scene0625_00/00239.jpg",
      "transform_matrix": [
        [
          0.98506,
          0.059826,
          -0.161485,
          0.224128
        ],
        [
          0.115211,
          -0.925905,
          0.35976,
          0.910198
        ],
        [
          -0.127997,
          -0.37299,
          -0.918964,
          1.290066
        ],
        [
          0.0,
          0.0,
          0.0,
          1.0
        ]
      ]
    },
    {
      "file_path": "/media/NFS/ttao/scannet/posed_images/scene0625_00/00243.jpg",
      "transform_matrix": [
        [
          0.989754,
          -0.015341,
          -0.141958,
          0.223532
        ],
        [
          0.036914,
          -0.93292,
          0.358187,
          0.952745
        ],
        [
          -0.13793,
          -0.359757,
          -0.922795,
          1.288385
        ],
        [
          0.0,
          0.0,
          0.0,
          1.0
        ]
      ]
    },
    {
      "file_path": "/media/NFS/ttao/scannet/posed_images/scene0625_00/00244.jpg",
      "transform_matrix": [
        [
          0.990121,
          -0.03172,
          -0.136579,
          0.224476
        ],
        [
          0.019528,
          -0.933387,
          0.35834,
          0.961263
        ],
        [
          -0.138848,
          -0.357467,
          -0.923547,
          1.287771
        ],
        [
          0.0,
          0.0,
          0.0,
          1.0
        ]
      ]
    },
    {
      "file_path": "/media/NFS/ttao/scannet/posed_images/scene0625_00/00250.jpg",
      "transform_matrix": [
        [
          0.991736,
          -0.086677,
          -0.094591,
          0.228204
        ],
        [
          -0.046308,
          -0.929408,
          0.366138,
          0.996564
        ],
        [
          -0.119649,
          -0.358732,
          -0.925741,
          1.287942
        ],
        [
          0.0,
          0.0,
          0.0,
          1.0
        ]
      ]
    },
    {
      "file_path": "/media/NFS/ttao/scannet/posed_images/scene0625_00/00251.jpg",
      "transform_matrix": [
        [
          0.991707,
          -0.091421,
          -0.09033,
          0.229501
        ],
        [
          -0.052298,
          -0.929087,
          0.366146,
          1.000686
        ],
        [
          -0.117398,
          -0.358386,
          -0.926163,
          1.289044
        ],
        [
          0.0,
          0.0,
          0.0,
          1.0
        ]
      ]
    },
    {
      "file_path": "/media/NFS/ttao/scannet/posed_images/scene0625_00/00256.jpg",
      "transform_matrix": [
        [
          0.991559,
          -0.11736,
          -0.055114,
          0.244312
        ],
        [
          -0.088783,
          -0.924363,
          0.37104,
          1.010874
        ],
        [
          -0.094491,
          -0.363015,
          -0.92698,
          1.29226
        ],
        [
          0.0,
          0.0,
          0.0,
          1.0
        ]
      ]
    },
    {
      "file_path": "/media/NFS/ttao/scannet/posed_images/scene0625_00/00262.jpg",
      "transform_matrix": [
        [
          0.984031,
          -0.177193,
          -0.016906,
          0.288718
        ],
        [
          -0.156522,
          -0.90662,
          0.391843,
          1.016436
        ],
        [
          -0.084759,
          -0.382939,
          -0.919877,
          1.301055
        ],
        [
          0.0,
          0.0,
          0.0,
          1.0
        ]
      ]
    },
    {
      "file_path": "/media/NFS/ttao/scannet/posed_images/scene0625_00/00263.jpg",
      "transform_matrix": [
        [
          0.982951,
          -0.183402,
          -0.013084,
          0.294783
        ],
        [
          -0.163437,
          -0.904114,
          0.394799,
          1.015692
        ],
        [
          -0.084237,
          -0.38593,
          -0.918675,
          1.302695
        ],
        [
          0.0,
          0.0,
          0.0,
          1.0
        ]
      ]
    },
    {
      "file_path": "/media/NFS/ttao/scannet/posed_images/scene0625_00/00270.jpg",
      "transform_matrix": [
        [
          0.975955,
          -0.217967,
          -0.00156,
          0.32263
        ],
        [
          -0.198939,
          -0.893639,
          0.402285,
          1.00157
        ],
        [
          -0.089079,
          -0.392302,
          -0.915513,
          1.313154
        ],
        [
          0.0,
          0.0,
          0.0,
          1.0
        ]
      ]
    },
    {
      "file_path": "/media/NFS/ttao/scannet/posed_images/scene0625_00/00271.jpg",
      "transform_matrix": [
        [
          0.975506,
          -0.219965,
          -0.001647,
          0.32568
        ],
        [
          -0.200421,
          -0.891866,
          0.405472,
          0.99762
        ],
        [
          -0.090659,
          -0.39521,
          -0.914106,
          1.315994
        ],
        [
          0.0,
          0.0,
          0.0,
          1.0
        ]
      ]
    },
    {
      "file_path": "/media/NFS/ttao/scannet/posed_images/scene0625_00/00274.jpg",
      "transform_matrix": [
        [
          0.973837,
          -0.227106,
          0.007969,
          0.332471
        ],
        [
          -0.209688,
          -0.884526,
          0.416708,
          0.982268
        ],
        [
          -0.087587,
          -0.407476,
          -0.909006,
          1.324399
        ],
        [
          0.0,
          0.0,
          0.0,
          1.0
        ]
      ]
    },
    {
      "file_path": "/media/NFS/ttao/scannet/posed_images/scene0625_00/00280.jpg",
      "transform_matrix": [
        [
          0.964253,
          -0.26288,
          0.033312,
          0.363979
        ],
        [
          -0.250618,
          -0.863917,
          0.436851,
          0.946667
        ],
        [
          -0.08606,
          -0.429584,
          -0.898917,
          1.339225
        ],
        [
          0.0,
          0.0,
          0.0,
          1.0
        ]
      ]
    },
    {
      "file_path": "/media/NFS/ttao/scannet/posed_images/scene0625_00/00282.jpg",
      "transform_matrix": [
        [
          0.959728,
          -0.277143,
          0.045981,
          0.378265
        ],
        [
          -0.268413,
          -0.856284,
          0.441285,
          0.935859
        ],
        [
          -0.082926,
          -0.435856,
          -0.896188,
          1.343029
        ],
        [
          0.0,
          0.0,
          0.0,
          1.0
        ]
      ]
    },
    {
      "file_path": "/media/NFS/ttao/scannet/posed_images/scene0625_00/00289.jpg",
      "transform_matrix": [
        [
          0.944726,
          -0.316551,
          0.085377,
          0.437371
        ],
        [
          -0.318798,
          -0.826104,
          0.464672,
          0.894081
        ],
        [
          -0.076562,
          -0.466205,
          -0.881358,
          1.35525
        ],
        [
          0.0,
          0.0,
          0.0,
          1.0
        ]
      ]
    },
    {
      "file_path": "/media/NFS/ttao/scannet/posed_images/scene0625_00/00292.jpg",
      "transform_matrix": [
        [
          0.938114,
          -0.333564,
          0.093154,
          0.475159
        ],
        [
          -0.336248,
          -0.812829,
          0.475654,
          0.874934
        ],
        [
          -0.082943,
          -0.477541,
          -0.874686,
          1.359506
        ],
        [
          0.0,
          0.0,
          0.0,
          1.0
        ]
      ]
    },
    {
      "file_path": "/media/NFS/ttao/scannet/posed_images/scene0625_00/00295.jpg",
      "transform_matrix": [
        [
          0.932567,
          -0.344768,
          0.107021,
          0.504705
        ],
        [
          -0.351453,
          -0.799387,
          0.487299,
          0.85447
        ],
        [
          -0.082454,
          -0.492052,
          -0.866652,
