{
  "frames": [
    {
      "file_path": "/media/NFS/ttao/scannet/posed_images/scene0207_00/00000.jpg",
      "transform_matrix": [
        [
          0.58954,
          0.438398,
          -0.678417,
          4.470281
        ],
        [
          0.80685,
          -0.35903,
          0.469139,
          2.635052
        ],
        [
          -0.037903,
          -0.823957,
          -0.565384,
          1.490692
        ],
        [
          0.0,
          0.0,
          0.0,
          1.0
        ]
      ]
    },
    {
      "file_path": "/media/NFS/ttao/scannet/posed_images/scene0207_00/00010.jpg",
      "transform_matrix": [
        [
          0.624869,
          0.425835,
          -0.654372,
          4.474049
        ],
        [
          0.779723,
          -0.382917,
          0.495385,
          2.646871
        ],
        [
          -0.039618,
          -0.81978,
          -0.571307,
          1.4921
        ],
        [
          0.0,
          0.0,
          0.0,
          1.0
        ]
      ]
    },
    {
      "file_path": "/media/NFS/ttao/scannet/posed_images/scene0207_00/00016.jpg",
      "transform_matrix": [
        [
          0.624346,
          0.424242,
          -0.655905,
          4.477075
        ],
        [
          0.78039,
          -0.375739,
          0.499812,
          2.656681
        ],
        [
          -0.034408,
          -0.823917,
          -0.565665,
          1.500421
        ],
        [
          0.0,
          0.0,
          0.0,
          1.0
        ]
      ]
    },
    {
      "file_path": "/media/NFS/ttao/scannet/posed_images/scene0207_00/00024.jpg",
      "transform_matrix": [
        [
          0.671186,
          0.400635,
          -0.623699,
          4.516379
        ],
        [
          0.741175,
          -0.377451,
          0.555149,
          2.706764
        ],
        [
          -0.013004,
          -0.834879,
          -0.550281,
          1.511936
        ],
        [
          0.0,
          0.0,
          0.0,
          1.0
        ]
      ]
    },
    {
      "file_path": "/media/NFS/ttao/scannet/posed_images/scene0207_00/00026.jpg",
      "transform_matrix": [
        [
          0.688889,
          0.395037,
          -0.607764,
          4.529979
        ],
        [
          0.724866,
          -0.376076,
          0.577179,
          2.722886
        ],
        [
          -0.000559,
          -0.838161,
          -0.545423,
          1.519109
        ],
        [
          0.0,
          0.0,
          0.0,
          1.0
        ]
      ]
    },
    {
      "file_path": "/media/NFS/ttao/scannet/posed_images/scene0207_00/00034.jpg",
      "transform_matrix": [
        [
          0.731019,
          0.342049,
          -0.590434,
          4.584217
        ],
        [
          0.682162,
          -0.345689,
          0.644324,
          2.770212
        ],
        [
          0.016284,
          -0.873786,
          -0.486039,
          1.545468
        ],
        [
          0.0,
          0.0,
          0.0,
          1.0
        ]
      ]
    },
    {
      "file_path": "/media/NFS/ttao/scannet/posed_images/scene0207_00/00044.jpg",
      "transform_matrix": [
        [
          0.801214,
          0.289633,
          -0.523612,
          4.660989
        ],
        [
          0.598377,
          -0.389781,
          0.700011,
          2.81179
        ],
        [
          -0.001348,
          -0.874176,
          -0.485608,
          1.543669
        ],
        [
          0.0,
          0.0,
          0.0,
          1.0
        ]
      ]
    },
    {
      "file_path": "/media/NFS/ttao/scannet/posed_images/scene0207_00/00050.jpg",
      "transform_matrix": [
        [
          0.819201,
          0.278069,
          -0.501585,
          4.707359
        ],
        [
          0.573327,
          -0.418937,
          0.704122,
          2.839643
        ],
        [
          -0.014338,
          -0.86439,
          -0.502618,
          1.531104
        ],
        [
          0.0,
          0.0,
          0.0,
          1.0
        ]
      ]
    },
    {
      "file_path": "/media/NFS/ttao/scannet/posed_images/scene0207_00/00056.jpg",
      "transform_matrix": [
        [
          0.819567,
          0.273923,
          -0.503266,
          4.739089
        ],
        [
          0.572588,
          -0.424174,
          0.701584,
          2.863378
        ],
        [
          -0.021292,
          -0.863159,
          -0.504484,
          1.522657
        ],
        [
          0.0,
          0.0,
          0.0,
          1.0
        ]
      ]
    },
    {
      "file_path": "/media/NFS/ttao/scannet/posed_images/scene0207_00/00058.jpg",
      "transform_matrix": [
        [
          0.817346,
          0.27363,
          -0.507023,
          4.744152
        ],
        [
          0.575523,
          -0.428709,
          0.696406,
          2.873561
        ],
        [
          -0.026808,
          -0.861008,
          -0.507884,
          1.521456
        ],
        [
          0.0,
          0.0,
          0.0,
          1.0
        ]
      ]
    },
    {
      "file_path": "/media/NFS/ttao/scannet/posed_images/scene0207_00/00066.jpg",
      "transform_matrix": [
        [
          0.788947,
          0.28254,
          -0.54565,
          4.729458
        ],
        [
          0.613509,
          -0.41163,
          0.67392,
          2.959435
        ],
        [
          -0.034197,
          -0.866448,
          -0.498095,
          1.513148
        ],
        [
          0.0,
          0.0,
          0.0,
          1.0
        ]
      ]
    },
    {
      "file_path": "/media/NFS/ttao/scannet/posed_images/scene0207_00/00074.jpg",
      "transform_matrix": [
        [
          0.744013,
          0.351027,
          -0.568528,
          4.694038
        ],
        [
          0.668154,
          -0.395787,
          0.630018,
          3.073766
        ],
        [
          -0.003862,
          -0.848606,
          -0.529011,
          1.500825
        ],
        [
          0.0,
          0.0,
          0.0,
          1.0
        ]
      ]
    },
    {
      "file_path": "/media/NFS/ttao/scannet/posed_images/scene0207_00/00078.jpg",
      "transform_matrix": [
        [
          0.697501,
          0.392372,
          -0.599613,
          4.665863
        ],
        [
          0.716341,
          -0.36003,
          0.59769,
          3.123145
        ],
        [
          0.018638,
          -0.846417,
          -0.532193,
          1.508991
        ],
        [
          0.0,
          0.0,
          0.0,
          1.0
        ]
      ]
    },
    {
      "file_path": "/media/NFS/ttao/scannet/posed_images/scene0207_00/00085.jpg",
      "transform_matrix": [
        [
          0.599077,
          0.417062,
          -0.683495,
          4.629493
        ],
        [
          0.799848,
          -0.272558,
          0.534748,
          3.172827
        ],
        [
          0.036731,
          -0.867047,
          -0.49687,
          1.549546
        ],
        [
          0.0,
          0.0,
          0.0,
          1.0
        ]
      ]
    },
    {
      "file_path": "/media/NFS/ttao/scannet/posed_images/scene0207_00/00095.jpg",
      "transform_matrix": [
        [
          0.413786,
          0.399916,
          -0.817831,
          4.654607
        ],
        [
          0.910372,
          -0.179817,
          0.372677,
          3.189439
        ],
        [
          0.00198,
          -0.89874,
          -0.438478,
          1.578038
        ],
        [
          0.0,
          0.0,
          0.0,
          1.0
        ]
      ]
    },
    {
      "file_path": "/media/NFS/ttao/scannet/posed_images/scene0207_00/00101.jpg",
      "transform_matrix": [
        [
          0.257493,
          0.416574,
          -0.871874,
          4.718457
        ],
        [
          0.965467,
          -0.073902,
          0.249825,
          3.198101
        ],
        [
          0.039637,
          -0.906093,
          -0.421217,
          1.586825
        ],
        [
          0.0,
          0.0,
          0.0,
          1.0
        ]
      ]
    },
    {
      "file_path": "/media/NFS/ttao/scannet/posed_images/scene0207_00/00107.jpg",
      "transform_matrix": [
        [
          0.100839,
          0.444187,
          -0.890241,
          4.79916
        ],
        [
          0.991549,
          0.028536,
          0.126553,
          3.189379
        ],
        [
          0.081617,
          -0.895479,
          -0.437557,
          1.581742
        ],
        [
          0.0,
          0.0,
          0.0,
          1.0
        ]
      ]
    },
    {
      "file_path": "/media/NFS/ttao/scannet/posed_images/scene0207_00/00113.jpg",
      "transform_matrix": [
        [
          -0.019388,
          0.462111,
          -0.88661,
          4.877797
        ],
        [
          0.997337,
          0.071296,
          0.015351,
          3.18192
        ],
        [
          0.070305,
          -0.883952,
          -0.462262,
          1.57423
        ],
        [
          0.0,
          0.0,
          0.0,
          1.0
        ]
      ]
    },
    {
      "file_path": "/media/NFS/ttao/scannet/posed_images/scene0207_00/00117.jpg",
      "transform_matrix": [
        [
          -0.0706,
          0.471933,
          -0.878803,
          4.913074
        ],
        [
          0.996431,
          0.074238,
          -0.040182,
          3.169845
        ],
        [
          0.046277,
          -0.878503,
          -0.47549,
          1.570477
        ],
        [
          0.0,
          0.0,
          0.0,
          1.0
        ]
      ]
    },
    {
      "file_path": "/media/NFS/ttao/scannet/posed_images/scene0207_00/00125.jpg",
      "transform_matrix": [
        [
          -0.160139,
          0.499002,
          -0.851676,
          4.973493
        ],
        [
          0.985445,
          0.130678,
          -0.108726,
          3.142065
        ],
        [
          0.057041,
          -0.856691,
          -0.512666,
          1.548619
        ],
        [
          0.0,
          0.0,
          0.0,
          1.0
        ]
      ]
    },
    {
      "file_path": "/media/NFS/ttao/scannet/posed_images/scene0207_00/00133.jpg",
      "transform_matrix": [
        [
          -0.235466,
          0.506934,
          -0.8292,
          5.005013
        ],
        [
          0.971862,
          0.128313,
          -0.197533,
          3.092664
        ],
        [
          0.006261,
          -0.852381,
          -0.522884,
          1.535734
        ],
        [
          0.0,
          0.0,
          0.0,
          1.0
        ]
      ]
    },
    {
      "file_path": "/media/NFS/ttao/scannet/posed_images/scene0207_00/00143.jpg",
      "transform_matrix": [
        [
          -0.377496,
          0.470781,
          -0.797409,
          5.027932
        ],
        [
          0.925947,
          0.181795,
          -0.331017,
          3.035254
        ],
        [
          -0.010871,
          -0.863317,
          -0.504546,
          1.539725
        ],
        [
          0.0,
          0.0,
          0.0,
          1.0
        ]
      ]
    },
    {
      "file_path": "/media/NFS/ttao/scannet/posed_images/scene0207_00/00147.jpg",
      "transform_matrix": [
        [
          -0.402822,
          0.43361,
          -0.80605,
          5.024755
        ],
        [
          0.915277,
          0.189086,
          -0.355689,
          3.020084
        ],
        [
          -0.001817,
          -0.881038,
          -0.473041,
          1.564178
        ],
        [
          0.0,
          0.0,
          0.0,
          1.0
        ]
      ]
    },
    {
      "file_path": "/media/NFS/ttao/scannet/posed_images/scene0207_00/00153.jpg",
      "transform_matrix": [
        [
          -0.439127,
          0.369041,
          -0.819131,
          5.02224
        ],
        [
          0.898424,
          0.181617,
          -0.399812,
          3.01289
        ],
        [
          0.001221,
          -0.911495,
          -0.411308,
          1.601445
        ],
        [
          0.0,
          0.0,
          0.0,
          1.0
        ]
      ]
    },
    {
      "file_path": "/media/NFS/ttao/scannet/posed_images/scene0207_00/00163.jpg",
      "transform_matrix": [
        [
          -0.470154,
          0.25923,
          -0.843656,
          4.961412
        ],
        [
          0.881852,
          0.17691,
          -0.437081,
          3.023499
        ],
        [
          0.035946,
          -0.949475,
          -0.311777,
          1.652673
        ],
        [
          0.0,
          0.0,
          0.0,
          1.0
        ]
      ]
    },
    {
      "file_path": "/media/NFS/ttao/scannet/posed_images/scene0207_00/00167.jpg",
      "transform_matrix": [
        [
          -0.430815,
          0.259305,
          -0.864383,
          4.920213
        ],
        [
          0.89804,
          0.217655,
          -0.382296,
          3.0221
        ],
        [
          0.089006,
          -0.94095,
          -0.326635,
          1.659238
        ],
        [
          0.0,
          0.0,
          0.0,
          1.0
        ]
      ]
    },
    {
      "file_path": "/media/NFS/ttao/scannet/posed_images/scene0207_00/00171.jpg",
      "transform_matrix": [
        [
          -0.423958,
          0.216066,
          -0.879531,
          4.886074
        ],
        [
          0.898171,
          0.225115,
          -0.37764,
          3.010793
        ],
        [
          0.116401,
          -0.950073,
          -0.289504,
          1.672768
        ],
        [
          0.0,
          0.0,
          0.0,
          1.0
        ]
      ]
    },
    {
      "file_path": "/media/NFS/ttao/scannet/posed_images/scene0207_00/00183.jpg",
      "transform_matrix": [
        [
          -0.449707,
          0.128464,
          -0.883889,
          4.808614
        ],
        [
          0.886969,
          0.180699,
          -0.425011,
          2.959597
        ],
        [
          0.105119,
          -0.975113,
          -0.195206,
          1.703141
        ],
        [
          0.0,
          0.0,
          0.0,
          1.0
        ]
      ]
    },
    {
      "file_path": "/media/NFS/ttao/scannet/posed_images/scene0207_00/00185.jpg",
      "transform_matrix": [
        [
          -0.466393,
          0.131617,
          -0.874731,
          4.80113
        ],
        [
          0.878829,
          0.181499,
          -0.441269,
          2.951788
        ],
        [
          0.100684,
          -0.974544,
          -0.200318,
          1.701247
        ],
        [
          0.0,
          0.0,
          0.0,
          1.0
        ]
      ]
    },
    {
      "file_path": "/media/NFS/ttao/scannet/posed_images/scene0207_00/00191.jpg",
      "transform_matrix": [
        [
          -0.564612,
          0.157349,
          -0.810219,
          4.778356
        ],
        [
          0.821306,
          0.204244,
          -0.532673,
          2.960894
        ],
        [
          0.081666,
          -0.966191,
          -0.24455,
          1.704915
        ],
        [
          0.0,
          0.0,
          0.0,
          1.0
        ]
      ]
    },
    {
      "file_path": "/media/NFS/ttao/scannet/posed_images/scene0207_00/00203.jpg",
      "transform_matrix": [
        [
          -0.801599,
          0.139442,
          -0.581373,
          4.799199
        ],
        [
          0.590897,
          0.332777,
          -0.734915,
          3.017951
        ],
        [
          0.09099,
          -0.932639,
          -0.349149,
          1.612699
        ],
        [
          0.0,
          0.0,
          0.0,
          1.0
        ]
      ]
    },
    {
      "file_path": "/media/NFS/ttao/scannet/posed_images/scene0207_00/00209.jpg",
      "transform_matrix": [
        [
          -0.856435,
          0.145153,
          -0.495428,
          4.81841
        ],
        [
          0.507565,
          0.412077,
          -0.756684,
          3.040722
        ],
        [
          0.094319,
          -0.899513,
          -0.426592,
          1.575822
        ],
        [
          0.0,
          0.0,
          0.0,
          1.0
        ]
      ]
    },
    {
      "file_path": "/media/NFS/ttao/scannet/posed_images/scene0207_00/00213.jpg",
      "transform_matrix": [
        [
          -0.890765,
          0.146408,
          -0.430235,
          4.799636
        ],
        [
          0.447086,
          0.452197,
          -0.771772,
          3.071884
        ],
        [
          0.081557,
          -0.87982,
          -0.468258,
          1.565022
        ],
        [
          0.0,
          0.0,
          0.0,
          1.0
        ]
      ]
    },
    {
      "file_path": "/media/NFS/ttao/scannet/posed_images/scene0207_00/00217.jpg",
      "transform_matrix": [
        [
          -0.913873,
          0.155934,
          -0.374861,
          4.811338
        ],
        [
          0.401899,
          0.478349,
          -0.780807,
          3.084801
        ],
        [
          0.05756,
          -0.864214,
          -0.49982,
          1.549739
        ],
        [
          0.0,
          0.0,
          0.0,
          1.0
        ]
      ]
    },
    {
      "file_path": "/media/NFS/ttao/scannet/posed_images/scene0207_00/00225.jpg",
      "transform_matrix": [
        [
          -0.951317,
          0.162759,
          -0.261736,
          4.832985
        ],
        [
          0.308119,
          0.523418,
          -0.794416,
          3.106673
        ],
        [
          0.007699,
          -0.836387,
          -0.548085,
          1.521356
        ],
        [
          0.0,
          0.0,
          0.0,
          1.0
        ]
      ]
    },
    {
      "file_path": "/media/NFS/ttao/scannet/posed_images/scene0207_00/00231.jpg",
      "transform_matrix": [
        [
          -0.968595,
          0.155761,
          -0.19381,
          4.859056
        ],
        [
          0.248176,
          0.557855,
          -0.791964,
          3.134789
        ],
        [
          -0.015239,
          -0.815191,
          -0.578992,
          1.486969
        ],
        [
          0.0,
          0.0,
          0.0,
          1.0
        ]
      ]
    },
    {
      "file_path": "/media/NFS/ttao/scannet/posed_images/scene0207_00/00237.jpg",
      "transform_matrix": [
        [
          -0.982296,
          0.135663,
          -0.129191,
          4.882665
        ],
        [
          0.185028,
          0.59467,
          -0.782389,
          3.148373
        ],
        [
          -0.029315,
          -0.792441,
          -0.609244,
          1.468693
        ],
        [
          0.0,
          0.0,
          0.0,
          1.0
        ]
      ]
    },
    {
      "file_path": "/media/NFS/ttao/scannet/posed_images/scene0207_00/00248.jpg",
      "transform_matrix": [
        [
          -0.997593,
          0.068976,
          0.007103,
          4.938406
        ],
        [
          0.038285,
          0.633307,
          -0.772953,
          3.14583
        ],
        [
          -0.057814,
          -0.77082,
          -0.634424,
          1.475442
        ],
        [
          0.0,
          0.0,
          0.0,
          1.0
        ]
      ]
    },
    {
      "file_path": "/media/NFS/ttao/scannet/posed_images/scene0207_00/00254.jpg",
      "transform_matrix": [
        [
          -0.996692,
          0.010477,
          0.080595,
          4.978697
        ],
        [
          -0.056168,
          0.627936,
          -0.776235,
          3.142084
        ],
        [
          -0.058741,
          -0.778194,
          -0.62527,
          1.494757
        ],
        [
          0.0,
          0.0,
          0.0,
          1.0
        ]
      ]
    },
    {
      "file_path": "/media/NFS/ttao/scannet/posed_images/scene0207_00/00262.jpg",
      "transform_matrix": [
        [
          -0.989096,
          -0.046646,
          0.139691,
          5.027632
        ],
        [
          -0.139454,
          0.601607,
          -0.786525,
          3.150453
        ],
        [
          -0.04735,
          -0.797429,
          -0.601552,
          1.50797
        ],
        [
          0.0,
          0.0,
          0.0,
          1.0
        ]
      ]
    },
    {
      "file_path": "/media/NFS/ttao/scannet/posed_images/scene0207_00/00268.jpg",
      "transform_matrix": [
        [
          -0.986256,
          -0.065872,
          0.151524,
          5.046083
        ],
        [
          -0.160818,
          0.593072,
          -0.788925,
          3.145826
        ],
        [
          -0.037896,
          -0.80245,
          -0.595515,
          1.511759
        ],
        [
          0.0,
          0.0,
          0.0,
          1.0
        ]
      ]
    },
    {
      "file_path": "/media/NFS/ttao/scannet/posed_images/scene0207_00/00270.jpg",
      "transform_matrix": [
        [
          -0.986002,
          -0.068779,
          0.151883,
          5.044857
        ],
        [
          -0.162979,
          0.589729,
          -0.790985,
          3.14117
        ],
        [
          -0.035167,
          -0.804667,
          -0.592684,
          1.508785
        ],
        [
          0.0,
          0.0,
          0.0,
          1.0
        ]
      ]
    },
    {
      "file_path": "/media/NFS/ttao/scannet/posed_images/scene0207_00/00280.jpg",
      "transform_matrix": [
        [
          -0.995129,
          -0.053888,
          0.082545,
          5.035918
        ],
        [
          -0.098438,
          0.587806,
          -0.802991,
          3.059259
        ],
        [
          -0.005249,
          -0.807205,
          -0.590248,
          1.511082
        ],
        [
          0.0,
          0.0,
          0.0,
          1.0
        ]
      ]
    },
    {
      "file_path": "/media/NFS/ttao/scannet/posed_images/scene0207_00/00284.jpg",
      "transform_matrix": [
        [
          -0.998342,
          -0.038194,
          0.043061,
          5.026019
        ],
        [
          -0.057274,
          0.584878,
          -0.809097,
          3.016173
        ],
        [
          0.005717,
          -0.810222,
          -0.586095,
          1.505579
        ],
        [
          0.0,
          0.0,
          0.0,
          1.0
        ]
      ]
    },
    {
      "file_path": "/media/NFS/ttao/scannet/posed_images/scene0207_00/00290.jpg",
      "transform_matrix": [
        [
          -0.999544,
          -0.006979,
          -0.029367,
          5.034179
        ],
        [
          0.019603,
          0.589758,
          -0.807342,
          2.920994
        ],
        [
          0.022954,
          -0.80755,
          -0.589352,
          1.517584
        ],
        [
          0.0,
          0.0,
          0.0,
          1.0
        ]
      ]
    },
    {
      "file_path": "/media/NFS/ttao/scannet/posed_images/scene0207_00/00300.jpg",
      "transform_matrix": [
        [
          -0.991385,
          0.059254,
          -0.116814,
          5.025622
        ],
        [
          0.130252,
          0.54007,
          -0.83148,
          2.759475
        ],
        [
          0.013819,
          -0.839531,
          -0.543135,
          1.543432
        ],
        [
          0.0,
          0.0,
          0.0,
          1.0
        ]
      ]
    },
    {
      "file_path": "/media/NFS/ttao/scannet/posed_images/scene0207_00/00306.jpg",
      "transform_matrix": [
        [
          -0.988391,
          0.068377,
          -0.135675,
          4.98274
        ],
        [
          0.151324,
          0.522821,
          -0.838904,
          2.661101
        ],
        [
          0.013572,
          -0.849696,
          -0.527099,
          1.554024
        ],
        [
          0.0,
          0.0,
          0.0,
          1.0
        ]
      ]
    },
    {
      "file_path": "/media/NFS/ttao/scannet/posed_images/scene0207_00/00312.jpg",
      "transform_matrix": [
        [
          -0.986904,
          0.06743,
          -0.146538,
          4.921482
        ],
        [
          0.16029,
          0.511848,
          -0.84399,
          2.564569
        ],
        [
          0.018095,
          -0.856426,
          -0.515953,
          1.554619
        ],
        [
          0.0,
          0.0,
          0.0,
          1.0
        ]
      ]
    },
    {
      "file_path": "/media/NFS/ttao/scannet/posed_images/scene0207_00/00316.jpg",
      "transform_matrix": [
        [
          -0.985782,
          0.081705,
          -0.146827,
          4.860579
        ],
        [
          0.167973,
          0.501902,
          -0.848457,
          2.503921
        ],
        [
          0.004369,
          -0.861057,
          -0.50849,
          1.542775
        ],
        [
          0.0,
          0.0,
          0.0,
          1.0
        ]
      ]
    },
    {
      "file_path": "/media/NFS/ttao/scannet/posed_images/scene0207_00/00328.jpg",
      "transform_matrix": [
        [
          -0.955384,
          0.158696,
          -0.249114,
          4.610415
        ],
        [
          0.295365,
          0.517213,
          -0.803275,
          2.313818
        ],
        [
          0.001369,
          -0.841015,
          -0.54101,
          1.553661
        ],
        [
          0.0,
          0.0,
          0.0,
          1.0
        ]
      ]
    },
    {
      "file_path": "/media/NFS/ttao/scannet/posed_images/scene0207_00/00330.jpg",
      "transform_matrix": [
        [
          -0.936774,
          0.184541,
          -0.297318,
          4.58271
        ],
        [
          0.349869,
          0.510266,
          -0.785634,
          2.282273
        ],
        [
          0.00673,
          -0.839984,
          -0.542569,
          1.551793
        ],
        [
          0.0,
          0.0,
          0.0,
          1.0
        ]
      ]
    },
    {
      "file_path": "/media/NFS/ttao/scannet/posed_images/scene0207_00/00342.jpg",
      "transform_matrix": [
        [
          -0.724772,
          0.373671,
          -0.578857,
          4.377319
        ],
        [
          0.68889,
          0.407257,
          -0.599643,
          2.191056
        ],
        [
          0.011675,
          -0.833373,
          -0.552587,
          1.536469
        ],
        [
          0.0,
          0.0,
          0.0,
          1.0
        ]
      ]
    },
    {
      "file_path": "/media/NFS/ttao/scannet/posed_images/scene0207_00/00348.jpg",
      "transform_matrix": [
        [
          -0.59275,
          0.422275,
          -0.685807,
          4.298866
        ],
        [
          0.804353,
          0.353528,
          -0.47753,
          2.188563
        ],
        [
          0.040802,
          -0.834686,
          -0.549212,
          1.533339
        ],
        [
          0.0,
          0.0,
          0.0,
          1.0
        ]
      ]
    },
    {
      "file_path": "/media/NFS/ttao/scannet/posed_images/scene0207_00/00350.jpg",
      "transform_matrix": [
        [
          -0.527138,
          0.433389,
          -0.730957,
          4.312292
        ],
        [
          0.847881,
          0.32571,
          -0.418343,
          2.159212
        ],
        [
          0.056775,
          -0.84029,
          -0.539157,
          1.528907
        ],
        [
          0.0,
          0.0,
          0.0,
          1.0
        ]
      ]
    },
    {
      "file_path": "/media/NFS/ttao/scannet/posed_images/scene0207_00/00360.jpg",
      "transform_matrix": [
        [
          -0.331134,
          0.480749,
          -0.81193,
          4.240305
        ],
        [
          0.93921,
          0.250682,
          -0.234613,
          2.193348
        ],
        [
          0.090746,
          -0.840261,
          -0.534534,
          1.536742
        ],
        [
          0.0,
          0.0,
          0.0,
          1.0
        ]
      ]
    },
    {
      "file_path": "/media/NFS/ttao/scannet/posed_images/scene0207_00/00368.jpg",
      "transform_matrix": [
        [
          -0.184897,
          0.518065,
          -0.835117,
          4.191115
        ],
        [
          0.978453,
          0.176497,
          -0.107142,
          2.264082
        ],
        [
          0.091889,
          -0.836933,
          -0.539536,
          1.545471
        ],
        [
          0.0,
          0.0,
          0.0,
          1.0
        ]
      ]
    },
    {
      "file_path": "/media/NFS/ttao/scannet/posed_images/scene0207_00/00374.jpg",
      "transform_matrix": [
        [
          -0.077376,
          0.49085,
          -0.867801,
          4.156816
        ],
        [
          0.993062,
          0.115251,
          -0.023356,
          2.342132
        ],
        [
          0.088551,
          -0.863588,
          -0.496362,
          1.569397
        ],
        [
          0.0,
          0.0,
          0.0,
          1.0
        ]
      ]
    },
    {
      "file_path": "/media/NFS/ttao/scannet/posed_images/scene0207_00/00382.jpg",
      "transform_matrix": [
        [
          0.096193,
          0.460266,
          -0.882554,
          4.117608
        ],
        [
          0.988724,
          0.058047,
          0.138037,
          2.452864
        ],
        [
          0.114764,
          -0.885881,
          -0.449492,
          1.603877
        ],
        [
          0.0,
          0.0,
          0.0,
          1.0
        ]
      ]
    },
    {
      "file_path": "/media/NFS/ttao/scannet/posed_images/scene0207_00/00388.jpg",
      "transform_matrix": [
        [
          0.225174,
          0.464182,
          -0.85664,
          4.104014
        ],
        [
          0.968028,
          -0.006838,
          0.250748,
          2.535425
        ],
        [
          0.110535,
          -0.885714,
          -0.450881,
          1.613214
        ],
        [
          0.0,
          0.0,
          0.0,
          1.0
        ]
      ]
    },
    {
      "file_path": "/media/NFS/ttao/scannet/posed_images/scene0207_00/00390.jpg",
      "transform_matrix": [
        [
          0.286191,
          0.461127,
          -0.839915,
          4.091272
        ],
        [
          0.951988,
          -0.03741,
          0.30384,
          2.516771
        ],
        [
          0.108688,
          -0.886545,
          -0.449694,
          1.609163
        ],
        [
          0.0,
          0.0,
          0.0,
          1.0
        ]
      ]
    },
    {
      "file_path": "/media/NFS/ttao/scannet/posed_images/scene0207_00/00400.jpg",
      "transform_matrix": [
        [
          0.518515,
          0.450474,
          -0.726784,
          4.055496
        ],
        [
          0.849306,
          -0.172817,
          0.498812,
          2.609199
        ],
        [
          0.099102,
          -0.875904,
          -0.472198,
          1.571311
        ],
        [
          0.0,
          0.0,
          0.0,
          1.0
        ]
      ]
    },
    {
      "file_path": "/media/NFS/ttao/scannet/posed_images/scene0207_00/00408.jpg",
      "transform_matrix": [
        [
          0.701484,
          0.389959,
          -0.596533,
          4.010338
        ],
        [
          0.708616,
          -0.292319,
          0.642194,
          2.686595
        ],
        [
          0.076051,
          -0.873202,
          -0.481389,
          1.553318
        ],
        [
          0.0,
          0.0,
          0.0,
          1.0
        ]
      ]
    },
    {
      "file_path": "/media/NFS/ttao/scannet/posed_images/scene0207_00/00410.jpg",
      "transform_matrix": [
        [
          0.743107,
          0.36751,
          -0.559221,
          3.982635
        ],
        [
          0.665819,
          -0.322511,
          0.672809,
          2.700814
        ],
        [
          0.066909,
          -0.872309,
          -0.484355,
          1.552511
        ],
        [
          0.0,
          0.0,
          0.0,
          1.0
        ]
      ]
    },
    {
      "file_path": "/media/NFS/ttao/scannet/posed_images/scene0207_00/00415.jpg",
      "transform_matrix": [
        [
          0.832254,
          0.307287,
          -0.46144,
          3.939715
        ],
        [
          0.552692,
          -0.394726,
          0.733977,
          2.735083
        ],
        [
          0.043399,
          -0.86589,
          -0.498348,
          1.558064
        ],
        [
          0.0,
          0.0,
          0.0,
          1.0
        ]
      ]
    },
    {
      "file_path": "/media/NFS/ttao/scannet/posed_images/scene0207_00/00427.jpg",
      "transform_matrix": [
        [
          0.962792,
          0.173746,
          -0.206985,
          3.886982
        ],
        [
          0.266496,
          -0.48336,
          0.833872,
          2.821268
        ],
        [
          0.044834,
          -0.858006,
          -0.511678,
          1.541739
        ],
        [
          0.0,
          0.0,
          0.0,
          1.0
        ]
      ]
    },
    {
      "file_path": "/media/NFS/ttao/scannet/posed_images/scene0207_00/00433.jpg",
      "transform_matrix": [
        [
          0.994084,
          0.096736,
          -0.049386,
          3.862612
        ],
        [
          0.090124,
          -0.480899,
          0.872132,
          2.871626
        ],
        [
          0.060617,
          -0.871423,
          -0.486772,
          1.547608
        ],
        [
          0.0,
          0.0,
          0.0,
          1.0
        ]
      ]
    },
    {
      "file_path": "/media/NFS/ttao/scannet/posed_images/scene0207_00/00441.jpg",
      "transform_matrix": [
        [
          0.994981,
          0.004946,
          0.099944,
          3.841477
        ],
        [
          -0.087782,
          -0.436333,
          0.895493,
          2.928962
        ],
        [
          0.048038,
          -0.899772,
          -0.433709,
          1.554961
        ],
        [
          0.0,
          0.0,
          0.0,
          1.0
        ]
      ]
    },
    {
      "file_path": "/media/NFS/ttao/scannet/posed_images/scene0207_00/00447.jpg",
      "transform_matrix": [
        [
          0.974838,
          -0.040689,
          0.219168,
          3.844673
        ],
        [
          -0.216872,
          -0.400468,
          0.890276,
          2.978336
        ],
        [
          0.051546,
          -0.915407,
          -0.399215,
          1.568108
        ],
        [
          0.0,
          0.0,
          0.0,
          1.0
        ]
      ]
    },
    {
      "file_path": "/media/NFS/ttao/scannet/posed_images/scene0207_00/00449.jpg",
      "transform_matrix": [
        [
          0.962897,
          -0.050213,
          0.265157,
          3.841765
        ],
        [
          -0.263747,
          -0.383198,
          0.88521,
          2.992593
        ],
        [
          0.057159,
          -0.9223,
          -0.382224,
          1.570925
        ],
        [
          0.0,
          0.0,
          0.0,
          1.0
        ]
      ]
    },
    {
      "file_path": "/media/NFS/ttao/scannet/posed_images/scene0207_00/00461.jpg",
      "transform_matrix": [
        [
          0.867071,
          -0.038188,
          0.496718,
          3.822031
        ],
        [
          -0.496227,
          -0.15449,
          0.854337,
          3.051145
        ],
        [
          0.044113,
          -0.987256,
          -0.152904,
          1.633778
        ],
        [
          0.0,
          0.0,
          0.0,
          1.0
        ]
      ]
    },
    {
      "file_path": "/media/NFS/ttao/scannet/posed_images/scene0207_00/00467.jpg",
      "transform_matrix": [
        [
          0.846956,
          -0.007401,
          0.531611,
          3.824542
        ],
        [
          -0.530874,
          -0.066223,
          0.844859,
          3.04033
        ],
        [
          0.028952,
          -0.997777,
          -0.060017,
          1.670856
        ],
        [
          0.0,
          0.0,
          0.0,
          1.0
        ]
      ]
    },
    {
      "file_path": "/media/NFS/ttao/scannet/posed_images/scene0207_00/00471.jpg",
      "transform_matrix": [
        [
          0.840217,
          0.019062,
          0.541916,
          3.829323
        ],
        [
          -0.541339,
          -0.028455,
          0.840323,
          3.029906
        ],
        [
          0.031439,
          -0.999413,
          -0.01359,
          1.700668
        ],
        [
          0.0,
          0.0,
          0.0,
          1.0
        ]
      ]
    },
    {
      "file_path": "/media/NFS/ttao/scannet/posed_images/scene0207_00/00481.jpg",
      "transform_matrix": [
        [
          0.830851,
          0.061344,
          0.553103,
          3.88462
        ],
        [
          -0.55598,
          0.048789,
          0.829763,
          2.949251
        ],
        [
          0.023915,
          -0.996924,
          0.074643,
          1.76437
        ],
        [
          0.0,
          0.0,
          0.0,
          1.0
        ]
      ]
    },
    {
      "file_path": "/media/NFS/ttao/scannet/posed_images/scene0207_00/00483.jpg",
      "transform_matrix": [
        [
          0.831739,
          0.045471,
          0.553301,
          3.899748
        ],
        [
          -0.555075,
          0.050006,
          0.830296,
          2.931409
        ],
        [
          0.010086,
          -0.997713,
          0.066831,
          1.77599
        ],
        [
          0.0,
          0.0,
          0.0,
          1.0
        ]
      ]
    },
    {
      "file_path": "/media/NFS/ttao/scannet/posed_images/scene0207_00/00493.jpg",
      "transform_matrix": [
        [
          0.818109,
          -0.041667,
          0.573552,
          3.961866
        ],
        [
          -0.574611,
          -0.019657,
          0.818191,
          2.850111
        ],
        [
          -0.022817,
          -0.998938,
          -0.040025,
          1.760149
        ],
        [
          0.0,
          0.0,
          0.0,
          1.0
        ]
      ]
    },
    {
      "file_path": "/media/NFS/ttao/scannet/posed_images/scene0207_00/00501.jpg",
      "transform_matrix": [
        [
          0.819486,
          -0.10723,
          0.562977,
          4.025324
        ],
        [
          -0.57231,
          -0.101594,
          0.81372,
          2.777401
        ],
        [
          -0.03006,
          -0.98903,
          -0.144624,
          1.726269
        ],
        [
          0.0,
          0.0,
          0.0,
          1.0
        ]
      ]
    },
    {
      "file_path": "/media/NFS/ttao/scannet/posed_images/scene0207_00/00503.jpg",
      "transform_matrix": [
        [
          0.815277,
          -0.122569,
          0.565951,
          4.043333
        ],
        [
          -0.578277,
          -0.121144,
          0.806796,
          2.76287
        ],
        [
          -0.030326,
          -0.985039,
          -0.169645,
          1.714418
        ],
        [
          0.0,
          0.0,
          0.0,
          1.0
        ]
      ]
    },
    {
      "file_path": "/media/NFS/ttao/scannet/posed_images/scene0207_00/00509.jpg",
      "transform_matrix": [
        [
          0.790111,
          -0.177255,
          0.586775,
          4.138936
        ],
        [
          -0.612485,
          -0.190487,
          0.767187,
          2.703019
        ],
        [
          -0.024215,
          -0.965554,
          -0.259072,
          1.689022
        ],
        [
