{
  "frames": [
    {
      "file_path": "/media/NFS/ttao/scannet/posed_images/scene0592_01/00002.jpg",
      "transform_matrix": [
        [
          -0.355554,
          0.290574,
          -0.88834,
          3.530086
        ],
        [
          0.932668,
          0.172253,
          -0.316952,
          6.40436
        ],
        [
          0.060921,
          -0.94122,
          -0.332254,
          1.590817
        ],
        [
          0.0,
          0.0,
          0.0,
          1.0
        ]
      ]
    },
    {
      "file_path": "/media/NFS/ttao/scannet/posed_images/scene0592_01/00007.jpg",
      "transform_matrix": [
        [
          -0.356155,
          0.263514,
          -0.896501,
          3.545626
        ],
        [
          0.930609,
          0.186675,
          -0.314834,
          6.386924
        ],
        [
          0.084391,
          -0.946421,
          -0.311714,
          1.603772
        ],
        [
          0.0,
          0.0,
          0.0,
          1.0
        ]
      ]
    },
    {
      "file_path": "/media/NFS/ttao/scannet/posed_images/scene0592_01/00019.jpg",
      "transform_matrix": [
        [
          -0.325821,
          0.22225,
          -0.918937,
          3.573385
        ],
        [
          0.941697,
          0.162595,
          -0.294566,
          6.348923
        ],
        [
          0.083947,
          -0.961336,
          -0.262269,
          1.636715
        ],
        [
          0.0,
          0.0,
          0.0,
          1.0
        ]
      ]
    },
    {
      "file_path": "/media/NFS/ttao/scannet/posed_images/scene0592_01/00021.jpg",
      "transform_matrix": [
        [
          -0.325826,
          0.203186,
          -0.923338,
          3.580102
        ],
        [
          0.941104,
          0.163022,
          -0.296221,
          6.345204
        ],
        [
          0.090337,
          -0.965473,
          -0.244336,
          1.631575
        ],
        [
          0.0,
          0.0,
          0.0,
          1.0
        ]
      ]
    },
    {
      "file_path": "/media/NFS/ttao/scannet/posed_images/scene0592_01/00033.jpg",
      "transform_matrix": [
        [
          -0.335631,
          0.140171,
          -0.931506,
          3.612218
        ],
        [
          0.937275,
          0.148541,
          -0.315358,
          6.312968
        ],
        [
          0.094163,
          -0.978922,
          -0.181234,
          1.658427
        ],
        [
          0.0,
          0.0,
          0.0,
          1.0
        ]
      ]
    },
    {
      "file_path": "/media/NFS/ttao/scannet/posed_images/scene0592_01/00043.jpg",
      "transform_matrix": [
        [
          -0.382563,
          0.102518,
          -0.918224,
          3.580685
        ],
        [
          0.9183,
          0.151734,
          -0.365653,
          6.308559
        ],
        [
          0.10184,
          -0.983091,
          -0.15219,
          1.690942
        ],
        [
          0.0,
          0.0,
          0.0,
          1.0
        ]
      ]
    },
    {
      "file_path": "/media/NFS/ttao/scannet/posed_images/scene0592_01/00052.jpg",
      "transform_matrix": [
        [
          -0.390878,
          0.038975,
          -0.919617,
          3.483497
        ],
        [
          0.915071,
          0.12424,
          -0.38368,
          6.334711
        ],
        [
          0.099299,
          -0.991486,
          -0.084227,
          1.719034
        ],
        [
          0.0,
          0.0,
          0.0,
          1.0
        ]
      ]
    },
    {
      "file_path": "/media/NFS/ttao/scannet/posed_images/scene0592_01/00060.jpg",
      "transform_matrix": [
        [
          -0.391486,
          0.038202,
          -0.91939,
          3.378517
        ],
        [
          0.913002,
          0.140716,
          -0.382919,
          6.342199
        ],
        [
          0.114744,
          -0.989313,
          -0.089967,
          1.714312
        ],
        [
          0.0,
          0.0,
          0.0,
          1.0
        ]
      ]
    },
    {
      "file_path": "/media/NFS/ttao/scannet/posed_images/scene0592_01/00062.jpg",
      "transform_matrix": [
        [
          -0.398653,
          0.036889,
          -0.916359,
          3.35767
        ],
        [
          0.910249,
          0.137834,
          -0.390447,
          6.349336
        ],
        [
          0.111902,
          -0.989768,
          -0.088526,
          1.702486
        ],
        [
          0.0,
          0.0,
          0.0,
          1.0
        ]
      ]
    },
    {
      "file_path": "/media/NFS/ttao/scannet/posed_images/scene0592_01/00076.jpg",
      "transform_matrix": [
        [
          -0.421224,
          0.164286,
          -0.891953,
          3.221385
        ],
        [
          0.903982,
          0.155636,
          -0.398239,
          6.313469
        ],
        [
          0.073394,
          -0.974057,
          -0.21407,
          1.663525
        ],
        [
          0.0,
          0.0,
          0.0,
          1.0
        ]
      ]
    },
    {
      "file_path": "/media/NFS/ttao/scannet/posed_images/scene0592_01/00079.jpg",
      "transform_matrix": [
        [
          -0.430641,
          0.185744,
          -0.883203,
          3.193772
        ],
        [
          0.8999,
          0.162929,
          -0.404517,
          6.289107
        ],
        [
          0.068763,
          -0.968996,
          -0.237315,
          1.657369
        ],
        [
          0.0,
          0.0,
          0.0,
          1.0
        ]
      ]
    },
    {
      "file_path": "/media/NFS/ttao/scannet/posed_images/scene0592_01/00091.jpg",
      "transform_matrix": [
        [
          -0.473996,
          0.209176,
          -0.855321,
          3.092091
        ],
        [
          0.877802,
          0.188614,
          -0.440328,
          6.157286
        ],
        [
          0.06922,
          -0.959516,
          -0.273017,
          1.603971
        ],
        [
          0.0,
          0.0,
          0.0,
          1.0
        ]
      ]
    },
    {
      "file_path": "/media/NFS/ttao/scannet/posed_images/scene0592_01/00098.jpg",
      "transform_matrix": [
        [
          -0.485564,
          0.204714,
          -0.849894,
          3.037639
        ],
        [
          0.870393,
          0.203861,
          -0.448172,
          6.125253
        ],
        [
          0.081513,
          -0.957357,
          -0.277169,
          1.59202
        ],
        [
          0.0,
          0.0,
          0.0,
          1.0
        ]
      ]
    },
    {
      "file_path": "/media/NFS/ttao/scannet/posed_images/scene0592_01/00107.jpg",
      "transform_matrix": [
        [
          -0.565639,
          0.226414,
          -0.792962,
          2.96217
        ],
        [
          0.821158,
          0.243077,
          -0.516346,
          6.108213
        ],
        [
          0.075843,
          -0.943213,
          -0.323415,
          1.569361
        ],
        [
          0.0,
          0.0,
          0.0,
          1.0
        ]
      ]
    },
    {
      "file_path": "/media/NFS/ttao/scannet/posed_images/scene0592_01/00110.jpg",
      "transform_matrix": [
        [
          -0.601829,
          0.204893,
          -0.771894,
          2.940441
        ],
        [
          0.794096,
          0.256314,
          -0.551103,
          6.102252
        ],
        [
          0.08493,
          -0.944628,
          -0.316962,
          1.562605
        ],
        [
          0.0,
          0.0,
          0.0,
          1.0
        ]
      ]
    },
    {
      "file_path": "/media/NFS/ttao/scannet/posed_images/scene0592_01/00122.jpg",
      "transform_matrix": [
        [
          -0.749472,
          0.161808,
          -0.641957,
          2.89592
        ],
        [
          0.657667,
          0.293178,
          -0.693917,
          6.108813
        ],
        [
          0.075927,
          -0.942266,
          -0.326144,
          1.527605
        ],
        [
          0.0,
          0.0,
          0.0,
          1.0
        ]
      ]
    },
    {
      "file_path": "/media/NFS/ttao/scannet/posed_images/scene0592_01/00129.jpg",
      "transform_matrix": [
        [
          -0.796292,
          0.169719,
          -0.580615,
          2.864428
        ],
        [
          0.601067,
          0.33005,
          -0.727864,
          6.080744
        ],
        [
          0.0681,
          -0.928581,
          -0.364829,
          1.535174
        ],
        [
          0.0,
          0.0,
          0.0,
          1.0
        ]
      ]
    },
    {
      "file_path": "/media/NFS/ttao/scannet/posed_images/scene0592_01/00136.jpg",
      "transform_matrix": [
        [
          -0.810519,
          0.135062,
          -0.569928,
          2.826998
        ],
        [
          0.576352,
          0.357182,
          -0.73501,
          6.051593
        ],
        [
          0.104296,
          -0.924218,
          -0.367346,
          1.506929
        ],
        [
          0.0,
          0.0,
          0.0,
          1.0
        ]
      ]
    },
    {
      "file_path": "/media/NFS/ttao/scannet/posed_images/scene0592_01/00145.jpg",
      "transform_matrix": [
        [
          -0.790309,
          0.1164,
          -0.60155,
          2.729519
        ],
        [
          0.600418,
          0.342787,
          -0.722492,
          5.957259
        ],
        [
          0.122106,
          -0.932174,
          -0.340797,
          1.557923
        ],
        [
          0.0,
          0.0,
          0.0,
          1.0
        ]
      ]
    },
    {
      "file_path": "/media/NFS/ttao/scannet/posed_images/scene0592_01/00150.jpg",
      "transform_matrix": [
        [
          -0.787506,
          0.11648,
          -0.605199,
          2.708451
        ],
        [
          0.603626,
          0.343948,
          -0.719261,
          5.916582
        ],
        [
          0.124377,
          -0.931736,
          -0.341172,
          1.541283
        ],
        [
          0.0,
          0.0,
          0.0,
          1.0
        ]
      ]
    },
    {
      "file_path": "/media/NFS/ttao/scannet/posed_images/scene0592_01/00157.jpg",
      "transform_matrix": [
        [
          -0.819056,
          0.147453,
          -0.554441,
          2.687215
        ],
        [
          0.567345,
          0.351771,
          -0.744565,
          5.874356
        ],
        [
          0.085249,
          -0.9244,
          -0.371777,
          1.532821
        ],
        [
          0.0,
          0.0,
          0.0,
          1.0
        ]
      ]
    },
    {
      "file_path": "/media/NFS/ttao/scannet/posed_images/scene0592_01/00167.jpg",
      "transform_matrix": [
        [
          -0.916771,
          0.063668,
          -0.394306,
          2.668973
        ],
        [
          0.389862,
          0.357246,
          -0.848754,
          5.860297
        ],
        [
          0.086826,
          -0.931838,
          -0.352335,
          1.540912
        ],
        [
          0.0,
          0.0,
          0.0,
          1.0
        ]
      ]
    },
    {
      "file_path": "/media/NFS/ttao/scannet/posed_images/scene0592_01/00176.jpg",
      "transform_matrix": [
        [
          -0.969398,
          -0.015343,
          -0.245013,
          2.636996
        ],
        [
          0.222843,
          0.363727,
          -0.904457,
          5.894455
        ],
        [
          0.102995,
          -0.931379,
          -0.349178,
          1.534019
        ],
        [
          0.0,
          0.0,
          0.0,
          1.0
        ]
      ]
    },
    {
      "file_path": "/media/NFS/ttao/scannet/posed_images/scene0592_01/00181.jpg",
      "transform_matrix": [
        [
          -0.987207,
          -0.024725,
          -0.157517,
          2.590428
        ],
        [
          0.139024,
          0.350251,
          -0.926281,
          5.919764
        ],
        [
          0.078072,
          -0.93633,
          -0.342333,
          1.529879
        ],
        [
          0.0,
          0.0,
          0.0,
          1.0
        ]
      ]
    },
    {
      "file_path": "/media/NFS/ttao/scannet/posed_images/scene0592_01/00188.jpg",
      "transform_matrix": [
        [
          -0.99617,
          -0.036722,
          -0.079356,
          2.596969
        ],
        [
          0.06165,
          0.348631,
          -0.93523,
          5.946552
        ],
        [
          0.06201,
          -0.936541,
          -0.345031,
          1.521724
        ],
        [
          0.0,
          0.0,
          0.0,
          1.0
        ]
      ]
    },
    {
      "file_path": "/media/NFS/ttao/scannet/posed_images/scene0592_01/00200.jpg",
      "transform_matrix": [
        [
          -0.993767,
          -0.08064,
          0.076973,
          2.584142
        ],
        [
          -0.101678,
          0.372545,
          -0.922427,
          5.971625
        ],
        [
          0.045708,
          -0.924504,
          -0.378422,
          1.513769
        ],
        [
          0.0,
          0.0,
          0.0,
          1.0
        ]
      ]
    },
    {
      "file_path": "/media/NFS/ttao/scannet/posed_images/scene0592_01/00210.jpg",
      "transform_matrix": [
        [
          -0.980171,
          -0.101146,
          0.170395,
          2.601889
        ],
        [
          -0.196388,
          0.381293,
          -0.903354,
          5.98259
        ],
        [
          0.0264,
          -0.918905,
          -0.393596,
          1.499293
        ],
        [
          0.0,
          0.0,
          0.0,
          1.0
        ]
      ]
    },
    {
      "file_path": "/media/NFS/ttao/scannet/posed_images/scene0592_01/00219.jpg",
      "transform_matrix": [
        [
          -0.952995,
          -0.159214,
          0.25778,
          2.63637
        ],
        [
          -0.30138,
          0.410683,
          -0.860528,
          6.004938
        ],
        [
          0.031142,
          -0.89777,
          -0.439363,
          1.479909
        ],
        [
          0.0,
          0.0,
          0.0,
          1.0
        ]
      ]
    },
    {
      "file_path": "/media/NFS/ttao/scannet/posed_images/scene0592_01/00222.jpg",
      "transform_matrix": [
        [
          -0.939438,
          -0.190569,
          0.284849,
          2.628642
        ],
        [
          -0.340054,
          0.414881,
          -0.843942,
          5.998289
        ],
        [
          0.042651,
          -0.889695,
          -0.454559,
          1.482944
        ],
        [
          0.0,
          0.0,
          0.0,
          1.0
        ]
      ]
    },
    {
      "file_path": "/media/NFS/ttao/scannet/posed_images/scene0592_01/00234.jpg",
      "transform_matrix": [
        [
          -0.891394,
          -0.263866,
          0.368499,
          2.677571
        ],
        [
          -0.449276,
          0.407288,
          -0.795152,
          6.030093
        ],
        [
          0.059728,
          -0.874352,
          -0.481603,
          1.470111
        ],
        [
          0.0,
          0.0,
          0.0,
          1.0
        ]
      ]
    },
    {
      "file_path": "/media/NFS/ttao/scannet/posed_images/scene0592_01/00243.jpg",
      "transform_matrix": [
        [
          -0.843939,
          -0.304971,
          0.441316,
          2.704736
        ],
        [
          -0.533092,
          0.385029,
          -0.75337,
          6.023104
        ],
        [
          0.059837,
          -0.87106,
          -0.487518,
          1.469597
        ],
        [
          0.0,
          0.0,
          0.0,
          1.0
        ]
      ]
    },
    {
      "file_path": "/media/NFS/ttao/scannet/posed_images/scene0592_01/00246.jpg",
      "transform_matrix": [
        [
          -0.833102,
          -0.312584,
          0.456324,
          2.723742
        ],
        [
          -0.549678,
          0.376002,
          -0.745974,
          6.01921
        ],
        [
          0.061601,
          -0.872304,
          -0.485069,
          1.470577
        ],
        [
          0.0,
          0.0,
          0.0,
          1.0
        ]
      ]
    },
    {
      "file_path": "/media/NFS/ttao/scannet/posed_images/scene0592_01/00255.jpg",
      "transform_matrix": [
        [
          -0.813513,
          -0.319749,
          0.485755,
          2.802087
        ],
        [
          -0.578555,
          0.36036,
          -0.731721,
          6.011318
        ],
        [
          0.05892,
          -0.8763,
          -0.47815,
          1.462794
        ],
        [
          0.0,
          0.0,
          0.0,
          1.0
        ]
      ]
    },
    {
      "file_path": "/media/NFS/ttao/scannet/posed_images/scene0592_01/00265.jpg",
      "transform_matrix": [
        [
          -0.816837,
          -0.324704,
          0.476807,
          2.909752
        ],
        [
          -0.571895,
          0.34751,
          -0.743083,
          5.981464
        ],
        [
          0.075587,
          -0.879661,
          -0.469556,
          1.480124
        ],
        [
          0.0,
          0.0,
          0.0,
          1.0
        ]
      ]
    },
    {
      "file_path": "/media/NFS/ttao/scannet/posed_images/scene0592_01/00274.jpg",
      "transform_matrix": [
        [
          -0.813269,
          -0.318402,
          0.487047,
          2.997375
        ],
        [
          -0.57407,
          0.30228,
          -0.760967,
          5.96165
        ],
        [
          0.095069,
          -0.89847,
          -0.42862,
          1.502735
        ],
        [
          0.0,
          0.0,
          0.0,
          1.0
        ]
      ]
    },
    {
      "file_path": "/media/NFS/ttao/scannet/posed_images/scene0592_01/00281.jpg",
      "transform_matrix": [
        [
          -0.797973,
          -0.325594,
          0.507177,
          3.060366
        ],
        [
          -0.591825,
          0.264216,
          -0.761534,
          5.932595
        ],
        [
          0.113946,
          -0.907843,
          -0.403531,
          1.513104
        ],
        [
          0.0,
          0.0,
          0.0,
          1.0
        ]
      ]
    },
    {
      "file_path": "/media/NFS/ttao/scannet/posed_images/scene0592_01/00286.jpg",
      "transform_matrix": [
        [
          -0.766766,
          -0.330528,
          0.550292,
          3.10919
        ],
        [
          -0.630202,
          0.224499,
          -0.743267,
          5.905654
        ],
        [
          0.122131,
          -0.916707,
          -0.380437,
          1.522523
        ],
        [
          0.0,
          0.0,
          0.0,
          1.0
        ]
      ]
    },
    {
      "file_path": "/media/NFS/ttao/scannet/posed_images/scene0592_01/00293.jpg",
      "transform_matrix": [
        [
          -0.703425,
          -0.308446,
          0.640354,
          3.190843
        ],
        [
          -0.703182,
          0.170719,
          -0.69021,
          5.868384
        ],
        [
          0.103572,
          -0.935797,
          -0.336982,
          1.548937
        ],
        [
          0.0,
          0.0,
          0.0,
          1.0
        ]
      ]
    },
    {
      "file_path": "/media/NFS/ttao/scannet/posed_images/scene0592_01/00305.jpg",
      "transform_matrix": [
        [
          -0.565815,
          -0.304471,
          0.766258,
          3.302837
        ],
        [
          -0.821705,
          0.131332,
          -0.554574,
          5.849218
        ],
        [
          0.068218,
          -0.943425,
          -0.324495,
          1.564674
        ],
        [
          0.0,
          0.0,
          0.0,
          1.0
        ]
      ]
    },
    {
      "file_path": "/media/NFS/ttao/scannet/posed_images/scene0592_01/00312.jpg",
      "transform_matrix": [
        [
          -0.503934,
          -0.33982,
          0.794086,
          3.355107
        ],
        [
          -0.861405,
          0.130142,
          -0.490963,
          5.872174
        ],
        [
          0.063495,
          -0.931443,
          -0.358305,
          1.558555
        ],
        [
          0.0,
          0.0,
          0.0,
          1.0
        ]
      ]
    },
    {
      "file_path": "/media/NFS/ttao/scannet/posed_images/scene0592_01/00317.jpg",
      "transform_matrix": [
        [
          -0.496559,
          -0.35195,
          0.793448,
          3.386918
        ],
        [
          -0.86482,
          0.122392,
          -0.486935,
          5.890219
        ],
        [
          0.074265,
          -0.927982,
          -0.365148,
          1.55624
        ],
        [
          0.0,
          0.0,
          0.0,
          1.0
        ]
      ]
    },
    {
      "file_path": "/media/NFS/ttao/scannet/posed_images/scene0592_01/00329.jpg",
      "transform_matrix": [
        [
          -0.425098,
          -0.3907,
          0.816483,
          3.439045
        ],
        [
          -0.902809,
          0.118227,
          -0.41347,
          5.967451
        ],
        [
          0.065013,
          -0.912894,
          -0.402986,
          1.54713
        ],
        [
          0.0,
          0.0,
          0.0,
          1.0
        ]
      ]
    },
    {
      "file_path": "/media/NFS/ttao/scannet/posed_images/scene0592_01/00339.jpg",
      "transform_matrix": [
        [
          -0.286482,
          -0.36245,
          0.886881,
          3.464003
        ],
        [
          -0.955909,
          0.045764,
          -0.290076,
          6.061636
        ],
        [
          0.064551,
          -0.930879,
          -0.35958,
          1.549129
        ],
        [
          0.0,
          0.0,
          0.0,
          1.0
        ]
      ]
    },
    {
      "file_path": "/media/NFS/ttao/scannet/posed_images/scene0592_01/00343.jpg",
      "transform_matrix": [
        [
          -0.217397,
          -0.368779,
          0.903737,
          3.482109
        ],
        [
          -0.973148,
          0.010136,
          -0.229958,
          6.092446
        ],
        [
          0.075644,
          -0.929462,
          -0.36108,
          1.544023
        ],
        [
          0.0,
          0.0,
          0.0,
          1.0
        ]
      ]
    },
    {
      "file_path": "/media/NFS/ttao/scannet/posed_images/scene0592_01/00353.jpg",
      "transform_matrix": [
        [
          -0.076763,
          -0.379828,
          0.921867,
          3.498359
        ],
        [
          -0.995403,
          -0.023923,
          -0.092743,
          6.143694
        ],
        [
          0.05728,
          -0.924748,
          -0.376245,
          1.520685
        ],
        [
          0.0,
          0.0,
          0.0,
          1.0
        ]
      ]
    },
    {
      "file_path": "/media/NFS/ttao/scannet/posed_images/scene0592_01/00355.jpg",
      "transform_matrix": [
        [
          -0.052559,
          -0.382047,
          0.922647,
          3.500818
        ],
        [
          -0.996605,
          -0.038576,
          -0.072745,
          6.154405
        ],
        [
          0.063384,
          -0.923337,
          -0.378723,
          1.516709
        ],
        [
          0.0,
          0.0,
          0.0,
          1.0
        ]
      ]
    },
    {
      "file_path": "/media/NFS/ttao/scannet/posed_images/scene0592_01/00370.jpg",
      "transform_matrix": [
        [
          0.138655,
          -0.337404,
          0.931093,
          3.53876
        ],
        [
          -0.98976,
          -0.079396,
          0.118621,
          6.279245
        ],
        [
          0.033902,
          -0.938006,
          -0.344958,
          1.52824
        ],
        [
          0.0,
          0.0,
          0.0,
          1.0
        ]
      ]
    },
    {
      "file_path": "/media/NFS/ttao/scannet/posed_images/scene0592_01/00377.jpg",
      "transform_matrix": [
        [
          0.224584,
          -0.333379,
          0.915653,
          3.545816
        ],
        [
          -0.974139,
          -0.100735,
          0.202252,
          6.292807
        ],
        [
          0.024812,
          -0.937396,
          -0.347381,
          1.529496
        ],
        [
          0.0,
          0.0,
          0.0,
          1.0
        ]
      ]
    },
    {
      "file_path": "/media/NFS/ttao/scannet/posed_images/scene0592_01/00382.jpg",
      "transform_matrix": [
        [
          0.266393,
          -0.309618,
          0.912783,
          3.53654
        ],
        [
          -0.963285,
          -0.118375,
          0.240978,
          6.313259
        ],
        [
          0.03344,
          -0.943464,
          -0.329784,
          1.533258
        ],
        [
          0.0,
          0.0,
          0.0,
          1.0
        ]
      ]
    },
    {
      "file_path": "/media/NFS/ttao/scannet/posed_images/scene0592_01/00394.jpg",
      "transform_matrix": [
        [
          0.39913,
          -0.256855,
          0.880182,
          3.537513
        ],
        [
          -0.916422,
          -0.142555,
          0.373963,
          6.361246
        ],
        [
          0.02942,
          -0.955879,
          -0.292285,
          1.547298
        ],
        [
          0.0,
          0.0,
          0.0,
          1.0
        ]
      ]
    },
    {
      "file_path": "/media/NFS/ttao/scannet/posed_images/scene0592_01/00398.jpg",
      "transform_matrix": [
        [
          0.455553,
          -0.242151,
          0.856641,
          3.537109
        ],
        [
          -0.889465,
          -0.163156,
          0.426888,
          6.3805
        ],
        [
          0.036395,
          -0.956422,
          -0.289711,
          1.560581
        ],
        [
          0.0,
          0.0,
          0.0,
          1.0
        ]
      ]
    },
    {
      "file_path": "/media/NFS/ttao/scannet/posed_images/scene0592_01/00403.jpg",
      "transform_matrix": [
        [
          0.522084,
          -0.204922,
          0.82791,
          3.529758
        ],
        [
          -0.851534,
          -0.180031,
          0.492421,
          6.411766
        ],
        [
          0.048142,
          -0.962079,
          -0.268489,
          1.572502
        ],
        [
          0.0,
          0.0,
          0.0,
          1.0
        ]
      ]
    },
    {
      "file_path": "/media/NFS/ttao/scannet/posed_images/scene0592_01/00417.jpg",
      "transform_matrix": [
        [
          0.713569,
          -0.103911,
          0.692836,
          3.508131
        ],
        [
          -0.700052,
          -0.144347,
          0.699351,
          6.4473
        ],
        [
          0.027338,
          -0.984056,
          -0.175744,
          1.605113
        ],
        [
          0.0,
          0.0,
          0.0,
          1.0
        ]
      ]
    },
    {
      "file_path": "/media/NFS/ttao/scannet/posed_images/scene0592_01/00425.jpg",
      "transform_matrix": [
        [
          0.792978,
          -0.079062,
          0.604099,
          3.487202
        ],
        [
          -0.60922,
          -0.092811,
          0.787552,
          6.467746
        ],
        [
          -0.006198,
          -0.99254,
          -0.121763,
          1.62355
        ],
        [
          0.0,
          0.0,
          0.0,
          1.0
        ]
      ]
    },
    {
      "file_path": "/media/NFS/ttao/scannet/posed_images/scene0592_01/00434.jpg",
      "transform_matrix": [
        [
          0.848228,
          -0.082983,
          0.523089,
          3.41986
        ],
        [
          -0.528417,
          -0.065782,
          0.846433,
          6.513691
        ],
        [
          -0.03583,
          -0.994377,
          -0.099648,
          1.653057
        ],
        [
          0.0,
          0.0,
          0.0,
          1.0
        ]
      ]
    },
    {
      "file_path": "/media/NFS/ttao/scannet/posed_images/scene0592_01/00436.jpg",
      "transform_matrix": [
        [
          0.86066,
          -0.081731,
          0.502578,
          3.415573
        ],
        [
          -0.507949,
          -0.069212,
          0.858602,
          6.528324
        ],
        [
          -0.03539,
          -0.994248,
          -0.101083,
          1.666079
        ],
        [
          0.0,
          0.0,
          0.0,
          1.0
        ]
      ]
    },
    {
      "file_path": "/media/NFS/ttao/scannet/posed_images/scene0592_01/00446.jpg",
      "transform_matrix": [
        [
          0.908581,
          -0.057639,
          0.413712,
          3.351657
        ],
        [
          -0.417094,
          -0.071515,
          0.906045,
          6.576484
        ],
        [
          -0.022637,
          -0.995773,
          -0.089018,
          1.667616
        ],
        [
          0.0,
          0.0,
          0.0,
          1.0
        ]
      ]
    },
    {
      "file_path": "/media/NFS/ttao/scannet/posed_images/scene0592_01/00451.jpg",
      "transform_matrix": [
        [
          0.925363,
          -0.048192,
          0.376007,
          3.334905
        ],
        [
          -0.378607,
          -0.067809,
          0.92307,
          6.58967
        ],
        [
          -0.018988,
          -0.996534,
          -0.080994,
          1.647092
        ],
        [
          0.0,
          0.0,
          0.0,
          1.0
        ]
      ]
    },
    {
      "file_path": "/media/NFS/ttao/scannet/posed_images/scene0592_01/00465.jpg",
      "transform_matrix": [
        [
          0.960026,
          0.005874,
          0.279847,
          3.32593
        ],
        [
          -0.279417,
          -0.039143,
          0.959372,
          6.605022
        ],
        [
          0.01659,
          -0.999216,
          -0.035937,
          1.656479
        ],
        [
          0.0,
          0.0,
          0.0,
          1.0
        ]
      ]
    },
    {
      "file_path": "/media/NFS/ttao/scannet/posed_images/scene0592_01/00470.jpg",
      "transform_matrix": [
        [
          0.956204,
          0.036993,
          0.290354,
          3.307797
        ],
        [
          -0.289875,
          -0.017832,
          0.956898,
          6.608755
        ],
        [
          0.040576,
          -0.999157,
          -0.006328,
          1.68865
        ],
        [
          0.0,
          0.0,
          0.0,
          1.0
        ]
      ]
    },
    {
      "file_path": "/media/NFS/ttao/scannet/posed_images/scene0592_01/00479.jpg",
      "transform_matrix": [
        [
          0.935437,
          0.11358,
          0.33475,
          3.335146
        ],
        [
          -0.335175,
          -0.015907,
          0.942022,
          6.598473
        ],
        [
          0.11232,
          -0.993402,
          0.023189,
          1.761328
        ],
        [
          0.0,
          0.0,
          0.0,
          1.0
        ]
      ]
    },
    {
      "file_path": "/media/NFS/ttao/scannet/posed_images/scene0592_01/00489.jpg",
      "transform_matrix": [
        [
          0.90055,
          0.166017,
          0.401805,
          3.354987
        ],
        [
          -0.404947,
          -0.01599,
          0.9142,
          6.594108
        ],
        [
          0.158198,
          -0.985993,
          0.052828,
          1.822072
        ],
        [
          0.0,
          0.0,
          0.0,
          1.0
        ]
      ]
    },
    {
      "file_path": "/media/NFS/ttao/scannet/posed_images/scene0592_01/00491.jpg",
      "transform_matrix": [
        [
          0.899117,
          0.172524,
          0.402272,
          3.367661
        ],
        [
          -0.406806,
          -0.009819,
          0.913462,
          6.596163
        ],
        [
          0.161544,
          -0.984957,
          0.061355,
          1.796126
        ],
        [
          0.0,
          0.0,
          0.0,
          1.0
        ]
      ]
    },
    {
      "file_path": "/media/NFS/ttao/scannet/posed_images/scene0592_01/00498.jpg",
      "transform_matrix": [
        [
          0.884328,
          0.207171,
          0.418382,
          3.377812
        ],
        [
          -0.424129,
          -0.018068,
          0.905422,
          6.587821
        ],
        [
          0.195137,
          -0.978138,
          0.071889,
          1.81883
        ],
        [
          0.0,
          0.0,
          0.0,
          1.0
        ]
      ]
    },
    {
      "file_path": "/media/NFS/ttao/scannet/posed_images/scene0592_01/00508.jpg",
      "transform_matrix": [
        [
          0.84485,
          0.216454,
          0.489261,
          3.417866
        ],
        [
          -0.490023,
          -0.053957,
          0.870038,
          6.572704
        ],
        [
          0.214722,
          -0.974801,
          0.060482,
          1.895023
        ],
        [
          0.0,
          0.0,
          0.0,
          1.0
        ]
      ]
    },
    {
      "file_path": "/media/NFS/ttao/scannet/posed_images/scene0592_01/00518.jpg",
      "transform_matrix": [
        [
          0.764396,
          0.224772,
          0.604298,
          3.439582
        ],
        [
          -0.597667,
          -0.104557,
          0.794898,
          6.547628
        ],
        [
          0.241854,
          -0.968786,
          0.054415,
          1.879371
        ],
        [
          0.0,
          0.0,
          0.0,
          1.0
        ]
      ]
    },
    {
      "file_path": "/media/NFS/ttao/scannet/posed_images/scene0592_01/00522.jpg",
      "transform_matrix": [
        [
          0.731533,
          0.223782,
          0.644035,
          3.43734
        ],
        [
          -0.633076,
          -0.127754,
          0.763475,
          6.524761
        ],
        [
          0.25313,
          -0.96623,
          0.048215,
          1.89547
        ],
        [
          0.0,
          0.0,
          0.0,
          1.0
        ]
      ]
    },
    {
      "file_path": "/media/NFS/ttao/scannet/posed_images/scene0592_01/00532.jpg",
      "transform_matrix": [
        [
          -Infinity,
          -Infinity,
          -Infinity,
          -Infinity
        ],
        [
          -Infinity,
          -Infinity,
          -Infinity,
          -Infinity
        ],
        [
          -Infinity,
          -Infinity,
          -Infinity,
          -Infinity
        ],
        [
          -Infinity,
          -Infinity,
          -Infinity,
          -Infinity
        ]
      ]
    },
    {
      "file_path": "/media/NFS/ttao/scannet/posed_images/scene0592_01/00544.jpg",
      "transform_matrix": [
        [
          -Infinity,
          -Infinity,
          -Infinity,
          -Infinity
        ],
        [
          -Infinity,
          -Infinity,
          -Infinity,
          -Infinity
        ],
        [
          -Infinity,
          -Infinity,
          -Infinity,
          -Infinity
        ],
        [
          -Infinity,
          -Infinity,
          -Infinity,
          -Infinity
        ]
      ]
    },
    {
      "file_path": "/media/NFS/ttao/scannet/posed_images/scene0592_01/00549.jpg",
      "transform_matrix": [
        [
          -Infinity,
          -Infinity,
          -Infinity,
          -Infinity
        ],
        [
          -Infinity,
          -Infinity,
          -Infinity,
          -Infinity
        ],
        [
          -Infinity,
          -Infinity,
          -Infinity,
          -Infinity
        ],
        [
          -Infinity,
          -Infinity,
          -Infinity,
          -Infinity
        ]
      ]
    },
    {
      "file_path": "/media/NFS/ttao/scannet/posed_images/scene0592_01/00558.jpg",
      "transform_matrix": [
        [
          -Infinity,
          -Infinity,
          -Infinity,
          -Infinity
        ],
        [
          -Infinity,
          -Infinity,
          -Infinity,
          -Infinity
        ],
        [
          -Infinity,
          -Infinity,
          -Infinity,
          -Infinity
        ],
        [
          -Infinity,
          -Infinity,
          -Infinity,
          -Infinity
        ]
      ]
    },
    {
      "file_path": "/media/NFS/ttao/scannet/posed_images/scene0592_01/00568.jpg",
      "transform_matrix": [
        [
          -Infinity,
          -Infinity,
          -Infinity,
          -Infinity
        ],
        [
          -Infinity,
          -Infinity,
          -Infinity,
          -Infinity
        ],
        [
          -Infinity,
          -Infinity,
          -Infinity,
          -Infinity
        ],
        [
          -Infinity,
          -Infinity,
          -Infinity,
          -Infinity
        ]
      ]
    },
    {
      "file_path": "/media/NFS/ttao/scannet/posed_images/scene0592_01/00575.jpg",
      "transform_matrix": [
        [
          -Infinity,
          -Infinity,
          -Infinity,
          -Infinity
        ],
        [
          -Infinity,
          -Infinity,
          -Infinity,
          -Infinity
        ],
        [
          -Infinity,
          -Infinity,
          -Infinity,
          -Infinity
        ],
        [
          -Infinity,
          -Infinity,
          -Infinity,
          -Infinity
        ]
      ]
    },
    {
      "file_path": "/media/NFS/ttao/scannet/posed_images/scene0592_01/00580.jpg",
      "transform_matrix": [
        [
          0.410814,
          -0.172143,
          0.89532,
          3.548233
        ],
        [
          -0.909141,
          -0.151145,
          0.388095,
          6.290874
        ],
        [
          0.068515,
          -0.973407,
          -0.218595,
          1.699049
        ],
        [
          0.0,
          0.0,
          0.0,
          1.0
        ]
      ]
    },
    {
      "file_path": "/media/NFS/ttao/scannet/posed_images/scene0592_01/00591.jpg",
      "transform_matrix": [
        [
          0.300455,
          -0.311344,
          0.90155,
          3.521021
        ],
        [
          -0.953128,
          -0.133391,
          0.271579,
          6.218312
        ],
        [
          0.035704,
          -0.940889,
          -0.336828,
          1.639937
        ],
        [
          0.0,
          0.0,
          0.0,
          1.0
        ]
      ]
    },
    {
      "file_path": "/media/NFS/ttao/scannet/posed_images/scene0592_01/00594.jpg",
      "transform_matrix": [
        [
          0.257462,
          -0.3411,
          0.904082,
          3.504716
        ],
        [
          -0.96596,
          -0.115246,
          0.231603,
          6.199691
        ],
        [
          0.025192,
          -0.932936,
          -0.359161,
          1.626101
        ],
        [
          0.0,
          0.0,
          0.0,
          1.0
        ]
      ]
    },
    {
      "file_path": "/media/NFS/ttao/scannet/posed_images/scene0592_01/00608.jpg",
      "transform_matrix": [
        [
          0.078864,
          -0.458231,
          0.885327,
          3.452975
        ],
        [
          -0.996513,
          -0.060526,
          0.057441,
          6.091911
        ],
        [
          0.027264,
          -0.88677,
          -0.461407,
          1.574371
        ],
        [
          0.0,
          0.0,
          0.0,
          1.0
        ]
      ]
    },
    {
      "file_path": "/media/NFS/ttao/scannet/posed_images/scene0592_01/00611.jpg",
      "transform_matrix": [
        [
          0.050011,
          -0.476985,
          0.877488,
          3.442346
        ],
        [
