{
  "frames": [
    {
      "file_path": "/media/NFS/ttao/scannet/posed_images/scene0396_02/00000.jpg",
      "transform_matrix": [
        [
          -0.744073,
          0.421919,
          -0.518016,
          2.144969
        ],
        [
          0.667339,
          0.432403,
          -0.606372,
          3.297958
        ],
        [
          -0.031848,
          -0.796877,
          -0.603302,
          1.299538
        ],
        [
          0.0,
          0.0,
          0.0,
          1.0
        ]
      ]
    },
    {
      "file_path": "/media/NFS/ttao/scannet/posed_images/scene0396_02/00005.jpg",
      "transform_matrix": [
        [
          -0.702836,
          0.437312,
          -0.561053,
          2.187045
        ],
        [
          0.711351,
          0.433672,
          -0.55309,
          3.320782
        ],
        [
          0.00144,
          -0.787837,
          -0.615882,
          1.293783
        ],
        [
          0.0,
          0.0,
          0.0,
          1.0
        ]
      ]
    },
    {
      "file_path": "/media/NFS/ttao/scannet/posed_images/scene0396_02/00012.jpg",
      "transform_matrix": [
        [
          -0.642609,
          0.480521,
          -0.596785,
          2.234249
        ],
        [
          0.765978,
          0.421399,
          -0.48549,
          3.369157
        ],
        [
          0.018196,
          -0.769105,
          -0.638864,
          1.259917
        ],
        [
          0.0,
          0.0,
          0.0,
          1.0
        ]
      ]
    },
    {
      "file_path": "/media/NFS/ttao/scannet/posed_images/scene0396_02/00015.jpg",
      "transform_matrix": [
        [
          -0.617886,
          0.514148,
          -0.594868,
          2.245211
        ],
        [
          0.785754,
          0.431105,
          -0.443552,
          3.400006
        ],
        [
          0.028399,
          -0.741485,
          -0.670368,
          1.255108
        ],
        [
          0.0,
          0.0,
          0.0,
          1.0
        ]
      ]
    },
    {
      "file_path": "/media/NFS/ttao/scannet/posed_images/scene0396_02/00023.jpg",
      "transform_matrix": [
        [
          -0.566274,
          0.539793,
          -0.622861,
          2.278853
        ],
        [
          0.823683,
          0.397807,
          -0.404098,
          3.491313
        ],
        [
          0.029649,
          -0.741871,
          -0.669887,
          1.258617
        ],
        [
          0.0,
          0.0,
          0.0,
          1.0
        ]
      ]
    },
    {
      "file_path": "/media/NFS/ttao/scannet/posed_images/scene0396_02/00024.jpg",
      "transform_matrix": [
        [
          -0.562727,
          0.54443,
          -0.62204,
          2.279357
        ],
        [
          0.826201,
          0.395005,
          -0.4017,
          3.499214
        ],
        [
          0.027012,
          -0.739978,
          -0.672089,
          1.263038
        ],
        [
          0.0,
          0.0,
          0.0,
          1.0
        ]
      ]
    },
    {
      "file_path": "/media/NFS/ttao/scannet/posed_images/scene0396_02/00032.jpg",
      "transform_matrix": [
        [
          -0.559783,
          0.537364,
          -0.630779,
          2.286689
        ],
        [
          0.828594,
          0.355042,
          -0.432871,
          3.526096
        ],
        [
          -0.008656,
          -0.764974,
          -0.644003,
          1.272714
        ],
        [
          0.0,
          0.0,
          0.0,
          1.0
        ]
      ]
    },
    {
      "file_path": "/media/NFS/ttao/scannet/posed_images/scene0396_02/00035.jpg",
      "transform_matrix": [
        [
          -0.557759,
          0.545109,
          -0.625908,
          2.268433
        ],
        [
          0.82963,
          0.343539,
          -0.440108,
          3.527814
        ],
        [
          -0.024883,
          -0.764746,
          -0.643851,
          1.270494
        ],
        [
          0.0,
          0.0,
          0.0,
          1.0
        ]
      ]
    },
    {
      "file_path": "/media/NFS/ttao/scannet/posed_images/scene0396_02/00042.jpg",
      "transform_matrix": [
        [
          -0.530698,
          0.549644,
          -0.645175,
          2.177817
        ],
        [
          0.847103,
          0.318949,
          -0.425074,
          3.524306
        ],
        [
          -0.027861,
          -0.772116,
          -0.634871,
          1.273919
        ],
        [
          0.0,
          0.0,
          0.0,
          1.0
        ]
      ]
    },
    {
      "file_path": "/media/NFS/ttao/scannet/posed_images/scene0396_02/00045.jpg",
      "transform_matrix": [
        [
          -0.534831,
          0.537011,
          -0.652361,
          2.140437
        ],
        [
          0.844865,
          0.328338,
          -0.422371,
          3.512931
        ],
        [
          -0.012623,
          -0.777054,
          -0.629307,
          1.272569
        ],
        [
          0.0,
          0.0,
          0.0,
          1.0
        ]
      ]
    },
    {
      "file_path": "/media/NFS/ttao/scannet/posed_images/scene0396_02/00053.jpg",
      "transform_matrix": [
        [
          -0.573687,
          0.51368,
          -0.637979,
          2.03709
        ],
        [
          0.819064,
          0.355705,
          -0.45012,
          3.491597
        ],
        [
          -0.004285,
          -0.780773,
          -0.6248,
          1.279703
        ],
        [
          0.0,
          0.0,
          0.0,
          1.0
        ]
      ]
    },
    {
      "file_path": "/media/NFS/ttao/scannet/posed_images/scene0396_02/00056.jpg",
      "transform_matrix": [
        [
          -0.569775,
          0.523397,
          -0.63357,
          2.005395
        ],
        [
          0.821782,
          0.357634,
          -0.443591,
          3.489498
        ],
        [
          -0.005588,
          -0.773403,
          -0.63389,
          1.278391
        ],
        [
          0.0,
          0.0,
          0.0,
          1.0
        ]
      ]
    },
    {
      "file_path": "/media/NFS/ttao/scannet/posed_images/scene0396_02/00059.jpg",
      "transform_matrix": [
        [
          -0.5688,
          0.52438,
          -0.633634,
          1.977309
        ],
        [
          0.822476,
          0.363041,
          -0.437875,
          3.489558
        ],
        [
          0.000422,
          -0.770212,
          -0.637787,
          1.277854
        ],
        [
          0.0,
          0.0,
          0.0,
          1.0
        ]
      ]
    },
    {
      "file_path": "/media/NFS/ttao/scannet/posed_images/scene0396_02/00065.jpg",
      "transform_matrix": [
        [
          -0.57019,
          0.539099,
          -0.619884,
          1.906338
        ],
        [
          0.821506,
          0.371065,
          -0.432942,
          3.50923
        ],
        [
          -0.003381,
          -0.756098,
          -0.65445,
          1.28128
        ],
        [
          0.0,
          0.0,
          0.0,
          1.0
        ]
      ]
    },
    {
      "file_path": "/media/NFS/ttao/scannet/posed_images/scene0396_02/00069.jpg",
      "transform_matrix": [
        [
          -0.577419,
          0.539791,
          -0.612546,
          1.851225
        ],
        [
          0.816388,
          0.372613,
          -0.441215,
          3.536152
        ],
        [
          -0.009921,
          -0.754841,
          -0.655833,
          1.289757
        ],
        [
          0.0,
          0.0,
          0.0,
          1.0
        ]
      ]
    },
    {
      "file_path": "/media/NFS/ttao/scannet/posed_images/scene0396_02/00078.jpg",
      "transform_matrix": [
        [
          -0.576261,
          0.517806,
          -0.632297,
          1.713215
        ],
        [
          0.81723,
          0.357818,
          -0.451777,
          3.608193
        ],
        [
          -0.007685,
          -0.777073,
          -0.629363,
          1.32632
        ],
        [
          0.0,
          0.0,
          0.0,
          1.0
        ]
      ]
    },
    {
      "file_path": "/media/NFS/ttao/scannet/posed_images/scene0396_02/00083.jpg",
      "transform_matrix": [
        [
          -0.569894,
          0.500307,
          -0.651854,
          1.659835
        ],
        [
          0.821597,
          0.333267,
          -0.462507,
          3.636239
        ],
        [
          -0.014154,
          -0.799141,
          -0.600977,
          1.342243
        ],
        [
          0.0,
          0.0,
          0.0,
          1.0
        ]
      ]
    },
    {
      "file_path": "/media/NFS/ttao/scannet/posed_images/scene0396_02/00087.jpg",
      "transform_matrix": [
        [
          -0.560433,
          0.495369,
          -0.66372,
          1.62656
        ],
        [
          0.827844,
          0.311578,
          -0.466469,
          3.648609
        ],
        [
          -0.024273,
          -0.810882,
          -0.584706,
          1.355267
        ],
        [
          0.0,
          0.0,
          0.0,
          1.0
        ]
      ]
    },
    {
      "file_path": "/media/NFS/ttao/scannet/posed_images/scene0396_02/00090.jpg",
      "transform_matrix": [
        [
          -0.549348,
          0.491616,
          -0.67567,
          1.620427
        ],
        [
          0.835093,
          0.295021,
          -0.464309,
          3.651751
        ],
        [
          -0.028925,
          -0.819314,
          -0.572614,
          1.35523
        ],
        [
          0.0,
          0.0,
          0.0,
          1.0
        ]
      ]
    },
    {
      "file_path": "/media/NFS/ttao/scannet/posed_images/scene0396_02/00095.jpg",
      "transform_matrix": [
        [
          -0.534286,
          0.473785,
          -0.700047,
          1.621088
        ],
        [
          0.844719,
          0.268466,
          -0.463007,
          3.644072
        ],
        [
          -0.031427,
          -0.838722,
          -0.543653,
          1.370004
        ],
        [
          0.0,
          0.0,
          0.0,
          1.0
        ]
      ]
    },
    {
      "file_path": "/media/NFS/ttao/scannet/posed_images/scene0396_02/00099.jpg",
      "transform_matrix": [
        [
          -0.527565,
          0.448314,
          -0.721588,
          1.642069
        ],
        [
          0.849177,
          0.25435,
          -0.462822,
          3.62696
        ],
        [
          -0.023954,
          -0.856925,
          -0.514884,
          1.383161
        ],
        [
          0.0,
          0.0,
          0.0,
          1.0
        ]
      ]
    },
    {
      "file_path": "/media/NFS/ttao/scannet/posed_images/scene0396_02/00108.jpg",
      "transform_matrix": [
        [
          -0.464439,
          0.419398,
          -0.780001,
          1.725732
        ],
        [
          0.885471,
          0.204545,
          -0.417257,
          3.571027
        ],
        [
          -0.015451,
          -0.884458,
          -0.466363,
          1.397579
        ],
        [
          0.0,
          0.0,
          0.0,
          1.0
        ]
      ]
    },
    {
      "file_path": "/media/NFS/ttao/scannet/posed_images/scene0396_02/00113.jpg",
      "transform_matrix": [
        [
          -0.424789,
          0.439113,
          -0.791666,
          1.766765
        ],
        [
          0.905119,
          0.188866,
          -0.380907,
          3.540056
        ],
        [
          -0.017743,
          -0.878356,
          -0.477677,
          1.394351
        ],
        [
          0.0,
          0.0,
          0.0,
          1.0
        ]
      ]
    },
    {
      "file_path": "/media/NFS/ttao/scannet/posed_images/scene0396_02/00114.jpg",
      "transform_matrix": [
        [
          -0.413678,
          0.43483,
          -0.799871,
          1.781578
        ],
        [
          0.910264,
          0.181094,
          -0.372324,
          3.531345
        ],
        [
          -0.017045,
          -0.882116,
          -0.470725,
          1.398794
        ],
        [
          0.0,
          0.0,
          0.0,
          1.0
        ]
      ]
    },
    {
      "file_path": "/media/NFS/ttao/scannet/posed_images/scene0396_02/00119.jpg",
      "transform_matrix": [
        [
          -0.399133,
          0.406539,
          -0.821839,
          1.805825
        ],
        [
          0.916722,
          0.159613,
          -0.366257,
          3.525481
        ],
        [
          -0.017722,
          -0.899583,
          -0.43639,
          1.41844
        ],
        [
          0.0,
          0.0,
          0.0,
          1.0
        ]
      ]
    },
    {
      "file_path": "/media/NFS/ttao/scannet/posed_images/scene0396_02/00128.jpg",
      "transform_matrix": [
        [
          -0.423235,
          0.339021,
          -0.840201,
          1.817855
        ],
        [
          0.905809,
          0.138298,
          -0.40048,
          3.545794
        ],
        [
          -0.019573,
          -0.930558,
          -0.365621,
          1.450556
        ],
        [
          0.0,
          0.0,
          0.0,
          1.0
        ]
      ]
    },
    {
      "file_path": "/media/NFS/ttao/scannet/posed_images/scene0396_02/00129.jpg",
      "transform_matrix": [
        [
          -0.423231,
          0.334933,
          -0.841841,
          1.815929
        ],
        [
          0.905801,
          0.135873,
          -0.401328,
          3.549461
        ],
        [
          -0.020035,
          -0.932394,
          -0.360887,
          1.453891
        ],
        [
          0.0,
          0.0,
          0.0,
          1.0
        ]
      ]
    },
    {
      "file_path": "/media/NFS/ttao/scannet/posed_images/scene0396_02/00137.jpg",
      "transform_matrix": [
        [
          -0.433341,
          0.270319,
          -0.859734,
          1.789992
        ],
        [
          0.900995,
          0.108149,
          -0.420134,
          3.600422
        ],
        [
          -0.02059,
          -0.956677,
          -0.290422,
          1.49456
        ],
        [
          0.0,
          0.0,
          0.0,
          1.0
        ]
      ]
    },
    {
      "file_path": "/media/NFS/ttao/scannet/posed_images/scene0396_02/00140.jpg",
      "transform_matrix": [
        [
          -0.443926,
          0.24374,
          -0.862276,
          1.779697
        ],
        [
          0.895831,
          0.098837,
          -0.433263,
          3.618212
        ],
        [
          -0.020379,
          -0.964791,
          -0.262226,
          1.50592
        ],
        [
          0.0,
          0.0,
          0.0,
          1.0
        ]
      ]
    },
    {
      "file_path": "/media/NFS/ttao/scannet/posed_images/scene0396_02/00144.jpg",
      "transform_matrix": [
        [
          -0.468859,
          0.174057,
          -0.865953,
          1.77514
        ],
        [
          0.883069,
          0.071323,
          -0.46379,
          3.640824
        ],
        [
          -0.018963,
          -0.982149,
          -0.187145,
          1.534809
        ],
        [
          0.0,
          0.0,
          0.0,
          1.0
        ]
      ]
    },
    {
      "file_path": "/media/NFS/ttao/scannet/posed_images/scene0396_02/00153.jpg",
      "transform_matrix": [
        [
          -0.501046,
          0.161464,
          -0.850225,
          1.786771
        ],
        [
          0.865284,
          0.076024,
          -0.495483,
          3.646471
        ],
        [
          -0.015366,
          -0.983946,
          -0.177804,
          1.536335
        ],
        [
          0.0,
          0.0,
          0.0,
          1.0
        ]
      ]
    },
    {
      "file_path": "/media/NFS/ttao/scannet/posed_images/scene0396_02/00158.jpg",
      "transform_matrix": [
        [
          -0.507223,
          0.167686,
          -0.845344,
          1.793004
        ],
        [
          0.861287,
          0.064303,
          -0.504033,
          3.648923
        ],
        [
          -0.030161,
          -0.983741,
          -0.177042,
          1.539289
        ],
        [
          0.0,
          0.0,
          0.0,
          1.0
        ]
      ]
    },
    {
      "file_path": "/media/NFS/ttao/scannet/posed_images/scene0396_02/00159.jpg",
      "transform_matrix": [
        [
          -0.508646,
          0.16852,
          -0.844322,
          1.794226
        ],
        [
          0.860326,
          0.061375,
          -0.506037,
          3.650316
        ],
        [
          -0.033457,
          -0.983786,
          -0.1762,
          1.543312
        ],
        [
          0.0,
          0.0,
          0.0,
          1.0
        ]
      ]
    },
    {
      "file_path": "/media/NFS/ttao/scannet/posed_images/scene0396_02/00168.jpg",
      "transform_matrix": [
        [
          -0.528947,
          0.113547,
          -0.841024,
          1.814914
        ],
        [
          0.848617,
          0.061424,
          -0.525429,
          3.656734
        ],
        [
          -0.008001,
          -0.991632,
          -0.128848,
          1.552019
        ],
        [
          0.0,
          0.0,
          0.0,
          1.0
        ]
      ]
    },
    {
      "file_path": "/media/NFS/ttao/scannet/posed_images/scene0396_02/00173.jpg",
      "transform_matrix": [
        [
          -0.542154,
          0.104177,
          -0.833796,
          1.820347
        ],
        [
          0.840251,
          0.059138,
          -0.538963,
          3.660123
        ],
        [
          -0.006839,
          -0.992799,
          -0.119597,
          1.555111
        ],
        [
          0.0,
          0.0,
          0.0,
          1.0
        ]
      ]
    },
    {
      "file_path": "/media/NFS/ttao/scannet/posed_images/scene0396_02/00177.jpg",
      "transform_matrix": [
        [
          -0.523742,
          0.061884,
          -0.849626,
          1.838512
        ],
        [
          0.851827,
          0.048812,
          -0.521544,
          3.657516
        ],
        [
          0.009196,
          -0.996889,
          -0.078279,
          1.561868
        ],
        [
          0.0,
          0.0,
          0.0,
          1.0
        ]
      ]
    },
    {
      "file_path": "/media/NFS/ttao/scannet/posed_images/scene0396_02/00183.jpg",
      "transform_matrix": [
        [
          -0.486346,
          0.032607,
          -0.873158,
          1.886836
        ],
        [
          0.873678,
          0.032399,
          -0.485425,
          3.643539
        ],
        [
          0.012461,
          -0.998943,
          -0.044245,
          1.567164
        ],
        [
          0.0,
          0.0,
          0.0,
          1.0
        ]
      ]
    },
    {
      "file_path": "/media/NFS/ttao/scannet/posed_images/scene0396_02/00188.jpg",
      "transform_matrix": [
        [
          -0.452494,
          0.008393,
          -0.891728,
          1.952215
        ],
        [
          0.891761,
          0.000451,
          -0.452506,
          3.613084
        ],
        [
          -0.003396,
          -0.999965,
          -0.007689,
          1.567324
        ],
        [
          0.0,
          0.0,
          0.0,
          1.0
        ]
      ]
    },
    {
      "file_path": "/media/NFS/ttao/scannet/posed_images/scene0396_02/00189.jpg",
      "transform_matrix": [
        [
          -0.446662,
          0.003699,
          -0.894695,
          1.96654
        ],
        [
          0.894651,
          -0.008922,
          -0.446676,
          3.606735
        ],
        [
          -0.009635,
          -0.999953,
          0.000676,
          1.567719
        ],
        [
          0.0,
          0.0,
          0.0,
          1.0
        ]
      ]
    },
    {
      "file_path": "/media/NFS/ttao/scannet/posed_images/scene0396_02/00198.jpg",
      "transform_matrix": [
        [
          -0.417908,
          0.00855,
          -0.908449,
          2.069574
        ],
        [
          0.906638,
          -0.059879,
          -0.417638,
          3.572145
        ],
        [
          -0.057968,
          -0.998169,
          0.017272,
          1.572929
        ],
        [
          0.0,
          0.0,
          0.0,
          1.0
        ]
      ]
    },
    {
      "file_path": "/media/NFS/ttao/scannet/posed_images/scene0396_02/00200.jpg",
      "transform_matrix": [
        [
          -0.406663,
          0.002267,
          -0.913575,
          2.08726
        ],
        [
          0.91242,
          -0.04934,
          -0.406271,
          3.560995
        ],
        [
          -0.045997,
          -0.998779,
          0.017996,
          1.566443
        ],
        [
          0.0,
          0.0,
          0.0,
          1.0
        ]
      ]
    },
    {
      "file_path": "/media/NFS/ttao/scannet/posed_images/scene0396_02/00207.jpg",
      "transform_matrix": [
        [
          -0.371015,
          -0.042287,
          -0.927663,
          2.111947
        ],
        [
          0.928567,
          -0.028269,
          -0.370087,
          3.553643
        ],
        [
          -0.010574,
          -0.998705,
          0.049754,
          1.580221
        ],
        [
          0.0,
          0.0,
          0.0,
          1.0
        ]
      ]
    },
    {
      "file_path": "/media/NFS/ttao/scannet/posed_images/scene0396_02/00209.jpg",
      "transform_matrix": [
        [
          -0.358893,
          -0.056858,
          -0.931645,
          2.112036
        ],
        [
          0.933379,
          -0.021501,
          -0.358248,
          3.553103
        ],
        [
          0.000338,
          -0.998151,
          0.060787,
          1.585845
        ],
        [
          0.0,
          0.0,
          0.0,
          1.0
        ]
      ]
    },
    {
      "file_path": "/media/NFS/ttao/scannet/posed_images/scene0396_02/00218.jpg",
      "transform_matrix": [
        [
          -0.313108,
          -0.060831,
          -0.947767,
          2.078823
        ],
        [
          0.94969,
          -0.012396,
          -0.312947,
          3.562935
        ],
        [
          0.007288,
          -0.998071,
          0.061651,
          1.60148
        ],
        [
          0.0,
          0.0,
          0.0,
          1.0
        ]
      ]
    },
    {
      "file_path": "/media/NFS/ttao/scannet/posed_images/scene0396_02/00221.jpg",
      "transform_matrix": [
        [
          -0.289261,
          -0.047428,
          -0.956074,
          2.065385
        ],
        [
          0.957234,
          -0.008432,
          -0.289193,
          3.565095
        ],
        [
          0.005654,
          -0.998839,
          0.047839,
          1.509487
        ],
        [
          0.0,
          0.0,
          0.0,
          1.0
        ]
      ]
    },
    {
      "file_path": "/media/NFS/ttao/scannet/posed_images/scene0396_02/00225.jpg",
      "transform_matrix": [
        [
          -0.275235,
          0.035664,
          -0.960715,
          2.036146
        ],
        [
          0.961223,
          -0.00765,
          -0.275664,
          3.568776
        ],
        [
          -0.017181,
          -0.999334,
          -0.032175,
          1.544489
        ],
        [
          0.0,
          0.0,
          0.0,
          1.0
        ]
      ]
    },
    {
      "file_path": "/media/NFS/ttao/scannet/posed_images/scene0396_02/00233.jpg",
      "transform_matrix": [
        [
          -0.284624,
          0.193588,
          -0.938889,
          2.013823
        ],
        [
          0.958052,
          0.023154,
          -0.285659,
          3.554486
        ],
        [
          -0.033561,
          -0.98081,
          -0.192057,
          1.512006
        ],
        [
          0.0,
          0.0,
          0.0,
          1.0
        ]
      ]
    },
    {
      "file_path": "/media/NFS/ttao/scannet/posed_images/scene0396_02/00234.jpg",
      "transform_matrix": [
        [
          -0.284307,
          0.208434,
          -0.935802,
          2.015564
        ],
        [
          0.958063,
          0.025278,
          -0.28544,
          3.550192
        ],
        [
          -0.035841,
          -0.97771,
          -0.20688,
          1.507302
        ],
        [
          0.0,
          0.0,
          0.0,
          1.0
        ]
      ]
    },
    {
      "file_path": "/media/NFS/ttao/scannet/posed_images/scene0396_02/00243.jpg",
      "transform_matrix": [
        [
          -0.307722,
          0.285441,
          -0.907651,
          2.00174
        ],
        [
          0.9499,
          0.037273,
          -0.310323,
          3.556732
        ],
        [
          -0.054748,
          -0.957671,
          -0.28261,
          1.467001
        ],
        [
          0.0,
          0.0,
          0.0,
          1.0
        ]
      ]
    },
    {
      "file_path": "/media/NFS/ttao/scannet/posed_images/scene0396_02/00246.jpg",
      "transform_matrix": [
        [
          -0.305276,
          0.302395,
          -0.902975,
          1.993317
        ],
        [
          0.950859,
          0.045306,
          -0.306292,
          3.557909
        ],
        [
          -0.051711,
          -0.952105,
          -0.301366,
          1.45529
        ],
        [
          0.0,
          0.0,
          0.0,
          1.0
        ]
      ]
    },
    {
      "file_path": "/media/NFS/ttao/scannet/posed_images/scene0396_02/00252.jpg",
      "transform_matrix": [
        [
          -0.285278,
          0.35874,
          -0.888775,
          1.967483
        ],
        [
          0.957364,
          0.062639,
          -0.282011,
          3.544619
        ],
        [
          -0.045496,
          -0.931333,
          -0.361315,
          1.420423
        ],
        [
          0.0,
          0.0,
          0.0,
          1.0
        ]
      ]
    },
    {
      "file_path": "/media/NFS/ttao/scannet/posed_images/scene0396_02/00258.jpg",
      "transform_matrix": [
        [
          -0.264317,
          0.428936,
          -0.8638,
          1.922912
        ],
        [
          0.963279,
          0.073557,
          -0.25823,
          3.542606
        ],
        [
          -0.047226,
          -0.900335,
          -0.432628,
          1.38923
        ],
        [
          0.0,
          0.0,
          0.0,
          1.0
        ]
      ]
    },
    {
      "file_path": "/media/NFS/ttao/scannet/posed_images/scene0396_02/00263.jpg",
      "transform_matrix": [
        [
          -0.258388,
          0.482945,
          -0.83666,
          1.887567
        ],
        [
          0.964712,
          0.083577,
          -0.249692,
          3.530023
        ],
        [
          -0.050662,
          -0.871653,
          -0.487498,
          1.377477
        ],
        [
          0.0,
          0.0,
          0.0,
          1.0
        ]
      ]
    },
    {
      "file_path": "/media/NFS/ttao/scannet/posed_images/scene0396_02/00264.jpg",
      "transform_matrix": [
        [
          -0.257623,
          0.48871,
          -0.833542,
          1.882374
        ],
        [
          0.964926,
          0.085061,
          -0.248358,
          3.529244
        ],
        [
          -0.050473,
          -0.86829,
          -0.493483,
          1.372398
        ],
        [
          0.0,
          0.0,
          0.0,
          1.0
        ]
      ]
    },
    {
      "file_path": "/media/NFS/ttao/scannet/posed_images/scene0396_02/00269.jpg",
      "transform_matrix": [
        [
          -0.262959,
          0.52439,
          -0.809857,
          1.861116
        ],
        [
          0.963799,
          0.104416,
          -0.245333,
          3.520364
        ],
        [
          -0.044088,
          -0.845052,
          -0.532863,
          1.349435
        ],
        [
          0.0,
          0.0,
          0.0,
          1.0
        ]
      ]
    },
    {
      "file_path": "/media/NFS/ttao/scannet/posed_images/scene0396_02/00275.jpg",
      "transform_matrix": [
        [
          -0.251134,
          0.565511,
          -0.785575,
          1.847546
        ],
        [
          0.966822,
          0.107335,
          -0.231808,
          3.50931
        ],
        [
          -0.04677,
          -0.817726,
          -0.573704,
          1.323098
        ],
        [
          0.0,
          0.0,
          0.0,
          1.0
        ]
      ]
    },
    {
      "file_path": "/media/NFS/ttao/scannet/posed_images/scene0396_02/00279.jpg",
      "transform_matrix": [
        [
          -0.229475,
          0.587646,
          -0.775895,
          1.842214
        ],
        [
          0.971993,
          0.096831,
          -0.214134,
          3.503366
        ],
        [
          -0.050704,
          -0.803303,
          -0.593408,
          1.313875
        ],
        [
          0.0,
          0.0,
          0.0,
          1.0
        ]
      ]
    },
    {
      "file_path": "/media/NFS/ttao/scannet/posed_images/scene0396_02/00288.jpg",
      "transform_matrix": [
        [
          -0.171968,
          0.611862,
          -0.772044,
          1.850463
        ],
        [
          0.984632,
          0.082554,
          -0.153895,
          3.46841
        ],
        [
          -0.030427,
          -0.786645,
          -0.616656,
          1.3024
        ],
        [
          0.0,
          0.0,
          0.0,
          1.0
        ]
      ]
    },
    {
      "file_path": "/media/NFS/ttao/scannet/posed_images/scene0396_02/00291.jpg",
      "transform_matrix": [
        [
          -0.145138,
          0.608026,
          -0.780538,
          1.864803
        ],
        [
          0.988494,
          0.055137,
          -0.140856,
          3.449225
        ],
        [
          -0.042607,
          -0.792001,
          -0.609032,
          1.296406
        ],
        [
          0.0,
          0.0,
          0.0,
          1.0
        ]
      ]
    },
    {
      "file_path": "/media/NFS/ttao/scannet/posed_images/scene0396_02/00297.jpg",
      "transform_matrix": [
        [
          -0.116283,
          0.614193,
          -0.780541,
          1.853737
        ],
        [
          0.992752,
          0.047851,
          -0.110244,
          3.424144
        ],
        [
          -0.030361,
          -0.787704,
          -0.615306,
          1.291672
        ],
        [
          0.0,
          0.0,
          0.0,
          1.0
        ]
      ]
    },
    {
      "file_path": "/media/NFS/ttao/scannet/posed_images/scene0396_02/00300.jpg",
      "transform_matrix": [
        [
          -0.138557,
          0.606137,
          -0.783198,
          1.834547
        ],
        [
          0.990189,
          0.070355,
          -0.120727,
          3.421349
        ],
        [
          -0.018075,
          -0.792242,
          -0.609939,
          1.292322
        ],
        [
          0.0,
          0.0,
          0.0,
          1.0
        ]
      ]
    },
    {
      "file_path": "/media/NFS/ttao/scannet/posed_images/scene0396_02/00306.jpg",
      "transform_matrix": [
        [
          -0.213274,
          0.58528,
          -0.782279,
          1.768781
        ],
        [
          0.97699,
          0.126017,
          -0.172076,
          3.435752
        ],
        [
          -0.002132,
          -0.800979,
          -0.598689,
          1.284026
        ],
        [
          0.0,
          0.0,
          0.0,
          1.0
        ]
      ]
    },
    {
      "file_path": "/media/NFS/ttao/scannet/posed_images/scene0396_02/00311.jpg",
      "transform_matrix": [
        [
          -0.310022,
          0.571649,
          -0.759673,
          1.678004
        ],
        [
          0.95059,
          0.200061,
          -0.23739,
          3.485266
        ],
        [
          0.016277,
          -0.795734,
          -0.605427,
          1.277233
        ],
        [
          0.0,
          0.0,
          0.0,
          1.0
        ]
      ]
    },
    {
      "file_path": "/media/NFS/ttao/scannet/posed_images/scene0396_02/00314.jpg",
      "transform_matrix": [
        [
          -0.341158,
          0.562801,
          -0.752905,
          1.623218
        ],
        [
          0.93899,
          0.241257,
          -0.245136,
          3.513633
        ],
        [
          0.043681,
          -0.790601,
          -0.610771,
          1.280712
        ],
        [
          0.0,
          0.0,
          0.0,
          1.0
        ]
      ]
    },
    {
      "file_path": "/media/NFS/ttao/scannet/posed_images/scene0396_02/00320.jpg",
      "transform_matrix": [
        [
          -0.39643,
          0.556687,
          -0.730029,
          1.54073
        ],
        [
          0.917563,
          0.266528,
          -0.295025,
          3.555585
        ],
        [
          0.030337,
          -0.786805,
          -0.616456,
          1.286339
        ],
        [
          0.0,
          0.0,
          0.0,
          1.0
        ]
      ]
    },
    {
      "file_path": "/media/NFS/ttao/scannet/posed_images/scene0396_02/00327.jpg",
      "transform_matrix": [
        [
          -0.428132,
          0.5564,
          -0.712125,
          1.458828
        ],
        [
          0.903145,
          0.291435,
          -0.315269,
          3.575409
        ],
        [
          0.032122,
          -0.778129,
          -0.627283,
          1.26773
        ],
        [
          0.0,
          0.0,
          0.0,
          1.0
        ]
      ]
    },
    {
      "file_path": "/media/NFS/ttao/scannet/posed_images/scene0396_02/00332.jpg",
      "transform_matrix": [
        [
          -0.436397,
          0.574546,
          -0.692427,
          1.386111
        ],
        [
          0.899161,
          0.306429,
          -0.312429,
          3.574085
        ],
        [
          0.032675,
          -0.758946,
          -0.650333,
          1.25805
        ],
        [
          0.0,
          0.0,
          0.0,
          1.0
        ]
      ]
    },
    {
      "file_path": "/media/NFS/ttao/scannet/posed_images/scene0396_02/00335.jpg",
      "transform_matrix": [
        [
          -0.438714,
          0.585896,
          -0.681364,
          1.339835
        ],
        [
          0.898077,
          0.312385,
          -0.309634,
          3.570171
        ],
        [
          0.031434,
          -0.747758,
          -0.663227,
          1.252312
        ],
        [
          0.0,
          0.0,
          0.0,
          1.0
        ]
      ]
    },
    {
      "file_path": "/media/NFS/ttao/scannet/posed_images/scene0396_02/00342.jpg",
      "transform_matrix": [
        [
          -0.462468,
          0.589536,
          -0.662246,
          1.249062
        ],
        [
          0.886493,
          0.320852,
          -0.333442,
          3.555302
        ],
        [
          0.015907,
          -0.741283,
          -0.671004,
          1.249441
        ],
        [
          0.0,
          0.0,
          0.0,
          1.0
        ]
      ]
    },
    {
      "file_path": "/media/NFS/ttao/scannet/posed_images/scene0396_02/00344.jpg",
      "transform_matrix": [
        [
          -0.476054,
          0.589635,
          -0.652459,
          1.227783
        ],
        [
          0.879386,
          0.325302,
          -0.347647,
          3.5551
        ],
        [
          0.007261,
          -0.739263,
          -0.673378,
          1.249079
        ],
        [
          0.0,
          0.0,
          0.0,
          1.0
        ]
      ]
    },
    {
      "file_path": "/media/NFS/ttao/scannet/posed_images/scene0396_02/00351.jpg",
      "transform_matrix": [
        [
          -0.542683,
          0.578666,
          -0.608802,
          1.161559
        ],
        [
          0.839768,
          0.359233,
          -0.407114,
          3.563152
        ],
        [
          -0.016881,
          -0.732187,
          -0.680895,
          1.241772
        ],
        [
          0.0,
          0.0,
          0.0,
          1.0
        ]
      ]
    },
    {
      "file_path": "/media/NFS/ttao/scannet/posed_images/scene0396_02/00357.jpg",
      "transform_matrix": [
        [
          -0.621225,
          0.527929,
          -0.579112,
          1.119142
        ],
        [
          0.783612,
          0.413091,
          -0.464014,
          3.578196
        ],
        [
          -0.005741,
          -0.742056,
          -0.670314,
          1.241158
        ],
        [
          0.0,
          0.0,
          0.0,
          1.0
        ]
      ]
    },
    {
      "file_path": "/media/NFS/ttao/scannet/posed_images/scene0396_02/00360.jpg",
      "transform_matrix": [
        [
          -0.636796,
          0.516622,
          -0.572356,
          1.105034
        ],
        [
          0.771026,
          0.429682,
          -0.469993,
          3.582593
        ],
        [
          0.003123,
          -0.740591,
          -0.671948,
          1.239838
        ],
        [
          0.0,
          0.0,
          0.0,
          1.0
        ]
      ]
    },
    {
      "file_path": "/media/NFS/ttao/scannet/posed_images/scene0396_02/00365.jpg",
      "transform_matrix": [
        [
          -0.633762,
          0.513998,
          -0.578058,
          1.103289
        ],
        [
          0.773424,
          0.433305,
          -0.462668,
          3.585144
        ],
        [
          0.012665,
          -0.740306,
          -0.672151,
          1.240618
        ],
        [
          0.0,
          0.0,
          0.0,
          1.0
        ]
      ]
    },
    {
      "file_path": "/media/NFS/ttao/scannet/posed_images/scene0396_02/00372.jpg",
      "transform_matrix": [
        [
          -0.603437,
          0.535066,
          -0.591243,
          1.154774
        ],
        [
          0.797046,
          0.427154,
          -0.426917,
          3.561374
        ],
        [
          0.024123,
          -0.728865,
          -0.684233,
          1.243223
        ],
        [
          0.0,
          0.0,
          0.0,
          1.0
        ]
      ]
    },
    {
      "file_path": "/media/NFS/ttao/scannet/posed_images/scene0396_02/00377.jpg",
      "transform_matrix": [
        [
          -0.533625,
          0.556886,
          -0.636492,
          1.266936
        ],
        [
          0.845276,
          0.375605,
          -0.380038,
          3.528878
        ],
        [
          0.027432,
          -0.740809,
          -0.671155,
          1.24418
        ],
        [
          0.0,
          0.0,
          0.0,
          1.0
        ]
      ]
    },
    {
      "file_path": "/media/NFS/ttao/scannet/posed_images/scene0396_02/00380.jpg",
      "transform_matrix": [
        [
          -0.455875,
          0.590833,
          -0.665653,
          1.327128
        ],
        [
          0.889654,
          0.32463,
          -0.321142,
          3.507382
        ],
        [
          0.026349,
          -0.738601,
          -0.673627,
          1.252287
        ],
        [
          0.0,
          0.0,
          0.0,
          1.0
        ]
      ]
    },
    {
      "file_path": "/media/NFS/ttao/scannet/posed_images/scene0396_02/00387.jpg",
      "transform_matrix": [
        [
          -0.3524,
          0.604212,
          -0.714662,
          1.427923
        ],
        [
          0.932747,
          0.288898,
          -0.215688,
          3.447636
        ],
        [
          0.076143,
