{
  "frames": [
    {
      "file_path": "/media/NFS/ttao/scannet/posed_images/scene0469_01/00000.jpg",
      "transform_matrix": [
        [
          -0.858151,
          -0.299902,
          0.416695,
          2.065729
        ],
        [
          -0.512664,
          0.457232,
          -0.726715,
          2.170829
        ],
        [
          0.027417,
          -0.837256,
          -0.546123,
          1.429023
        ],
        [
          0.0,
          0.0,
          0.0,
          1.0
        ]
      ]
    },
    {
      "file_path": "/media/NFS/ttao/scannet/posed_images/scene0469_01/00003.jpg",
      "transform_matrix": [
        [
          -0.859776,
          -0.297008,
          0.415418,
          2.051028
        ],
        [
          -0.51002,
          0.458323,
          -0.727887,
          2.155309
        ],
        [
          0.025793,
          -0.837691,
          -0.545535,
          1.422562
        ],
        [
          0.0,
          0.0,
          0.0,
          1.0
        ]
      ]
    },
    {
      "file_path": "/media/NFS/ttao/scannet/posed_images/scene0469_01/00008.jpg",
      "transform_matrix": [
        [
          -0.857687,
          -0.307622,
          0.411997,
          2.027812
        ],
        [
          -0.513608,
          0.475048,
          -0.714518,
          2.132506
        ],
        [
          0.024083,
          -0.824438,
          -0.56544,
          1.414859
        ],
        [
          0.0,
          0.0,
          0.0,
          1.0
        ]
      ]
    },
    {
      "file_path": "/media/NFS/ttao/scannet/posed_images/scene0469_01/00011.jpg",
      "transform_matrix": [
        [
          -0.857757,
          -0.316824,
          0.404816,
          2.015517
        ],
        [
          -0.513415,
          0.488669,
          -0.705413,
          2.12124
        ],
        [
          0.02567,
          -0.812911,
          -0.581821,
          1.406504
        ],
        [
          0.0,
          0.0,
          0.0,
          1.0
        ]
      ]
    },
    {
      "file_path": "/media/NFS/ttao/scannet/posed_images/scene0469_01/00014.jpg",
      "transform_matrix": [
        [
          -0.857673,
          -0.329799,
          0.394498,
          2.002537
        ],
        [
          -0.513207,
          0.501509,
          -0.696496,
          2.111653
        ],
        [
          0.031859,
          -0.799826,
          -0.599386,
          1.397172
        ],
        [
          0.0,
          0.0,
          0.0,
          1.0
        ]
      ]
    },
    {
      "file_path": "/media/NFS/ttao/scannet/posed_images/scene0469_01/00015.jpg",
      "transform_matrix": [
        [
          -0.857661,
          -0.334746,
          0.390338,
          1.995882
        ],
        [
          -0.513086,
          0.506792,
          -0.692751,
          2.107445
        ],
        [
          0.034076,
          -0.794422,
          -0.60641,
          1.394582
        ],
        [
          0.0,
          0.0,
          0.0,
          1.0
        ]
      ]
    },
    {
      "file_path": "/media/NFS/ttao/scannet/posed_images/scene0469_01/00018.jpg",
      "transform_matrix": [
        [
          -0.861213,
          -0.343577,
          0.374522,
          1.978033
        ],
        [
          -0.506693,
          0.522886,
          -0.685458,
          2.097173
        ],
        [
          0.039675,
          -0.780093,
          -0.624404,
          1.385068
        ],
        [
          0.0,
          0.0,
          0.0,
          1.0
        ]
      ]
    },
    {
      "file_path": "/media/NFS/ttao/scannet/posed_images/scene0469_01/00023.jpg",
      "transform_matrix": [
        [
          -0.869168,
          -0.340397,
          0.358716,
          1.936666
        ],
        [
          -0.493273,
          0.54534,
          -0.677707,
          2.087008
        ],
        [
          0.035067,
          -0.765985,
          -0.641901,
          1.369925
        ],
        [
          0.0,
          0.0,
          0.0,
          1.0
        ]
      ]
    },
    {
      "file_path": "/media/NFS/ttao/scannet/posed_images/scene0469_01/00024.jpg",
      "transform_matrix": [
        [
          -0.871613,
          -0.337793,
          0.355229,
          1.930074
        ],
        [
          -0.489084,
          0.550499,
          -0.676571,
          2.086638
        ],
        [
          0.032988,
          -0.763444,
          -0.645031,
          1.367934
        ],
        [
          0.0,
          0.0,
          0.0,
          1.0
        ]
      ]
    },
    {
      "file_path": "/media/NFS/ttao/scannet/posed_images/scene0469_01/00027.jpg",
      "transform_matrix": [
        [
          -0.876899,
          -0.334624,
          0.345073,
          1.917915
        ],
        [
          -0.479728,
          0.5642,
          -0.671968,
          2.08182
        ],
        [
          0.030166,
          -0.754789,
          -0.655274,
          1.364899
        ],
        [
          0.0,
          0.0,
          0.0,
          1.0
        ]
      ]
    },
    {
      "file_path": "/media/NFS/ttao/scannet/posed_images/scene0469_01/00030.jpg",
      "transform_matrix": [
        [
          -0.884502,
          -0.331558,
          0.328217,
          1.915602
        ],
        [
          -0.465508,
          0.580501,
          -0.668073,
          2.077054
        ],
        [
          0.030975,
          -0.743699,
          -0.667796,
          1.364739
        ],
        [
          0.0,
          0.0,
          0.0,
          1.0
        ]
      ]
    },
    {
      "file_path": "/media/NFS/ttao/scannet/posed_images/scene0469_01/00034.jpg",
      "transform_matrix": [
        [
          -0.894652,
          -0.327295,
          0.304097,
          1.909406
        ],
        [
          -0.444986,
          0.59215,
          -0.671824,
          2.072883
        ],
        [
          0.039813,
          -0.736367,
          -0.675409,
          1.363314
        ],
        [
          0.0,
          0.0,
          0.0,
          1.0
        ]
      ]
    },
    {
      "file_path": "/media/NFS/ttao/scannet/posed_images/scene0469_01/00038.jpg",
      "transform_matrix": [
        [
          -0.899488,
          -0.315218,
          0.302587,
          1.902858
        ],
        [
          -0.43516,
          0.583704,
          -0.685511,
          2.065723
        ],
        [
          0.039464,
          -0.748283,
          -0.662205,
          1.372788
        ],
        [
          0.0,
          0.0,
          0.0,
          1.0
        ]
      ]
    },
    {
      "file_path": "/media/NFS/ttao/scannet/posed_images/scene0469_01/00040.jpg",
      "transform_matrix": [
        [
          -0.900665,
          -0.309354,
          0.305127,
          1.904351
        ],
        [
          -0.432741,
          0.575249,
          -0.694136,
          2.061752
        ],
        [
          0.03921,
          -0.757225,
          -0.651976,
          1.385668
        ],
        [
          0.0,
          0.0,
          0.0,
          1.0
        ]
      ]
    },
    {
      "file_path": "/media/NFS/ttao/scannet/posed_images/scene0469_01/00044.jpg",
      "transform_matrix": [
        [
          -0.900971,
          -0.288155,
          0.324374,
          1.912638
        ],
        [
          -0.432507,
          0.537047,
          -0.724236,
          2.057204
        ],
        [
          0.034488,
          -0.79281,
          -0.608493,
          1.4101
        ],
        [
          0.0,
          0.0,
          0.0,
          1.0
        ]
      ]
    },
    {
      "file_path": "/media/NFS/ttao/scannet/posed_images/scene0469_01/00045.jpg",
      "transform_matrix": [
        [
          -0.901197,
          -0.282022,
          0.3291,
          1.914933
        ],
        [
          -0.432103,
          0.525738,
          -0.732726,
          2.057778
        ],
        [
          0.033624,
          -0.802536,
          -0.595656,
          1.4152
        ],
        [
          0.0,
          0.0,
          0.0,
          1.0
        ]
      ]
    },
    {
      "file_path": "/media/NFS/ttao/scannet/posed_images/scene0469_01/00048.jpg",
      "transform_matrix": [
        [
          -0.899276,
          -0.272177,
          0.342377,
          1.92299
        ],
        [
          -0.43584,
          0.491991,
          -0.75365,
          2.056847
        ],
        [
          0.03668,
          -0.826961,
          -0.561062,
          1.436025
        ],
        [
          0.0,
          0.0,
          0.0,
          1.0
        ]
      ]
    },
    {
      "file_path": "/media/NFS/ttao/scannet/posed_images/scene0469_01/00053.jpg",
      "transform_matrix": [
        [
          -0.892698,
          -0.263031,
          0.36593,
          1.936751
        ],
        [
          -0.448264,
          0.434747,
          -0.78106,
          2.056556
        ],
        [
          0.046356,
          -0.861284,
          -0.506005,
          1.480288
        ],
        [
          0.0,
          0.0,
          0.0,
          1.0
        ]
      ]
    },
    {
      "file_path": "/media/NFS/ttao/scannet/posed_images/scene0469_01/00054.jpg",
      "transform_matrix": [
        [
          -0.891659,
          -0.25912,
          0.371216,
          1.936526
        ],
        [
          -0.450391,
          0.424891,
          -0.785249,
          2.05672
        ],
        [
          0.045747,
          -0.867367,
          -0.495563,
          1.489324
        ],
        [
          0.0,
          0.0,
          0.0,
          1.0
        ]
      ]
    },
    {
      "file_path": "/media/NFS/ttao/scannet/posed_images/scene0469_01/00057.jpg",
      "transform_matrix": [
        [
          -0.88999,
          -0.245746,
          0.384092,
          1.944416
        ],
        [
          -0.453671,
          0.392545,
          -0.800057,
          2.060978
        ],
        [
          0.045838,
          -0.886294,
          -0.460849,
          1.511249
        ],
        [
          0.0,
          0.0,
          0.0,
          1.0
        ]
      ]
    },
    {
      "file_path": "/media/NFS/ttao/scannet/posed_images/scene0469_01/00060.jpg",
      "transform_matrix": [
        [
          -0.887479,
          -0.239009,
          0.394026,
          1.946007
        ],
        [
          -0.45805,
          0.363381,
          -0.811261,
          2.065522
        ],
        [
          0.050717,
          -0.90046,
          -0.431971,
          1.532786
        ],
        [
          0.0,
          0.0,
          0.0,
          1.0
        ]
      ]
    },
    {
      "file_path": "/media/NFS/ttao/scannet/posed_images/scene0469_01/00063.jpg",
      "transform_matrix": [
        [
          -0.886938,
          -0.230294,
          0.400381,
          1.94945
        ],
        [
          -0.458644,
          0.33655,
          -0.822423,
          2.070552
        ],
        [
          0.054651,
          -0.913071,
          -0.404122,
          1.54952
        ],
        [
          0.0,
          0.0,
          0.0,
          1.0
        ]
      ]
    },
    {
      "file_path": "/media/NFS/ttao/scannet/posed_images/scene0469_01/00068.jpg",
      "transform_matrix": [
        [
          -0.886716,
          -0.214095,
          0.409753,
          1.951671
        ],
        [
          -0.458495,
          0.29355,
          -0.838815,
          2.077523
        ],
        [
          0.059303,
          -0.931661,
          -0.358457,
          1.577384
        ],
        [
          0.0,
          0.0,
          0.0,
          1.0
        ]
      ]
    },
    {
      "file_path": "/media/NFS/ttao/scannet/posed_images/scene0469_01/00069.jpg",
      "transform_matrix": [
        [
          -0.886722,
          -0.210699,
          0.411497,
          1.95178
        ],
        [
          -0.458481,
          0.286574,
          -0.841231,
          2.077348
        ],
        [
          0.059323,
          -0.934602,
          -0.350713,
          1.583428
        ],
        [
          0.0,
          0.0,
          0.0,
          1.0
        ]
      ]
    },
    {
      "file_path": "/media/NFS/ttao/scannet/posed_images/scene0469_01/00072.jpg",
      "transform_matrix": [
        [
          -0.886378,
          -0.210572,
          0.412302,
          1.956371
        ],
        [
          -0.457558,
          0.262775,
          -0.849465,
          2.079969
        ],
        [
          0.070531,
          -0.941599,
          -0.329267,
          1.602475
        ],
        [
          0.0,
          0.0,
          0.0,
          1.0
        ]
      ]
    },
    {
      "file_path": "/media/NFS/ttao/scannet/posed_images/scene0469_01/00077.jpg",
      "transform_matrix": [
        [
          -0.88604,
          -0.199651,
          0.418416,
          1.954318
        ],
        [
          -0.457648,
          0.232414,
          -0.85822,
          2.083432
        ],
        [
          0.074098,
          -0.951905,
          -0.297298,
          1.619388
        ],
        [
          0.0,
          0.0,
          0.0,
          1.0
        ]
      ]
    },
    {
      "file_path": "/media/NFS/ttao/scannet/posed_images/scene0469_01/00080.jpg",
      "transform_matrix": [
        [
          -0.885099,
          -0.199493,
          0.42048,
          1.950795
        ],
        [
          -0.458579,
          0.219666,
          -0.861077,
          2.084018
        ],
        [
          0.079414,
          -0.95496,
          -0.285909,
          1.630916
        ],
        [
          0.0,
          0.0,
          0.0,
          1.0
        ]
      ]
    },
    {
      "file_path": "/media/NFS/ttao/scannet/posed_images/scene0469_01/00081.jpg",
      "transform_matrix": [
        [
          -0.884506,
          -0.204399,
          0.419368,
          1.952426
        ],
        [
          -0.458885,
          0.219121,
          -0.861052,
          2.082761
        ],
        [
          0.084106,
          -0.954048,
          -0.28761,
          1.641925
        ],
        [
          0.0,
          0.0,
          0.0,
          1.0
        ]
      ]
    },
    {
      "file_path": "/media/NFS/ttao/scannet/posed_images/scene0469_01/00086.jpg",
      "transform_matrix": [
        [
          -0.88489,
          -0.201213,
          0.420099,
          1.950507
        ],
        [
          -0.457317,
          0.203945,
          -0.865602,
          2.083571
        ],
        [
          0.088493,
          -0.958081,
          -0.272487,
          1.643724
        ],
        [
          0.0,
          0.0,
          0.0,
          1.0
        ]
      ]
    },
    {
      "file_path": "/media/NFS/ttao/scannet/posed_images/scene0469_01/00089.jpg",
      "transform_matrix": [
        [
          -0.884364,
          -0.199649,
          0.42195,
          1.946329
        ],
        [
          -0.458625,
          0.2032,
          -0.865086,
          2.082993
        ],
        [
          0.086974,
          -0.958567,
          -0.271267,
          1.646369
        ],
        [
          0.0,
          0.0,
          0.0,
          1.0
        ]
      ]
    },
    {
      "file_path": "/media/NFS/ttao/scannet/posed_images/scene0469_01/00091.jpg",
      "transform_matrix": [
        [
          -0.882844,
          -0.198206,
          0.425793,
          1.941581
        ],
        [
          -0.461963,
          0.202948,
          -0.863367,
          2.083753
        ],
        [
          0.084711,
          -0.958919,
          -0.270736,
          1.638256
        ],
        [
          0.0,
          0.0,
          0.0,
          1.0
        ]
      ]
    },
    {
      "file_path": "/media/NFS/ttao/scannet/posed_images/scene0469_01/00094.jpg",
      "transform_matrix": [
        [
          -0.880051,
          -0.2054,
          0.42816,
          1.936365
        ],
        [
          -0.467445,
          0.215769,
          -0.857286,
          2.082178
        ],
        [
          0.083703,
          -0.954596,
          -0.285901,
          1.636774
        ],
        [
          0.0,
          0.0,
          0.0,
          1.0
        ]
      ]
    },
    {
      "file_path": "/media/NFS/ttao/scannet/posed_images/scene0469_01/00097.jpg",
      "transform_matrix": [
        [
          -0.877293,
          -0.213832,
          0.429689,
          1.938497
        ],
        [
          -0.473367,
          0.237662,
          -0.848198,
          2.079334
        ],
        [
          0.079251,
          -0.947519,
          -0.309721,
          1.626914
        ],
        [
          0.0,
          0.0,
          0.0,
          1.0
        ]
      ]
    },
    {
      "file_path": "/media/NFS/ttao/scannet/posed_images/scene0469_01/00102.jpg",
      "transform_matrix": [
        [
          -0.873223,
          -0.229693,
          0.429794,
          1.952781
        ],
        [
          -0.483308,
          0.295251,
          -0.82416,
          2.070659
        ],
        [
          0.062407,
          -0.927398,
          -0.368833,
          1.610332
        ],
        [
          0.0,
          0.0,
          0.0,
          1.0
        ]
      ]
    },
    {
      "file_path": "/media/NFS/ttao/scannet/posed_images/scene0469_01/00105.jpg",
      "transform_matrix": [
        [
          -0.869218,
          -0.237209,
          0.43381,
          1.956692
        ],
        [
          -0.491793,
          0.324324,
          -0.808055,
          2.067596
        ],
        [
          0.050983,
          -0.915721,
          -0.398566,
          1.595796
        ],
        [
          0.0,
          0.0,
          0.0,
          1.0
        ]
      ]
    },
    {
      "file_path": "/media/NFS/ttao/scannet/posed_images/scene0469_01/00108.jpg",
      "transform_matrix": [
        [
          -0.862925,
          -0.243449,
          0.442825,
          1.955785
        ],
        [
          -0.503816,
          0.34662,
          -0.791217,
          2.065385
        ],
        [
          0.039129,
          -0.905863,
          -0.42176,
          1.576622
        ],
        [
          0.0,
          0.0,
          0.0,
          1.0
        ]
      ]
    },
    {
      "file_path": "/media/NFS/ttao/scannet/posed_images/scene0469_01/00111.jpg",
      "transform_matrix": [
        [
          -0.855467,
          -0.253702,
          0.451455,
          1.942527
        ],
        [
          -0.516917,
          0.365809,
          -0.773939,
          2.067596
        ],
        [
          0.031204,
          -0.895443,
          -0.44408,
          1.541084
        ],
        [
          0.0,
          0.0,
          0.0,
          1.0
        ]
      ]
    },
    {
      "file_path": "/media/NFS/ttao/scannet/posed_images/scene0469_01/00114.jpg",
      "transform_matrix": [
        [
          -0.847071,
          -0.273331,
          0.455808,
          1.943932
        ],
        [
          -0.530643,
          0.386829,
          -0.754176,
          2.067181
        ],
        [
          0.02982,
          -0.880712,
          -0.472713,
          1.524501
        ],
        [
          0.0,
          0.0,
          0.0,
          1.0
        ]
      ]
    },
    {
      "file_path": "/media/NFS/ttao/scannet/posed_images/scene0469_01/00117.jpg",
      "transform_matrix": [
        [
          -0.835051,
          -0.29032,
          0.467337,
          1.948303
        ],
        [
          -0.54966,
          0.403563,
          -0.731444,
          2.06893
        ],
        [
          0.023753,
          -0.86767,
          -0.496573,
          1.506099
        ],
        [
          0.0,
          0.0,
          0.0,
          1.0
        ]
      ]
    },
    {
      "file_path": "/media/NFS/ttao/scannet/posed_images/scene0469_01/00118.jpg",
      "transform_matrix": [
        [
          -0.829,
          -0.298848,
          0.472703,
          1.946782
        ],
        [
          -0.55878,
          0.408056,
          -0.72198,
          2.068523
        ],
        [
          0.022873,
          -0.862659,
          -0.505269,
          1.503
        ],
        [
          0.0,
          0.0,
          0.0,
          1.0
        ]
      ]
    },
    {
      "file_path": "/media/NFS/ttao/scannet/posed_images/scene0469_01/00121.jpg",
      "transform_matrix": [
        [
          -0.812365,
          -0.319172,
          0.48805,
          1.947642
        ],
        [
          -0.582621,
          0.408583,
          -0.702576,
          2.08488
        ],
        [
          0.024834,
          -0.855096,
          -0.517875,
          1.469553
        ],
        [
          0.0,
          0.0,
          0.0,
          1.0
        ]
      ]
    },
    {
      "file_path": "/media/NFS/ttao/scannet/posed_images/scene0469_01/00125.jpg",
      "transform_matrix": [
        [
          -0.78106,
          -0.351244,
          0.516308,
          1.949936
        ],
        [
          -0.624253,
          0.418079,
          -0.659938,
          2.087407
        ],
        [
          0.015941,
          -0.837757,
          -0.54581,
          1.452713
        ],
        [
          0.0,
          0.0,
          0.0,
          1.0
        ]
      ]
    },
    {
      "file_path": "/media/NFS/ttao/scannet/posed_images/scene0469_01/00127.jpg",
      "transform_matrix": [
        [
          -0.761837,
          -0.368694,
          0.532606,
          1.947022
        ],
        [
          -0.64761,
          0.415322,
          -0.638834,
          2.091848
        ],
        [
          0.014331,
          -0.831609,
          -0.555177,
          1.442603
        ],
        [
          0.0,
          0.0,
          0.0,
          1.0
        ]
      ]
    },
    {
      "file_path": "/media/NFS/ttao/scannet/posed_images/scene0469_01/00132.jpg",
      "transform_matrix": [
        [
          -0.708716,
          -0.406155,
          0.576854,
          1.948195
        ],
        [
          -0.705403,
          0.394801,
          -0.588676,
          2.101488
        ],
        [
          0.011352,
          -0.824118,
          -0.566305,
          1.431894
        ],
        [
          0.0,
          0.0,
          0.0,
          1.0
        ]
      ]
    },
    {
      "file_path": "/media/NFS/ttao/scannet/posed_images/scene0469_01/00133.jpg",
      "transform_matrix": [
        [
          -0.694488,
          -0.414721,
          0.587957,
          1.94554
        ],
        [
          -0.71942,
          0.38773,
          -0.576282,
          2.103742
        ],
        [
          0.011028,
          -0.823209,
          -0.567632,
          1.427853
        ],
        [
          0.0,
          0.0,
          0.0,
          1.0
        ]
      ]
    },
    {
      "file_path": "/media/NFS/ttao/scannet/posed_images/scene0469_01/00136.jpg",
      "transform_matrix": [
        [
          -0.653972,
          -0.436833,
          0.617655,
          1.940347
        ],
        [
          -0.756487,
          0.370159,
          -0.539175,
          2.107935
        ],
        [
          0.006898,
          -0.819853,
          -0.572532,
          1.420181
        ],
        [
          0.0,
          0.0,
          0.0,
          1.0
        ]
      ]
    },
    {
      "file_path": "/media/NFS/ttao/scannet/posed_images/scene0469_01/00139.jpg",
      "transform_matrix": [
        [
          -0.606668,
          -0.460965,
          0.647661,
          1.937372
        ],
        [
          -0.794952,
          0.349554,
          -0.495846,
          2.113647
        ],
        [
          0.002175,
          -0.815673,
          -0.578509,
          1.415884
        ],
        [
          0.0,
          0.0,
          0.0,
          1.0
        ]
      ]
    },
    {
      "file_path": "/media/NFS/ttao/scannet/posed_images/scene0469_01/00142.jpg",
      "transform_matrix": [
        [
          -0.550776,
          -0.487127,
          0.677755,
          1.926878
        ],
        [
          -0.834635,
          0.316086,
          -0.451082,
          2.116873
        ],
        [
          0.005505,
          -0.814123,
          -0.580666,
          1.416618
        ],
        [
          0.0,
          0.0,
          0.0,
          1.0
        ]
      ]
    },
    {
      "file_path": "/media/NFS/ttao/scannet/posed_images/scene0469_01/00146.jpg",
      "transform_matrix": [
        [
          -0.485616,
          -0.508744,
          0.710885,
          1.924183
        ],
        [
          -0.874141,
          0.27572,
          -0.39982,
          2.129532
        ],
        [
          0.007401,
          -0.815573,
          -0.578607,
          1.417929
        ],
        [
          0.0,
          0.0,
          0.0,
          1.0
        ]
      ]
    },
    {
      "file_path": "/media/NFS/ttao/scannet/posed_images/scene0469_01/00148.jpg",
      "transform_matrix": [
        [
          -0.453065,
          -0.512228,
          0.729627,
          1.923241
        ],
        [
          -0.891446,
          0.253414,
          -0.37564,
          2.136164
        ],
        [
          0.007516,
          -0.820612,
          -0.571437,
          1.420668
        ],
        [
          0.0,
          0.0,
          0.0,
          1.0
        ]
      ]
    },
    {
      "file_path": "/media/NFS/ttao/scannet/posed_images/scene0469_01/00151.jpg",
      "transform_matrix": [
        [
          -0.40547,
          -0.515354,
          0.754987,
          1.91542
        ],
        [
          -0.914047,
          0.218989,
          -0.341412,
          2.147407
        ],
        [
          0.010614,
          -0.828525,
          -0.559851,
          1.420192
        ],
        [
          0.0,
          0.0,
          0.0,
          1.0
        ]
      ]
    },
    {
      "file_path": "/media/NFS/ttao/scannet/posed_images/scene0469_01/00156.jpg",
      "transform_matrix": [
        [
          -0.353631,
          -0.499622,
          0.790773,
          1.926131
        ],
        [
          -0.935384,
          0.189764,
          -0.298405,
          2.170144
        ],
        [
          -0.00097,
          -0.845203,
          -0.534445,
          1.432111
        ],
        [
          0.0,
          0.0,
          0.0,
          1.0
        ]
      ]
    },
    {
      "file_path": "/media/NFS/ttao/scannet/posed_images/scene0469_01/00159.jpg",
      "transform_matrix": [
        [
          -0.332946,
          -0.487057,
          0.807417,
          1.939641
        ],
        [
          -0.942946,
          0.171215,
          -0.28555,
          2.189237
        ],
        [
          0.000837,
          -0.856423,
          -0.516273,
          1.440221
        ],
        [
          0.0,
          0.0,
          0.0,
          1.0
        ]
      ]
    },
    {
      "file_path": "/media/NFS/ttao/scannet/posed_images/scene0469_01/00162.jpg",
      "transform_matrix": [
        [
          -0.320248,
          -0.472894,
          0.820861,
          1.954082
        ],
        [
          -0.947245,
          0.148011,
          -0.284287,
          2.213046
        ],
        [
          0.012942,
          -0.868599,
          -0.495347,
          1.450874
        ],
        [
          0.0,
          0.0,
          0.0,
          1.0
        ]
      ]
    },
    {
      "file_path": "/media/NFS/ttao/scannet/posed_images/scene0469_01/00165.jpg",
      "transform_matrix": [
        [
          -0.301604,
          -0.453472,
          0.838688,
          1.971114
        ],
        [
          -0.953343,
          0.131348,
          -0.271816,
          2.236098
        ],
        [
          0.013101,
          -0.881539,
          -0.471929,
          1.464113
        ],
        [
          0.0,
          0.0,
          0.0,
          1.0
        ]
      ]
    },
    {
      "file_path": "/media/NFS/ttao/scannet/posed_images/scene0469_01/00167.jpg",
      "transform_matrix": [
        [
          -0.286249,
          -0.432322,
          0.855078,
          1.978994
        ],
        [
          -0.958079,
          0.11787,
          -0.261136,
          2.248343
        ],
        [
          0.012107,
          -0.893982,
          -0.447938,
          1.470602
        ],
        [
          0.0,
          0.0,
          0.0,
          1.0
        ]
      ]
    },
    {
      "file_path": "/media/NFS/ttao/scannet/posed_images/scene0469_01/00171.jpg",
      "transform_matrix": [
        [
          -0.255567,
          -0.407899,
          0.876529,
          1.99527
        ],
        [
          -0.966693,
          0.094862,
          -0.237711,
          2.271904
        ],
        [
          0.013812,
          -0.908086,
          -0.418557,
          1.486265
        ],
        [
          0.0,
          0.0,
          0.0,
          1.0
        ]
      ]
    },
    {
      "file_path": "/media/NFS/ttao/scannet/posed_images/scene0469_01/00173.jpg",
      "transform_matrix": [
        [
          -0.244521,
          -0.39351,
          0.886205,
          2.004702
        ],
        [
          -0.969522,
          0.084745,
          -0.229879,
          2.283418
        ],
        [
          0.015358,
          -0.915406,
          -0.402238,
          1.491712
        ],
        [
          0.0,
          0.0,
          0.0,
          1.0
        ]
      ]
    },
    {
      "file_path": "/media/NFS/ttao/scannet/posed_images/scene0469_01/00175.jpg",
      "transform_matrix": [
        [
          -0.231565,
          -0.382298,
          0.894554,
          2.012783
        ],
        [
          -0.972625,
          0.072617,
          -0.220741,
          2.295333
        ],
        [
          0.019429,
          -0.921181,
          -0.388648,
          1.497414
        ],
        [
          0.0,
          0.0,
          0.0,
          1.0
        ]
      ]
    },
    {
      "file_path": "/media/NFS/ttao/scannet/posed_images/scene0469_01/00181.jpg",
      "transform_matrix": [
        [
          -0.199213,
          -0.359206,
          0.911749,
          2.035241
        ],
        [
          -0.979637,
          0.049243,
          -0.194645,
          2.320127
        ],
        [
          0.02502,
          -0.931958,
          -0.361701,
          1.511984
        ],
        [
          0.0,
          0.0,
          0.0,
          1.0
        ]
      ]
    },
    {
      "file_path": "/media/NFS/ttao/scannet/posed_images/scene0469_01/00183.jpg",
      "transform_matrix": [
        [
          -0.197675,
          -0.355409,
          0.913569,
          2.041121
        ],
        [
          -0.979766,
          0.041829,
          -0.195726,
          2.327257
        ],
        [
          0.031349,
          -0.933774,
          -0.356487,
          1.513194
        ],
        [
          0.0,
          0.0,
          0.0,
          1.0
        ]
      ]
    },
    {
      "file_path": "/media/NFS/ttao/scannet/posed_images/scene0469_01/00186.jpg",
      "transform_matrix": [
        [
          -0.194604,
          -0.350538,
          0.916107,
          2.048653
        ],
        [
          -0.980168,
          0.033878,
          -0.195249,
          2.338692
        ],
        [
          0.037406,
          -0.935936,
          -0.350179,
          1.511999
        ],
        [
          0.0,
          0.0,
          0.0,
          1.0
        ]
      ]
    },
    {
      "file_path": "/media/NFS/ttao/scannet/posed_images/scene0469_01/00188.jpg",
      "transform_matrix": [
        [
          -0.191949,
          -0.362962,
          0.911819,
          2.052932
        ],
        [
          -0.980505,
          0.031154,
          -0.194007,
          2.342453
        ],
        [
          0.042011,
          -0.931283,
          -0.361866,
          1.5052
        ],
        [
          0.0,
          0.0,
          0.0,
          1.0
        ]
      ]
    },
    {
      "file_path": "/media/NFS/ttao/scannet/posed_images/scene0469_01/00192.jpg",
      "transform_matrix": [
        [
          -0.191684,
          -0.38856,
          0.901265,
          2.061521
        ],
        [
          -0.979419,
          0.016594,
          -0.201152,
          2.359742
        ],
        [
          0.063204,
          -0.921274,
          -0.383745,
          1.485768
        ],
        [
          0.0,
          0.0,
          0.0,
          1.0
        ]
      ]
    },
    {
      "file_path": "/media/NFS/ttao/scannet/posed_images/scene0469_01/00194.jpg",
      "transform_matrix": [
        [
          -0.186082,
          -0.381711,
          0.905356,
          2.066178
        ],
        [
          -0.980525,
          0.013252,
          -0.195944,
          2.366288
        ],
        [
          0.062796,
          -0.924187,
          -0.376743,
          1.483383
        ],
        [
          0.0,
          0.0,
          0.0,
          1.0
        ]
      ]
    },
    {
      "file_path": "/media/NFS/ttao/scannet/posed_images/scene0469_01/00198.jpg",
      "transform_matrix": [
        [
          -0.15879,
          -0.383258,
          0.909889,
          2.072099
        ],
        [
          -0.985839,
          0.011223,
          -0.167317,
          2.393828
        ],
        [
          0.053914,
          -0.923573,
          -0.379613,
          1.476756
        ],
        [
          0.0,
          0.0,
          0.0,
          1.0
        ]
      ]
    },
    {
      "file_path": "/media/NFS/ttao/scannet/posed_images/scene0469_01/00200.jpg",
      "transform_matrix": [
        [
          -0.148806,
          -0.39439,
          0.906815,
          2.080045
        ],
        [
          -0.988111,
          0.02346,
          -0.151943,
          2.414785
        ],
        [
          0.038651,
          -0.918644,
          -0.393192,
          1.479256
        ],
        [
          0.0,
          0.0,
          0.0,
          1.0
        ]
      ]
    },
    {
      "file_path": "/media/NFS/ttao/scannet/posed_images/scene0469_01/00205.jpg",
      "transform_matrix": [
        [
          -0.122967,
          -0.378303,
          0.917478,
          2.095912
        ],
        [
          -0.992135,
          0.02508,
          -0.122632,
          2.471909
        ],
        [
          0.023382,
          -0.925342,
          -0.378411,
          1.480823
        ],
        [
          0.0,
          0.0,
          0.0,
          1.0
        ]
      ]
    },
    {
      "file_path": "/media/NFS/ttao/scannet/posed_images/scene0469_01/00206.jpg",
      "transform_matrix": [
        [
          -0.118581,
          -0.374244,
          0.919717,
          2.098154
        ],
        [
          -0.992501,
          0.016988,
          -0.121053,
          2.480979
        ],
        [
          0.029679,
          -0.927175,
          -0.373452,
          1.477327
        ],
        [
          0.0,
          0.0,
          0.0,
          1.0
        ]
      ]
    },
    {
      "file_path": "/media/NFS/ttao/scannet/posed_images/scene0469_01/00211.jpg",
      "transform_matrix": [
        [
          -0.107419,
          -0.377969,
          0.919565,
          2.120299
        ],
        [
          -0.992695,
          -0.010323,
          -0.120205,
          2.545445
        ],
        [
          0.054926,
          -0.925761,
          -0.374099,
          1.457108
        ],
        [
          0.0,
          0.0,
          0.0,
          1.0
        ]
      ]
    },
    {
      "file_path": "/media/NFS/ttao/scannet/posed_images/scene0469_01/00214.jpg",
      "transform_matrix": [
        [
          -0.117297,
          -0.371632,
          0.92094,
          2.139392
        ],
        [
          -0.990941,
          -0.017274,
          -0.133183,
          2.590344
        ],
        [
          0.065403,
          -0.928219,
          -0.36624,
          1.44532
        ],
        [
          0.0,
          0.0,
          0.0,
          1.0
        ]
      ]
    },
    {
      "file_path": "/media/NFS/ttao/scannet/posed_images/scene0469_01/00215.jpg",
      "transform_matrix": [
        [
          -0.125256,
          -0.372526,
          0.91953,
          2.147137
        ],
        [
          -0.98973,
          -0.01743,
          -0.14188,
          2.607137
        ],
        [
          0.068882,
          -0.927858,
          -0.366518,
          1.442322
        ],
        [
          0.0,
          0.0,
          0.0,
          1.0
        ]
      ]
    },
    {
      "file_path": "/media/NFS/ttao/scannet/posed_images/scene0469_01/00220.jpg",
      "transform_matrix": [
        [
          -0.158198,
          -0.367953,
          0.916288,
          2.187661
        ],
        [
          -0.984738,
          -0.009399,
          -0.17379,
          2.689501
        ],
        [
          0.072559,
          -0.929797,
          -0.360851,
          1.439504
        ],
        [
          0.0,
          0.0,
          0.0,
          1.0
        ]
      ]
    },
    {
      "file_path": "/media/NFS/ttao/scannet/posed_images/scene0469_01/00221.jpg",
      "transform_matrix": [
        [
          -0.161792,
          -0.367295,
          0.915924,
          2.193053
        ],
        [
          -0.983855,
          -0.011921,
          -0.178572,
          2.705181
        ],
        [
          0.076508,
          -0.930028,
          -0.359436,
          1.433228
        ],
        [
          0.0,
          0.0,
          0.0,
          1.0
        ]
      ]
    },
    {
      "file_path": "/media/NFS/ttao/scannet/posed_images/scene0469_01/00224.jpg",
      "transform_matrix": [
        [
          -0.170013,
          -0.373504,
          0.911916,
          2.216583
        ],
        [
          -0.982455,
          -0.00775,
          -0.186338,
          2.759933
        ],
        [
          0.076666,
          -0.927596,
          -0.365634,
          1.432813
        ],
        [
          0.0,
          0.0,
          0.0,
          1.0
        ]
      ]
    },
    {
      "file_path": "/media/NFS/ttao/scannet/posed_images/scene0469_01/00228.jpg",
      "transform_matrix": [
        [
          -0.147465,
          -0.374967,
          0.915234,
          2.239112
        ],
        [
          -0.987095,
          -0.002612,
          -0.160113,
          2.825184
        ],
        [
          0.062428,
          -0.927035,
          -0.369743,
          1.428478
        ],
        [
          0.0,
          0.0,
          0.0,
          1.0
        ]
      ]
    },
    {
      "file_path": "/media/NFS/ttao/scannet/posed_images/scene0469_01/00231.jpg",
      "transform_matrix": [
        [
          -0.121892,
          -0.374796,
          0.91906,
          2.253365
        ],
        [
          -0.990738,
          -0.009877,
          -0.135426,
          2.864965
        ],
        [
          0.059835,
          -0.927055,
          -0.370121,
          1.431252
        ],
        [
          0.0,
          0.0,
          0.0,
          1.0
        ]
      ]
    },
    {
      "file_path": "/media/NFS/ttao/scannet/posed_images/scene0469_01/00235.jpg",
      "transform_matrix": [
        [
          -0.087117,
          -0.370677,
          0.924667,
          2.271627
        ],
        [
          -0.994843,
          -0.016025,
          -0.100153,
          2.920674
        ],
        [
