{
  "frames": [
    {
      "file_path": "/media/NFS/ttao/scannet/posed_images/scene0316_00/00000.jpg",
      "transform_matrix": [
        [
          0.984771,
          0.06376,
          -0.161742,
          3.105494
        ],
        [
          0.170741,
          -0.529979,
          0.830644,
          1.964853
        ],
        [
          -0.032758,
          -0.84561,
          -0.532795,
          1.429627
        ],
        [
          0.0,
          0.0,
          0.0,
          1.0
        ]
      ]
    },
    {
      "file_path": "/media/NFS/ttao/scannet/posed_images/scene0316_00/00002.jpg",
      "transform_matrix": [
        [
          0.986331,
          0.057109,
          -0.154562,
          3.100366
        ],
        [
          0.161299,
          -0.526318,
          0.834849,
          1.971213
        ],
        [
          -0.033671,
          -0.848368,
          -0.528335,
          1.441419
        ],
        [
          0.0,
          0.0,
          0.0,
          1.0
        ]
      ]
    },
    {
      "file_path": "/media/NFS/ttao/scannet/posed_images/scene0316_00/00006.jpg",
      "transform_matrix": [
        [
          0.986069,
          0.045256,
          -0.160062,
          3.105194
        ],
        [
          0.160789,
          -0.505787,
          0.847542,
          1.973074
        ],
        [
          -0.042601,
          -0.861471,
          -0.506017,
          1.449479
        ],
        [
          0.0,
          0.0,
          0.0,
          1.0
        ]
      ]
    },
    {
      "file_path": "/media/NFS/ttao/scannet/posed_images/scene0316_00/00009.jpg",
      "transform_matrix": [
        [
          0.984862,
          0.041356,
          -0.168337,
          3.1074
        ],
        [
          0.166915,
          -0.488259,
          0.856587,
          1.972884
        ],
        [
          -0.046767,
          -0.871718,
          -0.487771,
          1.452713
        ],
        [
          0.0,
          0.0,
          0.0,
          1.0
        ]
      ]
    },
    {
      "file_path": "/media/NFS/ttao/scannet/posed_images/scene0316_00/00011.jpg",
      "transform_matrix": [
        [
          0.983035,
          0.049644,
          -0.176575,
          3.111728
        ],
        [
          0.178517,
          -0.480076,
          0.858871,
          1.967518
        ],
        [
          -0.042131,
          -0.875821,
          -0.480793,
          1.447837
        ],
        [
          0.0,
          0.0,
          0.0,
          1.0
        ]
      ]
    },
    {
      "file_path": "/media/NFS/ttao/scannet/posed_images/scene0316_00/00012.jpg",
      "transform_matrix": [
        [
          0.982353,
          0.05347,
          -0.17923,
          3.110661
        ],
        [
          0.182718,
          -0.479065,
          0.858552,
          1.967302
        ],
        [
          -0.039956,
          -0.876149,
          -0.480381,
          1.448544
        ],
        [
          0.0,
          0.0,
          0.0,
          1.0
        ]
      ]
    },
    {
      "file_path": "/media/NFS/ttao/scannet/posed_images/scene0316_00/00015.jpg",
      "transform_matrix": [
        [
          0.979334,
          0.067892,
          -0.190515,
          3.105289
        ],
        [
          0.199721,
          -0.473143,
          0.858049,
          1.966431
        ],
        [
          -0.031886,
          -0.878366,
          -0.476924,
          1.448892
        ],
        [
          0.0,
          0.0,
          0.0,
          1.0
        ]
      ]
    },
    {
      "file_path": "/media/NFS/ttao/scannet/posed_images/scene0316_00/00017.jpg",
      "transform_matrix": [
        [
          0.977281,
          0.07676,
          -0.197558,
          3.103383
        ],
        [
          0.210311,
          -0.466789,
          0.858998,
          1.965212
        ],
        [
          -0.026281,
          -0.881031,
          -0.472328,
          1.448493
        ],
        [
          0.0,
          0.0,
          0.0,
          1.0
        ]
      ]
    },
    {
      "file_path": "/media/NFS/ttao/scannet/posed_images/scene0316_00/00021.jpg",
      "transform_matrix": [
        [
          0.97491,
          0.081487,
          -0.207148,
          3.103479
        ],
        [
          0.221578,
          -0.444277,
          0.868056,
          1.965374
        ],
        [
          -0.021295,
          -0.892176,
          -0.451186,
          1.454783
        ],
        [
          0.0,
          0.0,
          0.0,
          1.0
        ]
      ]
    },
    {
      "file_path": "/media/NFS/ttao/scannet/posed_images/scene0316_00/00024.jpg",
      "transform_matrix": [
        [
          0.97163,
          0.075923,
          -0.223987,
          3.105782
        ],
        [
          0.234499,
          -0.43235,
          0.87068,
          1.965623
        ],
        [
          -0.030736,
          -0.898504,
          -0.437888,
          1.457174
        ],
        [
          0.0,
          0.0,
          0.0,
          1.0
        ]
      ]
    },
    {
      "file_path": "/media/NFS/ttao/scannet/posed_images/scene0316_00/00025.jpg",
      "transform_matrix": [
        [
          0.970365,
          0.074277,
          -0.229947,
          3.104553
        ],
        [
          0.239359,
          -0.426044,
          0.872464,
          1.963721
        ],
        [
          -0.033164,
          -0.901648,
          -0.431197,
          1.457237
        ],
        [
          0.0,
          0.0,
          0.0,
          1.0
        ]
      ]
    },
    {
      "file_path": "/media/NFS/ttao/scannet/posed_images/scene0316_00/00029.jpg",
      "transform_matrix": [
        [
          0.966052,
          0.069874,
          -0.248719,
          3.10819
        ],
        [
          0.25557,
          -0.399265,
          0.880495,
          1.96141
        ],
        [
          -0.037781,
          -0.914169,
          -0.403568,
          1.461351
        ],
        [
          0.0,
          0.0,
          0.0,
          1.0
        ]
      ]
    },
    {
      "file_path": "/media/NFS/ttao/scannet/posed_images/scene0316_00/00031.jpg",
      "transform_matrix": [
        [
          0.964454,
          0.0726,
          -0.254084,
          3.115439
        ],
        [
          0.262206,
          -0.382351,
          0.886034,
          1.958649
        ],
        [
          -0.032823,
          -0.921161,
          -0.387796,
          1.4517
        ],
        [
          0.0,
          0.0,
          0.0,
          1.0
        ]
      ]
    },
    {
      "file_path": "/media/NFS/ttao/scannet/posed_images/scene0316_00/00034.jpg",
      "transform_matrix": [
        [
          0.965304,
          0.075688,
          -0.249917,
          3.122444
        ],
        [
          0.259988,
          -0.367887,
          0.892785,
          1.962728
        ],
        [
          -0.024368,
          -0.926785,
          -0.374801,
          1.45455
        ],
        [
          0.0,
          0.0,
          0.0,
          1.0
        ]
      ]
    },
    {
      "file_path": "/media/NFS/ttao/scannet/posed_images/scene0316_00/00037.jpg",
      "transform_matrix": [
        [
          0.967949,
          0.084051,
          -0.236663,
          3.121397
        ],
        [
          0.250606,
          -0.384965,
          0.888256,
          1.96724
        ],
        [
          -0.016448,
          -0.919096,
          -0.39369,
          1.445614
        ],
        [
          0.0,
          0.0,
          0.0,
          1.0
        ]
      ]
    },
    {
      "file_path": "/media/NFS/ttao/scannet/posed_images/scene0316_00/00040.jpg",
      "transform_matrix": [
        [
          0.970685,
          0.094197,
          -0.221128,
          3.114968
        ],
        [
          0.240229,
          -0.410085,
          0.879841,
          1.971692
        ],
        [
          -0.007803,
          -0.90717,
          -0.420692,
          1.429054
        ],
        [
          0.0,
          0.0,
          0.0,
          1.0
        ]
      ]
    },
    {
      "file_path": "/media/NFS/ttao/scannet/posed_images/scene0316_00/00041.jpg",
      "transform_matrix": [
        [
          0.971047,
          0.094267,
          -0.219501,
          3.115934
        ],
        [
          0.238784,
          -0.409994,
          0.880277,
          1.968614
        ],
        [
          -0.007013,
          -0.907204,
          -0.420633,
          1.416818
        ],
        [
          0.0,
          0.0,
          0.0,
          1.0
        ]
      ]
    },
    {
      "file_path": "/media/NFS/ttao/scannet/posed_images/scene0316_00/00043.jpg",
      "transform_matrix": [
        [
          0.97197,
          0.095337,
          -0.214908,
          3.114531
        ],
        [
          0.235049,
          -0.414117,
          0.879352,
          1.969976
        ],
        [
          -0.005162,
          -0.905217,
          -0.424918,
          1.408817
        ],
        [
          0.0,
          0.0,
          0.0,
          1.0
        ]
      ]
    },
    {
      "file_path": "/media/NFS/ttao/scannet/posed_images/scene0316_00/00046.jpg",
      "transform_matrix": [
        [
          0.971119,
          0.099037,
          -0.21707,
          3.114698
        ],
        [
          0.238533,
          -0.423762,
          0.873801,
          1.978034
        ],
        [
          -0.005447,
          -0.900343,
          -0.435147,
          1.401115
        ],
        [
          0.0,
          0.0,
          0.0,
          1.0
        ]
      ]
    },
    {
      "file_path": "/media/NFS/ttao/scannet/posed_images/scene0316_00/00049.jpg",
      "transform_matrix": [
        [
          0.967358,
          0.112232,
          -0.227206,
          3.109385
        ],
        [
          0.25341,
          -0.432752,
          0.865164,
          1.979519
        ],
        [
          -0.001225,
          -0.8945,
          -0.447067,
          1.385189
        ],
        [
          0.0,
          0.0,
          0.0,
          1.0
        ]
      ]
    },
    {
      "file_path": "/media/NFS/ttao/scannet/posed_images/scene0316_00/00051.jpg",
      "transform_matrix": [
        [
          0.963581,
          0.114187,
          -0.241811,
          3.106264
        ],
        [
          0.267372,
          -0.427717,
          0.863464,
          1.982177
        ],
        [
          -0.00483,
          -0.896671,
          -0.44267,
          1.384958
        ],
        [
          0.0,
          0.0,
          0.0,
          1.0
        ]
      ]
    },
    {
      "file_path": "/media/NFS/ttao/scannet/posed_images/scene0316_00/00055.jpg",
      "transform_matrix": [
        [
          0.951757,
          0.135884,
          -0.275126,
          3.093812
        ],
        [
          0.306699,
          -0.449588,
          0.838931,
          1.981699
        ],
        [
          -0.009696,
          -0.88284,
          -0.469575,
          1.377718
        ],
        [
          0.0,
          0.0,
          0.0,
          1.0
        ]
      ]
    },
    {
      "file_path": "/media/NFS/ttao/scannet/posed_images/scene0316_00/00057.jpg",
      "transform_matrix": [
        [
          0.944174,
          0.152685,
          -0.29193,
          3.091342
        ],
        [
          0.329387,
          -0.454512,
          0.827601,
          1.98448
        ],
        [
          -0.006323,
          -0.877557,
          -0.479431,
          1.374501
        ],
        [
          0.0,
          0.0,
          0.0,
          1.0
        ]
      ]
    },
    {
      "file_path": "/media/NFS/ttao/scannet/posed_images/scene0316_00/00059.jpg",
      "transform_matrix": [
        [
          0.936051,
          0.168791,
          -0.308737,
          3.08376
        ],
        [
          0.351864,
          -0.446765,
          0.822553,
          1.980518
        ],
        [
          0.000906,
          -0.878585,
          -0.477586,
          1.367731
        ],
        [
          0.0,
          0.0,
          0.0,
          1.0
        ]
      ]
    },
    {
      "file_path": "/media/NFS/ttao/scannet/posed_images/scene0316_00/00061.jpg",
      "transform_matrix": [
        [
          0.930645,
          0.18756,
          -0.314201,
          3.072118
        ],
        [
          0.36563,
          -0.442204,
          0.819005,
          1.98193
        ],
        [
          0.014671,
          -0.877084,
          -0.480113,
          1.364781
        ],
        [
          0.0,
          0.0,
          0.0,
          1.0
        ]
      ]
    },
    {
      "file_path": "/media/NFS/ttao/scannet/posed_images/scene0316_00/00065.jpg",
      "transform_matrix": [
        [
          0.916796,
          0.209966,
          -0.339705,
          3.056276
        ],
        [
          0.399018,
          -0.44662,
          0.800821,
          1.982827
        ],
        [
          0.016426,
          -0.869738,
          -0.49324,
          1.35963
        ],
        [
          0.0,
          0.0,
          0.0,
          1.0
        ]
      ]
    },
    {
      "file_path": "/media/NFS/ttao/scannet/posed_images/scene0316_00/00067.jpg",
      "transform_matrix": [
        [
          0.91077,
          0.220152,
          -0.349328,
          3.044994
        ],
        [
          0.412392,
          -0.442497,
          0.796322,
          1.979547
        ],
        [
          0.020736,
          -0.869327,
          -0.493803,
          1.357338
        ],
        [
          0.0,
          0.0,
          0.0,
          1.0
        ]
      ]
    },
    {
      "file_path": "/media/NFS/ttao/scannet/posed_images/scene0316_00/00069.jpg",
      "transform_matrix": [
        [
          0.90959,
          0.223137,
          -0.350508,
          3.029502
        ],
        [
          0.414702,
          -0.435024,
          0.799235,
          1.976098
        ],
        [
          0.025859,
          -0.872333,
          -0.488229,
          1.353007
        ],
        [
          0.0,
          0.0,
          0.0,
          1.0
        ]
      ]
    },
    {
      "file_path": "/media/NFS/ttao/scannet/posed_images/scene0316_00/00071.jpg",
      "transform_matrix": [
        [
          0.90811,
          0.226701,
          -0.352056,
          3.015023
        ],
        [
          0.417955,
          -0.4395,
          0.795081,
          1.980776
        ],
        [
          0.025517,
          -0.869164,
          -0.493865,
          1.359823
        ],
        [
          0.0,
          0.0,
          0.0,
          1.0
        ]
      ]
    },
    {
      "file_path": "/media/NFS/ttao/scannet/posed_images/scene0316_00/00074.jpg",
      "transform_matrix": [
        [
          0.907086,
          0.237174,
          -0.347769,
          2.989803
        ],
        [
          0.419435,
          -0.439336,
          0.794392,
          1.974362
        ],
        [
          0.035622,
          -0.866448,
          -0.497995,
          1.356002
        ],
        [
          0.0,
          0.0,
          0.0,
          1.0
        ]
      ]
    },
    {
      "file_path": "/media/NFS/ttao/scannet/posed_images/scene0316_00/00076.jpg",
      "transform_matrix": [
        [
          0.907498,
          0.238992,
          -0.345441,
          2.97477
        ],
        [
          0.417196,
          -0.417014,
          0.807494,
          1.97191
        ],
        [
          0.048931,
          -0.876916,
          -0.478146,
          1.358431
        ],
        [
          0.0,
          0.0,
          0.0,
          1.0
        ]
      ]
    },
    {
      "file_path": "/media/NFS/ttao/scannet/posed_images/scene0316_00/00080.jpg",
      "transform_matrix": [
        [
          0.903566,
          0.253208,
          -0.345621,
          2.937516
        ],
        [
          0.424575,
          -0.420936,
          0.801592,
          1.961502
        ],
        [
          0.057485,
          -0.871033,
          -0.48785,
          1.356964
        ],
        [
          0.0,
          0.0,
          0.0,
          1.0
        ]
      ]
    },
    {
      "file_path": "/media/NFS/ttao/scannet/posed_images/scene0316_00/00083.jpg",
      "transform_matrix": [
        [
          0.898644,
          0.261788,
          -0.352004,
          2.914545
        ],
        [
          0.434495,
          -0.420594,
          0.796439,
          1.949017
        ],
        [
          0.060448,
          -0.868658,
          -0.49171,
          1.349893
        ],
        [
          0.0,
          0.0,
          0.0,
          1.0
        ]
      ]
    },
    {
      "file_path": "/media/NFS/ttao/scannet/posed_images/scene0316_00/00084.jpg",
      "transform_matrix": [
        [
          0.897698,
          0.265507,
          -0.351631,
          2.906461
        ],
        [
          0.435941,
          -0.419318,
          0.796321,
          1.944331
        ],
        [
          0.063983,
          -0.868146,
          -0.492167,
          1.346897
        ],
        [
          0.0,
          0.0,
          0.0,
          1.0
        ]
      ]
    },
    {
      "file_path": "/media/NFS/ttao/scannet/posed_images/scene0316_00/00088.jpg",
      "transform_matrix": [
        [
          0.894287,
          0.271654,
          -0.355604,
          2.870041
        ],
        [
          0.442775,
          -0.422076,
          0.791076,
          1.933591
        ],
        [
          0.064807,
          -0.864902,
          -0.49774,
          1.343749
        ],
        [
          0.0,
          0.0,
          0.0,
          1.0
        ]
      ]
    },
    {
      "file_path": "/media/NFS/ttao/scannet/posed_images/scene0316_00/00091.jpg",
      "transform_matrix": [
        [
          0.890166,
          0.284264,
          -0.356088,
          2.840039
        ],
        [
          0.449805,
          -0.423607,
          0.786278,
          1.932468
        ],
        [
          0.072669,
          -0.860088,
          -0.504944,
          1.354245
        ],
        [
          0.0,
          0.0,
          0.0,
          1.0
        ]
      ]
    },
    {
      "file_path": "/media/NFS/ttao/scannet/posed_images/scene0316_00/00093.jpg",
      "transform_matrix": [
        [
          0.890475,
          0.28483,
          -0.354859,
          2.823899
        ],
        [
          0.448185,
          -0.414244,
          0.792169,
          1.928629
        ],
        [
          0.078635,
          -0.86445,
          -0.496531,
          1.353646
        ],
        [
          0.0,
          0.0,
          0.0,
          1.0
        ]
      ]
    },
    {
      "file_path": "/media/NFS/ttao/scannet/posed_images/scene0316_00/00094.jpg",
      "transform_matrix": [
        [
          0.890785,
          0.284312,
          -0.354498,
          2.816709
        ],
        [
          0.447473,
          -0.412867,
          0.79329,
          1.927196
        ],
        [
          0.079181,
          -0.865279,
          -0.494998,
          1.354965
        ],
        [
          0.0,
          0.0,
          0.0,
          1.0
        ]
      ]
    },
    {
      "file_path": "/media/NFS/ttao/scannet/posed_images/scene0316_00/00097.jpg",
      "transform_matrix": [
        [
          0.887047,
          0.283614,
          -0.364296,
          2.791066
        ],
        [
          0.454731,
          -0.400324,
          0.795588,
          1.917228
        ],
        [
          0.079803,
          -0.87138,
          -0.484074,
          1.352478
        ],
        [
          0.0,
          0.0,
          0.0,
          1.0
        ]
      ]
    },
    {
      "file_path": "/media/NFS/ttao/scannet/posed_images/scene0316_00/00101.jpg",
      "transform_matrix": [
        [
          0.868832,
          0.29498,
          -0.397641,
          2.759982
        ],
        [
          0.488411,
          -0.378992,
          0.786015,
          1.901311
        ],
        [
          0.081156,
          -0.877127,
          -0.473352,
          1.354572
        ],
        [
          0.0,
          0.0,
          0.0,
          1.0
        ]
      ]
    },
    {
      "file_path": "/media/NFS/ttao/scannet/posed_images/scene0316_00/00103.jpg",
      "transform_matrix": [
        [
          0.861149,
          0.303286,
          -0.407969,
          2.747282
        ],
        [
          0.500965,
          -0.369991,
          0.782394,
          1.896926
        ],
        [
          0.086344,
          -0.878137,
          -0.470554,
          1.354682
        ],
        [
          0.0,
          0.0,
          0.0,
          1.0
        ]
      ]
    },
    {
      "file_path": "/media/NFS/ttao/scannet/posed_images/scene0316_00/00105.jpg",
      "transform_matrix": [
        [
          0.855086,
          0.302582,
          -0.421037,
          2.732842
        ],
        [
          0.512763,
          -0.373179,
          0.773183,
          1.896072
        ],
        [
          0.076829,
          -0.87703,
          -0.474253,
          1.354204
        ],
        [
          0.0,
          0.0,
          0.0,
          1.0
        ]
      ]
    },
    {
      "file_path": "/media/NFS/ttao/scannet/posed_images/scene0316_00/00109.jpg",
      "transform_matrix": [
        [
          0.837288,
          0.3079,
          -0.451825,
          2.711184
        ],
        [
          0.544294,
          -0.390947,
          0.74223,
          1.899585
        ],
        [
          0.051893,
          -0.867386,
          -0.494923,
          1.351275
        ],
        [
          0.0,
          0.0,
          0.0,
          1.0
        ]
      ]
    },
    {
      "file_path": "/media/NFS/ttao/scannet/posed_images/scene0316_00/00111.jpg",
      "transform_matrix": [
        [
          0.833112,
          0.313842,
          -0.455441,
          2.695418
        ],
        [
          0.55084,
          -0.396369,
          0.734484,
          1.904774
        ],
        [
          0.04999,
          -0.862783,
          -0.503097,
          1.355131
        ],
        [
          0.0,
          0.0,
          0.0,
          1.0
        ]
      ]
    },
    {
      "file_path": "/media/NFS/ttao/scannet/posed_images/scene0316_00/00112.jpg",
      "transform_matrix": [
        [
          0.828614,
          0.314354,
          -0.463229,
          2.693084
        ],
        [
          0.558002,
          -0.397129,
          0.728644,
          1.909842
        ],
        [
          0.04509,
          -0.862247,
          -0.504477,
          1.355251
        ],
        [
          0.0,
          0.0,
          0.0,
          1.0
        ]
      ]
    },
    {
      "file_path": "/media/NFS/ttao/scannet/posed_images/scene0316_00/00115.jpg",
      "transform_matrix": [
        [
          0.812903,
          0.319522,
          -0.486924,
          2.679624
        ],
        [
          0.581558,
          -0.400408,
          0.708141,
          1.919059
        ],
        [
          0.031298,
          -0.858824,
          -0.511314,
          1.356538
        ],
        [
          0.0,
          0.0,
          0.0,
          1.0
        ]
      ]
    },
    {
      "file_path": "/media/NFS/ttao/scannet/posed_images/scene0316_00/00117.jpg",
      "transform_matrix": [
        [
          0.804965,
          0.32517,
          -0.496283,
          2.672675
        ],
        [
          0.592349,
          -0.392532,
          0.703591,
          1.930032
        ],
        [
          0.03398,
          -0.860339,
          -0.508589,
          1.360038
        ],
        [
          0.0,
          0.0,
          0.0,
          1.0
        ]
      ]
    },
    {
      "file_path": "/media/NFS/ttao/scannet/posed_images/scene0316_00/00122.jpg",
      "transform_matrix": [
        [
          0.767305,
          0.330835,
          -0.549356,
          2.662723
        ],
        [
          0.640952,
          -0.368131,
          0.673543,
          1.952189
        ],
        [
          0.020597,
          -0.868923,
          -0.494518,
          1.375647
        ],
        [
          0.0,
          0.0,
          0.0,
          1.0
        ]
      ]
    },
    {
      "file_path": "/media/NFS/ttao/scannet/posed_images/scene0316_00/00124.jpg",
      "transform_matrix": [
        [
          0.745759,
          0.338342,
          -0.573906,
          2.662865
        ],
        [
          0.665891,
          -0.351635,
          0.657984,
          1.954435
        ],
        [
          0.020818,
          -0.872856,
          -0.487534,
          1.375491
        ],
        [
          0.0,
          0.0,
          0.0,
          1.0
        ]
      ]
    },
    {
      "file_path": "/media/NFS/ttao/scannet/posed_images/scene0316_00/00125.jpg",
      "transform_matrix": [
        [
          0.733559,
          0.342221,
          -0.587176,
          2.66761
        ],
        [
          0.679284,
          -0.341813,
          0.649413,
          1.95647
        ],
        [
          0.021539,
          -0.875242,
          -0.483206,
          1.373307
        ],
        [
          0.0,
          0.0,
          0.0,
          1.0
        ]
      ]
    },
    {
      "file_path": "/media/NFS/ttao/scannet/posed_images/scene0316_00/00129.jpg",
      "transform_matrix": [
        [
          0.679069,
          0.37363,
          -0.631875,
          2.669863
        ],
        [
          0.734021,
          -0.335243,
          0.590614,
          1.954003
        ],
        [
          0.008839,
          -0.864877,
          -0.501905,
          1.367061
        ],
        [
          0.0,
          0.0,
          0.0,
          1.0
        ]
      ]
    },
    {
      "file_path": "/media/NFS/ttao/scannet/posed_images/scene0316_00/00132.jpg",
      "transform_matrix": [
        [
          0.634515,
          0.409236,
          -0.655681,
          2.671106
        ],
        [
          0.772906,
          -0.33297,
          0.540136,
          1.953059
        ],
        [
          0.002721,
          -0.849504,
          -0.527575,
          1.369498
        ],
        [
          0.0,
          0.0,
          0.0,
          1.0
        ]
      ]
    },
    {
      "file_path": "/media/NFS/ttao/scannet/posed_images/scene0316_00/00133.jpg",
      "transform_matrix": [
        [
          0.622293,
          0.418897,
          -0.661269,
          2.667871
        ],
        [
          0.782764,
          -0.32685,
          0.529575,
          1.956924
        ],
        [
          0.005701,
          -0.847168,
          -0.531294,
          1.376947
        ],
        [
          0.0,
          0.0,
          0.0,
          1.0
        ]
      ]
    },
    {
      "file_path": "/media/NFS/ttao/scannet/posed_images/scene0316_00/00137.jpg",
      "transform_matrix": [
        [
          0.581538,
          0.428282,
          -0.691656,
          2.679616
        ],
        [
          0.813431,
          -0.29361,
          0.502118,
          1.954954
        ],
        [
          0.01197,
          -0.854616,
          -0.519123,
          1.370368
        ],
        [
          0.0,
          0.0,
          0.0,
          1.0
        ]
      ]
    },
    {
      "file_path": "/media/NFS/ttao/scannet/posed_images/scene0316_00/00138.jpg",
      "transform_matrix": [
        [
          0.574592,
          0.431144,
          -0.695672,
          2.678129
        ],
        [
          0.818334,
          -0.288925,
          0.496843,
          1.952214
        ],
        [
          0.013214,
          -0.854773,
          -0.518834,
          1.369547
        ],
        [
          0.0,
          0.0,
          0.0,
          1.0
        ]
      ]
    },
    {
      "file_path": "/media/NFS/ttao/scannet/posed_images/scene0316_00/00140.jpg",
      "transform_matrix": [
        [
          0.554501,
          0.443939,
          -0.70388,
          2.675344
        ],
        [
          0.83213,
          -0.286293,
          0.474968,
          1.960293
        ],
        [
          0.009341,
          -0.84909,
          -0.528165,
          1.379905
        ],
        [
          0.0,
          0.0,
          0.0,
          1.0
        ]
      ]
    },
    {
      "file_path": "/media/NFS/ttao/scannet/posed_images/scene0316_00/00143.jpg",
      "transform_matrix": [
        [
          0.521621,
          0.454987,
          -0.721733,
          2.67809
        ],
        [
          0.853175,
          -0.276488,
          0.442319,
          1.955408
        ],
        [
          0.001699,
          -0.846488,
          -0.532406,
          1.379978
        ],
        [
          0.0,
          0.0,
          0.0,
          1.0
        ]
      ]
    },
    {
      "file_path": "/media/NFS/ttao/scannet/posed_images/scene0316_00/00147.jpg",
      "transform_matrix": [
        [
          0.483115,
          0.462651,
          -0.74334,
          2.678348
        ],
        [
          0.875544,
          -0.259963,
          0.407238,
          1.94153
        ],
        [
          -0.004832,
          -0.847569,
          -0.530664,
          1.377915
        ],
        [
          0.0,
          0.0,
          0.0,
          1.0
        ]
      ]
    },
    {
      "file_path": "/media/NFS/ttao/scannet/posed_images/scene0316_00/00150.jpg",
      "transform_matrix": [
        [
          0.452864,
          0.473271,
          -0.755599,
          2.679461
        ],
        [
          0.89148,
          -0.253008,
          0.375832,
          1.943071
        ],
        [
          -0.013303,
          -0.843802,
          -0.53649,
          1.377439
        ],
        [
          0.0,
          0.0,
          0.0,
          1.0
        ]
      ]
    },
    {
      "file_path": "/media/NFS/ttao/scannet/posed_images/scene0316_00/00152.jpg",
      "transform_matrix": [
        [
          0.434886,
          0.477681,
          -0.763345,
          2.675307
        ],
        [
          0.900283,
          -0.24861,
          0.357327,
          1.934326
        ],
        [
          -0.019087,
          -0.842623,
          -0.538166,
          1.375439
        ],
        [
          0.0,
          0.0,
          0.0,
          1.0
        ]
      ]
    },
    {
      "file_path": "/media/NFS/ttao/scannet/posed_images/scene0316_00/00154.jpg",
      "transform_matrix": [
        [
          0.415272,
          0.483321,
          -0.770681,
          2.673038
        ],
        [
          0.909422,
          -0.241399,
          0.338641,
          1.925245
        ],
        [
          -0.02237,
          -0.841503,
          -0.53979,
          1.3728
        ],
        [
          0.0,
          0.0,
          0.0,
          1.0
        ]
      ]
    },
    {
      "file_path": "/media/NFS/ttao/scannet/posed_images/scene0316_00/00156.jpg",
      "transform_matrix": [
        [
          0.393057,
          0.490075,
          -0.778031,
          2.667917
        ],
        [
          0.919212,
          -0.231106,
          0.31881,
          1.91904
        ],
        [
          -0.023567,
          -0.840486,
          -0.54132,
          1.371673
        ],
        [
          0.0,
          0.0,
          0.0,
          1.0
        ]
      ]
    },
    {
      "file_path": "/media/NFS/ttao/scannet/posed_images/scene0316_00/00160.jpg",
      "transform_matrix": [
        [
          0.342657,
          0.510156,
          -0.788877,
          2.648607
        ],
        [
          0.939018,
          -0.211768,
          0.270924,
          1.918143
        ],
        [
          -0.028846,
          -0.833603,
          -0.55161,
          1.38015
        ],
        [
          0.0,
          0.0,
          0.0,
          1.0
        ]
      ]
    },
    {
      "file_path": "/media/NFS/ttao/scannet/posed_images/scene0316_00/00163.jpg",
      "transform_matrix": [
        [
          0.322469,
          0.515253,
          -0.794058,
          2.634615
        ],
        [
          0.946324,
          -0.194987,
          0.257781,
          1.895301
        ],
        [
          -0.022009,
          -0.834562,
          -0.550474,
          1.366062
        ],
        [
          0.0,
          0.0,
          0.0,
          1.0
        ]
      ]
    },
    {
      "file_path": "/media/NFS/ttao/scannet/posed_images/scene0316_00/00164.jpg",
      "transform_matrix": [
        [
          0.316292,
          0.519399,
          -0.793841,
          2.62478
        ],
        [
          0.948504,
          -0.188396,
          0.254649,
          1.889765
        ],
        [
          -0.017292,
          -0.833505,
          -0.552241,
          1.364401
        ],
        [
          0.0,
          0.0,
          0.0,
          1.0
        ]
      ]
    },
    {
      "file_path": "/media/NFS/ttao/scannet/posed_images/scene0316_00/00166.jpg",
      "transform_matrix": [
        [
          0.305173,
          0.525048,
          -0.794477,
          2.602963
        ],
        [
          0.952243,
          -0.177104,
          0.248731,
          1.88509
        ],
        [
          -0.01011,
          -0.832441,
          -0.554021,
          1.366268
        ],
        [
          0.0,
          0.0,
          0.0,
          1.0
        ]
      ]
    },
    {
      "file_path": "/media/NFS/ttao/scannet/posed_images/scene0316_00/00169.jpg",
      "transform_matrix": [
        [
          0.284697,
          0.52817,
          -0.79999,
          2.578201
        ],
        [
          0.958599,
          -0.162103,
          0.234118,
          1.871714
        ],
        [
          -0.006026,
          -0.833522,
          -0.552454,
          1.354873
        ],
        [
          0.0,
          0.0,
          0.0,
          1.0
        ]
      ]
    },
    {
      "file_path": "/media/NFS/ttao/scannet/posed_images/scene0316_00/00173.jpg",
      "transform_matrix": [
        [
          0.247744,
          0.543922,
          -0.80173,
          2.518606
        ],
        [
          0.968737,
          -0.127869,
          0.2126,
          1.858839
        ],
        [
          0.013122,
          -0.829336,
          -0.558596,
          1.372859
        ],
        [
          0.0,
          0.0,
          0.0,
          1.0
        ]
      ]
    },
    {
      "file_path": "/media/NFS/ttao/scannet/posed_images/scene0316_00/00175.jpg",
      "transform_matrix": [
        [
          0.234378,
          0.545246,
          -0.804844,
          2.499918
        ],
        [
          0.971931,
          -0.114044,
          0.205776,
          1.846758
        ],
        [
          0.020411,
          -0.830482,
          -0.556672,
          1.37152
        ],
        [
          0.0,
          0.0,
          0.0,
          1.0
        ]
      ]
    },
    {
      "file_path": "/media/NFS/ttao/scannet/posed_images/scene0316_00/00176.jpg",
      "transform_matrix": [
        [
          0.231466,
          0.548058,
          -0.803776,
          2.483565
        ],
        [
          0.972623,
          -0.112796,
          0.203179,
          1.844797
        ],
        [
          0.020691,
          -0.8288,
          -0.559163,
          1.376799
        ],
        [
          0.0,
          0.0,
          0.0,
          1.0
        ]
      ]
    },
    {
      "file_path": "/media/NFS/ttao/scannet/posed_images/scene0316_00/00180.jpg",
      "transform_matrix": [
        [
          0.202949,
          0.544879,
          -0.813584,
          2.452972
        ],
        [
          0.979177,
          -0.108762,
          0.171415,
          1.836892
        ],
        [
          0.004914,
          -0.831431,
          -0.555606,
          1.37552
        ],
        [
          0.0,
          0.0,
          0.0,
          1.0
        ]
      ]
    },
    {
      "file_path": "/media/NFS/ttao/scannet/posed_images/scene0316_00/00181.jpg",
      "transform_matrix": [
        [
          0.200724,
          0.541625,
          -0.816304,
          2.455068
        ],
        [
          0.979644,
          -0.108485,
          0.168907,
          1.82536
        ],
        [
          0.002927,
          -0.833591,
          -0.552375,
          1.361609
        ],
        [
          0.0,
          0.0,
          0.0,
          1.0
        ]
      ]
    },
    {
      "file_path": "/media/NFS/ttao/scannet/posed_images/scene0316_00/00186.jpg",
      "transform_matrix": [
        [
          0.162881,
          0.57329,
          -0.802999,
          2.41732
        ],
        [
          0.986637,
          -0.091203,
          0.135017,
          1.811795
        ],
        [
          0.004168,
          -0.814261,
          -0.580485,
          1.357269
        ],
        [
          0.0,
          0.0,
          0.0,
          1.0
        ]
      ]
    },
    {
      "file_path": "/media/NFS/ttao/scannet/posed_images/scene0316_00/00188.jpg",
      "transform_matrix": [
        [
          0.154988,
          0.582128,
          -0.798189,
          2.400077
        ],
        [
          0.9879,
          -0.086663,
          0.12862,
          1.809037
        ],
        [
          0.005699,
          -0.808466,
          -0.588516,
          1.353516
        ],
        [
          0.0,
          0.0,
          0.0,
          1.0
        ]
      ]
    },
    {
      "file_path": "/media/NFS/ttao/scannet/posed_images/scene0316_00/00191.jpg",
      "transform_matrix": [
        [
          0.134866,
          0.598255,
          -0.789875,
          2.369891
        ],
        [
          0.990848,
          -0.076902,
          0.110935,
          1.814541
        ],
        [
          0.005625,
          -0.797607,
          -0.603151,
          1.360495
        ],
        [
          0.0,
          0.0,
          0.0,
          1.0
        ]
      ]
    },
    {
      "file_path": "/media/NFS/ttao/scannet/posed_images/scene0316_00/00193.jpg",
      "transform_matrix": [
        [
          0.126594,
          0.598873,
          -0.790775,
          2.34967
        ],
        [
          0.991927,
          -0.070488,
          0.105414,
          1.816239
        ],
        [
          0.007389,
          -0.797736,
          -0.602962,
          1.360996
        ],
        [
          0.0,
          0.0,
          0.0,
          1.0
        ]
      ]
    },
    {
      "file_path": "/media/NFS/ttao/scannet/posed_images/scene0316_00/00194.jpg",
      "transform_matrix": [
        [
          0.124305,
          0.596719,
          -0.792764,
          2.340473
        ],
        [
          0.992227,
          -0.07007,
          0.102839,
          1.819748
        ],
        [
          0.005817,
          -0.799385,
          -0.600791,
          1.360704
        ],
        [
          0.0,
          0.0,
          0.0,
          1.0
        ]
      ]
    },
    {
      "file_path": "/media/NFS/ttao/scannet/posed_images/scene0316_00/00198.jpg",
      "transform_matrix": [
        [
          0.10134,
          0.601539,
          -0.79239,
          2.30665
        ],
        [
          0.99479,
          -0.070138,
          0.073981,
          1.835618
        ],
        [
          -0.011074,
          -0.795759,
          -0.605512,
          1.356685
        ],
        [
          0.0,
          0.0,
          0.0,
