{
  "frames": [
    {
      "file_path": "/media/NFS/ttao/scannet/posed_images/scene0073_02/00003.jpg",
      "transform_matrix": [
        [
          -0.851634,
          0.337919,
          -0.400662,
          2.225845
        ],
        [
          0.522483,
          0.486648,
          -0.700133,
          1.786397
        ],
        [
          -0.041607,
          -0.805596,
          -0.591003,
          1.297482
        ],
        [
          0.0,
          0.0,
          0.0,
          1.0
        ]
      ]
    },
    {
      "file_path": "/media/NFS/ttao/scannet/posed_images/scene0073_02/00004.jpg",
      "transform_matrix": [
        [
          -0.852089,
          0.336851,
          -0.400594,
          2.226619
        ],
        [
          0.521844,
          0.487852,
          -0.699771,
          1.78633
        ],
        [
          -0.040288,
          -0.805315,
          -0.591477,
          1.29657
        ],
        [
          0.0,
          0.0,
          0.0,
          1.0
        ]
      ]
    },
    {
      "file_path": "/media/NFS/ttao/scannet/posed_images/scene0073_02/00008.jpg",
      "transform_matrix": [
        [
          -0.852803,
          0.333904,
          -0.401541,
          2.230852
        ],
        [
          0.521149,
          0.494616,
          -0.695527,
          1.782281
        ],
        [
          -0.033631,
          -0.802411,
          -0.595824,
          1.29653
        ],
        [
          0.0,
          0.0,
          0.0,
          1.0
        ]
      ]
    },
    {
      "file_path": "/media/NFS/ttao/scannet/posed_images/scene0073_02/00013.jpg",
      "transform_matrix": [
        [
          -0.839097,
          0.345783,
          -0.41994,
          2.266104
        ],
        [
          0.542993,
          0.485886,
          -0.684889,
          1.751921
        ],
        [
          -0.03278,
          -0.802713,
          -0.595464,
          1.290625
        ],
        [
          0.0,
          0.0,
          0.0,
          1.0
        ]
      ]
    },
    {
      "file_path": "/media/NFS/ttao/scannet/posed_images/scene0073_02/00017.jpg",
      "transform_matrix": [
        [
          -0.846538,
          0.34154,
          -0.408318,
          2.264098
        ],
        [
          0.531308,
          0.49462,
          -0.687796,
          1.7514
        ],
        [
          -0.032948,
          -0.799188,
          -0.600178,
          1.281275
        ],
        [
          0.0,
          0.0,
          0.0,
          1.0
        ]
      ]
    },
    {
      "file_path": "/media/NFS/ttao/scannet/posed_images/scene0073_02/00022.jpg",
      "transform_matrix": [
        [
          -0.86059,
          0.331965,
          -0.386245,
          2.257003
        ],
        [
          0.508574,
          0.51968,
          -0.686502,
          1.745493
        ],
        [
          -0.027171,
          -0.78723,
          -0.61606,
          1.276237
        ],
        [
          0.0,
          0.0,
          0.0,
          1.0
        ]
      ]
    },
    {
      "file_path": "/media/NFS/ttao/scannet/posed_images/scene0073_02/00026.jpg",
      "transform_matrix": [
        [
          -0.868198,
          0.324108,
          -0.375747,
          2.260121
        ],
        [
          0.49558,
          0.527983,
          -0.689662,
          1.742956
        ],
        [
          -0.025137,
          -0.784976,
          -0.619016,
          1.267722
        ],
        [
          0.0,
          0.0,
          0.0,
          1.0
        ]
      ]
    },
    {
      "file_path": "/media/NFS/ttao/scannet/posed_images/scene0073_02/00031.jpg",
      "transform_matrix": [
        [
          -0.877598,
          0.323359,
          -0.353924,
          2.268091
        ],
        [
          0.478872,
          0.556721,
          -0.678781,
          1.744978
        ],
        [
          -0.022453,
          -0.76518,
          -0.643425,
          1.233781
        ],
        [
          0.0,
          0.0,
          0.0,
          1.0
        ]
      ]
    },
    {
      "file_path": "/media/NFS/ttao/scannet/posed_images/scene0073_02/00035.jpg",
      "transform_matrix": [
        [
          -0.877817,
          0.336035,
          -0.341346,
          2.265758
        ],
        [
          0.477921,
          0.566745,
          -0.671112,
          1.741255
        ],
        [
          -0.032062,
          -0.75225,
          -0.658097,
          1.230651
        ],
        [
          0.0,
          0.0,
          0.0,
          1.0
        ]
      ]
    },
    {
      "file_path": "/media/NFS/ttao/scannet/posed_images/scene0073_02/00037.jpg",
      "transform_matrix": [
        [
          -0.877443,
          0.336495,
          -0.341855,
          2.26373
        ],
        [
          0.478398,
          0.561797,
          -0.674922,
          1.738668
        ],
        [
          -0.035055,
          -0.755748,
          -0.653923,
          1.236691
        ],
        [
          0.0,
          0.0,
          0.0,
          1.0
        ]
      ]
    },
    {
      "file_path": "/media/NFS/ttao/scannet/posed_images/scene0073_02/00045.jpg",
      "transform_matrix": [
        [
          -0.874463,
          0.312535,
          -0.370994,
          2.258943
        ],
        [
          0.483945,
          0.509502,
          -0.711481,
          1.737771
        ],
        [
          -0.033341,
          -0.801704,
          -0.59679,
          1.262927
        ],
        [
          0.0,
          0.0,
          0.0,
          1.0
        ]
      ]
    },
    {
      "file_path": "/media/NFS/ttao/scannet/posed_images/scene0073_02/00046.jpg",
      "transform_matrix": [
        [
          -0.873685,
          0.310385,
          -0.374614,
          2.258824
        ],
        [
          0.485372,
          0.503907,
          -0.714487,
          1.737397
        ],
        [
          -0.032995,
          -0.806064,
          -0.590908,
          1.267528
        ],
        [
          0.0,
          0.0,
          0.0,
          1.0
        ]
      ]
    },
    {
      "file_path": "/media/NFS/ttao/scannet/posed_images/scene0073_02/00050.jpg",
      "transform_matrix": [
        [
          -0.870269,
          0.293857,
          -0.395321,
          2.260701
        ],
        [
          0.491918,
          0.477016,
          -0.728335,
          1.742359
        ],
        [
          -0.025452,
          -0.828313,
          -0.559687,
          1.270694
        ],
        [
          0.0,
          0.0,
          0.0,
          1.0
        ]
      ]
    },
    {
      "file_path": "/media/NFS/ttao/scannet/posed_images/scene0073_02/00055.jpg",
      "transform_matrix": [
        [
          -0.856511,
          0.284422,
          -0.430689,
          2.265448
        ],
        [
          0.515784,
          0.441171,
          -0.734394,
          1.734655
        ],
        [
          -0.01887,
          -0.851159,
          -0.524568,
          1.292984
        ],
        [
          0.0,
          0.0,
          0.0,
          1.0
        ]
      ]
    },
    {
      "file_path": "/media/NFS/ttao/scannet/posed_images/scene0073_02/00062.jpg",
      "transform_matrix": [
        [
          -0.84093,
          0.260655,
          -0.474231,
          2.259305
        ],
        [
          0.54106,
          0.389548,
          -0.745323,
          1.736693
        ],
        [
          -0.009537,
          -0.883352,
          -0.468613,
          1.322762
        ],
        [
          0.0,
          0.0,
          0.0,
          1.0
        ]
      ]
    },
    {
      "file_path": "/media/NFS/ttao/scannet/posed_images/scene0073_02/00067.jpg",
      "transform_matrix": [
        [
          -0.827775,
          0.259056,
          -0.497673,
          2.258359
        ],
        [
          0.560974,
          0.366605,
          -0.742233,
          1.736434
        ],
        [
          -0.00983,
          -0.893583,
          -0.44879,
          1.329322
        ],
        [
          0.0,
          0.0,
          0.0,
          1.0
        ]
      ]
    },
    {
      "file_path": "/media/NFS/ttao/scannet/posed_images/scene0073_02/00071.jpg",
      "transform_matrix": [
        [
          -0.81704,
          0.261,
          -0.514126,
          2.259458
        ],
        [
          0.576478,
          0.352882,
          -0.736985,
          1.736476
        ],
        [
          -0.010928,
          -0.898528,
          -0.43878,
          1.328842
        ],
        [
          0.0,
          0.0,
          0.0,
          1.0
        ]
      ]
    },
    {
      "file_path": "/media/NFS/ttao/scannet/posed_images/scene0073_02/00074.jpg",
      "transform_matrix": [
        [
          -0.813892,
          0.259749,
          -0.519721,
          2.259158
        ],
        [
          0.580797,
          0.339167,
          -0.740027,
          1.73845
        ],
        [
          -0.015949,
          -0.904155,
          -0.426907,
          1.331064
        ],
        [
          0.0,
          0.0,
          0.0,
          1.0
        ]
      ]
    },
    {
      "file_path": "/media/NFS/ttao/scannet/posed_images/scene0073_02/00080.jpg",
      "transform_matrix": [
        [
          -0.812499,
          0.252904,
          -0.525247,
          2.258478
        ],
        [
          0.582643,
          0.322481,
          -0.746011,
          1.74442
        ],
        [
          -0.019287,
          -0.912165,
          -0.409369,
          1.327133
        ],
        [
          0.0,
          0.0,
          0.0,
          1.0
        ]
      ]
    },
    {
      "file_path": "/media/NFS/ttao/scannet/posed_images/scene0073_02/00081.jpg",
      "transform_matrix": [
        [
          -0.813845,
          0.2529,
          -0.523162,
          2.257935
        ],
        [
          0.580774,
          0.324701,
          -0.746505,
          1.74405
        ],
        [
          -0.01892,
          -0.911379,
          -0.411134,
          1.326136
        ],
        [
          0.0,
          0.0,
          0.0,
          1.0
        ]
      ]
    },
    {
      "file_path": "/media/NFS/ttao/scannet/posed_images/scene0073_02/00085.jpg",
      "transform_matrix": [
        [
          -0.816404,
          0.264827,
          -0.513178,
          2.260479
        ],
        [
          0.57714,
          0.343615,
          -0.740836,
          1.744981
        ],
        [
          -0.019858,
          -0.900997,
          -0.433371,
          1.307713
        ],
        [
          0.0,
          0.0,
          0.0,
          1.0
        ]
      ]
    },
    {
      "file_path": "/media/NFS/ttao/scannet/posed_images/scene0073_02/00089.jpg",
      "transform_matrix": [
        [
          -0.814757,
          0.288225,
          -0.503088,
          2.253259
        ],
        [
          0.579314,
          0.36906,
          -0.726766,
          1.744324
        ],
        [
          -0.023803,
          -0.883584,
          -0.467668,
          1.292199
        ],
        [
          0.0,
          0.0,
          0.0,
          1.0
        ]
      ]
    },
    {
      "file_path": "/media/NFS/ttao/scannet/posed_images/scene0073_02/00096.jpg",
      "transform_matrix": [
        [
          -0.780745,
          0.337299,
          -0.525992,
          2.255534
        ],
        [
          0.624374,
          0.388261,
          -0.677798,
          1.739972
        ],
        [
          -0.024398,
          -0.857603,
          -0.513733,
          1.267439
        ],
        [
          0.0,
          0.0,
          0.0,
          1.0
        ]
      ]
    },
    {
      "file_path": "/media/NFS/ttao/scannet/posed_images/scene0073_02/00100.jpg",
      "transform_matrix": [
        [
          -0.760017,
          0.362497,
          -0.539416,
          2.248071
        ],
        [
          0.649513,
          0.394936,
          -0.649737,
          1.739816
        ],
        [
          -0.022493,
          -0.844169,
          -0.535605,
          1.261119
        ],
        [
          0.0,
          0.0,
          0.0,
          1.0
        ]
      ]
    },
    {
      "file_path": "/media/NFS/ttao/scannet/posed_images/scene0073_02/00101.jpg",
      "transform_matrix": [
        [
          -0.75469,
          0.368541,
          -0.542789,
          2.248544
        ],
        [
          0.655702,
          0.395553,
          -0.643112,
          1.739953
        ],
        [
          -0.022311,
          -0.841258,
          -0.540173,
          1.257168
        ],
        [
          0.0,
          0.0,
          0.0,
          1.0
        ]
      ]
    },
    {
      "file_path": "/media/NFS/ttao/scannet/posed_images/scene0073_02/00109.jpg",
      "transform_matrix": [
        [
          -0.722688,
          0.403691,
          -0.561031,
          2.241844
        ],
        [
          0.690993,
          0.403361,
          -0.599857,
          1.735186
        ],
        [
          -0.015858,
          -0.821178,
          -0.570451,
          1.239227
        ],
        [
          0.0,
          0.0,
          0.0,
          1.0
        ]
      ]
    },
    {
      "file_path": "/media/NFS/ttao/scannet/posed_images/scene0073_02/00113.jpg",
      "transform_matrix": [
        [
          -0.714114,
          0.418926,
          -0.56084,
          2.222306
        ],
        [
          0.699841,
          0.408677,
          -0.585837,
          1.728057
        ],
        [
          -0.01622,
          -0.810854,
          -0.585024,
          1.248605
        ],
        [
          0.0,
          0.0,
          0.0,
          1.0
        ]
      ]
    },
    {
      "file_path": "/media/NFS/ttao/scannet/posed_images/scene0073_02/00114.jpg",
      "transform_matrix": [
        [
          -0.71281,
          0.422392,
          -0.559899,
          2.216168
        ],
        [
          0.701088,
          0.407021,
          -0.585499,
          1.727663
        ],
        [
          -0.01942,
          -0.809889,
          -0.586262,
          1.24651
        ],
        [
          0.0,
          0.0,
          0.0,
          1.0
        ]
      ]
    },
    {
      "file_path": "/media/NFS/ttao/scannet/posed_images/scene0073_02/00119.jpg",
      "transform_matrix": [
        [
          -0.721261,
          0.416051,
          -0.553791,
          2.189107
        ],
        [
          0.692374,
          0.409928,
          -0.593782,
          1.721247
        ],
        [
          -0.02003,
          -0.811702,
          -0.583728,
          1.24524
        ],
        [
          0.0,
          0.0,
          0.0,
          1.0
        ]
      ]
    },
    {
      "file_path": "/media/NFS/ttao/scannet/posed_images/scene0073_02/00123.jpg",
      "transform_matrix": [
        [
          -0.720543,
          0.430642,
          -0.543475,
          2.158645
        ],
        [
          0.692726,
          0.412256,
          -0.591756,
          1.713935
        ],
        [
          -0.030785,
          -0.802865,
          -0.595365,
          1.234059
        ],
        [
          0.0,
          0.0,
          0.0,
          1.0
        ]
      ]
    },
    {
      "file_path": "/media/NFS/ttao/scannet/posed_images/scene0073_02/00127.jpg",
      "transform_matrix": [
        [
          -0.700574,
          0.440956,
          -0.561029,
          2.134031
        ],
        [
          0.713385,
          0.414429,
          -0.565093,
          1.675616
        ],
        [
          -0.016675,
          -0.796119,
          -0.60491,
          1.238171
        ],
        [
          0.0,
          0.0,
          0.0,
          1.0
        ]
      ]
    },
    {
      "file_path": "/media/NFS/ttao/scannet/posed_images/scene0073_02/00135.jpg",
      "transform_matrix": [
        [
          -0.624478,
          0.432112,
          -0.65062,
          2.088686
        ],
        [
          0.78103,
          0.340743,
          -0.523342,
          1.584255
        ],
        [
          -0.004448,
          -0.834969,
          -0.550278,
          1.283604
        ],
        [
          0.0,
          0.0,
          0.0,
          1.0
        ]
      ]
    },
    {
      "file_path": "/media/NFS/ttao/scannet/posed_images/scene0073_02/00139.jpg",
      "transform_matrix": [
        [
          -0.591624,
          0.413961,
          -0.691822,
          2.077195
        ],
        [
          0.806179,
          0.295829,
          -0.512406,
          1.543901
        ],
        [
          -0.007455,
          -0.860884,
          -0.508746,
          1.308923
        ],
        [
          0.0,
          0.0,
          0.0,
          1.0
        ]
      ]
    },
    {
      "file_path": "/media/NFS/ttao/scannet/posed_images/scene0073_02/00144.jpg",
      "transform_matrix": [
        [
          -0.567614,
          0.382996,
          -0.728786,
          2.069972
        ],
        [
          0.823284,
          0.259619,
          -0.504778,
          1.502695
        ],
        [
          -0.004121,
          -0.886517,
          -0.462678,
          1.33895
        ],
        [
          0.0,
          0.0,
          0.0,
          1.0
        ]
      ]
    },
    {
      "file_path": "/media/NFS/ttao/scannet/posed_images/scene0073_02/00146.jpg",
      "transform_matrix": [
        [
          -0.565914,
          0.373065,
          -0.73523,
          2.063739
        ],
        [
          0.824424,
          0.24731,
          -0.509079,
          1.488351
        ],
        [
          -0.00809,
          -0.894237,
          -0.447521,
          1.356367
        ],
        [
          0.0,
          0.0,
          0.0,
          1.0
        ]
      ]
    },
    {
      "file_path": "/media/NFS/ttao/scannet/posed_images/scene0073_02/00149.jpg",
      "transform_matrix": [
        [
          -0.565815,
          0.349616,
          -0.746741,
          2.058499
        ],
        [
          0.824514,
          0.245883,
          -0.509625,
          1.474845
        ],
        [
          0.005438,
          -0.904052,
          -0.427388,
          1.373023
        ],
        [
          0.0,
          0.0,
          0.0,
          1.0
        ]
      ]
    },
    {
      "file_path": "/media/NFS/ttao/scannet/posed_images/scene0073_02/00155.jpg",
      "transform_matrix": [
        [
          -0.576368,
          0.31297,
          -0.754884,
          2.049189
        ],
        [
          0.817156,
          0.229204,
          -0.528887,
          1.47476
        ],
        [
          0.007497,
          -0.921692,
          -0.387851,
          1.386886
        ],
        [
          0.0,
          0.0,
          0.0,
          1.0
        ]
      ]
    },
    {
      "file_path": "/media/NFS/ttao/scannet/posed_images/scene0073_02/00160.jpg",
      "transform_matrix": [
        [
          -0.578196,
          0.291146,
          -0.762184,
          2.040258
        ],
        [
          0.815883,
          0.212061,
          -0.537927,
          1.475401
        ],
        [
          0.005014,
          -0.93288,
          -0.360154,
          1.400666
        ],
        [
          0.0,
          0.0,
          0.0,
          1.0
        ]
      ]
    },
    {
      "file_path": "/media/NFS/ttao/scannet/posed_images/scene0073_02/00162.jpg",
      "transform_matrix": [
        [
          -0.578598,
          0.287008,
          -0.763447,
          2.038008
        ],
        [
          0.815583,
          0.211597,
          -0.538563,
          1.477082
        ],
        [
          0.006971,
          -0.934266,
          -0.356509,
          1.397119
        ],
        [
          0.0,
          0.0,
          0.0,
          1.0
        ]
      ]
    },
    {
      "file_path": "/media/NFS/ttao/scannet/posed_images/scene0073_02/00166.jpg",
      "transform_matrix": [
        [
          -0.580827,
          0.307678,
          -0.753641,
          2.029248
        ],
        [
          0.813936,
          0.233367,
          -0.532023,
          1.480762
        ],
        [
          0.012183,
          -0.922428,
          -0.385976,
          1.373564
        ],
        [
          0.0,
          0.0,
          0.0,
          1.0
        ]
      ]
    },
    {
      "file_path": "/media/NFS/ttao/scannet/posed_images/scene0073_02/00172.jpg",
      "transform_matrix": [
        [
          -0.576235,
          0.376823,
          -0.725229,
          2.012689
        ],
        [
          0.817283,
          0.264315,
          -0.512041,
          1.493446
        ],
        [
          -0.001259,
          -0.887774,
          -0.460279,
          1.311413
        ],
        [
          0.0,
          0.0,
          0.0,
          1.0
        ]
      ]
    },
    {
      "file_path": "/media/NFS/ttao/scannet/posed_images/scene0073_02/00177.jpg",
      "transform_matrix": [
        [
          -0.570034,
          0.423796,
          -0.703888,
          2.003902
        ],
        [
          0.821609,
          0.289262,
          -0.491209,
          1.492363
        ],
        [
          -0.004565,
          -0.858326,
          -0.513084,
          1.282798
        ],
        [
          0.0,
          0.0,
          0.0,
          1.0
        ]
      ]
    },
    {
      "file_path": "/media/NFS/ttao/scannet/posed_images/scene0073_02/00178.jpg",
      "transform_matrix": [
        [
          -0.570862,
          0.43404,
          -0.69694,
          1.999461
        ],
        [
          0.821038,
          0.297998,
          -0.486923,
          1.49693
        ],
        [
          -0.003657,
          -0.85018,
          -0.526479,
          1.271968
        ],
        [
          0.0,
          0.0,
          0.0,
          1.0
        ]
      ]
    },
    {
      "file_path": "/media/NFS/ttao/scannet/posed_images/scene0073_02/00185.jpg",
      "transform_matrix": [
        [
          -0.554292,
          0.463281,
          -0.691471,
          1.997894
        ],
        [
          0.83231,
          0.31301,
          -0.457476,
          1.495588
        ],
        [
          0.004497,
          -0.829093,
          -0.559092,
          1.250431
        ],
        [
          0.0,
          0.0,
          0.0,
          1.0
        ]
      ]
    },
    {
      "file_path": "/media/NFS/ttao/scannet/posed_images/scene0073_02/00187.jpg",
      "transform_matrix": [
        [
          -0.547871,
          0.466883,
          -0.694159,
          1.992544
        ],
        [
          0.836561,
          0.307359,
          -0.453538,
          1.495476
        ],
        [
          0.001607,
          -0.829187,
          -0.558969,
          1.257271
        ],
        [
          0.0,
          0.0,
          0.0,
          1.0
        ]
      ]
    },
    {
      "file_path": "/media/NFS/ttao/scannet/posed_images/scene0073_02/00191.jpg",
      "transform_matrix": [
        [
          -0.531218,
          0.461018,
          -0.710823,
          1.984104
        ],
        [
          0.847218,
          0.283652,
          -0.449182,
          1.500221
        ],
        [
          -0.005454,
          -0.840835,
          -0.541263,
          1.277188
        ],
        [
          0.0,
          0.0,
          0.0,
          1.0
        ]
      ]
    },
    {
      "file_path": "/media/NFS/ttao/scannet/posed_images/scene0073_02/00196.jpg",
      "transform_matrix": [
        [
          -0.497775,
          0.435833,
          -0.749846,
          1.976628
        ],
        [
          0.86729,
          0.244941,
          -0.433372,
          1.503736
        ],
        [
          -0.005209,
          -0.866056,
          -0.499919,
          1.306851
        ],
        [
          0.0,
          0.0,
          0.0,
          1.0
        ]
      ]
    },
    {
      "file_path": "/media/NFS/ttao/scannet/posed_images/scene0073_02/00200.jpg",
      "transform_matrix": [
        [
          -0.468501,
          0.407873,
          -0.783675,
          1.971017
        ],
        [
          0.883453,
          0.212122,
          -0.41775,
          1.506528
        ],
        [
          -0.004154,
          -0.888056,
          -0.459717,
          1.334804
        ],
        [
          0.0,
          0.0,
          0.0,
          1.0
        ]
      ]
    },
    {
      "file_path": "/media/NFS/ttao/scannet/posed_images/scene0073_02/00204.jpg",
      "transform_matrix": [
        [
          -0.434848,
          0.378209,
          -0.81723,
          1.964315
        ],
        [
          0.900478,
          0.175746,
          -0.39781,
          1.509126
        ],
        [
          -0.00683,
          -0.908885,
          -0.416992,
          1.367107
        ],
        [
          0.0,
          0.0,
          0.0,
          1.0
        ]
      ]
    },
    {
      "file_path": "/media/NFS/ttao/scannet/posed_images/scene0073_02/00212.jpg",
      "transform_matrix": [
        [
          -0.390526,
          0.294231,
          -0.872306,
          1.960876
        ],
        [
          0.920587,
          0.127777,
          -0.369042,
          1.526554
        ],
        [
          0.002877,
          -0.947154,
          -0.320765,
          1.397684
        ],
        [
          0.0,
          0.0,
          0.0,
          1.0
        ]
      ]
    },
    {
      "file_path": "/media/NFS/ttao/scannet/posed_images/scene0073_02/00214.jpg",
      "transform_matrix": [
        [
          -0.38581,
          0.276618,
          -0.880132,
          1.959955
        ],
        [
          0.922572,
          0.119279,
          -0.366925,
          1.52825
        ],
        [
          0.003483,
          -0.953548,
          -0.301219,
          1.406173
        ],
        [
          0.0,
          0.0,
          0.0,
          1.0
        ]
      ]
    },
    {
      "file_path": "/media/NFS/ttao/scannet/posed_images/scene0073_02/00220.jpg",
      "transform_matrix": [
        [
          -0.381329,
          0.209502,
          -0.900387,
          1.956146
        ],
        [
          0.924436,
          0.084026,
          -0.371963,
          1.541574
        ],
        [
          -0.002271,
          -0.974191,
          -0.225713,
          1.437552
        ],
        [
          0.0,
          0.0,
          0.0,
          1.0
        ]
      ]
    },
    {
      "file_path": "/media/NFS/ttao/scannet/posed_images/scene0073_02/00223.jpg",
      "transform_matrix": [
        [
          -0.368672,
          0.174921,
          -0.912953,
          1.958729
        ],
        [
          0.929554,
          0.065883,
          -0.362752,
          1.538666
        ],
        [
          -0.003305,
          -0.982376,
          -0.186887,
          1.458754
        ],
        [
          0.0,
          0.0,
          0.0,
          1.0
        ]
      ]
    },
    {
      "file_path": "/media/NFS/ttao/scannet/posed_images/scene0073_02/00227.jpg",
      "transform_matrix": [
        [
          -0.333563,
          0.147064,
          -0.931186,
          1.959884
        ],
        [
          0.942721,
          0.055616,
          -0.328912,
          1.531307
        ],
        [
          0.003418,
          -0.987562,
          -0.157192,
          1.479337
        ],
        [
          0.0,
          0.0,
          0.0,
          1.0
        ]
      ]
    },
    {
      "file_path": "/media/NFS/ttao/scannet/posed_images/scene0073_02/00234.jpg",
      "transform_matrix": [
        [
          -0.223889,
          0.091182,
          -0.97034,
          1.967587
        ],
        [
          0.974603,
          0.025696,
          -0.222458,
          1.483343
        ],
        [
          0.004649,
          -0.995503,
          -0.094619,
          1.520349
        ],
        [
          0.0,
          0.0,
          0.0,
          1.0
        ]
      ]
    },
    {
      "file_path": "/media/NFS/ttao/scannet/posed_images/scene0073_02/00238.jpg",
      "transform_matrix": [
        [
          -0.154928,
          0.045774,
          -0.986865,
          1.982377
        ],
        [
          0.987784,
          -0.009764,
          -0.155525,
          1.449093
        ],
        [
          -0.016755,
          -0.998904,
          -0.043702,
          1.543794
        ],
        [
          0.0,
          0.0,
          0.0,
          1.0
        ]
      ]
    },
    {
      "file_path": "/media/NFS/ttao/scannet/posed_images/scene0073_02/00239.jpg",
      "transform_matrix": [
        [
          -0.142137,
          0.0348,
          -0.989235,
          1.985462
        ],
        [
          0.989718,
          -0.011159,
          -0.142599,
          1.444391
        ],
        [
          -0.016001,
          -0.999332,
          -0.032857,
          1.547183
        ],
        [
          0.0,
          0.0,
          0.0,
          1.0
        ]
      ]
    },
    {
      "file_path": "/media/NFS/ttao/scannet/posed_images/scene0073_02/00243.jpg",
      "transform_matrix": [
        [
          -0.095443,
          0.017376,
          -0.995283,
          1.993184
        ],
        [
          0.995381,
          -0.008751,
          -0.095605,
          1.429764
        ],
        [
          -0.010371,
          -0.999811,
          -0.016461,
          1.566562
        ],
        [
          0.0,
          0.0,
          0.0,
          1.0
        ]
      ]
    },
    {
      "file_path": "/media/NFS/ttao/scannet/posed_images/scene0073_02/00248.jpg",
      "transform_matrix": [
        [
          -0.051713,
          -7e-05,
          -0.998662,
          2.004422
        ],
        [
          0.998596,
          -0.01149,
          -0.051709,
          1.411912
        ],
        [
          -0.011471,
          -0.999934,
          0.000664,
          1.580765
        ],
        [
          0.0,
          0.0,
          0.0,
          1.0
        ]
      ]
    },
    {
      "file_path": "/media/NFS/ttao/scannet/posed_images/scene0073_02/00254.jpg",
      "transform_matrix": [
        [
          0.004281,
          -0.028216,
          -0.999593,
          2.011494
        ],
        [
          0.999914,
          -0.012285,
          0.004629,
          1.415086
        ],
        [
          -0.012411,
          -0.999526,
          0.02816,
          1.601521
        ],
        [
          0.0,
          0.0,
          0.0,
          1.0
        ]
      ]
    },
    {
      "file_path": "/media/NFS/ttao/scannet/posed_images/scene0073_02/00258.jpg",
      "transform_matrix": [
        [
          0.029291,
          -0.04462,
          -0.998575,
          2.014787
        ],
        [
          0.999422,
          -0.015916,
          0.030027,
          1.420348
        ],
        [
          -0.017233,
          -0.998877,
          0.044128,
          1.604848
        ],
        [
          0.0,
          0.0,
          0.0,
          1.0
        ]
      ]
    },
    {
      "file_path": "/media/NFS/ttao/scannet/posed_images/scene0073_02/00262.jpg",
      "transform_matrix": [
        [
          0.041988,
          -0.037107,
          -0.998429,
          2.008127
        ],
        [
          0.998998,
          -0.013912,
          0.042529,
          1.438624
        ],
        [
          -0.015469,
          -0.999214,
          0.036486,
          1.594761
        ],
        [
          0.0,
          0.0,
          0.0,
          1.0
        ]
      ]
    },
    {
      "file_path": "/media/NFS/ttao/scannet/posed_images/scene0073_02/00266.jpg",
      "transform_matrix": [
        [
          0.027491,
          0.005469,
          -0.999607,
          1.995757
        ],
        [
          0.999311,
          -0.025083,
          0.027345,
          1.448852
        ],
        [
          -0.024924,
          -0.99967,
          -0.006155,
          1.571741
        ],
        [
          0.0,
          0.0,
          0.0,
          1.0
        ]
      ]
    },
    {
      "file_path": "/media/NFS/ttao/scannet/posed_images/scene0073_02/00268.jpg",
      "transform_matrix": [
        [
          0.022333,
          0.031506,
          -0.999254,
          1.988685
        ],
        [
          0.999452,
          -0.025128,
          0.021545,
          1.450505
        ],
        [
          -0.024431,
          -0.999188,
          -0.03205,
          1.547155
        ],
        [
          0.0,
          0.0,
          0.0,
          1.0
        ]
      ]
    },
    {
      "file_path": "/media/NFS/ttao/scannet/posed_images/scene0073_02/00276.jpg",
      "transform_matrix": [
        [
          -0.008936,
          0.189896,
          -0.981764,
          1.949607
        ],
        [
          0.999915,
          -0.007579,
          -0.010567,
          1.474772
        ],
        [
          -0.009447,
          -0.981775,
          -0.189812,
          1.489322
        ],
        [
          0.0,
          0.0,
          0.0,
          1.0
        ]
      ]
    },
    {
      "file_path": "/media/NFS/ttao/scannet/posed_images/scene0073_02/00279.jpg",
      "transform_matrix": [
        [
          -0.021023,
          0.229222,
          -0.973147,
          1.941147
        ],
        [
          0.999689,
          -0.008235,
          -0.023536,
          1.482199
        ],
        [
          -0.013408,
          -0.973339,
          -0.228977,
          1.468285
        ],
        [
          0.0,
          0.0,
          0.0,
          1.0
        ]
      ]
    },
    {
      "file_path": "/media/NFS/ttao/scannet/posed_images/scene0073_02/00284.jpg",
      "transform_matrix": [
        [
          -0.042865,
          0.311545,
          -0.949264,
          1.927499
        ],
        [
          0.999029,
          0.00369,
          -0.043901,
          1.476831
        ],
        [
          -0.010174,
          -0.950224,
          -0.311401,
          1.434604
        ],
        [
          0.0,
          0.0,
          0.0,
          1.0
        ]
      ]
    },
    {
      "file_path": "/media/NFS/ttao/scannet/posed_images/scene0073_02/00289.jpg",
      "transform_matrix": [
        [
          -0.083,
          0.387678,
          -0.91805,
          1.914521
        ],
        [
          0.996549,
          0.031663,
          -0.076726,
          1.480281
        ],
        [
          -0.000677,
          -0.921251,
          -0.388969,
          1.404118
        ],
        [
          0.0,
          0.0,
          0.0,
          1.0
        ]
      ]
    },
    {
      "file_path": "/media/NFS/ttao/scannet/posed_images/scene0073_02/00290.jpg",
      "transform_matrix": [
        [
          -0.087193,
          0.391337,
          -0.916108,
          1.922582
        ],
        [
          0.996153,
          0.042333,
          -0.076728,
          1.466546
        ],
        [
          0.008755,
          -0.919273,
          -0.393522,
          1.370792
        ],
        [
          0.0,
          0.0,
          0.0,
          1.0
        ]
      ]
    },
    {
      "file_path": "/media/NFS/ttao/scannet/posed_images/scene0073_02/00294.jpg",
      "transform_matrix": [
        [
          -0.133434,
          0.44001,
          -0.888024,
          1.914174
        ],
        [
          0.991022,
          0.066865,
          -0.115779,
          1.466567
        ],
        [
          0.008434,
          -0.8955,
          -0.444982,
          1.345052
        ],
        [
          0.0,
          0.0,
          0.0,
          1.0
        ]
      ]
    },
    {
      "file_path": "/media/NFS/ttao/scannet/posed_images/scene0073_02/00300.jpg",
      "transform_matrix": [
        [
          -0.165091,
          0.475203,
          -0.86425,
          1.912337
        ],
        [
          0.986228,
          0.070694,
          -0.14952,
          1.441189
        ],
        [
          -0.009955,
          -0.877032,
          -0.480329,
          1.307784
        ],
        [
          0.0,
          0.0,
          0.0,
          1.0
        ]
      ]
    },
    {
      "file_path": "/media/NFS/ttao/scannet/posed_images/scene0073_02/00304.jpg",
      "transform_matrix": [
        [
          -0.154981,
          0.47914,
          -0.863948,
          1.908951
        ],
        [
          0.987832,
          0.063624,
          -0.141918,
          1.41236
        ],
        [
          -0.013031,
          -0.87543,
          -0.48317,
          1.300041
        ],
        [
          0.0,
          0.0,
          0.0,
          1.0
        ]
      ]
    },
    {
      "file_path": "/media/NFS/ttao/scannet/posed_images/scene0073_02/00309.jpg",
      "transform_matrix": [
        [
          -0.128715,
          0.488586,
          -0.86297,
          1.903592
        ],
        [
          0.990961,
          0.0302,
          -0.130707,
          1.362559
        ],
        [
          -0.0378,
          -0.871993,
          -0.488056,
          1.293461
        ],
        [
          0.0,
          0.0,
          0.0,
          1.0
        ]
      ]
    },
    {
      "file_path": "/media/NFS/ttao/scannet/posed_images/scene0073_02/00312.jpg",
      "transform_matrix": [
        [
          -0.107857,
          0.493841,
          -0.862837,
          1.896014
        ],
        [
          0.993536,
          0.022638,
          -0.111238,
          1.329071
        ],
        [
          -0.0354,
          -0.869258,
          -0.49309,
          1.292643
        ],
        [
          0.0,
          0.0,
          0.0,
          1.0
        ]
      ]
    },
    {
      "file_path": "/media/NFS/ttao/scannet/posed_images/scene0073_02/00318.jpg",
      "transform_matrix": [
        [
          -0.047566,
          0.513357,
          -0.856856,
          1.884645
        ],
        [
          0.997978,
          -0.011775,
          -0.062455,
          1.288244
        ],
        [
          -0.042151,
          -0.858094,
          -0.511759,
          1.291632
        ],
        [
          0.0,
          0.0,
          0.0,
          1.0
        ]
      ]
    },
    {
      "file_path": "/media/NFS/ttao/scannet/posed_images/scene0073_02/00320.jpg",
      "transform_matrix": [
        [
          -0.036236,
          0.517628,
          -0.854838,
          1.878258
        ],
        [
          0.998581,
          -0.01464,
          -0.051194,
          1.283525
        ],
        [
          -0.039014,
          -0.855481,
          -0.516363,
          1.30099
        ],
        [
          0.0,
          0.0,
          0.0,
          1.0
        ]
      ]
    },
    {
      "file_path": "/media/NFS/ttao/scannet/posed_images/scene0073_02/00327.jpg",
      "transform_matrix": [
        [
          -0.013761,
          0.49911,
          -0.866429,
          1.85904
        ],
        [
          0.999209,
          -0.025463,
          -0.030539,
          1.285514
        ],
        [
          -0.037304,
          -0.866164,
          -0.498365,
          1.312793
        ],
        [
          0.0,
          0.0,
          0.0,
          1.0
        ]
      ]
    },
    {
      "file_path": "/media/NFS/ttao/scannet/posed_images/scene0073_02/00331.jpg",
      "transform_matrix": [
        [
          -0.000667,
          0.507609,
          -0.861588,
          1.845872
        ],
        [
          0.999125,
          -0.035698,
          -0.021805,
          1.30377
        ],
        [
          -0.041826,
