{
  "frames": [
    {
      "file_path": "/media/NFS/ttao/scannet/posed_images/scene0141_02/00001.jpg",
      "transform_matrix": [
        [
          -0.998565,
          -0.04034,
          0.035226,
          2.059742
        ],
        [
          -0.05053,
          0.491729,
          -0.869281,
          2.040144
        ],
        [
          0.017745,
          -0.869813,
          -0.493062,
          1.52803
        ],
        [
          0.0,
          0.0,
          0.0,
          1.0
        ]
      ]
    },
    {
      "file_path": "/media/NFS/ttao/scannet/posed_images/scene0141_02/00003.jpg",
      "transform_matrix": [
        [
          -0.998423,
          -0.043116,
          0.03596,
          2.058223
        ],
        [
          -0.052633,
          0.495844,
          -0.866815,
          2.043296
        ],
        [
          0.019543,
          -0.867341,
          -0.497331,
          1.526117
        ],
        [
          0.0,
          0.0,
          0.0,
          1.0
        ]
      ]
    },
    {
      "file_path": "/media/NFS/ttao/scannet/posed_images/scene0141_02/00006.jpg",
      "transform_matrix": [
        [
          -0.997911,
          -0.04517,
          0.046185,
          2.0576
        ],
        [
          -0.062671,
          0.503402,
          -0.861777,
          2.047142
        ],
        [
          0.015676,
          -0.862871,
          -0.505181,
          1.523292
        ],
        [
          0.0,
          0.0,
          0.0,
          1.0
        ]
      ]
    },
    {
      "file_path": "/media/NFS/ttao/scannet/posed_images/scene0141_02/00009.jpg",
      "transform_matrix": [
        [
          -0.996444,
          -0.052723,
          0.065729,
          2.0575
        ],
        [
          -0.08355,
          0.517088,
          -0.851845,
          2.050112
        ],
        [
          0.010924,
          -0.854307,
          -0.519654,
          1.517621
        ],
        [
          0.0,
          0.0,
          0.0,
          1.0
        ]
      ]
    },
    {
      "file_path": "/media/NFS/ttao/scannet/posed_images/scene0141_02/00013.jpg",
      "transform_matrix": [
        [
          -0.992561,
          -0.074112,
          0.096592,
          2.068292
        ],
        [
          -0.121329,
          0.536399,
          -0.835198,
          2.048224
        ],
        [
          0.010086,
          -0.840704,
          -0.541401,
          1.518949
        ],
        [
          0.0,
          0.0,
          0.0,
          1.0
        ]
      ]
    },
    {
      "file_path": "/media/NFS/ttao/scannet/posed_images/scene0141_02/00018.jpg",
      "transform_matrix": [
        [
          -0.98389,
          -0.096627,
          0.150413,
          2.081917
        ],
        [
          -0.178773,
          0.537035,
          -0.824399,
          2.05338
        ],
        [
          -0.001118,
          -0.838008,
          -0.545657,
          1.516262
        ],
        [
          0.0,
          0.0,
          0.0,
          1.0
        ]
      ]
    },
    {
      "file_path": "/media/NFS/ttao/scannet/posed_images/scene0141_02/00019.jpg",
      "transform_matrix": [
        [
          -0.982102,
          -0.101606,
          0.158596,
          2.085052
        ],
        [
          -0.188344,
          0.537302,
          -0.822091,
          2.055285
        ],
        [
          -0.001685,
          -0.837247,
          -0.546822,
          1.513869
        ],
        [
          0.0,
          0.0,
          0.0,
          1.0
        ]
      ]
    },
    {
      "file_path": "/media/NFS/ttao/scannet/posed_images/scene0141_02/00022.jpg",
      "transform_matrix": [
        [
          -0.975789,
          -0.120889,
          0.182271,
          2.093758
        ],
        [
          -0.218715,
          0.541638,
          -0.81166,
          2.058523
        ],
        [
          -0.000605,
          -0.831874,
          -0.554965,
          1.50325
        ],
        [
          0.0,
          0.0,
          0.0,
          1.0
        ]
      ]
    },
    {
      "file_path": "/media/NFS/ttao/scannet/posed_images/scene0141_02/00025.jpg",
      "transform_matrix": [
        [
          -0.976665,
          -0.128448,
          0.172124,
          2.097074
        ],
        [
          -0.21463,
          0.554919,
          -0.803741,
          2.051725
        ],
        [
          0.007724,
          -0.821929,
          -0.569538,
          1.491878
        ],
        [
          0.0,
          0.0,
          0.0,
          1.0
        ]
      ]
    },
    {
      "file_path": "/media/NFS/ttao/scannet/posed_images/scene0141_02/00028.jpg",
      "transform_matrix": [
        [
          -0.981968,
          -0.118385,
          0.147393,
          2.096097
        ],
        [
          -0.188827,
          0.576379,
          -0.795067,
          2.038704
        ],
        [
          0.00917,
          -0.808562,
          -0.58834,
          1.473854
        ],
        [
          0.0,
          0.0,
          0.0,
          1.0
        ]
      ]
    },
    {
      "file_path": "/media/NFS/ttao/scannet/posed_images/scene0141_02/00033.jpg",
      "transform_matrix": [
        [
          -0.998827,
          -0.040047,
          0.027228,
          2.078563
        ],
        [
          -0.046561,
          0.63961,
          -0.767288,
          1.984173
        ],
        [
          0.013312,
          -0.767655,
          -0.640724,
          1.443549
        ],
        [
          0.0,
          0.0,
          0.0,
          1.0
        ]
      ]
    },
    {
      "file_path": "/media/NFS/ttao/scannet/posed_images/scene0141_02/00036.jpg",
      "transform_matrix": [
        [
          -0.996072,
          0.036252,
          -0.080788,
          2.078215
        ],
        [
          0.084373,
          0.665417,
          -0.741688,
          1.940717
        ],
        [
          0.026871,
          -0.745591,
          -0.665862,
          1.424385
        ],
        [
          0.0,
          0.0,
          0.0,
          1.0
        ]
      ]
    },
    {
      "file_path": "/media/NFS/ttao/scannet/posed_images/scene0141_02/00040.jpg",
      "transform_matrix": [
        [
          -0.964793,
          0.161057,
          -0.207932,
          2.077
        ],
        [
          0.261732,
          0.665805,
          -0.698713,
          1.876697
        ],
        [
          0.025909,
          -0.728536,
          -0.684518,
          1.407275
        ],
        [
          0.0,
          0.0,
          0.0,
          1.0
        ]
      ]
    },
    {
      "file_path": "/media/NFS/ttao/scannet/posed_images/scene0141_02/00044.jpg",
      "transform_matrix": [
        [
          -0.91778,
          0.272801,
          -0.288549,
          2.080419
        ],
        [
          0.396998,
          0.646011,
          -0.651968,
          1.810139
        ],
        [
          0.008548,
          -0.712916,
          -0.701197,
          1.403782
        ],
        [
          0.0,
          0.0,
          0.0,
          1.0
        ]
      ]
    },
    {
      "file_path": "/media/NFS/ttao/scannet/posed_images/scene0141_02/00045.jpg",
      "transform_matrix": [
        [
          -0.904126,
          0.297018,
          -0.307142,
          2.080998
        ],
        [
          0.427237,
          0.636769,
          -0.641868,
          1.79574
        ],
        [
          0.004932,
          -0.711551,
          -0.702617,
          1.40349
        ],
        [
          0.0,
          0.0,
          0.0,
          1.0
        ]
      ]
    },
    {
      "file_path": "/media/NFS/ttao/scannet/posed_images/scene0141_02/00049.jpg",
      "transform_matrix": [
        [
          -0.844479,
          0.381503,
          -0.375912,
          2.073816
        ],
        [
          0.535586,
          0.599463,
          -0.594804,
          1.748366
        ],
        [
          -0.001574,
          -0.703633,
          -0.710562,
          1.406253
        ],
        [
          0.0,
          0.0,
          0.0,
          1.0
        ]
      ]
    },
    {
      "file_path": "/media/NFS/ttao/scannet/posed_images/scene0141_02/00052.jpg",
      "transform_matrix": [
        [
          -0.801445,
          0.417633,
          -0.428098,
          2.056892
        ],
        [
          0.597982,
          0.57172,
          -0.561742,
          1.72442
        ],
        [
          0.010151,
          -0.7062,
          -0.707939,
          1.413339
        ],
        [
          0.0,
          0.0,
          0.0,
          1.0
        ]
      ]
    },
    {
      "file_path": "/media/NFS/ttao/scannet/posed_images/scene0141_02/00054.jpg",
      "transform_matrix": [
        [
          -0.770548,
          0.425759,
          -0.474326,
          2.043315
        ],
        [
          0.636737,
          0.547659,
          -0.542804,
          1.71449
        ],
        [
          0.028666,
          -0.720277,
          -0.693094,
          1.421561
        ],
        [
          0.0,
          0.0,
          0.0,
          1.0
        ]
      ]
    },
    {
      "file_path": "/media/NFS/ttao/scannet/posed_images/scene0141_02/00057.jpg",
      "transform_matrix": [
        [
          -0.722678,
          0.416182,
          -0.551842,
          2.012049
        ],
        [
          0.688285,
          0.506384,
          -0.519461,
          1.698793
        ],
        [
          0.063253,
          -0.755227,
          -0.652404,
          1.449484
        ],
        [
          0.0,
          0.0,
          0.0,
          1.0
        ]
      ]
    },
    {
      "file_path": "/media/NFS/ttao/scannet/posed_images/scene0141_02/00062.jpg",
      "transform_matrix": [
        [
          -0.670751,
          0.375742,
          -0.639461,
          1.96942
        ],
        [
          0.739441,
          0.405764,
          -0.537199,
          1.692711
        ],
        [
          0.057622,
          -0.83317,
          -0.550006,
          1.512491
        ],
        [
          0.0,
          0.0,
          0.0,
          1.0
        ]
      ]
    },
    {
      "file_path": "/media/NFS/ttao/scannet/posed_images/scene0141_02/00065.jpg",
      "transform_matrix": [
        [
          -0.637602,
          0.33213,
          -0.695092,
          1.952834
        ],
        [
          0.768619,
          0.335006,
          -0.544973,
          1.695352
        ],
        [
          0.051858,
          -0.881737,
          -0.468882,
          1.546235
        ],
        [
          0.0,
          0.0,
          0.0,
          1.0
        ]
      ]
    },
    {
      "file_path": "/media/NFS/ttao/scannet/posed_images/scene0141_02/00069.jpg",
      "transform_matrix": [
        [
          -0.561458,
          0.289747,
          -0.77512,
          1.931701
        ],
        [
          0.82466,
          0.273518,
          -0.495099,
          1.695484
        ],
        [
          0.068556,
          -0.917188,
          -0.392512,
          1.588283
        ],
        [
          0.0,
          0.0,
          0.0,
          1.0
        ]
      ]
    },
    {
      "file_path": "/media/NFS/ttao/scannet/posed_images/scene0141_02/00072.jpg",
      "transform_matrix": [
        [
          -0.441648,
          0.279952,
          -0.852393,
          1.927148
        ],
        [
          0.890243,
          0.25473,
          -0.377599,
          1.68627
        ],
        [
          0.11142,
          -0.925603,
          -0.361726,
          1.58883
        ],
        [
          0.0,
          0.0,
          0.0,
          1.0
        ]
      ]
    },
    {
      "file_path": "/media/NFS/ttao/scannet/posed_images/scene0141_02/00076.jpg",
      "transform_matrix": [
        [
          -0.25521,
          0.291514,
          -0.921893,
          1.889017
        ],
        [
          0.958204,
          0.20374,
          -0.200837,
          1.659066
        ],
        [
          0.12928,
          -0.934617,
          -0.331326,
          1.593073
        ],
        [
          0.0,
          0.0,
          0.0,
          1.0
        ]
      ]
    },
    {
      "file_path": "/media/NFS/ttao/scannet/posed_images/scene0141_02/00077.jpg",
      "transform_matrix": [
        [
          -0.203829,
          0.303444,
          -0.930793,
          1.874947
        ],
        [
          0.970158,
          0.190144,
          -0.150461,
          1.655284
        ],
        [
          0.131328,
          -0.933685,
          -0.333146,
          1.591608
        ],
        [
          0.0,
          0.0,
          0.0,
          1.0
        ]
      ]
    },
    {
      "file_path": "/media/NFS/ttao/scannet/posed_images/scene0141_02/00080.jpg",
      "transform_matrix": [
        [
          -0.086015,
          0.333967,
          -0.938652,
          1.800071
        ],
        [
          0.992235,
          0.113678,
          -0.050479,
          1.721791
        ],
        [
          0.089846,
          -0.935705,
          -0.341151,
          1.561076
        ],
        [
          0.0,
          0.0,
          0.0,
          1.0
        ]
      ]
    },
    {
      "file_path": "/media/NFS/ttao/scannet/posed_images/scene0141_02/00084.jpg",
      "transform_matrix": [
        [
          0.15939,
          0.360712,
          -0.918957,
          1.742258
        ],
        [
          0.986716,
          -0.028596,
          0.159918,
          1.695237
        ],
        [
          0.031406,
          -0.932239,
          -0.360478,
          1.531131
        ],
        [
          0.0,
          0.0,
          0.0,
          1.0
        ]
      ]
    },
    {
      "file_path": "/media/NFS/ttao/scannet/posed_images/scene0141_02/00088.jpg",
      "transform_matrix": [
        [
          0.366364,
          0.416829,
          -0.831884,
          1.695789
        ],
        [
          0.929876,
          -0.196008,
          0.311307,
          1.666756
        ],
        [
          -0.033294,
          -0.8876,
          -0.45941,
          1.487469
        ],
        [
          0.0,
          0.0,
          0.0,
          1.0
        ]
      ]
    },
    {
      "file_path": "/media/NFS/ttao/scannet/posed_images/scene0141_02/00091.jpg",
      "transform_matrix": [
        [
          0.460645,
          0.405179,
          -0.789707,
          1.685261
        ],
        [
          0.883615,
          -0.293395,
          0.364889,
          1.669919
        ],
        [
          -0.08385,
          -0.865881,
          -0.493173,
          1.453447
        ],
        [
          0.0,
          0.0,
          0.0,
          1.0
        ]
      ]
    },
    {
      "file_path": "/media/NFS/ttao/scannet/posed_images/scene0141_02/00093.jpg",
      "transform_matrix": [
        [
          0.532131,
          0.384742,
          -0.754195,
          1.678408
        ],
        [
          0.840892,
          -0.343982,
          0.417824,
          1.664109
        ],
        [
          -0.098675,
          -0.856534,
          -0.50657,
          1.437902
        ],
        [
          0.0,
          0.0,
          0.0,
          1.0
        ]
      ]
    },
    {
      "file_path": "/media/NFS/ttao/scannet/posed_images/scene0141_02/00096.jpg",
      "transform_matrix": [
        [
          0.629105,
          0.358864,
          -0.689524,
          1.668832
        ],
        [
          0.769362,
          -0.414077,
          0.486439,
          1.660452
        ],
        [
          -0.11095,
          -0.836515,
          -0.536594,
          1.425648
        ],
        [
          0.0,
          0.0,
          0.0,
          1.0
        ]
      ]
    },
    {
      "file_path": "/media/NFS/ttao/scannet/posed_images/scene0141_02/00099.jpg",
      "transform_matrix": [
        [
          0.70316,
          0.326056,
          -0.631865,
          1.665279
        ],
        [
          0.701975,
          -0.459727,
          0.543951,
          1.66693
        ],
        [
          -0.113127,
          -0.826038,
          -0.552144,
          1.433732
        ],
        [
          0.0,
          0.0,
          0.0,
          1.0
        ]
      ]
    },
    {
      "file_path": "/media/NFS/ttao/scannet/posed_images/scene0141_02/00105.jpg",
      "transform_matrix": [
        [
          0.790977,
          0.243365,
          -0.561363,
          1.684582
        ],
        [
          0.605435,
          -0.443786,
          0.660683,
          1.701274
        ],
        [
          -0.088338,
          -0.862454,
          -0.498366,
          1.495716
        ],
        [
          0.0,
          0.0,
          0.0,
          1.0
        ]
      ]
    },
    {
      "file_path": "/media/NFS/ttao/scannet/posed_images/scene0141_02/00108.jpg",
      "transform_matrix": [
        [
          0.807793,
          0.182579,
          -0.560477,
          1.709694
        ],
        [
          0.582498,
          -0.393011,
          0.711504,
          1.715003
        ],
        [
          -0.090368,
          -0.901225,
          -0.423823,
          1.535308
        ],
        [
          0.0,
          0.0,
          0.0,
          1.0
        ]
      ]
    },
    {
      "file_path": "/media/NFS/ttao/scannet/posed_images/scene0141_02/00110.jpg",
      "transform_matrix": [
        [
          0.81945,
          0.161465,
          -0.549938,
          1.733506
        ],
        [
          0.567676,
          -0.360951,
          0.739904,
          1.722594
        ],
        [
          -0.079032,
          -0.918501,
          -0.387441,
          1.551293
        ],
        [
          0.0,
          0.0,
          0.0,
          1.0
        ]
      ]
    },
    {
      "file_path": "/media/NFS/ttao/scannet/posed_images/scene0141_02/00113.jpg",
      "transform_matrix": [
        [
          0.855468,
          0.132601,
          -0.500591,
          1.764675
        ],
        [
          0.51505,
          -0.318363,
          0.795845,
          1.72858
        ],
        [
          -0.05384,
          -0.938649,
          -0.340646,
          1.571836
        ],
        [
          0.0,
          0.0,
          0.0,
          1.0
        ]
      ]
    },
    {
      "file_path": "/media/NFS/ttao/scannet/posed_images/scene0141_02/00117.jpg",
      "transform_matrix": [
        [
          0.911426,
          0.112774,
          -0.395708,
          1.790221
        ],
        [
          0.41098,
          -0.296128,
          0.862209,
          1.739165
        ],
        [
          -0.019946,
          -0.948468,
          -0.316246,
          1.588988
        ],
        [
          0.0,
          0.0,
          0.0,
          1.0
        ]
      ]
    },
    {
      "file_path": "/media/NFS/ttao/scannet/posed_images/scene0141_02/00119.jpg",
      "transform_matrix": [
        [
          0.940548,
          0.094792,
          -0.326165,
          1.801756
        ],
        [
          0.339545,
          -0.287401,
          0.895606,
          1.746192
        ],
        [
          -0.008844,
          -0.953108,
          -0.3025,
          1.590325
        ],
        [
          0.0,
          0.0,
          0.0,
          1.0
        ]
      ]
    },
    {
      "file_path": "/media/NFS/ttao/scannet/posed_images/scene0141_02/00124.jpg",
      "transform_matrix": [
        [
          0.998373,
          0.018942,
          -0.053784,
          1.827472
        ],
        [
          0.056948,
          -0.283049,
          0.957413,
          1.774757
        ],
        [
          0.002912,
          -0.958918,
          -0.283667,
          1.577204
        ],
        [
          0.0,
          0.0,
          0.0,
          1.0
        ]
      ]
    },
    {
      "file_path": "/media/NFS/ttao/scannet/posed_images/scene0141_02/00127.jpg",
      "transform_matrix": [
        [
          0.992669,
          -0.0487,
          0.110614,
          1.826625
        ],
        [
          -0.120115,
          -0.296041,
          0.947593,
          1.786621
        ],
        [
          -0.013402,
          -0.953933,
          -0.29972,
          1.560846
        ],
        [
          0.0,
          0.0,
          0.0,
          1.0
        ]
      ]
    },
    {
      "file_path": "/media/NFS/ttao/scannet/posed_images/scene0141_02/00128.jpg",
      "transform_matrix": [
        [
          0.985899,
          -0.071306,
          0.15139,
          1.825377
        ],
        [
          -0.16602,
          -0.303293,
          0.938323,
          1.790437
        ],
        [
          -0.020993,
          -0.950226,
          -0.310854,
          1.555714
        ],
        [
          0.0,
          0.0,
          0.0,
          1.0
        ]
      ]
    },
    {
      "file_path": "/media/NFS/ttao/scannet/posed_images/scene0141_02/00133.jpg",
      "transform_matrix": [
        [
          0.940719,
          -0.168719,
          0.294248,
          1.832695
        ],
        [
          -0.337044,
          -0.367622,
          0.866749,
          1.798861
        ],
        [
          -0.038065,
          -0.914542,
          -0.402695,
          1.513826
        ],
        [
          0.0,
          0.0,
          0.0,
          1.0
        ]
      ]
    },
    {
      "file_path": "/media/NFS/ttao/scannet/posed_images/scene0141_02/00136.jpg",
      "transform_matrix": [
        [
          0.898119,
          -0.243395,
          0.366251,
          1.827417
        ],
        [
          -0.436473,
          -0.391889,
          0.809885,
          1.795804
        ],
        [
          -0.053593,
          -0.887233,
          -0.458199,
          1.480677
        ],
        [
          0.0,
          0.0,
          0.0,
          1.0
        ]
      ]
    },
    {
      "file_path": "/media/NFS/ttao/scannet/posed_images/scene0141_02/00140.jpg",
      "transform_matrix": [
        [
          0.871763,
          -0.308453,
          0.380639,
          1.856368
        ],
        [
          -0.484943,
          -0.432718,
          0.75999,
          1.764692
        ],
        [
          -0.069712,
          -0.84712,
          -0.52681,
          1.435089
        ],
        [
          0.0,
          0.0,
          0.0,
          1.0
        ]
      ]
    },
    {
      "file_path": "/media/NFS/ttao/scannet/posed_images/scene0141_02/00141.jpg",
      "transform_matrix": [
        [
          0.861018,
          -0.326471,
          0.389956,
          1.857211
        ],
        [
          -0.503507,
          -0.439227,
          0.744016,
          1.761288
        ],
        [
          -0.07162,
          -0.836957,
          -0.542563,
          1.427529
        ],
        [
          0.0,
          0.0,
          0.0,
          1.0
        ]
      ]
    },
    {
      "file_path": "/media/NFS/ttao/scannet/posed_images/scene0141_02/00145.jpg",
      "transform_matrix": [
        [
          0.827329,
          -0.392281,
          0.402048,
          1.851092
        ],
        [
          -0.556971,
          -0.480041,
          0.67775,
          1.743122
        ],
        [
          -0.072869,
          -0.784651,
          -0.615641,
          1.393653
        ],
        [
          0.0,
          0.0,
          0.0,
          1.0
        ]
      ]
    },
    {
      "file_path": "/media/NFS/ttao/scannet/posed_images/scene0141_02/00150.jpg",
      "transform_matrix": [
        [
          0.795189,
          -0.453371,
          0.402652,
          1.846709
        ],
        [
          -0.603473,
          -0.526979,
          0.598426,
          1.720474
        ],
        [
          -0.05912,
          -0.718852,
          -0.692645,
          1.358234
        ],
        [
          0.0,
          0.0,
          0.0,
          1.0
        ]
      ]
    },
    {
      "file_path": "/media/NFS/ttao/scannet/posed_images/scene0141_02/00153.jpg",
      "transform_matrix": [
        [
          0.772203,
          -0.48988,
          0.404623,
          1.840105
        ],
        [
          -0.631108,
          -0.517685,
          0.577673,
          1.714215
        ],
        [
          -0.073523,
          -0.701442,
          -0.708925,
          1.347004
        ],
        [
          0.0,
          0.0,
          0.0,
          1.0
        ]
      ]
    },
    {
      "file_path": "/media/NFS/ttao/scannet/posed_images/scene0141_02/00154.jpg",
      "transform_matrix": [
        [
          0.767955,
          -0.498596,
          0.402053,
          1.838667
        ],
        [
          -0.635382,
          -0.513803,
          0.576451,
          1.71309
        ],
        [
          -0.08084,
          -0.698146,
          -0.711377,
          1.344358
        ],
        [
          0.0,
          0.0,
          0.0,
          1.0
        ]
      ]
    },
    {
      "file_path": "/media/NFS/ttao/scannet/posed_images/scene0141_02/00158.jpg",
      "transform_matrix": [
        [
          0.750766,
          -0.529627,
          0.394772,
          1.829709
        ],
        [
          -0.65337,
          -0.507402,
          0.561829,
          1.707325
        ],
        [
          -0.097252,
          -0.679734,
          -0.726982,
          1.327965
        ],
        [
          0.0,
          0.0,
          0.0,
          1.0
        ]
      ]
    },
    {
      "file_path": "/media/NFS/ttao/scannet/posed_images/scene0141_02/00161.jpg",
      "transform_matrix": [
        [
          0.722566,
          -0.562141,
          0.402362,
          1.843008
        ],
        [
          -0.683409,
          -0.493159,
          0.538281,
          1.708498
        ],
        [
          -0.104162,
          -0.663921,
          -0.740513,
          1.332698
        ],
        [
          0.0,
          0.0,
          0.0,
          1.0
        ]
      ]
    },
    {
      "file_path": "/media/NFS/ttao/scannet/posed_images/scene0141_02/00165.jpg",
      "transform_matrix": [
        [
          0.653743,
          -0.588252,
          0.476004,
          1.853565
        ],
        [
          -0.750588,
          -0.424187,
          0.50664,
          1.701328
        ],
        [
          -0.096117,
          -0.688495,
          -0.718844,
          1.340135
        ],
        [
          0.0,
          0.0,
          0.0,
          1.0
        ]
      ]
    },
    {
      "file_path": "/media/NFS/ttao/scannet/posed_images/scene0141_02/00167.jpg",
      "transform_matrix": [
        [
          0.602854,
          -0.597861,
          0.528328,
          1.86465
        ],
        [
          -0.793214,
          -0.377818,
          0.477562,
          1.697165
        ],
        [
          -0.085903,
          -0.706976,
          -0.702001,
          1.351195
        ],
        [
          0.0,
          0.0,
          0.0,
          1.0
        ]
      ]
    },
    {
      "file_path": "/media/NFS/ttao/scannet/posed_images/scene0141_02/00170.jpg",
      "transform_matrix": [
        [
          0.520409,
          -0.600252,
          0.607348,
          1.894342
        ],
        [
          -0.852382,
          -0.322534,
          0.411602,
          1.678906
        ],
        [
          -0.051174,
          -0.731894,
          -0.679494,
          1.367378
        ],
        [
          0.0,
          0.0,
          0.0,
          1.0
        ]
      ]
    },
    {
      "file_path": "/media/NFS/ttao/scannet/posed_images/scene0141_02/00176.jpg",
      "transform_matrix": [
        [
          0.358071,
          -0.583693,
          0.728758,
          1.948256
        ],
        [
          -0.933574,
          -0.236371,
          0.269387,
          1.680123
        ],
        [
          0.015018,
          -0.776809,
          -0.629558,
          1.406431
        ],
        [
          0.0,
          0.0,
          0.0,
          1.0
        ]
      ]
    },
    {
      "file_path": "/media/NFS/ttao/scannet/posed_images/scene0141_02/00179.jpg",
      "transform_matrix": [
        [
          0.288741,
          -0.561047,
          0.775793,
          1.98335
        ],
        [
          -0.956362,
          -0.206879,
          0.206333,
          1.69139
        ],
        [
          0.044733,
          -0.801516,
          -0.596298,
          1.427958
        ],
        [
          0.0,
          0.0,
          0.0,
          1.0
        ]
      ]
    },
    {
      "file_path": "/media/NFS/ttao/scannet/posed_images/scene0141_02/00180.jpg",
      "transform_matrix": [
        [
          0.287659,
          -0.550943,
          0.783399,
          2.006127
        ],
        [
          -0.956655,
          -0.204084,
          0.207751,
          1.664251
        ],
        [
          0.04542,
          -0.809205,
          -0.585769,
          1.436264
        ],
        [
          0.0,
          0.0,
          0.0,
          1.0
        ]
      ]
    },
    {
      "file_path": "/media/NFS/ttao/scannet/posed_images/scene0141_02/00185.jpg",
      "transform_matrix": [
        [
          0.239611,
          -0.491481,
          0.837277,
          2.070459
        ],
        [
          -0.970637,
          -0.14012,
          0.195526,
          1.708052
        ],
        [
          0.021221,
          -0.859542,
          -0.510624,
          1.479446
        ],
        [
          0.0,
          0.0,
          0.0,
          1.0
        ]
      ]
    },
    {
      "file_path": "/media/NFS/ttao/scannet/posed_images/scene0141_02/00186.jpg",
      "transform_matrix": [
        [
          0.238262,
          -0.474051,
          0.847648,
          2.087363
        ],
        [
          -0.971151,
          -0.125167,
          0.202977,
          1.713881
        ],
        [
          0.009876,
          -0.871556,
          -0.490197,
          1.487805
        ],
        [
          0.0,
          0.0,
          0.0,
          1.0
        ]
      ]
    },
    {
      "file_path": "/media/NFS/ttao/scannet/posed_images/scene0141_02/00192.jpg",
      "transform_matrix": [
        [
          0.295877,
          -0.339259,
          0.89295,
          2.202343
        ],
        [
          -0.954346,
          -0.064857,
          0.291579,
          1.734841
        ],
        [
          -0.041007,
          -0.938455,
          -0.342959,
          1.537346
        ],
        [
          0.0,
          0.0,
          0.0,
          1.0
        ]
      ]
    },
    {
      "file_path": "/media/NFS/ttao/scannet/posed_images/scene0141_02/00194.jpg",
      "transform_matrix": [
        [
          0.314023,
          -0.305843,
          0.898804,
          2.234481
        ],
        [
          -0.948265,
          -0.054453,
          0.312775,
          1.750839
        ],
        [
          -0.046717,
          -0.950523,
          -0.30712,
          1.543345
        ],
        [
          0.0,
          0.0,
          0.0,
          1.0
        ]
      ]
    },
    {
      "file_path": "/media/NFS/ttao/scannet/posed_images/scene0141_02/00198.jpg",
      "transform_matrix": [
        [
          0.366364,
          -0.253457,
          0.895286,
          2.294387
        ],
        [
          -0.928529,
          -0.037437,
          0.369369,
          1.777133
        ],
        [
          -0.060102,
          -0.966622,
          -0.249058,
          1.56354
        ],
        [
          0.0,
          0.0,
          0.0,
          1.0
        ]
      ]
    },
    {
      "file_path": "/media/NFS/ttao/scannet/posed_images/scene0141_02/00200.jpg",
      "transform_matrix": [
        [
          0.380116,
          -0.248562,
          0.890915,
          2.329591
        ],
        [
          -0.92376,
          -0.053407,
          0.379229,
          1.782954
        ],
        [
          -0.046681,
          -0.967142,
          -0.249913,
          1.581661
        ],
        [
          0.0,
          0.0,
          0.0,
          1.0
        ]
      ]
    },
    {
      "file_path": "/media/NFS/ttao/scannet/posed_images/scene0141_02/00202.jpg",
      "transform_matrix": [
        [
          0.396943,
          -0.23814,
          0.886411,
          2.352613
        ],
        [
          -0.91675,
          -0.055752,
          0.395552,
          1.792443
        ],
        [
          -0.044777,
          -0.969629,
          -0.240445,
          1.590336
        ],
        [
          0.0,
          0.0,
          0.0,
          1.0
        ]
      ]
    },
    {
      "file_path": "/media/NFS/ttao/scannet/posed_images/scene0141_02/00208.jpg",
      "transform_matrix": [
        [
          0.412843,
          -0.195463,
          0.889581,
          2.412832
        ],
        [
          -0.910227,
          -0.053825,
          0.410598,
          1.84384
        ],
        [
          -0.032375,
          -0.979233,
          -0.200137,
          1.626049
        ],
        [
          0.0,
          0.0,
          0.0,
          1.0
        ]
      ]
    },
    {
      "file_path": "/media/NFS/ttao/scannet/posed_images/scene0141_02/00209.jpg",
      "transform_matrix": [
        [
          0.408569,
          -0.182812,
          0.894232,
          2.419811
        ],
        [
          -0.91242,
          -0.056394,
          0.40535,
          1.850887
        ],
        [
          -0.023673,
          -0.981529,
          -0.189842,
          1.625762
        ],
        [
          0.0,
          0.0,
          0.0,
          1.0
        ]
      ]
    },
    {
      "file_path": "/media/NFS/ttao/scannet/posed_images/scene0141_02/00212.jpg",
      "transform_matrix": [
        [
          0.367027,
          -0.151942,
          0.917717,
          2.438148
        ],
        [
          -0.930207,
          -0.057424,
          0.362515,
          1.897859
        ],
        [
          -0.002382,
          -0.98672,
          -0.162414,
          1.651682
        ],
        [
          0.0,
          0.0,
          0.0,
          1.0
        ]
      ]
    },
    {
      "file_path": "/media/NFS/ttao/scannet/posed_images/scene0141_02/00215.jpg",
      "transform_matrix": [
        [
          0.317944,
          -0.111602,
          0.941518,
          2.453615
        ],
        [
          -0.947952,
          -0.05554,
          0.313533,
          1.940375
        ],
        [
          0.017301,
          -0.9922,
          -0.123452,
          1.670766
        ],
        [
          0.0,
          0.0,
          0.0,
          1.0
        ]
      ]
    },
    {
      "file_path": "/media/NFS/ttao/scannet/posed_images/scene0141_02/00221.jpg",
      "transform_matrix": [
        [
          0.169166,
          -0.021365,
          0.985356,
          2.470692
        ],
        [
          -0.984932,
          -0.040132,
          0.168223,
          2.051885
        ],
        [
          0.03595,
          -0.998966,
          -0.027831,
          1.702132
        ],
        [
          0.0,
          0.0,
          0.0,
          1.0
        ]
      ]
    },
    {
      "file_path": "/media/NFS/ttao/scannet/posed_images/scene0141_02/00224.jpg",
      "transform_matrix": [
        [
          0.124979,
          -0.024349,
          0.991861,
          2.485936
        ],
        [
          -0.992023,
          -0.019665,
          0.124517,
          2.09433
        ],
        [
          0.016473,
          -0.99951,
          -0.026612,
          1.729596
        ],
        [
          0.0,
          0.0,
          0.0,
          1.0
        ]
      ]
    },
    {
      "file_path": "/media/NFS/ttao/scannet/posed_images/scene0141_02/00225.jpg",
      "transform_matrix": [
        [
          0.120659,
          -0.012991,
          0.992609,
          2.490193
        ],
        [
          -0.992663,
          -0.009535,
          0.120541,
          2.10472
        ],
        [
          0.007899,
          -0.99987,
          -0.014046,
          1.737003
        ],
        [
          0.0,
          0.0,
          0.0,
          1.0
        ]
      ]
    },
    {
      "file_path": "/media/NFS/ttao/scannet/posed_images/scene0141_02/00228.jpg",
      "transform_matrix": [
        [
          0.061272,
          -0.006909,
          0.998097,
          2.499497
        ],
        [
          -0.997918,
          -0.020625,
          0.061119,
          2.139837
        ],
        [
          0.020164,
          -0.999763,
          -0.008158,
          1.750851
        ],
        [
          0.0,
          0.0,
          0.0,
          1.0
        ]
      ]
    },
    {
      "file_path": "/media/NFS/ttao/scannet/posed_images/scene0141_02/00234.jpg",
      "transform_matrix": [
        [
          -0.127154,
          0.004503,
          0.991873,
          2.515889
        ],
        [
          -0.990975,
          -0.04336,
          -0.126842,
          2.207872
        ],
        [
          0.042436,
          -0.999049,
          0.009976,
          1.774299
        ],
        [
          0.0,
          0.0,
          0.0,
          1.0
        ]
      ]
    },
    {
      "file_path": "/media/NFS/ttao/scannet/posed_images/scene0141_02/00237.jpg",
      "transform_matrix": [
        [
          -0.225183,
          0.006088,
          0.974297,
          2.524125
        ],
        [
          -0.973472,
          -0.043024,
          -0.224723,
          2.223855
        ],
        [
          0.040551,
          -0.999056,
          0.015615,
          1.777099
        ],
        [
          0.0,
          0.0,
          0.0,
          1.0
        ]
      ]
    },
    {
      "file_path": "/media/NFS/ttao/scannet/posed_images/scene0141_02/00238.jpg",
      "transform_matrix": [
        [
          -0.250541,
          0.005709,
          0.968089,
          2.52552
        ],
        [
          -0.967273,
          -0.042953,
          -0.250076,
          2.226575
        ],
        [
          0.040154,
          -0.999061,
          0.016283,
          1.776689
        ],
        [
          0.0,
          0.0,
          0.0,
          1.0
        ]
      ]
    },
    {
      "file_path": "/media/NFS/ttao/scannet/posed_images/scene0141_02/00241.jpg",
      "transform_matrix": [
        [
          -0.332609,
          -0.013474,
          0.942969,
          2.529698
        ],
        [
          -0.941431,
          -0.054091,
          -0.332839,
          2.214909
        ],
        [
          0.055491,
          -0.998445,
          0.005306,
          1.780296
        ],
        [
          0.0,
          0.0,
          0.0,
          1.0
        ]
      ]
    },
    {
      "file_path": "/media/NFS/ttao/scannet/posed_images/scene0141_02/00246.jpg",
      "transform_matrix": [
        [
          -0.447687,
          0.009664,
          0.894138,
          2.535489
        ],
        [
          -0.893357,
          -0.048006,
          -0.446777,
          2.227901
        ],
        [
          0.038607,
          -0.9988,
          0.030125,
          1.766161
        ],
        [
          0.0,
          0.0,
          0.0,
          1.0
        ]
      ]
    },
    {
      "file_path": "/media/NFS/ttao/scannet/posed_images/scene0141_02/00250.jpg",
      "transform_matrix": [
        [
          -0.472357,
          0.02825,
          0.880955,
          2.524897
        ],
        [
          -0.881018,
          -0.044837,
          -0.470953,
          2.22495
        ],
        [
          0.026195,
          -0.998595,
          0.046068,
