{
  "frames": [
    {
      "file_path": "/media/NFS/ttao/scannet/posed_images/scene0089_00/00000.jpg",
      "transform_matrix": [
        [
          0.24604,
          -0.551346,
          0.797171,
          1.704247
        ],
        [
          -0.968826,
          -0.115295,
          0.219278,
          2.057158
        ],
        [
          -0.028988,
          -0.826271,
          -0.562526,
          1.361636
        ],
        [
          0.0,
          0.0,
          0.0,
          1.0
        ]
      ]
    },
    {
      "file_path": "/media/NFS/ttao/scannet/posed_images/scene0089_00/00003.jpg",
      "transform_matrix": [
        [
          0.226329,
          -0.547002,
          0.805955,
          1.704179
        ],
        [
          -0.973947,
          -0.114973,
          0.195472,
          2.073727
        ],
        [
          -0.01426,
          -0.829199,
          -0.558772,
          1.363978
        ],
        [
          0.0,
          0.0,
          0.0,
          1.0
        ]
      ]
    },
    {
      "file_path": "/media/NFS/ttao/scannet/posed_images/scene0089_00/00008.jpg",
      "transform_matrix": [
        [
          0.178737,
          -0.545229,
          0.81901,
          1.689946
        ],
        [
          -0.983871,
          -0.105102,
          0.144748,
          2.116095
        ],
        [
          0.007159,
          -0.831672,
          -0.555221,
          1.369789
        ],
        [
          0.0,
          0.0,
          0.0,
          1.0
        ]
      ]
    },
    {
      "file_path": "/media/NFS/ttao/scannet/posed_images/scene0089_00/00012.jpg",
      "transform_matrix": [
        [
          0.13118,
          -0.524248,
          0.841401,
          1.651341
        ],
        [
          -0.99117,
          -0.085924,
          0.100994,
          2.181237
        ],
        [
          0.01935,
          -0.847219,
          -0.530891,
          1.379155
        ],
        [
          0.0,
          0.0,
          0.0,
          1.0
        ]
      ]
    },
    {
      "file_path": "/media/NFS/ttao/scannet/posed_images/scene0089_00/00014.jpg",
      "transform_matrix": [
        [
          0.118917,
          -0.516102,
          0.848232,
          1.627179
        ],
        [
          -0.992649,
          -0.081151,
          0.089788,
          2.206156
        ],
        [
          0.022495,
          -0.852674,
          -0.521958,
          1.378722
        ],
        [
          0.0,
          0.0,
          0.0,
          1.0
        ]
      ]
    },
    {
      "file_path": "/media/NFS/ttao/scannet/posed_images/scene0089_00/00017.jpg",
      "transform_matrix": [
        [
          0.108577,
          -0.522881,
          0.845462,
          1.599787
        ],
        [
          -0.994021,
          -0.066976,
          0.086233,
          2.24077
        ],
        [
          0.011536,
          -0.84977,
          -0.527027,
          1.383184
        ],
        [
          0.0,
          0.0,
          0.0,
          1.0
        ]
      ]
    },
    {
      "file_path": "/media/NFS/ttao/scannet/posed_images/scene0089_00/00023.jpg",
      "transform_matrix": [
        [
          0.045569,
          -0.529357,
          0.847175,
          1.552387
        ],
        [
          -0.998581,
          -0.04754,
          0.024008,
          2.285498
        ],
        [
          0.027566,
          -0.847066,
          -0.530772,
          1.382396
        ],
        [
          0.0,
          0.0,
          0.0,
          1.0
        ]
      ]
    },
    {
      "file_path": "/media/NFS/ttao/scannet/posed_images/scene0089_00/00026.jpg",
      "transform_matrix": [
        [
          0.020896,
          -0.530299,
          0.847553,
          1.532305
        ],
        [
          -0.999544,
          -0.02957,
          0.006141,
          2.292044
        ],
        [
          0.021806,
          -0.847295,
          -0.530675,
          1.384298
        ],
        [
          0.0,
          0.0,
          0.0,
          1.0
        ]
      ]
    },
    {
      "file_path": "/media/NFS/ttao/scannet/posed_images/scene0089_00/00027.jpg",
      "transform_matrix": [
        [
          0.015258,
          -0.528088,
          0.849052,
          1.52288
        ],
        [
          -0.999727,
          -0.023082,
          0.003609,
          2.291899
        ],
        [
          0.017693,
          -0.848876,
          -0.528297,
          1.381186
        ],
        [
          0.0,
          0.0,
          0.0,
          1.0
        ]
      ]
    },
    {
      "file_path": "/media/NFS/ttao/scannet/posed_images/scene0089_00/00030.jpg",
      "transform_matrix": [
        [
          -0.001885,
          -0.531131,
          0.847287,
          1.498904
        ],
        [
          -0.999994,
          -0.001469,
          -0.003146,
          2.297683
        ],
        [
          0.002915,
          -0.847288,
          -0.531125,
          1.375561
        ],
        [
          0.0,
          0.0,
          0.0,
          1.0
        ]
      ]
    },
    {
      "file_path": "/media/NFS/ttao/scannet/posed_images/scene0089_00/00035.jpg",
      "transform_matrix": [
        [
          -0.035016,
          -0.553002,
          0.832444,
          1.452024
        ],
        [
          -0.99928,
          0.031564,
          -0.021065,
          2.29575
        ],
        [
          -0.014627,
          -0.832582,
          -0.553709,
          1.360951
        ],
        [
          0.0,
          0.0,
          0.0,
          1.0
        ]
      ]
    },
    {
      "file_path": "/media/NFS/ttao/scannet/posed_images/scene0089_00/00038.jpg",
      "transform_matrix": [
        [
          -0.050727,
          -0.562433,
          0.825285,
          1.429823
        ],
        [
          -0.998496,
          0.04577,
          -0.030181,
          2.291821
        ],
        [
          -0.020799,
          -0.825575,
          -0.563909,
          1.364718
        ],
        [
          0.0,
          0.0,
          0.0,
          1.0
        ]
      ]
    },
    {
      "file_path": "/media/NFS/ttao/scannet/posed_images/scene0089_00/00044.jpg",
      "transform_matrix": [
        [
          -0.065436,
          -0.539404,
          0.839501,
          1.379006
        ],
        [
          -0.997544,
          0.056442,
          -0.041489,
          2.295869
        ],
        [
          -0.025004,
          -0.840153,
          -0.541772,
          1.377979
        ],
        [
          0.0,
          0.0,
          0.0,
          1.0
        ]
      ]
    },
    {
      "file_path": "/media/NFS/ttao/scannet/posed_images/scene0089_00/00047.jpg",
      "transform_matrix": [
        [
          -0.06394,
          -0.529983,
          0.845594,
          1.348541
        ],
        [
          -0.99772,
          0.052305,
          -0.042661,
          2.305486
        ],
        [
          -0.02162,
          -0.846394,
          -0.532119,
          1.376584
        ],
        [
          0.0,
          0.0,
          0.0,
          1.0
        ]
      ]
    },
    {
      "file_path": "/media/NFS/ttao/scannet/posed_images/scene0089_00/00049.jpg",
      "transform_matrix": [
        [
          -0.063169,
          -0.518543,
          0.852715,
          1.327048
        ],
        [
          -0.997715,
          0.053317,
          -0.041488,
          2.325547
        ],
        [
          -0.023951,
          -0.853388,
          -0.520726,
          1.379592
        ],
        [
          0.0,
          0.0,
          0.0,
          1.0
        ]
      ]
    },
    {
      "file_path": "/media/NFS/ttao/scannet/posed_images/scene0089_00/00052.jpg",
      "transform_matrix": [
        [
          -0.054573,
          -0.520013,
          0.852413,
          1.308631
        ],
        [
          -0.9977,
          0.062771,
          -0.025581,
          2.32849
        ],
        [
          -0.040205,
          -0.851849,
          -0.522243,
          1.375547
        ],
        [
          0.0,
          0.0,
          0.0,
          1.0
        ]
      ]
    },
    {
      "file_path": "/media/NFS/ttao/scannet/posed_images/scene0089_00/00056.jpg",
      "transform_matrix": [
        [
          -0.069259,
          -0.511149,
          0.856697,
          1.300028
        ],
        [
          -0.996263,
          0.07986,
          -0.032894,
          2.337537
        ],
        [
          -0.051602,
          -0.855774,
          -0.51477,
          1.382141
        ],
        [
          0.0,
          0.0,
          0.0,
          1.0
        ]
      ]
    },
    {
      "file_path": "/media/NFS/ttao/scannet/posed_images/scene0089_00/00060.jpg",
      "transform_matrix": [
        [
          -0.111462,
          -0.489521,
          0.864838,
          1.306094
        ],
        [
          -0.992216,
          0.103445,
          -0.069327,
          2.372595
        ],
        [
          -0.055526,
          -0.865834,
          -0.497241,
          1.385522
        ],
        [
          0.0,
          0.0,
          0.0,
          1.0
        ]
      ]
    },
    {
      "file_path": "/media/NFS/ttao/scannet/posed_images/scene0089_00/00063.jpg",
      "transform_matrix": [
        [
          -0.140426,
          -0.480842,
          0.865489,
          1.317787
        ],
        [
          -0.988278,
          0.120953,
          -0.09315,
          2.390231
        ],
        [
          -0.059893,
          -0.868424,
          -0.492191,
          1.385041
        ],
        [
          0.0,
          0.0,
          0.0,
          1.0
        ]
      ]
    },
    {
      "file_path": "/media/NFS/ttao/scannet/posed_images/scene0089_00/00066.jpg",
      "transform_matrix": [
        [
          -0.175242,
          -0.478841,
          0.860233,
          1.337453
        ],
        [
          -0.982492,
          0.14118,
          -0.121561,
          2.438626
        ],
        [
          -0.063239,
          -0.866475,
          -0.495198,
          1.380928
        ],
        [
          0.0,
          0.0,
          0.0,
          1.0
        ]
      ]
    },
    {
      "file_path": "/media/NFS/ttao/scannet/posed_images/scene0089_00/00069.jpg",
      "transform_matrix": [
        [
          -0.196737,
          -0.480383,
          0.854708,
          1.355058
        ],
        [
          -0.977894,
          0.159123,
          -0.135659,
          2.489768
        ],
        [
          -0.070836,
          -0.862503,
          -0.501069,
          1.375637
        ],
        [
          0.0,
          0.0,
          0.0,
          1.0
        ]
      ]
    },
    {
      "file_path": "/media/NFS/ttao/scannet/posed_images/scene0089_00/00073.jpg",
      "transform_matrix": [
        [
          -0.212095,
          -0.476736,
          0.853076,
          1.381147
        ],
        [
          -0.975142,
          0.160538,
          -0.152729,
          2.551979
        ],
        [
          -0.064139,
          -0.864263,
          -0.498935,
          1.373305
        ],
        [
          0.0,
          0.0,
          0.0,
          1.0
        ]
      ]
    },
    {
      "file_path": "/media/NFS/ttao/scannet/posed_images/scene0089_00/00076.jpg",
      "transform_matrix": [
        [
          -0.226379,
          -0.484903,
          0.844761,
          1.397484
        ],
        [
          -0.972806,
          0.156185,
          -0.17104,
          2.598331
        ],
        [
          -0.049001,
          -0.860508,
          -0.507074,
          1.363319
        ],
        [
          0.0,
          0.0,
          0.0,
          1.0
        ]
      ]
    },
    {
      "file_path": "/media/NFS/ttao/scannet/posed_images/scene0089_00/00079.jpg",
      "transform_matrix": [
        [
          -0.234314,
          -0.501818,
          0.832631,
          1.41868
        ],
        [
          -0.971681,
          0.147807,
          -0.184364,
          2.64491
        ],
        [
          -0.030551,
          -0.852251,
          -0.52224,
          1.352895
        ],
        [
          0.0,
          0.0,
          0.0,
          1.0
        ]
      ]
    },
    {
      "file_path": "/media/NFS/ttao/scannet/posed_images/scene0089_00/00085.jpg",
      "transform_matrix": [
        [
          -0.213828,
          -0.531714,
          0.819487,
          1.443031
        ],
        [
          -0.976828,
          0.124347,
          -0.174202,
          2.699143
        ],
        [
          -0.009275,
          -0.837746,
          -0.545981,
          1.338247
        ],
        [
          0.0,
          0.0,
          0.0,
          1.0
        ]
      ]
    },
    {
      "file_path": "/media/NFS/ttao/scannet/posed_images/scene0089_00/00086.jpg",
      "transform_matrix": [
        [
          -0.210446,
          -0.532204,
          0.820044,
          1.444775
        ],
        [
          -0.977577,
          0.120948,
          -0.172379,
          2.70577
        ],
        [
          -0.007442,
          -0.837932,
          -0.545723,
          1.336079
        ],
        [
          0.0,
          0.0,
          0.0,
          1.0
        ]
      ]
    },
    {
      "file_path": "/media/NFS/ttao/scannet/posed_images/scene0089_00/00092.jpg",
      "transform_matrix": [
        [
          -0.192094,
          -0.537085,
          0.821364,
          1.455292
        ],
        [
          -0.981369,
          0.108494,
          -0.158571,
          2.718067
        ],
        [
          -0.003946,
          -0.836522,
          -0.54792,
          1.341603
        ],
        [
          0.0,
          0.0,
          0.0,
          1.0
        ]
      ]
    },
    {
      "file_path": "/media/NFS/ttao/scannet/posed_images/scene0089_00/00094.jpg",
      "transform_matrix": [
        [
          -0.187049,
          -0.536321,
          0.823026,
          1.459255
        ],
        [
          -0.98235,
          0.103157,
          -0.156037,
          2.720258
        ],
        [
          -0.001215,
          -0.837686,
          -0.546151,
          1.344462
        ],
        [
          0.0,
          0.0,
          0.0,
          1.0
        ]
      ]
    },
    {
      "file_path": "/media/NFS/ttao/scannet/posed_images/scene0089_00/00099.jpg",
      "transform_matrix": [
        [
          -0.181819,
          -0.509615,
          0.840972,
          1.47292
        ],
        [
          -0.983302,
          0.100962,
          -0.151409,
          2.72727
        ],
        [
          -0.007746,
          -0.854459,
          -0.519462,
          1.364993
        ],
        [
          0.0,
          0.0,
          0.0,
          1.0
        ]
      ]
    },
    {
      "file_path": "/media/NFS/ttao/scannet/posed_images/scene0089_00/00102.jpg",
      "transform_matrix": [
        [
          -0.169585,
          -0.497872,
          0.850508,
          1.47925
        ],
        [
          -0.985447,
          0.095856,
          -0.140379,
          2.718903
        ],
        [
          -0.011636,
          -0.861937,
          -0.506882,
          1.3864
        ],
        [
          0.0,
          0.0,
          0.0,
          1.0
        ]
      ]
    },
    {
      "file_path": "/media/NFS/ttao/scannet/posed_images/scene0089_00/00106.jpg",
      "transform_matrix": [
        [
          -0.157782,
          -0.472345,
          0.867176,
          1.484794
        ],
        [
          -0.987376,
          0.087809,
          -0.131823,
          2.716987
        ],
        [
          -0.013881,
          -0.877029,
          -0.480237,
          1.4012
        ],
        [
          0.0,
          0.0,
          0.0,
          1.0
        ]
      ]
    },
    {
      "file_path": "/media/NFS/ttao/scannet/posed_images/scene0089_00/00109.jpg",
      "transform_matrix": [
        [
          -0.143872,
          -0.455945,
          0.878302,
          1.484496
        ],
        [
          -0.989502,
          0.078536,
          -0.121318,
          2.709186
        ],
        [
          -0.013664,
          -0.886536,
          -0.462458,
          1.411703
        ],
        [
          0.0,
          0.0,
          0.0,
          1.0
        ]
      ]
    },
    {
      "file_path": "/media/NFS/ttao/scannet/posed_images/scene0089_00/00112.jpg",
      "transform_matrix": [
        [
          -0.132348,
          -0.437287,
          0.88953,
          1.486031
        ],
        [
          -0.991032,
          0.075056,
          -0.110554,
          2.694799
        ],
        [
          -0.018421,
          -0.896185,
          -0.443299,
          1.416888
        ],
        [
          0.0,
          0.0,
          0.0,
          1.0
        ]
      ]
    },
    {
      "file_path": "/media/NFS/ttao/scannet/posed_images/scene0089_00/00114.jpg",
      "transform_matrix": [
        [
          -0.126531,
          -0.434434,
          0.891772,
          1.487505
        ],
        [
          -0.991743,
          0.074326,
          -0.104507,
          2.683575
        ],
        [
          -0.020881,
          -0.897632,
          -0.440252,
          1.416793
        ],
        [
          0.0,
          0.0,
          0.0,
          1.0
        ]
      ]
    },
    {
      "file_path": "/media/NFS/ttao/scannet/posed_images/scene0089_00/00120.jpg",
      "transform_matrix": [
        [
          -0.089413,
          -0.425143,
          0.900699,
          1.495851
        ],
        [
          -0.995627,
          0.06271,
          -0.069237,
          2.623474
        ],
        [
          -0.027047,
          -0.902951,
          -0.428891,
          1.422777
        ],
        [
          0.0,
          0.0,
          0.0,
          1.0
        ]
      ]
    },
    {
      "file_path": "/media/NFS/ttao/scannet/posed_images/scene0089_00/00121.jpg",
      "transform_matrix": [
        [
          -0.085631,
          -0.424016,
          0.901597,
          1.500563
        ],
        [
          -0.995993,
          0.05985,
          -0.066449,
          2.616355
        ],
        [
          -0.025785,
          -0.903675,
          -0.427442,
          1.426901
        ],
        [
          0.0,
          0.0,
          0.0,
          1.0
        ]
      ]
    },
    {
      "file_path": "/media/NFS/ttao/scannet/posed_images/scene0089_00/00126.jpg",
      "transform_matrix": [
        [
          -0.053023,
          -0.397515,
          0.916062,
          1.514609
        ],
        [
          -0.998179,
          0.04751,
          -0.037159,
          2.550627
        ],
        [
          -0.02875,
          -0.916365,
          -0.39931,
          1.431231
        ],
        [
          0.0,
          0.0,
          0.0,
          1.0
        ]
      ]
    },
    {
      "file_path": "/media/NFS/ttao/scannet/posed_images/scene0089_00/00128.jpg",
      "transform_matrix": [
        [
          -0.028052,
          -0.387175,
          0.921579,
          1.522385
        ],
        [
          -0.999135,
          0.039173,
          -0.013955,
          2.50807
        ],
        [
          -0.030698,
          -0.921174,
          -0.387939,
          1.43673
        ],
        [
          0.0,
          0.0,
          0.0,
          1.0
        ]
      ]
    },
    {
      "file_path": "/media/NFS/ttao/scannet/posed_images/scene0089_00/00133.jpg",
      "transform_matrix": [
        [
          0.056611,
          -0.346772,
          0.936239,
          1.53195
        ],
        [
          -0.998094,
          0.003411,
          0.061614,
          2.400705
        ],
        [
          -0.024559,
          -0.937943,
          -0.345918,
          1.429132
        ],
        [
          0.0,
          0.0,
          0.0,
          1.0
        ]
      ]
    },
    {
      "file_path": "/media/NFS/ttao/scannet/posed_images/scene0089_00/00136.jpg",
      "transform_matrix": [
        [
          0.102935,
          -0.359759,
          0.92735,
          1.55301
        ],
        [
          -0.994138,
          -0.006206,
          0.10794,
          2.329927
        ],
        [
          -0.033077,
          -0.933025,
          -0.358289,
          1.416542
        ],
        [
          0.0,
          0.0,
          0.0,
          1.0
        ]
      ]
    },
    {
      "file_path": "/media/NFS/ttao/scannet/posed_images/scene0089_00/00140.jpg",
      "transform_matrix": [
        [
          0.110502,
          -0.387317,
          0.9153,
          1.589748
        ],
        [
          -0.99268,
          0.002154,
          0.120755,
          2.266312
        ],
        [
          -0.048742,
          -0.921944,
          -0.384244,
          1.411788
        ],
        [
          0.0,
          0.0,
          0.0,
          1.0
        ]
      ]
    },
    {
      "file_path": "/media/NFS/ttao/scannet/posed_images/scene0089_00/00142.jpg",
      "transform_matrix": [
        [
          0.114121,
          -0.385369,
          0.915679,
          1.606803
        ],
        [
          -0.99222,
          0.001955,
          0.124483,
          2.241611
        ],
        [
          -0.049762,
          -0.92276,
          -0.382148,
          1.404513
        ],
        [
          0.0,
          0.0,
          0.0,
          1.0
        ]
      ]
    },
    {
      "file_path": "/media/NFS/ttao/scannet/posed_images/scene0089_00/00148.jpg",
      "transform_matrix": [
        [
          0.085002,
          -0.395199,
          0.914654,
          1.671187
        ],
        [
          -0.996241,
          -0.018322,
          0.084668,
          2.181028
        ],
        [
          -0.016702,
          -0.918413,
          -0.39527,
          1.392902
        ],
        [
          0.0,
          0.0,
          0.0,
          1.0
        ]
      ]
    },
    {
      "file_path": "/media/NFS/ttao/scannet/posed_images/scene0089_00/00151.jpg",
      "transform_matrix": [
        [
          0.072453,
          -0.388332,
          0.918667,
          1.707494
        ],
        [
          -0.997331,
          -0.019831,
          0.070274,
          2.158327
        ],
        [
          -0.009072,
          -0.921306,
          -0.388732,
          1.394036
        ],
        [
          0.0,
          0.0,
          0.0,
          1.0
        ]
      ]
    },
    {
      "file_path": "/media/NFS/ttao/scannet/posed_images/scene0089_00/00154.jpg",
      "transform_matrix": [
        [
          0.083273,
          -0.396442,
          0.914275,
          1.741075
        ],
        [
          -0.996526,
          -0.034098,
          0.075979,
          2.14069
        ],
        [
          0.001053,
          -0.917426,
          -0.397904,
          1.392168
        ],
        [
          0.0,
          0.0,
          0.0,
          1.0
        ]
      ]
    },
    {
      "file_path": "/media/NFS/ttao/scannet/posed_images/scene0089_00/00158.jpg",
      "transform_matrix": [
        [
          0.098887,
          -0.412765,
          0.905454,
          1.786258
        ],
        [
          -0.995097,
          -0.042758,
          0.089185,
          2.118839
        ],
        [
          0.001902,
          -0.909834,
          -0.414969,
          1.393959
        ],
        [
          0.0,
          0.0,
          0.0,
          1.0
        ]
      ]
    },
    {
      "file_path": "/media/NFS/ttao/scannet/posed_images/scene0089_00/00159.jpg",
      "transform_matrix": [
        [
          0.105059,
          -0.414085,
          0.904155,
          1.790662
        ],
        [
          -0.994466,
          -0.043921,
          0.095438,
          2.115419
        ],
        [
          0.000192,
          -0.909178,
          -0.416408,
          1.394491
        ],
        [
          0.0,
          0.0,
          0.0,
          1.0
        ]
      ]
    },
    {
      "file_path": "/media/NFS/ttao/scannet/posed_images/scene0089_00/00162.jpg",
      "transform_matrix": [
        [
          0.1274,
          -0.421219,
          0.897967,
          1.803147
        ],
        [
          -0.991784,
          -0.043526,
          0.120293,
          2.093093
        ],
        [
          -0.011584,
          -0.905914,
          -0.423304,
          1.395799
        ],
        [
          0.0,
          0.0,
          0.0,
          1.0
        ]
      ]
    },
    {
      "file_path": "/media/NFS/ttao/scannet/posed_images/scene0089_00/00166.jpg",
      "transform_matrix": [
        [
          0.138706,
          -0.43258,
          0.890862,
          1.804704
        ],
        [
          -0.990201,
          -0.045872,
          0.131898,
          2.077906
        ],
        [
          -0.016191,
          -0.900428,
          -0.434704,
          1.395325
        ],
        [
          0.0,
          0.0,
          0.0,
          1.0
        ]
      ]
    },
    {
      "file_path": "/media/NFS/ttao/scannet/posed_images/scene0089_00/00170.jpg",
      "transform_matrix": [
        [
          0.129815,
          -0.444384,
          0.886381,
          1.791331
        ],
        [
          -0.991277,
          -0.037647,
          0.126303,
          2.052137
        ],
        [
          -0.022758,
          -0.895045,
          -0.445395,
          1.393208
        ],
        [
          0.0,
          0.0,
          0.0,
          1.0
        ]
      ]
    },
    {
      "file_path": "/media/NFS/ttao/scannet/posed_images/scene0089_00/00173.jpg",
      "transform_matrix": [
        [
          0.111821,
          -0.461795,
          0.87991,
          1.778932
        ],
        [
          -0.993468,
          -0.031683,
          0.109624,
          2.024268
        ],
        [
          -0.022746,
          -0.886421,
          -0.462321,
          1.384572
        ],
        [
          0.0,
          0.0,
          0.0,
          1.0
        ]
      ]
    },
    {
      "file_path": "/media/NFS/ttao/scannet/posed_images/scene0089_00/00179.jpg",
      "transform_matrix": [
        [
          0.026619,
          -0.505628,
          0.862341,
          1.759086
        ],
        [
          -0.999353,
          0.007408,
          0.035192,
          1.99695
        ],
        [
          -0.024182,
          -0.86272,
          -0.505104,
          1.379181
        ],
        [
          0.0,
          0.0,
          0.0,
          1.0
        ]
      ]
    },
    {
      "file_path": "/media/NFS/ttao/scannet/posed_images/scene0089_00/00182.jpg",
      "transform_matrix": [
        [
          -0.020919,
          -0.503396,
          0.863803,
          1.743487
        ],
        [
          -0.999491,
          0.031348,
          -0.005937,
          1.992329
        ],
        [
          -0.02409,
          -0.863487,
          -0.503795,
          1.386588
        ],
        [
          0.0,
          0.0,
          0.0,
          1.0
        ]
      ]
    },
    {
      "file_path": "/media/NFS/ttao/scannet/posed_images/scene0089_00/00184.jpg",
      "transform_matrix": [
        [
          -0.055066,
          -0.493073,
          0.868243,
          1.72501
        ],
        [
          -0.998299,
          0.043896,
          -0.038385,
          1.997301
        ],
        [
          -0.019186,
          -0.86888,
          -0.494651,
          1.386882
        ],
        [
          0.0,
          0.0,
          0.0,
          1.0
        ]
      ]
    },
    {
      "file_path": "/media/NFS/ttao/scannet/posed_images/scene0089_00/00189.jpg",
      "transform_matrix": [
        [
          -0.142551,
          -0.485776,
          0.862381,
          1.667609
        ],
        [
          -0.989785,
          0.071826,
          -0.123152,
          2.073841
        ],
        [
          -0.002117,
          -0.871127,
          -0.491053,
          1.373525
        ],
        [
          0.0,
          0.0,
          0.0,
          1.0
        ]
      ]
    },
    {
      "file_path": "/media/NFS/ttao/scannet/posed_images/scene0089_00/00192.jpg",
      "transform_matrix": [
        [
          -0.221346,
          -0.472498,
          0.853083,
          1.624896
        ],
        [
          -0.975181,
          0.102435,
          -0.19629,
          2.152735
        ],
        [
          0.005362,
          -0.875359,
          -0.483445,
          1.359068
        ],
        [
          0.0,
          0.0,
          0.0,
          1.0
        ]
      ]
    },
    {
      "file_path": "/media/NFS/ttao/scannet/posed_images/scene0089_00/00193.jpg",
      "transform_matrix": [
        [
          -0.244661,
          -0.470135,
          0.848006,
          1.614205
        ],
        [
          -0.969608,
          0.117325,
          -0.2147,
          2.17068
        ],
        [
          0.001446,
          -0.874762,
          -0.484551,
          1.356097
        ],
        [
          0.0,
          0.0,
          0.0,
          1.0
        ]
      ]
    },
    {
      "file_path": "/media/NFS/ttao/scannet/posed_images/scene0089_00/00200.jpg",
      "transform_matrix": [
        [
          -0.405589,
          -0.477283,
          0.77955,
          1.561232
        ],
        [
          -0.91403,
          0.218238,
          -0.341939,
          2.266598
        ],
        [
          -0.006926,
          -0.851218,
          -0.524766,
          1.368263
        ],
        [
          0.0,
          0.0,
          0.0,
          1.0
        ]
      ]
    },
    {
      "file_path": "/media/NFS/ttao/scannet/posed_images/scene0089_00/00203.jpg",
      "transform_matrix": [
        [
          -0.453547,
          -0.45227,
          0.76795,
          1.535178
        ],
        [
          -0.891176,
          0.239848,
          -0.38507,
          2.279605
        ],
        [
          -0.010035,
          -0.859026,
          -0.511835,
          1.374214
        ],
        [
          0.0,
          0.0,
          0.0,
          1.0
        ]
      ]
    },
    {
      "file_path": "/media/NFS/ttao/scannet/posed_images/scene0089_00/00205.jpg",
      "transform_matrix": [
        [
          -0.468369,
          -0.447875,
          0.761603,
          1.51796
        ],
        [
          -0.883494,
          0.245566,
          -0.398919,
          2.288369
        ],
        [
          -0.008357,
          -0.859712,
          -0.51071,
          1.374491
        ],
        [
          0.0,
          0.0,
          0.0,
          1.0
        ]
      ]
    },
    {
      "file_path": "/media/NFS/ttao/scannet/posed_images/scene0089_00/00209.jpg",
      "transform_matrix": [
        [
          -0.495931,
          -0.437178,
          0.750285,
          1.486062
        ],
        [
          -0.868292,
          0.26065,
          -0.422056,
          2.300891
        ],
        [
          -0.011048,
          -0.860777,
          -0.508862,
          1.373172
        ],
        [
          0.0,
          0.0,
          0.0,
          1.0
        ]
      ]
    },
    {
      "file_path": "/media/NFS/ttao/scannet/posed_images/scene0089_00/00211.jpg",
      "transform_matrix": [
        [
          -0.505936,
          -0.425236,
          0.750468,
          1.450172
        ],
        [
          -0.862449,
          0.26399,
          -0.431846,
          2.311543
        ],
        [
          -0.01448,
          -0.865727,
          -0.500307,
          1.355924
        ],
        [
          0.0,
          0.0,
          0.0,
          1.0
        ]
      ]
    },
    {
      "file_path": "/media/NFS/ttao/scannet/posed_images/scene0089_00/00214.jpg",
      "transform_matrix": [
        [
          -0.527142,
          -0.429456,
          0.733272,
          1.421369
        ],
        [
          -0.84952,
          0.287569,
          -0.44229,
          2.313384
        ],
        [
          -0.020922,
          -0.856079,
          -0.516421,
          1.352223
        ],
        [
          0.0,
          0.0,
          0.0,
          1.0
        ]
      ]
    },
    {
      "file_path": "/media/NFS/ttao/scannet/posed_images/scene0089_00/00220.jpg",
      "transform_matrix": [
        [
          -0.570032,
          -0.425292,
          0.702986,
          1.36581
        ],
        [
          -0.820096,
          0.346642,
          -0.455282,
          2.315753
        ],
        [
          -0.050057,
          -0.836042,
          -0.546378,
          1.354438
        ],
        [
          0.0,
          0.0,
          0.0,
          1.0
        ]
      ]
    },
    {
      "file_path": "/media/NFS/ttao/scannet/posed_images/scene0089_00/00224.jpg",
      "transform_matrix": [
        [
          -0.591695,
          -0.411388,
          0.693294,
          1.326756
        ],
        [
          -0.803626,
          0.369148,
          -0.466813,
          2.325922
        ],
        [
          -0.063887,
          -0.833361,
          -0.549025,
          1.346965
        ],
        [
          0.0,
          0.0,
          0.0,
          1.0
        ]
      ]
    },
    {
      "file_path": "/media/NFS/ttao/scannet/posed_images/scene0089_00/00225.jpg",
      "transform_matrix": [
        [
          -0.595981,
          -0.409323,
          0.690841,
          1.3211
        ],
        [
          -0.800211,
          0.374367,
          -0.468521,
          2.326897
        ],
        [
          -0.066852,
          -0.832048,
          -0.550661,
          1.34496
        ],
        [
          0.0,
          0.0,
          0.0,
          1.0
        ]
      ]
    },
    {
      "file_path": "/media/NFS/ttao/scannet/posed_images/scene0089_00/00228.jpg",
      "transform_matrix": [
        [
          -0.610314,
          -0.408622,
          0.678634,
          1.30854
        ],
        [
          -0.78893,
          0.390811,
          -0.47419,
          2.331616
        ],
        [
          -0.071453,
          -0.8248,
          -0.560892,
          1.341332
        ],
        [
          0.0,
          0.0,
          0.0,
          1.0
        ]
      ]
    },
    {
      "file_path": "/media/NFS/ttao/scannet/posed_images/scene0089_00/00232.jpg",
      "transform_matrix": [
        [
          -0.631573,
          -0.41058,
          0.657677,
          1.30068
        ],
        [
          -0.77171,
          0.41463,
          -0.482231,
          2.334566
        ],
        [
          -0.074699,
          -0.8121,
          -0.578718,
          1.34122
        ],
        [
          0.0,
          0.0,
          0.0,
          1.0
        ]
      ]
    },
    {
      "file_path": "/media/NFS/ttao/scannet/posed_images/scene0089_00/00235.jpg",
      "transform_matrix": [
        [
          -0.665944,
          -0.402064,
          0.628381,
          1.294259
        ],
        [
          -0.743399,
          0.427959,
          -0.514012,
          2.335008
        ],
        [
          -0.062255,
          -0.809442,
          -0.583891,
          1.343074
        ],
        [
          0.0,
          0.0,
          0.0,
          1.0
        ]
      ]
    },
    {
      "file_path": "/media/NFS/ttao/scannet/posed_images/scene0089_00/00239.jpg",
      "transform_matrix": [
        [
          -0.698453,
          -0.382121,
          0.605101,
          1.293845
        ],
        [
          -0.714347,
          0.42338,
          -0.557188,
          2.334659
        ],
        [
          -0.043275,
          -0.821421,
          -0.568678,
          1.350543
        ],
        [
          0.0,
          0.0,
          0.0,
          1.0
        ]
      ]
    },
    {
      "file_path": "/media/NFS/ttao/scannet/posed_images/scene0089_00/00243.jpg",
      "transform_matrix": [
        [
          -0.724116,
          -0.36769,
          0.583489,
          1.307708
        ],
        [
          -0.68914,
          0.419166,
          -0.591089,
          2.342773
        ],
        [
          -0.027241,
          -0.830123,
          -0.556915,
          1.357832
        ],
        [
          0.0,
          0.0,
          0.0,
          1.0
        ]
      ]
    },
    {
      "file_path": "/media/NFS/ttao/scannet/posed_images/scene0089_00/00246.jpg",
      "transform_matrix": [
        [
          -0.74614,
          -0.351951,
          0.56516,
          1.325006
        ],
        [
          -0.665481,
          0.42009,
          -0.616976,
          2.351279
        ],
        [
          -0.020273,
          -0.836453,
          -0.547663,
          1.362253
        ],
        [
          0.0,
          0.0,
          0.0,
          1.0
        ]
      ]
    },
    {
      "file_path": "/media/NFS/ttao/scannet/posed_images/scene0089_00/00249.jpg",
      "transform_matrix": [
        [
          -0.758198,
          -0.342423,
          0.554871,
          1.347646
        ],
        [
          -0.651808,
          0.419951,
          -0.631497,
          2.358249
        ],
        [
          -0.01678,
          -0.840469,
          -0.5416,
          1.375348
        ],
        [
          0.0,
          0.0,
          0.0,
          1.0
        ]
      ]
    },
    {
      "file_path": "/media/NFS/ttao/scannet/posed_images/scene0089_00/00255.jpg",
      "transform_matrix": [
        [
          -0.781164,
          -0.293096,
          0.551251,
          1.393589
        ],
        [
          -0.624224,
          0.382656,
          -0.681116,
          2.383657
        ],
        [
          -0.011307,
          -0.876167,
          -0.481874,
          1.401317
        ],
        [
          0.0,
          0.0,
          0.0,
          1.0
        ]
      ]
    },
    {
      "file_path": "/media/NFS/ttao/scannet/posed_images/scene0089_00/00258.jpg",
      "transform_matrix": [
        [
          -0.790735,
          -0.276704,
          0.546052,
          1.406006
        ],
        [
          -0.612093,
          0.370414,
          -0.698668,
          2.385848
        ],
        [
          -0.008941,
          -0.886695,
          -0.462268,
          1.415512
        ],
        [
          0.0,
          0.0,
          0.0,
          1.0
        ]
      ]
    },
    {
      "file_path": "/media/NFS/ttao/scannet/posed_images/scene0089_00/00262.jpg",
      "transform_matrix": [
        [
          -0.80934,
          -0.254464,
          0.529354,
          1.422549
        ],
        [
          -0.587328,
          0.356231,
          -0.726736,
          2.392509
        ],
        [
          -0.003644,
          -0.899082,
          -0.437766,
          1.426912
        ],
        [
          0.0,
          0.0,
          0.0,
          1.0
        ]
      ]
    },
    {
      "file_path": "/media/NFS/ttao/scannet/posed_images/scene0089_00/00265.jpg",
      "transform_matrix": [
        [
          -0.813866,
          -0.241504,
          0.528487,
          1.424324
        ],
        [
          -0.581047,
          0.342089,
          -0.738484,
          2.392551
        ],
        [
          -0.002443,
          -0.908103,
          -0.41874,
          1.436628
        ],
        [
          0.0,
          0.0,
          0.0,
          1.0
        ]
      ]
    },
    {
      "file_path": "/media/NFS/ttao/scannet/posed_images/scene0089_00/00268.jpg",
      "transform_matrix": [
        [
          -0.813825,
          -0.231448,
          0.533029,
          1.427535
        ],
        [
          -0.581103,
          0.319885,
          -0.748327,
          2.397666
        ],
