{
  "frames": [
    {
      "file_path": "/media/NFS/ttao/scannet/posed_images/scene0470_01/00000.jpg",
      "transform_matrix": [
        [
          -0.992914,
          0.00838,
          -0.118544,
          1.797944
        ],
        [
          0.110293,
          0.436436,
          -0.89295,
          2.121795
        ],
        [
          0.044254,
          -0.899696,
          -0.434267,
          1.294544
        ],
        [
          0.0,
          0.0,
          0.0,
          1.0
        ]
      ]
    },
    {
      "file_path": "/media/NFS/ttao/scannet/posed_images/scene0470_01/00001.jpg",
      "transform_matrix": [
        [
          -0.992594,
          0.012677,
          -0.12082,
          1.798854
        ],
        [
          0.114179,
          0.437011,
          -0.89218,
          2.11915
        ],
        [
          0.04149,
          -0.899367,
          -0.435222,
          1.297426
        ],
        [
          0.0,
          0.0,
          0.0,
          1.0
        ]
      ]
    },
    {
      "file_path": "/media/NFS/ttao/scannet/posed_images/scene0470_01/00003.jpg",
      "transform_matrix": [
        [
          -0.992338,
          0.011684,
          -0.123001,
          1.800254
        ],
        [
          0.116055,
          0.42969,
          -0.895487,
          2.118806
        ],
        [
          0.04239,
          -0.902901,
          -0.427754,
          1.299122
        ],
        [
          0.0,
          0.0,
          0.0,
          1.0
        ]
      ]
    },
    {
      "file_path": "/media/NFS/ttao/scannet/posed_images/scene0470_01/00005.jpg",
      "transform_matrix": [
        [
          -0.992183,
          0.007442,
          -0.124571,
          1.799647
        ],
        [
          0.115847,
          0.426069,
          -0.897243,
          2.119569
        ],
        [
          0.046398,
          -0.90466,
          -0.423601,
          1.30035
        ],
        [
          0.0,
          0.0,
          0.0,
          1.0
        ]
      ]
    },
    {
      "file_path": "/media/NFS/ttao/scannet/posed_images/scene0470_01/00006.jpg",
      "transform_matrix": [
        [
          -0.992179,
          0.005923,
          -0.124685,
          1.7991
        ],
        [
          0.115369,
          0.424892,
          -0.897862,
          2.119761
        ],
        [
          0.04766,
          -0.905225,
          -0.422252,
          1.300672
        ],
        [
          0.0,
          0.0,
          0.0,
          1.0
        ]
      ]
    },
    {
      "file_path": "/media/NFS/ttao/scannet/posed_images/scene0470_01/00008.jpg",
      "transform_matrix": [
        [
          -0.992157,
          0.004336,
          -0.124927,
          1.798942
        ],
        [
          0.114992,
          0.423541,
          -0.898549,
          2.119797
        ],
        [
          0.049016,
          -0.905867,
          -0.420717,
          1.3004
        ],
        [
          0.0,
          0.0,
          0.0,
          1.0
        ]
      ]
    },
    {
      "file_path": "/media/NFS/ttao/scannet/posed_images/scene0470_01/00009.jpg",
      "transform_matrix": [
        [
          -0.992144,
          0.005145,
          -0.124997,
          1.799975
        ],
        [
          0.115374,
          0.423931,
          -0.898316,
          2.119783
        ],
        [
          0.048368,
          -0.90568,
          -0.421194,
          1.299361
        ],
        [
          0.0,
          0.0,
          0.0,
          1.0
        ]
      ]
    },
    {
      "file_path": "/media/NFS/ttao/scannet/posed_images/scene0470_01/00010.jpg",
      "transform_matrix": [
        [
          -0.992983,
          0.005117,
          -0.118148,
          1.790305
        ],
        [
          0.108944,
          0.428216,
          -0.897086,
          2.117213
        ],
        [
          0.046002,
          -0.903662,
          -0.425768,
          1.305138
        ],
        [
          0.0,
          0.0,
          0.0,
          1.0
        ]
      ]
    },
    {
      "file_path": "/media/NFS/ttao/scannet/posed_images/scene0470_01/00013.jpg",
      "transform_matrix": [
        [
          -0.992971,
          0.00513,
          -0.118244,
          1.793354
        ],
        [
          0.109028,
          0.428387,
          -0.896994,
          2.118001
        ],
        [
          0.046053,
          -0.903581,
          -0.425935,
          1.300989
        ],
        [
          0.0,
          0.0,
          0.0,
          1.0
        ]
      ]
    },
    {
      "file_path": "/media/NFS/ttao/scannet/posed_images/scene0470_01/00014.jpg",
      "transform_matrix": [
        [
          -0.99304,
          0.005124,
          -0.117666,
          1.79288
        ],
        [
          0.108494,
          0.42858,
          -0.896966,
          2.11816
        ],
        [
          0.045833,
          -0.90349,
          -0.426153,
          1.300402
        ],
        [
          0.0,
          0.0,
          0.0,
          1.0
        ]
      ]
    },
    {
      "file_path": "/media/NFS/ttao/scannet/posed_images/scene0470_01/00016.jpg",
      "transform_matrix": [
        [
          -0.993212,
          0.004739,
          -0.116227,
          1.79368
        ],
        [
          0.106956,
          0.430027,
          -0.896458,
          2.117452
        ],
        [
          0.045733,
          -0.902804,
          -0.427615,
          1.300569
        ],
        [
          0.0,
          0.0,
          0.0,
          1.0
        ]
      ]
    },
    {
      "file_path": "/media/NFS/ttao/scannet/posed_images/scene0470_01/00017.jpg",
      "transform_matrix": [
        [
          -0.993258,
          0.004408,
          -0.115845,
          1.79379
        ],
        [
          0.106444,
          0.430546,
          -0.89627,
          2.118301
        ],
        [
          0.045926,
          -0.902558,
          -0.428112,
          1.300228
        ],
        [
          0.0,
          0.0,
          0.0,
          1.0
        ]
      ]
    },
    {
      "file_path": "/media/NFS/ttao/scannet/posed_images/scene0470_01/00018.jpg",
      "transform_matrix": [
        [
          -0.993233,
          0.003019,
          -0.116103,
          1.793666
        ],
        [
          0.106051,
          0.431139,
          -0.896032,
          2.119403
        ],
        [
          0.047352,
          -0.902281,
          -0.428541,
          1.298056
        ],
        [
          0.0,
          0.0,
          0.0,
          1.0
        ]
      ]
    },
    {
      "file_path": "/media/NFS/ttao/scannet/posed_images/scene0470_01/00020.jpg",
      "transform_matrix": [
        [
          -0.993128,
          0.00103,
          -0.11703,
          1.794638
        ],
        [
          0.105727,
          0.436712,
          -0.893367,
          2.119361
        ],
        [
          0.050188,
          -0.899601,
          -0.43382,
          1.296898
        ],
        [
          0.0,
          0.0,
          0.0,
          1.0
        ]
      ]
    },
    {
      "file_path": "/media/NFS/ttao/scannet/posed_images/scene0470_01/00021.jpg",
      "transform_matrix": [
        [
          -0.993138,
          0.0002,
          -0.116946,
          1.79468
        ],
        [
          0.105277,
          0.436975,
          -0.893292,
          2.119462
        ],
        [
          0.050924,
          -0.899474,
          -0.433998,
          1.295956
        ],
        [
          0.0,
          0.0,
          0.0,
          1.0
        ]
      ]
    },
    {
      "file_path": "/media/NFS/ttao/scannet/posed_images/scene0470_01/00023.jpg",
      "transform_matrix": [
        [
          -0.993042,
          -0.001654,
          -0.117754,
          1.79462
        ],
        [
          0.105209,
          0.436802,
          -0.893384,
          2.120721
        ],
        [
          0.052913,
          -0.899556,
          -0.433588,
          1.293476
        ],
        [
          0.0,
          0.0,
          0.0,
          1.0
        ]
      ]
    },
    {
      "file_path": "/media/NFS/ttao/scannet/posed_images/scene0470_01/00024.jpg",
      "transform_matrix": [
        [
          -0.992825,
          -0.002063,
          -0.11956,
          1.796232
        ],
        [
          0.106527,
          0.438963,
          -0.892168,
          2.119575
        ],
        [
          0.054323,
          -0.898503,
          -0.435594,
          1.293948
        ],
        [
          0.0,
          0.0,
          0.0,
          1.0
        ]
      ]
    },
    {
      "file_path": "/media/NFS/ttao/scannet/posed_images/scene0470_01/00026.jpg",
      "transform_matrix": [
        [
          -0.992304,
          -0.004297,
          -0.123756,
          1.797915
        ],
        [
          0.109132,
          0.441924,
          -0.89039,
          2.119854
        ],
        [
          0.058516,
          -0.897042,
          -0.438053,
          1.290503
        ],
        [
          0.0,
          0.0,
          0.0,
          1.0
        ]
      ]
    },
    {
      "file_path": "/media/NFS/ttao/scannet/posed_images/scene0470_01/00028.jpg",
      "transform_matrix": [
        [
          -0.991222,
          -0.004782,
          -0.132124,
          1.80228
        ],
        [
          0.115969,
          0.448452,
          -0.886252,
          2.118029
        ],
        [
          0.063489,
          -0.893794,
          -0.443961,
          1.286838
        ],
        [
          0.0,
          0.0,
          0.0,
          1.0
        ]
      ]
    },
    {
      "file_path": "/media/NFS/ttao/scannet/posed_images/scene0470_01/00030.jpg",
      "transform_matrix": [
        [
          -0.990119,
          -0.000878,
          -0.140225,
          1.801114
        ],
        [
          0.124348,
          0.456734,
          -0.88087,
          2.113909
        ],
        [
          0.064819,
          -0.889603,
          -0.452112,
          1.288803
        ],
        [
          0.0,
          0.0,
          0.0,
          1.0
        ]
      ]
    },
    {
      "file_path": "/media/NFS/ttao/scannet/posed_images/scene0470_01/00031.jpg",
      "transform_matrix": [
        [
          -0.989169,
          0.001649,
          -0.146772,
          1.804601
        ],
        [
          0.131453,
          0.45483,
          -0.880823,
          2.11303
        ],
        [
          0.065304,
          -0.890577,
          -0.450121,
          1.283725
        ],
        [
          0.0,
          0.0,
          0.0,
          1.0
        ]
      ]
    },
    {
      "file_path": "/media/NFS/ttao/scannet/posed_images/scene0470_01/00032.jpg",
      "transform_matrix": [
        [
          -0.988089,
          0.003455,
          -0.153846,
          1.808661
        ],
        [
          0.13855,
          0.455028,
          -0.879633,
          2.112607
        ],
        [
          0.066965,
          -0.89047,
          -0.450087,
          1.281245
        ],
        [
          0.0,
          0.0,
          0.0,
          1.0
        ]
      ]
    },
    {
      "file_path": "/media/NFS/ttao/scannet/posed_images/scene0470_01/00034.jpg",
      "transform_matrix": [
        [
          -0.985281,
          0.005087,
          -0.170869,
          1.814792
        ],
        [
          0.153731,
          0.463508,
          -0.872655,
          2.108691
        ],
        [
          0.07476,
          -0.886078,
          -0.457468,
          1.277592
        ],
        [
          0.0,
          0.0,
          0.0,
          1.0
        ]
      ]
    },
    {
      "file_path": "/media/NFS/ttao/scannet/posed_images/scene0470_01/00036.jpg",
      "transform_matrix": [
        [
          -0.980982,
          0.013124,
          -0.193656,
          1.824704
        ],
        [
          0.177073,
          0.469139,
          -0.86519,
          2.100145
        ],
        [
          0.079497,
          -0.883027,
          -0.46254,
          1.277265
        ],
        [
          0.0,
          0.0,
          0.0,
          1.0
        ]
      ]
    },
    {
      "file_path": "/media/NFS/ttao/scannet/posed_images/scene0470_01/00037.jpg",
      "transform_matrix": [
        [
          -0.978774,
          0.014786,
          -0.204411,
          1.829375
        ],
        [
          0.187225,
          0.4702,
          -0.862473,
          2.09632
        ],
        [
          0.083361,
          -0.882436,
          -0.462988,
          1.277207
        ],
        [
          0.0,
          0.0,
          0.0,
          1.0
        ]
      ]
    },
    {
      "file_path": "/media/NFS/ttao/scannet/posed_images/scene0470_01/00039.jpg",
      "transform_matrix": [
        [
          -0.972312,
          0.028525,
          -0.231939,
          1.83938
        ],
        [
          0.217509,
          0.473329,
          -0.85361,
          2.09103
        ],
        [
          0.085434,
          -0.880424,
          -0.466428,
          1.272901
        ],
        [
          0.0,
          0.0,
          0.0,
          1.0
        ]
      ]
    },
    {
      "file_path": "/media/NFS/ttao/scannet/posed_images/scene0470_01/00040.jpg",
      "transform_matrix": [
        [
          -0.967706,
          0.041104,
          -0.248708,
          1.848365
        ],
        [
          0.238371,
          0.470158,
          -0.849783,
          2.087626
        ],
        [
          0.082002,
          -0.881624,
          -0.464773,
          1.273594
        ],
        [
          0.0,
          0.0,
          0.0,
          1.0
        ]
      ]
    },
    {
      "file_path": "/media/NFS/ttao/scannet/posed_images/scene0470_01/00042.jpg",
      "transform_matrix": [
        [
          -0.961217,
          0.059355,
          -0.269331,
          1.859428
        ],
        [
          0.266457,
          0.451812,
          -0.851391,
          2.079605
        ],
        [
          0.071153,
          -0.890136,
          -0.450105,
          1.276452
        ],
        [
          0.0,
          0.0,
          0.0,
          1.0
        ]
      ]
    },
    {
      "file_path": "/media/NFS/ttao/scannet/posed_images/scene0470_01/00043.jpg",
      "transform_matrix": [
        [
          -0.958476,
          0.063083,
          -0.278109,
          1.866813
        ],
        [
          0.276165,
          0.448514,
          -0.85004,
          2.074787
        ],
        [
          0.071113,
          -0.891547,
          -0.447311,
          1.274878
        ],
        [
          0.0,
          0.0,
          0.0,
          1.0
        ]
      ]
    },
    {
      "file_path": "/media/NFS/ttao/scannet/posed_images/scene0470_01/00045.jpg",
      "transform_matrix": [
        [
          -0.952806,
          0.072351,
          -0.294833,
          1.882584
        ],
        [
          0.295195,
          0.447496,
          -0.84416,
          2.063213
        ],
        [
          0.070861,
          -0.891354,
          -0.447735,
          1.275426
        ],
        [
          0.0,
          0.0,
          0.0,
          1.0
        ]
      ]
    },
    {
      "file_path": "/media/NFS/ttao/scannet/posed_images/scene0470_01/00046.jpg",
      "transform_matrix": [
        [
          -0.950242,
          0.077069,
          -0.30183,
          1.889846
        ],
        [
          0.303568,
          0.446539,
          -0.841694,
          2.058218
        ],
        [
          0.069911,
          -0.891439,
          -0.447715,
          1.273626
        ],
        [
          0.0,
          0.0,
          0.0,
          1.0
        ]
      ]
    },
    {
      "file_path": "/media/NFS/ttao/scannet/posed_images/scene0470_01/00048.jpg",
      "transform_matrix": [
        [
          -0.944263,
          0.087814,
          -0.317265,
          1.9057
        ],
        [
          0.321433,
          0.453979,
          -0.831014,
          2.045067
        ],
        [
          0.071057,
          -0.886675,
          -0.456902,
          1.27203
        ],
        [
          0.0,
          0.0,
          0.0,
          1.0
        ]
      ]
    },
    {
      "file_path": "/media/NFS/ttao/scannet/posed_images/scene0470_01/00050.jpg",
      "transform_matrix": [
        [
          -0.936383,
          0.100947,
          -0.336149,
          1.915535
        ],
        [
          0.342821,
          0.468355,
          -0.81432,
          2.03223
        ],
        [
          0.075234,
          -0.877755,
          -0.473166,
          1.276768
        ],
        [
          0.0,
          0.0,
          0.0,
          1.0
        ]
      ]
    },
    {
      "file_path": "/media/NFS/ttao/scannet/posed_images/scene0470_01/00052.jpg",
      "transform_matrix": [
        [
          -0.925434,
          0.111655,
          -0.362085,
          1.931944
        ],
        [
          0.370071,
          0.471541,
          -0.800435,
          2.018458
        ],
        [
          0.081365,
          -0.874747,
          -0.477701,
          1.273008
        ],
        [
          0.0,
          0.0,
          0.0,
          1.0
        ]
      ]
    },
    {
      "file_path": "/media/NFS/ttao/scannet/posed_images/scene0470_01/00053.jpg",
      "transform_matrix": [
        [
          -0.91976,
          0.118946,
          -0.374025,
          1.939018
        ],
        [
          0.383666,
          0.473334,
          -0.792941,
          2.010353
        ],
        [
          0.082722,
          -0.872816,
          -0.480989,
          1.27272
        ],
        [
          0.0,
          0.0,
          0.0,
          1.0
        ]
      ]
    },
    {
      "file_path": "/media/NFS/ttao/scannet/posed_images/scene0470_01/00055.jpg",
      "transform_matrix": [
        [
          -0.910145,
          0.132412,
          -0.392561,
          1.949967
        ],
        [
          0.405752,
          0.476286,
          -0.780075,
          1.996246
        ],
        [
          0.08368,
          -0.869263,
          -0.487215,
          1.269554
        ],
        [
          0.0,
          0.0,
          0.0,
          1.0
        ]
      ]
    },
    {
      "file_path": "/media/NFS/ttao/scannet/posed_images/scene0470_01/00056.jpg",
      "transform_matrix": [
        [
          -0.906183,
          0.137755,
          -0.399821,
          1.953733
        ],
        [
          0.414242,
          0.479342,
          -0.773715,
          1.988401
        ],
        [
          0.085068,
          -0.86675,
          -0.491435,
          1.270421
        ],
        [
          0.0,
          0.0,
          0.0,
          1.0
        ]
      ]
    },
    {
      "file_path": "/media/NFS/ttao/scannet/posed_images/scene0470_01/00057.jpg",
      "transform_matrix": [
        [
          -0.903297,
          0.141277,
          -0.405088,
          1.956601
        ],
        [
          0.42032,
          0.480586,
          -0.769655,
          1.980853
        ],
        [
          0.085945,
          -0.865493,
          -0.493493,
          1.270238
        ],
        [
          0.0,
          0.0,
          0.0,
          1.0
        ]
      ]
    },
    {
      "file_path": "/media/NFS/ttao/scannet/posed_images/scene0470_01/00059.jpg",
      "transform_matrix": [
        [
          -0.897438,
          0.145213,
          -0.416555,
          1.963509
        ],
        [
          0.431603,
          0.484321,
          -0.76102,
          1.966055
        ],
        [
          0.091237,
          -0.862755,
          -0.497323,
          1.26282
        ],
        [
          0.0,
          0.0,
          0.0,
          1.0
        ]
      ]
    },
    {
      "file_path": "/media/NFS/ttao/scannet/posed_images/scene0470_01/00061.jpg",
      "transform_matrix": [
        [
          -0.890978,
          0.153997,
          -0.427133,
          1.960747
        ],
        [
          0.444559,
          0.487174,
          -0.751684,
          1.94765
        ],
        [
          0.092332,
          -0.85962,
          -0.502522,
          1.260033
        ],
        [
          0.0,
          0.0,
          0.0,
          1.0
        ]
      ]
    },
    {
      "file_path": "/media/NFS/ttao/scannet/posed_images/scene0470_01/00062.jpg",
      "transform_matrix": [
        [
          -0.888768,
          0.159485,
          -0.429717,
          1.961062
        ],
        [
          0.449467,
          0.487011,
          -0.748866,
          1.936614
        ],
        [
          0.089844,
          -0.858711,
          -0.504523,
          1.259995
        ],
        [
          0.0,
          0.0,
          0.0,
          1.0
        ]
      ]
    },
    {
      "file_path": "/media/NFS/ttao/scannet/posed_images/scene0470_01/00063.jpg",
      "transform_matrix": [
        [
          -0.887594,
          0.165821,
          -0.429745,
          1.961003
        ],
        [
          0.452637,
          0.486999,
          -0.746962,
          1.925119
        ],
        [
          0.085424,
          -0.857517,
          -0.507314,
          1.26149
        ],
        [
          0.0,
          0.0,
          0.0,
          1.0
        ]
      ]
    },
    {
      "file_path": "/media/NFS/ttao/scannet/posed_images/scene0470_01/00065.jpg",
      "transform_matrix": [
        [
          -0.883612,
          0.172903,
          -0.435126,
          1.95957
        ],
        [
          0.461702,
          0.476291,
          -0.748317,
          1.902083
        ],
        [
          0.07786,
          -0.862121,
          -0.500686,
          1.262007
        ],
        [
          0.0,
          0.0,
          0.0,
          1.0
        ]
      ]
    },
    {
      "file_path": "/media/NFS/ttao/scannet/posed_images/scene0470_01/00067.jpg",
      "transform_matrix": [
        [
          -0.871586,
          0.183576,
          -0.454574,
          1.955974
        ],
        [
          0.484763,
          0.460975,
          -0.743308,
          1.875406
        ],
        [
          0.073094,
          -0.868218,
          -0.49077,
          1.263662
        ],
        [
          0.0,
          0.0,
          0.0,
          1.0
        ]
      ]
    },
    {
      "file_path": "/media/NFS/ttao/scannet/posed_images/scene0470_01/00068.jpg",
      "transform_matrix": [
        [
          -0.863944,
          0.192874,
          -0.465189,
          1.953251
        ],
        [
          0.498692,
          0.456175,
          -0.737029,
          1.858458
        ],
        [
          0.070054,
          -0.868737,
          -0.490294,
          1.266522
        ],
        [
          0.0,
          0.0,
          0.0,
          1.0
        ]
      ]
    },
    {
      "file_path": "/media/NFS/ttao/scannet/posed_images/scene0470_01/00070.jpg",
      "transform_matrix": [
        [
          -0.854843,
          0.201617,
          -0.478116,
          1.932993
        ],
        [
          0.515473,
          0.435495,
          -0.737992,
          1.834484
        ],
        [
          0.059425,
          -0.877323,
          -0.476208,
          1.263859
        ],
        [
          0.0,
          0.0,
          0.0,
          1.0
        ]
      ]
    },
    {
      "file_path": "/media/NFS/ttao/scannet/posed_images/scene0470_01/00071.jpg",
      "transform_matrix": [
        [
          -0.843863,
          0.20577,
          -0.495535,
          1.931792
        ],
        [
          0.533669,
          0.417609,
          -0.735391,
          1.820662
        ],
        [
          0.055618,
          -0.885021,
          -0.462217,
          1.259038
        ],
        [
          0.0,
          0.0,
          0.0,
          1.0
        ]
      ]
    },
    {
      "file_path": "/media/NFS/ttao/scannet/posed_images/scene0470_01/00073.jpg",
      "transform_matrix": [
        [
          -0.820605,
          0.232737,
          -0.521958,
          1.917185
        ],
        [
          0.570342,
          0.391504,
          -0.722104,
          1.790894
        ],
        [
          0.036289,
          -0.890257,
          -0.45401,
          1.26702
        ],
        [
          0.0,
          0.0,
          0.0,
          1.0
        ]
      ]
    },
    {
      "file_path": "/media/NFS/ttao/scannet/posed_images/scene0470_01/00074.jpg",
      "transform_matrix": [
        [
          -0.807773,
          0.246971,
          -0.535266,
          1.909256
        ],
        [
          0.589012,
          0.374856,
          -0.715924,
          1.776819
        ],
        [
          0.023835,
          -0.893582,
          -0.448267,
          1.272118
        ],
        [
          0.0,
          0.0,
          0.0,
          1.0
        ]
      ]
    },
    {
      "file_path": "/media/NFS/ttao/scannet/posed_images/scene0470_01/00076.jpg",
      "transform_matrix": [
        [
          -0.778988,
          0.2693,
          -0.566265,
          1.892685
        ],
        [
          0.627036,
          0.337518,
          -0.702074,
          1.752037
        ],
        [
          0.002056,
          -0.901975,
          -0.431783,
          1.278723
        ],
        [
          0.0,
          0.0,
          0.0,
          1.0
        ]
      ]
    },
    {
      "file_path": "/media/NFS/ttao/scannet/posed_images/scene0470_01/00078.jpg",
      "transform_matrix": [
        [
          -0.747966,
          0.276624,
          -0.603346,
          1.878693
        ],
        [
          0.663646,
          0.296621,
          -0.686723,
          1.728388
        ],
        [
          -0.010999,
          -0.914054,
          -0.405443,
          1.285189
        ],
        [
          0.0,
          0.0,
          0.0,
          1.0
        ]
      ]
    },
    {
      "file_path": "/media/NFS/ttao/scannet/posed_images/scene0470_01/00080.jpg",
      "transform_matrix": [
        [
          -0.722046,
          0.2718,
          -0.636219,
          1.874333
        ],
        [
          0.691835,
          0.278681,
          -0.666109,
          1.700538
        ],
        [
          -0.003746,
          -0.92112,
          -0.389261,
          1.289956
        ],
        [
          0.0,
          0.0,
          0.0,
          1.0
        ]
      ]
    },
    {
      "file_path": "/media/NFS/ttao/scannet/posed_images/scene0470_01/00081.jpg",
      "transform_matrix": [
        [
          -0.711895,
          0.276552,
          -0.645543,
          1.868961
        ],
        [
          0.702248,
          0.270726,
          -0.658449,
          1.689866
        ],
        [
          -0.00733,
          -0.922077,
          -0.386937,
          1.293171
        ],
        [
          0.0,
          0.0,
          0.0,
          1.0
        ]
      ]
    },
    {
      "file_path": "/media/NFS/ttao/scannet/posed_images/scene0470_01/00082.jpg",
      "transform_matrix": [
        [
          -0.701906,
          0.284396,
          -0.653029,
          1.862716
        ],
        [
          0.712143,
          0.262911,
          -0.650946,
          1.6805
        ],
        [
          -0.013438,
          -0.921953,
          -0.38707,
          1.294988
        ],
        [
          0.0,
          0.0,
          0.0,
          1.0
        ]
      ]
    },
    {
      "file_path": "/media/NFS/ttao/scannet/posed_images/scene0470_01/00084.jpg",
      "transform_matrix": [
        [
          -0.679707,
          0.283619,
          -0.676431,
          1.856145
        ],
        [
          0.733393,
          0.248243,
          -0.632859,
          1.660442
        ],
        [
          -0.011571,
          -0.926248,
          -0.376737,
          1.297996
        ],
        [
          0.0,
          0.0,
          0.0,
          1.0
        ]
      ]
    },
    {
      "file_path": "/media/NFS/ttao/scannet/posed_images/scene0470_01/00086.jpg",
      "transform_matrix": [
        [
          -0.651485,
          0.287846,
          -0.701935,
          1.849581
        ],
        [
          0.758582,
          0.233767,
          -0.608199,
          1.640337
        ],
        [
          -0.010978,
          -0.928707,
          -0.37065,
          1.300076
        ],
        [
          0.0,
          0.0,
          0.0,
          1.0
        ]
      ]
    },
    {
      "file_path": "/media/NFS/ttao/scannet/posed_images/scene0470_01/00087.jpg",
      "transform_matrix": [
        [
          -0.635462,
          0.29041,
          -0.715437,
          1.847666
        ],
        [
          0.772089,
          0.229139,
          -0.592768,
          1.62876
        ],
        [
          -0.008212,
          -0.929062,
          -0.369832,
          1.302342
        ],
        [
          0.0,
          0.0,
          0.0,
          1.0
        ]
      ]
    },
    {
      "file_path": "/media/NFS/ttao/scannet/posed_images/scene0470_01/00088.jpg",
      "transform_matrix": [
        [
          -0.617976,
          0.29778,
          -0.727621,
          1.8452
        ],
        [
          0.786101,
          0.219539,
          -0.577796,
          1.619075
        ],
        [
          -0.012315,
          -0.929048,
          -0.369755,
          1.30404
        ],
        [
          0.0,
          0.0,
          0.0,
          1.0
        ]
      ]
    },
    {
      "file_path": "/media/NFS/ttao/scannet/posed_images/scene0470_01/00091.jpg",
      "transform_matrix": [
        [
          -0.572113,
          0.296605,
          -0.764665,
          1.850343
        ],
        [
          0.819884,
          0.181999,
          -0.542832,
          1.598757
        ],
        [
          -0.021838,
          -0.937498,
          -0.347306,
          1.289599
        ],
        [
          0.0,
          0.0,
          0.0,
          1.0
        ]
      ]
    },
    {
      "file_path": "/media/NFS/ttao/scannet/posed_images/scene0470_01/00092.jpg",
      "transform_matrix": [
        [
          -0.552522,
          0.309288,
          -0.77399,
          1.851289
        ],
        [
          0.833013,
          0.173223,
          -0.525436,
          1.588187
        ],
        [
          -0.028438,
          -0.935059,
          -0.353351,
          1.290238
        ],
        [
          0.0,
          0.0,
          0.0,
          1.0
        ]
      ]
    },
    {
      "file_path": "/media/NFS/ttao/scannet/posed_images/scene0470_01/00094.jpg",
      "transform_matrix": [
        [
          -0.509649,
          0.326905,
          -0.795859,
          1.856952
        ],
        [
          0.859595,
          0.153913,
          -0.487243,
          1.564512
        ],
        [
          -0.036789,
          -0.93244,
          -0.359448,
          1.293167
        ],
        [
          0.0,
          0.0,
          0.0,
          1.0
        ]
      ]
    },
    {
      "file_path": "/media/NFS/ttao/scannet/posed_images/scene0470_01/00095.jpg",
      "transform_matrix": [
        [
          -0.486594,
          0.339616,
          -0.804914,
          1.860831
        ],
        [
          0.872713,
          0.146801,
          -0.465641,
          1.551197
        ],
        [
          -0.039977,
          -0.929037,
          -0.36782,
          1.295511
        ],
        [
          0.0,
          0.0,
          0.0,
          1.0
        ]
      ]
    },
    {
      "file_path": "/media/NFS/ttao/scannet/posed_images/scene0470_01/00096.jpg",
      "transform_matrix": [
        [
          -0.463492,
          0.350855,
          -0.813681,
          1.865223
        ],
        [
          0.884956,
          0.136622,
          -0.445181,
          1.539211
        ],
        [
          -0.045027,
          -0.92641,
          -0.373814,
          1.296486
        ],
        [
          0.0,
          0.0,
          0.0,
          1.0
        ]
      ]
    },
    {
      "file_path": "/media/NFS/ttao/scannet/posed_images/scene0470_01/00098.jpg",
      "transform_matrix": [
        [
          -0.420292,
          0.358186,
          -0.833701,
          1.875733
        ],
        [
          0.905798,
          0.11124,
          -0.408846,
          1.517479
        ],
        [
          -0.053702,
          -0.927,
          -0.371198,
          1.295984
        ],
        [
          0.0,
          0.0,
          0.0,
          1.0
        ]
      ]
    },
    {
      "file_path": "/media/NFS/ttao/scannet/posed_images/scene0470_01/00100.jpg",
      "transform_matrix": [
        [
          -0.379944,
          0.352154,
          -0.855354,
          1.885837
        ],
        [
          0.923461,
          0.090928,
          -0.372761,
          1.505126
        ],
        [
          -0.053493,
          -0.931515,
          -0.359749,
          1.291472
        ],
        [
          0.0,
          0.0,
          0.0,
          1.0
        ]
      ]
    },
    {
      "file_path": "/media/NFS/ttao/scannet/posed_images/scene0470_01/00101.jpg",
      "transform_matrix": [
        [
          -0.359975,
          0.354206,
          -0.863109,
          1.891038
        ],
        [
          0.930902,
          0.074926,
          -0.357501,
          1.495211
        ],
        [
          -0.061959,
          -0.932161,
          -0.356703,
          1.292162
        ],
        [
          0.0,
          0.0,
          0.0,
          1.0
        ]
      ]
    },
    {
      "file_path": "/media/NFS/ttao/scannet/posed_images/scene0470_01/00102.jpg",
      "transform_matrix": [
        [
          -0.341982,
          0.359827,
          -0.868086,
          1.89576
        ],
        [
          0.937051,
          0.061186,
          -0.343789,
          1.484545
        ],
        [
          -0.07059,
          -0.931011,
          -0.3581,
          1.295475
        ],
        [
          0.0,
          0.0,
          0.0,
          1.0
        ]
      ]
    },
    {
      "file_path": "/media/NFS/ttao/scannet/posed_images/scene0470_01/00105.jpg",
      "transform_matrix": [
        [
          -0.287862,
          0.376895,
          -0.88039,
          1.908719
        ],
        [
          0.953574,
          0.027853,
          -0.299867,
          1.455351
        ],
        [
          -0.088496,
          -0.925837,
          -0.367415,
          1.303823
        ],
        [
          0.0,
          0.0,
          0.0,
          1.0
        ]
      ]
    },
    {
      "file_path": "/media/NFS/ttao/scannet/posed_images/scene0470_01/00106.jpg",
      "transform_matrix": [
        [
          -0.273498,
          0.383102,
          -0.882288,
          1.911907
        ],
        [
          0.957411,
          0.020177,
          -0.288023,
          1.447757
        ],
        [
          -0.09254,
          -0.923486,
          -0.372305,
          1.305255
        ],
        [
          0.0,
          0.0,
          0.0,
          1.0
        ]
      ]
    },
    {
      "file_path": "/media/NFS/ttao/scannet/posed_images/scene0470_01/00107.jpg",
      "transform_matrix": [
        [
          -0.261388,
          0.384193,
          -0.885478,
          1.914948
        ],
        [
          0.960192,
          0.009859,
          -0.279166,
          1.441912
        ],
        [
          -0.098524,
          -0.9232,
          -0.371476,
          1.304814
        ],
        [
          0.0,
          0.0,
          0.0,
          1.0
        ]
      ]
    },
    {
      "file_path": "/media/NFS/ttao/scannet/posed_images/scene0470_01/00109.jpg",
      "transform_matrix": [
        [
          -0.233592,
          0.378726,
          -0.895545,
          1.918406
        ],
        [
          0.966891,
          -0.006848,
          -0.255098,
          1.42615
        ],
        [
          -0.102745,
          -0.925483,
          -0.364587,
          1.308144
        ],
        [
          0.0,
          0.0,
          0.0,
          1.0
        ]
      ]
    },
    {
      "file_path": "/media/NFS/ttao/scannet/posed_images/scene0470_01/00111.jpg",
      "transform_matrix": [
        [
          -0.206675,
          0.372867,
          -0.904575,
          1.918125
        ],
        [
          0.971462,
          -0.031781,
          -0.235057,
          1.415406
        ],
        [
          -0.116394,
          -0.92734,
          -0.355658,
          1.307835
        ],
        [
          0.0,
          0.0,
          0.0,
          1.0
        ]
      ]
    },
    {
      "file_path": "/media/NFS/ttao/scannet/posed_images/scene0470_01/00112.jpg",
      "transform_matrix": [
        [
          -0.192196,
          0.374947,
          -0.906904,
          1.915438
        ],
        [
          0.973641,
          -0.0428,
          -0.224035,
          1.407784
        ],
        [
          -0.122817,
          -0.926058,
          -0.356838,
          1.311761
        ],
        [
          0.0,
          0.0,
          0.0,
          1.0
        ]
      ]
    },
    {
      "file_path": "/media/NFS/ttao/scannet/posed_images/scene0470_01/00113.jpg",
      "transform_matrix": [
        [
          -0.178033,
          0.373291,
          -0.910471,
          1.912562
        ],
        [
          0.976834,
          -0.044608,
          -0.209299,
          1.398573
        ],
        [
          -0.118743,
          -0.926641,
          -0.356702,
          1.311166
        ],
        [
          0.0,
          0.0,
          0.0,
          1.0
        ]
      ]
    },
    {
      "file_path": "/media/NFS/ttao/scannet/posed_images/scene0470_01/00116.jpg",
      "transform_matrix": [
        [
          -0.137038,
          0.357148,
          -0.92394,
          1.898926
        ],
        [
          0.982741,
          -0.067986,
          -0.172039,
          1.375791
        ],
        [
          -0.124259,
          -0.93157,
          -0.341668,
          1.316467
        ],
        [
          0.0,
          0.0,
          0.0,
          1.0
        ]
      ]
    },
    {
      "file_path": "/media/NFS/ttao/scannet/posed_images/scene0470_01/00117.jpg",
      "transform_matrix": [
        [
          -0.124608,
          0.352174,
          -0.927603,
          1.89195
        ],
        [
          0.98353,
          -0.079518,
          -0.162311,
          1.369991
        ],
        [
          -0.130922,
          -0.93255,
          -0.336465,
          1.31937
        ],
        [
          0.0,
          0.0,
          0.0,
          1.0
        ]
      ]
    },
    {
      "file_path": "/media/NFS/ttao/scannet/posed_images/scene0470_01/00119.jpg",
      "transform_matrix": [
        [
          -0.096668,
          0.344389,
          -0.933837,
          1.877148
        ],
        [
          0.984714,
          -0.103489,
          -0.1401,
          1.353519
        ],
        [
          -0.144891,
          -0.933106,
          -0.329121,
          1.325768
        ],
        [
          0.0,
          0.0,
          0.0,
          1.0
        ]
      ]
    },
    {
      "file_path": "/media/NFS/ttao/scannet/posed_images/scene0470_01/00120.jpg",
      "transform_matrix": [
        [
          -0.096475,
          0.343297,
          -0.934259,
          1.866991
        ],
        [
          0.984731,
          -0.103731,
          -0.139803,
          1.361248
        ],
        [
          -0.144906,
          -0.933481,
          -0.328047,
