{
  "frames": [
    {
      "file_path": "/media/NFS/ttao/scannet/posed_images/scene0340_01/00001.jpg",
      "transform_matrix": [
        [
          -0.915888,
          0.222236,
          -0.334306,
          4.176457
        ],
        [
          0.401085,
          0.541342,
          -0.738973,
          3.63589
        ],
        [
          0.016747,
          -0.810901,
          -0.584944,
          1.290941
        ],
        [
          0.0,
          0.0,
          0.0,
          1.0
        ]
      ]
    },
    {
      "file_path": "/media/NFS/ttao/scannet/posed_images/scene0340_01/00006.jpg",
      "transform_matrix": [
        [
          -0.912516,
          0.224936,
          -0.341642,
          4.174323
        ],
        [
          0.408642,
          0.53826,
          -0.737081,
          3.637244
        ],
        [
          0.018097,
          -0.812207,
          -0.583089,
          1.290499
        ],
        [
          0.0,
          0.0,
          0.0,
          1.0
        ]
      ]
    },
    {
      "file_path": "/media/NFS/ttao/scannet/posed_images/scene0340_01/00009.jpg",
      "transform_matrix": [
        [
          -0.910854,
          0.226168,
          -0.345243,
          4.172107
        ],
        [
          0.412286,
          0.53731,
          -0.735743,
          3.637613
        ],
        [
          0.0191,
          -0.812494,
          -0.582657,
          1.290731
        ],
        [
          0.0,
          0.0,
          0.0,
          1.0
        ]
      ]
    },
    {
      "file_path": "/media/NFS/ttao/scannet/posed_images/scene0340_01/00018.jpg",
      "transform_matrix": [
        [
          -0.902825,
          0.218557,
          -0.370326,
          4.155466
        ],
        [
          0.429574,
          0.49717,
          -0.753849,
          3.636463
        ],
        [
          0.019356,
          -0.839675,
          -0.542744,
          1.314656
        ],
        [
          0.0,
          0.0,
          0.0,
          1.0
        ]
      ]
    },
    {
      "file_path": "/media/NFS/ttao/scannet/posed_images/scene0340_01/00022.jpg",
      "transform_matrix": [
        [
          -0.902229,
          0.211689,
          -0.375727,
          4.146803
        ],
        [
          0.430853,
          0.480208,
          -0.764046,
          3.644602
        ],
        [
          0.018687,
          -0.851227,
          -0.524465,
          1.319861
        ],
        [
          0.0,
          0.0,
          0.0,
          1.0
        ]
      ]
    },
    {
      "file_path": "/media/NFS/ttao/scannet/posed_images/scene0340_01/00027.jpg",
      "transform_matrix": [
        [
          -0.903378,
          0.207397,
          -0.375359,
          4.132926
        ],
        [
          0.42851,
          0.471128,
          -0.770985,
          3.651397
        ],
        [
          0.016942,
          -0.857336,
          -0.514478,
          1.321223
        ],
        [
          0.0,
          0.0,
          0.0,
          1.0
        ]
      ]
    },
    {
      "file_path": "/media/NFS/ttao/scannet/posed_images/scene0340_01/00028.jpg",
      "transform_matrix": [
        [
          -0.903944,
          0.207344,
          -0.374024,
          4.128247
        ],
        [
          0.427353,
          0.47062,
          -0.771937,
          3.652704
        ],
        [
          0.015966,
          -0.857628,
          -0.514023,
          1.322556
        ],
        [
          0.0,
          0.0,
          0.0,
          1.0
        ]
      ]
    },
    {
      "file_path": "/media/NFS/ttao/scannet/posed_images/scene0340_01/00037.jpg",
      "transform_matrix": [
        [
          -0.909753,
          0.196199,
          -0.365864,
          4.095452
        ],
        [
          0.414847,
          0.463326,
          -0.783091,
          3.666793
        ],
        [
          0.015872,
          -0.864196,
          -0.502904,
          1.325552
        ],
        [
          0.0,
          0.0,
          0.0,
          1.0
        ]
      ]
    },
    {
      "file_path": "/media/NFS/ttao/scannet/posed_images/scene0340_01/00038.jpg",
      "transform_matrix": [
        [
          -0.909917,
          0.196293,
          -0.365405,
          4.093431
        ],
        [
          0.414497,
          0.463477,
          -0.783187,
          3.666502
        ],
        [
          0.015622,
          -0.864094,
          -0.503088,
          1.32517
        ],
        [
          0.0,
          0.0,
          0.0,
          1.0
        ]
      ]
    },
    {
      "file_path": "/media/NFS/ttao/scannet/posed_images/scene0340_01/00046.jpg",
      "transform_matrix": [
        [
          -0.918246,
          0.179562,
          -0.352961,
          4.069218
        ],
        [
          0.395551,
          0.458779,
          -0.795651,
          3.670554
        ],
        [
          0.019063,
          -0.870218,
          -0.492298,
          1.338401
        ],
        [
          0.0,
          0.0,
          0.0,
          1.0
        ]
      ]
    },
    {
      "file_path": "/media/NFS/ttao/scannet/posed_images/scene0340_01/00049.jpg",
      "transform_matrix": [
        [
          -0.91877,
          0.1732,
          -0.354772,
          4.062962
        ],
        [
          0.394081,
          0.456299,
          -0.797804,
          3.668982
        ],
        [
          0.023702,
          -0.872808,
          -0.487489,
          1.343828
        ],
        [
          0.0,
          0.0,
          0.0,
          1.0
        ]
      ]
    },
    {
      "file_path": "/media/NFS/ttao/scannet/posed_images/scene0340_01/00053.jpg",
      "transform_matrix": [
        [
          -0.91484,
          0.171477,
          -0.365601,
          4.057541
        ],
        [
          0.403175,
          0.438933,
          -0.802987,
          3.666159
        ],
        [
          0.022781,
          -0.882005,
          -0.470689,
          1.361073
        ],
        [
          0.0,
          0.0,
          0.0,
          1.0
        ]
      ]
    },
    {
      "file_path": "/media/NFS/ttao/scannet/posed_images/scene0340_01/00057.jpg",
      "transform_matrix": [
        [
          -0.911431,
          0.160367,
          -0.378914,
          4.059739
        ],
        [
          0.410773,
          0.407589,
          -0.815559,
          3.661129
        ],
        [
          0.023652,
          -0.898974,
          -0.437364,
          1.381808
        ],
        [
          0.0,
          0.0,
          0.0,
          1.0
        ]
      ]
    },
    {
      "file_path": "/media/NFS/ttao/scannet/posed_images/scene0340_01/00066.jpg",
      "transform_matrix": [
        [
          -0.898566,
          0.143886,
          -0.414579,
          4.079514
        ],
        [
          0.438657,
          0.321601,
          -0.839138,
          3.65543
        ],
        [
          0.012589,
          -0.935879,
          -0.352097,
          1.426242
        ],
        [
          0.0,
          0.0,
          0.0,
          1.0
        ]
      ]
    },
    {
      "file_path": "/media/NFS/ttao/scannet/posed_images/scene0340_01/00069.jpg",
      "transform_matrix": [
        [
          -0.893698,
          0.138945,
          -0.426612,
          4.088739
        ],
        [
          0.448478,
          0.304369,
          -0.840373,
          3.649694
        ],
        [
          0.013082,
          -0.942366,
          -0.334327,
          1.437801
        ],
        [
          0.0,
          0.0,
          0.0,
          1.0
        ]
      ]
    },
    {
      "file_path": "/media/NFS/ttao/scannet/posed_images/scene0340_01/00077.jpg",
      "transform_matrix": [
        [
          -0.876088,
          0.103198,
          -0.470977,
          4.116537
        ],
        [
          0.480373,
          0.270624,
          -0.834269,
          3.640561
        ],
        [
          0.041363,
          -0.957138,
          -0.286664,
          1.448326
        ],
        [
          0.0,
          0.0,
          0.0,
          1.0
        ]
      ]
    },
    {
      "file_path": "/media/NFS/ttao/scannet/posed_images/scene0340_01/00078.jpg",
      "transform_matrix": [
        [
          -0.873166,
          0.099641,
          -0.47713,
          4.122985
        ],
        [
          0.485248,
          0.270067,
          -0.831624,
          3.638171
        ],
        [
          0.045993,
          -0.957672,
          -0.284164,
          1.445342
        ],
        [
          0.0,
          0.0,
          0.0,
          1.0
        ]
      ]
    },
    {
      "file_path": "/media/NFS/ttao/scannet/posed_images/scene0340_01/00082.jpg",
      "transform_matrix": [
        [
          -0.872447,
          0.100329,
          -0.478299,
          4.133709
        ],
        [
          0.486128,
          0.278606,
          -0.828287,
          3.636411
        ],
        [
          0.050155,
          -0.955151,
          -0.291842,
          1.43811
        ],
        [
          0.0,
          0.0,
          0.0,
          1.0
        ]
      ]
    },
    {
      "file_path": "/media/NFS/ttao/scannet/posed_images/scene0340_01/00091.jpg",
      "transform_matrix": [
        [
          -0.879665,
          0.105323,
          -0.463785,
          4.144603
        ],
        [
          0.473596,
          0.283277,
          -0.833943,
          3.638885
        ],
        [
          0.043546,
          -0.953237,
          -0.299069,
          1.436731
        ],
        [
          0.0,
          0.0,
          0.0,
          1.0
        ]
      ]
    },
    {
      "file_path": "/media/NFS/ttao/scannet/posed_images/scene0340_01/00096.jpg",
      "transform_matrix": [
        [
          -0.879238,
          0.102665,
          -0.465189,
          4.146709
        ],
        [
          0.474119,
          0.283682,
          -0.833508,
          3.641245
        ],
        [
          0.046393,
          -0.953407,
          -0.298099,
          1.438312
        ],
        [
          0.0,
          0.0,
          0.0,
          1.0
        ]
      ]
    },
    {
      "file_path": "/media/NFS/ttao/scannet/posed_images/scene0340_01/00097.jpg",
      "transform_matrix": [
        [
          -0.879315,
          0.1021,
          -0.465168,
          4.148631
        ],
        [
          0.473923,
          0.283838,
          -0.833566,
          3.641456
        ],
        [
          0.046925,
          -0.953421,
          -0.29797,
          1.438003
        ],
        [
          0.0,
          0.0,
          0.0,
          1.0
        ]
      ]
    },
    {
      "file_path": "/media/NFS/ttao/scannet/posed_images/scene0340_01/00102.jpg",
      "transform_matrix": [
        [
          -0.878578,
          0.102983,
          -0.466365,
          4.140626
        ],
        [
          0.475213,
          0.285986,
          -0.832096,
          3.649431
        ],
        [
          0.047682,
          -0.952684,
          -0.3002,
          1.43382
        ],
        [
          0.0,
          0.0,
          0.0,
          1.0
        ]
      ]
    },
    {
      "file_path": "/media/NFS/ttao/scannet/posed_images/scene0340_01/00108.jpg",
      "transform_matrix": [
        [
          -0.870741,
          0.108998,
          -0.479509,
          4.132046
        ],
        [
          0.489671,
          0.28159,
          -0.825185,
          3.651917
        ],
        [
          0.045081,
          -0.953324,
          -0.298565,
          1.444089
        ],
        [
          0.0,
          0.0,
          0.0,
          1.0
        ]
      ]
    },
    {
      "file_path": "/media/NFS/ttao/scannet/posed_images/scene0340_01/00112.jpg",
      "transform_matrix": [
        [
          -0.865246,
          0.109513,
          -0.48924,
          4.121784
        ],
        [
          0.499994,
          0.260146,
          -0.826033,
          3.658226
        ],
        [
          0.036812,
          -0.959339,
          -0.279846,
          1.451796
        ],
        [
          0.0,
          0.0,
          0.0,
          1.0
        ]
      ]
    },
    {
      "file_path": "/media/NFS/ttao/scannet/posed_images/scene0340_01/00121.jpg",
      "transform_matrix": [
        [
          -0.828391,
          0.117968,
          -0.547587,
          4.048732
        ],
        [
          0.559625,
          0.216596,
          -0.799941,
          3.709672
        ],
        [
          0.024238,
          -0.969108,
          -0.245444,
          1.4603
        ],
        [
          0.0,
          0.0,
          0.0,
          1.0
        ]
      ]
    },
    {
      "file_path": "/media/NFS/ttao/scannet/posed_images/scene0340_01/00125.jpg",
      "transform_matrix": [
        [
          -0.788151,
          0.118027,
          -0.604059,
          4.00936
        ],
        [
          0.614519,
          0.20578,
          -0.761591,
          3.732327
        ],
        [
          0.034415,
          -0.971455,
          -0.234715,
          1.456568
        ],
        [
          0.0,
          0.0,
          0.0,
          1.0
        ]
      ]
    },
    {
      "file_path": "/media/NFS/ttao/scannet/posed_images/scene0340_01/00130.jpg",
      "transform_matrix": [
        [
          -0.739634,
          0.113106,
          -0.663437,
          3.94753
        ],
        [
          0.670393,
          0.210665,
          -0.711473,
          3.772679
        ],
        [
          0.05929,
          -0.970993,
          -0.23164,
          1.447693
        ],
        [
          0.0,
          0.0,
          0.0,
          1.0
        ]
      ]
    },
    {
      "file_path": "/media/NFS/ttao/scannet/posed_images/scene0340_01/00136.jpg",
      "transform_matrix": [
        [
          -0.711274,
          0.139998,
          -0.688833,
          3.901821
        ],
        [
          0.701014,
          0.213304,
          -0.6805,
          3.810841
        ],
        [
          0.051663,
          -0.966903,
          -0.249858,
          1.429366
        ],
        [
          0.0,
          0.0,
          0.0,
          1.0
        ]
      ]
    },
    {
      "file_path": "/media/NFS/ttao/scannet/posed_images/scene0340_01/00140.jpg",
      "transform_matrix": [
        [
          -0.709171,
          0.162126,
          -0.686143,
          3.881553
        ],
        [
          0.703273,
          0.23146,
          -0.672185,
          3.828327
        ],
        [
          0.049836,
          -0.95924,
          -0.278163,
          1.420961
        ],
        [
          0.0,
          0.0,
          0.0,
          1.0
        ]
      ]
    },
    {
      "file_path": "/media/NFS/ttao/scannet/posed_images/scene0340_01/00143.jpg",
      "transform_matrix": [
        [
          -0.704787,
          0.190539,
          -0.683352,
          3.882478
        ],
        [
          0.708016,
          0.24948,
          -0.660661,
          3.833111
        ],
        [
          0.044601,
          -0.94945,
          -0.310735,
          1.41289
        ],
        [
          0.0,
          0.0,
          0.0,
          1.0
        ]
      ]
    },
    {
      "file_path": "/media/NFS/ttao/scannet/posed_images/scene0340_01/00149.jpg",
      "transform_matrix": [
        [
          -0.679657,
          0.21758,
          -0.700518,
          3.920381
        ],
        [
          0.73243,
          0.253583,
          -0.631856,
          3.82727
        ],
        [
          0.04016,
          -0.942526,
          -0.331712,
          1.391884
        ],
        [
          0.0,
          0.0,
          0.0,
          1.0
        ]
      ]
    },
    {
      "file_path": "/media/NFS/ttao/scannet/posed_images/scene0340_01/00152.jpg",
      "transform_matrix": [
        [
          -0.673571,
          0.219561,
          -0.705759,
          3.952502
        ],
        [
          0.737502,
          0.262852,
          -0.622093,
          3.825335
        ],
        [
          0.048922,
          -0.939522,
          -0.338976,
          1.382568
        ],
        [
          0.0,
          0.0,
          0.0,
          1.0
        ]
      ]
    },
    {
      "file_path": "/media/NFS/ttao/scannet/posed_images/scene0340_01/00156.jpg",
      "transform_matrix": [
        [
          -0.669048,
          0.224179,
          -0.708603,
          4.017379
        ],
        [
          0.741503,
          0.266095,
          -0.615927,
          3.811766
        ],
        [
          0.050478,
          -0.937517,
          -0.34426,
          1.359115
        ],
        [
          0.0,
          0.0,
          0.0,
          1.0
        ]
      ]
    },
    {
      "file_path": "/media/NFS/ttao/scannet/posed_images/scene0340_01/00165.jpg",
      "transform_matrix": [
        [
          -0.643511,
          0.265849,
          -0.717786,
          4.156528
        ],
        [
          0.761436,
          0.31808,
          -0.564836,
          3.771247
        ],
        [
          0.078152,
          -0.910027,
          -0.407115,
          1.308127
        ],
        [
          0.0,
          0.0,
          0.0,
          1.0
        ]
      ]
    },
    {
      "file_path": "/media/NFS/ttao/scannet/posed_images/scene0340_01/00168.jpg",
      "transform_matrix": [
        [
          -0.638469,
          0.269397,
          -0.72096,
          4.188512
        ],
        [
          0.763585,
          0.339065,
          -0.54952,
          3.762598
        ],
        [
          0.096413,
          -0.901366,
          -0.42219,
          1.29634
        ],
        [
          0.0,
          0.0,
          0.0,
          1.0
        ]
      ]
    },
    {
      "file_path": "/media/NFS/ttao/scannet/posed_images/scene0340_01/00171.jpg",
      "transform_matrix": [
        [
          -0.642289,
          0.272793,
          -0.716274,
          4.215759
        ],
        [
          0.759425,
          0.352841,
          -0.546604,
          3.759888
        ],
        [
          0.103621,
          -0.895035,
          -0.433792,
          1.285348
        ],
        [
          0.0,
          0.0,
          0.0,
          1.0
        ]
      ]
    },
    {
      "file_path": "/media/NFS/ttao/scannet/posed_images/scene0340_01/00175.jpg",
      "transform_matrix": [
        [
          -0.66234,
          0.284438,
          -0.69311,
          4.242026
        ],
        [
          0.739919,
          0.393537,
          -0.545571,
          3.758887
        ],
        [
          0.117583,
          -0.874199,
          -0.471117,
          1.268392
        ],
        [
          0.0,
          0.0,
          0.0,
          1.0
        ]
      ]
    },
    {
      "file_path": "/media/NFS/ttao/scannet/posed_images/scene0340_01/00183.jpg",
      "transform_matrix": [
        [
          -0.7012,
          0.304422,
          -0.644705,
          4.265482
        ],
        [
          0.702461,
          0.449632,
          -0.551706,
          3.779648
        ],
        [
          0.121929,
          -0.839737,
          -0.529127,
          1.247121
        ],
        [
          0.0,
          0.0,
          0.0,
          1.0
        ]
      ]
    },
    {
      "file_path": "/media/NFS/ttao/scannet/posed_images/scene0340_01/00189.jpg",
      "transform_matrix": [
        [
          -0.690643,
          0.327497,
          -0.644793,
          4.262317
        ],
        [
          0.712239,
          0.46263,
          -0.52791,
          3.789157
        ],
        [
          0.125411,
          -0.823844,
          -0.552768,
          1.240356
        ],
        [
          0.0,
          0.0,
          0.0,
          1.0
        ]
      ]
    },
    {
      "file_path": "/media/NFS/ttao/scannet/posed_images/scene0340_01/00191.jpg",
      "transform_matrix": [
        [
          -0.684478,
          0.337451,
          -0.646233,
          4.256947
        ],
        [
          0.718652,
          0.461377,
          -0.52026,
          3.792769
        ],
        [
          0.122595,
          -0.820523,
          -0.558312,
          1.241801
        ],
        [
          0.0,
          0.0,
          0.0,
          1.0
        ]
      ]
    },
    {
      "file_path": "/media/NFS/ttao/scannet/posed_images/scene0340_01/00196.jpg",
      "transform_matrix": [
        [
          -0.650952,
          0.36779,
          -0.664072,
          4.231691
        ],
        [
          0.752083,
          0.431284,
          -0.498362,
          3.801919
        ],
        [
          0.103111,
          -0.823848,
          -0.557354,
          1.25346
        ],
        [
          0.0,
          0.0,
          0.0,
          1.0
        ]
      ]
    },
    {
      "file_path": "/media/NFS/ttao/scannet/posed_images/scene0340_01/00200.jpg",
      "transform_matrix": [
        [
          -0.620246,
          0.373444,
          -0.689807,
          4.203025
        ],
        [
          0.779544,
          0.391233,
          -0.48913,
          3.822144
        ],
        [
          0.087212,
          -0.841116,
          -0.533777,
          1.267911
        ],
        [
          0.0,
          0.0,
          0.0,
          1.0
        ]
      ]
    },
    {
      "file_path": "/media/NFS/ttao/scannet/posed_images/scene0340_01/00205.jpg",
      "transform_matrix": [
        [
          -0.562152,
          0.392712,
          -0.727848,
          4.174384
        ],
        [
          0.822244,
          0.359974,
          -0.440833,
          3.849718
        ],
        [
          0.088886,
          -0.846284,
          -0.525265,
          1.270873
        ],
        [
          0.0,
          0.0,
          0.0,
          1.0
        ]
      ]
    },
    {
      "file_path": "/media/NFS/ttao/scannet/posed_images/scene0340_01/00214.jpg",
      "transform_matrix": [
        [
          -0.486485,
          0.445518,
          -0.751562,
          4.148275
        ],
        [
          0.866676,
          0.354848,
          -0.350649,
          3.892257
        ],
        [
          0.11047,
          -0.821947,
          -0.558748,
          1.264275
        ],
        [
          0.0,
          0.0,
          0.0,
          1.0
        ]
      ]
    },
    {
      "file_path": "/media/NFS/ttao/scannet/posed_images/scene0340_01/00215.jpg",
      "transform_matrix": [
        [
          -0.483099,
          0.445828,
          -0.753559,
          4.147775
        ],
        [
          0.868398,
          0.353874,
          -0.347359,
          3.896721
        ],
        [
          0.111802,
          -0.822199,
          -0.558113,
          1.26523
        ],
        [
          0.0,
          0.0,
          0.0,
          1.0
        ]
      ]
    },
    {
      "file_path": "/media/NFS/ttao/scannet/posed_images/scene0340_01/00222.jpg",
      "transform_matrix": [
        [
          -0.444763,
          0.454599,
          -0.771703,
          4.135435
        ],
        [
          0.88747,
          0.339856,
          -0.31128,
          3.928274
        ],
        [
          0.120761,
          -0.823309,
          -0.554599,
          1.276425
        ],
        [
          0.0,
          0.0,
          0.0,
          1.0
        ]
      ]
    },
    {
      "file_path": "/media/NFS/ttao/scannet/posed_images/scene0340_01/00227.jpg",
      "transform_matrix": [
        [
          -0.407219,
          0.436507,
          -0.802268,
          4.131058
        ],
        [
          0.902487,
          0.327266,
          -0.280026,
          3.938336
        ],
        [
          0.140322,
          -0.838069,
          -0.52721,
          1.284574
        ],
        [
          0.0,
          0.0,
          0.0,
          1.0
        ]
      ]
    },
    {
      "file_path": "/media/NFS/ttao/scannet/posed_images/scene0340_01/00233.jpg",
      "transform_matrix": [
        [
          -0.375018,
          0.426635,
          -0.823009,
          4.123274
        ],
        [
          0.916556,
          0.303648,
          -0.260237,
          3.93714
        ],
        [
          0.138879,
          -0.851927,
          -0.504908,
          1.292871
        ],
        [
          0.0,
          0.0,
          0.0,
          1.0
        ]
      ]
    },
    {
      "file_path": "/media/NFS/ttao/scannet/posed_images/scene0340_01/00236.jpg",
      "transform_matrix": [
        [
          -0.374357,
          0.420712,
          -0.826352,
          4.124778
        ],
        [
          0.916653,
          0.302454,
          -0.261281,
          3.93423
        ],
        [
          0.14001,
          -0.855291,
          -0.498873,
          1.293579
        ],
        [
          0.0,
          0.0,
          0.0,
          1.0
        ]
      ]
    },
    {
      "file_path": "/media/NFS/ttao/scannet/posed_images/scene0340_01/00240.jpg",
      "transform_matrix": [
        [
          -0.37179,
          0.411278,
          -0.83224,
          4.122428
        ],
        [
          0.916467,
          0.305397,
          -0.258496,
          3.928021
        ],
        [
          0.14785,
          -0.858827,
          -0.490466,
          1.300637
        ],
        [
          0.0,
          0.0,
          0.0,
          1.0
        ]
      ]
    },
    {
      "file_path": "/media/NFS/ttao/scannet/posed_images/scene0340_01/00245.jpg",
      "transform_matrix": [
        [
          -0.375549,
          0.389854,
          -0.840819,
          4.118359
        ],
        [
          0.916146,
          0.293334,
          -0.273187,
          3.913902
        ],
        [
          0.140138,
          -0.872908,
          -0.467324,
          1.316446
        ],
        [
          0.0,
          0.0,
          0.0,
          1.0
        ]
      ]
    },
    {
      "file_path": "/media/NFS/ttao/scannet/posed_images/scene0340_01/00252.jpg",
      "transform_matrix": [
        [
          -0.428904,
          0.333372,
          -0.839586,
          4.11107
        ],
        [
          0.895855,
          0.276442,
          -0.347884,
          3.897432
        ],
        [
          0.116122,
          -0.901356,
          -0.41722,
          1.343283
        ],
        [
          0.0,
          0.0,
          0.0,
          1.0
        ]
      ]
    },
    {
      "file_path": "/media/NFS/ttao/scannet/posed_images/scene0340_01/00255.jpg",
      "transform_matrix": [
        [
          -0.436089,
          0.322234,
          -0.840233,
          4.105275
        ],
        [
          0.892964,
          0.270677,
          -0.359651,
          3.892392
        ],
        [
          0.11154,
          -0.907138,
          -0.405782,
          1.351124
        ],
        [
          0.0,
          0.0,
          0.0,
          1.0
        ]
      ]
    },
    {
      "file_path": "/media/NFS/ttao/scannet/posed_images/scene0340_01/00261.jpg",
      "transform_matrix": [
        [
          -0.44771,
          0.283737,
          -0.847968,
          4.096604
        ],
        [
          0.888771,
          0.245345,
          -0.387159,
          3.879403
        ],
        [
          0.098193,
          -0.926984,
          -0.36202,
          1.382309
        ],
        [
          0.0,
          0.0,
          0.0,
          1.0
        ]
      ]
    },
    {
      "file_path": "/media/NFS/ttao/scannet/posed_images/scene0340_01/00268.jpg",
      "transform_matrix": [
        [
          -0.466523,
          0.22312,
          -0.855905,
          4.093093
        ],
        [
          0.880351,
          0.21085,
          -0.424882,
          3.882541
        ],
        [
          0.085668,
          -0.951714,
          -0.294791,
          1.409734
        ],
        [
          0.0,
          0.0,
          0.0,
          1.0
        ]
      ]
    },
    {
      "file_path": "/media/NFS/ttao/scannet/posed_images/scene0340_01/00273.jpg",
      "transform_matrix": [
        [
          -0.448478,
          0.191847,
          -0.872962,
          4.093729
        ],
        [
          0.889408,
          0.192434,
          -0.414636,
          3.883288
        ],
        [
          0.088441,
          -0.962374,
          -0.256932,
          1.427065
        ],
        [
          0.0,
          0.0,
          0.0,
          1.0
        ]
      ]
    },
    {
      "file_path": "/media/NFS/ttao/scannet/posed_images/scene0340_01/00275.jpg",
      "transform_matrix": [
        [
          -0.442879,
          0.181981,
          -0.877918,
          4.094731
        ],
        [
          0.892176,
          0.186396,
          -0.411434,
          3.884857
        ],
        [
          0.088767,
          -0.965474,
          -0.24491,
          1.429892
        ],
        [
          0.0,
          0.0,
          0.0,
          1.0
        ]
      ]
    },
    {
      "file_path": "/media/NFS/ttao/scannet/posed_images/scene0340_01/00283.jpg",
      "transform_matrix": [
        [
          -0.417648,
          0.153005,
          -0.895633,
          4.093473
        ],
        [
          0.905049,
          0.157227,
          -0.395179,
          3.896346
        ],
        [
          0.080353,
          -0.975638,
          -0.204143,
          1.448029
        ],
        [
          0.0,
          0.0,
          0.0,
          1.0
        ]
      ]
    },
    {
      "file_path": "/media/NFS/ttao/scannet/posed_images/scene0340_01/00287.jpg",
      "transform_matrix": [
        [
          -0.404943,
          0.145011,
          -0.90277,
          4.094554
        ],
        [
          0.911135,
          0.146614,
          -0.385145,
          3.898582
        ],
        [
          0.076509,
          -0.978507,
          -0.191495,
          1.449438
        ],
        [
          0.0,
          0.0,
          0.0,
          1.0
        ]
      ]
    },
    {
      "file_path": "/media/NFS/ttao/scannet/posed_images/scene0340_01/00289.jpg",
      "transform_matrix": [
        [
          -0.397055,
          0.145701,
          -0.906156,
          4.094313
        ],
        [
          0.914658,
          0.144377,
          -0.377566,
          3.897051
        ],
        [
          0.075817,
          -0.978737,
          -0.190593,
          1.447544
        ],
        [
          0.0,
          0.0,
          0.0,
          1.0
        ]
      ]
    },
    {
      "file_path": "/media/NFS/ttao/scannet/posed_images/scene0340_01/00293.jpg",
      "transform_matrix": [
        [
          -0.379868,
          0.14955,
          -0.912872,
          4.09784
        ],
        [
          0.921873,
          0.142806,
          -0.360218,
          3.900101
        ],
        [
          0.076493,
          -0.978387,
          -0.192113,
          1.441006
        ],
        [
          0.0,
          0.0,
          0.0,
          1.0
        ]
      ]
    },
    {
      "file_path": "/media/NFS/ttao/scannet/posed_images/scene0340_01/00300.jpg",
      "transform_matrix": [
        [
          -0.360991,
          0.166658,
          -0.917557,
          4.098447
        ],
        [
          0.929476,
          0.144361,
          -0.33946,
          3.900887
        ],
        [
          0.075885,
          -0.97539,
          -0.207017,
          1.422659
        ],
        [
          0.0,
          0.0,
          0.0,
          1.0
        ]
      ]
    },
    {
      "file_path": "/media/NFS/ttao/scannet/posed_images/scene0340_01/00303.jpg",
      "transform_matrix": [
        [
          -0.354951,
          0.185552,
          -0.916286,
          4.09949
        ],
        [
          0.931666,
          0.151471,
          -0.330236,
          3.890897
        ],
        [
          0.077514,
          -0.97089,
          -0.226637,
          1.408219
        ],
        [
          0.0,
          0.0,
          0.0,
          1.0
        ]
      ]
    },
    {
      "file_path": "/media/NFS/ttao/scannet/posed_images/scene0340_01/00312.jpg",
      "transform_matrix": [
        [
          -0.366133,
          0.255885,
          -0.89469,
          4.09374
        ],
        [
          0.92695,
          0.184922,
          -0.326446,
          3.866808
        ],
        [
          0.081915,
          -0.948855,
          -0.304899,
          1.378487
        ],
        [
          0.0,
          0.0,
          0.0,
          1.0
        ]
      ]
    },
    {
      "file_path": "/media/NFS/ttao/scannet/posed_images/scene0340_01/00314.jpg",
      "transform_matrix": [
        [
          -0.372288,
          0.260732,
          -0.890742,
          4.093506
        ],
        [
          0.924651,
          0.187066,
          -0.331703,
          3.862934
        ],
        [
          0.080142,
          -0.947114,
          -0.310729,
          1.373233
        ],
        [
          0.0,
          0.0,
          0.0,
          1.0
        ]
      ]
    },
    {
      "file_path": "/media/NFS/ttao/scannet/posed_images/scene0340_01/00318.jpg",
      "transform_matrix": [
        [
          -0.355745,
          0.277015,
          -0.892585,
          4.082547
        ],
        [
          0.930619,
          0.192866,
          -0.311047,
          3.846639
        ],
        [
          0.085985,
          -0.941311,
          -0.326406,
          1.364175
        ],
        [
          0.0,
          0.0,
          0.0,
          1.0
        ]
      ]
    },
    {
      "file_path": "/media/NFS/ttao/scannet/posed_images/scene0340_01/00324.jpg",
      "transform_matrix": [
        [
          -0.363197,
          0.304821,
          -0.880438,
          4.054409
        ],
        [
          0.928755,
          0.193673,
          -0.316076,
          3.813566
        ],
        [
          0.07417,
          -0.93251,
          -0.353446,
          1.350555
        ],
        [
          0.0,
          0.0,
          0.0,
          1.0
        ]
      ]
    },
    {
      "file_path": "/media/NFS/ttao/scannet/posed_images/scene0340_01/00330.jpg",
      "transform_matrix": [
        [
          -0.378754,
          0.294697,
          -0.877325,
          4.006988
        ],
        [
          0.923579,
          0.181353,
          -0.337806,
          3.766252
        ],
        [
          0.059554,
          -0.938224,
          -0.340865,
          1.349404
        ],
        [
          0.0,
          0.0,
          0.0,
          1.0
        ]
      ]
    },
    {
      "file_path": "/media/NFS/ttao/scannet/posed_images/scene0340_01/00334.jpg",
      "transform_matrix": [
        [
          -0.367079,
          0.292895,
          -0.882873,
          3.96186
        ],
        [
          0.928665,
          0.169714,
          -0.329815,
          3.746688
        ],
        [
          0.053235,
          -0.940962,
          -0.3343,
          1.358402
        ],
        [
          0.0,
          0.0,
          0.0,
          1.0
        ]
      ]
    },
    {
      "file_path": "/media/NFS/ttao/scannet/posed_images/scene0340_01/00339.jpg",
      "transform_matrix": [
        [
          -0.275634,
          0.274478,
          -0.921242,
          3.910853
        ],
        [
          0.958356,
          0.152942,
          -0.24117,
          3.711139
        ],
        [
          0.074701,
          -0.949353,
          -0.305204,
          1.379471
        ],
        [
          0.0,
          0.0,
          0.0,
          1.0
        ]
      ]
    },
    {
      "file_path": "/media/NFS/ttao/scannet/posed_images/scene0340_01/00343.jpg",
      "transform_matrix": [
        [
          -0.2138,
          0.259352,
          -0.941821,
          3.899932
        ],
        [
          0.973063,
          0.141652,
          -0.181885,
          3.668174
        ],
        [
          0.086239,
          -0.955338,
          -0.282651,
          1.380942
        ],
        [
          0.0,
          0.0,
          0.0,
          1.0
        ]
      ]
    },
    {
      "file_path": "/media/NFS/ttao/scannet/posed_images/scene0340_01/00349.jpg",
      "transform_matrix": [
        [
          -0.103755,
          0.243756,
          -0.96427,
          3.883871
        ],
        [
          0.990027,
          0.118198,
          -0.076647,
          3.59454
        ],
        [
          0.095291,
          -0.962607,
          -0.253589,
          1.394183
        ],
        [
          0.0,
          0.0,
          0.0,
          1.0
        ]
      ]
    },
    {
      "file_path": "/media/NFS/ttao/scannet/posed_images/scene0340_01/00356.jpg",
      "transform_matrix": [
        [
          0.089897,
          0.212179,
          -0.973087,
          3.902625
        ],
        [
          0.993473,
          0.049777,
          0.102634,
          3.468011
        ],
        [
          0.070214,
          -0.975962,
          -0.20632,
          1.405805
        ],
        [
          0.0,
          0.0,
          0.0,
          1.0
        ]
      ]
    },
    {
      "file_path": "/media/NFS/ttao/scannet/posed_images/scene0340_01/00358.jpg",
      "transform_matrix": [
        [
          0.136693,
          0.219307,
          -0.966033,
          3.90386
        ],
        [
          0.98904,
          0.024725,
          0.145561,
          3.42234
        ],
        [
          0.055808,
          -0.975343,
          -0.213523,
          1.407779
        ],
        [
          0.0,
          0.0,
          0.0,
          1.0
        ]
      ]
    },
    {
      "file_path": "/media/NFS/ttao/scannet/posed_images/scene0340_01/00364.jpg",
      "transform_matrix": [
        [
          0.222448,
          0.250537,
          -0.942204,
          3.921387
        ],
        [
          0.97407,
          -0.016196,
          0.225665,
          3.346822
        ],
        [
          0.041277,
          -0.967972,
          -0.247644,
          1.409642
        ],
        [
          0.0,
          0.0,
          0.0,
          1.0
        ]
      ]
    },
    {
      "file_path": "/media/NFS/ttao/scannet/posed_images/scene0340_01/00367.jpg",
      "transform_matrix": [
        [
          0.225136,
          0.242342,
          -0.943708,
          3.937941
        ],
        [
          0.973271,
          -0.010848,
          0.229403,
          3.309129
        ],
        [
          0.045357,
          -0.97013,
          -0.238307,
          1.414969
        ],
        [
          0.0,
          0.0,
          0.0,
          1.0
        ]
      ]
    },
    {
      "file_path": "/media/NFS/ttao/scannet/posed_images/scene0340_01/00373.jpg",
      "transform_matrix": [
        [
          0.177125,
          0.206612,
          -0.962257,
          3.98328
        ],
        [
          0.982913,
          0.012611,
          0.183635,
          3.253137
        ],
        [
          0.050077,
          -0.978342,
          -0.200848,
          1.427611
        ],
        [
          0.0,
          0.0,
          0.0,
          1.0
        ]
      ]
    },
    {
      "file_path": "/media/NFS/ttao/scannet/posed_images/scene0340_01/00377.jpg",
      "transform_matrix": [
        [
          0.145575,
          0.187345,
          -0.971447,
          4.023914
        ],
        [
          0.988491,
          0.013291,
          0.150692,
          3.214099
        ],
        [
          0.041143,
          -0.982204,
          -0.183254,
          1.431103
        ],
        [
