{
  "frames": [
    {
      "file_path": "/media/NFS/ttao/scannet/posed_images/scene0646_01/00000.jpg",
      "transform_matrix": [
        [
          -0.963622,
          -0.055144,
          0.261519,
          3.622999
        ],
        [
          -0.207705,
          0.770298,
          -0.60291,
          6.200998
        ],
        [
          -0.168201,
          -0.635296,
          -0.753729,
          2.698885
        ],
        [
          0.0,
          0.0,
          0.0,
          1.0
        ]
      ]
    },
    {
      "file_path": "/media/NFS/ttao/scannet/posed_images/scene0646_01/00025.jpg",
      "transform_matrix": [
        [
          -0.953316,
          -0.098355,
          0.285508,
          3.750909
        ],
        [
          -0.279245,
          0.646995,
          -0.70952,
          6.246284
        ],
        [
          -0.114937,
          -0.756124,
          -0.644256,
          2.765736
        ],
        [
          0.0,
          0.0,
          0.0,
          1.0
        ]
      ]
    },
    {
      "file_path": "/media/NFS/ttao/scannet/posed_images/scene0646_01/00034.jpg",
      "transform_matrix": [
        [
          -0.949958,
          -0.100172,
          0.29588,
          3.747649
        ],
        [
          -0.296313,
          0.588795,
          -0.75201,
          6.251002
        ],
        [
          -0.098882,
          -0.802052,
          -0.589013,
          2.789859
        ],
        [
          0.0,
          0.0,
          0.0,
          1.0
        ]
      ]
    },
    {
      "file_path": "/media/NFS/ttao/scannet/posed_images/scene0646_01/00054.jpg",
      "transform_matrix": [
        [
          -0.967627,
          -0.082252,
          0.238604,
          3.733839
        ],
        [
          -0.245988,
          0.518835,
          -0.818718,
          6.259968
        ],
        [
          -0.056455,
          -0.850908,
          -0.522272,
          2.804783
        ],
        [
          0.0,
          0.0,
          0.0,
          1.0
        ]
      ]
    },
    {
      "file_path": "/media/NFS/ttao/scannet/posed_images/scene0646_01/00074.jpg",
      "transform_matrix": [
        [
          -0.878599,
          -0.24414,
          0.410437,
          3.761495
        ],
        [
          -0.473556,
          0.556444,
          -0.682726,
          6.294324
        ],
        [
          -0.061704,
          -0.794207,
          -0.604506,
          2.76856
        ],
        [
          0.0,
          0.0,
          0.0,
          1.0
        ]
      ]
    },
    {
      "file_path": "/media/NFS/ttao/scannet/posed_images/scene0646_01/00089.jpg",
      "transform_matrix": [
        [
          -0.72702,
          -0.425448,
          0.53892,
          3.782309
        ],
        [
          -0.682604,
          0.532575,
          -0.500416,
          6.327075
        ],
        [
          -0.074114,
          -0.731682,
          -0.677606,
          2.747002
        ],
        [
          0.0,
          0.0,
          0.0,
          1.0
        ]
      ]
    },
    {
      "file_path": "/media/NFS/ttao/scannet/posed_images/scene0646_01/00108.jpg",
      "transform_matrix": [
        [
          -0.6059,
          -0.535392,
          0.588422,
          3.776275
        ],
        [
          -0.788616,
          0.501593,
          -0.355652,
          6.365465
        ],
        [
          -0.104735,
          -0.679529,
          -0.726134,
          2.73088
        ],
        [
          0.0,
          0.0,
          0.0,
          1.0
        ]
      ]
    },
    {
      "file_path": "/media/NFS/ttao/scannet/posed_images/scene0646_01/00118.jpg",
      "transform_matrix": [
        [
          -0.683467,
          -0.467561,
          0.560588,
          3.780382
        ],
        [
          -0.725394,
          0.520977,
          -0.449874,
          6.360716
        ],
        [
          -0.08171,
          -0.714121,
          -0.695237,
          2.737488
        ],
        [
          0.0,
          0.0,
          0.0,
          1.0
        ]
      ]
    },
    {
      "file_path": "/media/NFS/ttao/scannet/posed_images/scene0646_01/00128.jpg",
      "transform_matrix": [
        [
          -0.844691,
          -0.321057,
          0.428274,
          3.779468
        ],
        [
          -0.532845,
          0.580207,
          -0.615984,
          6.329559
        ],
        [
          -0.050721,
          -0.74852,
          -0.66117,
          2.745513
        ],
        [
          0.0,
          0.0,
          0.0,
          1.0
        ]
      ]
    },
    {
      "file_path": "/media/NFS/ttao/scannet/posed_images/scene0646_01/00153.jpg",
      "transform_matrix": [
        [
          -0.997076,
          0.039161,
          0.065614,
          3.728368
        ],
        [
          -0.028805,
          0.602712,
          -0.797439,
          6.211563
        ],
        [
          -0.070775,
          -0.796998,
          -0.599821,
          2.774701
        ],
        [
          0.0,
          0.0,
          0.0,
          1.0
        ]
      ]
    },
    {
      "file_path": "/media/NFS/ttao/scannet/posed_images/scene0646_01/00172.jpg",
      "transform_matrix": [
        [
          -0.97846,
          0.161471,
          -0.128616,
          3.664378
        ],
        [
          0.194054,
          0.506934,
          -0.839858,
          6.159805
        ],
        [
          -0.070413,
          -0.846726,
          -0.527349,
          2.813476
        ],
        [
          0.0,
          0.0,
          0.0,
          1.0
        ]
      ]
    },
    {
      "file_path": "/media/NFS/ttao/scannet/posed_images/scene0646_01/00177.jpg",
      "transform_matrix": [
        [
          -0.967761,
          0.19919,
          -0.15415,
          3.653938
        ],
        [
          0.233494,
          0.480012,
          -0.845618,
          6.142118
        ],
        [
          -0.094445,
          -0.854349,
          -0.511047,
          2.817651
        ],
        [
          0.0,
          0.0,
          0.0,
          1.0
        ]
      ]
    },
    {
      "file_path": "/media/NFS/ttao/scannet/posed_images/scene0646_01/00207.jpg",
      "transform_matrix": [
        [
          -0.811994,
          0.285105,
          -0.509294,
          3.732974
        ],
        [
          0.57713,
          0.261985,
          -0.773489,
          6.08678
        ],
        [
          -0.087098,
          -0.921997,
          -0.377273,
          2.874546
        ],
        [
          0.0,
          0.0,
          0.0,
          1.0
        ]
      ]
    },
    {
      "file_path": "/media/NFS/ttao/scannet/posed_images/scene0646_01/00221.jpg",
      "transform_matrix": [
        [
          -0.735708,
          0.306679,
          -0.603889,
          3.645695
        ],
        [
          0.672007,
          0.21929,
          -0.707332,
          6.127296
        ],
        [
          -0.084497,
          -0.926207,
          -0.367424,
          2.887815
        ],
        [
          0.0,
          0.0,
          0.0,
          1.0
        ]
      ]
    },
    {
      "file_path": "/media/NFS/ttao/scannet/posed_images/scene0646_01/00231.jpg",
      "transform_matrix": [
        [
          -0.647463,
          0.341383,
          -0.681359,
          3.604547
        ],
        [
          0.757746,
          0.192972,
          -0.623365,
          6.098357
        ],
        [
          -0.081323,
          -0.919902,
          -0.383623,
          2.882165
        ],
        [
          0.0,
          0.0,
          0.0,
          1.0
        ]
      ]
    },
    {
      "file_path": "/media/NFS/ttao/scannet/posed_images/scene0646_01/00256.jpg",
      "transform_matrix": [
        [
          -0.30584,
          0.420643,
          -0.85412,
          3.50763
        ],
        [
          0.950596,
          0.084798,
          -0.298624,
          5.962212
        ],
        [
          -0.053187,
          -0.903255,
          -0.425796,
          2.860998
        ],
        [
          0.0,
          0.0,
          0.0,
          1.0
        ]
      ]
    },
    {
      "file_path": "/media/NFS/ttao/scannet/posed_images/scene0646_01/00261.jpg",
      "transform_matrix": [
        [
          -0.229962,
          0.431114,
          -0.872501,
          3.487426
        ],
        [
          0.971793,
          0.053542,
          -0.229677,
          5.913871
        ],
        [
          -0.052302,
          -0.900707,
          -0.431266,
          2.856387
        ],
        [
          0.0,
          0.0,
          0.0,
          1.0
        ]
      ]
    },
    {
      "file_path": "/media/NFS/ttao/scannet/posed_images/scene0646_01/00276.jpg",
      "transform_matrix": [
        [
          0.015846,
          0.456962,
          -0.889345,
          3.386569
        ],
        [
          0.9995,
          -0.03158,
          0.001582,
          5.797802
        ],
        [
          -0.027362,
          -0.888925,
          -0.457235,
          2.838913
        ],
        [
          0.0,
          0.0,
          0.0,
          1.0
        ]
      ]
    },
    {
      "file_path": "/media/NFS/ttao/scannet/posed_images/scene0646_01/00300.jpg",
      "transform_matrix": [
        [
          0.517698,
          0.385382,
          -0.763851,
          3.167764
        ],
        [
          0.855129,
          -0.261531,
          0.447612,
          5.679269
        ],
        [
          -0.027269,
          -0.88492,
          -0.464945,
          2.824484
        ],
        [
          0.0,
          0.0,
          0.0,
          1.0
        ]
      ]
    },
    {
      "file_path": "/media/NFS/ttao/scannet/posed_images/scene0646_01/00310.jpg",
      "transform_matrix": [
        [
          0.687173,
          0.335544,
          -0.644362,
          3.099366
        ],
        [
          0.726313,
          -0.337096,
          0.599029,
          5.61202
        ],
        [
          -0.016212,
          -0.879645,
          -0.475354,
          2.830936
        ],
        [
          0.0,
          0.0,
          0.0,
          1.0
        ]
      ]
    },
    {
      "file_path": "/media/NFS/ttao/scannet/posed_images/scene0646_01/00330.jpg",
      "transform_matrix": [
        [
          0.927825,
          0.233424,
          -0.290952,
          3.076613
        ],
        [
          0.370223,
          -0.481028,
          0.794699,
          5.625615
        ],
        [
          0.045546,
          -0.84506,
          -0.532729,
          2.807715
        ],
        [
          0.0,
          0.0,
          0.0,
          1.0
        ]
      ]
    },
    {
      "file_path": "/media/NFS/ttao/scannet/posed_images/scene0646_01/00349.jpg",
      "transform_matrix": [
        [
          0.985278,
          0.101941,
          -0.13724,
          3.107571
        ],
        [
          0.170277,
          -0.513543,
          0.840999,
          5.730115
        ],
        [
          0.015254,
          -0.851987,
          -0.523341,
          2.815891
        ],
        [
          0.0,
          0.0,
          0.0,
          1.0
        ]
      ]
    },
    {
      "file_path": "/media/NFS/ttao/scannet/posed_images/scene0646_01/00364.jpg",
      "transform_matrix": [
        [
          0.996556,
          -0.026467,
          0.078584,
          3.092834
        ],
        [
          -0.081078,
          -0.50971,
          0.856517,
          5.76615
        ],
        [
          0.017386,
          -0.859939,
          -0.510101,
          2.821905
        ],
        [
          0.0,
          0.0,
          0.0,
          1.0
        ]
      ]
    },
    {
      "file_path": "/media/NFS/ttao/scannet/posed_images/scene0646_01/00374.jpg",
      "transform_matrix": [
        [
          0.96532,
          -0.114928,
          0.234413,
          3.074453
        ],
        [
          -0.260891,
          -0.457923,
          0.849848,
          5.781148
        ],
        [
          0.009672,
          -0.881532,
          -0.472026,
          2.816157
        ],
        [
          0.0,
          0.0,
          0.0,
          1.0
        ]
      ]
    },
    {
      "file_path": "/media/NFS/ttao/scannet/posed_images/scene0646_01/00399.jpg",
      "transform_matrix": [
        [
          0.84671,
          -0.273385,
          0.456445,
          3.113508
        ],
        [
          -0.531794,
          -0.408009,
          0.742107,
          5.913586
        ],
        [
          -0.016647,
          -0.871085,
          -0.49085,
          2.841246
        ],
        [
          0.0,
          0.0,
          0.0,
          1.0
        ]
      ]
    },
    {
      "file_path": "/media/NFS/ttao/scannet/posed_images/scene0646_01/00418.jpg",
      "transform_matrix": [
        [
          0.68162,
          -0.381533,
          0.624361,
          3.073496
        ],
        [
          -0.731072,
          -0.31957,
          0.602834,
          5.983593
        ],
        [
          -0.030474,
          -0.867357,
          -0.496754,
          2.852301
        ],
        [
          0.0,
          0.0,
          0.0,
          1.0
        ]
      ]
    },
    {
      "file_path": "/media/NFS/ttao/scannet/posed_images/scene0646_01/00428.jpg",
      "transform_matrix": [
        [
          0.595861,
          -0.429479,
          0.6786,
          3.05109
        ],
        [
          -0.802949,
          -0.302884,
          0.513357,
          5.998891
        ],
        [
          -0.014939,
          -0.85077,
          -0.525326,
          2.832016
        ],
        [
          0.0,
          0.0,
          0.0,
          1.0
        ]
      ]
    },
    {
      "file_path": "/media/NFS/ttao/scannet/posed_images/scene0646_01/00443.jpg",
      "transform_matrix": [
        [
          0.370235,
          -0.501706,
          0.781804,
          3.117876
        ],
        [
          -0.928581,
          -0.176553,
          0.326444,
          6.012463
        ],
        [
          -0.02575,
          -0.84683,
          -0.531241,
          2.805624
        ],
        [
          0.0,
          0.0,
          0.0,
          1.0
        ]
      ]
    },
    {
      "file_path": "/media/NFS/ttao/scannet/posed_images/scene0646_01/00467.jpg",
      "transform_matrix": [
        [
          0.057898,
          -0.582181,
          0.810995,
          3.206384
        ],
        [
          -0.998239,
          -0.023255,
          0.054572,
          6.044339
        ],
        [
          -0.012911,
          -0.812727,
          -0.582502,
          2.772129
        ],
        [
          0.0,
          0.0,
          0.0,
          1.0
        ]
      ]
    },
    {
      "file_path": "/media/NFS/ttao/scannet/posed_images/scene0646_01/00472.jpg",
      "transform_matrix": [
        [
          -0.042176,
          -0.579859,
          0.813625,
          3.211266
        ],
        [
          -0.998982,
          0.037516,
          -0.025048,
          6.068257
        ],
        [
          -0.016,
          -0.813853,
          -0.580851,
          2.771075
        ],
        [
          0.0,
          0.0,
          0.0,
          1.0
        ]
      ]
    },
    {
      "file_path": "/media/NFS/ttao/scannet/posed_images/scene0646_01/00502.jpg",
      "transform_matrix": [
        [
          -0.46459,
          -0.502346,
          0.729249,
          3.191772
        ],
        [
          -0.885499,
          0.269924,
          -0.378195,
          6.072965
        ],
        [
          -0.006857,
          -0.821455,
          -0.570232,
          2.773871
        ],
        [
          0.0,
          0.0,
          0.0,
          1.0
        ]
      ]
    },
    {
      "file_path": "/media/NFS/ttao/scannet/posed_images/scene0646_01/00512.jpg",
      "transform_matrix": [
        [
          -0.542144,
          -0.481131,
          0.688907,
          3.200761
        ],
        [
          -0.8402,
          0.32206,
          -0.436281,
          6.045304
        ],
        [
          -0.011961,
          -0.815347,
          -0.578849,
          2.775847
        ],
        [
          0.0,
          0.0,
          0.0,
          1.0
        ]
      ]
    },
    {
      "file_path": "/media/NFS/ttao/scannet/posed_images/scene0646_01/00526.jpg",
      "transform_matrix": [
        [
          -0.61575,
          -0.500296,
          0.608733,
          3.200174
        ],
        [
          -0.787348,
          0.420651,
          -0.450705,
          5.991762
        ],
        [
          -0.030579,
          -0.756807,
          -0.652923,
          2.752672
        ],
        [
          0.0,
          0.0,
          0.0,
          1.0
        ]
      ]
    },
    {
      "file_path": "/media/NFS/ttao/scannet/posed_images/scene0646_01/00541.jpg",
      "transform_matrix": [
        [
          -0.656161,
          -0.516334,
          0.550319,
          3.216187
        ],
        [
          -0.753228,
          0.49242,
          -0.436085,
          5.949411
        ],
        [
          -0.045822,
          -0.700658,
          -0.712025,
          2.728462
        ],
        [
          0.0,
          0.0,
          0.0,
          1.0
        ]
      ]
    },
    {
      "file_path": "/media/NFS/ttao/scannet/posed_images/scene0646_01/00566.jpg",
      "transform_matrix": [
        [
          -0.673802,
          -0.38365,
          0.631509,
          3.418764
        ],
        [
          -0.727359,
          0.494912,
          -0.475406,
          6.024647
        ],
        [
          -0.130152,
          -0.779663,
          -0.612524,
          2.797521
        ],
        [
          0.0,
          0.0,
          0.0,
          1.0
        ]
      ]
    },
    {
      "file_path": "/media/NFS/ttao/scannet/posed_images/scene0646_01/00571.jpg",
      "transform_matrix": [
        [
          -0.702055,
          -0.362601,
          0.612893,
          3.465279
        ],
        [
          -0.699644,
          0.511621,
          -0.49874,
          6.07017
        ],
        [
          -0.132725,
          -0.778951,
          -0.612878,
          2.798529
        ],
        [
          0.0,
          0.0,
          0.0,
          1.0
        ]
      ]
    },
    {
      "file_path": "/media/NFS/ttao/scannet/posed_images/scene0646_01/00600.jpg",
      "transform_matrix": [
        [
          -0.505202,
          -0.558649,
          0.657786,
          3.760504
        ],
        [
          -0.854302,
          0.431687,
          -0.289507,
          6.176102
        ],
        [
          -0.122225,
          -0.708208,
          -0.695344,
          2.772749
        ],
        [
          0.0,
          0.0,
          0.0,
          1.0
        ]
      ]
    },
    {
      "file_path": "/media/NFS/ttao/scannet/posed_images/scene0646_01/00610.jpg",
      "transform_matrix": [
        [
          -0.687679,
          -0.428332,
          0.586198,
          3.839059
        ],
        [
          -0.716758,
          0.52906,
          -0.45426,
          6.165027
        ],
        [
          -0.11556,
          -0.732548,
          -0.670835,
          2.787228
        ],
        [
          0.0,
          0.0,
          0.0,
          1.0
        ]
      ]
    },
    {
      "file_path": "/media/NFS/ttao/scannet/posed_images/scene0646_01/00625.jpg",
      "transform_matrix": [
        [
          -0.744772,
          -0.208257,
          0.63399,
          3.894311
        ],
        [
          -0.642335,
          0.481256,
          -0.596488,
          6.225906
        ],
        [
          -0.180888,
          -0.851482,
          -0.492197,
          2.857193
        ],
        [
          0.0,
          0.0,
          0.0,
          1.0
        ]
      ]
    },
    {
      "file_path": "/media/NFS/ttao/scannet/posed_images/scene0646_01/00640.jpg",
      "transform_matrix": [
        [
          -0.682176,
          -0.192579,
          0.705372,
          3.898884
        ],
        [
          -0.710643,
          0.401694,
          -0.577605,
          6.251911
        ],
        [
          -0.172109,
          -0.895296,
          -0.410881,
          2.879874
        ],
        [
          0.0,
          0.0,
          0.0,
          1.0
        ]
      ]
    },
    {
      "file_path": "/media/NFS/ttao/scannet/posed_images/scene0646_01/00654.jpg",
      "transform_matrix": [
        [
          -0.787329,
          -0.132869,
          0.602045,
          3.888958
        ],
        [
          -0.595928,
          0.414347,
          -0.687885,
          6.222611
        ],
        [
          -0.158056,
          -0.900368,
          -0.405408,
          2.875154
        ],
        [
          0.0,
          0.0,
          0.0,
          1.0
        ]
      ]
    },
    {
      "file_path": "/media/NFS/ttao/scannet/posed_images/scene0646_01/00669.jpg",
      "transform_matrix": [
        [
          -0.947188,
          -0.071582,
          0.312588,
          3.887416
        ],
        [
          -0.300904,
          0.535405,
          -0.789176,
          6.136817
        ],
        [
          -0.11087,
          -0.841557,
          -0.528668,
          2.82549
        ],
        [
          0.0,
          0.0,
          0.0,
          1.0
        ]
      ]
    },
    {
      "file_path": "/media/NFS/ttao/scannet/posed_images/scene0646_01/00694.jpg",
      "transform_matrix": [
        [
          -0.99658,
          0.011993,
          0.081761,
          3.999307
        ],
        [
          -0.052305,
          0.674439,
          -0.736475,
          6.01447
        ],
        [
          -0.063975,
          -0.738233,
          -0.671505,
          2.752473
        ],
        [
          0.0,
          0.0,
          0.0,
          1.0
        ]
      ]
    },
    {
      "file_path": "/media/NFS/ttao/scannet/posed_images/scene0646_01/00713.jpg",
      "transform_matrix": [
        [
          -0.992873,
          0.110302,
          -0.045132,
          4.073702
        ],
        [
          0.108452,
          0.679203,
          -0.725893,
          5.97085
        ],
        [
          -0.049414,
          -0.725615,
          -0.686325,
          2.76571
        ],
        [
          0.0,
          0.0,
          0.0,
          1.0
        ]
      ]
    },
    {
      "file_path": "/media/NFS/ttao/scannet/posed_images/scene0646_01/00718.jpg",
      "transform_matrix": [
        [
          -0.992298,
          0.113341,
          -0.04998,
          4.080676
        ],
        [
          0.112499,
          0.655693,
          -0.746599,
          5.946299
        ],
        [
          -0.051849,
          -0.746472,
          -0.663394,
          2.78289
        ],
        [
          0.0,
          0.0,
          0.0,
          1.0
        ]
      ]
    },
    {
      "file_path": "/media/NFS/ttao/scannet/posed_images/scene0646_01/00743.jpg",
      "transform_matrix": [
        [
          -0.963416,
          0.18013,
          -0.19845,
          4.16481
        ],
        [
          0.262424,
          0.483622,
          -0.835011,
          5.914444
        ],
        [
          -0.054436,
          -0.856541,
          -0.5132,
          2.854735
        ],
        [
          0.0,
          0.0,
          0.0,
          1.0
        ]
      ]
    },
    {
      "file_path": "/media/NFS/ttao/scannet/posed_images/scene0646_01/00758.jpg",
      "transform_matrix": [
        [
          -0.903249,
          0.239246,
          -0.356234,
          4.240347
        ],
        [
          0.427844,
          0.438206,
          -0.790522,
          5.868985
        ],
        [
          -0.033026,
          -0.866451,
          -0.49817,
          2.886242
        ],
        [
          0.0,
          0.0,
          0.0,
          1.0
        ]
      ]
    },
    {
      "file_path": "/media/NFS/ttao/scannet/posed_images/scene0646_01/00777.jpg",
      "transform_matrix": [
        [
          -0.842857,
          0.299591,
          -0.447032,
          4.302472
        ],
        [
          0.519793,
          0.238187,
          -0.820416,
          5.813344
        ],
        [
          -0.139312,
          -0.923857,
          -0.356483,
          2.956769
        ],
        [
          0.0,
          0.0,
          0.0,
          1.0
        ]
      ]
    },
    {
      "file_path": "/media/NFS/ttao/scannet/posed_images/scene0646_01/00782.jpg",
      "transform_matrix": [
        [
          -0.857709,
          0.250034,
          -0.449241,
          4.300152
        ],
        [
          0.501878,
          0.217525,
          -0.837138,
          5.830878
        ],
        [
          -0.111592,
          -0.943486,
          -0.31206,
          2.964441
        ],
        [
          0.0,
          0.0,
          0.0,
          1.0
        ]
      ]
    },
    {
      "file_path": "/media/NFS/ttao/scannet/posed_images/scene0646_01/00812.jpg",
      "transform_matrix": [
        [
          -0.876835,
          0.339921,
          -0.34002,
          4.145701
        ],
        [
          0.475336,
          0.506662,
          -0.71927,
          5.934725
        ],
        [
          -0.07222,
          -0.792305,
          -0.605836,
          2.82866
        ],
        [
          0.0,
          0.0,
          0.0,
          1.0
        ]
      ]
    },
    {
      "file_path": "/media/NFS/ttao/scannet/posed_images/scene0646_01/00827.jpg",
      "transform_matrix": [
        [
          -0.897646,
          0.361791,
          -0.251672,
          3.982691
        ],
        [
          0.430355,
          0.596458,
          -0.677519,
          6.005538
        ],
        [
          -0.095008,
          -0.716481,
          -0.691107,
          2.768989
        ],
        [
          0.0,
          0.0,
          0.0,
          1.0
        ]
      ]
    },
    {
      "file_path": "/media/NFS/ttao/scannet/posed_images/scene0646_01/00831.jpg",
      "transform_matrix": [
        [
          -0.906839,
          0.353922,
          -0.228874,
          3.940232
        ],
        [
          0.408306,
          0.602989,
          -0.68534,
          6.019275
        ],
        [
          -0.104548,
          -0.714943,
          -0.691322,
          2.760745
        ],
        [
          0.0,
          0.0,
          0.0,
          1.0
        ]
      ]
    },
    {
      "file_path": "/media/NFS/ttao/scannet/posed_images/scene0646_01/00861.jpg",
      "transform_matrix": [
        [
          -0.943431,
          0.274713,
          -0.185663,
          3.625051
        ],
        [
          0.32092,
          0.615776,
          -0.719604,
          5.857612
        ],
        [
          -0.083357,
          -0.73848,
          -0.669103,
          2.746952
        ],
        [
          0.0,
          0.0,
          0.0,
          1.0
        ]
      ]
    },
    {
      "file_path": "/media/NFS/ttao/scannet/posed_images/scene0646_01/00866.jpg",
      "transform_matrix": [
        [
          -0.949723,
          0.272185,
          -0.15473,
          3.580369
        ],
        [
          0.2962,
          0.620972,
          -0.725713,
          5.834861
        ],
        [
          -0.101445,
          -0.735057,
          -0.670373,
          2.746196
        ],
        [
          0.0,
          0.0,
          0.0,
          1.0
        ]
      ]
    },
    {
      "file_path": "/media/NFS/ttao/scannet/posed_images/scene0646_01/00895.jpg",
      "transform_matrix": [
        [
          -0.989747,
          0.126628,
          0.066075,
          3.28325
        ],
        [
          0.030981,
          0.641928,
          -0.766139,
          5.73341
        ],
        [
          -0.13943,
          -0.756236,
          -0.63927,
          2.759667
        ],
        [
          0.0,
          0.0,
          0.0,
          1.0
        ]
      ]
    },
    {
      "file_path": "/media/NFS/ttao/scannet/posed_images/scene0646_01/00900.jpg",
      "transform_matrix": [
        [
          -0.989292,
          0.091338,
          0.113837,
          3.259807
        ],
        [
          -0.026113,
          0.656615,
          -0.753774,
          5.684541
        ],
        [
          -0.143595,
          -0.748675,
          -0.647199,
          2.754658
        ],
        [
          0.0,
          0.0,
          0.0,
          1.0
        ]
      ]
    },
    {
      "file_path": "/media/NFS/ttao/scannet/posed_images/scene0646_01/00920.jpg",
      "transform_matrix": [
        [
          -0.905863,
          -0.097778,
          0.41213,
          3.176144
        ],
        [
          -0.362879,
          0.68101,
          -0.636039,
          5.565774
        ],
        [
          -0.218474,
          -0.725717,
          -0.652383,
          2.80389
        ],
        [
          0.0,
          0.0,
          0.0,
          1.0
        ]
      ]
    },
    {
      "file_path": "/media/NFS/ttao/scannet/posed_images/scene0646_01/00945.jpg",
      "transform_matrix": [
        [
          -0.816908,
          -0.198468,
          0.541546,
          3.018981
        ],
        [
          -0.532571,
          0.620026,
          -0.576139,
          5.505407
        ],
        [
          -0.221427,
          -0.759064,
          -0.612202,
          2.830837
        ],
        [
          0.0,
          0.0,
          0.0,
          1.0
        ]
      ]
    },
    {
      "file_path": "/media/NFS/ttao/scannet/posed_images/scene0646_01/00954.jpg",
      "transform_matrix": [
        [
          -0.82883,
          -0.219314,
          0.514725,
          3.026436
        ],
        [
          -0.535786,
          0.576112,
          -0.617275,
          5.459943
        ],
        [
          -0.161162,
          -0.787399,
          -0.595004,
          2.830671
        ],
        [
          0.0,
          0.0,
          0.0,
          1.0
        ]
      ]
    },
    {
      "file_path": "/media/NFS/ttao/scannet/posed_images/scene0646_01/00974.jpg",
      "transform_matrix": [
        [
          -0.828375,
          -0.198533,
          0.523812,
          3.058883
        ],
        [
          -0.550553,
          0.461106,
          -0.695897,
          5.408391
        ],
        [
          -0.103375,
          -0.86485,
          -0.491272,
          2.841296
        ],
        [
          0.0,
          0.0,
          0.0,
          1.0
        ]
      ]
    },
    {
      "file_path": "/media/NFS/ttao/scannet/posed_images/scene0646_01/00979.jpg",
      "transform_matrix": [
        [
          -0.817586,
          -0.21892,
          0.532567,
          3.051143
        ],
        [
          -0.56832,
          0.455458,
          -0.685252,
          5.410959
        ],
        [
          -0.092547,
          -0.862921,
          -0.496793,
          2.84142
        ],
        [
          0.0,
          0.0,
          0.0,
          1.0
        ]
      ]
    },
    {
      "file_path": "/media/NFS/ttao/scannet/posed_images/scene0646_01/01009.jpg",
      "transform_matrix": [
        [
          -0.955806,
          -0.145876,
          0.255253,
          2.974951
        ],
        [
          -0.291109,
          0.590989,
          -0.752322,
          5.387388
        ],
        [
          -0.041106,
          -0.79338,
          -0.607337,
          2.834079
        ],
        [
          0.0,
          0.0,
          0.0,
          1.0
        ]
      ]
    },
    {
      "file_path": "/media/NFS/ttao/scannet/posed_images/scene0646_01/01014.jpg",
      "transform_matrix": [
        [
          -0.966308,
          -0.115543,
          0.229996,
          2.953858
        ],
        [
          -0.253113,
          0.588747,
          -0.767666,
          5.37626
        ],
        [
          -0.046711,
          -0.800017,
          -0.598156,
          2.839828
        ],
        [
          0.0,
          0.0,
          0.0,
          1.0
        ]
      ]
    },
    {
      "file_path": "/media/NFS/ttao/scannet/posed_images/scene0646_01/01033.jpg",
      "transform_matrix": [
        [
          -0.989283,
          -0.011014,
          0.145595,
          2.888027
        ],
        [
          -0.128889,
          0.534402,
          -0.835346,
          5.336967
        ],
        [
          -0.068606,
          -0.845159,
          -0.530094,
          2.865302
        ],
        [
          0.0,
          0.0,
          0.0,
          1.0
        ]
      ]
    },
    {
      "file_path": "/media/NFS/ttao/scannet/posed_images/scene0646_01/01058.jpg",
      "transform_matrix": [
        [
          -0.997761,
          0.048116,
          0.046442,
          2.773777
        ],
        [
          -0.018036,
          0.475121,
          -0.879736,
          5.288863
        ],
        [
          -0.064395,
          -0.878604,
          -0.473189,
          2.897011
        ],
        [
          0.0,
          0.0,
          0.0,
          1.0
        ]
      ]
    },
    {
      "file_path": "/media/NFS/ttao/scannet/posed_images/scene0646_01/01073.jpg",
      "transform_matrix": [
        [
          -0.997263,
          0.073242,
          0.010073,
          2.739948
        ],
        [
          0.024832,
          0.460175,
          -0.887481,
          5.248465
        ],
        [
          -0.069636,
          -0.884802,
          -0.460735,
          2.9057
        ],
        [
          0.0,
          0.0,
          0.0,
          1.0
        ]
      ]
    },
    {
      "file_path": "/media/NFS/ttao/scannet/posed_images/scene0646_01/01082.jpg",
      "transform_matrix": [
        [
          -0.99837,
          0.04678,
          -0.032687,
          2.755943
        ],
        [
          0.0511,
          0.477755,
          -0.877006,
          5.179938
        ],
        [
          -0.02541,
          -0.877247,
          -0.479367,
          2.897401
        ],
        [
          0.0,
          0.0,
          0.0,
          1.0
        ]
      ]
    },
    {
      "file_path": "/media/NFS/ttao/scannet/posed_images/scene0646_01/01102.jpg",
      "transform_matrix": [
        [
          -0.999507,
          0.028266,
          -0.013658,
          2.777419
        ],
        [
          0.025186,
          0.462304,
          -0.886364,
          5.00346
        ],
        [
          -0.01874,
          -0.886271,
          -0.462788,
          2.904958
        ],
        [
          0.0,
          0.0,
          0.0,
          1.0
        ]
      ]
    },
    {
      "file_path": "/media/NFS/ttao/scannet/posed_images/scene0646_01/01117.jpg",
      "transform_matrix": [
        [
          -0.99369,
          0.059583,
          0.095024,
          2.665973
        ],
        [
          -0.071333,
          0.31806,
          -0.945383,
          4.868968
        ],
        [
          -0.086552,
          -0.946196,
          -0.311803,
          2.929163
        ],
        [
          0.0,
          0.0,
          0.0,
          1.0
        ]
      ]
    },
    {
      "file_path": "/media/NFS/ttao/scannet/posed_images/scene0646_01/01141.jpg",
      "transform_matrix": [
        [
          -0.962159,
          0.06798,
          0.263872,
          2.591644
        ],
        [
          -0.248965,
          0.174278,
          -0.952703,
          4.762461
        ],
        [
          -0.110752,
          -0.982347,
          -0.150758,
          3.004727
        ],
        [
          0.0,
          0.0,
          0.0,
          1.0
        ]
      ]
    },
    {
      "file_path": "/media/NFS/ttao/scannet/posed_images/scene0646_01/01151.jpg",
      "transform_matrix": [
        [
          -0.960571,
          0.074595,
          0.26784,
          2.598968
        ],
        [
          -0.258189,
          0.118097,
          -0.958849,
          4.758107
        ],
        [
          -0.103157,
          -0.990196,
          -0.094181,
          3.013553
        ],
        [
          0.0,
          0.0,
          0.0,
          1.0
        ]
      ]
    },
    {
      "file_path": "/media/NFS/ttao/scannet/posed_images/scene0646_01/01166.jpg",
      "transform_matrix": [
        [
          -0.966848,
          0.084823,
          0.240852,
          2.622069
        ],
        [
          -0.239014,
          0.031349,
          -0.97051,
          4.753255
        ],
        [
          -0.089872,
          -0.995903,
          -0.010036,
          3.0218
        ],
        [
          0.0,
          0.0,
          0.0,
          1.0
        ]
      ]
    },
    {
      "file_path": "/media/NFS/ttao/scannet/posed_images/scene0646_01/01191.jpg",
      "transform_matrix": [
        [
          -0.996093,
          0.049873,
          0.072884,
          2.667809
        ],
        [
          -0.066396,
          0.121259,
          -0.990398,
          4.721826
        ],
        [
          -0.058232,
          -0.991367,
          -0.117474,
          3.030282
        ],
        [
          0.0,
          0.0,
          0.0,
          1.0
        ]
      ]
    },
    {
      "file_path": "/media/NFS/ttao/scannet/posed_images/scene0646_01/01200.jpg",
      "transform_matrix": [
        [
          -0.998611,
          0.049021,
          -0.019288,
          2.684595
        ],
        [
          0.028017,
          0.184147,
          -0.982499,
          4.691887
        ],
        [
          -0.044611,
          -0.981675,
          -0.185265,
          3.01961
        ],
        [
          0.0,
          0.0,
          0.0,
          1.0
        ]
      ]
    },
    {
      "file_path": "/media/NFS/ttao/scannet/posed_images/scene0646_01/01215.jpg",
      "transform_matrix": [
        [
          -0.988522,
          0.07636,
          -0.130358,
          2.679723
        ],
        [
          0.148785,
          0.34234,
          -0.927721,
          4.615503
        ],
        [
          -0.026214,
          -0.936468,
          -0.349772,
          2.989164
        ],
        [
          0.0,
          0.0,
          0.0,
          1.0
        ]
      ]
    },
    {
      "file_path": "/media/NFS/ttao/scannet/posed_images/scene0646_01/01240.jpg",
      "transform_matrix": [
        [
          -0.994308,
          0.077885,
          0.072697,
          2.47437
        ],
        [
          -0.01627,
          0.563335,
          -0.826069,
          4.400943
        ],
        [
          -0.105291,
          -0.82255,
          -0.558861,
          2.885039
        ],
        [
          0.0,
          0.0,
          0.0,
          1.0
        ]
      ]
    },
    {
      "file_path": "/media/NFS/ttao/scannet/posed_images/scene0646_01/01250.jpg",
      "transform_matrix": [
        [
          -0.993614,
          0.037467,
          0.10643,
          2.47561
        ],
        [
          -0.065031,
          0.580665,
          -0.811541,
          4.267573
        ],
        [
          -0.092206,
          -0.81328,
          -0.57452,
          2.874858
        ],
        [
          0.0,
          0.0,
          0.0,
          1.0
        ]
      ]
    },
    {
      "file_path": "/media/NFS/ttao/scannet/posed_images/scene0646_01/01260.jpg",
      "transform_matrix": [
        [
          -0.992701,
          -0.020609,
          0.118828,
          2.480805
        ],
        [
          -0.105688,
          0.623275,
          -0.774828,
          4.095622
        ],
        [
          -0.058094,
