{
  "frames": [
    {
      "file_path": "/media/NFS/ttao/scannet/posed_images/scene0044_00/00000.jpg",
      "transform_matrix": [
        [
          -0.15851,
          0.420096,
          -0.893529,
          4.004256
        ],
        [
          0.981106,
          -0.034663,
          -0.190342,
          0.910349
        ],
        [
          -0.110934,
          -0.906817,
          -0.406664,
          2.578562
        ],
        [
          0.0,
          0.0,
          0.0,
          1.0
        ]
      ]
    },
    {
      "file_path": "/media/NFS/ttao/scannet/posed_images/scene0044_00/00004.jpg",
      "transform_matrix": [
        [
          -0.139849,
          0.432923,
          -0.890517,
          3.996022
        ],
        [
          0.98469,
          -0.03371,
          -0.171026,
          0.9047
        ],
        [
          -0.10406,
          -0.9008,
          -0.42158,
          2.579904
        ],
        [
          0.0,
          0.0,
          0.0,
          1.0
        ]
      ]
    },
    {
      "file_path": "/media/NFS/ttao/scannet/posed_images/scene0044_00/00009.jpg",
      "transform_matrix": [
        [
          -0.128813,
          0.432758,
          -0.89226,
          4.005799
        ],
        [
          0.986418,
          -0.036555,
          -0.160137,
          0.894308
        ],
        [
          -0.101917,
          -0.900769,
          -0.422171,
          2.560097
        ],
        [
          0.0,
          0.0,
          0.0,
          1.0
        ]
      ]
    },
    {
      "file_path": "/media/NFS/ttao/scannet/posed_images/scene0044_00/00018.jpg",
      "transform_matrix": [
        [
          -0.106172,
          0.453074,
          -0.885128,
          4.002642
        ],
        [
          0.98992,
          -0.035748,
          -0.13704,
          0.873312
        ],
        [
          -0.093731,
          -0.890756,
          -0.444712,
          2.56156
        ],
        [
          0.0,
          0.0,
          0.0,
          1.0
        ]
      ]
    },
    {
      "file_path": "/media/NFS/ttao/scannet/posed_images/scene0044_00/00022.jpg",
      "transform_matrix": [
        [
          -0.097106,
          0.408127,
          -0.907746,
          3.999148
        ],
        [
          0.991635,
          -0.038246,
          -0.123275,
          0.873262
        ],
        [
          -0.08503,
          -0.912124,
          -0.400999,
          2.593439
        ],
        [
          0.0,
          0.0,
          0.0,
          1.0
        ]
      ]
    },
    {
      "file_path": "/media/NFS/ttao/scannet/posed_images/scene0044_00/00026.jpg",
      "transform_matrix": [
        [
          -0.070915,
          0.288282,
          -0.954916,
          4.028583
        ],
        [
          0.995168,
          -0.044731,
          -0.087408,
          0.873633
        ],
        [
          -0.067912,
          -0.9565,
          -0.283716,
          2.560497
        ],
        [
          0.0,
          0.0,
          0.0,
          1.0
        ]
      ]
    },
    {
      "file_path": "/media/NFS/ttao/scannet/posed_images/scene0044_00/00032.jpg",
      "transform_matrix": [
        [
          -0.02678,
          0.186153,
          -0.982156,
          3.996369
        ],
        [
          0.996952,
          -0.067045,
          -0.039891,
          0.893223
        ],
        [
          -0.073275,
          -0.980231,
          -0.18379,
          2.707731
        ],
        [
          0.0,
          0.0,
          0.0,
          1.0
        ]
      ]
    },
    {
      "file_path": "/media/NFS/ttao/scannet/posed_images/scene0044_00/00036.jpg",
      "transform_matrix": [
        [
          0.019732,
          0.127251,
          -0.991674,
          4.006133
        ],
        [
          0.996965,
          -0.077214,
          0.009929,
          0.90542
        ],
        [
          -0.075308,
          -0.98886,
          -0.128388,
          2.725056
        ],
        [
          0.0,
          0.0,
          0.0,
          1.0
        ]
      ]
    },
    {
      "file_path": "/media/NFS/ttao/scannet/posed_images/scene0044_00/00041.jpg",
      "transform_matrix": [
        [
          0.065603,
          0.127457,
          -0.989672,
          4.01089
        ],
        [
          0.994391,
          -0.090807,
          0.054221,
          0.91074
        ],
        [
          -0.082958,
          -0.987678,
          -0.132699,
          2.740668
        ],
        [
          0.0,
          0.0,
          0.0,
          1.0
        ]
      ]
    },
    {
      "file_path": "/media/NFS/ttao/scannet/posed_images/scene0044_00/00042.jpg",
      "transform_matrix": [
        [
          0.073512,
          0.132294,
          -0.988481,
          4.009082
        ],
        [
          0.993821,
          -0.092363,
          0.061547,
          0.913182
        ],
        [
          -0.083157,
          -0.986898,
          -0.138267,
          2.734942
        ],
        [
          0.0,
          0.0,
          0.0,
          1.0
        ]
      ]
    },
    {
      "file_path": "/media/NFS/ttao/scannet/posed_images/scene0044_00/00051.jpg",
      "transform_matrix": [
        [
          0.154015,
          0.244327,
          -0.957384,
          3.984088
        ],
        [
          0.983888,
          -0.126962,
          0.125878,
          0.926224
        ],
        [
          -0.090796,
          -0.961345,
          -0.259944,
          2.663149
        ],
        [
          0.0,
          0.0,
          0.0,
          1.0
        ]
      ]
    },
    {
      "file_path": "/media/NFS/ttao/scannet/posed_images/scene0044_00/00054.jpg",
      "transform_matrix": [
        [
          0.173729,
          0.29721,
          -0.938874,
          3.979967
        ],
        [
          0.981167,
          -0.133985,
          0.13914,
          0.924001
        ],
        [
          -0.084441,
          -0.945365,
          -0.314889,
          2.639334
        ],
        [
          0.0,
          0.0,
          0.0,
          1.0
        ]
      ]
    },
    {
      "file_path": "/media/NFS/ttao/scannet/posed_images/scene0044_00/00060.jpg",
      "transform_matrix": [
        [
          0.21857,
          0.378684,
          -0.899348,
          3.967316
        ],
        [
          0.97463,
          -0.130236,
          0.182029,
          0.900047
        ],
        [
          -0.048196,
          -0.916317,
          -0.397542,
          2.507068
        ],
        [
          0.0,
          0.0,
          0.0,
          1.0
        ]
      ]
    },
    {
      "file_path": "/media/NFS/ttao/scannet/posed_images/scene0044_00/00066.jpg",
      "transform_matrix": [
        [
          0.230091,
          0.494511,
          -0.838163,
          3.965105
        ],
        [
          0.97156,
          -0.166237,
          0.168632,
          0.917351
        ],
        [
          -0.055943,
          -0.853126,
          -0.518697,
          2.443554
        ],
        [
          0.0,
          0.0,
          0.0,
          1.0
        ]
      ]
    },
    {
      "file_path": "/media/NFS/ttao/scannet/posed_images/scene0044_00/00067.jpg",
      "transform_matrix": [
        [
          0.23767,
          0.510331,
          -0.826483,
          3.962777
        ],
        [
          0.969587,
          -0.175822,
          0.170257,
          0.921093
        ],
        [
          -0.058427,
          -0.841813,
          -0.536598,
          2.436135
        ],
        [
          0.0,
          0.0,
          0.0,
          1.0
        ]
      ]
    },
    {
      "file_path": "/media/NFS/ttao/scannet/posed_images/scene0044_00/00071.jpg",
      "transform_matrix": [
        [
          0.261797,
          0.564208,
          -0.783027,
          3.961829
        ],
        [
          0.963512,
          -0.199646,
          0.178286,
          0.916905
        ],
        [
          -0.055738,
          -0.801131,
          -0.595888,
          2.381284
        ],
        [
          0.0,
          0.0,
          0.0,
          1.0
        ]
      ]
    },
    {
      "file_path": "/media/NFS/ttao/scannet/posed_images/scene0044_00/00077.jpg",
      "transform_matrix": [
        [
          0.302987,
          0.588775,
          -0.749362,
          3.948406
        ],
        [
          0.95003,
          -0.248581,
          0.188811,
          0.916448
        ],
        [
          -0.07511,
          -0.769124,
          -0.634671,
          2.374152
        ],
        [
          0.0,
          0.0,
          0.0,
          1.0
        ]
      ]
    },
    {
      "file_path": "/media/NFS/ttao/scannet/posed_images/scene0044_00/00083.jpg",
      "transform_matrix": [
        [
          0.323336,
          0.532138,
          -0.782485,
          3.938499
        ],
        [
          0.943226,
          -0.247665,
          0.22133,
          0.913821
        ],
        [
          -0.076016,
          -0.809624,
          -0.582005,
          2.429403
        ],
        [
          0.0,
          0.0,
          0.0,
          1.0
        ]
      ]
    },
    {
      "file_path": "/media/NFS/ttao/scannet/posed_images/scene0044_00/00088.jpg",
      "transform_matrix": [
        [
          0.348973,
          0.437009,
          -0.829,
          3.919991
        ],
        [
          0.935197,
          -0.21923,
          0.278109,
          0.939418
        ],
        [
          -0.060206,
          -0.872331,
          -0.485194,
          2.507926
        ],
        [
          0.0,
          0.0,
          0.0,
          1.0
        ]
      ]
    },
    {
      "file_path": "/media/NFS/ttao/scannet/posed_images/scene0044_00/00095.jpg",
      "transform_matrix": [
        [
          0.427745,
          0.246056,
          -0.869765,
          3.929324
        ],
        [
          0.902036,
          -0.177949,
          0.393275,
          0.943814
        ],
        [
          -0.058007,
          -0.95278,
          -0.298068,
          2.62925
        ],
        [
          0.0,
          0.0,
          0.0,
          1.0
        ]
      ]
    },
    {
      "file_path": "/media/NFS/ttao/scannet/posed_images/scene0044_00/00096.jpg",
      "transform_matrix": [
        [
          0.438208,
          0.217463,
          -0.872171,
          3.934648
        ],
        [
          0.896887,
          -0.170253,
          0.408176,
          0.942158
        ],
        [
          -0.059727,
          -0.961105,
          -0.269646,
          2.632905
        ],
        [
          0.0,
          0.0,
          0.0,
          1.0
        ]
      ]
    },
    {
      "file_path": "/media/NFS/ttao/scannet/posed_images/scene0044_00/00101.jpg",
      "transform_matrix": [
        [
          -Infinity,
          -Infinity,
          -Infinity,
          -Infinity
        ],
        [
          -Infinity,
          -Infinity,
          -Infinity,
          -Infinity
        ],
        [
          -Infinity,
          -Infinity,
          -Infinity,
          -Infinity
        ],
        [
          -Infinity,
          -Infinity,
          -Infinity,
          -Infinity
        ]
      ]
    },
    {
      "file_path": "/media/NFS/ttao/scannet/posed_images/scene0044_00/00108.jpg",
      "transform_matrix": [
        [
          -Infinity,
          -Infinity,
          -Infinity,
          -Infinity
        ],
        [
          -Infinity,
          -Infinity,
          -Infinity,
          -Infinity
        ],
        [
          -Infinity,
          -Infinity,
          -Infinity,
          -Infinity
        ],
        [
          -Infinity,
          -Infinity,
          -Infinity,
          -Infinity
        ]
      ]
    },
    {
      "file_path": "/media/NFS/ttao/scannet/posed_images/scene0044_00/00112.jpg",
      "transform_matrix": [
        [
          -Infinity,
          -Infinity,
          -Infinity,
          -Infinity
        ],
        [
          -Infinity,
          -Infinity,
          -Infinity,
          -Infinity
        ],
        [
          -Infinity,
          -Infinity,
          -Infinity,
          -Infinity
        ],
        [
          -Infinity,
          -Infinity,
          -Infinity,
          -Infinity
        ]
      ]
    },
    {
      "file_path": "/media/NFS/ttao/scannet/posed_images/scene0044_00/00115.jpg",
      "transform_matrix": [
        [
          -Infinity,
          -Infinity,
          -Infinity,
          -Infinity
        ],
        [
          -Infinity,
          -Infinity,
          -Infinity,
          -Infinity
        ],
        [
          -Infinity,
          -Infinity,
          -Infinity,
          -Infinity
        ],
        [
          -Infinity,
          -Infinity,
          -Infinity,
          -Infinity
        ]
      ]
    },
    {
      "file_path": "/media/NFS/ttao/scannet/posed_images/scene0044_00/00124.jpg",
      "transform_matrix": [
        [
          -Infinity,
          -Infinity,
          -Infinity,
          -Infinity
        ],
        [
          -Infinity,
          -Infinity,
          -Infinity,
          -Infinity
        ],
        [
          -Infinity,
          -Infinity,
          -Infinity,
          -Infinity
        ],
        [
          -Infinity,
          -Infinity,
          -Infinity,
          -Infinity
        ]
      ]
    },
    {
      "file_path": "/media/NFS/ttao/scannet/posed_images/scene0044_00/00128.jpg",
      "transform_matrix": [
        [
          -Infinity,
          -Infinity,
          -Infinity,
          -Infinity
        ],
        [
          -Infinity,
          -Infinity,
          -Infinity,
          -Infinity
        ],
        [
          -Infinity,
          -Infinity,
          -Infinity,
          -Infinity
        ],
        [
          -Infinity,
          -Infinity,
          -Infinity,
          -Infinity
        ]
      ]
    },
    {
      "file_path": "/media/NFS/ttao/scannet/posed_images/scene0044_00/00130.jpg",
      "transform_matrix": [
        [
          -Infinity,
          -Infinity,
          -Infinity,
          -Infinity
        ],
        [
          -Infinity,
          -Infinity,
          -Infinity,
          -Infinity
        ],
        [
          -Infinity,
          -Infinity,
          -Infinity,
          -Infinity
        ],
        [
          -Infinity,
          -Infinity,
          -Infinity,
          -Infinity
        ]
      ]
    },
    {
      "file_path": "/media/NFS/ttao/scannet/posed_images/scene0044_00/00139.jpg",
      "transform_matrix": [
        [
          -Infinity,
          -Infinity,
          -Infinity,
          -Infinity
        ],
        [
          -Infinity,
          -Infinity,
          -Infinity,
          -Infinity
        ],
        [
          -Infinity,
          -Infinity,
          -Infinity,
          -Infinity
        ],
        [
          -Infinity,
          -Infinity,
          -Infinity,
          -Infinity
        ]
      ]
    },
    {
      "file_path": "/media/NFS/ttao/scannet/posed_images/scene0044_00/00140.jpg",
      "transform_matrix": [
        [
          -Infinity,
          -Infinity,
          -Infinity,
          -Infinity
        ],
        [
          -Infinity,
          -Infinity,
          -Infinity,
          -Infinity
        ],
        [
          -Infinity,
          -Infinity,
          -Infinity,
          -Infinity
        ],
        [
          -Infinity,
          -Infinity,
          -Infinity,
          -Infinity
        ]
      ]
    },
    {
      "file_path": "/media/NFS/ttao/scannet/posed_images/scene0044_00/00149.jpg",
      "transform_matrix": [
        [
          -Infinity,
          -Infinity,
          -Infinity,
          -Infinity
        ],
        [
          -Infinity,
          -Infinity,
          -Infinity,
          -Infinity
        ],
        [
          -Infinity,
          -Infinity,
          -Infinity,
          -Infinity
        ],
        [
          -Infinity,
          -Infinity,
          -Infinity,
          -Infinity
        ]
      ]
    },
    {
      "file_path": "/media/NFS/ttao/scannet/posed_images/scene0044_00/00150.jpg",
      "transform_matrix": [
        [
          -Infinity,
          -Infinity,
          -Infinity,
          -Infinity
        ],
        [
          -Infinity,
          -Infinity,
          -Infinity,
          -Infinity
        ],
        [
          -Infinity,
          -Infinity,
          -Infinity,
          -Infinity
        ],
        [
          -Infinity,
          -Infinity,
          -Infinity,
          -Infinity
        ]
      ]
    },
    {
      "file_path": "/media/NFS/ttao/scannet/posed_images/scene0044_00/00155.jpg",
      "transform_matrix": [
        [
          -Infinity,
          -Infinity,
          -Infinity,
          -Infinity
        ],
        [
          -Infinity,
          -Infinity,
          -Infinity,
          -Infinity
        ],
        [
          -Infinity,
          -Infinity,
          -Infinity,
          -Infinity
        ],
        [
          -Infinity,
          -Infinity,
          -Infinity,
          -Infinity
        ]
      ]
    },
    {
      "file_path": "/media/NFS/ttao/scannet/posed_images/scene0044_00/00162.jpg",
      "transform_matrix": [
        [
          -Infinity,
          -Infinity,
          -Infinity,
          -Infinity
        ],
        [
          -Infinity,
          -Infinity,
          -Infinity,
          -Infinity
        ],
        [
          -Infinity,
          -Infinity,
          -Infinity,
          -Infinity
        ],
        [
          -Infinity,
          -Infinity,
          -Infinity,
          -Infinity
        ]
      ]
    },
    {
      "file_path": "/media/NFS/ttao/scannet/posed_images/scene0044_00/00165.jpg",
      "transform_matrix": [
        [
          -Infinity,
          -Infinity,
          -Infinity,
          -Infinity
        ],
        [
          -Infinity,
          -Infinity,
          -Infinity,
          -Infinity
        ],
        [
          -Infinity,
          -Infinity,
          -Infinity,
          -Infinity
        ],
        [
          -Infinity,
          -Infinity,
          -Infinity,
          -Infinity
        ]
      ]
    },
    {
      "file_path": "/media/NFS/ttao/scannet/posed_images/scene0044_00/00172.jpg",
      "transform_matrix": [
        [
          -Infinity,
          -Infinity,
          -Infinity,
          -Infinity
        ],
        [
          -Infinity,
          -Infinity,
          -Infinity,
          -Infinity
        ],
        [
          -Infinity,
          -Infinity,
          -Infinity,
          -Infinity
        ],
        [
          -Infinity,
          -Infinity,
          -Infinity,
          -Infinity
        ]
      ]
    },
    {
      "file_path": "/media/NFS/ttao/scannet/posed_images/scene0044_00/00174.jpg",
      "transform_matrix": [
        [
          -Infinity,
          -Infinity,
          -Infinity,
          -Infinity
        ],
        [
          -Infinity,
          -Infinity,
          -Infinity,
          -Infinity
        ],
        [
          -Infinity,
          -Infinity,
          -Infinity,
          -Infinity
        ],
        [
          -Infinity,
          -Infinity,
          -Infinity,
          -Infinity
        ]
      ]
    },
    {
      "file_path": "/media/NFS/ttao/scannet/posed_images/scene0044_00/00179.jpg",
      "transform_matrix": [
        [
          -Infinity,
          -Infinity,
          -Infinity,
          -Infinity
        ],
        [
          -Infinity,
          -Infinity,
          -Infinity,
          -Infinity
        ],
        [
          -Infinity,
          -Infinity,
          -Infinity,
          -Infinity
        ],
        [
          -Infinity,
          -Infinity,
          -Infinity,
          -Infinity
        ]
      ]
    },
    {
      "file_path": "/media/NFS/ttao/scannet/posed_images/scene0044_00/00187.jpg",
      "transform_matrix": [
        [
          0.602144,
          0.198097,
          -0.773421,
          3.90202
        ],
        [
          0.791921,
          -0.271238,
          0.547075,
          1.196977
        ],
        [
          -0.101407,
          -0.941906,
          -0.320201,
          2.482066
        ],
        [
          0.0,
          0.0,
          0.0,
          1.0
        ]
      ]
    },
    {
      "file_path": "/media/NFS/ttao/scannet/posed_images/scene0044_00/00190.jpg",
      "transform_matrix": [
        [
          0.606657,
          0.278026,
          -0.744761,
          3.885689
        ],
        [
          0.791881,
          -0.293768,
          0.535373,
          1.180662
        ],
        [
          -0.06994,
          -0.91455,
          -0.39838,
          2.500311
        ],
        [
          0.0,
          0.0,
          0.0,
          1.0
        ]
      ]
    },
    {
      "file_path": "/media/NFS/ttao/scannet/posed_images/scene0044_00/00194.jpg",
      "transform_matrix": [
        [
          0.61101,
          0.34304,
          -0.713436,
          3.873357
        ],
        [
          0.788732,
          -0.340751,
          0.511654,
          1.159264
        ],
        [
          -0.067586,
          -0.875336,
          -0.478769,
          2.469321
        ],
        [
          0.0,
          0.0,
          0.0,
          1.0
        ]
      ]
    },
    {
      "file_path": "/media/NFS/ttao/scannet/posed_images/scene0044_00/00200.jpg",
      "transform_matrix": [
        [
          0.623859,
          0.401384,
          -0.67059,
          3.850704
        ],
        [
          0.779011,
          -0.388293,
          0.492311,
          1.130328
        ],
        [
          -0.06278,
          -0.82953,
          -0.554923,
          2.407696
        ],
        [
          0.0,
          0.0,
          0.0,
          1.0
        ]
      ]
    },
    {
      "file_path": "/media/NFS/ttao/scannet/posed_images/scene0044_00/00203.jpg",
      "transform_matrix": [
        [
          0.633728,
          0.416159,
          -0.652074,
          3.844467
        ],
        [
          0.770713,
          -0.411881,
          0.486164,
          1.122168
        ],
        [
          -0.066256,
          -0.810658,
          -0.581759,
          2.39336
        ],
        [
          0.0,
          0.0,
          0.0,
          1.0
        ]
      ]
    },
    {
      "file_path": "/media/NFS/ttao/scannet/posed_images/scene0044_00/00209.jpg",
      "transform_matrix": [
        [
          0.672154,
          0.430307,
          -0.602531,
          3.824822
        ],
        [
          0.738293,
          -0.451029,
          0.501494,
          1.112491
        ],
        [
          -0.055963,
          -0.781926,
          -0.620854,
          2.384661
        ],
        [
          0.0,
          0.0,
          0.0,
          1.0
        ]
      ]
    },
    {
      "file_path": "/media/NFS/ttao/scannet/posed_images/scene0044_00/00214.jpg",
      "transform_matrix": [
        [
          0.686136,
          0.383385,
          -0.61825,
          3.823603
        ],
        [
          0.72541,
          -0.424539,
          0.5418,
          1.116576
        ],
        [
          -0.054753,
          -0.820233,
          -0.569403,
          2.411796
        ],
        [
          0.0,
          0.0,
          0.0,
          1.0
        ]
      ]
    },
    {
      "file_path": "/media/NFS/ttao/scannet/posed_images/scene0044_00/00217.jpg",
      "transform_matrix": [
        [
          0.690272,
          0.353396,
          -0.631376,
          3.81607
        ],
        [
          0.722197,
          -0.389849,
          0.571357,
          1.122641
        ],
        [
          -0.044226,
          -0.85037,
          -0.524324,
          2.438185
        ],
        [
          0.0,
          0.0,
          0.0,
          1.0
        ]
      ]
    },
    {
      "file_path": "/media/NFS/ttao/scannet/posed_images/scene0044_00/00223.jpg",
      "transform_matrix": [
        [
          0.713638,
          0.292355,
          -0.636592,
          3.812116
        ],
        [
          0.69994,
          -0.334385,
          0.631087,
          1.134474
        ],
        [
          -0.028365,
          -0.895944,
          -0.443261,
          2.477285
        ],
        [
          0.0,
          0.0,
          0.0,
          1.0
        ]
      ]
    },
    {
      "file_path": "/media/NFS/ttao/scannet/posed_images/scene0044_00/00231.jpg",
      "transform_matrix": [
        [
          0.750715,
          0.217944,
          -0.62364,
          3.79558
        ],
        [
          0.660129,
          -0.2841,
          0.695354,
          1.158631
        ],
        [
          -0.025628,
          -0.933696,
          -0.357149,
          2.506369
        ],
        [
          0.0,
          0.0,
          0.0,
          1.0
        ]
      ]
    },
    {
      "file_path": "/media/NFS/ttao/scannet/posed_images/scene0044_00/00236.jpg",
      "transform_matrix": [
        [
          0.762289,
          0.18688,
          -0.61967,
          3.790511
        ],
        [
          0.646879,
          -0.251804,
          0.719821,
          1.173307
        ],
        [
          -0.021515,
          -0.949563,
          -0.312836,
          2.521335
        ],
        [
          0.0,
          0.0,
          0.0,
          1.0
        ]
      ]
    },
    {
      "file_path": "/media/NFS/ttao/scannet/posed_images/scene0044_00/00239.jpg",
      "transform_matrix": [
        [
          0.761768,
          0.182762,
          -0.621536,
          3.786539
        ],
        [
          0.647092,
          -0.261039,
          0.716332,
          1.178726
        ],
        [
          -0.031327,
          -0.94787,
          -0.317115,
          2.516203
        ],
        [
          0.0,
          0.0,
          0.0,
          1.0
        ]
      ]
    },
    {
      "file_path": "/media/NFS/ttao/scannet/posed_images/scene0044_00/00242.jpg",
      "transform_matrix": [
        [
          0.761975,
          0.1952,
          -0.617487,
          3.78831
        ],
        [
          0.646598,
          -0.282502,
          0.708593,
          1.189068
        ],
        [
          -0.036124,
          -0.939196,
          -0.341475,
          2.521733
        ],
        [
          0.0,
          0.0,
          0.0,
          1.0
        ]
      ]
    },
    {
      "file_path": "/media/NFS/ttao/scannet/posed_images/scene0044_00/00249.jpg",
      "transform_matrix": [
        [
          0.792948,
          0.222175,
          -0.567338,
          3.742424
        ],
        [
          0.607605,
          -0.357534,
          0.709215,
          1.183013
        ],
        [
          -0.045273,
          -0.907087,
          -0.418501,
          2.482564
        ],
        [
          0.0,
          0.0,
          0.0,
          1.0
        ]
      ]
    },
    {
      "file_path": "/media/NFS/ttao/scannet/posed_images/scene0044_00/00255.jpg",
      "transform_matrix": [
        [
          0.832842,
          0.236027,
          -0.500666,
          3.692361
        ],
        [
          0.551575,
          -0.429498,
          0.71505,
          1.166759
        ],
        [
          -0.046264,
          -0.871678,
          -0.48789,
          2.441197
        ],
        [
          0.0,
          0.0,
          0.0,
          1.0
        ]
      ]
    },
    {
      "file_path": "/media/NFS/ttao/scannet/posed_images/scene0044_00/00257.jpg",
      "transform_matrix": [
        [
          0.846116,
          0.238517,
          -0.476652,
          3.676785
        ],
        [
          0.531413,
          -0.446428,
          0.719932,
          1.159184
        ],
        [
          -0.041075,
          -0.862445,
          -0.504481,
          2.429056
        ],
        [
          0.0,
          0.0,
          0.0,
          1.0
        ]
      ]
    },
    {
      "file_path": "/media/NFS/ttao/scannet/posed_images/scene0044_00/00266.jpg",
      "transform_matrix": [
        [
          0.883086,
          0.267546,
          -0.385457,
          3.615401
        ],
        [
          0.468442,
          -0.549709,
          0.691651,
          1.140268
        ],
        [
          -0.026841,
          -0.791352,
          -0.610771,
          2.371411
        ],
        [
          0.0,
          0.0,
          0.0,
          1.0
        ]
      ]
    },
    {
      "file_path": "/media/NFS/ttao/scannet/posed_images/scene0044_00/00268.jpg",
      "transform_matrix": [
        [
          0.888353,
          0.261135,
          -0.377674,
          3.612581
        ],
        [
          0.458307,
          -0.554465,
          0.69464,
          1.13955
        ],
        [
          -0.028012,
          -0.790175,
          -0.61224,
          2.371036
        ],
        [
          0.0,
          0.0,
          0.0,
          1.0
        ]
      ]
    },
    {
      "file_path": "/media/NFS/ttao/scannet/posed_images/scene0044_00/00273.jpg",
      "transform_matrix": [
        [
          0.899294,
          0.239556,
          -0.3659,
          3.612201
        ],
        [
          0.43704,
          -0.523462,
          0.731426,
          1.130014
        ],
        [
          -0.016317,
          -0.81768,
          -0.575442,
          2.387301
        ],
        [
          0.0,
          0.0,
          0.0,
          1.0
        ]
      ]
    },
    {
      "file_path": "/media/NFS/ttao/scannet/posed_images/scene0044_00/00276.jpg",
      "transform_matrix": [
        [
          0.913026,
          0.201616,
          -0.354591,
          3.621234
        ],
        [
          0.4076,
          -0.484352,
          0.774123,
          1.133496
        ],
        [
          -0.015671,
          -0.851325,
          -0.524404,
          2.418017
        ],
        [
          0.0,
          0.0,
          0.0,
          1.0
        ]
      ]
    },
    {
      "file_path": "/media/NFS/ttao/scannet/posed_images/scene0044_00/00285.jpg",
      "transform_matrix": [
        [
          0.954914,
          0.124528,
          -0.269503,
          3.559976
        ],
        [
          0.296393,
          -0.347806,
          0.889484,
          1.153737
        ],
        [
          0.017031,
          -0.92926,
          -0.369034,
          2.412994
        ],
        [
          0.0,
          0.0,
          0.0,
          1.0
        ]
      ]
    },
    {
      "file_path": "/media/NFS/ttao/scannet/posed_images/scene0044_00/00289.jpg",
      "transform_matrix": [
        [
          0.964554,
          0.087878,
          -0.248822,
          3.531203
        ],
        [
          0.263795,
          -0.296561,
          0.917858,
          1.159993
        ],
        [
          0.006868,
          -0.950962,
          -0.309231,
          2.364052
        ],
        [
          0.0,
          0.0,
          0.0,
          1.0
        ]
      ]
    },
    {
      "file_path": "/media/NFS/ttao/scannet/posed_images/scene0044_00/00295.jpg",
      "transform_matrix": [
        [
          0.977928,
          0.022304,
          -0.207749,
          3.70765
        ],
        [
          0.207149,
          -0.233521,
          0.95003,
          1.163893
        ],
        [
          -0.027324,
          -0.972096,
          -0.232987,
          2.572691
        ],
        [
          0.0,
          0.0,
          0.0,
          1.0
        ]
      ]
    },
    {
      "file_path": "/media/NFS/ttao/scannet/posed_images/scene0044_00/00299.jpg",
      "transform_matrix": [
        [
          0.983427,
          0.040237,
          -0.176783,
          3.696452
        ],
        [
          0.181268,
          -0.237611,
          0.954297,
          1.176775
        ],
        [
          -0.003607,
          -0.970527,
          -0.240967,
          2.579453
        ],
        [
          0.0,
          0.0,
          0.0,
          1.0
        ]
      ]
    },
    {
      "file_path": "/media/NFS/ttao/scannet/posed_images/scene0044_00/00301.jpg",
      "transform_matrix": [
        [
          0.984421,
          0.030301,
          -0.173196,
          3.71576
        ],
        [
          0.175002,
          -0.264178,
          0.948464,
          1.174769
        ],
        [
          -0.017015,
          -0.963998,
          -0.265365,
          2.574095
        ],
        [
          0.0,
          0.0,
          0.0,
          1.0
        ]
      ]
    },
    {
      "file_path": "/media/NFS/ttao/scannet/posed_images/scene0044_00/00305.jpg",
      "transform_matrix": [
        [
          0.984781,
          0.039551,
          -0.169239,
          3.720947
        ],
        [
          0.172995,
          -0.316587,
          0.932655,
          1.18684
        ],
        [
          -0.016691,
          -0.947738,
          -0.318611,
          2.53298
        ],
        [
          0.0,
          0.0,
          0.0,
          1.0
        ]
      ]
    },
    {
      "file_path": "/media/NFS/ttao/scannet/posed_images/scene0044_00/00311.jpg",
      "transform_matrix": [
        [
          0.994445,
          0.046315,
          -0.09452,
          3.696618
        ],
        [
          0.10521,
          -0.410439,
          0.905799,
          1.215927
        ],
        [
          0.003157,
          -0.910711,
          -0.413031,
          2.473775
        ],
        [
          0.0,
          0.0,
          0.0,
          1.0
        ]
      ]
    },
    {
      "file_path": "/media/NFS/ttao/scannet/posed_images/scene0044_00/00318.jpg",
      "transform_matrix": [
        [
          0.999824,
          -0.016555,
          -0.008823,
          3.66653
        ],
        [
          -0.001471,
          -0.538042,
          0.842917,
          1.243932
        ],
        [
          -0.018701,
          -0.842755,
          -0.537972,
          2.418586
        ],
        [
          0.0,
          0.0,
          0.0,
          1.0
        ]
      ]
    },
    {
      "file_path": "/media/NFS/ttao/scannet/posed_images/scene0044_00/00324.jpg",
      "transform_matrix": [
        [
          0.999977,
          -0.005725,
          -0.003555,
          3.641585
        ],
        [
          -0.000654,
          -0.607505,
          0.794315,
          1.240273
        ],
        [
          -0.006707,
          -0.794295,
          -0.607495,
          2.363118
        ],
        [
          0.0,
          0.0,
          0.0,
          1.0
        ]
      ]
    },
    {
      "file_path": "/media/NFS/ttao/scannet/posed_images/scene0044_00/00327.jpg",
      "transform_matrix": [
        [
          0.999969,
          -0.007796,
          -0.001149,
          3.640536
        ],
        [
          -0.003946,
          -0.621577,
          0.783343,
          1.234863
        ],
        [
          -0.006821,
          -0.783314,
          -0.621588,
          2.346689
        ],
        [
          0.0,
          0.0,
          0.0,
          1.0
        ]
      ]
    },
    {
      "file_path": "/media/NFS/ttao/scannet/posed_images/scene0044_00/00331.jpg",
      "transform_matrix": [
        [
          0.999933,
          -0.010373,
          -0.00518,
          3.645091
        ],
        [
          -0.00265,
          -0.639413,
          0.768859,
          1.227573
        ],
        [
          -0.011288,
          -0.768794,
          -0.639397,
          2.335797
        ],
        [
          0.0,
          0.0,
          0.0,
          1.0
        ]
      ]
    },
    {
      "file_path": "/media/NFS/ttao/scannet/posed_images/scene0044_00/00334.jpg",
      "transform_matrix": [
        [
          0.999931,
          -0.01179,
          -0.000363,
          3.65044
        ],
        [
          -0.007166,
          -0.631629,
          0.775238,
          1.226488
        ],
        [
          -0.009369,
          -0.775182,
          -0.631669,
          2.340488
        ],
        [
          0.0,
          0.0,
          0.0,
          1.0
        ]
      ]
    },
    {
      "file_path": "/media/NFS/ttao/scannet/posed_images/scene0044_00/00343.jpg",
      "transform_matrix": [
        [
          0.992755,
          -0.060326,
          0.103917,
          3.650446
        ],
        [
          -0.120133,
          -0.516128,
          0.848045,
          1.248563
        ],
        [
          0.002476,
          -0.854384,
          -0.519636,
          2.428092
        ],
        [
          0.0,
          0.0,
          0.0,
          1.0
        ]
      ]
    },
    {
      "file_path": "/media/NFS/ttao/scannet/posed_images/scene0044_00/00344.jpg",
      "transform_matrix": [
        [
          0.990026,
          -0.067113,
          0.123876,
          3.649107
        ],
        [
          -0.140814,
          -0.499942,
          0.854535,
          1.253733
        ],
        [
          0.00458,
          -0.863455,
          -0.504406,
          2.438805
        ],
        [
          0.0,
          0.0,
          0.0,
          1.0
        ]
      ]
    },
    {
      "file_path": "/media/NFS/ttao/scannet/posed_images/scene0044_00/00353.jpg",
      "transform_matrix": [
        [
          0.952446,
          -0.149409,
          0.265562,
          3.613756
        ],
        [
          -0.30191,
          -0.344908,
          0.888757,
          1.288816
        ],
        [
          -0.041194,
          -0.926669,
          -0.373614,
          2.526673
        ],
        [
          0.0,
          0.0,
          0.0,
          1.0
        ]
      ]
    },
    {
      "file_path": "/media/NFS/ttao/scannet/posed_images/scene0044_00/00356.jpg",
      "transform_matrix": [
        [
          0.938257,
          -0.104868,
          0.329662,
          3.569348
        ],
        [
          -0.345917,
          -0.295257,
          0.890598,
          1.299288
        ],
        [
          0.00394,
          -0.949645,
          -0.313302,
          2.520104
        ],
        [
          0.0,
          0.0,
          0.0,
          1.0
        ]
      ]
    },
    {
      "file_path": "/media/NFS/ttao/scannet/posed_images/scene0044_00/00362.jpg",
      "transform_matrix": [
        [
          0.910588,
          -0.116665,
          0.396508,
          3.543326
        ],
        [
          -0.413019,
          -0.220521,
          0.883621,
          1.296096
        ],
        [
          -0.015649,
          -0.96838,
          -0.248989,
          2.584215
        ],
        [
          0.0,
          0.0,
          0.0,
          1.0
        ]
      ]
    },
    {
      "file_path": "/media/NFS/ttao/scannet/posed_images/scene0044_00/00365.jpg",
      "transform_matrix": [
        [
          0.900166,
          -0.099022,
          0.424141,
          3.526913
        ],
        [
          -0.435365,
          -0.176401,
          0.882802,
          1.292692
        ],
        [
          -0.012598,
          -0.979325,
          -0.201901,
          2.615478
        ],
        [
          0.0,
          0.0,
          0.0,
          1.0
        ]
      ]
    },
    {
      "file_path": "/media/NFS/ttao/scannet/posed_images/scene0044_00/00372.jpg",
      "transform_matrix": [
        [
          0.884947,
          -0.059296,
          0.4619,
          3.517325
        ],
        [
          -0.465076,
          -0.061567,
          0.883127,
          1.259273
        ],
        [
          -0.023928,
          -0.99634,
