{
  "frames": [
    {
      "file_path": "/media/NFS/ttao/scannet/posed_images/scene0262_00/00003.jpg",
      "transform_matrix": [
        [
          0.793799,
          -0.301507,
          0.528182,
          6.111272
        ],
        [
          -0.588766,
          -0.598645,
          0.54312,
          2.529416
        ],
        [
          0.152439,
          -0.742104,
          -0.652721,
          1.747296
        ],
        [
          0.0,
          0.0,
          0.0,
          1.0
        ]
      ]
    },
    {
      "file_path": "/media/NFS/ttao/scannet/posed_images/scene0262_00/00009.jpg",
      "transform_matrix": [
        [
          0.798253,
          -0.293295,
          0.526091,
          6.112938
        ],
        [
          -0.582182,
          -0.599682,
          0.549041,
          2.53043
        ],
        [
          0.154456,
          -0.744554,
          -0.649449,
          1.750878
        ],
        [
          0.0,
          0.0,
          0.0,
          1.0
        ]
      ]
    },
    {
      "file_path": "/media/NFS/ttao/scannet/posed_images/scene0262_00/00023.jpg",
      "transform_matrix": [
        [
          0.817971,
          -0.221763,
          0.530797,
          6.114891
        ],
        [
          -0.553419,
          -0.555197,
          0.620874,
          2.550093
        ],
        [
          0.15701,
          -0.801609,
          -0.576863,
          1.782012
        ],
        [
          0.0,
          0.0,
          0.0,
          1.0
        ]
      ]
    },
    {
      "file_path": "/media/NFS/ttao/scannet/posed_images/scene0262_00/00032.jpg",
      "transform_matrix": [
        [
          0.828902,
          -0.14996,
          0.538919,
          6.112857
        ],
        [
          -0.524465,
          -0.543428,
          0.655457,
          2.575022
        ],
        [
          0.194571,
          -0.825953,
          -0.529097,
          1.813329
        ],
        [
          0.0,
          0.0,
          0.0,
          1.0
        ]
      ]
    },
    {
      "file_path": "/media/NFS/ttao/scannet/posed_images/scene0262_00/00044.jpg",
      "transform_matrix": [
        [
          0.82506,
          -0.092731,
          0.557383,
          6.10876
        ],
        [
          -0.525314,
          -0.489239,
          0.696197,
          2.59496
        ],
        [
          0.208135,
          -0.867206,
          -0.452365,
          1.853692
        ],
        [
          0.0,
          0.0,
          0.0,
          1.0
        ]
      ]
    },
    {
      "file_path": "/media/NFS/ttao/scannet/posed_images/scene0262_00/00053.jpg",
      "transform_matrix": [
        [
          0.812503,
          -0.068425,
          0.578927,
          6.103883
        ],
        [
          -0.541132,
          -0.457904,
          0.705337,
          2.600199
        ],
        [
          0.21683,
          -0.886364,
          -0.409076,
          1.871867
        ],
        [
          0.0,
          0.0,
          0.0,
          1.0
        ]
      ]
    },
    {
      "file_path": "/media/NFS/ttao/scannet/posed_images/scene0262_00/00056.jpg",
      "transform_matrix": [
        [
          0.809511,
          -0.062854,
          0.583731,
          6.102153
        ],
        [
          -0.546416,
          -0.444351,
          0.709917,
          2.601004
        ],
        [
          0.214761,
          -0.893645,
          -0.394051,
          1.877127
        ],
        [
          0.0,
          0.0,
          0.0,
          1.0
        ]
      ]
    },
    {
      "file_path": "/media/NFS/ttao/scannet/posed_images/scene0262_00/00073.jpg",
      "transform_matrix": [
        [
          0.788518,
          -0.064956,
          0.611571,
          6.101457
        ],
        [
          -0.589749,
          -0.361937,
          0.72194,
          2.611533
        ],
        [
          0.174456,
          -0.929937,
          -0.323702,
          1.916469
        ],
        [
          0.0,
          0.0,
          0.0,
          1.0
        ]
      ]
    },
    {
      "file_path": "/media/NFS/ttao/scannet/posed_images/scene0262_00/00076.jpg",
      "transform_matrix": [
        [
          0.78246,
          -0.069946,
          0.61876,
          6.101992
        ],
        [
          -0.601696,
          -0.340835,
          0.722353,
          2.613733
        ],
        [
          0.16037,
          -0.937517,
          -0.308776,
          1.921741
        ],
        [
          0.0,
          0.0,
          0.0,
          1.0
        ]
      ]
    },
    {
      "file_path": "/media/NFS/ttao/scannet/posed_images/scene0262_00/00088.jpg",
      "transform_matrix": [
        [
          0.753575,
          -0.053129,
          0.655212,
          6.093569
        ],
        [
          -0.643946,
          -0.260007,
          0.719535,
          2.618521
        ],
        [
          0.132131,
          -0.964144,
          -0.230147,
          1.954738
        ],
        [
          0.0,
          0.0,
          0.0,
          1.0
        ]
      ]
    },
    {
      "file_path": "/media/NFS/ttao/scannet/posed_images/scene0262_00/00099.jpg",
      "transform_matrix": [
        [
          0.730953,
          -0.003392,
          0.682419,
          6.093285
        ],
        [
          -0.666334,
          -0.219438,
          0.712633,
          2.617814
        ],
        [
          0.147331,
          -0.975621,
          -0.162659,
          1.991629
        ],
        [
          0.0,
          0.0,
          0.0,
          1.0
        ]
      ]
    },
    {
      "file_path": "/media/NFS/ttao/scannet/posed_images/scene0262_00/00105.jpg",
      "transform_matrix": [
        [
          0.713098,
          0.016546,
          0.700869,
          6.091826
        ],
        [
          -0.686619,
          -0.185416,
          0.702976,
          2.611863
        ],
        [
          0.141583,
          -0.982521,
          -0.120859,
          2.008719
        ],
        [
          0.0,
          0.0,
          0.0,
          1.0
        ]
      ]
    },
    {
      "file_path": "/media/NFS/ttao/scannet/posed_images/scene0262_00/00117.jpg",
      "transform_matrix": [
        [
          0.672514,
          0.07462,
          0.736313,
          6.078118
        ],
        [
          -0.727397,
          -0.116791,
          0.676206,
          2.603604
        ],
        [
          0.136453,
          -0.990349,
          -0.024265,
          2.052727
        ],
        [
          0.0,
          0.0,
          0.0,
          1.0
        ]
      ]
    },
    {
      "file_path": "/media/NFS/ttao/scannet/posed_images/scene0262_00/00126.jpg",
      "transform_matrix": [
        [
          0.656722,
          0.11457,
          0.745379,
          6.064781
        ],
        [
          -0.741079,
          -0.085056,
          0.666008,
          2.597716
        ],
        [
          0.139703,
          -0.989767,
          0.029047,
          2.079369
        ],
        [
          0.0,
          0.0,
          0.0,
          1.0
        ]
      ]
    },
    {
      "file_path": "/media/NFS/ttao/scannet/posed_images/scene0262_00/00135.jpg",
      "transform_matrix": [
        [
          0.653612,
          0.150446,
          0.741726,
          6.04935
        ],
        [
          -0.742745,
          -0.060686,
          0.666819,
          2.591463
        ],
        [
          0.145333,
          -0.986754,
          0.072078,
          2.079819
        ],
        [
          0.0,
          0.0,
          0.0,
          1.0
        ]
      ]
    },
    {
      "file_path": "/media/NFS/ttao/scannet/posed_images/scene0262_00/00143.jpg",
      "transform_matrix": [
        [
          -Infinity,
          -Infinity,
          -Infinity,
          -Infinity
        ],
        [
          -Infinity,
          -Infinity,
          -Infinity,
          -Infinity
        ],
        [
          -Infinity,
          -Infinity,
          -Infinity,
          -Infinity
        ],
        [
          -Infinity,
          -Infinity,
          -Infinity,
          -Infinity
        ]
      ]
    },
    {
      "file_path": "/media/NFS/ttao/scannet/posed_images/scene0262_00/00158.jpg",
      "transform_matrix": [
        [
          -Infinity,
          -Infinity,
          -Infinity,
          -Infinity
        ],
        [
          -Infinity,
          -Infinity,
          -Infinity,
          -Infinity
        ],
        [
          -Infinity,
          -Infinity,
          -Infinity,
          -Infinity
        ],
        [
          -Infinity,
          -Infinity,
          -Infinity,
          -Infinity
        ]
      ]
    },
    {
      "file_path": "/media/NFS/ttao/scannet/posed_images/scene0262_00/00170.jpg",
      "transform_matrix": [
        [
          0.610629,
          0.10496,
          0.78493,
          6.067216
        ],
        [
          -0.77445,
          -0.127876,
          0.619576,
          2.594171
        ],
        [
          0.165404,
          -0.986221,
          0.003201,
          2.038862
        ],
        [
          0.0,
          0.0,
          0.0,
          1.0
        ]
      ]
    },
    {
      "file_path": "/media/NFS/ttao/scannet/posed_images/scene0262_00/00175.jpg",
      "transform_matrix": [
        [
          0.63261,
          0.075604,
          0.770771,
          6.069054
        ],
        [
          -0.7566,
          -0.152227,
          0.635912,
          2.607654
        ],
        [
          0.16541,
          -0.98545,
          -0.039098,
          2.020268
        ],
        [
          0.0,
          0.0,
          0.0,
          1.0
        ]
      ]
    },
    {
      "file_path": "/media/NFS/ttao/scannet/posed_images/scene0262_00/00184.jpg",
      "transform_matrix": [
        [
          0.659167,
          0.04039,
          0.750911,
          6.066507
        ],
        [
          -0.73312,
          -0.187812,
          0.653652,
          2.619342
        ],
        [
          0.167431,
          -0.981374,
          -0.094189,
          1.982803
        ],
        [
          0.0,
          0.0,
          0.0,
          1.0
        ]
      ]
    },
    {
      "file_path": "/media/NFS/ttao/scannet/posed_images/scene0262_00/00199.jpg",
      "transform_matrix": [
        [
          0.684609,
          -0.029824,
          0.7283,
          6.067431
        ],
        [
          -0.708067,
          -0.264439,
          0.654761,
          2.627362
        ],
        [
          0.173064,
          -0.963941,
          -0.202154,
          1.916863
        ],
        [
          0.0,
          0.0,
          0.0,
          1.0
        ]
      ]
    },
    {
      "file_path": "/media/NFS/ttao/scannet/posed_images/scene0262_00/00211.jpg",
      "transform_matrix": [
        [
          0.704866,
          -0.074915,
          0.705373,
          6.066275
        ],
        [
          -0.686014,
          -0.324908,
          0.651014,
          2.630689
        ],
        [
          0.180411,
          -0.942774,
          -0.28041,
          1.880011
        ],
        [
          0.0,
          0.0,
          0.0,
          1.0
        ]
      ]
    },
    {
      "file_path": "/media/NFS/ttao/scannet/posed_images/scene0262_00/00213.jpg",
      "transform_matrix": [
        [
          0.706149,
          -0.07685,
          0.70388,
          6.067167
        ],
        [
          -0.683578,
          -0.333155,
          0.649407,
          2.630273
        ],
        [
          0.184594,
          -0.939735,
          -0.28779,
          1.875333
        ],
        [
          0.0,
          0.0,
          0.0,
          1.0
        ]
      ]
    },
    {
      "file_path": "/media/NFS/ttao/scannet/posed_images/scene0262_00/00228.jpg",
      "transform_matrix": [
        [
          0.702013,
          -0.096757,
          0.705561,
          6.078765
        ],
        [
          -0.680721,
          -0.382302,
          0.624871,
          2.62478
        ],
        [
          0.209277,
          -0.918958,
          -0.334246,
          1.840297
        ],
        [
          0.0,
          0.0,
          0.0,
          1.0
        ]
      ]
    },
    {
      "file_path": "/media/NFS/ttao/scannet/posed_images/scene0262_00/00231.jpg",
      "transform_matrix": [
        [
          0.701248,
          -0.105086,
          0.70513,
          6.081416
        ],
        [
          -0.681499,
          -0.389199,
          0.619744,
          2.626203
        ],
        [
          0.209309,
          -0.91514,
          -0.344541,
          1.837822
        ],
        [
          0.0,
          0.0,
          0.0,
          1.0
        ]
      ]
    },
    {
      "file_path": "/media/NFS/ttao/scannet/posed_images/scene0262_00/00243.jpg",
      "transform_matrix": [
        [
          0.70811,
          -0.131202,
          0.693805,
          6.08731
        ],
        [
          -0.673555,
          -0.420388,
          0.607945,
          2.622307
        ],
        [
          0.211904,
          -0.897808,
          -0.386053,
          1.814429
        ],
        [
          0.0,
          0.0,
          0.0,
          1.0
        ]
      ]
    },
    {
      "file_path": "/media/NFS/ttao/scannet/posed_images/scene0262_00/00254.jpg",
      "transform_matrix": [
        [
          0.716467,
          -0.152295,
          0.680795,
          6.091506
        ],
        [
          -0.660899,
          -0.460623,
          0.592486,
          2.621239
        ],
        [
          0.223358,
          -0.874433,
          -0.430672,
          1.790619
        ],
        [
          0.0,
          0.0,
          0.0,
          1.0
        ]
      ]
    },
    {
      "file_path": "/media/NFS/ttao/scannet/posed_images/scene0262_00/00260.jpg",
      "transform_matrix": [
        [
          0.712663,
          -0.168882,
          0.680875,
          6.097908
        ],
        [
          -0.664787,
          -0.472491,
          0.578628,
          2.618356
        ],
        [
          0.223988,
          -0.865003,
          -0.448997,
          1.783614
        ],
        [
          0.0,
          0.0,
          0.0,
          1.0
        ]
      ]
    },
    {
      "file_path": "/media/NFS/ttao/scannet/posed_images/scene0262_00/00272.jpg",
      "transform_matrix": [
        [
          0.693343,
          -0.198835,
          0.692632,
          6.113976
        ],
        [
          -0.685931,
          -0.476682,
          0.549794,
          2.608779
        ],
        [
          0.220847,
          -0.856294,
          -0.466891,
          1.769631
        ],
        [
          0.0,
          0.0,
          0.0,
          1.0
        ]
      ]
    },
    {
      "file_path": "/media/NFS/ttao/scannet/posed_images/scene0262_00/00281.jpg",
      "transform_matrix": [
        [
          0.67104,
          -0.228194,
          0.705431,
          6.125702
        ],
        [
          -0.711909,
          -0.464083,
          0.52708,
          2.606117
        ],
        [
          0.207102,
          -0.855894,
          -0.473872,
          1.770197
        ],
        [
          0.0,
          0.0,
          0.0,
          1.0
        ]
      ]
    },
    {
      "file_path": "/media/NFS/ttao/scannet/posed_images/scene0262_00/00295.jpg",
      "transform_matrix": [
        [
          0.609619,
          -0.347515,
          0.712459,
          6.144239
        ],
        [
          -0.783155,
          -0.403058,
          0.473511,
          2.5999
        ],
        [
          0.12261,
          -0.846627,
          -0.51787,
          1.757463
        ],
        [
          0.0,
          0.0,
          0.0,
          1.0
        ]
      ]
    },
    {
      "file_path": "/media/NFS/ttao/scannet/posed_images/scene0262_00/00307.jpg",
      "transform_matrix": [
        [
          0.510192,
          -0.422619,
          0.749064,
          6.165355
        ],
        [
          -0.857199,
          -0.320851,
          0.402821,
          2.573539
        ],
        [
          0.070098,
          -0.847613,
          -0.525965,
          1.745124
        ],
        [
          0.0,
          0.0,
          0.0,
          1.0
        ]
      ]
    },
    {
      "file_path": "/media/NFS/ttao/scannet/posed_images/scene0262_00/00316.jpg",
      "transform_matrix": [
        [
          0.461029,
          -0.457249,
          0.76051,
          6.163319
        ],
        [
          -0.884796,
          -0.302287,
          0.354625,
          2.552766
        ],
        [
          0.06774,
          -0.836389,
          -0.543935,
          1.730274
        ],
        [
          0.0,
          0.0,
          0.0,
          1.0
        ]
      ]
    },
    {
      "file_path": "/media/NFS/ttao/scannet/posed_images/scene0262_00/00327.jpg",
      "transform_matrix": [
        [
          0.385375,
          -0.508601,
          0.769942,
          6.169495
        ],
        [
          -0.921302,
          -0.258954,
          0.290078,
          2.506278
        ],
        [
          0.051846,
          -0.821138,
          -0.56837,
          1.708963
        ],
        [
          0.0,
          0.0,
          0.0,
          1.0
        ]
      ]
    },
    {
      "file_path": "/media/NFS/ttao/scannet/posed_images/scene0262_00/00336.jpg",
      "transform_matrix": [
        [
          0.358474,
          -0.539196,
          0.762079,
          6.170557
        ],
        [
          -0.933357,
          -0.223157,
          0.281151,
          2.462142
        ],
        [
          0.018468,
          -0.812077,
          -0.583258,
          1.697137
        ],
        [
          0.0,
          0.0,
          0.0,
          1.0
        ]
      ]
    },
    {
      "file_path": "/media/NFS/ttao/scannet/posed_images/scene0262_00/00345.jpg",
      "transform_matrix": [
        [
          0.365916,
          -0.555152,
          0.746934,
          6.157839
        ],
        [
          -0.930406,
          -0.236537,
          0.279993,
          2.402909
        ],
        [
          0.021239,
          -0.797406,
          -0.603069,
          1.668082
        ],
        [
          0.0,
          0.0,
          0.0,
          1.0
        ]
      ]
    },
    {
      "file_path": "/media/NFS/ttao/scannet/posed_images/scene0262_00/00357.jpg",
      "transform_matrix": [
        [
          0.362133,
          -0.54925,
          0.753116,
          6.117114
        ],
        [
          -0.931965,
          -0.228384,
          0.281571,
          2.338284
        ],
        [
          0.017347,
          -0.803844,
          -0.594588,
          1.665941
        ],
        [
          0.0,
          0.0,
          0.0,
          1.0
        ]
      ]
    },
    {
      "file_path": "/media/NFS/ttao/scannet/posed_images/scene0262_00/00360.jpg",
      "transform_matrix": [
        [
          0.357922,
          -0.550831,
          0.753974,
          6.104393
        ],
        [
          -0.933693,
          -0.220201,
          0.282365,
          2.321583
        ],
        [
          0.01049,
          -0.805044,
          -0.593122,
          1.665033
        ],
        [
          0.0,
          0.0,
          0.0,
          1.0
        ]
      ]
    },
    {
      "file_path": "/media/NFS/ttao/scannet/posed_images/scene0262_00/00368.jpg",
      "transform_matrix": [
        [
          0.345242,
          -0.554002,
          0.757555,
          6.070642
        ],
        [
          -0.938262,
          -0.222421,
          0.264939,
          2.283634
        ],
        [
          0.021719,
          -0.802254,
          -0.596588,
          1.648213
        ],
        [
          0.0,
          0.0,
          0.0,
          1.0
        ]
      ]
    },
    {
      "file_path": "/media/NFS/ttao/scannet/posed_images/scene0262_00/00386.jpg",
      "transform_matrix": [
        [
          0.307027,
          -0.551007,
          0.775967,
          6.01067
        ],
        [
          -0.950803,
          -0.213008,
          0.224949,
          2.233978
        ],
        [
          0.041339,
          -0.806857,
          -0.589298,
          1.626409
        ],
        [
          0.0,
          0.0,
          0.0,
          1.0
        ]
      ]
    },
    {
      "file_path": "/media/NFS/ttao/scannet/posed_images/scene0262_00/00395.jpg",
      "transform_matrix": [
        [
          0.277177,
          -0.531987,
          0.800101,
          5.961223
        ],
        [
          -0.958982,
          -0.204645,
          0.196149,
          2.225418
        ],
        [
          0.059388,
          -0.821651,
          -0.566889,
          1.616509
        ],
        [
          0.0,
          0.0,
          0.0,
          1.0
        ]
      ]
    },
    {
      "file_path": "/media/NFS/ttao/scannet/posed_images/scene0262_00/00404.jpg",
      "transform_matrix": [
        [
          0.236838,
          -0.50538,
          0.829758,
          5.892721
        ],
        [
          -0.970288,
          -0.16655,
          0.175509,
          2.210711
        ],
        [
          0.049498,
          -0.846672,
          -0.529809,
          1.590588
        ],
        [
          0.0,
          0.0,
          0.0,
          1.0
        ]
      ]
    },
    {
      "file_path": "/media/NFS/ttao/scannet/posed_images/scene0262_00/00406.jpg",
      "transform_matrix": [
        [
          0.224683,
          -0.510991,
          0.829702,
          5.880948
        ],
        [
          -0.973511,
          -0.154725,
          0.168335,
          2.206316
        ],
        [
          0.042358,
          -0.845546,
          -0.532219,
          1.582543
        ],
        [
          0.0,
          0.0,
          0.0,
          1.0
        ]
      ]
    },
    {
      "file_path": "/media/NFS/ttao/scannet/posed_images/scene0262_00/00418.jpg",
      "transform_matrix": [
        [
          0.171771,
          -0.528425,
          0.831421,
          5.852238
        ],
        [
          -0.98509,
          -0.100368,
          0.139729,
          2.168693
        ],
        [
          0.009611,
          -0.843026,
          -0.537786,
          1.552664
        ],
        [
          0.0,
          0.0,
          0.0,
          1.0
        ]
      ]
    },
    {
      "file_path": "/media/NFS/ttao/scannet/posed_images/scene0262_00/00433.jpg",
      "transform_matrix": [
        [
          0.209401,
          -0.535392,
          0.818234,
          5.835216
        ],
        [
          -0.976574,
          -0.156908,
          0.147254,
          2.128994
        ],
        [
          0.049549,
          -0.829901,
          -0.555706,
          1.509536
        ],
        [
          0.0,
          0.0,
          0.0,
          1.0
        ]
      ]
    },
    {
      "file_path": "/media/NFS/ttao/scannet/posed_images/scene0262_00/00436.jpg",
      "transform_matrix": [
        [
          0.222974,
          -0.526286,
          0.820552,
          5.831509
        ],
        [
          -0.973445,
          -0.164967,
          0.158714,
          2.122975
        ],
        [
          0.051835,
          -0.834152,
          -0.549094,
          1.504628
        ],
        [
          0.0,
          0.0,
          0.0,
          1.0
        ]
      ]
    },
    {
      "file_path": "/media/NFS/ttao/scannet/posed_images/scene0262_00/00453.jpg",
      "transform_matrix": [
        [
          0.248731,
          -0.481589,
          0.84036,
          5.842958
        ],
        [
          -0.967028,
          -0.17245,
          0.187396,
          2.080796
        ],
        [
          0.054673,
          -0.859263,
          -0.508604,
          1.43172
        ],
        [
          0.0,
          0.0,
          0.0,
          1.0
        ]
      ]
    },
    {
      "file_path": "/media/NFS/ttao/scannet/posed_images/scene0262_00/00456.jpg",
      "transform_matrix": [
        [
          0.267867,
          -0.468115,
          0.84209,
          5.846307
        ],
        [
          -0.961335,
          -0.187827,
          0.201386,
          2.077439
        ],
        [
          0.063895,
          -0.863475,
          -0.500328,
          1.414585
        ],
        [
          0.0,
          0.0,
          0.0,
          1.0
        ]
      ]
    },
    {
      "file_path": "/media/NFS/ttao/scannet/posed_images/scene0262_00/00471.jpg",
      "transform_matrix": [
        [
          0.320233,
          -0.417174,
          0.850539,
          5.853377
        ],
        [
          -0.946413,
          -0.180569,
          0.267764,
          2.060745
        ],
        [
          0.041877,
          -0.890708,
          -0.452643,
          1.326859
        ],
        [
          0.0,
          0.0,
          0.0,
          1.0
        ]
      ]
    },
    {
      "file_path": "/media/NFS/ttao/scannet/posed_images/scene0262_00/00477.jpg",
      "transform_matrix": [
        [
          0.328114,
          -0.39614,
          0.857563,
          5.85096
        ],
        [
          -0.944266,
          -0.163031,
          0.285977,
          2.049811
        ],
        [
          0.026522,
          -0.903601,
          -0.427554,
          1.304295
        ],
        [
          0.0,
          0.0,
          0.0,
          1.0
        ]
      ]
    },
    {
      "file_path": "/media/NFS/ttao/scannet/posed_images/scene0262_00/00488.jpg",
      "transform_matrix": [
        [
          0.348285,
          -0.331776,
          0.876711,
          5.833506
        ],
        [
          -0.936535,
          -0.163068,
          0.310341,
          2.051898
        ],
        [
          0.04,
          -0.929157,
          -0.367514,
          1.235585
        ],
        [
          0.0,
          0.0,
          0.0,
          1.0
        ]
      ]
    },
    {
      "file_path": "/media/NFS/ttao/scannet/posed_images/scene0262_00/00500.jpg",
      "transform_matrix": [
        [
          0.304226,
          -0.28542,
          0.908835,
          5.821813
        ],
        [
          -0.949569,
          -0.166913,
          0.265442,
          2.053435
        ],
        [
          0.075934,
          -0.943756,
          -0.321805,
          1.166415
        ],
        [
          0.0,
          0.0,
          0.0,
          1.0
        ]
      ]
    },
    {
      "file_path": "/media/NFS/ttao/scannet/posed_images/scene0262_00/00512.jpg",
      "transform_matrix": [
        [
          0.325312,
          -0.213868,
          0.921104,
          5.806067
        ],
        [
          -0.939246,
          -0.18587,
          0.288563,
          2.074996
        ],
        [
          0.109491,
          -0.959017,
          -0.26134,
          1.101471
        ],
        [
          0.0,
          0.0,
          0.0,
          1.0
        ]
      ]
    },
    {
      "file_path": "/media/NFS/ttao/scannet/posed_images/scene0262_00/00515.jpg",
      "transform_matrix": [
        [
          0.329367,
          -0.204161,
          0.921865,
          5.805429
        ],
        [
          -0.93696,
          -0.19136,
          0.292381,
          2.080382
        ],
        [
          0.116715,
          -0.960052,
          -0.254318,
          1.083092
        ],
        [
          0.0,
          0.0,
          0.0,
          1.0
        ]
      ]
    },
    {
      "file_path": "/media/NFS/ttao/scannet/posed_images/scene0262_00/00532.jpg",
      "transform_matrix": [
        [
          0.299058,
          -0.184977,
          0.936134,
          5.814435
        ],
        [
          -0.949363,
          -0.156686,
          0.272323,
          2.078663
        ],
        [
          0.096306,
          -0.970172,
          -0.222469,
          0.981258
        ],
        [
          0.0,
          0.0,
          0.0,
          1.0
        ]
      ]
    },
    {
      "file_path": "/media/NFS/ttao/scannet/posed_images/scene0262_00/00538.jpg",
      "transform_matrix": [
        [
          0.284336,
          -0.16923,
          0.94367,
          5.80976
        ],
        [
          -0.956366,
          -0.119069,
          0.266809,
          2.069051
        ],
        [
          0.067209,
          -0.978358,
          -0.195702,
          0.955009
        ],
        [
          0.0,
          0.0,
          0.0,
          1.0
        ]
      ]
    },
    {
      "file_path": "/media/NFS/ttao/scannet/posed_images/scene0262_00/00544.jpg",
      "transform_matrix": [
        [
          0.258337,
          -0.1913,
          0.946925,
          5.814558
        ],
        [
          -0.964417,
          -0.10813,
          0.241264,
          2.059357
        ],
        [
          0.056237,
          -0.975558,
          -0.212427,
          0.928022
        ],
        [
          0.0,
          0.0,
          0.0,
          1.0
        ]
      ]
    },
    {
      "file_path": "/media/NFS/ttao/scannet/posed_images/scene0262_00/00553.jpg",
      "transform_matrix": [
        [
          0.236842,
          -0.225106,
          0.94511,
          5.819666
        ],
        [
          -0.97035,
          -0.103111,
          0.218608,
          2.050943
        ],
        [
          0.048242,
          -0.968863,
          -0.242853,
          0.887298
        ],
        [
          0.0,
          0.0,
          0.0,
          1.0
        ]
      ]
    },
    {
      "file_path": "/media/NFS/ttao/scannet/posed_images/scene0262_00/00570.jpg",
      "transform_matrix": [
        [
          0.285822,
          -0.220249,
          0.932628,
          5.814421
        ],
        [
          -0.954157,
          -0.155627,
          0.255667,
          2.064136
        ],
        [
          0.088831,
          -0.962949,
          -0.254634,
          0.812784
        ],
        [
          0.0,
          0.0,
          0.0,
          1.0
        ]
      ]
    },
    {
      "file_path": "/media/NFS/ttao/scannet/posed_images/scene0262_00/00579.jpg",
      "transform_matrix": [
        [
          0.273242,
          -0.233384,
          0.933204,
          5.814466
        ],
        [
          -0.959721,
          -0.132068,
          0.247977,
          2.06136
        ],
        [
          0.065372,
          -0.963374,
          -0.260071,
          0.810612
        ],
        [
          0.0,
          0.0,
          0.0,
          1.0
        ]
      ]
    },
    {
      "file_path": "/media/NFS/ttao/scannet/posed_images/scene0262_00/00585.jpg",
      "transform_matrix": [
        [
          0.235689,
          -0.211062,
          0.948632,
          5.81308
        ],
        [
          -0.969393,
          -0.120129,
          0.214119,
          2.064549
        ],
        [
          0.068766,
          -0.970063,
          -0.232916,
          0.854389
        ],
        [
          0.0,
          0.0,
          0.0,
          1.0
        ]
      ]
    },
    {
      "file_path": "/media/NFS/ttao/scannet/posed_images/scene0262_00/00599.jpg",
      "transform_matrix": [
        [
          0.17965,
          -0.264029,
          0.947636,
          5.772104
        ],
        [
          -0.983641,
          -0.061196,
          0.169425,
          2.077646
        ],
        [
          0.013258,
          -0.962571,
          -0.270704,
          1.097427
        ],
        [
          0.0,
          0.0,
          0.0,
          1.0
        ]
      ]
    },
    {
      "file_path": "/media/NFS/ttao/scannet/posed_images/scene0262_00/00602.jpg",
      "transform_matrix": [
        [
          0.17422,
          -0.271125,
          0.946646,
          5.757283
        ],
        [
          -0.984676,
          -0.055578,
          0.165301,
          2.076577
        ],
        [
          0.007795,
          -0.960939,
          -0.276653,
          1.143157
        ],
        [
          0.0,
          0.0,
          0.0,
          1.0
        ]
      ]
    },
    {
      "file_path": "/media/NFS/ttao/scannet/posed_images/scene0262_00/00620.jpg",
      "transform_matrix": [
        [
          0.163119,
          -0.3031,
          0.938894,
          5.667379
        ],
        [
          -0.986549,
          -0.039828,
          0.158541,
          2.075932
        ],
        [
          -0.01066,
          -0.952126,
          -0.30552,
          1.427412
        ],
        [
          0.0,
          0.0,
          0.0,
          1.0
        ]
      ]
    },
    {
      "file_path": "/media/NFS/ttao/scannet/posed_images/scene0262_00/00623.jpg",
      "transform_matrix": [
        [
          0.16217,
          -0.313535,
          0.935626,
          5.655071
        ],
        [
          -0.986474,
          -0.028569,
          0.161409,
          2.072691
        ],
        [
          -0.023877,
          -0.949147,
          -0.313927,
          1.466658
        ],
        [
          0.0,
          0.0,
          0.0,
          1.0
        ]
      ]
    },
    {
      "file_path": "/media/NFS/ttao/scannet/posed_images/scene0262_00/00635.jpg",
      "transform_matrix": [
        [
          0.12321,
          -0.313914,
          0.941423,
          5.61237
        ],
        [
          -0.990165,
          0.024466,
          0.137748,
          2.047481
        ],
        [
          -0.066274,
          -0.949136,
          -0.307812,
          1.572962
        ],
        [
          0.0,
          0.0,
          0.0,
          1.0
        ]
      ]
    },
    {
      "file_path": "/media/NFS/ttao/scannet/posed_images/scene0262_00/00640.jpg",
      "transform_matrix": [
        [
          0.117124,
          -0.315469,
          0.94168,
          5.60542
        ],
        [
          -0.990633,
          0.029914,
          0.133234,
          2.049398
        ],
        [
          -0.070201,
          -0.948464,
          -0.30901,
          1.598354
        ],
        [
          0.0,
          0.0,
          0.0,
          1.0
        ]
      ]
    },
    {
      "file_path": "/media/NFS/ttao/scannet/posed_images/scene0262_00/00652.jpg",
      "transform_matrix": [
        [
          -0.002414,
          -0.288208,
          0.957565,
          5.626672
        ],
        [
          -0.999085,
          0.041578,
          0.009995,
          2.109235
        ],
        [
          -0.042694,
          -0.956665,
          -0.288045,
          1.645135
        ],
        [
          0.0,
          0.0,
          0.0,
          1.0
        ]
      ]
    },
    {
      "file_path": "/media/NFS/ttao/scannet/posed_images/scene0262_00/00667.jpg",
      "transform_matrix": [
        [
          -0.218465,
          -0.263434,
          0.939614,
          5.663819
        ],
        [
          -0.972838,
          0.134324,
          -0.18853,
          2.201163
        ],
        [
          -0.076547,
          -0.95528,
          -0.285624,
          1.696755
        ],
        [
          0.0,
          0.0,
          0.0,
          1.0
        ]
      ]
    },
    {
      "file_path": "/media/NFS/ttao/scannet/posed_images/scene0262_00/00670.jpg",
      "transform_matrix": [
        [
          -0.250258,
          -0.269609,
          0.929883,
          5.666177
        ],
        [
          -0.965026,
          0.14691,
          -0.217121,
          2.214424
        ],
        [
          -0.078072,
          -0.951698,
          -0.296945,
          1.692931
        ],
        [
          0.0,
          0.0,
          0.0,
          1.0
        ]
      ]
    },
    {
      "file_path": "/media/NFS/ttao/scannet/posed_images/scene0262_00/00687.jpg",
      "transform_matrix": [
        [
          -0.459305,
          -0.32208,
          0.827831,
          5.691765
        ],
        [
          -0.885847,
          0.235001,
          -0.400063,
          2.175191
        ],
        [
          -0.065688,
          -0.917082,
          -0.393251,
          1.681712
        ],
        [
          0.0,
          0.0,
          0.0,
          1.0
        ]
      ]
    },
    {
      "file_path": "/media/NFS/ttao/scannet/posed_images/scene0262_00/00696.jpg",
      "transform_matrix": [
        [
          -0.513973,
          -0.31921,
          0.796201,
          5.73379
        ],
        [
          -0.852194,
          0.296009,
          -0.431444,
          2.114346
        ],
        [
          -0.097961,
          -0.900269,
          -0.424169,
          1.688379
        ],
        [
          0.0,
          0.0,
          0.0,
          1.0
        ]
      ]
    },
    {
      "file_path": "/media/NFS/ttao/scannet/posed_images/scene0262_00/00699.jpg",
      "transform_matrix": [
        [
          -0.527956,
          -0.318603,
          0.787245,
          5.76074
        ],
        [
          -0.843074,
          0.308405,
          -0.440583,
          2.097684
        ],
        [
          -0.102419,
          -0.896314,
          -0.43143,
          1.689219
        ],
        [
          0.0,
          0.0,
          0.0,
          1.0
        ]
      ]
    },
    {
      "file_path": "/media/NFS/ttao/scannet/posed_images/scene0262_00/00716.jpg",
      "transform_matrix": [
        [
          -0.582036,
          -0.384852,
          0.716326,
          5.933264
        ],
        [
          -0.802544,
          0.41377,
          -0.429789,
          2.044614
        ],
        [
          -0.130989,
          -0.825036,
          -0.549689,
          1.683076
        ],
        [
          0.0,
          0.0,
          0.0,
          1.0
        ]
      ]
    },
    {
      "file_path": "/media/NFS/ttao/scannet/posed_images/scene0262_00/00719.jpg",
      "transform_matrix": [
        [
          -0.596791,
          -0.393649,
          0.6992,
          5.972548
        ],
        [
          -0.792397,
          0.426275,
          -0.436345,
          2.041743
        ],
        [
          -0.126285,
          -0.814451,
          -0.566324,
          1.679103
        ],
        [
          0.0,
          0.0,
          0.0,
          1.0
        ]
      ]
    },
    {
      "file_path": "/media/NFS/ttao/scannet/posed_images/scene0262_00/00731.jpg",
      "transform_matrix": [
        [
          -0.695952,
          -0.36317,
          0.619482,
          6.155564
        ],
        [
          -0.70263,
          0.522436,
          -0.483086,
          2.03176
        ],
        [
          -0.148197,
          -0.771472,
          -0.618765,
          1.690738
        ],
        [
          0.0,
          0.0,
          0.0,
          1.0
        ]
      ]
    },
    {
      "file_path": "/media/NFS/ttao/scannet/posed_images/scene0262_00/00740.jpg",
      "transform_matrix": [
        [
          -0.744218,
          -0.356065,
          0.565117,
          6.255448
        ],
        [
          -0.649844,
          0.58157,
          -0.489366,
          2.01023
        ],
        [
          -0.154409,
          -0.731433,
          -0.664201,
          1.706769
        ],
        [
          0.0,
          0.0,
          0.0,
          1.0
        ]
      ]
    },
    {
      "file_path": "/media/NFS/ttao/scannet/posed_images/scene0262_00/00754.jpg",
      "transform_matrix": [
        [
          -0.723286,
          -0.425795,
          0.54365,
          6.355192
        ],
        [
          -0.678676,
          0.58367,
          -0.445789,
          1.954418
        ],
        [
          -0.127497,
