{
  "frames": [
    {
      "file_path": "/media/NFS/ttao/scannet/posed_images/scene0706_00/00002.jpg",
      "transform_matrix": [
        [
          -0.168163,
          0.429529,
          -0.887258,
          4.970891
        ],
        [
          0.985356,
          0.099003,
          -0.138827,
          4.010449
        ],
        [
          0.028211,
          -0.89761,
          -0.439888,
          1.440693
        ],
        [
          0.0,
          0.0,
          0.0,
          1.0
        ]
      ]
    },
    {
      "file_path": "/media/NFS/ttao/scannet/posed_images/scene0706_00/00007.jpg",
      "transform_matrix": [
        [
          -0.173559,
          0.426827,
          -0.887523,
          4.975335
        ],
        [
          0.983885,
          0.114476,
          -0.137349,
          4.005981
        ],
        [
          0.042976,
          -0.897059,
          -0.439817,
          1.439084
        ],
        [
          0.0,
          0.0,
          0.0,
          1.0
        ]
      ]
    },
    {
      "file_path": "/media/NFS/ttao/scannet/posed_images/scene0706_00/00011.jpg",
      "transform_matrix": [
        [
          -0.16265,
          0.439788,
          -0.88325,
          4.967398
        ],
        [
          0.985859,
          0.109043,
          -0.12725,
          3.996074
        ],
        [
          0.040349,
          -0.891457,
          -0.451305,
          1.458475
        ],
        [
          0.0,
          0.0,
          0.0,
          1.0
        ]
      ]
    },
    {
      "file_path": "/media/NFS/ttao/scannet/posed_images/scene0706_00/00022.jpg",
      "transform_matrix": [
        [
          -0.102423,
          0.454466,
          -0.884856,
          4.974902
        ],
        [
          0.994427,
          0.069137,
          -0.079596,
          3.995187
        ],
        [
          0.025003,
          -0.888077,
          -0.459015,
          1.45421
        ],
        [
          0.0,
          0.0,
          0.0,
          1.0
        ]
      ]
    },
    {
      "file_path": "/media/NFS/ttao/scannet/posed_images/scene0706_00/00024.jpg",
      "transform_matrix": [
        [
          -0.093232,
          0.455056,
          -0.885569,
          4.976181
        ],
        [
          0.995371,
          0.063428,
          -0.0722,
          3.995885
        ],
        [
          0.023315,
          -0.888201,
          -0.458863,
          1.454404
        ],
        [
          0.0,
          0.0,
          0.0,
          1.0
        ]
      ]
    },
    {
      "file_path": "/media/NFS/ttao/scannet/posed_images/scene0706_00/00030.jpg",
      "transform_matrix": [
        [
          -0.067588,
          0.441773,
          -0.894577,
          4.980033
        ],
        [
          0.997429,
          0.05132,
          -0.050014,
          3.987657
        ],
        [
          0.023815,
          -0.895658,
          -0.444106,
          1.461439
        ],
        [
          0.0,
          0.0,
          0.0,
          1.0
        ]
      ]
    },
    {
      "file_path": "/media/NFS/ttao/scannet/posed_images/scene0706_00/00039.jpg",
      "transform_matrix": [
        [
          -0.02555,
          0.39847,
          -0.916825,
          4.98159
        ],
        [
          0.999367,
          0.032877,
          -0.013561,
          3.971501
        ],
        [
          0.024739,
          -0.916592,
          -0.399058,
          1.474385
        ],
        [
          0.0,
          0.0,
          0.0,
          1.0
        ]
      ]
    },
    {
      "file_path": "/media/NFS/ttao/scannet/posed_images/scene0706_00/00047.jpg",
      "transform_matrix": [
        [
          0.006779,
          0.327252,
          -0.944913,
          4.978755
        ],
        [
          0.99966,
          0.021562,
          0.014639,
          3.940686
        ],
        [
          0.025165,
          -0.944691,
          -0.326995,
          1.495654
        ],
        [
          0.0,
          0.0,
          0.0,
          1.0
        ]
      ]
    },
    {
      "file_path": "/media/NFS/ttao/scannet/posed_images/scene0706_00/00051.jpg",
      "transform_matrix": [
        [
          0.01077,
          0.302942,
          -0.952948,
          4.978169
        ],
        [
          0.999765,
          0.014646,
          0.015955,
          3.929001
        ],
        [
          0.018791,
          -0.952897,
          -0.302713,
          1.501101
        ],
        [
          0.0,
          0.0,
          0.0,
          1.0
        ]
      ]
    },
    {
      "file_path": "/media/NFS/ttao/scannet/posed_images/scene0706_00/00058.jpg",
      "transform_matrix": [
        [
          0.031076,
          0.262425,
          -0.964452,
          4.961067
        ],
        [
          0.999386,
          0.007435,
          0.034225,
          3.902297
        ],
        [
          0.016152,
          -0.964924,
          -0.262033,
          1.514154
        ],
        [
          0.0,
          0.0,
          0.0,
          1.0
        ]
      ]
    },
    {
      "file_path": "/media/NFS/ttao/scannet/posed_images/scene0706_00/00062.jpg",
      "transform_matrix": [
        [
          0.03506,
          0.237121,
          -0.970847,
          4.957561
        ],
        [
          0.999269,
          0.006479,
          0.037669,
          3.896328
        ],
        [
          0.015222,
          -0.971459,
          -0.236721,
          1.521623
        ],
        [
          0.0,
          0.0,
          0.0,
          1.0
        ]
      ]
    },
    {
      "file_path": "/media/NFS/ttao/scannet/posed_images/scene0706_00/00071.jpg",
      "transform_matrix": [
        [
          0.031105,
          0.178267,
          -0.98349,
          4.948479
        ],
        [
          0.999461,
          0.00475,
          0.032471,
          3.874336
        ],
        [
          0.01046,
          -0.983971,
          -0.178023,
          1.536378
        ],
        [
          0.0,
          0.0,
          0.0,
          1.0
        ]
      ]
    },
    {
      "file_path": "/media/NFS/ttao/scannet/posed_images/scene0706_00/00079.jpg",
      "transform_matrix": [
        [
          0.04097,
          0.126093,
          -0.991172,
          4.939572
        ],
        [
          0.99915,
          -0.000523,
          0.041233,
          3.854198
        ],
        [
          0.004681,
          -0.992018,
          -0.126007,
          1.550674
        ],
        [
          0.0,
          0.0,
          0.0,
          1.0
        ]
      ]
    },
    {
      "file_path": "/media/NFS/ttao/scannet/posed_images/scene0706_00/00080.jpg",
      "transform_matrix": [
        [
          0.042364,
          0.121201,
          -0.991723,
          4.931759
        ],
        [
          0.999048,
          0.005178,
          0.043309,
          3.842362
        ],
        [
          0.010384,
          -0.992615,
          -0.120867,
          1.552064
        ],
        [
          0.0,
          0.0,
          0.0,
          1.0
        ]
      ]
    },
    {
      "file_path": "/media/NFS/ttao/scannet/posed_images/scene0706_00/00088.jpg",
      "transform_matrix": [
        [
          -0.057268,
          0.129756,
          -0.989891,
          4.891725
        ],
        [
          0.998318,
          0.016399,
          -0.055606,
          3.866485
        ],
        [
          0.009018,
          -0.99141,
          -0.130477,
          1.540169
        ],
        [
          0.0,
          0.0,
          0.0,
          1.0
        ]
      ]
    },
    {
      "file_path": "/media/NFS/ttao/scannet/posed_images/scene0706_00/00092.jpg",
      "transform_matrix": [
        [
          -0.133634,
          0.13615,
          -0.981634,
          4.863406
        ],
        [
          0.990997,
          0.026486,
          -0.131235,
          3.900049
        ],
        [
          0.008132,
          -0.990334,
          -0.138464,
          1.532796
        ],
        [
          0.0,
          0.0,
          0.0,
          1.0
        ]
      ]
    },
    {
      "file_path": "/media/NFS/ttao/scannet/posed_images/scene0706_00/00103.jpg",
      "transform_matrix": [
        [
          -0.334339,
          0.082557,
          -0.93883,
          4.768557
        ],
        [
          0.942408,
          0.019575,
          -0.333892,
          3.996841
        ],
        [
          -0.009188,
          -0.996394,
          -0.084347,
          1.541715
        ],
        [
          0.0,
          0.0,
          0.0,
          1.0
        ]
      ]
    },
    {
      "file_path": "/media/NFS/ttao/scannet/posed_images/scene0706_00/00109.jpg",
      "transform_matrix": [
        [
          -0.42622,
          0.077286,
          -0.901312,
          4.71631
        ],
        [
          0.904387,
          0.013777,
          -0.426492,
          4.022124
        ],
        [
          -0.020545,
          -0.996914,
          -0.075768,
          1.542074
        ],
        [
          0.0,
          0.0,
          0.0,
          1.0
        ]
      ]
    },
    {
      "file_path": "/media/NFS/ttao/scannet/posed_images/scene0706_00/00112.jpg",
      "transform_matrix": [
        [
          -0.47349,
          0.086155,
          -0.876576,
          4.689579
        ],
        [
          0.88072,
          0.032929,
          -0.472491,
          3.989286
        ],
        [
          -0.011843,
          -0.995737,
          -0.09147,
          1.561875
        ],
        [
          0.0,
          0.0,
          0.0,
          1.0
        ]
      ]
    },
    {
      "file_path": "/media/NFS/ttao/scannet/posed_images/scene0706_00/00122.jpg",
      "transform_matrix": [
        [
          -0.616361,
          0.111049,
          -0.779594,
          4.641868
        ],
        [
          0.786268,
          0.03225,
          -0.617044,
          3.984469
        ],
        [
          -0.04338,
          -0.993292,
          -0.107192,
          1.571134
        ],
        [
          0.0,
          0.0,
          0.0,
          1.0
        ]
      ]
    },
    {
      "file_path": "/media/NFS/ttao/scannet/posed_images/scene0706_00/00123.jpg",
      "transform_matrix": [
        [
          -0.628679,
          0.111697,
          -0.769601,
          4.636896
        ],
        [
          0.77623,
          0.030048,
          -0.629733,
          3.984047
        ],
        [
          -0.047214,
          -0.993288,
          -0.105593,
          1.571473
        ],
        [
          0.0,
          0.0,
          0.0,
          1.0
        ]
      ]
    },
    {
      "file_path": "/media/NFS/ttao/scannet/posed_images/scene0706_00/00131.jpg",
      "transform_matrix": [
        [
          -0.69773,
          0.122514,
          -0.705807,
          4.626233
        ],
        [
          0.713059,
          0.02429,
          -0.700683,
          3.951038
        ],
        [
          -0.068699,
          -0.99217,
          -0.104308,
          1.57687
        ],
        [
          0.0,
          0.0,
          0.0,
          1.0
        ]
      ]
    },
    {
      "file_path": "/media/NFS/ttao/scannet/posed_images/scene0706_00/00140.jpg",
      "transform_matrix": [
        [
          -0.768628,
          0.105565,
          -0.630925,
          4.584826
        ],
        [
          0.63635,
          0.025438,
          -0.770981,
          3.902854
        ],
        [
          -0.065339,
          -0.994087,
          -0.086729,
          1.599556
        ],
        [
          0.0,
          0.0,
          0.0,
          1.0
        ]
      ]
    },
    {
      "file_path": "/media/NFS/ttao/scannet/posed_images/scene0706_00/00144.jpg",
      "transform_matrix": [
        [
          -0.789687,
          0.091662,
          -0.606624,
          4.555007
        ],
        [
          0.610196,
          0.014712,
          -0.792114,
          3.889378
        ],
        [
          -0.063682,
          -0.995682,
          -0.06755,
          1.597543
        ],
        [
          0.0,
          0.0,
          0.0,
          1.0
        ]
      ]
    },
    {
      "file_path": "/media/NFS/ttao/scannet/posed_images/scene0706_00/00148.jpg",
      "transform_matrix": [
        [
          -0.806182,
          0.086328,
          -0.585336,
          4.547444
        ],
        [
          0.588461,
          0.014132,
          -0.808402,
          3.869916
        ],
        [
          -0.061516,
          -0.996167,
          -0.062194,
          1.592399
        ],
        [
          0.0,
          0.0,
          0.0,
          1.0
        ]
      ]
    },
    {
      "file_path": "/media/NFS/ttao/scannet/posed_images/scene0706_00/00155.jpg",
      "transform_matrix": [
        [
          -0.85408,
          0.099671,
          -0.510503,
          4.495746
        ],
        [
          0.516904,
          0.0533,
          -0.854382,
          3.865398
        ],
        [
          -0.057948,
          -0.993592,
          -0.097043,
          1.598085
        ],
        [
          0.0,
          0.0,
          0.0,
          1.0
        ]
      ]
    },
    {
      "file_path": "/media/NFS/ttao/scannet/posed_images/scene0706_00/00165.jpg",
      "transform_matrix": [
        [
          -0.926158,
          0.096402,
          -0.364605,
          4.451432
        ],
        [
          0.375232,
          0.138563,
          -0.916516,
          3.874515
        ],
        [
          -0.037833,
          -0.985651,
          -0.164504,
          1.590914
        ],
        [
          0.0,
          0.0,
          0.0,
          1.0
        ]
      ]
    },
    {
      "file_path": "/media/NFS/ttao/scannet/posed_images/scene0706_00/00170.jpg",
      "transform_matrix": [
        [
          -0.946375,
          0.0887,
          -0.310654,
          4.443583
        ],
        [
          0.32185,
          0.17539,
          -0.930404,
          3.889812
        ],
        [
          -0.028041,
          -0.980495,
          -0.194533,
          1.585338
        ],
        [
          0.0,
          0.0,
          0.0,
          1.0
        ]
      ]
    },
    {
      "file_path": "/media/NFS/ttao/scannet/posed_images/scene0706_00/00174.jpg",
      "transform_matrix": [
        [
          -0.959443,
          0.085359,
          -0.268667,
          4.427557
        ],
        [
          0.280657,
          0.199786,
          -0.938785,
          3.905996
        ],
        [
          -0.026458,
          -0.976114,
          -0.21564,
          1.578679
        ],
        [
          0.0,
          0.0,
          0.0,
          1.0
        ]
      ]
    },
    {
      "file_path": "/media/NFS/ttao/scannet/posed_images/scene0706_00/00183.jpg",
      "transform_matrix": [
        [
          -0.977939,
          0.073059,
          -0.195698,
          4.414372
        ],
        [
          0.208397,
          0.276879,
          -0.938034,
          3.933727
        ],
        [
          -0.014347,
          -0.958124,
          -0.285996,
          1.563614
        ],
        [
          0.0,
          0.0,
          0.0,
          1.0
        ]
      ]
    },
    {
      "file_path": "/media/NFS/ttao/scannet/posed_images/scene0706_00/00191.jpg",
      "transform_matrix": [
        [
          -0.981449,
          0.080403,
          -0.17405,
          4.420476
        ],
        [
          0.190734,
          0.317345,
          -0.928931,
          3.956874
        ],
        [
          -0.019455,
          -0.944896,
          -0.326793,
          1.546025
        ],
        [
          0.0,
          0.0,
          0.0,
          1.0
        ]
      ]
    },
    {
      "file_path": "/media/NFS/ttao/scannet/posed_images/scene0706_00/00193.jpg",
      "transform_matrix": [
        [
          -0.981726,
          0.081652,
          -0.171896,
          4.419505
        ],
        [
          0.189312,
          0.326962,
          -0.925882,
          3.963669
        ],
        [
          -0.019397,
          -0.941504,
          -0.336444,
          1.540151
        ],
        [
          0.0,
          0.0,
          0.0,
          1.0
        ]
      ]
    },
    {
      "file_path": "/media/NFS/ttao/scannet/posed_images/scene0706_00/00200.jpg",
      "transform_matrix": [
        [
          -0.974883,
          0.099691,
          -0.199158,
          4.429452
        ],
        [
          0.222177,
          0.373179,
          -0.900763,
          3.978696
        ],
        [
          -0.015477,
          -0.922388,
          -0.385955,
          1.51949
        ],
        [
          0.0,
          0.0,
          0.0,
          1.0
        ]
      ]
    },
    {
      "file_path": "/media/NFS/ttao/scannet/posed_images/scene0706_00/00210.jpg",
      "transform_matrix": [
        [
          -0.960504,
          0.132694,
          -0.24459,
          4.433617
        ],
        [
          0.278102,
          0.427588,
          -0.860132,
          3.999487
        ],
        [
          -0.00955,
          -0.894182,
          -0.447603,
          1.487542
        ],
        [
          0.0,
          0.0,
          0.0,
          1.0
        ]
      ]
    },
    {
      "file_path": "/media/NFS/ttao/scannet/posed_images/scene0706_00/00211.jpg",
      "transform_matrix": [
        [
          -0.960347,
          0.135949,
          -0.243416,
          4.43228
        ],
        [
          0.278585,
          0.433093,
          -0.857217,
          4.001707
        ],
        [
          -0.011116,
          -0.891038,
          -0.453793,
          1.484212
        ],
        [
          0.0,
          0.0,
          0.0,
          1.0
        ]
      ]
    },
    {
      "file_path": "/media/NFS/ttao/scannet/posed_images/scene0706_00/00217.jpg",
      "transform_matrix": [
        [
          -0.957031,
          0.161273,
          -0.241003,
          4.424399
        ],
        [
          0.289236,
          0.471181,
          -0.833265,
          4.01566
        ],
        [
          -0.020827,
          -0.867168,
          -0.497581,
          1.463236
        ],
        [
          0.0,
          0.0,
          0.0,
          1.0
        ]
      ]
    },
    {
      "file_path": "/media/NFS/ttao/scannet/posed_images/scene0706_00/00226.jpg",
      "transform_matrix": [
        [
          -0.934624,
          0.207207,
          -0.289036,
          4.44256
        ],
        [
          0.355169,
          0.502195,
          -0.788451,
          4.024186
        ],
        [
          -0.01822,
          -0.839562,
          -0.542958,
          1.454613
        ],
        [
          0.0,
          0.0,
          0.0,
          1.0
        ]
      ]
    },
    {
      "file_path": "/media/NFS/ttao/scannet/posed_images/scene0706_00/00230.jpg",
      "transform_matrix": [
        [
          -0.922477,
          0.21841,
          -0.31833,
          4.465619
        ],
        [
          0.385747,
          0.488689,
          -0.782548,
          4.038455
        ],
        [
          -0.015352,
          -0.844678,
          -0.535055,
          1.462483
        ],
        [
          0.0,
          0.0,
          0.0,
          1.0
        ]
      ]
    },
    {
      "file_path": "/media/NFS/ttao/scannet/posed_images/scene0706_00/00239.jpg",
      "transform_matrix": [
        [
          -0.87048,
          0.280901,
          -0.404177,
          4.537632
        ],
        [
          0.491974,
          0.471487,
          -0.731889,
          4.080081
        ],
        [
          -0.015024,
          -0.835939,
          -0.548616,
          1.457231
        ],
        [
          0.0,
          0.0,
          0.0,
          1.0
        ]
      ]
    },
    {
      "file_path": "/media/NFS/ttao/scannet/posed_images/scene0706_00/00247.jpg",
      "transform_matrix": [
        [
          -0.816548,
          0.350667,
          -0.458566,
          4.627208
        ],
        [
          0.576267,
          0.448142,
          -0.683436,
          4.117757
        ],
        [
          -0.034156,
          -0.822314,
          -0.568008,
          1.446234
        ],
        [
          0.0,
          0.0,
          0.0,
          1.0
        ]
      ]
    },
    {
      "file_path": "/media/NFS/ttao/scannet/posed_images/scene0706_00/00251.jpg",
      "transform_matrix": [
        [
          -0.784423,
          0.379594,
          -0.490499,
          4.663709
        ],
        [
          0.619569,
          0.443167,
          -0.647871,
          4.13376
        ],
        [
          -0.028555,
          -0.812103,
          -0.582815,
          1.443223
        ],
        [
          0.0,
          0.0,
          0.0,
          1.0
        ]
      ]
    },
    {
      "file_path": "/media/NFS/ttao/scannet/posed_images/scene0706_00/00258.jpg",
      "transform_matrix": [
        [
          -0.727747,
          0.426081,
          -0.537437,
          4.704287
        ],
        [
          0.685609,
          0.43135,
          -0.586411,
          4.163436
        ],
        [
          -0.018035,
          -0.795231,
          -0.606039,
          1.442161
        ],
        [
          0.0,
          0.0,
          0.0,
          1.0
        ]
      ]
    },
    {
      "file_path": "/media/NFS/ttao/scannet/posed_images/scene0706_00/00260.jpg",
      "transform_matrix": [
        [
          -0.716443,
          0.432409,
          -0.547478,
          4.716903
        ],
        [
          0.697295,
          0.418949,
          -0.581602,
          4.173212
        ],
        [
          -0.022124,
          -0.798439,
          -0.60167,
          1.43927
        ],
        [
          0.0,
          0.0,
          0.0,
          1.0
        ]
      ]
    },
    {
      "file_path": "/media/NFS/ttao/scannet/posed_images/scene0706_00/00269.jpg",
      "transform_matrix": [
        [
          -0.710185,
          0.450957,
          -0.540625,
          4.730026
        ],
        [
          0.703437,
          0.423432,
          -0.57086,
          4.218915
        ],
        [
          -0.028515,
          -0.785712,
          -0.617935,
          1.436051
        ],
        [
          0.0,
          0.0,
          0.0,
          1.0
        ]
      ]
    },
    {
      "file_path": "/media/NFS/ttao/scannet/posed_images/scene0706_00/00273.jpg",
      "transform_matrix": [
        [
          -0.718936,
          0.438025,
          -0.53969,
          4.724581
        ],
        [
          0.694706,
          0.427488,
          -0.578478,
          4.23432
        ],
        [
          -0.022677,
          -0.790815,
          -0.611635,
          1.440026
        ],
        [
          0.0,
          0.0,
          0.0,
          1.0
        ]
      ]
    },
    {
      "file_path": "/media/NFS/ttao/scannet/posed_images/scene0706_00/00281.jpg",
      "transform_matrix": [
        [
          -0.673912,
          0.448525,
          -0.587084,
          4.718225
        ],
        [
          0.738741,
          0.420079,
          -0.527063,
          4.254446
        ],
        [
          0.010221,
          -0.788897,
          -0.61444,
          1.450796
        ],
        [
          0.0,
          0.0,
          0.0,
          1.0
        ]
      ]
    },
    {
      "file_path": "/media/NFS/ttao/scannet/posed_images/scene0706_00/00290.jpg",
      "transform_matrix": [
        [
          -0.647164,
          0.415008,
          -0.639489,
          4.757436
        ],
        [
          0.76235,
          0.353393,
          -0.542159,
          4.232514
        ],
        [
          0.00099,
          -0.83838,
          -0.545085,
          1.474943
        ],
        [
          0.0,
          0.0,
          0.0,
          1.0
        ]
      ]
    },
    {
      "file_path": "/media/NFS/ttao/scannet/posed_images/scene0706_00/00296.jpg",
      "transform_matrix": [
        [
          -0.665343,
          0.3785,
          -0.643472,
          4.779184
        ],
        [
          0.74624,
          0.31286,
          -0.587575,
          4.222169
        ],
        [
          -0.021081,
          -0.871123,
          -0.490611,
          1.486879
        ],
        [
          0.0,
          0.0,
          0.0,
          1.0
        ]
      ]
    },
    {
      "file_path": "/media/NFS/ttao/scannet/posed_images/scene0706_00/00301.jpg",
      "transform_matrix": [
        [
          -0.668783,
          0.365708,
          -0.647292,
          4.792482
        ],
        [
          0.742616,
          0.287182,
          -0.605019,
          4.215653
        ],
        [
          -0.03537,
          -0.885316,
          -0.463643,
          1.491723
        ],
        [
          0.0,
          0.0,
          0.0,
          1.0
        ]
      ]
    },
    {
      "file_path": "/media/NFS/ttao/scannet/posed_images/scene0706_00/00307.jpg",
      "transform_matrix": [
        [
          -0.694876,
          0.318125,
          -0.644937,
          4.790745
        ],
        [
          0.717806,
          0.252436,
          -0.648869,
          4.211429
        ],
        [
          -0.043616,
          -0.913823,
          -0.403764,
          1.510067
        ],
        [
          0.0,
          0.0,
          0.0,
          1.0
        ]
      ]
    },
    {
      "file_path": "/media/NFS/ttao/scannet/posed_images/scene0706_00/00311.jpg",
      "transform_matrix": [
        [
          -0.711123,
          0.301112,
          -0.635323,
          4.786232
        ],
        [
          0.701881,
          0.251585,
          -0.666384,
          4.210264
        ],
        [
          -0.040819,
          -0.919803,
          -0.390253,
          1.511701
        ],
        [
          0.0,
          0.0,
          0.0,
          1.0
        ]
      ]
    },
    {
      "file_path": "/media/NFS/ttao/scannet/posed_images/scene0706_00/00320.jpg",
      "transform_matrix": [
        [
          -0.759946,
          0.257086,
          -0.596983,
          4.718029
        ],
        [
          0.64917,
          0.254181,
          -0.716917,
          4.211881
        ],
        [
          -0.032567,
          -0.932362,
          -0.360057,
          1.514426
        ],
        [
          0.0,
          0.0,
          0.0,
          1.0
        ]
      ]
    },
    {
      "file_path": "/media/NFS/ttao/scannet/posed_images/scene0706_00/00326.jpg",
      "transform_matrix": [
        [
          -0.786771,
          0.223293,
          -0.57544,
          4.642386
        ],
        [
          0.616861,
          0.251573,
          -0.745784,
          4.221638
        ],
        [
          -0.021763,
          -0.941728,
          -0.335671,
          1.5216
        ],
        [
          0.0,
          0.0,
          0.0,
          1.0
        ]
      ]
    },
    {
      "file_path": "/media/NFS/ttao/scannet/posed_images/scene0706_00/00329.jpg",
      "transform_matrix": [
        [
          -0.785232,
          0.204353,
          -0.584509,
          4.605319
        ],
        [
          0.618993,
          0.234554,
          -0.749554,
          4.226676
        ],
        [
          -0.016075,
          -0.950381,
          -0.310672,
          1.526562
        ],
        [
          0.0,
          0.0,
          0.0,
          1.0
        ]
      ]
    },
    {
      "file_path": "/media/NFS/ttao/scannet/posed_images/scene0706_00/00335.jpg",
      "transform_matrix": [
        [
          -0.772814,
          0.189682,
          -0.605623,
          4.534827
        ],
        [
          0.634326,
          0.201223,
          -0.746418,
          4.229885
        ],
        [
          -0.019717,
          -0.961005,
          -0.275829,
          1.534681
        ],
        [
          0.0,
          0.0,
          0.0,
          1.0
        ]
      ]
    },
    {
      "file_path": "/media/NFS/ttao/scannet/posed_images/scene0706_00/00342.jpg",
      "transform_matrix": [
        [
          -0.77623,
          0.164821,
          -0.608523,
          4.459496
        ],
        [
          0.630031,
          0.167649,
          -0.758257,
          4.202891
        ],
        [
          -0.022958,
          -0.971971,
          -0.233977,
          1.548227
        ],
        [
          0.0,
          0.0,
          0.0,
          1.0
        ]
      ]
    },
    {
      "file_path": "/media/NFS/ttao/scannet/posed_images/scene0706_00/00350.jpg",
      "transform_matrix": [
        [
          -0.75104,
          0.128056,
          -0.64772,
          4.354281
        ],
        [
          0.66009,
          0.123576,
          -0.740952,
          4.153843
        ],
        [
          -0.014841,
          -0.984038,
          -0.177339,
          1.559983
        ],
        [
          0.0,
          0.0,
          0.0,
          1.0
        ]
      ]
    },
    {
      "file_path": "/media/NFS/ttao/scannet/posed_images/scene0706_00/00359.jpg",
      "transform_matrix": [
        [
          -0.63538,
          0.116369,
          -0.763381,
          4.330961
        ],
        [
          0.772182,
          0.102444,
          -0.627088,
          4.062587
        ],
        [
          0.00523,
          -0.987909,
          -0.154949,
          1.572468
        ],
        [
          0.0,
          0.0,
          0.0,
          1.0
        ]
      ]
    },
    {
      "file_path": "/media/NFS/ttao/scannet/posed_images/scene0706_00/00365.jpg",
      "transform_matrix": [
        [
          -0.561081,
          0.130862,
          -0.817351,
          4.211371
        ],
        [
          0.827743,
          0.09516,
          -0.552979,
          4.088215
        ],
        [
          0.005416,
          -0.986823,
          -0.161713,
          1.551855
        ],
        [
          0.0,
          0.0,
          0.0,
          1.0
        ]
      ]
    },
    {
      "file_path": "/media/NFS/ttao/scannet/posed_images/scene0706_00/00367.jpg",
      "transform_matrix": [
        [
          -0.520851,
          0.135036,
          -0.842899,
          4.210383
        ],
        [
          0.853463,
          0.102896,
          -0.510894,
          4.055865
        ],
        [
          0.017742,
          -0.985483,
          -0.168842,
          1.561024
        ],
        [
          0.0,
          0.0,
          0.0,
          1.0
        ]
      ]
    },
    {
      "file_path": "/media/NFS/ttao/scannet/posed_images/scene0706_00/00374.jpg",
      "transform_matrix": [
        [
          -0.409731,
          0.108726,
          -0.905704,
          4.121078
        ],
        [
          0.911081,
          0.098084,
          -0.400388,
          4.078771
        ],
        [
          0.045302,
          -0.989221,
          -0.139247,
          1.556668
        ],
        [
          0.0,
          0.0,
          0.0,
          1.0
        ]
      ]
    },
    {
      "file_path": "/media/NFS/ttao/scannet/posed_images/scene0706_00/00382.jpg",
      "transform_matrix": [
        [
          -0.266067,
          0.082813,
          -0.960391,
          4.048288
        ],
        [
          0.96283,
          0.070935,
          -0.260626,
          4.053739
        ],
        [
          0.046542,
          -0.994037,
          -0.098608,
          1.556486
        ],
        [
          0.0,
          0.0,
          0.0,
          1.0
        ]
      ]
    },
    {
      "file_path": "/media/NFS/ttao/scannet/posed_images/scene0706_00/00389.jpg",
      "transform_matrix": [
        [
          -0.119625,
          0.09916,
          -0.987855,
          4.003801
        ],
        [
          0.99205,
          0.051098,
          -0.115004,
          3.978037
        ],
        [
          0.039074,
          -0.993759,
          -0.104484,
          1.566986
        ],
        [
          0.0,
          0.0,
          0.0,
          1.0
        ]
      ]
    },
    {
      "file_path": "/media/NFS/ttao/scannet/posed_images/scene0706_00/00393.jpg",
      "transform_matrix": [
        [
          -0.052063,
          0.085887,
          -0.994944,
          3.945123
        ],
        [
          0.996895,
          0.063397,
          -0.046693,
          3.994865
        ],
        [
          0.059067,
          -0.994286,
          -0.088921,
          1.535281
        ],
        [
          0.0,
          0.0,
          0.0,
          1.0
        ]
      ]
    },
    {
      "file_path": "/media/NFS/ttao/scannet/posed_images/scene0706_00/00399.jpg",
      "transform_matrix": [
        [
          0.085529,
          0.082946,
          -0.992877,
          3.899849
        ],
        [
          0.995365,
          0.036857,
          0.088823,
          3.951967
        ],
        [
          0.043962,
          -0.995872,
          -0.079409,
          1.532857
        ],
        [
          0.0,
          0.0,
          0.0,
          1.0
        ]
      ]
    },
    {
      "file_path": "/media/NFS/ttao/scannet/posed_images/scene0706_00/00404.jpg",
      "transform_matrix": [
        [
          0.159222,
          0.109076,
          -0.981199,
          3.865406
        ],
        [
          0.986161,
          0.028941,
          0.163244,
          3.963602
        ],
        [
          0.046203,
          -0.993612,
          -0.102958,
          1.538109
        ],
        [
          0.0,
          0.0,
          0.0,
          1.0
        ]
      ]
    },
    {
      "file_path": "/media/NFS/ttao/scannet/posed_images/scene0706_00/00410.jpg",
      "transform_matrix": [
        [
          0.290297,
          0.134089,
          -0.947495,
          3.830476
        ],
        [
          0.955563,
          0.012414,
          0.294526,
          3.944893
        ],
        [
          0.051255,
          -0.990892,
          -0.124527,
          1.541206
        ],
        [
          0.0,
          0.0,
          0.0,
          1.0
        ]
      ]
    },
    {
      "file_path": "/media/NFS/ttao/scannet/posed_images/scene0706_00/00417.jpg",
      "transform_matrix": [
        [
          0.430614,
          0.119581,
          -0.894579,
          3.805439
        ],
        [
          0.901201,
          -0.003072,
          0.433391,
          3.920564
        ],
        [
          0.049077,
          -0.99282,
          -0.10909,
          1.541406
        ],
        [
          0.0,
          0.0,
          0.0,
          1.0
        ]
      ]
    },
    {
      "file_path": "/media/NFS/ttao/scannet/posed_images/scene0706_00/00423.jpg",
      "transform_matrix": [
        [
          0.54352,
          0.125523,
          -0.829957,
          3.777899
        ],
        [
          0.836728,
          -0.002259,
          0.547613,
          3.902838
        ],
        [
          0.066863,
          -0.992088,
          -0.106257,
          1.546258
        ],
        [
          0.0,
          0.0,
          0.0,
          1.0
        ]
      ]
    },
    {
      "file_path": "/media/NFS/ttao/scannet/posed_images/scene0706_00/00434.jpg",
      "transform_matrix": [
        [
          0.688757,
          0.204739,
          -0.695482,
          3.735009
        ],
        [
          0.720955,
          -0.092327,
          0.686804,
          3.903051
        ],
        [
          0.076403,
          -0.974453,
          -0.211198,
          1.526868
        ],
        [
          0.0,
          0.0,
          0.0,
          1.0
        ]
      ]
    },
    {
      "file_path": "/media/NFS/ttao/scannet/posed_images/scene0706_00/00440.jpg",
      "transform_matrix": [
        [
          0.731211,
          0.227331,
          -0.643157,
          3.720836
        ],
        [
          0.67751,
          -0.13223,
          0.723529,
          3.918639
        ],
        [
          0.079436,
          -0.964798,
          -0.250707,
          1.523609
        ],
        [
          0.0,
          0.0,
          0.0,
          1.0
        ]
      ]
    },
    {
      "file_path": "/media/NFS/ttao/scannet/posed_images/scene0706_00/00443.jpg",
      "transform_matrix": [
        [
          0.749508,
          0.2255,
          -0.622405,
          3.714563
        ],
        [
          0.657793,
          -0.14792,
          0.738531,
          3.924313
        ],
        [
          0.074473,
          -0.962948,
          -0.2592,
          1.523843
        ],
        [
          0.0,
          0.0,
          0.0,
          1.0
        ]
      ]
    },
    {
      "file_path": "/media/NFS/ttao/scannet/posed_images/scene0706_00/00447.jpg",
      "transform_matrix": [
        [
          0.763121,
          0.239994,
          -0.600041,
          3.705468
        ],
        [
          0.642556,
          -0.182563,
          0.744173,
          3.928228
        ],
        [
          0.069052,
          -0.953454,
          -0.293527,
          1.519959
        ],
        [
          0.0,
          0.0,
          0.0,
          1.0
        ]
      ]
    },
    {
      "file_path": "/media/NFS/ttao/scannet/posed_images/scene0706_00/00458.jpg",
      "transform_matrix": [
        [
          0.747868,
          0.350603,
          -0.563712,
          3.693627
        ],
        [
          0.655624,
          -0.256834,
          0.710066,
          3.928978
        ],
        [
          0.104171,
          -0.900618,
          -0.421942,
          1.47792
        ],
        [
          0.0,
          0.0,
          0.0,
          1.0
        ]
      ]
    },
    {
      "file_path": "/media/NFS/ttao/scannet/posed_images/scene0706_00/00462.jpg",
      "transform_matrix": [
        [
          0.7408,
          0.380997,
          -0.553224,
          3.692878
        ],
        [
          0.661621,
          -0.271542,
          0.698944,
          3.93437
        ],
        [
          0.116072,
          -0.883803,
          -0.453233,
          1.459371
        ],
        [
          0.0,
          0.0,
          0.0,
          1.0
        ]
      ]
    },
    {
      "file_path": "/media/NFS/ttao/scannet/posed_images/scene0706_00/00466.jpg",
      "transform_matrix": [
        [
          0.742221,
          0.395071,
          -0.54132,
          3.69393
        ],
        [
          0.66062,
          -0.295558,
          0.690091,
          3.937837
        ],
        [
          0.112644,
          -0.869807,
          -0.480362,
          1.447874
        ],
        [
          0.0,
          0.0,
          0.0,
          1.0
        ]
      ]
    },
    {
      "file_path": "/media/NFS/ttao/scannet/posed_images/scene0706_00/00473.jpg",
      "transform_matrix": [
        [
          0.733027,
          0.445066,
          -0.51438,
          3.698903
        ],
        [
          0.666385,
          -0.318258,
          0.674272,
          3.94273
        ],
        [
          0.13639,
          -0.837035,
          -0.529877,
          1.422323
        ],
        [
          0.0,
          0.0,
          0.0,
          1.0
        ]
      ]
    },
    {
      "file_path": "/media/NFS/ttao/scannet/posed_images/scene0706_00/00483.jpg",
      "transform_matrix": [
        [
          0.685361,
          0.532462,
          -0.496754,
          3.702303
        ],
        [
          0.709582,
          -0.335042,
          0.619871,
          3.936807
        ],
        [
          0.163625,
          -0.777323,
          -0.60745,
          1.390374
        ],
