{
  "frames": [
    {
      "file_path": "/media/NFS/ttao/scannet/posed_images/scene0209_00/00000.jpg",
      "transform_matrix": [
        [
          -0.842695,
          0.220239,
          -0.491284,
          3.790648
        ],
        [
          0.536951,
          0.410506,
          -0.737,
          2.166769
        ],
        [
          0.039359,
          -0.884861,
          -0.464189,
          1.404289
        ],
        [
          0.0,
          0.0,
          0.0,
          1.0
        ]
      ]
    },
    {
      "file_path": "/media/NFS/ttao/scannet/posed_images/scene0209_00/00006.jpg",
      "transform_matrix": [
        [
          -0.842002,
          0.214387,
          -0.495047,
          3.790421
        ],
        [
          0.537244,
          0.416591,
          -0.733363,
          2.167414
        ],
        [
          0.049008,
          -0.883454,
          -0.465948,
          1.401467
        ],
        [
          0.0,
          0.0,
          0.0,
          1.0
        ]
      ]
    },
    {
      "file_path": "/media/NFS/ttao/scannet/posed_images/scene0209_00/00014.jpg",
      "transform_matrix": [
        [
          -0.8595,
          0.197841,
          -0.471295,
          3.749573
        ],
        [
          0.509459,
          0.406214,
          -0.758579,
          2.204007
        ],
        [
          0.041369,
          -0.892104,
          -0.449932,
          1.373535
        ],
        [
          0.0,
          0.0,
          0.0,
          1.0
        ]
      ]
    },
    {
      "file_path": "/media/NFS/ttao/scannet/posed_images/scene0209_00/00025.jpg",
      "transform_matrix": [
        [
          -0.876342,
          0.212431,
          -0.432317,
          3.736621
        ],
        [
          0.48017,
          0.456498,
          -0.749031,
          2.211402
        ],
        [
          0.038234,
          -0.863993,
          -0.502051,
          1.346532
        ],
        [
          0.0,
          0.0,
          0.0,
          1.0
        ]
      ]
    },
    {
      "file_path": "/media/NFS/ttao/scannet/posed_images/scene0209_00/00029.jpg",
      "transform_matrix": [
        [
          -0.880232,
          0.222971,
          -0.418899,
          3.729776
        ],
        [
          0.473806,
          0.462164,
          -0.749608,
          2.219632
        ],
        [
          0.026459,
          -0.858305,
          -0.512457,
          1.33798
        ],
        [
          0.0,
          0.0,
          0.0,
          1.0
        ]
      ]
    },
    {
      "file_path": "/media/NFS/ttao/scannet/posed_images/scene0209_00/00035.jpg",
      "transform_matrix": [
        [
          -0.885526,
          0.220399,
          -0.408985,
          3.738646
        ],
        [
          0.463303,
          0.4844,
          -0.742096,
          2.214189
        ],
        [
          0.034555,
          -0.846629,
          -0.531061,
          1.336485
        ],
        [
          0.0,
          0.0,
          0.0,
          1.0
        ]
      ]
    },
    {
      "file_path": "/media/NFS/ttao/scannet/posed_images/scene0209_00/00039.jpg",
      "transform_matrix": [
        [
          -0.89045,
          0.215426,
          -0.400862,
          3.743319
        ],
        [
          0.453844,
          0.485279,
          -0.747348,
          2.208773
        ],
        [
          0.033531,
          -0.847405,
          -0.529887,
          1.345636
        ],
        [
          0.0,
          0.0,
          0.0,
          1.0
        ]
      ]
    },
    {
      "file_path": "/media/NFS/ttao/scannet/posed_images/scene0209_00/00051.jpg",
      "transform_matrix": [
        [
          -0.91373,
          0.143244,
          -0.380234,
          3.803882
        ],
        [
          0.403402,
          0.431793,
          -0.806735,
          2.197996
        ],
        [
          0.048622,
          -0.890526,
          -0.452328,
          1.390123
        ],
        [
          0.0,
          0.0,
          0.0,
          1.0
        ]
      ]
    },
    {
      "file_path": "/media/NFS/ttao/scannet/posed_images/scene0209_00/00053.jpg",
      "transform_matrix": [
        [
          -0.915768,
          0.120324,
          -0.383264,
          3.834846
        ],
        [
          0.396664,
          0.421563,
          -0.81544,
          2.197569
        ],
        [
          0.063453,
          -0.898781,
          -0.433782,
          1.396742
        ],
        [
          0.0,
          0.0,
          0.0,
          1.0
        ]
      ]
    },
    {
      "file_path": "/media/NFS/ttao/scannet/posed_images/scene0209_00/00061.jpg",
      "transform_matrix": [
        [
          -0.888502,
          0.081376,
          -0.451601,
          3.964627
        ],
        [
          0.446649,
          0.379019,
          -0.810462,
          2.19746
        ],
        [
          0.105214,
          -0.921804,
          -0.373106,
          1.396801
        ],
        [
          0.0,
          0.0,
          0.0,
          1.0
        ]
      ]
    },
    {
      "file_path": "/media/NFS/ttao/scannet/posed_images/scene0209_00/00070.jpg",
      "transform_matrix": [
        [
          -0.886251,
          0.091245,
          -0.454129,
          4.079171
        ],
        [
          0.45413,
          0.364273,
          -0.813063,
          2.201935
        ],
        [
          0.091239,
          -0.926811,
          -0.364275,
          1.392303
        ],
        [
          0.0,
          0.0,
          0.0,
          1.0
        ]
      ]
    },
    {
      "file_path": "/media/NFS/ttao/scannet/posed_images/scene0209_00/00074.jpg",
      "transform_matrix": [
        [
          -0.897371,
          0.076589,
          -0.43458,
          4.112524
        ],
        [
          0.431914,
          0.354246,
          -0.829434,
          2.214351
        ],
        [
          0.090423,
          -0.932011,
          -0.35097,
          1.39496
        ],
        [
          0.0,
          0.0,
          0.0,
          1.0
        ]
      ]
    },
    {
      "file_path": "/media/NFS/ttao/scannet/posed_images/scene0209_00/00082.jpg",
      "transform_matrix": [
        [
          -0.894385,
          0.038168,
          -0.445667,
          4.171113
        ],
        [
          0.434964,
          0.306581,
          -0.846649,
          2.252752
        ],
        [
          0.104318,
          -0.951079,
          -0.290803,
          1.40247
        ],
        [
          0.0,
          0.0,
          0.0,
          1.0
        ]
      ]
    },
    {
      "file_path": "/media/NFS/ttao/scannet/posed_images/scene0209_00/00088.jpg",
      "transform_matrix": [
        [
          -0.903309,
          0.038467,
          -0.427262,
          4.190955
        ],
        [
          0.418117,
          0.301769,
          -0.856805,
          2.304531
        ],
        [
          0.095976,
          -0.952605,
          -0.288675,
          1.400873
        ],
        [
          0.0,
          0.0,
          0.0,
          1.0
        ]
      ]
    },
    {
      "file_path": "/media/NFS/ttao/scannet/posed_images/scene0209_00/00094.jpg",
      "transform_matrix": [
        [
          -0.92441,
          0.026406,
          -0.380485,
          4.204352
        ],
        [
          0.371164,
          0.291858,
          -0.881508,
          2.387254
        ],
        [
          0.08777,
          -0.956097,
          -0.279597,
          1.39492
        ],
        [
          0.0,
          0.0,
          0.0,
          1.0
        ]
      ]
    },
    {
      "file_path": "/media/NFS/ttao/scannet/posed_images/scene0209_00/00100.jpg",
      "transform_matrix": [
        [
          -0.944242,
          -0.007266,
          -0.329171,
          4.247993
        ],
        [
          0.309434,
          0.32203,
          -0.894733,
          2.478242
        ],
        [
          0.112504,
          -0.946702,
          -0.301826,
          1.359507
        ],
        [
          0.0,
          0.0,
          0.0,
          1.0
        ]
      ]
    },
    {
      "file_path": "/media/NFS/ttao/scannet/posed_images/scene0209_00/00108.jpg",
      "transform_matrix": [
        [
          -0.974341,
          -0.018368,
          -0.224327,
          4.271091
        ],
        [
          0.19696,
          0.412789,
          -0.889276,
          2.561976
        ],
        [
          0.108934,
          -0.910641,
          -0.39858,
          1.342489
        ],
        [
          0.0,
          0.0,
          0.0,
          1.0
        ]
      ]
    },
    {
      "file_path": "/media/NFS/ttao/scannet/posed_images/scene0209_00/00119.jpg",
      "transform_matrix": [
        [
          -0.99053,
          0.01124,
          -0.136834,
          4.316035
        ],
        [
          0.128652,
          0.424021,
          -0.896468,
          2.618781
        ],
        [
          0.047944,
          -0.905583,
          -0.421451,
          1.320585
        ],
        [
          0.0,
          0.0,
          0.0,
          1.0
        ]
      ]
    },
    {
      "file_path": "/media/NFS/ttao/scannet/posed_images/scene0209_00/00125.jpg",
      "transform_matrix": [
        [
          -0.98729,
          0.021908,
          -0.157413,
          4.387213
        ],
        [
          0.151654,
          0.426138,
          -0.891856,
          2.64775
        ],
        [
          0.047541,
          -0.904393,
          -0.424045,
          1.319851
        ],
        [
          0.0,
          0.0,
          0.0,
          1.0
        ]
      ]
    },
    {
      "file_path": "/media/NFS/ttao/scannet/posed_images/scene0209_00/00131.jpg",
      "transform_matrix": [
        [
          -0.986017,
          0.022878,
          -0.16507,
          4.416084
        ],
        [
          0.160815,
          0.390385,
          -0.906498,
          2.67828
        ],
        [
          0.043702,
          -0.920368,
          -0.388605,
          1.371407
        ],
        [
          0.0,
          0.0,
          0.0,
          1.0
        ]
      ]
    },
    {
      "file_path": "/media/NFS/ttao/scannet/posed_images/scene0209_00/00137.jpg",
      "transform_matrix": [
        [
          -0.988872,
          0.030521,
          -0.145602,
          4.42115
        ],
        [
          0.147479,
          0.329595,
          -0.932533,
          2.703417
        ],
        [
          0.019528,
          -0.943629,
          -0.330428,
          1.405845
        ],
        [
          0.0,
          0.0,
          0.0,
          1.0
        ]
      ]
    },
    {
      "file_path": "/media/NFS/ttao/scannet/posed_images/scene0209_00/00147.jpg",
      "transform_matrix": [
        [
          -0.995994,
          0.041314,
          -0.079298,
          4.399147
        ],
        [
          0.08763,
          0.274668,
          -0.957538,
          2.718217
        ],
        [
          -0.017779,
          -0.960651,
          -0.277188,
          1.431108
        ],
        [
          0.0,
          0.0,
          0.0,
          1.0
        ]
      ]
    },
    {
      "file_path": "/media/NFS/ttao/scannet/posed_images/scene0209_00/00151.jpg",
      "transform_matrix": [
        [
          -0.997308,
          0.037229,
          -0.06317,
          4.402961
        ],
        [
          0.070715,
          0.260539,
          -0.96287,
          2.724742
        ],
        [
          -0.019389,
          -0.964745,
          -0.26247,
          1.422375
        ],
        [
          0.0,
          0.0,
          0.0,
          1.0
        ]
      ]
    },
    {
      "file_path": "/media/NFS/ttao/scannet/posed_images/scene0209_00/00160.jpg",
      "transform_matrix": [
        [
          -0.999849,
          -0.002786,
          -0.017156,
          4.300663
        ],
        [
          0.016072,
          0.227586,
          -0.973625,
          2.72411
        ],
        [
          0.006617,
          -0.973754,
          -0.227507,
          1.433827
        ],
        [
          0.0,
          0.0,
          0.0,
          1.0
        ]
      ]
    },
    {
      "file_path": "/media/NFS/ttao/scannet/posed_images/scene0209_00/00162.jpg",
      "transform_matrix": [
        [
          -0.999971,
          -0.003147,
          -0.006891,
          4.269786
        ],
        [
          0.005985,
          0.229473,
          -0.973297,
          2.719928
        ],
        [
          0.004644,
          -0.97331,
          -0.229448,
          1.437941
        ],
        [
          0.0,
          0.0,
          0.0,
          1.0
        ]
      ]
    },
    {
      "file_path": "/media/NFS/ttao/scannet/posed_images/scene0209_00/00174.jpg",
      "transform_matrix": [
        [
          -0.993528,
          0.03354,
          0.108522,
          4.112041
        ],
        [
          -0.100014,
          0.194584,
          -0.975774,
          2.707541
        ],
        [
          -0.053844,
          -0.980312,
          -0.18997,
          1.432926
        ],
        [
          0.0,
          0.0,
          0.0,
          1.0
        ]
      ]
    },
    {
      "file_path": "/media/NFS/ttao/scannet/posed_images/scene0209_00/00178.jpg",
      "transform_matrix": [
        [
          -0.988504,
          0.040781,
          0.145587,
          4.082987
        ],
        [
          -0.134617,
          0.200951,
          -0.970308,
          2.695046
        ],
        [
          -0.068826,
          -0.978752,
          -0.193151,
          1.422417
        ],
        [
          0.0,
          0.0,
          0.0,
          1.0
        ]
      ]
    },
    {
      "file_path": "/media/NFS/ttao/scannet/posed_images/scene0209_00/00186.jpg",
      "transform_matrix": [
        [
          -0.984045,
          0.047378,
          0.171497,
          4.05336
        ],
        [
          -0.15442,
          0.251351,
          -0.955498,
          2.658918
        ],
        [
          -0.088376,
          -0.966736,
          -0.240025,
          1.409788
        ],
        [
          0.0,
          0.0,
          0.0,
          1.0
        ]
      ]
    },
    {
      "file_path": "/media/NFS/ttao/scannet/posed_images/scene0209_00/00192.jpg",
      "transform_matrix": [
        [
          -0.978148,
          0.02089,
          0.206856,
          4.016675
        ],
        [
          -0.195507,
          0.246058,
          -0.949333,
          2.617532
        ],
        [
          -0.07073,
          -0.96903,
          -0.236597,
          1.409655
        ],
        [
          0.0,
          0.0,
          0.0,
          1.0
        ]
      ]
    },
    {
      "file_path": "/media/NFS/ttao/scannet/posed_images/scene0209_00/00201.jpg",
      "transform_matrix": [
        [
          -0.959588,
          -0.01553,
          0.28098,
          3.978479
        ],
        [
          -0.275478,
          0.255761,
          -0.92666,
          2.579443
        ],
        [
          -0.057473,
          -0.966615,
          -0.249703,
          1.412567
        ],
        [
          0.0,
          0.0,
          0.0,
          1.0
        ]
      ]
    },
    {
      "file_path": "/media/NFS/ttao/scannet/posed_images/scene0209_00/00203.jpg",
      "transform_matrix": [
        [
          -0.959983,
          -0.018132,
          0.279472,
          3.968145
        ],
        [
          -0.274708,
          0.255116,
          -0.927066,
          2.571172
        ],
        [
          -0.054488,
          -0.96674,
          -0.249888,
          1.422661
        ],
        [
          0.0,
          0.0,
          0.0,
          1.0
        ]
      ]
    },
    {
      "file_path": "/media/NFS/ttao/scannet/posed_images/scene0209_00/00215.jpg",
      "transform_matrix": [
        [
          -0.969321,
          -0.034026,
          0.243432,
          3.891719
        ],
        [
          -0.243772,
          0.259972,
          -0.934339,
          2.52987
        ],
        [
          -0.031494,
          -0.965017,
          -0.26029,
          1.432553
        ],
        [
          0.0,
          0.0,
          0.0,
          1.0
        ]
      ]
    },
    {
      "file_path": "/media/NFS/ttao/scannet/posed_images/scene0209_00/00219.jpg",
      "transform_matrix": [
        [
          -0.963015,
          -0.045444,
          0.26559,
          3.8811
        ],
        [
          -0.267937,
          0.265787,
          -0.926049,
          2.525032
        ],
        [
          -0.028507,
          -0.96296,
          -0.268133,
          1.4332
        ],
        [
          0.0,
          0.0,
          0.0,
          1.0
        ]
      ]
    },
    {
      "file_path": "/media/NFS/ttao/scannet/posed_images/scene0209_00/00229.jpg",
      "transform_matrix": [
        [
          -0.934481,
          -0.090518,
          0.344313,
          3.860586
        ],
        [
          -0.355322,
          0.297378,
          -0.886179,
          2.516938
        ],
        [
          -0.022176,
          -0.950459,
          -0.310057,
          1.408569
        ],
        [
          0.0,
          0.0,
          0.0,
          1.0
        ]
      ]
    },
    {
      "file_path": "/media/NFS/ttao/scannet/posed_images/scene0209_00/00235.jpg",
      "transform_matrix": [
        [
          -0.919605,
          -0.118587,
          0.374517,
          3.880096
        ],
        [
          -0.392494,
          0.317546,
          -0.863199,
          2.509576
        ],
        [
          -0.016562,
          -0.940798,
          -0.338562,
          1.407724
        ],
        [
          0.0,
          0.0,
          0.0,
          1.0
        ]
      ]
    },
    {
      "file_path": "/media/NFS/ttao/scannet/posed_images/scene0209_00/00237.jpg",
      "transform_matrix": [
        [
          -0.914416,
          -0.122034,
          0.385941,
          3.885414
        ],
        [
          -0.40438,
          0.317564,
          -0.857689,
          2.511138
        ],
        [
          -0.017894,
          -0.940351,
          -0.339734,
          1.404692
        ],
        [
          0.0,
          0.0,
          0.0,
          1.0
        ]
      ]
    },
    {
      "file_path": "/media/NFS/ttao/scannet/posed_images/scene0209_00/00248.jpg",
      "transform_matrix": [
        [
          -0.913016,
          -0.167464,
          0.371965,
          3.974009
        ],
        [
          -0.407289,
          0.323373,
          -0.854134,
          2.515431
        ],
        [
          0.022753,
          -0.931335,
          -0.363451,
          1.3852
        ],
        [
          0.0,
          0.0,
          0.0,
          1.0
        ]
      ]
    },
    {
      "file_path": "/media/NFS/ttao/scannet/posed_images/scene0209_00/00252.jpg",
      "transform_matrix": [
        [
          -0.907141,
          -0.170982,
          0.384526,
          3.993155
        ],
        [
          -0.420057,
          0.312649,
          -0.851941,
          2.515997
        ],
        [
          0.025445,
          -0.934353,
          -0.355438,
          1.381131
        ],
        [
          0.0,
          0.0,
          0.0,
          1.0
        ]
      ]
    },
    {
      "file_path": "/media/NFS/ttao/scannet/posed_images/scene0209_00/00258.jpg",
      "transform_matrix": [
        [
          -0.897211,
          -0.1776,
          0.404315,
          4.044919
        ],
        [
          -0.439832,
          0.277485,
          -0.854137,
          2.515772
        ],
        [
          0.039504,
          -0.944171,
          -0.327077,
          1.395119
        ],
        [
          0.0,
          0.0,
          0.0,
          1.0
        ]
      ]
    },
    {
      "file_path": "/media/NFS/ttao/scannet/posed_images/scene0209_00/00266.jpg",
      "transform_matrix": [
        [
          -0.888188,
          -0.151494,
          0.433787,
          4.076233
        ],
        [
          -0.458632,
          0.234953,
          -0.857003,
          2.509944
        ],
        [
          0.027911,
          -0.960128,
          -0.278163,
          1.409142
        ],
        [
          0.0,
          0.0,
          0.0,
          1.0
        ]
      ]
    },
    {
      "file_path": "/media/NFS/ttao/scannet/posed_images/scene0209_00/00276.jpg",
      "transform_matrix": [
        [
          -0.887181,
          -0.13315,
          0.441794,
          4.121306
        ],
        [
          -0.460299,
          0.1886,
          -0.8675,
          2.494895
        ],
        [
          0.032186,
          -0.972986,
          -0.228612,
          1.423438
        ],
        [
          0.0,
          0.0,
          0.0,
          1.0
        ]
      ]
    },
    {
      "file_path": "/media/NFS/ttao/scannet/posed_images/scene0209_00/00282.jpg",
      "transform_matrix": [
        [
          -0.884662,
          -0.131279,
          0.447369,
          4.143969
        ],
        [
          -0.464612,
          0.16831,
          -0.869372,
          2.474648
        ],
        [
          0.038834,
          -0.976953,
          -0.209891,
          1.423383
        ],
        [
          0.0,
          0.0,
          0.0,
          1.0
        ]
      ]
    },
    {
      "file_path": "/media/NFS/ttao/scannet/posed_images/scene0209_00/00286.jpg",
      "transform_matrix": [
        [
          -0.880409,
          -0.133232,
          0.455114,
          4.157061
        ],
        [
          -0.472035,
          0.154298,
          -0.867972,
          2.453191
        ],
        [
          0.045419,
          -0.979,
          -0.198736,
          1.433242
        ],
        [
          0.0,
          0.0,
          0.0,
          1.0
        ]
      ]
    },
    {
      "file_path": "/media/NFS/ttao/scannet/posed_images/scene0209_00/00297.jpg",
      "transform_matrix": [
        [
          -0.851952,
          -0.097353,
          0.514489,
          4.192797
        ],
        [
          -0.522855,
          0.105088,
          -0.845919,
          2.383039
        ],
        [
          0.028286,
          -0.989686,
          -0.140432,
          1.44569
        ],
        [
          0.0,
          0.0,
          0.0,
          1.0
        ]
      ]
    },
    {
      "file_path": "/media/NFS/ttao/scannet/posed_images/scene0209_00/00303.jpg",
      "transform_matrix": [
        [
          -0.83214,
          -0.116913,
          0.542102,
          4.242056
        ],
        [
          -0.553206,
          0.106602,
          -0.826196,
          2.366754
        ],
        [
          0.038804,
          -0.987404,
          -0.153384,
          1.447919
        ],
        [
          0.0,
          0.0,
          0.0,
          1.0
        ]
      ]
    },
    {
      "file_path": "/media/NFS/ttao/scannet/posed_images/scene0209_00/00305.jpg",
      "transform_matrix": [
        [
          -0.824391,
          -0.115813,
          0.554045,
          4.25608
        ],
        [
          -0.56499,
          0.109352,
          -0.817819,
          2.363427
        ],
        [
          0.034128,
          -0.987233,
          -0.155582,
          1.453468
        ],
        [
          0.0,
          0.0,
          0.0,
          1.0
        ]
      ]
    },
    {
      "file_path": "/media/NFS/ttao/scannet/posed_images/scene0209_00/00313.jpg",
      "transform_matrix": [
        [
          -0.81966,
          -0.113768,
          0.56144,
          4.365727
        ],
        [
          -0.572847,
          0.159433,
          -0.804007,
          2.372627
        ],
        [
          0.001958,
          -0.980631,
          -0.195852,
          1.403864
        ],
        [
          0.0,
          0.0,
          0.0,
          1.0
        ]
      ]
    },
    {
      "file_path": "/media/NFS/ttao/scannet/posed_images/scene0209_00/00323.jpg",
      "transform_matrix": [
        [
          -0.883734,
          -0.119175,
          0.452562,
          4.52809
        ],
        [
          -0.467358,
          0.275002,
          -0.840209,
          2.393699
        ],
        [
          -0.024324,
          -0.954029,
          -0.298726,
          1.365054
        ],
        [
          0.0,
          0.0,
          0.0,
          1.0
        ]
      ]
    },
    {
      "file_path": "/media/NFS/ttao/scannet/posed_images/scene0209_00/00329.jpg",
      "transform_matrix": [
        [
          -0.878312,
          -0.148821,
          0.454335,
          4.572507
        ],
        [
          -0.477962,
          0.295151,
          -0.827308,
          2.422962
        ],
        [
          -0.010977,
          -0.943789,
          -0.330365,
          1.346224
        ],
        [
          0.0,
          0.0,
          0.0,
          1.0
        ]
      ]
    },
    {
      "file_path": "/media/NFS/ttao/scannet/posed_images/scene0209_00/00336.jpg",
      "transform_matrix": [
        [
          -0.860007,
          -0.177654,
          0.478358,
          4.580447
        ],
        [
          -0.510236,
          0.311972,
          -0.801457,
          2.467904
        ],
        [
          -0.006852,
          -0.933334,
          -0.358944,
          1.350002
        ],
        [
          0.0,
          0.0,
          0.0,
          1.0
        ]
      ]
    },
    {
      "file_path": "/media/NFS/ttao/scannet/posed_images/scene0209_00/00344.jpg",
      "transform_matrix": [
        [
          -0.84339,
          -0.199748,
          0.498793,
          4.578998
        ],
        [
          -0.537117,
          0.337782,
          -0.772922,
          2.519437
        ],
        [
          -0.014094,
          -0.919785,
          -0.39217,
          1.347763
        ],
        [
          0.0,
          0.0,
          0.0,
          1.0
        ]
      ]
    },
    {
      "file_path": "/media/NFS/ttao/scannet/posed_images/scene0209_00/00346.jpg",
      "transform_matrix": [
        [
          -0.844418,
          -0.199829,
          0.497018,
          4.580572
        ],
        [
          -0.535601,
          0.331342,
          -0.776752,
          2.534123
        ],
        [
          -0.009465,
          -0.922107,
          -0.386819,
          1.348687
        ],
        [
          0.0,
          0.0,
          0.0,
          1.0
        ]
      ]
    },
    {
      "file_path": "/media/NFS/ttao/scannet/posed_images/scene0209_00/00354.jpg",
      "transform_matrix": [
        [
          -0.87097,
          -0.200826,
          0.448418,
          4.641446
        ],
        [
          -0.490756,
          0.311287,
          -0.813793,
          2.600334
        ],
        [
          0.023844,
          -0.928854,
          -0.369679,
          1.343571
        ],
        [
          0.0,
          0.0,
          0.0,
          1.0
        ]
      ]
    },
    {
      "file_path": "/media/NFS/ttao/scannet/posed_images/scene0209_00/00362.jpg",
      "transform_matrix": [
        [
          -0.886105,
          -0.197583,
          0.41926,
          4.714757
        ],
        [
          -0.463055,
          0.338449,
          -0.819166,
          2.659053
        ],
        [
          0.019955,
          -0.920007,
          -0.391393,
          1.336659
        ],
        [
          0.0,
          0.0,
          0.0,
          1.0
        ]
      ]
    },
    {
      "file_path": "/media/NFS/ttao/scannet/posed_images/scene0209_00/00370.jpg",
      "transform_matrix": [
        [
          -0.886433,
          -0.21838,
          0.408101,
          4.757357
        ],
        [
          -0.461619,
          0.352679,
          -0.813957,
          2.69666
        ],
        [
          0.033823,
          -0.909905,
          -0.413434,
          1.325418
        ],
        [
          0.0,
          0.0,
          0.0,
          1.0
        ]
      ]
    },
    {
      "file_path": "/media/NFS/ttao/scannet/posed_images/scene0209_00/00379.jpg",
      "transform_matrix": [
        [
          -0.865321,
          -0.244575,
          0.437496,
          4.776707
        ],
        [
          -0.500125,
          0.363726,
          -0.785861,
          2.71006
        ],
        [
          0.033073,
          -0.898825,
          -0.437058,
          1.31959
        ],
        [
          0.0,
          0.0,
          0.0,
          1.0
        ]
      ]
    },
    {
      "file_path": "/media/NFS/ttao/scannet/posed_images/scene0209_00/00383.jpg",
      "transform_matrix": [
        [
          -0.854873,
          -0.240816,
          0.459565,
          4.775478
        ],
        [
          -0.518214,
          0.352893,
          -0.779051,
          2.704396
        ],
        [
          0.025431,
          -0.904143,
          -0.426472,
          1.325541
        ],
        [
          0.0,
          0.0,
          0.0,
          1.0
        ]
      ]
    },
    {
      "file_path": "/media/NFS/ttao/scannet/posed_images/scene0209_00/00389.jpg",
      "transform_matrix": [
        [
          -0.844608,
          -0.232201,
          0.48241,
          4.76231
        ],
        [
          -0.535267,
          0.347368,
          -0.769951,
          2.690275
        ],
        [
          0.011209,
          -0.908525,
          -0.417679,
          1.335525
        ],
        [
          0.0,
          0.0,
          0.0,
          1.0
        ]
      ]
    },
    {
      "file_path": "/media/NFS/ttao/scannet/posed_images/scene0209_00/00399.jpg",
      "transform_matrix": [
        [
          -0.787307,
          -0.231223,
          0.571562,
          4.697191
        ],
        [
          -0.616428,
          0.314496,
          -0.721879,
          2.663259
        ],
        [
          -0.012839,
          -0.920667,
          -0.390137,
          1.355203
        ],
        [
          0.0,
          0.0,
          0.0,
          1.0
        ]
      ]
    },
    {
      "file_path": "/media/NFS/ttao/scannet/posed_images/scene0209_00/00405.jpg",
      "transform_matrix": [
        [
          -0.75473,
          -0.236826,
          0.611797,
          4.614001
        ],
        [
          -0.656027,
          0.277308,
          -0.701947,
          2.624111
        ],
        [
          -0.003417,
          -0.931136,
          -0.364657,
          1.35885
        ],
        [
          0.0,
          0.0,
          0.0,
          1.0
        ]
      ]
    },
    {
      "file_path": "/media/NFS/ttao/scannet/posed_images/scene0209_00/00413.jpg",
      "transform_matrix": [
        [
          -0.714512,
          -0.270097,
          0.645384,
          4.486156
        ],
        [
          -0.699623,
          0.276185,
          -0.658976,
          2.554777
        ],
        [
          -0.000258,
          -0.922372,
          -0.386304,
          1.356268
        ],
        [
          0.0,
          0.0,
          0.0,
          1.0
        ]
      ]
    },
    {
      "file_path": "/media/NFS/ttao/scannet/posed_images/scene0209_00/00417.jpg",
      "transform_matrix": [
        [
          -0.699807,
          -0.271216,
          0.660842,
          4.458327
        ],
        [
          -0.714235,
          0.280896,
          -0.641066,
          2.52615
        ],
        [
          -0.011761,
          -0.920619,
          -0.390285,
          1.353821
        ],
        [
          0.0,
          0.0,
          0.0,
          1.0
        ]
      ]
    },
    {
      "file_path": "/media/NFS/ttao/scannet/posed_images/scene0209_00/00424.jpg",
      "transform_matrix": [
        [
          -0.662987,
          -0.269634,
          0.698388,
          4.430482
        ],
        [
          -0.747779,
          0.282994,
          -0.600617,
          2.456001
        ],
        [
          -0.035692,
          -0.920441,
          -0.389248,
          1.334576
        ],
        [
          0.0,
          0.0,
          0.0,
          1.0
        ]
      ]
    },
    {
      "file_path": "/media/NFS/ttao/scannet/posed_images/scene0209_00/00434.jpg",
      "transform_matrix": [
        [
          -0.592522,
          -0.330231,
          0.734756,
          4.419949
        ],
        [
          -0.804835,
          0.281233,
          -0.522637,
          2.326871
        ],
        [
          -0.034047,
          -0.90103,
          -0.432417,
          1.321757
        ],
        [
          0.0,
          0.0,
          0.0,
          1.0
        ]
      ]
    },
    {
      "file_path": "/media/NFS/ttao/scannet/posed_images/scene0209_00/00436.jpg",
      "transform_matrix": [
        [
          -0.575721,
          -0.338311,
          0.744373,
          4.407321
        ],
        [
          -0.816959,
          0.275336,
          -0.506723,
          2.301899
        ],
        [
          -0.033523,
          -0.899853,
          -0.434903,
          1.324839
        ],
        [
          0.0,
          0.0,
          0.0,
          1.0
        ]
      ]
    },
    {
      "file_path": "/media/NFS/ttao/scannet/posed_images/scene0209_00/00446.jpg",
      "transform_matrix": [
        [
          -0.470777,
          -0.336975,
          0.815363,
          4.325052
        ],
        [
          -0.881409,
          0.220037,
          -0.417973,
          2.163111
        ],
        [
          -0.038563,
          -0.915441,
          -0.400601,
          1.319595
        ],
        [
          0.0,
          0.0,
          0.0,
          1.0
        ]
      ]
    },
    {
      "file_path": "/media/NFS/ttao/scannet/posed_images/scene0209_00/00448.jpg",
      "transform_matrix": [
        [
          -0.438355,
          -0.346016,
          0.829529,
          4.301499
        ],
        [
          -0.898226,
          0.201679,
          -0.390532,
          2.125397
        ],
        [
          -0.032168,
          -0.916296,
          -0.399208,
          1.315726
        ],
        [
          0.0,
          0.0,
          0.0,
          1.0
        ]
      ]
    },
    {
      "file_path": "/media/NFS/ttao/scannet/posed_images/scene0209_00/00456.jpg",
      "transform_matrix": [
        [
          -0.304562,
          -0.42413,
          0.852852,
          4.232764
        ],
        [
          -0.952491,
          0.137256,
          -0.271885,
          2.022284
        ],
        [
          -0.001744,
          -0.895139,
          -0.445783,
          1.322132
        ],
        [
          0.0,
          0.0,
          0.0,
          1.0
        ]
      ]
    },
    {
      "file_path": "/media/NFS/ttao/scannet/posed_images/scene0209_00/00462.jpg",
      "transform_matrix": [
        [
          -0.23665,
          -0.440107,
          0.8662,
          4.187503
        ],
        [
          -0.971556,
          0.115239,
          -0.206882,
          1.991246
        ],
        [
          -0.00877,
          -0.89052,
          -0.454859,
          1.327785
        ],
        [
          0.0,
          0.0,
          0.0,
          1.0
        ]
      ]
    },
    {
      "file_path": "/media/NFS/ttao/scannet/posed_images/scene0209_00/00471.jpg",
      "transform_matrix": [
        [
          -0.25876,
          -0.430004,
          0.864951,
          4.145254
        ],
        [
          -0.965543,
          0.089412,
          -0.244403,
          1.973756
        ],
        [
          0.027757,
          -0.898388,
          -0.438324,
          1.323773
        ],
        [
          0.0,
          0.0,
          0.0,
          1.0
        ]
      ]
    },
    {
      "file_path": "/media/NFS/ttao/scannet/posed_images/scene0209_00/00477.jpg",
      "transform_matrix": [
        [
          -0.264345,
          -0.39561,
          0.879553,
          4.110194
        ],
        [
          -0.964054,
          0.082995,
          -0.252412,
          1.959557
        ],
        [
          0.026858,
          -0.914661,
          -0.403329,
          1.319894
        ],
        [
          0.0,
          0.0,
          0.0,
          1.0
        ]
      ]
    },
    {
      "file_path": "/media/NFS/ttao/scannet/posed_images/scene0209_00/00485.jpg",
      "transform_matrix": [
        [
          -0.141132,
          -0.424845,
          0.894197,
          4.027881
        ],
        [
          -0.989791,
          0.042395,
          -0.136078,
          1.870743
        ],
        [
          0.019903,
          -0.904273,
          -0.426491,
          1.296898
        ],
        [
          0.0,
          0.0,
          0.0,
          1.0
        ]
      ]
    },
    {
      "file_path": "/media/NFS/ttao/scannet/posed_images/scene0209_00/00489.jpg",
      "transform_matrix": [
        [
          -0.089656,
          -0.416232,
          0.904828,
          3.984368
        ],
        [
          -0.995451,
          0.008036,
          -0.094939,
          1.807106
        ],
        [
          0.032245,
          -0.909223,
          -0.415058,
          1.296148
        ],
        [
          0.0,
          0.0,
          0.0,
          1.0
        ]
      ]
    },
    {
      "file_path": "/media/NFS/ttao/scannet/posed_images/scene0209_00/00497.jpg",
      "transform_matrix": [
        [
          -0.00425,
          -0.459732,
          0.888047,
          3.925232
        ],
        [
          -0.999889,
          -0.010708,
          -0.010329,
          1.754578
        ],
        [
          0.014258,
          -0.887993,
          -0.459636,
          1.312505
        ],
        [
          0.0,
          0.0,
          0.0,
          1.0
        ]
      ]
    },
    {
      "file_path": "/media/NFS/ttao/scannet/posed_images/scene0209_00/00507.jpg",
      "transform_matrix": [
        [
          0.120343,
          -0.420045,
          0.899488,
          3.862272
        ],
        [
          -0.992455,
          -0.072299,
          0.099019,
          1.745368
        ],
        [
          0.02344,
          -0.904619,
          -0.425577,
          1.329798
        ],
        [
          0.0,
          0.0,
          0.0,
          1.0
        ]
      ]
    },
    {
      "file_path": "/media/NFS/ttao/scannet/posed_images/scene0209_00/00509.jpg",
      "transform_matrix": [
        [
          0.146475,
          -0.418202,
          0.896466,
          3.848636
        ],
        [
          -0.988697,
          -0.091197,
          0.119002,
          1.743794
        ],
        [
          0.031988,
          -0.903765,
          -0.426833,
          1.326154
        ],
        [
          0.0,
          0.0,
          0.0,
          1.0
        ]
      ]
    },
    {
      "file_path": "/media/NFS/ttao/scannet/posed_images/scene0209_00/00518.jpg",
      "transform_matrix": [
        [
          0.252457,
          -0.426681,
          0.868452,
          3.804843
        ],
        [
          -0.966521,
          -0.153739,
          0.205432,
          1.746702
        ],
        [
          0.045861,
          -0.891239,
          -0.451209,
          1.332451
        ],
        [
          0.0,
          0.0,
          0.0,
          1.0
        ]
      ]
    },
    {
      "file_path": "/media/NFS/ttao/scannet/posed_images/scene0209_00/00528.jpg",
      "transform_matrix": [
        [
          0.37717,
          -0.391667,
          0.83925,
          3.794069
        ],
        [
          -0.926042,
          -0.145978,
          0.348049,
          1.688694
        ],
        [
          -0.013807,
