{
  "frames": [
    {
      "file_path": "/media/NFS/ttao/scannet/posed_images/scene0646_02/00008.jpg",
      "transform_matrix": [
        [
          -0.992326,
          -0.121659,
          0.022104,
          2.778175
        ],
        [
          -0.069588,
          0.401699,
          -0.913124,
          4.620199
        ],
        [
          0.102211,
          -0.907655,
          -0.407082,
          3.033856
        ],
        [
          0.0,
          0.0,
          0.0,
          1.0
        ]
      ]
    },
    {
      "file_path": "/media/NFS/ttao/scannet/posed_images/scene0646_02/00012.jpg",
      "transform_matrix": [
        [
          -0.993399,
          -0.114218,
          0.010629,
          2.788224
        ],
        [
          -0.058045,
          0.420589,
          -0.905393,
          4.604182
        ],
        [
          0.098942,
          -0.900033,
          -0.424443,
          3.057195
        ],
        [
          0.0,
          0.0,
          0.0,
          1.0
        ]
      ]
    },
    {
      "file_path": "/media/NFS/ttao/scannet/posed_images/scene0646_02/00027.jpg",
      "transform_matrix": [
        [
          -0.992459,
          -0.073686,
          -0.097953,
          2.771321
        ],
        [
          0.058674,
          0.416041,
          -0.907451,
          4.611166
        ],
        [
          0.107619,
          -0.906355,
          -0.408581,
          3.063503
        ],
        [
          0.0,
          0.0,
          0.0,
          1.0
        ]
      ]
    },
    {
      "file_path": "/media/NFS/ttao/scannet/posed_images/scene0646_02/00047.jpg",
      "transform_matrix": [
        [
          -0.957679,
          -0.014667,
          -0.287463,
          2.765329
        ],
        [
          0.264103,
          0.35234,
          -0.897834,
          4.620272
        ],
        [
          0.114453,
          -0.935757,
          -0.333555,
          3.071309
        ],
        [
          0.0,
          0.0,
          0.0,
          1.0
        ]
      ]
    },
    {
      "file_path": "/media/NFS/ttao/scannet/posed_images/scene0646_02/00058.jpg",
      "transform_matrix": [
        [
          -0.919253,
          0.02835,
          -0.392646,
          2.745399
        ],
        [
          0.379723,
          0.326967,
          -0.865392,
          4.62578
        ],
        [
          0.103849,
          -0.944611,
          -0.31133,
          3.069859
        ],
        [
          0.0,
          0.0,
          0.0,
          1.0
        ]
      ]
    },
    {
      "file_path": "/media/NFS/ttao/scannet/posed_images/scene0646_02/00062.jpg",
      "transform_matrix": [
        [
          -0.894288,
          0.052147,
          -0.444442,
          2.73135
        ],
        [
          0.435602,
          0.32886,
          -0.837915,
          4.623832
        ],
        [
          0.102464,
          -0.942938,
          -0.316812,
          3.081077
        ],
        [
          0.0,
          0.0,
          0.0,
          1.0
        ]
      ]
    },
    {
      "file_path": "/media/NFS/ttao/scannet/posed_images/scene0646_02/00086.jpg",
      "transform_matrix": [
        [
          -0.715547,
          0.174267,
          -0.676479,
          2.674863
        ],
        [
          0.694428,
          0.282673,
          -0.661714,
          4.620852
        ],
        [
          0.075907,
          -0.943254,
          -0.323281,
          3.081898
        ],
        [
          0.0,
          0.0,
          0.0,
          1.0
        ]
      ]
    },
    {
      "file_path": "/media/NFS/ttao/scannet/posed_images/scene0646_02/00090.jpg",
      "transform_matrix": [
        [
          -0.678554,
          0.187773,
          -0.710145,
          2.669067
        ],
        [
          0.730646,
          0.272081,
          -0.626202,
          4.629347
        ],
        [
          0.075633,
          -0.943776,
          -0.321817,
          3.079245
        ],
        [
          0.0,
          0.0,
          0.0,
          1.0
        ]
      ]
    },
    {
      "file_path": "/media/NFS/ttao/scannet/posed_images/scene0646_02/00109.jpg",
      "transform_matrix": [
        [
          -0.463051,
          0.26739,
          -0.845036,
          2.595086
        ],
        [
          0.884653,
          0.198078,
          -0.422083,
          4.639883
        ],
        [
          0.054522,
          -0.94301,
          -0.328268,
          3.073795
        ],
        [
          0.0,
          0.0,
          0.0,
          1.0
        ]
      ]
    },
    {
      "file_path": "/media/NFS/ttao/scannet/posed_images/scene0646_02/00125.jpg",
      "transform_matrix": [
        [
          -0.228898,
          0.322307,
          -0.918544,
          2.469899
        ],
        [
          0.973225,
          0.096093,
          -0.208806,
          4.668071
        ],
        [
          0.020966,
          -0.941745,
          -0.335672,
          3.088771
        ],
        [
          0.0,
          0.0,
          0.0,
          1.0
        ]
      ]
    },
    {
      "file_path": "/media/NFS/ttao/scannet/posed_images/scene0646_02/00133.jpg",
      "transform_matrix": [
        [
          -0.066118,
          0.336587,
          -0.939328,
          2.432256
        ],
        [
          0.997782,
          0.029635,
          -0.059613,
          4.65297
        ],
        [
          0.007772,
          -0.941186,
          -0.3378,
          3.094044
        ],
        [
          0.0,
          0.0,
          0.0,
          1.0
        ]
      ]
    },
    {
      "file_path": "/media/NFS/ttao/scannet/posed_images/scene0646_02/00148.jpg",
      "transform_matrix": [
        [
          0.24209,
          0.328729,
          -0.912869,
          2.399758
        ],
        [
          0.969885,
          -0.10792,
          0.218348,
          4.664875
        ],
        [
          -0.026739,
          -0.938238,
          -0.344956,
          3.080311
        ],
        [
          0.0,
          0.0,
          0.0,
          1.0
        ]
      ]
    },
    {
      "file_path": "/media/NFS/ttao/scannet/posed_images/scene0646_02/00160.jpg",
      "transform_matrix": [
        [
          0.376206,
          0.288508,
          -0.880473,
          2.370656
        ],
        [
          0.925091,
          -0.170009,
          0.339563,
          4.754639
        ],
        [
          -0.051722,
          -0.942263,
          -0.330855,
          3.083048
        ],
        [
          0.0,
          0.0,
          0.0,
          1.0
        ]
      ]
    },
    {
      "file_path": "/media/NFS/ttao/scannet/posed_images/scene0646_02/00168.jpg",
      "transform_matrix": [
        [
          0.477158,
          0.276065,
          -0.834331,
          2.36168
        ],
        [
          0.876614,
          -0.216694,
          0.42964,
          4.784997
        ],
        [
          -0.062186,
          -0.936393,
          -0.3454,
          3.081166
        ],
        [
          0.0,
          0.0,
          0.0,
          1.0
        ]
      ]
    },
    {
      "file_path": "/media/NFS/ttao/scannet/posed_images/scene0646_02/00183.jpg",
      "transform_matrix": [
        [
          0.75386,
          0.171843,
          -0.634165,
          2.332683
        ],
        [
          0.651872,
          -0.316382,
          0.689177,
          4.789465
        ],
        [
          -0.082208,
          -0.932937,
          -0.350527,
          3.092006
        ],
        [
          0.0,
          0.0,
          0.0,
          1.0
        ]
      ]
    },
    {
      "file_path": "/media/NFS/ttao/scannet/posed_images/scene0646_02/00199.jpg",
      "transform_matrix": [
        [
          0.905806,
          0.067439,
          -0.418292,
          2.314358
        ],
        [
          0.413457,
          -0.356388,
          0.837878,
          4.770557
        ],
        [
          -0.092569,
          -0.931901,
          -0.350702,
          3.089832
        ],
        [
          0.0,
          0.0,
          0.0,
          1.0
        ]
      ]
    },
    {
      "file_path": "/media/NFS/ttao/scannet/posed_images/scene0646_02/00210.jpg",
      "transform_matrix": [
        [
          0.959352,
          0.017347,
          -0.28168,
          2.359509
        ],
        [
          0.269181,
          -0.35606,
          0.894854,
          4.781639
        ],
        [
          -0.084772,
          -0.934302,
          -0.346257,
          3.073719
        ],
        [
          0.0,
          0.0,
          0.0,
          1.0
        ]
      ]
    },
    {
      "file_path": "/media/NFS/ttao/scannet/posed_images/scene0646_02/00222.jpg",
      "transform_matrix": [
        [
          0.98773,
          -0.04548,
          -0.149399,
          2.410863
        ],
        [
          0.121151,
          -0.380506,
          0.916808,
          4.788585
        ],
        [
          -0.098543,
          -0.92366,
          -0.370327,
          3.071708
        ],
        [
          0.0,
          0.0,
          0.0,
          1.0
        ]
      ]
    },
    {
      "file_path": "/media/NFS/ttao/scannet/posed_images/scene0646_02/00238.jpg",
      "transform_matrix": [
        [
          0.992368,
          -0.122822,
          -0.011003,
          2.443092
        ],
        [
          -0.038365,
          -0.392315,
          0.919031,
          4.784155
        ],
        [
          -0.117193,
          -0.911594,
          -0.394032,
          3.067729
        ],
        [
          0.0,
          0.0,
          0.0,
          1.0
        ]
      ]
    },
    {
      "file_path": "/media/NFS/ttao/scannet/posed_images/scene0646_02/00246.jpg",
      "transform_matrix": [
        [
          0.983754,
          -0.159587,
          0.082221,
          2.465096
        ],
        [
          -0.139557,
          -0.391728,
          0.909435,
          4.783518
        ],
        [
          -0.112926,
          -0.906135,
          -0.407636,
          3.051959
        ],
        [
          0.0,
          0.0,
          0.0,
          1.0
        ]
      ]
    },
    {
      "file_path": "/media/NFS/ttao/scannet/posed_images/scene0646_02/00261.jpg",
      "transform_matrix": [
        [
          0.915177,
          -0.26544,
          0.303303,
          2.453133
        ],
        [
          -0.387528,
          -0.372658,
          0.843178,
          4.807893
        ],
        [
          -0.110785,
          -0.889195,
          -0.443914,
          3.069312
        ],
        [
          0.0,
          0.0,
          0.0,
          1.0
        ]
      ]
    },
    {
      "file_path": "/media/NFS/ttao/scannet/posed_images/scene0646_02/00281.jpg",
      "transform_matrix": [
        [
          0.78193,
          -0.332525,
          0.52727,
          2.420841
        ],
        [
          -0.619065,
          -0.315022,
          0.719389,
          4.788239
        ],
        [
          -0.073113,
          -0.888926,
          -0.452179,
          3.052117
        ],
        [
          0.0,
          0.0,
          0.0,
          1.0
        ]
      ]
    },
    {
      "file_path": "/media/NFS/ttao/scannet/posed_images/scene0646_02/00292.jpg",
      "transform_matrix": [
        [
          0.705349,
          -0.378068,
          0.599622,
          2.452911
        ],
        [
          -0.704269,
          -0.277645,
          0.65339,
          4.752493
        ],
        [
          -0.080544,
          -0.883163,
          -0.462098,
          3.041799
        ],
        [
          0.0,
          0.0,
          0.0,
          1.0
        ]
      ]
    },
    {
      "file_path": "/media/NFS/ttao/scannet/posed_images/scene0646_02/00300.jpg",
      "transform_matrix": [
        [
          0.6504,
          -0.410775,
          0.638939,
          2.50184
        ],
        [
          -0.755255,
          -0.259959,
          0.601675,
          4.735405
        ],
        [
          -0.081055,
          -0.873891,
          -0.479317,
          3.034547
        ],
        [
          0.0,
          0.0,
          0.0,
          1.0
        ]
      ]
    },
    {
      "file_path": "/media/NFS/ttao/scannet/posed_images/scene0646_02/00312.jpg",
      "transform_matrix": [
        [
          0.513644,
          -0.477544,
          0.712827,
          2.617943
        ],
        [
          -0.852137,
          -0.186941,
          0.488789,
          4.69859
        ],
        [
          -0.100161,
          -0.85849,
          -0.502954,
          3.028639
        ],
        [
          0.0,
          0.0,
          0.0,
          1.0
        ]
      ]
    },
    {
      "file_path": "/media/NFS/ttao/scannet/posed_images/scene0646_02/00324.jpg",
      "transform_matrix": [
        [
          0.36228,
          -0.526925,
          0.768833,
          2.7007
        ],
        [
          -0.926965,
          -0.117473,
          0.356282,
          4.665389
        ],
        [
          -0.097416,
          -0.841754,
          -0.530999,
          3.015469
        ],
        [
          0.0,
          0.0,
          0.0,
          1.0
        ]
      ]
    },
    {
      "file_path": "/media/NFS/ttao/scannet/posed_images/scene0646_02/00343.jpg",
      "transform_matrix": [
        [
          0.039763,
          -0.541626,
          0.839678,
          2.711253
        ],
        [
          -0.998116,
          0.017782,
          0.058735,
          4.732543
        ],
        [
          -0.046744,
          -0.840431,
          -0.539899,
          3.01965
        ],
        [
          0.0,
          0.0,
          0.0,
          1.0
        ]
      ]
    },
    {
      "file_path": "/media/NFS/ttao/scannet/posed_images/scene0646_02/00347.jpg",
      "transform_matrix": [
        [
          0.000444,
          -0.535756,
          0.844373,
          2.709166
        ],
        [
          -0.999041,
          0.036727,
          0.023829,
          4.736012
        ],
        [
          -0.043778,
          -0.843573,
          -0.535226,
          3.019094
        ],
        [
          0.0,
          0.0,
          0.0,
          1.0
        ]
      ]
    },
    {
      "file_path": "/media/NFS/ttao/scannet/posed_images/scene0646_02/00370.jpg",
      "transform_matrix": [
        [
          -0.244652,
          -0.527136,
          0.813802,
          2.690701
        ],
        [
          -0.969535,
          0.143549,
          -0.198487,
          4.673904
        ],
        [
          -0.012191,
          -0.837569,
          -0.546196,
          3.037044
        ],
        [
          0.0,
          0.0,
          0.0,
          1.0
        ]
      ]
    },
    {
      "file_path": "/media/NFS/ttao/scannet/posed_images/scene0646_02/00382.jpg",
      "transform_matrix": [
        [
          -0.266239,
          -0.528376,
          0.806186,
          2.670837
        ],
        [
          -0.96348,
          0.170761,
          -0.206268,
          4.617888
        ],
        [
          -0.028678,
          -0.831661,
          -0.554543,
          3.041645
        ],
        [
          0.0,
          0.0,
          0.0,
          1.0
        ]
      ]
    },
    {
      "file_path": "/media/NFS/ttao/scannet/posed_images/scene0646_02/00386.jpg",
      "transform_matrix": [
        [
          -0.267958,
          -0.526372,
          0.806927,
          2.663245
        ],
        [
          -0.962687,
          0.179197,
          -0.202788,
          4.602417
        ],
        [
          -0.037856,
          -0.831156,
          -0.554749,
          3.043125
        ],
        [
          0.0,
          0.0,
          0.0,
          1.0
        ]
      ]
    },
    {
      "file_path": "/media/NFS/ttao/scannet/posed_images/scene0646_02/00401.jpg",
      "transform_matrix": [
        [
          -0.317951,
          -0.515279,
          0.795861,
          2.652263
        ],
        [
          -0.947349,
          0.206232,
          -0.244946,
          4.556509
        ],
        [
          -0.037916,
          -0.831839,
          -0.553721,
          3.048823
        ],
        [
          0.0,
          0.0,
          0.0,
          1.0
        ]
      ]
    },
    {
      "file_path": "/media/NFS/ttao/scannet/posed_images/scene0646_02/00413.jpg",
      "transform_matrix": [
        [
          -0.40929,
          -0.495138,
          0.766368,
          2.652437
        ],
        [
          -0.911789,
          0.252799,
          -0.323625,
          4.513111
        ],
        [
          -0.033498,
          -0.831222,
          -0.55493,
          3.052413
        ],
        [
          0.0,
          0.0,
          0.0,
          1.0
        ]
      ]
    },
    {
      "file_path": "/media/NFS/ttao/scannet/posed_images/scene0646_02/00425.jpg",
      "transform_matrix": [
        [
          -0.517229,
          -0.460298,
          0.721526,
          2.648772
        ],
        [
          -0.854909,
          0.317329,
          -0.410406,
          4.453189
        ],
        [
          -0.040052,
          -0.829113,
          -0.557644,
          3.054295
        ],
        [
          0.0,
          0.0,
          0.0,
          1.0
        ]
      ]
    },
    {
      "file_path": "/media/NFS/ttao/scannet/posed_images/scene0646_02/00448.jpg",
      "transform_matrix": [
        [
          -0.72034,
          -0.375269,
          0.583337,
          2.640886
        ],
        [
          -0.693525,
          0.403663,
          -0.596725,
          4.339529
        ],
        [
          -0.011539,
          -0.834404,
          -0.551033,
          3.082372
        ],
        [
          0.0,
          0.0,
          0.0,
          1.0
        ]
      ]
    },
    {
      "file_path": "/media/NFS/ttao/scannet/posed_images/scene0646_02/00456.jpg",
      "transform_matrix": [
        [
          -0.808117,
          -0.30879,
          0.501593,
          2.619248
        ],
        [
          -0.588966,
          0.435365,
          -0.680865,
          4.287109
        ],
        [
          -0.008132,
          -0.845639,
          -0.533692,
          3.082203
        ],
        [
          0.0,
          0.0,
          0.0,
          1.0
        ]
      ]
    },
    {
      "file_path": "/media/NFS/ttao/scannet/posed_images/scene0646_02/00476.jpg",
      "transform_matrix": [
        [
          -0.896781,
          -0.212933,
          0.387871,
          2.568845
        ],
        [
          -0.442027,
          0.470545,
          -0.763675,
          4.225708
        ],
        [
          -0.019899,
          -0.856299,
          -0.516098,
          3.085455
        ],
        [
          0.0,
          0.0,
          0.0,
          1.0
        ]
      ]
    },
    {
      "file_path": "/media/NFS/ttao/scannet/posed_images/scene0646_02/00483.jpg",
      "transform_matrix": [
        [
          -0.912941,
          -0.186838,
          0.36281,
          2.576408
        ],
        [
          -0.407587,
          0.461659,
          -0.787873,
          4.215264
        ],
        [
          -0.02029,
          -0.867158,
          -0.49762,
          3.084958
        ],
        [
          0.0,
          0.0,
          0.0,
          1.0
        ]
      ]
    },
    {
      "file_path": "/media/NFS/ttao/scannet/posed_images/scene0646_02/00499.jpg",
      "transform_matrix": [
        [
          -0.976522,
          -0.125955,
          0.174758,
          2.603453
        ],
        [
          -0.213069,
          0.445261,
          -0.869681,
          4.242901
        ],
        [
          0.031728,
          -0.886498,
          -0.461644,
          3.062732
        ],
        [
          0.0,
          0.0,
          0.0,
          1.0
        ]
      ]
    },
    {
      "file_path": "/media/NFS/ttao/scannet/posed_images/scene0646_02/00507.jpg",
      "transform_matrix": [
        [
          -0.990955,
          -0.115001,
          0.069156,
          2.606488
        ],
        [
          -0.11606,
          0.475779,
          -0.871874,
          4.220941
        ],
        [
          0.067363,
          -0.872014,
          -0.484822,
          3.056226
        ],
        [
          0.0,
          0.0,
          0.0,
          1.0
        ]
      ]
    },
    {
      "file_path": "/media/NFS/ttao/scannet/posed_images/scene0646_02/00518.jpg",
      "transform_matrix": [
        [
          -0.996226,
          -0.083775,
          -0.022718,
          2.58884
        ],
        [
          -0.016324,
          0.437878,
          -0.898887,
          4.116041
        ],
        [
          0.085252,
          -0.895123,
          -0.437592,
          2.996144
        ],
        [
          0.0,
          0.0,
          0.0,
          1.0
        ]
      ]
    },
    {
      "file_path": "/media/NFS/ttao/scannet/posed_images/scene0646_02/00534.jpg",
      "transform_matrix": [
        [
          -0.994807,
          0.047319,
          -0.090109,
          2.481647
        ],
        [
          0.101253,
          0.370317,
          -0.92337,
          3.959636
        ],
        [
          -0.010324,
          -0.927699,
          -0.373186,
          2.509703
        ],
        [
          0.0,
          0.0,
          0.0,
          1.0
        ]
      ]
    },
    {
      "file_path": "/media/NFS/ttao/scannet/posed_images/scene0646_02/00550.jpg",
      "transform_matrix": [
        [
          -0.999271,
          0.015362,
          -0.034945,
          2.493903
        ],
        [
          0.037973,
          0.306638,
          -0.951068,
          3.969454
        ],
        [
          -0.003895,
          -0.951702,
          -0.306998,
          2.254609
        ],
        [
          0.0,
          0.0,
          0.0,
          1.0
        ]
      ]
    },
    {
      "file_path": "/media/NFS/ttao/scannet/posed_images/scene0646_02/00565.jpg",
      "transform_matrix": [
        [
          -0.997948,
          -0.048126,
          -0.042229,
          2.508784
        ],
        [
          0.030535,
          0.221977,
          -0.974574,
          3.967632
        ],
        [
          0.056277,
          -0.973863,
          -0.220052,
          2.357605
        ],
        [
          0.0,
          0.0,
          0.0,
          1.0
        ]
      ]
    },
    {
      "file_path": "/media/NFS/ttao/scannet/posed_images/scene0646_02/00573.jpg",
      "transform_matrix": [
        [
          -0.996436,
          -0.074873,
          -0.03885,
          2.533323
        ],
        [
          0.02027,
          0.234537,
          -0.971896,
          3.955431
        ],
        [
          0.081881,
          -0.96922,
          -0.232183,
          2.477387
        ],
        [
          0.0,
          0.0,
          0.0,
          1.0
        ]
      ]
    },
    {
      "file_path": "/media/NFS/ttao/scannet/posed_images/scene0646_02/00592.jpg",
      "transform_matrix": [
        [
          -0.994779,
          -0.101794,
          -0.007196,
          2.539975
        ],
        [
          -0.019772,
          0.26144,
          -0.965017,
          3.918885
        ],
        [
          0.100114,
          -0.959837,
          -0.262088,
          2.946023
        ],
        [
          0.0,
          0.0,
          0.0,
          1.0
        ]
      ]
    },
    {
      "file_path": "/media/NFS/ttao/scannet/posed_images/scene0646_02/00600.jpg",
      "transform_matrix": [
        [
          -0.993285,
          -0.115633,
          0.003731,
          2.509681
        ],
        [
          -0.034553,
          0.265726,
          -0.963429,
          3.85358
        ],
        [
          0.110413,
          -0.957089,
          -0.267937,
          3.03098
        ],
        [
          0.0,
          0.0,
          0.0,
          1.0
        ]
      ]
    },
    {
      "file_path": "/media/NFS/ttao/scannet/posed_images/scene0646_02/00616.jpg",
      "transform_matrix": [
        [
          -0.99378,
          -0.063671,
          -0.091359,
          2.323256
        ],
        [
          0.069375,
          0.28776,
          -0.955187,
          3.702823
        ],
        [
          0.087107,
          -0.955584,
          -0.281553,
          3.1062
        ],
        [
          0.0,
          0.0,
          0.0,
          1.0
        ]
      ]
    },
    {
      "file_path": "/media/NFS/ttao/scannet/posed_images/scene0646_02/00620.jpg",
      "transform_matrix": [
        [
          -0.994009,
          -0.098594,
          -0.047179,
          2.244814
        ],
        [
          0.017713,
          0.280629,
          -0.959653,
          3.687013
        ],
        [
          0.107856,
          -0.954739,
          -0.277201,
          3.114269
        ],
        [
          0.0,
          0.0,
          0.0,
          1.0
        ]
      ]
    },
    {
      "file_path": "/media/NFS/ttao/scannet/posed_images/scene0646_02/00635.jpg",
      "transform_matrix": [
        [
          -0.980879,
          -0.162195,
          0.107564,
          2.063947
        ],
        [
          -0.150556,
          0.282142,
          -0.947486,
          3.713172
        ],
        [
          0.123329,
          -0.945563,
          -0.301166,
          3.115996
        ],
        [
          0.0,
          0.0,
          0.0,
          1.0
        ]
      ]
    },
    {
      "file_path": "/media/NFS/ttao/scannet/posed_images/scene0646_02/00651.jpg",
      "transform_matrix": [
        [
          -0.977145,
          -0.156958,
          0.143356,
          2.034525
        ],
        [
          -0.197884,
          0.425326,
          -0.883142,
          3.863288
        ],
        [
          0.077643,
          -0.891326,
          -0.446665,
          3.002601
        ],
        [
          0.0,
          0.0,
          0.0,
          1.0
        ]
      ]
    },
    {
      "file_path": "/media/NFS/ttao/scannet/posed_images/scene0646_02/00670.jpg",
      "transform_matrix": [
        [
          -0.933356,
          -0.220607,
          0.283159,
          2.029946
        ],
        [
          -0.352787,
          0.418193,
          -0.837052,
          3.855294
        ],
        [
          0.066244,
          -0.881163,
          -0.46815,
          3.003941
        ],
        [
          0.0,
          0.0,
          0.0,
          1.0
        ]
      ]
    },
    {
      "file_path": "/media/NFS/ttao/scannet/posed_images/scene0646_02/00682.jpg",
      "transform_matrix": [
        [
          -0.925462,
          -0.223315,
          0.306025,
          2.125947
        ],
        [
          -0.367585,
          0.333873,
          -0.867992,
          3.713566
        ],
        [
          0.091662,
          -0.915783,
          -0.391074,
          3.067352
        ],
        [
          0.0,
          0.0,
          0.0,
          1.0
        ]
      ]
    },
    {
      "file_path": "/media/NFS/ttao/scannet/posed_images/scene0646_02/00686.jpg",
      "transform_matrix": [
        [
          -0.921374,
          -0.243279,
          0.303126,
          2.165452
        ],
        [
          -0.373532,
          0.338644,
          -0.863594,
          3.663209
        ],
        [
          0.107443,
          -0.90892,
          -0.40289,
          3.080443
        ],
        [
          0.0,
          0.0,
          0.0,
          1.0
        ]
      ]
    },
    {
      "file_path": "/media/NFS/ttao/scannet/posed_images/scene0646_02/00698.jpg",
      "transform_matrix": [
        [
          -0.849287,
          -0.318183,
          0.421273,
          2.285458
        ],
        [
          -0.51744,
          0.343395,
          -0.783796,
          3.504358
        ],
        [
          0.104728,
          -0.883651,
          -0.456282,
          3.103806
        ],
        [
          0.0,
          0.0,
          0.0,
          1.0
        ]
      ]
    },
    {
      "file_path": "/media/NFS/ttao/scannet/posed_images/scene0646_02/00717.jpg",
      "transform_matrix": [
        [
          -0.628494,
          -0.390809,
          0.672505,
          2.364954
        ],
        [
          -0.777557,
          0.293441,
          -0.556145,
          3.195856
        ],
        [
          0.020006,
          -0.872445,
          -0.488303,
          3.092886
        ],
        [
          0.0,
          0.0,
          0.0,
          1.0
        ]
      ]
    },
    {
      "file_path": "/media/NFS/ttao/scannet/posed_images/scene0646_02/00729.jpg",
      "transform_matrix": [
        [
          -0.556908,
          -0.428213,
          0.711679,
          2.539806
        ],
        [
          -0.82889,
          0.231991,
          -0.50904,
          2.958969
        ],
        [
          0.052875,
          -0.873392,
          -0.484139,
          3.106931
        ],
        [
          0.0,
          0.0,
          0.0,
          1.0
        ]
      ]
    },
    {
      "file_path": "/media/NFS/ttao/scannet/posed_images/scene0646_02/00737.jpg",
      "transform_matrix": [
        [
          -0.503042,
          -0.461268,
          0.730876,
          2.614359
        ],
        [
          -0.862997,
          0.22236,
          -0.453642,
          2.8412
        ],
        [
          0.046733,
          -0.858946,
          -0.50993,
          3.076253
        ],
        [
          0.0,
          0.0,
          0.0,
          1.0
        ]
      ]
    },
    {
      "file_path": "/media/NFS/ttao/scannet/posed_images/scene0646_02/00756.jpg",
      "transform_matrix": [
        [
          -0.184868,
          -0.629767,
          0.754464,
          2.777429
        ],
        [
          -0.982541,
          0.102126,
          -0.155508,
          2.577675
        ],
        [
          0.020883,
          -0.770041,
          -0.637653,
          3.082643
        ],
        [
          0.0,
          0.0,
          0.0,
          1.0
        ]
      ]
    },
    {
      "file_path": "/media/NFS/ttao/scannet/posed_images/scene0646_02/00764.jpg",
      "transform_matrix": [
        [
          -0.124296,
          -0.68456,
          0.718281,
          2.842053
        ],
        [
          -0.992235,
          0.082456,
          -0.093118,
          2.509363
        ],
        [
          0.004518,
          -0.724278,
          -0.689493,
          3.066524
        ],
        [
          0.0,
          0.0,
          0.0,
          1.0
        ]
      ]
    },
    {
      "file_path": "/media/NFS/ttao/scannet/posed_images/scene0646_02/00787.jpg",
      "transform_matrix": [
        [
          -0.322716,
          -0.737797,
          0.592883,
          3.045
        ],
        [
          -0.942437,
          0.192534,
          -0.273391,
          2.373857
        ],
        [
          0.087556,
          -0.646983,
          -0.757461,
          3.046678
        ],
        [
          0.0,
          0.0,
          0.0,
          1.0
        ]
      ]
    },
    {
      "file_path": "/media/NFS/ttao/scannet/posed_images/scene0646_02/00795.jpg",
      "transform_matrix": [
        [
          -0.17336,
          -0.745203,
          0.643909,
          3.064638
        ],
        [
          -0.982509,
          0.085733,
          -0.165303,
          2.338609
        ],
        [
          0.06798,
          -0.661304,
          -0.747031,
          3.06326
        ],
        [
          0.0,
          0.0,
          0.0,
          1.0
        ]
      ]
    },
    {
      "file_path": "/media/NFS/ttao/scannet/posed_images/scene0646_02/00811.jpg",
      "transform_matrix": [
        [
          0.020979,
          -0.736697,
          0.675898,
          3.185447
        ],
        [
          -0.998507,
          -0.049552,
          -0.023017,
          2.332887
        ],
        [
          0.050449,
          -0.674406,
          -0.736636,
          3.08205
        ],
        [
          0.0,
          0.0,
          0.0,
          1.0
        ]
      ]
    },
    {
      "file_path": "/media/NFS/ttao/scannet/posed_images/scene0646_02/00815.jpg",
      "transform_matrix": [
        [
          0.038309,
          -0.737964,
          0.673751,
          3.239035
        ],
        [
          -0.997189,
          -0.071678,
          -0.02181,
          2.34957
        ],
        [
          0.064388,
          -0.671022,
          -0.738636,
          3.083418
        ],
        [
          0.0,
          0.0,
          0.0,
          1.0
        ]
      ]
    },
    {
      "file_path": "/media/NFS/ttao/scannet/posed_images/scene0646_02/00834.jpg",
      "transform_matrix": [
        [
          0.337242,
          -0.612429,
          0.714981,
          3.451606
        ],
        [
          -0.938592,
          -0.159927,
          0.305726,
          2.359013
        ],
        [
          -0.072891,
          -0.774179,
          -0.628755,
          3.104967
        ],
        [
          0.0,
          0.0,
          0.0,
          1.0
        ]
      ]
    },
    {
      "file_path": "/media/NFS/ttao/scannet/posed_images/scene0646_02/00850.jpg",
      "transform_matrix": [
        [
          0.622494,
          -0.502808,
          0.599738,
          3.602108
        ],
        [
          -0.764887,
          -0.228641,
          0.602222,
          2.231606
        ],
        [
          -0.165677,
          -0.833611,
          -0.526919,
          3.112457
        ],
        [
          0.0,
          0.0,
          0.0,
          1.0
        ]
      ]
    },
    {
      "file_path": "/media/NFS/ttao/scannet/posed_images/scene0646_02/00865.jpg",
      "transform_matrix": [
        [
          0.79191,
          -0.41487,
          0.448063,
          3.766274
        ],
        [
          -0.595796,
          -0.36416,
          0.715831,
          2.115294
        ],
        [
          -0.13381,
          -0.833828,
          -0.53556,
          3.081672
        ],
        [
          0.0,
          0.0,
          0.0,
          1.0
        ]
      ]
    },
    {
      "file_path": "/media/NFS/ttao/scannet/posed_images/scene0646_02/00869.jpg",
      "transform_matrix": [
        [
          0.817693,
          -0.406951,
          0.407146,
          3.798227
        ],
        [
          -0.556082,
          -0.375547,
          0.741442,
          2.079033
        ],
        [
          -0.148827,
          -0.832679,
          -0.533381,
          3.085331
        ],
        [
          0.0,
          0.0,
          0.0,
          1.0
        ]
      ]
    },
    {
      "file_path": "/media/NFS/ttao/scannet/posed_images/scene0646_02/00881.jpg",
      "transform_matrix": [
        [
          0.921252,
          -0.296793,
          0.251414,
          3.83281
        ],
        [
          -0.361768,
          -0.416332,
          0.834142,
          1.933662
        ],
        [
          -0.142896,
          -0.859408,
          -0.490917,
          3.090273
        ],
        [
          0.0,
          0.0,
          0.0,
          1.0
        ]
      ]
    },
    {
      "file_path": "/media/NFS/ttao/scannet/posed_images/scene0646_02/00897.jpg",
      "transform_matrix": [
        [
          0.977305,
          -0.173673,
          0.121292,
          3.84746
        ],
        [
          -0.167652,
          -0.284131,
          0.944014,
          1.769994
        ],
        [
          -0.129487,
          -0.942925,
          -0.306799,
          3.1369
        ],
        [
          0.0,
          0.0,
          0.0,
          1.0
        ]
      ]
    },
    {
      "file_path": "/media/NFS/ttao/scannet/posed_images/scene0646_02/00908.jpg",
      "transform_matrix": [
        [
          0.99056,
          -0.112702,
          0.078034,
          3.855257
        ],
        [
          -0.100322,
          -0.208087,
          0.972952,
          1.640623
        ],
        [
          -0.093416,
          -0.971595,
          -0.217429,
          3.169129
        ],
        [
          0.0,
          0.0,
          0.0,
          1.0
        ]
      ]
    },
    {
      "file_path": "/media/NFS/ttao/scannet/posed_images/scene0646_02/00920.jpg",
      "transform_matrix": [
        [
          0.994097,
          -0.056912,
          0.092366,
          3.874994
        ],
        [
          -0.101363,
          -0.183689,
          0.977744,
          1.482885
        ],
        [
          -0.038678,
          -0.981336,
          -0.188373,
          3.185936
        ],
        [
          0.0,
          0.0,
          0.0,
          1.0
        ]
      ]
    },
    {
      "file_path": "/media/NFS/ttao/scannet/posed_images/scene0646_02/00943.jpg",
      "transform_matrix": [
        [
          0.968085,
          -0.075099,
          0.239105,
          3.860332
        ],
        [
          -0.249754,
          -0.209766,
          0.945316,
          1.21432
        ],
        [
          -0.020836,
          -0.974863,
          -0.221827,
          3.171923
        ],
        [
          0.0,
          0.0,
          0.0,
          1.0
        ]
      ]
    },
    {
      "file_path": "/media/NFS/ttao/scannet/posed_images/scene0646_02/00947.jpg",
      "transform_matrix": [
        [
          0.966602,
          -0.088236,
          0.240616,
          3.880616
        ],
        [
          -0.254637,
          -0.224373,
          0.940647,
          1.158793
        ],
        [
          -0.029012,
          -0.9705,
          -0.239348,
          3.167844
        ],
        [
          0.0,
          0.0,
          0.0,
          1.0
        ]
      ]
    },
    {
      "file_path": "/media/NFS/ttao/scannet/posed_images/scene0646_02/00967.jpg",
      "transform_matrix": [
        [
          0.994043,
          -0.077221,
          0.076915,
          4.031108
        ],
        [
          -0.102351,
          -0.418835,
          0.902276,
          0.979834
        ],
        [
          -0.03746,
          -0.904773,
          -0.424244,
          3.117256
        ],
        [
          0.0,
          0.0,
          0.0,
          1.0
        ]
      ]
    },
    {
      "file_path": "/media/NFS/ttao/scannet/posed_images/scene0646_02/00971.jpg",
      "transform_matrix": [
        [
          0.994579,
          -0.084075,
          0.061188,
          4.05457
        ],
        [
          -0.093933,
          -0.474045,
          0.875476,
          0.994348
        ],
        [
          -0.0446,
          -0.876478,
          -0.479372,
          3.107809
        ],
        [
          0.0,
          0.0,
          0.0,
          1.0
        ]
      ]
    },
    {
      "file_path": "/media/NFS/ttao/scannet/posed_images/scene0646_02/00994.jpg",
      "transform_matrix": [
        [
          0.999202,
          -0.000732,
          -0.039935,
          4.326663
        ],
        [
          0.032924,
          -0.55099,
          0.833862,
          1.024985
        ],
        [
          -0.022614,
          -0.834512,
          -0.550526,
          3.068861
        ],
        [
          0.0,
          0.0,
          0.0,
          1.0
        ]
      ]
    },
    {
      "file_path": "/media/NFS/ttao/scannet/posed_images/scene0646_02/01002.jpg",
      "transform_matrix": [
        [
          0.992715,
          0.051433,
          -0.108961,
          4.455952
        ],
        [
          0.119294,
          -0.546647,
          0.828822,
          1.003284
        ],
        [
          -0.016935,
