{
  "frames": [
    {
      "file_path": "/media/NFS/ttao/scannet/posed_images/scene0233_01/00000.jpg",
      "transform_matrix": [
        [
          -0.739202,
          0.450228,
          -0.500874,
          2.991264
        ],
        [
          0.673267,
          0.47514,
          -0.566528,
          3.074819
        ],
        [
          -0.017081,
          -0.756001,
          -0.654348,
          1.374571
        ],
        [
          0.0,
          0.0,
          0.0,
          1.0
        ]
      ]
    },
    {
      "file_path": "/media/NFS/ttao/scannet/posed_images/scene0233_01/00033.jpg",
      "transform_matrix": [
        [
          -0.603178,
          0.495108,
          -0.625335,
          2.942176
        ],
        [
          0.797603,
          0.376814,
          -0.471,
          3.132047
        ],
        [
          0.002439,
          -0.782866,
          -0.622185,
          1.413209
        ],
        [
          0.0,
          0.0,
          0.0,
          1.0
        ]
      ]
    },
    {
      "file_path": "/media/NFS/ttao/scannet/posed_images/scene0233_01/00050.jpg",
      "transform_matrix": [
        [
          -0.486466,
          0.528097,
          -0.696034,
          2.917564
        ],
        [
          0.873699,
          0.2931,
          -0.388256,
          3.192891
        ],
        [
          -0.001029,
          -0.796998,
          -0.603981,
          1.411203
        ],
        [
          0.0,
          0.0,
          0.0,
          1.0
        ]
      ]
    },
    {
      "file_path": "/media/NFS/ttao/scannet/posed_images/scene0233_01/00083.jpg",
      "transform_matrix": [
        [
          -0.203687,
          0.462613,
          -0.862844,
          2.893747
        ],
        [
          0.978368,
          0.063633,
          -0.196841,
          3.285794
        ],
        [
          -0.036156,
          -0.884274,
          -0.465567,
          1.442009
        ],
        [
          0.0,
          0.0,
          0.0,
          1.0
        ]
      ]
    },
    {
      "file_path": "/media/NFS/ttao/scannet/posed_images/scene0233_01/00107.jpg",
      "transform_matrix": [
        [
          0.102337,
          0.437653,
          -0.893301,
          2.897132
        ],
        [
          0.994254,
          -0.073334,
          0.077975,
          3.305044
        ],
        [
          -0.031384,
          -0.896148,
          -0.442644,
          1.429855
        ],
        [
          0.0,
          0.0,
          0.0,
          1.0
        ]
      ]
    },
    {
      "file_path": "/media/NFS/ttao/scannet/posed_images/scene0233_01/00149.jpg",
      "transform_matrix": [
        [
          0.609203,
          0.309381,
          -0.730174,
          2.821552
        ],
        [
          0.791186,
          -0.299599,
          0.533165,
          3.531709
        ],
        [
          -0.053809,
          -0.90251,
          -0.427294,
          1.427859
        ],
        [
          0.0,
          0.0,
          0.0,
          1.0
        ]
      ]
    },
    {
      "file_path": "/media/NFS/ttao/scannet/posed_images/scene0233_01/00165.jpg",
      "transform_matrix": [
        [
          0.799207,
          0.223394,
          -0.557999,
          2.778135
        ],
        [
          0.598444,
          -0.382203,
          0.704121,
          3.566036
        ],
        [
          -0.055973,
          -0.896669,
          -0.439148,
          1.43855
        ],
        [
          0.0,
          0.0,
          0.0,
          1.0
        ]
      ]
    },
    {
      "file_path": "/media/NFS/ttao/scannet/posed_images/scene0233_01/00190.jpg",
      "transform_matrix": [
        [
          0.959074,
          0.092305,
          -0.267686,
          2.781212
        ],
        [
          0.279975,
          -0.450392,
          0.847797,
          3.608824
        ],
        [
          -0.042308,
          -0.888046,
          -0.457803,
          1.459204
        ],
        [
          0.0,
          0.0,
          0.0,
          1.0
        ]
      ]
    },
    {
      "file_path": "/media/NFS/ttao/scannet/posed_images/scene0233_01/00215.jpg",
      "transform_matrix": [
        [
          0.998691,
          -0.047752,
          -0.018303,
          2.848748
        ],
        [
          -0.003763,
          -0.425546,
          0.904929,
          3.727659
        ],
        [
          -0.051001,
          -0.903676,
          -0.425169,
          1.450388
        ],
        [
          0.0,
          0.0,
          0.0,
          1.0
        ]
      ]
    },
    {
      "file_path": "/media/NFS/ttao/scannet/posed_images/scene0233_01/00248.jpg",
      "transform_matrix": [
        [
          0.855536,
          -0.26329,
          0.445798,
          2.843183
        ],
        [
          -0.51526,
          -0.348745,
          0.782869,
          3.819757
        ],
        [
          -0.050652,
          -0.899475,
          -0.434027,
          1.450283
        ],
        [
          0.0,
          0.0,
          0.0,
          1.0
        ]
      ]
    },
    {
      "file_path": "/media/NFS/ttao/scannet/posed_images/scene0233_01/00289.jpg",
      "transform_matrix": [
        [
          0.435163,
          -0.434139,
          0.788769,
          2.910188
        ],
        [
          -0.899332,
          -0.167901,
          0.403748,
          3.740002
        ],
        [
          -0.042847,
          -0.885061,
          -0.463499,
          1.446236
        ],
        [
          0.0,
          0.0,
          0.0,
          1.0
        ]
      ]
    },
    {
      "file_path": "/media/NFS/ttao/scannet/posed_images/scene0233_01/00298.jpg",
      "transform_matrix": [
        [
          0.349582,
          -0.433485,
          0.830592,
          2.947939
        ],
        [
          -0.935941,
          -0.121362,
          0.330583,
          3.708539
        ],
        [
          -0.0425,
          -0.892951,
          -0.448143,
          1.442379
        ],
        [
          0.0,
          0.0,
          0.0,
          1.0
        ]
      ]
    },
    {
      "file_path": "/media/NFS/ttao/scannet/posed_images/scene0233_01/00347.jpg",
      "transform_matrix": [
        [
          -0.092624,
          -0.450508,
          0.887954,
          3.151266
        ],
        [
          -0.993166,
          0.105398,
          -0.050125,
          3.443883
        ],
        [
          -0.071007,
          -0.886529,
          -0.457192,
          1.444999
        ],
        [
          0.0,
          0.0,
          0.0,
          1.0
        ]
      ]
    },
    {
      "file_path": "/media/NFS/ttao/scannet/posed_images/scene0233_01/00364.jpg",
      "transform_matrix": [
        [
          -0.264957,
          -0.456149,
          0.849544,
          3.198046
        ],
        [
          -0.962485,
          0.178545,
          -0.204315,
          3.410134
        ],
        [
          -0.058484,
          -0.871808,
          -0.486344,
          1.439854
        ],
        [
          0.0,
          0.0,
          0.0,
          1.0
        ]
      ]
    },
    {
      "file_path": "/media/NFS/ttao/scannet/posed_images/scene0233_01/00380.jpg",
      "transform_matrix": [
        [
          -0.451869,
          -0.454867,
          0.767405,
          3.236318
        ],
        [
          -0.890944,
          0.273582,
          -0.362452,
          3.395777
        ],
        [
          -0.04508,
          -0.847496,
          -0.528884,
          1.421366
        ],
        [
          0.0,
          0.0,
          0.0,
          1.0
        ]
      ]
    },
    {
      "file_path": "/media/NFS/ttao/scannet/posed_images/scene0233_01/00413.jpg",
      "transform_matrix": [
        [
          -0.721319,
          -0.336165,
          0.605551,
          3.261926
        ],
        [
          -0.691987,
          0.386663,
          -0.609627,
          3.395195
        ],
        [
          -0.029209,
          -0.858769,
          -0.51153,
          1.430416
        ],
        [
          0.0,
          0.0,
          0.0,
          1.0
        ]
      ]
    },
    {
      "file_path": "/media/NFS/ttao/scannet/posed_images/scene0233_01/00438.jpg",
      "transform_matrix": [
        [
          -0.82158,
          -0.27506,
          0.499348,
          3.253431
        ],
        [
          -0.569908,
          0.418599,
          -0.707093,
          3.40928
        ],
        [
          -0.014533,
          -0.865515,
          -0.500672,
          1.426228
        ],
        [
          0.0,
          0.0,
          0.0,
          1.0
        ]
      ]
    },
    {
      "file_path": "/media/NFS/ttao/scannet/posed_images/scene0233_01/00480.jpg",
      "transform_matrix": [
        [
          -0.946026,
          -0.160495,
          0.281558,
          3.030961
        ],
        [
          -0.323577,
          0.516572,
          -0.79275,
          3.320791
        ],
        [
          -0.018212,
          -0.841068,
          -0.540623,
          1.419175
        ],
        [
          0.0,
          0.0,
          0.0,
          1.0
        ]
      ]
    },
    {
      "file_path": "/media/NFS/ttao/scannet/posed_images/scene0233_01/00496.jpg",
      "transform_matrix": [
        [
          -0.982696,
          -0.076039,
          0.168899,
          2.946086
        ],
        [
          -0.183143,
          0.535264,
          -0.824591,
          3.28459
        ],
        [
          -0.027705,
          -0.841255,
          -0.539928,
          1.41623
        ],
        [
          0.0,
          0.0,
          0.0,
          1.0
        ]
      ]
    },
    {
      "file_path": "/media/NFS/ttao/scannet/posed_images/scene0233_01/00521.jpg",
      "transform_matrix": [
        [
          -0.995993,
          0.085155,
          -0.027321,
          2.896421
        ],
        [
          0.068081,
          0.523866,
          -0.849075,
          3.271333
        ],
        [
          -0.05799,
          -0.847533,
          -0.527565,
          1.409356
        ],
        [
          0.0,
          0.0,
          0.0,
          1.0
        ]
      ]
    },
    {
      "file_path": "/media/NFS/ttao/scannet/posed_images/scene0233_01/00554.jpg",
      "transform_matrix": [
        [
          -0.933886,
          0.272821,
          -0.231141,
          2.896506
        ],
        [
          0.348008,
          0.544981,
          -0.762814,
          3.26
        ],
        [
          -0.082144,
          -0.792821,
          -0.603894,
          1.377474
        ],
        [
          0.0,
          0.0,
          0.0,
          1.0
        ]
      ]
    },
    {
      "file_path": "/media/NFS/ttao/scannet/posed_images/scene0233_01/00587.jpg",
      "transform_matrix": [
        [
          -0.865449,
          0.353595,
          -0.354921,
          2.873886
        ],
        [
          0.496599,
          0.511791,
          -0.701042,
          3.251855
        ],
        [
          -0.06624,
          -0.782969,
          -0.618524,
          1.369407
        ],
        [
          0.0,
          0.0,
          0.0,
          1.0
        ]
      ]
    },
    {
      "file_path": "/media/NFS/ttao/scannet/posed_images/scene0233_01/00604.jpg",
      "transform_matrix": [
        [
          -0.899862,
          0.303068,
          -0.313685,
          2.905296
        ],
        [
          0.434147,
          0.553069,
          -0.711077,
          3.204754
        ],
        [
          -0.042015,
          -0.776057,
          -0.629262,
          1.360581
        ],
        [
          0.0,
          0.0,
          0.0,
          1.0
        ]
      ]
    },
    {
      "file_path": "/media/NFS/ttao/scannet/posed_images/scene0233_01/00628.jpg",
      "transform_matrix": [
        [
          -0.865331,
          0.341994,
          -0.366392,
          3.21028
        ],
        [
          0.500816,
          0.561334,
          -0.658853,
          3.080695
        ],
        [
          -0.019655,
          -0.753621,
          -0.657016,
          1.363753
        ],
        [
          0.0,
          0.0,
          0.0,
          1.0
        ]
      ]
    },
    {
      "file_path": "/media/NFS/ttao/scannet/posed_images/scene0233_01/00653.jpg",
      "transform_matrix": [
        [
          -0.723989,
          0.460329,
          -0.513747,
          3.511317
        ],
        [
          0.688846,
          0.443072,
          -0.573741,
          2.804378
        ],
        [
          -0.036483,
          -0.769275,
          -0.637875,
          1.361769
        ],
        [
          0.0,
          0.0,
          0.0,
          1.0
        ]
      ]
    },
    {
      "file_path": "/media/NFS/ttao/scannet/posed_images/scene0233_01/00695.jpg",
      "transform_matrix": [
        [
          -0.221719,
          0.676646,
          -0.702133,
          3.69585
        ],
        [
          0.970113,
          0.08026,
          -0.228995,
          2.546677
        ],
        [
          -0.098595,
          -0.731921,
          -0.674218,
          1.37374
        ],
        [
          0.0,
          0.0,
          0.0,
          1.0
        ]
      ]
    },
    {
      "file_path": "/media/NFS/ttao/scannet/posed_images/scene0233_01/00728.jpg",
      "transform_matrix": [
        [
          0.284206,
          0.556801,
          -0.780512,
          3.999103
        ],
        [
          0.954428,
          -0.241631,
          0.17516,
          2.508544
        ],
        [
          -0.091067,
          -0.794724,
          -0.6001,
          1.422683
        ],
        [
          0.0,
          0.0,
          0.0,
          1.0
        ]
      ]
    },
    {
      "file_path": "/media/NFS/ttao/scannet/posed_images/scene0233_01/00761.jpg",
      "transform_matrix": [
        [
          0.531639,
          0.337305,
          -0.776907,
          4.244159
        ],
        [
          0.846144,
          -0.252049,
          0.469588,
          2.33809
        ],
        [
          -0.037425,
          -0.907026,
          -0.419408,
          1.474706
        ],
        [
          0.0,
          0.0,
          0.0,
          1.0
        ]
      ]
    },
    {
      "file_path": "/media/NFS/ttao/scannet/posed_images/scene0233_01/00769.jpg",
      "transform_matrix": [
        [
          0.536147,
          0.289343,
          -0.792986,
          4.308229
        ],
        [
          0.843176,
          -0.228099,
          0.486853,
          2.323823
        ],
        [
          -0.040012,
          -0.929651,
          -0.366262,
          1.477592
        ],
        [
          0.0,
          0.0,
          0.0,
          1.0
        ]
      ]
    },
    {
      "file_path": "/media/NFS/ttao/scannet/posed_images/scene0233_01/00802.jpg",
      "transform_matrix": [
        [
          0.660877,
          0.137299,
          -0.737828,
          4.404792
        ],
        [
          0.750312,
          -0.099194,
          0.6536,
          2.219745
        ],
        [
          0.016551,
          -0.985551,
          -0.168572,
          1.483604
        ],
        [
          0.0,
          0.0,
          0.0,
          1.0
        ]
      ]
    },
    {
      "file_path": "/media/NFS/ttao/scannet/posed_images/scene0233_01/00827.jpg",
      "transform_matrix": [
        [
          0.378303,
          0.21167,
          -0.901156,
          4.482574
        ],
        [
          0.92191,
          -0.173942,
          0.346159,
          2.34294
        ],
        [
          -0.083477,
          -0.961738,
          -0.260944,
          1.488397
        ],
        [
          0.0,
          0.0,
          0.0,
          1.0
        ]
      ]
    },
    {
      "file_path": "/media/NFS/ttao/scannet/posed_images/scene0233_01/00852.jpg",
      "transform_matrix": [
        [
          0.042132,
          0.30475,
          -0.9515,
          4.499513
        ],
        [
          0.99741,
          -0.068388,
          0.022262,
          2.505072
        ],
        [
          -0.058288,
          -0.949974,
          -0.306842,
          1.475984
        ],
        [
          0.0,
          0.0,
          0.0,
          1.0
        ]
      ]
    },
    {
      "file_path": "/media/NFS/ttao/scannet/posed_images/scene0233_01/00876.jpg",
      "transform_matrix": [
        [
          -0.137587,
          0.439599,
          -0.887594,
          4.522721
        ],
        [
          0.986994,
          -0.014373,
          -0.160113,
          2.456348
        ],
        [
          -0.083143,
          -0.898079,
          -0.431904,
          1.459445
        ],
        [
          0.0,
          0.0,
          0.0,
          1.0
        ]
      ]
    },
    {
      "file_path": "/media/NFS/ttao/scannet/posed_images/scene0233_01/00918.jpg",
      "transform_matrix": [
        [
          -0.408344,
          0.263116,
          -0.874085,
          4.558863
        ],
        [
          0.910247,
          0.045406,
          -0.411568,
          2.39983
        ],
        [
          -0.068601,
          -0.963695,
          -0.258042,
          1.538315
        ],
        [
          0.0,
          0.0,
          0.0,
          1.0
        ]
      ]
    },
    {
      "file_path": "/media/NFS/ttao/scannet/posed_images/scene0233_01/00951.jpg",
      "transform_matrix": [
        [
          -0.499327,
          0.083431,
          -0.862387,
          4.591949
        ],
        [
          0.866149,
          0.023492,
          -0.499233,
          2.389081
        ],
        [
          -0.021392,
          -0.996237,
          -0.083994,
          1.556507
        ],
        [
          0.0,
          0.0,
          0.0,
          1.0
        ]
      ]
    },
    {
      "file_path": "/media/NFS/ttao/scannet/posed_images/scene0233_01/00959.jpg",
      "transform_matrix": [
        [
          -0.534404,
          0.065683,
          -0.842673,
          4.598082
        ],
        [
          0.844925,
          0.014776,
          -0.534681,
          2.388874
        ],
        [
          -0.022669,
          -0.997731,
          -0.063394,
          1.561426
        ],
        [
          0.0,
          0.0,
          0.0,
          1.0
        ]
      ]
    },
    {
      "file_path": "/media/NFS/ttao/scannet/posed_images/scene0233_01/01000.jpg",
      "transform_matrix": [
        [
          -0.566618,
          0.365404,
          -0.738528,
          4.579487
        ],
        [
          0.823502,
          0.220577,
          -0.522677,
          2.349709
        ],
        [
          -0.028086,
          -0.904337,
          -0.425893,
          1.486138
        ],
        [
          0.0,
          0.0,
          0.0,
          1.0
        ]
      ]
    },
    {
      "file_path": "/media/NFS/ttao/scannet/posed_images/scene0233_01/01025.jpg",
      "transform_matrix": [
        [
          -0.534582,
          0.49828,
          -0.682597,
          4.574297
        ],
        [
          0.844078,
          0.274784,
          -0.460462,
          2.344914
        ],
        [
          -0.041873,
          -0.82232,
          -0.567482,
          1.461383
        ],
        [
          0.0,
          0.0,
          0.0,
          1.0
        ]
      ]
    },
    {
      "file_path": "/media/NFS/ttao/scannet/posed_images/scene0233_01/01050.jpg",
      "transform_matrix": [
        [
          -0.537653,
          0.63097,
          -0.55929,
          4.573678
        ],
        [
          0.841645,
          0.361789,
          -0.400928,
          2.324252
        ],
        [
          -0.050629,
          -0.686284,
          -0.72557,
          1.396618
        ],
        [
          0.0,
          0.0,
          0.0,
          1.0
        ]
      ]
    },
    {
      "file_path": "/media/NFS/ttao/scannet/posed_images/scene0233_01/01067.jpg",
      "transform_matrix": [
        [
          -0.544616,
          0.664721,
          -0.51141,
          4.566268
        ],
        [
          0.834863,
          0.371526,
          -0.406168,
          2.325586
        ],
        [
          -0.079987,
          -0.648163,
          -0.75729,
          1.382881
        ],
        [
          0.0,
          0.0,
          0.0,
          1.0
        ]
      ]
    },
    {
      "file_path": "/media/NFS/ttao/scannet/posed_images/scene0233_01/01100.jpg",
      "transform_matrix": [
        [
          -0.200344,
          0.641291,
          -0.740681,
          4.528622
        ],
        [
          0.978476,
          0.092795,
          -0.184321,
          2.335771
        ],
        [
          -0.049472,
          -0.761666,
          -0.646079,
          1.374834
        ],
        [
          0.0,
          0.0,
          0.0,
          1.0
        ]
      ]
    },
    {
      "file_path": "/media/NFS/ttao/scannet/posed_images/scene0233_01/01141.jpg",
      "transform_matrix": [
        [
          0.373191,
          0.523161,
          -0.76618,
          4.357522
        ],
        [
          0.927451,
          -0.231487,
          0.29368,
          2.290786
        ],
        [
          -0.023719,
          -0.820193,
          -0.571595,
          1.391833
        ],
        [
          0.0,
          0.0,
          0.0,
          1.0
        ]
      ]
    },
    {
      "file_path": "/media/NFS/ttao/scannet/posed_images/scene0233_01/01149.jpg",
      "transform_matrix": [
        [
          0.413708,
          0.487156,
          -0.769106,
          4.347049
        ],
        [
          0.910315,
          -0.233531,
          0.341746,
          2.283198
        ],
        [
          -0.013126,
          -0.841512,
          -0.540079,
          1.387915
        ],
        [
          0.0,
          0.0,
          0.0,
          1.0
        ]
      ]
    },
    {
      "file_path": "/media/NFS/ttao/scannet/posed_images/scene0233_01/01199.jpg",
      "transform_matrix": [
        [
          0.737559,
          0.185517,
          -0.6493,
          4.29169
        ],
        [
          0.675262,
          -0.195078,
          0.711313,
          2.13955
        ],
        [
          0.005297,
          -0.963083,
          -0.269154,
          1.489315
        ],
        [
          0.0,
          0.0,
          0.0,
          1.0
        ]
      ]
    },
    {
      "file_path": "/media/NFS/ttao/scannet/posed_images/scene0233_01/01207.jpg",
      "transform_matrix": [
        [
          0.723796,
          0.137189,
          -0.676239,
          4.304525
        ],
        [
          0.689999,
          -0.150425,
          0.708007,
          2.160778
        ],
        [
          -0.004593,
          -0.979056,
          -0.203537,
          1.507643
        ],
        [
          0.0,
          0.0,
          0.0,
          1.0
        ]
      ]
    },
    {
      "file_path": "/media/NFS/ttao/scannet/posed_images/scene0233_01/01248.jpg",
      "transform_matrix": [
        [
          0.955973,
          0.083606,
          -0.281293,
          4.211596
        ],
        [
          0.289632,
          -0.114614,
          0.950251,
          2.08931
        ],
        [
          0.047207,
          -0.989886,
          -0.133783,
          1.50739
        ],
        [
          0.0,
          0.0,
          0.0,
          1.0
        ]
      ]
    },
    {
      "file_path": "/media/NFS/ttao/scannet/posed_images/scene0233_01/01265.jpg",
      "transform_matrix": [
        [
          0.993174,
          0.075771,
          -0.088679,
          4.189075
        ],
        [
          0.093569,
          -0.063619,
          0.993578,
          2.071665
        ],
        [
          0.069643,
          -0.995094,
          -0.070275,
          1.523469
        ],
        [
          0.0,
          0.0,
          0.0,
          1.0
        ]
      ]
    },
    {
      "file_path": "/media/NFS/ttao/scannet/posed_images/scene0233_01/01290.jpg",
      "transform_matrix": [
        [
          0.996332,
          0.077734,
          0.035767,
          4.203855
        ],
        [
          -0.039267,
          0.043962,
          0.998261,
          2.087845
        ],
        [
          0.076026,
          -0.996004,
          0.046853,
          1.542067
        ],
        [
          0.0,
          0.0,
          0.0,
          1.0
        ]
      ]
    },
    {
      "file_path": "/media/NFS/ttao/scannet/posed_images/scene0233_01/01339.jpg",
      "transform_matrix": [
        [
          0.999262,
          0.006286,
          0.037891,
          4.238912
        ],
        [
          -0.029478,
          -0.50694,
          0.861477,
          2.126485
        ],
        [
          0.024624,
          -0.861958,
          -0.506381,
          1.470236
        ],
        [
          0.0,
          0.0,
          0.0,
          1.0
        ]
      ]
    },
    {
      "file_path": "/media/NFS/ttao/scannet/posed_images/scene0233_01/01356.jpg",
      "transform_matrix": [
        [
          0.991336,
          -0.060838,
          0.116407,
          4.258538
        ],
        [
          -0.127405,
          -0.660887,
          0.739592,
          2.123204
        ],
        [
          0.031936,
          -0.748015,
          -0.662912,
          1.433217
        ],
        [
          0.0,
          0.0,
          0.0,
          1.0
        ]
      ]
    },
    {
      "file_path": "/media/NFS/ttao/scannet/posed_images/scene0233_01/01381.jpg",
      "transform_matrix": [
        [
          0.956302,
          -0.179587,
          0.230726,
          4.228074
        ],
        [
          -0.2881,
          -0.713309,
          0.638897,
          2.104581
        ],
        [
          0.049841,
          -0.677451,
          -0.733878,
          1.40321
        ],
        [
          0.0,
          0.0,
          0.0,
          1.0
        ]
      ]
    },
    {
      "file_path": "/media/NFS/ttao/scannet/posed_images/scene0233_01/01406.jpg",
      "transform_matrix": [
        [
          0.918223,
          -0.198487,
          0.342739,
          4.283587
        ],
        [
          -0.395887,
          -0.485864,
          0.779237,
          2.076312
        ],
        [
          0.011856,
          -0.851199,
          -0.52471,
          1.473422
        ],
        [
          0.0,
          0.0,
          0.0,
          1.0
        ]
      ]
    },
    {
      "file_path": "/media/NFS/ttao/scannet/posed_images/scene0233_01/01447.jpg",
      "transform_matrix": [
        [
          0.920545,
          -0.046902,
          0.38781,
          4.272384
        ],
        [
          -0.387713,
          -0.230908,
          0.89239,
          2.056591
        ],
        [
          0.047694,
          -0.971844,
          -0.230746,
          1.522256
        ],
        [
          0.0,
          0.0,
          0.0,
          1.0
        ]
      ]
    },
    {
      "file_path": "/media/NFS/ttao/scannet/posed_images/scene0233_01/01455.jpg",
      "transform_matrix": [
        [
          0.938815,
          -0.012354,
          0.3442,
          4.257086
        ],
        [
          -0.339233,
          -0.205982,
          0.917874,
          2.058958
        ],
        [
          0.059559,
          -0.978478,
          -0.19757,
          1.523247
        ],
        [
          0.0,
          0.0,
          0.0,
          1.0
        ]
      ]
    },
    {
      "file_path": "/media/NFS/ttao/scannet/posed_images/scene0233_01/01497.jpg",
      "transform_matrix": [
        [
          0.980752,
          0.113877,
          -0.158611,
          4.151054
        ],
        [
          0.189719,
          -0.363666,
          0.912005,
          2.067281
        ],
        [
          0.046175,
          -0.924542,
          -0.378271,
          1.445096
        ],
        [
          0.0,
          0.0,
          0.0,
          1.0
        ]
      ]
    },
    {
      "file_path": "/media/NFS/ttao/scannet/posed_images/scene0233_01/01513.jpg",
      "transform_matrix": [
        [
          0.956845,
          0.12242,
          -0.263554,
          4.174644
        ],
        [
          0.289165,
          -0.31113,
          0.905308,
          2.234999
        ],
        [
          0.028828,
          -0.94245,
          -0.333103,
          1.305722
        ],
        [
          0.0,
          0.0,
          0.0,
          1.0
        ]
      ]
    },
    {
      "file_path": "/media/NFS/ttao/scannet/posed_images/scene0233_01/01538.jpg",
      "transform_matrix": [
        [
          0.955879,
          0.105218,
          -0.274269,
          4.151746
        ],
        [
          0.293727,
          -0.328603,
          0.897633,
          2.276427
        ],
        [
          0.004321,
          -0.938589,
          -0.34501,
          0.758066
        ],
        [
          0.0,
          0.0,
          0.0,
          1.0
        ]
      ]
    },
    {
      "file_path": "/media/NFS/ttao/scannet/posed_images/scene0233_01/01563.jpg",
      "transform_matrix": [
        [
          0.876027,
          0.100416,
          -0.471691,
          4.151406
        ],
        [
          0.478505,
          -0.302813,
          0.824219,
          2.214169
        ],
        [
          -0.06007,
          -0.947745,
          -0.313323,
          0.726135
        ],
        [
          0.0,
          0.0,
          0.0,
          1.0
        ]
      ]
    },
    {
      "file_path": "/media/NFS/ttao/scannet/posed_images/scene0233_01/01612.jpg",
      "transform_matrix": [
        [
          0.505288,
          0.305082,
          -0.807223,
          4.153075
        ],
        [
          0.857598,
          -0.281553,
          0.430411,
          2.186261
        ],
        [
          -0.095966,
          -0.909754,
          -0.403903,
          0.735323
        ],
        [
          0.0,
          0.0,
          0.0,
          1.0
        ]
      ]
    },
    {
      "file_path": "/media/NFS/ttao/scannet/posed_images/scene0233_01/01637.jpg",
      "transform_matrix": [
        [
          0.295519,
          0.258662,
          -0.919653,
          4.183596
        ],
        [
          0.949003,
          -0.190145,
          0.25147,
          2.171419
        ],
        [
          -0.109822,
          -0.947069,
          -0.301662,
          0.733687
        ],
        [
          0.0,
          0.0,
          0.0,
          1.0
        ]
      ]
    },
    {
      "file_path": "/media/NFS/ttao/scannet/posed_images/scene0233_01/01645.jpg",
      "transform_matrix": [
        [
          0.263611,
          0.264658,
          -0.927613,
          4.183438
        ],
        [
          0.958931,
          -0.176266,
          0.222221,
          2.168816
        ],
        [
          -0.104694,
          -0.948096,
          -0.300254,
          0.729688
        ],
        [
          0.0,
          0.0,
          0.0,
          1.0
        ]
      ]
    },
    {
      "file_path": "/media/NFS/ttao/scannet/posed_images/scene0233_01/01695.jpg",
      "transform_matrix": [
        [
          0.348453,
          0.247027,
          -0.904189,
          4.149015
        ],
        [
          0.934829,
          -0.161952,
          0.316016,
          2.125484
        ],
        [
          -0.068371,
          -0.955379,
          -0.287361,
          0.783047
        ],
        [
          0.0,
          0.0,
          0.0,
          1.0
        ]
      ]
    },
    {
      "file_path": "/media/NFS/ttao/scannet/posed_images/scene0233_01/01720.jpg",
      "transform_matrix": [
        [
          0.259878,
          0.380517,
          -0.887508,
          4.134039
        ],
        [
          0.955991,
          -0.230994,
          0.180894,
          2.227607
        ],
        [
          -0.136176,
          -0.89546,
          -0.423801,
          1.045354
        ],
        [
          0.0,
          0.0,
          0.0,
          1.0
        ]
      ]
    },
    {
      "file_path": "/media/NFS/ttao/scannet/posed_images/scene0233_01/01728.jpg",
      "transform_matrix": [
        [
          0.270597,
          0.434815,
          -0.858902,
          4.127805
        ],
        [
          0.955079,
          -0.23324,
          0.182821,
          2.242794
        ],
        [
          -0.120837,
          -0.86979,
          -0.478397,
          1.178057
        ],
        [
          0.0,
          0.0,
          0.0,
          1.0
        ]
      ]
    },
    {
      "file_path": "/media/NFS/ttao/scannet/posed_images/scene0233_01/01769.jpg",
      "transform_matrix": [
        [
          0.277815,
          0.563203,
          -0.778217,
          4.089976
        ],
        [
          0.960127,
          -0.136468,
          0.243993,
          2.250355
        ],
        [
          0.031216,
          -0.814972,
          -0.578659,
          1.389478
        ],
        [
          0.0,
          0.0,
          0.0,
          1.0
        ]
      ]
    },
    {
      "file_path": "/media/NFS/ttao/scannet/posed_images/scene0233_01/01794.jpg",
      "transform_matrix": [
        [
          0.207351,
          0.478038,
          -0.853513,
          4.086118
        ],
        [
          0.978263,
          -0.099067,
          0.182172,
          2.271886
        ],
        [
          0.00253,
          -0.872734,
          -0.488189,
          1.419741
        ],
        [
          0.0,
          0.0,
          0.0,
          1.0
        ]
      ]
    },
    {
      "file_path": "/media/NFS/ttao/scannet/posed_images/scene0233_01/01835.jpg",
      "transform_matrix": [
        [
          0.573626,
          0.438064,
          -0.692137,
          4.163816
        ],
        [
          0.818801,
          -0.33012,
          0.469665,
          2.4245
        ],
        [
          -0.022745,
          -0.836135,
          -0.548053,
          1.409697
        ],
        [
          0.0,
          0.0,
          0.0,
          1.0
        ]
      ]
    },
    {
      "file_path": "/media/NFS/ttao/scannet/posed_images/scene0233_01/01844.jpg",
      "transform_matrix": [
        [
          0.595635,
          0.435038,
          -0.675249,
          4.130395
        ],
        [
          0.80268,
          -0.354155,
          0.479873,
          2.463809
        ],
        [
          -0.03038,
          -0.827838,
          -0.560144,
          1.406215
        ],
        [
          0.0,
          0.0,
          0.0,
          1.0
        ]
      ]
    },
    {
      "file_path": "/media/NFS/ttao/scannet/posed_images/scene0233_01/01885.jpg",
      "transform_matrix": [
        [
          0.589307,
          0.386969,
          -0.709205,
          3.82493
        ],
        [
          0.806936,
          -0.324996,
          0.493186,
          2.910922
        ],
        [
          -0.039641,
          -0.862921,
          -0.503782,
          1.379403
        ],
        [
          0.0,
          0.0,
          0.0,
          1.0
        ]
      ]
    },
    {
      "file_path": "/media/NFS/ttao/scannet/posed_images/scene0233_01/01893.jpg",
      "transform_matrix": [
        [
          0.581427,
          0.406955,
          -0.704507,
          3.752404
        ],
        [
          0.812593,
          -0.333512,
          0.477978,
          3.031336
        ],
        [
          -0.040447,
          -0.850387,
          -0.524602,
          1.372788
        ],
        [
          0.0,
          0.0,
          0.0,
          1.0
        ]
      ]
    },
    {
      "file_path": "/media/NFS/ttao/scannet/posed_images/scene0233_01/01935.jpg",
      "transform_matrix": [
        [
          0.913576,
          0.22987,
          -0.335468,
          3.641564
        ],
        [
          0.406536,
          -0.495253,
          0.767759,
          3.563512
        ],
        [
          0.010343,
          -0.837786,
          -0.545901,
          1.400547
        ],
        [
          0.0,
          0.0,
          0.0,
          1.0
        ]
      ]
    },
    {
      "file_path": "/media/NFS/ttao/scannet/posed_images/scene0233_01/01951.jpg",
      "transform_matrix": [
        [
          0.969624,
          0.122355,
          -0.211796,
          3.654778
        ],
        [
          0.244452,
          -0.454733,
          0.856424,
          3.605968
        ],
        [
          0.008477,
          -0.882183,
          -0.47083,
          1.442251
        ],
        [
          0.0,
          0.0,
          0.0,
          1.0
        ]
      ]
    },
    {
      "file_path": "/media/NFS/ttao/scannet/posed_images/scene0233_01/01976.jpg",
      "transform_matrix": [
        [
          0.988579,
          0.068703,
          -0.134133,
          3.699912
        ],
        [
          0.149774,
          -0.349163,
          0.925015,
          3.602553
        ],
        [
          0.016717,
          -0.93454,
          -0.355466,
          1.479241
        ],
        [
          0.0,
          0.0,
          0.0,
          1.0
        ]
      ]
    },
    {
      "file_path": "/media/NFS/ttao/scannet/posed_images/scene0233_01/02009.jpg",
      "transform_matrix": [
        [
          0.981264,
          -0.041806,
          0.188074,
          3.608315
        ],
        [
          -0.190457,
          -0.357852,
          0.914149,
          3.590086
        ],
        [
          0.029086,
          -0.932842,
          -0.35911,
          1.471061
        ],
        [
          0.0,
          0.0,
          0.0,
          1.0
        ]
      ]
    },
    {
      "file_path": "/media/NFS/ttao/scannet/posed_images/scene0233_01/02050.jpg",
      "transform_matrix": [
        [
          0.953517,
          -0.243827,
          0.177071,
          3.645374
        ],
        [
          -0.300365,
          -0.81627,
          0.493442,
          3.606503
        ],
        [
          0.024224,
          -0.523691,
          -0.851564,
          1.396714
        ],
        [
          0.0,
          0.0,
          0.0,
          1.0
        ]
      ]
    },
    {
      "file_path": "/media/NFS/ttao/scannet/posed_images/scene0233_01/02075.jpg",
      "transform_matrix": [
        [
          0.938967,
          -0.260607,
          0.224556,
          3.671624
        ],
        [
          -0.327538,
          -0.876828,
          0.351983,
          3.593327
        ],
        [
          0.105167,
          -0.404051,
          -0.908671,
          1.349606
        ],
        [
          0.0,
          0.0,
          0.0,
          1.0
        ]
      ]
    },
    {
      "file_path": "/media/NFS/ttao/scannet/posed_images/scene0233_01/02100.jpg",
      "transform_matrix": [
        [
          0.744054,
          -0.524062,
          0.414418,
          3.737054
        ],
        [
          -0.662941,
          -0.656182,
          0.360465,
          3.61481
        ],
        [
          0.083027,
          -0.54294,
          -0.835657,
          1.380947
        ],
        [
          0.0,
          0.0,
          0.0,
          1.0
        ]
      ]
    },
    {
      "file_path": "/media/NFS/ttao/scannet/posed_images/scene0233_01/02117.jpg",
      "transform_matrix": [
        [
          0.580509,
          -0.629166,
          0.516875,
          3.77304
        ],
        [
          -0.812237,
          -0.492096,
          0.313229,
          3.618043
        ],
        [
          0.057279,
          -0.601657,
          -0.796698,
