{
  "frames": [
    {
      "file_path": "/media/NFS/ttao/scannet/posed_images/scene0372_00/00003.jpg",
      "transform_matrix": [
        [
          0.981616,
          0.037404,
          -0.187166,
          1.607893
        ],
        [
          0.181785,
          -0.4821,
          0.85705,
          0.81471
        ],
        [
          -0.058176,
          -0.875318,
          -0.480036,
          1.42067
        ],
        [
          0.0,
          0.0,
          0.0,
          1.0
        ]
      ]
    },
    {
      "file_path": "/media/NFS/ttao/scannet/posed_images/scene0372_00/00013.jpg",
      "transform_matrix": [
        [
          0.98582,
          0.040582,
          -0.162828,
          1.61994
        ],
        [
          0.162236,
          -0.478472,
          0.862986,
          0.811617
        ],
        [
          -0.042887,
          -0.877165,
          -0.478271,
          1.434885
        ],
        [
          0.0,
          0.0,
          0.0,
          1.0
        ]
      ]
    },
    {
      "file_path": "/media/NFS/ttao/scannet/posed_images/scene0372_00/00016.jpg",
      "transform_matrix": [
        [
          0.987155,
          0.031005,
          -0.156727,
          1.625585
        ],
        [
          0.152752,
          -0.470601,
          0.869024,
          0.815651
        ],
        [
          -0.046812,
          -0.881801,
          -0.469292,
          1.444154
        ],
        [
          0.0,
          0.0,
          0.0,
          1.0
        ]
      ]
    },
    {
      "file_path": "/media/NFS/ttao/scannet/posed_images/scene0372_00/00032.jpg",
      "transform_matrix": [
        [
          0.996487,
          -0.0083,
          -0.083338,
          1.674837
        ],
        [
          0.073488,
          -0.39062,
          0.917614,
          0.812374
        ],
        [
          -0.040169,
          -0.920515,
          -0.388637,
          1.490568
        ],
        [
          0.0,
          0.0,
          0.0,
          1.0
        ]
      ]
    },
    {
      "file_path": "/media/NFS/ttao/scannet/posed_images/scene0372_00/00040.jpg",
      "transform_matrix": [
        [
          0.99869,
          -0.016866,
          -0.048317,
          1.659129
        ],
        [
          0.038001,
          -0.38797,
          0.920889,
          0.80962
        ],
        [
          -0.034277,
          -0.921518,
          -0.38682,
          1.49047
        ],
        [
          0.0,
          0.0,
          0.0,
          1.0
        ]
      ]
    },
    {
      "file_path": "/media/NFS/ttao/scannet/posed_images/scene0372_00/00042.jpg",
      "transform_matrix": [
        [
          0.998821,
          -0.021613,
          -0.043465,
          1.658797
        ],
        [
          0.031628,
          -0.389505,
          0.920481,
          0.807488
        ],
        [
          -0.036824,
          -0.920771,
          -0.388362,
          1.482946
        ],
        [
          0.0,
          0.0,
          0.0,
          1.0
        ]
      ]
    },
    {
      "file_path": "/media/NFS/ttao/scannet/posed_images/scene0372_00/00050.jpg",
      "transform_matrix": [
        [
          0.99894,
          -0.045495,
          -0.006968,
          1.616056
        ],
        [
          -0.014185,
          -0.448366,
          0.893738,
          0.827186
        ],
        [
          -0.043785,
          -0.892692,
          -0.448536,
          1.440988
        ],
        [
          0.0,
          0.0,
          0.0,
          1.0
        ]
      ]
    },
    {
      "file_path": "/media/NFS/ttao/scannet/posed_images/scene0372_00/00064.jpg",
      "transform_matrix": [
        [
          0.98392,
          -0.128282,
          0.124282,
          1.660676
        ],
        [
          -0.17234,
          -0.499081,
          0.849245,
          0.884397
        ],
        [
          -0.046916,
          -0.857008,
          -0.513163,
          1.388519
        ],
        [
          0.0,
          0.0,
          0.0,
          1.0
        ]
      ]
    },
    {
      "file_path": "/media/NFS/ttao/scannet/posed_images/scene0372_00/00069.jpg",
      "transform_matrix": [
        [
          0.978547,
          -0.139005,
          0.152064,
          1.701942
        ],
        [
          -0.201196,
          -0.485902,
          0.850541,
          0.917859
        ],
        [
          -0.044342,
          -0.862889,
          -0.503445,
          1.394951
        ],
        [
          0.0,
          0.0,
          0.0,
          1.0
        ]
      ]
    },
    {
      "file_path": "/media/NFS/ttao/scannet/posed_images/scene0372_00/00085.jpg",
      "transform_matrix": [
        [
          0.919094,
          -0.182973,
          0.348979,
          1.759761
        ],
        [
          -0.393534,
          -0.381481,
          0.836423,
          0.998876
        ],
        [
          -0.019914,
          -0.906087,
          -0.422623,
          1.426374
        ],
        [
          0.0,
          0.0,
          0.0,
          1.0
        ]
      ]
    },
    {
      "file_path": "/media/NFS/ttao/scannet/posed_images/scene0372_00/00093.jpg",
      "transform_matrix": [
        [
          0.84754,
          -0.23236,
          0.477163,
          1.768677
        ],
        [
          -0.530189,
          -0.330054,
          0.781001,
          1.053494
        ],
        [
          -0.023984,
          -0.914917,
          -0.402929,
          1.440573
        ],
        [
          0.0,
          0.0,
          0.0,
          1.0
        ]
      ]
    },
    {
      "file_path": "/media/NFS/ttao/scannet/posed_images/scene0372_00/00101.jpg",
      "transform_matrix": [
        [
          0.784246,
          -0.253874,
          0.566133,
          1.726731
        ],
        [
          -0.620068,
          -0.288645,
          0.72952,
          1.116152
        ],
        [
          -0.021795,
          -0.923164,
          -0.383788,
          1.453013
        ],
        [
          0.0,
          0.0,
          0.0,
          1.0
        ]
      ]
    },
    {
      "file_path": "/media/NFS/ttao/scannet/posed_images/scene0372_00/00103.jpg",
      "transform_matrix": [
        [
          0.777347,
          -0.2553,
          0.574938,
          1.721692
        ],
        [
          -0.628602,
          -0.279912,
          0.725609,
          1.128779
        ],
        [
          -0.024316,
          -0.925457,
          -0.378071,
          1.459297
        ],
        [
          0.0,
          0.0,
          0.0,
          1.0
        ]
      ]
    },
    {
      "file_path": "/media/NFS/ttao/scannet/posed_images/scene0372_00/00119.jpg",
      "transform_matrix": [
        [
          0.764132,
          -0.196181,
          0.614504,
          1.670596
        ],
        [
          -0.644849,
          -0.207953,
          0.735476,
          1.138064
        ],
        [
          -0.016499,
          -0.958263,
          -0.28541,
          1.508635
        ],
        [
          0.0,
          0.0,
          0.0,
          1.0
        ]
      ]
    },
    {
      "file_path": "/media/NFS/ttao/scannet/posed_images/scene0372_00/00127.jpg",
      "transform_matrix": [
        [
          0.771165,
          -0.168306,
          0.613985,
          1.622735
        ],
        [
          -0.636444,
          -0.180174,
          0.749985,
          1.143672
        ],
        [
          -0.015603,
          -0.969129,
          -0.246061,
          1.537151
        ],
        [
          0.0,
          0.0,
          0.0,
          1.0
        ]
      ]
    },
    {
      "file_path": "/media/NFS/ttao/scannet/posed_images/scene0372_00/00135.jpg",
      "transform_matrix": [
        [
          0.780639,
          -0.157425,
          0.604832,
          1.623347
        ],
        [
          -0.624904,
          -0.181175,
          0.759389,
          1.111463
        ],
        [
          -0.009967,
          -0.970769,
          -0.239808,
          1.555187
        ],
        [
          0.0,
          0.0,
          0.0,
          1.0
        ]
      ]
    },
    {
      "file_path": "/media/NFS/ttao/scannet/posed_images/scene0372_00/00140.jpg",
      "transform_matrix": [
        [
          0.765706,
          -0.175244,
          0.618857,
          1.614874
        ],
        [
          -0.642684,
          -0.170298,
          0.746964,
          1.094426
        ],
        [
          -0.025511,
          -0.969685,
          -0.243025,
          1.551772
        ],
        [
          0.0,
          0.0,
          0.0,
          1.0
        ]
      ]
    },
    {
      "file_path": "/media/NFS/ttao/scannet/posed_images/scene0372_00/00153.jpg",
      "transform_matrix": [
        [
          0.684969,
          -0.193186,
          0.702493,
          1.56355
        ],
        [
          -0.728529,
          -0.171122,
          0.663297,
          1.073958
        ],
        [
          -0.007928,
          -0.966124,
          -0.257955,
          1.521202
        ],
        [
          0.0,
          0.0,
          0.0,
          1.0
        ]
      ]
    },
    {
      "file_path": "/media/NFS/ttao/scannet/posed_images/scene0372_00/00164.jpg",
      "transform_matrix": [
        [
          0.640057,
          -0.208976,
          0.739362,
          1.497247
        ],
        [
          -0.767568,
          -0.216704,
          0.603225,
          1.137798
        ],
        [
          0.034163,
          -0.953608,
          -0.299106,
          1.487004
        ],
        [
          0.0,
          0.0,
          0.0,
          1.0
        ]
      ]
    },
    {
      "file_path": "/media/NFS/ttao/scannet/posed_images/scene0372_00/00167.jpg",
      "transform_matrix": [
        [
          0.631036,
          -0.212479,
          0.746088,
          1.478412
        ],
        [
          -0.774768,
          -0.22109,
          0.592329,
          1.166857
        ],
        [
          0.039095,
          -0.951826,
          -0.304137,
          1.475597
        ],
        [
          0.0,
          0.0,
          0.0,
          1.0
        ]
      ]
    },
    {
      "file_path": "/media/NFS/ttao/scannet/posed_images/scene0372_00/00177.jpg",
      "transform_matrix": [
        [
          0.579667,
          -0.252649,
          0.774697,
          1.41017
        ],
        [
          -0.814853,
          -0.181109,
          0.550649,
          1.297825
        ],
        [
          0.001184,
          -0.950457,
          -0.310855,
          1.46057
        ],
        [
          0.0,
          0.0,
          0.0,
          1.0
        ]
      ]
    },
    {
      "file_path": "/media/NFS/ttao/scannet/posed_images/scene0372_00/00188.jpg",
      "transform_matrix": [
        [
          0.570144,
          -0.227963,
          0.789284,
          1.388419
        ],
        [
          -0.821485,
          -0.169835,
          0.544352,
          1.4046
        ],
        [
          0.009955,
          -0.958743,
          -0.284098,
          1.46592
        ],
        [
          0.0,
          0.0,
          0.0,
          1.0
        ]
      ]
    },
    {
      "file_path": "/media/NFS/ttao/scannet/posed_images/scene0372_00/00198.jpg",
      "transform_matrix": [
        [
          0.577642,
          -0.207864,
          0.789381,
          1.415178
        ],
        [
          -0.816219,
          -0.134277,
          0.561922,
          1.501367
        ],
        [
          -0.010807,
          -0.968897,
          -0.247227,
          1.468981
        ],
        [
          0.0,
          0.0,
          0.0,
          1.0
        ]
      ]
    },
    {
      "file_path": "/media/NFS/ttao/scannet/posed_images/scene0372_00/00206.jpg",
      "transform_matrix": [
        [
          0.590741,
          -0.212422,
          0.778397,
          1.442285
        ],
        [
          -0.806848,
          -0.161142,
          0.568357,
          1.573921
        ],
        [
          0.004701,
          -0.9638,
          -0.266586,
          1.467976
        ],
        [
          0.0,
          0.0,
          0.0,
          1.0
        ]
      ]
    },
    {
      "file_path": "/media/NFS/ttao/scannet/posed_images/scene0372_00/00209.jpg",
      "transform_matrix": [
        [
          0.581421,
          -0.214618,
          0.784786,
          1.444651
        ],
        [
          -0.813558,
          -0.163446,
          0.55804,
          1.587428
        ],
        [
          0.008504,
          -0.962925,
          -0.269635,
          1.462187
        ],
        [
          0.0,
          0.0,
          0.0,
          1.0
        ]
      ]
    },
    {
      "file_path": "/media/NFS/ttao/scannet/posed_images/scene0372_00/00220.jpg",
      "transform_matrix": [
        [
          0.452885,
          -0.253917,
          0.854647,
          1.403914
        ],
        [
          -0.891303,
          -0.105527,
          0.440957,
          1.739158
        ],
        [
          -0.021778,
          -0.961452,
          -0.274108,
          1.46299
        ],
        [
          0.0,
          0.0,
          0.0,
          1.0
        ]
      ]
    },
    {
      "file_path": "/media/NFS/ttao/scannet/posed_images/scene0372_00/00230.jpg",
      "transform_matrix": [
        [
          0.325733,
          -0.285658,
          0.901276,
          1.367719
        ],
        [
          -0.945432,
          -0.105953,
          0.308111,
          1.847898
        ],
        [
          0.007479,
          -0.952457,
          -0.304583,
          1.453912
        ],
        [
          0.0,
          0.0,
          0.0,
          1.0
        ]
      ]
    },
    {
      "file_path": "/media/NFS/ttao/scannet/posed_images/scene0372_00/00241.jpg",
      "transform_matrix": [
        [
          0.367557,
          -0.262632,
          0.892147,
          1.333753
        ],
        [
          -0.929645,
          -0.130312,
          0.344644,
          1.855618
        ],
        [
          0.025743,
          -0.956056,
          -0.292052,
          1.444763
        ],
        [
          0.0,
          0.0,
          0.0,
          1.0
        ]
      ]
    },
    {
      "file_path": "/media/NFS/ttao/scannet/posed_images/scene0372_00/00249.jpg",
      "transform_matrix": [
        [
          0.314353,
          -0.314628,
          0.895652,
          1.332659
        ],
        [
          -0.949057,
          -0.125784,
          0.288911,
          1.889673
        ],
        [
          0.021759,
          -0.940844,
          -0.338141,
          1.429312
        ],
        [
          0.0,
          0.0,
          0.0,
          1.0
        ]
      ]
    },
    {
      "file_path": "/media/NFS/ttao/scannet/posed_images/scene0372_00/00259.jpg",
      "transform_matrix": [
        [
          0.140932,
          -0.32386,
          0.93555,
          1.31669
        ],
        [
          -0.990006,
          -0.051081,
          0.131453,
          2.018878
        ],
        [
          0.005216,
          -0.944725,
          -0.327822,
          1.431932
        ],
        [
          0.0,
          0.0,
          0.0,
          1.0
        ]
      ]
    },
    {
      "file_path": "/media/NFS/ttao/scannet/posed_images/scene0372_00/00270.jpg",
      "transform_matrix": [
        [
          0.071529,
          -0.337116,
          0.938742,
          1.301454
        ],
        [
          -0.997265,
          -0.041703,
          0.061012,
          2.101602
        ],
        [
          0.01858,
          -0.940539,
          -0.339177,
          1.436345
        ],
        [
          0.0,
          0.0,
          0.0,
          1.0
        ]
      ]
    },
    {
      "file_path": "/media/NFS/ttao/scannet/posed_images/scene0372_00/00273.jpg",
      "transform_matrix": [
        [
          0.062033,
          -0.333839,
          0.940587,
          1.301692
        ],
        [
          -0.997704,
          -0.046407,
          0.049329,
          2.108889
        ],
        [
          0.027182,
          -0.941487,
          -0.335952,
          1.428529
        ],
        [
          0.0,
          0.0,
          0.0,
          1.0
        ]
      ]
    },
    {
      "file_path": "/media/NFS/ttao/scannet/posed_images/scene0372_00/00286.jpg",
      "transform_matrix": [
        [
          -Infinity,
          -Infinity,
          -Infinity,
          -Infinity
        ],
        [
          -Infinity,
          -Infinity,
          -Infinity,
          -Infinity
        ],
        [
          -Infinity,
          -Infinity,
          -Infinity,
          -Infinity
        ],
        [
          -Infinity,
          -Infinity,
          -Infinity,
          -Infinity
        ]
      ]
    },
    {
      "file_path": "/media/NFS/ttao/scannet/posed_images/scene0372_00/00288.jpg",
      "transform_matrix": [
        [
          -Infinity,
          -Infinity,
          -Infinity,
          -Infinity
        ],
        [
          -Infinity,
          -Infinity,
          -Infinity,
          -Infinity
        ],
        [
          -Infinity,
          -Infinity,
          -Infinity,
          -Infinity
        ],
        [
          -Infinity,
          -Infinity,
          -Infinity,
          -Infinity
        ]
      ]
    },
    {
      "file_path": "/media/NFS/ttao/scannet/posed_images/scene0372_00/00299.jpg",
      "transform_matrix": [
        [
          -Infinity,
          -Infinity,
          -Infinity,
          -Infinity
        ],
        [
          -Infinity,
          -Infinity,
          -Infinity,
          -Infinity
        ],
        [
          -Infinity,
          -Infinity,
          -Infinity,
          -Infinity
        ],
        [
          -Infinity,
          -Infinity,
          -Infinity,
          -Infinity
        ]
      ]
    },
    {
      "file_path": "/media/NFS/ttao/scannet/posed_images/scene0372_00/00312.jpg",
      "transform_matrix": [
        [
          0.091557,
          -0.36281,
          0.927354,
          1.24123
        ],
        [
          -0.99562,
          -0.051034,
          0.078331,
          2.395885
        ],
        [
          0.018907,
          -0.930465,
          -0.365894,
          1.412
        ],
        [
          0.0,
          0.0,
          0.0,
          1.0
        ]
      ]
    },
    {
      "file_path": "/media/NFS/ttao/scannet/posed_images/scene0372_00/00323.jpg",
      "transform_matrix": [
        [
          0.137261,
          -0.371872,
          0.91808,
          1.23218
        ],
        [
          -0.989873,
          -0.085393,
          0.113406,
          2.568773
        ],
        [
          0.036225,
          -0.924348,
          -0.379827,
          1.425617
        ],
        [
          0.0,
          0.0,
          0.0,
          1.0
        ]
      ]
    },
    {
      "file_path": "/media/NFS/ttao/scannet/posed_images/scene0372_00/00325.jpg",
      "transform_matrix": [
        [
          0.144713,
          -0.380687,
          0.91331,
          1.248577
        ],
        [
          -0.988811,
          -0.089422,
          0.119403,
          2.588232
        ],
        [
          0.036215,
          -0.92037,
          -0.389368,
          1.425219
        ],
        [
          0.0,
          0.0,
          0.0,
          1.0
        ]
      ]
    },
    {
      "file_path": "/media/NFS/ttao/scannet/posed_images/scene0372_00/00339.jpg",
      "transform_matrix": [
        [
          0.144637,
          -0.38543,
          0.911331,
          1.373414
        ],
        [
          -0.989369,
          -0.042236,
          0.139159,
          2.742435
        ],
        [
          -0.015145,
          -0.92177,
          -0.387441,
          1.423709
        ],
        [
          0.0,
          0.0,
          0.0,
          1.0
        ]
      ]
    },
    {
      "file_path": "/media/NFS/ttao/scannet/posed_images/scene0372_00/00349.jpg",
      "transform_matrix": [
        [
          0.020263,
          -0.386419,
          0.922101,
          1.457987
        ],
        [
          -0.999593,
          -0.026335,
          0.01093,
          2.849054
        ],
        [
          0.02006,
          -0.921947,
          -0.386796,
          1.407911
        ],
        [
          0.0,
          0.0,
          0.0,
          1.0
        ]
      ]
    },
    {
      "file_path": "/media/NFS/ttao/scannet/posed_images/scene0372_00/00357.jpg",
      "transform_matrix": [
        [
          -0.073652,
          -0.36943,
          0.926335,
          1.503679
        ],
        [
          -0.997199,
          0.015172,
          -0.073236,
          2.937403
        ],
        [
          0.013001,
          -0.929135,
          -0.369513,
          1.412513
        ],
        [
          0.0,
          0.0,
          0.0,
          1.0
        ]
      ]
    },
    {
      "file_path": "/media/NFS/ttao/scannet/posed_images/scene0372_00/00365.jpg",
      "transform_matrix": [
        [
          -0.161468,
          -0.362069,
          0.91806,
          1.517331
        ],
        [
          -0.986797,
          0.071191,
          -0.145481,
          3.074221
        ],
        [
          -0.012684,
          -0.929429,
          -0.368784,
          1.424891
        ],
        [
          0.0,
          0.0,
          0.0,
          1.0
        ]
      ]
    },
    {
      "file_path": "/media/NFS/ttao/scannet/posed_images/scene0372_00/00376.jpg",
      "transform_matrix": [
        [
          -0.234317,
          -0.308767,
          0.921824,
          1.545515
        ],
        [
          -0.972101,
          0.063913,
          -0.225689,
          3.198427
        ],
        [
          0.010769,
          -0.948988,
          -0.315129,
          1.457238
        ],
        [
          0.0,
          0.0,
          0.0,
          1.0
        ]
      ]
    },
    {
      "file_path": "/media/NFS/ttao/scannet/posed_images/scene0372_00/00384.jpg",
      "transform_matrix": [
        [
          -0.253576,
          -0.277931,
          0.926528,
          1.596276
        ],
        [
          -0.967236,
          0.085179,
          -0.239165,
          3.248206
        ],
        [
          -0.012449,
          -0.956817,
          -0.290424,
          1.472079
        ],
        [
          0.0,
          0.0,
          0.0,
          1.0
        ]
      ]
    },
    {
      "file_path": "/media/NFS/ttao/scannet/posed_images/scene0372_00/00386.jpg",
      "transform_matrix": [
        [
          -0.254096,
          -0.274706,
          0.927347,
          1.5981
        ],
        [
          -0.967117,
          0.083053,
          -0.240391,
          3.246332
        ],
        [
          -0.010982,
          -0.957935,
          -0.286776,
          1.475657
        ],
        [
          0.0,
          0.0,
          0.0,
          1.0
        ]
      ]
    },
    {
      "file_path": "/media/NFS/ttao/scannet/posed_images/scene0372_00/00402.jpg",
      "transform_matrix": [
        [
          -0.256568,
          -0.201427,
          0.945304,
          1.72876
        ],
        [
          -0.96513,
          0.105944,
          -0.239374,
          3.294889
        ],
        [
          -0.051933,
          -0.973757,
          -0.221585,
          1.495048
        ],
        [
          0.0,
          0.0,
          0.0,
          1.0
        ]
      ]
    },
    {
      "file_path": "/media/NFS/ttao/scannet/posed_images/scene0372_00/00405.jpg",
      "transform_matrix": [
        [
          -0.267409,
          -0.191106,
          0.944442,
          1.772138
        ],
        [
          -0.96254,
          0.098575,
          -0.252587,
          3.305176
        ],
        [
          -0.044827,
          -0.976607,
          -0.210307,
          1.48973
        ],
        [
          0.0,
          0.0,
          0.0,
          1.0
        ]
      ]
    },
    {
      "file_path": "/media/NFS/ttao/scannet/posed_images/scene0372_00/00418.jpg",
      "transform_matrix": [
        [
          -0.257588,
          -0.281454,
          0.924355,
          2.073446
        ],
        [
          -0.965967,
          0.051667,
          -0.253452,
          3.222765
        ],
        [
          0.023576,
          -0.958183,
          -0.285184,
          1.444536
        ],
        [
          0.0,
          0.0,
          0.0,
          1.0
        ]
      ]
    },
    {
      "file_path": "/media/NFS/ttao/scannet/posed_images/scene0372_00/00423.jpg",
      "transform_matrix": [
        [
          -0.339516,
          -0.264313,
          0.9027,
          2.200903
        ],
        [
          -0.940257,
          0.069453,
          -0.333305,
          3.359087
        ],
        [
          0.025402,
          -0.961933,
          -0.272103,
          1.440008
        ],
        [
          0.0,
          0.0,
          0.0,
          1.0
        ]
      ]
    },
    {
      "file_path": "/media/NFS/ttao/scannet/posed_images/scene0372_00/00437.jpg",
      "transform_matrix": [
        [
          -0.424939,
          -0.295748,
          0.855546,
          2.468166
        ],
        [
          -0.904989,
          0.117365,
          -0.408926,
          3.501319
        ],
        [
          0.020528,
          -0.948029,
          -0.317522,
          1.431868
        ],
        [
          0.0,
          0.0,
          0.0,
          1.0
        ]
      ]
    },
    {
      "file_path": "/media/NFS/ttao/scannet/posed_images/scene0372_00/00439.jpg",
      "transform_matrix": [
        [
          -0.435383,
          -0.292464,
          0.851414,
          2.512892
        ],
        [
          -0.900038,
          0.1211,
          -0.418649,
          3.514787
        ],
        [
          0.019333,
          -0.948578,
          -0.315954,
          1.4266
        ],
        [
          0.0,
          0.0,
          0.0,
          1.0
        ]
      ]
    },
    {
      "file_path": "/media/NFS/ttao/scannet/posed_images/scene0372_00/00455.jpg",
      "transform_matrix": [
        [
          -0.38003,
          -0.32166,
          0.867244,
          2.822862
        ],
        [
          -0.924925,
          0.141785,
          -0.352718,
          3.574884
        ],
        [
          -0.009507,
          -0.93618,
          -0.351394,
          1.418541
        ],
        [
          0.0,
          0.0,
          0.0,
          1.0
        ]
      ]
    },
    {
      "file_path": "/media/NFS/ttao/scannet/posed_images/scene0372_00/00458.jpg",
      "transform_matrix": [
        [
          -0.394148,
          -0.324788,
          0.859744,
          2.883157
        ],
        [
          -0.919047,
          0.140159,
          -0.368387,
          3.592681
        ],
        [
          -0.000853,
          -0.935344,
          -0.353739,
          1.414988
        ],
        [
          0.0,
          0.0,
          0.0,
          1.0
        ]
      ]
    },
    {
      "file_path": "/media/NFS/ttao/scannet/posed_images/scene0372_00/00468.jpg",
      "transform_matrix": [
        [
          -0.451021,
          -0.328598,
          0.829822,
          3.085605
        ],
        [
          -0.892257,
          0.1883,
          -0.410392,
          3.688457
        ],
        [
          -0.021402,
          -0.925509,
          -0.378121,
          1.412922
        ],
        [
          0.0,
          0.0,
          0.0,
          1.0
        ]
      ]
    },
    {
      "file_path": "/media/NFS/ttao/scannet/posed_images/scene0372_00/00476.jpg",
      "transform_matrix": [
        [
          -0.467295,
          -0.344709,
          0.814132,
          3.203608
        ],
        [
          -0.884082,
          0.188353,
          -0.427694,
          3.71894
        ],
        [
          -0.005914,
          -0.919619,
          -0.392767,
          1.397602
        ],
        [
          0.0,
          0.0,
          0.0,
          1.0
        ]
      ]
    },
    {
      "file_path": "/media/NFS/ttao/scannet/posed_images/scene0372_00/00487.jpg",
      "transform_matrix": [
        [
          -0.496902,
          -0.324764,
          0.804746,
          3.425926
        ],
        [
          -0.867696,
          0.200765,
          -0.45475,
          3.72257
        ],
        [
          -0.013879,
          -0.924241,
          -0.381557,
          1.39226
        ],
        [
          0.0,
          0.0,
          0.0,
          1.0
        ]
      ]
    },
    {
      "file_path": "/media/NFS/ttao/scannet/posed_images/scene0372_00/00495.jpg",
      "transform_matrix": [
        [
          -0.49919,
          -0.355323,
          0.790289,
          3.58193
        ],
        [
          -0.866493,
          0.205316,
          -0.455012,
          3.725954
        ],
        [
          -0.000582,
          -0.911916,
          -0.410376,
          1.389848
        ],
        [
          0.0,
          0.0,
          0.0,
          1.0
        ]
      ]
    },
    {
      "file_path": "/media/NFS/ttao/scannet/posed_images/scene0372_00/00500.jpg",
      "transform_matrix": [
        [
          -0.536149,
          -0.342091,
          0.771699,
          3.681976
        ],
        [
          -0.844015,
          0.202616,
          -0.496573,
          3.73884
        ],
        [
          0.013515,
          -0.917562,
          -0.397362,
          1.381837
        ],
        [
          0.0,
          0.0,
          0.0,
          1.0
        ]
      ]
    },
    {
      "file_path": "/media/NFS/ttao/scannet/posed_images/scene0372_00/00516.jpg",
      "transform_matrix": [
        [
          -0.699951,
          -0.291789,
          0.651864,
          4.011529
        ],
        [
          -0.714168,
          0.278733,
          -0.642084,
          3.752529
        ],
        [
          0.005657,
          -0.914968,
          -0.403487,
          1.388468
        ],
        [
          0.0,
          0.0,
          0.0,
          1.0
        ]
      ]
    },
    {
      "file_path": "/media/NFS/ttao/scannet/posed_images/scene0372_00/00524.jpg",
      "transform_matrix": [
        [
          -0.744943,
          -0.243338,
          0.621166,
          4.167757
        ],
        [
          -0.667112,
          0.265326,
          -0.696106,
          3.706648
        ],
        [
          0.004578,
          -0.932946,
          -0.359986,
          1.392929
        ],
        [
          0.0,
          0.0,
          0.0,
          1.0
        ]
      ]
    },
    {
      "file_path": "/media/NFS/ttao/scannet/posed_images/scene0372_00/00527.jpg",
      "transform_matrix": [
        [
          -0.759453,
          -0.226521,
          0.609853,
          4.224226
        ],
        [
          -0.650553,
          0.269619,
          -0.709991,
          3.679107
        ],
        [
          -0.0036,
          -0.935945,
          -0.352127,
          1.396059
        ],
        [
          0.0,
          0.0,
          0.0,
          1.0
        ]
      ]
    },
    {
      "file_path": "/media/NFS/ttao/scannet/posed_images/scene0372_00/00540.jpg",
      "transform_matrix": [
        [
          -0.841574,
          -0.203196,
          0.500464,
          4.452033
        ],
        [
          -0.540142,
          0.316875,
          -0.779639,
          3.574653
        ],
        [
          -0.000165,
          -0.926446,
          -0.376429,
          1.397668
        ],
        [
          0.0,
          0.0,
          0.0,
          1.0
        ]
      ]
    },
    {
      "file_path": "/media/NFS/ttao/scannet/posed_images/scene0372_00/00550.jpg",
      "transform_matrix": [
        [
          -0.927625,
          -0.139213,
          0.346601,
          4.643196
        ],
        [
          -0.37344,
          0.364007,
          -0.853253,
          3.523457
        ],
        [
          -0.007381,
          -0.920934,
          -0.38965,
          1.407259
        ],
        [
          0.0,
          0.0,
          0.0,
          1.0
        ]
      ]
    },
    {
      "file_path": "/media/NFS/ttao/scannet/posed_images/scene0372_00/00556.jpg",
      "transform_matrix": [
        [
          -0.950521,
          -0.12459,
          0.284582,
          4.742113
        ],
        [
          -0.310658,
          0.383925,
          -0.869537,
          3.50558
        ],
        [
          -0.000922,
          -0.914921,
          -0.403633,
          1.398512
        ],
        [
          0.0,
          0.0,
          0.0,
          1.0
        ]
      ]
    },
    {
      "file_path": "/media/NFS/ttao/scannet/posed_images/scene0372_00/00569.jpg",
      "transform_matrix": [
        [
          -0.985298,
          -0.056987,
          0.161059,
          4.909606
        ],
        [
          -0.170346,
          0.399581,
          -0.900732,
          3.374429
        ],
        [
          -0.013027,
          -0.914925,
          -0.403414,
          1.393725
        ],
        [
          0.0,
          0.0,
          0.0,
          1.0
        ]
      ]
    },
    {
      "file_path": "/media/NFS/ttao/scannet/posed_images/scene0372_00/00577.jpg",
      "transform_matrix": [
        [
          -0.993523,
          -0.045523,
          0.104113,
          5.012787
        ],
        [
          -0.113586,
          0.423364,
          -0.898811,
          3.290126
        ],
        [
          -0.003161,
          -0.904815,
          -0.425793,
          1.390892
        ],
        [
          0.0,
          0.0,
          0.0,
          1.0
        ]
      ]
    },
    {
      "file_path": "/media/NFS/ttao/scannet/posed_images/scene0372_00/00582.jpg",
      "transform_matrix": [
        [
          -0.998456,
          -0.025415,
          0.049389,
          5.100995
        ],
        [
          -0.055454,
          0.405535,
          -0.912396,
          3.25586
        ],
        [
          0.003159,
          -0.913726,
          -0.406318,
          1.383797
        ],
        [
          0.0,
          0.0,
          0.0,
          1.0
        ]
      ]
    },
    {
      "file_path": "/media/NFS/ttao/scannet/posed_images/scene0372_00/00593.jpg",
      "transform_matrix": [
        [
          -0.98511,
          0.054952,
          -0.162908,
          5.304192
        ],
        [
          0.171543,
          0.377411,
          -0.910019,
          3.203289
        ],
        [
          0.011476,
          -0.924414,
          -0.381218,
          1.394615
        ],
        [
          0.0,
          0.0,
          0.0,
          1.0
        ]
      ]
    },
    {
      "file_path": "/media/NFS/ttao/scannet/posed_images/scene0372_00/00601.jpg",
      "transform_matrix": [
        [
          -0.967201,
          0.083374,
          -0.23994,
          5.443021
        ],
        [
          0.253383,
          0.383135,
          -0.888259,
          3.120821
        ],
        [
          0.017872,
          -0.919922,
          -0.391695,
          1.390019
        ],
        [
          0.0,
          0.0,
          0.0,
          1.0
        ]
      ]
    },
    {
      "file_path": "/media/NFS/ttao/scannet/posed_images/scene0372_00/00614.jpg",
      "transform_matrix": [
        [
          -0.951708,
          0.127149,
          -0.27944,
          5.583637
        ],
        [
          0.306857,
          0.365477,
          -0.878787,
          2.925993
        ],
        [
          -0.009608,
          -0.922095,
          -0.386843,
          1.404064
        ],
        [
          0.0,
          0.0,
          0.0,
          1.0
        ]
      ]
    },
    {
      "file_path": "/media/NFS/ttao/scannet/posed_images/scene0372_00/00617.jpg",
      "transform_matrix": [
        [
          -0.93913,
          0.132197,
          -0.317112,
          5.619746
        ],
        [
          0.343564,
          0.3599,
          -0.867431,
          2.871441
        ],
        [
          -0.000543,
          -0.923578,
          -0.383411,
          1.403641
        ],
        [
          0.0,
          0.0,
          0.0,
          1.0
        ]
      ]
    },
    {
      "file_path": "/media/NFS/ttao/scannet/posed_images/scene0372_00/00630.jpg",
      "transform_matrix": [
        [
          -0.838057,
          0.224837,
          -0.4971,
          5.826677
        ],
        [
          0.545524,
          0.358612,
          -0.757497,
          2.669638
        ],
        [
          0.007953,
          -0.906006,
          -0.423191,
          1.397109
        ],
        [
          0.0,
          0.0,
          0.0,
          1.0
        ]
      ]
    },
    {
      "file_path": "/media/NFS/ttao/scannet/posed_images/scene0372_00/00638.jpg",
      "transform_matrix": [
        [
          -0.808731,
          0.196625,
          -0.554341,
          5.903419
        ],
        [
          0.586261,
          0.345524,
          -0.732742,
          2.541627
        ],
        [
          0.047462,
          -0.917579,
          -0.394709,
          1.384641
        ],
        [
          0.0,
          0.0,
          0.0,
          1.0
        ]
      ]
    },
    {
      "file_path": "/media/NFS/ttao/scannet/posed_images/scene0372_00/00648.jpg",
      "transform_matrix": [
        [
          -0.779407,
          0.208568,
          -0.590782,
          5.969477
        ],
        [
          0.625783,
          0.304794,
          -0.717981,
          2.350231
        ],
        [
          0.030319,
          -0.929301,
          -0.368077,
          1.3952
        ],
        [
          0.0,
          0.0,
          0.0,
          1.0
        ]
      ]
    },
    {
      "file_path": "/media/NFS/ttao/scannet/posed_images/scene0372_00/00651.jpg",
      "transform_matrix": [
        [
          -0.767961,
          0.213314,
          -0.603932,
          5.999508
        ],
        [
          0.63935,
          0.311701,
          -0.702904,
          2.305202
        ],
        [
          0.038306,
          -0.925926,
          -0.375756,
          1.398422
        ],
        [
          0.0,
          0.0,
          0.0,
          1.0
        ]
      ]
    },
    {
      "file_path": "/media/NFS/ttao/scannet/posed_images/scene0372_00/00667.jpg",
      "transform_matrix": [
        [
          -0.679785,
          0.283407,
          -0.676442,
          6.133923
        ],
        [
          0.732339,
          0.312178,
          -0.605165,
          2.060652
        ],
        [
          0.039663,
          -0.906766,
          -0.419764,
          1.399261
        ],
        [
          0.0,
          0.0,
          0.0,
          1.0
        ]
      ]
    },
    {
      "file_path": "/media/NFS/ttao/scannet/posed_images/scene0372_00/00675.jpg",
      "transform_matrix": [
        [
          -0.60671,
          0.268257,
          -0.748292,
          6.152265
        ],
        [
          0.791701,
          0.288578,
          -0.538453,
          1.95172
        ],
        [
          0.071497,
          -0.919109,
          -0.387463,
          1.404366
        ],
        [
          0.0,
          0.0,
          0.0,
          1.0
        ]
      ]
    },
    {
      "file_path": "/media/NFS/ttao/scannet/posed_images/scene0372_00/00677.jpg",
      "transform_matrix": [
        [
          -0.583109,
          0.267483,
          -0.767096,
          6.142793
        ],
        [
          0.809347,
          0.27297,
