{
  "frames": [
    {
      "file_path": "/media/NFS/ttao/scannet/posed_images/scene0051_01/00000.jpg",
      "transform_matrix": [
        [
          0.99431,
          -0.039207,
          0.099046,
          1.921348
        ],
        [
          -0.106351,
          -0.418351,
          0.902038,
          3.507307
        ],
        [
          0.006069,
          -0.907439,
          -0.42014,
          1.5404
        ],
        [
          0.0,
          0.0,
          0.0,
          1.0
        ]
      ]
    },
    {
      "file_path": "/media/NFS/ttao/scannet/posed_images/scene0051_01/00006.jpg",
      "transform_matrix": [
        [
          0.99241,
          -0.040034,
          0.11628,
          1.914473
        ],
        [
          -0.122147,
          -0.430679,
          0.894201,
          3.509111
        ],
        [
          0.014281,
          -0.901617,
          -0.4323,
          1.537629
        ],
        [
          0.0,
          0.0,
          0.0,
          1.0
        ]
      ]
    },
    {
      "file_path": "/media/NFS/ttao/scannet/posed_images/scene0051_01/00016.jpg",
      "transform_matrix": [
        [
          0.979358,
          -0.036644,
          0.198785,
          1.903035
        ],
        [
          -0.191865,
          -0.477999,
          0.857149,
          3.520794
        ],
        [
          0.06361,
          -0.877596,
          -0.475162,
          1.521737
        ],
        [
          0.0,
          0.0,
          0.0,
          1.0
        ]
      ]
    },
    {
      "file_path": "/media/NFS/ttao/scannet/posed_images/scene0051_01/00022.jpg",
      "transform_matrix": [
        [
          0.975609,
          -0.035336,
          0.216656,
          1.919658
        ],
        [
          -0.206671,
          -0.480539,
          0.852273,
          3.518164
        ],
        [
          0.073996,
          -0.876261,
          -0.476121,
          1.515657
        ],
        [
          0.0,
          0.0,
          0.0,
          1.0
        ]
      ]
    },
    {
      "file_path": "/media/NFS/ttao/scannet/posed_images/scene0051_01/00026.jpg",
      "transform_matrix": [
        [
          0.972964,
          -0.052648,
          0.224878,
          1.930733
        ],
        [
          -0.221342,
          -0.490596,
          0.842807,
          3.511344
        ],
        [
          0.065952,
          -0.869796,
          -0.488985,
          1.505047
        ],
        [
          0.0,
          0.0,
          0.0,
          1.0
        ]
      ]
    },
    {
      "file_path": "/media/NFS/ttao/scannet/posed_images/scene0051_01/00032.jpg",
      "transform_matrix": [
        [
          0.958042,
          -0.091687,
          0.271568,
          1.960589
        ],
        [
          -0.280609,
          -0.49317,
          0.823433,
          3.512798
        ],
        [
          0.058431,
          -0.865088,
          -0.498206,
          1.502463
        ],
        [
          0.0,
          0.0,
          0.0,
          1.0
        ]
      ]
    },
    {
      "file_path": "/media/NFS/ttao/scannet/posed_images/scene0051_01/00042.jpg",
      "transform_matrix": [
        [
          0.90205,
          -0.19518,
          0.384983,
          1.993245
        ],
        [
          -0.429074,
          -0.502449,
          0.750626,
          3.522278
        ],
        [
          0.046927,
          -0.842288,
          -0.536981,
          1.479684
        ],
        [
          0.0,
          0.0,
          0.0,
          1.0
        ]
      ]
    },
    {
      "file_path": "/media/NFS/ttao/scannet/posed_images/scene0051_01/00047.jpg",
      "transform_matrix": [
        [
          0.856561,
          -0.24303,
          0.455236,
          2.015813
        ],
        [
          -0.51385,
          -0.482971,
          0.709011,
          3.519988
        ],
        [
          0.047555,
          -0.841234,
          -0.538575,
          1.478215
        ],
        [
          0.0,
          0.0,
          0.0,
          1.0
        ]
      ]
    },
    {
      "file_path": "/media/NFS/ttao/scannet/posed_images/scene0051_01/00051.jpg",
      "transform_matrix": [
        [
          0.799312,
          -0.263343,
          0.54014,
          2.033931
        ],
        [
          -0.596682,
          -0.45435,
          0.661466,
          3.512985
        ],
        [
          0.07122,
          -0.851009,
          -0.520299,
          1.488338
        ],
        [
          0.0,
          0.0,
          0.0,
          1.0
        ]
      ]
    },
    {
      "file_path": "/media/NFS/ttao/scannet/posed_images/scene0051_01/00063.jpg",
      "transform_matrix": [
        [
          0.597564,
          -0.22705,
          0.769003,
          2.065578
        ],
        [
          -0.792398,
          -0.313825,
          0.523085,
          3.491644
        ],
        [
          0.122566,
          -0.921934,
          -0.367444,
          1.534501
        ],
        [
          0.0,
          0.0,
          0.0,
          1.0
        ]
      ]
    },
    {
      "file_path": "/media/NFS/ttao/scannet/posed_images/scene0051_01/00067.jpg",
      "transform_matrix": [
        [
          0.565642,
          -0.198072,
          0.80051,
          2.078164
        ],
        [
          -0.817541,
          -0.261889,
          0.512876,
          3.479206
        ],
        [
          0.108058,
          -0.944554,
          -0.310067,
          1.556533
        ],
        [
          0.0,
          0.0,
          0.0,
          1.0
        ]
      ]
    },
    {
      "file_path": "/media/NFS/ttao/scannet/posed_images/scene0051_01/00071.jpg",
      "transform_matrix": [
        [
          0.594067,
          -0.124001,
          0.7948,
          2.09292
        ],
        [
          -0.800254,
          -0.191468,
          0.568272,
          3.45146
        ],
        [
          0.081713,
          -0.973634,
          -0.212977,
          1.581366
        ],
        [
          0.0,
          0.0,
          0.0,
          1.0
        ]
      ]
    },
    {
      "file_path": "/media/NFS/ttao/scannet/posed_images/scene0051_01/00083.jpg",
      "transform_matrix": [
        [
          0.5657,
          0.004399,
          0.824599,
          2.125593
        ],
        [
          -0.808208,
          -0.195508,
          0.555498,
          3.436698
        ],
        [
          0.163659,
          -0.980692,
          -0.107043,
          1.67831
        ],
        [
          0.0,
          0.0,
          0.0,
          1.0
        ]
      ]
    },
    {
      "file_path": "/media/NFS/ttao/scannet/posed_images/scene0051_01/00085.jpg",
      "transform_matrix": [
        [
          0.56991,
          0.016101,
          0.821549,
          2.130002
        ],
        [
          -0.801961,
          -0.20697,
          0.560378,
          3.434912
        ],
        [
          0.179058,
          -0.978215,
          -0.105042,
          1.692918
        ],
        [
          0.0,
          0.0,
          0.0,
          1.0
        ]
      ]
    },
    {
      "file_path": "/media/NFS/ttao/scannet/posed_images/scene0051_01/00093.jpg",
      "transform_matrix": [
        [
          0.584714,
          0.10999,
          0.803749,
          2.147126
        ],
        [
          -0.774008,
          -0.221067,
          0.593331,
          3.453746
        ],
        [
          0.242943,
          -0.969036,
          -0.044128,
          1.746163
        ],
        [
          0.0,
          0.0,
          0.0,
          1.0
        ]
      ]
    },
    {
      "file_path": "/media/NFS/ttao/scannet/posed_images/scene0051_01/00097.jpg",
      "transform_matrix": [
        [
          0.586402,
          0.132668,
          0.799082,
          2.160704
        ],
        [
          -0.760253,
          -0.250312,
          0.599466,
          3.481622
        ],
        [
          0.27955,
          -0.959032,
          -0.045922,
          1.764327
        ],
        [
          0.0,
          0.0,
          0.0,
          1.0
        ]
      ]
    },
    {
      "file_path": "/media/NFS/ttao/scannet/posed_images/scene0051_01/00109.jpg",
      "transform_matrix": [
        [
          0.798482,
          0.241145,
          0.551611,
          2.209333
        ],
        [
          -0.522115,
          -0.178757,
          0.833932,
          3.556214
        ],
        [
          0.299703,
          -0.953884,
          -0.016828,
          1.787608
        ],
        [
          0.0,
          0.0,
          0.0,
          1.0
        ]
      ]
    },
    {
      "file_path": "/media/NFS/ttao/scannet/posed_images/scene0051_01/00115.jpg",
      "transform_matrix": [
        [
          0.89246,
          0.222127,
          0.392652,
          2.231857
        ],
        [
          -0.359378,
          -0.176064,
          0.916433,
          3.579362
        ],
        [
          0.272696,
          -0.95899,
          -0.077302,
          1.791174
        ],
        [
          0.0,
          0.0,
          0.0,
          1.0
        ]
      ]
    },
    {
      "file_path": "/media/NFS/ttao/scannet/posed_images/scene0051_01/00123.jpg",
      "transform_matrix": [
        [
          0.978388,
          0.186613,
          0.089064,
          2.329519
        ],
        [
          -0.051735,
          -0.196108,
          0.979217,
          3.547926
        ],
        [
          0.200201,
          -0.962662,
          -0.182215,
          1.736595
        ],
        [
          0.0,
          0.0,
          0.0,
          1.0
        ]
      ]
    },
    {
      "file_path": "/media/NFS/ttao/scannet/posed_images/scene0051_01/00125.jpg",
      "transform_matrix": [
        [
          0.981368,
          0.190114,
          0.027805,
          2.348805
        ],
        [
          0.009037,
          -0.190228,
          0.981698,
          3.544175
        ],
        [
          0.191924,
          -0.963156,
          -0.188402,
          1.74233
        ],
        [
          0.0,
          0.0,
          0.0,
          1.0
        ]
      ]
    },
    {
      "file_path": "/media/NFS/ttao/scannet/posed_images/scene0051_01/00135.jpg",
      "transform_matrix": [
        [
          0.956868,
          0.183774,
          -0.225015,
          2.435468
        ],
        [
          0.259062,
          -0.189172,
          0.947154,
          3.544786
        ],
        [
          0.131496,
          -0.964594,
          -0.228622,
          1.706037
        ],
        [
          0.0,
          0.0,
          0.0,
          1.0
        ]
      ]
    },
    {
      "file_path": "/media/NFS/ttao/scannet/posed_images/scene0051_01/00136.jpg",
      "transform_matrix": [
        [
          0.946724,
          0.183173,
          -0.264882,
          2.445392
        ],
        [
          0.297925,
          -0.185812,
          0.93633,
          3.555167
        ],
        [
          0.122292,
          -0.965361,
          -0.230485,
          1.704404
        ],
        [
          0.0,
          0.0,
          0.0,
          1.0
        ]
      ]
    },
    {
      "file_path": "/media/NFS/ttao/scannet/posed_images/scene0051_01/00144.jpg",
      "transform_matrix": [
        [
          0.9198,
          0.169187,
          -0.35404,
          2.402902
        ],
        [
          0.380684,
          -0.166038,
          0.909676,
          3.616788
        ],
        [
          0.095121,
          -0.971497,
          -0.217129,
          1.691985
        ],
        [
          0.0,
          0.0,
          0.0,
          1.0
        ]
      ]
    },
    {
      "file_path": "/media/NFS/ttao/scannet/posed_images/scene0051_01/00152.jpg",
      "transform_matrix": [
        [
          0.843275,
          0.175696,
          -0.507955,
          2.314483
        ],
        [
          0.530101,
          -0.115784,
          0.839992,
          3.709965
        ],
        [
          0.08877,
          -0.977612,
          -0.190774,
          1.72301
        ],
        [
          0.0,
          0.0,
          0.0,
          1.0
        ]
      ]
    },
    {
      "file_path": "/media/NFS/ttao/scannet/posed_images/scene0051_01/00158.jpg",
      "transform_matrix": [
        [
          0.749916,
          0.158238,
          -0.64233,
          2.290141
        ],
        [
          0.657798,
          -0.07533,
          0.749418,
          3.739561
        ],
        [
          0.070199,
          -0.984523,
          -0.16058,
          1.6707
        ],
        [
          0.0,
          0.0,
          0.0,
          1.0
        ]
      ]
    },
    {
      "file_path": "/media/NFS/ttao/scannet/posed_images/scene0051_01/00168.jpg",
      "transform_matrix": [
        [
          0.520577,
          0.158707,
          -0.838935,
          2.266805
        ],
        [
          0.84922,
          0.005553,
          0.52801,
          3.854453
        ],
        [
          0.088457,
          -0.98731,
          -0.131886,
          1.751694
        ],
        [
          0.0,
          0.0,
          0.0,
          1.0
        ]
      ]
    },
    {
      "file_path": "/media/NFS/ttao/scannet/posed_images/scene0051_01/00170.jpg",
      "transform_matrix": [
        [
          0.476053,
          0.165405,
          -0.863722,
          2.267489
        ],
        [
          0.872829,
          0.031122,
          0.487032,
          3.863071
        ],
        [
          0.107438,
          -0.985735,
          -0.129555,
          1.740628
        ],
        [
          0.0,
          0.0,
          0.0,
          1.0
        ]
      ]
    },
    {
      "file_path": "/media/NFS/ttao/scannet/posed_images/scene0051_01/00176.jpg",
      "transform_matrix": [
        [
          0.300572,
          0.155872,
          -0.940936,
          2.318774
        ],
        [
          0.945891,
          0.077742,
          0.315034,
          3.928895
        ],
        [
          0.122256,
          -0.984713,
          -0.124071,
          1.76694
        ],
        [
          0.0,
          0.0,
          0.0,
          1.0
        ]
      ]
    },
    {
      "file_path": "/media/NFS/ttao/scannet/posed_images/scene0051_01/00184.jpg",
      "transform_matrix": [
        [
          0.304708,
          0.248632,
          -0.919421,
          2.316263
        ],
        [
          0.941791,
          0.065334,
          0.32979,
          3.949664
        ],
        [
          0.142066,
          -0.966392,
          -0.214251,
          1.779536
        ],
        [
          0.0,
          0.0,
          0.0,
          1.0
        ]
      ]
    },
    {
      "file_path": "/media/NFS/ttao/scannet/posed_images/scene0051_01/00192.jpg",
      "transform_matrix": [
        [
          0.076023,
          0.113005,
          -0.990682,
          2.312308
        ],
        [
          0.986511,
          0.135935,
          0.091209,
          4.01972
        ],
        [
          0.144975,
          -0.984252,
          -0.101147,
          1.81348
        ],
        [
          0.0,
          0.0,
          0.0,
          1.0
        ]
      ]
    },
    {
      "file_path": "/media/NFS/ttao/scannet/posed_images/scene0051_01/00200.jpg",
      "transform_matrix": [
        [
          0.01204,
          0.140933,
          -0.989946,
          2.288333
        ],
        [
          0.994304,
          0.103159,
          0.026779,
          4.029888
        ],
        [
          0.105896,
          -0.98463,
          -0.138888,
          1.781977
        ],
        [
          0.0,
          0.0,
          0.0,
          1.0
        ]
      ]
    },
    {
      "file_path": "/media/NFS/ttao/scannet/posed_images/scene0051_01/00206.jpg",
      "transform_matrix": [
        [
          -0.132348,
          0.256866,
          -0.957342,
          2.269298
        ],
        [
          0.990335,
          0.074683,
          -0.116871,
          4.100075
        ],
        [
          0.041477,
          -0.963557,
          -0.264268,
          1.738333
        ],
        [
          0.0,
          0.0,
          0.0,
          1.0
        ]
      ]
    },
    {
      "file_path": "/media/NFS/ttao/scannet/posed_images/scene0051_01/00212.jpg",
      "transform_matrix": [
        [
          -0.213861,
          0.345652,
          -0.913668,
          2.278836
        ],
        [
          0.976786,
          0.087536,
          -0.195519,
          4.034858
        ],
        [
          0.012398,
          -0.934271,
          -0.356349,
          1.684972
        ],
        [
          0.0,
          0.0,
          0.0,
          1.0
        ]
      ]
    },
    {
      "file_path": "/media/NFS/ttao/scannet/posed_images/scene0051_01/00218.jpg",
      "transform_matrix": [
        [
          -0.364407,
          0.376733,
          -0.851634,
          2.295674
        ],
        [
          0.931239,
          0.148984,
          -0.332563,
          4.100579
        ],
        [
          0.001592,
          -0.914263,
          -0.405119,
          1.637753
        ],
        [
          0.0,
          0.0,
          0.0,
          1.0
        ]
      ]
    },
    {
      "file_path": "/media/NFS/ttao/scannet/posed_images/scene0051_01/00227.jpg",
      "transform_matrix": [
        [
          -0.501742,
          0.477647,
          -0.721186,
          2.315725
        ],
        [
          0.863659,
          0.22991,
          -0.448591,
          4.080145
        ],
        [
          -0.04846,
          -0.847936,
          -0.52788,
          1.585777
        ],
        [
          0.0,
          0.0,
          0.0,
          1.0
        ]
      ]
    },
    {
      "file_path": "/media/NFS/ttao/scannet/posed_images/scene0051_01/00233.jpg",
      "transform_matrix": [
        [
          -0.546459,
          0.496541,
          -0.67441,
          2.304913
        ],
        [
          0.836567,
          0.28592,
          -0.467339,
          4.025768
        ],
        [
          -0.039226,
          -0.819571,
          -0.571634,
          1.555528
        ],
        [
          0.0,
          0.0,
          0.0,
          1.0
        ]
      ]
    },
    {
      "file_path": "/media/NFS/ttao/scannet/posed_images/scene0051_01/00241.jpg",
      "transform_matrix": [
        [
          -0.648476,
          0.392483,
          -0.652255,
          2.228569
        ],
        [
          0.760672,
          0.301134,
          -0.575063,
          3.928269
        ],
        [
          -0.029286,
          -0.869066,
          -0.493829,
          1.572599
        ],
        [
          0.0,
          0.0,
          0.0,
          1.0
        ]
      ]
    },
    {
      "file_path": "/media/NFS/ttao/scannet/posed_images/scene0051_01/00247.jpg",
      "transform_matrix": [
        [
          -0.688795,
          0.309706,
          -0.655472,
          2.178886
        ],
        [
          0.724558,
          0.264137,
          -0.636591,
          3.866353
        ],
        [
          -0.024022,
          -0.913408,
          -0.406336,
          1.592764
        ],
        [
          0.0,
          0.0,
          0.0,
          1.0
        ]
      ]
    },
    {
      "file_path": "/media/NFS/ttao/scannet/posed_images/scene0051_01/00251.jpg",
      "transform_matrix": [
        [
          -0.728321,
          0.270513,
          -0.62958,
          2.132512
        ],
        [
          0.684344,
          0.240289,
          -0.688429,
          3.843847
        ],
        [
          -0.034948,
          -0.932247,
          -0.360131,
          1.610393
        ],
        [
          0.0,
          0.0,
          0.0,
          1.0
        ]
      ]
    },
    {
      "file_path": "/media/NFS/ttao/scannet/posed_images/scene0051_01/00257.jpg",
      "transform_matrix": [
        [
          -0.795423,
          0.23009,
          -0.560679,
          2.046486
        ],
        [
          0.605104,
          0.249702,
          -0.755975,
          3.830312
        ],
        [
          -0.033939,
          -0.940589,
          -0.337847,
          1.6258
        ],
        [
          0.0,
          0.0,
          0.0,
          1.0
        ]
      ]
    },
    {
      "file_path": "/media/NFS/ttao/scannet/posed_images/scene0051_01/00263.jpg",
      "transform_matrix": [
        [
          -0.900991,
          0.136006,
          -0.411969,
          1.924611
        ],
        [
          0.43376,
          0.300469,
          -0.849453,
          3.840802
        ],
        [
          0.008253,
          -0.944045,
          -0.329713,
          1.642564
        ],
        [
          0.0,
          0.0,
          0.0,
          1.0
        ]
      ]
    },
    {
      "file_path": "/media/NFS/ttao/scannet/posed_images/scene0051_01/00273.jpg",
      "transform_matrix": [
        [
          -0.968281,
          0.027108,
          -0.248389,
          1.810358
        ],
        [
          0.247054,
          0.252542,
          -0.935514,
          3.821282
        ],
        [
          0.037369,
          -0.967206,
          -0.251229,
          1.674089
        ],
        [
          0.0,
          0.0,
          0.0,
          1.0
        ]
      ]
    },
    {
      "file_path": "/media/NFS/ttao/scannet/posed_images/scene0051_01/00281.jpg",
      "transform_matrix": [
        [
          -0.997275,
          -0.036736,
          -0.063985,
          1.743482
        ],
        [
          0.054921,
          0.209487,
          -0.976268,
          3.75371
        ],
        [
          0.049268,
          -0.977121,
          -0.206898,
          1.65881
        ],
        [
          0.0,
          0.0,
          0.0,
          1.0
        ]
      ]
    },
    {
      "file_path": "/media/NFS/ttao/scannet/posed_images/scene0051_01/00283.jpg",
      "transform_matrix": [
        [
          -0.998636,
          -0.0475,
          -0.021683,
          1.729856
        ],
        [
          0.010862,
          0.217205,
          -0.976066,
          3.736543
        ],
        [
          0.051073,
          -0.97497,
          -0.216393,
          1.661925
        ],
        [
          0.0,
          0.0,
          0.0,
          1.0
        ]
      ]
    },
    {
      "file_path": "/media/NFS/ttao/scannet/posed_images/scene0051_01/00289.jpg",
      "transform_matrix": [
        [
          -0.986785,
          -0.07427,
          0.144017,
          1.671031
        ],
        [
          -0.158672,
          0.262627,
          -0.951762,
          3.684242
        ],
        [
          0.032864,
          -0.962035,
          -0.270941,
          1.663342
        ],
        [
          0.0,
          0.0,
          0.0,
          1.0
        ]
      ]
    },
    {
      "file_path": "/media/NFS/ttao/scannet/posed_images/scene0051_01/00301.jpg",
      "transform_matrix": [
        [
          -0.888714,
          -0.150593,
          0.433022,
          1.651313
        ],
        [
          -0.452538,
          0.136813,
          -0.881188,
          3.721472
        ],
        [
          0.073458,
          -0.979083,
          -0.189737,
          1.654588
        ],
        [
          0.0,
          0.0,
          0.0,
          1.0
        ]
      ]
    },
    {
      "file_path": "/media/NFS/ttao/scannet/posed_images/scene0051_01/00303.jpg",
      "transform_matrix": [
        [
          -0.861675,
          -0.158728,
          0.481998,
          1.637471
        ],
        [
          -0.502003,
          0.127687,
          -0.855388,
          3.733008
        ],
        [
          0.074229,
          -0.979031,
          -0.189706,
          1.662967
        ],
        [
          0.0,
          0.0,
          0.0,
          1.0
        ]
      ]
    },
    {
      "file_path": "/media/NFS/ttao/scannet/posed_images/scene0051_01/00313.jpg",
      "transform_matrix": [
        [
          -0.704929,
          -0.213272,
          0.676454,
          1.596026
        ],
        [
          -0.706993,
          0.13478,
          -0.694259,
          3.788093
        ],
        [
          0.056893,
          -0.967651,
          -0.245792,
          1.621619
        ],
        [
          0.0,
          0.0,
          0.0,
          1.0
        ]
      ]
    },
    {
      "file_path": "/media/NFS/ttao/scannet/posed_images/scene0051_01/00316.jpg",
      "transform_matrix": [
        [
          -0.653599,
          -0.216803,
          0.725124,
          1.587503
        ],
        [
          -0.755044,
          0.120806,
          -0.644449,
          3.794356
        ],
        [
          0.052119,
          -0.968712,
          -0.242654,
          1.613248
        ],
        [
          0.0,
          0.0,
          0.0,
          1.0
        ]
      ]
    },
    {
      "file_path": "/media/NFS/ttao/scannet/posed_images/scene0051_01/00322.jpg",
      "transform_matrix": [
        [
          -0.561845,
          -0.228206,
          0.795143,
          1.565759
        ],
        [
          -0.82533,
          0.089309,
          -0.557543,
          3.799714
        ],
        [
          0.056221,
          -0.969508,
          -0.238523,
          1.60632
        ],
        [
          0.0,
          0.0,
          0.0,
          1.0
        ]
      ]
    },
    {
      "file_path": "/media/NFS/ttao/scannet/posed_images/scene0051_01/00328.jpg",
      "transform_matrix": [
        [
          -0.466801,
          -0.282658,
          0.837975,
          1.583555
        ],
        [
          -0.880957,
          0.065552,
          -0.468633,
          3.795012
        ],
        [
          0.077532,
          -0.956978,
          -0.27961,
          1.592417
        ],
        [
          0.0,
          0.0,
          0.0,
          1.0
        ]
      ]
    },
    {
      "file_path": "/media/NFS/ttao/scannet/posed_images/scene0051_01/00336.jpg",
      "transform_matrix": [
        [
          -0.368029,
          -0.304788,
          0.878441,
          1.617782
        ],
        [
          -0.927744,
          0.057355,
          -0.368784,
          3.863454
        ],
        [
          0.062018,
          -0.950692,
          -0.303874,
          1.571174
        ],
        [
          0.0,
          0.0,
          0.0,
          1.0
        ]
      ]
    },
    {
      "file_path": "/media/NFS/ttao/scannet/posed_images/scene0051_01/00342.jpg",
      "transform_matrix": [
        [
          -0.300465,
          -0.338223,
          0.89181,
          1.635374
        ],
        [
          -0.953113,
          0.071178,
          -0.294125,
          3.921406
        ],
        [
          0.036002,
          -0.93837,
          -0.343751,
          1.556637
        ],
        [
          0.0,
          0.0,
          0.0,
          1.0
        ]
      ]
    },
    {
      "file_path": "/media/NFS/ttao/scannet/posed_images/scene0051_01/00352.jpg",
      "transform_matrix": [
        [
          -0.185162,
          -0.437091,
          0.880152,
          1.660638
        ],
        [
          -0.982409,
          0.104429,
          -0.154814,
          3.996403
        ],
        [
          -0.024246,
          -0.893334,
          -0.448738,
          1.500873
        ],
        [
          0.0,
          0.0,
          0.0,
          1.0
        ]
      ]
    },
    {
      "file_path": "/media/NFS/ttao/scannet/posed_images/scene0051_01/00358.jpg",
      "transform_matrix": [
        [
          -0.096239,
          -0.47724,
          0.873488,
          1.677404
        ],
        [
          -0.993695,
          0.096777,
          -0.056608,
          3.986506
        ],
        [
          -0.057517,
          -0.873428,
          -0.483544,
          1.486463
        ],
        [
          0.0,
          0.0,
          0.0,
          1.0
        ]
      ]
    },
    {
      "file_path": "/media/NFS/ttao/scannet/posed_images/scene0051_01/00362.jpg",
      "transform_matrix": [
        [
          -0.035359,
          -0.497282,
          0.866869,
          1.697341
        ],
        [
          -0.997427,
          0.071695,
          0.000443,
          4.006542
        ],
        [
          -0.06237,
          -0.864622,
          -0.498537,
          1.492344
        ],
        [
          0.0,
          0.0,
          0.0,
          1.0
        ]
      ]
    },
    {
      "file_path": "/media/NFS/ttao/scannet/posed_images/scene0051_01/00368.jpg",
      "transform_matrix": [
        [
          0.062301,
          -0.464927,
          0.883154,
          1.701557
        ],
        [
          -0.995595,
          0.033171,
          0.087695,
          4.012844
        ],
        [
          -0.070067,
          -0.884727,
          -0.460812,
          1.500379
        ],
        [
          0.0,
          0.0,
          0.0,
          1.0
        ]
      ]
    },
    {
      "file_path": "/media/NFS/ttao/scannet/posed_images/scene0051_01/00380.jpg",
      "transform_matrix": [
        [
          0.277417,
          -0.345897,
          0.896323,
          1.704197
        ],
        [
          -0.95995,
          -0.061734,
          0.273286,
          4.110177
        ],
        [
          -0.039195,
          -0.936239,
          -0.349169,
          1.52982
        ],
        [
          0.0,
          0.0,
          0.0,
          1.0
        ]
      ]
    },
    {
      "file_path": "/media/NFS/ttao/scannet/posed_images/scene0051_01/00382.jpg",
      "transform_matrix": [
        [
          0.321232,
          -0.354257,
          0.878244,
          1.711168
        ],
        [
          -0.945531,
          -0.068345,
          0.318276,
          4.110451
        ],
        [
          -0.052728,
          -0.932647,
          -0.356915,
          1.522708
        ],
        [
          0.0,
          0.0,
          0.0,
          1.0
        ]
      ]
    },
    {
      "file_path": "/media/NFS/ttao/scannet/posed_images/scene0051_01/00388.jpg",
      "transform_matrix": [
        [
          0.420294,
          -0.37134,
          0.827925,
          1.754469
        ],
        [
          -0.905524,
          -0.1132,
          0.408915,
          4.113828
        ],
        [
          -0.058125,
          -0.921571,
          -0.383835,
          1.520409
        ],
        [
          0.0,
          0.0,
          0.0,
          1.0
        ]
      ]
    },
    {
      "file_path": "/media/NFS/ttao/scannet/posed_images/scene0051_01/00400.jpg",
      "transform_matrix": [
        [
          0.537998,
          -0.345999,
          0.768663,
          1.865972
        ],
        [
          -0.841859,
          -0.174242,
          0.510797,
          4.19023
        ],
        [
          -0.042802,
          -0.921913,
          -0.385024,
          1.542223
        ],
        [
          0.0,
          0.0,
          0.0,
          1.0
        ]
      ]
    },
    {
      "file_path": "/media/NFS/ttao/scannet/posed_images/scene0051_01/00404.jpg",
      "transform_matrix": [
        [
          0.560821,
          -0.334777,
          0.757235,
          1.918366
        ],
        [
          -0.826553,
          -0.173512,
          0.535448,
          4.194042
        ],
        [
          -0.047866,
          -0.926185,
          -0.374019,
          1.548321
        ],
        [
          0.0,
          0.0,
          0.0,
          1.0
        ]
      ]
    },
    {
      "file_path": "/media/NFS/ttao/scannet/posed_images/scene0051_01/00407.jpg",
      "transform_matrix": [
        [
          0.555441,
          -0.322368,
          0.766528,
          1.955625
        ],
        [
          -0.831059,
          -0.183341,
          0.525097,
          4.199126
        ],
        [
          -0.028739,
          -0.92869,
          -0.369741,
          1.54971
        ],
        [
          0.0,
          0.0,
          0.0,
          1.0
        ]
      ]
    },
    {
      "file_path": "/media/NFS/ttao/scannet/posed_images/scene0051_01/00417.jpg",
      "transform_matrix": [
        [
          0.322841,
          -0.454097,
          0.830404,
          2.037655
        ],
        [
          -0.943755,
          -0.220661,
          0.246243,
          4.224396
        ],
        [
          0.07142,
          -0.863195,
          -0.499794,
          1.522567
        ],
        [
          0.0,
          0.0,
          0.0,
          1.0
        ]
      ]
    },
    {
      "file_path": "/media/NFS/ttao/scannet/posed_images/scene0051_01/00423.jpg",
      "transform_matrix": [
        [
          0.180191,
          -0.505036,
          0.844079,
          2.089236
        ],
        [
          -0.980541,
          -0.160203,
          0.113469,
          4.138261
        ],
        [
          0.077918,
          -0.8481,
          -0.524076,
          1.50949
        ],
        [
          0.0,
          0.0,
          0.0,
          1.0
        ]
      ]
    },
    {
      "file_path": "/media/NFS/ttao/scannet/posed_images/scene0051_01/00427.jpg",
      "transform_matrix": [
        [
          0.03876,
          -0.550255,
          0.834096,
          2.115601
        ],
        [
          -0.99603,
          -0.088214,
          -0.01191,
          4.099648
        ],
        [
          0.080132,
          -0.830324,
          -0.55149,
          1.506262
        ],
        [
          0.0,
          0.0,
          0.0,
          1.0
        ]
      ]
    },
    {
      "file_path": "/media/NFS/ttao/scannet/posed_images/scene0051_01/00437.jpg",
      "transform_matrix": [
        [
          -0.252883,
          -0.578951,
          0.775155,
          2.164496
        ],
        [
          -0.966422,
          0.113399,
          -0.230586,
          3.88225
        ],
        [
          0.045596,
          -0.807438,
          -0.588188,
          1.478569
        ],
        [
          0.0,
          0.0,
          0.0,
          1.0
        ]
      ]
    },
    {
      "file_path": "/media/NFS/ttao/scannet/posed_images/scene0051_01/00441.jpg",
      "transform_matrix": [
        [
          -0.298918,
          -0.584133,
          0.75461,
          2.190125
        ],
        [
          -0.954015,
          0.164329,
          -0.250702,
          3.752165
        ],
        [
          0.022439,
          -0.794849,
          -0.606392,
          1.478935
        ],
        [
          0.0,
          0.0,
          0.0,
          1.0
        ]
      ]
    },
    {
      "file_path": "/media/NFS/ttao/scannet/posed_images/scene0051_01/00447.jpg",
      "transform_matrix": [
        [
          -0.395794,
          -0.567136,
          0.722291,
          2.239313
        ],
        [
          -0.918315,
          0.238675,
          -0.315803,
          3.651355
        ],
        [
          0.00671,
          -0.788284,
          -0.615275,
          1.475855
        ],
        [
          0.0,
          0.0,
          0.0,
          1.0
        ]
      ]
    },
    {
      "file_path": "/media/NFS/ttao/scannet/posed_images/scene0051_01/00453.jpg",
      "transform_matrix": [
        [
          -0.488437,
          -0.516806,
          0.703094,
          2.309659
        ],
        [
          -0.872531,
          0.299344,
          -0.386113,
          3.523772
        ],
        [
          -0.010921,
          -0.802063,
          -0.59714,
          1.492893
        ],
        [
          0.0,
          0.0,
          0.0,
          1.0
        ]
      ]
    },
    {
      "file_path": "/media/NFS/ttao/scannet/posed_images/scene0051_01/00465.jpg",
      "transform_matrix": [
        [
          -0.667069,
          -0.342213,
          0.661747,
          2.438293
        ],
        [
          -0.744996,
          0.307477,
          -0.591979,
          3.381657
        ],
        [
          -0.000889,
          -0.88789,
          -0.460056,
          1.532949
        ],
        [
          0.0,
          0.0,
          0.0,
          1.0
        ]
      ]
    },
    {
      "file_path": "/media/NFS/ttao/scannet/posed_images/scene0051_01/00471.jpg",
      "transform_matrix": [
        [
          -0.694949,
          -0.300838,
          0.653102,
          2.491639
        ],
        [
          -0.719028,
          0.299239,
          -0.627261,
          3.307533
        ],
        [
          -0.006729,
          -0.905513,
          -0.424266,
          1.562347
        ],
        [
          0.0,
          0.0,
          0.0,
          1.0
        ]
      ]
    },
    {
      "file_path": "/media/NFS/ttao/scannet/posed_images/scene0051_01/00479.jpg",
      "transform_matrix": [
        [
          -0.649145,
          -0.268814,
          0.711583,
          2.493581
        ],
        [
          -0.760635,
          0.237694,
          -0.604099,
          3.20541
        ],
        [
          -0.006749,
          -0.933403,
          -0.358767,
          1.583743
        ],
        [
          0.0,
          0.0,
          0.0,
          1.0
        ]
      ]
    },
    {
      "file_path": "/media/NFS/ttao/scannet/posed_images/scene0051_01/00483.jpg",
      "transform_matrix": [
        [
          -0.643522,
          -0.286943,
          0.709608,
          2.50824
        ],
        [
          -0.765103,
          0.214145,
          -0.607256,
          3.150865
        ],
        [
          0.022289,
          -0.933706,
          -0.357348,
          1.606236
        ],
        [
          0.0,
          0.0,
          0.0,
          1.0
        ]
      ]
    },
    {
      "file_path": "/media/NFS/ttao/scannet/posed_images/scene0051_01/00487.jpg",
      "transform_matrix": [
        [
          -0.634446,
          -0.301297,
          0.711828,
          2.526932
        ],
        [
          -0.77151,
          0.190311,
          -0.607087,
          3.109423
        ],
        [
          0.047444,
          -0.934346,
          -0.353196,
          1.60552
        ],
        [
          0.0,
          0.0,
          0.0,
          1.0
        ]
      ]
    },
    {
      "file_path": "/media/NFS/ttao/scannet/posed_images/scene0051_01/00496.jpg",
      "transform_matrix": [
        [
          -0.714035,
          -0.285065,
          0.639447,
          2.566621
        ],
        [
          -0.695985,
          0.190017,
          -0.692459,
          3.050856
        ],
        [
          0.07589,
          -0.939485,
          -0.33408,
          1.610021
        ],
        [
          0.0,
          0.0,
          0.0,
          1.0
        ]
      ]
    },
    {
      "file_path": "/media/NFS/ttao/scannet/posed_images/scene0051_01/00500.jpg",
      "transform_matrix": [
        [
          -0.752384,
          -0.249745,
          0.609546,
          2.552895
        ],
        [
          -0.654852,
          0.183386,
          -0.73317,
          3.044908
        ],
        [
          0.071324,
          -0.950787,
          -0.301523,
          1.617604
        ],
        [
          0.0,
          0.0,
          0.0,
          1.0
        ]
      ]
    },
    {
      "file_path": "/media/NFS/ttao/scannet/posed_images/scene0051_01/00506.jpg",
      "transform_matrix": [
        [
          -0.824737,
          -0.19279,
          0.53164,
          2.494321
        ],
        [
          -0.560125,
          0.148974,
          -0.814903,
          3.056718
        ],
        [
          0.077905,
          -0.969865,
          -0.230851,
          1.636574
