{
  "frames": [
    {
      "file_path": "/media/NFS/ttao/scannet/posed_images/scene0604_01/00000.jpg",
      "transform_matrix": [
        [
          -0.671192,
          -0.286516,
          0.683674,
          3.592062
        ],
        [
          -0.741265,
          0.252865,
          -0.62176,
          2.299377
        ],
        [
          0.005268,
          -0.924104,
          -0.382105,
          1.5149
        ],
        [
          0.0,
          0.0,
          0.0,
          1.0
        ]
      ]
    },
    {
      "file_path": "/media/NFS/ttao/scannet/posed_images/scene0604_01/00008.jpg",
      "transform_matrix": [
        [
          -0.693971,
          -0.271911,
          0.666686,
          3.599431
        ],
        [
          -0.719996,
          0.266262,
          -0.640867,
          2.263801
        ],
        [
          -0.003254,
          -0.924754,
          -0.380552,
          1.519829
        ],
        [
          0.0,
          0.0,
          0.0,
          1.0
        ]
      ]
    },
    {
      "file_path": "/media/NFS/ttao/scannet/posed_images/scene0604_01/00009.jpg",
      "transform_matrix": [
        [
          -0.694841,
          -0.272768,
          0.665428,
          3.603759
        ],
        [
          -0.719162,
          0.265461,
          -0.642134,
          2.262891
        ],
        [
          -0.001492,
          -0.924731,
          -0.380618,
          1.518789
        ],
        [
          0.0,
          0.0,
          0.0,
          1.0
        ]
      ]
    },
    {
      "file_path": "/media/NFS/ttao/scannet/posed_images/scene0604_01/00017.jpg",
      "transform_matrix": [
        [
          -0.711907,
          -0.243905,
          0.658559,
          3.64873
        ],
        [
          -0.702233,
          0.237116,
          -0.6713,
          2.264844
        ],
        [
          0.007578,
          -0.940365,
          -0.340083,
          1.561905
        ],
        [
          0.0,
          0.0,
          0.0,
          1.0
        ]
      ]
    },
    {
      "file_path": "/media/NFS/ttao/scannet/posed_images/scene0604_01/00020.jpg",
      "transform_matrix": [
        [
          -0.712856,
          -0.219498,
          0.666076,
          3.655782
        ],
        [
          -0.701163,
          0.203583,
          -0.683318,
          2.263169
        ],
        [
          0.014385,
          -0.954136,
          -0.299029,
          1.586162
        ],
        [
          0.0,
          0.0,
          0.0,
          1.0
        ]
      ]
    },
    {
      "file_path": "/media/NFS/ttao/scannet/posed_images/scene0604_01/00027.jpg",
      "transform_matrix": [
        [
          -0.70088,
          -0.162435,
          0.694538,
          3.656348
        ],
        [
          -0.712936,
          0.129319,
          -0.689202,
          2.255676
        ],
        [
          0.022134,
          -0.978208,
          -0.206443,
          1.647599
        ],
        [
          0.0,
          0.0,
          0.0,
          1.0
        ]
      ]
    },
    {
      "file_path": "/media/NFS/ttao/scannet/posed_images/scene0604_01/00029.jpg",
      "transform_matrix": [
        [
          -0.699134,
          -0.155681,
          0.697836,
          3.661743
        ],
        [
          -0.714346,
          0.110634,
          -0.690992,
          2.258169
        ],
        [
          0.03037,
          -0.981592,
          -0.188559,
          1.658432
        ],
        [
          0.0,
          0.0,
          0.0,
          1.0
        ]
      ]
    },
    {
      "file_path": "/media/NFS/ttao/scannet/posed_images/scene0604_01/00035.jpg",
      "transform_matrix": [
        [
          -0.686731,
          -0.132845,
          0.71467,
          3.66826
        ],
        [
          -0.725265,
          0.059067,
          -0.685932,
          2.270137
        ],
        [
          0.048909,
          -0.989375,
          -0.136911,
          1.687386
        ],
        [
          0.0,
          0.0,
          0.0,
          1.0
        ]
      ]
    },
    {
      "file_path": "/media/NFS/ttao/scannet/posed_images/scene0604_01/00042.jpg",
      "transform_matrix": [
        [
          -0.634236,
          -0.09398,
          0.767407,
          3.671393
        ],
        [
          -0.772138,
          0.026483,
          -0.634903,
          2.303877
        ],
        [
          0.039345,
          -0.995222,
          -0.089362,
          1.698981
        ],
        [
          0.0,
          0.0,
          0.0,
          1.0
        ]
      ]
    },
    {
      "file_path": "/media/NFS/ttao/scannet/posed_images/scene0604_01/00045.jpg",
      "transform_matrix": [
        [
          -0.589866,
          -0.084332,
          0.803085,
          3.668332
        ],
        [
          -0.806806,
          0.0203,
          -0.590467,
          2.308912
        ],
        [
          0.033492,
          -0.996231,
          -0.080014,
          1.701249
        ],
        [
          0.0,
          0.0,
          0.0,
          1.0
        ]
      ]
    },
    {
      "file_path": "/media/NFS/ttao/scannet/posed_images/scene0604_01/00053.jpg",
      "transform_matrix": [
        [
          -0.413251,
          -0.139621,
          0.89985,
          3.616474
        ],
        [
          -0.908839,
          0.001517,
          -0.417144,
          2.308548
        ],
        [
          0.056877,
          -0.990204,
          -0.12752,
          1.647886
        ],
        [
          0.0,
          0.0,
          0.0,
          1.0
        ]
      ]
    },
    {
      "file_path": "/media/NFS/ttao/scannet/posed_images/scene0604_01/00054.jpg",
      "transform_matrix": [
        [
          -0.394485,
          -0.145677,
          0.907282,
          3.613559
        ],
        [
          -0.917116,
          0.000872,
          -0.39862,
          2.309623
        ],
        [
          0.057279,
          -0.989332,
          -0.133947,
          1.636837
        ],
        [
          0.0,
          0.0,
          0.0,
          1.0
        ]
      ]
    },
    {
      "file_path": "/media/NFS/ttao/scannet/posed_images/scene0604_01/00060.jpg",
      "transform_matrix": [
        [
          -0.26208,
          -0.206335,
          0.94273,
          3.583722
        ],
        [
          -0.963507,
          0.000787,
          -0.267683,
          2.269748
        ],
        [
          0.054491,
          -0.978481,
          -0.199011,
          1.631521
        ],
        [
          0.0,
          0.0,
          0.0,
          1.0
        ]
      ]
    },
    {
      "file_path": "/media/NFS/ttao/scannet/posed_images/scene0604_01/00065.jpg",
      "transform_matrix": [
        [
          -0.183339,
          -0.25294,
          0.949952,
          3.568839
        ],
        [
          -0.982235,
          0.007807,
          -0.18749,
          2.269961
        ],
        [
          0.040008,
          -0.96745,
          -0.249878,
          1.596943
        ],
        [
          0.0,
          0.0,
          0.0,
          1.0
        ]
      ]
    },
    {
      "file_path": "/media/NFS/ttao/scannet/posed_images/scene0604_01/00071.jpg",
      "transform_matrix": [
        [
          -0.10099,
          -0.297139,
          0.949479,
          3.564738
        ],
        [
          -0.994452,
          0.001923,
          -0.105172,
          2.242753
        ],
        [
          0.029425,
          -0.954832,
          -0.295685,
          1.550933
        ],
        [
          0.0,
          0.0,
          0.0,
          1.0
        ]
      ]
    },
    {
      "file_path": "/media/NFS/ttao/scannet/posed_images/scene0604_01/00079.jpg",
      "transform_matrix": [
        [
          -0.024355,
          -0.37742,
          0.925722,
          3.599647
        ],
        [
          -0.999371,
          -0.014693,
          -0.032283,
          2.276584
        ],
        [
          0.025786,
          -0.925926,
          -0.376824,
          1.492157
        ],
        [
          0.0,
          0.0,
          0.0,
          1.0
        ]
      ]
    },
    {
      "file_path": "/media/NFS/ttao/scannet/posed_images/scene0604_01/00080.jpg",
      "transform_matrix": [
        [
          -0.008653,
          -0.38885,
          0.921261,
          3.614768
        ],
        [
          -0.999417,
          -0.027078,
          -0.020816,
          2.279764
        ],
        [
          0.03304,
          -0.920903,
          -0.388389,
          1.509659
        ],
        [
          0.0,
          0.0,
          0.0,
          1.0
        ]
      ]
    },
    {
      "file_path": "/media/NFS/ttao/scannet/posed_images/scene0604_01/00085.jpg",
      "transform_matrix": [
        [
          0.043865,
          -0.384049,
          0.92227,
          3.651477
        ],
        [
          -0.998342,
          -0.05129,
          0.026125,
          2.316393
        ],
        [
          0.03727,
          -0.921887,
          -0.385662,
          1.486461
        ],
        [
          0.0,
          0.0,
          0.0,
          1.0
        ]
      ]
    },
    {
      "file_path": "/media/NFS/ttao/scannet/posed_images/scene0604_01/00091.jpg",
      "transform_matrix": [
        [
          0.116075,
          -0.419267,
          0.900412,
          3.725519
        ],
        [
          -0.992613,
          -0.081176,
          0.090162,
          2.338152
        ],
        [
          0.03529,
          -0.904226,
          -0.425593,
          1.478089
        ],
        [
          0.0,
          0.0,
          0.0,
          1.0
        ]
      ]
    },
    {
      "file_path": "/media/NFS/ttao/scannet/posed_images/scene0604_01/00095.jpg",
      "transform_matrix": [
        [
          0.152057,
          -0.422756,
          0.893396,
          3.756936
        ],
        [
          -0.988226,
          -0.080529,
          0.130091,
          2.35666
        ],
        [
          0.016947,
          -0.902659,
          -0.430024,
          1.483362
        ],
        [
          0.0,
          0.0,
          0.0,
          1.0
        ]
      ]
    },
    {
      "file_path": "/media/NFS/ttao/scannet/posed_images/scene0604_01/00100.jpg",
      "transform_matrix": [
        [
          0.208681,
          -0.406948,
          0.889295,
          3.806205
        ],
        [
          -0.977925,
          -0.096779,
          0.185192,
          2.346392
        ],
        [
          0.010701,
          -0.90831,
          -0.418161,
          1.511853
        ],
        [
          0.0,
          0.0,
          0.0,
          1.0
        ]
      ]
    },
    {
      "file_path": "/media/NFS/ttao/scannet/posed_images/scene0604_01/00104.jpg",
      "transform_matrix": [
        [
          0.247314,
          -0.379264,
          0.891625,
          3.842813
        ],
        [
          -0.968902,
          -0.104387,
          0.224347,
          2.367416
        ],
        [
          0.007987,
          -0.919382,
          -0.393286,
          1.543625
        ],
        [
          0.0,
          0.0,
          0.0,
          1.0
        ]
      ]
    },
    {
      "file_path": "/media/NFS/ttao/scannet/posed_images/scene0604_01/00113.jpg",
      "transform_matrix": [
        [
          0.389591,
          -0.274408,
          0.879158,
          3.908214
        ],
        [
          -0.920792,
          -0.135762,
          0.365666,
          2.350005
        ],
        [
          0.019014,
          -0.951982,
          -0.305564,
          1.574365
        ],
        [
          0.0,
          0.0,
          0.0,
          1.0
        ]
      ]
    },
    {
      "file_path": "/media/NFS/ttao/scannet/posed_images/scene0604_01/00118.jpg",
      "transform_matrix": [
        [
          0.464322,
          -0.219551,
          0.858022,
          3.945204
        ],
        [
          -0.885482,
          -0.134835,
          0.444681,
          2.330594
        ],
        [
          0.018061,
          -0.966239,
          -0.257016,
          1.601915
        ],
        [
          0.0,
          0.0,
          0.0,
          1.0
        ]
      ]
    },
    {
      "file_path": "/media/NFS/ttao/scannet/posed_images/scene0604_01/00122.jpg",
      "transform_matrix": [
        [
          0.518854,
          -0.184246,
          0.834772,
          3.960621
        ],
        [
          -0.854517,
          -0.139572,
          0.500321,
          2.306118
        ],
        [
          0.024328,
          -0.97292,
          -0.229858,
          1.585652
        ],
        [
          0.0,
          0.0,
          0.0,
          1.0
        ]
      ]
    },
    {
      "file_path": "/media/NFS/ttao/scannet/posed_images/scene0604_01/00127.jpg",
      "transform_matrix": [
        [
          0.576898,
          -0.160182,
          0.800955,
          3.988231
        ],
        [
          -0.816458,
          -0.142108,
          0.559644,
          2.305075
        ],
        [
          0.024177,
          -0.976804,
          -0.212764,
          1.588596
        ],
        [
          0.0,
          0.0,
          0.0,
          1.0
        ]
      ]
    },
    {
      "file_path": "/media/NFS/ttao/scannet/posed_images/scene0604_01/00133.jpg",
      "transform_matrix": [
        [
          0.640915,
          -0.142087,
          0.754347,
          4.036417
        ],
        [
          -0.767088,
          -0.154832,
          0.622578,
          2.317744
        ],
        [
          0.028336,
          -0.97767,
          -0.208228,
          1.588112
        ],
        [
          0.0,
          0.0,
          0.0,
          1.0
        ]
      ]
    },
    {
      "file_path": "/media/NFS/ttao/scannet/posed_images/scene0604_01/00134.jpg",
      "transform_matrix": [
        [
          0.645552,
          -0.142712,
          0.750264,
          4.049775
        ],
        [
          -0.763136,
          -0.158819,
          0.626418,
          2.324762
        ],
        [
          0.029759,
          -0.976939,
          -0.211435,
          1.589942
        ],
        [
          0.0,
          0.0,
          0.0,
          1.0
        ]
      ]
    },
    {
      "file_path": "/media/NFS/ttao/scannet/posed_images/scene0604_01/00141.jpg",
      "transform_matrix": [
        [
          0.704321,
          -0.10352,
          0.702294,
          4.116071
        ],
        [
          -0.708925,
          -0.153917,
          0.688284,
          2.375598
        ],
        [
          0.036844,
          -0.982646,
          -0.181795,
          1.571821
        ],
        [
          0.0,
          0.0,
          0.0,
          1.0
        ]
      ]
    },
    {
      "file_path": "/media/NFS/ttao/scannet/posed_images/scene0604_01/00145.jpg",
      "transform_matrix": [
        [
          0.734178,
          -0.095789,
          0.672166,
          4.138855
        ],
        [
          -0.677079,
          -0.176859,
          0.714342,
          2.42649
        ],
        [
          0.050452,
          -0.979564,
          -0.194703,
          1.579496
        ],
        [
          0.0,
          0.0,
          0.0,
          1.0
        ]
      ]
    },
    {
      "file_path": "/media/NFS/ttao/scannet/posed_images/scene0604_01/00153.jpg",
      "transform_matrix": [
        [
          0.803408,
          -0.124939,
          0.582173,
          4.178762
        ],
        [
          -0.594301,
          -0.228404,
          0.771128,
          2.467987
        ],
        [
          0.036626,
          -0.965517,
          -0.257753,
          1.546422
        ],
        [
          0.0,
          0.0,
          0.0,
          1.0
        ]
      ]
    },
    {
      "file_path": "/media/NFS/ttao/scannet/posed_images/scene0604_01/00159.jpg",
      "transform_matrix": [
        [
          0.845651,
          -0.142548,
          0.514348,
          4.199134
        ],
        [
          -0.533314,
          -0.263981,
          0.803673,
          2.490204
        ],
        [
          0.021216,
          -0.953936,
          -0.299259,
          1.54049
        ],
        [
          0.0,
          0.0,
          0.0,
          1.0
        ]
      ]
    },
    {
      "file_path": "/media/NFS/ttao/scannet/posed_images/scene0604_01/00160.jpg",
      "transform_matrix": [
        [
          0.857479,
          -0.142729,
          0.494325,
          4.20429
        ],
        [
          -0.514285,
          -0.266714,
          0.815092,
          2.478926
        ],
        [
          0.015506,
          -0.953149,
          -0.302105,
          1.540904
        ],
        [
          0.0,
          0.0,
          0.0,
          1.0
        ]
      ]
    },
    {
      "file_path": "/media/NFS/ttao/scannet/posed_images/scene0604_01/00168.jpg",
      "transform_matrix": [
        [
          0.923542,
          -0.114502,
          0.366004,
          4.262334
        ],
        [
          -0.383242,
          -0.310356,
          0.869945,
          2.465888
        ],
        [
          0.013981,
          -0.943699,
          -0.330509,
          1.532206
        ],
        [
          0.0,
          0.0,
          0.0,
          1.0
        ]
      ]
    },
    {
      "file_path": "/media/NFS/ttao/scannet/posed_images/scene0604_01/00172.jpg",
      "transform_matrix": [
        [
          0.950662,
          -0.074246,
          0.301214,
          4.305985
        ],
        [
          -0.30824,
          -0.335834,
          0.890058,
          2.445659
        ],
        [
          0.035075,
          -0.938991,
          -0.34215,
          1.533736
        ],
        [
          0.0,
          0.0,
          0.0,
          1.0
        ]
      ]
    },
    {
      "file_path": "/media/NFS/ttao/scannet/posed_images/scene0604_01/00178.jpg",
      "transform_matrix": [
        [
          0.980519,
          -0.024128,
          0.194934,
          4.338902
        ],
        [
          -0.191647,
          -0.335001,
          0.922521,
          2.432148
        ],
        [
          0.043044,
          -0.941909,
          -0.3331,
          1.54084
        ],
        [
          0.0,
          0.0,
          0.0,
          1.0
        ]
      ]
    },
    {
      "file_path": "/media/NFS/ttao/scannet/posed_images/scene0604_01/00184.jpg",
      "transform_matrix": [
        [
          0.993724,
          -0.011151,
          0.111305,
          4.371521
        ],
        [
          -0.108828,
          -0.326555,
          0.938892,
          2.432539
        ],
        [
          0.025878,
          -0.945112,
          -0.325719,
          1.546711
        ],
        [
          0.0,
          0.0,
          0.0,
          1.0
        ]
      ]
    },
    {
      "file_path": "/media/NFS/ttao/scannet/posed_images/scene0604_01/00189.jpg",
      "transform_matrix": [
        [
          0.998078,
          -6.7e-05,
          0.061964,
          4.377362
        ],
        [
          -0.058417,
          -0.334522,
          0.940576,
          2.457424
        ],
        [
          0.020665,
          -0.942388,
          -0.333883,
          1.537891
        ],
        [
          0.0,
          0.0,
          0.0,
          1.0
        ]
      ]
    },
    {
      "file_path": "/media/NFS/ttao/scannet/posed_images/scene0604_01/00190.jpg",
      "transform_matrix": [
        [
          0.998716,
          0.002898,
          0.050578,
          4.387794
        ],
        [
          -0.046694,
          -0.334658,
          0.941182,
          2.46112
        ],
        [
          0.019654,
          -0.942335,
          -0.334093,
          1.532985
        ],
        [
          0.0,
          0.0,
          0.0,
          1.0
        ]
      ]
    },
    {
      "file_path": "/media/NFS/ttao/scannet/posed_images/scene0604_01/00199.jpg",
      "transform_matrix": [
        [
          0.999115,
          0.039539,
          -0.014349,
          4.380067
        ],
        [
          0.027919,
          -0.368227,
          0.929317,
          2.541687
        ],
        [
          0.03146,
          -0.928895,
          -0.369005,
          1.510632
        ],
        [
          0.0,
          0.0,
          0.0,
          1.0
        ]
      ]
    },
    {
      "file_path": "/media/NFS/ttao/scannet/posed_images/scene0604_01/00202.jpg",
      "transform_matrix": [
        [
          0.997818,
          0.054289,
          -0.037569,
          4.387469
        ],
        [
          0.055281,
          -0.375938,
          0.924994,
          2.562134
        ],
        [
          0.036093,
          -0.925053,
          -0.378119,
          1.501484
        ],
        [
          0.0,
          0.0,
          0.0,
          1.0
        ]
      ]
    },
    {
      "file_path": "/media/NFS/ttao/scannet/posed_images/scene0604_01/00207.jpg",
      "transform_matrix": [
        [
          0.994793,
          0.067259,
          -0.076572,
          4.401344
        ],
        [
          0.097362,
          -0.405062,
          0.90909,
          2.587644
        ],
        [
          0.030128,
          -0.911812,
          -0.409502,
          1.487557
        ],
        [
          0.0,
          0.0,
          0.0,
          1.0
        ]
      ]
    },
    {
      "file_path": "/media/NFS/ttao/scannet/posed_images/scene0604_01/00210.jpg",
      "transform_matrix": [
        [
          0.992968,
          0.070358,
          -0.095205,
          4.41445
        ],
        [
          0.116036,
          -0.419159,
          0.900467,
          2.596424
        ],
        [
          0.023449,
          -0.905183,
          -0.424375,
          1.480863
        ],
        [
          0.0,
          0.0,
          0.0,
          1.0
        ]
      ]
    },
    {
      "file_path": "/media/NFS/ttao/scannet/posed_images/scene0604_01/00216.jpg",
      "transform_matrix": [
        [
          0.982687,
          0.108413,
          -0.150242,
          4.446651
        ],
        [
          0.182936,
          -0.43939,
          0.879472,
          2.597633
        ],
        [
          0.029331,
          -0.89173,
          -0.451616,
          1.465326
        ],
        [
          0.0,
          0.0,
          0.0,
          1.0
        ]
      ]
    },
    {
      "file_path": "/media/NFS/ttao/scannet/posed_images/scene0604_01/00224.jpg",
      "transform_matrix": [
        [
          0.952324,
          0.183383,
          -0.243822,
          4.48749
        ],
        [
          0.302661,
          -0.467276,
          0.830692,
          2.595653
        ],
        [
          0.038403,
          -0.864883,
          -0.500502,
          1.443672
        ],
        [
          0.0,
          0.0,
          0.0,
          1.0
        ]
      ]
    },
    {
      "file_path": "/media/NFS/ttao/scannet/posed_images/scene0604_01/00227.jpg",
      "transform_matrix": [
        [
          0.935381,
          0.189752,
          -0.298423,
          4.487251
        ],
        [
          0.353283,
          -0.463439,
          0.812659,
          2.594631
        ],
        [
          0.015903,
          -0.865574,
          -0.500528,
          1.450569
        ],
        [
          0.0,
          0.0,
          0.0,
          1.0
        ]
      ]
    },
    {
      "file_path": "/media/NFS/ttao/scannet/posed_images/scene0604_01/00231.jpg",
      "transform_matrix": [
        [
          0.90567,
          0.209074,
          -0.368849,
          4.476776
        ],
        [
          0.423982,
          -0.448382,
          0.786888,
          2.5957
        ],
        [
          -0.000867,
          -0.869047,
          -0.49473,
          1.446048
        ],
        [
          0.0,
          0.0,
          0.0,
          1.0
        ]
      ]
    },
    {
      "file_path": "/media/NFS/ttao/scannet/posed_images/scene0604_01/00236.jpg",
      "transform_matrix": [
        [
          0.854777,
          0.24235,
          -0.458936,
          4.453338
        ],
        [
          0.518806,
          -0.422852,
          0.742992,
          2.61424
        ],
        [
          -0.013998,
          -0.873191,
          -0.487177,
          1.446423
        ],
        [
          0.0,
          0.0,
          0.0,
          1.0
        ]
      ]
    },
    {
      "file_path": "/media/NFS/ttao/scannet/posed_images/scene0604_01/00245.jpg",
      "transform_matrix": [
        [
          0.754564,
          0.277059,
          -0.594871,
          4.373158
        ],
        [
          0.65617,
          -0.33041,
          0.678432,
          2.686552
        ],
        [
          -0.008586,
          -0.902257,
          -0.431114,
          1.451055
        ],
        [
          0.0,
          0.0,
          0.0,
          1.0
        ]
      ]
    },
    {
      "file_path": "/media/NFS/ttao/scannet/posed_images/scene0604_01/00248.jpg",
      "transform_matrix": [
        [
          0.712417,
          0.29761,
          -0.635523,
          4.342473
        ],
        [
          0.701708,
          -0.312722,
          0.640165,
          2.712568
        ],
        [
          -0.008222,
          -0.902016,
          -0.431624,
          1.462905
        ],
        [
          0.0,
          0.0,
          0.0,
          1.0
        ]
      ]
    },
    {
      "file_path": "/media/NFS/ttao/scannet/posed_images/scene0604_01/00254.jpg",
      "transform_matrix": [
        [
          0.658047,
          0.295796,
          -0.692444,
          4.301728
        ],
        [
          0.752876,
          -0.273517,
          0.598637,
          2.780206
        ],
        [
          -0.012321,
          -0.915256,
          -0.402685,
          1.480789
        ],
        [
          0.0,
          0.0,
          0.0,
          1.0
        ]
      ]
    },
    {
      "file_path": "/media/NFS/ttao/scannet/posed_images/scene0604_01/00260.jpg",
      "transform_matrix": [
        [
          0.597634,
          0.285369,
          -0.749265,
          4.272409
        ],
        [
          0.801644,
          -0.229194,
          0.552121,
          2.804033
        ],
        [
          -0.014169,
          -0.93061,
          -0.365738,
          1.502088
        ],
        [
          0.0,
          0.0,
          0.0,
          1.0
        ]
      ]
    },
    {
      "file_path": "/media/NFS/ttao/scannet/posed_images/scene0604_01/00264.jpg",
      "transform_matrix": [
        [
          0.542084,
          0.282639,
          -0.791367,
          4.274411
        ],
        [
          0.840052,
          -0.206283,
          0.501758,
          2.821346
        ],
        [
          -0.021429,
          -0.936783,
          -0.349254,
          1.506498
        ],
        [
          0.0,
          0.0,
          0.0,
          1.0
        ]
      ]
    },
    {
      "file_path": "/media/NFS/ttao/scannet/posed_images/scene0604_01/00269.jpg",
      "transform_matrix": [
        [
          0.466576,
          0.308534,
          -0.828924,
          4.285764
        ],
        [
          0.884243,
          -0.184483,
          0.429047,
          2.8439
        ],
        [
          -0.020547,
          -0.933152,
          -0.358894,
          1.503434
        ],
        [
          0.0,
          0.0,
          0.0,
          1.0
        ]
      ]
    },
    {
      "file_path": "/media/NFS/ttao/scannet/posed_images/scene0604_01/00273.jpg",
      "transform_matrix": [
        [
          0.391371,
          0.345469,
          -0.852925,
          4.301507
        ],
        [
          0.920061,
          -0.164834,
          0.355412,
          2.856096
        ],
        [
          -0.017807,
          -0.923841,
          -0.382363,
          1.491647
        ],
        [
          0.0,
          0.0,
          0.0,
          1.0
        ]
      ]
    },
    {
      "file_path": "/media/NFS/ttao/scannet/posed_images/scene0604_01/00280.jpg",
      "transform_matrix": [
        [
          0.279355,
          0.415252,
          -0.865752,
          4.304608
        ],
        [
          0.959112,
          -0.163357,
          0.231126,
          2.854584
        ],
        [
          -0.045451,
          -0.894919,
          -0.443908,
          1.489009
        ],
        [
          0.0,
          0.0,
          0.0,
          1.0
        ]
      ]
    },
    {
      "file_path": "/media/NFS/ttao/scannet/posed_images/scene0604_01/00281.jpg",
      "transform_matrix": [
        [
          0.273176,
          0.417064,
          -0.866852,
          4.298091
        ],
        [
          0.96061,
          -0.166061,
          0.222827,
          2.837477
        ],
        [
          -0.051017,
          -0.893578,
          -0.446,
          1.486382
        ],
        [
          0.0,
          0.0,
          0.0,
          1.0
        ]
      ]
    },
    {
      "file_path": "/media/NFS/ttao/scannet/posed_images/scene0604_01/00290.jpg",
      "transform_matrix": [
        [
          0.124898,
          0.470582,
          -0.873472,
          4.238025
        ],
        [
          0.99087,
          -0.104196,
          0.08555,
          2.837766
        ],
        [
          -0.050755,
          -0.876183,
          -0.479299,
          1.493055
        ],
        [
          0.0,
          0.0,
          0.0,
          1.0
        ]
      ]
    },
    {
      "file_path": "/media/NFS/ttao/scannet/posed_images/scene0604_01/00295.jpg",
      "transform_matrix": [
        [
          0.039396,
          0.471994,
          -0.880721,
          4.181366
        ],
        [
          0.998718,
          -0.046625,
          0.019687,
          2.806396
        ],
        [
          -0.031772,
          -0.880368,
          -0.473227,
          1.496247
        ],
        [
          0.0,
          0.0,
          0.0,
          1.0
        ]
      ]
    },
    {
      "file_path": "/media/NFS/ttao/scannet/posed_images/scene0604_01/00296.jpg",
      "transform_matrix": [
        [
          0.032761,
          0.477163,
          -0.878204,
          4.165706
        ],
        [
          0.999237,
          -0.034339,
          0.018619,
          2.795258
        ],
        [
          -0.021272,
          -0.878144,
          -0.477924,
          1.495619
        ],
        [
          0.0,
          0.0,
          0.0,
          1.0
        ]
      ]
    },
    {
      "file_path": "/media/NFS/ttao/scannet/posed_images/scene0604_01/00302.jpg",
      "transform_matrix": [
        [
          -0.069385,
          0.45679,
          -0.886865,
          4.086337
        ],
        [
          0.996745,
          -0.004843,
          -0.080476,
          2.805518
        ],
        [
          -0.041056,
          -0.889562,
          -0.454967,
          1.541056
        ],
        [
          0.0,
          0.0,
          0.0,
          1.0
        ]
      ]
    },
    {
      "file_path": "/media/NFS/ttao/scannet/posed_images/scene0604_01/00308.jpg",
      "transform_matrix": [
        [
          -0.137682,
          0.404836,
          -0.903964,
          4.052973
        ],
        [
          0.98911,
          0.008264,
          -0.14695,
          2.775281
        ],
        [
          -0.05202,
          -0.914352,
          -0.401565,
          1.558434
        ],
        [
          0.0,
          0.0,
          0.0,
          1.0
        ]
      ]
    },
    {
      "file_path": "/media/NFS/ttao/scannet/posed_images/scene0604_01/00314.jpg",
      "transform_matrix": [
        [
          -0.224522,
          0.359833,
          -0.905599,
          4.022543
        ],
        [
          0.973227,
          0.035895,
          -0.227027,
          2.7718
        ],
        [
          -0.049185,
          -0.932326,
          -0.358259,
          1.553001
        ],
        [
          0.0,
          0.0,
          0.0,
          1.0
        ]
      ]
    },
    {
      "file_path": "/media/NFS/ttao/scannet/posed_images/scene0604_01/00316.jpg",
      "transform_matrix": [
        [
          -0.2511,
          0.344229,
          -0.904685,
          4.012455
        ],
        [
          0.967363,
          0.056386,
          -0.247042,
          2.767423
        ],
        [
          -0.034027,
          -0.937191,
          -0.347153,
          1.55465
        ],
        [
          0.0,
          0.0,
          0.0,
          1.0
        ]
      ]
    },
    {
      "file_path": "/media/NFS/ttao/scannet/posed_images/scene0604_01/00322.jpg",
      "transform_matrix": [
        [
          -0.368814,
          0.294003,
          -0.881781,
          4.000656
        ],
        [
          0.929457,
          0.107199,
          -0.353013,
          2.761858
        ],
        [
          -0.009261,
          -0.949774,
          -0.3128,
          1.571685
        ],
        [
          0.0,
          0.0,
          0.0,
          1.0
        ]
      ]
    },
    {
      "file_path": "/media/NFS/ttao/scannet/posed_images/scene0604_01/00328.jpg",
      "transform_matrix": [
        [
          -0.478406,
          0.233919,
          -0.84641,
          3.997687
        ],
        [
          0.878102,
          0.136213,
          -0.458675,
          2.754878
        ],
        [
          0.007999,
          -0.962667,
          -0.27057,
          1.558004
        ],
        [
          0.0,
          0.0,
          0.0,
          1.0
        ]
      ]
    },
    {
      "file_path": "/media/NFS/ttao/scannet/posed_images/scene0604_01/00335.jpg",
      "transform_matrix": [
        [
          -0.574203,
          0.211186,
          -0.791006,
          3.954005
        ],
        [
          0.818365,
          0.176211,
          -0.547018,
          2.765935
        ],
        [
          0.023862,
          -0.961431,
          -0.274008,
          1.560962
        ],
        [
          0.0,
          0.0,
          0.0,
          1.0
        ]
      ]
    },
    {
      "file_path": "/media/NFS/ttao/scannet/posed_images/scene0604_01/00337.jpg",
      "transform_matrix": [
        [
          -0.589348,
          0.208894,
          -0.780406,
          3.943032
        ],
        [
          0.807437,
          0.184271,
          -0.560437,
          2.745341
        ],
        [
          0.026735,
          -0.960421,
          -0.277268,
          1.564427
        ],
        [
          0.0,
          0.0,
          0.0,
          1.0
        ]
      ]
    },
    {
      "file_path": "/media/NFS/ttao/scannet/posed_images/scene0604_01/00341.jpg",
      "transform_matrix": [
        [
          -0.630484,
          0.187467,
          -0.753224,
          3.913229
        ],
        [
          0.775858,
          0.181123,
          -0.604351,
          2.735923
        ],
        [
          0.02313,
          -0.965428,
          -0.259643,
          1.571676
        ],
        [
          0.0,
          0.0,
          0.0,
          1.0
        ]
      ]
    },
    {
      "file_path": "/media/NFS/ttao/scannet/posed_images/scene0604_01/00351.jpg",
      "transform_matrix": [
        [
          -0.734364,
          0.130339,
          -0.666124,
          3.819125
        ],
        [
          0.678021,
          0.186538,
          -0.710979,
          2.704765
        ],
        [
          0.031589,
          -0.973763,
          -0.22536,
          1.577592
        ],
        [
          0.0,
          0.0,
          0.0,
          1.0
        ]
      ]
    },
    {
      "file_path": "/media/NFS/ttao/scannet/posed_images/scene0604_01/00355.jpg",
      "transform_matrix": [
        [
          -0.775735,
          0.12239,
          -0.619077,
          3.790447
        ],
        [
          0.630412,
          0.194703,
          -0.751447,
          2.695388
        ],
        [
          0.028567,
          -0.973196,
          -0.228194,
          1.585819
        ],
        [
          0.0,
          0.0,
          0.0,
          1.0
        ]
      ]
    },
    {
      "file_path": "/media/NFS/ttao/scannet/posed_images/scene0604_01/00360.jpg",
      "transform_matrix": [
        [
          -0.837105,
          0.118376,
          -0.534081,
          3.728567
        ],
        [
          0.546883,
          0.204648,
          -0.811812,
          2.716145
        ],
        [
          0.0132,
          -0.971651,
          -0.236049,
          1.58007
        ],
        [
          0.0,
          0.0,
          0.0,
          1.0
        ]
      ]
    },
    {
      "file_path": "/media/NFS/ttao/scannet/posed_images/scene0604_01/00366.jpg",
      "transform_matrix": [
        [
          -0.892056,
          0.104068,
          -0.439779,
          3.713878
        ],
        [
          0.451876,
          0.219784,
          -0.864583,
          2.736444
        ],
        [
          0.006681,
          -0.969982,
          -0.243086,
          1.544377
        ],
        [
          0.0,
          0.0,
          0.0,
          1.0
        ]
      ]
    },
    {
      "file_path": "/media/NFS/ttao/scannet/posed_images/scene0604_01/00369.jpg",
      "transform_matrix": [
        [
          -0.917003,
          0.100388,
          -0.386041,
          3.688087
        ],
        [
          0.398863,
          0.239684,
          -0.885132,
          2.751178
        ],
        [
          0.003671,
          -0.965647,
          -0.259832,
          1.568089
        ],
        [
          0.0,
          0.0,
          0.0,
          1.0
        ]
      ]
    },
    {
      "file_path": "/media/NFS/ttao/scannet/posed_images/scene0604_01/00375.jpg",
      "transform_matrix": [
        [
          -0.951879,
          0.07848,
          -0.296257,
          3.642931
        ],
        [
          0.306413,
          0.263217,
          -0.914783,
          2.790929
        ],
        [
          0.006187,
          -0.961539,
          -0.274598,
          1.562407
        ],
        [
          0.0,
          0.0,
          0.0,
          1.0
        ]
      ]
    },
    {
      "file_path": "/media/NFS/ttao/scannet/posed_images/scene0604_01/00376.jpg",
      "transform_matrix": [
        [
          -0.955136,
          0.075743,
          -0.286318,
          3.638731
        ],
        [
          0.296101,
          0.264637,
          -0.917764,
          2.795887
        ],
        [
          0.006256,
          -0.961369,
          -0.275192,
          1.557176
        ],
        [
          0.0,
          0.0,
          0.0,
          1.0
        ]
      ]
    },
    {
      "file_path": "/media/NFS/ttao/scannet/posed_images/scene0604_01/00385.jpg",
      "transform_matrix": [
        [
          -0.970774,
          0.062106,
          -0.231819,
          3.589787
        ],
        [
          0.239561,
          0.308749,
          -0.920481,
          2.815545
        ],
        [
          0.014407,
          -0.949114,
          -0.314604,
          1.529115
        ],
        [
          0.0,
          0.0,
          0.0,
          1.0
        ]
      ]
    },
    {
      "file_path": "/media/NFS/ttao/scannet/posed_images/scene0604_01/00390.jpg",
      "transform_matrix": [
        [
          -0.97786,
          0.072343,
          -0.196358,
          3.557416
        ],
        [
          0.20926,
          0.336256,
          -0.918228,
          2.808631
        ],
        [
          -0.0004,
          -0.938988,
          -0.34395,
