{
  "frames": [
    {
      "file_path": "/media/NFS/ttao/scannet/posed_images/scene0434_00/00000.jpg",
      "transform_matrix": [
        [
          0.974101,
          0.13715,
          -0.179771,
          1.484365
        ],
        [
          0.222246,
          -0.727171,
          0.649484,
          0.468263
        ],
        [
          -0.041648,
          -0.672616,
          -0.738819,
          1.188938
        ],
        [
          0.0,
          0.0,
          0.0,
          1.0
        ]
      ]
    },
    {
      "file_path": "/media/NFS/ttao/scannet/posed_images/scene0434_00/00005.jpg",
      "transform_matrix": [
        [
          0.973904,
          0.135343,
          -0.182192,
          1.489938
        ],
        [
          0.222622,
          -0.725891,
          0.650785,
          0.463441
        ],
        [
          -0.044172,
          -0.674362,
          -0.737079,
          1.187028
        ],
        [
          0.0,
          0.0,
          0.0,
          1.0
        ]
      ]
    },
    {
      "file_path": "/media/NFS/ttao/scannet/posed_images/scene0434_00/00013.jpg",
      "transform_matrix": [
        [
          0.973443,
          0.137315,
          -0.183174,
          1.491135
        ],
        [
          0.225762,
          -0.70844,
          0.668689,
          0.461563
        ],
        [
          -0.037947,
          -0.692285,
          -0.720627,
          1.19426
        ],
        [
          0.0,
          0.0,
          0.0,
          1.0
        ]
      ]
    },
    {
      "file_path": "/media/NFS/ttao/scannet/posed_images/scene0434_00/00016.jpg",
      "transform_matrix": [
        [
          0.97153,
          0.145964,
          -0.186611,
          1.490691
        ],
        [
          0.234683,
          -0.700799,
          0.67365,
          0.461122
        ],
        [
          -0.032448,
          -0.698266,
          -0.715103,
          1.198397
        ],
        [
          0.0,
          0.0,
          0.0,
          1.0
        ]
      ]
    },
    {
      "file_path": "/media/NFS/ttao/scannet/posed_images/scene0434_00/00025.jpg",
      "transform_matrix": [
        [
          0.973192,
          0.155314,
          -0.169632,
          1.479749
        ],
        [
          0.229987,
          -0.651261,
          0.723163,
          0.466053
        ],
        [
          0.001842,
          -0.74279,
          -0.669522,
          1.227926
        ],
        [
          0.0,
          0.0,
          0.0,
          1.0
        ]
      ]
    },
    {
      "file_path": "/media/NFS/ttao/scannet/posed_images/scene0434_00/00031.jpg",
      "transform_matrix": [
        [
          0.972118,
          0.147035,
          -0.182669,
          1.477439
        ],
        [
          0.234467,
          -0.621053,
          0.747876,
          0.463453
        ],
        [
          -0.003483,
          -0.769853,
          -0.638211,
          1.239551
        ],
        [
          0.0,
          0.0,
          0.0,
          1.0
        ]
      ]
    },
    {
      "file_path": "/media/NFS/ttao/scannet/posed_images/scene0434_00/00038.jpg",
      "transform_matrix": [
        [
          0.978031,
          0.145227,
          -0.149547,
          1.469844
        ],
        [
          0.207301,
          -0.602056,
          0.771074,
          0.461945
        ],
        [
          0.021945,
          -0.785135,
          -0.618935,
          1.232309
        ],
        [
          0.0,
          0.0,
          0.0,
          1.0
        ]
      ]
    },
    {
      "file_path": "/media/NFS/ttao/scannet/posed_images/scene0434_00/00044.jpg",
      "transform_matrix": [
        [
          0.981796,
          0.154485,
          -0.110503,
          1.460913
        ],
        [
          0.179093,
          -0.559167,
          0.80948,
          0.458218
        ],
        [
          0.063263,
          -0.814534,
          -0.576656,
          1.22985
        ],
        [
          0.0,
          0.0,
          0.0,
          1.0
        ]
      ]
    },
    {
      "file_path": "/media/NFS/ttao/scannet/posed_images/scene0434_00/00051.jpg",
      "transform_matrix": [
        [
          0.977595,
          0.170793,
          -0.123037,
          1.455902
        ],
        [
          0.201846,
          -0.594786,
          0.778131,
          0.452153
        ],
        [
          0.059719,
          -0.785531,
          -0.615934,
          1.220129
        ],
        [
          0.0,
          0.0,
          0.0,
          1.0
        ]
      ]
    },
    {
      "file_path": "/media/NFS/ttao/scannet/posed_images/scene0434_00/00058.jpg",
      "transform_matrix": [
        [
          0.975432,
          0.182045,
          -0.12406,
          1.453321
        ],
        [
          0.211037,
          -0.610603,
          0.7633,
          0.447653
        ],
        [
          0.063204,
          -0.770729,
          -0.634021,
          1.212747
        ],
        [
          0.0,
          0.0,
          0.0,
          1.0
        ]
      ]
    },
    {
      "file_path": "/media/NFS/ttao/scannet/posed_images/scene0434_00/00062.jpg",
      "transform_matrix": [
        [
          0.977614,
          0.174813,
          -0.117095,
          1.452719
        ],
        [
          0.201656,
          -0.619635,
          0.758543,
          0.444785
        ],
        [
          0.060047,
          -0.765175,
          -0.641016,
          1.2068
        ],
        [
          0.0,
          0.0,
          0.0,
          1.0
        ]
      ]
    },
    {
      "file_path": "/media/NFS/ttao/scannet/posed_images/scene0434_00/00065.jpg",
      "transform_matrix": [
        [
          0.981688,
          0.163621,
          -0.097556,
          1.448925
        ],
        [
          0.180252,
          -0.632157,
          0.753582,
          0.44295
        ],
        [
          0.061631,
          -0.757367,
          -0.650074,
          1.200325
        ],
        [
          0.0,
          0.0,
          0.0,
          1.0
        ]
      ]
    },
    {
      "file_path": "/media/NFS/ttao/scannet/posed_images/scene0434_00/00076.jpg",
      "transform_matrix": [
        [
          0.97791,
          0.157193,
          -0.137774,
          1.429438
        ],
        [
          0.208545,
          -0.689067,
          0.694043,
          0.418978
        ],
        [
          0.014163,
          -0.707444,
          -0.706628,
          1.179649
        ],
        [
          0.0,
          0.0,
          0.0,
          1.0
        ]
      ]
    },
    {
      "file_path": "/media/NFS/ttao/scannet/posed_images/scene0434_00/00080.jpg",
      "transform_matrix": [
        [
          0.979224,
          0.149141,
          -0.137393,
          1.421697
        ],
        [
          0.202588,
          -0.68998,
          0.6949,
          0.407467
        ],
        [
          0.00884,
          -0.708297,
          -0.705859,
          1.176367
        ],
        [
          0.0,
          0.0,
          0.0,
          1.0
        ]
      ]
    },
    {
      "file_path": "/media/NFS/ttao/scannet/posed_images/scene0434_00/00087.jpg",
      "transform_matrix": [
        [
          0.978751,
          0.16556,
          -0.120979,
          1.413289
        ],
        [
          0.202926,
          -0.697321,
          0.687434,
          0.402552
        ],
        [
          0.02945,
          -0.697376,
          -0.7161,
          1.161786
        ],
        [
          0.0,
          0.0,
          0.0,
          1.0
        ]
      ]
    },
    {
      "file_path": "/media/NFS/ttao/scannet/posed_images/scene0434_00/00091.jpg",
      "transform_matrix": [
        [
          0.976415,
          0.180217,
          -0.118894,
          1.414314
        ],
        [
          0.21204,
          -0.696753,
          0.685255,
          0.402156
        ],
        [
          0.040655,
          -0.694303,
          -0.718534,
          1.152721
        ],
        [
          0.0,
          0.0,
          0.0,
          1.0
        ]
      ]
    },
    {
      "file_path": "/media/NFS/ttao/scannet/posed_images/scene0434_00/00100.jpg",
      "transform_matrix": [
        [
          0.973993,
          0.196828,
          -0.112235,
          1.421516
        ],
        [
          0.221283,
          -0.71986,
          0.657902,
          0.40198
        ],
        [
          0.0487,
          -0.665627,
          -0.744694,
          1.142027
        ],
        [
          0.0,
          0.0,
          0.0,
          1.0
        ]
      ]
    },
    {
      "file_path": "/media/NFS/ttao/scannet/posed_images/scene0434_00/00102.jpg",
      "transform_matrix": [
        [
          0.9745,
          0.195852,
          -0.109503,
          1.421046
        ],
        [
          0.218569,
          -0.718135,
          0.660688,
          0.402264
        ],
        [
          0.050759,
          -0.667775,
          -0.74263,
          1.144516
        ],
        [
          0.0,
          0.0,
          0.0,
          1.0
        ]
      ]
    },
    {
      "file_path": "/media/NFS/ttao/scannet/posed_images/scene0434_00/00113.jpg",
      "transform_matrix": [
        [
          0.970864,
          0.191479,
          -0.144077,
          1.414609
        ],
        [
          0.236742,
          -0.673371,
          0.700375,
          0.409633
        ],
        [
          0.03709,
          -0.714078,
          -0.699083,
          1.176673
        ],
        [
          0.0,
          0.0,
          0.0,
          1.0
        ]
      ]
    },
    {
      "file_path": "/media/NFS/ttao/scannet/posed_images/scene0434_00/00116.jpg",
      "transform_matrix": [
        [
          0.974328,
          0.179255,
          -0.136205,
          1.416502
        ],
        [
          0.222311,
          -0.670599,
          0.707725,
          0.41499
        ],
        [
          0.035524,
          -0.719837,
          -0.693234,
          1.185276
        ],
        [
          0.0,
          0.0,
          0.0,
          1.0
        ]
      ]
    },
    {
      "file_path": "/media/NFS/ttao/scannet/posed_images/scene0434_00/00120.jpg",
      "transform_matrix": [
        [
          0.978174,
          0.1634,
          -0.128359,
          1.417864
        ],
        [
          0.205082,
          -0.659858,
          0.722862,
          0.421817
        ],
        [
          0.033417,
          -0.733409,
          -0.678966,
          1.200397
        ],
        [
          0.0,
          0.0,
          0.0,
          1.0
        ]
      ]
    },
    {
      "file_path": "/media/NFS/ttao/scannet/posed_images/scene0434_00/00127.jpg",
      "transform_matrix": [
        [
          0.986959,
          0.133286,
          -0.090261,
          1.416226
        ],
        [
          0.155207,
          -0.639202,
          0.753214,
          0.435062
        ],
        [
          0.042698,
          -0.757401,
          -0.651553,
          1.219823
        ],
        [
          0.0,
          0.0,
          0.0,
          1.0
        ]
      ]
    },
    {
      "file_path": "/media/NFS/ttao/scannet/posed_images/scene0434_00/00136.jpg",
      "transform_matrix": [
        [
          0.98525,
          0.132042,
          -0.108851,
          1.396061
        ],
        [
          0.168342,
          -0.633623,
          0.755104,
          0.448202
        ],
        [
          0.030735,
          -0.76229,
          -0.646505,
          1.224823
        ],
        [
          0.0,
          0.0,
          0.0,
          1.0
        ]
      ]
    },
    {
      "file_path": "/media/NFS/ttao/scannet/posed_images/scene0434_00/00138.jpg",
      "transform_matrix": [
        [
          0.986322,
          0.130587,
          -0.100575,
          1.390054
        ],
        [
          0.161217,
          -0.637285,
          0.753576,
          0.45564
        ],
        [
          0.034313,
          -0.759484,
          -0.649621,
          1.224765
        ],
        [
          0.0,
          0.0,
          0.0,
          1.0
        ]
      ]
    },
    {
      "file_path": "/media/NFS/ttao/scannet/posed_images/scene0434_00/00149.jpg",
      "transform_matrix": [
        [
          0.989247,
          0.120066,
          -0.083514,
          1.335618
        ],
        [
          0.141708,
          -0.645603,
          0.750411,
          0.477804
        ],
        [
          0.036182,
          -0.754176,
          -0.655675,
          1.217276
        ],
        [
          0.0,
          0.0,
          0.0,
          1.0
        ]
      ]
    },
    {
      "file_path": "/media/NFS/ttao/scannet/posed_images/scene0434_00/00151.jpg",
      "transform_matrix": [
        [
          0.991802,
          0.110361,
          -0.064416,
          1.322769
        ],
        [
          0.120969,
          -0.648439,
          0.751594,
          0.48215
        ],
        [
          0.041176,
          -0.753225,
          -0.656474,
          1.214583
        ],
        [
          0.0,
          0.0,
          0.0,
          1.0
        ]
      ]
    },
    {
      "file_path": "/media/NFS/ttao/scannet/posed_images/scene0434_00/00156.jpg",
      "transform_matrix": [
        [
          0.99898,
          0.035992,
          0.027271,
          1.275374
        ],
        [
          0.00345,
          -0.662988,
          0.748622,
          0.499391
        ],
        [
          0.045024,
          -0.747764,
          -0.662436,
          1.202319
        ],
        [
          0.0,
          0.0,
          0.0,
          1.0
        ]
      ]
    },
    {
      "file_path": "/media/NFS/ttao/scannet/posed_images/scene0434_00/00165.jpg",
      "transform_matrix": [
        [
          0.984102,
          -0.11422,
          0.136001,
          1.123702
        ],
        [
          -0.177476,
          -0.661356,
          0.728773,
          0.534359
        ],
        [
          0.006705,
          -0.741324,
          -0.671114,
          1.201844
        ],
        [
          0.0,
          0.0,
          0.0,
          1.0
        ]
      ]
    },
    {
      "file_path": "/media/NFS/ttao/scannet/posed_images/scene0434_00/00171.jpg",
      "transform_matrix": [
        [
          0.956032,
          -0.20849,
          0.206242,
          1.060272
        ],
        [
          -0.293254,
          -0.685402,
          0.666503,
          0.540757
        ],
        [
          0.002399,
          -0.697679,
          -0.716406,
          1.205119
        ],
        [
          0.0,
          0.0,
          0.0,
          1.0
        ]
      ]
    },
    {
      "file_path": "/media/NFS/ttao/scannet/posed_images/scene0434_00/00178.jpg",
      "transform_matrix": [
        [
          0.932787,
          -0.237538,
          0.27108,
          1.022607
        ],
        [
          -0.35864,
          -0.686516,
          0.632513,
          0.533897
        ],
        [
          0.035855,
          -0.68722,
          -0.725564,
          1.188786
        ],
        [
          0.0,
          0.0,
          0.0,
          1.0
        ]
      ]
    },
    {
      "file_path": "/media/NFS/ttao/scannet/posed_images/scene0434_00/00183.jpg",
      "transform_matrix": [
        [
          0.924509,
          -0.262608,
          0.276262,
          1.00471
        ],
        [
          -0.38041,
          -0.681185,
          0.62552,
          0.527516
        ],
        [
          0.023919,
          -0.683391,
          -0.729661,
          1.178772
        ],
        [
          0.0,
          0.0,
          0.0,
          1.0
        ]
      ]
    },
    {
      "file_path": "/media/NFS/ttao/scannet/posed_images/scene0434_00/00187.jpg",
      "transform_matrix": [
        [
          0.920797,
          -0.272616,
          0.278951,
          0.995029
        ],
        [
          -0.389793,
          -0.668755,
          0.633111,
          0.520307
        ],
        [
          0.013953,
          -0.691699,
          -0.722051,
          1.175109
        ],
        [
          0.0,
          0.0,
          0.0,
          1.0
        ]
      ]
    },
    {
      "file_path": "/media/NFS/ttao/scannet/posed_images/scene0434_00/00196.jpg",
      "transform_matrix": [
        [
          0.90166,
          -0.25636,
          0.348266,
          0.941086
        ],
        [
          -0.430554,
          -0.607424,
          0.667577,
          0.524381
        ],
        [
          0.040405,
          -0.751875,
          -0.658066,
          1.163765
        ],
        [
          0.0,
          0.0,
          0.0,
          1.0
        ]
      ]
    },
    {
      "file_path": "/media/NFS/ttao/scannet/posed_images/scene0434_00/00200.jpg",
      "transform_matrix": [
        [
          0.894488,
          -0.25426,
          0.367754,
          0.909113
        ],
        [
          -0.443928,
          -0.602772,
          0.663019,
          0.520224
        ],
        [
          0.053092,
          -0.756319,
          -0.652045,
          1.136841
        ],
        [
          0.0,
          0.0,
          0.0,
          1.0
        ]
      ]
    },
    {
      "file_path": "/media/NFS/ttao/scannet/posed_images/scene0434_00/00205.jpg",
      "transform_matrix": [
        [
          0.894977,
          -0.251172,
          0.368685,
          0.875846
        ],
        [
          -0.439649,
          -0.636762,
          0.633437,
          0.518002
        ],
        [
          0.075663,
          -0.729004,
          -0.680315,
          1.121181
        ],
        [
          0.0,
          0.0,
          0.0,
          1.0
        ]
      ]
    },
    {
      "file_path": "/media/NFS/ttao/scannet/posed_images/scene0434_00/00214.jpg",
      "transform_matrix": [
        [
          0.900383,
          -0.265625,
          0.344605,
          0.839799
        ],
        [
          -0.431458,
          -0.647301,
          0.628367,
          0.505478
        ],
        [
          0.056153,
          -0.714454,
          -0.697425,
          1.096718
        ],
        [
          0.0,
          0.0,
          0.0,
          1.0
        ]
      ]
    },
    {
      "file_path": "/media/NFS/ttao/scannet/posed_images/scene0434_00/00218.jpg",
      "transform_matrix": [
        [
          0.9038,
          -0.253204,
          0.345012,
          0.828654
        ],
        [
          -0.42303,
          -0.650539,
          0.630749,
          0.497352
        ],
        [
          0.064736,
          -0.716022,
          -0.69507,
          1.089235
        ],
        [
          0.0,
          0.0,
          0.0,
          1.0
        ]
      ]
    },
    {
      "file_path": "/media/NFS/ttao/scannet/posed_images/scene0434_00/00225.jpg",
      "transform_matrix": [
        [
          0.90411,
          -0.256312,
          0.341891,
          0.839046
        ],
        [
          -0.423433,
          -0.644818,
          0.636328,
          0.482369
        ],
        [
          0.057358,
          -0.720079,
          -0.691518,
          1.105672
        ],
        [
          0.0,
          0.0,
          0.0,
          1.0
        ]
      ]
    },
    {
      "file_path": "/media/NFS/ttao/scannet/posed_images/scene0434_00/00232.jpg",
      "transform_matrix": [
        [
          0.889248,
          -0.277182,
          0.363879,
          0.853166
        ],
        [
          -0.455463,
          -0.610161,
          0.648272,
          0.482549
        ],
        [
          0.042336,
          -0.742208,
          -0.668831,
          1.132694
        ],
        [
          0.0,
          0.0,
          0.0,
          1.0
        ]
      ]
    },
    {
      "file_path": "/media/NFS/ttao/scannet/posed_images/scene0434_00/00238.jpg",
      "transform_matrix": [
        [
          0.873973,
          -0.302199,
          0.380588,
          0.871324
        ],
        [
          -0.484931,
          -0.593594,
          0.642252,
          0.488203
        ],
        [
          0.031827,
          -0.74587,
          -0.665331,
          1.158243
        ],
        [
          0.0,
          0.0,
          0.0,
          1.0
        ]
      ]
    },
    {
      "file_path": "/media/NFS/ttao/scannet/posed_images/scene0434_00/00245.jpg",
      "transform_matrix": [
        [
          0.853303,
          -0.31827,
          0.413011,
          0.885224
        ],
        [
          -0.521091,
          -0.548463,
          0.653952,
          0.500758
        ],
        [
          0.018388,
          -0.773236,
          -0.633852,
          1.191765
        ],
        [
          0.0,
          0.0,
          0.0,
          1.0
        ]
      ]
    },
    {
      "file_path": "/media/NFS/ttao/scannet/posed_images/scene0434_00/00249.jpg",
      "transform_matrix": [
        [
          0.846657,
          -0.330817,
          0.416812,
          0.893366
        ],
        [
          -0.532082,
          -0.537803,
          0.653955,
          0.508915
        ],
        [
          0.007823,
          -0.775454,
          -0.631356,
          1.207981
        ],
        [
          0.0,
          0.0,
          0.0,
          1.0
        ]
      ]
    },
    {
      "file_path": "/media/NFS/ttao/scannet/posed_images/scene0434_00/00258.jpg",
      "transform_matrix": [
        [
          0.836572,
          -0.326033,
          0.440283,
          0.908595
        ],
        [
          -0.547855,
          -0.495712,
          0.673887,
          0.525435
        ],
        [
          -0.001456,
          -0.804967,
          -0.593318,
          1.24464
        ],
        [
          0.0,
          0.0,
          0.0,
          1.0
        ]
      ]
    },
    {
      "file_path": "/media/NFS/ttao/scannet/posed_images/scene0434_00/00262.jpg",
      "transform_matrix": [
        [
          0.832414,
          -0.325885,
          0.448202,
          0.91629
        ],
        [
          -0.554133,
          -0.482444,
          0.678369,
          0.532715
        ],
        [
          -0.004838,
          -0.813048,
          -0.582177,
          1.256713
        ],
        [
          0.0,
          0.0,
          0.0,
          1.0
        ]
      ]
    },
    {
      "file_path": "/media/NFS/ttao/scannet/posed_images/scene0434_00/00265.jpg",
      "transform_matrix": [
        [
          0.833591,
          -0.325861,
          0.446027,
          0.919231
        ],
        [
          -0.552292,
          -0.477122,
          0.683614,
          0.537559
        ],
        [
          -0.009953,
          -0.816192,
          -0.577695,
          1.263164
        ],
        [
          0.0,
          0.0,
          0.0,
          1.0
        ]
      ]
    },
    {
      "file_path": "/media/NFS/ttao/scannet/posed_images/scene0434_00/00271.jpg",
      "transform_matrix": [
        [
          0.849104,
          -0.317343,
          0.422274,
          0.928162
        ],
        [
          -0.527541,
          -0.468759,
          0.708495,
          0.543343
        ],
        [
          -0.026892,
          -0.824353,
          -0.565437,
          1.27665
        ],
        [
          0.0,
          0.0,
          0.0,
          1.0
        ]
      ]
    },
    {
      "file_path": "/media/NFS/ttao/scannet/posed_images/scene0434_00/00281.jpg",
      "transform_matrix": [
        [
          0.885824,
          -0.269977,
          0.377398,
          0.96589
        ],
        [
          -0.462276,
          -0.44295,
          0.768177,
          0.541978
        ],
        [
          -0.040222,
          -0.854931,
          -0.51718,
          1.31249
        ],
        [
          0.0,
          0.0,
          0.0,
          1.0
        ]
      ]
    },
    {
      "file_path": "/media/NFS/ttao/scannet/posed_images/scene0434_00/00283.jpg",
      "transform_matrix": [
        [
          0.890004,
          -0.262334,
          0.372926,
          0.977497
        ],
        [
          -0.45435,
          -0.441758,
          0.773573,
          0.54101
        ],
        [
          -0.038192,
          -0.857923,
          -0.512358,
          1.317627
        ],
        [
          0.0,
          0.0,
          0.0,
          1.0
        ]
      ]
    },
    {
      "file_path": "/media/NFS/ttao/scannet/posed_images/scene0434_00/00291.jpg",
      "transform_matrix": [
        [
          0.900785,
          -0.216928,
          0.376203,
          1.015273
        ],
        [
          -0.43341,
          -0.39474,
          0.810145,
          0.525627
        ],
        [
          -0.02724,
          -0.892817,
          -0.449595,
          1.337352
        ],
        [
          0.0,
          0.0,
          0.0,
          1.0
        ]
      ]
    },
    {
      "file_path": "/media/NFS/ttao/scannet/posed_images/scene0434_00/00300.jpg",
      "transform_matrix": [
        [
          0.898458,
          -0.20774,
          0.386803,
          1.044937
        ],
        [
          -0.436491,
          -0.327469,
          0.837998,
          0.501556
        ],
        [
          -0.04742,
          -0.921742,
          -0.384894,
          1.351867
        ],
        [
          0.0,
          0.0,
          0.0,
          1.0
        ]
      ]
    },
    {
      "file_path": "/media/NFS/ttao/scannet/posed_images/scene0434_00/00303.jpg",
      "transform_matrix": [
        [
          0.89875,
          -0.20851,
          0.38571,
          1.049438
        ],
        [
          -0.435185,
          -0.316867,
          0.842739,
          0.496105
        ],
        [
          -0.053501,
          -0.925267,
          -0.375525,
          1.35123
        ],
        [
          0.0,
          0.0,
          0.0,
          1.0
        ]
      ]
    },
    {
      "file_path": "/media/NFS/ttao/scannet/posed_images/scene0434_00/00307.jpg",
      "transform_matrix": [
        [
          0.89559,
          -0.21256,
          0.390815,
          1.056028
        ],
        [
          -0.440974,
          -0.308,
          0.843017,
          0.492092
        ],
        [
          -0.058821,
          -0.927337,
          -0.369575,
          1.35167
        ],
        [
          0.0,
          0.0,
          0.0,
          1.0
        ]
      ]
    },
    {
      "file_path": "/media/NFS/ttao/scannet/posed_images/scene0434_00/00316.jpg",
      "transform_matrix": [
        [
          0.891165,
          -0.200552,
          0.406944,
          1.069046
        ],
        [
          -0.450841,
          -0.29132,
          0.843727,
          0.489617
        ],
        [
          -0.05066,
          -0.935367,
          -0.350031,
          1.360009
        ],
        [
          0.0,
          0.0,
          0.0,
          1.0
        ]
      ]
    },
    {
      "file_path": "/media/NFS/ttao/scannet/posed_images/scene0434_00/00323.jpg",
      "transform_matrix": [
        [
          0.899334,
          -0.177256,
          0.399723,
          1.066782
        ],
        [
          -0.435807,
          -0.288852,
          0.85243,
          0.49293
        ],
        [
          -0.035638,
          -0.940821,
          -0.337024,
          1.36597
        ],
        [
          0.0,
          0.0,
          0.0,
          1.0
        ]
      ]
    },
    {
      "file_path": "/media/NFS/ttao/scannet/posed_images/scene0434_00/00325.jpg",
      "transform_matrix": [
        [
          0.901774,
          -0.17356,
          0.395828,
          1.066844
        ],
        [
          -0.430883,
          -0.289383,
          0.85475,
          0.494531
        ],
        [
          -0.033804,
          -0.941347,
          -0.335742,
          1.368573
        ],
        [
          0.0,
          0.0,
          0.0,
          1.0
        ]
      ]
    },
    {
      "file_path": "/media/NFS/ttao/scannet/posed_images/scene0434_00/00332.jpg",
      "transform_matrix": [
        [
          0.90738,
          -0.150444,
          0.392465,
          1.07052
        ],
        [
          -0.419791,
          -0.277887,
          0.864034,
          0.497304
        ],
        [
          -0.020928,
          -0.94876,
          -0.315304,
          1.381075
        ],
        [
          0.0,
          0.0,
          0.0,
          1.0
        ]
      ]
    },
    {
      "file_path": "/media/NFS/ttao/scannet/posed_images/scene0434_00/00341.jpg",
      "transform_matrix": [
        [
          0.901248,
          -0.141283,
          0.409623,
          1.090679
        ],
        [
          -0.433063,
          -0.262242,
          0.862372,
          0.502236
        ],
        [
          -0.014418,
          -0.954604,
          -0.29753,
          1.402266
        ],
        [
          0.0,
          0.0,
          0.0,
          1.0
        ]
      ]
    },
    {
      "file_path": "/media/NFS/ttao/scannet/posed_images/scene0434_00/00343.jpg",
      "transform_matrix": [
        [
          0.897948,
          -0.144639,
          0.415655,
          1.097612
        ],
        [
          -0.439838,
          -0.26227,
          0.858928,
          0.502542
        ],
        [
          -0.015221,
          -0.954094,
          -0.299122,
          1.405012
        ],
        [
          0.0,
          0.0,
          0.0,
          1.0
        ]
      ]
    },
    {
      "file_path": "/media/NFS/ttao/scannet/posed_images/scene0434_00/00352.jpg",
      "transform_matrix": [
        [
          0.885816,
          -0.141468,
          0.441947,
          1.121332
        ],
        [
          -0.463476,
          -0.222916,
          0.857612,
          0.494648
        ],
        [
          -0.022808,
          -0.964518,
          -0.26303,
          1.425254
        ],
        [
          0.0,
          0.0,
          0.0,
          1.0
        ]
      ]
    },
    {
      "file_path": "/media/NFS/ttao/scannet/posed_images/scene0434_00/00358.jpg",
      "transform_matrix": [
        [
          0.896458,
          -0.112699,
          0.428558,
          1.123305
        ],
        [
          -0.442885,
          -0.195781,
          0.874941,
          0.489793
        ],
        [
          -0.014701,
          -0.97415,
          -0.225422,
          1.441719
        ],
        [
          0.0,
          0.0,
          0.0,
          1.0
        ]
      ]
    },
    {
      "file_path": "/media/NFS/ttao/scannet/posed_images/scene0434_00/00361.jpg",
      "transform_matrix": [
        [
          0.904003,
          -0.109162,
          0.413355,
          1.122737
        ],
        [
          -0.427054,
          -0.185144,
          0.885069,
          0.488999
        ],
        [
          -0.020086,
          -0.97663,
          -0.213989,
          1.44922
        ],
        [
          0.0,
          0.0,
          0.0,
          1.0
        ]
      ]
    },
    {
      "file_path": "/media/NFS/ttao/scannet/posed_images/scene0434_00/00370.jpg",
      "transform_matrix": [
        [
          0.918795,
          -0.098147,
          0.382338,
          1.127892
        ],
        [
          -0.393234,
          -0.143229,
          0.908214,
          0.486426
        ],
        [
          -0.034377,
          -0.984811,
          -0.170193,
          1.470598
        ],
        [
          0.0,
          0.0,
          0.0,
          1.0
        ]
      ]
    },
    {
      "file_path": "/media/NFS/ttao/scannet/posed_images/scene0434_00/00378.jpg",
      "transform_matrix": [
        [
          0.935415,
          -0.104692,
          0.337697,
          1.141933
        ],
        [
          -0.349416,
          -0.12806,
          0.928175,
          0.490929
        ],
        [
          -0.053927,
          -0.986225,
          -0.15637,
          1.484083
        ],
        [
          0.0,
          0.0,
          0.0,
          1.0
        ]
      ]
    },
    {
      "file_path": "/media/NFS/ttao/scannet/posed_images/scene0434_00/00380.jpg",
      "transform_matrix": [
        [
          0.940539,
          -0.097872,
          0.325279,
          1.143576
        ],
        [
          -0.335856,
          -0.124574,
          0.933639,
          0.491172
        ],
        [
          -0.050856,
          -0.987372,
          -0.150038,
          1.486673
        ],
        [
          0.0,
          0.0,
          0.0,
          1.0
        ]
      ]
    },
    {
      "file_path": "/media/NFS/ttao/scannet/posed_images/scene0434_00/00387.jpg",
      "transform_matrix": [
        [
          0.956573,
          -0.074526,
          0.281804,
          1.156257
        ],
        [
          -0.288004,
          -0.092542,
          0.953147,
          0.485281
        ],
        [
          -0.044956,
          -0.992916,
          -0.109987,
          1.49716
        ],
        [
          0.0,
          0.0,
          0.0,
          1.0
        ]
      ]
    },
    {
      "file_path": "/media/NFS/ttao/scannet/posed_images/scene0434_00/00396.jpg",
      "transform_matrix": [
        [
          0.97296,
          -0.067603,
          0.220858,
          1.159119
        ],
        [
          -0.223723,
          -0.03814,
          0.973906,
          0.470332
        ],
        [
          -0.057416,
          -0.996983,
          -0.052233,
          1.513232
        ],
        [
          0.0,
          0.0,
          0.0,
          1.0
        ]
      ]
    },
    {
      "file_path": "/media/NFS/ttao/scannet/posed_images/scene0434_00/00400.jpg",
      "transform_matrix": [
        [
          0.974703,
          -0.067551,
          0.213053,
          1.151542
        ],
        [
          -0.215544,
          -0.031944,
          0.975971,
          0.465171
        ],
        [
          -0.059122,
          -0.997204,
          -0.045696,
          1.519693
        ],
        [
          0.0,
          0.0,
          0.0,
          1.0
        ]
      ]
    },
    {
      "file_path": "/media/NFS/ttao/scannet/posed_images/scene0434_00/00409.jpg",
      "transform_matrix": [
        [
          0.966152,
          -0.04009,
          0.254839,
          1.12355
        ],
        [
          -0.254623,
          0.010499,
          0.966983,
          0.465316
        ],
        [
          -0.041442,
          -0.999141,
          -6.4e-05,
          1.522992
        ],
        [
          0.0,
          0.0,
          0.0,
          1.0
        ]
      ]
    },
    {
      "file_path": "/media/NFS/ttao/scannet/posed_images/scene0434_00/00414.jpg",
      "transform_matrix": [
        [
          0.971694,
          -0.040549,
          0.232736,
          1.112825
        ],
        [
          -0.233405,
          -0.012565,
          0.972298,
          0.465189
        ],
        [
          -0.036502,
          -0.999099,
          -0.021674,
          1.526508
        ],
        [
          0.0,
          0.0,
          0.0,
          1.0
        ]
      ]
    },
    {
      "file_path": "/media/NFS/ttao/scannet/posed_images/scene0434_00/00419.jpg",
      "transform_matrix": [
        [
          0.974558,
          -0.032534,
          0.221761,
          1.10558
        ],
        [
          -0.222526,
          -0.022088,
          0.974677,
          0.463535
        ],
        [
          -0.026812,
          -0.999227,
          -0.028766,
          1.528443
        ],
        [
          0.0,
          0.0,
          0.0,
          1.0
        ]
      ]
    },
    {
      "file_path": "/media/NFS/ttao/scannet/posed_images/scene0434_00/00425.jpg",
      "transform_matrix": [
        [
          0.974494,
          -0.031279,
          0.222225,
          1.100884
        ],
        [
          -0.222805,
          -0.016414,
          0.974725,
          0.460227
        ],
        [
          -0.02684,
          -0.999376,
          -0.022965,
          1.531954
        ],
        [
          0.0,
          0.0,
          0.0,
          1.0
        ]
      ]
    },
    {
      "file_path": "/media/NFS/ttao/scannet/posed_images/scene0434_00/00432.jpg",
      "transform_matrix": [
        [
          0.981818,
          -0.041524,
          0.185225,
          1.093682
        ],
        [
          -0.185808,
          -0.010606,
          0.982529,
          0.455121
        ],
        [
          -0.038834,
          -0.999081,
          -0.018128,
          1.538655
        ],
        [
          0.0,
          0.0,
          0.0,
          1.0
        ]
      ]
    },
    {
      "file_path": "/media/NFS/ttao/scannet/posed_images/scene0434_00/00436.jpg",
      "transform_matrix": [
        [
          0.983951,
          -0.045894,
          0.172435,
          1.089109
        ],
        [
          -0.173163,
          -0.012338,
          0.984816,
          0.454364
        ],
        [
          -0.04307,
          -0.99887,
          -0.020087,
          1.537925
        ],
        [
          0.0,
          0.0,
          0.0,
          1.0
        ]
      ]
    },
    {
      "file_path": "/media/NFS/ttao/scannet/posed_images/scene0434_00/00443.jpg",
      "transform_matrix": [
        [
          0.98748,
          -0.055816,
          0.147539,
          1.082798
        ],
        [
          -0.148924,
          -0.021503,
          0.988615,
          0.455734
        ],
        [
          -0.052008,
          -0.99821,
          -0.029546,
          1.534363
        ],
        [
          0.0,
          0.0,
          0.0,
          1.0
        ]
      ]
    },
    {
      "file_path": "/media/NFS/ttao/scannet/posed_images/scene0434_00/00447.jpg",
      "transform_matrix": [
        [
          0.987247,
          -0.067058,
          0.14438,
          1.085623
        ],
        [
          -0.146534,
          -0.028366,
          0.988799,
          0.458837
        ],
        [
          -0.062212,
          -0.997346,
          -0.03783,
          1.532362
        ],
        [
          0.0,
          0.0,
          0.0,
          1.0
        ]
      ]
    },
    {
      "file_path": "/media/NFS/ttao/scannet/posed_images/scene0434_00/00458.jpg",
      "transform_matrix": [
        [
          0.981723,
          -0.084677,
          0.170442,
          1.115072
        ],
        [
          -0.179553,
          -0.115169,
          0.976983,
          0.476495
        ],
        [
          -0.063099,
          -0.98973,
          -0.128268,
          1.489861
        ],
        [
          0.0,
          0.0,
          0.0,
          1.0
        ]
      ]
    },
    {
      "file_path": "/media/NFS/ttao/scannet/posed_images/scene0434_00/00459.jpg",
      "transform_matrix": [
        [
          0.982283,
          -0.083207,
          0.167916,
          1.118284
        ],
        [
          -0.177395,
          -0.123982,
          0.976299,
          0.476892
        ],
        [
          -0.060416,
          -0.98879,
          -0.136546,
          1.482966
        ],
        [
          0.0,
          0.0,
          0.0,
          1.0
        ]
      ]
    },
    {
      "file_path": "/media/NFS/ttao/scannet/posed_images/scene0434_00/00469.jpg",
      "transform_matrix": [
        [
          0.988594,
          -0.06302,
          0.136787,
          1.177051
        ],
        [
          -0.146343,
          -0.187412,
          0.971319,
          0.471705
        ],
        [
          -0.035577,
          -0.980258,
          -0.194497,
          1.440452
        ],
        [
