{
  "frames": [
    {
      "file_path": "/media/NFS/ttao/scannet/posed_images/scene0280_00/00000.jpg",
      "transform_matrix": [
        [
          0.99236,
          -0.090137,
          0.084245,
          3.482005
        ],
        [
          -0.115787,
          -0.444575,
          0.888227,
          3.290492
        ],
        [
          -0.042609,
          -0.891195,
          -0.451615,
          1.445633
        ],
        [
          0.0,
          0.0,
          0.0,
          1.0
        ]
      ]
    },
    {
      "file_path": "/media/NFS/ttao/scannet/posed_images/scene0280_00/00005.jpg",
      "transform_matrix": [
        [
          0.991915,
          -0.088513,
          0.09094,
          3.485622
        ],
        [
          -0.120101,
          -0.423274,
          0.898006,
          3.297806
        ],
        [
          -0.040993,
          -0.901668,
          -0.430483,
          1.450699
        ],
        [
          0.0,
          0.0,
          0.0,
          1.0
        ]
      ]
    },
    {
      "file_path": "/media/NFS/ttao/scannet/posed_images/scene0280_00/00009.jpg",
      "transform_matrix": [
        [
          0.989789,
          -0.079031,
          0.118622,
          3.477892
        ],
        [
          -0.13997,
          -0.38161,
          0.913664,
          3.293358
        ],
        [
          -0.026941,
          -0.920938,
          -0.388776,
          1.444898
        ],
        [
          0.0,
          0.0,
          0.0,
          1.0
        ]
      ]
    },
    {
      "file_path": "/media/NFS/ttao/scannet/posed_images/scene0280_00/00017.jpg",
      "transform_matrix": [
        [
          0.952099,
          -0.044057,
          0.302599,
          3.451715
        ],
        [
          -0.301083,
          -0.308012,
          0.902484,
          3.29872
        ],
        [
          0.053443,
          -0.950362,
          -0.306523,
          1.468573
        ],
        [
          0.0,
          0.0,
          0.0,
          1.0
        ]
      ]
    },
    {
      "file_path": "/media/NFS/ttao/scannet/posed_images/scene0280_00/00021.jpg",
      "transform_matrix": [
        [
          0.923639,
          -0.014858,
          0.382975,
          3.479596
        ],
        [
          -0.373864,
          -0.254866,
          0.891778,
          3.289506
        ],
        [
          0.084357,
          -0.966862,
          -0.24096,
          1.493414
        ],
        [
          0.0,
          0.0,
          0.0,
          1.0
        ]
      ]
    },
    {
      "file_path": "/media/NFS/ttao/scannet/posed_images/scene0280_00/00027.jpg",
      "transform_matrix": [
        [
          0.860026,
          0.020262,
          0.509849,
          3.458712
        ],
        [
          -0.498065,
          -0.183739,
          0.84745,
          3.291717
        ],
        [
          0.110851,
          -0.982766,
          -0.147929,
          1.495823
        ],
        [
          0.0,
          0.0,
          0.0,
          1.0
        ]
      ]
    },
    {
      "file_path": "/media/NFS/ttao/scannet/posed_images/scene0280_00/00032.jpg",
      "transform_matrix": [
        [
          0.806935,
          0.031065,
          0.589823,
          3.465144
        ],
        [
          -0.578381,
          -0.160847,
          0.799752,
          3.278939
        ],
        [
          0.119716,
          -0.98649,
          -0.111826,
          1.514746
        ],
        [
          0.0,
          0.0,
          0.0,
          1.0
        ]
      ]
    },
    {
      "file_path": "/media/NFS/ttao/scannet/posed_images/scene0280_00/00037.jpg",
      "transform_matrix": [
        [
          0.751356,
          0.02433,
          0.659449,
          3.461817
        ],
        [
          -0.650807,
          -0.137977,
          0.746601,
          3.288857
        ],
        [
          0.109153,
          -0.990137,
          -0.087836,
          1.525971
        ],
        [
          0.0,
          0.0,
          0.0,
          1.0
        ]
      ]
    },
    {
      "file_path": "/media/NFS/ttao/scannet/posed_images/scene0280_00/00041.jpg",
      "transform_matrix": [
        [
          0.720529,
          0.020431,
          0.693123,
          3.467619
        ],
        [
          -0.684297,
          -0.140694,
          0.715502,
          3.282118
        ],
        [
          0.112137,
          -0.989842,
          -0.087393,
          1.532773
        ],
        [
          0.0,
          0.0,
          0.0,
          1.0
        ]
      ]
    },
    {
      "file_path": "/media/NFS/ttao/scannet/posed_images/scene0280_00/00046.jpg",
      "transform_matrix": [
        [
          0.694807,
          -0.002141,
          0.719193,
          3.475205
        ],
        [
          -0.712514,
          -0.138045,
          0.687944,
          3.28546
        ],
        [
          0.097808,
          -0.990424,
          -0.09744,
          1.531275
        ],
        [
          0.0,
          0.0,
          0.0,
          1.0
        ]
      ]
    },
    {
      "file_path": "/media/NFS/ttao/scannet/posed_images/scene0280_00/00052.jpg",
      "transform_matrix": [
        [
          0.678483,
          -0.061792,
          0.732013,
          3.48437
        ],
        [
          -0.728884,
          -0.180863,
          0.660316,
          3.29919
        ],
        [
          0.091591,
          -0.981565,
          -0.167751,
          1.512098
        ],
        [
          0.0,
          0.0,
          0.0,
          1.0
        ]
      ]
    },
    {
      "file_path": "/media/NFS/ttao/scannet/posed_images/scene0280_00/00056.jpg",
      "transform_matrix": [
        [
          0.669542,
          -0.113757,
          0.734011,
          3.496563
        ],
        [
          -0.737615,
          -0.218095,
          0.639029,
          3.304567
        ],
        [
          0.08739,
          -0.969275,
          -0.229933,
          1.490568
        ],
        [
          0.0,
          0.0,
          0.0,
          1.0
        ]
      ]
    },
    {
      "file_path": "/media/NFS/ttao/scannet/posed_images/scene0280_00/00059.jpg",
      "transform_matrix": [
        [
          0.664932,
          -0.145417,
          0.732611,
          3.507847
        ],
        [
          -0.742102,
          -0.239667,
          0.625974,
          3.300561
        ],
        [
          0.084556,
          -0.959903,
          -0.267276,
          1.474191
        ],
        [
          0.0,
          0.0,
          0.0,
          1.0
        ]
      ]
    },
    {
      "file_path": "/media/NFS/ttao/scannet/posed_images/scene0280_00/00066.jpg",
      "transform_matrix": [
        [
          0.644993,
          -0.252191,
          0.721377,
          3.535817
        ],
        [
          -0.7608,
          -0.300719,
          0.575111,
          3.286616
        ],
        [
          0.071894,
          -0.919765,
          -0.385828,
          1.416059
        ],
        [
          0.0,
          0.0,
          0.0,
          1.0
        ]
      ]
    },
    {
      "file_path": "/media/NFS/ttao/scannet/posed_images/scene0280_00/00072.jpg",
      "transform_matrix": [
        [
          0.621932,
          -0.321835,
          0.713879,
          3.564797
        ],
        [
          -0.781193,
          -0.318108,
          0.537164,
          3.287067
        ],
        [
          0.054212,
          -0.891756,
          -0.449257,
          1.406881
        ],
        [
          0.0,
          0.0,
          0.0,
          1.0
        ]
      ]
    },
    {
      "file_path": "/media/NFS/ttao/scannet/posed_images/scene0280_00/00076.jpg",
      "transform_matrix": [
        [
          0.618417,
          -0.321789,
          0.716946,
          3.568535
        ],
        [
          -0.782364,
          -0.337946,
          0.523163,
          3.284508
        ],
        [
          0.073941,
          -0.884446,
          -0.460747,
          1.391257
        ],
        [
          0.0,
          0.0,
          0.0,
          1.0
        ]
      ]
    },
    {
      "file_path": "/media/NFS/ttao/scannet/posed_images/scene0280_00/00081.jpg",
      "transform_matrix": [
        [
          0.653017,
          -0.258858,
          0.711732,
          3.574451
        ],
        [
          -0.746244,
          -0.380237,
          0.546389,
          3.29609
        ],
        [
          0.12919,
          -0.887926,
          -0.441472,
          1.404726
        ],
        [
          0.0,
          0.0,
          0.0,
          1.0
        ]
      ]
    },
    {
      "file_path": "/media/NFS/ttao/scannet/posed_images/scene0280_00/00087.jpg",
      "transform_matrix": [
        [
          0.747783,
          -0.172479,
          0.641148,
          3.582214
        ],
        [
          -0.654683,
          -0.352263,
          0.668805,
          3.314795
        ],
        [
          0.110498,
          -0.91987,
          -0.376336,
          1.437002
        ],
        [
          0.0,
          0.0,
          0.0,
          1.0
        ]
      ]
    },
    {
      "file_path": "/media/NFS/ttao/scannet/posed_images/scene0280_00/00091.jpg",
      "transform_matrix": [
        [
          0.818671,
          -0.109066,
          0.56381,
          3.57825
        ],
        [
          -0.564432,
          -0.333708,
          0.75502,
          3.336171
        ],
        [
          0.105801,
          -0.936346,
          -0.334758,
          1.446356
        ],
        [
          0.0,
          0.0,
          0.0,
          1.0
        ]
      ]
    },
    {
      "file_path": "/media/NFS/ttao/scannet/posed_images/scene0280_00/00096.jpg",
      "transform_matrix": [
        [
          0.911041,
          -0.06254,
          0.407546,
          3.614827
        ],
        [
          -0.406054,
          -0.307709,
          0.860486,
          3.345368
        ],
        [
          0.071591,
          -0.949423,
          -0.30573,
          1.470698
        ],
        [
          0.0,
          0.0,
          0.0,
          1.0
        ]
      ]
    },
    {
      "file_path": "/media/NFS/ttao/scannet/posed_images/scene0280_00/00101.jpg",
      "transform_matrix": [
        [
          0.963464,
          -0.051721,
          0.262797,
          3.634552
        ],
        [
          -0.265263,
          -0.319988,
          0.909529,
          3.369831
        ],
        [
          0.03705,
          -0.946009,
          -0.322017,
          1.453208
        ],
        [
          0.0,
          0.0,
          0.0,
          1.0
        ]
      ]
    },
    {
      "file_path": "/media/NFS/ttao/scannet/posed_images/scene0280_00/00107.jpg",
      "transform_matrix": [
        [
          0.992541,
          -0.003198,
          0.121869,
          3.668123
        ],
        [
          -0.112775,
          -0.403788,
          0.907875,
          3.417309
        ],
        [
          0.046306,
          -0.914847,
          -0.401137,
          1.44224
        ],
        [
          0.0,
          0.0,
          0.0,
          1.0
        ]
      ]
    },
    {
      "file_path": "/media/NFS/ttao/scannet/posed_images/scene0280_00/00114.jpg",
      "transform_matrix": [
        [
          0.994471,
          0.097312,
          0.039474,
          3.706484
        ],
        [
          0.008857,
          -0.452284,
          0.89183,
          3.465767
        ],
        [
          0.104639,
          -0.886549,
          -0.450645,
          1.415299
        ],
        [
          0.0,
          0.0,
          0.0,
          1.0
        ]
      ]
    },
    {
      "file_path": "/media/NFS/ttao/scannet/posed_images/scene0280_00/00117.jpg",
      "transform_matrix": [
        [
          0.992473,
          0.121552,
          0.014926,
          3.75308
        ],
        [
          0.040178,
          -0.43832,
          0.897921,
          3.490193
        ],
        [
          0.115686,
          -0.890562,
          -0.439904,
          1.411224
        ],
        [
          0.0,
          0.0,
          0.0,
          1.0
        ]
      ]
    },
    {
      "file_path": "/media/NFS/ttao/scannet/posed_images/scene0280_00/00122.jpg",
      "transform_matrix": [
        [
          0.99434,
          0.106099,
          -0.005641,
          3.829472
        ],
        [
          0.05023,
          -0.422635,
          0.904907,
          3.510934
        ],
        [
          0.093626,
          -0.900068,
          -0.425572,
          1.41092
        ],
        [
          0.0,
          0.0,
          0.0,
          1.0
        ]
      ]
    },
    {
      "file_path": "/media/NFS/ttao/scannet/posed_images/scene0280_00/00128.jpg",
      "transform_matrix": [
        [
          0.982032,
          0.145774,
          -0.119849,
          3.943472
        ],
        [
          0.167008,
          -0.375585,
          0.911617,
          3.506012
        ],
        [
          0.087877,
          -0.915252,
          -0.393181,
          1.412865
        ],
        [
          0.0,
          0.0,
          0.0,
          1.0
        ]
      ]
    },
    {
      "file_path": "/media/NFS/ttao/scannet/posed_images/scene0280_00/00131.jpg",
      "transform_matrix": [
        [
          0.964926,
          0.171708,
          -0.198583,
          3.975586
        ],
        [
          0.247127,
          -0.338873,
          0.907796,
          3.501799
        ],
        [
          0.088581,
          -0.925031,
          -0.369421,
          1.429478
        ],
        [
          0.0,
          0.0,
          0.0,
          1.0
        ]
      ]
    },
    {
      "file_path": "/media/NFS/ttao/scannet/posed_images/scene0280_00/00137.jpg",
      "transform_matrix": [
        [
          0.897933,
          0.191353,
          -0.396358,
          4.058081
        ],
        [
          0.43715,
          -0.283109,
          0.853668,
          3.559314
        ],
        [
          0.05114,
          -0.939805,
          -0.337863,
          1.477971
        ],
        [
          0.0,
          0.0,
          0.0,
          1.0
        ]
      ]
    },
    {
      "file_path": "/media/NFS/ttao/scannet/posed_images/scene0280_00/00142.jpg",
      "transform_matrix": [
        [
          0.860217,
          0.150194,
          -0.487308,
          3.986134
        ],
        [
          0.509867,
          -0.23847,
          0.82654,
          3.577745
        ],
        [
          0.007933,
          -0.959465,
          -0.281715,
          1.501397
        ],
        [
          0.0,
          0.0,
          0.0,
          1.0
        ]
      ]
    },
    {
      "file_path": "/media/NFS/ttao/scannet/posed_images/scene0280_00/00146.jpg",
      "transform_matrix": [
        [
          0.812059,
          0.141262,
          -0.566221,
          3.961951
        ],
        [
          0.583528,
          -0.18416,
          0.790936,
          3.645985
        ],
        [
          0.007454,
          -0.972692,
          -0.231979,
          1.527872
        ],
        [
          0.0,
          0.0,
          0.0,
          1.0
        ]
      ]
    },
    {
      "file_path": "/media/NFS/ttao/scannet/posed_images/scene0280_00/00152.jpg",
      "transform_matrix": [
        [
          0.800851,
          0.087134,
          -0.592491,
          3.774318
        ],
        [
          0.598483,
          -0.081188,
          0.797011,
          3.600668
        ],
        [
          0.021344,
          -0.992883,
          -0.117168,
          1.524549
        ],
        [
          0.0,
          0.0,
          0.0,
          1.0
        ]
      ]
    },
    {
      "file_path": "/media/NFS/ttao/scannet/posed_images/scene0280_00/00158.jpg",
      "transform_matrix": [
        [
          0.731114,
          0.059727,
          -0.679636,
          3.757197
        ],
        [
          0.681605,
          -0.020476,
          0.731433,
          3.664388
        ],
        [
          0.02977,
          -0.998005,
          -0.055681,
          1.536788
        ],
        [
          0.0,
          0.0,
          0.0,
          1.0
        ]
      ]
    },
    {
      "file_path": "/media/NFS/ttao/scannet/posed_images/scene0280_00/00162.jpg",
      "transform_matrix": [
        [
          0.677542,
          0.088229,
          -0.730173,
          3.70418
        ],
        [
          0.733479,
          -0.007796,
          0.679668,
          3.666713
        ],
        [
          0.054274,
          -0.99607,
          -0.069996,
          1.521895
        ],
        [
          0.0,
          0.0,
          0.0,
          1.0
        ]
      ]
    },
    {
      "file_path": "/media/NFS/ttao/scannet/posed_images/scene0280_00/00171.jpg",
      "transform_matrix": [
        [
          0.469672,
          0.142852,
          -0.871207,
          3.69914
        ],
        [
          0.879875,
          0.005084,
          0.475179,
          3.745436
        ],
        [
          0.072309,
          -0.989731,
          -0.123304,
          1.474015
        ],
        [
          0.0,
          0.0,
          0.0,
          1.0
        ]
      ]
    },
    {
      "file_path": "/media/NFS/ttao/scannet/posed_images/scene0280_00/00175.jpg",
      "transform_matrix": [
        [
          0.395998,
          0.191065,
          -0.898153,
          3.696987
        ],
        [
          0.915048,
          -0.000486,
          0.403344,
          3.783523
        ],
        [
          0.076628,
          -0.981577,
          -0.175026,
          1.468766
        ],
        [
          0.0,
          0.0,
          0.0,
          1.0
        ]
      ]
    },
    {
      "file_path": "/media/NFS/ttao/scannet/posed_images/scene0280_00/00180.jpg",
      "transform_matrix": [
        [
          0.319783,
          0.280216,
          -0.905107,
          3.688666
        ],
        [
          0.945639,
          -0.034689,
          0.323364,
          3.770789
        ],
        [
          0.059214,
          -0.95931,
          -0.276076,
          1.428858
        ],
        [
          0.0,
          0.0,
          0.0,
          1.0
        ]
      ]
    },
    {
      "file_path": "/media/NFS/ttao/scannet/posed_images/scene0280_00/00184.jpg",
      "transform_matrix": [
        [
          0.240417,
          0.325496,
          -0.914468,
          3.671068
        ],
        [
          0.970404,
          -0.058563,
          0.234278,
          3.796695
        ],
        [
          0.022703,
          -0.943728,
          -0.329942,
          1.410293
        ],
        [
          0.0,
          0.0,
          0.0,
          1.0
        ]
      ]
    },
    {
      "file_path": "/media/NFS/ttao/scannet/posed_images/scene0280_00/00189.jpg",
      "transform_matrix": [
        [
          0.145049,
          0.36761,
          -0.918599,
          3.633657
        ],
        [
          0.989107,
          -0.077415,
          0.125202,
          3.837663
        ],
        [
          -0.025088,
          -0.926752,
          -0.374834,
          1.387538
        ],
        [
          0.0,
          0.0,
          0.0,
          1.0
        ]
      ]
    },
    {
      "file_path": "/media/NFS/ttao/scannet/posed_images/scene0280_00/00194.jpg",
      "transform_matrix": [
        [
          0.096312,
          0.403687,
          -0.909814,
          3.548893
        ],
        [
          0.995067,
          -0.060887,
          0.078322,
          3.832143
        ],
        [
          -0.023779,
          -0.912869,
          -0.40756,
          1.377031
        ],
        [
          0.0,
          0.0,
          0.0,
          1.0
        ]
      ]
    },
    {
      "file_path": "/media/NFS/ttao/scannet/posed_images/scene0280_00/00200.jpg",
      "transform_matrix": [
        [
          0.031814,
          0.406596,
          -0.913054,
          3.425513
        ],
        [
          0.999016,
          -0.041188,
          0.016468,
          3.841842
        ],
        [
          -0.030912,
          -0.912679,
          -0.407506,
          1.378323
        ],
        [
          0.0,
          0.0,
          0.0,
          1.0
        ]
      ]
    },
    {
      "file_path": "/media/NFS/ttao/scannet/posed_images/scene0280_00/00206.jpg",
      "transform_matrix": [
        [
          -0.07797,
          0.351976,
          -0.932756,
          3.298242
        ],
        [
          0.996254,
          -0.007588,
          -0.08614,
          3.862907
        ],
        [
          -0.037397,
          -0.935978,
          -0.350066,
          1.411967
        ],
        [
          0.0,
          0.0,
          0.0,
          1.0
        ]
      ]
    },
    {
      "file_path": "/media/NFS/ttao/scannet/posed_images/scene0280_00/00207.jpg",
      "transform_matrix": [
        [
          -0.095239,
          0.341438,
          -0.935067,
          3.288291
        ],
        [
          0.994832,
          -0.000562,
          -0.101531,
          3.870393
        ],
        [
          -0.035192,
          -0.939904,
          -0.339619,
          1.410035
        ],
        [
          0.0,
          0.0,
          0.0,
          1.0
        ]
      ]
    },
    {
      "file_path": "/media/NFS/ttao/scannet/posed_images/scene0280_00/00212.jpg",
      "transform_matrix": [
        [
          -0.189185,
          0.299021,
          -0.935305,
          3.220168
        ],
        [
          0.981636,
          0.033839,
          -0.187738,
          3.891866
        ],
        [
          -0.024487,
          -0.953646,
          -0.299932,
          1.420129
        ],
        [
          0.0,
          0.0,
          0.0,
          1.0
        ]
      ]
    },
    {
      "file_path": "/media/NFS/ttao/scannet/posed_images/scene0280_00/00218.jpg",
      "transform_matrix": [
        [
          -0.350574,
          0.220899,
          -0.910111,
          3.127083
        ],
        [
          0.936532,
          0.085012,
          -0.340118,
          3.960096
        ],
        [
          0.002239,
          -0.971585,
          -0.236682,
          1.447411
        ],
        [
          0.0,
          0.0,
          0.0,
          1.0
        ]
      ]
    },
    {
      "file_path": "/media/NFS/ttao/scannet/posed_images/scene0280_00/00223.jpg",
      "transform_matrix": [
        [
          -0.426819,
          0.142062,
          -0.893109,
          3.069132
        ],
        [
          0.903645,
          0.105631,
          -0.415052,
          3.971033
        ],
        [
          0.035377,
          -0.984205,
          -0.173459,
          1.491823
        ],
        [
          0.0,
          0.0,
          0.0,
          1.0
        ]
      ]
    },
    {
      "file_path": "/media/NFS/ttao/scannet/posed_images/scene0280_00/00230.jpg",
      "transform_matrix": [
        [
          -0.461661,
          -0.009077,
          -0.88701,
          3.027298
        ],
        [
          0.880015,
          0.121056,
          -0.459259,
          3.936142
        ],
        [
          0.111547,
          -0.992604,
          -0.047899,
          1.522488
        ],
        [
          0.0,
          0.0,
          0.0,
          1.0
        ]
      ]
    },
    {
      "file_path": "/media/NFS/ttao/scannet/posed_images/scene0280_00/00235.jpg",
      "transform_matrix": [
        [
          -0.509384,
          -0.074027,
          -0.85735,
          2.976816
        ],
        [
          0.849032,
          0.119152,
          -0.51473,
          3.926921
        ],
        [
          0.140259,
          -0.990112,
          0.002157,
          1.563555
        ],
        [
          0.0,
          0.0,
          0.0,
          1.0
        ]
      ]
    },
    {
      "file_path": "/media/NFS/ttao/scannet/posed_images/scene0280_00/00241.jpg",
      "transform_matrix": [
        [
          -0.632501,
          -0.109616,
          -0.766764,
          2.927148
        ],
        [
          0.761046,
          0.096155,
          -0.641531,
          3.906984
        ],
        [
          0.144051,
          -0.989312,
          0.022605,
          1.597605
        ],
        [
          0.0,
          0.0,
          0.0,
          1.0
        ]
      ]
    },
    {
      "file_path": "/media/NFS/ttao/scannet/posed_images/scene0280_00/00242.jpg",
      "transform_matrix": [
        [
          -0.652499,
          -0.112436,
          -0.749402,
          2.921396
        ],
        [
          0.743653,
          0.095123,
          -0.661765,
          3.906374
        ],
        [
          0.145691,
          -0.989096,
          0.021546,
          1.598435
        ],
        [
          0.0,
          0.0,
          0.0,
          1.0
        ]
      ]
    },
    {
      "file_path": "/media/NFS/ttao/scannet/posed_images/scene0280_00/00251.jpg",
      "transform_matrix": [
        [
          -0.850415,
          -0.110645,
          -0.514347,
          2.880907
        ],
        [
          0.505733,
          0.09755,
          -0.857157,
          3.891397
        ],
        [
          0.145014,
          -0.989061,
          -0.027001,
          1.599018
        ],
        [
          0.0,
          0.0,
          0.0,
          1.0
        ]
      ]
    },
    {
      "file_path": "/media/NFS/ttao/scannet/posed_images/scene0280_00/00253.jpg",
      "transform_matrix": [
        [
          -0.877877,
          -0.121355,
          -0.463255,
          2.863977
        ],
        [
          0.453038,
          0.103066,
          -0.885514,
          3.902564
        ],
        [
          0.155207,
          -0.987244,
          -0.035501,
          1.5841
        ],
        [
          0.0,
          0.0,
          0.0,
          1.0
        ]
      ]
    },
    {
      "file_path": "/media/NFS/ttao/scannet/posed_images/scene0280_00/00262.jpg",
      "transform_matrix": [
        [
          -0.959948,
          -0.115928,
          -0.255068,
          2.796368
        ],
        [
          0.221469,
          0.243654,
          -0.944237,
          3.940311
        ],
        [
          0.171612,
          -0.962909,
          -0.208221,
          1.551486
        ],
        [
          0.0,
          0.0,
          0.0,
          1.0
        ]
      ]
    },
    {
      "file_path": "/media/NFS/ttao/scannet/posed_images/scene0280_00/00267.jpg",
      "transform_matrix": [
        [
          -0.975777,
          -0.096491,
          -0.196338,
          2.771284
        ],
        [
          0.158654,
          0.305804,
          -0.938782,
          3.953425
        ],
        [
          0.150625,
          -0.947192,
          -0.283088,
          1.513597
        ],
        [
          0.0,
          0.0,
          0.0,
          1.0
        ]
      ]
    },
    {
      "file_path": "/media/NFS/ttao/scannet/posed_images/scene0280_00/00271.jpg",
      "transform_matrix": [
        [
          -0.982255,
          -0.071644,
          -0.17333,
          2.783565
        ],
        [
          0.138117,
          0.348912,
          -0.926922,
          3.955159
        ],
        [
          0.126885,
          -0.934413,
          -0.332825,
          1.449455
        ],
        [
          0.0,
          0.0,
          0.0,
          1.0
        ]
      ]
    },
    {
      "file_path": "/media/NFS/ttao/scannet/posed_images/scene0280_00/00277.jpg",
      "transform_matrix": [
        [
          -0.990549,
          -0.056417,
          -0.125021,
          2.756276
        ],
        [
          0.086277,
          0.452299,
          -0.887684,
          3.945037
        ],
        [
          0.106628,
          -0.89008,
          -0.443157,
          1.41524
        ],
        [
          0.0,
          0.0,
          0.0,
          1.0
        ]
      ]
    },
    {
      "file_path": "/media/NFS/ttao/scannet/posed_images/scene0280_00/00282.jpg",
      "transform_matrix": [
        [
          -0.993292,
          -0.011903,
          -0.115017,
          2.802618
        ],
        [
          0.092486,
          0.515249,
          -0.852036,
          3.932757
        ],
        [
          0.069404,
          -0.856958,
          -0.510692,
          1.367072
        ],
        [
          0.0,
          0.0,
          0.0,
          1.0
        ]
      ]
    },
    {
      "file_path": "/media/NFS/ttao/scannet/posed_images/scene0280_00/00287.jpg",
      "transform_matrix": [
        [
          -0.997228,
          0.010826,
          -0.073617,
          2.798454
        ],
        [
          0.066668,
          0.5694,
          -0.819353,
          3.934439
        ],
        [
          0.033047,
          -0.821989,
          -0.568543,
          1.337008
        ],
        [
          0.0,
          0.0,
          0.0,
          1.0
        ]
      ]
    },
    {
      "file_path": "/media/NFS/ttao/scannet/posed_images/scene0280_00/00293.jpg",
      "transform_matrix": [
        [
          -0.997963,
          0.02986,
          -0.056372,
          2.856043
        ],
        [
          0.063129,
          0.589421,
          -0.805356,
          3.932353
        ],
        [
          0.009179,
          -0.807274,
          -0.590105,
          1.315607
        ],
        [
          0.0,
          0.0,
          0.0,
          1.0
        ]
      ]
    },
    {
      "file_path": "/media/NFS/ttao/scannet/posed_images/scene0280_00/00297.jpg",
      "transform_matrix": [
        [
          -0.999877,
          0.014917,
          -0.004852,
          2.887738
        ],
        [
          0.012768,
          0.594218,
          -0.804203,
          3.926356
        ],
        [
          -0.009113,
          -0.804165,
          -0.594335,
          1.313307
        ],
        [
          0.0,
          0.0,
          0.0,
          1.0
        ]
      ]
    },
    {
      "file_path": "/media/NFS/ttao/scannet/posed_images/scene0280_00/00300.jpg",
      "transform_matrix": [
        [
          -0.999606,
          0.026408,
          0.009576,
          2.94421
        ],
        [
          0.007733,
          0.586431,
          -0.809963,
          3.928941
        ],
        [
          -0.027005,
          -0.809569,
          -0.586404,
          1.311591
        ],
        [
          0.0,
          0.0,
          0.0,
          1.0
        ]
      ]
    },
    {
      "file_path": "/media/NFS/ttao/scannet/posed_images/scene0280_00/00303.jpg",
      "transform_matrix": [
        [
          -0.996957,
          0.009699,
          0.07736,
          2.970011
        ],
        [
          -0.0576,
          0.577068,
          -0.814663,
          3.916497
        ],
        [
          -0.052543,
          -0.816639,
          -0.574752,
          1.312481
        ],
        [
          0.0,
          0.0,
          0.0,
          1.0
        ]
      ]
    },
    {
      "file_path": "/media/NFS/ttao/scannet/posed_images/scene0280_00/00312.jpg",
      "transform_matrix": [
        [
          -0.983225,
          0.010301,
          0.182105,
          3.103551
        ],
        [
          -0.150971,
          0.5143,
          -0.844218,
          3.874035
        ],
        [
          -0.102353,
          -0.857549,
          -0.504117,
          1.359182
        ],
        [
          0.0,
          0.0,
          0.0,
          1.0
        ]
      ]
    },
    {
      "file_path": "/media/NFS/ttao/scannet/posed_images/scene0280_00/00317.jpg",
      "transform_matrix": [
        [
          -0.974372,
          -0.024722,
          0.223581,
          3.128704
        ],
        [
          -0.20941,
          0.462647,
          -0.861455,
          3.844445
        ],
        [
          -0.082143,
          -0.886198,
          -0.455967,
          1.382007
        ],
        [
          0.0,
          0.0,
          0.0,
          1.0
        ]
      ]
    },
    {
      "file_path": "/media/NFS/ttao/scannet/posed_images/scene0280_00/00322.jpg",
      "transform_matrix": [
        [
          -0.970626,
          -0.053154,
          0.234648,
          3.176733
        ],
        [
          -0.235246,
          0.414159,
          -0.879279,
          3.813081
        ],
        [
          -0.050445,
          -0.908651,
          -0.414498,
          1.426915
        ],
        [
          0.0,
          0.0,
          0.0,
          1.0
        ]
      ]
    },
    {
      "file_path": "/media/NFS/ttao/scannet/posed_images/scene0280_00/00326.jpg",
      "transform_matrix": [
        [
          -0.966157,
          -0.081864,
          0.24462,
          3.204806
        ],
        [
          -0.257611,
          0.355149,
          -0.898613,
          3.784799
        ],
        [
          -0.013312,
          -0.931218,
          -0.364219,
          1.463509
        ],
        [
          0.0,
          0.0,
          0.0,
          1.0
        ]
      ]
    },
    {
      "file_path": "/media/NFS/ttao/scannet/posed_images/scene0280_00/00331.jpg",
      "transform_matrix": [
        [
          -0.961595,
          -0.094363,
          0.257744,
          3.237994
        ],
        [
          -0.274,
          0.274803,
          -0.921633,
          3.775076
        ],
        [
          0.016139,
          -0.956859,
          -0.290104,
          1.476374
        ],
        [
          0.0,
          0.0,
          0.0,
          1.0
        ]
      ]
    },
    {
      "file_path": "/media/NFS/ttao/scannet/posed_images/scene0280_00/00338.jpg",
      "transform_matrix": [
        [
          -0.933485,
          -0.119402,
          0.338157,
          3.252064
        ],
        [
          -0.357176,
          0.22508,
          -0.906512,
          3.735443
        ],
        [
          0.032127,
          -0.966996,
          -0.252756,
          1.51064
        ],
        [
          0.0,
          0.0,
          0.0,
          1.0
        ]
      ]
    },
    {
      "file_path": "/media/NFS/ttao/scannet/posed_images/scene0280_00/00341.jpg",
      "transform_matrix": [
        [
          -0.903731,
          -0.151571,
          0.40037,
          3.257014
        ],
        [
          -0.425176,
          0.208661,
          -0.880731,
          3.72046
        ],
        [
          0.049952,
          -0.966171,
          -0.253017,
          1.498026
        ],
        [
          0.0,
          0.0,
          0.0,
          1.0
        ]
      ]
    },
    {
      "file_path": "/media/NFS/ttao/scannet/posed_images/scene0280_00/00347.jpg",
      "transform_matrix": [
        [
          -0.817602,
          -0.219004,
          0.532508,
          3.256427
        ],
        [
          -0.571278,
          0.193067,
          -0.797726,
          3.660993
        ],
        [
          0.071895,
          -0.956432,
          -0.282964,
          1.5025
        ],
        [
          0.0,
          0.0,
          0.0,
          1.0
        ]
      ]
    },
    {
      "file_path": "/media/NFS/ttao/scannet/posed_images/scene0280_00/00351.jpg",
      "transform_matrix": [
        [
          -0.729261,
          -0.226347,
          0.645713,
          3.260972
        ],
        [
          -0.681824,
          0.16122,
          -0.71353,
          3.634331
        ],
        [
          0.057403,
          -0.960612,
          -0.2719,
          1.497387
        ],
        [
          0.0,
          0.0,
          0.0,
          1.0
        ]
      ]
    },
    {
      "file_path": "/media/NFS/ttao/scannet/posed_images/scene0280_00/00357.jpg",
      "transform_matrix": [
        [
          -0.565768,
          -0.226812,
          0.792757,
          3.222383
        ],
        [
          -0.823652,
          0.110229,
          -0.556279,
          3.59626
        ],
        [
          0.038786,
          -0.96768,
          -0.249179,
          1.476593
        ],
        [
          0.0,
          0.0,
          0.0,
          1.0
        ]
      ]
    },
    {
      "file_path": "/media/NFS/ttao/scannet/posed_images/scene0280_00/00361.jpg",
      "transform_matrix": [
        [
          -0.50679,
          -0.263447,
          0.820829,
          3.225504
        ],
        [
          -0.860722,
          0.101415,
          -0.498871,
          3.584412
        ],
        [
          0.048182,
          -0.959328,
          -0.27815,
          1.473311
        ],
        [
          0.0,
          0.0,
          0.0,
          1.0
        ]
      ]
    },
    {
      "file_path": "/media/NFS/ttao/scannet/posed_images/scene0280_00/00367.jpg",
      "transform_matrix": [
        [
          -0.419602,
          -0.312857,
          0.852088,
          3.220077
        ],
        [
          -0.906771,
          0.10184,
          -0.409138,
          3.545573
        ],
        [
          0.041225,
          -0.944324,
          -0.326423,
          1.450575
        ],
        [
          0.0,
          0.0,
          0.0,
          1.0
        ]
      ]
    },
    {
      "file_path": "/media/NFS/ttao/scannet/posed_images/scene0280_00/00372.jpg",
      "transform_matrix": [
        [
          -0.352689,
          -0.369746,
          0.859592,
          3.260649
        ],
        [
          -0.935319,
          0.111741,
          -0.335696,
          3.539546
        ],
        [
          0.028071,
          -0.922389,
          -0.38524,
          1.418178
        ],
        [
          0.0,
          0.0,
          0.0,
          1.0
        ]
      ]
    },
    {
      "file_path": "/media/NFS/ttao/scannet/posed_images/scene0280_00/00378.jpg",
      "transform_matrix": [
        [
          -0.213522,
          -0.428695,
          0.877855,
          3.306882
        ],
        [
          -0.976933,
          0.096646,
          -0.190424,
          3.483379
        ],
        [
          -0.003207,
          -0.898265,
          -0.439442,
          1.394886
        ],
        [
          0.0,
          0.0,
          0.0,
          1.0
        ]
      ]
    },
    {
      "file_path": "/media/NFS/ttao/scannet/posed_images/scene0280_00/00383.jpg",
      "transform_matrix": [
        [
          -0.153092,
          -0.440471,
          0.884617,
          3.329938
        ],
        [
          -0.988154,
          0.077906,
          -0.132219,
          3.508642
        ],
        [
          -0.010679,
          -0.89438,
          -0.44718,
          1.355148
        ],
        [
          0.0,
          0.0,
          0.0,
          1.0
        ]
      ]
    },
    {
      "file_path": "/media/NFS/ttao/scannet/posed_images/scene0280_00/00387.jpg",
      "transform_matrix": [
        [
          -0.073164,
          -0.480078,
          0.87417,
          3.342418
        ],
        [
          -0.996845,
          0.062253,
          -0.049243,
          3.483984
        ],
        [
          -0.03078,
          -0.875014,
          -0.483118,
          1.34607
        ],
        [
          0.0,
          0.0,
          0.0,
          1.0
        ]
      ]
    },
    {
      "file_path": "/media/NFS/ttao/scannet/posed_images/scene0280_00/00392.jpg",
      "transform_matrix": [
        [
          0.024205,
          -0.427804,
          0.903547,
          3.324195
        ],
        [
          -0.99876,
          0.028981,
          0.040477,
          3.482942
        ],
        [
          -0.043502,
          -0.903407,
          -0.426572,
