{
  "frames": [
    {
      "file_path": "/media/NFS/ttao/scannet/posed_images/scene0568_02/00000.jpg",
      "transform_matrix": [
        [
          -0.348757,
          -0.355771,
          0.867062,
          4.052518
        ],
        [
          -0.937126,
          0.14502,
          -0.317434,
          4.600451
        ],
        [
          -0.012808,
          -0.923253,
          -0.383979,
          2.110428
        ],
        [
          0.0,
          0.0,
          0.0,
          1.0
        ]
      ]
    },
    {
      "file_path": "/media/NFS/ttao/scannet/posed_images/scene0568_02/00004.jpg",
      "transform_matrix": [
        [
          -0.343845,
          -0.346571,
          0.872731,
          4.083388
        ],
        [
          -0.938932,
          0.140091,
          -0.314296,
          4.613038
        ],
        [
          -0.013335,
          -0.927504,
          -0.373576,
          2.126932
        ],
        [
          0.0,
          0.0,
          0.0,
          1.0
        ]
      ]
    },
    {
      "file_path": "/media/NFS/ttao/scannet/posed_images/scene0568_02/00010.jpg",
      "transform_matrix": [
        [
          -0.326336,
          -0.345859,
          0.879708,
          4.115637
        ],
        [
          -0.945196,
          0.129704,
          -0.299636,
          4.642972
        ],
        [
          -0.01047,
          -0.929278,
          -0.369232,
          2.122437
        ],
        [
          0.0,
          0.0,
          0.0,
          1.0
        ]
      ]
    },
    {
      "file_path": "/media/NFS/ttao/scannet/posed_images/scene0568_02/00014.jpg",
      "transform_matrix": [
        [
          -0.32001,
          -0.339277,
          0.884582,
          4.132655
        ],
        [
          -0.947194,
          0.1347,
          -0.290998,
          4.668042
        ],
        [
          -0.020424,
          -0.930992,
          -0.364467,
          2.090777
        ],
        [
          0.0,
          0.0,
          0.0,
          1.0
        ]
      ]
    },
    {
      "file_path": "/media/NFS/ttao/scannet/posed_images/scene0568_02/00021.jpg",
      "transform_matrix": [
        [
          -0.313792,
          -0.384669,
          0.868081,
          4.155193
        ],
        [
          -0.949005,
          0.156321,
          -0.273775,
          4.709709
        ],
        [
          -0.030386,
          -0.909722,
          -0.414105,
          2.035646
        ],
        [
          0.0,
          0.0,
          0.0,
          1.0
        ]
      ]
    },
    {
      "file_path": "/media/NFS/ttao/scannet/posed_images/scene0568_02/00025.jpg",
      "transform_matrix": [
        [
          -0.30947,
          -0.407811,
          0.859022,
          4.159248
        ],
        [
          -0.949932,
          0.173532,
          -0.259839,
          4.728334
        ],
        [
          -0.043103,
          -0.896425,
          -0.441096,
          2.012357
        ],
        [
          0.0,
          0.0,
          0.0,
          1.0
        ]
      ]
    },
    {
      "file_path": "/media/NFS/ttao/scannet/posed_images/scene0568_02/00028.jpg",
      "transform_matrix": [
        [
          -0.301645,
          -0.428114,
          0.851897,
          4.155779
        ],
        [
          -0.951854,
          0.186426,
          -0.243351,
          4.732945
        ],
        [
          -0.054634,
          -0.884287,
          -0.463736,
          2.008221
        ],
        [
          0.0,
          0.0,
          0.0,
          1.0
        ]
      ]
    },
    {
      "file_path": "/media/NFS/ttao/scannet/posed_images/scene0568_02/00032.jpg",
      "transform_matrix": [
        [
          -0.283579,
          -0.427907,
          0.858183,
          4.140362
        ],
        [
          -0.956735,
          0.187027,
          -0.22289,
          4.738945
        ],
        [
          -0.065127,
          -0.884261,
          -0.462431,
          2.022185
        ],
        [
          0.0,
          0.0,
          0.0,
          1.0
        ]
      ]
    },
    {
      "file_path": "/media/NFS/ttao/scannet/posed_images/scene0568_02/00038.jpg",
      "transform_matrix": [
        [
          -0.232756,
          -0.412987,
          0.880492,
          4.110905
        ],
        [
          -0.96935,
          0.171728,
          -0.175698,
          4.791321
        ],
        [
          -0.078644,
          -0.8944,
          -0.4403,
          2.042999
        ],
        [
          0.0,
          0.0,
          0.0,
          1.0
        ]
      ]
    },
    {
      "file_path": "/media/NFS/ttao/scannet/posed_images/scene0568_02/00045.jpg",
      "transform_matrix": [
        [
          -0.185182,
          -0.386118,
          0.903671,
          4.067063
        ],
        [
          -0.98051,
          0.134014,
          -0.143667,
          4.826188
        ],
        [
          -0.065633,
          -0.912663,
          -0.403409,
          2.074199
        ],
        [
          0.0,
          0.0,
          0.0,
          1.0
        ]
      ]
    },
    {
      "file_path": "/media/NFS/ttao/scannet/posed_images/scene0568_02/00049.jpg",
      "transform_matrix": [
        [
          -0.186141,
          -0.36415,
          0.912549,
          4.047924
        ],
        [
          -0.980645,
          0.12626,
          -0.149647,
          4.847832
        ],
        [
          -0.060724,
          -0.922742,
          -0.380604,
          2.078274
        ],
        [
          0.0,
          0.0,
          0.0,
          1.0
        ]
      ]
    },
    {
      "file_path": "/media/NFS/ttao/scannet/posed_images/scene0568_02/00051.jpg",
      "transform_matrix": [
        [
          -0.183577,
          -0.361107,
          0.914276,
          4.050935
        ],
        [
          -0.981249,
          0.122885,
          -0.148489,
          4.852099
        ],
        [
          -0.05873,
          -0.924392,
          -0.376895,
          2.082862
        ],
        [
          0.0,
          0.0,
          0.0,
          1.0
        ]
      ]
    },
    {
      "file_path": "/media/NFS/ttao/scannet/posed_images/scene0568_02/00058.jpg",
      "transform_matrix": [
        [
          -0.227481,
          -0.379109,
          0.896955,
          4.067137
        ],
        [
          -0.973459,
          0.112268,
          -0.199432,
          4.914343
        ],
        [
          -0.025093,
          -0.918516,
          -0.394586,
          2.0428
        ],
        [
          0.0,
          0.0,
          0.0,
          1.0
        ]
      ]
    },
    {
      "file_path": "/media/NFS/ttao/scannet/posed_images/scene0568_02/00063.jpg",
      "transform_matrix": [
        [
          -0.27023,
          -0.396597,
          0.877318,
          4.120533
        ],
        [
          -0.962255,
          0.1418,
          -0.23229,
          4.951895
        ],
        [
          -0.032278,
          -0.906975,
          -0.419946,
          2.059738
        ],
        [
          0.0,
          0.0,
          0.0,
          1.0
        ]
      ]
    },
    {
      "file_path": "/media/NFS/ttao/scannet/posed_images/scene0568_02/00066.jpg",
      "transform_matrix": [
        [
          -0.293353,
          -0.385421,
          0.874868,
          4.150461
        ],
        [
          -0.954597,
          0.16773,
          -0.246194,
          4.967544
        ],
        [
          -0.051853,
          -0.907368,
          -0.417126,
          2.079726
        ],
        [
          0.0,
          0.0,
          0.0,
          1.0
        ]
      ]
    },
    {
      "file_path": "/media/NFS/ttao/scannet/posed_images/scene0568_02/00069.jpg",
      "transform_matrix": [
        [
          -0.329306,
          -0.369713,
          0.868832,
          4.16202
        ],
        [
          -0.942176,
          0.189226,
          -0.276584,
          4.947966
        ],
        [
          -0.062149,
          -0.909673,
          -0.410648,
          2.089256
        ],
        [
          0.0,
          0.0,
          0.0,
          1.0
        ]
      ]
    },
    {
      "file_path": "/media/NFS/ttao/scannet/posed_images/scene0568_02/00077.jpg",
      "transform_matrix": [
        [
          -0.453842,
          -0.31841,
          0.832251,
          4.152948
        ],
        [
          -0.889223,
          0.222131,
          -0.399925,
          4.922303
        ],
        [
          -0.057529,
          -0.92156,
          -0.383951,
          2.112676
        ],
        [
          0.0,
          0.0,
          0.0,
          1.0
        ]
      ]
    },
    {
      "file_path": "/media/NFS/ttao/scannet/posed_images/scene0568_02/00082.jpg",
      "transform_matrix": [
        [
          -0.5095,
          -0.281617,
          0.813082,
          4.115394
        ],
        [
          -0.857126,
          0.24934,
          -0.450738,
          4.882022
        ],
        [
          -0.075798,
          -0.926564,
          -0.36842,
          2.133292
        ],
        [
          0.0,
          0.0,
          0.0,
          1.0
        ]
      ]
    },
    {
      "file_path": "/media/NFS/ttao/scannet/posed_images/scene0568_02/00087.jpg",
      "transform_matrix": [
        [
          -0.558553,
          -0.251168,
          0.790527,
          4.070911
        ],
        [
          -0.82442,
          0.273104,
          -0.495728,
          4.830215
        ],
        [
          -0.091386,
          -0.928617,
          -0.359611,
          2.140755
        ],
        [
          0.0,
          0.0,
          0.0,
          1.0
        ]
      ]
    },
    {
      "file_path": "/media/NFS/ttao/scannet/posed_images/scene0568_02/00090.jpg",
      "transform_matrix": [
        [
          -0.574386,
          -0.234781,
          0.784193,
          4.038531
        ],
        [
          -0.811262,
          0.291115,
          -0.507056,
          4.807104
        ],
        [
          -0.109243,
          -0.927432,
          -0.357682,
          2.131206
        ],
        [
          0.0,
          0.0,
          0.0,
          1.0
        ]
      ]
    },
    {
      "file_path": "/media/NFS/ttao/scannet/posed_images/scene0568_02/00096.jpg",
      "transform_matrix": [
        [
          -0.594211,
          -0.200465,
          0.778926,
          3.995838
        ],
        [
          -0.794428,
          0.297619,
          -0.529441,
          4.751311
        ],
        [
          -0.125689,
          -0.9334,
          -0.336104,
          2.160424
        ],
        [
          0.0,
          0.0,
          0.0,
          1.0
        ]
      ]
    },
    {
      "file_path": "/media/NFS/ttao/scannet/posed_images/scene0568_02/00100.jpg",
      "transform_matrix": [
        [
          -0.598202,
          -0.186459,
          0.779351,
          3.954733
        ],
        [
          -0.791894,
          0.286482,
          -0.539289,
          4.714519
        ],
        [
          -0.122715,
          -0.939766,
          -0.31903,
          2.144205
        ],
        [
          0.0,
          0.0,
          0.0,
          1.0
        ]
      ]
    },
    {
      "file_path": "/media/NFS/ttao/scannet/posed_images/scene0568_02/00106.jpg",
      "transform_matrix": [
        [
          -0.606446,
          -0.203356,
          0.76868,
          3.908741
        ],
        [
          -0.785969,
          0.299603,
          -0.540825,
          4.66643
        ],
        [
          -0.120319,
          -0.93214,
          -0.341524,
          2.109854
        ],
        [
          0.0,
          0.0,
          0.0,
          1.0
        ]
      ]
    },
    {
      "file_path": "/media/NFS/ttao/scannet/posed_images/scene0568_02/00110.jpg",
      "transform_matrix": [
        [
          -0.63216,
          -0.204593,
          0.747338,
          3.867199
        ],
        [
          -0.763829,
          0.326555,
          -0.556711,
          4.617274
        ],
        [
          -0.130148,
          -0.922769,
          -0.36271,
          2.102596
        ],
        [
          0.0,
          0.0,
          0.0,
          1.0
        ]
      ]
    },
    {
      "file_path": "/media/NFS/ttao/scannet/posed_images/scene0568_02/00116.jpg",
      "transform_matrix": [
        [
          -0.684216,
          -0.198479,
          0.701751,
          3.823876
        ],
        [
          -0.716564,
          0.361869,
          -0.596311,
          4.559398
        ],
        [
          -0.135586,
          -0.910855,
          -0.389819,
          2.080991
        ],
        [
          0.0,
          0.0,
          0.0,
          1.0
        ]
      ]
    },
    {
      "file_path": "/media/NFS/ttao/scannet/posed_images/scene0568_02/00120.jpg",
      "transform_matrix": [
        [
          -0.708028,
          -0.198743,
          0.677641,
          3.798275
        ],
        [
          -0.693631,
          0.375844,
          -0.614506,
          4.528791
        ],
        [
          -0.132559,
          -0.90512,
          -0.403962,
          2.047379
        ],
        [
          0.0,
          0.0,
          0.0,
          1.0
        ]
      ]
    },
    {
      "file_path": "/media/NFS/ttao/scannet/posed_images/scene0568_02/00124.jpg",
      "transform_matrix": [
        [
          -0.726151,
          -0.203789,
          0.656639,
          3.798257
        ],
        [
          -0.677231,
          0.376739,
          -0.632002,
          4.499737
        ],
        [
          -0.118587,
          -0.903625,
          -0.411582,
          2.040126
        ],
        [
          0.0,
          0.0,
          0.0,
          1.0
        ]
      ]
    },
    {
      "file_path": "/media/NFS/ttao/scannet/posed_images/scene0568_02/00125.jpg",
      "transform_matrix": [
        [
          -0.729325,
          -0.207934,
          0.651804,
          3.805561
        ],
        [
          -0.675114,
          0.373195,
          -0.636354,
          4.497274
        ],
        [
          -0.11093,
          -0.904151,
          -0.41256,
          2.036304
        ],
        [
          0.0,
          0.0,
          0.0,
          1.0
        ]
      ]
    },
    {
      "file_path": "/media/NFS/ttao/scannet/posed_images/scene0568_02/00131.jpg",
      "transform_matrix": [
        [
          -0.7109,
          -0.214268,
          0.669858,
          3.8355
        ],
        [
          -0.697769,
          0.334023,
          -0.633677,
          4.483384
        ],
        [
          -0.087971,
          -0.917888,
          -0.386967,
          2.031672
        ],
        [
          0.0,
          0.0,
          0.0,
          1.0
        ]
      ]
    },
    {
      "file_path": "/media/NFS/ttao/scannet/posed_images/scene0568_02/00138.jpg",
      "transform_matrix": [
        [
          -0.67782,
          -0.204431,
          0.706235,
          3.876858
        ],
        [
          -0.729388,
          0.307804,
          -0.610942,
          4.443837
        ],
        [
          -0.092486,
          -0.929228,
          -0.357745,
          2.055906
        ],
        [
          0.0,
          0.0,
          0.0,
          1.0
        ]
      ]
    },
    {
      "file_path": "/media/NFS/ttao/scannet/posed_images/scene0568_02/00139.jpg",
      "transform_matrix": [
        [
          -0.676914,
          -0.203262,
          0.70744,
          3.882004
        ],
        [
          -0.730261,
          0.305887,
          -0.610862,
          4.441583
        ],
        [
          -0.092232,
          -0.930117,
          -0.355493,
          2.057092
        ],
        [
          0.0,
          0.0,
          0.0,
          1.0
        ]
      ]
    },
    {
      "file_path": "/media/NFS/ttao/scannet/posed_images/scene0568_02/00145.jpg",
      "transform_matrix": [
        [
          -0.659868,
          -0.226478,
          0.716437,
          3.911123
        ],
        [
          -0.746047,
          0.310892,
          -0.588862,
          4.41465
        ],
        [
          -0.089371,
          -0.923068,
          -0.374111,
          2.040124
        ],
        [
          0.0,
          0.0,
          0.0,
          1.0
        ]
      ]
    },
    {
      "file_path": "/media/NFS/ttao/scannet/posed_images/scene0568_02/00149.jpg",
      "transform_matrix": [
        [
          -0.644216,
          -0.251882,
          0.722178,
          3.925272
        ],
        [
          -0.758508,
          0.331683,
          -0.560939,
          4.404909
        ],
        [
          -0.098243,
          -0.909144,
          -0.40473,
          2.018456
        ],
        [
          0.0,
          0.0,
          0.0,
          1.0
        ]
      ]
    },
    {
      "file_path": "/media/NFS/ttao/scannet/posed_images/scene0568_02/00154.jpg",
      "transform_matrix": [
        [
          -0.63695,
          -0.283324,
          0.716953,
          3.937077
        ],
        [
          -0.763007,
          0.36448,
          -0.533831,
          4.387796
        ],
        [
          -0.110068,
          -0.887064,
          -0.448333,
          2.016928
        ],
        [
          0.0,
          0.0,
          0.0,
          1.0
        ]
      ]
    },
    {
      "file_path": "/media/NFS/ttao/scannet/posed_images/scene0568_02/00162.jpg",
      "transform_matrix": [
        [
          -0.628833,
          -0.31182,
          0.712276,
          3.866522
        ],
        [
          -0.769375,
          0.381951,
          -0.512032,
          4.33892
        ],
        [
          -0.112393,
          -0.86999,
          -0.480089,
          2.000205
        ],
        [
          0.0,
          0.0,
          0.0,
          1.0
        ]
      ]
    },
    {
      "file_path": "/media/NFS/ttao/scannet/posed_images/scene0568_02/00166.jpg",
      "transform_matrix": [
        [
          -0.62118,
          -0.32335,
          0.713849,
          3.800963
        ],
        [
          -0.77651,
          0.3768,
          -0.505029,
          4.302406
        ],
        [
          -0.105677,
          -0.868024,
          -0.485145,
          2.007187
        ],
        [
          0.0,
          0.0,
          0.0,
          1.0
        ]
      ]
    },
    {
      "file_path": "/media/NFS/ttao/scannet/posed_images/scene0568_02/00172.jpg",
      "transform_matrix": [
        [
          -0.643705,
          -0.314235,
          0.697783,
          3.6705
        ],
        [
          -0.759478,
          0.374318,
          -0.532051,
          4.244299
        ],
        [
          -0.094004,
          -0.872435,
          -0.479605,
          2.009133
        ],
        [
          0.0,
          0.0,
          0.0,
          1.0
        ]
      ]
    },
    {
      "file_path": "/media/NFS/ttao/scannet/posed_images/scene0568_02/00176.jpg",
      "transform_matrix": [
        [
          -0.665961,
          -0.290824,
          0.686962,
          3.594812
        ],
        [
          -0.737832,
          0.392575,
          -0.54908,
          4.201865
        ],
        [
          -0.109999,
          -0.872529,
          -0.476019,
          2.017395
        ],
        [
          0.0,
          0.0,
          0.0,
          1.0
        ]
      ]
    },
    {
      "file_path": "/media/NFS/ttao/scannet/posed_images/scene0568_02/00180.jpg",
      "transform_matrix": [
        [
          -0.689764,
          -0.248702,
          0.67998,
          3.544178
        ],
        [
          -0.710899,
          0.410714,
          -0.570909,
          4.173578
        ],
        [
          -0.137291,
          -0.87719,
          -0.460097,
          2.027009
        ],
        [
          0.0,
          0.0,
          0.0,
          1.0
        ]
      ]
    },
    {
      "file_path": "/media/NFS/ttao/scannet/posed_images/scene0568_02/00186.jpg",
      "transform_matrix": [
        [
          -0.749054,
          -0.193228,
          0.633704,
          3.474786
        ],
        [
          -0.643803,
          0.437993,
          -0.627439,
          4.151397
        ],
        [
          -0.156319,
          -0.877966,
          -0.452482,
          2.022605
        ],
        [
          0.0,
          0.0,
          0.0,
          1.0
        ]
      ]
    },
    {
      "file_path": "/media/NFS/ttao/scannet/posed_images/scene0568_02/00187.jpg",
      "transform_matrix": [
        [
          -0.760636,
          -0.182883,
          0.622885,
          3.461701
        ],
        [
          -0.629786,
          0.440646,
          -0.639687,
          4.147798
        ],
        [
          -0.157484,
          -0.878854,
          -0.450349,
          2.023003
        ],
        [
          0.0,
          0.0,
          0.0,
          1.0
        ]
      ]
    },
    {
      "file_path": "/media/NFS/ttao/scannet/posed_images/scene0568_02/00194.jpg",
      "transform_matrix": [
        [
          -0.827249,
          -0.14241,
          0.543487,
          3.450784
        ],
        [
          -0.545007,
          0.438385,
          -0.714692,
          4.178041
        ],
        [
          -0.136477,
          -0.887433,
          -0.440268,
          2.020255
        ],
        [
          0.0,
          0.0,
          0.0,
          1.0
        ]
      ]
    },
    {
      "file_path": "/media/NFS/ttao/scannet/posed_images/scene0568_02/00200.jpg",
      "transform_matrix": [
        [
          -0.834267,
          -0.130751,
          0.535633,
          3.423565
        ],
        [
          -0.537935,
          0.406102,
          -0.73872,
          4.223904
        ],
        [
          -0.120933,
          -0.904426,
          -0.409133,
          2.016318
        ],
        [
          0.0,
          0.0,
          0.0,
          1.0
        ]
      ]
    },
    {
      "file_path": "/media/NFS/ttao/scannet/posed_images/scene0568_02/00204.jpg",
      "transform_matrix": [
        [
          -0.861616,
          -0.119795,
          0.49322,
          3.407694
        ],
        [
          -0.495874,
          0.405992,
          -0.767645,
          4.247748
        ],
        [
          -0.108283,
          -0.905991,
          -0.409213,
          2.034309
        ],
        [
          0.0,
          0.0,
          0.0,
          1.0
        ]
      ]
    },
    {
      "file_path": "/media/NFS/ttao/scannet/posed_images/scene0568_02/00206.jpg",
      "transform_matrix": [
        [
          -0.875587,
          -0.105444,
          0.471411,
          3.380311
        ],
        [
          -0.472696,
          0.388091,
          -0.791166,
          4.268575
        ],
        [
          -0.099527,
          -0.915569,
          -0.389651,
          2.027478
        ],
        [
          0.0,
          0.0,
          0.0,
          1.0
        ]
      ]
    },
    {
      "file_path": "/media/NFS/ttao/scannet/posed_images/scene0568_02/00213.jpg",
      "transform_matrix": [
        [
          -0.906286,
          -0.089914,
          0.412991,
          3.343212
        ],
        [
          -0.412128,
          0.404812,
          -0.816258,
          4.298055
        ],
        [
          -0.093791,
          -0.909969,
          -0.403931,
          2.024447
        ],
        [
          0.0,
          0.0,
          0.0,
          1.0
        ]
      ]
    },
    {
      "file_path": "/media/NFS/ttao/scannet/posed_images/scene0568_02/00217.jpg",
      "transform_matrix": [
        [
          -0.91045,
          -0.070169,
          0.407624,
          3.331424
        ],
        [
          -0.39994,
          0.400707,
          -0.824307,
          4.298445
        ],
        [
          -0.105497,
          -0.913515,
          -0.392888,
          2.037426
        ],
        [
          0.0,
          0.0,
          0.0,
          1.0
        ]
      ]
    },
    {
      "file_path": "/media/NFS/ttao/scannet/posed_images/scene0568_02/00223.jpg",
      "transform_matrix": [
        [
          -0.91187,
          -0.043925,
          0.408122,
          3.2459
        ],
        [
          -0.391876,
          0.389077,
          -0.833697,
          4.273266
        ],
        [
          -0.12217,
          -0.920157,
          -0.372001,
          2.028966
        ],
        [
          0.0,
          0.0,
          0.0,
          1.0
        ]
      ]
    },
    {
      "file_path": "/media/NFS/ttao/scannet/posed_images/scene0568_02/00227.jpg",
      "transform_matrix": [
        [
          -0.916672,
          -0.044311,
          0.397175,
          3.197221
        ],
        [
          -0.381729,
          0.391267,
          -0.837373,
          4.245531
        ],
        [
          -0.118296,
          -0.91921,
          -0.375578,
          2.03072
        ],
        [
          0.0,
          0.0,
          0.0,
          1.0
        ]
      ]
    },
    {
      "file_path": "/media/NFS/ttao/scannet/posed_images/scene0568_02/00230.jpg",
      "transform_matrix": [
        [
          -0.918406,
          -0.054097,
          0.391924,
          3.165607
        ],
        [
          -0.382372,
          0.375753,
          -0.844157,
          4.233914
        ],
        [
          -0.1016,
          -0.92514,
          -0.365779,
          2.018558
        ],
        [
          0.0,
          0.0,
          0.0,
          1.0
        ]
      ]
    },
    {
      "file_path": "/media/NFS/ttao/scannet/posed_images/scene0568_02/00234.jpg",
      "transform_matrix": [
        [
          -0.919593,
          -0.068273,
          0.386893,
          3.105887
        ],
        [
          -0.382318,
          0.382224,
          -0.841271,
          4.201367
        ],
        [
          -0.090444,
          -0.921544,
          -0.377593,
          2.009149
        ],
        [
          0.0,
          0.0,
          0.0,
          1.0
        ]
      ]
    },
    {
      "file_path": "/media/NFS/ttao/scannet/posed_images/scene0568_02/00242.jpg",
      "transform_matrix": [
        [
          -0.934207,
          -0.050889,
          0.353082,
          3.023808
        ],
        [
          -0.343801,
          0.39249,
          -0.853084,
          4.139305
        ],
        [
          -0.095169,
          -0.918347,
          -0.384163,
          2.001075
        ],
        [
          0.0,
          0.0,
          0.0,
          1.0
        ]
      ]
    },
    {
      "file_path": "/media/NFS/ttao/scannet/posed_images/scene0568_02/00244.jpg",
      "transform_matrix": [
        [
          -0.935974,
          -0.050536,
          0.348422,
          3.02104
        ],
        [
          -0.339177,
          0.394777,
          -0.853879,
          4.119769
        ],
        [
          -0.094397,
          -0.917386,
          -0.386642,
          2.004085
        ],
        [
          0.0,
          0.0,
          0.0,
          1.0
        ]
      ]
    },
    {
      "file_path": "/media/NFS/ttao/scannet/posed_images/scene0568_02/00249.jpg",
      "transform_matrix": [
        [
          -0.936529,
          -0.050343,
          0.346957,
          3.001042
        ],
        [
          -0.340141,
          0.370289,
          -0.864402,
          4.048452
        ],
        [
          -0.084957,
          -0.927552,
          -0.36391,
          2.016292
        ],
        [
          0.0,
          0.0,
          0.0,
          1.0
        ]
      ]
    },
    {
      "file_path": "/media/NFS/ttao/scannet/posed_images/scene0568_02/00254.jpg",
      "transform_matrix": [
        [
          -0.935247,
          -0.035742,
          0.352186,
          2.977577
        ],
        [
          -0.344179,
          0.324484,
          -0.881051,
          3.963101
        ],
        [
          -0.082788,
          -0.945216,
          -0.315774,
          2.042542
        ],
        [
          0.0,
          0.0,
          0.0,
          1.0
        ]
      ]
    },
    {
      "file_path": "/media/NFS/ttao/scannet/posed_images/scene0568_02/00259.jpg",
      "transform_matrix": [
        [
          -0.92628,
          -0.03548,
          0.375161,
          2.970618
        ],
        [
          -0.36673,
          0.313882,
          -0.875778,
          3.878157
        ],
        [
          -0.086684,
          -0.948799,
          -0.303755,
          2.056891
        ],
        [
          0.0,
          0.0,
          0.0,
          1.0
        ]
      ]
    },
    {
      "file_path": "/media/NFS/ttao/scannet/posed_images/scene0568_02/00262.jpg",
      "transform_matrix": [
        [
          -0.927127,
          -0.032206,
          0.37336,
          2.961144
        ],
        [
          -0.364459,
          0.309325,
          -0.878343,
          3.854892
        ],
        [
          -0.087201,
          -0.950411,
          -0.298522,
          2.025901
        ],
        [
          0.0,
          0.0,
          0.0,
          1.0
        ]
      ]
    },
    {
      "file_path": "/media/NFS/ttao/scannet/posed_images/scene0568_02/00271.jpg",
      "transform_matrix": [
        [
          -0.92476,
          -0.027375,
          0.379565,
          2.902756
        ],
        [
          -0.368554,
          0.312893,
          -0.875366,
          3.725036
        ],
        [
          -0.0948,
          -0.949394,
          -0.29944,
          2.048114
        ],
        [
          0.0,
          0.0,
          0.0,
          1.0
        ]
      ]
    },
    {
      "file_path": "/media/NFS/ttao/scannet/posed_images/scene0568_02/00272.jpg",
      "transform_matrix": [
        [
          -0.92419,
          -0.029134,
          0.380821,
          2.89541
        ],
        [
          -0.370312,
          0.312452,
          -0.874782,
          3.711602
        ],
        [
          -0.093502,
          -0.949487,
          -0.299554,
          2.047033
        ],
        [
          0.0,
          0.0,
          0.0,
          1.0
        ]
      ]
    },
    {
      "file_path": "/media/NFS/ttao/scannet/posed_images/scene0568_02/00276.jpg",
      "transform_matrix": [
        [
          -0.92189,
          -0.043341,
          0.385021,
          2.845388
        ],
        [
          -0.379209,
          0.304828,
          -0.873659,
          3.650971
        ],
        [
          -0.0795,
          -0.951421,
          -0.297453,
          2.044837
        ],
        [
          0.0,
          0.0,
          0.0,
          1.0
        ]
      ]
    },
    {
      "file_path": "/media/NFS/ttao/scannet/posed_images/scene0568_02/00285.jpg",
      "transform_matrix": [
        [
          -0.936983,
          -0.013522,
          0.349114,
          2.741452
        ],
        [
          -0.334185,
          0.326132,
          -0.884284,
          3.528506
        ],
        [
          -0.1019,
          -0.945228,
          -0.310099,
          2.04751
        ],
        [
          0.0,
          0.0,
          0.0,
          1.0
        ]
      ]
    },
    {
      "file_path": "/media/NFS/ttao/scannet/posed_images/scene0568_02/00289.jpg",
      "transform_matrix": [
        [
          -0.943167,
          0.017645,
          0.331849,
          2.708774
        ],
        [
          -0.306847,
          0.337171,
          -0.890034,
          3.486509
        ],
        [
          -0.127595,
          -0.941278,
          -0.312594,
          2.040422
        ],
        [
          0.0,
          0.0,
          0.0,
          1.0
        ]
      ]
    },
    {
      "file_path": "/media/NFS/ttao/scannet/posed_images/scene0568_02/00293.jpg",
      "transform_matrix": [
        [
          -0.947997,
          0.033264,
          0.316534,
          2.674652
        ],
        [
          -0.286497,
          0.344011,
          -0.89419,
          3.463329
        ],
        [
          -0.138635,
          -0.938376,
          -0.316591,
          2.03492
        ],
        [
          0.0,
          0.0,
          0.0,
          1.0
        ]
      ]
    },
    {
      "file_path": "/media/NFS/ttao/scannet/posed_images/scene0568_02/00296.jpg",
      "transform_matrix": [
        [
          -0.954487,
          0.040603,
          0.295474,
          2.669326
        ],
        [
          -0.263707,
          0.347911,
          -0.899676,
          3.439801
        ],
        [
          -0.139328,
          -0.936648,
          -0.321369,
          2.031178
        ],
        [
          0.0,
          0.0,
          0.0,
          1.0
        ]
      ]
    },
    {
      "file_path": "/media/NFS/ttao/scannet/posed_images/scene0568_02/00300.jpg",
      "transform_matrix": [
        [
          -0.967648,
          0.043799,
          0.248472,
          2.692968
        ],
        [
          -0.217493,
          0.354356,
          -0.909466,
          3.409022
        ],
        [
          -0.127881,
          -0.934085,
          -0.333366,
          2.036467
        ],
        [
          0.0,
          0.0,
          0.0,
          1.0
        ]
      ]
    },
    {
      "file_path": "/media/NFS/ttao/scannet/posed_images/scene0568_02/00307.jpg",
      "transform_matrix": [
        [
          -0.985559,
          0.031508,
          0.166375,
          2.730204
        ],
        [
          -0.145465,
          0.345417,
          -0.927107,
          3.361012
        ],
        [
          -0.08668,
          -0.93792,
          -0.335846,
          2.028757
        ],
        [
          0.0,
          0.0,
          0.0,
          1.0
        ]
      ]
    },
    {
      "file_path": "/media/NFS/ttao/scannet/posed_images/scene0568_02/00309.jpg",
      "transform_matrix": [
        [
          -0.988435,
          0.027357,
          0.149155,
          2.745273
        ],
        [
          -0.130776,
          0.344155,
          -0.929761,
          3.346092
        ],
        [
          -0.076768,
          -0.938514,
          -0.336597,
          2.014441
        ],
        [
          0.0,
          0.0,
          0.0,
          1.0
        ]
      ]
    },
    {
      "file_path": "/media/NFS/ttao/scannet/posed_images/scene0568_02/00317.jpg",
      "transform_matrix": [
        [
          -0.995319,
          0.012734,
          0.095801,
          2.773202
        ],
        [
          -0.083142,
          0.392531,
          -0.915973,
          3.273367
        ],
        [
          -0.049269,
          -0.919651,
          -0.389635,
          2.01186
        ],
        [
          0.0,
          0.0,
          0.0,
          1.0
        ]
      ]
    },
    {
      "file_path": "/media/NFS/ttao/scannet/posed_images/scene0568_02/00318.jpg",
      "transform_matrix": [
        [
          -0.995486,
          0.01451,
          0.093798,
          2.768923
        ],
        [
          -0.080249,
          0.39902,
          -0.913424,
          3.264054
        ],
        [
          -0.050681,
          -0.916827,
          -0.396054,
          2.017946
        ],
        [
          0.0,
          0.0,
          0.0,
          1.0
        ]
      ]
    },
    {
      "file_path": "/media/NFS/ttao/scannet/posed_images/scene0568_02/00327.jpg",
      "transform_matrix": [
        [
          -0.997568,
          0.050001,
          0.048546,
          2.75618
        ],
        [
          -0.025706,
          0.383466,
          -0.923197,
          3.199473
        ],
        [
          -0.064777,
          -0.9222,
          -0.381249,
          2.044857
        ],
        [
          0.0,
          0.0,
          0.0,
          1.0
        ]
      ]
    },
    {
      "file_path": "/media/NFS/ttao/scannet/posed_images/scene0568_02/00328.jpg",
      "transform_matrix": [
        [
          -0.997406,
          0.050582,
          0.051205,
          2.747517
        ],
        [
          -0.028531,
          0.375279,
          -0.926473,
          3.195486
        ],
        [
          -0.066079,
          -0.925531,
          -0.372862,
          2.038488
        ],
        [
          0.0,
          0.0,
          0.0,
          1.0
        ]
      ]
    },
    {
      "file_path": "/media/NFS/ttao/scannet/posed_images/scene0568_02/00335.jpg",
      "transform_matrix": [
        [
          -0.996928,
          0.068156,
          0.038587,
          2.682892
        ],
        [
          -0.011686,
          0.357721,
          -0.933755,
          3.145389
        ],
        [
          -0.077445,
          -0.931338,
          -0.355826,
          2.05799
        ],
        [
          0.0,
          0.0,
          0.0,
          1.0
        ]
      ]
    },
    {
      "file_path": "/media/NFS/ttao/scannet/posed_images/scene0568_02/00337.jpg",
      "transform_matrix": [
        [
          -0.996676,
          0.074064,
          0.033922,
          2.679209
        ],
        [
          -0.005792,
          0.350932,
          -0.936383,
          3.125446
        ],
        [
          -0.081256,
          -0.933468,
          -0.349336,
          2.06317
        ],
        [
          0.0,
          0.0,
          0.0,
          1.0
        ]
      ]
    },
    {
      "file_path": "/media/NFS/ttao/scannet/posed_images/scene0568_02/00342.jpg",
      "transform_matrix": [
        [
          -0.997234,
          0.073233,
          0.012703,
          2.671985
        ],
        [
          0.012277,
          0.330853,
          -0.943603,
          3.090832
        ],
        [
          -0.073306,
          -0.940836,
          -0.330837,
          2.075382
        ],
        [
          0.0,
          0.0,
          0.0,
          1.0
        ]
      ]
    },
    {
      "file_path": "/media/NFS/ttao/scannet/posed_images/scene0568_02/00347.jpg",
      "transform_matrix": [
        [
          -0.996465,
          0.080656,
          -0.023506,
          2.700726
        ],
        [
          0.047729,
          0.313248,
          -0.948471,
          3.046061
        ],
        [
          -0.069137,
          -0.94624,
          -0.31599,
          2.110033
        ],
        [
          0.0,
          0.0,
          0.0,
          1.0
        ]
      ]
    },
    {
      "file_path": "/media/NFS/ttao/scannet/posed_images/scene0568_02/00355.jpg",
      "transform_matrix": [
        [
          -0.985234,
          0.11613,
          -0.12581,
          2.777382
        ],
        [
          0.152361,
          0.259463,
          -0.953659,
          3.014713
        ],
        [
          -0.078106,
          -0.958746,
          -0.273325,
          2.143677
        ],
        [
          0.0,
          0.0,
          0.0,
          1.0
        ]
      ]
    },
    {
      "file_path": "/media/NFS/ttao/scannet/posed_images/scene0568_02/00356.jpg",
      "transform_matrix": [
        [
          -0.982493,
          0.118975,
          -0.14336,
          2.788501
        ],
        [
          0.169987,
          0.25761,
          -0.951179,
          3.011978
        ],
        [
          -0.076236,
          -0.958896,
          -0.273325,
          2.148103
        ],
        [
          0.0,
          0.0,
          0.0,
          1.0
        ]
      ]
    },
    {
      "file_path": "/media/NFS/ttao/scannet/posed_images/scene0568_02/00361.jpg",
      "transform_matrix": [
        [
          -0.965156,
          0.135886,
          -0.223629,
          2.819891
        ],
        [
          0.250467,
          0.232273,
          -0.939849,
          2.999671
