{
  "frames": [
    {
      "file_path": "/media/NFS/ttao/scannet/posed_images/scene0181_02/00000.jpg",
      "transform_matrix": [
        [
          0.272848,
          -0.295076,
          0.915688,
          5.043712
        ],
        [
          -0.962055,
          -0.081561,
          0.260381,
          2.415791
        ],
        [
          -0.002148,
          -0.951986,
          -0.306133,
          1.541962
        ],
        [
          0.0,
          0.0,
          0.0,
          1.0
        ]
      ]
    },
    {
      "file_path": "/media/NFS/ttao/scannet/posed_images/scene0181_02/00010.jpg",
      "transform_matrix": [
        [
          0.264552,
          -0.281001,
          0.922524,
          5.105683
        ],
        [
          -0.964301,
          -0.088619,
          0.249539,
          2.380202
        ],
        [
          0.011632,
          -0.955607,
          -0.294414,
          1.559548
        ],
        [
          0.0,
          0.0,
          0.0,
          1.0
        ]
      ]
    },
    {
      "file_path": "/media/NFS/ttao/scannet/posed_images/scene0181_02/00012.jpg",
      "transform_matrix": [
        [
          0.272502,
          -0.294359,
          0.916022,
          5.125086
        ],
        [
          -0.962079,
          -0.095331,
          0.255569,
          2.369057
        ],
        [
          0.012097,
          -0.950929,
          -0.309175,
          1.567257
        ],
        [
          0.0,
          0.0,
          0.0,
          1.0
        ]
      ]
    },
    {
      "file_path": "/media/NFS/ttao/scannet/posed_images/scene0181_02/00019.jpg",
      "transform_matrix": [
        [
          0.276585,
          -0.397675,
          0.874846,
          5.175028
        ],
        [
          -0.960981,
          -0.110634,
          0.253527,
          2.389245
        ],
        [
          -0.004034,
          -0.910832,
          -0.412758,
          1.48586
        ],
        [
          0.0,
          0.0,
          0.0,
          1.0
        ]
      ]
    },
    {
      "file_path": "/media/NFS/ttao/scannet/posed_images/scene0181_02/00031.jpg",
      "transform_matrix": [
        [
          0.216598,
          -0.513643,
          0.830215,
          5.212184
        ],
        [
          -0.976213,
          -0.122408,
          0.178955,
          2.357201
        ],
        [
          0.009706,
          -0.849228,
          -0.527938,
          1.408304
        ],
        [
          0.0,
          0.0,
          0.0,
          1.0
        ]
      ]
    },
    {
      "file_path": "/media/NFS/ttao/scannet/posed_images/scene0181_02/00037.jpg",
      "transform_matrix": [
        [
          0.218176,
          -0.478206,
          0.850716,
          5.221456
        ],
        [
          -0.975805,
          -0.119637,
          0.183006,
          2.336602
        ],
        [
          0.014263,
          -0.870061,
          -0.492738,
          1.452136
        ],
        [
          0.0,
          0.0,
          0.0,
          1.0
        ]
      ]
    },
    {
      "file_path": "/media/NFS/ttao/scannet/posed_images/scene0181_02/00039.jpg",
      "transform_matrix": [
        [
          0.227346,
          -0.459416,
          0.858633,
          5.222097
        ],
        [
          -0.973744,
          -0.117815,
          0.194787,
          2.325053
        ],
        [
          0.011672,
          -0.880373,
          -0.474138,
          1.473179
        ],
        [
          0.0,
          0.0,
          0.0,
          1.0
        ]
      ]
    },
    {
      "file_path": "/media/NFS/ttao/scannet/posed_images/scene0181_02/00052.jpg",
      "transform_matrix": [
        [
          0.138305,
          -0.362495,
          0.921666,
          5.232198
        ],
        [
          -0.989824,
          -0.08203,
          0.11627,
          2.263789
        ],
        [
          0.033457,
          -0.928369,
          -0.370152,
          1.547713
        ],
        [
          0.0,
          0.0,
          0.0,
          1.0
        ]
      ]
    },
    {
      "file_path": "/media/NFS/ttao/scannet/posed_images/scene0181_02/00054.jpg",
      "transform_matrix": [
        [
          0.114034,
          -0.354243,
          0.928175,
          5.233542
        ],
        [
          -0.992526,
          -0.08149,
          0.090838,
          2.265665
        ],
        [
          0.043459,
          -0.931596,
          -0.360887,
          1.547902
        ],
        [
          0.0,
          0.0,
          0.0,
          1.0
        ]
      ]
    },
    {
      "file_path": "/media/NFS/ttao/scannet/posed_images/scene0181_02/00062.jpg",
      "transform_matrix": [
        [
          0.03221,
          -0.308151,
          0.950792,
          5.251163
        ],
        [
          -0.997459,
          -0.07039,
          0.010978,
          2.283513
        ],
        [
          0.063543,
          -0.94873,
          -0.309636,
          1.584077
        ],
        [
          0.0,
          0.0,
          0.0,
          1.0
        ]
      ]
    },
    {
      "file_path": "/media/NFS/ttao/scannet/posed_images/scene0181_02/00068.jpg",
      "transform_matrix": [
        [
          -0.023655,
          -0.294999,
          0.955205,
          5.266503
        ],
        [
          -0.99863,
          -0.037642,
          -0.036355,
          2.279743
        ],
        [
          0.04668,
          -0.954756,
          -0.293705,
          1.589027
        ],
        [
          0.0,
          0.0,
          0.0,
          1.0
        ]
      ]
    },
    {
      "file_path": "/media/NFS/ttao/scannet/posed_images/scene0181_02/00078.jpg",
      "transform_matrix": [
        [
          -0.148868,
          -0.354572,
          0.923102,
          5.275255
        ],
        [
          -0.98836,
          0.023743,
          -0.150272,
          2.278031
        ],
        [
          0.031365,
          -0.934727,
          -0.35398,
          1.545162
        ],
        [
          0.0,
          0.0,
          0.0,
          1.0
        ]
      ]
    },
    {
      "file_path": "/media/NFS/ttao/scannet/posed_images/scene0181_02/00087.jpg",
      "transform_matrix": [
        [
          -0.252503,
          -0.407598,
          0.877557,
          5.251938
        ],
        [
          -0.967244,
          0.081858,
          -0.240289,
          2.308843
        ],
        [
          0.026107,
          -0.909485,
          -0.414916,
          1.527503
        ],
        [
          0.0,
          0.0,
          0.0,
          1.0
        ]
      ]
    },
    {
      "file_path": "/media/NFS/ttao/scannet/posed_images/scene0181_02/00091.jpg",
      "transform_matrix": [
        [
          -0.282334,
          -0.428371,
          0.858362,
          5.23173
        ],
        [
          -0.958699,
          0.093891,
          -0.26848,
          2.348499
        ],
        [
          0.034417,
          -0.898712,
          -0.437187,
          1.538461
        ],
        [
          0.0,
          0.0,
          0.0,
          1.0
        ]
      ]
    },
    {
      "file_path": "/media/NFS/ttao/scannet/posed_images/scene0181_02/00095.jpg",
      "transform_matrix": [
        [
          -0.313319,
          -0.416203,
          0.853585,
          5.205231
        ],
        [
          -0.948918,
          0.101976,
          -0.298589,
          2.374866
        ],
        [
          0.037229,
          -0.903535,
          -0.426893,
          1.550911
        ],
        [
          0.0,
          0.0,
          0.0,
          1.0
        ]
      ]
    },
    {
      "file_path": "/media/NFS/ttao/scannet/posed_images/scene0181_02/00101.jpg",
      "transform_matrix": [
        [
          -0.419539,
          -0.392724,
          0.818386,
          5.185536
        ],
        [
          -0.905136,
          0.112792,
          -0.409885,
          2.396962
        ],
        [
          0.068664,
          -0.912714,
          -0.402789,
          1.59181
        ],
        [
          0.0,
          0.0,
          0.0,
          1.0
        ]
      ]
    },
    {
      "file_path": "/media/NFS/ttao/scannet/posed_images/scene0181_02/00109.jpg",
      "transform_matrix": [
        [
          -0.514147,
          -0.342442,
          0.786376,
          5.231714
        ],
        [
          -0.852994,
          0.108212,
          -0.51058,
          2.467822
        ],
        [
          0.089749,
          -0.933287,
          -0.347737,
          1.621441
        ],
        [
          0.0,
          0.0,
          0.0,
          1.0
        ]
      ]
    },
    {
      "file_path": "/media/NFS/ttao/scannet/posed_images/scene0181_02/00115.jpg",
      "transform_matrix": [
        [
          -0.571183,
          -0.277533,
          0.77248,
          5.288584
        ],
        [
          -0.818227,
          0.117734,
          -0.562711,
          2.537452
        ],
        [
          0.065224,
          -0.953475,
          -0.294333,
          1.644993
        ],
        [
          0.0,
          0.0,
          0.0,
          1.0
        ]
      ]
    },
    {
      "file_path": "/media/NFS/ttao/scannet/posed_images/scene0181_02/00122.jpg",
      "transform_matrix": [
        [
          -0.612321,
          -0.222641,
          0.758613,
          5.326534
        ],
        [
          -0.787811,
          0.09117,
          -0.609132,
          2.5855
        ],
        [
          0.066454,
          -0.970628,
          -0.231224,
          1.68401
        ],
        [
          0.0,
          0.0,
          0.0,
          1.0
        ]
      ]
    },
    {
      "file_path": "/media/NFS/ttao/scannet/posed_images/scene0181_02/00134.jpg",
      "transform_matrix": [
        [
          -0.734479,
          -0.145124,
          0.662933,
          5.281496
        ],
        [
          -0.674781,
          0.052259,
          -0.736166,
          2.566015
        ],
        [
          0.072191,
          -0.988032,
          -0.13631,
          1.750341
        ],
        [
          0.0,
          0.0,
          0.0,
          1.0
        ]
      ]
    },
    {
      "file_path": "/media/NFS/ttao/scannet/posed_images/scene0181_02/00138.jpg",
      "transform_matrix": [
        [
          -0.769151,
          -0.120483,
          0.627608,
          5.268851
        ],
        [
          -0.635847,
          0.04581,
          -0.770454,
          2.566111
        ],
        [
          0.064076,
          -0.991658,
          -0.111843,
          1.770172
        ],
        [
          0.0,
          0.0,
          0.0,
          1.0
        ]
      ]
    },
    {
      "file_path": "/media/NFS/ttao/scannet/posed_images/scene0181_02/00144.jpg",
      "transform_matrix": [
        [
          -0.796736,
          -0.096842,
          0.596517,
          5.251536
        ],
        [
          -0.601338,
          0.028985,
          -0.798469,
          2.58237
        ],
        [
          0.060035,
          -0.994878,
          -0.081328,
          1.779418
        ],
        [
          0.0,
          0.0,
          0.0,
          1.0
        ]
      ]
    },
    {
      "file_path": "/media/NFS/ttao/scannet/posed_images/scene0181_02/00153.jpg",
      "transform_matrix": [
        [
          -0.827728,
          -0.101499,
          0.551873,
          5.251173
        ],
        [
          -0.560601,
          0.106927,
          -0.821153,
          2.57413
        ],
        [
          0.024337,
          -0.989073,
          -0.145407,
          1.748372
        ],
        [
          0.0,
          0.0,
          0.0,
          1.0
        ]
      ]
    },
    {
      "file_path": "/media/NFS/ttao/scannet/posed_images/scene0181_02/00161.jpg",
      "transform_matrix": [
        [
          -0.860607,
          -0.155762,
          0.484865,
          5.29053
        ],
        [
          -0.508371,
          0.206214,
          -0.836083,
          2.556146
        ],
        [
          0.030244,
          -0.96603,
          -0.256654,
          1.687696
        ],
        [
          0.0,
          0.0,
          0.0,
          1.0
        ]
      ]
    },
    {
      "file_path": "/media/NFS/ttao/scannet/posed_images/scene0181_02/00165.jpg",
      "transform_matrix": [
        [
          -0.861441,
          -0.193032,
          0.469742,
          5.333406
        ],
        [
          -0.506228,
          0.252334,
          -0.824658,
          2.551514
        ],
        [
          0.040654,
          -0.948191,
          -0.315089,
          1.633343
        ],
        [
          0.0,
          0.0,
          0.0,
          1.0
        ]
      ]
    },
    {
      "file_path": "/media/NFS/ttao/scannet/posed_images/scene0181_02/00171.jpg",
      "transform_matrix": [
        [
          -0.869456,
          -0.214404,
          0.445058,
          5.400616
        ],
        [
          -0.493045,
          0.320344,
          -0.80888,
          2.538871
        ],
        [
          0.030856,
          -0.922719,
          -0.384236,
          1.566807
        ],
        [
          0.0,
          0.0,
          0.0,
          1.0
        ]
      ]
    },
    {
      "file_path": "/media/NFS/ttao/scannet/posed_images/scene0181_02/00181.jpg",
      "transform_matrix": [
        [
          -0.879529,
          -0.234391,
          0.414114,
          5.50154
        ],
        [
          -0.474107,
          0.357327,
          -0.804698,
          2.494989
        ],
        [
          0.04064,
          -0.90409,
          -0.425406,
          1.521656
        ],
        [
          0.0,
          0.0,
          0.0,
          1.0
        ]
      ]
    },
    {
      "file_path": "/media/NFS/ttao/scannet/posed_images/scene0181_02/00190.jpg",
      "transform_matrix": [
        [
          -0.932516,
          -0.206041,
          0.296581,
          5.535326
        ],
        [
          -0.356877,
          0.400147,
          -0.84411,
          2.447064
        ],
        [
          0.055245,
          -0.892989,
          -0.446675,
          1.5385
        ],
        [
          0.0,
          0.0,
          0.0,
          1.0
        ]
      ]
    },
    {
      "file_path": "/media/NFS/ttao/scannet/posed_images/scene0181_02/00196.jpg",
      "transform_matrix": [
        [
          -0.966004,
          -0.165537,
          0.198582,
          5.542902
        ],
        [
          -0.252553,
          0.440032,
          -0.861736,
          2.432023
        ],
        [
          0.055267,
          -0.882592,
          -0.466879,
          1.558507
        ],
        [
          0.0,
          0.0,
          0.0,
          1.0
        ]
      ]
    },
    {
      "file_path": "/media/NFS/ttao/scannet/posed_images/scene0181_02/00200.jpg",
      "transform_matrix": [
        [
          -0.982169,
          -0.128826,
          0.136924,
          5.574678
        ],
        [
          -0.180303,
          0.439186,
          -0.880118,
          2.45588
        ],
        [
          0.053247,
          -0.889112,
          -0.454582,
          1.552379
        ],
        [
          0.0,
          0.0,
          0.0,
          1.0
        ]
      ]
    },
    {
      "file_path": "/media/NFS/ttao/scannet/posed_images/scene0181_02/00206.jpg",
      "transform_matrix": [
        [
          -0.991439,
          -0.088312,
          0.096178,
          5.618974
        ],
        [
          -0.123952,
          0.404981,
          -0.905885,
          2.499716
        ],
        [
          0.04105,
          -0.91005,
          -0.41246,
          1.612682
        ],
        [
          0.0,
          0.0,
          0.0,
          1.0
        ]
      ]
    },
    {
      "file_path": "/media/NFS/ttao/scannet/posed_images/scene0181_02/00214.jpg",
      "transform_matrix": [
        [
          -0.992117,
          -0.099525,
          0.076142,
          5.695441
        ],
        [
          -0.106443,
          0.348674,
          -0.93118,
          2.564476
        ],
        [
          0.066127,
          -0.931945,
          -0.356519,
          1.633229
        ],
        [
          0.0,
          0.0,
          0.0,
          1.0
        ]
      ]
    },
    {
      "file_path": "/media/NFS/ttao/scannet/posed_images/scene0181_02/00223.jpg",
      "transform_matrix": [
        [
          -0.994353,
          -0.10107,
          0.032349,
          5.770229
        ],
        [
          -0.05917,
          0.274992,
          -0.959624,
          2.57758
        ],
        [
          0.088094,
          -0.95612,
          -0.279419,
          1.665014
        ],
        [
          0.0,
          0.0,
          0.0,
          1.0
        ]
      ]
    },
    {
      "file_path": "/media/NFS/ttao/scannet/posed_images/scene0181_02/00225.jpg",
      "transform_matrix": [
        [
          -0.99479,
          -0.100178,
          0.018875,
          5.791778
        ],
        [
          -0.043678,
          0.251572,
          -0.966852,
          2.571956
        ],
        [
          0.092109,
          -0.96264,
          -0.254637,
          1.679221
        ],
        [
          0.0,
          0.0,
          0.0,
          1.0
        ]
      ]
    },
    {
      "file_path": "/media/NFS/ttao/scannet/posed_images/scene0181_02/00237.jpg",
      "transform_matrix": [
        [
          -0.993338,
          -0.079705,
          -0.083227,
          5.906425
        ],
        [
          0.073662,
          0.116235,
          -0.990487,
          2.537454
        ],
        [
          0.088621,
          -0.990019,
          -0.109589,
          1.736037
        ],
        [
          0.0,
          0.0,
          0.0,
          1.0
        ]
      ]
    },
    {
      "file_path": "/media/NFS/ttao/scannet/posed_images/scene0181_02/00241.jpg",
      "transform_matrix": [
        [
          -0.99173,
          -0.076695,
          -0.102903,
          5.945446
        ],
        [
          0.096207,
          0.086414,
          -0.991603,
          2.530242
        ],
        [
          0.084943,
          -0.993303,
          -0.078321,
          1.770888
        ],
        [
          0.0,
          0.0,
          0.0,
          1.0
        ]
      ]
    },
    {
      "file_path": "/media/NFS/ttao/scannet/posed_images/scene0181_02/00250.jpg",
      "transform_matrix": [
        [
          -0.975683,
          -0.074595,
          -0.206102,
          6.049848
        ],
        [
          0.202724,
          0.050406,
          -0.977938,
          2.534006
        ],
        [
          0.083338,
          -0.995939,
          -0.034058,
          1.802567
        ],
        [
          0.0,
          0.0,
          0.0,
          1.0
        ]
      ]
    },
    {
      "file_path": "/media/NFS/ttao/scannet/posed_images/scene0181_02/00254.jpg",
      "transform_matrix": [
        [
          -0.956603,
          -0.044636,
          -0.287955,
          6.107897
        ],
        [
          0.282704,
          0.097376,
          -0.954252,
          2.532238
        ],
        [
          0.070634,
          -0.994246,
          -0.080532,
          1.793443
        ],
        [
          0.0,
          0.0,
          0.0,
          1.0
        ]
      ]
    },
    {
      "file_path": "/media/NFS/ttao/scannet/posed_images/scene0181_02/00262.jpg",
      "transform_matrix": [
        [
          -0.892934,
          0.021762,
          -0.44966,
          6.139374
        ],
        [
          0.446316,
          0.173488,
          -0.877898,
          2.533766
        ],
        [
          0.058905,
          -0.984596,
          -0.164626,
          1.757388
        ],
        [
          0.0,
          0.0,
          0.0,
          1.0
        ]
      ]
    },
    {
      "file_path": "/media/NFS/ttao/scannet/posed_images/scene0181_02/00272.jpg",
      "transform_matrix": [
        [
          -0.836501,
          0.118921,
          -0.534905,
          6.148379
        ],
        [
          0.545798,
          0.267566,
          -0.794049,
          2.486244
        ],
        [
          0.048694,
          -0.956173,
          -0.288727,
          1.704197
        ],
        [
          0.0,
          0.0,
          0.0,
          1.0
        ]
      ]
    },
    {
      "file_path": "/media/NFS/ttao/scannet/posed_images/scene0181_02/00278.jpg",
      "transform_matrix": [
        [
          -0.811353,
          0.166508,
          -0.56034,
          6.139426
        ],
        [
          0.583235,
          0.29501,
          -0.75684,
          2.447423
        ],
        [
          0.039286,
          -0.940874,
          -0.33647,
          1.665064
        ],
        [
          0.0,
          0.0,
          0.0,
          1.0
        ]
      ]
    },
    {
      "file_path": "/media/NFS/ttao/scannet/posed_images/scene0181_02/00282.jpg",
      "transform_matrix": [
        [
          -0.792075,
          0.190707,
          -0.579869,
          6.136446
        ],
        [
          0.609166,
          0.307903,
          -0.730831,
          2.402146
        ],
        [
          0.039169,
          -0.932109,
          -0.360054,
          1.668391
        ],
        [
          0.0,
          0.0,
          0.0,
          1.0
        ]
      ]
    },
    {
      "file_path": "/media/NFS/ttao/scannet/posed_images/scene0181_02/00287.jpg",
      "transform_matrix": [
        [
          -0.758125,
          0.191929,
          -0.623225,
          6.119871
        ],
        [
          0.650025,
          0.29876,
          -0.698721,
          2.358393
        ],
        [
          0.05209,
          -0.934829,
          -0.351256,
          1.658
        ],
        [
          0.0,
          0.0,
          0.0,
          1.0
        ]
      ]
    },
    {
      "file_path": "/media/NFS/ttao/scannet/posed_images/scene0181_02/00297.jpg",
      "transform_matrix": [
        [
          -0.649768,
          0.202492,
          -0.732665,
          6.113252
        ],
        [
          0.756134,
          0.270915,
          -0.595707,
          2.233538
        ],
        [
          0.077864,
          -0.941064,
          -0.329143,
          1.652772
        ],
        [
          0.0,
          0.0,
          0.0,
          1.0
        ]
      ]
    },
    {
      "file_path": "/media/NFS/ttao/scannet/posed_images/scene0181_02/00301.jpg",
      "transform_matrix": [
        [
          -0.584035,
          0.165593,
          -0.794659,
          6.145242
        ],
        [
          0.806357,
          0.230795,
          -0.544539,
          2.158136
        ],
        [
          0.093232,
          -0.958808,
          -0.26832,
          1.693988
        ],
        [
          0.0,
          0.0,
          0.0,
          1.0
        ]
      ]
    },
    {
      "file_path": "/media/NFS/ttao/scannet/posed_images/scene0181_02/00311.jpg",
      "transform_matrix": [
        [
          -0.36978,
          0.063698,
          -0.926933,
          6.273726
        ],
        [
          0.925172,
          0.117112,
          -0.36103,
          1.957394
        ],
        [
          0.085558,
          -0.991074,
          -0.102237,
          1.798016
        ],
        [
          0.0,
          0.0,
          0.0,
          1.0
        ]
      ]
    },
    {
      "file_path": "/media/NFS/ttao/scannet/posed_images/scene0181_02/00320.jpg",
      "transform_matrix": [
        [
          -0.212868,
          -0.023341,
          -0.976802,
          6.2917
        ],
        [
          0.975255,
          0.056019,
          -0.21387,
          1.770722
        ],
        [
          0.059711,
          -0.998157,
          0.010839,
          1.823068
        ],
        [
          0.0,
          0.0,
          0.0,
          1.0
        ]
      ]
    },
    {
      "file_path": "/media/NFS/ttao/scannet/posed_images/scene0181_02/00322.jpg",
      "transform_matrix": [
        [
          -0.206278,
          -0.035765,
          -0.97784,
          6.293921
        ],
        [
          0.976924,
          0.049054,
          -0.207879,
          1.750315
        ],
        [
          0.055402,
          -0.998156,
          0.024821,
          1.823726
        ],
        [
          0.0,
          0.0,
          0.0,
          1.0
        ]
      ]
    },
    {
      "file_path": "/media/NFS/ttao/scannet/posed_images/scene0181_02/00334.jpg",
      "transform_matrix": [
        [
          -0.068285,
          -0.037236,
          -0.996971,
          6.29084
        ],
        [
          0.995589,
          0.061896,
          -0.070502,
          1.567893
        ],
        [
          0.064334,
          -0.997388,
          0.032845,
          1.826636
        ],
        [
          0.0,
          0.0,
          0.0,
          1.0
        ]
      ]
    },
    {
      "file_path": "/media/NFS/ttao/scannet/posed_images/scene0181_02/00340.jpg",
      "transform_matrix": [
        [
          0.041337,
          -0.027126,
          -0.998777,
          6.272486
        ],
        [
          0.998027,
          -0.046168,
          0.04256,
          1.591123
        ],
        [
          -0.047266,
          -0.998565,
          0.025164,
          1.576768
        ],
        [
          0.0,
          0.0,
          0.0,
          1.0
        ]
      ]
    },
    {
      "file_path": "/media/NFS/ttao/scannet/posed_images/scene0181_02/00342.jpg",
      "transform_matrix": [
        [
          0.064795,
          -0.015561,
          -0.997777,
          6.268759
        ],
        [
          0.997019,
          -0.040968,
          0.065385,
          1.565233
        ],
        [
          -0.041894,
          -0.999039,
          0.012861,
          1.575005
        ],
        [
          0.0,
          0.0,
          0.0,
          1.0
        ]
      ]
    },
    {
      "file_path": "/media/NFS/ttao/scannet/posed_images/scene0181_02/00353.jpg",
      "transform_matrix": [
        [
          0.231031,
          0.125353,
          -0.964837,
          6.201896
        ],
        [
          0.972161,
          -0.069589,
          0.223744,
          1.431478
        ],
        [
          -0.039095,
          -0.989669,
          -0.137941,
          1.528695
        ],
        [
          0.0,
          0.0,
          0.0,
          1.0
        ]
      ]
    },
    {
      "file_path": "/media/NFS/ttao/scannet/posed_images/scene0181_02/00357.jpg",
      "transform_matrix": [
        [
          0.24844,
          0.161782,
          -0.955041,
          6.187821
        ],
        [
          0.968525,
          -0.057165,
          0.242264,
          1.392864
        ],
        [
          -0.015401,
          -0.98517,
          -0.170892,
          1.504359
        ],
        [
          0.0,
          0.0,
          0.0,
          1.0
        ]
      ]
    },
    {
      "file_path": "/media/NFS/ttao/scannet/posed_images/scene0181_02/00367.jpg",
      "transform_matrix": [
        [
          0.340494,
          0.273164,
          -0.899692,
          6.15761
        ],
        [
          0.93988,
          -0.125618,
          0.317563,
          1.40141
        ],
        [
          -0.026271,
          -0.95373,
          -0.299513,
          1.46106
        ],
        [
          0.0,
          0.0,
          0.0,
          1.0
        ]
      ]
    },
    {
      "file_path": "/media/NFS/ttao/scannet/posed_images/scene0181_02/00375.jpg",
      "transform_matrix": [
        [
          0.444985,
          0.319215,
          -0.836714,
          6.148156
        ],
        [
          0.894798,
          -0.196464,
          0.400922,
          1.407301
        ],
        [
          -0.036404,
          -0.927094,
          -0.373056,
          1.414243
        ],
        [
          0.0,
          0.0,
          0.0,
          1.0
        ]
      ]
    },
    {
      "file_path": "/media/NFS/ttao/scannet/posed_images/scene0181_02/00381.jpg",
      "transform_matrix": [
        [
          0.479449,
          0.33861,
          -0.809612,
          6.147989
        ],
        [
          0.877166,
          -0.212892,
          0.430414,
          1.420468
        ],
        [
          -0.026617,
          -0.916526,
          -0.399088,
          1.404801
        ],
        [
          0.0,
          0.0,
          0.0,
          1.0
        ]
      ]
    },
    {
      "file_path": "/media/NFS/ttao/scannet/posed_images/scene0181_02/00384.jpg",
      "transform_matrix": [
        [
          0.496018,
          0.341819,
          -0.798202,
          6.147823
        ],
        [
          0.867757,
          -0.228002,
          0.441602,
          1.423765
        ],
        [
          -0.031044,
          -0.911688,
          -0.409709,
          1.403349
        ],
        [
          0.0,
          0.0,
          0.0,
          1.0
        ]
      ]
    },
    {
      "file_path": "/media/NFS/ttao/scannet/posed_images/scene0181_02/00396.jpg",
      "transform_matrix": [
        [
          0.563435,
          0.337348,
          -0.754146,
          6.126471
        ],
        [
          0.826086,
          -0.242312,
          0.50879,
          1.428885
        ],
        [
          -0.011099,
          -0.90966,
          -0.415206,
          1.403196
        ],
        [
          0.0,
          0.0,
          0.0,
          1.0
        ]
      ]
    },
    {
      "file_path": "/media/NFS/ttao/scannet/posed_images/scene0181_02/00400.jpg",
      "transform_matrix": [
        [
          0.597488,
          0.318323,
          -0.735988,
          6.12698
        ],
        [
          0.801823,
          -0.247872,
          0.543727,
          1.443158
        ],
        [
          -0.00935,
          -0.915003,
          -0.40334,
          1.397076
        ],
        [
          0.0,
          0.0,
          0.0,
          1.0
        ]
      ]
    },
    {
      "file_path": "/media/NFS/ttao/scannet/posed_images/scene0181_02/00408.jpg",
      "transform_matrix": [
        [
          0.682038,
          0.291111,
          -0.670879,
          6.105666
        ],
        [
          0.731297,
          -0.278267,
          0.622714,
          1.510098
        ],
        [
          -0.005404,
          -0.915326,
          -0.402677,
          1.3974
        ],
        [
          0.0,
          0.0,
          0.0,
          1.0
        ]
      ]
    },
    {
      "file_path": "/media/NFS/ttao/scannet/posed_images/scene0181_02/00412.jpg",
      "transform_matrix": [
        [
          0.742603,
          0.270396,
          -0.612721,
          6.069606
        ],
        [
          0.669732,
          -0.300157,
          0.679239,
          1.532285
        ],
        [
          -0.000249,
          -0.914763,
          -0.403991,
          1.385683
        ],
        [
          0.0,
          0.0,
          0.0,
          1.0
        ]
      ]
    },
    {
      "file_path": "/media/NFS/ttao/scannet/posed_images/scene0181_02/00423.jpg",
      "transform_matrix": [
        [
          0.844675,
          0.222832,
          -0.486694,
          5.954111
        ],
        [
          0.534961,
          -0.382805,
          0.753178,
          1.658749
        ],
        [
          -0.018476,
          -0.896553,
          -0.442552,
          1.41149
        ],
        [
          0.0,
          0.0,
          0.0,
          1.0
        ]
      ]
    },
    {
      "file_path": "/media/NFS/ttao/scannet/posed_images/scene0181_02/00425.jpg",
      "transform_matrix": [
        [
          0.861616,
          0.200335,
          -0.466352,
          5.936226
        ],
        [
          0.506926,
          -0.385632,
          0.770918,
          1.677753
        ],
        [
          -0.025398,
          -0.900641,
          -0.433821,
          1.41482
        ],
        [
          0.0,
          0.0,
          0.0,
          1.0
        ]
      ]
    },
    {
      "file_path": "/media/NFS/ttao/scannet/posed_images/scene0181_02/00433.jpg",
      "transform_matrix": [
        [
          0.925511,
          0.116889,
          -0.360231,
          5.824003
        ],
        [
          0.375465,
          -0.407641,
          0.832379,
          1.72964
        ],
        [
          -0.049549,
          -0.90563,
          -0.421164,
          1.433348
        ],
        [
          0.0,
          0.0,
          0.0,
          1.0
        ]
      ]
    },
    {
      "file_path": "/media/NFS/ttao/scannet/posed_images/scene0181_02/00439.jpg",
      "transform_matrix": [
        [
          0.958668,
          0.061638,
          -0.27777,
          5.749315
        ],
        [
          0.278809,
          -0.398224,
          0.87389,
          1.748935
        ],
        [
          -0.05675,
          -0.915215,
          -0.39895,
          1.435721
        ],
        [
          0.0,
          0.0,
          0.0,
          1.0
        ]
      ]
    },
    {
      "file_path": "/media/NFS/ttao/scannet/posed_images/scene0181_02/00445.jpg",
      "transform_matrix": [
        [
          0.983468,
          0.022851,
          -0.179635,
          5.63753
        ],
        [
          0.172241,
          -0.424229,
          0.889024,
          1.75833
        ],
        [
          -0.055891,
          -0.905267,
          -0.421151,
          1.419545
        ],
        [
          0.0,
          0.0,
          0.0,
          1.0
        ]
      ]
    },
    {
      "file_path": "/media/NFS/ttao/scannet/posed_images/scene0181_02/00452.jpg",
      "transform_matrix": [
        [
          0.997211,
          -0.020361,
          -0.071808,
          5.588426
        ],
        [
          0.055451,
          -0.441889,
          0.895355,
          1.819504
        ],
        [
          -0.049961,
          -0.896839,
          -0.439527,
          1.464028
        ],
        [
          0.0,
          0.0,
          0.0,
          1.0
        ]
      ]
    },
    {
      "file_path": "/media/NFS/ttao/scannet/posed_images/scene0181_02/00462.jpg",
      "transform_matrix": [
        [
          0.996328,
          -0.070994,
          0.047868,
          5.522315
        ],
        [
          -0.074091,
          -0.434595,
          0.897573,
          1.895267
        ],
        [
          -0.042919,
          -0.897824,
          -0.438259,
          1.421058
        ],
        [
          0.0,
          0.0,
          0.0,
          1.0
        ]
      ]
    },
    {
      "file_path": "/media/NFS/ttao/scannet/posed_images/scene0181_02/00470.jpg",
      "transform_matrix": [
        [
          0.987002,
          -0.136212,
          0.085281,
          5.480608
        ],
        [
          -0.138085,
          -0.447335,
          0.883643,
          1.999098
        ],
        [
          -0.082213,
          -0.883933,
          -0.460329,
          1.422447
        ],
        [
          0.0,
          0.0,
          0.0,
          1.0
        ]
      ]
    },
    {
      "file_path": "/media/NFS/ttao/scannet/posed_images/scene0181_02/00478.jpg",
      "transform_matrix": [
        [
          0.978949,
          -0.145198,
          0.143447,
          5.435717
        ],
        [
          -0.193342,
          -0.434447,
          0.879702,
          2.079534
        ],
        [
          -0.06541,
          -0.888917,
          -0.453374,
          1.427743
        ],
        [
          0.0,
          0.0,
          0.0,
          1.0
        ]
      ]
    },
    {
      "file_path": "/media/NFS/ttao/scannet/posed_images/scene0181_02/00485.jpg",
      "transform_matrix": [
        [
          0.971544,
          -0.145025,
          0.18727,
          5.311356
        ],
        [
          -0.233106,
          -0.445249,
          0.864532,
          2.121296
        ],
        [
          -0.041997,
          -0.883585,
          -0.466385,
          1.401762
        ],
        [
          0.0,
          0.0,
          0.0,
          1.0
        ]
      ]
    },
    {
      "file_path": "/media/NFS/ttao/scannet/posed_images/scene0181_02/00487.jpg",
      "transform_matrix": [
        [
          0.964649,
          -0.16593,
          0.20474,
          5.273688
        ],
        [
          -0.258577,
          -0.44593,
          0.856904,
          2.13445
        ],
        [
          -0.050887,
          -0.879553,
          -0.473072,
          1.401839
        ],
        [
          0.0,
          0.0,
          0.0,
          1.0
        ]
      ]
    },
    {
      "file_path": "/media/NFS/ttao/scannet/posed_images/scene0181_02/00495.jpg",
      "transform_matrix": [
        [
          0.956536,
          -0.155067,
          0.246969,
          5.165703
        ],
        [
          -0.291082,
          -0.456508,
          0.840756,
          2.198495
        ],
        [
          -0.01763,
          -0.876102,
          -0.481804,
          1.417936
        ],
        [
          0.0,
          0.0,
          0.0,
          1.0
        ]
      ]
    },
    {
      "file_path": "/media/NFS/ttao/scannet/posed_images/scene0181_02/00505.jpg",
      "transform_matrix": [
        [
          0.925283,
          -0.2063,
          0.318264,
          5.079284
        ],
        [
          -0.37846,
          -0.447106,
          0.810472,
          2.291599
        ],
        [
          -0.024903,
          -0.870366,
          -0.491776,
          1.373033
        ],
        [
          0.0,
          0.0,
          0.0,
          1.0
        ]
      ]
    },
    {
      "file_path": "/media/NFS/ttao/scannet/posed_images/scene0181_02/00511.jpg",
      "transform_matrix": [
        [
          0.902492,
          -0.239324,
          0.358096,
          5.049234
        ],
        [
          -0.429864,
          -0.448482,
          0.783633,
          2.353834
        ],
        [
          -0.026942,
          -0.861155,
          -0.507628,
          1.38935
        ],
        [
          0.0,
          0.0,
          0.0,
          1.0
        ]
      ]
    },
    {
      "file_path": "/media/NFS/ttao/scannet/posed_images/scene0181_02/00513.jpg",
      "transform_matrix": [
        [
          0.894352,
          -0.238657,
          0.378389,
          5.035406
        ],
        [
          -0.447265,
          -0.459163,
          0.767544,
          2.374267
        ],
        [
          -0.009437,
          -0.855694,
          -0.517396,
          1.386809
        ],
        [
          0.0,
          0.0,
          0.0,
          1.0
        ]
      ]
    },
    {
      "file_path": "/media/NFS/ttao/scannet/posed_images/scene0181_02/00524.jpg",
      "transform_matrix": [
        [
          0.823314,
          -0.278499,
          0.494562,
          4.891403
        ],
        [
          -0.566178,
          -0.464297,
          0.681081,
          2.481012
        ],
        [
          0.039944,
          -0.840754,
          -0.539942,
          1.36079
        ],
        [
          0.0,
          0.0,
          0.0,
          1.0
        ]
      ]
    },
    {
      "file_path": "/media/NFS/ttao/scannet/posed_images/scene0181_02/00528.jpg",
      "transform_matrix": [
        [
          0.780336,
          -0.338066,
          0.526106,
          4.826324
        ],
        [
          -0.625305,
          -0.433055,
          0.649197,
          2.50965
        ],
        [
          0.008361,
          -0.835568,
