{
  "frames": [
    {
      "file_path": "/media/NFS/ttao/scannet/posed_images/scene0686_00/00002.jpg",
      "transform_matrix": [
        [
          0.08753,
          0.566763,
          -0.819218,
          4.384894
        ],
        [
          0.99534,
          -0.083157,
          0.048817,
          2.445542
        ],
        [
          -0.040456,
          -0.819674,
          -0.571401,
          1.397192
        ],
        [
          0.0,
          0.0,
          0.0,
          1.0
        ]
      ]
    },
    {
      "file_path": "/media/NFS/ttao/scannet/posed_images/scene0686_00/00008.jpg",
      "transform_matrix": [
        [
          0.054251,
          0.577932,
          -0.814279,
          4.38108
        ],
        [
          0.997986,
          -0.05822,
          0.025168,
          2.460051
        ],
        [
          -0.032862,
          -0.814005,
          -0.579927,
          1.386944
        ],
        [
          0.0,
          0.0,
          0.0,
          1.0
        ]
      ]
    },
    {
      "file_path": "/media/NFS/ttao/scannet/posed_images/scene0686_00/00011.jpg",
      "transform_matrix": [
        [
          0.045867,
          0.578535,
          -0.814367,
          4.38011
        ],
        [
          0.998478,
          -0.051552,
          0.019613,
          2.474504
        ],
        [
          -0.030635,
          -0.814027,
          -0.580019,
          1.379222
        ],
        [
          0.0,
          0.0,
          0.0,
          1.0
        ]
      ]
    },
    {
      "file_path": "/media/NFS/ttao/scannet/posed_images/scene0686_00/00018.jpg",
      "transform_matrix": [
        [
          0.050745,
          0.585356,
          -0.809187,
          4.378642
        ],
        [
          0.998276,
          -0.053665,
          0.023782,
          2.499262
        ],
        [
          -0.029504,
          -0.808998,
          -0.58707,
          1.373037
        ],
        [
          0.0,
          0.0,
          0.0,
          1.0
        ]
      ]
    },
    {
      "file_path": "/media/NFS/ttao/scannet/posed_images/scene0686_00/00020.jpg",
      "transform_matrix": [
        [
          0.05265,
          0.587034,
          -0.807848,
          4.374525
        ],
        [
          0.998111,
          -0.056577,
          0.023938,
          2.50369
        ],
        [
          -0.031654,
          -0.807583,
          -0.588904,
          1.381202
        ],
        [
          0.0,
          0.0,
          0.0,
          1.0
        ]
      ]
    },
    {
      "file_path": "/media/NFS/ttao/scannet/posed_images/scene0686_00/00026.jpg",
      "transform_matrix": [
        [
          0.00818,
          0.555057,
          -0.831772,
          4.369462
        ],
        [
          0.998756,
          -0.045459,
          -0.020513,
          2.503959
        ],
        [
          -0.049198,
          -0.830569,
          -0.554738,
          1.407853
        ],
        [
          0.0,
          0.0,
          0.0,
          1.0
        ]
      ]
    },
    {
      "file_path": "/media/NFS/ttao/scannet/posed_images/scene0686_00/00034.jpg",
      "transform_matrix": [
        [
          -0.007086,
          0.534451,
          -0.84517,
          4.358704
        ],
        [
          0.995472,
          -0.076354,
          -0.05663,
          2.48175
        ],
        [
          -0.094797,
          -0.841744,
          -0.531489,
          1.427588
        ],
        [
          0.0,
          0.0,
          0.0,
          1.0
        ]
      ]
    },
    {
      "file_path": "/media/NFS/ttao/scannet/posed_images/scene0686_00/00035.jpg",
      "transform_matrix": [
        [
          -0.011642,
          0.534532,
          -0.845068,
          4.356795
        ],
        [
          0.995038,
          -0.077318,
          -0.062615,
          2.479407
        ],
        [
          -0.098809,
          -0.841604,
          -0.53098,
          1.427238
        ],
        [
          0.0,
          0.0,
          0.0,
          1.0
        ]
      ]
    },
    {
      "file_path": "/media/NFS/ttao/scannet/posed_images/scene0686_00/00043.jpg",
      "transform_matrix": [
        [
          -0.029006,
          0.532428,
          -0.845978,
          4.323767
        ],
        [
          0.9953,
          -0.062849,
          -0.07368,
          2.46497
        ],
        [
          -0.092398,
          -0.844139,
          -0.528103,
          1.439615
        ],
        [
          0.0,
          0.0,
          0.0,
          1.0
        ]
      ]
    },
    {
      "file_path": "/media/NFS/ttao/scannet/posed_images/scene0686_00/00046.jpg",
      "transform_matrix": [
        [
          -0.028965,
          0.526124,
          -0.849915,
          4.312491
        ],
        [
          0.995598,
          -0.060638,
          -0.071467,
          2.462987
        ],
        [
          -0.089137,
          -0.848244,
          -0.522051,
          1.442695
        ],
        [
          0.0,
          0.0,
          0.0,
          1.0
        ]
      ]
    },
    {
      "file_path": "/media/NFS/ttao/scannet/posed_images/scene0686_00/00050.jpg",
      "transform_matrix": [
        [
          -0.038217,
          0.528665,
          -0.84797,
          4.303175
        ],
        [
          0.994803,
          -0.060012,
          -0.082249,
          2.466709
        ],
        [
          -0.09437,
          -0.846707,
          -0.523624,
          1.449326
        ],
        [
          0.0,
          0.0,
          0.0,
          1.0
        ]
      ]
    },
    {
      "file_path": "/media/NFS/ttao/scannet/posed_images/scene0686_00/00055.jpg",
      "transform_matrix": [
        [
          -0.081783,
          0.522793,
          -0.848527,
          4.293986
        ],
        [
          0.992548,
          -0.034442,
          -0.116885,
          2.4971
        ],
        [
          -0.090332,
          -0.851764,
          -0.516081,
          1.453128
        ],
        [
          0.0,
          0.0,
          0.0,
          1.0
        ]
      ]
    },
    {
      "file_path": "/media/NFS/ttao/scannet/posed_images/scene0686_00/00061.jpg",
      "transform_matrix": [
        [
          -0.170973,
          0.492615,
          -0.853287,
          4.292975
        ],
        [
          0.983416,
          0.032139,
          -0.178493,
          2.570697
        ],
        [
          -0.060504,
          -0.869654,
          -0.489941,
          1.463579
        ],
        [
          0.0,
          0.0,
          0.0,
          1.0
        ]
      ]
    },
    {
      "file_path": "/media/NFS/ttao/scannet/posed_images/scene0686_00/00067.jpg",
      "transform_matrix": [
        [
          -0.223654,
          0.466274,
          -0.855901,
          4.297709
        ],
        [
          0.971772,
          0.039028,
          -0.232671,
          2.621685
        ],
        [
          -0.075084,
          -0.883779,
          -0.461841,
          1.47673
        ],
        [
          0.0,
          0.0,
          0.0,
          1.0
        ]
      ]
    },
    {
      "file_path": "/media/NFS/ttao/scannet/posed_images/scene0686_00/00073.jpg",
      "transform_matrix": [
        [
          -0.291257,
          0.431498,
          -0.853803,
          4.314473
        ],
        [
          0.952626,
          0.049101,
          -0.300154,
          2.63264
        ],
        [
          -0.087593,
          -0.900777,
          -0.425357,
          1.482241
        ],
        [
          0.0,
          0.0,
          0.0,
          1.0
        ]
      ]
    },
    {
      "file_path": "/media/NFS/ttao/scannet/posed_images/scene0686_00/00079.jpg",
      "transform_matrix": [
        [
          -0.336724,
          0.421265,
          -0.842112,
          4.341077
        ],
        [
          0.938072,
          0.0727,
          -0.338727,
          2.611174
        ],
        [
          -0.081472,
          -0.904019,
          -0.419657,
          1.483068
        ],
        [
          0.0,
          0.0,
          0.0,
          1.0
        ]
      ]
    },
    {
      "file_path": "/media/NFS/ttao/scannet/posed_images/scene0686_00/00084.jpg",
      "transform_matrix": [
        [
          -0.364159,
          0.421393,
          -0.830552,
          4.376443
        ],
        [
          0.928644,
          0.096528,
          -0.358193,
          2.580586
        ],
        [
          -0.070768,
          -0.901727,
          -0.426476,
          1.480449
        ],
        [
          0.0,
          0.0,
          0.0,
          1.0
        ]
      ]
    },
    {
      "file_path": "/media/NFS/ttao/scannet/posed_images/scene0686_00/00085.jpg",
      "transform_matrix": [
        [
          -0.365006,
          0.425086,
          -0.828295,
          4.38276
        ],
        [
          0.928283,
          0.098182,
          -0.35868,
          2.574812
        ],
        [
          -0.071147,
          -0.899813,
          -0.430437,
          1.479138
        ],
        [
          0.0,
          0.0,
          0.0,
          1.0
        ]
      ]
    },
    {
      "file_path": "/media/NFS/ttao/scannet/posed_images/scene0686_00/00093.jpg",
      "transform_matrix": [
        [
          -0.394146,
          0.419903,
          -0.817515,
          4.448944
        ],
        [
          0.915487,
          0.10115,
          -0.389427,
          2.536249
        ],
        [
          -0.08083,
          -0.901915,
          -0.424284,
          1.468196
        ],
        [
          0.0,
          0.0,
          0.0,
          1.0
        ]
      ]
    },
    {
      "file_path": "/media/NFS/ttao/scannet/posed_images/scene0686_00/00099.jpg",
      "transform_matrix": [
        [
          -0.415986,
          0.390066,
          -0.821465,
          4.518135
        ],
        [
          0.90767,
          0.122873,
          -0.401295,
          2.498505
        ],
        [
          -0.055596,
          -0.912552,
          -0.405165,
          1.462301
        ],
        [
          0.0,
          0.0,
          0.0,
          1.0
        ]
      ]
    },
    {
      "file_path": "/media/NFS/ttao/scannet/posed_images/scene0686_00/00101.jpg",
      "transform_matrix": [
        [
          -0.413508,
          0.385341,
          -0.824938,
          4.53455
        ],
        [
          0.909259,
          0.127476,
          -0.396229,
          2.492594
        ],
        [
          -0.047524,
          -0.913927,
          -0.403087,
          1.463142
        ],
        [
          0.0,
          0.0,
          0.0,
          1.0
        ]
      ]
    },
    {
      "file_path": "/media/NFS/ttao/scannet/posed_images/scene0686_00/00110.jpg",
      "transform_matrix": [
        [
          -0.432024,
          0.318528,
          -0.843739,
          4.621682
        ],
        [
          0.901838,
          0.145808,
          -0.406728,
          2.472714
        ],
        [
          -0.00653,
          -0.936632,
          -0.350253,
          1.460313
        ],
        [
          0.0,
          0.0,
          0.0,
          1.0
        ]
      ]
    },
    {
      "file_path": "/media/NFS/ttao/scannet/posed_images/scene0686_00/00113.jpg",
      "transform_matrix": [
        [
          -0.438098,
          0.31405,
          -0.842284,
          4.638162
        ],
        [
          0.898925,
          0.155316,
          -0.409648,
          2.467677
        ],
        [
          0.00217,
          -0.936616,
          -0.350351,
          1.455169
        ],
        [
          0.0,
          0.0,
          0.0,
          1.0
        ]
      ]
    },
    {
      "file_path": "/media/NFS/ttao/scannet/posed_images/scene0686_00/00119.jpg",
      "transform_matrix": [
        [
          -0.419192,
          0.310764,
          -0.853056,
          4.658347
        ],
        [
          0.907819,
          0.155825,
          -0.389336,
          2.465937
        ],
        [
          0.011936,
          -0.937627,
          -0.347438,
          1.453209
        ],
        [
          0.0,
          0.0,
          0.0,
          1.0
        ]
      ]
    },
    {
      "file_path": "/media/NFS/ttao/scannet/posed_images/scene0686_00/00123.jpg",
      "transform_matrix": [
        [
          -0.407717,
          0.306077,
          -0.860281,
          4.673473
        ],
        [
          0.912892,
          0.157142,
          -0.376742,
          2.46905
        ],
        [
          0.019874,
          -0.938948,
          -0.343484,
          1.444956
        ],
        [
          0.0,
          0.0,
          0.0,
          1.0
        ]
      ]
    },
    {
      "file_path": "/media/NFS/ttao/scannet/posed_images/scene0686_00/00129.jpg",
      "transform_matrix": [
        [
          -0.402508,
          0.321194,
          -0.857218,
          4.686624
        ],
        [
          0.91519,
          0.162032,
          -0.369016,
          2.468612
        ],
        [
          0.020371,
          -0.933049,
          -0.359173,
          1.440889
        ],
        [
          0.0,
          0.0,
          0.0,
          1.0
        ]
      ]
    },
    {
      "file_path": "/media/NFS/ttao/scannet/posed_images/scene0686_00/00131.jpg",
      "transform_matrix": [
        [
          -0.399084,
          0.321233,
          -0.858802,
          4.694196
        ],
        [
          0.916713,
          0.159407,
          -0.36637,
          2.463435
        ],
        [
          0.019209,
          -0.933488,
          -0.358095,
          1.430008
        ],
        [
          0.0,
          0.0,
          0.0,
          1.0
        ]
      ]
    },
    {
      "file_path": "/media/NFS/ttao/scannet/posed_images/scene0686_00/00137.jpg",
      "transform_matrix": [
        [
          -0.396906,
          0.343123,
          -0.851312,
          4.699686
        ],
        [
          0.917848,
          0.152975,
          -0.36627,
          2.463932
        ],
        [
          0.004554,
          -0.92675,
          -0.375652,
          1.424599
        ],
        [
          0.0,
          0.0,
          0.0,
          1.0
        ]
      ]
    },
    {
      "file_path": "/media/NFS/ttao/scannet/posed_images/scene0686_00/00142.jpg",
      "transform_matrix": [
        [
          -0.404374,
          0.346681,
          -0.846341,
          4.696655
        ],
        [
          0.914387,
          0.172898,
          -0.366063,
          2.45637
        ],
        [
          0.019423,
          -0.921911,
          -0.386916,
          1.404925
        ],
        [
          0.0,
          0.0,
          0.0,
          1.0
        ]
      ]
    },
    {
      "file_path": "/media/NFS/ttao/scannet/posed_images/scene0686_00/00149.jpg",
      "transform_matrix": [
        [
          -0.417388,
          0.380564,
          -0.825202,
          4.683928
        ],
        [
          0.908214,
          0.205249,
          -0.364719,
          2.438541
        ],
        [
          0.030573,
          -0.901689,
          -0.431302,
          1.39075
        ],
        [
          0.0,
          0.0,
          0.0,
          1.0
        ]
      ]
    },
    {
      "file_path": "/media/NFS/ttao/scannet/posed_images/scene0686_00/00152.jpg",
      "transform_matrix": [
        [
          -0.427115,
          0.382391,
          -0.819359,
          4.680745
        ],
        [
          0.903771,
          0.208366,
          -0.373874,
          2.429824
        ],
        [
          0.02776,
          -0.9002,
          -0.434591,
          1.385654
        ],
        [
          0.0,
          0.0,
          0.0,
          1.0
        ]
      ]
    },
    {
      "file_path": "/media/NFS/ttao/scannet/posed_images/scene0686_00/00160.jpg",
      "transform_matrix": [
        [
          -0.443174,
          0.413699,
          -0.795267,
          4.690748
        ],
        [
          0.895735,
          0.239423,
          -0.374613,
          2.387707
        ],
        [
          0.035428,
          -0.878368,
          -0.476671,
          1.365606
        ],
        [
          0.0,
          0.0,
          0.0,
          1.0
        ]
      ]
    },
    {
      "file_path": "/media/NFS/ttao/scannet/posed_images/scene0686_00/00161.jpg",
      "transform_matrix": [
        [
          -0.441724,
          0.414203,
          -0.795811,
          4.692564
        ],
        [
          0.89635,
          0.241236,
          -0.371971,
          2.381402
        ],
        [
          0.037907,
          -0.877634,
          -0.477831,
          1.362608
        ],
        [
          0.0,
          0.0,
          0.0,
          1.0
        ]
      ]
    },
    {
      "file_path": "/media/NFS/ttao/scannet/posed_images/scene0686_00/00168.jpg",
      "transform_matrix": [
        [
          -0.375686,
          0.47566,
          -0.795366,
          4.726717
        ],
        [
          0.926702,
          0.184329,
          -0.327485,
          2.297655
        ],
        [
          -0.009162,
          -0.860099,
          -0.510044,
          1.362556
        ],
        [
          0.0,
          0.0,
          0.0,
          1.0
        ]
      ]
    },
    {
      "file_path": "/media/NFS/ttao/scannet/posed_images/scene0686_00/00172.jpg",
      "transform_matrix": [
        [
          -0.340304,
          0.498332,
          -0.797407,
          4.761477
        ],
        [
          0.940116,
          0.162845,
          -0.299439,
          2.241805
        ],
        [
          -0.019366,
          -0.851556,
          -0.523906,
          1.352557
        ],
        [
          0.0,
          0.0,
          0.0,
          1.0
        ]
      ]
    },
    {
      "file_path": "/media/NFS/ttao/scannet/posed_images/scene0686_00/00177.jpg",
      "transform_matrix": [
        [
          -0.316501,
          0.507773,
          -0.801245,
          4.790961
        ],
        [
          0.94836,
          0.150708,
          -0.279105,
          2.180367
        ],
        [
          -0.020968,
          -0.848207,
          -0.529251,
          1.357032
        ],
        [
          0.0,
          0.0,
          0.0,
          1.0
        ]
      ]
    },
    {
      "file_path": "/media/NFS/ttao/scannet/posed_images/scene0686_00/00186.jpg",
      "transform_matrix": [
        [
          -0.316143,
          0.445539,
          -0.837585,
          4.803886
        ],
        [
          0.948152,
          0.178688,
          -0.262827,
          2.096742
        ],
        [
          0.032567,
          -0.877249,
          -0.47893,
          1.38547
        ],
        [
          0.0,
          0.0,
          0.0,
          1.0
        ]
      ]
    },
    {
      "file_path": "/media/NFS/ttao/scannet/posed_images/scene0686_00/00190.jpg",
      "transform_matrix": [
        [
          -0.315247,
          0.435811,
          -0.843023,
          4.796009
        ],
        [
          0.948173,
          0.181936,
          -0.260514,
          2.067714
        ],
        [
          0.039842,
          -0.881458,
          -0.470579,
          1.379791
        ],
        [
          0.0,
          0.0,
          0.0,
          1.0
        ]
      ]
    },
    {
      "file_path": "/media/NFS/ttao/scannet/posed_images/scene0686_00/00192.jpg",
      "transform_matrix": [
        [
          -0.322139,
          0.435214,
          -0.840723,
          4.784879
        ],
        [
          0.94605,
          0.18069,
          -0.268961,
          2.058369
        ],
        [
          0.034854,
          -0.882009,
          -0.469942,
          1.382997
        ],
        [
          0.0,
          0.0,
          0.0,
          1.0
        ]
      ]
    },
    {
      "file_path": "/media/NFS/ttao/scannet/posed_images/scene0686_00/00200.jpg",
      "transform_matrix": [
        [
          -0.33045,
          0.399278,
          -0.855208,
          4.725837
        ],
        [
          0.943783,
          0.148214,
          -0.295477,
          2.026934
        ],
        [
          0.008776,
          -0.904771,
          -0.425808,
          1.393114
        ],
        [
          0.0,
          0.0,
          0.0,
          1.0
        ]
      ]
    },
    {
      "file_path": "/media/NFS/ttao/scannet/posed_images/scene0686_00/00203.jpg",
      "transform_matrix": [
        [
          -0.326611,
          0.390887,
          -0.860542,
          4.69515
        ],
        [
          0.945146,
          0.139857,
          -0.295194,
          2.017827
        ],
        [
          0.004965,
          -0.909751,
          -0.415124,
          1.3976
        ],
        [
          0.0,
          0.0,
          0.0,
          1.0
        ]
      ]
    },
    {
      "file_path": "/media/NFS/ttao/scannet/posed_images/scene0686_00/00207.jpg",
      "transform_matrix": [
        [
          -0.344705,
          0.393927,
          -0.852056,
          4.64636
        ],
        [
          0.938605,
          0.130991,
          -0.319158,
          2.00932
        ],
        [
          -0.014113,
          -0.90976,
          -0.414896,
          1.391192
        ],
        [
          0.0,
          0.0,
          0.0,
          1.0
        ]
      ]
    },
    {
      "file_path": "/media/NFS/ttao/scannet/posed_images/scene0686_00/00216.jpg",
      "transform_matrix": [
        [
          -0.317326,
          0.395599,
          -0.861862,
          4.576897
        ],
        [
          0.948187,
          0.117335,
          -0.295252,
          1.992747
        ],
        [
          -0.015675,
          -0.910897,
          -0.412336,
          1.405067
        ],
        [
          0.0,
          0.0,
          0.0,
          1.0
        ]
      ]
    },
    {
      "file_path": "/media/NFS/ttao/scannet/posed_images/scene0686_00/00221.jpg",
      "transform_matrix": [
        [
          -0.265558,
          0.410015,
          -0.872564,
          4.546357
        ],
        [
          0.964063,
          0.105562,
          -0.243801,
          1.96208
        ],
        [
          -0.007852,
          -0.90595,
          -0.423313,
          1.40292
        ],
        [
          0.0,
          0.0,
          0.0,
          1.0
        ]
      ]
    },
    {
      "file_path": "/media/NFS/ttao/scannet/posed_images/scene0686_00/00224.jpg",
      "transform_matrix": [
        [
          -0.254514,
          0.402829,
          -0.879176,
          4.522661
        ],
        [
          0.967052,
          0.100626,
          -0.233848,
          1.938765
        ],
        [
          -0.005733,
          -0.909727,
          -0.415168,
          1.404647
        ],
        [
          0.0,
          0.0,
          0.0,
          1.0
        ]
      ]
    },
    {
      "file_path": "/media/NFS/ttao/scannet/posed_images/scene0686_00/00227.jpg",
      "transform_matrix": [
        [
          -0.254306,
          0.401396,
          -0.879892,
          4.505107
        ],
        [
          0.967114,
          0.101502,
          -0.233211,
          1.915323
        ],
        [
          -0.004299,
          -0.910263,
          -0.414008,
          1.40133
        ],
        [
          0.0,
          0.0,
          0.0,
          1.0
        ]
      ]
    },
    {
      "file_path": "/media/NFS/ttao/scannet/posed_images/scene0686_00/00233.jpg",
      "transform_matrix": [
        [
          -0.244984,
          0.421246,
          -0.873232,
          4.471795
        ],
        [
          0.969472,
          0.096859,
          -0.22526,
          1.871398
        ],
        [
          -0.010309,
          -0.90176,
          -0.432115,
          1.407419
        ],
        [
          0.0,
          0.0,
          0.0,
          1.0
        ]
      ]
    },
    {
      "file_path": "/media/NFS/ttao/scannet/posed_images/scene0686_00/00241.jpg",
      "transform_matrix": [
        [
          -0.224135,
          0.443501,
          -0.867796,
          4.419464
        ],
        [
          0.974498,
          0.092122,
          -0.204614,
          1.837616
        ],
        [
          -0.010804,
          -0.891527,
          -0.452839,
          1.407909
        ],
        [
          0.0,
          0.0,
          0.0,
          1.0
        ]
      ]
    },
    {
      "file_path": "/media/NFS/ttao/scannet/posed_images/scene0686_00/00247.jpg",
      "transform_matrix": [
        [
          -0.207932,
          0.434422,
          -0.87638,
          4.367781
        ],
        [
          0.977897,
          0.072202,
          -0.196227,
          1.828679
        ],
        [
          -0.021969,
          -0.897811,
          -0.439833,
          1.408487
        ],
        [
          0.0,
          0.0,
          0.0,
          1.0
        ]
      ]
    },
    {
      "file_path": "/media/NFS/ttao/scannet/posed_images/scene0686_00/00248.jpg",
      "transform_matrix": [
        [
          -0.20399,
          0.43602,
          -0.876513,
          4.356453
        ],
        [
          0.9787,
          0.069688,
          -0.193105,
          1.826998
        ],
        [
          -0.023115,
          -0.897235,
          -0.440949,
          1.409696
        ],
        [
          0.0,
          0.0,
          0.0,
          1.0
        ]
      ]
    },
    {
      "file_path": "/media/NFS/ttao/scannet/posed_images/scene0686_00/00256.jpg",
      "transform_matrix": [
        [
          -0.182568,
          0.403415,
          -0.896618,
          4.260504
        ],
        [
          0.98309,
          0.088121,
          -0.160527,
          1.810207
        ],
        [
          0.014253,
          -0.910764,
          -0.412682,
          1.411376
        ],
        [
          0.0,
          0.0,
          0.0,
          1.0
        ]
      ]
    },
    {
      "file_path": "/media/NFS/ttao/scannet/posed_images/scene0686_00/00262.jpg",
      "transform_matrix": [
        [
          -0.195972,
          0.404034,
          -0.893505,
          4.2155
        ],
        [
          0.979921,
          0.114826,
          -0.163002,
          1.777943
        ],
        [
          0.036739,
          -0.907509,
          -0.418424,
          1.411357
        ],
        [
          0.0,
          0.0,
          0.0,
          1.0
        ]
      ]
    },
    {
      "file_path": "/media/NFS/ttao/scannet/posed_images/scene0686_00/00263.jpg",
      "transform_matrix": [
        [
          -0.194313,
          0.404686,
          -0.893573,
          4.202108
        ],
        [
          0.98,
          0.119961,
          -0.158778,
          1.768533
        ],
        [
          0.042939,
          -0.906553,
          -0.419902,
          1.407929
        ],
        [
          0.0,
          0.0,
          0.0,
          1.0
        ]
      ]
    },
    {
      "file_path": "/media/NFS/ttao/scannet/posed_images/scene0686_00/00268.jpg",
      "transform_matrix": [
        [
          -0.163461,
          0.407157,
          -0.898612,
          4.169075
        ],
        [
          0.986258,
          0.089588,
          -0.138813,
          1.74785
        ],
        [
          0.023986,
          -0.908954,
          -0.416206,
          1.410699
        ],
        [
          0.0,
          0.0,
          0.0,
          1.0
        ]
      ]
    },
    {
      "file_path": "/media/NFS/ttao/scannet/posed_images/scene0686_00/00273.jpg",
      "transform_matrix": [
        [
          -0.086297,
          0.413833,
          -0.906253,
          4.139715
        ],
        [
          0.995923,
          0.059814,
          -0.067522,
          1.705777
        ],
        [
          0.026263,
          -0.908386,
          -0.417307,
          1.415632
        ],
        [
          0.0,
          0.0,
          0.0,
          1.0
        ]
      ]
    },
    {
      "file_path": "/media/NFS/ttao/scannet/posed_images/scene0686_00/00279.jpg",
      "transform_matrix": [
        [
          0.026708,
          0.474683,
          -0.879751,
          4.104472
        ],
        [
          0.998776,
          0.023989,
          0.043265,
          1.621516
        ],
        [
          0.041641,
          -0.87983,
          -0.473462,
          1.423381
        ],
        [
          0.0,
          0.0,
          0.0,
          1.0
        ]
      ]
    },
    {
      "file_path": "/media/NFS/ttao/scannet/posed_images/scene0686_00/00285.jpg",
      "transform_matrix": [
        [
          0.122714,
          0.501999,
          -0.856118,
          4.08137
        ],
        [
          0.991417,
          -0.022814,
          0.12873,
          1.550183
        ],
        [
          0.045091,
          -0.864567,
          -0.50049,
          1.420309
        ],
        [
          0.0,
          0.0,
          0.0,
          1.0
        ]
      ]
    },
    {
      "file_path": "/media/NFS/ttao/scannet/posed_images/scene0686_00/00289.jpg",
      "transform_matrix": [
        [
          0.16892,
          0.501035,
          -0.848781,
          4.068572
        ],
        [
          0.983597,
          -0.030409,
          0.1778,
          1.499873
        ],
        [
          0.063274,
          -0.864892,
          -0.497953,
          1.417848
        ],
        [
          0.0,
          0.0,
          0.0,
          1.0
        ]
      ]
    },
    {
      "file_path": "/media/NFS/ttao/scannet/posed_images/scene0686_00/00295.jpg",
      "transform_matrix": [
        [
          0.187188,
          0.510901,
          -0.839012,
          4.059671
        ],
        [
          0.98016,
          -0.040473,
          0.194034,
          1.446044
        ],
        [
          0.065174,
          -0.858686,
          -0.508341,
          1.397785
        ],
        [
          0.0,
          0.0,
          0.0,
          1.0
        ]
      ]
    },
    {
      "file_path": "/media/NFS/ttao/scannet/posed_images/scene0686_00/00299.jpg",
      "transform_matrix": [
        [
          0.186332,
          0.528536,
          -0.828209,
          4.058807
        ],
        [
          0.980956,
          -0.053049,
          0.186843,
          1.419081
        ],
        [
          0.054817,
          -0.847252,
          -0.528355,
          1.382471
        ],
        [
          0.0,
          0.0,
          0.0,
          1.0
        ]
      ]
    },
    {
      "file_path": "/media/NFS/ttao/scannet/posed_images/scene0686_00/00308.jpg",
      "transform_matrix": [
        [
          0.175754,
          0.602192,
          -0.778765,
          4.052784
        ],
        [
          0.98385,
          -0.080203,
          0.160021,
          1.396925
        ],
        [
          0.033904,
          -0.794313,
          -0.606562,
          1.354869
        ],
        [
          0.0,
          0.0,
          0.0,
          1.0
        ]
      ]
    },
    {
      "file_path": "/media/NFS/ttao/scannet/posed_images/scene0686_00/00312.jpg",
      "transform_matrix": [
        [
          0.193162,
          0.606668,
          -0.77113,
          4.051096
        ],
        [
          0.981088,
          -0.109462,
          0.159639,
          1.402543
        ],
        [
          0.012439,
          -0.787383,
          -0.616339,
          1.352527
        ],
        [
          0.0,
          0.0,
          0.0,
          1.0
        ]
      ]
    },
    {
      "file_path": "/media/NFS/ttao/scannet/posed_images/scene0686_00/00314.jpg",
      "transform_matrix": [
        [
          0.196393,
          0.605707,
          -0.77107,
          4.049681
        ],
        [
          0.980487,
          -0.114345,
          0.159909,
          1.408217
        ],
        [
          0.00869,
          -0.78743,
          -0.616344,
          1.357955
        ],
        [
          0.0,
          0.0,
          0.0,
          1.0
        ]
      ]
    },
    {
      "file_path": "/media/NFS/ttao/scannet/posed_images/scene0686_00/00323.jpg",
      "transform_matrix": [
        [
          0.137747,
          0.498448,
          -0.855906,
          4.049697
        ],
        [
          0.990335,
          -0.083443,
          0.110788,
          1.434058
        ],
        [
          -0.016197,
          -0.862894,
          -0.505125,
          1.420511
        ],
        [
          0.0,
          0.0,
          0.0,
          1.0
        ]
      ]
    },
    {
      "file_path": "/media/NFS/ttao/scannet/posed_images/scene0686_00/00327.jpg",
      "transform_matrix": [
        [
          0.109203,
          0.441475,
          -0.890603,
          4.047608
        ],
        [
          0.993832,
          -0.065911,
          0.089188,
          1.449049
        ],
        [
          -0.019326,
          -0.89485,
          -0.44595,
          1.451719
        ],
        [
          0.0,
          0.0,
          0.0,
          1.0
        ]
      ]
    },
    {
      "file_path": "/media/NFS/ttao/scannet/posed_images/scene0686_00/00329.jpg",
      "transform_matrix": [
        [
          0.107377,
          0.422594,
          -0.899936,
          4.047791
        ],
        [
          0.993946,
          -0.066834,
          0.087209,
          1.457793
        ],
        [
          -0.023293,
          -0.903852,
          -0.427211,
          1.465854
        ],
        [
          0.0,
          0.0,
          0.0,
          1.0
        ]
      ]
    },
    {
      "file_path": "/media/NFS/ttao/scannet/posed_images/scene0686_00/00335.jpg",
      "transform_matrix": [
        [
          0.099843,
          0.368366,
          -0.924304,
          4.044904
        ],
        [
          0.994054,
          -0.077499,
          0.076492,
          1.476333
        ],
        [
          -0.043455,
          -0.926445,
          -0.373914,
          1.509466
        ],
        [
          0.0,
          0.0,
          0.0,
          1.0
        ]
      ]
    },
    {
      "file_path": "/media/NFS/ttao/scannet/posed_images/scene0686_00/00341.jpg",
      "transform_matrix": [
        [
          0.081976,
          0.322109,
          -0.943147,
          4.052405
        ],
        [
          0.995457,
          -0.072458,
          0.061776,
          1.488309
        ],
        [
          -0.04844,
          -0.943926,
          -0.326585,
          1.528263
        ],
        [
          0.0,
          0.0,
          0.0,
          1.0
        ]
      ]
    },
    {
      "file_path": "/media/NFS/ttao/scannet/posed_images/scene0686_00/00347.jpg",
      "transform_matrix": [
        [
          0.098546,
          0.295857,
          -0.950135,
          4.054259
        ],
        [
          0.99497,
          -0.046547,
          0.088702,
          1.486816
        ],
        [
          -0.017983,
          -0.954098,
          -0.298956,
          1.539198
        ],
        [
          0.0,
          0.0,
          0.0,
          1.0
        ]
      ]
    },
    {
      "file_path": "/media/NFS/ttao/scannet/posed_images/scene0686_00/00349.jpg",
      "transform_matrix": [
        [
          0.109154,
          0.290728,
          -0.950559,
          4.052086
        ],
        [
          0.993735,
          -0.054992,
          0.097293,
          1.483725
        ],
        [
          -0.023987,
          -0.955224,
          -0.294909,
          1.546156
        ],
        [
          0.0,
          0.0,
          0.0,
          1.0
        ]
      ]
    },
    {
      "file_path": "/media/NFS/ttao/scannet/posed_images/scene0686_00/00355.jpg",
      "transform_matrix": [
        [
          0.168315,
          0.281099,
          -0.944803,
          4.044661
        ],
        [
          0.985664,
          -0.059353,
          0.157936,
          1.462829
        ],
        [
          -0.011682,
          -0.957842,
          -0.28706,
          1.559562
        ],
        [
          0.0,
          0.0,
          0.0,
          1.0
        ]
      ]
    },
    {
      "file_path": "/media/NFS/ttao/scannet/posed_images/scene0686_00/00362.jpg",
      "transform_matrix": [
        [
          0.303998,
          0.269446,
          -0.913775,
          4.030662
        ],
        [
          0.952481,
          -0.066711,
          0.297204,
          1.433892
        ],
        [
          0.019122,
          -0.960702,
          -0.276922,
          1.552264
        ],
        [
          0.0,
          0.0,
          0.0,
          1.0
        ]
      ]
    },
    {
      "file_path": "/media/NFS/ttao/scannet/posed_images/scene0686_00/00366.jpg",
      "transform_matrix": [
        [
          0.360659,
          0.262981,
          -0.894855,
          4.026154
        ],
        [
          0.931643,
          -0.055966,
          0.359039,
          1.408531
        ],
        [
          0.044338,
          -0.963176,
          -0.265189,
          1.544276
        ],
        [
          0.0,
          0.0,
          0.0,
          1.0
        ]
      ]
    },
    {
      "file_path": "/media/NFS/ttao/scannet/posed_images/scene0686_00/00372.jpg",
      "transform_matrix": [
        [
          0.386637,
          0.269932,
          -0.881844,
          4.028449
        ],
        [
          0.920004,
          -0.046468,
          0.389144,
          1.398305
        ],
        [
          0.064065,
          -0.961758,
          -0.266305,
          1.525621
        ],
        [
          0.0,
          0.0,
          0.0,
          1.0
        ]
      ]
    },
    {
      "file_path": "/media/NFS/ttao/scannet/posed_images/scene0686_00/00376.jpg",
      "transform_matrix": [
        [
          0.398613,
          0.274921,
          -0.874943,
          4.032573
        ],
        [
          0.914654,
          -0.049267,
          0.401224,
          1.398258
        ],
        [
          0.067199,
          -0.960204,
          -0.271096,
          1.516683
        ],
        [
          0.0,
          0.0,
          0.0,
          1.0
        ]
      ]
    },
    {
      "file_path": "/media/NFS/ttao/scannet/posed_images/scene0686_00/00379.jpg",
      "transform_matrix": [
        [
          0.390586,
          0.283509,
          -0.875823,
          4.037667
        ],
        [
          0.917924,
          -0.047904,
          0.393854,
          1.404253
        ],
        [
          0.069706,
          -0.957773,
          -0.27895,
          1.509068
        ],
        [
          0.0,
          0.0,
          0.0,
          1.0
        ]
      ]
    },
    {
      "file_path": "/media/NFS/ttao/scannet/posed_images/scene0686_00/00387.jpg",
      "transform_matrix": [
        [
          0.307183,
          0.300304,
          -0.903026,
          4.04627
        ],
        [
          0.951118,
          -0.065149,
          0.301877,
          1.434259
        ],
        [
          0.031824,
          -0.951616,
          -0.305637,
          1.496122
        ],
        [
          0.0,
          0.0,
          0.0,
          1.0
        ]
      ]
    },
    {
      "file_path": "/media/NFS/ttao/scannet/posed_images/scene0686_00/00393.jpg",
      "transform_matrix": [
        [
          0.159655,
          0.328833,
          -0.930795,
          4.058417
        ],
        [
          0.987164,
          -0.049077,
          0.151986,
          1.462765
        ],
        [
          0.004297,
          -0.943112,
          -0.332447,
