{
  "frames": [
    {
      "file_path": "/media/NFS/ttao/scannet/posed_images/scene0567_00/00003.jpg",
      "transform_matrix": [
        [
          -0.482149,
          0.454378,
          -0.749048,
          4.138291
        ],
        [
          0.876068,
          0.255997,
          -0.40862,
          3.212887
        ],
        [
          0.006086,
          -0.853233,
          -0.521495,
          1.469723
        ],
        [
          0.0,
          0.0,
          0.0,
          1.0
        ]
      ]
    },
    {
      "file_path": "/media/NFS/ttao/scannet/posed_images/scene0567_00/00010.jpg",
      "transform_matrix": [
        [
          -0.482499,
          0.440602,
          -0.75701,
          4.156212
        ],
        [
          0.875882,
          0.2478,
          -0.414037,
          3.230473
        ],
        [
          0.005162,
          -0.862824,
          -0.505479,
          1.465381
        ],
        [
          0.0,
          0.0,
          0.0,
          1.0
        ]
      ]
    },
    {
      "file_path": "/media/NFS/ttao/scannet/posed_images/scene0567_00/00016.jpg",
      "transform_matrix": [
        [
          -0.495275,
          0.441529,
          -0.748168,
          4.15775
        ],
        [
          0.868728,
          0.255489,
          -0.424308,
          3.225197
        ],
        [
          0.003804,
          -0.860103,
          -0.510106,
          1.460067
        ],
        [
          0.0,
          0.0,
          0.0,
          1.0
        ]
      ]
    },
    {
      "file_path": "/media/NFS/ttao/scannet/posed_images/scene0567_00/00026.jpg",
      "transform_matrix": [
        [
          -0.548826,
          0.445801,
          -0.707143,
          4.152609
        ],
        [
          0.835902,
          0.284949,
          -0.469119,
          3.204164
        ],
        [
          -0.007634,
          -0.848567,
          -0.529033,
          1.462049
        ],
        [
          0.0,
          0.0,
          0.0,
          1.0
        ]
      ]
    },
    {
      "file_path": "/media/NFS/ttao/scannet/posed_images/scene0567_00/00036.jpg",
      "transform_matrix": [
        [
          -0.609752,
          0.381313,
          -0.69484,
          4.155861
        ],
        [
          0.792534,
          0.303929,
          -0.528694,
          3.151376
        ],
        [
          0.009584,
          -0.873056,
          -0.487525,
          1.467954
        ],
        [
          0.0,
          0.0,
          0.0,
          1.0
        ]
      ]
    },
    {
      "file_path": "/media/NFS/ttao/scannet/posed_images/scene0567_00/00042.jpg",
      "transform_matrix": [
        [
          -0.627718,
          0.358444,
          -0.691005,
          4.142171
        ],
        [
          0.778216,
          0.310288,
          -0.545987,
          3.111183
        ],
        [
          0.018705,
          -0.880477,
          -0.47372,
          1.480139
        ],
        [
          0.0,
          0.0,
          0.0,
          1.0
        ]
      ]
    },
    {
      "file_path": "/media/NFS/ttao/scannet/posed_images/scene0567_00/00055.jpg",
      "transform_matrix": [
        [
          -0.628874,
          0.32975,
          -0.704118,
          4.084514
        ],
        [
          0.777441,
          0.27855,
          -0.563912,
          3.012668
        ],
        [
          0.010182,
          -0.902039,
          -0.431534,
          1.509043
        ],
        [
          0.0,
          0.0,
          0.0,
          1.0
        ]
      ]
    },
    {
      "file_path": "/media/NFS/ttao/scannet/posed_images/scene0567_00/00060.jpg",
      "transform_matrix": [
        [
          -0.622128,
          0.343918,
          -0.703333,
          4.08298
        ],
        [
          0.782916,
          0.272855,
          -0.559101,
          2.949383
        ],
        [
          -0.000377,
          -0.898483,
          -0.439009,
          1.505407
        ],
        [
          0.0,
          0.0,
          0.0,
          1.0
        ]
      ]
    },
    {
      "file_path": "/media/NFS/ttao/scannet/posed_images/scene0567_00/00073.jpg",
      "transform_matrix": [
        [
          -0.571402,
          0.314528,
          -0.758005,
          3.977305
        ],
        [
          0.820068,
          0.254227,
          -0.512697,
          2.886987
        ],
        [
          0.031448,
          -0.914571,
          -0.4032,
          1.538002
        ],
        [
          0.0,
          0.0,
          0.0,
          1.0
        ]
      ]
    },
    {
      "file_path": "/media/NFS/ttao/scannet/posed_images/scene0567_00/00083.jpg",
      "transform_matrix": [
        [
          -0.488671,
          0.266485,
          -0.830775,
          3.853138
        ],
        [
          0.871956,
          0.18182,
          -0.454572,
          2.799741
        ],
        [
          0.029915,
          -0.946534,
          -0.321213,
          1.56643
        ],
        [
          0.0,
          0.0,
          0.0,
          1.0
        ]
      ]
    },
    {
      "file_path": "/media/NFS/ttao/scannet/posed_images/scene0567_00/00091.jpg",
      "transform_matrix": [
        [
          -0.485481,
          0.232399,
          -0.842792,
          3.757464
        ],
        [
          0.874199,
          0.118873,
          -0.470793,
          2.711942
        ],
        [
          -0.009227,
          -0.965329,
          -0.260873,
          1.550742
        ],
        [
          0.0,
          0.0,
          0.0,
          1.0
        ]
      ]
    },
    {
      "file_path": "/media/NFS/ttao/scannet/posed_images/scene0567_00/00096.jpg",
      "transform_matrix": [
        [
          -0.476969,
          0.194715,
          -0.85708,
          3.712159
        ],
        [
          0.878917,
          0.108091,
          -0.464565,
          2.644722
        ],
        [
          0.002185,
          -0.974886,
          -0.222694,
          1.556145
        ],
        [
          0.0,
          0.0,
          0.0,
          1.0
        ]
      ]
    },
    {
      "file_path": "/media/NFS/ttao/scannet/posed_images/scene0567_00/00107.jpg",
      "transform_matrix": [
        [
          -0.439292,
          0.137682,
          -0.887731,
          3.643615
        ],
        [
          0.898265,
          0.054153,
          -0.436106,
          2.481276
        ],
        [
          -0.011971,
          -0.988995,
          -0.147464,
          1.596011
        ],
        [
          0.0,
          0.0,
          0.0,
          1.0
        ]
      ]
    },
    {
      "file_path": "/media/NFS/ttao/scannet/posed_images/scene0567_00/00117.jpg",
      "transform_matrix": [
        [
          -0.358533,
          0.09129,
          -0.929043,
          3.596904
        ],
        [
          0.933335,
          0.015378,
          -0.358678,
          2.343668
        ],
        [
          -0.018457,
          -0.995706,
          -0.090717,
          1.625657
        ],
        [
          0.0,
          0.0,
          0.0,
          1.0
        ]
      ]
    },
    {
      "file_path": "/media/NFS/ttao/scannet/posed_images/scene0567_00/00120.jpg",
      "transform_matrix": [
        [
          -0.345965,
          0.061031,
          -0.93626,
          3.57813
        ],
        [
          0.938206,
          0.013097,
          -0.34583,
          2.323696
        ],
        [
          -0.008844,
          -0.99805,
          -0.061791,
          1.626194
        ],
        [
          0.0,
          0.0,
          0.0,
          1.0
        ]
      ]
    },
    {
      "file_path": "/media/NFS/ttao/scannet/posed_images/scene0567_00/00135.jpg",
      "transform_matrix": [
        [
          -0.150782,
          0.011969,
          -0.988495,
          3.420714
        ],
        [
          0.988222,
          0.028244,
          -0.150399,
          2.188668
        ],
        [
          0.026119,
          -0.999529,
          -0.016087,
          1.632929
        ],
        [
          0.0,
          0.0,
          0.0,
          1.0
        ]
      ]
    },
    {
      "file_path": "/media/NFS/ttao/scannet/posed_images/scene0567_00/00141.jpg",
      "transform_matrix": [
        [
          -0.098701,
          0.015176,
          -0.995001,
          3.320385
        ],
        [
          0.994912,
          0.021844,
          -0.098359,
          2.172244
        ],
        [
          0.020242,
          -0.999646,
          -0.017255,
          1.614154
        ],
        [
          0.0,
          0.0,
          0.0,
          1.0
        ]
      ]
    },
    {
      "file_path": "/media/NFS/ttao/scannet/posed_images/scene0567_00/00146.jpg",
      "transform_matrix": [
        [
          -0.044374,
          0.058824,
          -0.997282,
          3.241685
        ],
        [
          0.998686,
          0.028235,
          -0.042771,
          2.142029
        ],
        [
          0.025642,
          -0.997869,
          -0.06,
          1.614651
        ],
        [
          0.0,
          0.0,
          0.0,
          1.0
        ]
      ]
    },
    {
      "file_path": "/media/NFS/ttao/scannet/posed_images/scene0567_00/00161.jpg",
      "transform_matrix": [
        [
          0.174782,
          0.091598,
          -0.980337,
          3.053543
        ],
        [
          0.983555,
          0.029775,
          0.178137,
          2.068413
        ],
        [
          0.045506,
          -0.995351,
          -0.084888,
          1.543144
        ],
        [
          0.0,
          0.0,
          0.0,
          1.0
        ]
      ]
    },
    {
      "file_path": "/media/NFS/ttao/scannet/posed_images/scene0567_00/00164.jpg",
      "transform_matrix": [
        [
          0.220023,
          0.079068,
          -0.972285,
          3.011762
        ],
        [
          0.975249,
          0.004554,
          0.221064,
          2.036891
        ],
        [
          0.021907,
          -0.996859,
          -0.076109,
          1.54367
        ],
        [
          0.0,
          0.0,
          0.0,
          1.0
        ]
      ]
    },
    {
      "file_path": "/media/NFS/ttao/scannet/posed_images/scene0567_00/00177.jpg",
      "transform_matrix": [
        [
          0.482972,
          0.138524,
          -0.864609,
          2.794984
        ],
        [
          0.87554,
          -0.061782,
          0.47918,
          1.95154
        ],
        [
          0.01296,
          -0.98843,
          -0.151123,
          1.581799
        ],
        [
          0.0,
          0.0,
          0.0,
          1.0
        ]
      ]
    },
    {
      "file_path": "/media/NFS/ttao/scannet/posed_images/scene0567_00/00187.jpg",
      "transform_matrix": [
        [
          0.591553,
          0.120361,
          -0.797232,
          2.652276
        ],
        [
          0.806199,
          -0.075517,
          0.586806,
          2.002256
        ],
        [
          0.010424,
          -0.989854,
          -0.141708,
          1.549688
        ],
        [
          0.0,
          0.0,
          0.0,
          1.0
        ]
      ]
    },
    {
      "file_path": "/media/NFS/ttao/scannet/posed_images/scene0567_00/00193.jpg",
      "transform_matrix": [
        [
          0.600356,
          0.119886,
          -0.790696,
          2.555448
        ],
        [
          0.799476,
          -0.11502,
          0.589584,
          2.027632
        ],
        [
          -0.020263,
          -0.986102,
          -0.164899,
          1.541835
        ],
        [
          0.0,
          0.0,
          0.0,
          1.0
        ]
      ]
    },
    {
      "file_path": "/media/NFS/ttao/scannet/posed_images/scene0567_00/00200.jpg",
      "transform_matrix": [
        [
          0.646587,
          0.146184,
          -0.748703,
          2.439495
        ],
        [
          0.762813,
          -0.132314,
          0.632938,
          2.025763
        ],
        [
          -0.006539,
          -0.980369,
          -0.197064,
          1.546098
        ],
        [
          0.0,
          0.0,
          0.0,
          1.0
        ]
      ]
    },
    {
      "file_path": "/media/NFS/ttao/scannet/posed_images/scene0567_00/00206.jpg",
      "transform_matrix": [
        [
          0.704567,
          0.130411,
          -0.697552,
          2.355598
        ],
        [
          0.709623,
          -0.12304,
          0.693756,
          2.017753
        ],
        [
          0.004646,
          -0.983796,
          -0.179233,
          1.54682
        ],
        [
          0.0,
          0.0,
          0.0,
          1.0
        ]
      ]
    },
    {
      "file_path": "/media/NFS/ttao/scannet/posed_images/scene0567_00/00216.jpg",
      "transform_matrix": [
        [
          0.837397,
          0.047381,
          -0.544538,
          2.182124
        ],
        [
          0.546332,
          -0.10349,
          0.831151,
          1.970018
        ],
        [
          -0.016973,
          -0.993501,
          -0.112548,
          1.550478
        ],
        [
          0.0,
          0.0,
          0.0,
          1.0
        ]
      ]
    },
    {
      "file_path": "/media/NFS/ttao/scannet/posed_images/scene0567_00/00224.jpg",
      "transform_matrix": [
        [
          0.919088,
          0.026431,
          -0.393165,
          2.070875
        ],
        [
          0.392138,
          -0.159581,
          0.905959,
          1.976503
        ],
        [
          -0.038796,
          -0.986831,
          -0.157034,
          1.575966
        ],
        [
          0.0,
          0.0,
          0.0,
          1.0
        ]
      ]
    },
    {
      "file_path": "/media/NFS/ttao/scannet/posed_images/scene0567_00/00239.jpg",
      "transform_matrix": [
        [
          0.989052,
          -0.011652,
          -0.14711,
          1.916752
        ],
        [
          0.138888,
          -0.263395,
          0.954638,
          2.101823
        ],
        [
          -0.049871,
          -0.964618,
          -0.258893,
          1.541716
        ],
        [
          0.0,
          0.0,
          0.0,
          1.0
        ]
      ]
    },
    {
      "file_path": "/media/NFS/ttao/scannet/posed_images/scene0567_00/00245.jpg",
      "transform_matrix": [
        [
          0.995534,
          -0.021037,
          -0.092028,
          1.85546
        ],
        [
          0.081528,
          -0.299863,
          0.950492,
          2.16031
        ],
        [
          -0.047591,
          -0.95375,
          -0.296809,
          1.527692
        ],
        [
          0.0,
          0.0,
          0.0,
          1.0
        ]
      ]
    },
    {
      "file_path": "/media/NFS/ttao/scannet/posed_images/scene0567_00/00250.jpg",
      "transform_matrix": [
        [
          0.997533,
          -0.024378,
          -0.065832,
          1.834604
        ],
        [
          0.052843,
          -0.356591,
          0.932765,
          2.214638
        ],
        [
          -0.046214,
          -0.933942,
          -0.354423,
          1.515995
        ],
        [
          0.0,
          0.0,
          0.0,
          1.0
        ]
      ]
    },
    {
      "file_path": "/media/NFS/ttao/scannet/posed_images/scene0567_00/00263.jpg",
      "transform_matrix": [
        [
          0.990027,
          -0.090098,
          0.108302,
          1.71681
        ],
        [
          -0.135999,
          -0.410654,
          0.901592,
          2.297616
        ],
        [
          -0.036757,
          -0.907329,
          -0.418812,
          1.489702
        ],
        [
          0.0,
          0.0,
          0.0,
          1.0
        ]
      ]
    },
    {
      "file_path": "/media/NFS/ttao/scannet/posed_images/scene0567_00/00273.jpg",
      "transform_matrix": [
        [
          0.96245,
          -0.163638,
          0.216595,
          1.57359
        ],
        [
          -0.267673,
          -0.439259,
          0.857557,
          2.342816
        ],
        [
          -0.045188,
          -0.883332,
          -0.466566,
          1.484378
        ],
        [
          0.0,
          0.0,
          0.0,
          1.0
        ]
      ]
    },
    {
      "file_path": "/media/NFS/ttao/scannet/posed_images/scene0567_00/00276.jpg",
      "transform_matrix": [
        [
          0.953352,
          -0.180352,
          0.242059,
          1.531214
        ],
        [
          -0.29829,
          -0.439902,
          0.84706,
          2.355089
        ],
        [
          -0.046287,
          -0.87975,
          -0.473178,
          1.47975
        ],
        [
          0.0,
          0.0,
          0.0,
          1.0
        ]
      ]
    },
    {
      "file_path": "/media/NFS/ttao/scannet/posed_images/scene0567_00/00286.jpg",
      "transform_matrix": [
        [
          0.91074,
          -0.233804,
          0.340424,
          1.432051
        ],
        [
          -0.412434,
          -0.472557,
          0.778838,
          2.44067
        ],
        [
          -0.021226,
          -0.849721,
          -0.526806,
          1.459535
        ],
        [
          0.0,
          0.0,
          0.0,
          1.0
        ]
      ]
    },
    {
      "file_path": "/media/NFS/ttao/scannet/posed_images/scene0567_00/00299.jpg",
      "transform_matrix": [
        [
          0.861469,
          -0.324608,
          0.390513,
          1.370491
        ],
        [
          -0.503257,
          -0.442994,
          0.741949,
          2.61008
        ],
        [
          -0.067848,
          -0.835695,
          -0.544987,
          1.457335
        ],
        [
          0.0,
          0.0,
          0.0,
          1.0
        ]
      ]
    },
    {
      "file_path": "/media/NFS/ttao/scannet/posed_images/scene0567_00/00302.jpg",
      "transform_matrix": [
        [
          0.850608,
          -0.334379,
          0.40578,
          1.356575
        ],
        [
          -0.521078,
          -0.432872,
          0.735595,
          2.648643
        ],
        [
          -0.070317,
          -0.837146,
          -0.542442,
          1.455923
        ],
        [
          0.0,
          0.0,
          0.0,
          1.0
        ]
      ]
    },
    {
      "file_path": "/media/NFS/ttao/scannet/posed_images/scene0567_00/00310.jpg",
      "transform_matrix": [
        [
          0.827531,
          -0.339182,
          0.447379,
          1.340851
        ],
        [
          -0.558647,
          -0.418378,
          0.716152,
          2.729371
        ],
        [
          -0.055733,
          -0.842565,
          -0.535704,
          1.454812
        ],
        [
          0.0,
          0.0,
          0.0,
          1.0
        ]
      ]
    },
    {
      "file_path": "/media/NFS/ttao/scannet/posed_images/scene0567_00/00325.jpg",
      "transform_matrix": [
        [
          0.694198,
          -0.378476,
          0.612247,
          1.303508
        ],
        [
          -0.718066,
          -0.305393,
          0.625394,
          2.897475
        ],
        [
          -0.049721,
          -0.87378,
          -0.483773,
          1.472918
        ],
        [
          0.0,
          0.0,
          0.0,
          1.0
        ]
      ]
    },
    {
      "file_path": "/media/NFS/ttao/scannet/posed_images/scene0567_00/00328.jpg",
      "transform_matrix": [
        [
          0.662746,
          -0.386456,
          0.641421,
          1.292723
        ],
        [
          -0.746174,
          -0.268523,
          0.609196,
          2.934279
        ],
        [
          -0.063191,
          -0.882353,
          -0.466326,
          1.482433
        ],
        [
          0.0,
          0.0,
          0.0,
          1.0
        ]
      ]
    },
    {
      "file_path": "/media/NFS/ttao/scannet/posed_images/scene0567_00/00336.jpg",
      "transform_matrix": [
        [
          0.586089,
          -0.367222,
          0.722252,
          1.294239
        ],
        [
          -0.80897,
          -0.215185,
          0.54705,
          3.002748
        ],
        [
          -0.045471,
          -0.9049,
          -0.423189,
          1.503805
        ],
        [
          0.0,
          0.0,
          0.0,
          1.0
        ]
      ]
    },
    {
      "file_path": "/media/NFS/ttao/scannet/posed_images/scene0567_00/00349.jpg",
      "transform_matrix": [
        [
          0.554319,
          -0.305168,
          0.774341,
          1.415196
        ],
        [
          -0.830494,
          -0.141458,
          0.538768,
          3.105238
        ],
        [
          -0.054878,
          -0.941733,
          -0.331853,
          1.542604
        ],
        [
          0.0,
          0.0,
          0.0,
          1.0
        ]
      ]
    },
    {
      "file_path": "/media/NFS/ttao/scannet/posed_images/scene0567_00/00359.jpg",
      "transform_matrix": [
        [
          0.59824,
          -0.216592,
          0.77149,
          1.538424
        ],
        [
          -0.80082,
          -0.127668,
          0.585141,
          3.158327
        ],
        [
          -0.028242,
          -0.967878,
          -0.249827,
          1.583486
        ],
        [
          0.0,
          0.0,
          0.0,
          1.0
        ]
      ]
    },
    {
      "file_path": "/media/NFS/ttao/scannet/posed_images/scene0567_00/00367.jpg",
      "transform_matrix": [
        [
          0.601948,
          -0.157058,
          0.782937,
          1.600848
        ],
        [
          -0.798011,
          -0.082815,
          0.596925,
          3.199444
        ],
        [
          -0.028913,
          -0.984111,
          -0.175185,
          1.59521
        ],
        [
          0.0,
          0.0,
          0.0,
          1.0
        ]
      ]
    },
    {
      "file_path": "/media/NFS/ttao/scannet/posed_images/scene0567_00/00375.jpg",
      "transform_matrix": [
        [
          0.591788,
          -0.109457,
          0.798627,
          1.667601
        ],
        [
          -0.805198,
          -0.033577,
          0.592055,
          3.256702
        ],
        [
          -0.037989,
          -0.993424,
          -0.108006,
          1.591127
        ],
        [
          0.0,
          0.0,
          0.0,
          1.0
        ]
      ]
    },
    {
      "file_path": "/media/NFS/ttao/scannet/posed_images/scene0567_00/00382.jpg",
      "transform_matrix": [
        [
          0.535132,
          -0.064925,
          0.84227,
          1.71073
        ],
        [
          -0.843808,
          0.006452,
          0.536607,
          3.354185
        ],
        [
          -0.040273,
          -0.997869,
          -0.051332,
          1.599879
        ],
        [
          0.0,
          0.0,
          0.0,
          1.0
        ]
      ]
    },
    {
      "file_path": "/media/NFS/ttao/scannet/posed_images/scene0567_00/00393.jpg",
      "transform_matrix": [
        [
          0.386676,
          0.031828,
          0.921667,
          1.770741
        ],
        [
          -0.922192,
          0.020604,
          0.386185,
          3.465824
        ],
        [
          -0.006698,
          -0.999281,
          0.037319,
          1.619828
        ],
        [
          0.0,
          0.0,
          0.0,
          1.0
        ]
      ]
    },
    {
      "file_path": "/media/NFS/ttao/scannet/posed_images/scene0567_00/00401.jpg",
      "transform_matrix": [
        [
          0.263121,
          0.064973,
          0.962573,
          1.81739
        ],
        [
          -0.964452,
          -0.007628,
          0.264149,
          3.506404
        ],
        [
          0.024505,
          -0.997858,
          0.060657,
          1.629754
        ],
        [
          0.0,
          0.0,
          0.0,
          1.0
        ]
      ]
    },
    {
      "file_path": "/media/NFS/ttao/scannet/posed_images/scene0567_00/00409.jpg",
      "transform_matrix": [
        [
          0.121733,
          0.074326,
          0.989776,
          1.83966
        ],
        [
          -0.992338,
          -0.012112,
          0.122957,
          3.506475
        ],
        [
          0.021127,
          -0.99716,
          0.072282,
          1.656372
        ],
        [
          0.0,
          0.0,
          0.0,
          1.0
        ]
      ]
    },
    {
      "file_path": "/media/NFS/ttao/scannet/posed_images/scene0567_00/00414.jpg",
      "transform_matrix": [
        [
          0.035854,
          0.084039,
          0.995817,
          1.849525
        ],
        [
          -0.9993,
          -0.007648,
          0.036624,
          3.46721
        ],
        [
          0.010694,
          -0.996433,
          0.083706,
          1.605944
        ],
        [
          0.0,
          0.0,
          0.0,
          1.0
        ]
      ]
    },
    {
      "file_path": "/media/NFS/ttao/scannet/posed_images/scene0567_00/00424.jpg",
      "transform_matrix": [
        [
          -0.111198,
          0.095735,
          0.989176,
          1.798961
        ],
        [
          -0.993788,
          -0.01524,
          -0.110242,
          3.412439
        ],
        [
          0.004521,
          -0.99529,
          0.096835,
          1.612426
        ],
        [
          0.0,
          0.0,
          0.0,
          1.0
        ]
      ]
    },
    {
      "file_path": "/media/NFS/ttao/scannet/posed_images/scene0567_00/00437.jpg",
      "transform_matrix": [
        [
          -0.217366,
          0.155643,
          0.963601,
          1.699384
        ],
        [
          -0.976063,
          -0.042139,
          -0.213371,
          3.298821
        ],
        [
          0.007396,
          -0.986914,
          0.161077,
          1.616637
        ],
        [
          0.0,
          0.0,
          0.0,
          1.0
        ]
      ]
    },
    {
      "file_path": "/media/NFS/ttao/scannet/posed_images/scene0567_00/00445.jpg",
      "transform_matrix": [
        [
          -0.265239,
          0.163479,
          0.950223,
          1.63777
        ],
        [
          -0.964175,
          -0.049141,
          -0.260679,
          3.231577
        ],
        [
          0.004079,
          -0.985322,
          0.170656,
          1.625633
        ],
        [
          0.0,
          0.0,
          0.0,
          1.0
        ]
      ]
    },
    {
      "file_path": "/media/NFS/ttao/scannet/posed_images/scene0567_00/00450.jpg",
      "transform_matrix": [
        [
          -0.312657,
          0.164208,
          0.935565,
          1.613643
        ],
        [
          -0.949788,
          -0.041413,
          -0.310141,
          3.231848
        ],
        [
          -0.012183,
          -0.985556,
          0.168911,
          1.607892
        ],
        [
          0.0,
          0.0,
          0.0,
          1.0
        ]
      ]
    },
    {
      "file_path": "/media/NFS/ttao/scannet/posed_images/scene0567_00/00458.jpg",
      "transform_matrix": [
        [
          -0.378259,
          0.091558,
          0.921161,
          1.597128
        ],
        [
          -0.925216,
          -0.005222,
          -0.379405,
          3.225362
        ],
        [
          -0.029928,
          -0.995786,
          0.086686,
          1.614059
        ],
        [
          0.0,
          0.0,
          0.0,
          1.0
        ]
      ]
    },
    {
      "file_path": "/media/NFS/ttao/scannet/posed_images/scene0567_00/00471.jpg",
      "transform_matrix": [
        [
          -0.430688,
          -0.054917,
          0.900829,
          1.56527
        ],
        [
          -0.90165,
          0.069526,
          -0.426842,
          3.212639
        ],
        [
          -0.03919,
          -0.996067,
          -0.07946,
          1.589748
        ],
        [
          0.0,
          0.0,
          0.0,
          1.0
        ]
      ]
    },
    {
      "file_path": "/media/NFS/ttao/scannet/posed_images/scene0567_00/00476.jpg",
      "transform_matrix": [
        [
          -0.448741,
          -0.093026,
          0.888807,
          1.556519
        ],
        [
          -0.891493,
          0.115855,
          -0.437971,
          3.216144
        ],
        [
          -0.06223,
          -0.9889,
          -0.134921,
          1.569765
        ],
        [
          0.0,
          0.0,
          0.0,
          1.0
        ]
      ]
    },
    {
      "file_path": "/media/NFS/ttao/scannet/posed_images/scene0567_00/00484.jpg",
      "transform_matrix": [
        [
          -0.468555,
          -0.204527,
          0.859433,
          1.502985
        ],
        [
          -0.88061,
          0.185858,
          -0.435871,
          3.195704
        ],
        [
          -0.070585,
          -0.961054,
          -0.267193,
          1.514674
        ],
        [
          0.0,
          0.0,
          0.0,
          1.0
        ]
      ]
    },
    {
      "file_path": "/media/NFS/ttao/scannet/posed_images/scene0567_00/00500.jpg",
      "transform_matrix": [
        [
          -0.507649,
          -0.450151,
          0.734613,
          1.537734
        ],
        [
          -0.859707,
          0.320624,
          -0.397624,
          3.273355
        ],
        [
          -0.056544,
          -0.833405,
          -0.549762,
          1.494209
        ],
        [
          0.0,
          0.0,
          0.0,
          1.0
        ]
      ]
    },
    {
      "file_path": "/media/NFS/ttao/scannet/posed_images/scene0567_00/00502.jpg",
      "transform_matrix": [
        [
          -0.503198,
          -0.481074,
          0.717885,
          1.531685
        ],
        [
          -0.862326,
          0.333786,
          -0.380764,
          3.28699
        ],
        [
          -0.056444,
          -0.810651,
          -0.582803,
          1.474112
        ],
        [
          0.0,
          0.0,
          0.0,
          1.0
        ]
      ]
    },
    {
      "file_path": "/media/NFS/ttao/scannet/posed_images/scene0567_00/00515.jpg",
      "transform_matrix": [
        [
          -0.461038,
          -0.585024,
          0.667226,
          1.531326
        ],
        [
          -0.886087,
          0.344085,
          -0.310572,
          3.347326
        ],
        [
          -0.04789,
          -0.734406,
          -0.677018,
          1.435172
        ],
        [
          0.0,
          0.0,
          0.0,
          1.0
        ]
      ]
    },
    {
      "file_path": "/media/NFS/ttao/scannet/posed_images/scene0567_00/00526.jpg",
      "transform_matrix": [
        [
          -0.391781,
          -0.651961,
          0.649195,
          1.534333
        ],
        [
          -0.918506,
          0.318124,
          -0.234827,
          3.388192
        ],
        [
          -0.053427,
          -0.688291,
          -0.723465,
          1.41011
        ],
        [
          0.0,
          0.0,
          0.0,
          1.0
        ]
      ]
    },
    {
      "file_path": "/media/NFS/ttao/scannet/posed_images/scene0567_00/00528.jpg",
      "transform_matrix": [
        [
          -0.392734,
          -0.658617,
          0.641859,
          1.536827
        ],
        [
          -0.918188,
          0.32018,
          -0.233271,
          3.390186
        ],
        [
          -0.051875,
          -0.680961,
          -0.73048,
          1.407137
        ],
        [
          0.0,
          0.0,
          0.0,
          1.0
        ]
      ]
    },
    {
      "file_path": "/media/NFS/ttao/scannet/posed_images/scene0567_00/00536.jpg",
      "transform_matrix": [
        [
          -0.457608,
          -0.653556,
          0.602876,
          1.553668
        ],
        [
          -0.888822,
          0.354755,
          -0.290076,
          3.386118
        ],
        [
          -0.024293,
          -0.668591,
          -0.743234,
          1.39454
        ],
        [
          0.0,
          0.0,
          0.0,
          1.0
        ]
      ]
    },
    {
      "file_path": "/media/NFS/ttao/scannet/posed_images/scene0567_00/00549.jpg",
      "transform_matrix": [
        [
          -0.665616,
          -0.520883,
          0.53445,
          1.583344
        ],
        [
          -0.746237,
          0.45562,
          -0.485326,
          3.345755
        ],
        [
          0.009292,
          -0.721866,
          -0.69197,
          1.400723
        ],
        [
          0.0,
          0.0,
          0.0,
          1.0
        ]
      ]
    },
    {
      "file_path": "/media/NFS/ttao/scannet/posed_images/scene0567_00/00557.jpg",
      "transform_matrix": [
        [
          -0.773258,
          -0.435799,
          0.460598,
          1.594372
        ],
        [
          -0.633179,
          0.491728,
          -0.597736,
          3.330321
        ],
        [
          0.034004,
          -0.753845,
          -0.656172,
          1.423252
        ],
        [
          0.0,
          0.0,
          0.0,
          1.0
        ]
      ]
    },
    {
      "file_path": "/media/NFS/ttao/scannet/posed_images/scene0567_00/00567.jpg",
      "transform_matrix": [
        [
          -0.821625,
          -0.367458,
          0.435784,
          1.61752
        ],
        [
          -0.566593,
          0.442638,
          -0.695014,
          3.247004
        ],
        [
          0.062494,
          -0.817953,
          -0.571881,
          1.45448
        ],
        [
          0.0,
          0.0,
          0.0,
          1.0
        ]
      ]
    },
    {
      "file_path": "/media/NFS/ttao/scannet/posed_images/scene0567_00/00572.jpg",
      "transform_matrix": [
        [
          -0.816277,
          -0.369927,
          0.443674,
          1.63742
        ],
        [
          -0.570456,
          0.395278,
          -0.719956,
          3.175066
        ],
        [
          0.090957,
          -0.840779,
          -0.533683,
          1.465694
        ],
        [
          0.0,
          0.0,
          0.0,
          1.0
        ]
      ]
    },
    {
      "file_path": "/media/NFS/ttao/scannet/posed_images/scene0567_00/00585.jpg",
      "transform_matrix": [
        [
          -0.789197,
          -0.295145,
          0.53857,
          1.696104
        ],
        [
          -0.611503,
          0.296465,
          -0.733603,
          3.021839
        ],
        [
          0.056852,
          -0.908294,
          -0.414451,
          1.475283
        ],
        [
          0.0,
          0.0,
          0.0,
          1.0
        ]
      ]
    },
    {
      "file_path": "/media/NFS/ttao/scannet/posed_images/scene0567_00/00591.jpg",
      "transform_matrix": [
        [
          -0.792894,
          -0.269293,
          0.546627,
          1.764323
        ],
        [
          -0.606615,
          0.263773,
          -0.749961,
          2.962805
        ],
        [
          0.057774,
          -0.926232,
          -0.372501,
          1.477496
        ],
        [
          0.0,
          0.0,
          0.0,
          1.0
        ]
      ]
    },
    {
      "file_path": "/media/NFS/ttao/scannet/posed_images/scene0567_00/00604.jpg",
      "transform_matrix": [
        [
          -0.802606,
          -0.217619,
          0.555397,
          1.897229
        ],
        [
          -0.594202,
          0.209843,
          -0.77646,
          2.824249
        ],
        [
          0.052426,
          -0.953209,
          -0.29773,
          1.47487
        ],
        [
          0.0,
          0.0,
          0.0,
          1.0
        ]
      ]
    },
    {
      "file_path": "/media/NFS/ttao/scannet/posed_images/scene0567_00/00606.jpg",
      "transform_matrix": [
        [
          -0.808916,
          -0.221972,
          0.544412,
          1.921418
        ],
        [
          -0.585083,
          0.212983,
          -0.782507,
          2.801516
        ],
        [
          0.057744,
          -0.951508,
          -0.302157,
          1.476227
        ],
        [
          0.0,
          0.0,
          0.0,
          1.0
        ]
      ]
    },
    {
      "file_path": "/media/NFS/ttao/scannet/posed_images/scene0567_00/00617.jpg",
      "transform_matrix": [
        [
          -0.814393,
          -0.21921,
          0.537319,
          2.061557
        ],
        [
          -0.57807,
          0.225094,
          -0.784327,
          2.65536
        ],
        [
          0.050985,
          -0.949358,
          -0.310034,
          1.490708
        ],
        [
          0.0,
          0.0,
          0.0,
          1.0
        ]
      ]
    },
    {
      "file_path": "/media/NFS/ttao/scannet/posed_images/scene0567_00/00622.jpg",
      "transform_matrix": [
        [
          -0.79574,
          -0.243871,
          0.554368,
          2.11561
        ],
        [
          -0.601781,
          0.215238,
          -0.769111,
          2.591926
        ],
        [
          0.068243,
          -0.945621,
          -0.318031,
          1.469742
        ],
        [
          0.0,
          0.0,
          0.0,
          1.0
        ]
      ]
    },
    {
      "file_path": "/media/NFS/ttao/scannet/posed_images/scene0567_00/00632.jpg",
      "transform_matrix": [
        [
          -0.77668,
          -0.278176,
          0.565143,
          2.231833
        ],
        [
          -0.623716,
          0.21427,
          -0.75171,
          2.479545
        ],
        [
          0.088015,
          -0.936326,
          -0.339921,
          1.480634
        ],
        [
          0.0,
          0.0,
          0.0,
          1.0
        ]
      ]
    },
    {
      "file_path": "/media/NFS/ttao/scannet/posed_images/scene0567_00/00640.jpg",
      "transform_matrix": [
        [
          -0.786893,
          -0.261627,
          0.558884,
          2.371609
        ],
        [
          -0.614145,
          0.243656,
          -0.750638,
          2.408389
        ],
        [
          0.060212,
          -0.933908,
          -0.352408,
          1.481261
        ],
        [
          0.0,
          0.0,
          0.0,
          1.0
        ]
      ]
    },
    {
      "file_path": "/media/NFS/ttao/scannet/posed_images/scene0567_00/00656.jpg",
      "transform_matrix": [
        [
          -0.849628,
          -0.238058,
          0.470596,
          2.69437
        ],
        [
          -0.523473,
          0.272221,
          -0.807386,
          2.259432
        ],
        [
          0.064099,
          -0.932322,
          -0.355904,
          1.488632
        ],
        [
          0.0,
          0.0,
          0.0,
          1.0
        ]
      ]
    },
    {
      "file_path": "/media/NFS/ttao/scannet/posed_images/scene0567_00/00661.jpg",
      "transform_matrix": [
        [
          -0.866374,
          -0.222971,
          0.446857,
          2.791492
        ],
        [
          -0.493881,
          0.249918,
          -0.832841,
          2.203252
        ],
        [
          0.074021,
          -0.942245,
          -0.326643,
          1.493312
        ],
        [
          0.0,
          0.0,
          0.0,
          1.0
        ]
      ]
    },
    {
      "file_path": "/media/NFS/ttao/scannet/posed_images/scene0567_00/00671.jpg",
      "transform_matrix": [
        [
          -0.897917,
          -0.212801,
          0.385307,
          2.961708
        ],
        [
          -0.425781,
          0.19796,
          -0.882906,
          2.117686
        ],
        [
          0.111607,
          -0.956832,
