{
  "frames": [
    {
      "file_path": "/media/NFS/ttao/scannet/posed_images/scene0047_00/00000.jpg",
      "transform_matrix": [
        [
          0.769532,
          -0.429513,
          0.472588,
          2.184386
        ],
        [
          -0.615738,
          -0.302759,
          0.727464,
          2.253813
        ],
        [
          -0.169375,
          -0.850797,
          -0.49745,
          1.283805
        ],
        [
          0.0,
          0.0,
          0.0,
          1.0
        ]
      ]
    },
    {
      "file_path": "/media/NFS/ttao/scannet/posed_images/scene0047_00/00004.jpg",
      "transform_matrix": [
        [
          0.763152,
          -0.417481,
          0.493263,
          2.190887
        ],
        [
          -0.626561,
          -0.291187,
          0.722933,
          2.252149
        ],
        [
          -0.158179,
          -0.860767,
          -0.483797,
          1.282769
        ],
        [
          0.0,
          0.0,
          0.0,
          1.0
        ]
      ]
    },
    {
      "file_path": "/media/NFS/ttao/scannet/posed_images/scene0047_00/00011.jpg",
      "transform_matrix": [
        [
          0.717133,
          -0.440158,
          0.540353,
          2.125388
        ],
        [
          -0.685072,
          -0.302748,
          0.662586,
          2.316559
        ],
        [
          -0.128052,
          -0.845343,
          -0.51865,
          1.321756
        ],
        [
          0.0,
          0.0,
          0.0,
          1.0
        ]
      ]
    },
    {
      "file_path": "/media/NFS/ttao/scannet/posed_images/scene0047_00/00016.jpg",
      "transform_matrix": [
        [
          0.692866,
          -0.453884,
          0.560292,
          2.134344
        ],
        [
          -0.709594,
          -0.291137,
          0.64165,
          2.311781
        ],
        [
          -0.128113,
          -0.842157,
          -0.523792,
          1.326348
        ],
        [
          0.0,
          0.0,
          0.0,
          1.0
        ]
      ]
    },
    {
      "file_path": "/media/NFS/ttao/scannet/posed_images/scene0047_00/00018.jpg",
      "transform_matrix": [
        [
          0.679638,
          -0.455209,
          0.575219,
          2.127611
        ],
        [
          -0.722018,
          -0.276647,
          0.634158,
          2.309229
        ],
        [
          -0.129542,
          -0.846316,
          -0.516689,
          1.321797
        ],
        [
          0.0,
          0.0,
          0.0,
          1.0
        ]
      ]
    },
    {
      "file_path": "/media/NFS/ttao/scannet/posed_images/scene0047_00/00025.jpg",
      "transform_matrix": [
        [
          0.627973,
          -0.472199,
          0.61861,
          2.121219
        ],
        [
          -0.769302,
          -0.256557,
          0.58511,
          2.311157
        ],
        [
          -0.11758,
          -0.843331,
          -0.524374,
          1.318573
        ],
        [
          0.0,
          0.0,
          0.0,
          1.0
        ]
      ]
    },
    {
      "file_path": "/media/NFS/ttao/scannet/posed_images/scene0047_00/00026.jpg",
      "transform_matrix": [
        [
          0.622537,
          -0.473369,
          0.623193,
          2.122483
        ],
        [
          -0.773885,
          -0.253921,
          0.580195,
          2.311224
        ],
        [
          -0.116405,
          -0.843472,
          -0.524408,
          1.317042
        ],
        [
          0.0,
          0.0,
          0.0,
          1.0
        ]
      ]
    },
    {
      "file_path": "/media/NFS/ttao/scannet/posed_images/scene0047_00/00031.jpg",
      "transform_matrix": [
        [
          0.584525,
          -0.483746,
          0.651399,
          2.099988
        ],
        [
          -0.805005,
          -0.245354,
          0.540155,
          2.330987
        ],
        [
          -0.101475,
          -0.840114,
          -0.532834,
          1.31512
        ],
        [
          0.0,
          0.0,
          0.0,
          1.0
        ]
      ]
    },
    {
      "file_path": "/media/NFS/ttao/scannet/posed_images/scene0047_00/00038.jpg",
      "transform_matrix": [
        [
          0.570034,
          -0.473017,
          0.6718,
          2.09539
        ],
        [
          -0.816293,
          -0.233088,
          0.528522,
          2.33776
        ],
        [
          -0.093411,
          -0.849662,
          -0.518989,
          1.315137
        ],
        [
          0.0,
          0.0,
          0.0,
          1.0
        ]
      ]
    },
    {
      "file_path": "/media/NFS/ttao/scannet/posed_images/scene0047_00/00041.jpg",
      "transform_matrix": [
        [
          0.572188,
          -0.464262,
          0.676063,
          2.084129
        ],
        [
          -0.815588,
          -0.235551,
          0.528519,
          2.348553
        ],
        [
          -0.086124,
          -0.853801,
          -0.513426,
          1.314944
        ],
        [
          0.0,
          0.0,
          0.0,
          1.0
        ]
      ]
    },
    {
      "file_path": "/media/NFS/ttao/scannet/posed_images/scene0047_00/00048.jpg",
      "transform_matrix": [
        [
          0.581165,
          -0.445526,
          0.680995,
          2.084774
        ],
        [
          -0.810133,
          -0.237546,
          0.535963,
          2.338694
        ],
        [
          -0.077018,
          -0.863179,
          -0.498989,
          1.317645
        ],
        [
          0.0,
          0.0,
          0.0,
          1.0
        ]
      ]
    },
    {
      "file_path": "/media/NFS/ttao/scannet/posed_images/scene0047_00/00049.jpg",
      "transform_matrix": [
        [
          0.580668,
          -0.445021,
          0.681749,
          2.085254
        ],
        [
          -0.810598,
          -0.237992,
          0.535061,
          2.338148
        ],
        [
          -0.075863,
          -0.863317,
          -0.498927,
          1.319629
        ],
        [
          0.0,
          0.0,
          0.0,
          1.0
        ]
      ]
    },
    {
      "file_path": "/media/NFS/ttao/scannet/posed_images/scene0047_00/00053.jpg",
      "transform_matrix": [
        [
          0.580509,
          -0.441204,
          0.684359,
          2.09283
        ],
        [
          -0.810793,
          -0.235806,
          0.535734,
          2.329984
        ],
        [
          -0.074992,
          -0.865872,
          -0.494612,
          1.325788
        ],
        [
          0.0,
          0.0,
          0.0,
          1.0
        ]
      ]
    },
    {
      "file_path": "/media/NFS/ttao/scannet/posed_images/scene0047_00/00059.jpg",
      "transform_matrix": [
        [
          0.58144,
          -0.434284,
          0.687986,
          2.091894
        ],
        [
          -0.81019,
          -0.231853,
          0.538364,
          2.322346
        ],
        [
          -0.074291,
          -0.870426,
          -0.486661,
          1.324183
        ],
        [
          0.0,
          0.0,
          0.0,
          1.0
        ]
      ]
    },
    {
      "file_path": "/media/NFS/ttao/scannet/posed_images/scene0047_00/00064.jpg",
      "transform_matrix": [
        [
          0.586725,
          -0.432031,
          0.684911,
          2.097075
        ],
        [
          -0.806188,
          -0.231984,
          0.544284,
          2.314803
        ],
        [
          -0.076259,
          -0.871511,
          -0.484409,
          1.331632
        ],
        [
          0.0,
          0.0,
          0.0,
          1.0
        ]
      ]
    },
    {
      "file_path": "/media/NFS/ttao/scannet/posed_images/scene0047_00/00071.jpg",
      "transform_matrix": [
        [
          0.598573,
          -0.423883,
          0.67973,
          2.116226
        ],
        [
          -0.797291,
          -0.232936,
          0.556837,
          2.308345
        ],
        [
          -0.0777,
          -0.875251,
          -0.477388,
          1.324624
        ],
        [
          0.0,
          0.0,
          0.0,
          1.0
        ]
      ]
    },
    {
      "file_path": "/media/NFS/ttao/scannet/posed_images/scene0047_00/00072.jpg",
      "transform_matrix": [
        [
          0.599972,
          -0.424329,
          0.678217,
          2.120188
        ],
        [
          -0.796367,
          -0.23584,
          0.556938,
          2.309733
        ],
        [
          -0.076374,
          -0.874257,
          -0.479418,
          1.32466
        ],
        [
          0.0,
          0.0,
          0.0,
          1.0
        ]
      ]
    },
    {
      "file_path": "/media/NFS/ttao/scannet/posed_images/scene0047_00/00076.jpg",
      "transform_matrix": [
        [
          0.59571,
          -0.425675,
          0.681124,
          2.145106
        ],
        [
          -0.800011,
          -0.238976,
          0.550339,
          2.330819
        ],
        [
          -0.071494,
          -0.872749,
          -0.482905,
          1.330324
        ],
        [
          0.0,
          0.0,
          0.0,
          1.0
        ]
      ]
    },
    {
      "file_path": "/media/NFS/ttao/scannet/posed_images/scene0047_00/00081.jpg",
      "transform_matrix": [
        [
          0.57396,
          -0.423042,
          0.701145,
          2.192922
        ],
        [
          -0.817157,
          -0.240318,
          0.523929,
          2.384189
        ],
        [
          -0.053146,
          -0.87366,
          -0.483625,
          1.347687
        ],
        [
          0.0,
          0.0,
          0.0,
          1.0
        ]
      ]
    },
    {
      "file_path": "/media/NFS/ttao/scannet/posed_images/scene0047_00/00089.jpg",
      "transform_matrix": [
        [
          0.524776,
          -0.374801,
          0.764287,
          2.273592
        ],
        [
          -0.850572,
          -0.195306,
          0.488245,
          2.469771
        ],
        [
          -0.033724,
          -0.9063,
          -0.421287,
          1.392123
        ],
        [
          0.0,
          0.0,
          0.0,
          1.0
        ]
      ]
    },
    {
      "file_path": "/media/NFS/ttao/scannet/posed_images/scene0047_00/00090.jpg",
      "transform_matrix": [
        [
          0.513859,
          -0.378083,
          0.770066,
          2.282799
        ],
        [
          -0.856948,
          -0.18452,
          0.48124,
          2.485705
        ],
        [
          -0.039856,
          -0.907196,
          -0.418815,
          1.403567
        ],
        [
          0.0,
          0.0,
          0.0,
          1.0
        ]
      ]
    },
    {
      "file_path": "/media/NFS/ttao/scannet/posed_images/scene0047_00/00096.jpg",
      "transform_matrix": [
        [
          0.500085,
          -0.3389,
          0.796907,
          2.329917
        ],
        [
          -0.864714,
          -0.145749,
          0.480653,
          2.515733
        ],
        [
          -0.046745,
          -0.929464,
          -0.365939,
          1.429445
        ],
        [
          0.0,
          0.0,
          0.0,
          1.0
        ]
      ]
    },
    {
      "file_path": "/media/NFS/ttao/scannet/posed_images/scene0047_00/00100.jpg",
      "transform_matrix": [
        [
          0.502518,
          -0.334363,
          0.797293,
          2.349396
        ],
        [
          -0.863517,
          -0.148687,
          0.481902,
          2.528232
        ],
        [
          -0.042583,
          -0.930641,
          -0.363446,
          1.439423
        ],
        [
          0.0,
          0.0,
          0.0,
          1.0
        ]
      ]
    },
    {
      "file_path": "/media/NFS/ttao/scannet/posed_images/scene0047_00/00104.jpg",
      "transform_matrix": [
        [
          0.503566,
          -0.325226,
          0.800405,
          2.360014
        ],
        [
          -0.863184,
          -0.150221,
          0.482024,
          2.521165
        ],
        [
          -0.036529,
          -0.933628,
          -0.356376,
          1.445053
        ],
        [
          0.0,
          0.0,
          0.0,
          1.0
        ]
      ]
    },
    {
      "file_path": "/media/NFS/ttao/scannet/posed_images/scene0047_00/00112.jpg",
      "transform_matrix": [
        [
          0.415515,
          -0.319281,
          0.851708,
          2.39485
        ],
        [
          -0.909462,
          -0.130378,
          0.394817,
          2.495173
        ],
        [
          -0.015014,
          -0.938649,
          -0.344548,
          1.447651
        ],
        [
          0.0,
          0.0,
          0.0,
          1.0
        ]
      ]
    },
    {
      "file_path": "/media/NFS/ttao/scannet/posed_images/scene0047_00/00115.jpg",
      "transform_matrix": [
        [
          0.3805,
          -0.323839,
          0.866226,
          2.406477
        ],
        [
          -0.924767,
          -0.12819,
          0.358291,
          2.482376
        ],
        [
          -0.004988,
          -0.937388,
          -0.348252,
          1.448527
        ],
        [
          0.0,
          0.0,
          0.0,
          1.0
        ]
      ]
    },
    {
      "file_path": "/media/NFS/ttao/scannet/posed_images/scene0047_00/00120.jpg",
      "transform_matrix": [
        [
          0.320825,
          -0.326331,
          0.889145,
          2.409608
        ],
        [
          -0.94703,
          -0.096296,
          0.306369,
          2.470368
        ],
        [
          -0.014357,
          -0.940338,
          -0.339939,
          1.442166
        ],
        [
          0.0,
          0.0,
          0.0,
          1.0
        ]
      ]
    },
    {
      "file_path": "/media/NFS/ttao/scannet/posed_images/scene0047_00/00122.jpg",
      "transform_matrix": [
        [
          0.300374,
          -0.327956,
          0.895667,
          2.412205
        ],
        [
          -0.95369,
          -0.087675,
          0.28773,
          2.461552
        ],
        [
          -0.015835,
          -0.940616,
          -0.339103,
          1.442641
        ],
        [
          0.0,
          0.0,
          0.0,
          1.0
        ]
      ]
    },
    {
      "file_path": "/media/NFS/ttao/scannet/posed_images/scene0047_00/00130.jpg",
      "transform_matrix": [
        [
          0.211206,
          -0.321268,
          0.923135,
          2.416258
        ],
        [
          -0.977341,
          -0.055862,
          0.204166,
          2.459957
        ],
        [
          -0.014024,
          -0.945339,
          -0.325787,
          1.446231
        ],
        [
          0.0,
          0.0,
          0.0,
          1.0
        ]
      ]
    },
    {
      "file_path": "/media/NFS/ttao/scannet/posed_images/scene0047_00/00133.jpg",
      "transform_matrix": [
        [
          0.168161,
          -0.309935,
          0.935768,
          2.417826
        ],
        [
          -0.985655,
          -0.03907,
          0.164186,
          2.462428
        ],
        [
          -0.014327,
          -0.949954,
          -0.312059,
          1.452499
        ],
        [
          0.0,
          0.0,
          0.0,
          1.0
        ]
      ]
    },
    {
      "file_path": "/media/NFS/ttao/scannet/posed_images/scene0047_00/00135.jpg",
      "transform_matrix": [
        [
          0.149514,
          -0.302516,
          0.941344,
          2.417718
        ],
        [
          -0.988655,
          -0.031892,
          0.146779,
          2.456542
        ],
        [
          -0.014382,
          -0.952611,
          -0.303852,
          1.454106
        ],
        [
          0.0,
          0.0,
          0.0,
          1.0
        ]
      ]
    },
    {
      "file_path": "/media/NFS/ttao/scannet/posed_images/scene0047_00/00141.jpg",
      "transform_matrix": [
        [
          0.093616,
          -0.289361,
          0.952631,
          2.422434
        ],
        [
          -0.995583,
          -0.020384,
          0.091646,
          2.431268
        ],
        [
          -0.007101,
          -0.957003,
          -0.289991,
          1.451863
        ],
        [
          0.0,
          0.0,
          0.0,
          1.0
        ]
      ]
    },
    {
      "file_path": "/media/NFS/ttao/scannet/posed_images/scene0047_00/00146.jpg",
      "transform_matrix": [
        [
          0.039972,
          -0.300064,
          0.953081,
          2.426742
        ],
        [
          -0.999151,
          -0.002436,
          0.041137,
          2.437916
        ],
        [
          -0.010022,
          -0.953916,
          -0.299907,
          1.448939
        ],
        [
          0.0,
          0.0,
          0.0,
          1.0
        ]
      ]
    },
    {
      "file_path": "/media/NFS/ttao/scannet/posed_images/scene0047_00/00152.jpg",
      "transform_matrix": [
        [
          -0.013668,
          -0.318103,
          0.947958,
          2.426521
        ],
        [
          -0.999748,
          0.021218,
          -0.007295,
          2.457727
        ],
        [
          -0.017793,
          -0.947819,
          -0.318313,
          1.428355
        ],
        [
          0.0,
          0.0,
          0.0,
          1.0
        ]
      ]
    },
    {
      "file_path": "/media/NFS/ttao/scannet/posed_images/scene0047_00/00157.jpg",
      "transform_matrix": [
        [
          -0.050399,
          -0.357722,
          0.932467,
          2.446016
        ],
        [
          -0.99855,
          0.035744,
          -0.040258,
          2.479962
        ],
        [
          -0.018929,
          -0.933144,
          -0.359005,
          1.409508
        ],
        [
          0.0,
          0.0,
          0.0,
          1.0
        ]
      ]
    },
    {
      "file_path": "/media/NFS/ttao/scannet/posed_images/scene0047_00/00160.jpg",
      "transform_matrix": [
        [
          -0.074154,
          -0.380843,
          0.921662,
          2.47836
        ],
        [
          -0.997165,
          0.040131,
          -0.063646,
          2.478704
        ],
        [
          -0.012748,
          -0.923769,
          -0.382739,
          1.406461
        ],
        [
          0.0,
          0.0,
          0.0,
          1.0
        ]
      ]
    },
    {
      "file_path": "/media/NFS/ttao/scannet/posed_images/scene0047_00/00163.jpg",
      "transform_matrix": [
        [
          -0.099692,
          -0.381133,
          0.91913,
          2.507903
        ],
        [
          -0.994974,
          0.046901,
          -0.08847,
          2.479382
        ],
        [
          -0.00939,
          -0.92333,
          -0.383893,
          1.401402
        ],
        [
          0.0,
          0.0,
          0.0,
          1.0
        ]
      ]
    },
    {
      "file_path": "/media/NFS/ttao/scannet/posed_images/scene0047_00/00171.jpg",
      "transform_matrix": [
        [
          -0.190006,
          -0.351304,
          0.916779,
          2.633357
        ],
        [
          -0.981782,
          0.069467,
          -0.176859,
          2.498993
        ],
        [
          -0.001554,
          -0.933681,
          -0.358103,
          1.401804
        ],
        [
          0.0,
          0.0,
          0.0,
          1.0
        ]
      ]
    },
    {
      "file_path": "/media/NFS/ttao/scannet/posed_images/scene0047_00/00175.jpg",
      "transform_matrix": [
        [
          -0.230381,
          -0.343837,
          0.91033,
          2.692421
        ],
        [
          -0.973101,
          0.081219,
          -0.215589,
          2.509553
        ],
        [
          0.000192,
          -0.93551,
          -0.353299,
          1.406627
        ],
        [
          0.0,
          0.0,
          0.0,
          1.0
        ]
      ]
    },
    {
      "file_path": "/media/NFS/ttao/scannet/posed_images/scene0047_00/00176.jpg",
      "transform_matrix": [
        [
          -0.240435,
          -0.338437,
          0.909753,
          2.704845
        ],
        [
          -0.970663,
          0.086045,
          -0.224523,
          2.515644
        ],
        [
          -0.002293,
          -0.937047,
          -0.349196,
          1.408711
        ],
        [
          0.0,
          0.0,
          0.0,
          1.0
        ]
      ]
    },
    {
      "file_path": "/media/NFS/ttao/scannet/posed_images/scene0047_00/00182.jpg",
      "transform_matrix": [
        [
          -0.291197,
          -0.329889,
          0.897985,
          2.775621
        ],
        [
          -0.956662,
          0.098767,
          -0.273941,
          2.504006
        ],
        [
          0.001679,
          -0.938839,
          -0.344353,
          1.408581
        ],
        [
          0.0,
          0.0,
          0.0,
          1.0
        ]
      ]
    },
    {
      "file_path": "/media/NFS/ttao/scannet/posed_images/scene0047_00/00186.jpg",
      "transform_matrix": [
        [
          -0.347746,
          -0.329116,
          0.877927,
          2.803656
        ],
        [
          -0.93756,
          0.11471,
          -0.328364,
          2.530506
        ],
        [
          0.007362,
          -0.937296,
          -0.348456,
          1.403777
        ],
        [
          0.0,
          0.0,
          0.0,
          1.0
        ]
      ]
    },
    {
      "file_path": "/media/NFS/ttao/scannet/posed_images/scene0047_00/00194.jpg",
      "transform_matrix": [
        [
          -0.440921,
          -0.327531,
          0.835651,
          2.82881
        ],
        [
          -0.897546,
          0.16026,
          -0.410765,
          2.516144
        ],
        [
          0.000617,
          -0.93115,
          -0.364636,
          1.400561
        ],
        [
          0.0,
          0.0,
          0.0,
          1.0
        ]
      ]
    },
    {
      "file_path": "/media/NFS/ttao/scannet/posed_images/scene0047_00/00195.jpg",
      "transform_matrix": [
        [
          -0.45442,
          -0.32708,
          0.828566,
          2.835833
        ],
        [
          -0.890785,
          0.169046,
          -0.421812,
          2.522772
        ],
        [
          -0.0021,
          -0.929754,
          -0.368176,
          1.400887
        ],
        [
          0.0,
          0.0,
          0.0,
          1.0
        ]
      ]
    },
    {
      "file_path": "/media/NFS/ttao/scannet/posed_images/scene0047_00/00202.jpg",
      "transform_matrix": [
        [
          -0.560037,
          -0.301746,
          0.771562,
          2.843693
        ],
        [
          -0.82846,
          0.2,
          -0.523119,
          2.546249
        ],
        [
          0.003537,
          -0.932174,
          -0.361992,
          1.404797
        ],
        [
          0.0,
          0.0,
          0.0,
          1.0
        ]
      ]
    },
    {
      "file_path": "/media/NFS/ttao/scannet/posed_images/scene0047_00/00206.jpg",
      "transform_matrix": [
        [
          -0.642445,
          -0.27924,
          0.713645,
          2.856526
        ],
        [
          -0.766331,
          0.234937,
          -0.597948,
          2.578934
        ],
        [
          -0.000691,
          -0.931037,
          -0.364924,
          1.404343
        ],
        [
          0.0,
          0.0,
          0.0,
          1.0
        ]
      ]
    },
    {
      "file_path": "/media/NFS/ttao/scannet/posed_images/scene0047_00/00210.jpg",
      "transform_matrix": [
        [
          -0.69751,
          -0.263354,
          0.666427,
          2.87218
        ],
        [
          -0.716566,
          0.26108,
          -0.646816,
          2.591327
        ],
        [
          -0.003649,
          -0.928699,
          -0.370816,
          1.404775
        ],
        [
          0.0,
          0.0,
          0.0,
          1.0
        ]
      ]
    },
    {
      "file_path": "/media/NFS/ttao/scannet/posed_images/scene0047_00/00216.jpg",
      "transform_matrix": [
        [
          -0.755002,
          -0.242657,
          0.609171,
          2.866161
        ],
        [
          -0.65571,
          0.273495,
          -0.703737,
          2.639
        ],
        [
          0.004161,
          -0.930762,
          -0.365602,
          1.406909
        ],
        [
          0.0,
          0.0,
          0.0,
          1.0
        ]
      ]
    },
    {
      "file_path": "/media/NFS/ttao/scannet/posed_images/scene0047_00/00219.jpg",
      "transform_matrix": [
        [
          -0.77925,
          -0.219438,
          0.58704,
          2.862495
        ],
        [
          -0.626701,
          0.278592,
          -0.727758,
          2.665912
        ],
        [
          -0.003847,
          -0.935004,
          -0.354615,
          1.409725
        ],
        [
          0.0,
          0.0,
          0.0,
          1.0
        ]
      ]
    },
    {
      "file_path": "/media/NFS/ttao/scannet/posed_images/scene0047_00/00223.jpg",
      "transform_matrix": [
        [
          -0.809937,
          -0.21832,
          0.54437,
          2.852329
        ],
        [
          -0.58649,
          0.292434,
          -0.755323,
          2.704598
        ],
        [
          0.005709,
          -0.931031,
          -0.364895,
          1.407631
        ],
        [
          0.0,
          0.0,
          0.0,
          1.0
        ]
      ]
    },
    {
      "file_path": "/media/NFS/ttao/scannet/posed_images/scene0047_00/00229.jpg",
      "transform_matrix": [
        [
          -0.83259,
          -0.212105,
          0.511668,
          2.839635
        ],
        [
          -0.553798,
          0.301984,
          -0.77596,
          2.759863
        ],
        [
          0.01007,
          -0.929417,
          -0.368892,
          1.408015
        ],
        [
          0.0,
          0.0,
          0.0,
          1.0
        ]
      ]
    },
    {
      "file_path": "/media/NFS/ttao/scannet/posed_images/scene0047_00/00232.jpg",
      "transform_matrix": [
        [
          -0.842863,
          -0.204716,
          0.497669,
          2.837594
        ],
        [
          -0.538123,
          0.316327,
          -0.781256,
          2.78547
        ],
        [
          0.002509,
          -0.926298,
          -0.376783,
          1.407064
        ],
        [
          0.0,
          0.0,
          0.0,
          1.0
        ]
      ]
    },
    {
      "file_path": "/media/NFS/ttao/scannet/posed_images/scene0047_00/00239.jpg",
      "transform_matrix": [
        [
          -0.871243,
          -0.165598,
          0.462074,
          2.851499
        ],
        [
          -0.490777,
          0.310332,
          -0.814145,
          2.848445
        ],
        [
          -0.008576,
          -0.936094,
          -0.351646,
          1.405842
        ],
        [
          0.0,
          0.0,
          0.0,
          1.0
        ]
      ]
    },
    {
      "file_path": "/media/NFS/ttao/scannet/posed_images/scene0047_00/00243.jpg",
      "transform_matrix": [
        [
          -0.898009,
          -0.181059,
          0.400996,
          2.889667
        ],
        [
          -0.439247,
          0.316442,
          -0.840789,
          2.882598
        ],
        [
          0.02534,
          -0.931172,
          -0.363697,
          1.405479
        ],
        [
          0.0,
          0.0,
          0.0,
          1.0
        ]
      ]
    },
    {
      "file_path": "/media/NFS/ttao/scannet/posed_images/scene0047_00/00245.jpg",
      "transform_matrix": [
        [
          -0.915401,
          -0.189598,
          0.355098,
          2.920758
        ],
        [
          -0.399642,
          0.322298,
          -0.858144,
          2.903264
        ],
        [
          0.048255,
          -0.927457,
          -0.370803,
          1.405746
        ],
        [
          0.0,
          0.0,
          0.0,
          1.0
        ]
      ]
    },
    {
      "file_path": "/media/NFS/ttao/scannet/posed_images/scene0047_00/00250.jpg",
      "transform_matrix": [
        [
          -0.938383,
          -0.167917,
          0.30206,
          3.002787
        ],
        [
          -0.342142,
          0.328108,
          -0.880503,
          2.967789
        ],
        [
          0.048743,
          -0.929596,
          -0.365343,
          1.402118
        ],
        [
          0.0,
          0.0,
          0.0,
          1.0
        ]
      ]
    },
    {
      "file_path": "/media/NFS/ttao/scannet/posed_images/scene0047_00/00255.jpg",
      "transform_matrix": [
        [
          -0.938947,
          -0.145424,
          0.311817,
          3.066164
        ],
        [
          -0.343532,
          0.345995,
          -0.873083,
          3.018335
        ],
        [
          0.019079,
          -0.926898,
          -0.374829,
          1.4038
        ],
        [
          0.0,
          0.0,
          0.0,
          1.0
        ]
      ]
    },
    {
      "file_path": "/media/NFS/ttao/scannet/posed_images/scene0047_00/00260.jpg",
      "transform_matrix": [
        [
          -0.933413,
          -0.155061,
          0.323569,
          3.118495
        ],
        [
          -0.358027,
          0.343183,
          -0.868356,
          3.050166
        ],
        [
          0.023605,
          -0.926381,
          -0.375847,
          1.411123
        ],
        [
          0.0,
          0.0,
          0.0,
          1.0
        ]
      ]
    },
    {
      "file_path": "/media/NFS/ttao/scannet/posed_images/scene0047_00/00264.jpg",
      "transform_matrix": [
        [
          -0.944222,
          -0.142324,
          0.296964,
          3.171911
        ],
        [
          -0.328072,
          0.328496,
          -0.885697,
          3.062438
        ],
        [
          0.028504,
          -0.93372,
          -0.356866,
          1.405428
        ],
        [
          0.0,
          0.0,
          0.0,
          1.0
        ]
      ]
    },
    {
      "file_path": "/media/NFS/ttao/scannet/posed_images/scene0047_00/00270.jpg",
      "transform_matrix": [
        [
          -0.941001,
          -0.14639,
          0.3051,
          3.244509
        ],
        [
          -0.337946,
          0.359714,
          -0.869712,
          3.039105
        ],
        [
          0.017569,
          -0.921507,
          -0.387963,
          1.397966
        ],
        [
          0.0,
          0.0,
          0.0,
          1.0
        ]
      ]
    },
    {
      "file_path": "/media/NFS/ttao/scannet/posed_images/scene0047_00/00276.jpg",
      "transform_matrix": [
        [
          -0.946263,
          -0.095916,
          0.308845,
          3.310024
        ],
        [
          -0.322171,
          0.362653,
          -0.874465,
          2.980512
        ],
        [
          -0.028129,
          -0.926975,
          -0.374066,
          1.405952
        ],
        [
          0.0,
          0.0,
          0.0,
          1.0
        ]
      ]
    },
    {
      "file_path": "/media/NFS/ttao/scannet/posed_images/scene0047_00/00277.jpg",
      "transform_matrix": [
        [
          -0.945828,
          -0.087319,
          0.312706,
          3.316071
        ],
        [
          -0.322475,
          0.364442,
          -0.873609,
          2.968841
        ],
        [
          -0.037681,
          -0.927123,
          -0.372858,
          1.407805
        ],
        [
          0.0,
          0.0,
          0.0,
          1.0
        ]
      ]
    },
    {
      "file_path": "/media/NFS/ttao/scannet/posed_images/scene0047_00/00284.jpg",
      "transform_matrix": [
        [
          -0.973192,
          -0.07311,
          0.218062,
          3.384962
        ],
        [
          -0.229906,
          0.335116,
          -0.913696,
          2.900635
        ],
        [
          -0.006276,
          -0.939336,
          -0.34294,
          1.41051
        ],
        [
          0.0,
          0.0,
          0.0,
          1.0
        ]
      ]
    },
    {
      "file_path": "/media/NFS/ttao/scannet/posed_images/scene0047_00/00290.jpg",
      "transform_matrix": [
        [
          -0.992031,
          -0.041273,
          0.119042,
          3.439338
        ],
        [
          -0.125994,
          0.322166,
          -0.938262,
          2.859431
        ],
        [
          0.000374,
          -0.945783,
          -0.324799,
          1.408225
        ],
        [
          0.0,
          0.0,
          0.0,
          1.0
        ]
      ]
    },
    {
      "file_path": "/media/NFS/ttao/scannet/posed_images/scene0047_00/00294.jpg",
      "transform_matrix": [
        [
          -0.997918,
          -0.017719,
          0.062007,
          3.476218
        ],
        [
          -0.064416,
          0.319566,
          -0.945372,
          2.837499
        ],
        [
          -0.003065,
          -0.947398,
          -0.320042,
          1.40824
        ],
        [
          0.0,
          0.0,
          0.0,
          1.0
        ]
      ]
    },
    {
      "file_path": "/media/NFS/ttao/scannet/posed_images/scene0047_00/00295.jpg",
      "transform_matrix": [
        [
          -0.998775,
          -0.010812,
          0.048292,
          3.483198
        ],
        [
          -0.049218,
          0.3187,
          -0.946577,
          2.833541
        ],
        [
          -0.005156,
          -0.947794,
          -0.318842,
          1.406377
        ],
        [
          0.0,
          0.0,
          0.0,
          1.0
        ]
      ]
    },
    {
      "file_path": "/media/NFS/ttao/scannet/posed_images/scene0047_00/00302.jpg",
      "transform_matrix": [
        [
          -0.997028,
          0.013302,
          -0.075882,
          3.567367
        ],
        [
          0.075688,
          0.352784,
          -0.932639,
          2.803478
        ],
        [
          0.014364,
          -0.93561,
          -0.352742,
          1.391849
        ],
        [
          0.0,
          0.0,
          0.0,
          1.0
        ]
      ]
    },
    {
      "file_path": "/media/NFS/ttao/scannet/posed_images/scene0047_00/00307.jpg",
      "transform_matrix": [
        [
          -0.983216,
          0.031372,
          -0.179726,
          3.64104
        ],
        [
          0.178162,
          0.37726,
          -0.908809,
          2.785635
        ],
        [
          0.039292,
          -0.925576,
          -0.376517,
          1.392931
        ],
        [
          0.0,
          0.0,
          0.0,
          1.0
        ]
      ]
    },
    {
      "file_path": "/media/NFS/ttao/scannet/posed_images/scene0047_00/00309.jpg",
      "transform_matrix": [
        [
          -0.979457,
          0.050351,
          -0.195266,
          3.662723
        ],
        [
          0.199834,
          0.372117,
          -0.906419,
          2.784294
        ],
        [
          0.027022,
          -0.926819,
          -0.374535,
          1.392661
        ],
        [
          0.0,
          0.0,
          0.0,
          1.0
        ]
      ]
    },
    {
      "file_path": "/media/NFS/ttao/scannet/posed_images/scene0047_00/00313.jpg",
      "transform_matrix": [
        [
          -0.973177,
          0.080497,
          -0.215515,
          3.710413
        ],
        [
          0.230029,
          0.355204,
          -0.906045,
          2.784032
        ],
        [
          0.003618,
          -0.931317,
          -0.364193,
          1.389182
        ],
        [
          0.0,
          0.0,
          0.0,
          1.0
        ]
      ]
    },
    {
      "file_path": "/media/NFS/ttao/scannet/posed_images/scene0047_00/00318.jpg",
      "transform_matrix": [
        [
          -0.97472,
          0.100681,
          -0.199457,
          3.7554
        ],
        [
          0.222648,
          0.363213,
          -0.904712,
          2.79979
        ],
        [
          -0.018642,
          -0.92625,
          -0.376448,
          1.38694
        ],
        [
          0.0,
          0.0,
          0.0,
          1.0
        ]
      ]
    },
    {
      "file_path": "/media/NFS/ttao/scannet/posed_images/scene0047_00/00325.jpg",
      "transform_matrix": [
        [
          -0.97014,
          0.078637,
          -0.229441,
          3.822269
        ],
        [
          0.242123,
          0.369608,
          -0.897088,
          2.842139
        ],
        [
          0.014259,
          -0.925854,
          -0.377612,
          1.381147
        ],
        [
          0.0,
          0.0,
          0.0,
          1.0
        ]
      ]
    },
    {
      "file_path": "/media/NFS/ttao/scannet/posed_images/scene0047_00/00328.jpg",
      "transform_matrix": [
        [
          -0.970945,
          0.076515,
          -0.226738,
          3.844883
        ],
        [
          0.238985,
          0.358686,
          -0.902347,
          2.867648
        ],
        [
          0.012284,
          -0.930317,
          -0.366551,
          1.374369
        ],
        [
          0.0,
          0.0,
          0.0,
          1.0
        ]
      ]
    },
    {
      "file_path": "/media/NFS/ttao/scannet/posed_images/scene0047_00/00332.jpg",
      "transform_matrix": [
        [
          -0.970762,
          0.085207,
          -0.22441,
          3.884671
        ],
        [
          0.239768,
          0.388807,
          -0.889573,
          2.913752
        ],
        [
          0.011455,
          -0.91737,
          -0.397869,
          1.360578
        ],
        [
          0.0,
          0.0,
          0.0,
          1.0
        ]
      ]
    },
    {
      "file_path": "/media/NFS/ttao/scannet/posed_images/scene0047_00/00339.jpg",
      "transform_matrix": [
        [
          -0.949852,
          0.114879,
          -0.290833,
          3.951079
        ],
        [
          0.311786,
          0.418952,
          -0.8528,
          2.962362
        ],
        [
          0.023876,
          -0.900712,
          -0.43376,
          1.369577
        ],
        [
          0.0,
          0.0,
          0.0,
          1.0
        ]
      ]
    },
    {
      "file_path": "/media/NFS/ttao/scannet/posed_images/scene0047_00/00344.jpg",
      "transform_matrix": [
        [
          -0.927112,
          0.129558,
          -0.351679,
          4.01498
        ],
        [
          0.374352,
          0.365179,
          -0.852353,
          2.992004
        ],
        [
          0.017997,
          -0.921878,
          -0.387062,
          1.37552
        ],
        [
          0.0,
          0.0,
          0.0,
          1.0
        ]
      ]
    },
    {
      "file_path": "/media/NFS/ttao/scannet/posed_images/scene0047_00/00347.jpg",
      "transform_matrix": [
        [
          -0.914755,
          0.145255,
          -0.376994,
          4.058537
        ],
        [
          0.40377,
          0.360756,
          -0.840729,
          3.001287
        ],
        [
          0.013883,
          -0.92128,
          -0.388652,
          1.37591
        ],
        [
          0.0,
          0.0,
          0.0,
          1.0
        ]
      ]
    },
    {
      "file_path": "/media/NFS/ttao/scannet/posed_images/scene0047_00/00352.jpg",
      "transform_matrix": [
        [
          -0.893601,
          0.16257,
          -0.418388,
          4.15283
        ],
        [
          0.44886,
          0.326591,
          -0.831783,
          3.002476
        ],
        [
          0.001419,
