{
  "frames": [
    {
      "file_path": "/media/NFS/ttao/scannet/posed_images/scene0686_02/00000.jpg",
      "transform_matrix": [
        [
          -0.231209,
          0.468064,
          -0.852912,
          4.441355
        ],
        [
          0.971563,
          0.157099,
          -0.17716,
          2.478127
        ],
        [
          0.051069,
          -0.869618,
          -0.491076,
          1.391224
        ],
        [
          0.0,
          0.0,
          0.0,
          1.0
        ]
      ]
    },
    {
      "file_path": "/media/NFS/ttao/scannet/posed_images/scene0686_02/00004.jpg",
      "transform_matrix": [
        [
          -0.272007,
          0.437765,
          -0.856956,
          4.458525
        ],
        [
          0.961809,
          0.152002,
          -0.22764,
          2.521141
        ],
        [
          0.030606,
          -0.886147,
          -0.462392,
          1.414227
        ],
        [
          0.0,
          0.0,
          0.0,
          1.0
        ]
      ]
    },
    {
      "file_path": "/media/NFS/ttao/scannet/posed_images/scene0686_02/00010.jpg",
      "transform_matrix": [
        [
          -0.305247,
          0.407906,
          -0.860486,
          4.495026
        ],
        [
          0.952244,
          0.1237,
          -0.279158,
          2.540363
        ],
        [
          -0.007428,
          -0.904606,
          -0.426185,
          1.404855
        ],
        [
          0.0,
          0.0,
          0.0,
          1.0
        ]
      ]
    },
    {
      "file_path": "/media/NFS/ttao/scannet/posed_images/scene0686_02/00015.jpg",
      "transform_matrix": [
        [
          -0.321571,
          0.397492,
          -0.859414,
          4.514048
        ],
        [
          0.946679,
          0.116001,
          -0.300571,
          2.544572
        ],
        [
          -0.019781,
          -0.910244,
          -0.4136,
          1.415493
        ],
        [
          0.0,
          0.0,
          0.0,
          1.0
        ]
      ]
    },
    {
      "file_path": "/media/NFS/ttao/scannet/posed_images/scene0686_02/00017.jpg",
      "transform_matrix": [
        [
          -0.330474,
          0.39501,
          -0.857178,
          4.526155
        ],
        [
          0.943599,
          0.118857,
          -0.30902,
          2.541114
        ],
        [
          -0.020184,
          -0.910956,
          -0.41201,
          1.410999
        ],
        [
          0.0,
          0.0,
          0.0,
          1.0
        ]
      ]
    },
    {
      "file_path": "/media/NFS/ttao/scannet/posed_images/scene0686_02/00023.jpg",
      "transform_matrix": [
        [
          -0.330951,
          0.4274,
          -0.841309,
          4.564695
        ],
        [
          0.943426,
          0.130535,
          -0.304808,
          2.520769
        ],
        [
          -0.020455,
          -0.89459,
          -0.446421,
          1.38806
        ],
        [
          0.0,
          0.0,
          0.0,
          1.0
        ]
      ]
    },
    {
      "file_path": "/media/NFS/ttao/scannet/posed_images/scene0686_02/00028.jpg",
      "transform_matrix": [
        [
          -0.339327,
          0.467031,
          -0.816541,
          4.625273
        ],
        [
          0.940266,
          0.143002,
          -0.30895,
          2.500064
        ],
        [
          -0.027522,
          -0.872601,
          -0.487658,
          1.364544
        ],
        [
          0.0,
          0.0,
          0.0,
          1.0
        ]
      ]
    },
    {
      "file_path": "/media/NFS/ttao/scannet/posed_images/scene0686_02/00032.jpg",
      "transform_matrix": [
        [
          -0.327506,
          0.505089,
          -0.798514,
          4.660425
        ],
        [
          0.943946,
          0.137975,
          -0.29988,
          2.479074
        ],
        [
          -0.041292,
          -0.851967,
          -0.521965,
          1.370293
        ],
        [
          0.0,
          0.0,
          0.0,
          1.0
        ]
      ]
    },
    {
      "file_path": "/media/NFS/ttao/scannet/posed_images/scene0686_02/00036.jpg",
      "transform_matrix": [
        [
          -0.326199,
          0.519607,
          -0.789685,
          4.709528
        ],
        [
          0.944015,
          0.135497,
          -0.300793,
          2.468578
        ],
        [
          -0.049294,
          -0.843593,
          -0.534716,
          1.358714
        ],
        [
          0.0,
          0.0,
          0.0,
          1.0
        ]
      ]
    },
    {
      "file_path": "/media/NFS/ttao/scannet/posed_images/scene0686_02/00037.jpg",
      "transform_matrix": [
        [
          -0.328564,
          0.521325,
          -0.787569,
          4.72068
        ],
        [
          0.943147,
          0.136787,
          -0.302924,
          2.466468
        ],
        [
          -0.050193,
          -0.842324,
          -0.536629,
          1.356973
        ],
        [
          0.0,
          0.0,
          0.0,
          1.0
        ]
      ]
    },
    {
      "file_path": "/media/NFS/ttao/scannet/posed_images/scene0686_02/00045.jpg",
      "transform_matrix": [
        [
          -0.367039,
          0.506059,
          -0.780504,
          4.808394
        ],
        [
          0.9302,
          0.196632,
          -0.309943,
          2.444784
        ],
        [
          -0.003377,
          -0.839786,
          -0.542907,
          1.343354
        ],
        [
          0.0,
          0.0,
          0.0,
          1.0
        ]
      ]
    },
    {
      "file_path": "/media/NFS/ttao/scannet/posed_images/scene0686_02/00047.jpg",
      "transform_matrix": [
        [
          -0.383578,
          0.494292,
          -0.780092,
          4.826214
        ],
        [
          0.92343,
          0.216304,
          -0.317001,
          2.437925
        ],
        [
          0.012045,
          -0.841955,
          -0.539414,
          1.343822
        ],
        [
          0.0,
          0.0,
          0.0,
          1.0
        ]
      ]
    },
    {
      "file_path": "/media/NFS/ttao/scannet/posed_images/scene0686_02/00054.jpg",
      "transform_matrix": [
        [
          -0.448074,
          0.453064,
          -0.77069,
          4.886193
        ],
        [
          0.892896,
          0.269564,
          -0.360656,
          2.408154
        ],
        [
          0.04435,
          -0.849746,
          -0.525323,
          1.34588
        ],
        [
          0.0,
          0.0,
          0.0,
          1.0
        ]
      ]
    },
    {
      "file_path": "/media/NFS/ttao/scannet/posed_images/scene0686_02/00057.jpg",
      "transform_matrix": [
        [
          -0.46823,
          0.435601,
          -0.768773,
          4.905785
        ],
        [
          0.881954,
          0.28358,
          -0.376483,
          2.394333
        ],
        [
          0.054012,
          -0.854304,
          -0.516961,
          1.350254
        ],
        [
          0.0,
          0.0,
          0.0,
          1.0
        ]
      ]
    },
    {
      "file_path": "/media/NFS/ttao/scannet/posed_images/scene0686_02/00059.jpg",
      "transform_matrix": [
        [
          -0.481949,
          0.419806,
          -0.769082,
          4.915709
        ],
        [
          0.874298,
          0.288203,
          -0.390566,
          2.387753
        ],
        [
          0.05769,
          -0.86064,
          -0.505935,
          1.357051
        ],
        [
          0.0,
          0.0,
          0.0,
          1.0
        ]
      ]
    },
    {
      "file_path": "/media/NFS/ttao/scannet/posed_images/scene0686_02/00064.jpg",
      "transform_matrix": [
        [
          -0.527688,
          0.383712,
          -0.757833,
          4.923494
        ],
        [
          0.847884,
          0.291878,
          -0.442606,
          2.386069
        ],
        [
          0.051361,
          -0.876112,
          -0.479364,
          1.388698
        ],
        [
          0.0,
          0.0,
          0.0,
          1.0
        ]
      ]
    },
    {
      "file_path": "/media/NFS/ttao/scannet/posed_images/scene0686_02/00068.jpg",
      "transform_matrix": [
        [
          -0.53921,
          0.349233,
          -0.766348,
          4.925493
        ],
        [
          0.840164,
          0.285857,
          -0.460879,
          2.378218
        ],
        [
          0.058111,
          -0.892369,
          -0.44755,
          1.400959
        ],
        [
          0.0,
          0.0,
          0.0,
          1.0
        ]
      ]
    },
    {
      "file_path": "/media/NFS/ttao/scannet/posed_images/scene0686_02/00074.jpg",
      "transform_matrix": [
        [
          -0.552125,
          0.317049,
          -0.771128,
          4.915296
        ],
        [
          0.831828,
          0.27241,
          -0.483585,
          2.37025
        ],
        [
          0.056743,
          -0.908445,
          -0.414135,
          1.42185
        ],
        [
          0.0,
          0.0,
          0.0,
          1.0
        ]
      ]
    },
    {
      "file_path": "/media/NFS/ttao/scannet/posed_images/scene0686_02/00076.jpg",
      "transform_matrix": [
        [
          -0.560789,
          0.305297,
          -0.769616,
          4.910769
        ],
        [
          0.825431,
          0.278726,
          -0.490893,
          2.363555
        ],
        [
          0.064644,
          -0.910553,
          -0.408308,
          1.421993
        ],
        [
          0.0,
          0.0,
          0.0,
          1.0
        ]
      ]
    },
    {
      "file_path": "/media/NFS/ttao/scannet/posed_images/scene0686_02/00080.jpg",
      "transform_matrix": [
        [
          -0.57821,
          0.291881,
          -0.761891,
          4.895373
        ],
        [
          0.813841,
          0.272445,
          -0.513261,
          2.341568
        ],
        [
          0.057763,
          -0.916831,
          -0.395075,
          1.416602
        ],
        [
          0.0,
          0.0,
          0.0,
          1.0
        ]
      ]
    },
    {
      "file_path": "/media/NFS/ttao/scannet/posed_images/scene0686_02/00084.jpg",
      "transform_matrix": [
        [
          -0.583605,
          0.278106,
          -0.76293,
          4.875398
        ],
        [
          0.810014,
          0.265673,
          -0.522777,
          2.320017
        ],
        [
          0.057302,
          -0.923079,
          -0.380318,
          1.418748
        ],
        [
          0.0,
          0.0,
          0.0,
          1.0
        ]
      ]
    },
    {
      "file_path": "/media/NFS/ttao/scannet/posed_images/scene0686_02/00089.jpg",
      "transform_matrix": [
        [
          -0.578237,
          0.272776,
          -0.768918,
          4.847875
        ],
        [
          0.814599,
          0.245578,
          -0.525471,
          2.292813
        ],
        [
          0.045493,
          -0.930207,
          -0.364205,
          1.42693
        ],
        [
          0.0,
          0.0,
          0.0,
          1.0
        ]
      ]
    },
    {
      "file_path": "/media/NFS/ttao/scannet/posed_images/scene0686_02/00096.jpg",
      "transform_matrix": [
        [
          -0.557272,
          0.294049,
          -0.77652,
          4.845063
        ],
        [
          0.828701,
          0.255522,
          -0.49796,
          2.249693
        ],
        [
          0.051993,
          -0.921002,
          -0.386074,
          1.424829
        ],
        [
          0.0,
          0.0,
          0.0,
          1.0
        ]
      ]
    },
    {
      "file_path": "/media/NFS/ttao/scannet/posed_images/scene0686_02/00098.jpg",
      "transform_matrix": [
        [
          -0.551848,
          0.298625,
          -0.778644,
          4.85099
        ],
        [
          0.832755,
          0.2472,
          -0.495391,
          2.233901
        ],
        [
          0.044545,
          -0.9218,
          -0.385099,
          1.425501
        ],
        [
          0.0,
          0.0,
          0.0,
          1.0
        ]
      ]
    },
    {
      "file_path": "/media/NFS/ttao/scannet/posed_images/scene0686_02/00105.jpg",
      "transform_matrix": [
        [
          -0.513293,
          0.345058,
          -0.785789,
          4.913652
        ],
        [
          0.858211,
          0.208543,
          -0.469024,
          2.144444
        ],
        [
          0.002031,
          -0.91512,
          -0.403176,
          1.414093
        ],
        [
          0.0,
          0.0,
          0.0,
          1.0
        ]
      ]
    },
    {
      "file_path": "/media/NFS/ttao/scannet/posed_images/scene0686_02/00106.jpg",
      "transform_matrix": [
        [
          -0.504741,
          0.348523,
          -0.78979,
          4.926137
        ],
        [
          0.863271,
          0.203708,
          -0.461808,
          2.130274
        ],
        [
          -6.4e-05,
          -0.914896,
          -0.40369,
          1.412066
        ],
        [
          0.0,
          0.0,
          0.0,
          1.0
        ]
      ]
    },
    {
      "file_path": "/media/NFS/ttao/scannet/posed_images/scene0686_02/00112.jpg",
      "transform_matrix": [
        [
          -0.441367,
          0.379109,
          -0.813309,
          5.002757
        ],
        [
          0.897043,
          0.209201,
          -0.389292,
          2.029388
        ],
        [
          0.022561,
          -0.901394,
          -0.432412,
          1.405499
        ],
        [
          0.0,
          0.0,
          0.0,
          1.0
        ]
      ]
    },
    {
      "file_path": "/media/NFS/ttao/scannet/posed_images/scene0686_02/00116.jpg",
      "transform_matrix": [
        [
          -0.426809,
          0.361882,
          -0.828779,
          5.036726
        ],
        [
          0.903023,
          0.220022,
          -0.368972,
          1.988413
        ],
        [
          0.048825,
          -0.905887,
          -0.420695,
          1.400966
        ],
        [
          0.0,
          0.0,
          0.0,
          1.0
        ]
      ]
    },
    {
      "file_path": "/media/NFS/ttao/scannet/posed_images/scene0686_02/00121.jpg",
      "transform_matrix": [
        [
          -0.401694,
          0.351407,
          -0.845668,
          5.06253
        ],
        [
          0.912717,
          0.229017,
          -0.338377,
          1.953557
        ],
        [
          0.074764,
          -0.90778,
          -0.41273,
          1.397511
        ],
        [
          0.0,
          0.0,
          0.0,
          1.0
        ]
      ]
    },
    {
      "file_path": "/media/NFS/ttao/scannet/posed_images/scene0686_02/00124.jpg",
      "transform_matrix": [
        [
          -0.396167,
          0.346214,
          -0.850404,
          5.073079
        ],
        [
          0.914454,
          0.232116,
          -0.331506,
          1.937775
        ],
        [
          0.082621,
          -0.908987,
          -0.408553,
          1.397941
        ],
        [
          0.0,
          0.0,
          0.0,
          1.0
        ]
      ]
    },
    {
      "file_path": "/media/NFS/ttao/scannet/posed_images/scene0686_02/00127.jpg",
      "transform_matrix": [
        [
          -0.38555,
          0.344909,
          -0.855797,
          5.082295
        ],
        [
          0.918632,
          0.230354,
          -0.321019,
          1.925568
        ],
        [
          0.086414,
          -0.909931,
          -0.405657,
          1.396907
        ],
        [
          0.0,
          0.0,
          0.0,
          1.0
        ]
      ]
    },
    {
      "file_path": "/media/NFS/ttao/scannet/posed_images/scene0686_02/00134.jpg",
      "transform_matrix": [
        [
          -0.378433,
          0.345499,
          -0.858731,
          5.093162
        ],
        [
          0.922549,
          0.216403,
          -0.319489,
          1.906157
        ],
        [
          0.075449,
          -0.913127,
          -0.400633,
          1.398937
        ],
        [
          0.0,
          0.0,
          0.0,
          1.0
        ]
      ]
    },
    {
      "file_path": "/media/NFS/ttao/scannet/posed_images/scene0686_02/00138.jpg",
      "transform_matrix": [
        [
          -0.378655,
          0.349199,
          -0.857135,
          5.091277
        ],
        [
          0.922785,
          0.213822,
          -0.320545,
          1.895248
        ],
        [
          0.07134,
          -0.912327,
          -0.4032,
          1.3962
        ],
        [
          0.0,
          0.0,
          0.0,
          1.0
        ]
      ]
    },
    {
      "file_path": "/media/NFS/ttao/scannet/posed_images/scene0686_02/00139.jpg",
      "transform_matrix": [
        [
          -0.377956,
          0.349064,
          -0.857499,
          5.089026
        ],
        [
          0.923093,
          0.213165,
          -0.320094,
          1.89378
        ],
        [
          0.071056,
          -0.912532,
          -0.402785,
          1.395275
        ],
        [
          0.0,
          0.0,
          0.0,
          1.0
        ]
      ]
    },
    {
      "file_path": "/media/NFS/ttao/scannet/posed_images/scene0686_02/00147.jpg",
      "transform_matrix": [
        [
          -0.318053,
          0.368519,
          -0.873519,
          5.03666
        ],
        [
          0.945615,
          0.189606,
          -0.264313,
          1.871166
        ],
        [
          0.06822,
          -0.910079,
          -0.408782,
          1.374709
        ],
        [
          0.0,
          0.0,
          0.0,
          1.0
        ]
      ]
    },
    {
      "file_path": "/media/NFS/ttao/scannet/posed_images/scene0686_02/00148.jpg",
      "transform_matrix": [
        [
          -0.317125,
          0.374059,
          -0.871499,
          5.028056
        ],
        [
          0.946218,
          0.186859,
          -0.264111,
          1.868661
        ],
        [
          0.064055,
          -0.908385,
          -0.4132,
          1.375207
        ],
        [
          0.0,
          0.0,
          0.0,
          1.0
        ]
      ]
    },
    {
      "file_path": "/media/NFS/ttao/scannet/posed_images/scene0686_02/00156.jpg",
      "transform_matrix": [
        [
          -0.332366,
          0.38186,
          -0.862389,
          4.94897
        ],
        [
          0.942566,
          0.166667,
          -0.289468,
          1.838559
        ],
        [
          0.033196,
          -0.909068,
          -0.415323,
          1.37446
        ],
        [
          0.0,
          0.0,
          0.0,
          1.0
        ]
      ]
    },
    {
      "file_path": "/media/NFS/ttao/scannet/posed_images/scene0686_02/00157.jpg",
      "transform_matrix": [
        [
          -0.33173,
          0.385839,
          -0.860862,
          4.937372
        ],
        [
          0.942764,
          0.168409,
          -0.28781,
          1.834616
        ],
        [
          0.033929,
          -0.907065,
          -0.419621,
          1.374983
        ],
        [
          0.0,
          0.0,
          0.0,
          1.0
        ]
      ]
    },
    {
      "file_path": "/media/NFS/ttao/scannet/posed_images/scene0686_02/00163.jpg",
      "transform_matrix": [
        [
          -0.352345,
          0.406126,
          -0.843158,
          4.878661
        ],
        [
          0.935406,
          0.181217,
          -0.303607,
          1.803632
        ],
        [
          0.029492,
          -0.895669,
          -0.443743,
          1.374873
        ],
        [
          0.0,
          0.0,
          0.0,
          1.0
        ]
      ]
    },
    {
      "file_path": "/media/NFS/ttao/scannet/posed_images/scene0686_02/00166.jpg",
      "transform_matrix": [
        [
          -0.369755,
          0.401703,
          -0.837804,
          4.864848
        ],
        [
          0.92875,
          0.185554,
          -0.320926,
          1.790035
        ],
        [
          0.026541,
          -0.896775,
          -0.441691,
          1.375914
        ],
        [
          0.0,
          0.0,
          0.0,
          1.0
        ]
      ]
    },
    {
      "file_path": "/media/NFS/ttao/scannet/posed_images/scene0686_02/00171.jpg",
      "transform_matrix": [
        [
          -0.393642,
          0.422812,
          -0.816257,
          4.853673
        ],
        [
          0.918821,
          0.208513,
          -0.335097,
          1.747553
        ],
        [
          0.028517,
          -0.881903,
          -0.470568,
          1.366642
        ],
        [
          0.0,
          0.0,
          0.0,
          1.0
        ]
      ]
    },
    {
      "file_path": "/media/NFS/ttao/scannet/posed_images/scene0686_02/00175.jpg",
      "transform_matrix": [
        [
          -0.406136,
          0.405515,
          -0.818908,
          4.857942
        ],
        [
          0.91286,
          0.220942,
          -0.343323,
          1.719563
        ],
        [
          0.041708,
          -0.886985,
          -0.459911,
          1.364724
        ],
        [
          0.0,
          0.0,
          0.0,
          1.0
        ]
      ]
    },
    {
      "file_path": "/media/NFS/ttao/scannet/posed_images/scene0686_02/00178.jpg",
      "transform_matrix": [
        [
          -0.418322,
          0.389811,
          -0.820399,
          4.862509
        ],
        [
          0.907165,
          0.224433,
          -0.355925,
          1.696052
        ],
        [
          0.045381,
          -0.893128,
          -0.447508,
          1.365156
        ],
        [
          0.0,
          0.0,
          0.0,
          1.0
        ]
      ]
    },
    {
      "file_path": "/media/NFS/ttao/scannet/posed_images/scene0686_02/00185.jpg",
      "transform_matrix": [
        [
          -0.465749,
          0.38706,
          -0.795778,
          4.881822
        ],
        [
          0.883737,
          0.249864,
          -0.395698,
          1.620384
        ],
        [
          0.045677,
          -0.887554,
          -0.458433,
          1.370733
        ],
        [
          0.0,
          0.0,
          0.0,
          1.0
        ]
      ]
    },
    {
      "file_path": "/media/NFS/ttao/scannet/posed_images/scene0686_02/00186.jpg",
      "transform_matrix": [
        [
          -0.470989,
          0.384295,
          -0.794032,
          4.886153
        ],
        [
          0.880801,
          0.254426,
          -0.399321,
          1.609776
        ],
        [
          0.048565,
          -0.88746,
          -0.45832,
          1.372357
        ],
        [
          0.0,
          0.0,
          0.0,
          1.0
        ]
      ]
    },
    {
      "file_path": "/media/NFS/ttao/scannet/posed_images/scene0686_02/00194.jpg",
      "transform_matrix": [
        [
          -0.535737,
          0.351077,
          -0.76794,
          4.905972
        ],
        [
          0.841934,
          0.291345,
          -0.454164,
          1.574313
        ],
        [
          0.06429,
          -0.889867,
          -0.451668,
          1.383657
        ],
        [
          0.0,
          0.0,
          0.0,
          1.0
        ]
      ]
    },
    {
      "file_path": "/media/NFS/ttao/scannet/posed_images/scene0686_02/00196.jpg",
      "transform_matrix": [
        [
          -0.546353,
          0.342449,
          -0.764347,
          4.911478
        ],
        [
          0.834172,
          0.304428,
          -0.459871,
          1.567973
        ],
        [
          0.075207,
          -0.888849,
          -0.451986,
          1.383852
        ],
        [
          0.0,
          0.0,
          0.0,
          1.0
        ]
      ]
    },
    {
      "file_path": "/media/NFS/ttao/scannet/posed_images/scene0686_02/00199.jpg",
      "transform_matrix": [
        [
          -0.547268,
          0.333092,
          -0.76782,
          4.917117
        ],
        [
          0.832882,
          0.30716,
          -0.460391,
          1.565424
        ],
        [
          0.082491,
          -0.891461,
          -0.445526,
          1.383891
        ],
        [
          0.0,
          0.0,
          0.0,
          1.0
        ]
      ]
    },
    {
      "file_path": "/media/NFS/ttao/scannet/posed_images/scene0686_02/00207.jpg",
      "transform_matrix": [
        [
          -0.549425,
          0.313608,
          -0.774456,
          4.922216
        ],
        [
          0.83141,
          0.297273,
          -0.469453,
          1.577435
        ],
        [
          0.083001,
          -0.90182,
          -0.424066,
          1.387167
        ],
        [
          0.0,
          0.0,
          0.0,
          1.0
        ]
      ]
    },
    {
      "file_path": "/media/NFS/ttao/scannet/posed_images/scene0686_02/00208.jpg",
      "transform_matrix": [
        [
          -0.548195,
          0.314073,
          -0.775138,
          4.92135
        ],
        [
          0.832313,
          0.295831,
          -0.468764,
          1.580071
        ],
        [
          0.082084,
          -0.902132,
          -0.423581,
          1.387451
        ],
        [
          0.0,
          0.0,
          0.0,
          1.0
        ]
      ]
    },
    {
      "file_path": "/media/NFS/ttao/scannet/posed_images/scene0686_02/00214.jpg",
      "transform_matrix": [
        [
          -0.514292,
          0.314486,
          -0.797873,
          4.9083
        ],
        [
          0.853054,
          0.283411,
          -0.438152,
          1.585247
        ],
        [
          0.088333,
          -0.905967,
          -0.41403,
          1.378026
        ],
        [
          0.0,
          0.0,
          0.0,
          1.0
        ]
      ]
    },
    {
      "file_path": "/media/NFS/ttao/scannet/posed_images/scene0686_02/00217.jpg",
      "transform_matrix": [
        [
          -0.503639,
          0.317937,
          -0.803283,
          4.891901
        ],
        [
          0.86031,
          0.269421,
          -0.432757,
          1.591995
        ],
        [
          0.078832,
          -0.909026,
          -0.409215,
          1.37852
        ],
        [
          0.0,
          0.0,
          0.0,
          1.0
        ]
      ]
    },
    {
      "file_path": "/media/NFS/ttao/scannet/posed_images/scene0686_02/00223.jpg",
      "transform_matrix": [
        [
          -0.473656,
          0.33908,
          -0.812819,
          4.832235
        ],
        [
          0.87846,
          0.247825,
          -0.408523,
          1.591008
        ],
        [
          0.062915,
          -0.907528,
          -0.415252,
          1.369571
        ],
        [
          0.0,
          0.0,
          0.0,
          1.0
        ]
      ]
    },
    {
      "file_path": "/media/NFS/ttao/scannet/posed_images/scene0686_02/00226.jpg",
      "transform_matrix": [
        [
          -0.474721,
          0.347281,
          -0.808725,
          4.802074
        ],
        [
          0.878764,
          0.238317,
          -0.413496,
          1.590072
        ],
        [
          0.049134,
          -0.906974,
          -0.418312,
          1.368541
        ],
        [
          0.0,
          0.0,
          0.0,
          1.0
        ]
      ]
    },
    {
      "file_path": "/media/NFS/ttao/scannet/posed_images/scene0686_02/00229.jpg",
      "transform_matrix": [
        [
          -0.465338,
          0.358561,
          -0.809256,
          4.759673
        ],
        [
          0.884407,
          0.225383,
          -0.408689,
          1.582702
        ],
        [
          0.035853,
          -0.90589,
          -0.421993,
          1.373808
        ],
        [
          0.0,
          0.0,
          0.0,
          1.0
        ]
      ]
    },
    {
      "file_path": "/media/NFS/ttao/scannet/posed_images/scene0686_02/00236.jpg",
      "transform_matrix": [
        [
          -0.45257,
          0.36509,
          -0.813565,
          4.703369
        ],
        [
          0.891296,
          0.213624,
          -0.399946,
          1.572658
        ],
        [
          0.02778,
          -0.906131,
          -0.422083,
          1.385645
        ],
        [
          0.0,
          0.0,
          0.0,
          1.0
        ]
      ]
    },
    {
      "file_path": "/media/NFS/ttao/scannet/posed_images/scene0686_02/00240.jpg",
      "transform_matrix": [
        [
          -0.434512,
          0.37674,
          -0.818087,
          4.682151
        ],
        [
          0.900187,
          0.211276,
          -0.380822,
          1.560907
        ],
        [
          0.029372,
          -0.901903,
          -0.430938,
          1.389442
        ],
        [
          0.0,
          0.0,
          0.0,
          1.0
        ]
      ]
    },
    {
      "file_path": "/media/NFS/ttao/scannet/posed_images/scene0686_02/00241.jpg",
      "transform_matrix": [
        [
          -0.431467,
          0.383368,
          -0.816619,
          4.673884
        ],
        [
          0.901625,
          0.2135,
          -0.376151,
          1.552912
        ],
        [
          0.030144,
          -0.89858,
          -0.437772,
          1.391632
        ],
        [
          0.0,
          0.0,
          0.0,
          1.0
        ]
      ]
    },
    {
      "file_path": "/media/NFS/ttao/scannet/posed_images/scene0686_02/00249.jpg",
      "transform_matrix": [
        [
          -0.360311,
          0.351354,
          -0.864133,
          4.659835
        ],
        [
          0.932164,
          0.170678,
          -0.31928,
          1.515235
        ],
        [
          0.035308,
          -0.920554,
          -0.389017,
          1.402065
        ],
        [
          0.0,
          0.0,
          0.0,
          1.0
        ]
      ]
    },
    {
      "file_path": "/media/NFS/ttao/scannet/posed_images/scene0686_02/00252.jpg",
      "transform_matrix": [
        [
          -0.33412,
          0.327349,
          -0.883859,
          4.658641
        ],
        [
          0.94194,
          0.149158,
          -0.300834,
          1.504514
        ],
        [
          0.033357,
          -0.933057,
          -0.35818,
          1.416217
        ],
        [
          0.0,
          0.0,
          0.0,
          1.0
        ]
      ]
    },
    {
      "file_path": "/media/NFS/ttao/scannet/posed_images/scene0686_02/00256.jpg",
      "transform_matrix": [
        [
          -0.323917,
          0.294326,
          -0.899138,
          4.657956
        ],
        [
          0.945127,
          0.143433,
          -0.293533,
          1.481793
        ],
        [
          0.042571,
          -0.944881,
          -0.324636,
          1.438791
        ],
        [
          0.0,
          0.0,
          0.0,
          1.0
        ]
      ]
    },
    {
      "file_path": "/media/NFS/ttao/scannet/posed_images/scene0686_02/00259.jpg",
      "transform_matrix": [
        [
          -0.322876,
          0.276324,
          -0.905205,
          4.659898
        ],
        [
          0.944314,
          0.158142,
          -0.288551,
          1.46901
        ],
        [
          0.063417,
          -0.947964,
          -0.311997,
          1.446263
        ],
        [
          0.0,
          0.0,
          0.0,
          1.0
        ]
      ]
    },
    {
      "file_path": "/media/NFS/ttao/scannet/posed_images/scene0686_02/00263.jpg",
      "transform_matrix": [
        [
          -0.312232,
          0.249204,
          -0.916738,
          4.664182
        ],
        [
          0.94703,
          0.157972,
          -0.279606,
          1.45778
        ],
        [
          0.07514,
          -0.95548,
          -0.285327,
          1.45736
        ],
        [
          0.0,
          0.0,
          0.0,
          1.0
        ]
      ]
    },
    {
      "file_path": "/media/NFS/ttao/scannet/posed_images/scene0686_02/00270.jpg",
      "transform_matrix": [
        [
          -0.327769,
          0.225792,
          -0.917379,
          4.67179
        ],
        [
          0.942643,
          0.143092,
          -0.301577,
          1.45234
        ],
        [
          0.063176,
          -0.963609,
          -0.259743,
          1.483145
        ],
        [
          0.0,
          0.0,
          0.0,
          1.0
        ]
      ]
    },
    {
      "file_path": "/media/NFS/ttao/scannet/posed_images/scene0686_02/00272.jpg",
      "transform_matrix": [
        [
          -0.330843,
          0.224977,
          -0.916476,
          4.674579
        ],
        [
          0.941629,
          0.142793,
          -0.30487,
          1.451828
        ],
        [
          0.062278,
          -0.963844,
          -0.259087,
          1.473674
        ],
        [
          0.0,
          0.0,
          0.0,
          1.0
        ]
      ]
    },
    {
      "file_path": "/media/NFS/ttao/scannet/posed_images/scene0686_02/00278.jpg",
      "transform_matrix": [
        [
          -0.3443,
          0.2414,
          -0.907294,
          4.680687
        ],
        [
          0.936937,
          0.150169,
          -0.315594,
          1.447751
        ],
        [
          0.060063,
          -0.958736,
          -0.27788,
          1.476878
        ],
        [
          0.0,
          0.0,
          0.0,
          1.0
        ]
      ]
    },
    {
      "file_path": "/media/NFS/ttao/scannet/posed_images/scene0686_02/00280.jpg",
      "transform_matrix": [
        [
          -0.348368,
          0.238315,
          -0.906557,
          4.684196
        ],
        [
          0.935152,
          0.154672,
          -0.318697,
          1.447385
        ],
        [
          0.064268,
          -0.958792,
          -0.276744,
          1.472936
        ],
        [
          0.0,
          0.0,
          0.0,
          1.0
        ]
      ]
    },
    {
      "file_path": "/media/NFS/ttao/scannet/posed_images/scene0686_02/00284.jpg",
      "transform_matrix": [
        [
          -0.336835,
          0.248626,
          -0.908145,
          4.685532
        ],
        [
          0.93921,
          0.156884,
          -0.305406,
          1.446
        ],
        [
          0.066541,
          -0.95581,
          -0.286356,
          1.469152
        ],
        [
          0.0,
          0.0,
          0.0,
          1.0
        ]
      ]
    },
    {
      "file_path": "/media/NFS/ttao/scannet/posed_images/scene0686_02/00291.jpg",
      "transform_matrix": [
        [
          -0.32838,
          0.33871,
          -0.881727,
          4.678106
        ],
        [
          0.942874,
          0.173066,
          -0.284671,
          1.429511
        ],
        [
          0.056176,
          -0.924837,
          -0.376192,
          1.445313
        ],
        [
          0.0,
          0.0,
          0.0,
          1.0
        ]
      ]
    },
    {
      "file_path": "/media/NFS/ttao/scannet/posed_images/scene0686_02/00292.jpg",
      "transform_matrix": [
        [
          -0.326677,
          0.347638,
          -0.87888,
          4.677634
        ],
        [
          0.943489,
          0.174822,
          -0.281542,
          1.426996
        ],
        [
          0.055773,
          -0.921187,
          -0.385103,
          1.441664
        ],
        [
          0.0,
          0.0,
          0.0,
          1.0
        ]
      ]
    },
    {
      "file_path": "/media/NFS/ttao/scannet/posed_images/scene0686_02/00300.jpg",
      "transform_matrix": [
        [
          -0.305312,
          0.401584,
          -0.863432,
          4.672063
        ],
        [
          0.950396,
          0.1851,
          -0.249972,
          1.420381
        ],
        [
          0.059437,
          -0.896921,
          -0.438177,
          1.402701
        ],
        [
          0.0,
          0.0,
          0.0,
          1.0
        ]
      ]
    },
    {
      "file_path": "/media/NFS/ttao/scannet/posed_images/scene0686_02/00301.jpg",
      "transform_matrix": [
        [
          -0.303218,
          0.41084,
          -0.859807,
          4.669207
        ],
        [
          0.951071,
          0.186671,
          -0.246206,
          1.42182
        ],
        [
          0.05935,
          -0.892392,
          -0.44734,
          1.402544
        ],
        [
          0.0,
          0.0,
          0.0,
          1.0
        ]
      ]
    },
    {
      "file_path": "/media/NFS/ttao/scannet/posed_images/scene0686_02/00309.jpg",
      "transform_matrix": [
        [
          -0.271317,
          0.465346,
          -0.84252,
          4.664055
        ],
        [
          0.960365,
          0.189023,
          -0.204865,
          1.421645
        ],
        [
          0.063923,
          -0.86471,
          -0.498187,
          1.384896
        ],
        [
          0.0,
          0.0,
          0.0,
          1.0
        ]
      ]
    },
    {
      "file_path": "/media/NFS/ttao/scannet/posed_images/scene0686_02/00311.jpg",
      "transform_matrix": [
        [
          -0.262458,
          0.468222,
          -0.843732,
          4.666013
        ],
        [
          0.962994,
          0.182645,
          -0.198199,
          1.420848
        ],
        [
          0.061302,
          -0.864528,
          -0.498832,
          1.379344
        ],
        [
          0.0,
          0.0,
          0.0,
          1.0
        ]
      ]
    },
    {
      "file_path": "/media/NFS/ttao/scannet/posed_images/scene0686_02/00316.jpg",
      "transform_matrix": [
        [
          -0.245496,
          0.477069,
          -0.843882,
          4.663693
        ],
        [
          0.967088,
          0.180582,
          -0.17925,
          1.422081
        ],
        [
          0.066875,
          -0.860114,
          -0.5057,
          1.37849
        ],
        [
          0.0,
          0.0,
          0.0,
          1.0
        ]
      ]
    },
    {
      "file_path": "/media/NFS/ttao/scannet/posed_images/scene0686_02/00317.jpg",
      "transform_matrix": [
        [
          -0.243572,
          0.477744,
          -0.844058,
          4.663673
        ],
        [
          0.967516,
          0.180453,
          -0.17706,
          1.421954
        ],
        [
          0.067723,
          -0.859766,
          -0.506178,
          1.377483
        ],
        [
          0.0,
          0.0,
          0.0,
          1.0
        ]
      ]
    },
    {
      "file_path": "/media/NFS/ttao/scannet/posed_images/scene0686_02/00325.jpg",
      "transform_matrix": [
        [
          -0.224687,
          0.474891,
          -0.850878,
          4.663332
        ],
        [
          0.969696,
          0.194948,
          -0.147258,
          1.424502
        ],
        [
          0.095946,
          -0.85818,
          -0.504303,
          1.369879
        ],
        [
          0.0,
          0.0,
          0.0,
          1.0
        ]
      ]
    },
    {
      "file_path": "/media/NFS/ttao/scannet/posed_images/scene0686_02/00326.jpg",
      "transform_matrix": [
        [
          -0.224204,
          0.476402,
          -0.850161,
          4.663236
        ],
        [
          0.969784,
          0.195171,
          -0.146384,
          1.426479
        ],
        [
          0.096189,
          -0.857292,
          -0.505765,
          1.370333
        ],
        [
          0.0,
