{
  "frames": [
    {
      "file_path": "/media/NFS/ttao/scannet/posed_images/scene0133_00/00000.jpg",
      "transform_matrix": [
        [
          -0.305635,
          -0.390507,
          0.868385,
          4.266061
        ],
        [
          -0.952144,
          0.122302,
          -0.280116,
          1.773856
        ],
        [
          0.003183,
          -0.91244,
          -0.409198,
          1.285079
        ],
        [
          0.0,
          0.0,
          0.0,
          1.0
        ]
      ]
    },
    {
      "file_path": "/media/NFS/ttao/scannet/posed_images/scene0133_00/00002.jpg",
      "transform_matrix": [
        [
          -0.297898,
          -0.402478,
          0.865603,
          4.239912
        ],
        [
          -0.954572,
          0.132313,
          -0.266996,
          1.761582
        ],
        [
          -0.007071,
          -0.905817,
          -0.42361,
          1.310375
        ],
        [
          0.0,
          0.0,
          0.0,
          1.0
        ]
      ]
    },
    {
      "file_path": "/media/NFS/ttao/scannet/posed_images/scene0133_00/00006.jpg",
      "transform_matrix": [
        [
          -0.291872,
          -0.373412,
          0.880554,
          4.208865
        ],
        [
          -0.956244,
          0.133375,
          -0.260401,
          1.76166
        ],
        [
          -0.020207,
          -0.918028,
          -0.396001,
          1.309596
        ],
        [
          0.0,
          0.0,
          0.0,
          1.0
        ]
      ]
    },
    {
      "file_path": "/media/NFS/ttao/scannet/posed_images/scene0133_00/00008.jpg",
      "transform_matrix": [
        [
          -0.291212,
          -0.373842,
          0.880589,
          4.201304
        ],
        [
          -0.956496,
          0.130748,
          -0.260807,
          1.765781
        ],
        [
          -0.017634,
          -0.91823,
          -0.395654,
          1.30866
        ],
        [
          0.0,
          0.0,
          0.0,
          1.0
        ]
      ]
    },
    {
      "file_path": "/media/NFS/ttao/scannet/posed_images/scene0133_00/00011.jpg",
      "transform_matrix": [
        [
          -0.283566,
          -0.370392,
          0.884534,
          4.190538
        ],
        [
          -0.958761,
          0.127938,
          -0.253789,
          1.762398
        ],
        [
          -0.019164,
          -0.920023,
          -0.391397,
          1.313164
        ],
        [
          0.0,
          0.0,
          0.0,
          1.0
        ]
      ]
    },
    {
      "file_path": "/media/NFS/ttao/scannet/posed_images/scene0133_00/00015.jpg",
      "transform_matrix": [
        [
          -0.267488,
          -0.373421,
          0.888261,
          4.1812
        ],
        [
          -0.963388,
          0.12112,
          -0.239193,
          1.771603
        ],
        [
          -0.018267,
          -0.919721,
          -0.392147,
          1.311898
        ],
        [
          0.0,
          0.0,
          0.0,
          1.0
        ]
      ]
    },
    {
      "file_path": "/media/NFS/ttao/scannet/posed_images/scene0133_00/00019.jpg",
      "transform_matrix": [
        [
          -0.247544,
          -0.366256,
          0.896983,
          4.178794
        ],
        [
          -0.968607,
          0.115379,
          -0.220199,
          1.780141
        ],
        [
          -0.022844,
          -0.923333,
          -0.383319,
          1.309878
        ],
        [
          0.0,
          0.0,
          0.0,
          1.0
        ]
      ]
    },
    {
      "file_path": "/media/NFS/ttao/scannet/posed_images/scene0133_00/00022.jpg",
      "transform_matrix": [
        [
          -0.249254,
          -0.376667,
          0.892185,
          4.180123
        ],
        [
          -0.968419,
          0.102796,
          -0.227153,
          1.790617
        ],
        [
          -0.006152,
          -0.920628,
          -0.390394,
          1.315151
        ],
        [
          0.0,
          0.0,
          0.0,
          1.0
        ]
      ]
    },
    {
      "file_path": "/media/NFS/ttao/scannet/posed_images/scene0133_00/00023.jpg",
      "transform_matrix": [
        [
          -0.248451,
          -0.379342,
          0.891275,
          4.17989
        ],
        [
          -0.968644,
          0.09815,
          -0.228244,
          1.792438
        ],
        [
          -0.000897,
          -0.920036,
          -0.391833,
          1.316153
        ],
        [
          0.0,
          0.0,
          0.0,
          1.0
        ]
      ]
    },
    {
      "file_path": "/media/NFS/ttao/scannet/posed_images/scene0133_00/00027.jpg",
      "transform_matrix": [
        [
          -0.252683,
          -0.362965,
          0.896888,
          4.180966
        ],
        [
          -0.967471,
          0.106549,
          -0.229449,
          1.799958
        ],
        [
          -0.01228,
          -0.925691,
          -0.378082,
          1.323661
        ],
        [
          0.0,
          0.0,
          0.0,
          1.0
        ]
      ]
    },
    {
      "file_path": "/media/NFS/ttao/scannet/posed_images/scene0133_00/00029.jpg",
      "transform_matrix": [
        [
          -0.263964,
          -0.356767,
          0.896125,
          4.179503
        ],
        [
          -0.964392,
          0.113479,
          -0.238895,
          1.807613
        ],
        [
          -0.016461,
          -0.927276,
          -0.374017,
          1.320916
        ],
        [
          0.0,
          0.0,
          0.0,
          1.0
        ]
      ]
    },
    {
      "file_path": "/media/NFS/ttao/scannet/posed_images/scene0133_00/00032.jpg",
      "transform_matrix": [
        [
          -0.271312,
          -0.351108,
          0.896166,
          4.17414
        ],
        [
          -0.962408,
          0.111263,
          -0.247775,
          1.810438
        ],
        [
          -0.012714,
          -0.929701,
          -0.368096,
          1.318552
        ],
        [
          0.0,
          0.0,
          0.0,
          1.0
        ]
      ]
    },
    {
      "file_path": "/media/NFS/ttao/scannet/posed_images/scene0133_00/00036.jpg",
      "transform_matrix": [
        [
          -0.285679,
          -0.358254,
          0.888843,
          4.181068
        ],
        [
          -0.958318,
          0.103071,
          -0.266465,
          1.820938
        ],
        [
          0.003849,
          -0.927917,
          -0.372766,
          1.325732
        ],
        [
          0.0,
          0.0,
          0.0,
          1.0
        ]
      ]
    },
    {
      "file_path": "/media/NFS/ttao/scannet/posed_images/scene0133_00/00040.jpg",
      "transform_matrix": [
        [
          -0.284322,
          -0.342352,
          0.89552,
          4.181211
        ],
        [
          -0.958729,
          0.100832,
          -0.265842,
          1.822078
        ],
        [
          0.000714,
          -0.934146,
          -0.356891,
          1.331809
        ],
        [
          0.0,
          0.0,
          0.0,
          1.0
        ]
      ]
    },
    {
      "file_path": "/media/NFS/ttao/scannet/posed_images/scene0133_00/00041.jpg",
      "transform_matrix": [
        [
          -0.283887,
          -0.339712,
          0.896663,
          4.18038
        ],
        [
          -0.958856,
          0.098968,
          -0.266083,
          1.823936
        ],
        [
          0.001651,
          -0.935308,
          -0.353831,
          1.326752
        ],
        [
          0.0,
          0.0,
          0.0,
          1.0
        ]
      ]
    },
    {
      "file_path": "/media/NFS/ttao/scannet/posed_images/scene0133_00/00046.jpg",
      "transform_matrix": [
        [
          -0.281935,
          -0.338213,
          0.897845,
          4.186609
        ],
        [
          -0.959414,
          0.10532,
          -0.261595,
          1.836566
        ],
        [
          -0.006086,
          -0.935158,
          -0.35418,
          1.333719
        ],
        [
          0.0,
          0.0,
          0.0,
          1.0
        ]
      ]
    },
    {
      "file_path": "/media/NFS/ttao/scannet/posed_images/scene0133_00/00049.jpg",
      "transform_matrix": [
        [
          -0.275102,
          -0.332781,
          0.901984,
          4.188768
        ],
        [
          -0.961392,
          0.10167,
          -0.255711,
          1.835135
        ],
        [
          -0.006609,
          -0.937507,
          -0.347903,
          1.333385
        ],
        [
          0.0,
          0.0,
          0.0,
          1.0
        ]
      ]
    },
    {
      "file_path": "/media/NFS/ttao/scannet/posed_images/scene0133_00/00052.jpg",
      "transform_matrix": [
        [
          -0.275357,
          -0.328979,
          0.9033,
          4.187502
        ],
        [
          -0.961342,
          0.094401,
          -0.25867,
          1.840423
        ],
        [
          -0.000175,
          -0.939607,
          -0.342255,
          1.337768
        ],
        [
          0.0,
          0.0,
          0.0,
          1.0
        ]
      ]
    },
    {
      "file_path": "/media/NFS/ttao/scannet/posed_images/scene0133_00/00053.jpg",
      "transform_matrix": [
        [
          -0.274384,
          -0.328618,
          0.903728,
          4.183135
        ],
        [
          -0.961615,
          0.090447,
          -0.25907,
          1.840083
        ],
        [
          0.003396,
          -0.940122,
          -0.340821,
          1.333989
        ],
        [
          0.0,
          0.0,
          0.0,
          1.0
        ]
      ]
    },
    {
      "file_path": "/media/NFS/ttao/scannet/posed_images/scene0133_00/00058.jpg",
      "transform_matrix": [
        [
          -0.273076,
          -0.33279,
          0.902597,
          4.183877
        ],
        [
          -0.961899,
          0.081384,
          -0.261011,
          1.837859
        ],
        [
          0.013405,
          -0.939483,
          -0.342334,
          1.335615
        ],
        [
          0.0,
          0.0,
          0.0,
          1.0
        ]
      ]
    },
    {
      "file_path": "/media/NFS/ttao/scannet/posed_images/scene0133_00/00059.jpg",
      "transform_matrix": [
        [
          -0.272737,
          -0.332238,
          0.902902,
          4.18326
        ],
        [
          -0.962016,
          0.082616,
          -0.260193,
          1.837136
        ],
        [
          0.011852,
          -0.93957,
          -0.342151,
          1.335224
        ],
        [
          0.0,
          0.0,
          0.0,
          1.0
        ]
      ]
    },
    {
      "file_path": "/media/NFS/ttao/scannet/posed_images/scene0133_00/00062.jpg",
      "transform_matrix": [
        [
          -0.271936,
          -0.332787,
          0.902942,
          4.182329
        ],
        [
          -0.962271,
          0.085014,
          -0.258472,
          1.839788
        ],
        [
          0.009253,
          -0.939162,
          -0.34335,
          1.33483
        ],
        [
          0.0,
          0.0,
          0.0,
          1.0
        ]
      ]
    },
    {
      "file_path": "/media/NFS/ttao/scannet/posed_images/scene0133_00/00065.jpg",
      "transform_matrix": [
        [
          -0.261255,
          -0.337644,
          0.904291,
          4.182787
        ],
        [
          -0.965207,
          0.080679,
          -0.24873,
          1.834631
        ],
        [
          0.011025,
          -0.93781,
          -0.346974,
          1.331126
        ],
        [
          0.0,
          0.0,
          0.0,
          1.0
        ]
      ]
    },
    {
      "file_path": "/media/NFS/ttao/scannet/posed_images/scene0133_00/00070.jpg",
      "transform_matrix": [
        [
          -0.246614,
          -0.357879,
          0.900613,
          4.190008
        ],
        [
          -0.968941,
          0.073496,
          -0.236119,
          1.835446
        ],
        [
          0.01831,
          -0.930871,
          -0.364889,
          1.328338
        ],
        [
          0.0,
          0.0,
          0.0,
          1.0
        ]
      ]
    },
    {
      "file_path": "/media/NFS/ttao/scannet/posed_images/scene0133_00/00071.jpg",
      "transform_matrix": [
        [
          -0.243166,
          -0.359256,
          0.901003,
          4.190871
        ],
        [
          -0.969831,
          0.073512,
          -0.23243,
          1.834251
        ],
        [
          0.017267,
          -0.93034,
          -0.366293,
          1.326466
        ],
        [
          0.0,
          0.0,
          0.0,
          1.0
        ]
      ]
    },
    {
      "file_path": "/media/NFS/ttao/scannet/posed_images/scene0133_00/00075.jpg",
      "transform_matrix": [
        [
          -0.222739,
          -0.358022,
          0.906757,
          4.188462
        ],
        [
          -0.974839,
          0.073446,
          -0.210463,
          1.832548
        ],
        [
          0.008753,
          -0.93082,
          -0.365373,
          1.321141
        ],
        [
          0.0,
          0.0,
          0.0,
          1.0
        ]
      ]
    },
    {
      "file_path": "/media/NFS/ttao/scannet/posed_images/scene0133_00/00078.jpg",
      "transform_matrix": [
        [
          -0.208222,
          -0.36947,
          0.905613,
          4.189851
        ],
        [
          -0.978,
          0.066662,
          -0.197669,
          1.827994
        ],
        [
          0.012663,
          -0.926849,
          -0.375222,
          1.318351
        ],
        [
          0.0,
          0.0,
          0.0,
          1.0
        ]
      ]
    },
    {
      "file_path": "/media/NFS/ttao/scannet/posed_images/scene0133_00/00080.jpg",
      "transform_matrix": [
        [
          -0.197141,
          -0.37784,
          0.904639,
          4.192839
        ],
        [
          -0.980338,
          0.067892,
          -0.185281,
          1.812039
        ],
        [
          0.008589,
          -0.923378,
          -0.383795,
          1.324069
        ],
        [
          0.0,
          0.0,
          0.0,
          1.0
        ]
      ]
    },
    {
      "file_path": "/media/NFS/ttao/scannet/posed_images/scene0133_00/00085.jpg",
      "transform_matrix": [
        [
          -0.158855,
          -0.376058,
          0.912878,
          4.195621
        ],
        [
          -0.987295,
          0.064047,
          -0.14542,
          1.791758
        ],
        [
          -0.003781,
          -0.92438,
          -0.381454,
          1.324584
        ],
        [
          0.0,
          0.0,
          0.0,
          1.0
        ]
      ]
    },
    {
      "file_path": "/media/NFS/ttao/scannet/posed_images/scene0133_00/00087.jpg",
      "transform_matrix": [
        [
          -0.137833,
          -0.378133,
          0.915433,
          4.191844
        ],
        [
          -0.990451,
          0.055626,
          -0.126151,
          1.779544
        ],
        [
          -0.00322,
          -0.924079,
          -0.382189,
          1.322852
        ],
        [
          0.0,
          0.0,
          0.0,
          1.0
        ]
      ]
    },
    {
      "file_path": "/media/NFS/ttao/scannet/posed_images/scene0133_00/00089.jpg",
      "transform_matrix": [
        [
          -0.11327,
          -0.378869,
          0.918493,
          4.193791
        ],
        [
          -0.993551,
          0.047948,
          -0.102748,
          1.772167
        ],
        [
          -0.005112,
          -0.924208,
          -0.381856,
          1.319971
        ],
        [
          0.0,
          0.0,
          0.0,
          1.0
        ]
      ]
    },
    {
      "file_path": "/media/NFS/ttao/scannet/posed_images/scene0133_00/00094.jpg",
      "transform_matrix": [
        [
          -0.037983,
          -0.398541,
          0.916364,
          4.207298
        ],
        [
          -0.999083,
          0.033286,
          -0.026935,
          1.73719
        ],
        [
          -0.019767,
          -0.916546,
          -0.39944,
          1.304877
        ],
        [
          0.0,
          0.0,
          0.0,
          1.0
        ]
      ]
    },
    {
      "file_path": "/media/NFS/ttao/scannet/posed_images/scene0133_00/00096.jpg",
      "transform_matrix": [
        [
          -0.010229,
          -0.408203,
          0.912834,
          4.208642
        ],
        [
          -0.999702,
          0.024419,
          -0.000283,
          1.728758
        ],
        [
          -0.022175,
          -0.912564,
          -0.408331,
          1.295738
        ],
        [
          0.0,
          0.0,
          0.0,
          1.0
        ]
      ]
    },
    {
      "file_path": "/media/NFS/ttao/scannet/posed_images/scene0133_00/00100.jpg",
      "transform_matrix": [
        [
          0.020785,
          -0.443577,
          0.895995,
          4.228346
        ],
        [
          -0.9997,
          0.0024,
          0.024379,
          1.812652
        ],
        [
          -0.012964,
          -0.896233,
          -0.443394,
          1.295956
        ],
        [
          0.0,
          0.0,
          0.0,
          1.0
        ]
      ]
    },
    {
      "file_path": "/media/NFS/ttao/scannet/posed_images/scene0133_00/00103.jpg",
      "transform_matrix": [
        [
          0.065497,
          -0.433424,
          0.898807,
          4.232226
        ],
        [
          -0.997624,
          -0.009156,
          0.068283,
          1.802112
        ],
        [
          -0.021366,
          -0.901144,
          -0.432994,
          1.290237
        ],
        [
          0.0,
          0.0,
          0.0,
          1.0
        ]
      ]
    },
    {
      "file_path": "/media/NFS/ttao/scannet/posed_images/scene0133_00/00106.jpg",
      "transform_matrix": [
        [
          0.09282,
          -0.438723,
          0.893815,
          4.229928
        ],
        [
          -0.995163,
          -0.011863,
          0.097522,
          1.798305
        ],
        [
          -0.032182,
          -0.898544,
          -0.437702,
          1.281631
        ],
        [
          0.0,
          0.0,
          0.0,
          1.0
        ]
      ]
    },
    {
      "file_path": "/media/NFS/ttao/scannet/posed_images/scene0133_00/00109.jpg",
      "transform_matrix": [
        [
          0.116788,
          -0.447539,
          0.886606,
          4.228809
        ],
        [
          -0.992527,
          -0.020795,
          0.120243,
          1.797697
        ],
        [
          -0.035376,
          -0.894023,
          -0.446623,
          1.280033
        ],
        [
          0.0,
          0.0,
          0.0,
          1.0
        ]
      ]
    },
    {
      "file_path": "/media/NFS/ttao/scannet/posed_images/scene0133_00/00112.jpg",
      "transform_matrix": [
        [
          0.126866,
          -0.449218,
          0.884369,
          4.222176
        ],
        [
          -0.991071,
          -0.020531,
          0.131745,
          1.812845
        ],
        [
          -0.041025,
          -0.893187,
          -0.447811,
          1.275242
        ],
        [
          0.0,
          0.0,
          0.0,
          1.0
        ]
      ]
    },
    {
      "file_path": "/media/NFS/ttao/scannet/posed_images/scene0133_00/00113.jpg",
      "transform_matrix": [
        [
          0.133241,
          -0.450244,
          0.882908,
          4.221202
        ],
        [
          -0.990254,
          -0.024038,
          0.137183,
          1.813112
        ],
        [
          -0.040542,
          -0.892582,
          -0.449059,
          1.275167
        ],
        [
          0.0,
          0.0,
          0.0,
          1.0
        ]
      ]
    },
    {
      "file_path": "/media/NFS/ttao/scannet/posed_images/scene0133_00/00117.jpg",
      "transform_matrix": [
        [
          0.164527,
          -0.447017,
          0.879265,
          4.222255
        ],
        [
          -0.985486,
          -0.036718,
          0.165736,
          1.812526
        ],
        [
          -0.041802,
          -0.893771,
          -0.446571,
          1.274432
        ],
        [
          0.0,
          0.0,
          0.0,
          1.0
        ]
      ]
    },
    {
      "file_path": "/media/NFS/ttao/scannet/posed_images/scene0133_00/00120.jpg",
      "transform_matrix": [
        [
          0.188543,
          -0.454587,
          0.870518,
          4.222922
        ],
        [
          -0.981289,
          -0.051967,
          0.185397,
          1.827477
        ],
        [
          -0.039041,
          -0.889185,
          -0.455879,
          1.278977
        ],
        [
          0.0,
          0.0,
          0.0,
          1.0
        ]
      ]
    },
    {
      "file_path": "/media/NFS/ttao/scannet/posed_images/scene0133_00/00122.jpg",
      "transform_matrix": [
        [
          0.202882,
          -0.462123,
          0.863297,
          4.220292
        ],
        [
          -0.978326,
          -0.058338,
          0.198686,
          1.826529
        ],
        [
          -0.041454,
          -0.884895,
          -0.463943,
          1.26839
        ],
        [
          0.0,
          0.0,
          0.0,
          1.0
        ]
      ]
    },
    {
      "file_path": "/media/NFS/ttao/scannet/posed_images/scene0133_00/00127.jpg",
      "transform_matrix": [
        [
          0.265746,
          -0.477331,
          0.837576,
          4.225799
        ],
        [
          -0.962492,
          -0.082097,
          0.258593,
          1.823782
        ],
        [
          -0.054672,
          -0.87488,
          -0.481244,
          1.266468
        ],
        [
          0.0,
          0.0,
          0.0,
          1.0
        ]
      ]
    },
    {
      "file_path": "/media/NFS/ttao/scannet/posed_images/scene0133_00/00130.jpg",
      "transform_matrix": [
        [
          0.299229,
          -0.485367,
          0.821511,
          4.22089
        ],
        [
          -0.952122,
          -0.095349,
          0.290469,
          1.836672
        ],
        [
          -0.062654,
          -0.869096,
          -0.49066,
          1.264491
        ],
        [
          0.0,
          0.0,
          0.0,
          1.0
        ]
      ]
    },
    {
      "file_path": "/media/NFS/ttao/scannet/posed_images/scene0133_00/00132.jpg",
      "transform_matrix": [
        [
          0.328597,
          -0.490684,
          0.807002,
          4.224116
        ],
        [
          -0.942476,
          -0.114858,
          0.313922,
          1.836339
        ],
        [
          -0.061345,
          -0.863734,
          -0.5002,
          1.26243
        ],
        [
          0.0,
          0.0,
          0.0,
          1.0
        ]
      ]
    },
    {
      "file_path": "/media/NFS/ttao/scannet/posed_images/scene0133_00/00135.jpg",
      "transform_matrix": [
        [
          0.372657,
          -0.49436,
          0.785325,
          4.239477
        ],
        [
          -0.925737,
          -0.139383,
          0.351545,
          1.836925
        ],
        [
          -0.06433,
          -0.85801,
          -0.509589,
          1.263868
        ],
        [
          0.0,
          0.0,
          0.0,
          1.0
        ]
      ]
    },
    {
      "file_path": "/media/NFS/ttao/scannet/posed_images/scene0133_00/00138.jpg",
      "transform_matrix": [
        [
          0.433287,
          -0.500303,
          0.749639,
          4.257028
        ],
        [
          -0.897895,
          -0.167862,
          0.406948,
          1.833662
        ],
        [
          -0.077762,
          -0.849423,
          -0.521952,
          1.258958
        ],
        [
          0.0,
          0.0,
          0.0,
          1.0
        ]
      ]
    },
    {
      "file_path": "/media/NFS/ttao/scannet/posed_images/scene0133_00/00141.jpg",
      "transform_matrix": [
        [
          0.477213,
          -0.49974,
          0.722861,
          4.290031
        ],
        [
          -0.874927,
          -0.193169,
          0.444059,
          1.837625
        ],
        [
          -0.08228,
          -0.844362,
          -0.529418,
          1.268334
        ],
        [
          0.0,
          0.0,
          0.0,
          1.0
        ]
      ]
    },
    {
      "file_path": "/media/NFS/ttao/scannet/posed_images/scene0133_00/00143.jpg",
      "transform_matrix": [
        [
          0.503327,
          -0.498076,
          0.706103,
          4.31149
        ],
        [
          -0.860707,
          -0.216681,
          0.460688,
          1.830336
        ],
        [
          -0.076459,
          -0.839625,
          -0.537759,
          1.260453
        ],
        [
          0.0,
          0.0,
          0.0,
          1.0
        ]
      ]
    },
    {
      "file_path": "/media/NFS/ttao/scannet/posed_images/scene0133_00/00148.jpg",
      "transform_matrix": [
        [
          0.542216,
          -0.478018,
          0.691014,
          4.37979
        ],
        [
          -0.839059,
          -0.264466,
          0.475434,
          1.807318
        ],
        [
          -0.044516,
          -0.83759,
          -0.544483,
          1.265145
        ],
        [
          0.0,
          0.0,
          0.0,
          1.0
        ]
      ]
    },
    {
      "file_path": "/media/NFS/ttao/scannet/posed_images/scene0133_00/00149.jpg",
      "transform_matrix": [
        [
          0.545809,
          -0.477536,
          0.688514,
          4.393462
        ],
        [
          -0.836951,
          -0.271402,
          0.475241,
          1.798659
        ],
        [
          -0.040081,
          -0.835643,
          -0.547808,
          1.2623
        ],
        [
          0.0,
          0.0,
          0.0,
          1.0
        ]
      ]
    },
    {
      "file_path": "/media/NFS/ttao/scannet/posed_images/scene0133_00/00153.jpg",
      "transform_matrix": [
        [
          0.556213,
          -0.491861,
          0.66985,
          4.445664
        ],
        [
          -0.830009,
          -0.288665,
          0.47724,
          1.781384
        ],
        [
          -0.041373,
          -0.821429,
          -0.568809,
          1.266408
        ],
        [
          0.0,
          0.0,
          0.0,
          1.0
        ]
      ]
    },
    {
      "file_path": "/media/NFS/ttao/scannet/posed_images/scene0133_00/00155.jpg",
      "transform_matrix": [
        [
          0.563043,
          -0.491883,
          0.664104,
          4.46694
        ],
        [
          -0.825124,
          -0.289459,
          0.485165,
          1.773421
        ],
        [
          -0.046414,
          -0.821136,
          -0.568842,
          1.267098
        ],
        [
          0.0,
          0.0,
          0.0,
          1.0
        ]
      ]
    },
    {
      "file_path": "/media/NFS/ttao/scannet/posed_images/scene0133_00/00158.jpg",
      "transform_matrix": [
        [
          0.593393,
          -0.506854,
          0.625287,
          4.501856
        ],
        [
          -0.802822,
          -0.316736,
          0.505129,
          1.75993
        ],
        [
          -0.057976,
          -0.801734,
          -0.594863,
          1.264934
        ],
        [
          0.0,
          0.0,
          0.0,
          1.0
        ]
      ]
    },
    {
      "file_path": "/media/NFS/ttao/scannet/posed_images/scene0133_00/00160.jpg",
      "transform_matrix": [
        [
          0.620767,
          -0.506958,
          0.598032,
          4.520455
        ],
        [
          -0.781341,
          -0.337337,
          0.525081,
          1.749934
        ],
        [
          -0.064456,
          -0.79322,
          -0.605515,
          1.261828
        ],
        [
          0.0,
          0.0,
          0.0,
          1.0
        ]
      ]
    },
    {
      "file_path": "/media/NFS/ttao/scannet/posed_images/scene0133_00/00164.jpg",
      "transform_matrix": [
        [
          0.683757,
          -0.475731,
          0.553314,
          4.552661
        ],
        [
          -0.726556,
          -0.373431,
          0.576771,
          1.73291
        ],
        [
          -0.067763,
          -0.796385,
          -0.600982,
          1.264944
        ],
        [
          0.0,
          0.0,
          0.0,
          1.0
        ]
      ]
    },
    {
      "file_path": "/media/NFS/ttao/scannet/posed_images/scene0133_00/00166.jpg",
      "transform_matrix": [
        [
          0.712303,
          -0.45941,
          0.530629,
          4.569905
        ],
        [
          -0.69941,
          -0.401329,
          0.591406,
          1.722911
        ],
        [
          -0.058741,
          -0.792388,
          -0.607183,
          1.26998
        ],
        [
          0.0,
          0.0,
          0.0,
          1.0
        ]
      ]
    },
    {
      "file_path": "/media/NFS/ttao/scannet/posed_images/scene0133_00/00169.jpg",
      "transform_matrix": [
        [
          0.757472,
          -0.41071,
          0.507498,
          4.584259
        ],
        [
          -0.651803,
          -0.431348,
          0.623773,
          1.7056
        ],
        [
          -0.037282,
          -0.803279,
          -0.594435,
          1.270347
        ],
        [
          0.0,
          0.0,
          0.0,
          1.0
        ]
      ]
    },
    {
      "file_path": "/media/NFS/ttao/scannet/posed_images/scene0133_00/00174.jpg",
      "transform_matrix": [
        [
          0.823085,
          -0.363845,
          0.436059,
          4.623572
        ],
        [
          -0.56663,
          -0.474443,
          0.673673,
          1.682054
        ],
        [
          -0.038228,
          -0.801574,
          -0.596672,
          1.271795
        ],
        [
          0.0,
          0.0,
          0.0,
          1.0
        ]
      ]
    },
    {
      "file_path": "/media/NFS/ttao/scannet/posed_images/scene0133_00/00176.jpg",
      "transform_matrix": [
        [
          0.842879,
          -0.347523,
          0.410832,
          4.635416
        ],
        [
          -0.536812,
          -0.490187,
          0.686696,
          1.678643
        ],
        [
          -0.037258,
          -0.799341,
          -0.599722,
          1.266082
        ],
        [
          0.0,
          0.0,
          0.0,
          1.0
        ]
      ]
    },
    {
      "file_path": "/media/NFS/ttao/scannet/posed_images/scene0133_00/00180.jpg",
      "transform_matrix": [
        [
          0.879939,
          -0.310701,
          0.359406,
          4.662068
        ],
        [
          -0.473399,
          -0.509713,
          0.718391,
          1.684944
        ],
        [
          -0.040011,
          -0.802283,
          -0.595601,
          1.255671
        ],
        [
          0.0,
          0.0,
          0.0,
          1.0
        ]
      ]
    },
    {
      "file_path": "/media/NFS/ttao/scannet/posed_images/scene0133_00/00183.jpg",
      "transform_matrix": [
        [
          0.886722,
          -0.289708,
          0.360268,
          4.687335
        ],
        [
          -0.461748,
          -0.516824,
          0.72089,
          1.69854
        ],
        [
          -0.022653,
          -0.805582,
          -0.592051,
          1.245245
        ],
        [
          0.0,
          0.0,
          0.0,
          1.0
        ]
      ]
    },
    {
      "file_path": "/media/NFS/ttao/scannet/posed_images/scene0133_00/00186.jpg",
      "transform_matrix": [
        [
          0.896178,
          -0.261955,
          0.358113,
          4.715755
        ],
        [
          -0.443534,
          -0.507201,
          0.738935,
          1.717078
        ],
        [
          -0.011933,
          -0.821052,
          -0.570728,
          1.247524
        ],
        [
          0.0,
          0.0,
          0.0,
          1.0
        ]
      ]
    },
    {
      "file_path": "/media/NFS/ttao/scannet/posed_images/scene0133_00/00187.jpg",
      "transform_matrix": [
        [
          0.899477,
          -0.255389,
          0.354567,
          4.723269
        ],
        [
          -0.436898,
          -0.511021,
          0.740256,
          1.720732
        ],
        [
          -0.007862,
          -0.820752,
          -0.57123,
          1.248393
        ],
        [
          0.0,
          0.0,
          0.0,
          1.0
        ]
      ]
    },
    {
      "file_path": "/media/NFS/ttao/scannet/posed_images/scene0133_00/00190.jpg",
      "transform_matrix": [
        [
          0.915817,
          -0.234632,
          0.325926,
          4.740974
        ],
        [
          -0.401547,
          -0.522201,
          0.752374,
          1.726596
        ],
        [
          -0.006332,
          -0.819911,
          -0.572456,
          1.246717
        ],
        [
          0.0,
          0.0,
          0.0,
          1.0
        ]
      ]
    },
    {
      "file_path": "/media/NFS/ttao/scannet/posed_images/scene0133_00/00195.jpg",
      "transform_matrix": [
        [
          0.957435,
          -0.180637,
          0.225143,
          4.767107
        ],
        [
          -0.288026,
          -0.546552,
          0.786335,
          1.723372
        ],
        [
          -0.018989,
          -0.817711,
          -0.575315,
          1.242081
        ],
        [
          0.0,
          0.0,
          0.0,
          1.0
        ]
      ]
    },
    {
      "file_path": "/media/NFS/ttao/scannet/posed_images/scene0133_00/00196.jpg",
      "transform_matrix": [
        [
          0.963012,
          -0.169828,
          0.209207,
          4.770859
        ],
        [
          -0.268828,
          -0.552324,
          0.789095,
          1.722183
        ],
        [
          -0.018461,
          -0.816148,
          -0.577548,
          1.241048
        ],
        [
          0.0,
          0.0,
          0.0,
          1.0
        ]
      ]
    },
    {
      "file_path": "/media/NFS/ttao/scannet/posed_images/scene0133_00/00200.jpg",
      "transform_matrix": [
        [
          0.9881,
          -0.109284,
          0.10824,
          4.787971
        ],
        [
          -0.150429,
          -0.539737,
          0.828285,
          1.706209
        ],
        [
          -0.032097,
          -0.83471,
          -0.549753,
          1.243192
        ],
        [
          0.0,
          0.0,
          0.0,
          1.0
        ]
      ]
    },
    {
      "file_path": "/media/NFS/ttao/scannet/posed_images/scene0133_00/00204.jpg",
      "transform_matrix": [
        [
          0.998041,
          -0.045703,
          0.042732,
          4.816598
        ],
        [
          -0.061069,
          -0.562907,
          0.824262,
          1.68199
        ],
        [
          -0.013617,
          -0.825256,
          -0.564595,
          1.234463
        ],
        [
          0.0,
          0.0,
          0.0,
          1.0
        ]
      ]
    },
    {
      "file_path": "/media/NFS/ttao/scannet/posed_images/scene0133_00/00206.jpg",
      "transform_matrix": [
        [
          0.999689,
          -0.024059,
          0.006523,
          4.830099
        ],
        [
          -0.01869,
          -0.550311,
          0.83475,
          1.669382
        ],
        [
          -0.016494,
          -0.834613,
          -0.55059,
          1.233535
        ],
        [
          0.0,
          0.0,
          0.0,
          1.0
        ]
      ]
    },
    {
      "file_path": "/media/NFS/ttao/scannet/posed_images/scene0133_00/00209.jpg",
      "transform_matrix": [
        [
          0.99927,
          -0.000921,
          -0.038203,
          4.84866
        ],
        [
          0.031559,
          -0.543844,
          0.838593,
          1.651124
        ],
        [
          -0.021548,
          -0.839186,
          -0.543418,
          1.230489
        ],
        [
          0.0,
          0.0,
          0.0,
          1.0
        ]
      ]
    },
    {
      "file_path": "/media/NFS/ttao/scannet/posed_images/scene0133_00/00213.jpg",
      "transform_matrix": [
        [
          0.993491,
          0.041991,
          -0.105884,
          4.856657
        ],
        [
          0.111699,
          -0.541237,
          0.833418,
          1.630994
        ],
        [
          -0.022312,
          -0.839821,
          -0.542405,
          1.229317
        ],
        [
          0.0,
          0.0,
          0.0,
          1.0
        ]
      ]
    },
    {
      "file_path": "/media/NFS/ttao/scannet/posed_images/scene0133_00/00214.jpg",
      "transform_matrix": [
        [
          0.991199,
          0.051329,
          -0.122022,
          4.859396
        ],
        [
          0.130318,
          -0.540321,
          0.831306,
          1.626078
        ],
        [
          -0.023261,
          -0.839892,
          -0.542255,
          1.229866
        ],
        [
          0.0,
          0.0,
          0.0,
          1.0
        ]
      ]
    },
    {
      "file_path": "/media/NFS/ttao/scannet/posed_images/scene0133_00/00219.jpg",
      "transform_matrix": [
        [
          0.977228,
          0.082857,
          -0.195346,
          4.873779
        ],
        [
          0.209509,
          -0.522688,
          0.826379,
          1.603393
        ],
        [
          -0.033634,
          -0.848488,
          -0.528145,
          1.236248
        ],
        [
          0.0,
          0.0,
          0.0,
          1.0
        ]
      ]
    },
    {
      "file_path": "/media/NFS/ttao/scannet/posed_images/scene0133_00/00222.jpg",
      "transform_matrix": [
        [
          0.97416,
          0.095908,
          -0.204485,
          4.879521
        ],
        [
          0.22454,
          -0.508977,
          0.830978,
          1.590592
        ],
        [
          -0.024381,
          -0.855421,
          -0.51736,
          1.240773
        ],
        [
          0.0,
          0.0,
          0.0,
          1.0
        ]
      ]
    },
    {
      "file_path": "/media/NFS/ttao/scannet/posed_images/scene0133_00/00223.jpg",
      "transform_matrix": [
        [
          0.973569,
          0.098262,
          -0.206175,
          4.881545
        ],
        [
          0.227288,
          -0.505537,
          0.83233,
          1.587175
        ],
        [
          -0.022443,
          -0.857192,
          -0.514509,
          1.24147
        ],
        [
          0.0,
          0.0,
          0.0,
          1.0
        ]
      ]
    },
    {
      "file_path": "/media/NFS/ttao/scannet/posed_images/scene0133_00/00228.jpg",
      "transform_matrix": [
        [
          0.970784,
          0.094414,
          -0.2206,
          4.884871
        ],
        [
          0.238275,
          -0.487893,
          0.839753,
          1.572674
        ],
        [
          -0.028345,
          -0.867782,
          -0.496135,
          1.249035
        ],
        [
          0.0,
          0.0,
          0.0,
          1.0
        ]
      ]
    },
    {
      "file_path": "/media/NFS/ttao/scannet/posed_images/scene0133_00/00229.jpg",
      "transform_matrix": [
        [
          0.970199,
          0.095449,
          -0.222718,
          4.884213
        ],
        [
          0.240688,
          -0.485757,
          0.840303,
          1.570705
        ],
        [
