{
  "frames": [
    {
      "file_path": "/media/NFS/ttao/scannet/posed_images/scene0509_01/00000.jpg",
      "transform_matrix": [
        [
          0.954051,
          0.177351,
          -0.241525,
          1.485519
        ],
        [
          0.296695,
          -0.671942,
          0.678577,
          0.962366
        ],
        [
          -0.041945,
          -0.719056,
          -0.693686,
          1.237931
        ],
        [
          0.0,
          0.0,
          0.0,
          1.0
        ]
      ]
    },
    {
      "file_path": "/media/NFS/ttao/scannet/posed_images/scene0509_01/00004.jpg",
      "transform_matrix": [
        [
          0.954723,
          0.179461,
          -0.23727,
          1.483291
        ],
        [
          0.295371,
          -0.666961,
          0.684047,
          0.963818
        ],
        [
          -0.03549,
          -0.723158,
          -0.68977,
          1.240146
        ],
        [
          0.0,
          0.0,
          0.0,
          1.0
        ]
      ]
    },
    {
      "file_path": "/media/NFS/ttao/scannet/posed_images/scene0509_01/00007.jpg",
      "transform_matrix": [
        [
          0.955273,
          0.179796,
          -0.234792,
          1.483423
        ],
        [
          0.293817,
          -0.667105,
          0.684575,
          0.964423
        ],
        [
          -0.033547,
          -0.722941,
          -0.690095,
          1.239779
        ],
        [
          0.0,
          0.0,
          0.0,
          1.0
        ]
      ]
    },
    {
      "file_path": "/media/NFS/ttao/scannet/posed_images/scene0509_01/00011.jpg",
      "transform_matrix": [
        [
          0.956025,
          0.1803,
          -0.231321,
          1.483783
        ],
        [
          0.291544,
          -0.670078,
          0.68264,
          0.964829
        ],
        [
          -0.031923,
          -0.720061,
          -0.693176,
          1.238248
        ],
        [
          0.0,
          0.0,
          0.0,
          1.0
        ]
      ]
    },
    {
      "file_path": "/media/NFS/ttao/scannet/posed_images/scene0509_01/00016.jpg",
      "transform_matrix": [
        [
          0.95558,
          0.175783,
          -0.236573,
          1.485829
        ],
        [
          0.292266,
          -0.668754,
          0.68363,
          0.966482
        ],
        [
          -0.038038,
          -0.722405,
          -0.690423,
          1.240511
        ],
        [
          0.0,
          0.0,
          0.0,
          1.0
        ]
      ]
    },
    {
      "file_path": "/media/NFS/ttao/scannet/posed_images/scene0509_01/00017.jpg",
      "transform_matrix": [
        [
          0.955917,
          0.175624,
          -0.235325,
          1.485793
        ],
        [
          0.291307,
          -0.667925,
          0.684848,
          0.966605
        ],
        [
          -0.036904,
          -0.72321,
          -0.689642,
          1.241413
        ],
        [
          0.0,
          0.0,
          0.0,
          1.0
        ]
      ]
    },
    {
      "file_path": "/media/NFS/ttao/scannet/posed_images/scene0509_01/00021.jpg",
      "transform_matrix": [
        [
          0.955988,
          0.181597,
          -0.230456,
          1.492353
        ],
        [
          0.292567,
          -0.649383,
          0.701931,
          0.967813
        ],
        [
          -0.022186,
          -0.738461,
          -0.673931,
          1.248086
        ],
        [
          0.0,
          0.0,
          0.0,
          1.0
        ]
      ]
    },
    {
      "file_path": "/media/NFS/ttao/scannet/posed_images/scene0509_01/00027.jpg",
      "transform_matrix": [
        [
          0.958044,
          0.162077,
          -0.236394,
          1.50046
        ],
        [
          0.285691,
          -0.606374,
          0.742086,
          0.972039
        ],
        [
          -0.023068,
          -0.778487,
          -0.627237,
          1.269339
        ],
        [
          0.0,
          0.0,
          0.0,
          1.0
        ]
      ]
    },
    {
      "file_path": "/media/NFS/ttao/scannet/posed_images/scene0509_01/00029.jpg",
      "transform_matrix": [
        [
          0.958015,
          0.159853,
          -0.238023,
          1.50221
        ],
        [
          0.285837,
          -0.597518,
          0.74918,
          0.973467
        ],
        [
          -0.022464,
          -0.785761,
          -0.618123,
          1.274346
        ],
        [
          0.0,
          0.0,
          0.0,
          1.0
        ]
      ]
    },
    {
      "file_path": "/media/NFS/ttao/scannet/posed_images/scene0509_01/00032.jpg",
      "transform_matrix": [
        [
          0.959053,
          0.155723,
          -0.236576,
          1.507914
        ],
        [
          0.28246,
          -0.587332,
          0.758457,
          0.972458
        ],
        [
          -0.020839,
          -0.794223,
          -0.607268,
          1.274453
        ],
        [
          0.0,
          0.0,
          0.0,
          1.0
        ]
      ]
    },
    {
      "file_path": "/media/NFS/ttao/scannet/posed_images/scene0509_01/00036.jpg",
      "transform_matrix": [
        [
          0.96173,
          0.151154,
          -0.228534,
          1.513589
        ],
        [
          0.27327,
          -0.589944,
          0.759796,
          0.973585
        ],
        [
          -0.019976,
          -0.79317,
          -0.608673,
          1.273217
        ],
        [
          0.0,
          0.0,
          0.0,
          1.0
        ]
      ]
    },
    {
      "file_path": "/media/NFS/ttao/scannet/posed_images/scene0509_01/00041.jpg",
      "transform_matrix": [
        [
          0.969886,
          0.138219,
          -0.20054,
          1.51851
        ],
        [
          0.243161,
          -0.596541,
          0.76486,
          0.976675
        ],
        [
          -0.013912,
          -0.790591,
          -0.612187,
          1.27262
        ],
        [
          0.0,
          0.0,
          0.0,
          1.0
        ]
      ]
    },
    {
      "file_path": "/media/NFS/ttao/scannet/posed_images/scene0509_01/00042.jpg",
      "transform_matrix": [
        [
          0.973189,
          0.13025,
          -0.189574,
          1.520062
        ],
        [
          0.229637,
          -0.596972,
          0.768695,
          0.979272
        ],
        [
          -0.013047,
          -0.791619,
          -0.610876,
          1.275022
        ],
        [
          0.0,
          0.0,
          0.0,
          1.0
        ]
      ]
    },
    {
      "file_path": "/media/NFS/ttao/scannet/posed_images/scene0509_01/00048.jpg",
      "transform_matrix": [
        [
          0.987124,
          0.097064,
          -0.127141,
          1.509742
        ],
        [
          0.159954,
          -0.594385,
          0.788112,
          0.987195
        ],
        [
          0.000927,
          -0.798301,
          -0.602258,
          1.276099
        ],
        [
          0.0,
          0.0,
          0.0,
          1.0
        ]
      ]
    },
    {
      "file_path": "/media/NFS/ttao/scannet/posed_images/scene0509_01/00050.jpg",
      "transform_matrix": [
        [
          0.992837,
          0.082376,
          -0.086536,
          1.494763
        ],
        [
          0.118715,
          -0.598641,
          0.792172,
          0.99403
        ],
        [
          0.013452,
          -0.796771,
          -0.604132,
          1.275708
        ],
        [
          0.0,
          0.0,
          0.0,
          1.0
        ]
      ]
    },
    {
      "file_path": "/media/NFS/ttao/scannet/posed_images/scene0509_01/00055.jpg",
      "transform_matrix": [
        [
          0.999464,
          0.029095,
          -0.015037,
          1.461738
        ],
        [
          0.029871,
          -0.621547,
          0.782807,
          1.011049
        ],
        [
          0.01343,
          -0.782836,
          -0.622083,
          1.267899
        ],
        [
          0.0,
          0.0,
          0.0,
          1.0
        ]
      ]
    },
    {
      "file_path": "/media/NFS/ttao/scannet/posed_images/scene0509_01/00058.jpg",
      "transform_matrix": [
        [
          0.999925,
          0.012135,
          0.001579,
          1.438256
        ],
        [
          0.006461,
          -0.633095,
          0.774047,
          1.017857
        ],
        [
          0.010393,
          -0.773979,
          -0.633126,
          1.264218
        ],
        [
          0.0,
          0.0,
          0.0,
          1.0
        ]
      ]
    },
    {
      "file_path": "/media/NFS/ttao/scannet/posed_images/scene0509_01/00062.jpg",
      "transform_matrix": [
        [
          0.999405,
          -0.013087,
          0.031926,
          1.408961
        ],
        [
          -0.032942,
          -0.637212,
          0.769984,
          1.027867
        ],
        [
          0.010266,
          -0.770577,
          -0.637264,
          1.261828
        ],
        [
          0.0,
          0.0,
          0.0,
          1.0
        ]
      ]
    },
    {
      "file_path": "/media/NFS/ttao/scannet/posed_images/scene0509_01/00067.jpg",
      "transform_matrix": [
        [
          0.9964,
          -0.046837,
          0.070659,
          1.388235
        ],
        [
          -0.084293,
          -0.635928,
          0.767131,
          1.044901
        ],
        [
          0.009004,
          -0.770326,
          -0.637587,
          1.259406
        ],
        [
          0.0,
          0.0,
          0.0,
          1.0
        ]
      ]
    },
    {
      "file_path": "/media/NFS/ttao/scannet/posed_images/scene0509_01/00070.jpg",
      "transform_matrix": [
        [
          0.994358,
          -0.056273,
          0.089923,
          1.378818
        ],
        [
          -0.105108,
          -0.637097,
          0.763584,
          1.055657
        ],
        [
          0.01432,
          -0.768727,
          -0.639417,
          1.25572
        ],
        [
          0.0,
          0.0,
          0.0,
          1.0
        ]
      ]
    },
    {
      "file_path": "/media/NFS/ttao/scannet/posed_images/scene0509_01/00072.jpg",
      "transform_matrix": [
        [
          0.9932,
          -0.058728,
          0.100526,
          1.375667
        ],
        [
          -0.114821,
          -0.636866,
          0.762377,
          1.064723
        ],
        [
          0.019248,
          -0.768735,
          -0.639278,
          1.254279
        ],
        [
          0.0,
          0.0,
          0.0,
          1.0
        ]
      ]
    },
    {
      "file_path": "/media/NFS/ttao/scannet/posed_images/scene0509_01/00075.jpg",
      "transform_matrix": [
        [
          0.991593,
          -0.065738,
          0.111453,
          1.373187
        ],
        [
          -0.127744,
          -0.634557,
          0.762246,
          1.079054
        ],
        [
          0.020615,
          -0.770075,
          -0.63762,
          1.25224
        ],
        [
          0.0,
          0.0,
          0.0,
          1.0
        ]
      ]
    },
    {
      "file_path": "/media/NFS/ttao/scannet/posed_images/scene0509_01/00081.jpg",
      "transform_matrix": [
        [
          0.987286,
          -0.098707,
          0.124596,
          1.369637
        ],
        [
          -0.158954,
          -0.608269,
          0.777652,
          1.118155
        ],
        [
          -0.000972,
          -0.78757,
          -0.616225,
          1.258987
        ],
        [
          0.0,
          0.0,
          0.0,
          1.0
        ]
      ]
    },
    {
      "file_path": "/media/NFS/ttao/scannet/posed_images/scene0509_01/00085.jpg",
      "transform_matrix": [
        [
          0.980888,
          -0.122977,
          0.150782,
          1.368596
        ],
        [
          -0.194517,
          -0.601234,
          0.775036,
          1.153824
        ],
        [
          -0.004657,
          -0.789554,
          -0.613664,
          1.261789
        ],
        [
          0.0,
          0.0,
          0.0,
          1.0
        ]
      ]
    },
    {
      "file_path": "/media/NFS/ttao/scannet/posed_images/scene0509_01/00088.jpg",
      "transform_matrix": [
        [
          0.976375,
          -0.145744,
          0.15953,
          1.369719
        ],
        [
          -0.215631,
          -0.60954,
          0.762865,
          1.177966
        ],
        [
          -0.013943,
          -0.779243,
          -0.626567,
          1.262105
        ],
        [
          0.0,
          0.0,
          0.0,
          1.0
        ]
      ]
    },
    {
      "file_path": "/media/NFS/ttao/scannet/posed_images/scene0509_01/00091.jpg",
      "transform_matrix": [
        [
          0.972709,
          -0.150065,
          0.176969,
          1.366712
        ],
        [
          -0.231965,
          -0.610991,
          0.75689,
          1.198547
        ],
        [
          -0.005457,
          -0.777284,
          -0.629126,
          1.262775
        ],
        [
          0.0,
          0.0,
          0.0,
          1.0
        ]
      ]
    },
    {
      "file_path": "/media/NFS/ttao/scannet/posed_images/scene0509_01/00095.jpg",
      "transform_matrix": [
        [
          0.962476,
          -0.170344,
          0.211242,
          1.366238
        ],
        [
          -0.271353,
          -0.612197,
          0.742686,
          1.21898
        ],
        [
          0.00281,
          -0.772139,
          -0.635448,
          1.26348
        ],
        [
          0.0,
          0.0,
          0.0,
          1.0
        ]
      ]
    },
    {
      "file_path": "/media/NFS/ttao/scannet/posed_images/scene0509_01/00100.jpg",
      "transform_matrix": [
        [
          0.929374,
          -0.226452,
          0.29152,
          1.363437
        ],
        [
          -0.369112,
          -0.579878,
          0.726291,
          1.241405
        ],
        [
          0.004576,
          -0.782599,
          -0.622509,
          1.273013
        ],
        [
          0.0,
          0.0,
          0.0,
          1.0
        ]
      ]
    },
    {
      "file_path": "/media/NFS/ttao/scannet/posed_images/scene0509_01/00103.jpg",
      "transform_matrix": [
        [
          0.901303,
          -0.264478,
          0.343082,
          1.359181
        ],
        [
          -0.433165,
          -0.558701,
          0.707263,
          1.250873
        ],
        [
          0.004625,
          -0.786069,
          -0.618121,
          1.276356
        ],
        [
          0.0,
          0.0,
          0.0,
          1.0
        ]
      ]
    },
    {
      "file_path": "/media/NFS/ttao/scannet/posed_images/scene0509_01/00104.jpg",
      "transform_matrix": [
        [
          0.890936,
          -0.277188,
          0.359721,
          1.356725
        ],
        [
          -0.454108,
          -0.551263,
          0.699925,
          1.253317
        ],
        [
          0.004291,
          -0.786941,
          -0.617014,
          1.277261
        ],
        [
          0.0,
          0.0,
          0.0,
          1.0
        ]
      ]
    },
    {
      "file_path": "/media/NFS/ttao/scannet/posed_images/scene0509_01/00110.jpg",
      "transform_matrix": [
        [
          0.814586,
          -0.359534,
          0.455175,
          1.328166
        ],
        [
          -0.57996,
          -0.49161,
          0.649589,
          1.269591
        ],
        [
          -0.009781,
          -0.79313,
          -0.608974,
          1.281196
        ],
        [
          0.0,
          0.0,
          0.0,
          1.0
        ]
      ]
    },
    {
      "file_path": "/media/NFS/ttao/scannet/posed_images/scene0509_01/00113.jpg",
      "transform_matrix": [
        [
          0.778029,
          -0.38596,
          0.495688,
          1.315321
        ],
        [
          -0.628113,
          -0.462783,
          0.625544,
          1.276928
        ],
        [
          -0.012039,
          -0.798039,
          -0.602485,
          1.28393
        ],
        [
          0.0,
          0.0,
          0.0,
          1.0
        ]
      ]
    },
    {
      "file_path": "/media/NFS/ttao/scannet/posed_images/scene0509_01/00115.jpg",
      "transform_matrix": [
        [
          0.758319,
          -0.39703,
          0.517029,
          1.307912
        ],
        [
          -0.651759,
          -0.446242,
          0.613252,
          1.281481
        ],
        [
          -0.012759,
          -0.802019,
          -0.597162,
          1.284973
        ],
        [
          0.0,
          0.0,
          0.0,
          1.0
        ]
      ]
    },
    {
      "file_path": "/media/NFS/ttao/scannet/posed_images/scene0509_01/00122.jpg",
      "transform_matrix": [
        [
          0.675997,
          -0.418499,
          0.606537,
          1.305761
        ],
        [
          -0.736904,
          -0.384828,
          0.55577,
          1.292223
        ],
        [
          0.000823,
          -0.822658,
          -0.568536,
          1.293761
        ],
        [
          0.0,
          0.0,
          0.0,
          1.0
        ]
      ]
    },
    {
      "file_path": "/media/NFS/ttao/scannet/posed_images/scene0509_01/00125.jpg",
      "transform_matrix": [
        [
          0.651618,
          -0.425907,
          0.627692,
          1.310959
        ],
        [
          -0.758545,
          -0.367913,
          0.537819,
          1.293337
        ],
        [
          0.001875,
          -0.826585,
          -0.562808,
          1.29703
        ],
        [
          0.0,
          0.0,
          0.0,
          1.0
        ]
      ]
    },
    {
      "file_path": "/media/NFS/ttao/scannet/posed_images/scene0509_01/00127.jpg",
      "transform_matrix": [
        [
          0.637269,
          -0.430863,
          0.638941,
          1.315652
        ],
        [
          -0.770618,
          -0.362715,
          0.524009,
          1.293012
        ],
        [
          0.005977,
          -0.826314,
          -0.563178,
          1.29626
        ],
        [
          0.0,
          0.0,
          0.0,
          1.0
        ]
      ]
    },
    {
      "file_path": "/media/NFS/ttao/scannet/posed_images/scene0509_01/00131.jpg",
      "transform_matrix": [
        [
          0.622379,
          -0.452244,
          0.638842,
          1.328463
        ],
        [
          -0.782685,
          -0.352283,
          0.513129,
          1.287076
        ],
        [
          -0.007007,
          -0.819373,
          -0.573218,
          1.290882
        ],
        [
          0.0,
          0.0,
          0.0,
          1.0
        ]
      ]
    },
    {
      "file_path": "/media/NFS/ttao/scannet/posed_images/scene0509_01/00135.jpg",
      "transform_matrix": [
        [
          0.618914,
          -0.473828,
          0.626445,
          1.342423
        ],
        [
          -0.785051,
          -0.347473,
          0.512793,
          1.279794
        ],
        [
          -0.025303,
          -0.809166,
          -0.587035,
          1.286196
        ],
        [
          0.0,
          0.0,
          0.0,
          1.0
        ]
      ]
    },
    {
      "file_path": "/media/NFS/ttao/scannet/posed_images/scene0509_01/00138.jpg",
      "transform_matrix": [
        [
          0.617892,
          -0.488172,
          0.616359,
          1.352757
        ],
        [
          -0.785602,
          -0.351174,
          0.509417,
          1.272707
        ],
        [
          -0.032233,
          -0.798977,
          -0.600496,
          1.282835
        ],
        [
          0.0,
          0.0,
          0.0,
          1.0
        ]
      ]
    },
    {
      "file_path": "/media/NFS/ttao/scannet/posed_images/scene0509_01/00141.jpg",
      "transform_matrix": [
        [
          0.616462,
          -0.498847,
          0.609202,
          1.361073
        ],
        [
          -0.786559,
          -0.354711,
          0.505476,
          1.263097
        ],
        [
          -0.036065,
          -0.79078,
          -0.611038,
          1.27935
        ],
        [
          0.0,
          0.0,
          0.0,
          1.0
        ]
      ]
    },
    {
      "file_path": "/media/NFS/ttao/scannet/posed_images/scene0509_01/00145.jpg",
      "transform_matrix": [
        [
          0.609364,
          -0.516528,
          0.601559,
          1.367689
        ],
        [
          -0.792029,
          -0.361192,
          0.492168,
          1.255126
        ],
        [
          -0.03694,
          -0.776363,
          -0.629203,
          1.275286
        ],
        [
          0.0,
          0.0,
          0.0,
          1.0
        ]
      ]
    },
    {
      "file_path": "/media/NFS/ttao/scannet/posed_images/scene0509_01/00150.jpg",
      "transform_matrix": [
        [
          0.580873,
          -0.541396,
          0.607846,
          1.3688
        ],
        [
          -0.813026,
          -0.349474,
          0.465679,
          1.244923
        ],
        [
          -0.03969,
          -0.764695,
          -0.643169,
          1.268009
        ],
        [
          0.0,
          0.0,
          0.0,
          1.0
        ]
      ]
    },
    {
      "file_path": "/media/NFS/ttao/scannet/posed_images/scene0509_01/00151.jpg",
      "transform_matrix": [
        [
          0.571206,
          -0.546039,
          0.612834,
          1.369085
        ],
        [
          -0.819916,
          -0.344809,
          0.456995,
          1.245099
        ],
        [
          -0.038226,
          -0.763511,
          -0.644663,
          1.267889
        ],
        [
          0.0,
          0.0,
          0.0,
          1.0
        ]
      ]
    },
    {
      "file_path": "/media/NFS/ttao/scannet/posed_images/scene0509_01/00158.jpg",
      "transform_matrix": [
        [
          0.515383,
          -0.561283,
          0.647566,
          1.362188
        ],
        [
          -0.856138,
          -0.304147,
          0.417758,
          1.249002
        ],
        [
          -0.037525,
          -0.769712,
          -0.637288,
          1.269861
        ],
        [
          0.0,
          0.0,
          0.0,
          1.0
        ]
      ]
    },
    {
      "file_path": "/media/NFS/ttao/scannet/posed_images/scene0509_01/00161.jpg",
      "transform_matrix": [
        [
          0.493237,
          -0.559832,
          0.665812,
          1.349518
        ],
        [
          -0.869433,
          -0.292318,
          0.398293,
          1.264909
        ],
        [
          -0.028348,
          -0.775331,
          -0.630918,
          1.268152
        ],
        [
          0.0,
          0.0,
          0.0,
          1.0
        ]
      ]
    },
    {
      "file_path": "/media/NFS/ttao/scannet/posed_images/scene0509_01/00163.jpg",
      "transform_matrix": [
        [
          0.470024,
          -0.56272,
          0.680017,
          1.338782
        ],
        [
          -0.882352,
          -0.2794,
          0.37867,
          1.280758
        ],
        [
          -0.023088,
          -0.777998,
          -0.627842,
          1.268875
        ],
        [
          0.0,
          0.0,
          0.0,
          1.0
        ]
      ]
    },
    {
      "file_path": "/media/NFS/ttao/scannet/posed_images/scene0509_01/00169.jpg",
      "transform_matrix": [
        [
          0.393428,
          -0.597272,
          0.698914,
          1.308226
        ],
        [
          -0.918984,
          -0.233884,
          0.317438,
          1.327552
        ],
        [
          -0.026132,
          -0.767179,
          -0.6409,
          1.267016
        ],
        [
          0.0,
          0.0,
          0.0,
          1.0
        ]
      ]
    },
    {
      "file_path": "/media/NFS/ttao/scannet/posed_images/scene0509_01/00170.jpg",
      "transform_matrix": [
        [
          0.378962,
          -0.603634,
          0.701437,
          1.301539
        ],
        [
          -0.925059,
          -0.226141,
          0.305166,
          1.341391
        ],
        [
          -0.025585,
          -0.764517,
          -0.644096,
          1.268513
        ],
        [
          0.0,
          0.0,
          0.0,
          1.0
        ]
      ]
    },
    {
      "file_path": "/media/NFS/ttao/scannet/posed_images/scene0509_01/00176.jpg",
      "transform_matrix": [
        [
          0.324312,
          -0.621242,
          0.713358,
          1.281247
        ],
        [
          -0.945835,
          -0.201167,
          0.254812,
          1.368366
        ],
        [
          -0.014796,
          -0.757357,
          -0.652833,
          1.263968
        ],
        [
          0.0,
          0.0,
          0.0,
          1.0
        ]
      ]
    },
    {
      "file_path": "/media/NFS/ttao/scannet/posed_images/scene0509_01/00178.jpg",
      "transform_matrix": [
        [
          0.305839,
          -0.624361,
          0.718774,
          1.278226
        ],
        [
          -0.952035,
          -0.192938,
          0.237496,
          1.374487
        ],
        [
          -0.009604,
          -0.756933,
          -0.653421,
          1.263391
        ],
        [
          0.0,
          0.0,
          0.0,
          1.0
        ]
      ]
    },
    {
      "file_path": "/media/NFS/ttao/scannet/posed_images/scene0509_01/00181.jpg",
      "transform_matrix": [
        [
          0.283211,
          -0.63114,
          0.722118,
          1.276644
        ],
        [
          -0.959049,
          -0.183136,
          0.21607,
          1.380717
        ],
        [
          -0.004124,
          -0.75374,
          -0.65716,
          1.262009
        ],
        [
          0.0,
          0.0,
          0.0,
          1.0
        ]
      ]
    },
    {
      "file_path": "/media/NFS/ttao/scannet/posed_images/scene0509_01/00187.jpg",
      "transform_matrix": [
        [
          0.243227,
          -0.617961,
          0.74764,
          1.273074
        ],
        [
          -0.969786,
          -0.169919,
          0.175051,
          1.378072
        ],
        [
          0.018863,
          -0.767627,
          -0.640619,
          1.267732
        ],
        [
          0.0,
          0.0,
          0.0,
          1.0
        ]
      ]
    },
    {
      "file_path": "/media/NFS/ttao/scannet/posed_images/scene0509_01/00188.jpg",
      "transform_matrix": [
        [
          0.235854,
          -0.615625,
          0.751917,
          1.272259
        ],
        [
          -0.97157,
          -0.16579,
          0.169014,
          1.37612
        ],
        [
          0.020611,
          -0.770403,
          -0.637224,
          1.270067
        ],
        [
          0.0,
          0.0,
          0.0,
          1.0
        ]
      ]
    },
    {
      "file_path": "/media/NFS/ttao/scannet/posed_images/scene0509_01/00194.jpg",
      "transform_matrix": [
        [
          0.202522,
          -0.581394,
          0.788014,
          1.26521
        ],
        [
          -0.979061,
          -0.137133,
          0.150445,
          1.363274
        ],
        [
          0.020595,
          -0.801982,
          -0.596992,
          1.283163
        ],
        [
          0.0,
          0.0,
          0.0,
          1.0
        ]
      ]
    },
    {
      "file_path": "/media/NFS/ttao/scannet/posed_images/scene0509_01/00198.jpg",
      "transform_matrix": [
        [
          0.188909,
          -0.567332,
          0.801528,
          1.261423
        ],
        [
          -0.981832,
          -0.123974,
          0.143654,
          1.353288
        ],
        [
          0.017869,
          -0.814104,
          -0.580445,
          1.288635
        ],
        [
          0.0,
          0.0,
          0.0,
          1.0
        ]
      ]
    },
    {
      "file_path": "/media/NFS/ttao/scannet/posed_images/scene0509_01/00200.jpg",
      "transform_matrix": [
        [
          0.182205,
          -0.562153,
          0.806713,
          1.260549
        ],
        [
          -0.983131,
          -0.117468,
          0.140194,
          1.348024
        ],
        [
          0.015953,
          -0.818648,
          -0.574074,
          1.287345
        ],
        [
          0.0,
          0.0,
          0.0,
          1.0
        ]
      ]
    },
    {
      "file_path": "/media/NFS/ttao/scannet/posed_images/scene0509_01/00205.jpg",
      "transform_matrix": [
        [
          0.164072,
          -0.563433,
          0.809706,
          1.265092
        ],
        [
          -0.986424,
          -0.099474,
          0.130662,
          1.334589
        ],
        [
          0.006925,
          -0.820151,
          -0.572105,
          1.291098
        ],
        [
          0.0,
          0.0,
          0.0,
          1.0
        ]
      ]
    },
    {
      "file_path": "/media/NFS/ttao/scannet/posed_images/scene0509_01/00206.jpg",
      "transform_matrix": [
        [
          0.160916,
          -0.562941,
          0.810681,
          1.266279
        ],
        [
          -0.986949,
          -0.096881,
          0.12863,
          1.331767
        ],
        [
          0.006128,
          -0.820799,
          -0.571184,
          1.291197
        ],
        [
          0.0,
          0.0,
          0.0,
          1.0
        ]
      ]
    },
    {
      "file_path": "/media/NFS/ttao/scannet/posed_images/scene0509_01/00212.jpg",
      "transform_matrix": [
        [
          0.143292,
          -0.557914,
          0.817434,
          1.274787
        ],
        [
          -0.98968,
          -0.080121,
          0.118802,
          1.31001
        ],
        [
          -0.000788,
          -0.826022,
          -0.563637,
          1.292463
        ],
        [
          0.0,
          0.0,
          0.0,
          1.0
        ]
      ]
    },
    {
      "file_path": "/media/NFS/ttao/scannet/posed_images/scene0509_01/00215.jpg",
      "transform_matrix": [
        [
          0.138942,
          -0.556396,
          0.819218,
          1.278984
        ],
        [
          -0.99029,
          -0.074147,
          0.117596,
          1.301651
        ],
        [
          -0.004687,
          -0.827602,
          -0.561295,
          1.294987
        ],
        [
          0.0,
          0.0,
          0.0,
          1.0
        ]
      ]
    },
    {
      "file_path": "/media/NFS/ttao/scannet/posed_images/scene0509_01/00217.jpg",
      "transform_matrix": [
        [
          0.140298,
          -0.552515,
          0.82161,
          1.280945
        ],
        [
          -0.990087,
          -0.07266,
          0.120205,
          1.296771
        ],
        [
          -0.006717,
          -0.83033,
          -0.557232,
          1.297157
        ],
        [
          0.0,
          0.0,
          0.0,
          1.0
        ]
      ]
    },
    {
      "file_path": "/media/NFS/ttao/scannet/posed_images/scene0509_01/00223.jpg",
      "transform_matrix": [
        [
          0.138765,
          -0.533085,
          0.834605,
          1.285322
        ],
        [
          -0.990269,
          -0.065689,
          0.122689,
          1.279931
        ],
        [
          -0.010579,
          -0.843508,
          -0.537013,
          1.30355
        ],
        [
          0.0,
          0.0,
          0.0,
          1.0
        ]
      ]
    },
    {
      "file_path": "/media/NFS/ttao/scannet/posed_images/scene0509_01/00225.jpg",
      "transform_matrix": [
        [
          0.133881,
          -0.529256,
          0.837833,
          1.287485
        ],
        [
          -0.990938,
          -0.062205,
          0.119052,
          1.274223
        ],
        [
          -0.010892,
          -0.846179,
          -0.532787,
          1.303574
        ],
        [
          0.0,
          0.0,
          0.0,
          1.0
        ]
      ]
    },
    {
      "file_path": "/media/NFS/ttao/scannet/posed_images/scene0509_01/00227.jpg",
      "transform_matrix": [
        [
          0.124728,
          -0.526433,
          0.841018,
          1.289994
        ],
        [
          -0.992169,
          -0.060548,
          0.109245,
          1.27041
        ],
        [
          -0.006588,
          -0.848058,
          -0.529863,
          1.304353
        ],
        [
          0.0,
          0.0,
          0.0,
          1.0
        ]
      ]
    },
    {
      "file_path": "/media/NFS/ttao/scannet/posed_images/scene0509_01/00234.jpg",
      "transform_matrix": [
        [
          0.095735,
          -0.507728,
          0.856182,
          1.298144
        ],
        [
          -0.995346,
          -0.039308,
          0.087986,
          1.259784
        ],
        [
          -0.011018,
          -0.86062,
          -0.509128,
          1.311844
        ],
        [
          0.0,
          0.0,
          0.0,
          1.0
        ]
      ]
    },
    {
      "file_path": "/media/NFS/ttao/scannet/posed_images/scene0509_01/00236.jpg",
      "transform_matrix": [
        [
          0.092331,
          -0.504136,
          0.858674,
          1.29893
        ],
        [
          -0.99556,
          -0.030893,
          0.088913,
          1.260895
        ],
        [
          -0.018297,
          -0.863071,
          -0.50475,
          1.312186
        ],
        [
          0.0,
          0.0,
          0.0,
          1.0
        ]
      ]
    },
    {
      "file_path": "/media/NFS/ttao/scannet/posed_images/scene0509_01/00238.jpg",
      "transform_matrix": [
        [
          0.09585,
          -0.505624,
          0.857413,
          1.303485
        ],
        [
          -0.995155,
          -0.029731,
          0.093715,
          1.265752
        ],
        [
          -0.021893,
          -0.862242,
          -0.506024,
          1.312344
        ],
        [
          0.0,
          0.0,
          0.0,
          1.0
        ]
      ]
    },
    {
      "file_path": "/media/NFS/ttao/scannet/posed_images/scene0509_01/00243.jpg",
      "transform_matrix": [
        [
          0.1137,
          -0.50707,
          0.854373,
          1.307302
        ],
        [
          -0.993328,
          -0.04132,
          0.107669,
          1.291031
        ],
        [
          -0.019293,
          -0.860914,
          -0.508385,
          1.315563
        ],
        [
          0.0,
          0.0,
          0.0,
          1.0
        ]
      ]
    },
    {
      "file_path": "/media/NFS/ttao/scannet/posed_images/scene0509_01/00246.jpg",
      "transform_matrix": [
        [
          0.12011,
          -0.49914,
          0.858157,
          1.308232
        ],
        [
          -0.992589,
          -0.044282,
          0.113169,
          1.309545
        ],
        [
          -0.018486,
          -0.865389,
          -0.500759,
          1.317633
        ],
        [
          0.0,
          0.0,
          0.0,
          1.0
        ]
      ]
    },
    {
      "file_path": "/media/NFS/ttao/scannet/posed_images/scene0509_01/00252.jpg",
      "transform_matrix": [
        [
          0.144292,
          -0.485389,
          0.862309,
          1.308201
        ],
        [
          -0.989482,
          -0.061765,
          0.130805,
          1.359995
        ],
        [
          -0.010231,
          -0.872114,
          -0.489196,
          1.319591
        ],
        [
          0.0,
          0.0,
          0.0,
          1.0
        ]
      ]
    },
    {
      "file_path": "/media/NFS/ttao/scannet/posed_images/scene0509_01/00254.jpg",
      "transform_matrix": [
        [
          0.157158,
          -0.485257,
          0.860132,
          1.308719
        ],
        [
          -0.987552,
          -0.0715,
          0.140101,
          1.374798
        ],
        [
          -0.006486,
          -0.871443,
          -0.490453,
          1.317582
        ],
        [
          0.0,
          0.0,
          0.0,
          1.0
        ]
      ]
    },
    {
      "file_path": "/media/NFS/ttao/scannet/posed_images/scene0509_01/00258.jpg",
      "transform_matrix": [
        [
          0.160655,
          -0.490714,
          0.856382,
          1.312741
        ],
        [
          -0.987009,
          -0.081239,
          0.13861,
          1.398817
        ],
        [
          0.001553,
          -0.867525,
          -0.497391,
          1.312789
        ],
        [
          0.0,
          0.0,
          0.0,
          1.0
        ]
      ]
    },
    {
      "file_path": "/media/NFS/ttao/scannet/posed_images/scene0509_01/00260.jpg",
      "transform_matrix": [
        [
          0.153028,
          -0.494438,
          0.855637,
          1.315698
        ],
        [
          -0.988188,
          -0.083722,
          0.128355,
          1.408308
        ],
        [
          0.008172,
          -0.865172,
          -0.501409,
          1.310537
        ],
        [
          0.0,
          0.0,
          0.0,
          1.0
        ]
      ]
    },
    {
      "file_path": "/media/NFS/ttao/scannet/posed_images/scene0509_01/00264.jpg",
      "transform_matrix": [
        [
          0.125578,
          -0.508472,
          0.851872,
          1.325259
        ],
        [
          -0.991814,
          -0.084366,
          0.09585,
          1.416554
        ],
        [
          0.023132,
          -0.856936,
          -0.514904,
          1.303386
        ],
        [
          0.0,
          0.0,
          0.0,
          1.0
        ]
      ]
    },
    {
      "file_path": "/media/NFS/ttao/scannet/posed_images/scene0509_01/00269.jpg",
      "transform_matrix": [
        [
          0.067819,
          -0.52646,
          0.847491,
          1.340625
        ],
        [
          -0.997217,
          -0.062146,
          0.041195,
          1.41624
        ],
        [
          0.030981,
          -0.847925,
          -0.529209,
          1.297786
        ],
        [
          0.0,
          0.0,
          0.0,
          1.0
        ]
      ]
    },
    {
      "file_path": "/media/NFS/ttao/scannet/posed_images/scene0509_01/00271.jpg",
      "transform_matrix": [
        [
          0.041576,
          -0.526936,
          0.848888,
          1.344938
        ],
        [
          -0.998598,
          -0.049779,
          0.018009,
          1.411989
        ],
        [
          0.032767,
          -0.848446,
          -0.528267,
          1.296922
        ],
        [
          0.0,
          0.0,
          0.0,
          1.0
        ]
      ]
    },
    {
      "file_path": "/media/NFS/ttao/scannet/posed_images/scene0509_01/00277.jpg",
      "transform_matrix": [
        [
          -0.020362,
          -0.520026,
          0.853908,
          1.354374
        ],
        [
          -0.999385,
          -0.013795,
          -0.032232,
          1.402239
        ],
        [
          0.028541,
          -0.854039,
          -0.519426,
          1.299134
        ],
        [
          0.0,
          0.0,
          0.0,
          1.0
        ]
      ]
    },
    {
      "file_path": "/media/NFS/ttao/scannet/posed_images/scene0509_01/00279.jpg",
      "transform_matrix": [
        [
          -0.037665,
          -0.519345,
          0.853734,
          1.357026
        ],
        [
          -0.998927,
          -0.003486,
          -0.046192,
          1.399189
        ],
        [
          0.026965,
          -0.854558,
