{
  "frames": [
    {
      "file_path": "/media/NFS/ttao/scannet/posed_images/scene0329_01/00002.jpg",
      "transform_matrix": [
        [
          -0.414516,
          0.547397,
          -0.727003,
          4.28277
        ],
        [
          0.908769,
          0.206751,
          -0.362481,
          4.226171
        ],
        [
          -0.048113,
          -0.810932,
          -0.583159,
          1.456014
        ],
        [
          0.0,
          0.0,
          0.0,
          1.0
        ]
      ]
    },
    {
      "file_path": "/media/NFS/ttao/scannet/posed_images/scene0329_01/00003.jpg",
      "transform_matrix": [
        [
          -0.428924,
          0.543318,
          -0.721686,
          4.278038
        ],
        [
          0.902693,
          0.227555,
          -0.36519,
          4.23325
        ],
        [
          -0.034191,
          -0.808099,
          -0.588053,
          1.453114
        ],
        [
          0.0,
          0.0,
          0.0,
          1.0
        ]
      ]
    },
    {
      "file_path": "/media/NFS/ttao/scannet/posed_images/scene0329_01/00009.jpg",
      "transform_matrix": [
        [
          -0.523641,
          0.520185,
          -0.67469,
          4.239039
        ],
        [
          0.851929,
          0.323636,
          -0.411677,
          4.268019
        ],
        [
          0.004206,
          -0.790359,
          -0.612629,
          1.453016
        ],
        [
          0.0,
          0.0,
          0.0,
          1.0
        ]
      ]
    },
    {
      "file_path": "/media/NFS/ttao/scannet/posed_images/scene0329_01/00010.jpg",
      "transform_matrix": [
        [
          -0.539915,
          0.509437,
          -0.670049,
          4.237306
        ],
        [
          0.841704,
          0.331606,
          -0.426113,
          4.272283
        ],
        [
          0.005114,
          -0.794047,
          -0.607834,
          1.448853
        ],
        [
          0.0,
          0.0,
          0.0,
          1.0
        ]
      ]
    },
    {
      "file_path": "/media/NFS/ttao/scannet/posed_images/scene0329_01/00017.jpg",
      "transform_matrix": [
        [
          -0.663653,
          0.47229,
          -0.580091,
          4.188822
        ],
        [
          0.747463,
          0.388229,
          -0.539052,
          4.310503
        ],
        [
          -0.029381,
          -0.79134,
          -0.610669,
          1.456833
        ],
        [
          0.0,
          0.0,
          0.0,
          1.0
        ]
      ]
    },
    {
      "file_path": "/media/NFS/ttao/scannet/posed_images/scene0329_01/00018.jpg",
      "transform_matrix": [
        [
          -0.667499,
          0.468292,
          -0.57892,
          4.180561
        ],
        [
          0.744151,
          0.392212,
          -0.540748,
          4.309453
        ],
        [
          -0.026168,
          -0.791752,
          -0.610281,
          1.459971
        ],
        [
          0.0,
          0.0,
          0.0,
          1.0
        ]
      ]
    },
    {
      "file_path": "/media/NFS/ttao/scannet/posed_images/scene0329_01/00024.jpg",
      "transform_matrix": [
        [
          -0.71679,
          0.386017,
          -0.580692,
          4.135092
        ],
        [
          0.697131,
          0.378994,
          -0.608582,
          4.307478
        ],
        [
          -0.014844,
          -0.841044,
          -0.540763,
          1.510103
        ],
        [
          0.0,
          0.0,
          0.0,
          1.0
        ]
      ]
    },
    {
      "file_path": "/media/NFS/ttao/scannet/posed_images/scene0329_01/00028.jpg",
      "transform_matrix": [
        [
          -0.747793,
          0.294454,
          -0.595065,
          4.105803
        ],
        [
          0.663919,
          0.337187,
          -0.66747,
          4.311633
        ],
        [
          0.004109,
          -0.894204,
          -0.44764,
          1.554544
        ],
        [
          0.0,
          0.0,
          0.0,
          1.0
        ]
      ]
    },
    {
      "file_path": "/media/NFS/ttao/scannet/posed_images/scene0329_01/00029.jpg",
      "transform_matrix": [
        [
          -0.753937,
          0.273144,
          -0.59747,
          4.098792
        ],
        [
          0.656896,
          0.324661,
          -0.680502,
          4.313551
        ],
        [
          0.0081,
          -0.905532,
          -0.424201,
          1.563639
        ],
        [
          0.0,
          0.0,
          0.0,
          1.0
        ]
      ]
    },
    {
      "file_path": "/media/NFS/ttao/scannet/posed_images/scene0329_01/00033.jpg",
      "transform_matrix": [
        [
          -0.78102,
          0.191433,
          -0.594442,
          4.047081
        ],
        [
          0.624246,
          0.266763,
          -0.734271,
          4.342889
        ],
        [
          0.018012,
          -0.944559,
          -0.327848,
          1.608852
        ],
        [
          0.0,
          0.0,
          0.0,
          1.0
        ]
      ]
    },
    {
      "file_path": "/media/NFS/ttao/scannet/posed_images/scene0329_01/00039.jpg",
      "transform_matrix": [
        [
          -0.797466,
          0.085474,
          -0.597279,
          3.985251
        ],
        [
          0.601249,
          0.195401,
          -0.774802,
          4.368628
        ],
        [
          0.050483,
          -0.976992,
          -0.207217,
          1.660044
        ],
        [
          0.0,
          0.0,
          0.0,
          1.0
        ]
      ]
    },
    {
      "file_path": "/media/NFS/ttao/scannet/posed_images/scene0329_01/00040.jpg",
      "transform_matrix": [
        [
          -0.801759,
          0.088891,
          -0.591,
          3.962979
        ],
        [
          0.595696,
          0.198702,
          -0.778244,
          4.377584
        ],
        [
          0.048254,
          -0.97602,
          -0.212263,
          1.687441
        ],
        [
          0.0,
          0.0,
          0.0,
          1.0
        ]
      ]
    },
    {
      "file_path": "/media/NFS/ttao/scannet/posed_images/scene0329_01/00044.jpg",
      "transform_matrix": [
        [
          -0.809877,
          0.016212,
          -0.586375,
          3.921998
        ],
        [
          0.581607,
          0.152337,
          -0.799079,
          4.399828
        ],
        [
          0.076372,
          -0.988195,
          -0.132804,
          1.734354
        ],
        [
          0.0,
          0.0,
          0.0,
          1.0
        ]
      ]
    },
    {
      "file_path": "/media/NFS/ttao/scannet/posed_images/scene0329_01/00048.jpg",
      "transform_matrix": [
        [
          -0.822906,
          -0.036649,
          -0.566993,
          3.887807
        ],
        [
          0.557158,
          0.143532,
          -0.817908,
          4.420074
        ],
        [
          0.111357,
          -0.988967,
          -0.097694,
          1.768641
        ],
        [
          0.0,
          0.0,
          0.0,
          1.0
        ]
      ]
    },
    {
      "file_path": "/media/NFS/ttao/scannet/posed_images/scene0329_01/00052.jpg",
      "transform_matrix": [
        [
          -0.809158,
          -0.047706,
          -0.585652,
          3.852856
        ],
        [
          0.57513,
          0.139878,
          -0.806015,
          4.436899
        ],
        [
          0.120372,
          -0.989019,
          -0.085746,
          1.770725
        ],
        [
          0.0,
          0.0,
          0.0,
          1.0
        ]
      ]
    },
    {
      "file_path": "/media/NFS/ttao/scannet/posed_images/scene0329_01/00056.jpg",
      "transform_matrix": [
        [
          -0.782625,
          -0.005643,
          -0.622468,
          3.822279
        ],
        [
          0.613114,
          0.165944,
          -0.772369,
          4.453591
        ],
        [
          0.107653,
          -0.986119,
          -0.126412,
          1.749402
        ],
        [
          0.0,
          0.0,
          0.0,
          1.0
        ]
      ]
    },
    {
      "file_path": "/media/NFS/ttao/scannet/posed_images/scene0329_01/00061.jpg",
      "transform_matrix": [
        [
          -0.767032,
          0.073607,
          -0.637373,
          3.793096
        ],
        [
          0.638138,
          0.19072,
          -0.745926,
          4.469484
        ],
        [
          0.066654,
          -0.978881,
          -0.19326,
          1.707579
        ],
        [
          0.0,
          0.0,
          0.0,
          1.0
        ]
      ]
    },
    {
      "file_path": "/media/NFS/ttao/scannet/posed_images/scene0329_01/00065.jpg",
      "transform_matrix": [
        [
          -0.7937,
          0.142723,
          -0.59133,
          3.760525
        ],
        [
          0.607321,
          0.241322,
          -0.756918,
          4.497556
        ],
        [
          0.034671,
          -0.959893,
          -0.278216,
          1.668264
        ],
        [
          0.0,
          0.0,
          0.0,
          1.0
        ]
      ]
    },
    {
      "file_path": "/media/NFS/ttao/scannet/posed_images/scene0329_01/00070.jpg",
      "transform_matrix": [
        [
          -0.819224,
          0.214419,
          -0.53188,
          3.734824
        ],
        [
          0.573422,
          0.29377,
          -0.764779,
          4.533984
        ],
        [
          -0.007732,
          -0.931517,
          -0.363616,
          1.620625
        ],
        [
          0.0,
          0.0,
          0.0,
          1.0
        ]
      ]
    },
    {
      "file_path": "/media/NFS/ttao/scannet/posed_images/scene0329_01/00071.jpg",
      "transform_matrix": [
        [
          -0.821357,
          0.224549,
          -0.524357,
          3.727564
        ],
        [
          0.570248,
          0.301014,
          -0.764335,
          4.548243
        ],
        [
          -0.013792,
          -0.926805,
          -0.375289,
          1.60938
        ],
        [
          0.0,
          0.0,
          0.0,
          1.0
        ]
      ]
    },
    {
      "file_path": "/media/NFS/ttao/scannet/posed_images/scene0329_01/00076.jpg",
      "transform_matrix": [
        [
          -0.817424,
          0.268855,
          -0.509445,
          3.709852
        ],
        [
          0.575191,
          0.333082,
          -0.747135,
          4.601825
        ],
        [
          -0.031184,
          -0.903755,
          -0.426913,
          1.570568
        ],
        [
          0.0,
          0.0,
          0.0,
          1.0
        ]
      ]
    },
    {
      "file_path": "/media/NFS/ttao/scannet/posed_images/scene0329_01/00080.jpg",
      "transform_matrix": [
        [
          -0.811462,
          0.308294,
          -0.496472,
          3.698646
        ],
        [
          0.58346,
          0.37909,
          -0.718237,
          4.637993
        ],
        [
          -0.033221,
          -0.872494,
          -0.487494,
          1.545481
        ],
        [
          0.0,
          0.0,
          0.0,
          1.0
        ]
      ]
    },
    {
      "file_path": "/media/NFS/ttao/scannet/posed_images/scene0329_01/00082.jpg",
      "transform_matrix": [
        [
          -0.811817,
          0.325593,
          -0.484708,
          3.691708
        ],
        [
          0.582689,
          0.398054,
          -0.708538,
          4.653905
        ],
        [
          -0.037755,
          -0.857637,
          -0.512867,
          1.536445
        ],
        [
          0.0,
          0.0,
          0.0,
          1.0
        ]
      ]
    },
    {
      "file_path": "/media/NFS/ttao/scannet/posed_images/scene0329_01/00085.jpg",
      "transform_matrix": [
        [
          -0.795332,
          0.355376,
          -0.491076,
          3.680681
        ],
        [
          0.604786,
          0.410414,
          -0.682491,
          4.673676
        ],
        [
          -0.040996,
          -0.839803,
          -0.541342,
          1.520836
        ],
        [
          0.0,
          0.0,
          0.0,
          1.0
        ]
      ]
    },
    {
      "file_path": "/media/NFS/ttao/scannet/posed_images/scene0329_01/00089.jpg",
      "transform_matrix": [
        [
          -0.764158,
          0.403094,
          -0.503566,
          3.663969
        ],
        [
          0.643704,
          0.426527,
          -0.63539,
          4.690612
        ],
        [
          -0.041337,
          -0.809685,
          -0.585407,
          1.499801
        ],
        [
          0.0,
          0.0,
          0.0,
          1.0
        ]
      ]
    },
    {
      "file_path": "/media/NFS/ttao/scannet/posed_images/scene0329_01/00096.jpg",
      "transform_matrix": [
        [
          -0.65927,
          0.499529,
          -0.561992,
          3.629962
        ],
        [
          0.751669,
          0.419069,
          -0.509288,
          4.709036
        ],
        [
          -0.018891,
          -0.75819,
          -0.65176,
          1.455294
        ],
        [
          0.0,
          0.0,
          0.0,
          1.0
        ]
      ]
    },
    {
      "file_path": "/media/NFS/ttao/scannet/posed_images/scene0329_01/00099.jpg",
      "transform_matrix": [
        [
          -0.625937,
          0.510188,
          -0.589839,
          3.615403
        ],
        [
          0.779678,
          0.392458,
          -0.487932,
          4.711801
        ],
        [
          -0.01745,
          -0.7653,
          -0.643437,
          1.448833
        ],
        [
          0.0,
          0.0,
          0.0,
          1.0
        ]
      ]
    },
    {
      "file_path": "/media/NFS/ttao/scannet/posed_images/scene0329_01/00102.jpg",
      "transform_matrix": [
        [
          -0.614348,
          0.515806,
          -0.597094,
          3.604397
        ],
        [
          0.788992,
          0.393663,
          -0.471721,
          4.711347
        ],
        [
          -0.008262,
          -0.760903,
          -0.648813,
          1.44555
        ],
        [
          0.0,
          0.0,
          0.0,
          1.0
        ]
      ]
    },
    {
      "file_path": "/media/NFS/ttao/scannet/posed_images/scene0329_01/00105.jpg",
      "transform_matrix": [
        [
          -0.602373,
          0.511844,
          -0.612504,
          3.574625
        ],
        [
          0.798133,
          0.397184,
          -0.453022,
          4.721383
        ],
        [
          0.0114,
          -0.761748,
          -0.647773,
          1.451056
        ],
        [
          0.0,
          0.0,
          0.0,
          1.0
        ]
      ]
    },
    {
      "file_path": "/media/NFS/ttao/scannet/posed_images/scene0329_01/00110.jpg",
      "transform_matrix": [
        [
          -0.590821,
          0.497962,
          -0.634795,
          3.512409
        ],
        [
          0.8066,
          0.382212,
          -0.450899,
          4.754418
        ],
        [
          0.018096,
          -0.778426,
          -0.627475,
          1.460344
        ],
        [
          0.0,
          0.0,
          0.0,
          1.0
        ]
      ]
    },
    {
      "file_path": "/media/NFS/ttao/scannet/posed_images/scene0329_01/00114.jpg",
      "transform_matrix": [
        [
          -0.619416,
          0.485179,
          -0.617191,
          3.448739
        ],
        [
          0.785045,
          0.3881,
          -0.482786,
          4.797173
        ],
        [
          0.005294,
          -0.783568,
          -0.621283,
          1.465178
        ],
        [
          0.0,
          0.0,
          0.0,
          1.0
        ]
      ]
    },
    {
      "file_path": "/media/NFS/ttao/scannet/posed_images/scene0329_01/00118.jpg",
      "transform_matrix": [
        [
          -0.669301,
          0.458577,
          -0.584588,
          3.377916
        ],
        [
          0.742941,
          0.403899,
          -0.533764,
          4.857751
        ],
        [
          -0.008658,
          -0.791564,
          -0.611026,
          1.473864
        ],
        [
          0.0,
          0.0,
          0.0,
          1.0
        ]
      ]
    },
    {
      "file_path": "/media/NFS/ttao/scannet/posed_images/scene0329_01/00121.jpg",
      "transform_matrix": [
        [
          -0.707234,
          0.436608,
          -0.556052,
          3.323429
        ],
        [
          0.706917,
          0.426228,
          -0.564445,
          4.900301
        ],
        [
          -0.009436,
          -0.792277,
          -0.610089,
          1.480018
        ],
        [
          0.0,
          0.0,
          0.0,
          1.0
        ]
      ]
    },
    {
      "file_path": "/media/NFS/ttao/scannet/posed_images/scene0329_01/00123.jpg",
      "transform_matrix": [
        [
          -0.729134,
          0.41927,
          -0.540903,
          3.273252
        ],
        [
          0.684369,
          0.448705,
          -0.57472,
          4.935012
        ],
        [
          0.001743,
          -0.789225,
          -0.614101,
          1.484978
        ],
        [
          0.0,
          0.0,
          0.0,
          1.0
        ]
      ]
    },
    {
      "file_path": "/media/NFS/ttao/scannet/posed_images/scene0329_01/00127.jpg",
      "transform_matrix": [
        [
          -0.736915,
          0.413562,
          -0.534717,
          3.21708
        ],
        [
          0.675975,
          0.446582,
          -0.586192,
          4.966168
        ],
        [
          -0.003632,
          -0.79343,
          -0.608651,
          1.49626
        ],
        [
          0.0,
          0.0,
          0.0,
          1.0
        ]
      ]
    },
    {
      "file_path": "/media/NFS/ttao/scannet/posed_images/scene0329_01/00130.jpg",
      "transform_matrix": [
        [
          -0.735427,
          0.412335,
          -0.537705,
          3.173082
        ],
        [
          0.677493,
          0.433143,
          -0.594466,
          4.988735
        ],
        [
          -0.012216,
          -0.801478,
          -0.597899,
          1.505178
        ],
        [
          0.0,
          0.0,
          0.0,
          1.0
        ]
      ]
    },
    {
      "file_path": "/media/NFS/ttao/scannet/posed_images/scene0329_01/00137.jpg",
      "transform_matrix": [
        [
          -0.715723,
          0.382698,
          -0.584194,
          3.062535
        ],
        [
          0.698383,
          0.393754,
          -0.597678,
          5.043638
        ],
        [
          0.001298,
          -0.835763,
          -0.549089,
          1.520931
        ],
        [
          0.0,
          0.0,
          0.0,
          1.0
        ]
      ]
    },
    {
      "file_path": "/media/NFS/ttao/scannet/posed_images/scene0329_01/00139.jpg",
      "transform_matrix": [
        [
          -0.716984,
          0.368554,
          -0.591695,
          3.030845
        ],
        [
          0.697062,
          0.386706,
          -0.603791,
          5.064285
        ],
        [
          0.006282,
          -0.845356,
          -0.534167,
          1.514259
        ],
        [
          0.0,
          0.0,
          0.0,
          1.0
        ]
      ]
    },
    {
      "file_path": "/media/NFS/ttao/scannet/posed_images/scene0329_01/00142.jpg",
      "transform_matrix": [
        [
          -0.74384,
          0.331151,
          -0.580553,
          2.99398
        ],
        [
          0.667924,
          0.399601,
          -0.62785,
          5.085854
        ],
        [
          0.024076,
          -0.854786,
          -0.518423,
          1.509071
        ],
        [
          0.0,
          0.0,
          0.0,
          1.0
        ]
      ]
    },
    {
      "file_path": "/media/NFS/ttao/scannet/posed_images/scene0329_01/00146.jpg",
      "transform_matrix": [
        [
          -0.82587,
          0.276984,
          -0.49114,
          2.964469
        ],
        [
          0.562108,
          0.473044,
          -0.678427,
          5.103008
        ],
        [
          0.044417,
          -0.836366,
          -0.546368,
          1.512293
        ],
        [
          0.0,
          0.0,
          0.0,
          1.0
        ]
      ]
    },
    {
      "file_path": "/media/NFS/ttao/scannet/posed_images/scene0329_01/00149.jpg",
      "transform_matrix": [
        [
          -0.877062,
          0.257227,
          -0.405706,
          2.954417
        ],
        [
          0.479376,
          0.523182,
          -0.704613,
          5.116552
        ],
        [
          0.031012,
          -0.812475,
          -0.582171,
          1.515472
        ],
        [
          0.0,
          0.0,
          0.0,
          1.0
        ]
      ]
    },
    {
      "file_path": "/media/NFS/ttao/scannet/posed_images/scene0329_01/00153.jpg",
      "transform_matrix": [
        [
          -0.928738,
          0.186803,
          -0.320234,
          2.943257
        ],
        [
          0.368572,
          0.558426,
          -0.743179,
          5.154587
        ],
        [
          0.039999,
          -0.808248,
          -0.587482,
          1.526649
        ],
        [
          0.0,
          0.0,
          0.0,
          1.0
        ]
      ]
    },
    {
      "file_path": "/media/NFS/ttao/scannet/posed_images/scene0329_01/00157.jpg",
      "transform_matrix": [
        [
          -0.968651,
          0.125052,
          -0.214656,
          2.942984
        ],
        [
          0.246911,
          0.579886,
          -0.776381,
          5.210483
        ],
        [
          0.027388,
          -0.805043,
          -0.592584,
          1.528241
        ],
        [
          0.0,
          0.0,
          0.0,
          1.0
        ]
      ]
    },
    {
      "file_path": "/media/NFS/ttao/scannet/posed_images/scene0329_01/00163.jpg",
      "transform_matrix": [
        [
          -0.999377,
          0.011618,
          -0.033335,
          2.919394
        ],
        [
          0.033726,
          0.593196,
          -0.804351,
          5.327874
        ],
        [
          0.010429,
          -0.804974,
          -0.593218,
          1.544489
        ],
        [
          0.0,
          0.0,
          0.0,
          1.0
        ]
      ]
    },
    {
      "file_path": "/media/NFS/ttao/scannet/posed_images/scene0329_01/00165.jpg",
      "transform_matrix": [
        [
          -0.999314,
          -0.031045,
          0.020166,
          2.914341
        ],
        [
          -0.034486,
          0.58264,
          -0.811998,
          5.381152
        ],
        [
          0.013459,
          -0.812137,
          -0.583311,
          1.546942
        ],
        [
          0.0,
          0.0,
          0.0,
          1.0
        ]
      ]
    },
    {
      "file_path": "/media/NFS/ttao/scannet/posed_images/scene0329_01/00171.jpg",
      "transform_matrix": [
        [
          -0.982764,
          -0.120025,
          0.140599,
          2.90518
        ],
        [
          -0.184599,
          0.59656,
          -0.781051,
          5.529124
        ],
        [
          0.009869,
          -0.793543,
          -0.608434,
          1.565088
        ],
        [
          0.0,
          0.0,
          0.0,
          1.0
        ]
      ]
    },
    {
      "file_path": "/media/NFS/ttao/scannet/posed_images/scene0329_01/00174.jpg",
      "transform_matrix": [
        [
          -0.972341,
          -0.144738,
          0.183316,
          2.89797
        ],
        [
          -0.233544,
          0.591249,
          -0.771934,
          5.591941
        ],
        [
          0.003343,
          -0.793395,
          -0.608698,
          1.573678
        ],
        [
          0.0,
          0.0,
          0.0,
          1.0
        ]
      ]
    },
    {
      "file_path": "/media/NFS/ttao/scannet/posed_images/scene0329_01/00175.jpg",
      "transform_matrix": [
        [
          -0.970423,
          -0.154083,
          0.185844,
          2.895839
        ],
        [
          -0.241234,
          0.589386,
          -0.770993,
          5.615566
        ],
        [
          0.009263,
          -0.793021,
          -0.609124,
          1.571911
        ],
        [
          0.0,
          0.0,
          0.0,
          1.0
        ]
      ]
    },
    {
      "file_path": "/media/NFS/ttao/scannet/posed_images/scene0329_01/00182.jpg",
      "transform_matrix": [
        [
          -0.95258,
          -0.207611,
          0.222461,
          2.891917
        ],
        [
          -0.303091,
          0.582597,
          -0.754133,
          5.741727
        ],
        [
          0.026961,
          -0.785798,
          -0.617896,
          1.588668
        ],
        [
          0.0,
          0.0,
          0.0,
          1.0
        ]
      ]
    },
    {
      "file_path": "/media/NFS/ttao/scannet/posed_images/scene0329_01/00184.jpg",
      "transform_matrix": [
        [
          -0.949437,
          -0.214559,
          0.229203,
          2.883564
        ],
        [
          -0.312489,
          0.575281,
          -0.755911,
          5.780707
        ],
        [
          0.030332,
          -0.789314,
          -0.61324,
          1.591284
        ],
        [
          0.0,
          0.0,
          0.0,
          1.0
        ]
      ]
    },
    {
      "file_path": "/media/NFS/ttao/scannet/posed_images/scene0329_01/00187.jpg",
      "transform_matrix": [
        [
          -0.946756,
          -0.222991,
          0.232226,
          2.877226
        ],
        [
          -0.319668,
          0.565301,
          -0.760426,
          5.846998
        ],
        [
          0.038291,
          -0.794172,
          -0.606485,
          1.583828
        ],
        [
          0.0,
          0.0,
          0.0,
          1.0
        ]
      ]
    },
    {
      "file_path": "/media/NFS/ttao/scannet/posed_images/scene0329_01/00190.jpg",
      "transform_matrix": [
        [
          -0.947803,
          -0.22637,
          0.22456,
          2.872777
        ],
        [
          -0.315783,
          0.568813,
          -0.75943,
          5.919081
        ],
        [
          0.044179,
          -0.790702,
          -0.610605,
          1.57296
        ],
        [
          0.0,
          0.0,
          0.0,
          1.0
        ]
      ]
    },
    {
      "file_path": "/media/NFS/ttao/scannet/posed_images/scene0329_01/00197.jpg",
      "transform_matrix": [
        [
          -0.93813,
          -0.24925,
          0.240388,
          2.862139
        ],
        [
          -0.344848,
          0.609323,
          -0.714007,
          6.054834
        ],
        [
          0.031493,
          -0.752728,
          -0.657577,
          1.572028
        ],
        [
          0.0,
          0.0,
          0.0,
          1.0
        ]
      ]
    },
    {
      "file_path": "/media/NFS/ttao/scannet/posed_images/scene0329_01/00200.jpg",
      "transform_matrix": [
        [
          -0.9326,
          -0.266367,
          0.243528,
          2.888836
        ],
        [
          -0.358685,
          0.609214,
          -0.70725,
          6.105423
        ],
        [
          0.040027,
          -0.746932,
          -0.663695,
          1.576048
        ],
        [
          0.0,
          0.0,
          0.0,
          1.0
        ]
      ]
    },
    {
      "file_path": "/media/NFS/ttao/scannet/posed_images/scene0329_01/00201.jpg",
      "transform_matrix": [
        [
          -0.929221,
          -0.270534,
          0.251714,
          2.889567
        ],
        [
          -0.367769,
          0.61074,
          -0.701243,
          6.123276
        ],
        [
          0.035978,
          -0.744182,
          -0.667007,
          1.578306
        ],
        [
          0.0,
          0.0,
          0.0,
          1.0
        ]
      ]
    },
    {
      "file_path": "/media/NFS/ttao/scannet/posed_images/scene0329_01/00207.jpg",
      "transform_matrix": [
        [
          -0.894546,
          -0.310732,
          0.321299,
          2.855816
        ],
        [
          -0.446645,
          0.593779,
          -0.669279,
          6.209961
        ],
        [
          0.017186,
          -0.742208,
          -0.66995,
          1.58505
        ],
        [
          0.0,
          0.0,
          0.0,
          1.0
        ]
      ]
    },
    {
      "file_path": "/media/NFS/ttao/scannet/posed_images/scene0329_01/00211.jpg",
      "transform_matrix": [
        [
          -0.846267,
          -0.363511,
          0.389478,
          2.849143
        ],
        [
          -0.532535,
          0.555913,
          -0.638254,
          6.312195
        ],
        [
          0.015497,
          -0.747543,
          -0.664033,
          1.570318
        ],
        [
          0.0,
          0.0,
          0.0,
          1.0
        ]
      ]
    },
    {
      "file_path": "/media/NFS/ttao/scannet/posed_images/scene0329_01/00212.jpg",
      "transform_matrix": [
        [
          -0.827995,
          -0.378629,
          0.413601,
          2.836677
        ],
        [
          -0.560651,
          0.546142,
          -0.622415,
          6.328116
        ],
        [
          0.00978,
          -0.747241,
          -0.664481,
          1.567503
        ],
        [
          0.0,
          0.0,
          0.0,
          1.0
        ]
      ]
    },
    {
      "file_path": "/media/NFS/ttao/scannet/posed_images/scene0329_01/00217.jpg",
      "transform_matrix": [
        [
          -0.729471,
          -0.465994,
          0.500722,
          2.801451
        ],
        [
          -0.683994,
          0.502231,
          -0.52907,
          6.429006
        ],
        [
          -0.004934,
          -0.728432,
          -0.6851,
          1.566747
        ],
        [
          0.0,
          0.0,
          0.0,
          1.0
        ]
      ]
    },
    {
      "file_path": "/media/NFS/ttao/scannet/posed_images/scene0329_01/00220.jpg",
      "transform_matrix": [
        [
          -0.714038,
          -0.4839,
          0.505956,
          2.841009
        ],
        [
          -0.700102,
          0.496151,
          -0.513509,
          6.507022
        ],
        [
          -0.002544,
          -0.720885,
          -0.69305,
          1.573975
        ],
        [
          0.0,
          0.0,
          0.0,
          1.0
        ]
      ]
    },
    {
      "file_path": "/media/NFS/ttao/scannet/posed_images/scene0329_01/00227.jpg",
      "transform_matrix": [
        [
          -0.615525,
          -0.544473,
          0.569805,
          2.846561
        ],
        [
          -0.788092,
          0.419384,
          -0.450587,
          6.581656
        ],
        [
          0.006365,
          -0.726406,
          -0.687236,
          1.584808
        ],
        [
          0.0,
          0.0,
          0.0,
          1.0
        ]
      ]
    },
    {
      "file_path": "/media/NFS/ttao/scannet/posed_images/scene0329_01/00228.jpg",
      "transform_matrix": [
        [
          -0.598191,
          -0.552806,
          0.580149,
          2.846833
        ],
        [
          -0.801298,
          0.404108,
          -0.441156,
          6.589502
        ],
        [
          0.009431,
          -0.728767,
          -0.684696,
          1.583051
        ],
        [
          0.0,
          0.0,
          0.0,
          1.0
        ]
      ]
    },
    {
      "file_path": "/media/NFS/ttao/scannet/posed_images/scene0329_01/00232.jpg",
      "transform_matrix": [
        [
          -0.524816,
          -0.595771,
          0.607968,
          2.888862
        ],
        [
          -0.851003,
          0.351259,
          -0.390398,
          6.6247
        ],
        [
          0.019034,
          -0.72227,
          -0.69135,
          1.598264
        ],
        [
          0.0,
          0.0,
          0.0,
          1.0
        ]
      ]
    },
    {
      "file_path": "/media/NFS/ttao/scannet/posed_images/scene0329_01/00236.jpg",
      "transform_matrix": [
        [
          -0.431891,
          -0.615911,
          0.65888,
          2.915175
        ],
        [
          -0.901925,
          0.294102,
          -0.316284,
          6.64651
        ],
        [
          0.001025,
          -0.730861,
          -0.682526,
          1.602452
        ],
        [
          0.0,
          0.0,
          0.0,
          1.0
        ]
      ]
    },
    {
      "file_path": "/media/NFS/ttao/scannet/posed_images/scene0329_01/00239.jpg",
      "transform_matrix": [
        [
          -0.352866,
          -0.636423,
          0.685894,
          2.939554
        ],
        [
          -0.935585,
          0.250102,
          -0.24926,
          6.663811
        ],
        [
          -0.012908,
          -0.729667,
          -0.68368,
          1.605948
        ],
        [
          0.0,
          0.0,
          0.0,
          1.0
        ]
      ]
    },
    {
      "file_path": "/media/NFS/ttao/scannet/posed_images/scene0329_01/00245.jpg",
      "transform_matrix": [
        [
          -0.223537,
          -0.654688,
          0.722091,
          2.993239
        ],
        [
          -0.974475,
          0.165868,
          -0.151283,
          6.738299
        ],
        [
          -0.020728,
          -0.737477,
          -0.675054,
          1.606199
        ],
        [
          0.0,
          0.0,
          0.0,
          1.0
        ]
      ]
    },
    {
      "file_path": "/media/NFS/ttao/scannet/posed_images/scene0329_01/00250.jpg",
      "transform_matrix": [
        [
          -0.128806,
          -0.659635,
          0.740466,
          3.021508
        ],
        [
          -0.990907,
          0.114897,
          -0.070016,
          6.763205
        ],
        [
          -0.038892,
          -0.742752,
          -0.668436,
          1.616865
        ],
        [
          0.0,
          0.0,
          0.0,
          1.0
        ]
      ]
    },
    {
      "file_path": "/media/NFS/ttao/scannet/posed_images/scene0329_01/00253.jpg",
      "transform_matrix": [
        [
          -0.069529,
          -0.660228,
          0.74784,
          3.03199
        ],
        [
          -0.996789,
          0.075831,
          -0.025727,
          6.779506
        ],
        [
          -0.039724,
          -0.747227,
          -0.66338,
          1.616111
        ],
        [
          0.0,
          0.0,
          0.0,
          1.0
        ]
      ]
    },
    {
      "file_path": "/media/NFS/ttao/scannet/posed_images/scene0329_01/00256.jpg",
      "transform_matrix": [
        [
          -0.015543,
          -0.656539,
          0.754132,
          3.040743
        ],
        [
          -0.99903,
          0.041281,
          0.015349,
          6.794568
        ],
        [
          -0.041209,
          -0.753162,
          -0.656543,
          1.615572
        ],
        [
          0.0,
          0.0,
          0.0,
          1.0
        ]
      ]
    },
    {
      "file_path": "/media/NFS/ttao/scannet/posed_images/scene0329_01/00260.jpg",
      "transform_matrix": [
        [
          0.040106,
          -0.654241,
          0.755222,
          3.057802
        ],
        [
          -0.997918,
          0.011984,
          0.063376,
          6.821442
        ],
        [
          -0.050514,
          -0.756191,
          -0.652398,
          1.616549
        ],
        [
          0.0,
          0.0,
          0.0,
          1.0
        ]
      ]
    },
    {
      "file_path": "/media/NFS/ttao/scannet/posed_images/scene0329_01/00264.jpg",
      "transform_matrix": [
        [
          0.11035,
          -0.654213,
          0.748217,
          3.073908
        ],
        [
          -0.992456,
          -0.032057,
          0.118341,
          6.843018
        ],
        [
          -0.053435,
          -0.75563,
          -0.652815,
          1.61601
        ],
        [
          0.0,
          0.0,
          0.0,
          1.0
        ]
      ]
    },
    {
      "file_path": "/media/NFS/ttao/scannet/posed_images/scene0329_01/00265.jpg",
      "transform_matrix": [
        [
          0.128605,
          -0.653154,
          0.746225,
          3.077937
        ],
        [
          -0.990116,
          -0.042102,
          0.133786,
          6.84533
        ],
        [
          -0.055965,
          -0.756054,
          -0.652112,
          1.614859
        ],
        [
          0.0,
          0.0,
          0.0,
          1.0
        ]
      ]
    },
    {
      "file_path": "/media/NFS/ttao/scannet/posed_images/scene0329_01/00269.jpg",
      "transform_matrix": [
        [
          0.198489,
          -0.640771,
          0.74163,
          3.096097
        ],
        [
          -0.977622,
          -0.075622,
          0.196311,
          6.871077
        ],
        [
          -0.069707,
          -0.763998,
          -0.641442,
          1.619121
        ],
        [
          0.0,
          0.0,
          0.0,
          1.0
        ]
      ]
    },
    {
      "file_path": "/media/NFS/ttao/scannet/posed_images/scene0329_01/00275.jpg",
      "transform_matrix": [
        [
          0.323545,
          -0.60187,
          0.730118,
          3.122565
        ],
        [
          -0.941878,
          -0.131077,
          0.309332,
          6.910344
        ],
        [
          -0.090476,
          -0.787764,
          -0.609297,
          1.640527
        ],
        [
          0.0,
          0.0,
          0.0,
          1.0
        ]
      ]
    },
    {
      "file_path": "/media/NFS/ttao/scannet/posed_images/scene0329_01/00279.jpg",
      "transform_matrix": [
        [
          0.404162,
          -0.571025,
          0.714552,
          3.151595
        ],
        [
          -0.909548,
          -0.168196,
          0.380042,
          6.928241
        ],
        [
          -0.096828,
          -0.803518,
          -0.587353,
          1.661805
        ],
        [
          0.0,
          0.0,
          0.0,
          1.0
        ]
      ]
    },
    {
      "file_path": "/media/NFS/ttao/scannet/posed_images/scene0329_01/00280.jpg",
      "transform_matrix": [
        [
          0.42752,
          -0.558286,
          0.711015,
          3.166131
        ],
        [
          -0.899178,
          -0.181444,
          0.398191,
          6.928226
        ],
        [
          -0.093295,
          -0.809565,
          -0.57957,
          1.670035
        ],
        [
          0.0,
          0.0,
          0.0,
          1.0
        ]
      ]
    },
    {
      "file_path": "/media/NFS/ttao/scannet/posed_images/scene0329_01/00285.jpg",
      "transform_matrix": [
        [
          0.507407,
          -0.497522,
          0.703569,
          3.200733
        ],
        [
          -0.855529,
          -0.193271,
          0.480329,
          6.939612
        ],
        [
          -0.102994,
          -0.845646,
          -0.523712,
          1.69768
        ],
        [
          0.0,
          0.0,
          0.0,
          1.0
        ]
      ]
    },
    {
      "file_path": "/media/NFS/ttao/scannet/posed_images/scene0329_01/00289.jpg",
      "transform_matrix": [
        [
          0.55247,
          -0.456301,
          0.697543,
          3.22765
        ],
        [
          -0.827436,
          -0.199196,
          0.525043,
          6.935237
        ],
        [
          -0.100629,
