{
  "frames": [
    {
      "file_path": "/media/NFS/ttao/scannet/posed_images/scene0395_00/00000.jpg",
      "transform_matrix": [
        [
          0.857704,
          -0.267831,
          0.438874,
          2.929512
        ],
        [
          -0.513137,
          -0.392531,
          0.763289,
          2.943106
        ],
        [
          -0.032161,
          -0.879879,
          -0.474109,
          1.484881
        ],
        [
          0.0,
          0.0,
          0.0,
          1.0
        ]
      ]
    },
    {
      "file_path": "/media/NFS/ttao/scannet/posed_images/scene0395_00/00008.jpg",
      "transform_matrix": [
        [
          0.862297,
          -0.260228,
          0.434426,
          2.928616
        ],
        [
          -0.505697,
          -0.397192,
          0.765839,
          2.947909
        ],
        [
          -0.026742,
          -0.880068,
          -0.474094,
          1.485731
        ],
        [
          0.0,
          0.0,
          0.0,
          1.0
        ]
      ]
    },
    {
      "file_path": "/media/NFS/ttao/scannet/posed_images/scene0395_00/00021.jpg",
      "transform_matrix": [
        [
          0.870476,
          -0.232295,
          0.433947,
          2.940364
        ],
        [
          -0.491784,
          -0.373773,
          0.786411,
          2.96122
        ],
        [
          -0.020482,
          -0.89796,
          -0.439599,
          1.541908
        ],
        [
          0.0,
          0.0,
          0.0,
          1.0
        ]
      ]
    },
    {
      "file_path": "/media/NFS/ttao/scannet/posed_images/scene0395_00/00026.jpg",
      "transform_matrix": [
        [
          0.872865,
          -0.213884,
          0.438589,
          2.943298
        ],
        [
          -0.487722,
          -0.354297,
          0.797873,
          2.959471
        ],
        [
          -0.015261,
          -0.910345,
          -0.413569,
          1.558456
        ],
        [
          0.0,
          0.0,
          0.0,
          1.0
        ]
      ]
    },
    {
      "file_path": "/media/NFS/ttao/scannet/posed_images/scene0395_00/00039.jpg",
      "transform_matrix": [
        [
          0.87597,
          -0.160985,
          0.454709,
          2.940679
        ],
        [
          -0.482366,
          -0.291748,
          0.825958,
          2.959654
        ],
        [
          -0.000306,
          -0.94285,
          -0.333216,
          1.602036
        ],
        [
          0.0,
          0.0,
          0.0,
          1.0
        ]
      ]
    },
    {
      "file_path": "/media/NFS/ttao/scannet/posed_images/scene0395_00/00041.jpg",
      "transform_matrix": [
        [
          0.877343,
          -0.152849,
          0.454869,
          2.94592
        ],
        [
          -0.479862,
          -0.277465,
          0.832314,
          2.955787
        ],
        [
          -0.001008,
          -0.948499,
          -0.316778,
          1.604785
        ],
        [
          0.0,
          0.0,
          0.0,
          1.0
        ]
      ]
    },
    {
      "file_path": "/media/NFS/ttao/scannet/posed_images/scene0395_00/00054.jpg",
      "transform_matrix": [
        [
          0.883854,
          -0.120161,
          0.452065,
          2.940761
        ],
        [
          -0.467671,
          -0.207947,
          0.859094,
          2.955582
        ],
        [
          -0.009224,
          -0.970731,
          -0.239991,
          1.645064
        ],
        [
          0.0,
          0.0,
          0.0,
          1.0
        ]
      ]
    },
    {
      "file_path": "/media/NFS/ttao/scannet/posed_images/scene0395_00/00062.jpg",
      "transform_matrix": [
        [
          0.885846,
          -0.102564,
          0.452502,
          2.956185
        ],
        [
          -0.463888,
          -0.176374,
          0.868159,
          2.948418
        ],
        [
          -0.009232,
          -0.978965,
          -0.203818,
          1.661646
        ],
        [
          0.0,
          0.0,
          0.0,
          1.0
        ]
      ]
    },
    {
      "file_path": "/media/NFS/ttao/scannet/posed_images/scene0395_00/00067.jpg",
      "transform_matrix": [
        [
          0.881318,
          -0.095351,
          0.462804,
          2.963413
        ],
        [
          -0.472499,
          -0.167712,
          0.865227,
          2.945516
        ],
        [
          -0.004883,
          -0.981214,
          -0.192861,
          1.674949
        ],
        [
          0.0,
          0.0,
          0.0,
          1.0
        ]
      ]
    },
    {
      "file_path": "/media/NFS/ttao/scannet/posed_images/scene0395_00/00077.jpg",
      "transform_matrix": [
        [
          0.865623,
          -0.081173,
          0.494073,
          2.979632
        ],
        [
          -0.500697,
          -0.140092,
          0.854211,
          2.934816
        ],
        [
          -0.000123,
          -0.986805,
          -0.16191,
          1.690885
        ],
        [
          0.0,
          0.0,
          0.0,
          1.0
        ]
      ]
    },
    {
      "file_path": "/media/NFS/ttao/scannet/posed_images/scene0395_00/00090.jpg",
      "transform_matrix": [
        [
          0.826117,
          -0.071408,
          0.558956,
          3.003291
        ],
        [
          -0.563497,
          -0.106593,
          0.819212,
          2.917337
        ],
        [
          0.001082,
          -0.991735,
          -0.128296,
          1.704924
        ],
        [
          0.0,
          0.0,
          0.0,
          1.0
        ]
      ]
    },
    {
      "file_path": "/media/NFS/ttao/scannet/posed_images/scene0395_00/00095.jpg",
      "transform_matrix": [
        [
          0.809514,
          -0.0708,
          0.582815,
          3.023571
        ],
        [
          -0.587096,
          -0.10142,
          0.803139,
          2.903351
        ],
        [
          0.002246,
          -0.992321,
          -0.123667,
          1.70806
        ],
        [
          0.0,
          0.0,
          0.0,
          1.0
        ]
      ]
    },
    {
      "file_path": "/media/NFS/ttao/scannet/posed_images/scene0395_00/00106.jpg",
      "transform_matrix": [
        [
          0.744751,
          -0.081833,
          0.662306,
          3.06615
        ],
        [
          -0.667157,
          -0.114711,
          0.736032,
          2.873414
        ],
        [
          0.015742,
          -0.990022,
          -0.140027,
          1.707672
        ],
        [
          0.0,
          0.0,
          0.0,
          1.0
        ]
      ]
    },
    {
      "file_path": "/media/NFS/ttao/scannet/posed_images/scene0395_00/00116.jpg",
      "transform_matrix": [
        [
          0.676314,
          -0.111913,
          0.728062,
          3.090643
        ],
        [
          -0.736453,
          -0.123328,
          0.665152,
          2.868328
        ],
        [
          0.015351,
          -0.986035,
          -0.165827,
          1.703677
        ],
        [
          0.0,
          0.0,
          0.0,
          1.0
        ]
      ]
    },
    {
      "file_path": "/media/NFS/ttao/scannet/posed_images/scene0395_00/00124.jpg",
      "transform_matrix": [
        [
          0.624431,
          -0.140131,
          0.768407,
          3.111149
        ],
        [
          -0.781005,
          -0.125642,
          0.611756,
          2.860535
        ],
        [
          0.010818,
          -0.982129,
          -0.187897,
          1.690023
        ],
        [
          0.0,
          0.0,
          0.0,
          1.0
        ]
      ]
    },
    {
      "file_path": "/media/NFS/ttao/scannet/posed_images/scene0395_00/00129.jpg",
      "transform_matrix": [
        [
          0.589323,
          -0.160568,
          0.79178,
          3.118368
        ],
        [
          -0.807851,
          -0.127636,
          0.575401,
          2.863747
        ],
        [
          0.008668,
          -0.978737,
          -0.204934,
          1.678926
        ],
        [
          0.0,
          0.0,
          0.0,
          1.0
        ]
      ]
    },
    {
      "file_path": "/media/NFS/ttao/scannet/posed_images/scene0395_00/00137.jpg",
      "transform_matrix": [
        [
          0.525941,
          -0.18511,
          0.830132,
          3.139801
        ],
        [
          -0.850435,
          -0.128348,
          0.510184,
          2.878115
        ],
        [
          0.012106,
          -0.9743,
          -0.224927,
          1.675064
        ],
        [
          0.0,
          0.0,
          0.0,
          1.0
        ]
      ]
    },
    {
      "file_path": "/media/NFS/ttao/scannet/posed_images/scene0395_00/00147.jpg",
      "transform_matrix": [
        [
          0.432595,
          -0.203954,
          0.878216,
          3.149978
        ],
        [
          -0.901305,
          -0.122224,
          0.415584,
          2.910127
        ],
        [
          0.02258,
          -0.971321,
          -0.236698,
          1.671634
        ],
        [
          0.0,
          0.0,
          0.0,
          1.0
        ]
      ]
    },
    {
      "file_path": "/media/NFS/ttao/scannet/posed_images/scene0395_00/00155.jpg",
      "transform_matrix": [
        [
          0.346803,
          -0.237061,
          0.907485,
          3.13893
        ],
        [
          -0.937491,
          -0.117468,
          0.327584,
          2.984797
        ],
        [
          0.028943,
          -0.964367,
          -0.262981,
          1.663527
        ],
        [
          0.0,
          0.0,
          0.0,
          1.0
        ]
      ]
    },
    {
      "file_path": "/media/NFS/ttao/scannet/posed_images/scene0395_00/00162.jpg",
      "transform_matrix": [
        [
          0.280426,
          -0.253115,
          0.925901,
          3.151943
        ],
        [
          -0.959322,
          -0.106658,
          0.261391,
          3.027699
        ],
        [
          0.032593,
          -0.961539,
          -0.272729,
          1.661737
        ],
        [
          0.0,
          0.0,
          0.0,
          1.0
        ]
      ]
    },
    {
      "file_path": "/media/NFS/ttao/scannet/posed_images/scene0395_00/00175.jpg",
      "transform_matrix": [
        [
          0.16602,
          -0.284747,
          0.944117,
          3.219928
        ],
        [
          -0.984481,
          -0.103074,
          0.14203,
          3.064674
        ],
        [
          0.056871,
          -0.953045,
          -0.29744,
          1.634881
        ],
        [
          0.0,
          0.0,
          0.0,
          1.0
        ]
      ]
    },
    {
      "file_path": "/media/NFS/ttao/scannet/posed_images/scene0395_00/00186.jpg",
      "transform_matrix": [
        [
          0.113046,
          -0.270865,
          0.955956,
          3.343415
        ],
        [
          -0.992142,
          -0.082694,
          0.093895,
          3.073837
        ],
        [
          0.053619,
          -0.959059,
          -0.278085,
          1.639201
        ],
        [
          0.0,
          0.0,
          0.0,
          1.0
        ]
      ]
    },
    {
      "file_path": "/media/NFS/ttao/scannet/posed_images/scene0395_00/00193.jpg",
      "transform_matrix": [
        [
          0.070486,
          -0.246841,
          0.966489,
          3.407579
        ],
        [
          -0.995402,
          -0.080398,
          0.052061,
          3.069353
        ],
        [
          0.064853,
          -0.965715,
          -0.251373,
          1.662169
        ],
        [
          0.0,
          0.0,
          0.0,
          1.0
        ]
      ]
    },
    {
      "file_path": "/media/NFS/ttao/scannet/posed_images/scene0395_00/00201.jpg",
      "transform_matrix": [
        [
          0.014784,
          -0.228664,
          0.973393,
          3.459785
        ],
        [
          -0.997109,
          -0.075933,
          -0.002693,
          3.084922
        ],
        [
          0.074528,
          -0.97054,
          -0.229125,
          1.674557
        ],
        [
          0.0,
          0.0,
          0.0,
          1.0
        ]
      ]
    },
    {
      "file_path": "/media/NFS/ttao/scannet/posed_images/scene0395_00/00209.jpg",
      "transform_matrix": [
        [
          -0.106652,
          -0.218808,
          0.969922,
          3.489963
        ],
        [
          -0.9907,
          -0.059512,
          -0.122362,
          3.136216
        ],
        [
          0.084496,
          -0.973952,
          -0.210425,
          1.679072
        ],
        [
          0.0,
          0.0,
          0.0,
          1.0
        ]
      ]
    },
    {
      "file_path": "/media/NFS/ttao/scannet/posed_images/scene0395_00/00219.jpg",
      "transform_matrix": [
        [
          -0.270232,
          -0.225409,
          0.936037,
          3.537932
        ],
        [
          -0.96137,
          0.010294,
          -0.275067,
          3.256752
        ],
        [
          0.052367,
          -0.97421,
          -0.219483,
          1.699415
        ],
        [
          0.0,
          0.0,
          0.0,
          1.0
        ]
      ]
    },
    {
      "file_path": "/media/NFS/ttao/scannet/posed_images/scene0395_00/00224.jpg",
      "transform_matrix": [
        [
          -0.319734,
          -0.222407,
          0.921035,
          3.563646
        ],
        [
          -0.946747,
          0.036043,
          -0.319957,
          3.327286
        ],
        [
          0.037964,
          -0.974287,
          -0.222087,
          1.707513
        ],
        [
          0.0,
          0.0,
          0.0,
          1.0
        ]
      ]
    },
    {
      "file_path": "/media/NFS/ttao/scannet/posed_images/scene0395_00/00232.jpg",
      "transform_matrix": [
        [
          -0.33793,
          -0.223828,
          0.914169,
          3.593111
        ],
        [
          -0.940026,
          0.032367,
          -0.339563,
          3.383145
        ],
        [
          0.046414,
          -0.974091,
          -0.221342,
          1.715417
        ],
        [
          0.0,
          0.0,
          0.0,
          1.0
        ]
      ]
    },
    {
      "file_path": "/media/NFS/ttao/scannet/posed_images/scene0395_00/00240.jpg",
      "transform_matrix": [
        [
          -0.35985,
          -0.217966,
          0.907193,
          3.639605
        ],
        [
          -0.932036,
          0.039546,
          -0.360202,
          3.39209
        ],
        [
          0.042636,
          -0.975155,
          -0.217383,
          1.710945
        ],
        [
          0.0,
          0.0,
          0.0,
          1.0
        ]
      ]
    },
    {
      "file_path": "/media/NFS/ttao/scannet/posed_images/scene0395_00/00248.jpg",
      "transform_matrix": [
        [
          -0.427034,
          -0.222047,
          0.876548,
          3.70532
        ],
        [
          -0.903645,
          0.069777,
          -0.422559,
          3.34464
        ],
        [
          0.032665,
          -0.972536,
          -0.230449,
          1.696131
        ],
        [
          0.0,
          0.0,
          0.0,
          1.0
        ]
      ]
    },
    {
      "file_path": "/media/NFS/ttao/scannet/posed_images/scene0395_00/00258.jpg",
      "transform_matrix": [
        [
          -0.524436,
          -0.214221,
          0.824061,
          3.794064
        ],
        [
          -0.851283,
          0.112753,
          -0.51245,
          3.298771
        ],
        [
          0.016862,
          -0.970256,
          -0.241494,
          1.673544
        ],
        [
          0.0,
          0.0,
          0.0,
          1.0
        ]
      ]
    },
    {
      "file_path": "/media/NFS/ttao/scannet/posed_images/scene0395_00/00271.jpg",
      "transform_matrix": [
        [
          -0.654142,
          -0.22908,
          0.720847,
          3.870751
        ],
        [
          -0.755476,
          0.151498,
          -0.637421,
          3.261341
        ],
        [
          0.036813,
          -0.961546,
          -0.272166,
          1.664379
        ],
        [
          0.0,
          0.0,
          0.0,
          1.0
        ]
      ]
    },
    {
      "file_path": "/media/NFS/ttao/scannet/posed_images/scene0395_00/00276.jpg",
      "transform_matrix": [
        [
          -0.719828,
          -0.216196,
          0.659627,
          3.896301
        ],
        [
          -0.692291,
          0.154041,
          -0.704986,
          3.260575
        ],
        [
          0.050805,
          -0.964122,
          -0.260553,
          1.667736
        ],
        [
          0.0,
          0.0,
          0.0,
          1.0
        ]
      ]
    },
    {
      "file_path": "/media/NFS/ttao/scannet/posed_images/scene0395_00/00286.jpg",
      "transform_matrix": [
        [
          -0.8291,
          -0.182881,
          0.528344,
          3.956653
        ],
        [
          -0.55621,
          0.173831,
          -0.812658,
          3.295767
        ],
        [
          0.056777,
          -0.967645,
          -0.245843,
          1.679268
        ],
        [
          0.0,
          0.0,
          0.0,
          1.0
        ]
      ]
    },
    {
      "file_path": "/media/NFS/ttao/scannet/posed_images/scene0395_00/00297.jpg",
      "transform_matrix": [
        [
          -0.89757,
          -0.133351,
          0.420221,
          3.984008
        ],
        [
          -0.438391,
          0.168989,
          -0.882755,
          3.333571
        ],
        [
          0.046703,
          -0.976555,
          -0.210139,
          1.686764
        ],
        [
          0.0,
          0.0,
          0.0,
          1.0
        ]
      ]
    },
    {
      "file_path": "/media/NFS/ttao/scannet/posed_images/scene0395_00/00304.jpg",
      "transform_matrix": [
        [
          -0.927299,
          -0.129083,
          0.35136,
          3.988695
        ],
        [
          -0.368944,
          0.156652,
          -0.916155,
          3.352162
        ],
        [
          0.063219,
          -0.979182,
          -0.192888,
          1.692596
        ],
        [
          0.0,
          0.0,
          0.0,
          1.0
        ]
      ]
    },
    {
      "file_path": "/media/NFS/ttao/scannet/posed_images/scene0395_00/00315.jpg",
      "transform_matrix": [
        [
          -0.967136,
          -0.093771,
          0.236336,
          3.973452
        ],
        [
          -0.24585,
          0.107809,
          -0.963294,
          3.392166
        ],
        [
          0.06485,
          -0.989739,
          -0.12732,
          1.681531
        ],
        [
          0.0,
          0.0,
          0.0,
          1.0
        ]
      ]
    },
    {
      "file_path": "/media/NFS/ttao/scannet/posed_images/scene0395_00/00320.jpg",
      "transform_matrix": [
        [
          -0.976414,
          -0.092182,
          0.195238,
          3.965842
        ],
        [
          -0.204327,
          0.10236,
          -0.973536,
          3.402728
        ],
        [
          0.069758,
          -0.990467,
          -0.118781,
          1.698697
        ],
        [
          0.0,
          0.0,
          0.0,
          1.0
        ]
      ]
    },
    {
      "file_path": "/media/NFS/ttao/scannet/posed_images/scene0395_00/00328.jpg",
      "transform_matrix": [
        [
          -0.98692,
          -0.083911,
          0.137652,
          3.907057
        ],
        [
          -0.14556,
          0.096815,
          -0.984601,
          3.415827
        ],
        [
          0.069292,
          -0.991759,
          -0.107762,
          1.709008
        ],
        [
          0.0,
          0.0,
          0.0,
          1.0
        ]
      ]
    },
    {
      "file_path": "/media/NFS/ttao/scannet/posed_images/scene0395_00/00333.jpg",
      "transform_matrix": [
        [
          -0.993975,
          -0.069091,
          0.085086,
          3.894858
        ],
        [
          -0.091087,
          0.088928,
          -0.991864,
          3.427767
        ],
        [
          0.060962,
          -0.993639,
          -0.094685,
          1.700644
        ],
        [
          0.0,
          0.0,
          0.0,
          1.0
        ]
      ]
    },
    {
      "file_path": "/media/NFS/ttao/scannet/posed_images/scene0395_00/00343.jpg",
      "transform_matrix": [
        [
          -0.998088,
          -0.061797,
          0.001235,
          3.826979
        ],
        [
          -0.006448,
          0.084222,
          -0.996426,
          3.441353
        ],
        [
          0.061472,
          -0.994529,
          -0.08446,
          1.70772
        ],
        [
          0.0,
          0.0,
          0.0,
          1.0
        ]
      ]
    },
    {
      "file_path": "/media/NFS/ttao/scannet/posed_images/scene0395_00/00351.jpg",
      "transform_matrix": [
        [
          -0.997428,
          -0.052105,
          -0.049215,
          3.798277
        ],
        [
          0.044549,
          0.087211,
          -0.995193,
          3.449776
        ],
        [
          0.056147,
          -0.994826,
          -0.084666,
          1.713574
        ],
        [
          0.0,
          0.0,
          0.0,
          1.0
        ]
      ]
    },
    {
      "file_path": "/media/NFS/ttao/scannet/posed_images/scene0395_00/00361.jpg",
      "transform_matrix": [
        [
          -0.991644,
          -0.042738,
          -0.121725,
          3.751133
        ],
        [
          0.118416,
          0.072902,
          -0.990285,
          3.458612
        ],
        [
          0.051197,
          -0.996423,
          -0.067232,
          1.713522
        ],
        [
          0.0,
          0.0,
          0.0,
          1.0
        ]
      ]
    },
    {
      "file_path": "/media/NFS/ttao/scannet/posed_images/scene0395_00/00374.jpg",
      "transform_matrix": [
        [
          -0.975528,
          -0.037332,
          -0.21668,
          3.704072
        ],
        [
          0.214725,
          0.050227,
          -0.975382,
          3.471275
        ],
        [
          0.047297,
          -0.99804,
          -0.040982,
          1.722691
        ],
        [
          0.0,
          0.0,
          0.0,
          1.0
        ]
      ]
    },
    {
      "file_path": "/media/NFS/ttao/scannet/posed_images/scene0395_00/00379.jpg",
      "transform_matrix": [
        [
          -0.966342,
          -0.043829,
          -0.253499,
          3.699487
        ],
        [
          0.25158,
          0.044923,
          -0.966793,
          3.47046
        ],
        [
          0.053761,
          -0.998028,
          -0.032384,
          1.721141
        ],
        [
          0.0,
          0.0,
          0.0,
          1.0
        ]
      ]
    },
    {
      "file_path": "/media/NFS/ttao/scannet/posed_images/scene0395_00/00387.jpg",
      "transform_matrix": [
        [
          -0.943123,
          -0.044701,
          -0.329427,
          3.678392
        ],
        [
          0.328242,
          0.031874,
          -0.944056,
          3.473513
        ],
        [
          0.0527,
          -0.998492,
          -0.015388,
          1.716627
        ],
        [
          0.0,
          0.0,
          0.0,
          1.0
        ]
      ]
    },
    {
      "file_path": "/media/NFS/ttao/scannet/posed_images/scene0395_00/00395.jpg",
      "transform_matrix": [
        [
          -0.919812,
          -0.031589,
          -0.391085,
          3.66361
        ],
        [
          0.390602,
          0.020473,
          -0.920332,
          3.472361
        ],
        [
          0.037079,
          -0.999291,
          -0.006492,
          1.713876
        ],
        [
          0.0,
          0.0,
          0.0,
          1.0
        ]
      ]
    },
    {
      "file_path": "/media/NFS/ttao/scannet/posed_images/scene0395_00/00405.jpg",
      "transform_matrix": [
        [
          -0.892579,
          -0.022146,
          -0.450348,
          3.632418
        ],
        [
          0.450358,
          0.00482,
          -0.892835,
          3.48309
        ],
        [
          0.021944,
          -0.999743,
          0.005671,
          1.708388
        ],
        [
          0.0,
          0.0,
          0.0,
          1.0
        ]
      ]
    },
    {
      "file_path": "/media/NFS/ttao/scannet/posed_images/scene0395_00/00410.jpg",
      "transform_matrix": [
        [
          -0.877411,
          -0.022943,
          -0.479191,
          3.62262
        ],
        [
          0.479337,
          -0.001001,
          -0.877631,
          3.485208
        ],
        [
          0.019656,
          -0.999736,
          0.011876,
          1.70122
        ],
        [
          0.0,
          0.0,
          0.0,
          1.0
        ]
      ]
    },
    {
      "file_path": "/media/NFS/ttao/scannet/posed_images/scene0395_00/00426.jpg",
      "transform_matrix": [
        [
          -0.825485,
          0.03725,
          -0.563194,
          3.585021
        ],
        [
          0.564414,
          0.048246,
          -0.824081,
          3.492367
        ],
        [
          -0.003525,
          -0.998141,
          -0.060851,
          1.64794
        ],
        [
          0.0,
          0.0,
          0.0,
          1.0
        ]
      ]
    },
    {
      "file_path": "/media/NFS/ttao/scannet/posed_images/scene0395_00/00428.jpg",
      "transform_matrix": [
        [
          -0.823545,
          0.050303,
          -0.565017,
          3.587649
        ],
        [
          0.567219,
          0.062213,
          -0.821214,
          3.488221
        ],
        [
          -0.006158,
          -0.996794,
          -0.079768,
          1.641527
        ],
        [
          0.0,
          0.0,
          0.0,
          1.0
        ]
      ]
    },
    {
      "file_path": "/media/NFS/ttao/scannet/posed_images/scene0395_00/00441.jpg",
      "transform_matrix": [
        [
          -0.822253,
          0.133147,
          -0.553328,
          3.61464
        ],
        [
          0.56912,
          0.190069,
          -0.799985,
          3.417313
        ],
        [
          -0.001345,
          -0.9727,
          -0.232062,
          1.566853
        ],
        [
          0.0,
          0.0,
          0.0,
          1.0
        ]
      ]
    },
    {
      "file_path": "/media/NFS/ttao/scannet/posed_images/scene0395_00/00451.jpg",
      "transform_matrix": [
        [
          -0.820844,
          0.208789,
          -0.531623,
          3.673208
        ],
        [
          0.570301,
          0.248796,
          -0.782853,
          3.306184
        ],
        [
          -0.031185,
          -0.945784,
          -0.323295,
          1.518764
        ],
        [
          0.0,
          0.0,
          0.0,
          1.0
        ]
      ]
    },
    {
      "file_path": "/media/NFS/ttao/scannet/posed_images/scene0395_00/00454.jpg",
      "transform_matrix": [
        [
          -0.80678,
          0.224668,
          -0.546472,
          3.696866
        ],
        [
          0.589727,
          0.249124,
          -0.768219,
          3.267755
        ],
        [
          -0.036455,
          -0.942052,
          -0.333481,
          1.512988
        ],
        [
          0.0,
          0.0,
          0.0,
          1.0
        ]
      ]
    },
    {
      "file_path": "/media/NFS/ttao/scannet/posed_images/scene0395_00/00462.jpg",
      "transform_matrix": [
        [
          -0.750801,
          0.278272,
          -0.599051,
          3.744273
        ],
        [
          0.658157,
          0.238391,
          -0.714142,
          3.182179
        ],
        [
          -0.055918,
          -0.930448,
          -0.362131,
          1.510604
        ],
        [
          0.0,
          0.0,
          0.0,
          1.0
        ]
      ]
    },
    {
      "file_path": "/media/NFS/ttao/scannet/posed_images/scene0395_00/00477.jpg",
      "transform_matrix": [
        [
          -0.613664,
          0.301444,
          -0.729759,
          3.838353
        ],
        [
          0.789132,
          0.20346,
          -0.579548,
          3.085415
        ],
        [
          -0.026224,
          -0.931523,
          -0.362735,
          1.528538
        ],
        [
          0.0,
          0.0,
          0.0,
          1.0
        ]
      ]
    },
    {
      "file_path": "/media/NFS/ttao/scannet/posed_images/scene0395_00/00482.jpg",
      "transform_matrix": [
        [
          -0.543037,
          0.324832,
          -0.774335,
          3.890654
        ],
        [
          0.839449,
          0.187082,
          -0.510221,
          3.065053
        ],
        [
          -0.020873,
          -0.927084,
          -0.374272,
          1.525431
        ],
        [
          0.0,
          0.0,
          0.0,
          1.0
        ]
      ]
    },
    {
      "file_path": "/media/NFS/ttao/scannet/posed_images/scene0395_00/00490.jpg",
      "transform_matrix": [
        [
          -0.464431,
          0.376743,
          -0.801479,
          3.982337
        ],
        [
          0.884986,
          0.163467,
          -0.435981,
          3.037914
        ],
        [
          -0.033238,
          -0.91178,
          -0.409331,
          1.524373
        ],
        [
          0.0,
          0.0,
          0.0,
          1.0
        ]
      ]
    },
    {
      "file_path": "/media/NFS/ttao/scannet/posed_images/scene0395_00/00498.jpg",
      "transform_matrix": [
        [
          -0.410246,
          0.385986,
          -0.826265,
          4.05497
        ],
        [
          0.9113,
          0.138647,
          -0.387698,
          3.027638
        ],
        [
          -0.035086,
          -0.912026,
          -0.408628,
          1.526439
        ],
        [
          0.0,
          0.0,
          0.0,
          1.0
        ]
      ]
    },
    {
      "file_path": "/media/NFS/ttao/scannet/posed_images/scene0395_00/00508.jpg",
      "transform_matrix": [
        [
          -0.36412,
          0.389938,
          -0.845793,
          4.115254
        ],
        [
          0.931035,
          0.12868,
          -0.341491,
          3.028118
        ],
        [
          -0.024324,
          -0.911806,
          -0.4099,
          1.517084
        ],
        [
          0.0,
          0.0,
          0.0,
          1.0
        ]
      ]
    },
    {
      "file_path": "/media/NFS/ttao/scannet/posed_images/scene0395_00/00518.jpg",
      "transform_matrix": [
        [
          -0.446352,
          0.370697,
          -0.814465,
          4.14583
        ],
        [
          0.89348,
          0.134141,
          -0.428602,
          3.070255
        ],
        [
          -0.049629,
          -0.919016,
          -0.391085,
          1.511762
        ],
        [
          0.0,
          0.0,
          0.0,
          1.0
        ]
      ]
    },
    {
      "file_path": "/media/NFS/ttao/scannet/posed_images/scene0395_00/00524.jpg",
      "transform_matrix": [
        [
          -0.495436,
          0.350948,
          -0.794593,
          4.158648
        ],
        [
          0.867704,
          0.157396,
          -0.471504,
          3.109126
        ],
        [
          -0.040408,
          -0.923072,
          -0.382499,
          1.511301
        ],
        [
          0.0,
          0.0,
          0.0,
          1.0
        ]
      ]
    },
    {
      "file_path": "/media/NFS/ttao/scannet/posed_images/scene0395_00/00531.jpg",
      "transform_matrix": [
        [
          -0.550994,
          0.322723,
          -0.769582,
          4.181299
        ],
        [
          0.83434,
          0.194435,
          -0.515823,
          3.153488
        ],
        [
          -0.016835,
          -0.926307,
          -0.376392,
          1.508899
        ],
        [
          0.0,
          0.0,
          0.0,
          1.0
        ]
      ]
    },
    {
      "file_path": "/media/NFS/ttao/scannet/posed_images/scene0395_00/00544.jpg",
      "transform_matrix": [
        [
          -0.633456,
          0.278063,
          -0.72209,
          4.256067
        ],
        [
          0.773506,
          0.202817,
          -0.600461,
          3.208582
        ],
        [
          -0.020514,
          -0.938907,
          -0.343559,
          1.523764
        ],
        [
          0.0,
          0.0,
          0.0,
          1.0
        ]
      ]
    },
    {
      "file_path": "/media/NFS/ttao/scannet/posed_images/scene0395_00/00549.jpg",
      "transform_matrix": [
        [
          -0.631318,
          0.276014,
          -0.724744,
          4.29402
        ],
        [
          0.77545,
          0.21173,
          -0.594851,
          3.223816
        ],
        [
          -0.010737,
          -0.937543,
          -0.347704,
          1.526198
        ],
        [
          0.0,
          0.0,
          0.0,
          1.0
        ]
      ]
    },
    {
      "file_path": "/media/NFS/ttao/scannet/posed_images/scene0395_00/00557.jpg",
      "transform_matrix": [
        [
          -0.549323,
          0.284543,
          -0.785671,
          4.386549
        ],
        [
          0.835482,
          0.170615,
          -0.522359,
          3.236377
        ],
        [
          -0.014586,
          -0.943359,
          -0.331454,
          1.553892
        ],
        [
          0.0,
          0.0,
          0.0,
          1.0
        ]
      ]
    },
    {
      "file_path": "/media/NFS/ttao/scannet/posed_images/scene0395_00/00565.jpg",
      "transform_matrix": [
        [
          -0.478381,
          0.321286,
          -0.817268,
          4.500236
        ],
        [
          0.877149,
          0.130348,
          -0.46219,
          3.256951
        ],
        [
          -0.041966,
          -0.937968,
          -0.344172,
          1.547368
        ],
        [
          0.0,
          0.0,
          0.0,
          1.0
        ]
      ]
    },
    {
      "file_path": "/media/NFS/ttao/scannet/posed_images/scene0395_00/00578.jpg",
      "transform_matrix": [
        [
          -0.392712,
          0.325295,
          -0.86021,
          4.621909
        ],
        [
          0.918906,
          0.100876,
          -0.381361,
          3.299631
        ],
        [
          -0.03728,
          -0.940217,
          -0.33853,
          1.562648
        ],
        [
          0.0,
          0.0,
          0.0,
          1.0
        ]
      ]
    },
    {
      "file_path": "/media/NFS/ttao/scannet/posed_images/scene0395_00/00588.jpg",
      "transform_matrix": [
        [
          -0.312577,
          0.339889,
          -0.887001,
          4.695456
        ],
        [
          0.94913,
          0.074358,
          -0.305978,
          3.348941
        ],
        [
          -0.038043,
          -0.937521,
          -0.345841,
          1.548043
        ],
        [
          0.0,
          0.0,
          0.0,
          1.0
        ]
      ]
    },
    {
      "file_path": "/media/NFS/ttao/scannet/posed_images/scene0395_00/00596.jpg",
      "transform_matrix": [
        [
          -0.259437,
          0.343376,
          -0.902654,
          4.774349
        ],
        [
          0.965261,
          0.062152,
          -0.253788,
          3.392255
        ],
        [
          -0.031043,
          -0.937139,
          -0.347572,
          1.550907
        ],
        [
          0.0,
          0.0,
          0.0,
          1.0
        ]
      ]
    },
    {
      "file_path": "/media/NFS/ttao/scannet/posed_images/scene0395_00/00606.jpg",
      "transform_matrix": [
        [
          -0.161577,
          0.365498,
          -0.916681,
          4.891829
        ],
        [
          0.986414,
          0.031882,
          -0.161156,
          3.43512
        ],
        [
          -0.029676,
          -0.930266,
          -0.365684,
          1.518983
        ],
        [
          0.0,
          0.0,
          0.0,
          1.0
        ]
      ]
    },
    {
      "file_path": "/media/NFS/ttao/scannet/posed_images/scene0395_00/00609.jpg",
      "transform_matrix": [
        [
          -0.141436,
          0.367522,
          -0.919197,
          4.907669
        ],
        [
          0.989465,
          0.023489,
          -0.142856,
          3.470042
        ],
        [
          -0.030911,
          -0.929718,
          -0.366972,
          1.520883
        ],
        [
          0.0,
          0.0,
          0.0,
          1.0
        ]
      ]
    },
    {
      "file_path": "/media/NFS/ttao/scannet/posed_images/scene0395_00/00616.jpg",
      "transform_matrix": [
        [
          -0.068257,
          0.365708,
          -0.928223,
          4.968215
        ],
        [
          0.997213,
          -0.003085,
          -0.074546,
          3.467242
        ],
        [
          -0.030126,
          -0.930724,
          -0.364478,
          1.545604
        ],
        [
          0.0,
          0.0,
          0.0,
          1.0
        ]
      ]
    },
    {
      "file_path": "/media/NFS/ttao/scannet/posed_images/scene0395_00/00632.jpg",
      "transform_matrix": [
        [
          0.163596,
          0.349778,
          -0.922438,
          5.079821
        ],
        [
          0.985805,
          -0.093747,
          0.139286,
          3.343708
        ],
        [
          -0.037756,
          -0.93213,
          -0.360149,
          1.546714
        ],
        [
          0.0,
          0.0,
          0.0,
          1.0
        ]
      ]
    },
    {
      "file_path": "/media/NFS/ttao/scannet/posed_images/scene0395_00/00634.jpg",
      "transform_matrix": [
        [
          0.183644,
          0.345179,
          -0.920395,
          5.081328
        ],
        [
          0.982181,
          -0.102479,
          0.15754,
          3.35482
        ],
        [
          -0.039941,
          -0.932925,
          -0.357848,
          1.546083
        ],
        [
          0.0,
          0.0,
          0.0,
          1.0
        ]
      ]
    },
    {
      "file_path": "/media/NFS/ttao/scannet/posed_images/scene0395_00/00647.jpg",
      "transform_matrix": [
        [
          0.325583,
          0.281674,
          -0.902583,
          5.084431
        ],
        [
          0.944613,
          -0.138565,
          0.297501,
          3.384191
        ],
        [
          -0.041268,
          -0.949452,
          -0.311187,
          1.573842
        ],
        [
          0.0,
          0.0,
          0.0,
          1.0
        ]
      ]
    },
    {
      "file_path": "/media/NFS/ttao/scannet/posed_images/scene0395_00/00658.jpg",
      "transform_matrix": [
        [
          0.412104,
          0.208604,
          -0.886935,
          5.07379
        ],
        [
          0.910186,
          -0.138706,
          0.390284,
          3.411386
        ],
        [
          -0.041608,
          -0.968114,
          -0.24703,
          1.615252
        ],
        [
          0.0,
          0.0,
          0.0,
          1.0
        ]
      ]
    },
    {
      "file_path": "/media/NFS/ttao/scannet/posed_images/scene0395_00/00663.jpg",
      "transform_matrix": [
        [
          0.437625,
          0.174041,
          -0.882153,
          5.062042
        ],
        [
          0.897977,
          -0.134852,
          0.41887,
          3.421553
        ],
        [
          -0.04606,
