{
  "frames": [
    {
      "file_path": "/media/NFS/ttao/scannet/posed_images/scene0440_02/00000.jpg",
      "transform_matrix": [
        [
          -0.845663,
          -0.180476,
          0.502278,
          1.434721
        ],
        [
          -0.532088,
          0.35858,
          -0.76701,
          3.793601
        ],
        [
          -0.04168,
          -0.915887,
          -0.399266,
          1.40194
        ],
        [
          0.0,
          0.0,
          0.0,
          1.0
        ]
      ]
    },
    {
      "file_path": "/media/NFS/ttao/scannet/posed_images/scene0440_02/00003.jpg",
      "transform_matrix": [
        [
          -0.847652,
          -0.186939,
          0.496529,
          1.47081
        ],
        [
          -0.530024,
          0.340184,
          -0.776756,
          3.739994
        ],
        [
          -0.023705,
          -0.92159,
          -0.38744,
          1.409729
        ],
        [
          0.0,
          0.0,
          0.0,
          1.0
        ]
      ]
    },
    {
      "file_path": "/media/NFS/ttao/scannet/posed_images/scene0440_02/00006.jpg",
      "transform_matrix": [
        [
          -0.827616,
          -0.157996,
          0.5386,
          1.492181
        ],
        [
          -0.55853,
          0.326944,
          -0.762333,
          3.70801
        ],
        [
          -0.055647,
          -0.931743,
          -0.358829,
          1.391664
        ],
        [
          0.0,
          0.0,
          0.0,
          1.0
        ]
      ]
    },
    {
      "file_path": "/media/NFS/ttao/scannet/posed_images/scene0440_02/00011.jpg",
      "transform_matrix": [
        [
          -0.788055,
          -0.186659,
          0.586624,
          1.530746
        ],
        [
          -0.610558,
          0.358756,
          -0.706055,
          3.64403
        ],
        [
          -0.078663,
          -0.914578,
          -0.396686,
          1.386713
        ],
        [
          0.0,
          0.0,
          0.0,
          1.0
        ]
      ]
    },
    {
      "file_path": "/media/NFS/ttao/scannet/posed_images/scene0440_02/00013.jpg",
      "transform_matrix": [
        [
          -0.776975,
          -0.207988,
          0.594181,
          1.544635
        ],
        [
          -0.625497,
          0.361738,
          -0.691303,
          3.616839
        ],
        [
          -0.071155,
          -0.908783,
          -0.411157,
          1.384151
        ],
        [
          0.0,
          0.0,
          0.0,
          1.0
        ]
      ]
    },
    {
      "file_path": "/media/NFS/ttao/scannet/posed_images/scene0440_02/00015.jpg",
      "transform_matrix": [
        [
          -0.770144,
          -0.223884,
          0.597288,
          1.55992
        ],
        [
          -0.63495,
          0.358563,
          -0.684304,
          3.592422
        ],
        [
          -0.06096,
          -0.906261,
          -0.4183,
          1.385525
        ],
        [
          0.0,
          0.0,
          0.0,
          1.0
        ]
      ]
    },
    {
      "file_path": "/media/NFS/ttao/scannet/posed_images/scene0440_02/00020.jpg",
      "transform_matrix": [
        [
          -0.742736,
          -0.2514,
          0.620597,
          1.592256
        ],
        [
          -0.668414,
          0.333144,
          -0.665009,
          3.501281
        ],
        [
          -0.039565,
          -0.908743,
          -0.415477,
          1.384075
        ],
        [
          0.0,
          0.0,
          0.0,
          1.0
        ]
      ]
    },
    {
      "file_path": "/media/NFS/ttao/scannet/posed_images/scene0440_02/00021.jpg",
      "transform_matrix": [
        [
          -0.74008,
          -0.253783,
          0.622797,
          1.597769
        ],
        [
          -0.671196,
          0.336802,
          -0.66035,
          3.484682
        ],
        [
          -0.042173,
          -0.90673,
          -0.419598,
          1.383908
        ],
        [
          0.0,
          0.0,
          0.0,
          1.0
        ]
      ]
    },
    {
      "file_path": "/media/NFS/ttao/scannet/posed_images/scene0440_02/00026.jpg",
      "transform_matrix": [
        [
          -0.679842,
          -0.25192,
          0.688732,
          1.614789
        ],
        [
          -0.731464,
          0.300395,
          -0.612146,
          3.398817
        ],
        [
          -0.05268,
          -0.919945,
          -0.388492,
          1.386396
        ],
        [
          0.0,
          0.0,
          0.0,
          1.0
        ]
      ]
    },
    {
      "file_path": "/media/NFS/ttao/scannet/posed_images/scene0440_02/00028.jpg",
      "transform_matrix": [
        [
          -0.670289,
          -0.280381,
          0.687095,
          1.625202
        ],
        [
          -0.740834,
          0.306882,
          -0.597485,
          3.368068
        ],
        [
          -0.043334,
          -0.909511,
          -0.413416,
          1.391693
        ],
        [
          0.0,
          0.0,
          0.0,
          1.0
        ]
      ]
    },
    {
      "file_path": "/media/NFS/ttao/scannet/posed_images/scene0440_02/00032.jpg",
      "transform_matrix": [
        [
          -0.633905,
          -0.289072,
          0.717357,
          1.645825
        ],
        [
          -0.772217,
          0.288071,
          -0.5663,
          3.289104
        ],
        [
          -0.042949,
          -0.912936,
          -0.405836,
          1.390237
        ],
        [
          0.0,
          0.0,
          0.0,
          1.0
        ]
      ]
    },
    {
      "file_path": "/media/NFS/ttao/scannet/posed_images/scene0440_02/00035.jpg",
      "transform_matrix": [
        [
          -0.620562,
          -0.315843,
          0.717737,
          1.665723
        ],
        [
          -0.783213,
          0.294563,
          -0.547549,
          3.246868
        ],
        [
          -0.038479,
          -0.901929,
          -0.430167,
          1.393835
        ],
        [
          0.0,
          0.0,
          0.0,
          1.0
        ]
      ]
    },
    {
      "file_path": "/media/NFS/ttao/scannet/posed_images/scene0440_02/00036.jpg",
      "transform_matrix": [
        [
          -0.616877,
          -0.321995,
          0.71818,
          1.673923
        ],
        [
          -0.786196,
          0.29483,
          -0.543113,
          3.232822
        ],
        [
          -0.036861,
          -0.899664,
          -0.435025,
          1.396412
        ],
        [
          0.0,
          0.0,
          0.0,
          1.0
        ]
      ]
    },
    {
      "file_path": "/media/NFS/ttao/scannet/posed_images/scene0440_02/00040.jpg",
      "transform_matrix": [
        [
          -0.602242,
          -0.319549,
          0.731569,
          1.707857
        ],
        [
          -0.797554,
          0.2808,
          -0.533909,
          3.177163
        ],
        [
          -0.034814,
          -0.905008,
          -0.423967,
          1.388167
        ],
        [
          0.0,
          0.0,
          0.0,
          1.0
        ]
      ]
    },
    {
      "file_path": "/media/NFS/ttao/scannet/posed_images/scene0440_02/00044.jpg",
      "transform_matrix": [
        [
          -0.595658,
          -0.319457,
          0.736979,
          1.767468
        ],
        [
          -0.80272,
          0.269693,
          -0.53189,
          3.099244
        ],
        [
          -0.028843,
          -0.908412,
          -0.417079,
          1.386794
        ],
        [
          0.0,
          0.0,
          0.0,
          1.0
        ]
      ]
    },
    {
      "file_path": "/media/NFS/ttao/scannet/posed_images/scene0440_02/00047.jpg",
      "transform_matrix": [
        [
          -0.615786,
          -0.321732,
          0.719233,
          1.803341
        ],
        [
          -0.787675,
          0.273812,
          -0.551901,
          3.046713
        ],
        [
          -0.019371,
          -0.906375,
          -0.42203,
          1.388538
        ],
        [
          0.0,
          0.0,
          0.0,
          1.0
        ]
      ]
    },
    {
      "file_path": "/media/NFS/ttao/scannet/posed_images/scene0440_02/00050.jpg",
      "transform_matrix": [
        [
          -0.617493,
          -0.29313,
          0.729916,
          1.837268
        ],
        [
          -0.785844,
          0.269946,
          -0.556398,
          2.999926
        ],
        [
          -0.033941,
          -0.917172,
          -0.397044,
          1.382305
        ],
        [
          0.0,
          0.0,
          0.0,
          1.0
        ]
      ]
    },
    {
      "file_path": "/media/NFS/ttao/scannet/posed_images/scene0440_02/00052.jpg",
      "transform_matrix": [
        [
          -0.617505,
          -0.280127,
          0.734994,
          1.858716
        ],
        [
          -0.785499,
          0.268298,
          -0.557681,
          2.969664
        ],
        [
          -0.040976,
          -0.921708,
          -0.385714,
          1.389422
        ],
        [
          0.0,
          0.0,
          0.0,
          1.0
        ]
      ]
    },
    {
      "file_path": "/media/NFS/ttao/scannet/posed_images/scene0440_02/00055.jpg",
      "transform_matrix": [
        [
          -0.62047,
          -0.266013,
          0.737736,
          1.895005
        ],
        [
          -0.782359,
          0.274903,
          -0.558876,
          2.919092
        ],
        [
          -0.054138,
          -0.92394,
          -0.378687,
          1.39246
        ],
        [
          0.0,
          0.0,
          0.0,
          1.0
        ]
      ]
    },
    {
      "file_path": "/media/NFS/ttao/scannet/posed_images/scene0440_02/00060.jpg",
      "transform_matrix": [
        [
          -0.620374,
          -0.26744,
          0.737301,
          1.929413
        ],
        [
          -0.782493,
          0.274932,
          -0.558674,
          2.855994
        ],
        [
          -0.053296,
          -0.92352,
          -0.37983,
          1.405721
        ],
        [
          0.0,
          0.0,
          0.0,
          1.0
        ]
      ]
    },
    {
      "file_path": "/media/NFS/ttao/scannet/posed_images/scene0440_02/00062.jpg",
      "transform_matrix": [
        [
          -0.629506,
          -0.26667,
          0.729801,
          1.9364
        ],
        [
          -0.775438,
          0.275069,
          -0.56836,
          2.837257
        ],
        [
          -0.049181,
          -0.923701,
          -0.379944,
          1.406244
        ],
        [
          0.0,
          0.0,
          0.0,
          1.0
        ]
      ]
    },
    {
      "file_path": "/media/NFS/ttao/scannet/posed_images/scene0440_02/00064.jpg",
      "transform_matrix": [
        [
          -0.6342,
          -0.269126,
          0.724818,
          1.941518
        ],
        [
          -0.771918,
          0.27372,
          -0.573778,
          2.819065
        ],
        [
          -0.043978,
          -0.92339,
          -0.381336,
          1.407078
        ],
        [
          0.0,
          0.0,
          0.0,
          1.0
        ]
      ]
    },
    {
      "file_path": "/media/NFS/ttao/scannet/posed_images/scene0440_02/00069.jpg",
      "transform_matrix": [
        [
          -0.670819,
          -0.268004,
          0.691502,
          1.942815
        ],
        [
          -0.741223,
          0.272818,
          -0.613318,
          2.784299
        ],
        [
          -0.024282,
          -0.923983,
          -0.381662,
          1.418245
        ],
        [
          0.0,
          0.0,
          0.0,
          1.0
        ]
      ]
    },
    {
      "file_path": "/media/NFS/ttao/scannet/posed_images/scene0440_02/00072.jpg",
      "transform_matrix": [
        [
          -0.693224,
          -0.259021,
          0.672569,
          1.933176
        ],
        [
          -0.720465,
          0.273987,
          -0.637073,
          2.776103
        ],
        [
          -0.01926,
          -0.926196,
          -0.37655,
          1.421019
        ],
        [
          0.0,
          0.0,
          0.0,
          1.0
        ]
      ]
    },
    {
      "file_path": "/media/NFS/ttao/scannet/posed_images/scene0440_02/00074.jpg",
      "transform_matrix": [
        [
          -0.714614,
          -0.256112,
          0.650949,
          1.924388
        ],
        [
          -0.699335,
          0.282934,
          -0.656414,
          2.775717
        ],
        [
          -0.01606,
          -0.924313,
          -0.381296,
          1.423281
        ],
        [
          0.0,
          0.0,
          0.0,
          1.0
        ]
      ]
    },
    {
      "file_path": "/media/NFS/ttao/scannet/posed_images/scene0440_02/00078.jpg",
      "transform_matrix": [
        [
          -0.748911,
          -0.23982,
          0.617754,
          1.899646
        ],
        [
          -0.66228,
          0.302892,
          -0.685305,
          2.784811
        ],
        [
          -0.022763,
          -0.922358,
          -0.385666,
          1.418856
        ],
        [
          0.0,
          0.0,
          0.0,
          1.0
        ]
      ]
    },
    {
      "file_path": "/media/NFS/ttao/scannet/posed_images/scene0440_02/00080.jpg",
      "transform_matrix": [
        [
          -0.757158,
          -0.231382,
          0.610879,
          1.882818
        ],
        [
          -0.652604,
          0.30892,
          -0.691865,
          2.792377
        ],
        [
          -0.028628,
          -0.922513,
          -0.384902,
          1.418054
        ],
        [
          0.0,
          0.0,
          0.0,
          1.0
        ]
      ]
    },
    {
      "file_path": "/media/NFS/ttao/scannet/posed_images/scene0440_02/00083.jpg",
      "transform_matrix": [
        [
          -0.782368,
          -0.219133,
          0.582994,
          1.855645
        ],
        [
          -0.622093,
          0.320059,
          -0.714537,
          2.809263
        ],
        [
          -0.030014,
          -0.921707,
          -0.386724,
          1.426338
        ],
        [
          0.0,
          0.0,
          0.0,
          1.0
        ]
      ]
    },
    {
      "file_path": "/media/NFS/ttao/scannet/posed_images/scene0440_02/00087.jpg",
      "transform_matrix": [
        [
          -0.804112,
          -0.218302,
          0.552946,
          1.833635
        ],
        [
          -0.594126,
          0.327105,
          -0.734858,
          2.838716
        ],
        [
          -0.02045,
          -0.919428,
          -0.392728,
          1.432182
        ],
        [
          0.0,
          0.0,
          0.0,
          1.0
        ]
      ]
    },
    {
      "file_path": "/media/NFS/ttao/scannet/posed_images/scene0440_02/00089.jpg",
      "transform_matrix": [
        [
          -0.813286,
          -0.212287,
          0.541757,
          1.822074
        ],
        [
          -0.581532,
          0.328016,
          -0.744464,
          2.855605
        ],
        [
          -0.019665,
          -0.920511,
          -0.390222,
          1.435444
        ],
        [
          0.0,
          0.0,
          0.0,
          1.0
        ]
      ]
    },
    {
      "file_path": "/media/NFS/ttao/scannet/posed_images/scene0440_02/00093.jpg",
      "transform_matrix": [
        [
          -0.831518,
          -0.203205,
          0.516997,
          1.800366
        ],
        [
          -0.555117,
          0.338403,
          -0.759821,
          2.886033
        ],
        [
          -0.020554,
          -0.918799,
          -0.394191,
          1.443729
        ],
        [
          0.0,
          0.0,
          0.0,
          1.0
        ]
      ]
    },
    {
      "file_path": "/media/NFS/ttao/scannet/posed_images/scene0440_02/00095.jpg",
      "transform_matrix": [
        [
          -0.844135,
          -0.185408,
          0.50305,
          1.787344
        ],
        [
          -0.535617,
          0.332659,
          -0.776178,
          2.906387
        ],
        [
          -0.023435,
          -0.924641,
          -0.380117,
          1.440734
        ],
        [
          0.0,
          0.0,
          0.0,
          1.0
        ]
      ]
    },
    {
      "file_path": "/media/NFS/ttao/scannet/posed_images/scene0440_02/00100.jpg",
      "transform_matrix": [
        [
          -0.885807,
          -0.153263,
          0.438015,
          1.766342
        ],
        [
          -0.462906,
          0.358197,
          -0.810811,
          2.94863
        ],
        [
          -0.032628,
          -0.920981,
          -0.388239,
          1.440956
        ],
        [
          0.0,
          0.0,
          0.0,
          1.0
        ]
      ]
    },
    {
      "file_path": "/media/NFS/ttao/scannet/posed_images/scene0440_02/00103.jpg",
      "transform_matrix": [
        [
          -0.896949,
          -0.133048,
          0.421642,
          1.759866
        ],
        [
          -0.439707,
          0.368232,
          -0.819185,
          2.970474
        ],
        [
          -0.046271,
          -0.920165,
          -0.388787,
          1.443452
        ],
        [
          0.0,
          0.0,
          0.0,
          1.0
        ]
      ]
    },
    {
      "file_path": "/media/NFS/ttao/scannet/posed_images/scene0440_02/00106.jpg",
      "transform_matrix": [
        [
          -0.909727,
          -0.117875,
          0.398124,
          1.754139
        ],
        [
          -0.411685,
          0.380695,
          -0.828002,
          2.979585
        ],
        [
          -0.053963,
          -0.917157,
          -0.394856,
          1.446259
        ],
        [
          0.0,
          0.0,
          0.0,
          1.0
        ]
      ]
    },
    {
      "file_path": "/media/NFS/ttao/scannet/posed_images/scene0440_02/00107.jpg",
      "transform_matrix": [
        [
          -0.913248,
          -0.11579,
          0.390602,
          1.751621
        ],
        [
          -0.404069,
          0.379851,
          -0.832131,
          2.984124
        ],
        [
          -0.052018,
          -0.917773,
          -0.393685,
          1.445215
        ],
        [
          0.0,
          0.0,
          0.0,
          1.0
        ]
      ]
    },
    {
      "file_path": "/media/NFS/ttao/scannet/posed_images/scene0440_02/00111.jpg",
      "transform_matrix": [
        [
          -0.932742,
          -0.119305,
          0.340233,
          1.754396
        ],
        [
          -0.359706,
          0.372262,
          -0.855589,
          2.993056
        ],
        [
          -0.02458,
          -0.920428,
          -0.390139,
          1.448756
        ],
        [
          0.0,
          0.0,
          0.0,
          1.0
        ]
      ]
    },
    {
      "file_path": "/media/NFS/ttao/scannet/posed_images/scene0440_02/00113.jpg",
      "transform_matrix": [
        [
          -0.943694,
          -0.119575,
          0.308455,
          1.755971
        ],
        [
          -0.330669,
          0.369186,
          -0.868539,
          2.994925
        ],
        [
          -0.010021,
          -0.921631,
          -0.387938,
          1.45094
        ],
        [
          0.0,
          0.0,
          0.0,
          1.0
        ]
      ]
    },
    {
      "file_path": "/media/NFS/ttao/scannet/posed_images/scene0440_02/00116.jpg",
      "transform_matrix": [
        [
          -0.956516,
          -0.114096,
          0.26844,
          1.764082
        ],
        [
          -0.291674,
          0.367553,
          -0.883081,
          2.996425
        ],
        [
          0.00209,
          -0.922977,
          -0.384849,
          1.461841
        ],
        [
          0.0,
          0.0,
          0.0,
          1.0
        ]
      ]
    },
    {
      "file_path": "/media/NFS/ttao/scannet/posed_images/scene0440_02/00121.jpg",
      "transform_matrix": [
        [
          -0.978472,
          -0.082938,
          0.188982,
          1.826606
        ],
        [
          -0.206327,
          0.372362,
          -0.904863,
          3.011032
        ],
        [
          0.004677,
          -0.924375,
          -0.381458,
          1.460675
        ],
        [
          0.0,
          0.0,
          0.0,
          1.0
        ]
      ]
    },
    {
      "file_path": "/media/NFS/ttao/scannet/posed_images/scene0440_02/00124.jpg",
      "transform_matrix": [
        [
          -0.983282,
          -0.060675,
          0.171683,
          1.850051
        ],
        [
          -0.181834,
          0.377093,
          -0.90815,
          3.010471
        ],
        [
          -0.009638,
          -0.924186,
          -0.381822,
          1.460382
        ],
        [
          0.0,
          0.0,
          0.0,
          1.0
        ]
      ]
    },
    {
      "file_path": "/media/NFS/ttao/scannet/posed_images/scene0440_02/00126.jpg",
      "transform_matrix": [
        [
          -0.986011,
          -0.041023,
          0.161551,
          1.872588
        ],
        [
          -0.164906,
          0.381049,
          -0.90973,
          3.009188
        ],
        [
          -0.024239,
          -0.923644,
          -0.382484,
          1.462855
        ],
        [
          0.0,
          0.0,
          0.0,
          1.0
        ]
      ]
    },
    {
      "file_path": "/media/NFS/ttao/scannet/posed_images/scene0440_02/00129.jpg",
      "transform_matrix": [
        [
          -0.990243,
          -0.021922,
          0.137619,
          1.890264
        ],
        [
          -0.135699,
          0.376374,
          -0.916476,
          3.007012
        ],
        [
          -0.031705,
          -0.926209,
          -0.375676,
          1.463413
        ],
        [
          0.0,
          0.0,
          0.0,
          1.0
        ]
      ]
    },
    {
      "file_path": "/media/NFS/ttao/scannet/posed_images/scene0440_02/00132.jpg",
      "transform_matrix": [
        [
          -0.994195,
          0.005964,
          0.107431,
          1.910653
        ],
        [
          -0.097673,
          0.368795,
          -0.924365,
          3.008732
        ],
        [
          -0.045133,
          -0.929492,
          -0.366071,
          1.45711
        ],
        [
          0.0,
          0.0,
          0.0,
          1.0
        ]
      ]
    },
    {
      "file_path": "/media/NFS/ttao/scannet/posed_images/scene0440_02/00135.jpg",
      "transform_matrix": [
        [
          -0.996476,
          0.029708,
          0.078438,
          1.916302
        ],
        [
          -0.061876,
          0.370976,
          -0.926579,
          3.008424
        ],
        [
          -0.056625,
          -0.928167,
          -0.367831,
          1.458362
        ],
        [
          0.0,
          0.0,
          0.0,
          1.0
        ]
      ]
    },
    {
      "file_path": "/media/NFS/ttao/scannet/posed_images/scene0440_02/00139.jpg",
      "transform_matrix": [
        [
          -0.998169,
          0.049446,
          0.034844,
          1.9182
        ],
        [
          -0.014469,
          0.364132,
          -0.931235,
          3.013298
        ],
        [
          -0.058734,
          -0.930034,
          -0.36275,
          1.46189
        ],
        [
          0.0,
          0.0,
          0.0,
          1.0
        ]
      ]
    },
    {
      "file_path": "/media/NFS/ttao/scannet/posed_images/scene0440_02/00141.jpg",
      "transform_matrix": [
        [
          -0.997997,
          0.062713,
          0.008309,
          1.929187
        ],
        [
          0.014596,
          0.356057,
          -0.93435,
          3.01653
        ],
        [
          -0.061555,
          -0.932358,
          -0.356259,
          1.452642
        ],
        [
          0.0,
          0.0,
          0.0,
          1.0
        ]
      ]
    },
    {
      "file_path": "/media/NFS/ttao/scannet/posed_images/scene0440_02/00146.jpg",
      "transform_matrix": [
        [
          -0.994355,
          0.092345,
          -0.052253,
          1.915454
        ],
        [
          0.081989,
          0.35613,
          -0.930833,
          3.026602
        ],
        [
          -0.067349,
          -0.929862,
          -0.361691,
          1.449157
        ],
        [
          0.0,
          0.0,
          0.0,
          1.0
        ]
      ]
    },
    {
      "file_path": "/media/NFS/ttao/scannet/posed_images/scene0440_02/00147.jpg",
      "transform_matrix": [
        [
          -0.992991,
          0.097802,
          -0.066366,
          1.911253
        ],
        [
          0.097139,
          0.355426,
          -0.929643,
          3.028388
        ],
        [
          -0.067333,
          -0.929574,
          -0.362435,
          1.448756
        ],
        [
          0.0,
          0.0,
          0.0,
          1.0
        ]
      ]
    },
    {
      "file_path": "/media/NFS/ttao/scannet/posed_images/scene0440_02/00152.jpg",
      "transform_matrix": [
        [
          -0.983072,
          0.118223,
          -0.139973,
          1.890912
        ],
        [
          0.173733,
          0.358856,
          -0.917082,
          3.012645
        ],
        [
          -0.05819,
          -0.925876,
          -0.37332,
          1.444399
        ],
        [
          0.0,
          0.0,
          0.0,
          1.0
        ]
      ]
    },
    {
      "file_path": "/media/NFS/ttao/scannet/posed_images/scene0440_02/00155.jpg",
      "transform_matrix": [
        [
          -0.975937,
          0.135304,
          -0.170997,
          1.874037
        ],
        [
          0.209146,
          0.359006,
          -0.9096,
          3.021329
        ],
        [
          -0.061684,
          -0.923476,
          -0.378666,
          1.443651
        ],
        [
          0.0,
          0.0,
          0.0,
          1.0
        ]
      ]
    },
    {
      "file_path": "/media/NFS/ttao/scannet/posed_images/scene0440_02/00156.jpg",
      "transform_matrix": [
        [
          -0.973321,
          0.140583,
          -0.181338,
          1.869413
        ],
        [
          0.220725,
          0.35782,
          -0.907329,
          3.023605
        ],
        [
          -0.062669,
          -0.923148,
          -0.379304,
          1.441629
        ],
        [
          0.0,
          0.0,
          0.0,
          1.0
        ]
      ]
    },
    {
      "file_path": "/media/NFS/ttao/scannet/posed_images/scene0440_02/00161.jpg",
      "transform_matrix": [
        [
          -0.959965,
          0.172949,
          -0.220355,
          1.831839
        ],
        [
          0.2691,
          0.350891,
          -0.896917,
          3.030418
        ],
        [
          -0.0778,
          -0.920307,
          -0.383384,
          1.440416
        ],
        [
          0.0,
          0.0,
          0.0,
          1.0
        ]
      ]
    },
    {
      "file_path": "/media/NFS/ttao/scannet/posed_images/scene0440_02/00162.jpg",
      "transform_matrix": [
        [
          -0.956612,
          0.178026,
          -0.23065,
          1.824229
        ],
        [
          0.280557,
          0.349225,
          -0.894052,
          3.032887
        ],
        [
          -0.078616,
          -0.919972,
          -0.38402,
          1.439465
        ],
        [
          0.0,
          0.0,
          0.0,
          1.0
        ]
      ]
    },
    {
      "file_path": "/media/NFS/ttao/scannet/posed_images/scene0440_02/00165.jpg",
      "transform_matrix": [
        [
          -0.945003,
          0.193244,
          -0.263866,
          1.798177
        ],
        [
          0.317394,
          0.347157,
          -0.882464,
          3.039757
        ],
        [
          -0.078927,
          -0.917681,
          -0.389399,
          1.435582
        ],
        [
          0.0,
          0.0,
          0.0,
          1.0
        ]
      ]
    },
    {
      "file_path": "/media/NFS/ttao/scannet/posed_images/scene0440_02/00169.jpg",
      "transform_matrix": [
        [
          -0.931398,
          0.213894,
          -0.294527,
          1.761382
        ],
        [
          0.355541,
          0.36115,
          -0.862068,
          3.042476
        ],
        [
          -0.078023,
          -0.907645,
          -0.412423,
          1.432478
        ],
        [
          0.0,
          0.0,
          0.0,
          1.0
        ]
      ]
    },
    {
      "file_path": "/media/NFS/ttao/scannet/posed_images/scene0440_02/00173.jpg",
      "transform_matrix": [
        [
          -0.919473,
          0.234636,
          -0.315461,
          1.716322
        ],
        [
          0.38433,
          0.367388,
          -0.846946,
          3.040521
        ],
        [
          -0.082827,
          -0.899985,
          -0.427981,
          1.429915
        ],
        [
          0.0,
          0.0,
          0.0,
          1.0
        ]
      ]
    },
    {
      "file_path": "/media/NFS/ttao/scannet/posed_images/scene0440_02/00175.jpg",
      "transform_matrix": [
        [
          -0.915258,
          0.241135,
          -0.322733,
          1.696843
        ],
        [
          0.39418,
          0.370537,
          -0.841026,
          3.041462
        ],
        [
          -0.083216,
          -0.896971,
          -0.434188,
          1.427887
        ],
        [
          0.0,
          0.0,
          0.0,
          1.0
        ]
      ]
    },
    {
      "file_path": "/media/NFS/ttao/scannet/posed_images/scene0440_02/00178.jpg",
      "transform_matrix": [
        [
          -0.903286,
          0.257886,
          -0.342884,
          1.653333
        ],
        [
          0.421451,
          0.383701,
          -0.821677,
          3.041517
        ],
        [
          -0.080334,
          -0.886718,
          -0.455278,
          1.425606
        ],
        [
          0.0,
          0.0,
          0.0,
          1.0
        ]
      ]
    },
    {
      "file_path": "/media/NFS/ttao/scannet/posed_images/scene0440_02/00183.jpg",
      "transform_matrix": [
        [
          -0.891496,
          0.260994,
          -0.370293,
          1.598489
        ],
        [
          0.448826,
          0.397769,
          -0.800209,
          3.041791
        ],
        [
          -0.061559,
          -0.87958,
          -0.471751,
          1.423574
        ],
        [
          0.0,
          0.0,
          0.0,
          1.0
        ]
      ]
    },
    {
      "file_path": "/media/NFS/ttao/scannet/posed_images/scene0440_02/00186.jpg",
      "transform_matrix": [
        [
          -0.886274,
          0.261772,
          -0.382091,
          1.57172
        ],
        [
          0.459651,
          0.395734,
          -0.795057,
          3.043899
        ],
        [
          -0.056918,
          -0.880267,
          -0.471052,
          1.416539
        ],
        [
          0.0,
          0.0,
          0.0,
          1.0
        ]
      ]
    },
    {
      "file_path": "/media/NFS/ttao/scannet/posed_images/scene0440_02/00187.jpg",
      "transform_matrix": [
        [
          -0.884705,
          0.264336,
          -0.383958,
          1.556954
        ],
        [
          0.462462,
          0.394281,
          -0.794148,
          3.04494
        ],
        [
          -0.058535,
          -0.880153,
          -0.471068,
          1.412607
        ],
        [
          0.0,
          0.0,
          0.0,
          1.0
        ]
      ]
    },
    {
      "file_path": "/media/NFS/ttao/scannet/posed_images/scene0440_02/00190.jpg",
      "transform_matrix": [
        [
          -0.882747,
          0.275588,
          -0.380539,
          1.542663
        ],
        [
          0.465432,
          0.402093,
          -0.788476,
          3.04449
        ],
        [
          -0.064282,
          -0.87314,
          -0.483213,
          1.403279
        ],
        [
          0.0,
          0.0,
          0.0,
          1.0
        ]
      ]
    },
    {
      "file_path": "/media/NFS/ttao/scannet/posed_images/scene0440_02/00193.jpg",
      "transform_matrix": [
        [
          -0.87196,
          0.302676,
          -0.384803,
          1.533454
        ],
        [
          0.484001,
          0.414649,
          -0.77059,
          3.037198
        ],
        [
          -0.07368,
          -0.858169,
          -0.508053,
          1.394967
        ],
        [
          0.0,
          0.0,
          0.0,
          1.0
        ]
      ]
    },
    {
      "file_path": "/media/NFS/ttao/scannet/posed_images/scene0440_02/00196.jpg",
      "transform_matrix": [
        [
          -0.867651,
          0.316614,
          -0.383324,
          1.52994
        ],
        [
          0.48786,
          0.393655,
          -0.779121,
          3.030751
        ],
        [
          -0.095783,
          -0.863013,
          -0.496018,
          1.393752
        ],
        [
          0.0,
          0.0,
          0.0,
          1.0
        ]
      ]
    },
    {
      "file_path": "/media/NFS/ttao/scannet/posed_images/scene0440_02/00201.jpg",
      "transform_matrix": [
        [
          -0.8488,
          0.333266,
          -0.410454,
          1.536955
        ],
        [
          0.519948,
          0.385372,
          -0.762328,
          3.019111
        ],
        [
          -0.09588,
          -0.860478,
          -0.500385,
          1.383883
        ],
        [
          0.0,
          0.0,
          0.0,
          1.0
        ]
      ]
    },
    {
      "file_path": "/media/NFS/ttao/scannet/posed_images/scene0440_02/00203.jpg",
      "transform_matrix": [
        [
          -0.837785,
          0.343882,
          -0.424101,
          1.543227
        ],
        [
          0.535219,
          0.363636,
          -0.762437,
          3.015268
        ],
        [
          -0.10797,
          -0.865745,
          -0.488701,
          1.382231
        ],
        [
          0.0,
          0.0,
          0.0,
          1.0
        ]
      ]
    },
    {
      "file_path": "/media/NFS/ttao/scannet/posed_images/scene0440_02/00205.jpg",
      "transform_matrix": [
        [
          -0.811539,
          0.368361,
          -0.453557,
          1.555142
        ],
        [
          0.574283,
          0.359752,
          -0.735376,
          3.00803
        ],
        [
          -0.107716,
          -0.857257,
          -0.503496,
          1.376013
        ],
        [
          0.0,
          0.0,
          0.0,
          1.0
        ]
      ]
    },
    {
      "file_path": "/media/NFS/ttao/scannet/posed_images/scene0440_02/00208.jpg",
      "transform_matrix": [
        [
          -0.778373,
          0.398104,
          -0.485437,
          1.5723
        ],
        [
          0.617824,
          0.348425,
          -0.704907,
          3.002239
        ],
        [
          -0.111488,
          -0.848595,
          -0.517163,
          1.364601
        ],
        [
          0.0,
          0.0,
          0.0,
          1.0
        ]
      ]
    },
    {
      "file_path": "/media/NFS/ttao/scannet/posed_images/scene0440_02/00213.jpg",
      "transform_matrix": [
        [
          -0.719149,
          0.449253,
          -0.530092,
          1.603513
        ],
        [
          0.681647,
          0.308075,
          -0.663663,
          2.997433
        ],
        [
          -0.134844,
          -0.838607,
          -0.527783,
          1.346859
        ],
        [
          0.0,
          0.0,
          0.0,
          1.0
        ]
      ]
    },
    {
      "file_path": "/media/NFS/ttao/scannet/posed_images/scene0440_02/00217.jpg",
      "transform_matrix": [
        [
          -0.667151,
          0.4904,
          -0.560729,
          1.622893
        ],
        [
          0.727283,
          0.265963,
          -0.63271,
          3.008019
        ],
        [
          -0.161148,
          -0.829922,
          -0.534098,
          1.336836
        ],
        [
          0.0,
          0.0,
          0.0,
          1.0
        ]
      ]
    },
    {
      "file_path": "/media/NFS/ttao/scannet/posed_images/scene0440_02/00220.jpg",
      "transform_matrix": [
        [
          -0.634748,
          0.510399,
          -0.580162,
          1.638694
        ],
        [
          0.756605,
          0.257987,
          -0.600826,
          3.020061
        ],
        [
          -0.156987,
          -0.820327,
          -0.549927,
          1.327959
        ],
        [
          0.0,
          0.0,
          0.0,
          1.0
        ]
      ]
    },
    {
      "file_path": "/media/NFS/ttao/scannet/posed_images/scene0440_02/00222.jpg",
      "transform_matrix": [
        [
          -0.624376,
          0.51495,
          -0.587351,
          1.647005
        ],
        [
          0.764954,
          0.25089,
          -0.593211,
          3.027657
        ],
        [
          -0.158113,
          -0.819684,
          -0.550563,
          1.326736
        ],
        [
          0.0,
          0.0,
          0.0,
          1.0
        ]
      ]
    },
    {
      "file_path": "/media/NFS/ttao/scannet/posed_images/scene0440_02/00225.jpg",
      "transform_matrix": [
        [
          -0.612389,
          0.519526,
          -0.59588,
          1.659619
        ],
        [
          0.774914,
          0.245274,
          -0.582537,
          3.039155
        ],
        [
          -0.156489,
          -0.818495,
          -0.55279,
          1.328198
        ],
        [
          0.0,
          0.0,
          0.0,
          1.0
        ]
      ]
    },
    {
      "file_path": "/media/NFS/ttao/scannet/posed_images/scene0440_02/00227.jpg",
      "transform_matrix": [
        [
          -0.615868,
          0.515508,
          -0.595784,
          1.670961
        ],
        [
          0.771143,
          0.239526,
          -0.589886,
          3.047865
        ],
        [
          -0.161386,
          -0.822726,
          -0.545047,
          1.329789
        ],
        [
          0.0,
          0.0,
          0.0,
          1.0
        ]
      ]
    },
    {
      "file_path": "/media/NFS/ttao/scannet/posed_images/scene0440_02/00232.jpg",
      "transform_matrix": [
        [
          -0.627887,
          0.50789,
          -0.58975,
          1.715304
        ],
        [
          0.760481,
          0.239119,
          -0.603731,
          3.072854
        ],
        [
          -0.165609,
          -0.827569,
          -0.536381,
          1.343455
        ],
        [
          0.0,
          0.0,
          0.0,
          1.0
        ]
      ]
    },
    {
      "file_path": "/media/NFS/ttao/scannet/posed_images/scene0440_02/00235.jpg",
      "transform_matrix": [
        [
          -0.599651,
          0.517662,
          -0.610283,
          1.737265
        ],
        [
          0.783262,
          0.223299,
          -0.580206,
          3.087045
        ],
        [
          -0.164075,
          -0.825932,
          -0.539366,
          1.34783
        ],
        [
          0.0,
          0.0,
          0.0,
          1.0
        ]
      ]
    },
    {
      "file_path": "/media/NFS/ttao/scannet/posed_images/scene0440_02/00236.jpg",
      "transform_matrix": [
        [
          -0.592726,
          0.516589,
          -0.617909,
          1.746377
        ],
        [
          0.788284,
          0.214752,
          -0.576619,
          3.091009
        ],
