{
  "frames": [
    {
      "file_path": "/media/NFS/ttao/scannet/posed_images/scene0426_03/00000.jpg",
      "transform_matrix": [
        [
          -0.859487,
          -0.288986,
          0.421628,
          1.897498
        ],
        [
          -0.511051,
          0.50272,
          -0.697208,
          1.952965
        ],
        [
          -0.010477,
          -0.814714,
          -0.579768,
          1.370372
        ],
        [
          0.0,
          0.0,
          0.0,
          1.0
        ]
      ]
    },
    {
      "file_path": "/media/NFS/ttao/scannet/posed_images/scene0426_03/00004.jpg",
      "transform_matrix": [
        [
          -0.856793,
          -0.285189,
          0.429619,
          1.862916
        ],
        [
          -0.515077,
          0.512949,
          -0.686716,
          1.987184
        ],
        [
          -0.024529,
          -0.809661,
          -0.586386,
          1.369867
        ],
        [
          0.0,
          0.0,
          0.0,
          1.0
        ]
      ]
    },
    {
      "file_path": "/media/NFS/ttao/scannet/posed_images/scene0426_03/00007.jpg",
      "transform_matrix": [
        [
          -0.85514,
          -0.293881,
          0.427049,
          1.846626
        ],
        [
          -0.517486,
          0.532763,
          -0.669606,
          2.003822
        ],
        [
          -0.030732,
          -0.793598,
          -0.607666,
          1.368818
        ],
        [
          0.0,
          0.0,
          0.0,
          1.0
        ]
      ]
    },
    {
      "file_path": "/media/NFS/ttao/scannet/posed_images/scene0426_03/00015.jpg",
      "transform_matrix": [
        [
          -0.858635,
          -0.250925,
          0.446972,
          1.839878
        ],
        [
          -0.511829,
          0.467148,
          -0.720974,
          2.050227
        ],
        [
          -0.027892,
          -0.847826,
          -0.52954,
          1.395061
        ],
        [
          0.0,
          0.0,
          0.0,
          1.0
        ]
      ]
    },
    {
      "file_path": "/media/NFS/ttao/scannet/posed_images/scene0426_03/00019.jpg",
      "transform_matrix": [
        [
          -0.860207,
          -0.216872,
          0.461531,
          1.85497
        ],
        [
          -0.509407,
          0.407011,
          -0.758187,
          2.074649
        ],
        [
          -0.023419,
          -0.887304,
          -0.46059,
          1.435417
        ],
        [
          0.0,
          0.0,
          0.0,
          1.0
        ]
      ]
    },
    {
      "file_path": "/media/NFS/ttao/scannet/posed_images/scene0426_03/00020.jpg",
      "transform_matrix": [
        [
          -0.858779,
          -0.216942,
          0.46415,
          1.859831
        ],
        [
          -0.512025,
          0.395528,
          -0.762489,
          2.080029
        ],
        [
          -0.018168,
          -0.892465,
          -0.450751,
          1.439746
        ],
        [
          0.0,
          0.0,
          0.0,
          1.0
        ]
      ]
    },
    {
      "file_path": "/media/NFS/ttao/scannet/posed_images/scene0426_03/00024.jpg",
      "transform_matrix": [
        [
          -0.854101,
          -0.196022,
          0.481754,
          1.870429
        ],
        [
          -0.519826,
          0.352159,
          -0.778309,
          2.097551
        ],
        [
          -0.017089,
          -0.915183,
          -0.402677,
          1.461951
        ],
        [
          0.0,
          0.0,
          0.0,
          1.0
        ]
      ]
    },
    {
      "file_path": "/media/NFS/ttao/scannet/posed_images/scene0426_03/00031.jpg",
      "transform_matrix": [
        [
          -0.843805,
          -0.142946,
          0.517262,
          1.886505
        ],
        [
          -0.536162,
          0.265666,
          -0.801219,
          2.117736
        ],
        [
          -0.022888,
          -0.953409,
          -0.300812,
          1.496055
        ],
        [
          0.0,
          0.0,
          0.0,
          1.0
        ]
      ]
    },
    {
      "file_path": "/media/NFS/ttao/scannet/posed_images/scene0426_03/00035.jpg",
      "transform_matrix": [
        [
          -0.851101,
          -0.136813,
          0.506863,
          1.902259
        ],
        [
          -0.524755,
          0.251331,
          -0.813305,
          2.11922
        ],
        [
          -0.016119,
          -0.958183,
          -0.285701,
          1.51694
        ],
        [
          0.0,
          0.0,
          0.0,
          1.0
        ]
      ]
    },
    {
      "file_path": "/media/NFS/ttao/scannet/posed_images/scene0426_03/00039.jpg",
      "transform_matrix": [
        [
          -0.870558,
          -0.143228,
          0.47076,
          1.925432
        ],
        [
          -0.49204,
          0.243527,
          -0.835818,
          2.124959
        ],
        [
          0.00507,
          -0.95926,
          -0.282478,
          1.5332
        ],
        [
          0.0,
          0.0,
          0.0,
          1.0
        ]
      ]
    },
    {
      "file_path": "/media/NFS/ttao/scannet/posed_images/scene0426_03/00044.jpg",
      "transform_matrix": [
        [
          -0.899028,
          -0.15665,
          0.408914,
          1.970112
        ],
        [
          -0.436594,
          0.248817,
          -0.864567,
          2.134049
        ],
        [
          0.033689,
          -0.955799,
          -0.292086,
          1.559965
        ],
        [
          0.0,
          0.0,
          0.0,
          1.0
        ]
      ]
    },
    {
      "file_path": "/media/NFS/ttao/scannet/posed_images/scene0426_03/00046.jpg",
      "transform_matrix": [
        [
          -0.90464,
          -0.157696,
          0.395927,
          1.986258
        ],
        [
          -0.424948,
          0.263277,
          -0.866086,
          2.135754
        ],
        [
          0.032339,
          -0.951744,
          -0.305184,
          1.570219
        ],
        [
          0.0,
          0.0,
          0.0,
          1.0
        ]
      ]
    },
    {
      "file_path": "/media/NFS/ttao/scannet/posed_images/scene0426_03/00048.jpg",
      "transform_matrix": [
        [
          -0.907781,
          -0.161334,
          0.387177,
          2.003054
        ],
        [
          -0.41783,
          0.266894,
          -0.868439,
          2.139697
        ],
        [
          0.036773,
          -0.950126,
          -0.309691,
          1.578988
        ],
        [
          0.0,
          0.0,
          0.0,
          1.0
        ]
      ]
    },
    {
      "file_path": "/media/NFS/ttao/scannet/posed_images/scene0426_03/00053.jpg",
      "transform_matrix": [
        [
          -0.914706,
          -0.175893,
          0.363835,
          2.049741
        ],
        [
          -0.399437,
          0.256815,
          -0.880055,
          2.154774
        ],
        [
          0.061357,
          -0.95032,
          -0.305168,
          1.599295
        ],
        [
          0.0,
          0.0,
          0.0,
          1.0
        ]
      ]
    },
    {
      "file_path": "/media/NFS/ttao/scannet/posed_images/scene0426_03/00058.jpg",
      "transform_matrix": [
        [
          -0.897348,
          -0.174849,
          0.40521,
          2.072166
        ],
        [
          -0.437715,
          0.235422,
          -0.867745,
          2.169219
        ],
        [
          0.056329,
          -0.956036,
          -0.287789,
          1.617411
        ],
        [
          0.0,
          0.0,
          0.0,
          1.0
        ]
      ]
    },
    {
      "file_path": "/media/NFS/ttao/scannet/posed_images/scene0426_03/00061.jpg",
      "transform_matrix": [
        [
          -0.88599,
          -0.179731,
          0.427456,
          2.082648
        ],
        [
          -0.460109,
          0.226181,
          -0.85857,
          2.179007
        ],
        [
          0.057629,
          -0.95736,
          -0.28309,
          1.61095
        ],
        [
          0.0,
          0.0,
          0.0,
          1.0
        ]
      ]
    },
    {
      "file_path": "/media/NFS/ttao/scannet/posed_images/scene0426_03/00066.jpg",
      "transform_matrix": [
        [
          -0.847451,
          -0.200864,
          0.491408,
          2.072909
        ],
        [
          -0.529141,
          0.244866,
          -0.812435,
          2.178702
        ],
        [
          0.04286,
          -0.948522,
          -0.313797,
          1.588571
        ],
        [
          0.0,
          0.0,
          0.0,
          1.0
        ]
      ]
    },
    {
      "file_path": "/media/NFS/ttao/scannet/posed_images/scene0426_03/00072.jpg",
      "transform_matrix": [
        [
          -0.809823,
          -0.25706,
          0.527359,
          2.069104
        ],
        [
          -0.58555,
          0.298526,
          -0.753667,
          2.166114
        ],
        [
          0.036307,
          -0.919131,
          -0.392275,
          1.529921
        ],
        [
          0.0,
          0.0,
          0.0,
          1.0
        ]
      ]
    },
    {
      "file_path": "/media/NFS/ttao/scannet/posed_images/scene0426_03/00075.jpg",
      "transform_matrix": [
        [
          -0.807632,
          -0.281722,
          0.518038,
          2.083919
        ],
        [
          -0.588329,
          0.325379,
          -0.740269,
          2.168305
        ],
        [
          0.039991,
          -0.902641,
          -0.428531,
          1.502191
        ],
        [
          0.0,
          0.0,
          0.0,
          1.0
        ]
      ]
    },
    {
      "file_path": "/media/NFS/ttao/scannet/posed_images/scene0426_03/00081.jpg",
      "transform_matrix": [
        [
          -0.804358,
          -0.336069,
          0.489966,
          2.070809
        ],
        [
          -0.592837,
          0.399262,
          -0.699382,
          2.137983
        ],
        [
          0.039415,
          -0.853023,
          -0.520383,
          1.43656
        ],
        [
          0.0,
          0.0,
          0.0,
          1.0
        ]
      ]
    },
    {
      "file_path": "/media/NFS/ttao/scannet/posed_images/scene0426_03/00085.jpg",
      "transform_matrix": [
        [
          -0.791469,
          -0.3622,
          0.49233,
          2.055785
        ],
        [
          -0.61027,
          0.423626,
          -0.669412,
          2.120897
        ],
        [
          0.033897,
          -0.830272,
          -0.556326,
          1.389187
        ],
        [
          0.0,
          0.0,
          0.0,
          1.0
        ]
      ]
    },
    {
      "file_path": "/media/NFS/ttao/scannet/posed_images/scene0426_03/00087.jpg",
      "transform_matrix": [
        [
          -0.786461,
          -0.371976,
          0.493065,
          2.049393
        ],
        [
          -0.616611,
          0.426799,
          -0.661538,
          2.116197
        ],
        [
          0.035637,
          -0.824303,
          -0.565026,
          1.366146
        ],
        [
          0.0,
          0.0,
          0.0,
          1.0
        ]
      ]
    },
    {
      "file_path": "/media/NFS/ttao/scannet/posed_images/scene0426_03/00091.jpg",
      "transform_matrix": [
        [
          -0.780575,
          -0.384203,
          0.493042,
          2.028698
        ],
        [
          -0.624789,
          0.456248,
          -0.633623,
          2.109707
        ],
        [
          0.018491,
          -0.802637,
          -0.596181,
          1.308588
        ],
        [
          0.0,
          0.0,
          0.0,
          1.0
        ]
      ]
    },
    {
      "file_path": "/media/NFS/ttao/scannet/posed_images/scene0426_03/00096.jpg",
      "transform_matrix": [
        [
          -0.76371,
          -0.432111,
          0.479612,
          2.014199
        ],
        [
          -0.645546,
          0.506309,
          -0.57177,
          2.105691
        ],
        [
          0.004236,
          -0.746278,
          -0.665621,
          1.244992
        ],
        [
          0.0,
          0.0,
          0.0,
          1.0
        ]
      ]
    },
    {
      "file_path": "/media/NFS/ttao/scannet/posed_images/scene0426_03/00102.jpg",
      "transform_matrix": [
        [
          -0.7506,
          -0.488005,
          0.44548,
          1.996113
        ],
        [
          -0.660756,
          0.553174,
          -0.507346,
          2.104529
        ],
        [
          0.001159,
          -0.675167,
          -0.737664,
          1.186474
        ],
        [
          0.0,
          0.0,
          0.0,
          1.0
        ]
      ]
    },
    {
      "file_path": "/media/NFS/ttao/scannet/posed_images/scene0426_03/00103.jpg",
      "transform_matrix": [
        [
          -0.74721,
          -0.497687,
          0.440437,
          1.995712
        ],
        [
          -0.664564,
          0.553859,
          -0.501593,
          2.10261
        ],
        [
          0.005697,
          -0.667493,
          -0.744594,
          1.1852
        ],
        [
          0.0,
          0.0,
          0.0,
          1.0
        ]
      ]
    },
    {
      "file_path": "/media/NFS/ttao/scannet/posed_images/scene0426_03/00107.jpg",
      "transform_matrix": [
        [
          -0.730381,
          -0.525038,
          0.436897,
          1.999591
        ],
        [
          -0.682537,
          0.536466,
          -0.496334,
          2.101871
        ],
        [
          0.026214,
          -0.660711,
          -0.750182,
          1.186115
        ],
        [
          0.0,
          0.0,
          0.0,
          1.0
        ]
      ]
    },
    {
      "file_path": "/media/NFS/ttao/scannet/posed_images/scene0426_03/00111.jpg",
      "transform_matrix": [
        [
          -0.689439,
          -0.54236,
          0.480125,
          2.014751
        ],
        [
          -0.724188,
          0.50235,
          -0.472436,
          2.111929
        ],
        [
          0.01504,
          -0.673417,
          -0.73911,
          1.212273
        ],
        [
          0.0,
          0.0,
          0.0,
          1.0
        ]
      ]
    },
    {
      "file_path": "/media/NFS/ttao/scannet/posed_images/scene0426_03/00117.jpg",
      "transform_matrix": [
        [
          -0.588883,
          -0.551098,
          0.591192,
          2.043886
        ],
        [
          -0.808047,
          0.416498,
          -0.41664,
          2.141786
        ],
        [
          -0.016621,
          -0.723063,
          -0.690582,
          1.259829
        ],
        [
          0.0,
          0.0,
          0.0,
          1.0
        ]
      ]
    },
    {
      "file_path": "/media/NFS/ttao/scannet/posed_images/scene0426_03/00119.jpg",
      "transform_matrix": [
        [
          -0.576452,
          -0.541548,
          0.611906,
          2.056269
        ],
        [
          -0.816949,
          0.397767,
          -0.417583,
          2.147325
        ],
        [
          -0.017254,
          -0.740613,
          -0.671711,
          1.274925
        ],
        [
          0.0,
          0.0,
          0.0,
          1.0
        ]
      ]
    },
    {
      "file_path": "/media/NFS/ttao/scannet/posed_images/scene0426_03/00127.jpg",
      "transform_matrix": [
        [
          -0.586384,
          -0.469628,
          0.660003,
          2.100742
        ],
        [
          -0.809814,
          0.358849,
          -0.464143,
          2.164982
        ],
        [
          -0.018867,
          -0.806646,
          -0.590734,
          1.331321
        ],
        [
          0.0,
          0.0,
          0.0,
          1.0
        ]
      ]
    },
    {
      "file_path": "/media/NFS/ttao/scannet/posed_images/scene0426_03/00128.jpg",
      "transform_matrix": [
        [
          -0.586667,
          -0.46427,
          0.663532,
          2.104813
        ],
        [
          -0.809622,
          0.354745,
          -0.467621,
          2.163819
        ],
        [
          -0.018283,
          -0.811548,
          -0.584,
          1.337844
        ],
        [
          0.0,
          0.0,
          0.0,
          1.0
        ]
      ]
    },
    {
      "file_path": "/media/NFS/ttao/scannet/posed_images/scene0426_03/00134.jpg",
      "transform_matrix": [
        [
          -0.593491,
          -0.413469,
          0.690516,
          2.118107
        ],
        [
          -0.804733,
          0.318883,
          -0.500718,
          2.168333
        ],
        [
          -0.013162,
          -0.852852,
          -0.521986,
          1.379051
        ],
        [
          0.0,
          0.0,
          0.0,
          1.0
        ]
      ]
    },
    {
      "file_path": "/media/NFS/ttao/scannet/posed_images/scene0426_03/00135.jpg",
      "transform_matrix": [
        [
          -0.591443,
          -0.404813,
          0.697368,
          2.118217
        ],
        [
          -0.806131,
          0.31688,
          -0.49974,
          2.168467
        ],
        [
          -0.018681,
          -0.857737,
          -0.513749,
          1.384908
        ],
        [
          0.0,
          0.0,
          0.0,
          1.0
        ]
      ]
    },
    {
      "file_path": "/media/NFS/ttao/scannet/posed_images/scene0426_03/00140.jpg",
      "transform_matrix": [
        [
          -0.556673,
          -0.367552,
          0.744997,
          2.111037
        ],
        [
          -0.830263,
          0.276266,
          -0.484087,
          2.157979
        ],
        [
          -0.02789,
          -0.888022,
          -0.458955,
          1.419682
        ],
        [
          0.0,
          0.0,
          0.0,
          1.0
        ]
      ]
    },
    {
      "file_path": "/media/NFS/ttao/scannet/posed_images/scene0426_03/00145.jpg",
      "transform_matrix": [
        [
          -0.532307,
          -0.329226,
          0.77991,
          2.103406
        ],
        [
          -0.846282,
          0.23019,
          -0.480436,
          2.148956
        ],
        [
          -0.021355,
          -0.915763,
          -0.40115,
          1.455364
        ],
        [
          0.0,
          0.0,
          0.0,
          1.0
        ]
      ]
    },
    {
      "file_path": "/media/NFS/ttao/scannet/posed_images/scene0426_03/00152.jpg",
      "transform_matrix": [
        [
          -0.465521,
          -0.269117,
          0.843129,
          2.075192
        ],
        [
          -0.88456,
          0.172732,
          -0.433263,
          2.122955
        ],
        [
          -0.029037,
          -0.947492,
          -0.31846,
          1.49982
        ],
        [
          0.0,
          0.0,
          0.0,
          1.0
        ]
      ]
    },
    {
      "file_path": "/media/NFS/ttao/scannet/posed_images/scene0426_03/00155.jpg",
      "transform_matrix": [
        [
          -0.448395,
          -0.260536,
          0.855022,
          2.068624
        ],
        [
          -0.893568,
          0.154039,
          -0.421672,
          2.113015
        ],
        [
          -0.021845,
          -0.953096,
          -0.301877,
          1.50675
        ],
        [
          0.0,
          0.0,
          0.0,
          1.0
        ]
      ]
    },
    {
      "file_path": "/media/NFS/ttao/scannet/posed_images/scene0426_03/00157.jpg",
      "transform_matrix": [
        [
          -0.431571,
          -0.254593,
          0.865407,
          2.062191
        ],
        [
          -0.901836,
          0.144029,
          -0.407367,
          2.106879
        ],
        [
          -0.020931,
          -0.956262,
          -0.29176,
          1.504806
        ],
        [
          0.0,
          0.0,
          0.0,
          1.0
        ]
      ]
    },
    {
      "file_path": "/media/NFS/ttao/scannet/posed_images/scene0426_03/00160.jpg",
      "transform_matrix": [
        [
          -0.404539,
          -0.26638,
          0.874866,
          2.056513
        ],
        [
          -0.914238,
          0.141606,
          -0.379628,
          2.093392
        ],
        [
          -0.022761,
          -0.953409,
          -0.300819,
          1.491966
        ],
        [
          0.0,
          0.0,
          0.0,
          1.0
        ]
      ]
    },
    {
      "file_path": "/media/NFS/ttao/scannet/posed_images/scene0426_03/00168.jpg",
      "transform_matrix": [
        [
          -0.350232,
          -0.363491,
          0.863257,
          2.056824
        ],
        [
          -0.93649,
          0.153599,
          -0.315268,
          2.065963
        ],
        [
          -0.017998,
          -0.918848,
          -0.394201,
          1.441813
        ],
        [
          0.0,
          0.0,
          0.0,
          1.0
        ]
      ]
    },
    {
      "file_path": "/media/NFS/ttao/scannet/posed_images/scene0426_03/00169.jpg",
      "transform_matrix": [
        [
          -0.339468,
          -0.374641,
          0.862789,
          2.055851
        ],
        [
          -0.940389,
          0.155412,
          -0.302516,
          2.061818
        ],
        [
          -0.020753,
          -0.914052,
          -0.405066,
          1.433583
        ],
        [
          0.0,
          0.0,
          0.0,
          1.0
        ]
      ]
    },
    {
      "file_path": "/media/NFS/ttao/scannet/posed_images/scene0426_03/00177.jpg",
      "transform_matrix": [
        [
          -0.25523,
          -0.491592,
          0.832584,
          2.058257
        ],
        [
          -0.966476,
          0.154613,
          -0.204985,
          2.055627
        ],
        [
          -0.027959,
          -0.85699,
          -0.514573,
          1.376369
        ],
        [
          0.0,
          0.0,
          0.0,
          1.0
        ]
      ]
    },
    {
      "file_path": "/media/NFS/ttao/scannet/posed_images/scene0426_03/00179.jpg",
      "transform_matrix": [
        [
          -0.234787,
          -0.51866,
          0.822111,
          2.056832
        ],
        [
          -0.971568,
          0.151752,
          -0.181731,
          2.056252
        ],
        [
          -0.0305,
          -0.841405,
          -0.539543,
          1.359025
        ],
        [
          0.0,
          0.0,
          0.0,
          1.0
        ]
      ]
    },
    {
      "file_path": "/media/NFS/ttao/scannet/posed_images/scene0426_03/00181.jpg",
      "transform_matrix": [
        [
          -0.223971,
          -0.541711,
          0.810177,
          2.051233
        ],
        [
          -0.974195,
          0.148287,
          -0.170163,
          2.085171
        ],
        [
          -0.027959,
          -0.827381,
          -0.560944,
          1.321689
        ],
        [
          0.0,
          0.0,
          0.0,
          1.0
        ]
      ]
    },
    {
      "file_path": "/media/NFS/ttao/scannet/posed_images/scene0426_03/00185.jpg",
      "transform_matrix": [
        [
          -0.187407,
          -0.607413,
          0.771964,
          2.043271
        ],
        [
          -0.982128,
          0.129806,
          -0.136292,
          2.090351
        ],
        [
          -0.01742,
          -0.78371,
          -0.620883,
          1.287579
        ],
        [
          0.0,
          0.0,
          0.0,
          1.0
        ]
      ]
    },
    {
      "file_path": "/media/NFS/ttao/scannet/posed_images/scene0426_03/00191.jpg",
      "transform_matrix": [
        [
          -0.139984,
          -0.655953,
          0.741708,
          2.006295
        ],
        [
          -0.989512,
          0.119639,
          -0.080945,
          2.124796
        ],
        [
          -0.035641,
          -0.74526,
          -0.665821,
          1.246577
        ],
        [
          0.0,
          0.0,
          0.0,
          1.0
        ]
      ]
    },
    {
      "file_path": "/media/NFS/ttao/scannet/posed_images/scene0426_03/00196.jpg",
      "transform_matrix": [
        [
          -0.093616,
          -0.68736,
          0.720259,
          1.976537
        ],
        [
          -0.994825,
          0.093278,
          -0.040286,
          2.149247
        ],
        [
          -0.039494,
          -0.720303,
          -0.692534,
          1.220178
        ],
        [
          0.0,
          0.0,
          0.0,
          1.0
        ]
      ]
    },
    {
      "file_path": "/media/NFS/ttao/scannet/posed_images/scene0426_03/00200.jpg",
      "transform_matrix": [
        [
          -0.073718,
          -0.713139,
          0.697136,
          1.953239
        ],
        [
          -0.997058,
          0.067422,
          -0.036463,
          2.188603
        ],
        [
          -0.020999,
          -0.697773,
          -0.716011,
          1.20054
        ],
        [
          0.0,
          0.0,
          0.0,
          1.0
        ]
      ]
    },
    {
      "file_path": "/media/NFS/ttao/scannet/posed_images/scene0426_03/00203.jpg",
      "transform_matrix": [
        [
          -0.04821,
          -0.722723,
          0.689454,
          1.93469
        ],
        [
          -0.998685,
          0.046936,
          -0.020632,
          2.201191
        ],
        [
          -0.017449,
          -0.689542,
          -0.724036,
          1.186066
        ],
        [
          0.0,
          0.0,
          0.0,
          1.0
        ]
      ]
    },
    {
      "file_path": "/media/NFS/ttao/scannet/posed_images/scene0426_03/00206.jpg",
      "transform_matrix": [
        [
          -0.020529,
          -0.742508,
          0.669523,
          1.916425
        ],
        [
          -0.999426,
          0.033284,
          0.006268,
          2.210697
        ],
        [
          -0.026939,
          -0.66901,
          -0.742765,
          1.180048
        ],
        [
          0.0,
          0.0,
          0.0,
          1.0
        ]
      ]
    },
    {
      "file_path": "/media/NFS/ttao/scannet/posed_images/scene0426_03/00213.jpg",
      "transform_matrix": [
        [
          0.049587,
          -0.745349,
          0.664828,
          1.887811
        ],
        [
          -0.998126,
          -0.01308,
          0.059782,
          2.231027
        ],
        [
          -0.035862,
          -0.666547,
          -0.7446,
          1.189031
        ],
        [
          0.0,
          0.0,
          0.0,
          1.0
        ]
      ]
    },
    {
      "file_path": "/media/NFS/ttao/scannet/posed_images/scene0426_03/00218.jpg",
      "transform_matrix": [
        [
          0.115522,
          -0.714238,
          0.690303,
          1.876682
        ],
        [
          -0.992744,
          -0.059666,
          0.104401,
          2.227392
        ],
        [
          -0.033379,
          -0.697355,
          -0.715948,
          1.201897
        ],
        [
          0.0,
          0.0,
          0.0,
          1.0
        ]
      ]
    },
    {
      "file_path": "/media/NFS/ttao/scannet/posed_images/scene0426_03/00220.jpg",
      "transform_matrix": [
        [
          0.136178,
          -0.706386,
          0.694604,
          1.869233
        ],
        [
          -0.990164,
          -0.074321,
          0.118542,
          2.229326
        ],
        [
          -0.032113,
          -0.703915,
          -0.709558,
          1.204692
        ],
        [
          0.0,
          0.0,
          0.0,
          1.0
        ]
      ]
    },
    {
      "file_path": "/media/NFS/ttao/scannet/posed_images/scene0426_03/00222.jpg",
      "transform_matrix": [
        [
          0.163297,
          -0.697326,
          0.697905,
          1.86714
        ],
        [
          -0.986306,
          -0.098807,
          0.132052,
          2.225714
        ],
        [
          -0.023125,
          -0.709911,
          -0.703912,
          1.213051
        ],
        [
          0.0,
          0.0,
          0.0,
          1.0
        ]
      ]
    },
    {
      "file_path": "/media/NFS/ttao/scannet/posed_images/scene0426_03/00230.jpg",
      "transform_matrix": [
        [
          0.261082,
          -0.64601,
          0.717292,
          1.843649
        ],
        [
          -0.964691,
          -0.147864,
          0.217961,
          2.220519
        ],
        [
          -0.034743,
          -0.748871,
          -0.661804,
          1.23868
        ],
        [
          0.0,
          0.0,
          0.0,
          1.0
        ]
      ]
    },
    {
      "file_path": "/media/NFS/ttao/scannet/posed_images/scene0426_03/00232.jpg",
      "transform_matrix": [
        [
          0.27724,
          -0.639048,
          0.717465,
          1.840147
        ],
        [
          -0.959967,
          -0.15314,
          0.234545,
          2.21884
        ],
        [
          -0.040013,
          -0.753768,
          -0.655921,
          1.242731
        ],
        [
          0.0,
          0.0,
          0.0,
          1.0
        ]
      ]
    },
    {
      "file_path": "/media/NFS/ttao/scannet/posed_images/scene0426_03/00239.jpg",
      "transform_matrix": [
        [
          0.32571,
          -0.623715,
          0.710559,
          1.822999
        ],
        [
          -0.943983,
          -0.172404,
          0.281376,
          2.223187
        ],
        [
          -0.052995,
          -0.762402,
          -0.64493,
          1.249201
        ],
        [
          0.0,
          0.0,
          0.0,
          1.0
        ]
      ]
    },
    {
      "file_path": "/media/NFS/ttao/scannet/posed_images/scene0426_03/00242.jpg",
      "transform_matrix": [
        [
          0.339128,
          -0.613202,
          0.713426,
          1.810974
        ],
        [
          -0.938983,
          -0.174302,
          0.296532,
          2.23531
        ],
        [
          -0.057482,
          -0.770456,
          -0.634896,
          1.247938
        ],
        [
          0.0,
          0.0,
          0.0,
          1.0
        ]
      ]
    },
    {
      "file_path": "/media/NFS/ttao/scannet/posed_images/scene0426_03/00246.jpg",
      "transform_matrix": [
        [
          0.36773,
          -0.593773,
          0.715687,
          1.802955
        ],
        [
          -0.928238,
          -0.187927,
          0.321027,
          2.241055
        ],
        [
          -0.05612,
          -0.782379,
          -0.620269,
          1.253519
        ],
        [
          0.0,
          0.0,
          0.0,
          1.0
        ]
      ]
    },
    {
      "file_path": "/media/NFS/ttao/scannet/posed_images/scene0426_03/00247.jpg",
      "transform_matrix": [
        [
          0.370548,
          -0.588203,
          0.718827,
          1.80193
        ],
        [
          -0.92735,
          -0.19087,
          0.321854,
          2.242732
        ],
        [
          -0.052113,
          -0.785866,
          -0.616197,
          1.25538
        ],
        [
          0.0,
          0.0,
          0.0,
          1.0
        ]
      ]
    },
    {
      "file_path": "/media/NFS/ttao/scannet/posed_images/scene0426_03/00255.jpg",
      "transform_matrix": [
        [
          0.364177,
          -0.519693,
          0.772848,
          1.800122
        ],
        [
          -0.931025,
          -0.181921,
          0.316381,
          2.25423
        ],
        [
          -0.023823,
          -0.834759,
          -0.550099,
          1.290542
        ],
        [
          0.0,
          0.0,
          0.0,
          1.0
        ]
      ]
    },
    {
      "file_path": "/media/NFS/ttao/scannet/posed_images/scene0426_03/00259.jpg",
      "transform_matrix": [
        [
          0.35798,
          -0.462224,
          0.811295,
          1.801155
        ],
        [
          -0.933616,
          -0.163651,
          0.318716,
          2.255129
        ],
        [
          -0.014549,
          -0.871531,
          -0.490123,
          1.325761
        ],
        [
          0.0,
          0.0,
          0.0,
          1.0
        ]
      ]
    },
    {
      "file_path": "/media/NFS/ttao/scannet/posed_images/scene0426_03/00260.jpg",
      "transform_matrix": [
        [
          0.359901,
          -0.446205,
          0.819373,
          1.797835
        ],
        [
          -0.932871,
          -0.158038,
          0.323691,
          2.245158
        ],
        [
          -0.01494,
          -0.880866,
          -0.47313,
          1.321519
        ],
        [
          0.0,
          0.0,
          0.0,
          1.0
        ]
      ]
    },
    {
      "file_path": "/media/NFS/ttao/scannet/posed_images/scene0426_03/00265.jpg",
      "transform_matrix": [
        [
          0.346731,
          -0.387085,
          0.854367,
          1.796233
        ],
        [
          -0.937753,
          -0.123711,
          0.324522,
          2.242795
        ],
        [
          -0.019923,
          -0.913707,
          -0.405885,
          1.363097
        ],
        [
          0.0,
          0.0,
          0.0,
          1.0
        ]
      ]
    },
    {
      "file_path": "/media/NFS/ttao/scannet/posed_images/scene0426_03/00268.jpg",
      "transform_matrix": [
        [
          0.345176,
          -0.361019,
          0.866325,
          1.796158
        ],
        [
          -0.938322,
          -0.112917,
          0.326806,
          2.241233
        ],
        [
          -0.02016,
          -0.925697,
          -0.377729,
          1.382685
        ],
        [
          0.0,
          0.0,
          0.0,
          1.0
        ]
      ]
    },
    {
      "file_path": "/media/NFS/ttao/scannet/posed_images/scene0426_03/00272.jpg",
      "transform_matrix": [
        [
          0.332568,
          -0.32492,
          0.88534,
          1.793103
        ],
        [
          -0.942786,
          -0.09114,
          0.320699,
          2.244573
        ],
        [
          -0.023512,
          -0.94134,
          -0.33664,
          1.405474
        ],
        [
          0.0,
          0.0,
          0.0,
          1.0
        ]
      ]
    },
    {
      "file_path": "/media/NFS/ttao/scannet/posed_images/scene0426_03/00280.jpg",
      "transform_matrix": [
        [
          0.295386,
          -0.229512,
          0.927401,
          1.788563
        ],
        [
          -0.955234,
          -0.054113,
          0.290859,
          2.242254
        ],
        [
          -0.016571,
          -0.971801,
          -0.235222,
          1.46791
        ],
        [
          0.0,
          0.0,
          0.0,
          1.0
        ]
      ]
    },
    {
      "file_path": "/media/NFS/ttao/scannet/posed_images/scene0426_03/00282.jpg",
      "transform_matrix": [
        [
          0.289286,
          -0.206156,
          0.93478,
          1.787763
        ],
        [
          -0.956955,
          -0.038324,
          0.287697,
          2.239156
        ],
        [
          -0.023486,
          -0.977768,
          -0.208369,
          1.487643
        ],
        [
          0.0,
          0.0,
          0.0,
          1.0
        ]
      ]
    },
    {
      "file_path": "/media/NFS/ttao/scannet/posed_images/scene0426_03/00285.jpg",
      "transform_matrix": [
        [
          0.292716,
          -0.168576,
          0.941223,
          1.783479
        ],
        [
          -0.955742,
          -0.021125,
          0.293448,
          2.232965
        ],
        [
          -0.029584,
          -0.985462,
          -0.167299,
          1.518437
        ],
        [
          0.0,
          0.0,
          0.0,
          1.0
        ]
      ]
    },
    {
      "file_path": "/media/NFS/ttao/scannet/posed_images/scene0426_03/00292.jpg",
      "transform_matrix": [
        [
          0.273253,
          -0.070341,
          0.959367,
          1.76326
        ],
        [
          -0.961933,
          -0.015496,
          0.272847,
          2.235765
        ],
        [
          -0.004326,
          -0.997403,
          -0.071898,
          1.565224
        ],
        [
          0.0,
          0.0,
          0.0,
          1.0
        ]
      ]
    },
    {
      "file_path": "/media/NFS/ttao/scannet/posed_images/scene0426_03/00296.jpg",
      "transform_matrix": [
        [
          0.271395,
          -0.03748,
          0.961738,
          1.754681
        ],
        [
          -0.962463,
          -0.007462,
          0.271309,
          2.235345
        ],
        [
          -0.002992,
          -0.999269,
          -0.038098,
          1.590233
        ],
        [
          0.0,
          0.0,
          0.0,
          1.0
        ]
      ]
    },
    {
      "file_path": "/media/NFS/ttao/scannet/posed_images/scene0426_03/00300.jpg",
      "transform_matrix": [
        [
          0.282891,
          -0.010279,
          0.959097,
          1.741858
        ],
        [
          -0.959142,
          0.001534,
          0.282921,
          2.236691
        ],
        [
          -0.004379,
          -0.999946,
          -0.009425,
          1.608311
        ],
        [
          0.0,
          0.0,
          0.0,
          1.0
        ]
      ]
    },
    {
      "file_path": "/media/NFS/ttao/scannet/posed_images/scene0426_03/00302.jpg",
      "transform_matrix": [
        [
          0.295755,
          -0.002456,
          0.955261,
          1.734982
        ],
        [
          -0.95524,
          0.006278,
          0.295764,
          2.235719
        ],
        [
          -0.006724,
          -0.999977,
          -0.00049,
          1.612866
        ],
        [
          0.0,
          0.0,
          0.0,
          1.0
        ]
      ]
    },
    {
      "file_path": "/media/NFS/ttao/scannet/posed_images/scene0426_03/00306.jpg",
      "transform_matrix": [
        [
          0.330943,
          -0.007546,
          0.94362,
          1.724037
        ],
        [
          -0.943595,
          0.008245,
          0.331,
          2.239343
        ],
        [
          -0.010278,
          -0.999938,
          -0.004392,
          1.609022
        ],
        [
          0.0,
          0.0,
          0.0,
          1.0
        ]
      ]
    },
    {
      "file_path": "/media/NFS/ttao/scannet/posed_images/scene0426_03/00312.jpg",
      "transform_matrix": [
        [
          0.405229,
          -0.032153,
          0.91365,
          1.707466
        ],
        [
          -0.914215,
          -0.013759,
          0.404995,
          2.26368
        ],
        [
          -0.000451,
          -0.999388,
          -0.03497,
          1.605897
        ],
        [
          0.0,
          0.0,
          0.0,
          1.0
        ]
      ]
    },
    {
      "file_path": "/media/NFS/ttao/scannet/posed_images/scene0426_03/00314.jpg",
      "transform_matrix": [
        [
          0.438811,
          -0.03919,
          0.897725,
          1.70056
        ],
        [
          -0.89857,
          -0.014623,
          0.438586,
          2.271386
        ],
        [
          -0.00406,
          -0.999125,
          -0.041632,
          1.606799
        ],
        [
          0.0,
          0.0,
          0.0,
          1.0
        ]
      ]
    },
    {
      "file_path": "/media/NFS/ttao/scannet/posed_images/scene0426_03/00321.jpg",
      "transform_matrix": [
        [
          0.523717,
          -0.046497,
          0.850623,
          1.673959
        ],
        [
          -0.851863,
          -0.036967,
          0.522459,
          2.304003
        ],
        [
