{
  "frames": [
    {
      "file_path": "/media/NFS/ttao/scannet/posed_images/scene0307_00/00000.jpg",
      "transform_matrix": [
        [
          -0.383961,
          -0.297118,
          0.87424,
          4.395679
        ],
        [
          -0.921015,
          0.190517,
          -0.339756,
          6.702393
        ],
        [
          -0.06561,
          -0.935641,
          -0.346801,
          1.541397
        ],
        [
          0.0,
          0.0,
          0.0,
          1.0
        ]
      ]
    },
    {
      "file_path": "/media/NFS/ttao/scannet/posed_images/scene0307_00/00006.jpg",
      "transform_matrix": [
        [
          -0.344415,
          -0.330743,
          0.878628,
          4.392564
        ],
        [
          -0.935998,
          0.193446,
          -0.294085,
          6.705117
        ],
        [
          -0.0727,
          -0.923682,
          -0.3762,
          1.526825
        ],
        [
          0.0,
          0.0,
          0.0,
          1.0
        ]
      ]
    },
    {
      "file_path": "/media/NFS/ttao/scannet/posed_images/scene0307_00/00012.jpg",
      "transform_matrix": [
        [
          -0.308355,
          -0.361093,
          0.880074,
          4.391607
        ],
        [
          -0.948247,
          0.190387,
          -0.254126,
          6.703842
        ],
        [
          -0.075792,
          -0.912888,
          -0.401112,
          1.514899
        ],
        [
          0.0,
          0.0,
          0.0,
          1.0
        ]
      ]
    },
    {
      "file_path": "/media/NFS/ttao/scannet/posed_images/scene0307_00/00018.jpg",
      "transform_matrix": [
        [
          -0.284483,
          -0.396486,
          0.872851,
          4.386255
        ],
        [
          -0.956341,
          0.180947,
          -0.229501,
          6.70586
        ],
        [
          -0.066946,
          -0.900032,
          -0.430652,
          1.500302
        ],
        [
          0.0,
          0.0,
          0.0,
          1.0
        ]
      ]
    },
    {
      "file_path": "/media/NFS/ttao/scannet/posed_images/scene0307_00/00029.jpg",
      "transform_matrix": [
        [
          -0.213286,
          -0.457803,
          0.863091,
          4.36629
        ],
        [
          -0.975116,
          0.154444,
          -0.159048,
          6.725869
        ],
        [
          -0.060487,
          -0.875536,
          -0.479352,
          1.470376
        ],
        [
          0.0,
          0.0,
          0.0,
          1.0
        ]
      ]
    },
    {
      "file_path": "/media/NFS/ttao/scannet/posed_images/scene0307_00/00033.jpg",
      "transform_matrix": [
        [
          -0.171981,
          -0.495544,
          0.851386,
          4.367629
        ],
        [
          -0.983671,
          0.132927,
          -0.121334,
          6.731098
        ],
        [
          -0.053046,
          -0.858351,
          -0.510314,
          1.460396
        ],
        [
          0.0,
          0.0,
          0.0,
          1.0
        ]
      ]
    },
    {
      "file_path": "/media/NFS/ttao/scannet/posed_images/scene0307_00/00041.jpg",
      "transform_matrix": [
        [
          -0.1173,
          -0.548737,
          0.827725,
          4.362271
        ],
        [
          -0.992237,
          0.099427,
          -0.074699,
          6.752773
        ],
        [
          -0.041308,
          -0.830061,
          -0.55614,
          1.441371
        ],
        [
          0.0,
          0.0,
          0.0,
          1.0
        ]
      ]
    },
    {
      "file_path": "/media/NFS/ttao/scannet/posed_images/scene0307_00/00047.jpg",
      "transform_matrix": [
        [
          -0.081993,
          -0.583815,
          0.807736,
          4.357166
        ],
        [
          -0.996055,
          0.075606,
          -0.046463,
          6.771209
        ],
        [
          -0.033944,
          -0.808359,
          -0.58771,
          1.427532
        ],
        [
          0.0,
          0.0,
          0.0,
          1.0
        ]
      ]
    },
    {
      "file_path": "/media/NFS/ttao/scannet/posed_images/scene0307_00/00057.jpg",
      "transform_matrix": [
        [
          0.007703,
          -0.597258,
          0.802012,
          4.349026
        ],
        [
          -0.999388,
          0.022768,
          0.026554,
          6.802628
        ],
        [
          -0.03412,
          -0.801726,
          -0.596717,
          1.426077
        ],
        [
          0.0,
          0.0,
          0.0,
          1.0
        ]
      ]
    },
    {
      "file_path": "/media/NFS/ttao/scannet/posed_images/scene0307_00/00066.jpg",
      "transform_matrix": [
        [
          0.074083,
          -0.538001,
          0.839683,
          4.338684
        ],
        [
          -0.996695,
          -0.011815,
          0.080366,
          6.834862
        ],
        [
          -0.033317,
          -0.842862,
          -0.537098,
          1.449166
        ],
        [
          0.0,
          0.0,
          0.0,
          1.0
        ]
      ]
    },
    {
      "file_path": "/media/NFS/ttao/scannet/posed_images/scene0307_00/00072.jpg",
      "transform_matrix": [
        [
          0.101085,
          -0.468016,
          0.87792,
          4.337748
        ],
        [
          -0.994618,
          -0.027354,
          0.099939,
          6.846337
        ],
        [
          -0.022759,
          -0.883297,
          -0.468262,
          1.485358
        ],
        [
          0.0,
          0.0,
          0.0,
          1.0
        ]
      ]
    },
    {
      "file_path": "/media/NFS/ttao/scannet/posed_images/scene0307_00/00078.jpg",
      "transform_matrix": [
        [
          0.114123,
          -0.367345,
          0.923057,
          4.333596
        ],
        [
          -0.993441,
          -0.048853,
          0.103383,
          6.860351
        ],
        [
          0.007117,
          -0.928801,
          -0.370511,
          1.529933
        ],
        [
          0.0,
          0.0,
          0.0,
          1.0
        ]
      ]
    },
    {
      "file_path": "/media/NFS/ttao/scannet/posed_images/scene0307_00/00086.jpg",
      "transform_matrix": [
        [
          0.119799,
          -0.266607,
          0.956331,
          4.327586
        ],
        [
          -0.992747,
          -0.041937,
          0.112669,
          6.864496
        ],
        [
          0.010068,
          -0.962893,
          -0.269698,
          1.579967
        ],
        [
          0.0,
          0.0,
          0.0,
          1.0
        ]
      ]
    },
    {
      "file_path": "/media/NFS/ttao/scannet/posed_images/scene0307_00/00088.jpg",
      "transform_matrix": [
        [
          0.118662,
          -0.249701,
          0.961025,
          4.3249
        ],
        [
          -0.992924,
          -0.034311,
          0.113686,
          6.865787
        ],
        [
          0.004586,
          -0.967715,
          -0.252006,
          1.588192
        ],
        [
          0.0,
          0.0,
          0.0,
          1.0
        ]
      ]
    },
    {
      "file_path": "/media/NFS/ttao/scannet/posed_images/scene0307_00/00094.jpg",
      "transform_matrix": [
        [
          0.11069,
          -0.205409,
          0.972397,
          4.326451
        ],
        [
          -0.993809,
          -0.013465,
          0.110283,
          6.860372
        ],
        [
          -0.00956,
          -0.978584,
          -0.205627,
          1.612368
        ],
        [
          0.0,
          0.0,
          0.0,
          1.0
        ]
      ]
    },
    {
      "file_path": "/media/NFS/ttao/scannet/posed_images/scene0307_00/00100.jpg",
      "transform_matrix": [
        [
          0.076253,
          -0.155245,
          0.984929,
          4.340375
        ],
        [
          -0.997081,
          -0.008061,
          0.075923,
          6.849964
        ],
        [
          -0.003847,
          -0.987843,
          -0.155406,
          1.634473
        ],
        [
          0.0,
          0.0,
          0.0,
          1.0
        ]
      ]
    },
    {
      "file_path": "/media/NFS/ttao/scannet/posed_images/scene0307_00/00111.jpg",
      "transform_matrix": [
        [
          -0.075496,
          -0.114948,
          0.990499,
          4.404465
        ],
        [
          -0.996486,
          -0.027431,
          -0.079136,
          6.854177
        ],
        [
          0.036267,
          -0.992993,
          -0.112473,
          1.668604
        ],
        [
          0.0,
          0.0,
          0.0,
          1.0
        ]
      ]
    },
    {
      "file_path": "/media/NFS/ttao/scannet/posed_images/scene0307_00/00119.jpg",
      "transform_matrix": [
        [
          -0.221038,
          -0.131526,
          0.966356,
          4.457977
        ],
        [
          -0.973913,
          -0.022394,
          -0.225814,
          6.860607
        ],
        [
          0.051341,
          -0.99106,
          -0.123145,
          1.686984
        ],
        [
          0.0,
          0.0,
          0.0,
          1.0
        ]
      ]
    },
    {
      "file_path": "/media/NFS/ttao/scannet/posed_images/scene0307_00/00127.jpg",
      "transform_matrix": [
        [
          -0.395496,
          -0.150994,
          0.905971,
          4.50159
        ],
        [
          -0.916262,
          -0.003456,
          -0.400565,
          6.865287
        ],
        [
          0.063615,
          -0.988529,
          -0.136983,
          1.685723
        ],
        [
          0.0,
          0.0,
          0.0,
          1.0
        ]
      ]
    },
    {
      "file_path": "/media/NFS/ttao/scannet/posed_images/scene0307_00/00133.jpg",
      "transform_matrix": [
        [
          -0.525468,
          -0.144748,
          0.83841,
          4.523951
        ],
        [
          -0.848707,
          0.019875,
          -0.52849,
          6.88211
        ],
        [
          0.059835,
          -0.989269,
          -0.133293,
          1.64498
        ],
        [
          0.0,
          0.0,
          0.0,
          1.0
        ]
      ]
    },
    {
      "file_path": "/media/NFS/ttao/scannet/posed_images/scene0307_00/00139.jpg",
      "transform_matrix": [
        [
          -0.611168,
          -0.160534,
          0.77505,
          4.548729
        ],
        [
          -0.788722,
          0.04155,
          -0.613344,
          6.86678
        ],
        [
          0.06626,
          -0.986155,
          -0.152011,
          1.644223
        ],
        [
          0.0,
          0.0,
          0.0,
          1.0
        ]
      ]
    },
    {
      "file_path": "/media/NFS/ttao/scannet/posed_images/scene0307_00/00147.jpg",
      "transform_matrix": [
        [
          -0.696397,
          -0.160568,
          0.699463,
          4.618782
        ],
        [
          -0.713867,
          0.054959,
          -0.698121,
          6.875197
        ],
        [
          0.073655,
          -0.985494,
          -0.152897,
          1.627536
        ],
        [
          0.0,
          0.0,
          0.0,
          1.0
        ]
      ]
    },
    {
      "file_path": "/media/NFS/ttao/scannet/posed_images/scene0307_00/00152.jpg",
      "transform_matrix": [
        [
          -0.741046,
          -0.160547,
          0.651979,
          4.669872
        ],
        [
          -0.666006,
          0.052304,
          -0.74411,
          6.856894
        ],
        [
          0.085363,
          -0.985642,
          -0.145685,
          1.622891
        ],
        [
          0.0,
          0.0,
          0.0,
          1.0
        ]
      ]
    },
    {
      "file_path": "/media/NFS/ttao/scannet/posed_images/scene0307_00/00158.jpg",
      "transform_matrix": [
        [
          -0.785363,
          -0.143017,
          0.602289,
          4.716208
        ],
        [
          -0.614581,
          0.063624,
          -0.786283,
          6.815619
        ],
        [
          0.074132,
          -0.987673,
          -0.137864,
          1.620383
        ],
        [
          0.0,
          0.0,
          0.0,
          1.0
        ]
      ]
    },
    {
      "file_path": "/media/NFS/ttao/scannet/posed_images/scene0307_00/00164.jpg",
      "transform_matrix": [
        [
          -0.821778,
          -0.119531,
          0.55713,
          4.761725
        ],
        [
          -0.567012,
          0.074791,
          -0.820307,
          6.775604
        ],
        [
          0.056384,
          -0.990009,
          -0.129237,
          1.63216
        ],
        [
          0.0,
          0.0,
          0.0,
          1.0
        ]
      ]
    },
    {
      "file_path": "/media/NFS/ttao/scannet/posed_images/scene0307_00/00170.jpg",
      "transform_matrix": [
        [
          -0.856806,
          -0.130137,
          0.498947,
          4.800443
        ],
        [
          -0.511292,
          0.089037,
          -0.854782,
          6.748788
        ],
        [
          0.066814,
          -0.98749,
          -0.142826,
          1.635084
        ],
        [
          0.0,
          0.0,
          0.0,
          1.0
        ]
      ]
    },
    {
      "file_path": "/media/NFS/ttao/scannet/posed_images/scene0307_00/00178.jpg",
      "transform_matrix": [
        [
          -0.910314,
          -0.125524,
          0.394428,
          4.810104
        ],
        [
          -0.405262,
          0.076409,
          -0.911002,
          6.708077
        ],
        [
          0.084215,
          -0.989144,
          -0.120426,
          1.644357
        ],
        [
          0.0,
          0.0,
          0.0,
          1.0
        ]
      ]
    },
    {
      "file_path": "/media/NFS/ttao/scannet/posed_images/scene0307_00/00188.jpg",
      "transform_matrix": [
        [
          -0.962089,
          -0.111402,
          0.248948,
          4.862605
        ],
        [
          -0.257224,
          0.067175,
          -0.964014,
          6.712201
        ],
        [
          0.09067,
          -0.991502,
          -0.093284,
          1.673433
        ],
        [
          0.0,
          0.0,
          0.0,
          1.0
        ]
      ]
    },
    {
      "file_path": "/media/NFS/ttao/scannet/posed_images/scene0307_00/00195.jpg",
      "transform_matrix": [
        [
          -0.983791,
          -0.083806,
          0.158531,
          4.894489
        ],
        [
          -0.164679,
          0.072374,
          -0.983688,
          6.735713
        ],
        [
          0.070966,
          -0.99385,
          -0.085002,
          1.689211
        ],
        [
          0.0,
          0.0,
          0.0,
          1.0
        ]
      ]
    },
    {
      "file_path": "/media/NFS/ttao/scannet/posed_images/scene0307_00/00201.jpg",
      "transform_matrix": [
        [
          -0.9949,
          -0.075933,
          0.066399,
          4.914289
        ],
        [
          -0.07154,
          0.067118,
          -0.995177,
          6.758153
        ],
        [
          0.07111,
          -0.994852,
          -0.072208,
          1.68938
        ],
        [
          0.0,
          0.0,
          0.0,
          1.0
        ]
      ]
    },
    {
      "file_path": "/media/NFS/ttao/scannet/posed_images/scene0307_00/00205.jpg",
      "transform_matrix": [
        [
          -0.996577,
          -0.082141,
          0.009312,
          4.908871
        ],
        [
          -0.01549,
          0.074899,
          -0.997071,
          6.770823
        ],
        [
          0.081203,
          -0.993802,
          -0.075916,
          1.69015
        ],
        [
          0.0,
          0.0,
          0.0,
          1.0
        ]
      ]
    },
    {
      "file_path": "/media/NFS/ttao/scannet/posed_images/scene0307_00/00215.jpg",
      "transform_matrix": [
        [
          -0.986068,
          -0.065255,
          -0.153008,
          4.884957
        ],
        [
          0.147034,
          0.088218,
          -0.98519,
          6.811814
        ],
        [
          0.077786,
          -0.993962,
          -0.077394,
          1.684894
        ],
        [
          0.0,
          0.0,
          0.0,
          1.0
        ]
      ]
    },
    {
      "file_path": "/media/NFS/ttao/scannet/posed_images/scene0307_00/00217.jpg",
      "transform_matrix": [
        [
          -0.979965,
          -0.058474,
          -0.190391,
          4.875839
        ],
        [
          0.184953,
          0.08749,
          -0.978845,
          6.819311
        ],
        [
          0.073895,
          -0.994448,
          -0.074922,
          1.683486
        ],
        [
          0.0,
          0.0,
          0.0,
          1.0
        ]
      ]
    },
    {
      "file_path": "/media/NFS/ttao/scannet/posed_images/scene0307_00/00223.jpg",
      "transform_matrix": [
        [
          -0.953709,
          -0.026988,
          -0.299518,
          4.86817
        ],
        [
          0.295243,
          0.105385,
          -0.949593,
          6.828338
        ],
        [
          0.057192,
          -0.994065,
          -0.092539,
          1.676239
        ],
        [
          0.0,
          0.0,
          0.0,
          1.0
        ]
      ]
    },
    {
      "file_path": "/media/NFS/ttao/scannet/posed_images/scene0307_00/00236.jpg",
      "transform_matrix": [
        [
          -0.903964,
          0.031584,
          -0.426441,
          4.854509
        ],
        [
          0.425759,
          0.159148,
          -0.890731,
          6.825785
        ],
        [
          0.039734,
          -0.98675,
          -0.157311,
          1.647038
        ],
        [
          0.0,
          0.0,
          0.0,
          1.0
        ]
      ]
    },
    {
      "file_path": "/media/NFS/ttao/scannet/posed_images/scene0307_00/00242.jpg",
      "transform_matrix": [
        [
          -0.891759,
          0.064996,
          -0.447819,
          4.840216
        ],
        [
          0.451927,
          0.178195,
          -0.874076,
          6.821455
        ],
        [
          0.022988,
          -0.981846,
          -0.18828,
          1.627315
        ],
        [
          0.0,
          0.0,
          0.0,
          1.0
        ]
      ]
    },
    {
      "file_path": "/media/NFS/ttao/scannet/posed_images/scene0307_00/00244.jpg",
      "transform_matrix": [
        [
          -0.889141,
          0.076461,
          -0.451202,
          4.830664
        ],
        [
          0.45719,
          0.191868,
          -0.868427,
          6.818455
        ],
        [
          0.020171,
          -0.978438,
          -0.205554,
          1.62809
        ],
        [
          0.0,
          0.0,
          0.0,
          1.0
        ]
      ]
    },
    {
      "file_path": "/media/NFS/ttao/scannet/posed_images/scene0307_00/00254.jpg",
      "transform_matrix": [
        [
          -0.858111,
          0.147872,
          -0.491711,
          4.797502
        ],
        [
          0.51346,
          0.243117,
          -0.822954,
          6.806782
        ],
        [
          -0.002148,
          -0.95866,
          -0.284547,
          1.599069
        ],
        [
          0.0,
          0.0,
          0.0,
          1.0
        ]
      ]
    },
    {
      "file_path": "/media/NFS/ttao/scannet/posed_images/scene0307_00/00262.jpg",
      "transform_matrix": [
        [
          -0.820071,
          0.1925,
          -0.538913,
          4.761881
        ],
        [
          0.572262,
          0.275761,
          -0.772316,
          6.786071
        ],
        [
          -6e-05,
          -0.941754,
          -0.336304,
          1.562475
        ],
        [
          0.0,
          0.0,
          0.0,
          1.0
        ]
      ]
    },
    {
      "file_path": "/media/NFS/ttao/scannet/posed_images/scene0307_00/00270.jpg",
      "transform_matrix": [
        [
          -0.781738,
          0.25147,
          -0.570657,
          4.73201
        ],
        [
          0.623502,
          0.298382,
          -0.722643,
          6.722382
        ],
        [
          -0.01145,
          -0.920723,
          -0.390048,
          1.546265
        ],
        [
          0.0,
          0.0,
          0.0,
          1.0
        ]
      ]
    },
    {
      "file_path": "/media/NFS/ttao/scannet/posed_images/scene0307_00/00274.jpg",
      "transform_matrix": [
        [
          -0.772738,
          0.27314,
          -0.57295,
          4.716446
        ],
        [
          0.634579,
          0.313057,
          -0.706615,
          6.691301
        ],
        [
          -0.013639,
          -0.90961,
          -0.41524,
          1.523869
        ],
        [
          0.0,
          0.0,
          0.0,
          1.0
        ]
      ]
    },
    {
      "file_path": "/media/NFS/ttao/scannet/posed_images/scene0307_00/00279.jpg",
      "transform_matrix": [
        [
          -0.757952,
          0.290646,
          -0.583981,
          4.705895
        ],
        [
          0.652309,
          0.33549,
          -0.679661,
          6.65322
        ],
        [
          -0.001621,
          -0.896087,
          -0.443876,
          1.504682
        ],
        [
          0.0,
          0.0,
          0.0,
          1.0
        ]
      ]
    },
    {
      "file_path": "/media/NFS/ttao/scannet/posed_images/scene0307_00/00287.jpg",
      "transform_matrix": [
        [
          -0.695088,
          0.338803,
          -0.634086,
          4.698491
        ],
        [
          0.718882,
          0.337153,
          -0.607895,
          6.584884
        ],
        [
          0.007827,
          -0.878374,
          -0.477911,
          1.484808
        ],
        [
          0.0,
          0.0,
          0.0,
          1.0
        ]
      ]
    },
    {
      "file_path": "/media/NFS/ttao/scannet/posed_images/scene0307_00/00297.jpg",
      "transform_matrix": [
        [
          -0.547127,
          0.413175,
          -0.727969,
          4.74877
        ],
        [
          0.836791,
          0.24837,
          -0.487947,
          6.482911
        ],
        [
          -0.020802,
          -0.876127,
          -0.481631,
          1.487403
        ],
        [
          0.0,
          0.0,
          0.0,
          1.0
        ]
      ]
    },
    {
      "file_path": "/media/NFS/ttao/scannet/posed_images/scene0307_00/00303.jpg",
      "transform_matrix": [
        [
          -0.463058,
          0.45682,
          -0.759535,
          4.79599
        ],
        [
          0.885462,
          0.200547,
          -0.419211,
          6.433338
        ],
        [
          -0.039181,
          -0.866658,
          -0.497362,
          1.477915
        ],
        [
          0.0,
          0.0,
          0.0,
          1.0
        ]
      ]
    },
    {
      "file_path": "/media/NFS/ttao/scannet/posed_images/scene0307_00/00305.jpg",
      "transform_matrix": [
        [
          -0.435572,
          0.460743,
          -0.7733,
          4.811024
        ],
        [
          0.899498,
          0.190008,
          -0.393446,
          6.419051
        ],
        [
          -0.034344,
          -0.866956,
          -0.4972,
          1.467715
        ],
        [
          0.0,
          0.0,
          0.0,
          1.0
        ]
      ]
    },
    {
      "file_path": "/media/NFS/ttao/scannet/posed_images/scene0307_00/00315.jpg",
      "transform_matrix": [
        [
          -0.262552,
          0.478628,
          -0.837843,
          4.820743
        ],
        [
          0.964452,
          0.103194,
          -0.243277,
          6.373008
        ],
        [
          -0.029979,
          -0.871933,
          -0.488707,
          1.459772
        ],
        [
          0.0,
          0.0,
          0.0,
          1.0
        ]
      ]
    },
    {
      "file_path": "/media/NFS/ttao/scannet/posed_images/scene0307_00/00324.jpg",
      "transform_matrix": [
        [
          -0.174603,
          0.367363,
          -0.913542,
          4.78135
        ],
        [
          0.982344,
          0.001682,
          -0.187077,
          6.34563
        ],
        [
          -0.067189,
          -0.930076,
          -0.361171,
          1.518304
        ],
        [
          0.0,
          0.0,
          0.0,
          1.0
        ]
      ]
    },
    {
      "file_path": "/media/NFS/ttao/scannet/posed_images/scene0307_00/00332.jpg",
      "transform_matrix": [
        [
          -0.148343,
          0.242448,
          -0.958756,
          4.769069
        ],
        [
          0.987629,
          -0.013503,
          -0.156225,
          6.289357
        ],
        [
          -0.050822,
          -0.97007,
          -0.237446,
          1.566336
        ],
        [
          0.0,
          0.0,
          0.0,
          1.0
        ]
      ]
    },
    {
      "file_path": "/media/NFS/ttao/scannet/posed_images/scene0307_00/00336.jpg",
      "transform_matrix": [
        [
          -0.13342,
          0.17146,
          -0.976115,
          4.767528
        ],
        [
          0.990514,
          -0.0096,
          -0.137075,
          6.266994
        ],
        [
          -0.032874,
          -0.985144,
          -0.168553,
          1.596843
        ],
        [
          0.0,
          0.0,
          0.0,
          1.0
        ]
      ]
    },
    {
      "file_path": "/media/NFS/ttao/scannet/posed_images/scene0307_00/00344.jpg",
      "transform_matrix": [
        [
          -0.028176,
          0.074425,
          -0.996828,
          4.781322
        ],
        [
          0.999483,
          -0.013346,
          -0.029247,
          6.216959
        ],
        [
          -0.01548,
          -0.997137,
          -0.07401,
          1.629002
        ],
        [
          0.0,
          0.0,
          0.0,
          1.0
        ]
      ]
    },
    {
      "file_path": "/media/NFS/ttao/scannet/posed_images/scene0307_00/00350.jpg",
      "transform_matrix": [
        [
          0.081445,
          0.032922,
          -0.996134,
          4.794343
        ],
        [
          0.995682,
          -0.047349,
          0.079843,
          6.164641
        ],
        [
          -0.044537,
          -0.998336,
          -0.036637,
          1.638365
        ],
        [
          0.0,
          0.0,
          0.0,
          1.0
        ]
      ]
    },
    {
      "file_path": "/media/NFS/ttao/scannet/posed_images/scene0307_00/00358.jpg",
      "transform_matrix": [
        [
          0.19022,
          0.014602,
          -0.981633,
          4.814488
        ],
        [
          0.981003,
          -0.041617,
          0.189479,
          6.146674
        ],
        [
          -0.038086,
          -0.999027,
          -0.022241,
          1.656445
        ],
        [
          0.0,
          0.0,
          0.0,
          1.0
        ]
      ]
    },
    {
      "file_path": "/media/NFS/ttao/scannet/posed_images/scene0307_00/00365.jpg",
      "transform_matrix": [
        [
          0.307184,
          0.02134,
          -0.951411,
          4.84168
        ],
        [
          0.951024,
          -0.043149,
          0.306091,
          6.105687
        ],
        [
          -0.03452,
          -0.998841,
          -0.033549,
          1.669468
        ],
        [
          0.0,
          0.0,
          0.0,
          1.0
        ]
      ]
    },
    {
      "file_path": "/media/NFS/ttao/scannet/posed_images/scene0307_00/00367.jpg",
      "transform_matrix": [
        [
          0.3358,
          0.030491,
          -0.94144,
          4.849573
        ],
        [
          0.941506,
          -0.040973,
          0.334497,
          6.107462
        ],
        [
          -0.028374,
          -0.998695,
          -0.042466,
          1.67489
        ],
        [
          0.0,
          0.0,
          0.0,
          1.0
        ]
      ]
    },
    {
      "file_path": "/media/NFS/ttao/scannet/posed_images/scene0307_00/00379.jpg",
      "transform_matrix": [
        [
          0.510106,
          0.06782,
          -0.857434,
          4.907184
        ],
        [
          0.860066,
          -0.050547,
          0.507673,
          6.131115
        ],
        [
          -0.00891,
          -0.996416,
          -0.084114,
          1.649006
        ],
        [
          0.0,
          0.0,
          0.0,
          1.0
        ]
      ]
    },
    {
      "file_path": "/media/NFS/ttao/scannet/posed_images/scene0307_00/00385.jpg",
      "transform_matrix": [
        [
          0.589805,
          0.085178,
          -0.803041,
          4.903625
        ],
        [
          0.807508,
          -0.071906,
          0.585459,
          6.112524
        ],
        [
          -0.007875,
          -0.993768,
          -0.111192,
          1.62713
        ],
        [
          0.0,
          0.0,
          0.0,
          1.0
        ]
      ]
    },
    {
      "file_path": "/media/NFS/ttao/scannet/posed_images/scene0307_00/00393.jpg",
      "transform_matrix": [
        [
          0.674454,
          0.108302,
          -0.730331,
          4.89393
        ],
        [
          0.73822,
          -0.114967,
          0.664691,
          6.102209
        ],
        [
          -0.011977,
          -0.987448,
          -0.157491,
          1.586968
        ],
        [
          0.0,
          0.0,
          0.0,
          1.0
        ]
      ]
    },
    {
      "file_path": "/media/NFS/ttao/scannet/posed_images/scene0307_00/00395.jpg",
      "transform_matrix": [
        [
          0.689677,
          0.12169,
          -0.713819,
          4.896252
        ],
        [
          0.723973,
          -0.135555,
          0.676379,
          6.111403
        ],
        [
          -0.014453,
          -0.983268,
          -0.18159,
          1.573437
        ],
        [
          0.0,
          0.0,
          0.0,
          1.0
        ]
      ]
    },
    {
      "file_path": "/media/NFS/ttao/scannet/posed_images/scene0307_00/00401.jpg",
      "transform_matrix": [
        [
          0.751589,
          0.156493,
          -0.6408,
          4.881666
        ],
        [
          0.659466,
          -0.200052,
          0.724627,
          6.104799
        ],
        [
          -0.014794,
          -0.967207,
          -0.253558,
          1.526039
        ],
        [
          0.0,
          0.0,
          0.0,
          1.0
        ]
      ]
    },
    {
      "file_path": "/media/NFS/ttao/scannet/posed_images/scene0307_00/00412.jpg",
      "transform_matrix": [
        [
          0.799957,
          0.203097,
          -0.564643,
          4.877637
        ],
        [
          0.599397,
          -0.314612,
          0.736032,
          6.130499
        ],
        [
          -0.028158,
          -0.927239,
          -0.373411,
          1.49551
        ],
        [
          0.0,
          0.0,
          0.0,
          1.0
        ]
      ]
    },
    {
      "file_path": "/media/NFS/ttao/scannet/posed_images/scene0307_00/00416.jpg",
      "transform_matrix": [
        [
          0.812663,
          0.219578,
          -0.539783,
          4.884566
        ],
        [
          0.58195,
          -0.353882,
          0.73219,
          6.135492
        ],
        [
          -0.030247,
          -0.90915,
          -0.41537,
          1.480865
        ],
        [
          0.0,
          0.0,
          0.0,
          1.0
        ]
      ]
    },
    {
      "file_path": "/media/NFS/ttao/scannet/posed_images/scene0307_00/00426.jpg",
      "transform_matrix": [
        [
          0.852543,
          0.235294,
          -0.466699,
          4.903674
        ],
        [
          0.521809,
          -0.43407,
          0.73437,
          6.148429
        ],
        [
          -0.029787,
          -0.869609,
          -0.492841,
          1.447278
        ],
        [
          0.0,
          0.0,
          0.0,
          1.0
        ]
      ]
    },
    {
      "file_path": "/media/NFS/ttao/scannet/posed_images/scene0307_00/00434.jpg",
      "transform_matrix": [
        [
          0.873335,
          0.241193,
          -0.423216,
          4.904994
        ],
        [
          0.48654,
          -0.474303,
          0.7337,
          6.167395
        ],
        [
          -0.02377,
          -0.846678,
          -0.531575,
          1.440196
        ],
        [
          0.0,
          0.0,
          0.0,
          1.0
        ]
      ]
    },
    {
      "file_path": "/media/NFS/ttao/scannet/posed_images/scene0307_00/00436.jpg",
      "transform_matrix": [
        [
          0.877426,
          0.242332,
          -0.414004,
          4.903295
        ],
        [
          0.479228,
          -0.481553,
          0.73379,
          6.171142
        ],
        [
          -0.021544,
          -0.842249,
          -0.538659,
          1.435358
        ],
        [
          0.0,
          0.0,
          0.0,
          1.0
        ]
      ]
    },
    {
      "file_path": "/media/NFS/ttao/scannet/posed_images/scene0307_00/00442.jpg",
      "transform_matrix": [
        [
          0.91239,
          0.225684,
          -0.341485,
          4.89013
        ],
        [
          0.409316,
          -0.507719,
          0.758078,
          6.173693
        ],
        [
          -0.002292,
          -0.831437,
          -0.555614,
          1.429214
        ],
        [
          0.0,
          0.0,
          0.0,
          1.0
        ]
      ]
    },
    {
      "file_path": "/media/NFS/ttao/scannet/posed_images/scene0307_00/00449.jpg",
      "transform_matrix": [
        [
          0.955445,
          0.140703,
          -0.259476,
          4.885404
        ],
        [
          0.294037,
          -0.530614,
          0.794978,
          6.160037
        ],
        [
          -0.025826,
          -0.835854,
          -0.548345,
          1.426185
        ],
        [
          0.0,
          0.0,
          0.0,
          1.0
        ]
      ]
    },
    {
      "file_path": "/media/NFS/ttao/scannet/posed_images/scene0307_00/00459.jpg",
      "transform_matrix": [
        [
          0.990373,
          0.038867,
          -0.132859,
          4.875788
        ],
        [
          0.131673,
          -0.560641,
          0.817523,
          6.119615
        ],
        [
          -0.042712,
          -0.827147,
          -0.560361,
          1.439359
        ],
        [
          0.0,
          0.0,
          0.0,
          1.0
        ]
      ]
    },
    {
      "file_path": "/media/NFS/ttao/scannet/posed_images/scene0307_00/00467.jpg",
      "transform_matrix": [
        [
          0.99953,
          0.004717,
          -0.030288,
          4.874094
        ],
        [
          0.028111,
          -0.535068,
          0.844342,
          6.083287
        ],
        [
          -0.012224,
          -0.844796,
          -0.534949,
          1.450177
        ],
        [
          0.0,
          0.0,
          0.0,
          1.0
        ]
      ]
    },
    {
      "file_path": "/media/NFS/ttao/scannet/posed_images/scene0307_00/00475.jpg",
      "transform_matrix": [
        [
          0.999235,
          -0.01224,
          0.037143,
          4.873891
        ],
        [
          -0.038397,
          -0.487245,
          0.872421,
          6.066973
        ],
        [
          0.007419,
          -0.87318,
          -0.487342,
          1.471288
        ],
        [
          0.0,
          0.0,
          0.0,
          1.0
        ]
      ]
    },
    {
      "file_path": "/media/NFS/ttao/scannet/posed_images/scene0307_00/00481.jpg",
      "transform_matrix": [
        [
          0.99738,
          -0.014285,
          0.070912,
          4.864871
        ],
        [
          -0.069681,
          -0.452941,
          0.888813,
          6.062915
        ],
        [
          0.019422,
          -0.891426,
          -0.45275,
          1.494081
        ],
        [
          0.0,
          0.0,
          0.0,
          1.0
        ]
      ]
    },
    {
      "file_path": "/media/NFS/ttao/scannet/posed_images/scene0307_00/00487.jpg",
      "transform_matrix": [
        [
          0.995217,
          -0.000895,
          0.097685,
          4.853769
        ],
        [
          -0.089931,
          -0.398933,
          0.91256,
          6.06138
        ],
        [
          0.038153,
          -0.91698,
          -0.397105,
          1.528326
        ],
        [
          0.0,
          0.0,
          0.0,
          1.0
        ]
      ]
    },
    {
      "file_path": "/media/NFS/ttao/scannet/posed_images/scene0307_00/00492.jpg",
      "transform_matrix": [
        [
          0.994703,
          0.026726,
          0.099254,
          4.841474
        ],
        [
          -0.084573,
          -0.336027,
          0.938048,
          6.056584
        ],
        [
          0.058422,
          -0.941473,
          -0.331987,
          1.55224
        ],
        [
          0.0,
          0.0,
          0.0,
          1.0
        ]
      ]
    },
    {
      "file_path": "/media/NFS/ttao/scannet/posed_images/scene0307_00/00500.jpg",
      "transform_matrix": [
        [
          0.992818,
          0.037013,
          0.113765,
          4.83158
        ],
        [
          -0.101169,
          -0.247803,
          0.963514,
          6.044332
        ],
        [
          0.063854,
          -0.968103,
          -0.242279,
          1.585515
        ],
        [
          0.0,
          0.0,
          0.0,
          1.0
        ]
      ]
    },
    {
      "file_path": "/media/NFS/ttao/scannet/posed_images/scene0307_00/00506.jpg",
      "transform_matrix": [
        [
          0.993682,
          0.044789,
          0.10291,
          4.830196
        ],
        [
          -0.092279,
          -0.195879,
          0.976277,
          6.038105
        ],
        [
          0.063885,
          -0.979605,
          -0.190509,
          1.617166
        ],
        [
          0.0,
          0.0,
          0.0,
          1.0
        ]
      ]
    },
    {
      "file_path": "/media/NFS/ttao/scannet/posed_images/scene0307_00/00512.jpg",
      "transform_matrix": [
        [
          0.99338,
          0.047605,
          0.104549,
          4.834136
        ],
        [
          -0.09632,
          -0.150812,
          0.983859,
          6.031275
        ],
        [
          0.062604,
          -0.987416,
          -0.145228,
          1.63081
        ],
        [
          0.0,
          0.0,
          0.0,
          1.0
        ]
      ]
    },
    {
      "file_path": "/media/NFS/ttao/scannet/posed_images/scene0307_00/00522.jpg",
      "transform_matrix": [
        [
          0.996233,
          0.04881,
          0.071687,
          4.836559
        ],
        [
          -0.067411,
          -0.084237,
          0.994163,
          6.017768
        ],
        [
          0.054564,
          -0.99525,
          -0.080629,
          1.641466
        ],
        [
          0.0,
          0.0,
          0.0,
          1.0
        ]
      ]
    },
    {
      "file_path": "/media/NFS/ttao/scannet/posed_images/scene0307_00/00524.jpg",
      "transform_matrix": [
        [
          0.996718,
          0.049487,
          0.064065,
          4.835591
        ],
        [
          -0.060278,
          -0.07456,
          0.995393,
          6.015974
        ],
        [
          0.054035,
          -0.995988,
          -0.071332,
