{
  "frames": [
    {
      "file_path": "/media/NFS/ttao/scannet/posed_images/scene0478_00/00000.jpg",
      "transform_matrix": [
        [
          -0.398544,
          -0.35018,
          0.847665,
          2.700069
        ],
        [
          -0.91693,
          0.172341,
          -0.359914,
          1.355306
        ],
        [
          -0.020053,
          -0.920691,
          -0.389776,
          1.290989
        ],
        [
          0.0,
          0.0,
          0.0,
          1.0
        ]
      ]
    },
    {
      "file_path": "/media/NFS/ttao/scannet/posed_images/scene0478_00/00003.jpg",
      "transform_matrix": [
        [
          -0.395182,
          -0.358499,
          0.84576,
          2.698084
        ],
        [
          -0.91827,
          0.178941,
          -0.353214,
          1.351246
        ],
        [
          -0.024714,
          -0.91622,
          -0.399913,
          1.288347
        ],
        [
          0.0,
          0.0,
          0.0,
          1.0
        ]
      ]
    },
    {
      "file_path": "/media/NFS/ttao/scannet/posed_images/scene0478_00/00008.jpg",
      "transform_matrix": [
        [
          -0.390042,
          -0.370153,
          0.843121,
          2.698164
        ],
        [
          -0.92025,
          0.188253,
          -0.343075,
          1.347956
        ],
        [
          -0.03173,
          -0.909696,
          -0.41406,
          1.283752
        ],
        [
          0.0,
          0.0,
          0.0,
          1.0
        ]
      ]
    },
    {
      "file_path": "/media/NFS/ttao/scannet/posed_images/scene0478_00/00011.jpg",
      "transform_matrix": [
        [
          -0.392904,
          -0.365355,
          0.843885,
          2.699255
        ],
        [
          -0.919079,
          0.186306,
          -0.347253,
          1.352986
        ],
        [
          -0.03035,
          -0.912034,
          -0.408991,
          1.281553
        ],
        [
          0.0,
          0.0,
          0.0,
          1.0
        ]
      ]
    },
    {
      "file_path": "/media/NFS/ttao/scannet/posed_images/scene0478_00/00014.jpg",
      "transform_matrix": [
        [
          -0.388185,
          -0.3698,
          0.844133,
          2.697435
        ],
        [
          -0.920735,
          0.194868,
          -0.338043,
          1.349657
        ],
        [
          -0.039487,
          -0.908446,
          -0.416132,
          1.282987
        ],
        [
          0.0,
          0.0,
          0.0,
          1.0
        ]
      ]
    },
    {
      "file_path": "/media/NFS/ttao/scannet/posed_images/scene0478_00/00017.jpg",
      "transform_matrix": [
        [
          -0.386815,
          -0.363532,
          0.847478,
          2.698316
        ],
        [
          -0.921186,
          0.194501,
          -0.337025,
          1.348152
        ],
        [
          -0.042315,
          -0.911051,
          -0.410117,
          1.289815
        ],
        [
          0.0,
          0.0,
          0.0,
          1.0
        ]
      ]
    },
    {
      "file_path": "/media/NFS/ttao/scannet/posed_images/scene0478_00/00023.jpg",
      "transform_matrix": [
        [
          -0.381738,
          -0.348473,
          0.856063,
          2.694127
        ],
        [
          -0.923715,
          0.175964,
          -0.340276,
          1.345172
        ],
        [
          -0.032059,
          -0.920654,
          -0.389061,
          1.293051
        ],
        [
          0.0,
          0.0,
          0.0,
          1.0
        ]
      ]
    },
    {
      "file_path": "/media/NFS/ttao/scannet/posed_images/scene0478_00/00025.jpg",
      "transform_matrix": [
        [
          -0.380495,
          -0.347222,
          0.857123,
          2.693932
        ],
        [
          -0.924273,
          0.173557,
          -0.339996,
          1.344175
        ],
        [
          -0.030706,
          -0.921583,
          -0.386966,
          1.295334
        ],
        [
          0.0,
          0.0,
          0.0,
          1.0
        ]
      ]
    },
    {
      "file_path": "/media/NFS/ttao/scannet/posed_images/scene0478_00/00027.jpg",
      "transform_matrix": [
        [
          -0.376563,
          -0.348853,
          0.858197,
          2.693413
        ],
        [
          -0.925808,
          0.17457,
          -0.335268,
          1.343048
        ],
        [
          -0.032856,
          -0.920775,
          -0.388707,
          1.295797
        ],
        [
          0.0,
          0.0,
          0.0,
          1.0
        ]
      ]
    },
    {
      "file_path": "/media/NFS/ttao/scannet/posed_images/scene0478_00/00032.jpg",
      "transform_matrix": [
        [
          -0.336641,
          -0.336261,
          0.879546,
          2.686544
        ],
        [
          -0.940378,
          0.168265,
          -0.295595,
          1.332836
        ],
        [
          -0.0486,
          -0.926615,
          -0.372857,
          1.303852
        ],
        [
          0.0,
          0.0,
          0.0,
          1.0
        ]
      ]
    },
    {
      "file_path": "/media/NFS/ttao/scannet/posed_images/scene0478_00/00037.jpg",
      "transform_matrix": [
        [
          -0.296681,
          -0.324743,
          0.898066,
          2.681351
        ],
        [
          -0.953437,
          0.1541,
          -0.25925,
          1.324427
        ],
        [
          -0.054203,
          -0.933164,
          -0.355341,
          1.312619
        ],
        [
          0.0,
          0.0,
          0.0,
          1.0
        ]
      ]
    },
    {
      "file_path": "/media/NFS/ttao/scannet/posed_images/scene0478_00/00038.jpg",
      "transform_matrix": [
        [
          -0.291526,
          -0.324593,
          0.899806,
          2.68121
        ],
        [
          -0.955081,
          0.151112,
          -0.254923,
          1.324761
        ],
        [
          -0.053225,
          -0.933705,
          -0.354065,
          1.311689
        ],
        [
          0.0,
          0.0,
          0.0,
          1.0
        ]
      ]
    },
    {
      "file_path": "/media/NFS/ttao/scannet/posed_images/scene0478_00/00041.jpg",
      "transform_matrix": [
        [
          -0.274022,
          -0.323354,
          0.905734,
          2.674856
        ],
        [
          -0.960154,
          0.14577,
          -0.238445,
          1.322011
        ],
        [
          -0.054927,
          -0.934983,
          -0.350414,
          1.307602
        ],
        [
          0.0,
          0.0,
          0.0,
          1.0
        ]
      ]
    },
    {
      "file_path": "/media/NFS/ttao/scannet/posed_images/scene0478_00/00045.jpg",
      "transform_matrix": [
        [
          -0.245816,
          -0.320473,
          0.914807,
          2.677081
        ],
        [
          -0.967853,
          0.132989,
          -0.213481,
          1.326006
        ],
        [
          -0.053244,
          -0.937876,
          -0.342861,
          1.311135
        ],
        [
          0.0,
          0.0,
          0.0,
          1.0
        ]
      ]
    },
    {
      "file_path": "/media/NFS/ttao/scannet/posed_images/scene0478_00/00048.jpg",
      "transform_matrix": [
        [
          -0.218223,
          -0.319017,
          0.922283,
          2.676203
        ],
        [
          -0.974442,
          0.12286,
          -0.188067,
          1.319865
        ],
        [
          -0.053315,
          -0.939752,
          -0.337675,
          1.314555
        ],
        [
          0.0,
          0.0,
          0.0,
          1.0
        ]
      ]
    },
    {
      "file_path": "/media/NFS/ttao/scannet/posed_images/scene0478_00/00053.jpg",
      "transform_matrix": [
        [
          -0.170401,
          -0.305424,
          0.936846,
          2.673494
        ],
        [
          -0.983543,
          0.110662,
          -0.142818,
          1.310979
        ],
        [
          -0.060054,
          -0.945764,
          -0.319254,
          1.311531
        ],
        [
          0.0,
          0.0,
          0.0,
          1.0
        ]
      ]
    },
    {
      "file_path": "/media/NFS/ttao/scannet/posed_images/scene0478_00/00057.jpg",
      "transform_matrix": [
        [
          -0.135774,
          -0.291466,
          0.946897,
          2.671555
        ],
        [
          -0.988965,
          0.097052,
          -0.111933,
          1.301673
        ],
        [
          -0.059273,
          -0.951645,
          -0.301427,
          1.321365
        ],
        [
          0.0,
          0.0,
          0.0,
          1.0
        ]
      ]
    },
    {
      "file_path": "/media/NFS/ttao/scannet/posed_images/scene0478_00/00061.jpg",
      "transform_matrix": [
        [
          -0.098571,
          -0.273457,
          0.95682,
          2.665795
        ],
        [
          -0.993384,
          0.083981,
          -0.078336,
          1.296947
        ],
        [
          -0.058933,
          -0.958211,
          -0.279926,
          1.327117
        ],
        [
          0.0,
          0.0,
          0.0,
          1.0
        ]
      ]
    },
    {
      "file_path": "/media/NFS/ttao/scannet/posed_images/scene0478_00/00065.jpg",
      "transform_matrix": [
        [
          -0.050183,
          -0.258907,
          0.964597,
          2.660943
        ],
        [
          -0.997001,
          0.069957,
          -0.033092,
          1.28788
        ],
        [
          -0.058912,
          -0.963365,
          -0.261642,
          1.333884
        ],
        [
          0.0,
          0.0,
          0.0,
          1.0
        ]
      ]
    },
    {
      "file_path": "/media/NFS/ttao/scannet/posed_images/scene0478_00/00068.jpg",
      "transform_matrix": [
        [
          -0.018732,
          -0.257141,
          0.966192,
          2.658824
        ],
        [
          -0.998096,
          0.061603,
          -0.002956,
          1.28255
        ],
        [
          -0.05876,
          -0.964408,
          -0.257805,
          1.336713
        ],
        [
          0.0,
          0.0,
          0.0,
          1.0
        ]
      ]
    },
    {
      "file_path": "/media/NFS/ttao/scannet/posed_images/scene0478_00/00069.jpg",
      "transform_matrix": [
        [
          -0.008167,
          -0.255419,
          0.966796,
          2.658853
        ],
        [
          -0.998189,
          0.05971,
          0.007343,
          1.280889
        ],
        [
          -0.059603,
          -0.964985,
          -0.255444,
          1.334435
        ],
        [
          0.0,
          0.0,
          0.0,
          1.0
        ]
      ]
    },
    {
      "file_path": "/media/NFS/ttao/scannet/posed_images/scene0478_00/00074.jpg",
      "transform_matrix": [
        [
          0.030229,
          -0.274636,
          0.961073,
          2.662525
        ],
        [
          -0.997746,
          0.049346,
          0.045484,
          1.287812
        ],
        [
          -0.059917,
          -0.960281,
          -0.272525,
          1.321506
        ],
        [
          0.0,
          0.0,
          0.0,
          1.0
        ]
      ]
    },
    {
      "file_path": "/media/NFS/ttao/scannet/posed_images/scene0478_00/00078.jpg",
      "transform_matrix": [
        [
          0.042846,
          -0.311322,
          0.949338,
          2.675365
        ],
        [
          -0.996837,
          0.050344,
          0.061499,
          1.295562
        ],
        [
          -0.06694,
          -0.94897,
          -0.30818,
          1.305617
        ],
        [
          0.0,
          0.0,
          0.0,
          1.0
        ]
      ]
    },
    {
      "file_path": "/media/NFS/ttao/scannet/posed_images/scene0478_00/00082.jpg",
      "transform_matrix": [
        [
          0.04746,
          -0.349816,
          0.935616,
          2.695836
        ],
        [
          -0.996914,
          0.042044,
          0.066289,
          1.311174
        ],
        [
          -0.062526,
          -0.935875,
          -0.346741,
          1.289217
        ],
        [
          0.0,
          0.0,
          0.0,
          1.0
        ]
      ]
    },
    {
      "file_path": "/media/NFS/ttao/scannet/posed_images/scene0478_00/00083.jpg",
      "transform_matrix": [
        [
          0.049938,
          -0.351821,
          0.934734,
          2.699697
        ],
        [
          -0.996909,
          0.039271,
          0.068041,
          1.313801
        ],
        [
          -0.060646,
          -0.935243,
          -0.348772,
          1.287542
        ],
        [
          0.0,
          0.0,
          0.0,
          1.0
        ]
      ]
    },
    {
      "file_path": "/media/NFS/ttao/scannet/posed_images/scene0478_00/00087.jpg",
      "transform_matrix": [
        [
          0.066165,
          -0.352114,
          0.933616,
          2.716579
        ],
        [
          -0.996224,
          0.029401,
          0.081691,
          1.323488
        ],
        [
          -0.056214,
          -0.935495,
          -0.348839,
          1.286306
        ],
        [
          0.0,
          0.0,
          0.0,
          1.0
        ]
      ]
    },
    {
      "file_path": "/media/NFS/ttao/scannet/posed_images/scene0478_00/00090.jpg",
      "transform_matrix": [
        [
          0.079134,
          -0.351544,
          0.932821,
          2.735008
        ],
        [
          -0.995619,
          0.018886,
          0.091579,
          1.339332
        ],
        [
          -0.049811,
          -0.935981,
          -0.34851,
          1.287824
        ],
        [
          0.0,
          0.0,
          0.0,
          1.0
        ]
      ]
    },
    {
      "file_path": "/media/NFS/ttao/scannet/posed_images/scene0478_00/00094.jpg",
      "transform_matrix": [
        [
          0.11209,
          -0.341719,
          0.933094,
          2.758419
        ],
        [
          -0.992877,
          -0.000338,
          0.119147,
          1.36191
        ],
        [
          -0.0404,
          -0.939802,
          -0.339323,
          1.289184
        ],
        [
          0.0,
          0.0,
          0.0,
          1.0
        ]
      ]
    },
    {
      "file_path": "/media/NFS/ttao/scannet/posed_images/scene0478_00/00100.jpg",
      "transform_matrix": [
        [
          0.156523,
          -0.315271,
          0.936005,
          2.792889
        ],
        [
          -0.986921,
          -0.012904,
          0.160691,
          1.405397
        ],
        [
          -0.038583,
          -0.948914,
          -0.313168,
          1.289474
        ],
        [
          0.0,
          0.0,
          0.0,
          1.0
        ]
      ]
    },
    {
      "file_path": "/media/NFS/ttao/scannet/posed_images/scene0478_00/00103.jpg",
      "transform_matrix": [
        [
          0.1793,
          -0.299502,
          0.937097,
          2.808268
        ],
        [
          -0.982865,
          -0.013131,
          0.18386,
          1.42178
        ],
        [
          -0.042761,
          -0.954005,
          -0.296724,
          1.285115
        ],
        [
          0.0,
          0.0,
          0.0,
          1.0
        ]
      ]
    },
    {
      "file_path": "/media/NFS/ttao/scannet/posed_images/scene0478_00/00105.jpg",
      "transform_matrix": [
        [
          0.191996,
          -0.298706,
          0.934833,
          2.819607
        ],
        [
          -0.980253,
          -0.012408,
          0.197359,
          1.429821
        ],
        [
          -0.047353,
          -0.954264,
          -0.29519,
          1.287002
        ],
        [
          0.0,
          0.0,
          0.0,
          1.0
        ]
      ]
    },
    {
      "file_path": "/media/NFS/ttao/scannet/posed_images/scene0478_00/00108.jpg",
      "transform_matrix": [
        [
          0.210504,
          -0.302462,
          0.929626,
          2.834026
        ],
        [
          -0.975998,
          -0.010718,
          0.217517,
          1.442972
        ],
        [
          -0.055827,
          -0.953101,
          -0.297458,
          1.287152
        ],
        [
          0.0,
          0.0,
          0.0,
          1.0
        ]
      ]
    },
    {
      "file_path": "/media/NFS/ttao/scannet/posed_images/scene0478_00/00114.jpg",
      "transform_matrix": [
        [
          0.277026,
          -0.296702,
          0.913906,
          2.856433
        ],
        [
          -0.958445,
          -0.017905,
          0.284714,
          1.458588
        ],
        [
          -0.068112,
          -0.954802,
          -0.289333,
          1.289638
        ],
        [
          0.0,
          0.0,
          0.0,
          1.0
        ]
      ]
    },
    {
      "file_path": "/media/NFS/ttao/scannet/posed_images/scene0478_00/00118.jpg",
      "transform_matrix": [
        [
          0.335455,
          -0.283496,
          0.898388,
          2.866697
        ],
        [
          -0.93976,
          -0.03416,
          0.340124,
          1.456075
        ],
        [
          -0.065735,
          -0.958365,
          -0.277877,
          1.294081
        ],
        [
          0.0,
          0.0,
          0.0,
          1.0
        ]
      ]
    },
    {
      "file_path": "/media/NFS/ttao/scannet/posed_images/scene0478_00/00121.jpg",
      "transform_matrix": [
        [
          0.366105,
          -0.275415,
          0.888883,
          2.869632
        ],
        [
          -0.928652,
          -0.046777,
          0.367992,
          1.46076
        ],
        [
          -0.059771,
          -0.960187,
          -0.27289,
          1.3066
        ],
        [
          0.0,
          0.0,
          0.0,
          1.0
        ]
      ]
    },
    {
      "file_path": "/media/NFS/ttao/scannet/posed_images/scene0478_00/00122.jpg",
      "transform_matrix": [
        [
          0.379266,
          -0.279091,
          0.882193,
          2.874895
        ],
        [
          -0.923293,
          -0.051574,
          0.380619,
          1.455845
        ],
        [
          -0.060729,
          -0.958879,
          -0.277243,
          1.310515
        ],
        [
          0.0,
          0.0,
          0.0,
          1.0
        ]
      ]
    },
    {
      "file_path": "/media/NFS/ttao/scannet/posed_images/scene0478_00/00128.jpg",
      "transform_matrix": [
        [
          0.477103,
          -0.286646,
          0.830786,
          2.900118
        ],
        [
          -0.874811,
          -0.064401,
          0.480165,
          1.400651
        ],
        [
          -0.084134,
          -0.955869,
          -0.281487,
          1.307328
        ],
        [
          0.0,
          0.0,
          0.0,
          1.0
        ]
      ]
    },
    {
      "file_path": "/media/NFS/ttao/scannet/posed_images/scene0478_00/00130.jpg",
      "transform_matrix": [
        [
          0.494155,
          -0.290699,
          0.819332,
          2.90496
        ],
        [
          -0.864918,
          -0.069085,
          0.497137,
          1.387254
        ],
        [
          -0.087914,
          -0.954317,
          -0.28557,
          1.315904
        ],
        [
          0.0,
          0.0,
          0.0,
          1.0
        ]
      ]
    },
    {
      "file_path": "/media/NFS/ttao/scannet/posed_images/scene0478_00/00133.jpg",
      "transform_matrix": [
        [
          0.521962,
          -0.285288,
          0.803845,
          2.914723
        ],
        [
          -0.848876,
          -0.081534,
          0.522266,
          1.358688
        ],
        [
          -0.083456,
          -0.954967,
          -0.284732,
          1.308939
        ],
        [
          0.0,
          0.0,
          0.0,
          1.0
        ]
      ]
    },
    {
      "file_path": "/media/NFS/ttao/scannet/posed_images/scene0478_00/00137.jpg",
      "transform_matrix": [
        [
          0.557158,
          -0.260919,
          0.78835,
          2.923387
        ],
        [
          -0.827141,
          -0.090266,
          0.554698,
          1.323338
        ],
        [
          -0.07357,
          -0.961131,
          -0.266109,
          1.307063
        ],
        [
          0.0,
          0.0,
          0.0,
          1.0
        ]
      ]
    },
    {
      "file_path": "/media/NFS/ttao/scannet/posed_images/scene0478_00/00142.jpg",
      "transform_matrix": [
        [
          0.60097,
          -0.27461,
          0.750616,
          2.932939
        ],
        [
          -0.796128,
          -0.122464,
          0.592606,
          1.287933
        ],
        [
          -0.070812,
          -0.953725,
          -0.292222,
          1.308667
        ],
        [
          0.0,
          0.0,
          0.0,
          1.0
        ]
      ]
    },
    {
      "file_path": "/media/NFS/ttao/scannet/posed_images/scene0478_00/00143.jpg",
      "transform_matrix": [
        [
          0.609252,
          -0.271677,
          0.744985,
          2.935443
        ],
        [
          -0.789873,
          -0.124875,
          0.600422,
          1.281332
        ],
        [
          -0.070091,
          -0.954252,
          -0.290671,
          1.309623
        ],
        [
          0.0,
          0.0,
          0.0,
          1.0
        ]
      ]
    },
    {
      "file_path": "/media/NFS/ttao/scannet/posed_images/scene0478_00/00147.jpg",
      "transform_matrix": [
        [
          0.639803,
          -0.255773,
          0.724729,
          2.942089
        ],
        [
          -0.765513,
          -0.128488,
          0.630461,
          1.259964
        ],
        [
          -0.068136,
          -0.95816,
          -0.278004,
          1.311902
        ],
        [
          0.0,
          0.0,
          0.0,
          1.0
        ]
      ]
    },
    {
      "file_path": "/media/NFS/ttao/scannet/posed_images/scene0478_00/00153.jpg",
      "transform_matrix": [
        [
          0.695101,
          -0.23045,
          0.680975,
          2.958226
        ],
        [
          -0.716653,
          -0.147081,
          0.681744,
          1.238736
        ],
        [
          -0.05695,
          -0.961904,
          -0.267389,
          1.316846
        ],
        [
          0.0,
          0.0,
          0.0,
          1.0
        ]
      ]
    },
    {
      "file_path": "/media/NFS/ttao/scannet/posed_images/scene0478_00/00156.jpg",
      "transform_matrix": [
        [
          0.715096,
          -0.219684,
          0.663608,
          2.969065
        ],
        [
          -0.697148,
          -0.1546,
          0.700059,
          1.23771
        ],
        [
          -0.051198,
          -0.963243,
          -0.263707,
          1.32118
        ],
        [
          0.0,
          0.0,
          0.0,
          1.0
        ]
      ]
    },
    {
      "file_path": "/media/NFS/ttao/scannet/posed_images/scene0478_00/00157.jpg",
      "transform_matrix": [
        [
          0.721727,
          -0.216769,
          0.657359,
          2.973036
        ],
        [
          -0.690366,
          -0.156767,
          0.706271,
          1.237199
        ],
        [
          -0.050045,
          -0.963553,
          -0.262793,
          1.317842
        ],
        [
          0.0,
          0.0,
          0.0,
          1.0
        ]
      ]
    },
    {
      "file_path": "/media/NFS/ttao/scannet/posed_images/scene0478_00/00163.jpg",
      "transform_matrix": [
        [
          0.760939,
          -0.212029,
          0.613201,
          3.006088
        ],
        [
          -0.646989,
          -0.176938,
          0.741686,
          1.253323
        ],
        [
          -0.048761,
          -0.961112,
          -0.27182,
          1.321623
        ],
        [
          0.0,
          0.0,
          0.0,
          1.0
        ]
      ]
    },
    {
      "file_path": "/media/NFS/ttao/scannet/posed_images/scene0478_00/00164.jpg",
      "transform_matrix": [
        [
          0.765954,
          -0.206679,
          0.608768,
          3.011092
        ],
        [
          -0.641369,
          -0.180454,
          0.745709,
          1.258684
        ],
        [
          -0.044268,
          -0.961623,
          -0.270778,
          1.320323
        ],
        [
          0.0,
          0.0,
          0.0,
          1.0
        ]
      ]
    },
    {
      "file_path": "/media/NFS/ttao/scannet/posed_images/scene0478_00/00169.jpg",
      "transform_matrix": [
        [
          0.788474,
          -0.189151,
          0.585261,
          3.049913
        ],
        [
          -0.61435,
          -0.196253,
          0.764237,
          1.287946
        ],
        [
          -0.029697,
          -0.962136,
          -0.270946,
          1.322481
        ],
        [
          0.0,
          0.0,
          0.0,
          1.0
        ]
      ]
    },
    {
      "file_path": "/media/NFS/ttao/scannet/posed_images/scene0478_00/00173.jpg",
      "transform_matrix": [
        [
          0.80797,
          -0.144541,
          0.571219,
          3.074635
        ],
        [
          -0.589134,
          -0.21506,
          0.778891,
          1.312972
        ],
        [
          0.010265,
          -0.965845,
          -0.258916,
          1.334352
        ],
        [
          0.0,
          0.0,
          0.0,
          1.0
        ]
      ]
    },
    {
      "file_path": "/media/NFS/ttao/scannet/posed_images/scene0478_00/00175.jpg",
      "transform_matrix": [
        [
          0.817992,
          -0.128767,
          0.560631,
          3.088961
        ],
        [
          -0.574786,
          -0.221228,
          0.787832,
          1.321612
        ],
        [
          0.02258,
          -0.966684,
          -0.254976,
          1.33647
        ],
        [
          0.0,
          0.0,
          0.0,
          1.0
        ]
      ]
    },
    {
      "file_path": "/media/NFS/ttao/scannet/posed_images/scene0478_00/00178.jpg",
      "transform_matrix": [
        [
          0.83352,
          -0.116443,
          0.540079,
          3.10661
        ],
        [
          -0.551954,
          -0.218533,
          0.80473,
          1.33194
        ],
        [
          0.02432,
          -0.968857,
          -0.246423,
          1.341451
        ],
        [
          0.0,
          0.0,
          0.0,
          1.0
        ]
      ]
    },
    {
      "file_path": "/media/NFS/ttao/scannet/posed_images/scene0478_00/00183.jpg",
      "transform_matrix": [
        [
          0.867892,
          -0.118745,
          0.482351,
          3.12639
        ],
        [
          -0.495863,
          -0.265175,
          0.826923,
          1.337376
        ],
        [
          0.029714,
          -0.95686,
          -0.289025,
          1.345911
        ],
        [
          0.0,
          0.0,
          0.0,
          1.0
        ]
      ]
    },
    {
      "file_path": "/media/NFS/ttao/scannet/posed_images/scene0478_00/00187.jpg",
      "transform_matrix": [
        [
          0.898196,
          -0.085128,
          0.431273,
          3.142694
        ],
        [
          -0.438095,
          -0.254304,
          0.862208,
          1.328459
        ],
        [
          0.036276,
          -0.963371,
          -0.265709,
          1.361003
        ],
        [
          0.0,
          0.0,
          0.0,
          1.0
        ]
      ]
    },
    {
      "file_path": "/media/NFS/ttao/scannet/posed_images/scene0478_00/00189.jpg",
      "transform_matrix": [
        [
          0.905818,
          -0.053941,
          0.420219,
          3.146999
        ],
        [
          -0.418786,
          -0.264123,
          0.868825,
          1.323129
        ],
        [
          0.064124,
          -0.962979,
          -0.261837,
          1.375183
        ],
        [
          0.0,
          0.0,
          0.0,
          1.0
        ]
      ]
    },
    {
      "file_path": "/media/NFS/ttao/scannet/posed_images/scene0478_00/00195.jpg",
      "transform_matrix": [
        [
          0.925675,
          -0.013505,
          0.37808,
          3.165685
        ],
        [
          -0.372148,
          -0.212298,
          0.903569,
          1.282962
        ],
        [
          0.068062,
          -0.977112,
          -0.201544,
          1.396894
        ],
        [
          0.0,
          0.0,
          0.0,
          1.0
        ]
      ]
    },
    {
      "file_path": "/media/NFS/ttao/scannet/posed_images/scene0478_00/00196.jpg",
      "transform_matrix": [
        [
          0.929617,
          -0.008995,
          0.368417,
          3.170479
        ],
        [
          -0.362217,
          -0.206498,
          0.908932,
          1.277683
        ],
        [
          0.067901,
          -0.978406,
          -0.195222,
          1.402597
        ],
        [
          0.0,
          0.0,
          0.0,
          1.0
        ]
      ]
    },
    {
      "file_path": "/media/NFS/ttao/scannet/posed_images/scene0478_00/00200.jpg",
      "transform_matrix": [
        [
          0.94796,
          -0.007871,
          0.318291,
          3.187814
        ],
        [
          -0.315648,
          -0.154102,
          0.936279,
          1.242258
        ],
        [
          0.04168,
          -0.988024,
          -0.148567,
          1.410711
        ],
        [
          0.0,
          0.0,
          0.0,
          1.0
        ]
      ]
    },
    {
      "file_path": "/media/NFS/ttao/scannet/posed_images/scene0478_00/00205.jpg",
      "transform_matrix": [
        [
          0.966594,
          0.007924,
          0.256188,
          3.200161
        ],
        [
          -0.253474,
          -0.118741,
          0.960027,
          1.207362
        ],
        [
          0.038028,
          -0.992894,
          -0.112765,
          1.430157
        ],
        [
          0.0,
          0.0,
          0.0,
          1.0
        ]
      ]
    },
    {
      "file_path": "/media/NFS/ttao/scannet/posed_images/scene0478_00/00207.jpg",
      "transform_matrix": [
        [
          0.97027,
          0.015549,
          0.241525,
          3.2059
        ],
        [
          -0.237887,
          -0.122476,
          0.96354,
          1.192899
        ],
        [
          0.044563,
          -0.99235,
          -0.115136,
          1.438964
        ],
        [
          0.0,
          0.0,
          0.0,
          1.0
        ]
      ]
    },
    {
      "file_path": "/media/NFS/ttao/scannet/posed_images/scene0478_00/00211.jpg",
      "transform_matrix": [
        [
          0.976625,
          0.005997,
          0.214867,
          3.214855
        ],
        [
          -0.213149,
          -0.102115,
          0.971669,
          1.158025
        ],
        [
          0.027768,
          -0.994754,
          -0.09845,
          1.449711
        ],
        [
          0.0,
          0.0,
          0.0,
          1.0
        ]
      ]
    },
    {
      "file_path": "/media/NFS/ttao/scannet/posed_images/scene0478_00/00216.jpg",
      "transform_matrix": [
        [
          0.972802,
          -0.000258,
          0.23164,
          3.209315
        ],
        [
          -0.229779,
          -0.127578,
          0.964845,
          1.128762
        ],
        [
          0.029303,
          -0.991828,
          -0.124167,
          1.45405
        ],
        [
          0.0,
          0.0,
          0.0,
          1.0
        ]
      ]
    },
    {
      "file_path": "/media/NFS/ttao/scannet/posed_images/scene0478_00/00217.jpg",
      "transform_matrix": [
        [
          0.972431,
          -0.002636,
          0.233175,
          3.206465
        ],
        [
          -0.231613,
          -0.127023,
          0.96448,
          1.123869
        ],
        [
          0.027076,
          -0.991896,
          -0.124131,
          1.454594
        ],
        [
          0.0,
          0.0,
          0.0,
          1.0
        ]
      ]
    },
    {
      "file_path": "/media/NFS/ttao/scannet/posed_images/scene0478_00/00223.jpg",
      "transform_matrix": [
        [
          0.976317,
          -0.01332,
          0.215935,
          3.188413
        ],
        [
          -0.216048,
          -0.112364,
          0.969896,
          1.088191
        ],
        [
          0.011344,
          -0.993578,
          -0.112581,
          1.458277
        ],
        [
          0.0,
          0.0,
          0.0,
          1.0
        ]
      ]
    },
    {
      "file_path": "/media/NFS/ttao/scannet/posed_images/scene0478_00/00224.jpg",
      "transform_matrix": [
        [
          0.975571,
          -0.010752,
          0.21942,
          3.18248
        ],
        [
          -0.219127,
          -0.118642,
          0.968456,
          1.082509
        ],
        [
          0.015619,
          -0.992879,
          -0.1181,
          1.456951
        ],
        [
          0.0,
          0.0,
          0.0,
          1.0
        ]
      ]
    },
    {
      "file_path": "/media/NFS/ttao/scannet/posed_images/scene0478_00/00227.jpg",
      "transform_matrix": [
        [
          0.972498,
          -0.004343,
          0.23287,
          3.164668
        ],
        [
          -0.230622,
          -0.157746,
          0.960172,
          1.065116
        ],
        [
          0.032564,
          -0.98747,
          -0.154409,
          1.447824
        ],
        [
          0.0,
          0.0,
          0.0,
          1.0
        ]
      ]
    },
    {
      "file_path": "/media/NFS/ttao/scannet/posed_images/scene0478_00/00230.jpg",
      "transform_matrix": [
        [
          0.971232,
          -0.006441,
          0.238046,
          3.142252
        ],
        [
          -0.234477,
          -0.200358,
          0.95125,
          1.047538
        ],
        [
          0.041568,
          -0.979702,
          -0.196104,
          1.437256
        ],
        [
          0.0,
          0.0,
          0.0,
          1.0
        ]
      ]
    },
    {
      "file_path": "/media/NFS/ttao/scannet/posed_images/scene0478_00/00237.jpg",
      "transform_matrix": [
        [
          0.984358,
          -0.027314,
          0.174047,
          3.090369
        ],
        [
          -0.175259,
          -0.252552,
          0.951578,
          0.990422
        ],
        [
          0.017964,
          -0.967198,
          -0.253389,
          1.400403
        ],
        [
          0.0,
          0.0,
          0.0,
          1.0
        ]
      ]
    },
    {
      "file_path": "/media/NFS/ttao/scannet/posed_images/scene0478_00/00240.jpg",
      "transform_matrix": [
        [
          0.98639,
          -0.054809,
          0.155021,
          3.061615
        ],
        [
          -0.16411,
          -0.269848,
          0.948815,
          0.970437
        ],
        [
          -0.010171,
          -0.961342,
          -0.27517,
          1.379079
        ],
        [
          0.0,
          0.0,
          0.0,
          1.0
        ]
      ]
    },
    {
      "file_path": "/media/NFS/ttao/scannet/posed_images/scene0478_00/00241.jpg",
      "transform_matrix": [
        [
          0.985969,
          -0.065681,
          0.153467,
          3.051133
        ],
        [
          -0.165658,
          -0.271667,
          0.948027,
          0.963898
        ],
        [
          -0.020575,
          -0.960148,
          -0.278735,
          1.378082
        ],
        [
          0.0,
          0.0,
          0.0,
          1.0
        ]
      ]
    },
    {
      "file_path": "/media/NFS/ttao/scannet/posed_images/scene0478_00/00245.jpg",
      "transform_matrix": [
        [
          0.98432,
          -0.086714,
          0.153607,
          3.018177
        ],
        [
          -0.173514,
          -0.319323,
          0.931626,
          0.942925
        ],
        [
          -0.031734,
          -0.94367,
          -0.329362,
          1.357795
        ],
        [
          0.0,
          0.0,
          0.0,
          1.0
        ]
      ]
    },
    {
      "file_path": "/media/NFS/ttao/scannet/posed_images/scene0478_00/00249.jpg",
      "transform_matrix": [
        [
          0.985836,
          -0.080865,
          0.14693,
          2.993184
        ],
        [
          -0.165822,
          -0.338786,
          0.926136,
          0.925606
        ],
        [
          -0.025114,
          -0.937382,
          -0.347396,
          1.326902
        ],
        [
          0.0,
          0.0,
          0.0,
          1.0
        ]
      ]
    },
    {
      "file_path": "/media/NFS/ttao/scannet/posed_images/scene0478_00/00254.jpg",
      "transform_matrix": [
        [
          0.989099,
          -0.072426,
          0.128212,
          2.984781
        ],
        [
          -0.145237,
          -0.336178,
          0.930533,
          0.911769
        ],
        [
          -0.024293,
          -0.939009,
          -0.343032,
          1.310233
        ],
        [
          0.0,
          0.0,
          0.0,
          1.0
        ]
      ]
    },
    {
      "file_path": "/media/NFS/ttao/scannet/posed_images/scene0478_00/00256.jpg",
      "transform_matrix": [
        [
          0.990512,
          -0.059553,
          0.123855,
          2.978873
        ],
        [
          -0.136685,
          -0.333282,
          0.932867,
          0.90963
        ],
        [
          -0.014276,
          -0.940945,
          -0.33826,
          1.309096
        ],
        [
          0.0,
          0.0,
          0.0,
          1.0
        ]
      ]
    },
    {
      "file_path": "/media/NFS/ttao/scannet/posed_images/scene0478_00/00259.jpg",
      "transform_matrix": [
        [
          0.992538,
          -0.045409,
          0.113165,
          2.977537
        ],
        [
          -0.121732,
          -0.315442,
          0.941105,
          0.906936
        ],
        [
          -0.007038,
          -0.947858,
          -0.318616,
          1.311732
        ],
        [
          0.0,
          0.0,
          0.0,
          1.0
        ]
      ]
    },
    {
      "file_path": "/media/NFS/ttao/scannet/posed_images/scene0478_00/00265.jpg",
      "transform_matrix": [
        [
          0.997248,
          -0.028429,
          0.068477,
          2.974977
        ],
        [
          -0.073703,
          -0.279568,
          0.957293,
          0.903502
        ],
        [
          -0.008071,
          -0.959705,
          -0.280894,
          1.318528
        ],
        [
          0.0,
          0.0,
          0.0,
          1.0
        ]
      ]
    },
    {
      "file_path": "/media/NFS/ttao/scannet/posed_images/scene0478_00/00268.jpg",
      "transform_matrix": [
        [
          0.999258,
          -0.017857,
          0.03412,
          2.984078
        ],
        [
          -0.037711,
          -0.274128,
          0.960954,
          0.908246
        ],
        [
          -0.007807,
          -0.961528,
          -0.274598,
          1.324284
        ],
        [
          0.0,
          0.0,
          0.0,
          1.0
        ]
      ]
    },
    {
      "file_path": "/media/NFS/ttao/scannet/posed_images/scene0478_00/00269.jpg",
      "transform_matrix": [
        [
          0.999629,
          -0.013191,
          0.023825,
          2.990155
        ],
        [
          -0.026525,
          -0.273426,
          0.961527,
          0.910479
        ],
        [
          -0.006169,
