{
  "frames": [
    {
      "file_path": "/media/NFS/ttao/scannet/posed_images/scene0273_00/00000.jpg",
      "transform_matrix": [
        [
          0.986858,
          0.029921,
          0.158796,
          3.448646
        ],
        [
          -0.160838,
          0.087178,
          0.983123,
          2.224584
        ],
        [
          0.015572,
          -0.995743,
          0.090844,
          1.836787
        ],
        [
          0.0,
          0.0,
          0.0,
          1.0
        ]
      ]
    },
    {
      "file_path": "/media/NFS/ttao/scannet/posed_images/scene0273_00/00010.jpg",
      "transform_matrix": [
        [
          0.993554,
          -0.012868,
          0.112629,
          3.445871
        ],
        [
          -0.112364,
          0.019733,
          0.993471,
          2.244579
        ],
        [
          -0.015007,
          -0.999722,
          0.01816,
          1.92226
        ],
        [
          0.0,
          0.0,
          0.0,
          1.0
        ]
      ]
    },
    {
      "file_path": "/media/NFS/ttao/scannet/posed_images/scene0273_00/00014.jpg",
      "transform_matrix": [
        [
          0.993643,
          -0.027077,
          0.109274,
          3.433534
        ],
        [
          -0.109245,
          0.002567,
          0.994012,
          2.258265
        ],
        [
          -0.027195,
          -0.99963,
          -0.000408,
          1.834484
        ],
        [
          0.0,
          0.0,
          0.0,
          1.0
        ]
      ]
    },
    {
      "file_path": "/media/NFS/ttao/scannet/posed_images/scene0273_00/00024.jpg",
      "transform_matrix": [
        [
          0.989079,
          -0.030162,
          0.144269,
          3.406227
        ],
        [
          -0.146895,
          -0.121774,
          0.981628,
          2.341499
        ],
        [
          -0.01204,
          -0.992099,
          -0.124875,
          1.682324
        ],
        [
          0.0,
          0.0,
          0.0,
          1.0
        ]
      ]
    },
    {
      "file_path": "/media/NFS/ttao/scannet/posed_images/scene0273_00/00028.jpg",
      "transform_matrix": [
        [
          0.986122,
          -0.00482,
          0.165956,
          3.374271
        ],
        [
          -0.164097,
          -0.18022,
          0.969842,
          2.365924
        ],
        [
          0.025234,
          -0.983615,
          -0.17851,
          1.675374
        ],
        [
          0.0,
          0.0,
          0.0,
          1.0
        ]
      ]
    },
    {
      "file_path": "/media/NFS/ttao/scannet/posed_images/scene0273_00/00036.jpg",
      "transform_matrix": [
        [
          0.987847,
          0.017101,
          0.154489,
          3.291616
        ],
        [
          -0.14597,
          -0.23943,
          0.959878,
          2.37282
        ],
        [
          0.053405,
          -0.970763,
          -0.234024,
          1.58568
        ],
        [
          0.0,
          0.0,
          0.0,
          1.0
        ]
      ]
    },
    {
      "file_path": "/media/NFS/ttao/scannet/posed_images/scene0273_00/00040.jpg",
      "transform_matrix": [
        [
          0.989147,
          0.000325,
          0.146931,
          3.22203
        ],
        [
          -0.141453,
          -0.268423,
          0.952859,
          2.369497
        ],
        [
          0.039749,
          -0.963301,
          -0.265464,
          1.572341
        ],
        [
          0.0,
          0.0,
          0.0,
          1.0
        ]
      ]
    },
    {
      "file_path": "/media/NFS/ttao/scannet/posed_images/scene0273_00/00050.jpg",
      "transform_matrix": [
        [
          0.990217,
          -0.038747,
          0.134046,
          3.06778
        ],
        [
          -0.139393,
          -0.317781,
          0.937862,
          2.32452
        ],
        [
          0.006257,
          -0.947372,
          -0.320073,
          1.539743
        ],
        [
          0.0,
          0.0,
          0.0,
          1.0
        ]
      ]
    },
    {
      "file_path": "/media/NFS/ttao/scannet/posed_images/scene0273_00/00052.jpg",
      "transform_matrix": [
        [
          0.989411,
          -0.041043,
          0.139217,
          3.026452
        ],
        [
          -0.145004,
          -0.321175,
          0.935853,
          2.317167
        ],
        [
          0.006303,
          -0.94613,
          -0.323726,
          1.544725
        ],
        [
          0.0,
          0.0,
          0.0,
          1.0
        ]
      ]
    },
    {
      "file_path": "/media/NFS/ttao/scannet/posed_images/scene0273_00/00060.jpg",
      "transform_matrix": [
        [
          0.987387,
          -0.051895,
          0.149583,
          2.870356
        ],
        [
          -0.158305,
          -0.307036,
          0.938439,
          2.287458
        ],
        [
          -0.002773,
          -0.950282,
          -0.311378,
          1.532604
        ],
        [
          0.0,
          0.0,
          0.0,
          1.0
        ]
      ]
    },
    {
      "file_path": "/media/NFS/ttao/scannet/posed_images/scene0273_00/00066.jpg",
      "transform_matrix": [
        [
          0.978128,
          -0.061039,
          0.198844,
          2.765642
        ],
        [
          -0.208001,
          -0.290312,
          0.934053,
          2.321762
        ],
        [
          0.000713,
          -0.954983,
          -0.296659,
          1.509497
        ],
        [
          0.0,
          0.0,
          0.0,
          1.0
        ]
      ]
    },
    {
      "file_path": "/media/NFS/ttao/scannet/posed_images/scene0273_00/00071.jpg",
      "transform_matrix": [
        [
          0.977001,
          -0.044571,
          0.208525,
          2.617427
        ],
        [
          -0.21134,
          -0.332492,
          0.919122,
          2.416448
        ],
        [
          0.028366,
          -0.942052,
          -0.334264,
          1.487386
        ],
        [
          0.0,
          0.0,
          0.0,
          1.0
        ]
      ]
    },
    {
      "file_path": "/media/NFS/ttao/scannet/posed_images/scene0273_00/00083.jpg",
      "transform_matrix": [
        [
          0.962758,
          -0.017896,
          0.269771,
          2.430798
        ],
        [
          -0.259433,
          -0.341999,
          0.903178,
          2.518946
        ],
        [
          0.076098,
          -0.93953,
          -0.333905,
          1.476215
        ],
        [
          0.0,
          0.0,
          0.0,
          1.0
        ]
      ]
    },
    {
      "file_path": "/media/NFS/ttao/scannet/posed_images/scene0273_00/00085.jpg",
      "transform_matrix": [
        [
          0.958268,
          -0.019041,
          0.285235,
          2.391205
        ],
        [
          -0.274242,
          -0.342915,
          0.898444,
          2.529537
        ],
        [
          0.080704,
          -0.939173,
          -0.333826,
          1.470107
        ],
        [
          0.0,
          0.0,
          0.0,
          1.0
        ]
      ]
    },
    {
      "file_path": "/media/NFS/ttao/scannet/posed_images/scene0273_00/00093.jpg",
      "transform_matrix": [
        [
          0.93662,
          -0.096011,
          0.336933,
          2.227143
        ],
        [
          -0.348762,
          -0.346868,
          0.870659,
          2.552259
        ],
        [
          0.033279,
          -0.932987,
          -0.358369,
          1.456319
        ],
        [
          0.0,
          0.0,
          0.0,
          1.0
        ]
      ]
    },
    {
      "file_path": "/media/NFS/ttao/scannet/posed_images/scene0273_00/00101.jpg",
      "transform_matrix": [
        [
          0.891866,
          -0.144261,
          0.428677,
          2.103565
        ],
        [
          -0.450544,
          -0.366802,
          0.813921,
          2.572256
        ],
        [
          0.039823,
          -0.919046,
          -0.392134,
          1.439908
        ],
        [
          0.0,
          0.0,
          0.0,
          1.0
        ]
      ]
    },
    {
      "file_path": "/media/NFS/ttao/scannet/posed_images/scene0273_00/00105.jpg",
      "transform_matrix": [
        [
          0.876865,
          -0.137139,
          0.46076,
          2.084755
        ],
        [
          -0.476993,
          -0.367565,
          0.798357,
          2.57303
        ],
        [
          0.059874,
          -0.919831,
          -0.38772,
          1.446013
        ],
        [
          0.0,
          0.0,
          0.0,
          1.0
        ]
      ]
    },
    {
      "file_path": "/media/NFS/ttao/scannet/posed_images/scene0273_00/00115.jpg",
      "transform_matrix": [
        [
          0.833224,
          -0.143225,
          0.534064,
          2.121126
        ],
        [
          -0.549856,
          -0.316423,
          0.773004,
          2.561532
        ],
        [
          0.058277,
          -0.937743,
          -0.342405,
          1.470081
        ],
        [
          0.0,
          0.0,
          0.0,
          1.0
        ]
      ]
    },
    {
      "file_path": "/media/NFS/ttao/scannet/posed_images/scene0273_00/00117.jpg",
      "transform_matrix": [
        [
          0.828671,
          -0.156122,
          0.537523,
          2.136104
        ],
        [
          -0.557714,
          -0.311863,
          0.769218,
          2.552349
        ],
        [
          0.047541,
          -0.937212,
          -0.345503,
          1.47176
        ],
        [
          0.0,
          0.0,
          0.0,
          1.0
        ]
      ]
    },
    {
      "file_path": "/media/NFS/ttao/scannet/posed_images/scene0273_00/00129.jpg",
      "transform_matrix": [
        [
          0.798204,
          -0.20672,
          0.565807,
          2.213478
        ],
        [
          -0.602369,
          -0.281058,
          0.747099,
          2.517666
        ],
        [
          0.004585,
          -0.937162,
          -0.348864,
          1.491406
        ],
        [
          0.0,
          0.0,
          0.0,
          1.0
        ]
      ]
    },
    {
      "file_path": "/media/NFS/ttao/scannet/posed_images/scene0273_00/00131.jpg",
      "transform_matrix": [
        [
          0.796863,
          -0.21158,
          0.565901,
          2.229971
        ],
        [
          -0.604156,
          -0.275269,
          0.747812,
          2.506481
        ],
        [
          -0.002447,
          -0.937796,
          -0.347179,
          1.496331
        ],
        [
          0.0,
          0.0,
          0.0,
          1.0
        ]
      ]
    },
    {
      "file_path": "/media/NFS/ttao/scannet/posed_images/scene0273_00/00137.jpg",
      "transform_matrix": [
        [
          0.796163,
          -0.216984,
          0.564838,
          2.311862
        ],
        [
          -0.604708,
          -0.252506,
          0.755361,
          2.478408
        ],
        [
          -0.021276,
          -0.942952,
          -0.332248,
          1.510716
        ],
        [
          0.0,
          0.0,
          0.0,
          1.0
        ]
      ]
    },
    {
      "file_path": "/media/NFS/ttao/scannet/posed_images/scene0273_00/00145.jpg",
      "transform_matrix": [
        [
          0.779341,
          -0.246224,
          0.576196,
          2.472243
        ],
        [
          -0.625439,
          -0.24971,
          0.739237,
          2.445331
        ],
        [
          -0.038136,
          -0.936493,
          -0.348607,
          1.514478
        ],
        [
          0.0,
          0.0,
          0.0,
          1.0
        ]
      ]
    },
    {
      "file_path": "/media/NFS/ttao/scannet/posed_images/scene0273_00/00155.jpg",
      "transform_matrix": [
        [
          0.746082,
          -0.285789,
          0.601404,
          2.581089
        ],
        [
          -0.663006,
          -0.235409,
          0.710637,
          2.432825
        ],
        [
          -0.061516,
          -0.928928,
          -0.365114,
          1.515189
        ],
        [
          0.0,
          0.0,
          0.0,
          1.0
        ]
      ]
    },
    {
      "file_path": "/media/NFS/ttao/scannet/posed_images/scene0273_00/00159.jpg",
      "transform_matrix": [
        [
          0.733708,
          -0.296542,
          0.61134,
          2.601734
        ],
        [
          -0.676725,
          -0.238198,
          0.696638,
          2.436069
        ],
        [
          -0.060962,
          -0.924838,
          -0.375445,
          1.516927
        ],
        [
          0.0,
          0.0,
          0.0,
          1.0
        ]
      ]
    },
    {
      "file_path": "/media/NFS/ttao/scannet/posed_images/scene0273_00/00167.jpg",
      "transform_matrix": [
        [
          0.717911,
          -0.274751,
          0.639621,
          2.633581
        ],
        [
          -0.695482,
          -0.243298,
          0.6761,
          2.485942
        ],
        [
          -0.030141,
          -0.930225,
          -0.36575,
          1.516095
        ],
        [
          0.0,
          0.0,
          0.0,
          1.0
        ]
      ]
    },
    {
      "file_path": "/media/NFS/ttao/scannet/posed_images/scene0273_00/00175.jpg",
      "transform_matrix": [
        [
          0.689576,
          -0.252007,
          0.678953,
          2.690246
        ],
        [
          -0.724209,
          -0.236839,
          0.647633,
          2.563539
        ],
        [
          -0.002405,
          -0.938296,
          -0.345824,
          1.531968
        ],
        [
          0.0,
          0.0,
          0.0,
          1.0
        ]
      ]
    },
    {
      "file_path": "/media/NFS/ttao/scannet/posed_images/scene0273_00/00181.jpg",
      "transform_matrix": [
        [
          0.658721,
          -0.251812,
          0.708998,
          2.757806
        ],
        [
          -0.75233,
          -0.208785,
          0.624827,
          2.613102
        ],
        [
          -0.009311,
          -0.944987,
          -0.326976,
          1.554177
        ],
        [
          0.0,
          0.0,
          0.0,
          1.0
        ]
      ]
    },
    {
      "file_path": "/media/NFS/ttao/scannet/posed_images/scene0273_00/00187.jpg",
      "transform_matrix": [
        [
          0.637808,
          -0.249012,
          0.728831,
          2.843961
        ],
        [
          -0.77004,
          -0.187156,
          0.609927,
          2.628842
        ],
        [
          -0.015474,
          -0.950245,
          -0.311118,
          1.568974
        ],
        [
          0.0,
          0.0,
          0.0,
          1.0
        ]
      ]
    },
    {
      "file_path": "/media/NFS/ttao/scannet/posed_images/scene0273_00/00191.jpg",
      "transform_matrix": [
        [
          0.635138,
          -0.243204,
          0.733111,
          2.903445
        ],
        [
          -0.772107,
          -0.173831,
          0.611255,
          2.631462
        ],
        [
          -0.021222,
          -0.954272,
          -0.298186,
          1.583748
        ],
        [
          0.0,
          0.0,
          0.0,
          1.0
        ]
      ]
    },
    {
      "file_path": "/media/NFS/ttao/scannet/posed_images/scene0273_00/00202.jpg",
      "transform_matrix": [
        [
          0.692159,
          -0.168579,
          0.701782,
          3.139588
        ],
        [
          -0.721023,
          -0.118016,
          0.682787,
          2.55168
        ],
        [
          -0.032282,
          -0.978598,
          -0.203235,
          1.685133
        ],
        [
          0.0,
          0.0,
          0.0,
          1.0
        ]
      ]
    },
    {
      "file_path": "/media/NFS/ttao/scannet/posed_images/scene0273_00/00206.jpg",
      "transform_matrix": [
        [
          0.702786,
          -0.141041,
          0.69728,
          3.188165
        ],
        [
          -0.710902,
          -0.102495,
          0.695783,
          2.535077
        ],
        [
          -0.026666,
          -0.984684,
          -0.172298,
          1.703326
        ],
        [
          0.0,
          0.0,
          0.0,
          1.0
        ]
      ]
    },
    {
      "file_path": "/media/NFS/ttao/scannet/posed_images/scene0273_00/00210.jpg",
      "transform_matrix": [
        [
          0.706273,
          -0.124752,
          0.696861,
          3.22488
        ],
        [
          -0.707624,
          -0.095028,
          0.70017,
          2.549846
        ],
        [
          -0.021126,
          -0.987627,
          -0.155393,
          1.759947
        ],
        [
          0.0,
          0.0,
          0.0,
          1.0
        ]
      ]
    },
    {
      "file_path": "/media/NFS/ttao/scannet/posed_images/scene0273_00/00222.jpg",
      "transform_matrix": [
        [
          0.717435,
          -0.051345,
          0.694731,
          3.336014
        ],
        [
          -0.696376,
          -0.026167,
          0.7172,
          2.494277
        ],
        [
          -0.018646,
          -0.998338,
          -0.054528,
          1.815287
        ],
        [
          0.0,
          0.0,
          0.0,
          1.0
        ]
      ]
    },
    {
      "file_path": "/media/NFS/ttao/scannet/posed_images/scene0273_00/00226.jpg",
      "transform_matrix": [
        [
          0.718948,
          -0.026469,
          0.694559,
          3.359114
        ],
        [
          -0.694881,
          -0.004476,
          0.719111,
          2.492598
        ],
        [
          -0.015925,
          -0.99964,
          -0.021611,
          1.824913
        ],
        [
          0.0,
          0.0,
          0.0,
          1.0
        ]
      ]
    },
    {
      "file_path": "/media/NFS/ttao/scannet/posed_images/scene0273_00/00232.jpg",
      "transform_matrix": [
        [
          0.713992,
          0.001277,
          0.700153,
          3.391268
        ],
        [
          -0.700041,
          0.019317,
          0.713842,
          2.512009
        ],
        [
          -0.012613,
          -0.999813,
          0.014686,
          1.857602
        ],
        [
          0.0,
          0.0,
          0.0,
          1.0
        ]
      ]
    },
    {
      "file_path": "/media/NFS/ttao/scannet/posed_images/scene0273_00/00242.jpg",
      "transform_matrix": [
        [
          0.727686,
          0.030678,
          0.685224,
          3.449723
        ],
        [
          -0.684798,
          0.08936,
          0.723233,
          2.532849
        ],
        [
          -0.039044,
          -0.995527,
          0.086034,
          1.888411
        ],
        [
          0.0,
          0.0,
          0.0,
          1.0
        ]
      ]
    },
    {
      "file_path": "/media/NFS/ttao/scannet/posed_images/scene0273_00/00248.jpg",
      "transform_matrix": [
        [
          0.731463,
          0.046228,
          0.680312,
          3.474408
        ],
        [
          -0.680683,
          0.108619,
          0.724481,
          2.551069
        ],
        [
          -0.040403,
          -0.993008,
          0.110917,
          1.900212
        ],
        [
          0.0,
          0.0,
          0.0,
          1.0
        ]
      ]
    },
    {
      "file_path": "/media/NFS/ttao/scannet/posed_images/scene0273_00/00254.jpg",
      "transform_matrix": [
        [
          0.758244,
          0.060615,
          0.649146,
          3.570219
        ],
        [
          -0.650944,
          0.126242,
          0.748556,
          2.517689
        ],
        [
          -0.036576,
          -0.990146,
          0.135179,
          1.938097
        ],
        [
          0.0,
          0.0,
          0.0,
          1.0
        ]
      ]
    },
    {
      "file_path": "/media/NFS/ttao/scannet/posed_images/scene0273_00/00260.jpg",
      "transform_matrix": [
        [
          0.765685,
          0.099276,
          0.635508,
          3.699427
        ],
        [
          -0.642677,
          0.158527,
          0.749557,
          2.469105
        ],
        [
          -0.026332,
          -0.982351,
          0.185184,
          1.96162
        ],
        [
          0.0,
          0.0,
          0.0,
          1.0
        ]
      ]
    },
    {
      "file_path": "/media/NFS/ttao/scannet/posed_images/scene0273_00/00266.jpg",
      "transform_matrix": [
        [
          0.762213,
          0.09781,
          0.639894,
          3.799451
        ],
        [
          -0.646391,
          0.168114,
          0.744256,
          2.451632
        ],
        [
          -0.034779,
          -0.980903,
          0.191362,
          1.983336
        ],
        [
          0.0,
          0.0,
          0.0,
          1.0
        ]
      ]
    },
    {
      "file_path": "/media/NFS/ttao/scannet/posed_images/scene0273_00/00270.jpg",
      "transform_matrix": [
        [
          0.762558,
          0.066241,
          0.64352,
          3.855539
        ],
        [
          -0.646179,
          0.125605,
          0.752779,
          2.438715
        ],
        [
          -0.030964,
          -0.989866,
          0.138585,
          2.067109
        ],
        [
          0.0,
          0.0,
          0.0,
          1.0
        ]
      ]
    },
    {
      "file_path": "/media/NFS/ttao/scannet/posed_images/scene0273_00/00276.jpg",
      "transform_matrix": [
        [
          0.754588,
          0.007563,
          0.656155,
          3.939592
        ],
        [
          -0.654904,
          0.071447,
          0.752327,
          2.490804
        ],
        [
          -0.04119,
          -0.997416,
          0.058866,
          1.911179
        ],
        [
          0.0,
          0.0,
          0.0,
          1.0
        ]
      ]
    },
    {
      "file_path": "/media/NFS/ttao/scannet/posed_images/scene0273_00/00284.jpg",
      "transform_matrix": [
        [
          0.765062,
          -0.071151,
          0.640013,
          3.946556
        ],
        [
          -0.643336,
          -0.040837,
          0.764494,
          2.58835
        ],
        [
          -0.028258,
          -0.996629,
          -0.077017,
          1.734038
        ],
        [
          0.0,
          0.0,
          0.0,
          1.0
        ]
      ]
    },
    {
      "file_path": "/media/NFS/ttao/scannet/posed_images/scene0273_00/00294.jpg",
      "transform_matrix": [
        [
          0.745419,
          -0.160855,
          0.646897,
          4.020975
        ],
        [
          -0.666221,
          -0.147209,
          0.731081,
          2.631428
        ],
        [
          -0.022369,
          -0.975938,
          -0.216897,
          1.622465
        ],
        [
          0.0,
          0.0,
          0.0,
          1.0
        ]
      ]
    },
    {
      "file_path": "/media/NFS/ttao/scannet/posed_images/scene0273_00/00300.jpg",
      "transform_matrix": [
        [
          0.752154,
          -0.214742,
          0.623017,
          4.052409
        ],
        [
          -0.658448,
          -0.206659,
          0.723698,
          2.645469
        ],
        [
          -0.026656,
          -0.954556,
          -0.296836,
          1.567141
        ],
        [
          0.0,
          0.0,
          0.0,
          1.0
        ]
      ]
    },
    {
      "file_path": "/media/NFS/ttao/scannet/posed_images/scene0273_00/00308.jpg",
      "transform_matrix": [
        [
          0.7378,
          -0.287966,
          0.610513,
          4.067613
        ],
        [
          -0.674162,
          -0.268795,
          0.687935,
          2.651573
        ],
        [
          -0.033999,
          -0.919144,
          -0.392452,
          1.51191
        ],
        [
          0.0,
          0.0,
          0.0,
          1.0
        ]
      ]
    },
    {
      "file_path": "/media/NFS/ttao/scannet/posed_images/scene0273_00/00314.jpg",
      "transform_matrix": [
        [
          0.71292,
          -0.346627,
          0.609585,
          4.101856
        ],
        [
          -0.699724,
          -0.2944,
          0.650934,
          2.600753
        ],
        [
          -0.04617,
          -0.890606,
          -0.452427,
          1.498571
        ],
        [
          0.0,
          0.0,
          0.0,
          1.0
        ]
      ]
    },
    {
      "file_path": "/media/NFS/ttao/scannet/posed_images/scene0273_00/00318.jpg",
      "transform_matrix": [
        [
          0.70284,
          -0.367453,
          0.609093,
          4.111617
        ],
        [
          -0.710296,
          -0.315955,
          0.629009,
          2.557679
        ],
        [
          -0.038685,
          -0.874729,
          -0.483066,
          1.491068
        ],
        [
          0.0,
          0.0,
          0.0,
          1.0
        ]
      ]
    },
    {
      "file_path": "/media/NFS/ttao/scannet/posed_images/scene0273_00/00328.jpg",
      "transform_matrix": [
        [
          0.679893,
          -0.402699,
          0.612845,
          4.120309
        ],
        [
          -0.732555,
          -0.335042,
          0.592545,
          2.457817
        ],
        [
          -0.033288,
          -0.85181,
          -0.522791,
          1.475285
        ],
        [
          0.0,
          0.0,
          0.0,
          1.0
        ]
      ]
    },
    {
      "file_path": "/media/NFS/ttao/scannet/posed_images/scene0273_00/00331.jpg",
      "transform_matrix": [
        [
          0.667315,
          -0.418461,
          0.616102,
          4.129917
        ],
        [
          -0.74427,
          -0.344207,
          0.572348,
          2.434492
        ],
        [
          -0.027438,
          -0.840483,
          -0.541143,
          1.476566
        ],
        [
          0.0,
          0.0,
          0.0,
          1.0
        ]
      ]
    },
    {
      "file_path": "/media/NFS/ttao/scannet/posed_images/scene0273_00/00337.jpg",
      "transform_matrix": [
        [
          0.622721,
          -0.444733,
          0.643763,
          4.117175
        ],
        [
          -0.781867,
          -0.322107,
          0.533789,
          2.399074
        ],
        [
          -0.030033,
          -0.835739,
          -0.548305,
          1.487592
        ],
        [
          0.0,
          0.0,
          0.0,
          1.0
        ]
      ]
    },
    {
      "file_path": "/media/NFS/ttao/scannet/posed_images/scene0273_00/00347.jpg",
      "transform_matrix": [
        [
          0.517353,
          -0.459773,
          0.721772,
          4.036989
        ],
        [
          -0.855384,
          -0.252428,
          0.452325,
          2.368469
        ],
        [
          -0.025771,
          -0.851404,
          -0.523877,
          1.494805
        ],
        [
          0.0,
          0.0,
          0.0,
          1.0
        ]
      ]
    },
    {
      "file_path": "/media/NFS/ttao/scannet/posed_images/scene0273_00/00349.jpg",
      "transform_matrix": [
        [
          0.50953,
          -0.465229,
          0.723838,
          4.014286
        ],
        [
          -0.859909,
          -0.245411,
          0.447583,
          2.367911
        ],
        [
          -0.030591,
          -0.850491,
          -0.525098,
          1.49885
        ],
        [
          0.0,
          0.0,
          0.0,
          1.0
        ]
      ]
    },
    {
      "file_path": "/media/NFS/ttao/scannet/posed_images/scene0273_00/00361.jpg",
      "transform_matrix": [
        [
          0.457957,
          -0.485095,
          0.744955,
          3.94245
        ],
        [
          -0.888414,
          -0.219999,
          0.402891,
          2.310649
        ],
        [
          -0.031551,
          -0.846335,
          -0.531716,
          1.504272
        ],
        [
          0.0,
          0.0,
          0.0,
          1.0
        ]
      ]
    },
    {
      "file_path": "/media/NFS/ttao/scannet/posed_images/scene0273_00/00365.jpg",
      "transform_matrix": [
        [
          0.460737,
          -0.474398,
          0.750112,
          3.933763
        ],
        [
          -0.886478,
          -0.204707,
          0.415032,
          2.275158
        ],
        [
          -0.043337,
          -0.856178,
          -0.51486,
          1.513705
        ],
        [
          0.0,
          0.0,
          0.0,
          1.0
        ]
      ]
    },
    {
      "file_path": "/media/NFS/ttao/scannet/posed_images/scene0273_00/00369.jpg",
      "transform_matrix": [
        [
          0.444584,
          -0.47513,
          0.759339,
          3.93623
        ],
        [
          -0.893765,
          -0.179077,
          0.411238,
          2.226147
        ],
        [
          -0.059411,
          -0.8615,
          -0.50427,
          1.513788
        ],
        [
          0.0,
          0.0,
          0.0,
          1.0
        ]
      ]
    },
    {
      "file_path": "/media/NFS/ttao/scannet/posed_images/scene0273_00/00381.jpg",
      "transform_matrix": [
        [
          0.40641,
          -0.486459,
          0.773427,
          3.934069
        ],
        [
          -0.911231,
          -0.153724,
          0.382135,
          2.171972
        ],
        [
          -0.066998,
          -0.860074,
          -0.505751,
          1.511635
        ],
        [
          0.0,
          0.0,
          0.0,
          1.0
        ]
      ]
    },
    {
      "file_path": "/media/NFS/ttao/scannet/posed_images/scene0273_00/00383.jpg",
      "transform_matrix": [
        [
          0.40874,
          -0.483825,
          0.77385,
          3.923418
        ],
        [
          -0.910691,
          -0.160689,
          0.380553,
          2.180102
        ],
        [
          -0.059771,
          -0.860286,
          -0.506296,
          1.509349
        ],
        [
          0.0,
          0.0,
          0.0,
          1.0
        ]
      ]
    },
    {
      "file_path": "/media/NFS/ttao/scannet/posed_images/scene0273_00/00389.jpg",
      "transform_matrix": [
        [
          0.382709,
          -0.472765,
          0.793742,
          3.8626
        ],
        [
          -0.923777,
          -0.183721,
          0.335979,
          2.221365
        ],
        [
          -0.013012,
          -0.861823,
          -0.507042,
          1.501414
        ],
        [
          0.0,
          0.0,
          0.0,
          1.0
        ]
      ]
    },
    {
      "file_path": "/media/NFS/ttao/scannet/posed_images/scene0273_00/00397.jpg",
      "transform_matrix": [
        [
          0.273122,
          -0.468482,
          0.840196,
          3.718527
        ],
        [
          -0.961979,
          -0.132148,
          0.239026,
          2.316906
        ],
        [
          -0.000949,
          -0.873534,
          -0.486762,
          1.497057
        ],
        [
          0.0,
          0.0,
          0.0,
          1.0
        ]
      ]
    },
    {
      "file_path": "/media/NFS/ttao/scannet/posed_images/scene0273_00/00407.jpg",
      "transform_matrix": [
        [
          0.282332,
          -0.47603,
          0.832877,
          3.547775
        ],
        [
          -0.959293,
          -0.146196,
          0.241627,
          2.373606
        ],
        [
          0.006742,
          -0.867192,
          -0.497928,
          1.498912
        ],
        [
          0.0,
          0.0,
          0.0,
          1.0
        ]
      ]
    },
    {
      "file_path": "/media/NFS/ttao/scannet/posed_images/scene0273_00/00409.jpg",
      "transform_matrix": [
        [
          0.280584,
          -0.465078,
          0.839628,
          3.513693
        ],
        [
          -0.959823,
          -0.132725,
          0.247233,
          2.369902
        ],
        [
          -0.003543,
          -0.875264,
          -0.483633,
          1.497997
        ],
        [
          0.0,
          0.0,
          0.0,
          1.0
        ]
      ]
    },
    {
      "file_path": "/media/NFS/ttao/scannet/posed_images/scene0273_00/00419.jpg",
      "transform_matrix": [
        [
          0.25996,
          -0.466976,
          0.845195,
          3.407287
        ],
        [
          -0.965031,
          -0.095077,
          0.244288,
          2.318962
        ],
        [
          -0.033718,
          -0.879143,
          -0.475363,
          1.498435
        ],
        [
          0.0,
          0.0,
          0.0,
          1.0
        ]
      ]
    },
    {
      "file_path": "/media/NFS/ttao/scannet/posed_images/scene0273_00/00423.jpg",
      "transform_matrix": [
        [
          0.221544,
          -0.467059,
          0.856023,
          3.367266
        ],
        [
          -0.974021,
          -0.063752,
          0.217298,
          2.316931
        ],
        [
          -0.046918,
          -0.881925,
          -0.469049,
          1.523744
        ],
        [
          0.0,
          0.0,
          0.0,
          1.0
        ]
      ]
    },
    {
      "file_path": "/media/NFS/ttao/scannet/posed_images/scene0273_00/00431.jpg",
      "transform_matrix": [
        [
          0.114259,
          -0.413612,
          0.903255,
          3.239923
        ],
        [
          -0.992301,
          -0.003773,
          0.123796,
          2.357509
        ],
        [
          -0.047796,
          -0.910445,
          -0.410859,
          1.531404
        ],
        [
          0.0,
          0.0,
          0.0,
          1.0
        ]
      ]
    },
    {
      "file_path": "/media/NFS/ttao/scannet/posed_images/scene0273_00/00441.jpg",
      "transform_matrix": [
        [
          0.065379,
          -0.400941,
          0.913768,
          2.991881
        ],
        [
          -0.994924,
          0.044012,
          0.090497,
          2.482238
        ],
        [
          -0.076501,
          -0.915046,
          -0.396028,
          1.540612
        ],
        [
          0.0,
          0.0,
          0.0,
          1.0
        ]
      ]
    },
    {
      "file_path": "/media/NFS/ttao/scannet/posed_images/scene0273_00/00443.jpg",
      "transform_matrix": [
        [
          0.059358,
          -0.401003,
          0.914152,
          2.957895
        ],
        [
          -0.99566,
          0.041976,
          0.083064,
          2.498918
        ],
        [
          -0.071681,
          -0.915115,
          -0.396771,
          1.538954
        ],
        [
          0.0,
          0.0,
          0.0,
          1.0
        ]
      ]
    },
    {
      "file_path": "/media/NFS/ttao/scannet/posed_images/scene0273_00/00449.jpg",
      "transform_matrix": [
        [
          0.009281,
          -0.390653,
          0.920491,
          2.897818
        ],
        [
          -0.999516,
          0.0237,
          0.020136,
          2.565449
        ],
        [
          -0.029682,
          -0.920233,
          -0.390244,
          1.539296
        ],
        [
          0.0,
          0.0,
          0.0,
          1.0
        ]
      ]
    },
    {
      "file_path": "/media/NFS/ttao/scannet/posed_images/scene0273_00/00459.jpg",
      "transform_matrix": [
        [
          0.027527,
          -0.392256,
          0.919444,
          2.849226
        ],
        [
          -0.999588,
          -0.003311,
          0.028514,
          2.720307
        ],
        [
          -0.008141,
          -0.91985,
          -0.392185,
          1.536962
        ],
        [
          0.0,
          0.0,
          0.0,
          1.0
        ]
      ]
    },
    {
      "file_path": "/media/NFS/ttao/scannet/posed_images/scene0273_00/00463.jpg",
      "transform_matrix": [
        [
          -0.001843,
          -0.377941,
          0.925828,
          2.836807
        ],
        [
          -0.999822,
          0.018095,
          0.005396,
          2.747929
        ],
        [
          -0.018793,
          -0.925653,
          -0.377907,
          1.545244
        ],
        [
          0.0,
          0.0,
          0.0,
          1.0
        ]
      ]
    },
    {
      "file_path": "/media/NFS/ttao/scannet/posed_images/scene0273_00/00472.jpg",
      "transform_matrix": [
        [
          -0.145168,
          -0.344273,
          0.927579,
          2.871488
        ],
        [
          -0.98883,
          0.082508,
          -0.124131,
          2.904127
        ],
        [
          -0.033798,
          -0.935237,
          -0.352405,
          1.566441
        ],
        [
          0.0,
          0.0,
          0.0,
          1.0
        ]
      ]
    },
    {
      "file_path": "/media/NFS/ttao/scannet/posed_images/scene0273_00/00474.jpg",
      "transform_matrix": [
        [
          -0.155992,
          -0.345806,
          0.925249,
          2.869563
        ],
        [
          -0.986821,
          0.09535,
          -0.130737,
          2.961308
        ],
        [
          -0.043013,
          -0.933449,
          -0.356122,
          1.566831
        ],
        [
          0.0,
          0.0,
          0.0,
          1.0
        ]
      ]
    },
    {
      "file_path": "/media/NFS/ttao/scannet/posed_images/scene0273_00/00486.jpg",
      "transform_matrix": [
        [
          -0.117818,
          -0.388505,
          0.913883,
          2.864759
        ],
        [
          -0.988118,
          0.13733,
          -0.069008,
          3.282264
        ],
        [
          -0.098694,
          -0.911156,
          -0.400069,
          1.568213
        ],
        [
          0.0,
          0.0,
          0.0,
          1.0
        ]
      ]
    },
    {
      "file_path": "/media/NFS/ttao/scannet/posed_images/scene0273_00/00488.jpg",
      "transform_matrix": [
        [
          -0.12607,
          -0.386148,
          0.913781,
          2.868825
        ],
        [
          -0.988119,
          0.1305,
          -0.081179,
          3.314867
        ],
        [
          -0.087901,
          -0.913159,
          -0.398012,
          1.55961
        ],
        [
          0.0,
          0.0,
          0.0,
          1.0
        ]
      ]
    },
    {
      "file_path": "/media/NFS/ttao/scannet/posed_images/scene0273_00/00494.jpg",
      "transform_matrix": [
        [
          -0.157346,
          -0.378419,
          0.912163,
          2.883168
        ],
        [
          -0.984838,
          0.128454,
          -0.116592,
          3.433112
        ],
        [
          -0.07305,
          -0.916678,
          -0.392893,
          1.559533
        ],
        [
          0.0,
          0.0,
          0.0,
          1.0
        ]
      ]
    },
    {
      "file_path": "/media/NFS/ttao/scannet/posed_images/scene0273_00/00506.jpg",
      "transform_matrix": [
        [
          -0.295087,
          -0.376864,
          0.878007,
          3.024797
        ],
        [
          -0.950074,
          0.213258,
          -0.227772,
          3.665397
        ],
        [
          -0.101403,
          -0.901385,
          -0.420979,
          1.60095
        ],
        [
          0.0,
          0.0,
          0.0,
          1.0
        ]
      ]
    },
    {
      "file_path": "/media/NFS/ttao/scannet/posed_images/scene0273_00/00508.jpg",
      "transform_matrix": [
        [
          -0.313478,
          -0.367352,
          0.875662,
          3.05113
        ],
        [
          -0.944122,
          0.219435,
          -0.24593,
          3.693267
        ],
        [
          -0.101808,
          -0.903826,
