{
  "frames": [
    {
      "file_path": "/media/NFS/ttao/scannet/posed_images/scene0573_00/00000.jpg",
      "transform_matrix": [
        [
          0.720124,
          -0.24251,
          0.650085,
          4.708526
        ],
        [
          -0.69217,
          -0.186008,
          0.697354,
          3.757916
        ],
        [
          -0.048194,
          -0.95215,
          -0.301807,
          1.51427
        ],
        [
          0.0,
          0.0,
          0.0,
          1.0
        ]
      ]
    },
    {
      "file_path": "/media/NFS/ttao/scannet/posed_images/scene0573_00/00002.jpg",
      "transform_matrix": [
        [
          0.719016,
          -0.233873,
          0.654461,
          4.707459
        ],
        [
          -0.692062,
          -0.154539,
          0.705101,
          3.751846
        ],
        [
          -0.063764,
          -0.959907,
          -0.272971,
          1.524613
        ],
        [
          0.0,
          0.0,
          0.0,
          1.0
        ]
      ]
    },
    {
      "file_path": "/media/NFS/ttao/scannet/posed_images/scene0573_00/00005.jpg",
      "transform_matrix": [
        [
          0.723006,
          -0.206602,
          0.659225,
          4.702306
        ],
        [
          -0.687163,
          -0.116723,
          0.717066,
          3.745166
        ],
        [
          -0.071201,
          -0.971438,
          -0.226361,
          1.534657
        ],
        [
          0.0,
          0.0,
          0.0,
          1.0
        ]
      ]
    },
    {
      "file_path": "/media/NFS/ttao/scannet/posed_images/scene0573_00/00008.jpg",
      "transform_matrix": [
        [
          0.726381,
          -0.191453,
          0.660088,
          4.699745
        ],
        [
          -0.683361,
          -0.098618,
          0.723389,
          3.739876
        ],
        [
          -0.073399,
          -0.976535,
          -0.202466,
          1.541591
        ],
        [
          0.0,
          0.0,
          0.0,
          1.0
        ]
      ]
    },
    {
      "file_path": "/media/NFS/ttao/scannet/posed_images/scene0573_00/00010.jpg",
      "transform_matrix": [
        [
          0.728957,
          -0.184903,
          0.659115,
          4.696136
        ],
        [
          -0.68036,
          -0.089205,
          0.727429,
          3.738739
        ],
        [
          -0.075708,
          -0.9787,
          -0.190827,
          1.541607
        ],
        [
          0.0,
          0.0,
          0.0,
          1.0
        ]
      ]
    },
    {
      "file_path": "/media/NFS/ttao/scannet/posed_images/scene0573_00/00013.jpg",
      "transform_matrix": [
        [
          0.731928,
          -0.170348,
          0.659745,
          4.690691
        ],
        [
          -0.67742,
          -0.077659,
          0.731485,
          3.736732
        ],
        [
          -0.073372,
          -0.982319,
          -0.172238,
          1.54773
        ],
        [
          0.0,
          0.0,
          0.0,
          1.0
        ]
      ]
    },
    {
      "file_path": "/media/NFS/ttao/scannet/posed_images/scene0573_00/00016.jpg",
      "transform_matrix": [
        [
          0.733263,
          -0.159105,
          0.661067,
          4.686536
        ],
        [
          -0.676274,
          -0.069779,
          0.733337,
          3.736316
        ],
        [
          -0.07055,
          -0.984793,
          -0.158765,
          1.553097
        ],
        [
          0.0,
          0.0,
          0.0,
          1.0
        ]
      ]
    },
    {
      "file_path": "/media/NFS/ttao/scannet/posed_images/scene0573_00/00019.jpg",
      "transform_matrix": [
        [
          0.735203,
          -0.15411,
          0.660096,
          4.677953
        ],
        [
          -0.674495,
          -0.069606,
          0.734991,
          3.738477
        ],
        [
          -0.067323,
          -0.985599,
          -0.155121,
          1.555448
        ],
        [
          0.0,
          0.0,
          0.0,
          1.0
        ]
      ]
    },
    {
      "file_path": "/media/NFS/ttao/scannet/posed_images/scene0573_00/00023.jpg",
      "transform_matrix": [
        [
          0.739227,
          -0.159757,
          0.654233,
          4.675089
        ],
        [
          -0.670848,
          -0.089263,
          0.736203,
          3.739571
        ],
        [
          -0.059214,
          -0.983113,
          -0.173159,
          1.541893
        ],
        [
          0.0,
          0.0,
          0.0,
          1.0
        ]
      ]
    },
    {
      "file_path": "/media/NFS/ttao/scannet/posed_images/scene0573_00/00026.jpg",
      "transform_matrix": [
        [
          0.737406,
          -0.184662,
          0.649717,
          4.67012
        ],
        [
          -0.673228,
          -0.122986,
          0.729136,
          3.751011
        ],
        [
          -0.054737,
          -0.975077,
          -0.21501,
          1.524266
        ],
        [
          0.0,
          0.0,
          0.0,
          1.0
        ]
      ]
    },
    {
      "file_path": "/media/NFS/ttao/scannet/posed_images/scene0573_00/00027.jpg",
      "transform_matrix": [
        [
          0.735949,
          -0.192232,
          0.649173,
          4.667994
        ],
        [
          -0.674876,
          -0.131742,
          0.726076,
          3.756753
        ],
        [
          -0.054052,
          -0.972467,
          -0.226688,
          1.52052
        ],
        [
          0.0,
          0.0,
          0.0,
          1.0
        ]
      ]
    },
    {
      "file_path": "/media/NFS/ttao/scannet/posed_images/scene0573_00/00029.jpg",
      "transform_matrix": [
        [
          0.734015,
          -0.207008,
          0.646815,
          4.666139
        ],
        [
          -0.676819,
          -0.144404,
          0.721848,
          3.76159
        ],
        [
          -0.056025,
          -0.967624,
          -0.246102,
          1.512223
        ],
        [
          0.0,
          0.0,
          0.0,
          1.0
        ]
      ]
    },
    {
      "file_path": "/media/NFS/ttao/scannet/posed_images/scene0573_00/00033.jpg",
      "transform_matrix": [
        [
          0.724381,
          -0.233617,
          0.648611,
          4.658687
        ],
        [
          -0.687208,
          -0.169728,
          0.706355,
          3.780889
        ],
        [
          -0.054929,
          -0.957401,
          -0.283491,
          1.501506
        ],
        [
          0.0,
          0.0,
          0.0,
          1.0
        ]
      ]
    },
    {
      "file_path": "/media/NFS/ttao/scannet/posed_images/scene0573_00/00035.jpg",
      "transform_matrix": [
        [
          0.72003,
          -0.246431,
          0.648713,
          4.656557
        ],
        [
          -0.691805,
          -0.181579,
          0.698881,
          3.787335
        ],
        [
          -0.054433,
          -0.951998,
          -0.301224,
          1.494342
        ],
        [
          0.0,
          0.0,
          0.0,
          1.0
        ]
      ]
    },
    {
      "file_path": "/media/NFS/ttao/scannet/posed_images/scene0573_00/00039.jpg",
      "transform_matrix": [
        [
          0.708708,
          -0.264915,
          0.653875,
          4.648793
        ],
        [
          -0.70355,
          -0.196494,
          0.68294,
          3.805532
        ],
        [
          -0.052439,
          -0.944039,
          -0.325638,
          1.481517
        ],
        [
          0.0,
          0.0,
          0.0,
          1.0
        ]
      ]
    },
    {
      "file_path": "/media/NFS/ttao/scannet/posed_images/scene0573_00/00041.jpg",
      "transform_matrix": [
        [
          0.70393,
          -0.262282,
          0.660069,
          4.646521
        ],
        [
          -0.708806,
          -0.199786,
          0.67652,
          3.811074
        ],
        [
          -0.045567,
          -0.944084,
          -0.326543,
          1.470296
        ],
        [
          0.0,
          0.0,
          0.0,
          1.0
        ]
      ]
    },
    {
      "file_path": "/media/NFS/ttao/scannet/posed_images/scene0573_00/00043.jpg",
      "transform_matrix": [
        [
          0.697321,
          -0.266024,
          0.665564,
          4.642158
        ],
        [
          -0.715401,
          -0.201168,
          0.669129,
          3.819719
        ],
        [
          -0.044114,
          -0.942742,
          -0.330592,
          1.466298
        ],
        [
          0.0,
          0.0,
          0.0,
          1.0
        ]
      ]
    },
    {
      "file_path": "/media/NFS/ttao/scannet/posed_images/scene0573_00/00046.jpg",
      "transform_matrix": [
        [
          0.69047,
          -0.274465,
          0.669269,
          4.634669
        ],
        [
          -0.722182,
          -0.20875,
          0.659452,
          3.836762
        ],
        [
          -0.041286,
          -0.938665,
          -0.342349,
          1.455078
        ],
        [
          0.0,
          0.0,
          0.0,
          1.0
        ]
      ]
    },
    {
      "file_path": "/media/NFS/ttao/scannet/posed_images/scene0573_00/00049.jpg",
      "transform_matrix": [
        [
          0.67197,
          -0.279991,
          0.685611,
          4.627982
        ],
        [
          -0.739975,
          -0.216467,
          0.636851,
          3.857835
        ],
        [
          -0.0299,
          -0.935279,
          -0.352645,
          1.441009
        ],
        [
          0.0,
          0.0,
          0.0,
          1.0
        ]
      ]
    },
    {
      "file_path": "/media/NFS/ttao/scannet/posed_images/scene0573_00/00051.jpg",
      "transform_matrix": [
        [
          0.649602,
          -0.296029,
          0.700275,
          4.621296
        ],
        [
          -0.759685,
          -0.21648,
          0.6132,
          3.877425
        ],
        [
          -0.02993,
          -0.930325,
          -0.365514,
          1.433543
        ],
        [
          0.0,
          0.0,
          0.0,
          1.0
        ]
      ]
    },
    {
      "file_path": "/media/NFS/ttao/scannet/posed_images/scene0573_00/00056.jpg",
      "transform_matrix": [
        [
          0.591289,
          -0.360642,
          0.721329,
          4.64469
        ],
        [
          -0.805595,
          -0.222721,
          0.549011,
          3.914644
        ],
        [
          -0.037341,
          -0.905723,
          -0.422224,
          1.419258
        ],
        [
          0.0,
          0.0,
          0.0,
          1.0
        ]
      ]
    },
    {
      "file_path": "/media/NFS/ttao/scannet/posed_images/scene0573_00/00057.jpg",
      "transform_matrix": [
        [
          0.582676,
          -0.367256,
          0.724992,
          4.652081
        ],
        [
          -0.811815,
          -0.221285,
          0.540361,
          3.919345
        ],
        [
          -0.038021,
          -0.903414,
          -0.427081,
          1.418233
        ],
        [
          0.0,
          0.0,
          0.0,
          1.0
        ]
      ]
    },
    {
      "file_path": "/media/NFS/ttao/scannet/posed_images/scene0573_00/00059.jpg",
      "transform_matrix": [
        [
          0.564484,
          -0.377907,
          0.733855,
          4.665701
        ],
        [
          -0.82453,
          -0.216328,
          0.522831,
          3.934048
        ],
        [
          -0.038828,
          -0.900216,
          -0.43371,
          1.416892
        ],
        [
          0.0,
          0.0,
          0.0,
          1.0
        ]
      ]
    },
    {
      "file_path": "/media/NFS/ttao/scannet/posed_images/scene0573_00/00064.jpg",
      "transform_matrix": [
        [
          0.519597,
          -0.399792,
          0.755106,
          4.709512
        ],
        [
          -0.852825,
          -0.188851,
          0.486852,
          3.983964
        ],
        [
          -0.052036,
          -0.89694,
          -0.439079,
          1.415399
        ],
        [
          0.0,
          0.0,
          0.0,
          1.0
        ]
      ]
    },
    {
      "file_path": "/media/NFS/ttao/scannet/posed_images/scene0573_00/00067.jpg",
      "transform_matrix": [
        [
          0.479876,
          -0.426602,
          0.766635,
          4.755437
        ],
        [
          -0.874668,
          -0.164539,
          0.45594,
          4.032119
        ],
        [
          -0.068363,
          -0.889347,
          -0.452094,
          1.413585
        ],
        [
          0.0,
          0.0,
          0.0,
          1.0
        ]
      ]
    },
    {
      "file_path": "/media/NFS/ttao/scannet/posed_images/scene0573_00/00068.jpg",
      "transform_matrix": [
        [
          0.471958,
          -0.433651,
          0.767595,
          4.767518
        ],
        [
          -0.878697,
          -0.160526,
          0.449581,
          4.045306
        ],
        [
          -0.071742,
          -0.886667,
          -0.456809,
          1.410007
        ],
        [
          0.0,
          0.0,
          0.0,
          1.0
        ]
      ]
    },
    {
      "file_path": "/media/NFS/ttao/scannet/posed_images/scene0573_00/00072.jpg",
      "transform_matrix": [
        [
          0.392594,
          -0.454171,
          0.799749,
          4.824208
        ],
        [
          -0.916855,
          -0.12479,
          0.379214,
          4.105628
        ],
        [
          -0.072428,
          -0.882131,
          -0.465401,
          1.40503
        ],
        [
          0.0,
          0.0,
          0.0,
          1.0
        ]
      ]
    },
    {
      "file_path": "/media/NFS/ttao/scannet/posed_images/scene0573_00/00075.jpg",
      "transform_matrix": [
        [
          0.347757,
          -0.488538,
          0.800247,
          4.870396
        ],
        [
          -0.931913,
          -0.086369,
          0.352247,
          4.135878
        ],
        [
          -0.102969,
          -0.868258,
          -0.48531,
          1.407529
        ],
        [
          0.0,
          0.0,
          0.0,
          1.0
        ]
      ]
    },
    {
      "file_path": "/media/NFS/ttao/scannet/posed_images/scene0573_00/00078.jpg",
      "transform_matrix": [
        [
          0.286075,
          -0.503373,
          0.815338,
          4.926517
        ],
        [
          -0.949976,
          -0.037706,
          0.310037,
          4.180443
        ],
        [
          -0.125321,
          -0.863246,
          -0.488979,
          1.410469
        ],
        [
          0.0,
          0.0,
          0.0,
          1.0
        ]
      ]
    },
    {
      "file_path": "/media/NFS/ttao/scannet/posed_images/scene0573_00/00080.jpg",
      "transform_matrix": [
        [
          0.254842,
          -0.512943,
          0.819723,
          4.948753
        ],
        [
          -0.958073,
          -0.019125,
          0.285886,
          4.202641
        ],
        [
          -0.130966,
          -0.85821,
          -0.49631,
          1.407945
        ],
        [
          0.0,
          0.0,
          0.0,
          1.0
        ]
      ]
    },
    {
      "file_path": "/media/NFS/ttao/scannet/posed_images/scene0573_00/00083.jpg",
      "transform_matrix": [
        [
          0.196438,
          -0.526675,
          0.827058,
          4.984572
        ],
        [
          -0.973368,
          -0.003082,
          0.229226,
          4.235499
        ],
        [
          -0.118179,
          -0.850061,
          -0.513255,
          1.404554
        ],
        [
          0.0,
          0.0,
          0.0,
          1.0
        ]
      ]
    },
    {
      "file_path": "/media/NFS/ttao/scannet/posed_images/scene0573_00/00085.jpg",
      "transform_matrix": [
        [
          0.132182,
          -0.525653,
          0.840367,
          5.012375
        ],
        [
          -0.985232,
          0.023414,
          0.169614,
          4.268579
        ],
        [
          -0.108835,
          -0.850377,
          -0.514795,
          1.40266
        ],
        [
          0.0,
          0.0,
          0.0,
          1.0
        ]
      ]
    },
    {
      "file_path": "/media/NFS/ttao/scannet/posed_images/scene0573_00/00088.jpg",
      "transform_matrix": [
        [
          0.074951,
          -0.512889,
          0.855177,
          5.03091
        ],
        [
          -0.991393,
          0.053988,
          0.119268,
          4.303355
        ],
        [
          -0.10734,
          -0.856756,
          -0.504428,
          1.400573
        ],
        [
          0.0,
          0.0,
          0.0,
          1.0
        ]
      ]
    },
    {
      "file_path": "/media/NFS/ttao/scannet/posed_images/scene0573_00/00091.jpg",
      "transform_matrix": [
        [
          -0.006008,
          -0.498268,
          0.867002,
          5.040742
        ],
        [
          -0.993702,
          0.099992,
          0.05058,
          4.33933
        ],
        [
          -0.111895,
          -0.861238,
          -0.495731,
          1.402177
        ],
        [
          0.0,
          0.0,
          0.0,
          1.0
        ]
      ]
    },
    {
      "file_path": "/media/NFS/ttao/scannet/posed_images/scene0573_00/00092.jpg",
      "transform_matrix": [
        [
          -0.04618,
          -0.507455,
          0.86044,
          5.047704
        ],
        [
          -0.991703,
          0.126735,
          0.021518,
          4.360785
        ],
        [
          -0.119967,
          -0.852307,
          -0.509097,
          1.406696
        ],
        [
          0.0,
          0.0,
          0.0,
          1.0
        ]
      ]
    },
    {
      "file_path": "/media/NFS/ttao/scannet/posed_images/scene0573_00/00097.jpg",
      "transform_matrix": [
        [
          -0.17159,
          -0.478769,
          0.861009,
          5.063245
        ],
        [
          -0.976388,
          0.19907,
          -0.08389,
          4.395007
        ],
        [
          -0.131237,
          -0.855074,
          -0.501623,
          1.412442
        ],
        [
          0.0,
          0.0,
          0.0,
          1.0
        ]
      ]
    },
    {
      "file_path": "/media/NFS/ttao/scannet/posed_images/scene0573_00/00098.jpg",
      "transform_matrix": [
        [
          -0.192772,
          -0.476069,
          0.858019,
          5.066808
        ],
        [
          -0.972729,
          0.20766,
          -0.103324,
          4.40078
        ],
        [
          -0.128987,
          -0.854538,
          -0.503117,
          1.412104
        ],
        [
          0.0,
          0.0,
          0.0,
          1.0
        ]
      ]
    },
    {
      "file_path": "/media/NFS/ttao/scannet/posed_images/scene0573_00/00100.jpg",
      "transform_matrix": [
        [
          -0.220847,
          -0.476841,
          0.850793,
          5.072209
        ],
        [
          -0.967663,
          0.216144,
          -0.130042,
          4.400222
        ],
        [
          -0.121884,
          -0.852,
          -0.509156,
          1.413051
        ],
        [
          0.0,
          0.0,
          0.0,
          1.0
        ]
      ]
    },
    {
      "file_path": "/media/NFS/ttao/scannet/posed_images/scene0573_00/00105.jpg",
      "transform_matrix": [
        [
          -0.311187,
          -0.451217,
          0.8364,
          5.100459
        ],
        [
          -0.94414,
          0.247221,
          -0.217902,
          4.409186
        ],
        [
          -0.108455,
          -0.857488,
          -0.502944,
          1.407729
        ],
        [
          0.0,
          0.0,
          0.0,
          1.0
        ]
      ]
    },
    {
      "file_path": "/media/NFS/ttao/scannet/posed_images/scene0573_00/00106.jpg",
      "transform_matrix": [
        [
          -0.327007,
          -0.445367,
          0.833495,
          5.108372
        ],
        [
          -0.938969,
          0.252787,
          -0.233314,
          4.411241
        ],
        [
          -0.106786,
          -0.858922,
          -0.500849,
          1.40679
        ],
        [
          0.0,
          0.0,
          0.0,
          1.0
        ]
      ]
    },
    {
      "file_path": "/media/NFS/ttao/scannet/posed_images/scene0573_00/00109.jpg",
      "transform_matrix": [
        [
          -0.367143,
          -0.419665,
          0.830112,
          5.134193
        ],
        [
          -0.923144,
          0.273836,
          -0.269851,
          4.415259
        ],
        [
          -0.114068,
          -0.865387,
          -0.487949,
          1.405894
        ],
        [
          0.0,
          0.0,
          0.0,
          1.0
        ]
      ]
    },
    {
      "file_path": "/media/NFS/ttao/scannet/posed_images/scene0573_00/00112.jpg",
      "transform_matrix": [
        [
          -0.407897,
          -0.412319,
          0.814624,
          5.168298
        ],
        [
          -0.903447,
          0.311186,
          -0.294867,
          4.415932
        ],
        [
          -0.13192,
          -0.856246,
          -0.49944,
          1.39903
        ],
        [
          0.0,
          0.0,
          0.0,
          1.0
        ]
      ]
    },
    {
      "file_path": "/media/NFS/ttao/scannet/posed_images/scene0573_00/00115.jpg",
      "transform_matrix": [
        [
          -0.479906,
          -0.360766,
          0.799711,
          5.201727
        ],
        [
          -0.870766,
          0.307082,
          -0.384015,
          4.416642
        ],
        [
          -0.107038,
          -0.880652,
          -0.461513,
          1.395346
        ],
        [
          0.0,
          0.0,
          0.0,
          1.0
        ]
      ]
    },
    {
      "file_path": "/media/NFS/ttao/scannet/posed_images/scene0573_00/00117.jpg",
      "transform_matrix": [
        [
          -0.506318,
          -0.3604,
          0.783424,
          5.215597
        ],
        [
          -0.856107,
          0.319158,
          -0.40647,
          4.423236
        ],
        [
          -0.103545,
          -0.876499,
          -0.470137,
          1.389039
        ],
        [
          0.0,
          0.0,
          0.0,
          1.0
        ]
      ]
    },
    {
      "file_path": "/media/NFS/ttao/scannet/posed_images/scene0573_00/00120.jpg",
      "transform_matrix": [
        [
          -0.504817,
          -0.38653,
          0.771852,
          5.22512
        ],
        [
          -0.853406,
          0.357965,
          -0.378893,
          4.420365
        ],
        [
          -0.129842,
          -0.849974,
          -0.510574,
          1.396821
        ],
        [
          0.0,
          0.0,
          0.0,
          1.0
        ]
      ]
    },
    {
      "file_path": "/media/NFS/ttao/scannet/posed_images/scene0573_00/00124.jpg",
      "transform_matrix": [
        [
          -0.552432,
          -0.347141,
          0.757834,
          5.234391
        ],
        [
          -0.822695,
          0.373364,
          -0.428686,
          4.430728
        ],
        [
          -0.134134,
          -0.860286,
          -0.49185,
          1.401851
        ],
        [
          0.0,
          0.0,
          0.0,
          1.0
        ]
      ]
    },
    {
      "file_path": "/media/NFS/ttao/scannet/posed_images/scene0573_00/00126.jpg",
      "transform_matrix": [
        [
          -0.574181,
          -0.345145,
          0.742423,
          5.237978
        ],
        [
          -0.808439,
          0.382325,
          -0.447498,
          4.437628
        ],
        [
          -0.129395,
          -0.857148,
          -0.498552,
          1.405904
        ],
        [
          0.0,
          0.0,
          0.0,
          1.0
        ]
      ]
    },
    {
      "file_path": "/media/NFS/ttao/scannet/posed_images/scene0573_00/00128.jpg",
      "transform_matrix": [
        [
          -0.601442,
          -0.334513,
          0.725513,
          5.238927
        ],
        [
          -0.790551,
          0.380267,
          -0.480027,
          4.446979
        ],
        [
          -0.115313,
          -0.862263,
          -0.493158,
          1.407554
        ],
        [
          0.0,
          0.0,
          0.0,
          1.0
        ]
      ]
    },
    {
      "file_path": "/media/NFS/ttao/scannet/posed_images/scene0573_00/00132.jpg",
      "transform_matrix": [
        [
          -0.651661,
          -0.320313,
          0.687559,
          5.237362
        ],
        [
          -0.751965,
          0.391646,
          -0.530248,
          4.46603
        ],
        [
          -0.099435,
          -0.862562,
          -0.496084,
          1.410084
        ],
        [
          0.0,
          0.0,
          0.0,
          1.0
        ]
      ]
    },
    {
      "file_path": "/media/NFS/ttao/scannet/posed_images/scene0573_00/00135.jpg",
      "transform_matrix": [
        [
          -0.684342,
          -0.304595,
          0.662494,
          5.236088
        ],
        [
          -0.72306,
          0.400769,
          -0.562643,
          4.481713
        ],
        [
          -0.094129,
          -0.864064,
          -0.494504,
          1.413822
        ],
        [
          0.0,
          0.0,
          0.0,
          1.0
        ]
      ]
    },
    {
      "file_path": "/media/NFS/ttao/scannet/posed_images/scene0573_00/00138.jpg",
      "transform_matrix": [
        [
          -0.711549,
          -0.292768,
          0.638737,
          5.233817
        ],
        [
          -0.697183,
          0.407222,
          -0.590005,
          4.495284
        ],
        [
          -0.087373,
          -0.865134,
          -0.493871,
          1.416298
        ],
        [
          0.0,
          0.0,
          0.0,
          1.0
        ]
      ]
    },
    {
      "file_path": "/media/NFS/ttao/scannet/posed_images/scene0573_00/00139.jpg",
      "transform_matrix": [
        [
          -0.720908,
          -0.28933,
          0.629746,
          5.232861
        ],
        [
          -0.688107,
          0.406961,
          -0.600743,
          4.499354
        ],
        [
          -0.082469,
          -0.866413,
          -0.492471,
          1.417168
        ],
        [
          0.0,
          0.0,
          0.0,
          1.0
        ]
      ]
    },
    {
      "file_path": "/media/NFS/ttao/scannet/posed_images/scene0573_00/00142.jpg",
      "transform_matrix": [
        [
          -0.748876,
          -0.273928,
          0.603447,
          5.228717
        ],
        [
          -0.659185,
          0.401688,
          -0.635705,
          4.513727
        ],
        [
          -0.06826,
          -0.873848,
          -0.481384,
          1.416925
        ],
        [
          0.0,
          0.0,
          0.0,
          1.0
        ]
      ]
    },
    {
      "file_path": "/media/NFS/ttao/scannet/posed_images/scene0573_00/00146.jpg",
      "transform_matrix": [
        [
          -0.769903,
          -0.259788,
          0.582889,
          5.218884
        ],
        [
          -0.633507,
          0.42124,
          -0.649019,
          4.537313
        ],
        [
          -0.076929,
          -0.868946,
          -0.488892,
          1.410885
        ],
        [
          0.0,
          0.0,
          0.0,
          1.0
        ]
      ]
    },
    {
      "file_path": "/media/NFS/ttao/scannet/posed_images/scene0573_00/00148.jpg",
      "transform_matrix": [
        [
          -0.769244,
          -0.26164,
          0.582931,
          5.213585
        ],
        [
          -0.633407,
          0.432226,
          -0.641854,
          4.549805
        ],
        [
          -0.084024,
          -0.862975,
          -0.498212,
          1.411109
        ],
        [
          0.0,
          0.0,
          0.0,
          1.0
        ]
      ]
    },
    {
      "file_path": "/media/NFS/ttao/scannet/posed_images/scene0573_00/00150.jpg",
      "transform_matrix": [
        [
          -0.773638,
          -0.260033,
          0.577813,
          5.209158
        ],
        [
          -0.62793,
          0.436661,
          -0.644229,
          4.561184
        ],
        [
          -0.084787,
          -0.861226,
          -0.5011,
          1.408824
        ],
        [
          0.0,
          0.0,
          0.0,
          1.0
        ]
      ]
    },
    {
      "file_path": "/media/NFS/ttao/scannet/posed_images/scene0573_00/00153.jpg",
      "transform_matrix": [
        [
          -0.781311,
          -0.263358,
          0.565858,
          5.196934
        ],
        [
          -0.618883,
          0.444345,
          -0.647721,
          4.580514
        ],
        [
          -0.080854,
          -0.856271,
          -0.510159,
          1.401631
        ],
        [
          0.0,
          0.0,
          0.0,
          1.0
        ]
      ]
    },
    {
      "file_path": "/media/NFS/ttao/scannet/posed_images/scene0573_00/00157.jpg",
      "transform_matrix": [
        [
          -0.794559,
          -0.259921,
          0.548741,
          5.189758
        ],
        [
          -0.602876,
          0.445216,
          -0.66206,
          4.59324
        ],
        [
          -0.072225,
          -0.856869,
          -0.510451,
          1.399156
        ],
        [
          0.0,
          0.0,
          0.0,
          1.0
        ]
      ]
    },
    {
      "file_path": "/media/NFS/ttao/scannet/posed_images/scene0573_00/00159.jpg",
      "transform_matrix": [
        [
          -0.796883,
          -0.256319,
          0.547063,
          5.184254
        ],
        [
          -0.59943,
          0.448243,
          -0.663146,
          4.596023
        ],
        [
          -0.07524,
          -0.856376,
          -0.510843,
          1.399534
        ],
        [
          0.0,
          0.0,
          0.0,
          1.0
        ]
      ]
    },
    {
      "file_path": "/media/NFS/ttao/scannet/posed_images/scene0573_00/00160.jpg",
      "transform_matrix": [
        [
          -0.798202,
          -0.252182,
          0.547064,
          5.181187
        ],
        [
          -0.597313,
          0.449002,
          -0.664541,
          4.597223
        ],
        [
          -0.078048,
          -0.857206,
          -0.509025,
          1.398542
        ],
        [
          0.0,
          0.0,
          0.0,
          1.0
        ]
      ]
    },
    {
      "file_path": "/media/NFS/ttao/scannet/posed_images/scene0573_00/00163.jpg",
      "transform_matrix": [
        [
          -0.805545,
          -0.244557,
          0.539712,
          5.175608
        ],
        [
          -0.587537,
          0.447726,
          -0.674049,
          4.599304
        ],
        [
          -0.076799,
          -0.860078,
          -0.50435,
          1.40009
        ],
        [
          0.0,
          0.0,
          0.0,
          1.0
        ]
      ]
    },
    {
      "file_path": "/media/NFS/ttao/scannet/posed_images/scene0573_00/00166.jpg",
      "transform_matrix": [
        [
          -0.81999,
          -0.230708,
          0.523823,
          5.166825
        ],
        [
          -0.567319,
          0.448993,
          -0.690329,
          4.593916
        ],
        [
          -0.075928,
          -0.863238,
          -0.499054,
          1.400592
        ],
        [
          0.0,
          0.0,
          0.0,
          1.0
        ]
      ]
    },
    {
      "file_path": "/media/NFS/ttao/scannet/posed_images/scene0573_00/00169.jpg",
      "transform_matrix": [
        [
          -0.834188,
          -0.220398,
          0.505526,
          5.159523
        ],
        [
          -0.546548,
          0.452733,
          -0.704498,
          4.583969
        ],
        [
          -0.073598,
          -0.863978,
          -0.498123,
          1.401944
        ],
        [
          0.0,
          0.0,
          0.0,
          1.0
        ]
      ]
    },
    {
      "file_path": "/media/NFS/ttao/scannet/posed_images/scene0573_00/00171.jpg",
      "transform_matrix": [
        [
          -0.846769,
          -0.208427,
          0.489429,
          5.154835
        ],
        [
          -0.526859,
          0.455715,
          -0.717457,
          4.575357
        ],
        [
          -0.073502,
          -0.86538,
          -0.495697,
          1.402656
        ],
        [
          0.0,
          0.0,
          0.0,
          1.0
        ]
      ]
    },
    {
      "file_path": "/media/NFS/ttao/scannet/posed_images/scene0573_00/00174.jpg",
      "transform_matrix": [
        [
          -0.861409,
          -0.189527,
          0.471226,
          5.145134
        ],
        [
          -0.501606,
          0.463191,
          -0.730648,
          4.560469
        ],
        [
          -0.079791,
          -0.865756,
          -0.494065,
          1.403906
        ],
        [
          0.0,
          0.0,
          0.0,
          1.0
        ]
      ]
    },
    {
      "file_path": "/media/NFS/ttao/scannet/posed_images/scene0573_00/00177.jpg",
      "transform_matrix": [
        [
          -0.874313,
          -0.166956,
          0.455744,
          5.135699
        ],
        [
          -0.477551,
          0.463701,
          -0.746275,
          4.544955
        ],
        [
          -0.086734,
          -0.870119,
          -0.48515,
          1.406856
        ],
        [
          0.0,
          0.0,
          0.0,
          1.0
        ]
      ]
    },
    {
      "file_path": "/media/NFS/ttao/scannet/posed_images/scene0573_00/00179.jpg",
      "transform_matrix": [
        [
          -0.882434,
          -0.153488,
          0.444694,
          5.129313
        ],
        [
          -0.461817,
          0.462763,
          -0.756687,
          4.532654
        ],
        [
          -0.089645,
          -0.873094,
          -0.479241,
          1.410561
        ],
        [
          0.0,
          0.0,
          0.0,
          1.0
        ]
      ]
    },
    {
      "file_path": "/media/NFS/ttao/scannet/posed_images/scene0573_00/00184.jpg",
      "transform_matrix": [
        [
          -0.907362,
          -0.097797,
          0.408814,
          5.100513
        ],
        [
          -0.408016,
          0.438769,
          -0.800627,
          4.48544
        ],
        [
          -0.101076,
          -0.893262,
          -0.438026,
          1.423932
        ],
        [
          0.0,
          0.0,
          0.0,
          1.0
        ]
      ]
    },
    {
      "file_path": "/media/NFS/ttao/scannet/posed_images/scene0573_00/00187.jpg",
      "transform_matrix": [
        [
          -0.914177,
          -0.088651,
          0.395502,
          5.090962
        ],
        [
          -0.392787,
          0.43451,
          -0.810506,
          4.460655
        ],
        [
          -0.099997,
          -0.896293,
          -0.43204,
          1.432219
        ],
        [
          0.0,
          0.0,
          0.0,
          1.0
        ]
      ]
    },
    {
      "file_path": "/media/NFS/ttao/scannet/posed_images/scene0573_00/00189.jpg",
      "transform_matrix": [
        [
          -0.924627,
          -0.076598,
          0.373091,
          5.083932
        ],
        [
          -0.369376,
          0.419208,
          -0.829353,
          4.441371
        ],
        [
          -0.092876,
          -0.904653,
          -0.415904,
          1.433822
        ],
        [
          0.0,
          0.0,
          0.0,
          1.0
        ]
      ]
    },
    {
      "file_path": "/media/NFS/ttao/scannet/posed_images/scene0573_00/00192.jpg",
      "transform_matrix": [
        [
          -0.934476,
          -0.056132,
          0.351572,
          5.071408
        ],
        [
          -0.34222,
          0.413934,
          -0.84353,
          4.407846
        ],
        [
          -0.098179,
          -0.908575,
          -0.406022,
          1.435306
        ],
        [
          0.0,
          0.0,
          0.0,
          1.0
        ]
      ]
    },
    {
      "file_path": "/media/NFS/ttao/scannet/posed_images/scene0573_00/00195.jpg",
      "transform_matrix": [
        [
          -0.942886,
          -0.037046,
          0.33105,
          5.061677
        ],
        [
          -0.315915,
          0.414665,
          -0.853376,
          4.373673
        ],
        [
          -0.10566,
          -0.90922,
          -0.402685,
          1.438997
        ],
        [
          0.0,
          0.0,
          0.0,
          1.0
        ]
      ]
    },
    {
      "file_path": "/media/NFS/ttao/scannet/posed_images/scene0573_00/00196.jpg",
      "transform_matrix": [
        [
          -0.945611,
          -0.029546,
          0.323953,
          5.0587
        ],
        [
          -0.306235,
          0.416756,
          -0.855882,
          4.361117
        ],
        [
          -0.109722,
          -0.908538,
          -0.403138,
          1.442619
        ],
        [
          0.0,
          0.0,
          0.0,
          1.0
        ]
      ]
    },
    {
      "file_path": "/media/NFS/ttao/scannet/posed_images/scene0573_00/00200.jpg",
      "transform_matrix": [
        [
          -0.955509,
          0.004642,
          0.294926,
          5.040128
        ],
        [
          -0.266644,
          0.413906,
          -0.870392,
          4.302067
        ],
        [
          -0.126113,
          -0.910308,
          -0.394253,
          1.443792
        ],
        [
          0.0,
          0.0,
          0.0,
          1.0
        ]
      ]
    },
    {
      "file_path": "/media/NFS/ttao/scannet/posed_images/scene0573_00/00201.jpg",
      "transform_matrix": [
        [
          -0.957172,
          0.006967,
          0.289435,
          5.037094
        ],
        [
          -0.260611,
          0.414718,
          -0.871832,
          4.290883
        ],
        [
          -0.126108,
          -0.909923,
          -0.395141,
          1.444586
        ],
        [
          0.0,
          0.0,
          0.0,
          1.0
        ]
      ]
    },
    {
      "file_path": "/media/NFS/ttao/scannet/posed_images/scene0573_00/00204.jpg",
      "transform_matrix": [
        [
          -0.963303,
          0.014077,
          0.268048,
          5.02943
        ],
        [
          -0.239298,
          0.407332,
          -0.881373,
          4.257671
        ],
        [
          -0.121591,
          -0.913172,
          -0.389015,
          1.443633
        ],
        [
          0.0,
          0.0,
          0.0,
          1.0
        ]
      ]
    },
    {
      "file_path": "/media/NFS/ttao/scannet/posed_images/scene0573_00/00207.jpg",
      "transform_matrix": [
        [
          -0.967748,
          0.021413,
          0.25101,
          5.023541
        ],
        [
          -0.220674,
          0.408583,
          -0.885643,
          4.225863
        ],
        [
          -0.121523,
          -0.91247,
          -0.39068,
          1.441712
        ],
        [
          0.0,
          0.0,
          0.0,
          1.0
        ]
      ]
    },
    {
      "file_path": "/media/NFS/ttao/scannet/posed_images/scene0573_00/00211.jpg",
      "transform_matrix": [
        [
          -0.979289,
          0.004807,
          0.202409,
          5.027152
        ],
        [
          -0.18162,
          0.420972,
          -0.888705,
          4.184518
