{
  "frames": [
    {
      "file_path": "/media/NFS/ttao/scannet/posed_images/scene0432_00/00000.jpg",
      "transform_matrix": [
        [
          0.899929,
          -0.271806,
          0.340954,
          2.212802
        ],
        [
          -0.434354,
          -0.490181,
          0.755685,
          2.426339
        ],
        [
          -0.038271,
          -0.828157,
          -0.559188,
          1.272969
        ],
        [
          0.0,
          0.0,
          0.0,
          1.0
        ]
      ]
    },
    {
      "file_path": "/media/NFS/ttao/scannet/posed_images/scene0432_00/00001.jpg",
      "transform_matrix": [
        [
          0.905556,
          -0.264049,
          0.332035,
          2.217716
        ],
        [
          -0.422139,
          -0.483289,
          0.766962,
          2.410968
        ],
        [
          -0.042047,
          -0.834691,
          -0.549111,
          1.270827
        ],
        [
          0.0,
          0.0,
          0.0,
          1.0
        ]
      ]
    },
    {
      "file_path": "/media/NFS/ttao/scannet/posed_images/scene0432_00/00003.jpg",
      "transform_matrix": [
        [
          0.907677,
          -0.265869,
          0.32471,
          2.220759
        ],
        [
          -0.417803,
          -0.49956,
          0.758868,
          2.40715
        ],
        [
          -0.039547,
          -0.824472,
          -0.56452,
          1.271138
        ],
        [
          0.0,
          0.0,
          0.0,
          1.0
        ]
      ]
    },
    {
      "file_path": "/media/NFS/ttao/scannet/posed_images/scene0432_00/00005.jpg",
      "transform_matrix": [
        [
          0.913526,
          -0.264871,
          0.308729,
          2.226819
        ],
        [
          -0.404703,
          -0.515196,
          0.755506,
          2.409594
        ],
        [
          -0.041056,
          -0.815117,
          -0.577839,
          1.281478
        ],
        [
          0.0,
          0.0,
          0.0,
          1.0
        ]
      ]
    },
    {
      "file_path": "/media/NFS/ttao/scannet/posed_images/scene0432_00/00007.jpg",
      "transform_matrix": [
        [
          0.918334,
          -0.261572,
          0.297058,
          2.232028
        ],
        [
          -0.392395,
          -0.503317,
          0.769869,
          2.405336
        ],
        [
          -0.051862,
          -0.823561,
          -0.564852,
          1.286915
        ],
        [
          0.0,
          0.0,
          0.0,
          1.0
        ]
      ]
    },
    {
      "file_path": "/media/NFS/ttao/scannet/posed_images/scene0432_00/00009.jpg",
      "transform_matrix": [
        [
          0.920692,
          -0.260824,
          0.290339,
          2.235715
        ],
        [
          -0.385551,
          -0.492247,
          0.780412,
          2.400146
        ],
        [
          -0.060632,
          -0.83046,
          -0.553769,
          1.290235
        ],
        [
          0.0,
          0.0,
          0.0,
          1.0
        ]
      ]
    },
    {
      "file_path": "/media/NFS/ttao/scannet/posed_images/scene0432_00/00011.jpg",
      "transform_matrix": [
        [
          0.926859,
          -0.248068,
          0.28177,
          2.232028
        ],
        [
          -0.370731,
          -0.486706,
          0.790997,
          2.39287
        ],
        [
          -0.059082,
          -0.837604,
          -0.543074,
          1.290332
        ],
        [
          0.0,
          0.0,
          0.0,
          1.0
        ]
      ]
    },
    {
      "file_path": "/media/NFS/ttao/scannet/posed_images/scene0432_00/00012.jpg",
      "transform_matrix": [
        [
          0.930604,
          -0.238636,
          0.277541,
          2.232882
        ],
        [
          -0.36218,
          -0.490686,
          0.792498,
          2.392247
        ],
        [
          -0.052933,
          -0.838022,
          -0.543064,
          1.290341
        ],
        [
          0.0,
          0.0,
          0.0,
          1.0
        ]
      ]
    },
    {
      "file_path": "/media/NFS/ttao/scannet/posed_images/scene0432_00/00013.jpg",
      "transform_matrix": [
        [
          0.934849,
          -0.227887,
          0.272259,
          2.2343
        ],
        [
          -0.352192,
          -0.498197,
          0.792313,
          2.393712
        ],
        [
          -0.044919,
          -0.836581,
          -0.545999,
          1.293985
        ],
        [
          0.0,
          0.0,
          0.0,
          1.0
        ]
      ]
    },
    {
      "file_path": "/media/NFS/ttao/scannet/posed_images/scene0432_00/00015.jpg",
      "transform_matrix": [
        [
          0.941988,
          -0.21077,
          0.261218,
          2.232445
        ],
        [
          -0.333648,
          -0.503187,
          0.797172,
          2.395669
        ],
        [
          -0.036579,
          -0.838081,
          -0.544319,
          1.300352
        ],
        [
          0.0,
          0.0,
          0.0,
          1.0
        ]
      ]
    },
    {
      "file_path": "/media/NFS/ttao/scannet/posed_images/scene0432_00/00017.jpg",
      "transform_matrix": [
        [
          0.94882,
          -0.196303,
          0.247398,
          2.231739
        ],
        [
          -0.313957,
          -0.501382,
          0.806255,
          2.395782
        ],
        [
          -0.034229,
          -0.842663,
          -0.537352,
          1.304157
        ],
        [
          0.0,
          0.0,
          0.0,
          1.0
        ]
      ]
    },
    {
      "file_path": "/media/NFS/ttao/scannet/posed_images/scene0432_00/00019.jpg",
      "transform_matrix": [
        [
          0.955354,
          -0.180438,
          0.233968,
          2.227913
        ],
        [
          -0.29399,
          -0.50154,
          0.813651,
          2.393857
        ],
        [
          -0.029469,
          -0.846109,
          -0.532195,
          1.30626
        ],
        [
          0.0,
          0.0,
          0.0,
          1.0
        ]
      ]
    },
    {
      "file_path": "/media/NFS/ttao/scannet/posed_images/scene0432_00/00020.jpg",
      "transform_matrix": [
        [
          0.957906,
          -0.172681,
          0.229341,
          2.222226
        ],
        [
          -0.286042,
          -0.506182,
          0.813609,
          2.398409
        ],
        [
          -0.024406,
          -0.844962,
          -0.534268,
          1.309007
        ],
        [
          0.0,
          0.0,
          0.0,
          1.0
        ]
      ]
    },
    {
      "file_path": "/media/NFS/ttao/scannet/posed_images/scene0432_00/00023.jpg",
      "transform_matrix": [
        [
          0.967194,
          -0.152557,
          0.203131,
          2.21382
        ],
        [
          -0.253022,
          -0.507018,
          0.823961,
          2.401374
        ],
        [
          -0.02271,
          -0.848327,
          -0.528985,
          1.318351
        ],
        [
          0.0,
          0.0,
          0.0,
          1.0
        ]
      ]
    },
    {
      "file_path": "/media/NFS/ttao/scannet/posed_images/scene0432_00/00024.jpg",
      "transform_matrix": [
        [
          0.970346,
          -0.148011,
          0.191108,
          2.216122
        ],
        [
          -0.240285,
          -0.504555,
          0.829269,
          2.400889
        ],
        [
          -0.026317,
          -0.850598,
          -0.525158,
          1.319982
        ],
        [
          0.0,
          0.0,
          0.0,
          1.0
        ]
      ]
    },
    {
      "file_path": "/media/NFS/ttao/scannet/posed_images/scene0432_00/00026.jpg",
      "transform_matrix": [
        [
          0.974108,
          -0.142762,
          0.175307,
          2.213937
        ],
        [
          -0.223752,
          -0.497713,
          0.837983,
          2.40053
        ],
        [
          -0.032379,
          -0.855512,
          -0.51677,
          1.323696
        ],
        [
          0.0,
          0.0,
          0.0,
          1.0
        ]
      ]
    },
    {
      "file_path": "/media/NFS/ttao/scannet/posed_images/scene0432_00/00027.jpg",
      "transform_matrix": [
        [
          0.975694,
          -0.13993,
          0.168644,
          2.210797
        ],
        [
          -0.216478,
          -0.495948,
          0.840935,
          2.400938
        ],
        [
          -0.034034,
          -0.857003,
          -0.514186,
          1.324473
        ],
        [
          0.0,
          0.0,
          0.0,
          1.0
        ]
      ]
    },
    {
      "file_path": "/media/NFS/ttao/scannet/posed_images/scene0432_00/00029.jpg",
      "transform_matrix": [
        [
          0.979787,
          -0.131692,
          0.150584,
          2.205123
        ],
        [
          -0.196615,
          -0.495138,
          0.846275,
          2.400611
        ],
        [
          -0.036888,
          -0.858776,
          -0.511022,
          1.327172
        ],
        [
          0.0,
          0.0,
          0.0,
          1.0
        ]
      ]
    },
    {
      "file_path": "/media/NFS/ttao/scannet/posed_images/scene0432_00/00031.jpg",
      "transform_matrix": [
        [
          0.985453,
          -0.116252,
          0.123967,
          2.203959
        ],
        [
          -0.165746,
          -0.496219,
          0.85223,
          2.403067
        ],
        [
          -0.037559,
          -0.860379,
          -0.508269,
          1.331494
        ],
        [
          0.0,
          0.0,
          0.0,
          1.0
        ]
      ]
    },
    {
      "file_path": "/media/NFS/ttao/scannet/posed_images/scene0432_00/00033.jpg",
      "transform_matrix": [
        [
          0.989555,
          -0.106099,
          0.097593,
          2.203393
        ],
        [
          -0.137745,
          -0.49625,
          0.857183,
          2.404518
        ],
        [
          -0.042515,
          -0.861672,
          -0.505681,
          1.333369
        ],
        [
          0.0,
          0.0,
          0.0,
          1.0
        ]
      ]
    },
    {
      "file_path": "/media/NFS/ttao/scannet/posed_images/scene0432_00/00035.jpg",
      "transform_matrix": [
        [
          0.992527,
          -0.095176,
          0.076363,
          2.202534
        ],
        [
          -0.113736,
          -0.494867,
          0.861494,
          2.403884
        ],
        [
          -0.044204,
          -0.863741,
          -0.501993,
          1.334768
        ],
        [
          0.0,
          0.0,
          0.0,
          1.0
        ]
      ]
    },
    {
      "file_path": "/media/NFS/ttao/scannet/posed_images/scene0432_00/00036.jpg",
      "transform_matrix": [
        [
          0.993689,
          -0.090261,
          0.066598,
          2.201278
        ],
        [
          -0.102762,
          -0.494511,
          0.863075,
          2.40444
        ],
        [
          -0.044968,
          -0.864472,
          -0.500665,
          1.336507
        ],
        [
          0.0,
          0.0,
          0.0,
          1.0
        ]
      ]
    },
    {
      "file_path": "/media/NFS/ttao/scannet/posed_images/scene0432_00/00038.jpg",
      "transform_matrix": [
        [
          0.995818,
          -0.077337,
          0.048645,
          2.200887
        ],
        [
          -0.080501,
          -0.490908,
          0.867484,
          2.401935
        ],
        [
          -0.043208,
          -0.867772,
          -0.49508,
          1.336031
        ],
        [
          0.0,
          0.0,
          0.0,
          1.0
        ]
      ]
    },
    {
      "file_path": "/media/NFS/ttao/scannet/posed_images/scene0432_00/00039.jpg",
      "transform_matrix": [
        [
          0.996774,
          -0.068978,
          0.041025,
          2.199875
        ],
        [
          -0.069852,
          -0.493923,
          0.866695,
          2.400658
        ],
        [
          -0.03952,
          -0.866765,
          -0.497148,
          1.335584
        ],
        [
          0.0,
          0.0,
          0.0,
          1.0
        ]
      ]
    },
    {
      "file_path": "/media/NFS/ttao/scannet/posed_images/scene0432_00/00041.jpg",
      "transform_matrix": [
        [
          0.998334,
          -0.050459,
          0.028004,
          2.201151
        ],
        [
          -0.049524,
          -0.499984,
          0.864618,
          2.396498
        ],
        [
          -0.029626,
          -0.864563,
          -0.50165,
          1.336681
        ],
        [
          0.0,
          0.0,
          0.0,
          1.0
        ]
      ]
    },
    {
      "file_path": "/media/NFS/ttao/scannet/posed_images/scene0432_00/00043.jpg",
      "transform_matrix": [
        [
          0.999113,
          -0.040449,
          0.011724,
          2.200115
        ],
        [
          -0.030527,
          -0.50382,
          0.863269,
          2.395146
        ],
        [
          -0.029011,
          -0.862861,
          -0.504608,
          1.339772
        ],
        [
          0.0,
          0.0,
          0.0,
          1.0
        ]
      ]
    },
    {
      "file_path": "/media/NFS/ttao/scannet/posed_images/scene0432_00/00045.jpg",
      "transform_matrix": [
        [
          0.999404,
          -0.032559,
          -0.011435,
          2.202038
        ],
        [
          -0.006461,
          -0.502065,
          0.864806,
          2.389912
        ],
        [
          -0.033899,
          -0.864217,
          -0.501977,
          1.339193
        ],
        [
          0.0,
          0.0,
          0.0,
          1.0
        ]
      ]
    },
    {
      "file_path": "/media/NFS/ttao/scannet/posed_images/scene0432_00/00046.jpg",
      "transform_matrix": [
        [
          0.999318,
          -0.028308,
          -0.023715,
          2.205988
        ],
        [
          0.006321,
          -0.501584,
          0.865086,
          2.386664
        ],
        [
          -0.036383,
          -0.864646,
          -0.501063,
          1.336544
        ],
        [
          0.0,
          0.0,
          0.0,
          1.0
        ]
      ]
    },
    {
      "file_path": "/media/NFS/ttao/scannet/posed_images/scene0432_00/00049.jpg",
      "transform_matrix": [
        [
          0.998243,
          -0.018261,
          -0.056365,
          2.208483
        ],
        [
          0.038961,
          -0.514398,
          0.856666,
          2.381642
        ],
        [
          -0.044637,
          -0.857357,
          -0.512782,
          1.336866
        ],
        [
          0.0,
          0.0,
          0.0,
          1.0
        ]
      ]
    },
    {
      "file_path": "/media/NFS/ttao/scannet/posed_images/scene0432_00/00050.jpg",
      "transform_matrix": [
        [
          0.99764,
          -0.013523,
          -0.06732,
          2.208646
        ],
        [
          0.050799,
          -0.514293,
          0.856109,
          2.378433
        ],
        [
          -0.046199,
          -0.857508,
          -0.512392,
          1.337121
        ],
        [
          0.0,
          0.0,
          0.0,
          1.0
        ]
      ]
    },
    {
      "file_path": "/media/NFS/ttao/scannet/posed_images/scene0432_00/00051.jpg",
      "transform_matrix": [
        [
          0.99679,
          -0.009697,
          -0.079471,
          2.209392
        ],
        [
          0.063207,
          -0.51394,
          0.855494,
          2.375627
        ],
        [
          -0.049139,
          -0.857771,
          -0.511677,
          1.336558
        ],
        [
          0.0,
          0.0,
          0.0,
          1.0
        ]
      ]
    },
    {
      "file_path": "/media/NFS/ttao/scannet/posed_images/scene0432_00/00053.jpg",
      "transform_matrix": [
        [
          0.995011,
          -0.002622,
          -0.099731,
          2.212352
        ],
        [
          0.084142,
          -0.515049,
          0.853021,
          2.369183
        ],
        [
          -0.053603,
          -0.857157,
          -0.512259,
          1.335967
        ],
        [
          0.0,
          0.0,
          0.0,
          1.0
        ]
      ]
    },
    {
      "file_path": "/media/NFS/ttao/scannet/posed_images/scene0432_00/00055.jpg",
      "transform_matrix": [
        [
          0.99257,
          0.003102,
          -0.121634,
          2.215667
        ],
        [
          0.105602,
          -0.518515,
          0.848523,
          2.361278
        ],
        [
          -0.060437,
          -0.855063,
          -0.51499,
          1.331798
        ],
        [
          0.0,
          0.0,
          0.0,
          1.0
        ]
      ]
    },
    {
      "file_path": "/media/NFS/ttao/scannet/posed_images/scene0432_00/00057.jpg",
      "transform_matrix": [
        [
          0.988481,
          0.011035,
          -0.150942,
          2.217398
        ],
        [
          0.133811,
          -0.529693,
          0.837568,
          2.355656
        ],
        [
          -0.07071,
          -0.848118,
          -0.525068,
          1.333411
        ],
        [
          0.0,
          0.0,
          0.0,
          1.0
        ]
      ]
    },
    {
      "file_path": "/media/NFS/ttao/scannet/posed_images/scene0432_00/00059.jpg",
      "transform_matrix": [
        [
          0.985128,
          0.014954,
          -0.171174,
          2.220253
        ],
        [
          0.152491,
          -0.535202,
          0.830846,
          2.349454
        ],
        [
          -0.079188,
          -0.844592,
          -0.529523,
          1.335398
        ],
        [
          0.0,
          0.0,
          0.0,
          1.0
        ]
      ]
    },
    {
      "file_path": "/media/NFS/ttao/scannet/posed_images/scene0432_00/00061.jpg",
      "transform_matrix": [
        [
          0.983848,
          0.014818,
          -0.178393,
          2.20521
        ],
        [
          0.158168,
          -0.538627,
          0.827565,
          2.340955
        ],
        [
          -0.083825,
          -0.842414,
          -0.53227,
          1.337003
        ],
        [
          0.0,
          0.0,
          0.0,
          1.0
        ]
      ]
    },
    {
      "file_path": "/media/NFS/ttao/scannet/posed_images/scene0432_00/00062.jpg",
      "transform_matrix": [
        [
          0.983085,
          0.01504,
          -0.182532,
          2.205672
        ],
        [
          0.161694,
          -0.539347,
          0.826414,
          2.337067
        ],
        [
          -0.086019,
          -0.841949,
          -0.532656,
          1.336686
        ],
        [
          0.0,
          0.0,
          0.0,
          1.0
        ]
      ]
    },
    {
      "file_path": "/media/NFS/ttao/scannet/posed_images/scene0432_00/00064.jpg",
      "transform_matrix": [
        [
          0.983417,
          0.017071,
          -0.180555,
          2.19313
        ],
        [
          0.161284,
          -0.53761,
          0.827625,
          2.328339
        ],
        [
          -0.08294,
          -0.843021,
          -0.531447,
          1.336072
        ],
        [
          0.0,
          0.0,
          0.0,
          1.0
        ]
      ]
    },
    {
      "file_path": "/media/NFS/ttao/scannet/posed_images/scene0432_00/00065.jpg",
      "transform_matrix": [
        [
          0.983628,
          0.021163,
          -0.178966,
          2.190137
        ],
        [
          0.162339,
          -0.535247,
          0.828949,
          2.324135
        ],
        [
          -0.078248,
          -0.84443,
          -0.52992,
          1.335144
        ],
        [
          0.0,
          0.0,
          0.0,
          1.0
        ]
      ]
    },
    {
      "file_path": "/media/NFS/ttao/scannet/posed_images/scene0432_00/00067.jpg",
      "transform_matrix": [
        [
          0.984757,
          0.032358,
          -0.170899,
          2.180791
        ],
        [
          0.161993,
          -0.528415,
          0.833389,
          2.31093
        ],
        [
          -0.063339,
          -0.84837,
          -0.525602,
          1.321837
        ],
        [
          0.0,
          0.0,
          0.0,
          1.0
        ]
      ]
    },
    {
      "file_path": "/media/NFS/ttao/scannet/posed_images/scene0432_00/00069.jpg",
      "transform_matrix": [
        [
          0.985316,
          0.046421,
          -0.164311,
          2.16204
        ],
        [
          0.162859,
          -0.544547,
          0.822767,
          2.297302
        ],
        [
          -0.051281,
          -0.837445,
          -0.544111,
          1.308511
        ],
        [
          0.0,
          0.0,
          0.0,
          1.0
        ]
      ]
    },
    {
      "file_path": "/media/NFS/ttao/scannet/posed_images/scene0432_00/00071.jpg",
      "transform_matrix": [
        [
          0.986374,
          0.044757,
          -0.158312,
          2.13
        ],
        [
          0.155984,
          -0.560301,
          0.813469,
          2.281451
        ],
        [
          -0.052294,
          -0.827079,
          -0.559647,
          1.302555
        ],
        [
          0.0,
          0.0,
          0.0,
          1.0
        ]
      ]
    },
    {
      "file_path": "/media/NFS/ttao/scannet/posed_images/scene0432_00/00072.jpg",
      "transform_matrix": [
        [
          0.986822,
          0.041927,
          -0.156286,
          2.123014
        ],
        [
          0.152228,
          -0.56803,
          0.808807,
          2.274475
        ],
        [
          -0.054864,
          -0.821939,
          -0.566927,
          1.296671
        ],
        [
          0.0,
          0.0,
          0.0,
          1.0
        ]
      ]
    },
    {
      "file_path": "/media/NFS/ttao/scannet/posed_images/scene0432_00/00074.jpg",
      "transform_matrix": [
        [
          0.98946,
          0.029341,
          -0.141806,
          2.097216
        ],
        [
          0.132026,
          -0.585081,
          0.800156,
          2.264373
        ],
        [
          -0.059491,
          -0.810444,
          -0.582788,
          1.289828
        ],
        [
          0.0,
          0.0,
          0.0,
          1.0
        ]
      ]
    },
    {
      "file_path": "/media/NFS/ttao/scannet/posed_images/scene0432_00/00075.jpg",
      "transform_matrix": [
        [
          0.99076,
          0.018917,
          -0.134298,
          2.084469
        ],
        [
          0.119549,
          -0.58943,
          0.798925,
          2.2583
        ],
        [
          -0.064046,
          -0.807598,
          -0.586245,
          1.286366
        ],
        [
          0.0,
          0.0,
          0.0,
          1.0
        ]
      ]
    },
    {
      "file_path": "/media/NFS/ttao/scannet/posed_images/scene0432_00/00078.jpg",
      "transform_matrix": [
        [
          0.992314,
          -0.003146,
          -0.123707,
          2.045754
        ],
        [
          0.097282,
          -0.598018,
          0.795557,
          2.235865
        ],
        [
          -0.076482,
          -0.801476,
          -0.593116,
          1.275261
        ],
        [
          0.0,
          0.0,
          0.0,
          1.0
        ]
      ]
    },
    {
      "file_path": "/media/NFS/ttao/scannet/posed_images/scene0432_00/00079.jpg",
      "transform_matrix": [
        [
          0.993035,
          -0.003041,
          -0.117785,
          2.033718
        ],
        [
          0.092227,
          -0.602063,
          0.793105,
          2.226638
        ],
        [
          -0.073326,
          -0.798443,
          -0.597588,
          1.269095
        ],
        [
          0.0,
          0.0,
          0.0,
          1.0
        ]
      ]
    },
    {
      "file_path": "/media/NFS/ttao/scannet/posed_images/scene0432_00/00081.jpg",
      "transform_matrix": [
        [
          0.996039,
          -0.007568,
          -0.088598,
          1.98901
        ],
        [
          0.064948,
          -0.618612,
          0.783008,
          2.20719
        ],
        [
          -0.060733,
          -0.78566,
          -0.61567,
          1.260066
        ],
        [
          0.0,
          0.0,
          0.0,
          1.0
        ]
      ]
    },
    {
      "file_path": "/media/NFS/ttao/scannet/posed_images/scene0432_00/00083.jpg",
      "transform_matrix": [
        [
          0.996995,
          -0.01543,
          -0.075916,
          1.962751
        ],
        [
          0.048628,
          -0.638198,
          0.768335,
          2.196597
        ],
        [
          -0.060305,
          -0.769718,
          -0.63553,
          1.25796
        ],
        [
          0.0,
          0.0,
          0.0,
          1.0
        ]
      ]
    },
    {
      "file_path": "/media/NFS/ttao/scannet/posed_images/scene0432_00/00085.jpg",
      "transform_matrix": [
        [
          0.996083,
          -0.031429,
          -0.082645,
          1.944824
        ],
        [
          0.043372,
          -0.640832,
          0.766455,
          2.186846
        ],
        [
          -0.07705,
          -0.767037,
          -0.636959,
          1.261633
        ],
        [
          0.0,
          0.0,
          0.0,
          1.0
        ]
      ]
    },
    {
      "file_path": "/media/NFS/ttao/scannet/posed_images/scene0432_00/00087.jpg",
      "transform_matrix": [
        [
          0.995719,
          -0.038743,
          -0.08392,
          1.931956
        ],
        [
          0.039862,
          -0.639151,
          0.768048,
          2.170902
        ],
        [
          -0.083394,
          -0.768105,
          -0.63487,
          1.26034
        ],
        [
          0.0,
          0.0,
          0.0,
          1.0
        ]
      ]
    },
    {
      "file_path": "/media/NFS/ttao/scannet/posed_images/scene0432_00/00088.jpg",
      "transform_matrix": [
        [
          0.996498,
          -0.038343,
          -0.074313,
          1.928449
        ],
        [
          0.032535,
          -0.640886,
          0.766946,
          2.161482
        ],
        [
          -0.077033,
          -0.766678,
          -0.637394,
          1.257577
        ],
        [
          0.0,
          0.0,
          0.0,
          1.0
        ]
      ]
    },
    {
      "file_path": "/media/NFS/ttao/scannet/posed_images/scene0432_00/00090.jpg",
      "transform_matrix": [
        [
          0.997949,
          -0.04637,
          -0.044141,
          1.915007
        ],
        [
          0.0037,
          -0.646562,
          0.762853,
          2.160691
        ],
        [
          -0.063913,
          -0.761451,
          -0.645064,
          1.26485
        ],
        [
          0.0,
          0.0,
          0.0,
          1.0
        ]
      ]
    },
    {
      "file_path": "/media/NFS/ttao/scannet/posed_images/scene0432_00/00092.jpg",
      "transform_matrix": [
        [
          0.998156,
          -0.053822,
          -0.028065,
          1.911377
        ],
        [
          -0.012335,
          -0.632561,
          0.774412,
          2.149264
        ],
        [
          -0.059434,
          -0.772638,
          -0.632059,
          1.264131
        ],
        [
          0.0,
          0.0,
          0.0,
          1.0
        ]
      ]
    },
    {
      "file_path": "/media/NFS/ttao/scannet/posed_images/scene0432_00/00093.jpg",
      "transform_matrix": [
        [
          0.998247,
          -0.054625,
          -0.022789,
          1.912595
        ],
        [
          -0.016526,
          -0.62694,
          0.778893,
          2.144074
        ],
        [
          -0.056834,
          -0.777151,
          -0.626743,
          1.263131
        ],
        [
          0.0,
          0.0,
          0.0,
          1.0
        ]
      ]
    },
    {
      "file_path": "/media/NFS/ttao/scannet/posed_images/scene0432_00/00095.jpg",
      "transform_matrix": [
        [
          0.998205,
          -0.058701,
          -0.011921,
          1.916047
        ],
        [
          -0.026952,
          -0.617897,
          0.785797,
          2.134201
        ],
        [
          -0.053493,
          -0.784065,
          -0.618369,
          1.260555
        ],
        [
          0.0,
          0.0,
          0.0,
          1.0
        ]
      ]
    },
    {
      "file_path": "/media/NFS/ttao/scannet/posed_images/scene0432_00/00096.jpg",
      "transform_matrix": [
        [
          0.998076,
          -0.061731,
          -0.005859,
          1.917851
        ],
        [
          -0.033451,
          -0.61557,
          0.787372,
          2.12842
        ],
        [
          -0.052212,
          -0.785661,
          -0.616451,
          1.257525
        ],
        [
          0.0,
          0.0,
          0.0,
          1.0
        ]
      ]
    },
    {
      "file_path": "/media/NFS/ttao/scannet/posed_images/scene0432_00/00099.jpg",
      "transform_matrix": [
        [
          0.997469,
          -0.070414,
          0.009903,
          1.93107
        ],
        [
          -0.051753,
          -0.623389,
          0.780197,
          2.119475
        ],
        [
          -0.048763,
          -0.778735,
          -0.625455,
          1.254364
        ],
        [
          0.0,
          0.0,
          0.0,
          1.0
        ]
      ]
    },
    {
      "file_path": "/media/NFS/ttao/scannet/posed_images/scene0432_00/00100.jpg",
      "transform_matrix": [
        [
          0.996904,
          -0.077498,
          0.013266,
          1.935568
        ],
        [
          -0.05889,
          -0.62418,
          0.779058,
          2.118248
        ],
        [
          -0.052095,
          -0.777427,
          -0.626812,
          1.254725
        ],
        [
          0.0,
          0.0,
          0.0,
          1.0
        ]
      ]
    },
    {
      "file_path": "/media/NFS/ttao/scannet/posed_images/scene0432_00/00101.jpg",
      "transform_matrix": [
        [
          0.996129,
          -0.087179,
          0.011256,
          1.942221
        ],
        [
          -0.063352,
          -0.623234,
          0.779466,
          2.119216
        ],
        [
          -0.060938,
          -0.777161,
          -0.626344,
          1.258242
        ],
        [
          0.0,
          0.0,
          0.0,
          1.0
        ]
      ]
    },
    {
      "file_path": "/media/NFS/ttao/scannet/posed_images/scene0432_00/00104.jpg",
      "transform_matrix": [
        [
          0.992942,
          -0.118594,
          -0.00106,
          1.967077
        ],
        [
          -0.070289,
          -0.595659,
          0.800156,
          2.111504
        ],
        [
          -0.095525,
          -0.794434,
          -0.599791,
          1.264978
        ],
        [
          0.0,
          0.0,
          0.0,
          1.0
        ]
      ]
    },
    {
      "file_path": "/media/NFS/ttao/scannet/posed_images/scene0432_00/00105.jpg",
      "transform_matrix": [
        [
          0.992482,
          -0.122388,
          -0.000162,
          1.977766
        ],
        [
          -0.072612,
          -0.589901,
          0.804204,
          2.105232
        ],
        [
          -0.098521,
          -0.798146,
          -0.594353,
          1.26294
        ],
        [
          0.0,
          0.0,
          0.0,
          1.0
        ]
      ]
    },
    {
      "file_path": "/media/NFS/ttao/scannet/posed_images/scene0432_00/00107.jpg",
      "transform_matrix": [
        [
          0.991832,
          -0.126776,
          0.014036,
          1.997782
        ],
        [
          -0.086818,
          -0.590376,
          0.802445,
          2.101324
        ],
        [
          -0.093445,
          -0.797109,
          -0.596561,
          1.263923
        ],
        [
          0.0,
          0.0,
          0.0,
          1.0
        ]
      ]
    },
    {
      "file_path": "/media/NFS/ttao/scannet/posed_images/scene0432_00/00109.jpg",
      "transform_matrix": [
        [
          0.991707,
          -0.12587,
          0.025951,
          2.022638
        ],
        [
          -0.095766,
          -0.589099,
          0.802366,
          2.097653
        ],
        [
          -0.085707,
          -0.798198,
          -0.596267,
          1.265583
        ],
        [
          0.0,
          0.0,
          0.0,
          1.0
        ]
      ]
    },
    {
      "file_path": "/media/NFS/ttao/scannet/posed_images/scene0432_00/00111.jpg",
      "transform_matrix": [
        [
          0.991467,
          -0.126937,
          0.029682,
          2.050583
        ],
        [
          -0.099377,
          -0.588601,
          0.802292,
          2.093637
        ],
        [
          -0.08437,
          -0.798396,
          -0.596193,
          1.266981
        ],
        [
          0.0,
          0.0,
          0.0,
          1.0
        ]
      ]
    },
    {
      "file_path": "/media/NFS/ttao/scannet/posed_images/scene0432_00/00112.jpg",
      "transform_matrix": [
        [
          0.991202,
          -0.128577,
          0.031402,
          2.065432
        ],
        [
          -0.101679,
          -0.58784,
          0.802562,
          2.090903
        ],
        [
          -0.084732,
          -0.798694,
          -0.595742,
          1.266449
        ],
        [
          0.0,
          0.0,
          0.0,
          1.0
        ]
      ]
    },
    {
      "file_path": "/media/NFS/ttao/scannet/posed_images/scene0432_00/00114.jpg",
      "transform_matrix": [
        [
          0.990316,
          -0.134411,
          0.03476,
          2.092036
        ],
        [
          -0.107678,
          -0.585578,
          0.803433,
          2.08853
        ],
        [
          -0.087635,
          -0.799395,
          -0.59438,
          1.267303
        ],
        [
          0.0,
          0.0,
          0.0,
          1.0
        ]
      ]
    },
    {
      "file_path": "/media/NFS/ttao/scannet/posed_images/scene0432_00/00115.jpg",
      "transform_matrix": [
        [
          0.989779,
          -0.138553,
          0.033778,
          2.106622
        ],
        [
          -0.109157,
          -0.583613,
          0.804662,
          2.088115
        ],
        [
          -0.091775,
          -0.800125,
          -0.592772,
          1.268658
        ],
        [
          0.0,
          0.0,
          0.0,
          1.0
        ]
      ]
    },
    {
      "file_path": "/media/NFS/ttao/scannet/posed_images/scene0432_00/00118.jpg",
      "transform_matrix": [
        [
          0.989282,
          -0.14544,
          0.012981,
          2.146651
        ],
        [
          -0.093981,
          -0.566164,
          0.818917,
          2.083246
        ],
        [
          -0.111754,
          -0.81136,
          -0.573765,
          1.271418
        ],
        [
          0.0,
          0.0,
          0.0,
          1.0
        ]
      ]
    },
    {
      "file_path": "/media/NFS/ttao/scannet/posed_images/scene0432_00/00119.jpg",
      "transform_matrix": [
        [
          0.989518,
          -0.144344,
          0.00446,
          2.159575
        ],
        [
          -0.085796,
          -0.562752,
          0.822161,
          2.080806
        ],
        [
          -0.116164,
          -0.813926,
          -0.569237,
          1.271023
        ],
        [
          0.0,
          0.0,
          0.0,
          1.0
        ]
      ]
    },
    {
      "file_path": "/media/NFS/ttao/scannet/posed_images/scene0432_00/00120.jpg",
      "transform_matrix": [
        [
          0.989797,
          -0.142461,
          -0.002553,
          2.172032
        ],
        [
          -0.078513,
          -0.56027,
          0.824581,
          2.076581
        ],
        [
          -0.118901,
          -0.815967,
          -0.565739,
          1.269264
        ],
        [
          0.0,
          0.0,
          0.0,
          1.0
        ]
      ]
    },
    {
      "file_path": "/media/NFS/ttao/scannet/posed_images/scene0432_00/00122.jpg",
      "transform_matrix": [
        [
          0.99111,
          -0.132357,
          -0.013509,
          2.196888
        ],
        [
          -0.063869,
          -0.562401,
          0.824395,
          2.075882
        ],
        [
          -0.116712,
          -0.816203,
          -0.565854,
          1.268891
        ],
        [
          0.0,
          0.0,
          0.0,
          1.0
        ]
      ]
    },
    {
      "file_path": "/media/NFS/ttao/scannet/posed_images/scene0432_00/00124.jpg",
      "transform_matrix": [
        [
          0.993166,
          -0.113905,
          -0.025427,
          2.226619
        ],
        [
          -0.043574,
          -0.564009,
          0.824618,
          2.078671
        ],
        [
          -0.108269,
          -0.817875,
          -0.565118,
          1.271075
        ],
        [
          0.0,
          0.0,
          0.0,
          1.0
        ]
      ]
    },
    {
      "file_path": "/media/NFS/ttao/scannet/posed_images/scene0432_00/00126.jpg",
      "transform_matrix": [
        [
          0.994057,
          -0.101617,
          -0.039038,
          2.244102
        ],
        [
          -0.024756,
          -0.560247,
          0.827955,
          2.083691
        ],
        [
          -0.106005,
          -0.822069,
          -0.559434,
          1.274715
        ],
        [
          0.0,
          0.0,
          0.0,
          1.0
        ]
      ]
    },
    {
      "file_path": "/media/NFS/ttao/scannet/posed_images/scene0432_00/00127.jpg",
      "transform_matrix": [
        [
          0.994129,
          -0.097795,
          -0.046292,
          2.25254
        ],
        [
          -0.016236,
          -0.557841,
          0.829789,
          2.083986
        ],
        [
          -0.106973,
          -0.824166,
          -0.556153,
          1.273387
        ],
        [
          0.0,
          0.0,
          0.0,
          1.0
        ]
      ]
    },
    {
      "file_path": "/media/NFS/ttao/scannet/posed_images/scene0432_00/00130.jpg",
      "transform_matrix": [
        [
          0.992968,
          -0.08774,
          -0.079478,
          2.285836
        ],
        [
          0.016222,
          -0.564177,
          0.825495,
          2.095532
        ],
        [
          -0.117268,
          -0.820979,
          -0.558786,
          1.275793
        ],
        [
          0.0,
          0.0,
          0.0,
          1.0
        ]
      ]
    },
    {
      "file_path": "/media/NFS/ttao/scannet/posed_images/scene0432_00/00131.jpg",
      "transform_matrix": [
        [
          0.992536,
          -0.084453,
          -0.087982,
          2.29636
        ],
        [
          0.024907,
          -0.565854,
          0.824129,
          2.100799
        ],
        [
          -0.119385,
          -0.820169,
          -0.559527,
          1.276111
        ],
        [
          0.0,
          0.0,
          0.0,
          1.0
        ]
      ]
    },
    {
      "file_path": "/media/NFS/ttao/scannet/posed_images/scene0432_00/00132.jpg",
      "transform_matrix": [
        [
          0.992142,
          -0.081813,
          -0.094663,
          2.30783
        ],
        [
          0.031791,
          -0.566923,
          0.823157,
          2.108421
        ],
        [
