{
  "frames": [
    {
      "file_path": "/media/NFS/ttao/scannet/posed_images/scene0092_02/00000.jpg",
      "transform_matrix": [
        [
          -0.183817,
          -0.516522,
          0.836312,
          3.233187
        ],
        [
          -0.98261,
          0.119276,
          -0.142305,
          3.509501
        ],
        [
          -0.026249,
          -0.847926,
          -0.529464,
          1.328015
        ],
        [
          0.0,
          0.0,
          0.0,
          1.0
        ]
      ]
    },
    {
      "file_path": "/media/NFS/ttao/scannet/posed_images/scene0092_02/00005.jpg",
      "transform_matrix": [
        [
          -0.179027,
          -0.527319,
          0.830593,
          3.233628
        ],
        [
          -0.983601,
          0.114698,
          -0.139188,
          3.517195
        ],
        [
          -0.021871,
          -0.84189,
          -0.539206,
          1.323265
        ],
        [
          0.0,
          0.0,
          0.0,
          1.0
        ]
      ]
    },
    {
      "file_path": "/media/NFS/ttao/scannet/posed_images/scene0092_02/00010.jpg",
      "transform_matrix": [
        [
          -0.182965,
          -0.548143,
          0.816127,
          3.227146
        ],
        [
          -0.982734,
          0.125217,
          -0.136215,
          3.522643
        ],
        [
          -0.027527,
          -0.826958,
          -0.561589,
          1.304932
        ],
        [
          0.0,
          0.0,
          0.0,
          1.0
        ]
      ]
    },
    {
      "file_path": "/media/NFS/ttao/scannet/posed_images/scene0092_02/00015.jpg",
      "transform_matrix": [
        [
          -0.232158,
          -0.584853,
          0.777207,
          3.228231
        ],
        [
          -0.972433,
          0.157506,
          -0.171949,
          3.533072
        ],
        [
          -0.02185,
          -0.7957,
          -0.605296,
          1.272952
        ],
        [
          0.0,
          0.0,
          0.0,
          1.0
        ]
      ]
    },
    {
      "file_path": "/media/NFS/ttao/scannet/posed_images/scene0092_02/00025.jpg",
      "transform_matrix": [
        [
          -0.410809,
          -0.528955,
          0.742592,
          3.176956
        ],
        [
          -0.91164,
          0.227428,
          -0.34233,
          3.506546
        ],
        [
          0.012191,
          -0.817609,
          -0.575645,
          1.295745
        ],
        [
          0.0,
          0.0,
          0.0,
          1.0
        ]
      ]
    },
    {
      "file_path": "/media/NFS/ttao/scannet/posed_images/scene0092_02/00030.jpg",
      "transform_matrix": [
        [
          -0.468989,
          -0.462588,
          0.75237,
          3.128021
        ],
        [
          -0.88318,
          0.239419,
          -0.403325,
          3.495707
        ],
        [
          0.006442,
          -0.853634,
          -0.520834,
          1.312081
        ],
        [
          0.0,
          0.0,
          0.0,
          1.0
        ]
      ]
    },
    {
      "file_path": "/media/NFS/ttao/scannet/posed_images/scene0092_02/00033.jpg",
      "transform_matrix": [
        [
          -0.485798,
          -0.445526,
          0.752002,
          3.101744
        ],
        [
          -0.874059,
          0.243126,
          -0.420607,
          3.491884
        ],
        [
          0.00456,
          -0.861624,
          -0.507526,
          1.31647
        ],
        [
          0.0,
          0.0,
          0.0,
          1.0
        ]
      ]
    },
    {
      "file_path": "/media/NFS/ttao/scannet/posed_images/scene0092_02/00042.jpg",
      "transform_matrix": [
        [
          -0.572291,
          -0.395052,
          0.718621,
          2.993136
        ],
        [
          -0.820006,
          0.266606,
          -0.506469,
          3.498659
        ],
        [
          0.008492,
          -0.879122,
          -0.476522,
          1.332256
        ],
        [
          0.0,
          0.0,
          0.0,
          1.0
        ]
      ]
    },
    {
      "file_path": "/media/NFS/ttao/scannet/posed_images/scene0092_02/00045.jpg",
      "transform_matrix": [
        [
          -0.577555,
          -0.370946,
          0.727207,
          2.957797
        ],
        [
          -0.816214,
          0.278797,
          -0.506031,
          3.502812
        ],
        [
          -0.015032,
          -0.885817,
          -0.463792,
          1.338727
        ],
        [
          0.0,
          0.0,
          0.0,
          1.0
        ]
      ]
    },
    {
      "file_path": "/media/NFS/ttao/scannet/posed_images/scene0092_02/00050.jpg",
      "transform_matrix": [
        [
          -0.573564,
          -0.337142,
          0.746566,
          2.919639
        ],
        [
          -0.81822,
          0.279456,
          -0.502414,
          3.511117
        ],
        [
          -0.039248,
          -0.899022,
          -0.436142,
          1.347215
        ],
        [
          0.0,
          0.0,
          0.0,
          1.0
        ]
      ]
    },
    {
      "file_path": "/media/NFS/ttao/scannet/posed_images/scene0092_02/00059.jpg",
      "transform_matrix": [
        [
          -0.597509,
          -0.30168,
          0.742948,
          2.908856
        ],
        [
          -0.801266,
          0.260345,
          -0.538696,
          3.533046
        ],
        [
          -0.030909,
          -0.917175,
          -0.397284,
          1.364144
        ],
        [
          0.0,
          0.0,
          0.0,
          1.0
        ]
      ]
    },
    {
      "file_path": "/media/NFS/ttao/scannet/posed_images/scene0092_02/00060.jpg",
      "transform_matrix": [
        [
          -0.600594,
          -0.295646,
          0.742886,
          2.90913
        ],
        [
          -0.799066,
          0.254392,
          -0.544773,
          3.538628
        ],
        [
          -0.027925,
          -0.920803,
          -0.389027,
          1.36491
        ],
        [
          0.0,
          0.0,
          0.0,
          1.0
        ]
      ]
    },
    {
      "file_path": "/media/NFS/ttao/scannet/posed_images/scene0092_02/00065.jpg",
      "transform_matrix": [
        [
          -0.630328,
          -0.286415,
          0.721563,
          2.920116
        ],
        [
          -0.776252,
          0.245533,
          -0.580642,
          3.56204
        ],
        [
          -0.010864,
          -0.92611,
          -0.377097,
          1.37035
        ],
        [
          0.0,
          0.0,
          0.0,
          1.0
        ]
      ]
    },
    {
      "file_path": "/media/NFS/ttao/scannet/posed_images/scene0092_02/00075.jpg",
      "transform_matrix": [
        [
          -0.705268,
          -0.201991,
          0.679556,
          2.932614
        ],
        [
          -0.708495,
          0.234796,
          -0.665511,
          3.600838
        ],
        [
          -0.02513,
          -0.950826,
          -0.308703,
          1.400536
        ],
        [
          0.0,
          0.0,
          0.0,
          1.0
        ]
      ]
    },
    {
      "file_path": "/media/NFS/ttao/scannet/posed_images/scene0092_02/00077.jpg",
      "transform_matrix": [
        [
          -0.726012,
          -0.194208,
          0.65969,
          2.940464
        ],
        [
          -0.687423,
          0.231314,
          -0.688436,
          3.62219
        ],
        [
          -0.018895,
          -0.953298,
          -0.30144,
          1.402556
        ],
        [
          0.0,
          0.0,
          0.0,
          1.0
        ]
      ]
    },
    {
      "file_path": "/media/NFS/ttao/scannet/posed_images/scene0092_02/00087.jpg",
      "transform_matrix": [
        [
          -0.805351,
          -0.148104,
          0.573999,
          2.935028
        ],
        [
          -0.592784,
          0.207854,
          -0.778077,
          3.645561
        ],
        [
          -0.004072,
          -0.966883,
          -0.255189,
          1.411798
        ],
        [
          0.0,
          0.0,
          0.0,
          1.0
        ]
      ]
    },
    {
      "file_path": "/media/NFS/ttao/scannet/posed_images/scene0092_02/00089.jpg",
      "transform_matrix": [
        [
          -0.815401,
          -0.142127,
          0.561178,
          2.931929
        ],
        [
          -0.578892,
          0.203959,
          -0.789484,
          3.648102
        ],
        [
          -0.00225,
          -0.968608,
          -0.248585,
          1.41057
        ],
        [
          0.0,
          0.0,
          0.0,
          1.0
        ]
      ]
    },
    {
      "file_path": "/media/NFS/ttao/scannet/posed_images/scene0092_02/00094.jpg",
      "transform_matrix": [
        [
          -0.836796,
          -0.128098,
          0.532319,
          2.916897
        ],
        [
          -0.547297,
          0.223143,
          -0.806643,
          3.636529
        ],
        [
          -0.015454,
          -0.966332,
          -0.256833,
          1.418324
        ],
        [
          0.0,
          0.0,
          0.0,
          1.0
        ]
      ]
    },
    {
      "file_path": "/media/NFS/ttao/scannet/posed_images/scene0092_02/00100.jpg",
      "transform_matrix": [
        [
          -0.853903,
          -0.123527,
          0.50556,
          2.874426
        ],
        [
          -0.518988,
          0.274437,
          -0.809528,
          3.614438
        ],
        [
          -0.038746,
          -0.953638,
          -0.298452,
          1.39964
        ],
        [
          0.0,
          0.0,
          0.0,
          1.0
        ]
      ]
    },
    {
      "file_path": "/media/NFS/ttao/scannet/posed_images/scene0092_02/00109.jpg",
      "transform_matrix": [
        [
          -0.88587,
          -0.129607,
          0.445462,
          2.801052
        ],
        [
          -0.462254,
          0.328207,
          -0.823772,
          3.591455
        ],
        [
          -0.039437,
          -0.935672,
          -0.350661,
          1.374843
        ],
        [
          0.0,
          0.0,
          0.0,
          1.0
        ]
      ]
    },
    {
      "file_path": "/media/NFS/ttao/scannet/posed_images/scene0092_02/00114.jpg",
      "transform_matrix": [
        [
          -0.90514,
          -0.114328,
          0.409451,
          2.741236
        ],
        [
          -0.422212,
          0.35409,
          -0.83448,
          3.577828
        ],
        [
          -0.049578,
          -0.928197,
          -0.368772,
          1.362833
        ],
        [
          0.0,
          0.0,
          0.0,
          1.0
        ]
      ]
    },
    {
      "file_path": "/media/NFS/ttao/scannet/posed_images/scene0092_02/00116.jpg",
      "transform_matrix": [
        [
          -0.912394,
          -0.106893,
          0.395109,
          2.71915
        ],
        [
          -0.40567,
          0.364663,
          -0.838124,
          3.57958
        ],
        [
          -0.054492,
          -0.924984,
          -0.37608,
          1.354258
        ],
        [
          0.0,
          0.0,
          0.0,
          1.0
        ]
      ]
    },
    {
      "file_path": "/media/NFS/ttao/scannet/posed_images/scene0092_02/00122.jpg",
      "transform_matrix": [
        [
          -0.923337,
          -0.110862,
          0.367638,
          2.670605
        ],
        [
          -0.379422,
          0.410638,
          -0.829105,
          3.585175
        ],
        [
          -0.05905,
          -0.905034,
          -0.421221,
          1.331424
        ],
        [
          0.0,
          0.0,
          0.0,
          1.0
        ]
      ]
    },
    {
      "file_path": "/media/NFS/ttao/scannet/posed_images/scene0092_02/00131.jpg",
      "transform_matrix": [
        [
          -0.954394,
          -0.118364,
          0.274086,
          2.629836
        ],
        [
          -0.296429,
          0.484954,
          -0.822769,
          3.602884
        ],
        [
          -0.035533,
          -0.866493,
          -0.497923,
          1.307303
        ],
        [
          0.0,
          0.0,
          0.0,
          1.0
        ]
      ]
    },
    {
      "file_path": "/media/NFS/ttao/scannet/posed_images/scene0092_02/00136.jpg",
      "transform_matrix": [
        [
          -0.970254,
          -0.093857,
          0.223153,
          2.631031
        ],
        [
          -0.239503,
          0.506485,
          -0.828318,
          3.621277
        ],
        [
          -0.03528,
          -0.857126,
          -0.513898,
          1.301093
        ],
        [
          0.0,
          0.0,
          0.0,
          1.0
        ]
      ]
    },
    {
      "file_path": "/media/NFS/ttao/scannet/posed_images/scene0092_02/00142.jpg",
      "transform_matrix": [
        [
          -0.983615,
          -0.083725,
          0.159662,
          2.646276
        ],
        [
          -0.179856,
          0.516624,
          -0.837109,
          3.655677
        ],
        [
          -0.012399,
          -0.852109,
          -0.523217,
          1.290734
        ],
        [
          0.0,
          0.0,
          0.0,
          1.0
        ]
      ]
    },
    {
      "file_path": "/media/NFS/ttao/scannet/posed_images/scene0092_02/00144.jpg",
      "transform_matrix": [
        [
          -0.985725,
          -0.079437,
          0.148444,
          2.656269
        ],
        [
          -0.168067,
          0.516428,
          -0.839676,
          3.666674
        ],
        [
          -0.009959,
          -0.852638,
          -0.522407,
          1.293102
        ],
        [
          0.0,
          0.0,
          0.0,
          1.0
        ]
      ]
    },
    {
      "file_path": "/media/NFS/ttao/scannet/posed_images/scene0092_02/00154.jpg",
      "transform_matrix": [
        [
          -0.999542,
          -0.028851,
          0.009143,
          2.679383
        ],
        [
          -0.022746,
          0.516838,
          -0.855781,
          3.728276
        ],
        [
          0.019965,
          -0.855597,
          -0.517258,
          1.285403
        ],
        [
          0.0,
          0.0,
          0.0,
          1.0
        ]
      ]
    },
    {
      "file_path": "/media/NFS/ttao/scannet/posed_images/scene0092_02/00156.jpg",
      "transform_matrix": [
        [
          -0.999566,
          -0.001446,
          -0.029412,
          2.676504
        ],
        [
          0.024392,
          0.518925,
          -0.854472,
          3.739815
        ],
        [
          0.016498,
          -0.854819,
          -0.518665,
          1.280171
        ],
        [
          0.0,
          0.0,
          0.0,
          1.0
        ]
      ]
    },
    {
      "file_path": "/media/NFS/ttao/scannet/posed_images/scene0092_02/00161.jpg",
      "transform_matrix": [
        [
          -0.994719,
          0.054616,
          -0.086899,
          2.623312
        ],
        [
          0.102621,
          0.544233,
          -0.832634,
          3.743933
        ],
        [
          0.001818,
          -0.837155,
          -0.546963,
          1.272721
        ],
        [
          0.0,
          0.0,
          0.0,
          1.0
        ]
      ]
    },
    {
      "file_path": "/media/NFS/ttao/scannet/posed_images/scene0092_02/00171.jpg",
      "transform_matrix": [
        [
          -0.963536,
          0.146233,
          -0.224086,
          2.535951
        ],
        [
          0.267161,
          0.572533,
          -0.775133,
          3.733557
        ],
        [
          0.014947,
          -0.806735,
          -0.590724,
          1.259338
        ],
        [
          0.0,
          0.0,
          0.0,
          1.0
        ]
      ]
    },
    {
      "file_path": "/media/NFS/ttao/scannet/posed_images/scene0092_02/00172.jpg",
      "transform_matrix": [
        [
          -0.961355,
          0.152485,
          -0.229226,
          2.532256
        ],
        [
          0.275008,
          0.570927,
          -0.773572,
          3.732253
        ],
        [
          0.012913,
          -0.806716,
          -0.590798,
          1.260084
        ],
        [
          0.0,
          0.0,
          0.0,
          1.0
        ]
      ]
    },
    {
      "file_path": "/media/NFS/ttao/scannet/posed_images/scene0092_02/00181.jpg",
      "transform_matrix": [
        [
          -0.931081,
          0.213176,
          -0.296048,
          2.47196
        ],
        [
          0.364805,
          0.538707,
          -0.759416,
          3.706563
        ],
        [
          -0.002406,
          -0.815077,
          -0.579348,
          1.265077
        ],
        [
          0.0,
          0.0,
          0.0,
          1.0
        ]
      ]
    },
    {
      "file_path": "/media/NFS/ttao/scannet/posed_images/scene0092_02/00187.jpg",
      "transform_matrix": [
        [
          -0.91064,
          0.244588,
          -0.333035,
          2.436786
        ],
        [
          0.413198,
          0.542508,
          -0.731405,
          3.688009
        ],
        [
          0.001781,
          -0.803655,
          -0.595093,
          1.254365
        ],
        [
          0.0,
          0.0,
          0.0,
          1.0
        ]
      ]
    },
    {
      "file_path": "/media/NFS/ttao/scannet/posed_images/scene0092_02/00191.jpg",
      "transform_matrix": [
        [
          -0.905526,
          0.260434,
          -0.334959,
          2.41816
        ],
        [
          0.424291,
          0.556298,
          -0.7145,
          3.6729
        ],
        [
          0.000257,
          -0.789118,
          -0.614241,
          1.244274
        ],
        [
          0.0,
          0.0,
          0.0,
          1.0
        ]
      ]
    },
    {
      "file_path": "/media/NFS/ttao/scannet/posed_images/scene0092_02/00198.jpg",
      "transform_matrix": [
        [
          -0.896268,
          0.287509,
          -0.3377,
          2.39571
        ],
        [
          0.443512,
          0.581393,
          -0.682114,
          3.64203
        ],
        [
          0.000222,
          -0.761132,
          -0.648598,
          1.230548
        ],
        [
          0.0,
          0.0,
          0.0,
          1.0
        ]
      ]
    },
    {
      "file_path": "/media/NFS/ttao/scannet/posed_images/scene0092_02/00199.jpg",
      "transform_matrix": [
        [
          -0.893298,
          0.290864,
          -0.342663,
          2.394491
        ],
        [
          0.449456,
          0.58313,
          -0.676719,
          3.638789
        ],
        [
          0.002984,
          -0.758523,
          -0.651639,
          1.229232
        ],
        [
          0.0,
          0.0,
          0.0,
          1.0
        ]
      ]
    },
    {
      "file_path": "/media/NFS/ttao/scannet/posed_images/scene0092_02/00206.jpg",
      "transform_matrix": [
        [
          -0.826689,
          0.326231,
          -0.45843,
          2.404914
        ],
        [
          0.56037,
          0.550772,
          -0.618575,
          3.598656
        ],
        [
          0.050692,
          -0.76826,
          -0.638127,
          1.24316
        ],
        [
          0.0,
          0.0,
          0.0,
          1.0
        ]
      ]
    },
    {
      "file_path": "/media/NFS/ttao/scannet/posed_images/scene0092_02/00214.jpg",
      "transform_matrix": [
        [
          -0.770426,
          0.318682,
          -0.552164,
          2.482346
        ],
        [
          0.635393,
          0.454662,
          -0.624146,
          3.54161
        ],
        [
          0.052144,
          -0.8317,
          -0.552772,
          1.28057
        ],
        [
          0.0,
          0.0,
          0.0,
          1.0
        ]
      ]
    },
    {
      "file_path": "/media/NFS/ttao/scannet/posed_images/scene0092_02/00219.jpg",
      "transform_matrix": [
        [
          -0.731277,
          0.324679,
          -0.599849,
          2.534069
        ],
        [
          0.678786,
          0.432747,
          -0.593278,
          3.488778
        ],
        [
          0.066958,
          -0.84102,
          -0.536845,
          1.283705
        ],
        [
          0.0,
          0.0,
          0.0,
          1.0
        ]
      ]
    },
    {
      "file_path": "/media/NFS/ttao/scannet/posed_images/scene0092_02/00224.jpg",
      "transform_matrix": [
        [
          -0.713101,
          0.306963,
          -0.630287,
          2.561594
        ],
        [
          0.694292,
          0.433857,
          -0.574219,
          3.445668
        ],
        [
          0.097191,
          -0.847079,
          -0.522505,
          1.284531
        ],
        [
          0.0,
          0.0,
          0.0,
          1.0
        ]
      ]
    },
    {
      "file_path": "/media/NFS/ttao/scannet/posed_images/scene0092_02/00228.jpg",
      "transform_matrix": [
        [
          -0.707772,
          0.289435,
          -0.644427,
          2.56907
        ],
        [
          0.698397,
          0.423951,
          -0.576635,
          3.407762
        ],
        [
          0.106307,
          -0.858192,
          -0.502201,
          1.285195
        ],
        [
          0.0,
          0.0,
          0.0,
          1.0
        ]
      ]
    },
    {
      "file_path": "/media/NFS/ttao/scannet/posed_images/scene0092_02/00236.jpg",
      "transform_matrix": [
        [
          -0.678739,
          0.295289,
          -0.672397,
          2.535087
        ],
        [
          0.732061,
          0.344752,
          -0.587565,
          3.296145
        ],
        [
          0.058308,
          -0.891039,
          -0.450166,
          1.29925
        ],
        [
          0.0,
          0.0,
          0.0,
          1.0
        ]
      ]
    },
    {
      "file_path": "/media/NFS/ttao/scannet/posed_images/scene0092_02/00239.jpg",
      "transform_matrix": [
        [
          -0.675526,
          0.30502,
          -0.671288,
          2.515043
        ],
        [
          0.736564,
          0.320808,
          -0.595446,
          3.257215
        ],
        [
          0.033732,
          -0.896685,
          -0.441382,
          1.299255
        ],
        [
          0.0,
          0.0,
          0.0,
          1.0
        ]
      ]
    },
    {
      "file_path": "/media/NFS/ttao/scannet/posed_images/scene0092_02/00244.jpg",
      "transform_matrix": [
        [
          -0.674786,
          0.322387,
          -0.663875,
          2.484614
        ],
        [
          0.737802,
          0.316195,
          -0.59638,
          3.182296
        ],
        [
          0.017649,
          -0.892237,
          -0.451222,
          1.300805
        ],
        [
          0.0,
          0.0,
          0.0,
          1.0
        ]
      ]
    },
    {
      "file_path": "/media/NFS/ttao/scannet/posed_images/scene0092_02/00249.jpg",
      "transform_matrix": [
        [
          -0.630634,
          0.32949,
          -0.702664,
          2.462978
        ],
        [
          0.775092,
          0.31308,
          -0.548829,
          3.130478
        ],
        [
          0.039157,
          -0.89074,
          -0.452824,
          1.301391
        ],
        [
          0.0,
          0.0,
          0.0,
          1.0
        ]
      ]
    },
    {
      "file_path": "/media/NFS/ttao/scannet/posed_images/scene0092_02/00259.jpg",
      "transform_matrix": [
        [
          -0.416799,
          0.347122,
          -0.84011,
          2.475007
        ],
        [
          0.908992,
          0.16258,
          -0.383797,
          3.040285
        ],
        [
          0.003361,
          -0.92362,
          -0.383294,
          1.32387
        ],
        [
          0.0,
          0.0,
          0.0,
          1.0
        ]
      ]
    },
    {
      "file_path": "/media/NFS/ttao/scannet/posed_images/scene0092_02/00263.jpg",
      "transform_matrix": [
        [
          -0.298767,
          0.369435,
          -0.879918,
          2.510658
        ],
        [
          0.95429,
          0.10763,
          -0.27883,
          2.990587
        ],
        [
          -0.008304,
          -0.923002,
          -0.384705,
          1.322459
        ],
        [
          0.0,
          0.0,
          0.0,
          1.0
        ]
      ]
    },
    {
      "file_path": "/media/NFS/ttao/scannet/posed_images/scene0092_02/00268.jpg",
      "transform_matrix": [
        [
          -0.218119,
          0.402146,
          -0.889214,
          2.551025
        ],
        [
          0.97591,
          0.085397,
          -0.200764,
          2.931645
        ],
        [
          -0.0048,
          -0.911584,
          -0.411086,
          1.323074
        ],
        [
          0.0,
          0.0,
          0.0,
          1.0
        ]
      ]
    },
    {
      "file_path": "/media/NFS/ttao/scannet/posed_images/scene0092_02/00275.jpg",
      "transform_matrix": [
        [
          -0.067592,
          0.374011,
          -0.924958,
          2.638207
        ],
        [
          0.997151,
          0.05644,
          -0.050046,
          2.888603
        ],
        [
          0.033487,
          -0.925705,
          -0.37676,
          1.339359
        ],
        [
          0.0,
          0.0,
          0.0,
          1.0
        ]
      ]
    },
    {
      "file_path": "/media/NFS/ttao/scannet/posed_images/scene0092_02/00280.jpg",
      "transform_matrix": [
        [
          0.017215,
          0.386667,
          -0.922059,
          2.708469
        ],
        [
          0.999591,
          0.014416,
          0.024708,
          2.896161
        ],
        [
          0.022846,
          -0.922107,
          -0.386261,
          1.337437
        ],
        [
          0.0,
          0.0,
          0.0,
          1.0
        ]
      ]
    },
    {
      "file_path": "/media/NFS/ttao/scannet/posed_images/scene0092_02/00285.jpg",
      "transform_matrix": [
        [
          0.086248,
          0.413956,
          -0.906202,
          2.765968
        ],
        [
          0.996095,
          -0.053047,
          0.070572,
          2.89845
        ],
        [
          -0.018858,
          -0.90875,
          -0.416915,
          1.348861
        ],
        [
          0.0,
          0.0,
          0.0,
          1.0
        ]
      ]
    },
    {
      "file_path": "/media/NFS/ttao/scannet/posed_images/scene0092_02/00293.jpg",
      "transform_matrix": [
        [
          0.198504,
          0.415062,
          -0.887874,
          2.80596
        ],
        [
          0.980095,
          -0.086882,
          0.178506,
          2.895651
        ],
        [
          -0.003049,
          -0.905635,
          -0.424047,
          1.333189
        ],
        [
          0.0,
          0.0,
          0.0,
          1.0
        ]
      ]
    },
    {
      "file_path": "/media/NFS/ttao/scannet/posed_images/scene0092_02/00298.jpg",
      "transform_matrix": [
        [
          0.302539,
          0.412792,
          -0.859111,
          2.813157
        ],
        [
          0.952907,
          -0.111198,
          0.282141,
          2.867615
        ],
        [
          0.020934,
          -0.904012,
          -0.426994,
          1.333606
        ],
        [
          0.0,
          0.0,
          0.0,
          1.0
        ]
      ]
    },
    {
      "file_path": "/media/NFS/ttao/scannet/posed_images/scene0092_02/00303.jpg",
      "transform_matrix": [
        [
          0.382874,
          0.411845,
          -0.826916,
          2.832392
        ],
        [
          0.923115,
          -0.136108,
          0.359628,
          2.830579
        ],
        [
          0.035561,
          -0.901032,
          -0.432293,
          1.326367
        ],
        [
          0.0,
          0.0,
          0.0,
          1.0
        ]
      ]
    },
    {
      "file_path": "/media/NFS/ttao/scannet/posed_images/scene0092_02/00310.jpg",
      "transform_matrix": [
        [
          0.463765,
          0.423571,
          -0.778145,
          2.866384
        ],
        [
          0.884676,
          -0.174165,
          0.432452,
          2.76802
        ],
        [
          0.047649,
          -0.888962,
          -0.455495,
          1.321113
        ],
        [
          0.0,
          0.0,
          0.0,
          1.0
        ]
      ]
    },
    {
      "file_path": "/media/NFS/ttao/scannet/posed_images/scene0092_02/00311.jpg",
      "transform_matrix": [
        [
          0.471999,
          0.42253,
          -0.773747,
          2.869884
        ],
        [
          0.880348,
          -0.179164,
          0.439189,
          2.761984
        ],
        [
          0.046943,
          -0.888464,
          -0.456539,
          1.322494
        ],
        [
          0.0,
          0.0,
          0.0,
          1.0
        ]
      ]
    },
    {
      "file_path": "/media/NFS/ttao/scannet/posed_images/scene0092_02/00316.jpg",
      "transform_matrix": [
        [
          0.518279,
          0.394735,
          -0.758664,
          2.90704
        ],
        [
          0.85421,
          -0.196023,
          0.481559,
          2.734044
        ],
        [
          0.041373,
          -0.897641,
          -0.438782,
          1.327738
        ],
        [
          0.0,
          0.0,
          0.0,
          1.0
        ]
      ]
    },
    {
      "file_path": "/media/NFS/ttao/scannet/posed_images/scene0092_02/00326.jpg",
      "transform_matrix": [
        [
          0.610612,
          0.324596,
          -0.722351,
          3.028715
        ],
        [
          0.791687,
          -0.227601,
          0.566948,
          2.697617
        ],
        [
          0.019621,
          -0.918061,
          -0.395954,
          1.345022
        ],
        [
          0.0,
          0.0,
          0.0,
          1.0
        ]
      ]
    },
    {
      "file_path": "/media/NFS/ttao/scannet/posed_images/scene0092_02/00328.jpg",
      "transform_matrix": [
        [
          0.616291,
          0.315646,
          -0.721493,
          3.054685
        ],
        [
          0.787416,
          -0.232247,
          0.570997,
          2.688823
        ],
        [
          0.012668,
          -0.920016,
          -0.391676,
          1.351723
        ],
        [
          0.0,
          0.0,
          0.0,
          1.0
        ]
      ]
    },
    {
      "file_path": "/media/NFS/ttao/scannet/posed_images/scene0092_02/00338.jpg",
      "transform_matrix": [
        [
          0.691965,
          0.237712,
          -0.681673,
          3.165453
        ],
        [
          0.721877,
          -0.216286,
          0.657354,
          2.643301
        ],
        [
          0.008824,
          -0.94695,
          -0.321261,
          1.363554
        ],
        [
          0.0,
          0.0,
          0.0,
          1.0
        ]
      ]
    },
    {
      "file_path": "/media/NFS/ttao/scannet/posed_images/scene0092_02/00340.jpg",
      "transform_matrix": [
        [
          0.70103,
          0.224703,
          -0.676805,
          3.180106
        ],
        [
          0.713122,
          -0.215992,
          0.666936,
          2.637661
        ],
        [
          0.003678,
          -0.950187,
          -0.311658,
          1.360298
        ],
        [
          0.0,
          0.0,
          0.0,
          1.0
        ]
      ]
    },
    {
      "file_path": "/media/NFS/ttao/scannet/posed_images/scene0092_02/00345.jpg",
      "transform_matrix": [
        [
          0.727839,
          0.215487,
          -0.651012,
          3.175356
        ],
        [
          0.685637,
          -0.211563,
          0.696522,
          2.629267
        ],
        [
          0.012362,
          -0.953313,
          -0.30173,
          1.357168
        ],
        [
          0.0,
          0.0,
          0.0,
          1.0
        ]
      ]
    },
    {
      "file_path": "/media/NFS/ttao/scannet/posed_images/scene0092_02/00352.jpg",
      "transform_matrix": [
        [
          0.745536,
          0.239175,
          -0.62207,
          3.161866
        ],
        [
          0.666332,
          -0.248865,
          0.7029,
          2.651047
        ],
        [
          0.013305,
          -0.938542,
          -0.344908,
          1.332927
        ],
        [
          0.0,
          0.0,
          0.0,
          1.0
        ]
      ]
    },
    {
      "file_path": "/media/NFS/ttao/scannet/posed_images/scene0092_02/00360.jpg",
      "transform_matrix": [
        [
          0.808271,
          0.243043,
          -0.53631,
          3.156598
        ],
        [
          0.58881,
          -0.335326,
          0.735431,
          2.682883
        ],
        [
          -0.001097,
          -0.910212,
          -0.414141,
          1.315456
        ],
        [
          0.0,
          0.0,
          0.0,
          1.0
        ]
      ]
    },
    {
      "file_path": "/media/NFS/ttao/scannet/posed_images/scene0092_02/00365.jpg",
      "transform_matrix": [
        [
          0.824825,
          0.237825,
          -0.512936,
          3.163233
        ],
        [
          0.56538,
          -0.351736,
          0.746074,
          2.69189
        ],
        [
          -0.002983,
          -0.905384,
          -0.424583,
          1.315399
        ],
        [
          0.0,
          0.0,
          0.0,
          1.0
        ]
      ]
    },
    {
      "file_path": "/media/NFS/ttao/scannet/posed_images/scene0092_02/00370.jpg",
      "transform_matrix": [
        [
          0.828559,
          0.236863,
          -0.507332,
          3.177775
        ],
        [
          0.559888,
          -0.356875,
          0.747773,
          2.693377
        ],
        [
          -0.003934,
          -0.903624,
          -0.428309,
          1.315303
        ],
        [
          0.0,
          0.0,
          0.0,
          1.0
        ]
      ]
    },
    {
      "file_path": "/media/NFS/ttao/scannet/posed_images/scene0092_02/00373.jpg",
      "transform_matrix": [
        [
          0.83085,
          0.235722,
          -0.504106,
          3.185842
        ],
        [
          0.556468,
          -0.360971,
          0.74836,
          2.696639
        ],
        [
          -0.005562,
          -0.902294,
          -0.431085,
          1.314956
        ],
        [
          0.0,
          0.0,
          0.0,
          1.0
        ]
      ]
    },
    {
      "file_path": "/media/NFS/ttao/scannet/posed_images/scene0092_02/00378.jpg",
      "transform_matrix": [
        [
          0.844607,
          0.229978,
          -0.483476,
          3.192798
        ],
        [
          0.535368,
          -0.370169,
          0.75918,
          2.695543
        ],
        [
          -0.004373,
          -0.900047,
          -0.435771,
          1.319723
        ],
        [
          0.0,
          0.0,
          0.0,
          1.0
        ]
      ]
    },
    {
      "file_path": "/media/NFS/ttao/scannet/posed_images/scene0092_02/00383.jpg",
      "transform_matrix": [
        [
          0.863088,
          0.214505,
          -0.457238,
          3.201489
        ],
        [
          0.505021,
          -0.376796,
          0.776516,
          2.694556
        ],
        [
          -0.005719,
          -0.901117,
          -0.433538,
          1.316085
        ],
        [
          0.0,
          0.0,
          0.0,
          1.0
        ]
      ]
    },
    {
      "file_path": "/media/NFS/ttao/scannet/posed_images/scene0092_02/00390.jpg",
      "transform_matrix": [
        [
          0.894484,
          0.195402,
          -0.402139,
          3.225686
        ],
        [
          0.446933,
          -0.415301,
          0.792323,
          2.707446
        ],
        [
          -0.012187,
          -0.88845,
          -0.458812,
          1.30918
        ],
        [
          0.0,
          0.0,
          0.0,
          1.0
        ]
      ]
    },
    {
      "file_path": "/media/NFS/ttao/scannet/posed_images/scene0092_02/00398.jpg",
      "transform_matrix": [
        [
          0.922148,
          0.178982,
          -0.342942,
          3.229604
        ],
        [
          0.386792,
          -0.440227,
          0.810303,
          2.711189
        ],
        [
          -0.005942,
          -0.879867,
          -0.475184,
          1.298478
        ],
        [
          0.0,
          0.0,
          0.0,
          1.0
        ]
      ]
    },
    {
      "file_path": "/media/NFS/ttao/scannet/posed_images/scene0092_02/00400.jpg",
      "transform_matrix": [
        [
          0.928444,
          0.178238,
          -0.325919,
          3.24012
        ],
        [
          0.371454,
          -0.454167,
          0.809786,
          2.719327
        ],
        [
          -0.003687,
          -0.872905,
          -0.487876,
          1.298934
        ],
        [
          0.0,
          0.0,
          0.0,
          1.0
        ]
      ]
    },
    {
      "file_path": "/media/NFS/ttao/scannet/posed_images/scene0092_02/00408.jpg",
      "transform_matrix": [
        [
          0.949736,
          0.175088,
          -0.25951,
          3.241093
        ],
        [
          0.312827,
          -0.499397,
          0.807924,
          2.730597
        ],
        [
          0.011859,
          -0.848497,
          -0.529067,
          1.283083
        ],
        [
          0.0,
          0.0,
          0.0,
          1.0
        ]
      ]
    },
    {
      "file_path": "/media/NFS/ttao/scannet/posed_images/scene0092_02/00413.jpg",
      "transform_matrix": [
        [
          0.961979,
          0.158802,
          -0.22221,
          3.25011
        ],
        [
          0.272757,
          -0.516551,
          0.811652,
          2.743504
        ],
        [
          0.01411,
          -0.841402,
          -0.540226,
          1.284805
        ],
        [
          0.0,
          0.0,
          0.0,
          1.0
        ]
      ]
    },
    {
      "file_path": "/media/NFS/ttao/scannet/posed_images/scene0092_02/00417.jpg",
      "transform_matrix": [
        [
          0.974049,
          0.135217,
          -0.181504,
          3.255306
        ],
        [
          0.225814,
          -0.526237,
          0.819806,
          2.751875
        ],
        [
          0.015338,
          -0.839519,
          -0.543115,
          1.28576
        ],
        [
          0.0,
          0.0,
          0.0,
          1.0
        ]
      ]
    },
    {
      "file_path": "/media/NFS/ttao/scannet/posed_images/scene0092_02/00427.jpg",
      "transform_matrix": [
        [
          0.99527,
          0.07008,
          -0.067281,
          3.280419
        ],
        [
          0.094081,
          -0.522571,
          0.847389,
          2.77637
        ],
        [
          0.024226,
          -0.849711,
          -0.526692,
          1.299432
        ],
        [
          0.0,
          0.0,
          0.0,
          1.0
        ]
      ]
    },
    {
      "file_path": "/media/NFS/ttao/scannet/posed_images/scene0092_02/00432.jpg",
      "transform_matrix": [
        [
          0.998077,
          0.054608,
          -0.02934,
          3.297801
        ],
        [
          0.053268,
          -0.51339,
          0.856501,
          2.793194
        ],
        [
          0.031709,
          -0.856416,
          -0.515312,
