{
  "frames": [
    {
      "file_path": "/media/NFS/ttao/scannet/posed_images/scene0127_01/00001.jpg",
      "transform_matrix": [
        [
          0.939108,
          0.240028,
          -0.245892,
          0.99121
        ],
        [
          0.343014,
          -0.697391,
          0.629274,
          1.89053
        ],
        [
          -0.02044,
          -0.675301,
          -0.737259,
          1.255934
        ],
        [
          0.0,
          0.0,
          0.0,
          1.0
        ]
      ]
    },
    {
      "file_path": "/media/NFS/ttao/scannet/posed_images/scene0127_01/00004.jpg",
      "transform_matrix": [
        [
          0.94191,
          0.234161,
          -0.240778,
          1.00228
        ],
        [
          0.335267,
          -0.698275,
          0.632462,
          1.895908
        ],
        [
          -0.020031,
          -0.676447,
          -0.736219,
          1.262181
        ],
        [
          0.0,
          0.0,
          0.0,
          1.0
        ]
      ]
    },
    {
      "file_path": "/media/NFS/ttao/scannet/posed_images/scene0127_01/00009.jpg",
      "transform_matrix": [
        [
          0.956083,
          0.185185,
          -0.227182,
          1.011428
        ],
        [
          0.291535,
          -0.680762,
          0.67199,
          1.900641
        ],
        [
          -0.030214,
          -0.708709,
          -0.704853,
          1.282956
        ],
        [
          0.0,
          0.0,
          0.0,
          1.0
        ]
      ]
    },
    {
      "file_path": "/media/NFS/ttao/scannet/posed_images/scene0127_01/00016.jpg",
      "transform_matrix": [
        [
          0.968443,
          0.114318,
          -0.221469,
          1.043105
        ],
        [
          0.241599,
          -0.648854,
          0.721539,
          1.935486
        ],
        [
          -0.061216,
          -0.752277,
          -0.655997,
          1.331874
        ],
        [
          0.0,
          0.0,
          0.0,
          1.0
        ]
      ]
    },
    {
      "file_path": "/media/NFS/ttao/scannet/posed_images/scene0127_01/00020.jpg",
      "transform_matrix": [
        [
          0.987505,
          0.031892,
          -0.154325,
          1.025977
        ],
        [
          0.140736,
          -0.619086,
          0.77261,
          1.962972
        ],
        [
          -0.0709,
          -0.784676,
          -0.615839,
          1.367462
        ],
        [
          0.0,
          0.0,
          0.0,
          1.0
        ]
      ]
    },
    {
      "file_path": "/media/NFS/ttao/scannet/posed_images/scene0127_01/00022.jpg",
      "transform_matrix": [
        [
          0.990134,
          0.022813,
          -0.138251,
          1.021397
        ],
        [
          0.123062,
          -0.613392,
          0.780132,
          1.966041
        ],
        [
          -0.067005,
          -0.789449,
          -0.610148,
          1.372387
        ],
        [
          0.0,
          0.0,
          0.0,
          1.0
        ]
      ]
    },
    {
      "file_path": "/media/NFS/ttao/scannet/posed_images/scene0127_01/00026.jpg",
      "transform_matrix": [
        [
          0.994254,
          0.002999,
          -0.107005,
          1.018992
        ],
        [
          0.087966,
          -0.592508,
          0.800748,
          1.970403
        ],
        [
          -0.061,
          -0.805559,
          -0.589367,
          1.383106
        ],
        [
          0.0,
          0.0,
          0.0,
          1.0
        ]
      ]
    },
    {
      "file_path": "/media/NFS/ttao/scannet/posed_images/scene0127_01/00034.jpg",
      "transform_matrix": [
        [
          0.997157,
          -0.024122,
          -0.071388,
          1.031562
        ],
        [
          0.045128,
          -0.567532,
          0.822114,
          1.974249
        ],
        [
          -0.060346,
          -0.822998,
          -0.56483,
          1.396276
        ],
        [
          0.0,
          0.0,
          0.0,
          1.0
        ]
      ]
    },
    {
      "file_path": "/media/NFS/ttao/scannet/posed_images/scene0127_01/00035.jpg",
      "transform_matrix": [
        [
          0.997273,
          -0.027702,
          -0.068406,
          1.032838
        ],
        [
          0.040805,
          -0.565368,
          0.823829,
          1.974051
        ],
        [
          -0.061496,
          -0.824374,
          -0.562696,
          1.395241
        ],
        [
          0.0,
          0.0,
          0.0,
          1.0
        ]
      ]
    },
    {
      "file_path": "/media/NFS/ttao/scannet/posed_images/scene0127_01/00043.jpg",
      "transform_matrix": [
        [
          0.998397,
          -0.048912,
          -0.028479,
          1.042552
        ],
        [
          -0.002639,
          -0.542851,
          0.839825,
          1.977528
        ],
        [
          -0.056537,
          -0.838404,
          -0.54211,
          1.412313
        ],
        [
          0.0,
          0.0,
          0.0,
          1.0
        ]
      ]
    },
    {
      "file_path": "/media/NFS/ttao/scannet/posed_images/scene0127_01/00045.jpg",
      "transform_matrix": [
        [
          0.998423,
          -0.052012,
          -0.021107,
          1.046202
        ],
        [
          -0.010176,
          -0.537524,
          0.843187,
          1.976643
        ],
        [
          -0.055202,
          -0.841643,
          -0.537206,
          1.413509
        ],
        [
          0.0,
          0.0,
          0.0,
          1.0
        ]
      ]
    },
    {
      "file_path": "/media/NFS/ttao/scannet/posed_images/scene0127_01/00051.jpg",
      "transform_matrix": [
        [
          0.998197,
          -0.059482,
          0.007992,
          1.058185
        ],
        [
          -0.037296,
          -0.510469,
          0.859087,
          1.980178
        ],
        [
          -0.047021,
          -0.857837,
          -0.511767,
          1.431581
        ],
        [
          0.0,
          0.0,
          0.0,
          1.0
        ]
      ]
    },
    {
      "file_path": "/media/NFS/ttao/scannet/posed_images/scene0127_01/00055.jpg",
      "transform_matrix": [
        [
          0.99783,
          -0.064668,
          0.012401,
          1.056539
        ],
        [
          -0.041856,
          -0.477547,
          0.877609,
          1.978428
        ],
        [
          -0.050831,
          -0.876223,
          -0.479217,
          1.445884
        ],
        [
          0.0,
          0.0,
          0.0,
          1.0
        ]
      ]
    },
    {
      "file_path": "/media/NFS/ttao/scannet/posed_images/scene0127_01/00058.jpg",
      "transform_matrix": [
        [
          0.998221,
          -0.05652,
          0.019003,
          1.04849
        ],
        [
          -0.042655,
          -0.454157,
          0.8899,
          1.975358
        ],
        [
          -0.041667,
          -0.889127,
          -0.455759,
          1.449575
        ],
        [
          0.0,
          0.0,
          0.0,
          1.0
        ]
      ]
    },
    {
      "file_path": "/media/NFS/ttao/scannet/posed_images/scene0127_01/00062.jpg",
      "transform_matrix": [
        [
          0.997215,
          -0.066056,
          0.034632,
          1.057333
        ],
        [
          -0.060302,
          -0.440817,
          0.895569,
          1.979149
        ],
        [
          -0.043891,
          -0.895163,
          -0.443573,
          1.468335
        ],
        [
          0.0,
          0.0,
          0.0,
          1.0
        ]
      ]
    },
    {
      "file_path": "/media/NFS/ttao/scannet/posed_images/scene0127_01/00066.jpg",
      "transform_matrix": [
        [
          0.994119,
          -0.070559,
          0.082144,
          1.056489
        ],
        [
          -0.10472,
          -0.433287,
          0.895151,
          1.982934
        ],
        [
          -0.027569,
          -0.89849,
          -0.438128,
          1.47257
        ],
        [
          0.0,
          0.0,
          0.0,
          1.0
        ]
      ]
    },
    {
      "file_path": "/media/NFS/ttao/scannet/posed_images/scene0127_01/00072.jpg",
      "transform_matrix": [
        [
          0.990713,
          -0.069373,
          0.116942,
          1.061713
        ],
        [
          -0.135378,
          -0.423044,
          0.895939,
          1.988811
        ],
        [
          -0.012683,
          -0.903449,
          -0.428507,
          1.479172
        ],
        [
          0.0,
          0.0,
          0.0,
          1.0
        ]
      ]
    },
    {
      "file_path": "/media/NFS/ttao/scannet/posed_images/scene0127_01/00076.jpg",
      "transform_matrix": [
        [
          0.989514,
          -0.062074,
          0.130416,
          1.051843
        ],
        [
          -0.144345,
          -0.393269,
          0.908022,
          1.988449
        ],
        [
          -0.005076,
          -0.917326,
          -0.398105,
          1.489093
        ],
        [
          0.0,
          0.0,
          0.0,
          1.0
        ]
      ]
    },
    {
      "file_path": "/media/NFS/ttao/scannet/posed_images/scene0127_01/00080.jpg",
      "transform_matrix": [
        [
          0.993241,
          -0.052259,
          0.103638,
          1.033575
        ],
        [
          -0.115591,
          -0.364481,
          0.924009,
          1.986268
        ],
        [
          -0.010513,
          -0.929743,
          -0.368058,
          1.510884
        ],
        [
          0.0,
          0.0,
          0.0,
          1.0
        ]
      ]
    },
    {
      "file_path": "/media/NFS/ttao/scannet/posed_images/scene0127_01/00088.jpg",
      "transform_matrix": [
        [
          0.999219,
          -0.038019,
          0.010754,
          0.998388
        ],
        [
          -0.022738,
          -0.330741,
          0.943448,
          1.960838
        ],
        [
          -0.032312,
          -0.942955,
          -0.331347,
          1.544724
        ],
        [
          0.0,
          0.0,
          0.0,
          1.0
        ]
      ]
    },
    {
      "file_path": "/media/NFS/ttao/scannet/posed_images/scene0127_01/00091.jpg",
      "transform_matrix": [
        [
          0.999008,
          -0.03963,
          -0.02031,
          0.976018
        ],
        [
          0.006478,
          -0.321916,
          0.946746,
          1.946501
        ],
        [
          -0.044058,
          -0.945938,
          -0.32134,
          1.554962
        ],
        [
          0.0,
          0.0,
          0.0,
          1.0
        ]
      ]
    },
    {
      "file_path": "/media/NFS/ttao/scannet/posed_images/scene0127_01/00097.jpg",
      "transform_matrix": [
        [
          0.996802,
          -0.012288,
          -0.078964,
          0.950443
        ],
        [
          0.072464,
          -0.277626,
          0.957952,
          1.921375
        ],
        [
          -0.033694,
          -0.960611,
          -0.275847,
          1.561835
        ],
        [
          0.0,
          0.0,
          0.0,
          1.0
        ]
      ]
    },
    {
      "file_path": "/media/NFS/ttao/scannet/posed_images/scene0127_01/00100.jpg",
      "transform_matrix": [
        [
          0.996033,
          -0.028186,
          -0.084402,
          0.945667
        ],
        [
          0.075249,
          -0.239467,
          0.967984,
          1.912358
        ],
        [
          -0.047495,
          -0.970495,
          -0.236396,
          1.589081
        ],
        [
          0.0,
          0.0,
          0.0,
          1.0
        ]
      ]
    },
    {
      "file_path": "/media/NFS/ttao/scannet/posed_images/scene0127_01/00105.jpg",
      "transform_matrix": [
        [
          0.994847,
          -0.002165,
          -0.101365,
          0.929722
        ],
        [
          0.099145,
          -0.188389,
          0.977077,
          1.898875
        ],
        [
          -0.021212,
          -0.982092,
          -0.187204,
          1.595846
        ],
        [
          0.0,
          0.0,
          0.0,
          1.0
        ]
      ]
    },
    {
      "file_path": "/media/NFS/ttao/scannet/posed_images/scene0127_01/00111.jpg",
      "transform_matrix": [
        [
          0.988925,
          -0.009425,
          -0.148119,
          0.930171
        ],
        [
          0.145466,
          -0.13651,
          0.9799,
          1.882814
        ],
        [
          -0.029455,
          -0.990594,
          -0.133627,
          1.633365
        ],
        [
          0.0,
          0.0,
          0.0,
          1.0
        ]
      ]
    },
    {
      "file_path": "/media/NFS/ttao/scannet/posed_images/scene0127_01/00114.jpg",
      "transform_matrix": [
        [
          0.989689,
          -0.001848,
          -0.143222,
          0.926763
        ],
        [
          0.14218,
          -0.108456,
          0.983881,
          1.879021
        ],
        [
          -0.017352,
          -0.994099,
          -0.107075,
          1.630629
        ],
        [
          0.0,
          0.0,
          0.0,
          1.0
        ]
      ]
    },
    {
      "file_path": "/media/NFS/ttao/scannet/posed_images/scene0127_01/00116.jpg",
      "transform_matrix": [
        [
          0.990407,
          -0.001118,
          -0.138174,
          0.928502
        ],
        [
          0.137514,
          -0.08999,
          0.986403,
          1.879781
        ],
        [
          -0.013537,
          -0.995942,
          -0.088973,
          1.631335
        ],
        [
          0.0,
          0.0,
          0.0,
          1.0
        ]
      ]
    },
    {
      "file_path": "/media/NFS/ttao/scannet/posed_images/scene0127_01/00124.jpg",
      "transform_matrix": [
        [
          0.989659,
          -0.029525,
          -0.14037,
          0.931519
        ],
        [
          0.139843,
          -0.019241,
          0.989987,
          1.882611
        ],
        [
          -0.031931,
          -0.999379,
          -0.014913,
          1.688997
        ],
        [
          0.0,
          0.0,
          0.0,
          1.0
        ]
      ]
    },
    {
      "file_path": "/media/NFS/ttao/scannet/posed_images/scene0127_01/00128.jpg",
      "transform_matrix": [
        [
          0.986846,
          -0.02202,
          -0.160158,
          0.924164
        ],
        [
          0.159952,
          -0.010832,
          0.987065,
          1.883198
        ],
        [
          -0.023471,
          -0.999699,
          -0.007168,
          1.696394
        ],
        [
          0.0,
          0.0,
          0.0,
          1.0
        ]
      ]
    },
    {
      "file_path": "/media/NFS/ttao/scannet/posed_images/scene0127_01/00130.jpg",
      "transform_matrix": [
        [
          0.986012,
          -0.027859,
          -0.16433,
          0.923713
        ],
        [
          0.164164,
          -0.008189,
          0.986399,
          1.885691
        ],
        [
          -0.028826,
          -0.999578,
          -0.003501,
          1.701002
        ],
        [
          0.0,
          0.0,
          0.0,
          1.0
        ]
      ]
    },
    {
      "file_path": "/media/NFS/ttao/scannet/posed_images/scene0127_01/00138.jpg",
      "transform_matrix": [
        [
          0.988531,
          -0.036937,
          -0.146429,
          0.925719
        ],
        [
          0.146019,
          -0.013575,
          0.989189,
          1.897013
        ],
        [
          -0.038525,
          -0.999225,
          -0.008026,
          1.706846
        ],
        [
          0.0,
          0.0,
          0.0,
          1.0
        ]
      ]
    },
    {
      "file_path": "/media/NFS/ttao/scannet/posed_images/scene0127_01/00139.jpg",
      "transform_matrix": [
        [
          0.988509,
          -0.039253,
          -0.145974,
          0.926424
        ],
        [
          0.145489,
          -0.014968,
          0.989247,
          1.897976
        ],
        [
          -0.041016,
          -0.999117,
          -0.009085,
          1.705131
        ],
        [
          0.0,
          0.0,
          0.0,
          1.0
        ]
      ]
    },
    {
      "file_path": "/media/NFS/ttao/scannet/posed_images/scene0127_01/00143.jpg",
      "transform_matrix": [
        [
          0.990161,
          -0.03815,
          -0.134635,
          0.930739
        ],
        [
          0.133867,
          -0.022031,
          0.990754,
          1.903262
        ],
        [
          -0.040764,
          -0.999029,
          -0.016707,
          1.700425
        ],
        [
          0.0,
          0.0,
          0.0,
          1.0
        ]
      ]
    },
    {
      "file_path": "/media/NFS/ttao/scannet/posed_images/scene0127_01/00147.jpg",
      "transform_matrix": [
        [
          0.99303,
          -0.042256,
          -0.110028,
          0.941076
        ],
        [
          0.108778,
          -0.030833,
          0.993588,
          1.911074
        ],
        [
          -0.045377,
          -0.998631,
          -0.026022,
          1.695518
        ],
        [
          0.0,
          0.0,
          0.0,
          1.0
        ]
      ]
    },
    {
      "file_path": "/media/NFS/ttao/scannet/posed_images/scene0127_01/00153.jpg",
      "transform_matrix": [
        [
          0.996991,
          -0.051697,
          -0.057766,
          0.962917
        ],
        [
          0.054219,
          -0.06756,
          0.996241,
          1.926478
        ],
        [
          -0.055405,
          -0.996375,
          -0.064554,
          1.683192
        ],
        [
          0.0,
          0.0,
          0.0,
          1.0
        ]
      ]
    },
    {
      "file_path": "/media/NFS/ttao/scannet/posed_images/scene0127_01/00157.jpg",
      "transform_matrix": [
        [
          0.998264,
          -0.053811,
          -0.023933,
          0.969412
        ],
        [
          0.018168,
          -0.105182,
          0.994287,
          1.937442
        ],
        [
          -0.056021,
          -0.992996,
          -0.104022,
          1.670508
        ],
        [
          0.0,
          0.0,
          0.0,
          1.0
        ]
      ]
    },
    {
      "file_path": "/media/NFS/ttao/scannet/posed_images/scene0127_01/00164.jpg",
      "transform_matrix": [
        [
          0.997288,
          -0.073475,
          0.004202,
          0.991043
        ],
        [
          -0.017378,
          -0.179618,
          0.983583,
          1.954661
        ],
        [
          -0.071514,
          -0.980989,
          -0.180408,
          1.645893
        ],
        [
          0.0,
          0.0,
          0.0,
          1.0
        ]
      ]
    },
    {
      "file_path": "/media/NFS/ttao/scannet/posed_images/scene0127_01/00166.jpg",
      "transform_matrix": [
        [
          0.995758,
          -0.091614,
          0.008553,
          0.993737
        ],
        [
          -0.027178,
          -0.204044,
          0.978584,
          1.958515
        ],
        [
          -0.087907,
          -0.974665,
          -0.205669,
          1.643397
        ],
        [
          0.0,
          0.0,
          0.0,
          1.0
        ]
      ]
    },
    {
      "file_path": "/media/NFS/ttao/scannet/posed_images/scene0127_01/00173.jpg",
      "transform_matrix": [
        [
          0.994268,
          -0.07593,
          0.07527,
          1.016703
        ],
        [
          -0.092014,
          -0.249182,
          0.964076,
          1.968219
        ],
        [
          -0.054446,
          -0.965476,
          -0.25474,
          1.592297
        ],
        [
          0.0,
          0.0,
          0.0,
          1.0
        ]
      ]
    },
    {
      "file_path": "/media/NFS/ttao/scannet/posed_images/scene0127_01/00178.jpg",
      "transform_matrix": [
        [
          0.990864,
          -0.081975,
          0.107092,
          1.01214
        ],
        [
          -0.126787,
          -0.295526,
          0.946884,
          1.956894
        ],
        [
          -0.045972,
          -0.951811,
          -0.303219,
          1.573139
        ],
        [
          0.0,
          0.0,
          0.0,
          1.0
        ]
      ]
    },
    {
      "file_path": "/media/NFS/ttao/scannet/posed_images/scene0127_01/00183.jpg",
      "transform_matrix": [
        [
          0.984638,
          -0.114181,
          0.132097,
          1.043841
        ],
        [
          -0.165795,
          -0.374125,
          0.912438,
          1.970011
        ],
        [
          -0.054762,
          -0.920322,
          -0.387308,
          1.558908
        ],
        [
          0.0,
          0.0,
          0.0,
          1.0
        ]
      ]
    },
    {
      "file_path": "/media/NFS/ttao/scannet/posed_images/scene0127_01/00187.jpg",
      "transform_matrix": [
        [
          0.98042,
          -0.131567,
          0.146518,
          1.052069
        ],
        [
          -0.187339,
          -0.393914,
          0.899853,
          1.968374
        ],
        [
          -0.060675,
          -0.909682,
          -0.410849,
          1.544156
        ],
        [
          0.0,
          0.0,
          0.0,
          1.0
        ]
      ]
    },
    {
      "file_path": "/media/NFS/ttao/scannet/posed_images/scene0127_01/00192.jpg",
      "transform_matrix": [
        [
          0.981373,
          -0.12336,
          0.147272,
          1.062561
        ],
        [
          -0.185944,
          -0.417262,
          0.88956,
          1.970451
        ],
        [
          -0.048285,
          -0.900375,
          -0.432428,
          1.496217
        ],
        [
          0.0,
          0.0,
          0.0,
          1.0
        ]
      ]
    },
    {
      "file_path": "/media/NFS/ttao/scannet/posed_images/scene0127_01/00195.jpg",
      "transform_matrix": [
        [
          0.981065,
          -0.133153,
          0.140648,
          1.068924
        ],
        [
          -0.184972,
          -0.428865,
          0.884228,
          1.973981
        ],
        [
          -0.057419,
          -0.893502,
          -0.445374,
          1.488149
        ],
        [
          0.0,
          0.0,
          0.0,
          1.0
        ]
      ]
    },
    {
      "file_path": "/media/NFS/ttao/scannet/posed_images/scene0127_01/00200.jpg",
      "transform_matrix": [
        [
          0.977365,
          -0.146492,
          0.152632,
          1.094852
        ],
        [
          -0.204076,
          -0.462666,
          0.862725,
          1.991314
        ],
        [
          -0.055765,
          -0.874346,
          -0.482089,
          1.468516
        ],
        [
          0.0,
          0.0,
          0.0,
          1.0
        ]
      ]
    },
    {
      "file_path": "/media/NFS/ttao/scannet/posed_images/scene0127_01/00201.jpg",
      "transform_matrix": [
        [
          0.97672,
          -0.146882,
          0.156345,
          1.103155
        ],
        [
          -0.20777,
          -0.466368,
          0.859845,
          1.994385
        ],
        [
          -0.053381,
          -0.872311,
          -0.486029,
          1.463959
        ],
        [
          0.0,
          0.0,
          0.0,
          1.0
        ]
      ]
    },
    {
      "file_path": "/media/NFS/ttao/scannet/posed_images/scene0127_01/00210.jpg",
      "transform_matrix": [
        [
          0.982904,
          -0.106049,
          0.150513,
          1.165243
        ],
        [
          -0.183571,
          -0.501339,
          0.845554,
          2.029384
        ],
        [
          -0.014212,
          -0.858728,
          -0.512235,
          1.441459
        ],
        [
          0.0,
          0.0,
          0.0,
          1.0
        ]
      ]
    },
    {
      "file_path": "/media/NFS/ttao/scannet/posed_images/scene0127_01/00214.jpg",
      "transform_matrix": [
        [
          0.980449,
          -0.11134,
          0.162241,
          1.190668
        ],
        [
          -0.19607,
          -0.483288,
          0.853222,
          2.047669
        ],
        [
          -0.016589,
          -0.868352,
          -0.49567,
          1.443644
        ],
        [
          0.0,
          0.0,
          0.0,
          1.0
        ]
      ]
    },
    {
      "file_path": "/media/NFS/ttao/scannet/posed_images/scene0127_01/00219.jpg",
      "transform_matrix": [
        [
          0.977367,
          -0.104493,
          0.183942,
          1.218712
        ],
        [
          -0.211492,
          -0.46227,
          0.861149,
          2.068527
        ],
        [
          -0.004954,
          -0.880561,
          -0.473907,
          1.438998
        ],
        [
          0.0,
          0.0,
          0.0,
          1.0
        ]
      ]
    },
    {
      "file_path": "/media/NFS/ttao/scannet/posed_images/scene0127_01/00220.jpg",
      "transform_matrix": [
        [
          0.976689,
          -0.105973,
          0.186676,
          1.232762
        ],
        [
          -0.214586,
          -0.459418,
          0.861909,
          2.073267
        ],
        [
          -0.005577,
          -0.881876,
          -0.471449,
          1.438888
        ],
        [
          0.0,
          0.0,
          0.0,
          1.0
        ]
      ]
    },
    {
      "file_path": "/media/NFS/ttao/scannet/posed_images/scene0127_01/00224.jpg",
      "transform_matrix": [
        [
          0.963091,
          -0.13384,
          0.233545,
          1.249998
        ],
        [
          -0.268828,
          -0.434081,
          0.859829,
          2.093858
        ],
        [
          -0.013702,
          -0.890876,
          -0.454039,
          1.432934
        ],
        [
          0.0,
          0.0,
          0.0,
          1.0
        ]
      ]
    },
    {
      "file_path": "/media/NFS/ttao/scannet/posed_images/scene0127_01/00228.jpg",
      "transform_matrix": [
        [
          0.943528,
          -0.16889,
          0.285011,
          1.257622
        ],
        [
          -0.330084,
          -0.405841,
          0.852254,
          2.118481
        ],
        [
          -0.028268,
          -0.898203,
          -0.43867,
          1.428154
        ],
        [
          0.0,
          0.0,
          0.0,
          1.0
        ]
      ]
    },
    {
      "file_path": "/media/NFS/ttao/scannet/posed_images/scene0127_01/00234.jpg",
      "transform_matrix": [
        [
          0.915163,
          -0.200838,
          0.349487,
          1.295561
        ],
        [
          -0.401544,
          -0.378504,
          0.833965,
          2.155983
        ],
        [
          -0.035209,
          -0.903548,
          -0.427038,
          1.433616
        ],
        [
          0.0,
          0.0,
          0.0,
          1.0
        ]
      ]
    },
    {
      "file_path": "/media/NFS/ttao/scannet/posed_images/scene0127_01/00238.jpg",
      "transform_matrix": [
        [
          0.881188,
          -0.209571,
          0.423777,
          1.296912
        ],
        [
          -0.472121,
          -0.343313,
          0.811934,
          2.184496
        ],
        [
          -0.02467,
          -0.915541,
          -0.401467,
          1.432013
        ],
        [
          0.0,
          0.0,
          0.0,
          1.0
        ]
      ]
    },
    {
      "file_path": "/media/NFS/ttao/scannet/posed_images/scene0127_01/00242.jpg",
      "transform_matrix": [
        [
          0.854986,
          -0.208412,
          0.474935,
          1.307159
        ],
        [
          -0.518516,
          -0.322613,
          0.791872,
          2.206607
        ],
        [
          -0.011816,
          -0.923301,
          -0.383895,
          1.428961
        ],
        [
          0.0,
          0.0,
          0.0,
          1.0
        ]
      ]
    },
    {
      "file_path": "/media/NFS/ttao/scannet/posed_images/scene0127_01/00247.jpg",
      "transform_matrix": [
        [
          0.812968,
          -0.23402,
          0.533215,
          1.295483
        ],
        [
          -0.582227,
          -0.311364,
          0.751042,
          2.239172
        ],
        [
          -0.009735,
          -0.921025,
          -0.389382,
          1.422242
        ],
        [
          0.0,
          0.0,
          0.0,
          1.0
        ]
      ]
    },
    {
      "file_path": "/media/NFS/ttao/scannet/posed_images/scene0127_01/00254.jpg",
      "transform_matrix": [
        [
          0.759452,
          -0.273202,
          0.590417,
          1.300202
        ],
        [
          -0.64987,
          -0.276724,
          0.707879,
          2.269525
        ],
        [
          -0.030011,
          -0.921295,
          -0.387705,
          1.419086
        ],
        [
          0.0,
          0.0,
          0.0,
          1.0
        ]
      ]
    },
    {
      "file_path": "/media/NFS/ttao/scannet/posed_images/scene0127_01/00260.jpg",
      "transform_matrix": [
        [
          0.737275,
          -0.28641,
          0.611878,
          1.292015
        ],
        [
          -0.675367,
          -0.289033,
          0.678483,
          2.288131
        ],
        [
          -0.017472,
          -0.913471,
          -0.406528,
          1.407935
        ],
        [
          0.0,
          0.0,
          0.0,
          1.0
        ]
      ]
    },
    {
      "file_path": "/media/NFS/ttao/scannet/posed_images/scene0127_01/00261.jpg",
      "transform_matrix": [
        [
          0.736566,
          -0.286275,
          0.612795,
          1.288832
        ],
        [
          -0.67615,
          -0.288759,
          0.67782,
          2.289914
        ],
        [
          -0.017093,
          -0.9136,
          -0.406255,
          1.403952
        ],
        [
          0.0,
          0.0,
          0.0,
          1.0
        ]
      ]
    },
    {
      "file_path": "/media/NFS/ttao/scannet/posed_images/scene0127_01/00265.jpg",
      "transform_matrix": [
        [
          0.732581,
          -0.298051,
          0.611957,
          1.287067
        ],
        [
          -0.680223,
          -0.287604,
          0.674226,
          2.294874
        ],
        [
          -0.024952,
          -0.910192,
          -0.413434,
          1.396547
        ],
        [
          0.0,
          0.0,
          0.0,
          1.0
        ]
      ]
    },
    {
      "file_path": "/media/NFS/ttao/scannet/posed_images/scene0127_01/00272.jpg",
      "transform_matrix": [
        [
          0.672926,
          -0.308214,
          0.67244,
          1.304945
        ],
        [
          -0.739593,
          -0.264173,
          0.619043,
          2.302097
        ],
        [
          -0.013158,
          -0.913902,
          -0.405722,
          1.400115
        ],
        [
          0.0,
          0.0,
          0.0,
          1.0
        ]
      ]
    },
    {
      "file_path": "/media/NFS/ttao/scannet/posed_images/scene0127_01/00274.jpg",
      "transform_matrix": [
        [
          0.663144,
          -0.297851,
          0.686677,
          1.31069
        ],
        [
          -0.748271,
          -0.24152,
          0.617866,
          2.300633
        ],
        [
          -0.018186,
          -0.923554,
          -0.383036,
          1.400448
        ],
        [
          0.0,
          0.0,
          0.0,
          1.0
        ]
      ]
    },
    {
      "file_path": "/media/NFS/ttao/scannet/posed_images/scene0127_01/00280.jpg",
      "transform_matrix": [
        [
          0.60255,
          -0.30305,
          0.738305,
          1.356252
        ],
        [
          -0.79796,
          -0.212668,
          0.563944,
          2.297956
        ],
        [
          -0.01389,
          -0.928942,
          -0.369965,
          1.424465
        ],
        [
          0.0,
          0.0,
          0.0,
          1.0
        ]
      ]
    },
    {
      "file_path": "/media/NFS/ttao/scannet/posed_images/scene0127_01/00285.jpg",
      "transform_matrix": [
        [
          0.557852,
          -0.293618,
          0.776266,
          1.379302
        ],
        [
          -0.82994,
          -0.198296,
          0.52142,
          2.289965
        ],
        [
          0.000832,
          -0.93513,
          -0.354305,
          1.412521
        ],
        [
          0.0,
          0.0,
          0.0,
          1.0
        ]
      ]
    },
    {
      "file_path": "/media/NFS/ttao/scannet/posed_images/scene0127_01/00291.jpg",
      "transform_matrix": [
        [
          0.523502,
          -0.320558,
          0.789423,
          1.409871
        ],
        [
          -0.852009,
          -0.191453,
          0.487264,
          2.277511
        ],
        [
          -0.005059,
          -0.927679,
          -0.373344,
          1.406757
        ],
        [
          0.0,
          0.0,
          0.0,
          1.0
        ]
      ]
    },
    {
      "file_path": "/media/NFS/ttao/scannet/posed_images/scene0127_01/00292.jpg",
      "transform_matrix": [
        [
          0.51789,
          -0.319323,
          0.793614,
          1.411963
        ],
        [
          -0.855428,
          -0.187204,
          0.482905,
          2.277795
        ],
        [
          -0.005635,
          -0.928971,
          -0.370109,
          1.406592
        ],
        [
          0.0,
          0.0,
          0.0,
          1.0
        ]
      ]
    },
    {
      "file_path": "/media/NFS/ttao/scannet/posed_images/scene0127_01/00300.jpg",
      "transform_matrix": [
        [
          0.461028,
          -0.333874,
          0.822181,
          1.426251
        ],
        [
          -0.887162,
          -0.152623,
          0.435488,
          2.27221
        ],
        [
          -0.019915,
          -0.93018,
          -0.366564,
          1.404882
        ],
        [
          0.0,
          0.0,
          0.0,
          1.0
        ]
      ]
    },
    {
      "file_path": "/media/NFS/ttao/scannet/posed_images/scene0127_01/00304.jpg",
      "transform_matrix": [
        [
          0.449888,
          -0.346828,
          0.822989,
          1.43387
        ],
        [
          -0.891412,
          -0.118019,
          0.437556,
          2.274272
        ],
        [
          -0.054629,
          -0.930474,
          -0.362262,
          1.407043
        ],
        [
          0.0,
          0.0,
          0.0,
          1.0
        ]
      ]
    },
    {
      "file_path": "/media/NFS/ttao/scannet/posed_images/scene0127_01/00308.jpg",
      "transform_matrix": [
        [
          0.435191,
          -0.350354,
          0.829374,
          1.433627
        ],
        [
          -0.898952,
          -0.117996,
          0.421856,
          2.288323
        ],
        [
          -0.049936,
          -0.929155,
          -0.366302,
          1.40802
        ],
        [
          0.0,
          0.0,
          0.0,
          1.0
        ]
      ]
    },
    {
      "file_path": "/media/NFS/ttao/scannet/posed_images/scene0127_01/00310.jpg",
      "transform_matrix": [
        [
          0.42388,
          -0.3487,
          0.835903,
          1.436083
        ],
        [
          -0.904565,
          -0.116419,
          0.410133,
          2.301673
        ],
        [
          -0.045698,
          -0.929976,
          -0.36477,
          1.412841
        ],
        [
          0.0,
          0.0,
          0.0,
          1.0
        ]
      ]
    },
    {
      "file_path": "/media/NFS/ttao/scannet/posed_images/scene0127_01/00318.jpg",
      "transform_matrix": [
        [
          0.396951,
          -0.357364,
          0.845412,
          1.429941
        ],
        [
          -0.913954,
          -0.069231,
          0.399869,
          2.368554
        ],
        [
          -0.08437,
          -0.931396,
          -0.354096,
          1.420651
        ],
        [
          0.0,
          0.0,
          0.0,
          1.0
        ]
      ]
    },
    {
      "file_path": "/media/NFS/ttao/scannet/posed_images/scene0127_01/00322.jpg",
      "transform_matrix": [
        [
          0.39596,
          -0.344264,
          0.851292,
          1.415932
        ],
        [
          -0.913543,
          -0.053767,
          0.403172,
          2.399132
        ],
        [
          -0.093026,
          -0.937332,
          -0.33579,
          1.417818
        ],
        [
          0.0,
          0.0,
          0.0,
          1.0
        ]
      ]
    },
    {
      "file_path": "/media/NFS/ttao/scannet/posed_images/scene0127_01/00324.jpg",
      "transform_matrix": [
        [
          0.386675,
          -0.334333,
          0.859479,
          1.413157
        ],
        [
          -0.917296,
          -0.043292,
          0.395846,
          2.413146
        ],
        [
          -0.095136,
          -0.94146,
          -0.323423,
          1.421328
        ],
        [
          0.0,
          0.0,
          0.0,
          1.0
        ]
      ]
    },
    {
      "file_path": "/media/NFS/ttao/scannet/posed_images/scene0127_01/00330.jpg",
      "transform_matrix": [
        [
          0.328927,
          -0.333539,
          0.883492,
          1.406512
        ],
        [
          -0.939292,
          -0.018805,
          0.342602,
          2.454933
        ],
        [
          -0.097657,
          -0.942549,
          -0.319476,
          1.41542
        ],
        [
          0.0,
          0.0,
          0.0,
          1.0
        ]
      ]
    },
    {
      "file_path": "/media/NFS/ttao/scannet/posed_images/scene0127_01/00333.jpg",
      "transform_matrix": [
        [
          0.284694,
          -0.340341,
          0.896168,
          1.399791
        ],
        [
          -0.955901,
          -0.030451,
          0.292106,
          2.474563
        ],
        [
          -0.072126,
          -0.939809,
          -0.334001,
          1.397349
        ],
        [
          0.0,
          0.0,
          0.0,
          1.0
        ]
      ]
    },
    {
      "file_path": "/media/NFS/ttao/scannet/posed_images/scene0127_01/00341.jpg",
      "transform_matrix": [
        [
          0.204303,
          -0.370289,
          0.906171,
          1.371141
        ],
        [
          -0.978907,
          -0.076807,
          0.189317,
          2.511924
        ],
        [
          -0.000501,
          -0.925736,
          -0.378171,
          1.384808
        ],
        [
          0.0,
          0.0,
          0.0,
          1.0
        ]
      ]
    },
    {
      "file_path": "/media/NFS/ttao/scannet/posed_images/scene0127_01/00342.jpg",
      "transform_matrix": [
        [
          0.20324,
          -0.374818,
          0.904547,
          1.371188
        ],
        [
          -0.979128,
          -0.07655,
          0.188277,
          2.511129
        ],
        [
          -0.001327,
          -0.923933,
          -0.382553,
          1.386687
        ],
        [
          0.0,
          0.0,
          0.0,
          1.0
        ]
      ]
    },
    {
      "file_path": "/media/NFS/ttao/scannet/posed_images/scene0127_01/00349.jpg",
      "transform_matrix": [
        [
          0.164554,
          -0.386625,
          0.907438,
          1.322825
        ],
        [
          -0.985952,
          -0.09119,
          0.139939,
          2.49706
        ],
        [
