{
  "frames": [
    {
      "file_path": "/media/NFS/ttao/scannet/posed_images/scene0131_02/00000.jpg",
      "transform_matrix": [
        [
          -0.154198,
          0.214342,
          -0.964511,
          4.3334
        ],
        [
          0.987995,
          0.042779,
          -0.148446,
          4.160133
        ],
        [
          0.009443,
          -0.975821,
          -0.218366,
          1.491902
        ],
        [
          0.0,
          0.0,
          0.0,
          1.0
        ]
      ]
    },
    {
      "file_path": "/media/NFS/ttao/scannet/posed_images/scene0131_02/00002.jpg",
      "transform_matrix": [
        [
          -0.153126,
          0.209517,
          -0.965741,
          4.334476
        ],
        [
          0.988178,
          0.039927,
          -0.148021,
          4.16285
        ],
        [
          0.007546,
          -0.97699,
          -0.213154,
          1.491181
        ],
        [
          0.0,
          0.0,
          0.0,
          1.0
        ]
      ]
    },
    {
      "file_path": "/media/NFS/ttao/scannet/posed_images/scene0131_02/00007.jpg",
      "transform_matrix": [
        [
          -0.148837,
          0.213995,
          -0.965429,
          4.332382
        ],
        [
          0.988819,
          0.04131,
          -0.143286,
          4.160842
        ],
        [
          0.00922,
          -0.975961,
          -0.217751,
          1.491213
        ],
        [
          0.0,
          0.0,
          0.0,
          1.0
        ]
      ]
    },
    {
      "file_path": "/media/NFS/ttao/scannet/posed_images/scene0131_02/00008.jpg",
      "transform_matrix": [
        [
          -0.148457,
          0.215201,
          -0.96522,
          4.331811
        ],
        [
          0.988873,
          0.041706,
          -0.142797,
          4.160442
        ],
        [
          0.009525,
          -0.975679,
          -0.218998,
          1.495573
        ],
        [
          0.0,
          0.0,
          0.0,
          1.0
        ]
      ]
    },
    {
      "file_path": "/media/NFS/ttao/scannet/posed_images/scene0131_02/00011.jpg",
      "transform_matrix": [
        [
          -0.149675,
          0.208941,
          -0.966406,
          4.329362
        ],
        [
          0.988659,
          0.043806,
          -0.14365,
          4.174832
        ],
        [
          0.01232,
          -0.976947,
          -0.213128,
          1.4793
        ],
        [
          0.0,
          0.0,
          0.0,
          1.0
        ]
      ]
    },
    {
      "file_path": "/media/NFS/ttao/scannet/posed_images/scene0131_02/00013.jpg",
      "transform_matrix": [
        [
          -0.148238,
          0.208695,
          -0.966681,
          4.329171
        ],
        [
          0.988857,
          0.044828,
          -0.141961,
          4.171864
        ],
        [
          0.013708,
          -0.976953,
          -0.213015,
          1.474587
        ],
        [
          0.0,
          0.0,
          0.0,
          1.0
        ]
      ]
    },
    {
      "file_path": "/media/NFS/ttao/scannet/posed_images/scene0131_02/00016.jpg",
      "transform_matrix": [
        [
          -0.145346,
          0.211527,
          -0.966505,
          4.323811
        ],
        [
          0.98922,
          0.048719,
          -0.138099,
          4.169119
        ],
        [
          0.017876,
          -0.976157,
          -0.216328,
          1.476889
        ],
        [
          0.0,
          0.0,
          0.0,
          1.0
        ]
      ]
    },
    {
      "file_path": "/media/NFS/ttao/scannet/posed_images/scene0131_02/00020.jpg",
      "transform_matrix": [
        [
          -0.143376,
          0.21602,
          -0.965805,
          4.304055
        ],
        [
          0.989532,
          0.047476,
          -0.136279,
          4.172805
        ],
        [
          0.016413,
          -0.975234,
          -0.220565,
          1.477729
        ],
        [
          0.0,
          0.0,
          0.0,
          1.0
        ]
      ]
    },
    {
      "file_path": "/media/NFS/ttao/scannet/posed_images/scene0131_02/00021.jpg",
      "transform_matrix": [
        [
          -0.143905,
          0.215176,
          -0.965915,
          4.300076
        ],
        [
          0.989477,
          0.046121,
          -0.137141,
          4.174416
        ],
        [
          0.01504,
          -0.975486,
          -0.219549,
          1.475112
        ],
        [
          0.0,
          0.0,
          0.0,
          1.0
        ]
      ]
    },
    {
      "file_path": "/media/NFS/ttao/scannet/posed_images/scene0131_02/00024.jpg",
      "transform_matrix": [
        [
          -0.142633,
          0.214039,
          -0.966356,
          4.287616
        ],
        [
          0.989676,
          0.044735,
          -0.136167,
          4.170833
        ],
        [
          0.014085,
          -0.9758,
          -0.21821,
          1.465321
        ],
        [
          0.0,
          0.0,
          0.0,
          1.0
        ]
      ]
    },
    {
      "file_path": "/media/NFS/ttao/scannet/posed_images/scene0131_02/00027.jpg",
      "transform_matrix": [
        [
          -0.148228,
          0.218193,
          -0.964583,
          4.260426
        ],
        [
          0.988847,
          0.047028,
          -0.141319,
          4.178042
        ],
        [
          0.014528,
          -0.974772,
          -0.22273,
          1.458314
        ],
        [
          0.0,
          0.0,
          0.0,
          1.0
        ]
      ]
    },
    {
      "file_path": "/media/NFS/ttao/scannet/posed_images/scene0131_02/00029.jpg",
      "transform_matrix": [
        [
          -0.160259,
          0.224236,
          -0.961268,
          4.233179
        ],
        [
          0.986985,
          0.049544,
          -0.152989,
          4.1898
        ],
        [
          0.01332,
          -0.973275,
          -0.229258,
          1.460836
        ],
        [
          0.0,
          0.0,
          0.0,
          1.0
        ]
      ]
    },
    {
      "file_path": "/media/NFS/ttao/scannet/posed_images/scene0131_02/00032.jpg",
      "transform_matrix": [
        [
          -0.188264,
          0.234374,
          -0.953743,
          4.179814
        ],
        [
          0.982027,
          0.058146,
          -0.179559,
          4.211761
        ],
        [
          0.013372,
          -0.970406,
          -0.241108,
          1.464321
        ],
        [
          0.0,
          0.0,
          0.0,
          1.0
        ]
      ]
    },
    {
      "file_path": "/media/NFS/ttao/scannet/posed_images/scene0131_02/00035.jpg",
      "transform_matrix": [
        [
          -0.221199,
          0.232647,
          -0.947073,
          4.13083
        ],
        [
          0.975108,
          0.068005,
          -0.211042,
          4.233854
        ],
        [
          0.015307,
          -0.970181,
          -0.241899,
          1.475215
        ],
        [
          0.0,
          0.0,
          0.0,
          1.0
        ]
      ]
    },
    {
      "file_path": "/media/NFS/ttao/scannet/posed_images/scene0131_02/00037.jpg",
      "transform_matrix": [
        [
          -0.242346,
          0.225375,
          -0.94365,
          4.106673
        ],
        [
          0.969965,
          0.077209,
          -0.230664,
          4.241732
        ],
        [
          0.020872,
          -0.971208,
          -0.237317,
          1.465763
        ],
        [
          0.0,
          0.0,
          0.0,
          1.0
        ]
      ]
    },
    {
      "file_path": "/media/NFS/ttao/scannet/posed_images/scene0131_02/00040.jpg",
      "transform_matrix": [
        [
          -0.288124,
          0.234029,
          -0.928555,
          4.039246
        ],
        [
          0.957403,
          0.089747,
          -0.274455,
          4.289025
        ],
        [
          0.019105,
          -0.968078,
          -0.249918,
          1.482052
        ],
        [
          0.0,
          0.0,
          0.0,
          1.0
        ]
      ]
    },
    {
      "file_path": "/media/NFS/ttao/scannet/posed_images/scene0131_02/00043.jpg",
      "transform_matrix": [
        [
          -0.312683,
          0.223662,
          -0.923149,
          3.996308
        ],
        [
          0.949619,
          0.095385,
          -0.298539,
          4.307234
        ],
        [
          0.021283,
          -0.969988,
          -0.242219,
          1.469315
        ],
        [
          0.0,
          0.0,
          0.0,
          1.0
        ]
      ]
    },
    {
      "file_path": "/media/NFS/ttao/scannet/posed_images/scene0131_02/00047.jpg",
      "transform_matrix": [
        [
          -0.330166,
          0.24282,
          -0.912156,
          3.925533
        ],
        [
          0.943715,
          0.105213,
          -0.313581,
          4.306695
        ],
        [
          0.019827,
          -0.964349,
          -0.26389,
          1.462497
        ],
        [
          0.0,
          0.0,
          0.0,
          1.0
        ]
      ]
    },
    {
      "file_path": "/media/NFS/ttao/scannet/posed_images/scene0131_02/00049.jpg",
      "transform_matrix": [
        [
          -0.330002,
          0.246395,
          -0.911256,
          3.892228
        ],
        [
          0.943756,
          0.107153,
          -0.312799,
          4.299737
        ],
        [
          0.020571,
          -0.963228,
          -0.267897,
          1.462361
        ],
        [
          0.0,
          0.0,
          0.0,
          1.0
        ]
      ]
    },
    {
      "file_path": "/media/NFS/ttao/scannet/posed_images/scene0131_02/00051.jpg",
      "transform_matrix": [
        [
          -0.333412,
          0.252925,
          -0.908221,
          3.844633
        ],
        [
          0.942595,
          0.108602,
          -0.315787,
          4.302405
        ],
        [
          0.018764,
          -0.961371,
          -0.274615,
          1.468847
        ],
        [
          0.0,
          0.0,
          0.0,
          1.0
        ]
      ]
    },
    {
      "file_path": "/media/NFS/ttao/scannet/posed_images/scene0131_02/00055.jpg",
      "transform_matrix": [
        [
          -0.329627,
          0.257488,
          -0.90832,
          3.767747
        ],
        [
          0.943685,
          0.118752,
          -0.308797,
          4.287931
        ],
        [
          0.028353,
          -0.958957,
          -0.282132,
          1.460451
        ],
        [
          0.0,
          0.0,
          0.0,
          1.0
        ]
      ]
    },
    {
      "file_path": "/media/NFS/ttao/scannet/posed_images/scene0131_02/00056.jpg",
      "transform_matrix": [
        [
          -0.326604,
          0.256027,
          -0.909824,
          3.747053
        ],
        [
          0.944609,
          0.121336,
          -0.304946,
          4.279649
        ],
        [
          0.03232,
          -0.959024,
          -0.281474,
          1.454949
        ],
        [
          0.0,
          0.0,
          0.0,
          1.0
        ]
      ]
    },
    {
      "file_path": "/media/NFS/ttao/scannet/posed_images/scene0131_02/00059.jpg",
      "transform_matrix": [
        [
          -0.324807,
          0.252886,
          -0.911345,
          3.685066
        ],
        [
          0.945075,
          0.123988,
          -0.302423,
          4.270112
        ],
        [
          0.036518,
          -0.959519,
          -0.279268,
          1.44928
        ],
        [
          0.0,
          0.0,
          0.0,
          1.0
        ]
      ]
    },
    {
      "file_path": "/media/NFS/ttao/scannet/posed_images/scene0131_02/00062.jpg",
      "transform_matrix": [
        [
          -0.323087,
          0.284798,
          -0.902499,
          3.615034
        ],
        [
          0.945832,
          0.129303,
          -0.297796,
          4.247538
        ],
        [
          0.031884,
          -0.949827,
          -0.311148,
          1.457561
        ],
        [
          0.0,
          0.0,
          0.0,
          1.0
        ]
      ]
    },
    {
      "file_path": "/media/NFS/ttao/scannet/posed_images/scene0131_02/00064.jpg",
      "transform_matrix": [
        [
          -0.321618,
          0.282509,
          -0.903743,
          3.574495
        ],
        [
          0.94618,
          0.132291,
          -0.295367,
          4.237063
        ],
        [
          0.036113,
          -0.950099,
          -0.309851,
          1.467787
        ],
        [
          0.0,
          0.0,
          0.0,
          1.0
        ]
      ]
    },
    {
      "file_path": "/media/NFS/ttao/scannet/posed_images/scene0131_02/00068.jpg",
      "transform_matrix": [
        [
          -0.319025,
          0.300966,
          -0.898689,
          3.493914
        ],
        [
          0.947404,
          0.12676,
          -0.293867,
          4.230343
        ],
        [
          0.025474,
          -0.945173,
          -0.325576,
          1.471216
        ],
        [
          0.0,
          0.0,
          0.0,
          1.0
        ]
      ]
    },
    {
      "file_path": "/media/NFS/ttao/scannet/posed_images/scene0131_02/00070.jpg",
      "transform_matrix": [
        [
          -0.321835,
          0.303028,
          -0.896993,
          3.453947
        ],
        [
          0.946647,
          0.119769,
          -0.299189,
          4.228587
        ],
        [
          0.01677,
          -0.945425,
          -0.325407,
          1.479449
        ],
        [
          0.0,
          0.0,
          0.0,
          1.0
        ]
      ]
    },
    {
      "file_path": "/media/NFS/ttao/scannet/posed_images/scene0131_02/00072.jpg",
      "transform_matrix": [
        [
          -0.33151,
          0.299363,
          -0.894697,
          3.411906
        ],
        [
          0.943377,
          0.117095,
          -0.310368,
          4.2344
        ],
        [
          0.011852,
          -0.946927,
          -0.32123,
          1.485099
        ],
        [
          0.0,
          0.0,
          0.0,
          1.0
        ]
      ]
    },
    {
      "file_path": "/media/NFS/ttao/scannet/posed_images/scene0131_02/00077.jpg",
      "transform_matrix": [
        [
          -0.380553,
          0.259592,
          -0.887576,
          3.312076
        ],
        [
          0.924631,
          0.122827,
          -0.360516,
          4.246223
        ],
        [
          0.015431,
          -0.957876,
          -0.286768,
          1.476461
        ],
        [
          0.0,
          0.0,
          0.0,
          1.0
        ]
      ]
    },
    {
      "file_path": "/media/NFS/ttao/scannet/posed_images/scene0131_02/00078.jpg",
      "transform_matrix": [
        [
          -0.393726,
          0.255621,
          -0.882971,
          3.290381
        ],
        [
          0.919033,
          0.129217,
          -0.372398,
          4.247515
        ],
        [
          0.018902,
          -0.958103,
          -0.2858,
          1.47204
        ],
        [
          0.0,
          0.0,
          0.0,
          1.0
        ]
      ]
    },
    {
      "file_path": "/media/NFS/ttao/scannet/posed_images/scene0131_02/00081.jpg",
      "transform_matrix": [
        [
          -0.442759,
          0.24304,
          -0.863074,
          3.226557
        ],
        [
          0.896119,
          0.152781,
          -0.416688,
          4.267164
        ],
        [
          0.030589,
          -0.957909,
          -0.285438,
          1.467639
        ],
        [
          0.0,
          0.0,
          0.0,
          1.0
        ]
      ]
    },
    {
      "file_path": "/media/NFS/ttao/scannet/posed_images/scene0131_02/00085.jpg",
      "transform_matrix": [
        [
          -0.520359,
          0.248935,
          -0.816859,
          3.135808
        ],
        [
          0.853267,
          0.189762,
          -0.485722,
          4.284843
        ],
        [
          0.034096,
          -0.949748,
          -0.311152,
          1.478365
        ],
        [
          0.0,
          0.0,
          0.0,
          1.0
        ]
      ]
    },
    {
      "file_path": "/media/NFS/ttao/scannet/posed_images/scene0131_02/00086.jpg",
      "transform_matrix": [
        [
          -0.538832,
          0.247417,
          -0.805261,
          3.115374
        ],
        [
          0.841767,
          0.195557,
          -0.503175,
          4.291684
        ],
        [
          0.032981,
          -0.948969,
          -0.31364,
          1.480636
        ],
        [
          0.0,
          0.0,
          0.0,
          1.0
        ]
      ]
    },
    {
      "file_path": "/media/NFS/ttao/scannet/posed_images/scene0131_02/00090.jpg",
      "transform_matrix": [
        [
          -0.593917,
          0.247427,
          -0.765534,
          3.044363
        ],
        [
          0.804013,
          0.216528,
          -0.553787,
          4.284458
        ],
        [
          0.028738,
          -0.944402,
          -0.327534,
          1.484855
        ],
        [
          0.0,
          0.0,
          0.0,
          1.0
        ]
      ]
    },
    {
      "file_path": "/media/NFS/ttao/scannet/posed_images/scene0131_02/00091.jpg",
      "transform_matrix": [
        [
          -0.606563,
          0.244008,
          -0.756665,
          3.0299
        ],
        [
          0.794487,
          0.221376,
          -0.565494,
          4.282209
        ],
        [
          0.029523,
          -0.944168,
          -0.32814,
          1.48177
        ],
        [
          0.0,
          0.0,
          0.0,
          1.0
        ]
      ]
    },
    {
      "file_path": "/media/NFS/ttao/scannet/posed_images/scene0131_02/00095.jpg",
      "transform_matrix": [
        [
          -0.656623,
          0.23056,
          -0.718114,
          2.961001
        ],
        [
          0.753238,
          0.24901,
          -0.608791,
          4.271511
        ],
        [
          0.038454,
          -0.940657,
          -0.337172,
          1.475548
        ],
        [
          0.0,
          0.0,
          0.0,
          1.0
        ]
      ]
    },
    {
      "file_path": "/media/NFS/ttao/scannet/posed_images/scene0131_02/00097.jpg",
      "transform_matrix": [
        [
          -0.678706,
          0.222127,
          -0.700013,
          2.92852
        ],
        [
          0.733157,
          0.260601,
          -0.628147,
          4.258429
        ],
        [
          0.042896,
          -0.939546,
          -0.339725,
          1.4756
        ],
        [
          0.0,
          0.0,
          0.0,
          1.0
        ]
      ]
    },
    {
      "file_path": "/media/NFS/ttao/scannet/posed_images/scene0131_02/00100.jpg",
      "transform_matrix": [
        [
          -0.704072,
          0.204983,
          -0.6799,
          2.898484
        ],
        [
          0.708899,
          0.259198,
          -0.655957,
          4.216098
        ],
        [
          0.041769,
          -0.943821,
          -0.327806,
          1.468981
        ],
        [
          0.0,
          0.0,
          0.0,
          1.0
        ]
      ]
    },
    {
      "file_path": "/media/NFS/ttao/scannet/posed_images/scene0131_02/00104.jpg",
      "transform_matrix": [
        [
          -0.734912,
          0.209218,
          -0.645082,
          2.840147
        ],
        [
          0.677129,
          0.278849,
          -0.680984,
          4.179106
        ],
        [
          0.037406,
          -0.937268,
          -0.346598,
          1.478621
        ],
        [
          0.0,
          0.0,
          0.0,
          1.0
        ]
      ]
    },
    {
      "file_path": "/media/NFS/ttao/scannet/posed_images/scene0131_02/00105.jpg",
      "transform_matrix": [
        [
          -0.743874,
          0.206237,
          -0.635702,
          2.826416
        ],
        [
          0.667394,
          0.279264,
          -0.690359,
          4.177148
        ],
        [
          0.035151,
          -0.937805,
          -0.345379,
          1.479329
        ],
        [
          0.0,
          0.0,
          0.0,
          1.0
        ]
      ]
    },
    {
      "file_path": "/media/NFS/ttao/scannet/posed_images/scene0131_02/00109.jpg",
      "transform_matrix": [
        [
          -0.774581,
          0.217795,
          -0.593793,
          2.765596
        ],
        [
          0.632253,
          0.291511,
          -0.717828,
          4.145684
        ],
        [
          0.016758,
          -0.931443,
          -0.363501,
          1.487043
        ],
        [
          0.0,
          0.0,
          0.0,
          1.0
        ]
      ]
    },
    {
      "file_path": "/media/NFS/ttao/scannet/posed_images/scene0131_02/00110.jpg",
      "transform_matrix": [
        [
          -0.774906,
          0.218862,
          -0.592975,
          2.771572
        ],
        [
          0.631923,
          0.288914,
          -0.719168,
          4.125315
        ],
        [
          0.013921,
          -0.932002,
          -0.362185,
          1.4821
        ],
        [
          0.0,
          0.0,
          0.0,
          1.0
        ]
      ]
    },
    {
      "file_path": "/media/NFS/ttao/scannet/posed_images/scene0131_02/00113.jpg",
      "transform_matrix": [
        [
          -0.791754,
          0.215787,
          -0.571456,
          2.732083
        ],
        [
          0.610822,
          0.286834,
          -0.737985,
          4.09759
        ],
        [
          0.004665,
          -0.933361,
          -0.35891,
          1.483279
        ],
        [
          0.0,
          0.0,
          0.0,
          1.0
        ]
      ]
    },
    {
      "file_path": "/media/NFS/ttao/scannet/posed_images/scene0131_02/00117.jpg",
      "transform_matrix": [
        [
          -0.821532,
          0.195458,
          -0.535612,
          2.665871
        ],
        [
          0.570152,
          0.287248,
          -0.769685,
          4.068488
        ],
        [
          0.003412,
          -0.937702,
          -0.347424,
          1.485422
        ],
        [
          0.0,
          0.0,
          0.0,
          1.0
        ]
      ]
    },
    {
      "file_path": "/media/NFS/ttao/scannet/posed_images/scene0131_02/00118.jpg",
      "transform_matrix": [
        [
          -0.828828,
          0.189462,
          -0.526449,
          2.64982
        ],
        [
          0.55948,
          0.289416,
          -0.776673,
          4.059767
        ],
        [
          0.005213,
          -0.938265,
          -0.345876,
          1.487199
        ],
        [
          0.0,
          0.0,
          0.0,
          1.0
        ]
      ]
    },
    {
      "file_path": "/media/NFS/ttao/scannet/posed_images/scene0131_02/00123.jpg",
      "transform_matrix": [
        [
          -0.861012,
          0.143471,
          -0.487928,
          2.612887
        ],
        [
          0.508029,
          0.28743,
          -0.811967,
          3.991859
        ],
        [
          0.023752,
          -0.946995,
          -0.320368,
          1.491214
        ],
        [
          0.0,
          0.0,
          0.0,
          1.0
        ]
      ]
    },
    {
      "file_path": "/media/NFS/ttao/scannet/posed_images/scene0131_02/00124.jpg",
      "transform_matrix": [
        [
          -0.867922,
          0.136746,
          -0.477507,
          2.598068
        ],
        [
          0.495972,
          0.290668,
          -0.818244,
          3.981034
        ],
        [
          0.026905,
          -0.947002,
          -0.3201,
          1.497477
        ],
        [
          0.0,
          0.0,
          0.0,
          1.0
        ]
      ]
    },
    {
      "file_path": "/media/NFS/ttao/scannet/posed_images/scene0131_02/00127.jpg",
      "transform_matrix": [
        [
          -0.888453,
          0.101756,
          -0.447546,
          2.546007
        ],
        [
          0.457122,
          0.283546,
          -0.842995,
          3.952641
        ],
        [
          0.04112,
          -0.953545,
          -0.298432,
          1.491373
        ],
        [
          0.0,
          0.0,
          0.0,
          1.0
        ]
      ]
    },
    {
      "file_path": "/media/NFS/ttao/scannet/posed_images/scene0131_02/00131.jpg",
      "transform_matrix": [
        [
          -0.898118,
          0.096247,
          -0.429093,
          2.532484
        ],
        [
          0.437643,
          0.291132,
          -0.850712,
          3.901214
        ],
        [
          0.043045,
          -0.951829,
          -0.303593,
          1.477982
        ],
        [
          0.0,
          0.0,
          0.0,
          1.0
        ]
      ]
    },
    {
      "file_path": "/media/NFS/ttao/scannet/posed_images/scene0131_02/00132.jpg",
      "transform_matrix": [
        [
          -0.903093,
          0.098311,
          -0.41804,
          2.518639
        ],
        [
          0.427693,
          0.293732,
          -0.854868,
          3.890535
        ],
        [
          0.038749,
          -0.950819,
          -0.307314,
          1.480338
        ],
        [
          0.0,
          0.0,
          0.0,
          1.0
        ]
      ]
    },
    {
      "file_path": "/media/NFS/ttao/scannet/posed_images/scene0131_02/00135.jpg",
      "transform_matrix": [
        [
          -0.914855,
          0.096626,
          -0.392051,
          2.495894
        ],
        [
          0.402226,
          0.303248,
          -0.86386,
          3.846757
        ],
        [
          0.035417,
          -0.948,
          -0.316294,
          1.46983
        ],
        [
          0.0,
          0.0,
          0.0,
          1.0
        ]
      ]
    },
    {
      "file_path": "/media/NFS/ttao/scannet/posed_images/scene0131_02/00138.jpg",
      "transform_matrix": [
        [
          -0.92485,
          0.094065,
          -0.368517,
          2.471938
        ],
        [
          0.378761,
          0.315769,
          -0.869959,
          3.795714
        ],
        [
          0.034533,
          -0.944162,
          -0.327667,
          1.473696
        ],
        [
          0.0,
          0.0,
          0.0,
          1.0
        ]
      ]
    },
    {
      "file_path": "/media/NFS/ttao/scannet/posed_images/scene0131_02/00141.jpg",
      "transform_matrix": [
        [
          -0.930277,
          0.100324,
          -0.352874,
          2.473124
        ],
        [
          0.36631,
          0.306555,
          -0.878544,
          3.742948
        ],
        [
          0.020036,
          -0.946551,
          -0.321931,
          1.46687
        ],
        [
          0.0,
          0.0,
          0.0,
          1.0
        ]
      ]
    },
    {
      "file_path": "/media/NFS/ttao/scannet/posed_images/scene0131_02/00143.jpg",
      "transform_matrix": [
        [
          -0.934711,
          0.109496,
          -0.33812,
          2.458785
        ],
        [
          0.355309,
          0.31032,
          -0.881735,
          3.712712
        ],
        [
          0.008379,
          -0.944305,
          -0.328964,
          1.472322
        ],
        [
          0.0,
          0.0,
          0.0,
          1.0
        ]
      ]
    },
    {
      "file_path": "/media/NFS/ttao/scannet/posed_images/scene0131_02/00146.jpg",
      "transform_matrix": [
        [
          -0.936113,
          0.109848,
          -0.334106,
          2.439678
        ],
        [
          0.351693,
          0.298689,
          -0.887185,
          3.669782
        ],
        [
          0.002338,
          -0.948008,
          -0.318239,
          1.471725
        ],
        [
          0.0,
          0.0,
          0.0,
          1.0
        ]
      ]
    },
    {
      "file_path": "/media/NFS/ttao/scannet/posed_images/scene0131_02/00150.jpg",
      "transform_matrix": [
        [
          -0.935236,
          0.135045,
          -0.327257,
          2.421804
        ],
        [
          0.353697,
          0.31657,
          -0.88016,
          3.599534
        ],
        [
          -0.015261,
          -0.938907,
          -0.343833,
          1.469013
        ],
        [
          0.0,
          0.0,
          0.0,
          1.0
        ]
      ]
    },
    {
      "file_path": "/media/NFS/ttao/scannet/posed_images/scene0131_02/00151.jpg",
      "transform_matrix": [
        [
          -0.935815,
          0.135723,
          -0.325314,
          2.414512
        ],
        [
          0.35212,
          0.317594,
          -0.880423,
          3.584805
        ],
        [
          -0.016176,
          -0.938463,
          -0.345,
          1.469801
        ],
        [
          0.0,
          0.0,
          0.0,
          1.0
        ]
      ]
    },
    {
      "file_path": "/media/NFS/ttao/scannet/posed_images/scene0131_02/00153.jpg",
      "transform_matrix": [
        [
          -0.936974,
          0.13183,
          -0.323575,
          2.402134
        ],
        [
          0.349127,
          0.316734,
          -0.881924,
          3.553674
        ],
        [
          -0.013777,
          -0.939309,
          -0.342797,
          1.464125
        ],
        [
          0.0,
          0.0,
          0.0,
          1.0
        ]
      ]
    },
    {
      "file_path": "/media/NFS/ttao/scannet/posed_images/scene0131_02/00156.jpg",
      "transform_matrix": [
        [
          -0.937545,
          0.130469,
          -0.322471,
          2.38171
        ],
        [
          0.347699,
          0.322931,
          -0.880239,
          3.503338
        ],
        [
          -0.010708,
          -0.937386,
          -0.348126,
          1.458869
        ],
        [
          0.0,
          0.0,
          0.0,
          1.0
        ]
      ]
    },
    {
      "file_path": "/media/NFS/ttao/scannet/posed_images/scene0131_02/00159.jpg",
      "transform_matrix": [
        [
          -0.941514,
          0.127749,
          -0.311819,
          2.359994
        ],
        [
          0.33679,
          0.326259,
          -0.883248,
          3.45212
        ],
        [
          -0.0111,
          -0.936608,
          -0.350202,
          1.451181
        ],
        [
          0.0,
          0.0,
          0.0,
          1.0
        ]
      ]
    },
    {
      "file_path": "/media/NFS/ttao/scannet/posed_images/scene0131_02/00163.jpg",
      "transform_matrix": [
        [
          -0.94934,
          0.113925,
          -0.292872,
          2.34369
        ],
        [
          0.314149,
          0.32052,
          -0.893632,
          3.394521
        ],
        [
          -0.007936,
          -0.940366,
          -0.340072,
          1.448932
        ],
        [
          0.0,
          0.0,
          0.0,
          1.0
        ]
      ]
    },
    {
      "file_path": "/media/NFS/ttao/scannet/posed_images/scene0131_02/00164.jpg",
      "transform_matrix": [
        [
          -0.951865,
          0.111488,
          -0.285524,
          2.339913
        ],
        [
          0.306396,
          0.319686,
          -0.896617,
          3.3836
        ],
        [
          -0.008684,
          -0.940942,
          -0.338457,
          1.441437
        ],
        [
          0.0,
          0.0,
          0.0,
          1.0
        ]
      ]
    },
    {
      "file_path": "/media/NFS/ttao/scannet/posed_images/scene0131_02/00169.jpg",
      "transform_matrix": [
        [
          -0.959275,
          0.117467,
          -0.256891,
          2.332748
        ],
        [
          0.282062,
          0.349282,
          -0.893556,
          3.307948
        ],
        [
          -0.015236,
          -0.929626,
          -0.368191,
          1.437645
        ],
        [
          0.0,
          0.0,
          0.0,
          1.0
        ]
      ]
    },
    {
      "file_path": "/media/NFS/ttao/scannet/posed_images/scene0131_02/00170.jpg",
      "transform_matrix": [
        [
          -0.96024,
          0.116684,
          -0.253623,
          2.335361
        ],
        [
          0.278802,
          0.353734,
          -0.892828,
          3.293116
        ],
        [
          -0.014463,
          -0.92804,
          -0.372201,
          1.438328
        ],
        [
          0.0,
          0.0,
          0.0,
          1.0
        ]
      ]
    },
    {
      "file_path": "/media/NFS/ttao/scannet/posed_images/scene0131_02/00172.jpg",
      "transform_matrix": [
        [
          -0.963418,
          0.111452,
          -0.24373,
          2.338891
        ],
        [
          0.267753,
          0.360963,
          -0.893316,
          3.262409
        ],
        [
          -0.011584,
          -0.925897,
          -0.3776,
          1.435525
        ],
        [
          0.0,
          0.0,
          0.0,
          1.0
        ]
      ]
    },
    {
      "file_path": "/media/NFS/ttao/scannet/posed_images/scene0131_02/00176.jpg",
      "transform_matrix": [
        [
          -0.968644,
          0.101143,
          -0.226933,
          2.347136
        ],
        [
          0.248419,
          0.379237,
          -0.891329,
          3.194105
        ],
        [
          -0.004091,
          -0.919755,
          -0.392471,
          1.435082
        ],
        [
          0.0,
          0.0,
          0.0,
          1.0
        ]
      ]
    },
    {
      "file_path": "/media/NFS/ttao/scannet/posed_images/scene0131_02/00178.jpg",
      "transform_matrix": [
        [
          -0.968815,
          0.098395,
          -0.227413,
          2.353094
        ],
        [
          0.247782,
          0.378923,
          -0.89164,
          3.156154
        ],
        [
          -0.001561,
          -0.920183,
          -0.391486,
          1.440103
        ],
        [
          0.0,
          0.0,
          0.0,
          1.0
        ]
      ]
    },
    {
      "file_path": "/media/NFS/ttao/scannet/posed_images/scene0131_02/00181.jpg",
      "transform_matrix": [
        [
          -0.967511,
          0.101205,
          -0.23169,
          2.364088
        ],
        [
          0.25273,
          0.361495,
          -0.897468,
          3.107689
        ],
        [
          -0.007074,
          -0.926865,
          -0.375328,
          1.449922
        ],
        [
          0.0,
          0.0,
          0.0,
          1.0
        ]
      ]
    },
    {
      "file_path": "/media/NFS/ttao/scannet/posed_images/scene0131_02/00185.jpg",
      "transform_matrix": [
        [
          -0.961932,
          0.111178,
          -0.249652,
          2.372404
        ],
        [
          0.272508,
          0.321211,
          -0.906953,
          3.042243
        ],
        [
          -0.020642,
          -0.940459,
          -0.33928,
          1.468459
        ],
        [
          0.0,
          0.0,
          0.0,
          1.0
        ]
      ]
    },
    {
      "file_path": "/media/NFS/ttao/scannet/posed_images/scene0131_02/00188.jpg",
      "transform_matrix": [
        [
          -0.955412,
          0.118752,
          -0.270344,
          2.376717
        ],
        [
          0.294001,
          0.297591,
          -0.908297,
          2.994892
        ],
        [
          -0.02741,
          -0.947279,
          -0.319235,
          1.478232
        ],
        [
          0.0,
          0.0,
          0.0,
          1.0
        ]
      ]
    },
    {
      "file_path": "/media/NFS/ttao/scannet/posed_images/scene0131_02/00189.jpg",
      "transform_matrix": [
        [
          -0.953116,
          0.120316,
          -0.277658,
          2.377687
        ],
        [
          0.301327,
          0.293116,
          -0.907351,
          2.978398
        ],
        [
          -0.027783,
          -0.948476,
          -0.315628,
          1.482066
        ],
        [
          0.0,
          0.0,
          0.0,
          1.0
        ]
      ]
    },
    {
      "file_path": "/media/NFS/ttao/scannet/posed_images/scene0131_02/00193.jpg",
      "transform_matrix": [
        [
          -0.946653,
          0.115898,
          -0.300694,
          2.380112
        ],
        [
          0.321314,
          0.268176,
          -0.908206,
          2.912832
        ],
        [
          -0.024621,
          -0.956373,
          -0.291109,
          1.492452
        ],
        [
          0.0,
          0.0,
          0.0,
          1.0
        ]
      ]
    },
    {
      "file_path": "/media/NFS/ttao/scannet/posed_images/scene0131_02/00195.jpg",
      "transform_matrix": [
        [
          -0.945943,
          0.107127,
          -0.306129,
          2.38195
        ],
        [
          0.323844,
          0.260227,
          -0.909619,
          2.877948
        ],
        [
          -0.017782,
          -0.959586,
          -0.280852,
          1.493663
        ],
        [
          0.0,
          0.0,
          0.0,
          1.0
        ]
      ]
    },
    {
      "file_path": "/media/NFS/ttao/scannet/posed_images/scene0131_02/00198.jpg",
      "transform_matrix": [
        [
          -0.950649,
          0.094454,
          -0.29554,
          2.376767
        ],
        [
          0.310045,
          0.253207,
          -0.916383,
          2.829721
        ],
        [
          -0.011723,
          -0.96279,
          -0.269996,
          1.492381
        ],
        [
          0.0,
          0.0,
          0.0,
          1.0
        ]
      ]
    },
    {
      "file_path": "/media/NFS/ttao/scannet/posed_images/scene0131_02/00199.jpg",
      "transform_matrix": [
        [
          -0.953634,
          0.090707,
          -0.286974,
          2.374353
        ],
        [
          0.300776,
          0.253192,
          -0.919471,
          2.811755
        ],
        [
          -0.010743,
          -0.963154,
          -0.268735,
          1.491124
        ],
        [
          0.0,
          0.0,
          0.0,
          1.0
        ]
      ]
    },
    {
      "file_path": "/media/NFS/ttao/scannet/posed_images/scene0131_02/00204.jpg",
      "transform_matrix": [
        [
          -0.974197,
          0.06052,
          -0.217436,
          2.355053
        ],
        [
          0.225688,
          0.271856,
          -0.9355,
          2.733735
        ],
        [
          0.002494,
          -0.960433,
          -0.2785,
          1.488881
        ],
        [
          0.0,
          0.0,
          0.0,
          1.0
        ]
      ]
    },
    {
      "file_path": "/media/NFS/ttao/scannet/posed_images/scene0131_02/00206.jpg",
      "transform_matrix": [
        [
          -0.981235,
          0.046913,
          -0.18702,
          2.34764
        ],
        [
          0.192573,
          0.286941,
          -0.938392,
          2.703627
        ],
        [
          0.009641,
          -0.956799,
          -0.290591,
          1.482215
        ],
        [
          0.0,
          0.0,
          0.0,
          1.0
        ]
      ]
    },
    {
      "file_path": "/media/NFS/ttao/scannet/posed_images/scene0131_02/00207.jpg",
      "transform_matrix": [
        [
          -0.984507,
          0.040598,
          -0.170582,
          2.34294
        ],
        [
          0.174947,
          0.29304,
          -0.939958,
          2.688133
        ],
        [
          0.011827,
          -0.955238,
          -0.295602,
          1.485361
