{
  "frames": [
    {
      "file_path": "/media/NFS/ttao/scannet/posed_images/scene0609_00/00000.jpg",
      "transform_matrix": [
        [
          -0.997268,
          -0.06371,
          -0.037372,
          1.183839
        ],
        [
          0.004771,
          0.44935,
          -0.893343,
          2.331136
        ],
        [
          0.073708,
          -0.891081,
          -0.447818,
          1.359128
        ],
        [
          0.0,
          0.0,
          0.0,
          1.0
        ]
      ]
    },
    {
      "file_path": "/media/NFS/ttao/scannet/posed_images/scene0609_00/00003.jpg",
      "transform_matrix": [
        [
          -0.997115,
          -0.066684,
          -0.036257,
          1.185688
        ],
        [
          0.00119,
          0.463878,
          -0.885898,
          2.331489
        ],
        [
          0.075894,
          -0.883386,
          -0.46246,
          1.354617
        ],
        [
          0.0,
          0.0,
          0.0,
          1.0
        ]
      ]
    },
    {
      "file_path": "/media/NFS/ttao/scannet/posed_images/scene0609_00/00007.jpg",
      "transform_matrix": [
        [
          -0.995678,
          -0.086178,
          -0.034625,
          1.189153
        ],
        [
          -0.008738,
          0.458086,
          -0.888865,
          2.324474
        ],
        [
          0.092462,
          -0.884721,
          -0.456859,
          1.362792
        ],
        [
          0.0,
          0.0,
          0.0,
          1.0
        ]
      ]
    },
    {
      "file_path": "/media/NFS/ttao/scannet/posed_images/scene0609_00/00012.jpg",
      "transform_matrix": [
        [
          -0.99506,
          -0.099253,
          -0.002307,
          1.188937
        ],
        [
          -0.039258,
          0.414705,
          -0.909109,
          2.33096
        ],
        [
          0.091188,
          -0.904527,
          -0.416552,
          1.360892
        ],
        [
          0.0,
          0.0,
          0.0,
          1.0
        ]
      ]
    },
    {
      "file_path": "/media/NFS/ttao/scannet/posed_images/scene0609_00/00016.jpg",
      "transform_matrix": [
        [
          -0.991319,
          -0.120614,
          0.052326,
          1.183907
        ],
        [
          -0.100616,
          0.439795,
          -0.892444,
          2.326868
        ],
        [
          0.084629,
          -0.889962,
          -0.448113,
          1.342498
        ],
        [
          0.0,
          0.0,
          0.0,
          1.0
        ]
      ]
    },
    {
      "file_path": "/media/NFS/ttao/scannet/posed_images/scene0609_00/00017.jpg",
      "transform_matrix": [
        [
          -0.989956,
          -0.127386,
          0.061319,
          1.186014
        ],
        [
          -0.112519,
          0.447317,
          -0.88727,
          2.326499
        ],
        [
          0.085596,
          -0.885257,
          -0.457157,
          1.338542
        ],
        [
          0.0,
          0.0,
          0.0,
          1.0
        ]
      ]
    },
    {
      "file_path": "/media/NFS/ttao/scannet/posed_images/scene0609_00/00023.jpg",
      "transform_matrix": [
        [
          -0.980728,
          -0.15706,
          0.116211,
          1.196658
        ],
        [
          -0.180084,
          0.495969,
          -0.849461,
          2.325323
        ],
        [
          0.075779,
          -0.854018,
          -0.514695,
          1.317803
        ],
        [
          0.0,
          0.0,
          0.0,
          1.0
        ]
      ]
    },
    {
      "file_path": "/media/NFS/ttao/scannet/posed_images/scene0609_00/00027.jpg",
      "transform_matrix": [
        [
          -0.977011,
          -0.175244,
          0.121405,
          1.199112
        ],
        [
          -0.196645,
          0.520835,
          -0.8307,
          2.326149
        ],
        [
          0.082343,
          -0.835477,
          -0.543322,
          1.305832
        ],
        [
          0.0,
          0.0,
          0.0,
          1.0
        ]
      ]
    },
    {
      "file_path": "/media/NFS/ttao/scannet/posed_images/scene0609_00/00031.jpg",
      "transform_matrix": [
        [
          -0.979032,
          -0.175041,
          0.104195,
          1.192301
        ],
        [
          -0.18421,
          0.542387,
          -0.819685,
          2.324359
        ],
        [
          0.086965,
          -0.821692,
          -0.563258,
          1.302666
        ],
        [
          0.0,
          0.0,
          0.0,
          1.0
        ]
      ]
    },
    {
      "file_path": "/media/NFS/ttao/scannet/posed_images/scene0609_00/00033.jpg",
      "transform_matrix": [
        [
          -0.980887,
          -0.172895,
          0.089263,
          1.192432
        ],
        [
          -0.170779,
          0.545128,
          -0.820774,
          2.329263
        ],
        [
          0.093248,
          -0.820331,
          -0.564236,
          1.301747
        ],
        [
          0.0,
          0.0,
          0.0,
          1.0
        ]
      ]
    },
    {
      "file_path": "/media/NFS/ttao/scannet/posed_images/scene0609_00/00037.jpg",
      "transform_matrix": [
        [
          -0.982369,
          -0.172657,
          0.071702,
          1.192922
        ],
        [
          -0.156845,
          0.552424,
          -0.818674,
          2.35029
        ],
        [
          0.10174,
          -0.815486,
          -0.569765,
          1.298171
        ],
        [
          0.0,
          0.0,
          0.0,
          1.0
        ]
      ]
    },
    {
      "file_path": "/media/NFS/ttao/scannet/posed_images/scene0609_00/00039.jpg",
      "transform_matrix": [
        [
          -0.981484,
          -0.176586,
          0.074199,
          1.195871
        ],
        [
          -0.16119,
          0.552212,
          -0.817973,
          2.365842
        ],
        [
          0.103469,
          -0.814788,
          -0.570451,
          1.29911
        ],
        [
          0.0,
          0.0,
          0.0,
          1.0
        ]
      ]
    },
    {
      "file_path": "/media/NFS/ttao/scannet/posed_images/scene0609_00/00044.jpg",
      "transform_matrix": [
        [
          -0.975747,
          -0.194481,
          0.100478,
          1.212612
        ],
        [
          -0.192336,
          0.542499,
          -0.817742,
          2.421311
        ],
        [
          0.104526,
          -0.817234,
          -0.566747,
          1.298168
        ],
        [
          0.0,
          0.0,
          0.0,
          1.0
        ]
      ]
    },
    {
      "file_path": "/media/NFS/ttao/scannet/posed_images/scene0609_00/00047.jpg",
      "transform_matrix": [
        [
          -0.970698,
          -0.206444,
          0.122988,
          1.222905
        ],
        [
          -0.217395,
          0.536351,
          -0.815517,
          2.464159
        ],
        [
          0.102394,
          -0.818358,
          -0.565514,
          1.297781
        ],
        [
          0.0,
          0.0,
          0.0,
          1.0
        ]
      ]
    },
    {
      "file_path": "/media/NFS/ttao/scannet/posed_images/scene0609_00/00051.jpg",
      "transform_matrix": [
        [
          -0.959922,
          -0.226031,
          0.165712,
          1.232983
        ],
        [
          -0.262886,
          0.521157,
          -0.811965,
          2.524328
        ],
        [
          0.097168,
          -0.822986,
          -0.55969,
          1.296039
        ],
        [
          0.0,
          0.0,
          0.0,
          1.0
        ]
      ]
    },
    {
      "file_path": "/media/NFS/ttao/scannet/posed_images/scene0609_00/00057.jpg",
      "transform_matrix": [
        [
          -0.939982,
          -0.261598,
          0.219091,
          1.247382
        ],
        [
          -0.326628,
          0.504013,
          -0.799553,
          2.616375
        ],
        [
          0.098737,
          -0.823127,
          -0.559208,
          1.285307
        ],
        [
          0.0,
          0.0,
          0.0,
          1.0
        ]
      ]
    },
    {
      "file_path": "/media/NFS/ttao/scannet/posed_images/scene0609_00/00060.jpg",
      "transform_matrix": [
        [
          -0.931467,
          -0.280113,
          0.232175,
          1.245694
        ],
        [
          -0.348181,
          0.501198,
          -0.792193,
          2.649643
        ],
        [
          0.105538,
          -0.818741,
          -0.56438,
          1.283971
        ],
        [
          0.0,
          0.0,
          0.0,
          1.0
        ]
      ]
    },
    {
      "file_path": "/media/NFS/ttao/scannet/posed_images/scene0609_00/00062.jpg",
      "transform_matrix": [
        [
          -0.929882,
          -0.283782,
          0.234069,
          1.24354
        ],
        [
          -0.351909,
          0.500914,
          -0.790725,
          2.667116
        ],
        [
          0.107145,
          -0.817651,
          -0.565656,
          1.278997
        ],
        [
          0.0,
          0.0,
          0.0,
          1.0
        ]
      ]
    },
    {
      "file_path": "/media/NFS/ttao/scannet/posed_images/scene0609_00/00068.jpg",
      "transform_matrix": [
        [
          -0.929989,
          -0.27972,
          0.238486,
          1.228924
        ],
        [
          -0.355069,
          0.515731,
          -0.77971,
          2.702639
        ],
        [
          0.095106,
          -0.809801,
          -0.578945,
          1.276825
        ],
        [
          0.0,
          0.0,
          0.0,
          1.0
        ]
      ]
    },
    {
      "file_path": "/media/NFS/ttao/scannet/posed_images/scene0609_00/00069.jpg",
      "transform_matrix": [
        [
          -0.930156,
          -0.278382,
          0.239401,
          1.228164
        ],
        [
          -0.355233,
          0.517455,
          -0.778492,
          2.708408
        ],
        [
          0.092838,
          -0.809163,
          -0.580204,
          1.274476
        ],
        [
          0.0,
          0.0,
          0.0,
          1.0
        ]
      ]
    },
    {
      "file_path": "/media/NFS/ttao/scannet/posed_images/scene0609_00/00073.jpg",
      "transform_matrix": [
        [
          -0.926555,
          -0.280564,
          0.250558,
          1.211151
        ],
        [
          -0.367373,
          0.531828,
          -0.763018,
          2.72439
        ],
        [
          0.080822,
          -0.799026,
          -0.59584,
          1.279654
        ],
        [
          0.0,
          0.0,
          0.0,
          1.0
        ]
      ]
    },
    {
      "file_path": "/media/NFS/ttao/scannet/posed_images/scene0609_00/00079.jpg",
      "transform_matrix": [
        [
          -0.90786,
          -0.289907,
          0.302894,
          1.189014
        ],
        [
          -0.414896,
          0.517052,
          -0.748678,
          2.755791
        ],
        [
          0.060434,
          -0.805364,
          -0.589692,
          1.294804
        ],
        [
          0.0,
          0.0,
          0.0,
          1.0
        ]
      ]
    },
    {
      "file_path": "/media/NFS/ttao/scannet/posed_images/scene0609_00/00081.jpg",
      "transform_matrix": [
        [
          -0.900877,
          -0.294669,
          0.318731,
          1.184595
        ],
        [
          -0.430021,
          0.505741,
          -0.747869,
          2.77478
        ],
        [
          0.059179,
          -0.8108,
          -0.582324,
          1.29592
        ],
        [
          0.0,
          0.0,
          0.0,
          1.0
        ]
      ]
    },
    {
      "file_path": "/media/NFS/ttao/scannet/posed_images/scene0609_00/00083.jpg",
      "transform_matrix": [
        [
          -0.891338,
          -0.308246,
          0.332415,
          1.173414
        ],
        [
          -0.448743,
          0.49578,
          -0.743527,
          2.784817
        ],
        [
          0.064385,
          -0.811903,
          -0.580231,
          1.302637
        ],
        [
          0.0,
          0.0,
          0.0,
          1.0
        ]
      ]
    },
    {
      "file_path": "/media/NFS/ttao/scannet/posed_images/scene0609_00/00086.jpg",
      "transform_matrix": [
        [
          -0.878673,
          -0.321727,
          0.35274,
          1.159275
        ],
        [
          -0.47156,
          0.469406,
          -0.746518,
          2.796065
        ],
        [
          0.074597,
          -0.822283,
          -0.564168,
          1.323925
        ],
        [
          0.0,
          0.0,
          0.0,
          1.0
        ]
      ]
    },
    {
      "file_path": "/media/NFS/ttao/scannet/posed_images/scene0609_00/00093.jpg",
      "transform_matrix": [
        [
          -0.857071,
          -0.326806,
          0.398281,
          1.122523
        ],
        [
          -0.506469,
          0.392745,
          -0.76762,
          2.848326
        ],
        [
          0.09444,
          -0.859621,
          -0.502128,
          1.333553
        ],
        [
          0.0,
          0.0,
          0.0,
          1.0
        ]
      ]
    },
    {
      "file_path": "/media/NFS/ttao/scannet/posed_images/scene0609_00/00094.jpg",
      "transform_matrix": [
        [
          -0.857183,
          -0.325973,
          0.398722,
          1.123298
        ],
        [
          -0.506078,
          0.389558,
          -0.7695,
          2.856919
        ],
        [
          0.09551,
          -0.861387,
          -0.49889,
          1.332796
        ],
        [
          0.0,
          0.0,
          0.0,
          1.0
        ]
      ]
    },
    {
      "file_path": "/media/NFS/ttao/scannet/posed_images/scene0609_00/00100.jpg",
      "transform_matrix": [
        [
          -0.844386,
          -0.319343,
          0.430155,
          1.118187
        ],
        [
          -0.528741,
          0.36743,
          -0.765133,
          2.869591
        ],
        [
          0.086288,
          -0.873508,
          -0.479103,
          1.34868
        ],
        [
          0.0,
          0.0,
          0.0,
          1.0
        ]
      ]
    },
    {
      "file_path": "/media/NFS/ttao/scannet/posed_images/scene0609_00/00103.jpg",
      "transform_matrix": [
        [
          -0.843868,
          -0.307706,
          0.43955,
          1.128362
        ],
        [
          -0.530043,
          0.350874,
          -0.771973,
          2.876884
        ],
        [
          0.083314,
          -0.884424,
          -0.459188,
          1.352407
        ],
        [
          0.0,
          0.0,
          0.0,
          1.0
        ]
      ]
    },
    {
      "file_path": "/media/NFS/ttao/scannet/posed_images/scene0609_00/00106.jpg",
      "transform_matrix": [
        [
          -0.83648,
          -0.30308,
          0.456556,
          1.146978
        ],
        [
          -0.541981,
          0.334441,
          -0.770977,
          2.882327
        ],
        [
          0.080977,
          -0.892352,
          -0.444018,
          1.356499
        ],
        [
          0.0,
          0.0,
          0.0,
          1.0
        ]
      ]
    },
    {
      "file_path": "/media/NFS/ttao/scannet/posed_images/scene0609_00/00108.jpg",
      "transform_matrix": [
        [
          -0.832103,
          -0.29694,
          0.468435,
          1.162061
        ],
        [
          -0.549427,
          0.326014,
          -0.769314,
          2.887473
        ],
        [
          0.075724,
          -0.89752,
          -0.434424,
          1.35973
        ],
        [
          0.0,
          0.0,
          0.0,
          1.0
        ]
      ]
    },
    {
      "file_path": "/media/NFS/ttao/scannet/posed_images/scene0609_00/00112.jpg",
      "transform_matrix": [
        [
          -0.829835,
          -0.282004,
          0.481505,
          1.206192
        ],
        [
          -0.553563,
          0.307344,
          -0.77402,
          2.906028
        ],
        [
          0.070289,
          -0.908853,
          -0.411152,
          1.357011
        ],
        [
          0.0,
          0.0,
          0.0,
          1.0
        ]
      ]
    },
    {
      "file_path": "/media/NFS/ttao/scannet/posed_images/scene0609_00/00117.jpg",
      "transform_matrix": [
        [
          -0.827635,
          -0.271875,
          0.491024,
          1.270204
        ],
        [
          -0.557224,
          0.293199,
          -0.776875,
          2.91893
        ],
        [
          0.067245,
          -0.91658,
          -0.394157,
          1.36421
        ],
        [
          0.0,
          0.0,
          0.0,
          1.0
        ]
      ]
    },
    {
      "file_path": "/media/NFS/ttao/scannet/posed_images/scene0609_00/00120.jpg",
      "transform_matrix": [
        [
          -0.821848,
          -0.265268,
          0.504182,
          1.30188
        ],
        [
          -0.566293,
          0.283642,
          -0.77386,
          2.924482
        ],
        [
          0.062273,
          -0.92151,
          -0.38333,
          1.361042
        ],
        [
          0.0,
          0.0,
          0.0,
          1.0
        ]
      ]
    },
    {
      "file_path": "/media/NFS/ttao/scannet/posed_images/scene0609_00/00123.jpg",
      "transform_matrix": [
        [
          -0.815097,
          -0.267345,
          0.513949,
          1.326233
        ],
        [
          -0.575808,
          0.276263,
          -0.769496,
          2.929163
        ],
        [
          0.063736,
          -0.92315,
          -0.37912,
          1.348622
        ],
        [
          0.0,
          0.0,
          0.0,
          1.0
        ]
      ]
    },
    {
      "file_path": "/media/NFS/ttao/scannet/posed_images/scene0609_00/00129.jpg",
      "transform_matrix": [
        [
          -0.813317,
          -0.291602,
          0.503471,
          1.397737
        ],
        [
          -0.577141,
          0.294821,
          -0.76157,
          2.906362
        ],
        [
          0.073641,
          -0.909972,
          -0.408079,
          1.338957
        ],
        [
          0.0,
          0.0,
          0.0,
          1.0
        ]
      ]
    },
    {
      "file_path": "/media/NFS/ttao/scannet/posed_images/scene0609_00/00132.jpg",
      "transform_matrix": [
        [
          -0.807109,
          -0.296373,
          0.510624,
          1.42613
        ],
        [
          -0.586004,
          0.296774,
          -0.754006,
          2.886762
        ],
        [
          0.071927,
          -0.907793,
          -0.413205,
          1.337053
        ],
        [
          0.0,
          0.0,
          0.0,
          1.0
        ]
      ]
    },
    {
      "file_path": "/media/NFS/ttao/scannet/posed_images/scene0609_00/00135.jpg",
      "transform_matrix": [
        [
          -0.793336,
          -0.297646,
          0.531059,
          1.463264
        ],
        [
          -0.604831,
          0.286118,
          -0.74318,
          2.869563
        ],
        [
          0.069259,
          -0.910793,
          -0.407014,
          1.334478
        ],
        [
          0.0,
          0.0,
          0.0,
          1.0
        ]
      ]
    },
    {
      "file_path": "/media/NFS/ttao/scannet/posed_images/scene0609_00/00140.jpg",
      "transform_matrix": [
        [
          -0.756579,
          -0.297965,
          0.582069,
          1.502421
        ],
        [
          -0.65155,
          0.268084,
          -0.709658,
          2.820173
        ],
        [
          0.05541,
          -0.916159,
          -0.396966,
          1.336652
        ],
        [
          0.0,
          0.0,
          0.0,
          1.0
        ]
      ]
    },
    {
      "file_path": "/media/NFS/ttao/scannet/posed_images/scene0609_00/00141.jpg",
      "transform_matrix": [
        [
          -0.753369,
          -0.2995,
          0.585436,
          1.513374
        ],
        [
          -0.655347,
          0.268343,
          -0.706054,
          2.808183
        ],
        [
          0.054366,
          -0.915583,
          -0.398438,
          1.335949
        ],
        [
          0.0,
          0.0,
          0.0,
          1.0
        ]
      ]
    },
    {
      "file_path": "/media/NFS/ttao/scannet/posed_images/scene0609_00/00147.jpg",
      "transform_matrix": [
        [
          -0.742633,
          -0.301685,
          0.597898,
          1.577299
        ],
        [
          -0.666542,
          0.24638,
          -0.703576,
          2.745979
        ],
        [
          0.064948,
          -0.921023,
          -0.384056,
          1.343158
        ],
        [
          0.0,
          0.0,
          0.0,
          1.0
        ]
      ]
    },
    {
      "file_path": "/media/NFS/ttao/scannet/posed_images/scene0609_00/00151.jpg",
      "transform_matrix": [
        [
          -0.753892,
          -0.318458,
          0.574658,
          1.628688
        ],
        [
          -0.652936,
          0.266038,
          -0.709154,
          2.714686
        ],
        [
          0.072955,
          -0.90984,
          -0.408496,
          1.347759
        ],
        [
          0.0,
          0.0,
          0.0,
          1.0
        ]
      ]
    },
    {
      "file_path": "/media/NFS/ttao/scannet/posed_images/scene0609_00/00154.jpg",
      "transform_matrix": [
        [
          -0.763539,
          -0.320276,
          0.560742,
          1.66177
        ],
        [
          -0.64053,
          0.265315,
          -0.720645,
          2.703051
        ],
        [
          0.082032,
          -0.909413,
          -0.407725,
          1.341531
        ],
        [
          0.0,
          0.0,
          0.0,
          1.0
        ]
      ]
    },
    {
      "file_path": "/media/NFS/ttao/scannet/posed_images/scene0609_00/00156.jpg",
      "transform_matrix": [
        [
          -0.773354,
          -0.324706,
          0.544508,
          1.687888
        ],
        [
          -0.627983,
          0.274546,
          -0.728191,
          2.693216
        ],
        [
          0.086956,
          -0.905091,
          -0.416231,
          1.341398
        ],
        [
          0.0,
          0.0,
          0.0,
          1.0
        ]
      ]
    },
    {
      "file_path": "/media/NFS/ttao/scannet/posed_images/scene0609_00/00161.jpg",
      "transform_matrix": [
        [
          -0.811808,
          -0.308344,
          0.495874,
          1.755215
        ],
        [
          -0.576961,
          0.292815,
          -0.76248,
          2.680033
        ],
        [
          0.089907,
          -0.905088,
          -0.415612,
          1.344834
        ],
        [
          0.0,
          0.0,
          0.0,
          1.0
        ]
      ]
    },
    {
      "file_path": "/media/NFS/ttao/scannet/posed_images/scene0609_00/00163.jpg",
      "transform_matrix": [
        [
          -0.826007,
          -0.298467,
          0.478152,
          1.782174
        ],
        [
          -0.556812,
          0.30025,
          -0.774474,
          2.680536
        ],
        [
          0.08759,
          -0.905962,
          -0.414199,
          1.343337
        ],
        [
          0.0,
          0.0,
          0.0,
          1.0
        ]
      ]
    },
    {
      "file_path": "/media/NFS/ttao/scannet/posed_images/scene0609_00/00168.jpg",
      "transform_matrix": [
        [
          -0.840208,
          -0.271346,
          0.469491,
          1.862757
        ],
        [
          -0.538962,
          0.322467,
          -0.778161,
          2.691373
        ],
        [
          0.059756,
          -0.906855,
          -0.417185,
          1.359834
        ],
        [
          0.0,
          0.0,
          0.0,
          1.0
        ]
      ]
    },
    {
      "file_path": "/media/NFS/ttao/scannet/posed_images/scene0609_00/00170.jpg",
      "transform_matrix": [
        [
          -0.83098,
          -0.271693,
          0.485443,
          1.884292
        ],
        [
          -0.553423,
          0.315065,
          -0.771011,
          2.6939
        ],
        [
          0.056532,
          -0.90935,
          -0.412174,
          1.357752
        ],
        [
          0.0,
          0.0,
          0.0,
          1.0
        ]
      ]
    },
    {
      "file_path": "/media/NFS/ttao/scannet/posed_images/scene0609_00/00175.jpg",
      "transform_matrix": [
        [
          -0.800759,
          -0.293789,
          0.521989,
          1.946666
        ],
        [
          -0.595805,
          0.300969,
          -0.744604,
          2.708955
        ],
        [
          0.061654,
          -0.907252,
          -0.416044,
          1.341421
        ],
        [
          0.0,
          0.0,
          0.0,
          1.0
        ]
      ]
    },
    {
      "file_path": "/media/NFS/ttao/scannet/posed_images/scene0609_00/00180.jpg",
      "transform_matrix": [
        [
          -0.76896,
          -0.321948,
          0.552312,
          2.013815
        ],
        [
          -0.636042,
          0.298219,
          -0.711699,
          2.705271
        ],
        [
          0.064421,
          -0.898563,
          -0.434091,
          1.325375
        ],
        [
          0.0,
          0.0,
          0.0,
          1.0
        ]
      ]
    },
    {
      "file_path": "/media/NFS/ttao/scannet/posed_images/scene0609_00/00183.jpg",
      "transform_matrix": [
        [
          -0.745957,
          -0.334838,
          0.5757,
          2.054933
        ],
        [
          -0.662903,
          0.29011,
          -0.690215,
          2.693157
        ],
        [
          0.064094,
          -0.896504,
          -0.438375,
          1.315906
        ],
        [
          0.0,
          0.0,
          0.0,
          1.0
        ]
      ]
    },
    {
      "file_path": "/media/NFS/ttao/scannet/posed_images/scene0609_00/00184.jpg",
      "transform_matrix": [
        [
          -0.737173,
          -0.337781,
          0.585218,
          2.066112
        ],
        [
          -0.672916,
          0.288383,
          -0.68119,
          2.688941
        ],
        [
          0.061326,
          -0.895957,
          -0.439886,
          1.315499
        ],
        [
          0.0,
          0.0,
          0.0,
          1.0
        ]
      ]
    },
    {
      "file_path": "/media/NFS/ttao/scannet/posed_images/scene0609_00/00191.jpg",
      "transform_matrix": [
        [
          -0.712931,
          -0.320246,
          0.623837,
          2.168031
        ],
        [
          -0.700572,
          0.286622,
          -0.653488,
          2.630895
        ],
        [
          0.030471,
          -0.902934,
          -0.428697,
          1.320925
        ],
        [
          0.0,
          0.0,
          0.0,
          1.0
        ]
      ]
    },
    {
      "file_path": "/media/NFS/ttao/scannet/posed_images/scene0609_00/00192.jpg",
      "transform_matrix": [
        [
          -0.716914,
          -0.321506,
          0.618602,
          2.187207
        ],
        [
          -0.696522,
          0.292295,
          -0.655302,
          2.62103
        ],
        [
          0.029869,
          -0.900665,
          -0.433487,
          1.327778
        ],
        [
          0.0,
          0.0,
          0.0,
          1.0
        ]
      ]
    },
    {
      "file_path": "/media/NFS/ttao/scannet/posed_images/scene0609_00/00199.jpg",
      "transform_matrix": [
        [
          -0.704437,
          -0.338372,
          0.623917,
          2.285195
        ],
        [
          -0.70788,
          0.270898,
          -0.652319,
          2.573847
        ],
        [
          0.051708,
          -0.901176,
          -0.430358,
          1.337386
        ],
        [
          0.0,
          0.0,
          0.0,
          1.0
        ]
      ]
    },
    {
      "file_path": "/media/NFS/ttao/scannet/posed_images/scene0609_00/00200.jpg",
      "transform_matrix": [
        [
          -0.704174,
          -0.3425,
          0.621959,
          2.29894
        ],
        [
          -0.707811,
          0.269452,
          -0.652993,
          2.566455
        ],
        [
          0.056062,
          -0.90005,
          -0.432166,
          1.342217
        ],
        [
          0.0,
          0.0,
          0.0,
          1.0
        ]
      ]
    },
    {
      "file_path": "/media/NFS/ttao/scannet/posed_images/scene0609_00/00205.jpg",
      "transform_matrix": [
        [
          -0.709198,
          -0.346958,
          0.613724,
          2.362067
        ],
        [
          -0.700138,
          0.244456,
          -0.670856,
          2.550072
        ],
        [
          0.082731,
          -0.905462,
          -0.416286,
          1.331859
        ],
        [
          0.0,
          0.0,
          0.0,
          1.0
        ]
      ]
    },
    {
      "file_path": "/media/NFS/ttao/scannet/posed_images/scene0609_00/00206.jpg",
      "transform_matrix": [
        [
          -0.714122,
          -0.345252,
          0.608959,
          2.379992
        ],
        [
          -0.695141,
          0.247213,
          -0.675029,
          2.546486
        ],
        [
          0.082513,
          -0.905366,
          -0.416539,
          1.333763
        ],
        [
          0.0,
          0.0,
          0.0,
          1.0
        ]
      ]
    },
    {
      "file_path": "/media/NFS/ttao/scannet/posed_images/scene0609_00/00213.jpg",
      "transform_matrix": [
        [
          -0.760826,
          -0.302271,
          0.574261,
          2.497977
        ],
        [
          -0.647122,
          0.286905,
          -0.706341,
          2.536496
        ],
        [
          0.048748,
          -0.90902,
          -0.413891,
          1.344235
        ],
        [
          0.0,
          0.0,
          0.0,
          1.0
        ]
      ]
    },
    {
      "file_path": "/media/NFS/ttao/scannet/posed_images/scene0609_00/00216.jpg",
      "transform_matrix": [
        [
          -0.764713,
          -0.290401,
          0.575223,
          2.552932
        ],
        [
          -0.643625,
          0.301287,
          -0.703543,
          2.540365
        ],
        [
          0.031002,
          -0.908237,
          -0.417307,
          1.356225
        ],
        [
          0.0,
          0.0,
          0.0,
          1.0
        ]
      ]
    },
    {
      "file_path": "/media/NFS/ttao/scannet/posed_images/scene0609_00/00217.jpg",
      "transform_matrix": [
        [
          -0.759329,
          -0.289001,
          0.583006,
          2.570657
        ],
        [
          -0.65027,
          0.304212,
          -0.696135,
          2.532147
        ],
        [
          0.023826,
          -0.907708,
          -0.418926,
          1.367139
        ],
        [
          0.0,
          0.0,
          0.0,
          1.0
        ]
      ]
    },
    {
      "file_path": "/media/NFS/ttao/scannet/posed_images/scene0609_00/00224.jpg",
      "transform_matrix": [
        [
          -0.706476,
          -0.300416,
          0.640813,
          2.664384
        ],
        [
          -0.707133,
          0.262223,
          -0.65666,
          2.545216
        ],
        [
          0.029236,
          -0.917055,
          -0.397688,
          1.351929
        ],
        [
          0.0,
          0.0,
          0.0,
          1.0
        ]
      ]
    },
    {
      "file_path": "/media/NFS/ttao/scannet/posed_images/scene0609_00/00227.jpg",
      "transform_matrix": [
        [
          -0.677163,
          -0.314994,
          0.665003,
          2.702801
        ],
        [
          -0.734843,
          0.242616,
          -0.633359,
          2.538441
        ],
        [
          0.038164,
          -0.91756,
          -0.395761,
          1.340126
        ],
        [
          0.0,
          0.0,
          0.0,
          1.0
        ]
      ]
    },
    {
      "file_path": "/media/NFS/ttao/scannet/posed_images/scene0609_00/00228.jpg",
      "transform_matrix": [
        [
          -0.669476,
          -0.320763,
          0.670009,
          2.717992
        ],
        [
          -0.741708,
          0.239029,
          -0.626685,
          2.537788
        ],
        [
          0.040866,
          -0.916502,
          -0.397937,
          1.335643
        ],
        [
          0.0,
          0.0,
          0.0,
          1.0
        ]
      ]
    },
    {
      "file_path": "/media/NFS/ttao/scannet/posed_images/scene0609_00/00233.jpg",
      "transform_matrix": [
        [
          -0.638511,
          -0.35495,
          0.682872,
          2.792054
        ],
        [
          -0.768178,
          0.239776,
          -0.593642,
          2.515328
        ],
        [
          0.046977,
          -0.903614,
          -0.425764,
          1.314516
        ],
        [
          0.0,
          0.0,
          0.0,
          1.0
        ]
      ]
    },
    {
      "file_path": "/media/NFS/ttao/scannet/posed_images/scene0609_00/00236.jpg",
      "transform_matrix": [
        [
          -0.630104,
          -0.371996,
          0.681607,
          2.836055
        ],
        [
          -0.774574,
          0.239136,
          -0.585534,
          2.488622
        ],
        [
          0.054819,
          -0.896902,
          -0.438819,
          1.305066
        ],
        [
          0.0,
          0.0,
          0.0,
          1.0
        ]
      ]
    },
    {
      "file_path": "/media/NFS/ttao/scannet/posed_images/scene0609_00/00239.jpg",
      "transform_matrix": [
        [
          -0.633609,
          -0.380976,
          0.673347,
          2.883055
        ],
        [
          -0.771639,
          0.248432,
          -0.585539,
          2.451986
        ],
        [
          0.055795,
          -0.890583,
          -0.451385,
          1.304634
        ],
        [
          0.0,
          0.0,
          0.0,
          1.0
        ]
      ]
    },
    {
      "file_path": "/media/NFS/ttao/scannet/posed_images/scene0609_00/00244.jpg",
      "transform_matrix": [
        [
          -0.640835,
          -0.387228,
          0.662861,
          2.941773
        ],
        [
          -0.766129,
          0.267753,
          -0.584256,
          2.397379
        ],
        [
          0.048757,
          -0.882249,
          -0.468252,
          1.314709
        ],
        [
          0.0,
          0.0,
          0.0,
          1.0
        ]
      ]
    },
    {
      "file_path": "/media/NFS/ttao/scannet/posed_images/scene0609_00/00249.jpg",
      "transform_matrix": [
        [
          -0.650458,
          -0.406985,
          0.641301,
          2.984436
        ],
        [
          -0.757995,
          0.293976,
          -0.582255,
          2.355083
        ],
        [
          0.048442,
          -0.864836,
          -0.499712,
          1.312385
        ],
        [
          0.0,
          0.0,
          0.0,
          1.0
        ]
      ]
    },
    {
      "file_path": "/media/NFS/ttao/scannet/posed_images/scene0609_00/00252.jpg",
      "transform_matrix": [
        [
          -0.652815,
          -0.410621,
          0.636571,
          3.004535
        ],
        [
          -0.756047,
          0.300852,
          -0.581276,
          2.339053
        ],
        [
          0.04717,
          -0.860743,
          -0.506849,
          1.310745
        ],
        [
          0.0,
          0.0,
          0.0,
          1.0
        ]
      ]
    },
    {
      "file_path": "/media/NFS/ttao/scannet/posed_images/scene0609_00/00254.jpg",
      "transform_matrix": [
        [
          -0.651701,
          -0.416964,
          0.633583,
          3.018974
        ],
        [
          -0.756846,
          0.302751,
          -0.579247,
          2.330563
        ],
        [
          0.049707,
          -0.85702,
          -0.51288,
          1.309751
        ],
        [
          0.0,
          0.0,
          0.0,
          1.0
        ]
      ]
    },
    {
      "file_path": "/media/NFS/ttao/scannet/posed_images/scene0609_00/00257.jpg",
      "transform_matrix": [
        [
          -0.648908,
          -0.417797,
          0.635896,
          3.034773
        ],
        [
          -0.758919,
          0.295651,
          -0.5802,
          2.323512
        ],
        [
          0.054403,
          -0.85909,
          -0.508925,
          1.308164
        ],
        [
          0.0,
          0.0,
          0.0,
          1.0
        ]
      ]
    },
    {
      "file_path": "/media/NFS/ttao/scannet/posed_images/scene0609_00/00261.jpg",
      "transform_matrix": [
        [
          -0.644093,
          -0.417136,
          0.641203,
          3.057338
        ],
        [
          -0.763016,
          0.290826,
          -0.577258,
          2.319627
        ],
        [
          0.054317,
          -0.861056,
          -0.505601,
          1.307853
        ],
        [
          0.0,
          0.0,
          0.0,
          1.0
        ]
      ]
    },
    {
      "file_path": "/media/NFS/ttao/scannet/posed_images/scene0609_00/00265.jpg",
      "transform_matrix": [
        [
          -0.6336,
          -0.428288,
          0.644298,
          3.074012
        ],
        [
          -0.771596,
          0.289023,
          -0.566661,
          2.309161
        ],
        [
          0.056476,
          -0.856175,
          -0.513591,
          1.31144
        ],
        [
          0.0,
          0.0,
          0.0,
          1.0
        ]
      ]
    },
    {
      "file_path": "/media/NFS/ttao/scannet/posed_images/scene0609_00/00268.jpg",
      "transform_matrix": [
        [
          -0.612267,
          -0.427665,
          0.665005,
          3.079515
        ],
        [
          -0.7889,
          0.274492,
          -0.54981,
          2.302881
        ],
        [
          0.052596,
          -0.861253,
          -0.505447,
          1.318954
        ],
        [
          0.0,
          0.0,
          0.0,
          1.0
        ]
      ]
    },
    {
      "file_path": "/media/NFS/ttao/scannet/posed_images/scene0609_00/00275.jpg",
      "transform_matrix": [
        [
          -0.537439,
          -0.401183,
          0.741762,
          3.035232
        ],
        [
          -0.842213,
          0.210648,
          -0.496291,
          2.262789
        ],
        [
          0.042852,
          -0.891448,
          -0.451092,
          1.331039
        ],
        [
          0.0,
          0.0,
          0.0,
          1.0
        ]
      ]
    },
    {
      "file_path": "/media/NFS/ttao/scannet/posed_images/scene0609_00/00277.jpg",
      "transform_matrix": [
        [
          -0.512558,
          -0.404716,
          0.75729,
          3.01674
        ],
        [
          -0.857317,
          0.192043,
          -0.477626,
          2.245339
        ],
        [
          0.047871,
          -0.89405,
          -0.445403,
          1.325089
        ],
        [
          0.0,
          0.0,
          0.0,
          1.0
        ]
      ]
    },
    {
      "file_path": "/media/NFS/ttao/scannet/posed_images/scene0609_00/00279.jpg",
      "transform_matrix": [
        [
          -0.481387,
          -0.418502,
          0.770144,
          2.996101
        ],
        [
          -0.874475,
          0.169504,
          -0.454491,
          2.223893
        ],
        [
          0.059663,
