{
  "frames": [
    {
      "file_path": "/media/NFS/ttao/scannet/posed_images/scene0132_00/00002.jpg",
      "transform_matrix": [
        [
          -0.452202,
          0.137197,
          -0.8813,
          3.315698
        ],
        [
          0.891317,
          0.105713,
          -0.440885,
          2.124716
        ],
        [
          0.032677,
          -0.984887,
          -0.170089,
          1.590659
        ],
        [
          0.0,
          0.0,
          0.0,
          1.0
        ]
      ]
    },
    {
      "file_path": "/media/NFS/ttao/scannet/posed_images/scene0132_00/00004.jpg",
      "transform_matrix": [
        [
          -0.448824,
          0.136877,
          -0.883075,
          3.315047
        ],
        [
          0.892984,
          0.105987,
          -0.437432,
          2.127717
        ],
        [
          0.033721,
          -0.984902,
          -0.169799,
          1.592265
        ],
        [
          0.0,
          0.0,
          0.0,
          1.0
        ]
      ]
    },
    {
      "file_path": "/media/NFS/ttao/scannet/posed_images/scene0132_00/00007.jpg",
      "transform_matrix": [
        [
          -0.431379,
          0.130488,
          -0.892684,
          3.332445
        ],
        [
          0.900785,
          0.11711,
          -0.418176,
          2.063144
        ],
        [
          0.049976,
          -0.984509,
          -0.168061,
          1.584617
        ],
        [
          0.0,
          0.0,
          0.0,
          1.0
        ]
      ]
    },
    {
      "file_path": "/media/NFS/ttao/scannet/posed_images/scene0132_00/00011.jpg",
      "transform_matrix": [
        [
          -0.451287,
          0.127343,
          -0.883246,
          3.323092
        ],
        [
          0.891148,
          0.116273,
          -0.438561,
          2.061634
        ],
        [
          0.04685,
          -0.98502,
          -0.165954,
          1.554255
        ],
        [
          0.0,
          0.0,
          0.0,
          1.0
        ]
      ]
    },
    {
      "file_path": "/media/NFS/ttao/scannet/posed_images/scene0132_00/00015.jpg",
      "transform_matrix": [
        [
          -0.487105,
          0.139796,
          -0.862082,
          3.319841
        ],
        [
          0.872388,
          0.124051,
          -0.472812,
          2.045467
        ],
        [
          0.040845,
          -0.982379,
          -0.182382,
          1.523716
        ],
        [
          0.0,
          0.0,
          0.0,
          1.0
        ]
      ]
    },
    {
      "file_path": "/media/NFS/ttao/scannet/posed_images/scene0132_00/00020.jpg",
      "transform_matrix": [
        [
          -0.548567,
          0.249874,
          -0.797896,
          3.310596
        ],
        [
          0.835494,
          0.200345,
          -0.511675,
          1.997705
        ],
        [
          0.032,
          -0.947325,
          -0.318671,
          1.529011
        ],
        [
          0.0,
          0.0,
          0.0,
          1.0
        ]
      ]
    },
    {
      "file_path": "/media/NFS/ttao/scannet/posed_images/scene0132_00/00023.jpg",
      "transform_matrix": [
        [
          -0.584638,
          0.297009,
          -0.754972,
          3.301445
        ],
        [
          0.810215,
          0.261733,
          -0.52445,
          1.989625
        ],
        [
          0.041835,
          -0.918304,
          -0.39366,
          1.504282
        ],
        [
          0.0,
          0.0,
          0.0,
          1.0
        ]
      ]
    },
    {
      "file_path": "/media/NFS/ttao/scannet/posed_images/scene0132_00/00029.jpg",
      "transform_matrix": [
        [
          -0.640193,
          0.37346,
          -0.671327,
          3.281996
        ],
        [
          0.767403,
          0.351049,
          -0.536524,
          1.96987
        ],
        [
          0.035299,
          -0.858657,
          -0.511333,
          1.483681
        ],
        [
          0.0,
          0.0,
          0.0,
          1.0
        ]
      ]
    },
    {
      "file_path": "/media/NFS/ttao/scannet/posed_images/scene0132_00/00033.jpg",
      "transform_matrix": [
        [
          -0.666599,
          0.381106,
          -0.640628,
          3.295647
        ],
        [
          0.744061,
          0.391988,
          -0.541034,
          1.966337
        ],
        [
          0.044927,
          -0.837319,
          -0.544865,
          1.446404
        ],
        [
          0.0,
          0.0,
          0.0,
          1.0
        ]
      ]
    },
    {
      "file_path": "/media/NFS/ttao/scannet/posed_images/scene0132_00/00038.jpg",
      "transform_matrix": [
        [
          -0.696407,
          0.387228,
          -0.604211,
          3.292571
        ],
        [
          0.715754,
          0.435879,
          -0.545624,
          1.95218
        ],
        [
          0.052082,
          -0.812443,
          -0.580709,
          1.4316
        ],
        [
          0.0,
          0.0,
          0.0,
          1.0
        ]
      ]
    },
    {
      "file_path": "/media/NFS/ttao/scannet/posed_images/scene0132_00/00039.jpg",
      "transform_matrix": [
        [
          -0.701852,
          0.388926,
          -0.596775,
          3.291719
        ],
        [
          0.71019,
          0.446852,
          -0.544017,
          1.95216
        ],
        [
          0.055088,
          -0.805643,
          -0.589835,
          1.423795
        ],
        [
          0.0,
          0.0,
          0.0,
          1.0
        ]
      ]
    },
    {
      "file_path": "/media/NFS/ttao/scannet/posed_images/scene0132_00/00045.jpg",
      "transform_matrix": [
        [
          -0.725749,
          0.415285,
          -0.548477,
          3.29495
        ],
        [
          0.686175,
          0.494342,
          -0.533656,
          1.914614
        ],
        [
          0.049515,
          -0.763652,
          -0.643726,
          1.419771
        ],
        [
          0.0,
          0.0,
          0.0,
          1.0
        ]
      ]
    },
    {
      "file_path": "/media/NFS/ttao/scannet/posed_images/scene0132_00/00046.jpg",
      "transform_matrix": [
        [
          -0.728703,
          0.415786,
          -0.544164,
          3.291715
        ],
        [
          0.683239,
          0.49552,
          -0.536324,
          1.904668
        ],
        [
          0.046648,
          -0.762615,
          -0.645168,
          1.424113
        ],
        [
          0.0,
          0.0,
          0.0,
          1.0
        ]
      ]
    },
    {
      "file_path": "/media/NFS/ttao/scannet/posed_images/scene0132_00/00050.jpg",
      "transform_matrix": [
        [
          -0.732792,
          0.401438,
          -0.549421,
          3.287287
        ],
        [
          0.678723,
          0.488765,
          -0.548128,
          1.862834
        ],
        [
          0.048499,
          -0.774568,
          -0.630628,
          1.439322
        ],
        [
          0.0,
          0.0,
          0.0,
          1.0
        ]
      ]
    },
    {
      "file_path": "/media/NFS/ttao/scannet/posed_images/scene0132_00/00054.jpg",
      "transform_matrix": [
        [
          -0.707824,
          0.400217,
          -0.582076,
          3.26813
        ],
        [
          0.704802,
          0.455333,
          -0.54399,
          1.807251
        ],
        [
          0.047324,
          -0.795297,
          -0.60437,
          1.456692
        ],
        [
          0.0,
          0.0,
          0.0,
          1.0
        ]
      ]
    },
    {
      "file_path": "/media/NFS/ttao/scannet/posed_images/scene0132_00/00061.jpg",
      "transform_matrix": [
        [
          -0.621044,
          0.425926,
          -0.657945,
          3.226364
        ],
        [
          0.783661,
          0.351803,
          -0.511967,
          1.687644
        ],
        [
          0.013407,
          -0.83356,
          -0.552267,
          1.470316
        ],
        [
          0.0,
          0.0,
          0.0,
          1.0
        ]
      ]
    },
    {
      "file_path": "/media/NFS/ttao/scannet/posed_images/scene0132_00/00063.jpg",
      "transform_matrix": [
        [
          -0.600665,
          0.441032,
          -0.666852,
          3.214597
        ],
        [
          0.799486,
          0.326253,
          -0.504363,
          1.643128
        ],
        [
          -0.004878,
          -0.836092,
          -0.548568,
          1.479739
        ],
        [
          0.0,
          0.0,
          0.0,
          1.0
        ]
      ]
    },
    {
      "file_path": "/media/NFS/ttao/scannet/posed_images/scene0132_00/00068.jpg",
      "transform_matrix": [
        [
          -0.568101,
          0.492686,
          -0.659183,
          3.177612
        ],
        [
          0.822628,
          0.362675,
          -0.437893,
          1.558776
        ],
        [
          0.023325,
          -0.79103,
          -0.611333,
          1.489405
        ],
        [
          0.0,
          0.0,
          0.0,
          1.0
        ]
      ]
    },
    {
      "file_path": "/media/NFS/ttao/scannet/posed_images/scene0132_00/00072.jpg",
      "transform_matrix": [
        [
          -0.537156,
          0.513916,
          -0.668845,
          3.14468
        ],
        [
          0.842535,
          0.364503,
          -0.396577,
          1.497179
        ],
        [
          0.039989,
          -0.776549,
          -0.628787,
          1.5083
        ],
        [
          0.0,
          0.0,
          0.0,
          1.0
        ]
      ]
    },
    {
      "file_path": "/media/NFS/ttao/scannet/posed_images/scene0132_00/00074.jpg",
      "transform_matrix": [
        [
          -0.517348,
          0.53492,
          -0.667991,
          3.120518
        ],
        [
          0.854204,
          0.370072,
          -0.365217,
          1.476532
        ],
        [
          0.051843,
          -0.759544,
          -0.648386,
          1.513639
        ],
        [
          0.0,
          0.0,
          0.0,
          1.0
        ]
      ]
    },
    {
      "file_path": "/media/NFS/ttao/scannet/posed_images/scene0132_00/00080.jpg",
      "transform_matrix": [
        [
          -0.455687,
          0.559381,
          -0.692418,
          3.029646
        ],
        [
          0.88792,
          0.340552,
          -0.309229,
          1.400842
        ],
        [
          0.062828,
          -0.755723,
          -0.65187,
          1.531232
        ],
        [
          0.0,
          0.0,
          0.0,
          1.0
        ]
      ]
    },
    {
      "file_path": "/media/NFS/ttao/scannet/posed_images/scene0132_00/00084.jpg",
      "transform_matrix": [
        [
          -0.430409,
          0.561586,
          -0.706661,
          2.946639
        ],
        [
          0.901456,
          0.307422,
          -0.304744,
          1.37143
        ],
        [
          0.046103,
          -0.768188,
          -0.638562,
          1.532917
        ],
        [
          0.0,
          0.0,
          0.0,
          1.0
        ]
      ]
    },
    {
      "file_path": "/media/NFS/ttao/scannet/posed_images/scene0132_00/00086.jpg",
      "transform_matrix": [
        [
          -0.405253,
          0.571788,
          -0.713322,
          2.905159
        ],
        [
          0.913311,
          0.287707,
          -0.28825,
          1.359597
        ],
        [
          0.04041,
          -0.768299,
          -0.638814,
          1.526988
        ],
        [
          0.0,
          0.0,
          0.0,
          1.0
        ]
      ]
    },
    {
      "file_path": "/media/NFS/ttao/scannet/posed_images/scene0132_00/00090.jpg",
      "transform_matrix": [
        [
          -0.380119,
          0.605998,
          -0.698767,
          2.814143
        ],
        [
          0.924937,
          0.24986,
          -0.286463,
          1.348739
        ],
        [
          0.000998,
          -0.755206,
          -0.655487,
          1.520692
        ],
        [
          0.0,
          0.0,
          0.0,
          1.0
        ]
      ]
    },
    {
      "file_path": "/media/NFS/ttao/scannet/posed_images/scene0132_00/00094.jpg",
      "transform_matrix": [
        [
          -0.350267,
          0.623799,
          -0.698704,
          2.719693
        ],
        [
          0.936364,
          0.214771,
          -0.277662,
          1.33524
        ],
        [
          -0.023144,
          -0.751497,
          -0.65933,
          1.537994
        ],
        [
          0.0,
          0.0,
          0.0,
          1.0
        ]
      ]
    },
    {
      "file_path": "/media/NFS/ttao/scannet/posed_images/scene0132_00/00100.jpg",
      "transform_matrix": [
        [
          -0.218283,
          0.639943,
          -0.736766,
          2.637708
        ],
        [
          0.975799,
          0.153189,
          -0.156044,
          1.300359
        ],
        [
          0.013005,
          -0.752998,
          -0.657895,
          1.555573
        ],
        [
          0.0,
          0.0,
          0.0,
          1.0
        ]
      ]
    },
    {
      "file_path": "/media/NFS/ttao/scannet/posed_images/scene0132_00/00101.jpg",
      "transform_matrix": [
        [
          -0.19269,
          0.636126,
          -0.747137,
          2.626223
        ],
        [
          0.980896,
          0.145607,
          -0.129005,
          1.297631
        ],
        [
          0.026725,
          -0.757721,
          -0.652031,
          1.552063
        ],
        [
          0.0,
          0.0,
          0.0,
          1.0
        ]
      ]
    },
    {
      "file_path": "/media/NFS/ttao/scannet/posed_images/scene0132_00/00104.jpg",
      "transform_matrix": [
        [
          -0.114414,
          0.647566,
          -0.753371,
          2.57935
        ],
        [
          0.992296,
          0.110768,
          -0.055488,
          1.289401
        ],
        [
          0.047518,
          -0.753915,
          -0.655251,
          1.551008
        ],
        [
          0.0,
          0.0,
          0.0,
          1.0
        ]
      ]
    },
    {
      "file_path": "/media/NFS/ttao/scannet/posed_images/scene0132_00/00109.jpg",
      "transform_matrix": [
        [
          -0.000252,
          0.645239,
          -0.763981,
          2.513635
        ],
        [
          0.998932,
          0.035455,
          0.029614,
          1.268997
        ],
        [
          0.046195,
          -0.763158,
          -0.644558,
          1.547714
        ],
        [
          0.0,
          0.0,
          0.0,
          1.0
        ]
      ]
    },
    {
      "file_path": "/media/NFS/ttao/scannet/posed_images/scene0132_00/00115.jpg",
      "transform_matrix": [
        [
          0.049972,
          0.636059,
          -0.77002,
          2.469512
        ],
        [
          0.998401,
          -0.011403,
          0.055374,
          1.313137
        ],
        [
          0.026441,
          -0.771556,
          -0.635612,
          1.555296
        ],
        [
          0.0,
          0.0,
          0.0,
          1.0
        ]
      ]
    },
    {
      "file_path": "/media/NFS/ttao/scannet/posed_images/scene0132_00/00120.jpg",
      "transform_matrix": [
        [
          0.083452,
          0.604593,
          -0.792151,
          2.442359
        ],
        [
          0.996487,
          -0.044998,
          0.070635,
          1.32305
        ],
        [
          0.007061,
          -0.795262,
          -0.606224,
          1.56227
        ],
        [
          0.0,
          0.0,
          0.0,
          1.0
        ]
      ]
    },
    {
      "file_path": "/media/NFS/ttao/scannet/posed_images/scene0132_00/00123.jpg",
      "transform_matrix": [
        [
          0.110654,
          0.599391,
          -0.792771,
          2.423467
        ],
        [
          0.993851,
          -0.063478,
          0.090727,
          1.315003
        ],
        [
          0.004058,
          -0.797935,
          -0.60273,
          1.562027
        ],
        [
          0.0,
          0.0,
          0.0,
          1.0
        ]
      ]
    },
    {
      "file_path": "/media/NFS/ttao/scannet/posed_images/scene0132_00/00124.jpg",
      "transform_matrix": [
        [
          0.114373,
          0.599215,
          -0.792376,
          2.418143
        ],
        [
          0.993428,
          -0.065445,
          0.093902,
          1.312985
        ],
        [
          0.00441,
          -0.797908,
          -0.602763,
          1.56356
        ],
        [
          0.0,
          0.0,
          0.0,
          1.0
        ]
      ]
    },
    {
      "file_path": "/media/NFS/ttao/scannet/posed_images/scene0132_00/00129.jpg",
      "transform_matrix": [
        [
          0.113293,
          0.587472,
          -0.801275,
          2.402741
        ],
        [
          0.99347,
          -0.056013,
          0.0994,
          1.298639
        ],
        [
          0.013513,
          -0.807303,
          -0.589982,
          1.566597
        ],
        [
          0.0,
          0.0,
          0.0,
          1.0
        ]
      ]
    },
    {
      "file_path": "/media/NFS/ttao/scannet/posed_images/scene0132_00/00134.jpg",
      "transform_matrix": [
        [
          0.116053,
          0.577539,
          -0.808072,
          2.40099
        ],
        [
          0.993179,
          -0.058263,
          0.100996,
          1.285612
        ],
        [
          0.011249,
          -0.814281,
          -0.580362,
          1.561775
        ],
        [
          0.0,
          0.0,
          0.0,
          1.0
        ]
      ]
    },
    {
      "file_path": "/media/NFS/ttao/scannet/posed_images/scene0132_00/00138.jpg",
      "transform_matrix": [
        [
          0.121103,
          0.582404,
          -0.803828,
          2.40582
        ],
        [
          0.992601,
          -0.063884,
          0.103257,
          1.283525
        ],
        [
          0.008786,
          -0.810385,
          -0.585832,
          1.558114
        ],
        [
          0.0,
          0.0,
          0.0,
          1.0
        ]
      ]
    },
    {
      "file_path": "/media/NFS/ttao/scannet/posed_images/scene0132_00/00140.jpg",
      "transform_matrix": [
        [
          0.129468,
          0.582309,
          -0.802592,
          2.409063
        ],
        [
          0.991578,
          -0.07342,
          0.106685,
          1.280233
        ],
        [
          0.003198,
          -0.809646,
          -0.58691,
          1.558303
        ],
        [
          0.0,
          0.0,
          0.0,
          1.0
        ]
      ]
    },
    {
      "file_path": "/media/NFS/ttao/scannet/posed_images/scene0132_00/00147.jpg",
      "transform_matrix": [
        [
          0.150326,
          0.57516,
          -0.80411,
          2.427601
        ],
        [
          0.988593,
          -0.07985,
          0.1277,
          1.276671
        ],
        [
          0.00924,
          -0.814134,
          -0.580603,
          1.55864
        ],
        [
          0.0,
          0.0,
          0.0,
          1.0
        ]
      ]
    },
    {
      "file_path": "/media/NFS/ttao/scannet/posed_images/scene0132_00/00148.jpg",
      "transform_matrix": [
        [
          0.150571,
          0.573852,
          -0.804998,
          2.429731
        ],
        [
          0.988546,
          -0.078994,
          0.128591,
          1.275573
        ],
        [
          0.010202,
          -0.81514,
          -0.579174,
          1.558903
        ],
        [
          0.0,
          0.0,
          0.0,
          1.0
        ]
      ]
    },
    {
      "file_path": "/media/NFS/ttao/scannet/posed_images/scene0132_00/00151.jpg",
      "transform_matrix": [
        [
          0.148869,
          0.5684,
          -0.809172,
          2.438703
        ],
        [
          0.98884,
          -0.080828,
          0.125146,
          1.27801
        ],
        [
          0.00573,
          -0.818773,
          -0.574089,
          1.555883
        ],
        [
          0.0,
          0.0,
          0.0,
          1.0
        ]
      ]
    },
    {
      "file_path": "/media/NFS/ttao/scannet/posed_images/scene0132_00/00156.jpg",
      "transform_matrix": [
        [
          0.16839,
          0.572143,
          -0.802681,
          2.447509
        ],
        [
          0.985705,
          -0.102293,
          0.133872,
          1.263356
        ],
        [
          -0.005514,
          -0.813749,
          -0.58119,
          1.546242
        ],
        [
          0.0,
          0.0,
          0.0,
          1.0
        ]
      ]
    },
    {
      "file_path": "/media/NFS/ttao/scannet/posed_images/scene0132_00/00162.jpg",
      "transform_matrix": [
        [
          0.201605,
          0.572129,
          -0.794999,
          2.457374
        ],
        [
          0.979266,
          -0.134169,
          0.151778,
          1.258845
        ],
        [
          -0.019827,
          -0.809115,
          -0.587315,
          1.540669
        ],
        [
          0.0,
          0.0,
          0.0,
          1.0
        ]
      ]
    },
    {
      "file_path": "/media/NFS/ttao/scannet/posed_images/scene0132_00/00164.jpg",
      "transform_matrix": [
        [
          0.212289,
          0.569474,
          -0.794124,
          2.46272
        ],
        [
          0.976889,
          -0.144401,
          0.157595,
          1.258083
        ],
        [
          -0.024925,
          -0.809227,
          -0.586967,
          1.536404
        ],
        [
          0.0,
          0.0,
          0.0,
          1.0
        ]
      ]
    },
    {
      "file_path": "/media/NFS/ttao/scannet/posed_images/scene0132_00/00170.jpg",
      "transform_matrix": [
        [
          0.223423,
          0.580947,
          -0.782676,
          2.467681
        ],
        [
          0.974442,
          -0.152338,
          0.165091,
          1.254821
        ],
        [
          -0.023321,
          -0.799558,
          -0.600136,
          1.527222
        ],
        [
          0.0,
          0.0,
          0.0,
          1.0
        ]
      ]
    },
    {
      "file_path": "/media/NFS/ttao/scannet/posed_images/scene0132_00/00174.jpg",
      "transform_matrix": [
        [
          0.231681,
          0.579016,
          -0.781706,
          2.468434
        ],
        [
          0.972513,
          -0.157094,
          0.171871,
          1.251
        ],
        [
          -0.023285,
          -0.800039,
          -0.599496,
          1.524543
        ],
        [
          0.0,
          0.0,
          0.0,
          1.0
        ]
      ]
    },
    {
      "file_path": "/media/NFS/ttao/scannet/posed_images/scene0132_00/00175.jpg",
      "transform_matrix": [
        [
          0.232835,
          0.577523,
          -0.782467,
          2.469145
        ],
        [
          0.972257,
          -0.156822,
          0.173563,
          1.252346
        ],
        [
          -0.022471,
          -0.80117,
          -0.598015,
          1.523014
        ],
        [
          0.0,
          0.0,
          0.0,
          1.0
        ]
      ]
    },
    {
      "file_path": "/media/NFS/ttao/scannet/posed_images/scene0132_00/00182.jpg",
      "transform_matrix": [
        [
          0.255282,
          0.575877,
          -0.776658,
          2.474013
        ],
        [
          0.966796,
          -0.161745,
          0.197849,
          1.251441
        ],
        [
          -0.011684,
          -0.801377,
          -0.598046,
          1.518834
        ],
        [
          0.0,
          0.0,
          0.0,
          1.0
        ]
      ]
    },
    {
      "file_path": "/media/NFS/ttao/scannet/posed_images/scene0132_00/00184.jpg",
      "transform_matrix": [
        [
          0.259781,
          0.575318,
          -0.775579,
          2.475341
        ],
        [
          0.965604,
          -0.163967,
          0.2018,
          1.25128
        ],
        [
          -0.01107,
          -0.801326,
          -0.598125,
          1.517496
        ],
        [
          0.0,
          0.0,
          0.0,
          1.0
        ]
      ]
    },
    {
      "file_path": "/media/NFS/ttao/scannet/posed_images/scene0132_00/00190.jpg",
      "transform_matrix": [
        [
          0.272541,
          0.577517,
          -0.769542,
          2.477277
        ],
        [
          0.962141,
          -0.165606,
          0.21647,
          1.250649
        ],
        [
          -0.002425,
          -0.799405,
          -0.600788,
          1.515137
        ],
        [
          0.0,
          0.0,
          0.0,
          1.0
        ]
      ]
    },
    {
      "file_path": "/media/NFS/ttao/scannet/posed_images/scene0132_00/00192.jpg",
      "transform_matrix": [
        [
          0.273356,
          0.577131,
          -0.769543,
          2.477034
        ],
        [
          0.961911,
          -0.165367,
          0.217669,
          1.250033
        ],
        [
          -0.001634,
          -0.799733,
          -0.600353,
          1.515877
        ],
        [
          0.0,
          0.0,
          0.0,
          1.0
        ]
      ]
    },
    {
      "file_path": "/media/NFS/ttao/scannet/posed_images/scene0132_00/00196.jpg",
      "transform_matrix": [
        [
          0.275792,
          0.569275,
          -0.774509,
          2.479503
        ],
        [
          0.961217,
          -0.162958,
          0.222499,
          1.248611
        ],
        [
          0.000451,
          -0.805835,
          -0.59214,
          1.515236
        ],
        [
          0.0,
          0.0,
          0.0,
          1.0
        ]
      ]
    },
    {
      "file_path": "/media/NFS/ttao/scannet/posed_images/scene0132_00/00201.jpg",
      "transform_matrix": [
        [
          0.280009,
          0.56492,
          -0.776183,
          2.480501
        ],
        [
          0.959987,
          -0.161007,
          0.229132,
          1.24935
        ],
        [
          0.00447,
          -0.809285,
          -0.587399,
          1.513395
        ],
        [
          0.0,
          0.0,
          0.0,
          1.0
        ]
      ]
    },
    {
      "file_path": "/media/NFS/ttao/scannet/posed_images/scene0132_00/00203.jpg",
      "transform_matrix": [
        [
          0.286006,
          0.562402,
          -0.775825,
          2.481648
        ],
        [
          0.958202,
          -0.161889,
          0.235884,
          1.248371
        ],
        [
          0.007064,
          -0.810861,
          -0.585196,
          1.514095
        ],
        [
          0.0,
          0.0,
          0.0,
          1.0
        ]
      ]
    },
    {
      "file_path": "/media/NFS/ttao/scannet/posed_images/scene0132_00/00206.jpg",
      "transform_matrix": [
        [
          0.292084,
          0.555993,
          -0.778176,
          2.481971
        ],
        [
          0.956371,
          -0.164271,
          0.2416,
          1.246752
        ],
        [
          0.006497,
          -0.814792,
          -0.579716,
          1.516687
        ],
        [
          0.0,
          0.0,
          0.0,
          1.0
        ]
      ]
    },
    {
      "file_path": "/media/NFS/ttao/scannet/posed_images/scene0132_00/00210.jpg",
      "transform_matrix": [
        [
          0.293498,
          0.537835,
          -0.790312,
          2.483284
        ],
        [
          0.955959,
          -0.164468,
          0.243088,
          1.2485
        ],
        [
          0.00076,
          -0.826852,
          -0.562419,
          1.520274
        ],
        [
          0.0,
          0.0,
          0.0,
          1.0
        ]
      ]
    },
    {
      "file_path": "/media/NFS/ttao/scannet/posed_images/scene0132_00/00215.jpg",
      "transform_matrix": [
        [
          0.297245,
          0.472737,
          -0.829557,
          2.485286
        ],
        [
          0.95473,
          -0.157734,
          0.252209,
          1.251003
        ],
        [
          -0.011621,
          -0.866971,
          -0.498223,
          1.536542
        ],
        [
          0.0,
          0.0,
          0.0,
          1.0
        ]
      ]
    },
    {
      "file_path": "/media/NFS/ttao/scannet/posed_images/scene0132_00/00219.jpg",
      "transform_matrix": [
        [
          0.351406,
          0.421789,
          -0.835828,
          2.497544
        ],
        [
          0.936201,
          -0.164501,
          0.310592,
          1.246182
        ],
        [
          -0.00649,
          -0.891647,
          -0.452686,
          1.539052
        ],
        [
          0.0,
          0.0,
          0.0,
          1.0
        ]
      ]
    },
    {
      "file_path": "/media/NFS/ttao/scannet/posed_images/scene0132_00/00223.jpg",
      "transform_matrix": [
        [
          0.454391,
          0.400829,
          -0.795528,
          2.520165
        ],
        [
          0.890796,
          -0.201075,
          0.407494,
          1.259435
        ],
        [
          0.003375,
          -0.893815,
          -0.448423,
          1.531964
        ],
        [
          0.0,
          0.0,
          0.0,
          1.0
        ]
      ]
    },
    {
      "file_path": "/media/NFS/ttao/scannet/posed_images/scene0132_00/00226.jpg",
      "transform_matrix": [
        [
          0.544912,
          0.377109,
          -0.748906,
          2.542299
        ],
        [
          0.838487,
          -0.241635,
          0.488418,
          1.278707
        ],
        [
          0.003225,
          -0.894092,
          -0.447871,
          1.51911
        ],
        [
          0.0,
          0.0,
          0.0,
          1.0
        ]
      ]
    },
    {
      "file_path": "/media/NFS/ttao/scannet/posed_images/scene0132_00/00232.jpg",
      "transform_matrix": [
        [
          0.708613,
          0.354083,
          -0.610322,
          2.571321
        ],
        [
          0.705518,
          -0.342626,
          0.620364,
          1.325786
        ],
        [
          0.010549,
          -0.870191,
          -0.492601,
          1.487905
        ],
        [
          0.0,
          0.0,
          0.0,
          1.0
        ]
      ]
    },
    {
      "file_path": "/media/NFS/ttao/scannet/posed_images/scene0132_00/00235.jpg",
      "transform_matrix": [
        [
          0.781424,
          0.315408,
          -0.538418,
          2.588418
        ],
        [
          0.623994,
          -0.391259,
          0.676422,
          1.327886
        ],
        [
          0.002688,
          -0.864543,
          -0.502552,
          1.484357
        ],
        [
          0.0,
          0.0,
          0.0,
          1.0
        ]
      ]
    },
    {
      "file_path": "/media/NFS/ttao/scannet/posed_images/scene0132_00/00239.jpg",
      "transform_matrix": [
        [
          0.845266,
          0.252799,
          -0.470763,
          2.631982
        ],
        [
          0.534272,
          -0.414406,
          0.736763,
          1.332254
        ],
        [
          -0.008834,
          -0.874277,
          -0.485347,
          1.484038
        ],
        [
          0.0,
          0.0,
          0.0,
          1.0
        ]
      ]
    },
    {
      "file_path": "/media/NFS/ttao/scannet/posed_images/scene0132_00/00243.jpg",
      "transform_matrix": [
        [
          0.902669,
          0.199409,
          -0.381347,
          2.680471
        ],
        [
          0.430311,
          -0.42791,
          0.794812,
          1.322106
        ],
        [
          -0.00469,
          -0.881549,
          -0.472069,
          1.477156
        ],
        [
          0.0,
          0.0,
          0.0,
          1.0
        ]
      ]
    },
    {
      "file_path": "/media/NFS/ttao/scannet/posed_images/scene0132_00/00245.jpg",
      "transform_matrix": [
        [
          0.921554,
          0.168497,
          -0.34978,
          2.711221
        ],
        [
          0.387883,
          -0.438706,
          0.810607,
          1.319756
        ],
        [
          -0.016866,
          -0.882692,
          -0.469649,
          1.468765
        ],
        [
          0.0,
          0.0,
          0.0,
          1.0
        ]
      ]
    },
    {
      "file_path": "/media/NFS/ttao/scannet/posed_images/scene0132_00/00252.jpg",
      "transform_matrix": [
        [
          0.966927,
          0.077759,
          -0.242911,
          2.82343
        ],
        [
          0.246726,
          -0.526548,
          0.813556,
          1.318244
        ],
        [
          -0.064643,
          -0.846582,
          -0.528318,
          1.443672
        ],
        [
          0.0,
          0.0,
          0.0,
          1.0
        ]
      ]
    },
    {
      "file_path": "/media/NFS/ttao/scannet/posed_images/scene0132_00/00256.jpg",
      "transform_matrix": [
        [
          0.980992,
          0.020012,
          -0.193015,
          2.877627
        ],
        [
          0.170848,
          -0.560716,
          0.810191,
          1.305873
        ],
        [
          -0.092013,
          -0.827767,
          -0.553476,
          1.42631
        ],
        [
          0.0,
          0.0,
          0.0,
          1.0
        ]
      ]
    },
    {
      "file_path": "/media/NFS/ttao/scannet/posed_images/scene0132_00/00257.jpg",
      "transform_matrix": [
        [
          0.984306,
          0.010136,
          -0.176178,
          2.890069
        ],
        [
          0.150512,
          -0.569421,
          0.808149,
          1.302223
        ],
        [
          -0.092128,
          -0.821983,
          -0.56201,
          1.421759
        ],
        [
          0.0,
          0.0,
          0.0,
          1.0
        ]
      ]
    },
    {
      "file_path": "/media/NFS/ttao/scannet/posed_images/scene0132_00/00263.jpg",
      "transform_matrix": [
        [
          0.995163,
          -0.062123,
          -0.076095,
          2.967303
        ],
        [
          0.022539,
          -0.609576,
          0.792407,
          1.300119
        ],
        [
          -0.095612,
          -0.79029,
          -0.605228,
          1.40081
        ],
        [
          0.0,
          0.0,
          0.0,
          1.0
        ]
      ]
    },
    {
      "file_path": "/media/NFS/ttao/scannet/posed_images/scene0132_00/00265.jpg",
      "transform_matrix": [
        [
          0.994545,
          -0.093328,
          -0.046578,
          2.988431
        ],
        [
          -0.02179,
          -0.622602,
          0.782236,
          1.294924
        ],
        [
          -0.102004,
          -0.776954,
          -0.621239,
          1.386988
        ],
        [
          0.0,
          0.0,
          0.0,
          1.0
        ]
      ]
    },
    {
      "file_path": "/media/NFS/ttao/scannet/posed_images/scene0132_00/00272.jpg",
      "transform_matrix": [
        [
          0.98349,
          -0.178823,
          0.027725,
          3.044438
        ],
        [
          -0.143564,
          -0.677768,
          0.721124,
          1.297585
        ],
        [
          -0.110163,
          -0.713199,
          -0.692251,
          1.352461
        ],
        [
          0.0,
          0.0,
          0.0,
          1.0
        ]
      ]
    },
    {
      "file_path": "/media/NFS/ttao/scannet/posed_images/scene0132_00/00276.jpg",
      "transform_matrix": [
        [
          0.976629,
          -0.210382,
          0.043976,
          3.054356
        ],
        [
          -0.181507,
          -0.697727,
          0.692988,
          1.303605
        ],
        [
          -0.115109,
          -0.684775,
          -0.719607,
          1.33822
        ],
        [
          0.0,
          0.0,
          0.0,
          1.0
        ]
      ]
    },
    {
      "file_path": "/media/NFS/ttao/scannet/posed_images/scene0132_00/00277.jpg",
      "transform_matrix": [
        [
          0.976106,
          -0.213031,
          0.042841,
          3.055542
        ],
        [
          -0.183569,
          -0.70292,
          0.687172,
          1.304967
        ],
        [
          -0.116276,
          -0.678617,
          -0.72523,
          1.333975
        ],
        [
          0.0,
          0.0,
          0.0,
          1.0
        ]
      ]
    },
    {
      "file_path": "/media/NFS/ttao/scannet/posed_images/scene0132_00/00280.jpg",
      "transform_matrix": [
        [
          0.976166,
          -0.215515,
          0.025536,
          3.052064
        ],
        [
          -0.17804,
          -0.727974,
          0.662084,
          1.316188
        ],
        [
          -0.124099,
          -0.650851,
          -0.748994,
          1.327415
        ],
        [
          0.0,
          0.0,
          0.0,
          1.0
        ]
      ]
    },
    {
      "file_path": "/media/NFS/ttao/scannet/posed_images/scene0132_00/00285.jpg",
      "transform_matrix": [
        [
          0.981184,
          -0.189124,
          -0.038861,
          3.016818
        ],
        [
          -0.120007,
          -0.755053,
          0.644588,
          1.333011
        ],
        [
          -0.151249,
          -0.627796,
          -0.763542,
          1.315553
        ],
        [
          0.0,
          0.0,
          0.0,
          1.0
        ]
      ]
    },
    {
      "file_path": "/media/NFS/ttao/scannet/posed_images/scene0132_00/00289.jpg",
      "transform_matrix": [
        [
          0.988383,
          -0.119165,
          -0.094327,
          2.96616
        ],
        [
          -0.031634,
          -0.768368,
          0.639226,
          1.350442
        ],
        [
          -0.148652,
          -0.628817,
          -0.763212,
          1.310079
        ],
        [
          0.0,
          0.0,
          0.0,
          1.0
        ]
      ]
    },
    {
      "file_path": "/media/NFS/ttao/scannet/posed_images/scene0132_00/00292.jpg",
      "transform_matrix": [
        [
          0.990618,
          -0.051087,
          -0.126749,
          2.911869
        ],
        [
          0.040731,
          -0.774961,
          0.630695,
          1.370762
        ],
        [
          -0.130446,
          -0.629941,
          -0.765609,
          1.310783
        ],
        [
          0.0,
          0.0,
          0.0,
          1.0
        ]
      ]
    },
    {
      "file_path": "/media/NFS/ttao/scannet/posed_images/scene0132_00/00299.jpg",
      "transform_matrix": [
        [
          0.976823,
          0.117986,
          -0.178591,
          2.748817
        ],
        [
          0.20448,
          -0.76102,
          0.615659,
          1.436471
        ],
        [
          -0.063272,
          -0.637909,
          -0.767508,
          1.330102
        ],
        [
          0.0,
          0.0,
          0.0,
          1.0
        ]
      ]
    },
    {
      "file_path": "/media/NFS/ttao/scannet/posed_images/scene0132_00/00300.jpg",
      "transform_matrix": [
        [
          0.978731,
          0.120513,
          -0.166017,
          2.717881
        ],
        [
          0.198667,
          -0.758577,
          0.620558,
          1.437074
        ],
        [
          -0.051151,
          -0.640342,
          -0.766385,
          1.335325
        ],
        [
