{
  "frames": [
    {
      "file_path": "/media/NFS/ttao/scannet/posed_images/scene0082_00/00000.jpg",
      "transform_matrix": [
        [
          -0.844798,
          -0.442354,
          0.301064,
          3.085932
        ],
        [
          -0.534849,
          0.714819,
          -0.450523,
          7.995926
        ],
        [
          -0.015916,
          -0.541624,
          -0.84047,
          1.934485
        ],
        [
          0.0,
          0.0,
          0.0,
          1.0
        ]
      ]
    },
    {
      "file_path": "/media/NFS/ttao/scannet/posed_images/scene0082_00/00002.jpg",
      "transform_matrix": [
        [
          -0.828255,
          -0.463511,
          0.314882,
          3.092081
        ],
        [
          -0.560231,
          0.696605,
          -0.4482,
          8.003743
        ],
        [
          -0.011603,
          -0.547631,
          -0.83664,
          1.933112
        ],
        [
          0.0,
          0.0,
          0.0,
          1.0
        ]
      ]
    },
    {
      "file_path": "/media/NFS/ttao/scannet/posed_images/scene0082_00/00007.jpg",
      "transform_matrix": [
        [
          -0.813266,
          -0.470689,
          0.342128,
          3.079355
        ],
        [
          -0.581483,
          0.679431,
          -0.447494,
          7.998279
        ],
        [
          -0.021821,
          -0.562873,
          -0.826255,
          1.938871
        ],
        [
          0.0,
          0.0,
          0.0,
          1.0
        ]
      ]
    },
    {
      "file_path": "/media/NFS/ttao/scannet/posed_images/scene0082_00/00010.jpg",
      "transform_matrix": [
        [
          -0.810844,
          -0.471591,
          0.346604,
          3.089
        ],
        [
          -0.584893,
          0.673994,
          -0.451256,
          8.002205
        ],
        [
          -0.020801,
          -0.568625,
          -0.822334,
          1.939805
        ],
        [
          0.0,
          0.0,
          0.0,
          1.0
        ]
      ]
    },
    {
      "file_path": "/media/NFS/ttao/scannet/posed_images/scene0082_00/00013.jpg",
      "transform_matrix": [
        [
          -0.812726,
          -0.472466,
          0.340958,
          3.0927
        ],
        [
          -0.582367,
          0.676835,
          -0.450271,
          8.000982
        ],
        [
          -0.018035,
          -0.564509,
          -0.82523,
          1.939137
        ],
        [
          0.0,
          0.0,
          0.0,
          1.0
        ]
      ]
    },
    {
      "file_path": "/media/NFS/ttao/scannet/posed_images/scene0082_00/00014.jpg",
      "transform_matrix": [
        [
          -0.814153,
          -0.471476,
          0.338919,
          3.09524
        ],
        [
          -0.580386,
          0.678401,
          -0.450472,
          8.000542
        ],
        [
          -0.017537,
          -0.563457,
          -0.82596,
          1.939077
        ],
        [
          0.0,
          0.0,
          0.0,
          1.0
        ]
      ]
    },
    {
      "file_path": "/media/NFS/ttao/scannet/posed_images/scene0082_00/00017.jpg",
      "transform_matrix": [
        [
          -0.81645,
          -0.464752,
          0.342659,
          3.097515
        ],
        [
          -0.577066,
          0.677431,
          -0.456161,
          7.995947
        ],
        [
          -0.020126,
          -0.57017,
          -0.82128,
          1.942055
        ],
        [
          0.0,
          0.0,
          0.0,
          1.0
        ]
      ]
    },
    {
      "file_path": "/media/NFS/ttao/scannet/posed_images/scene0082_00/00021.jpg",
      "transform_matrix": [
        [
          -0.820932,
          -0.448229,
          0.353781,
          3.101137
        ],
        [
          -0.570494,
          0.670521,
          -0.474277,
          7.995288
        ],
        [
          -0.024633,
          -0.591179,
          -0.806164,
          1.941759
        ],
        [
          0.0,
          0.0,
          0.0,
          1.0
        ]
      ]
    },
    {
      "file_path": "/media/NFS/ttao/scannet/posed_images/scene0082_00/00022.jpg",
      "transform_matrix": [
        [
          -0.822818,
          -0.443286,
          0.355624,
          3.100375
        ],
        [
          -0.567587,
          0.672449,
          -0.475035,
          7.992629
        ],
        [
          -0.028562,
          -0.592714,
          -0.804906,
          1.942716
        ],
        [
          0.0,
          0.0,
          0.0,
          1.0
        ]
      ]
    },
    {
      "file_path": "/media/NFS/ttao/scannet/posed_images/scene0082_00/00027.jpg",
      "transform_matrix": [
        [
          -0.831525,
          -0.415628,
          0.368536,
          3.101473
        ],
        [
          -0.553477,
          0.676307,
          -0.486079,
          7.986717
        ],
        [
          -0.047215,
          -0.608163,
          -0.792407,
          1.94345
        ],
        [
          0.0,
          0.0,
          0.0,
          1.0
        ]
      ]
    },
    {
      "file_path": "/media/NFS/ttao/scannet/posed_images/scene0082_00/00028.jpg",
      "transform_matrix": [
        [
          -0.832401,
          -0.412906,
          0.369616,
          3.103163
        ],
        [
          -0.55194,
          0.677523,
          -0.486132,
          7.985174
        ],
        [
          -0.049696,
          -0.608663,
          -0.791871,
          1.944118
        ],
        [
          0.0,
          0.0,
          0.0,
          1.0
        ]
      ]
    },
    {
      "file_path": "/media/NFS/ttao/scannet/posed_images/scene0082_00/00032.jpg",
      "transform_matrix": [
        [
          -0.829673,
          -0.405282,
          0.383913,
          3.101623
        ],
        [
          -0.555078,
          0.672113,
          -0.490054,
          7.975828
        ],
        [
          -0.059423,
          -0.619686,
          -0.782597,
          1.947645
        ],
        [
          0.0,
          0.0,
          0.0,
          1.0
        ]
      ]
    },
    {
      "file_path": "/media/NFS/ttao/scannet/posed_images/scene0082_00/00036.jpg",
      "transform_matrix": [
        [
          -0.843727,
          -0.397893,
          0.360286,
          3.095919
        ],
        [
          -0.535391,
          0.671951,
          -0.511701,
          7.967647
        ],
        [
          -0.038492,
          -0.62463,
          -0.779972,
          1.950424
        ],
        [
          0.0,
          0.0,
          0.0,
          1.0
        ]
      ]
    },
    {
      "file_path": "/media/NFS/ttao/scannet/posed_images/scene0082_00/00039.jpg",
      "transform_matrix": [
        [
          -0.861866,
          -0.38581,
          0.329146,
          3.088432
        ],
        [
          -0.506859,
          0.676759,
          -0.53394,
          7.961562
        ],
        [
          -0.016753,
          -0.627015,
          -0.778827,
          1.954453
        ],
        [
          0.0,
          0.0,
          0.0,
          1.0
        ]
      ]
    },
    {
      "file_path": "/media/NFS/ttao/scannet/posed_images/scene0082_00/00040.jpg",
      "transform_matrix": [
        [
          -0.869799,
          -0.378182,
          0.316904,
          3.086826
        ],
        [
          -0.493245,
          0.682898,
          -0.538851,
          7.960005
        ],
        [
          -0.012629,
          -0.625003,
          -0.78052,
          1.958654
        ],
        [
          0.0,
          0.0,
          0.0,
          1.0
        ]
      ]
    },
    {
      "file_path": "/media/NFS/ttao/scannet/posed_images/scene0082_00/00043.jpg",
      "transform_matrix": [
        [
          -0.886662,
          -0.361732,
          0.288065,
          3.07531
        ],
        [
          -0.462413,
          0.690355,
          -0.556403,
          7.953123
        ],
        [
          0.002401,
          -0.626546,
          -0.779381,
          1.960861
        ],
        [
          0.0,
          0.0,
          0.0,
          1.0
        ]
      ]
    },
    {
      "file_path": "/media/NFS/ttao/scannet/posed_images/scene0082_00/00045.jpg",
      "transform_matrix": [
        [
          -0.898174,
          -0.348775,
          0.267654,
          3.065332
        ],
        [
          -0.43948,
          0.695896,
          -0.567967,
          7.948053
        ],
        [
          0.011834,
          -0.627761,
          -0.778316,
          1.962705
        ],
        [
          0.0,
          0.0,
          0.0,
          1.0
        ]
      ]
    },
    {
      "file_path": "/media/NFS/ttao/scannet/posed_images/scene0082_00/00048.jpg",
      "transform_matrix": [
        [
          -0.916708,
          -0.322283,
          0.236177,
          3.041613
        ],
        [
          -0.398938,
          0.705388,
          -0.585899,
          7.938549
        ],
        [
          0.022229,
          -0.631318,
          -0.775206,
          1.96833
        ],
        [
          0.0,
          0.0,
          0.0,
          1.0
        ]
      ]
    },
    {
      "file_path": "/media/NFS/ttao/scannet/posed_images/scene0082_00/00053.jpg",
      "transform_matrix": [
        [
          -0.947752,
          -0.25651,
          0.189652,
          2.992288
        ],
        [
          -0.318054,
          0.713889,
          -0.623862,
          7.926991
        ],
        [
          0.024637,
          -0.651586,
          -0.758174,
          1.978436
        ],
        [
          0.0,
          0.0,
          0.0,
          1.0
        ]
      ]
    },
    {
      "file_path": "/media/NFS/ttao/scannet/posed_images/scene0082_00/00055.jpg",
      "transform_matrix": [
        [
          -0.956894,
          -0.237943,
          0.166546,
          2.976681
        ],
        [
          -0.288558,
          0.713714,
          -0.638237,
          7.925716
        ],
        [
          0.032998,
          -0.658783,
          -0.751609,
          1.982454
        ],
        [
          0.0,
          0.0,
          0.0,
          1.0
        ]
      ]
    },
    {
      "file_path": "/media/NFS/ttao/scannet/posed_images/scene0082_00/00059.jpg",
      "transform_matrix": [
        [
          -0.971998,
          -0.205077,
          0.114726,
          2.948319
        ],
        [
          -0.228645,
          0.712732,
          -0.663126,
          7.926673
        ],
        [
          0.054223,
          -0.670789,
          -0.739664,
          1.985685
        ],
        [
          0.0,
          0.0,
          0.0,
          1.0
        ]
      ]
    },
    {
      "file_path": "/media/NFS/ttao/scannet/posed_images/scene0082_00/00062.jpg",
      "transform_matrix": [
        [
          -0.977164,
          -0.191021,
          0.093061,
          2.921175
        ],
        [
          -0.203259,
          0.712684,
          -0.671392,
          7.919441
        ],
        [
          0.061927,
          -0.674976,
          -0.735236,
          1.991145
        ],
        [
          0.0,
          0.0,
          0.0,
          1.0
        ]
      ]
    },
    {
      "file_path": "/media/NFS/ttao/scannet/posed_images/scene0082_00/00063.jpg",
      "transform_matrix": [
        [
          -0.978746,
          -0.186155,
          0.08603,
          2.91642
        ],
        [
          -0.19481,
          0.712948,
          -0.673613,
          7.918469
        ],
        [
          0.064061,
          -0.676056,
          -0.73406,
          1.991649
        ],
        [
          0.0,
          0.0,
          0.0,
          1.0
        ]
      ]
    },
    {
      "file_path": "/media/NFS/ttao/scannet/posed_images/scene0082_00/00066.jpg",
      "transform_matrix": [
        [
          -0.980644,
          -0.181104,
          0.074416,
          2.89944
        ],
        [
          -0.18302,
          0.712811,
          -0.677055,
          7.911549
        ],
        [
          0.069573,
          -0.67757,
          -0.73216,
          1.996041
        ],
        [
          0.0,
          0.0,
          0.0,
          1.0
        ]
      ]
    },
    {
      "file_path": "/media/NFS/ttao/scannet/posed_images/scene0082_00/00068.jpg",
      "transform_matrix": [
        [
          -0.982749,
          -0.17418,
          0.062163,
          2.890399
        ],
        [
          -0.169545,
          0.714258,
          -0.679036,
          7.898656
        ],
        [
          0.073874,
          -0.677862,
          -0.731468,
          2.00233
        ],
        [
          0.0,
          0.0,
          0.0,
          1.0
        ]
      ]
    },
    {
      "file_path": "/media/NFS/ttao/scannet/posed_images/scene0082_00/00073.jpg",
      "transform_matrix": [
        [
          -0.99084,
          -0.133242,
          0.021957,
          2.871742
        ],
        [
          -0.109476,
          0.697389,
          -0.708282,
          7.880681
        ],
        [
          0.07906,
          -0.704198,
          -0.705588,
          2.009626
        ],
        [
          0.0,
          0.0,
          0.0,
          1.0
        ]
      ]
    },
    {
      "file_path": "/media/NFS/ttao/scannet/posed_images/scene0082_00/00074.jpg",
      "transform_matrix": [
        [
          -0.991924,
          -0.126563,
          0.008207,
          2.871495
        ],
        [
          -0.094896,
          0.697692,
          -0.710085,
          7.875844
        ],
        [
          0.084145,
          -0.705129,
          -0.704069,
          2.010442
        ],
        [
          0.0,
          0.0,
          0.0,
          1.0
        ]
      ]
    },
    {
      "file_path": "/media/NFS/ttao/scannet/posed_images/scene0082_00/00077.jpg",
      "transform_matrix": [
        [
          -0.994193,
          -0.104578,
          -0.025351,
          2.868714
        ],
        [
          -0.054293,
          0.690902,
          -0.720907,
          7.851576
        ],
        [
          0.092906,
          -0.715345,
          -0.692568,
          2.014996
        ],
        [
          0.0,
          0.0,
          0.0,
          1.0
        ]
      ]
    },
    {
      "file_path": "/media/NFS/ttao/scannet/posed_images/scene0082_00/00082.jpg",
      "transform_matrix": [
        [
          -0.992766,
          -0.065958,
          -0.100322,
          2.869316
        ],
        [
          0.030976,
          0.666584,
          -0.744786,
          7.814132
        ],
        [
          0.115998,
          -0.742506,
          -0.659719,
          2.017382
        ],
        [
          0.0,
          0.0,
          0.0,
          1.0
        ]
      ]
    },
    {
      "file_path": "/media/NFS/ttao/scannet/posed_images/scene0082_00/00085.jpg",
      "transform_matrix": [
        [
          -0.987968,
          -0.045792,
          -0.147725,
          2.861736
        ],
        [
          0.082066,
          0.654382,
          -0.751698,
          7.791212
        ],
        [
          0.13109,
          -0.754777,
          -0.64275,
          2.023933
        ],
        [
          0.0,
          0.0,
          0.0,
          1.0
        ]
      ]
    },
    {
      "file_path": "/media/NFS/ttao/scannet/posed_images/scene0082_00/00087.jpg",
      "transform_matrix": [
        [
          -0.983555,
          -0.02861,
          -0.178327,
          2.854594
        ],
        [
          0.118189,
          0.644645,
          -0.755291,
          7.780875
        ],
        [
          0.136567,
          -0.763947,
          -0.630663,
          2.02624
        ],
        [
          0.0,
          0.0,
          0.0,
          1.0
        ]
      ]
    },
    {
      "file_path": "/media/NFS/ttao/scannet/posed_images/scene0082_00/00090.jpg",
      "transform_matrix": [
        [
          -0.97031,
          0.00026,
          -0.241864,
          2.85957
        ],
        [
          0.187479,
          0.632593,
          -0.75145,
          7.752417
        ],
        [
          0.152806,
          -0.774484,
          -0.613861,
          2.023067
        ],
        [
          0.0,
          0.0,
          0.0,
          1.0
        ]
      ]
    },
    {
      "file_path": "/media/NFS/ttao/scannet/posed_images/scene0082_00/00093.jpg",
      "transform_matrix": [
        [
          -0.961207,
          0.033072,
          -0.273837,
          2.832236
        ],
        [
          0.234879,
          0.618641,
          -0.749744,
          7.739572
        ],
        [
          0.144611,
          -0.784978,
          -0.60241,
          2.02671
        ],
        [
          0.0,
          0.0,
          0.0,
          1.0
        ]
      ]
    },
    {
      "file_path": "/media/NFS/ttao/scannet/posed_images/scene0082_00/00096.jpg",
      "transform_matrix": [
        [
          -0.948887,
          0.048885,
          -0.311808,
          2.826402
        ],
        [
          0.275686,
          0.609354,
          -0.743428,
          7.725197
        ],
        [
          0.153659,
          -0.79139,
          -0.591685,
          2.027547
        ],
        [
          0.0,
          0.0,
          0.0,
          1.0
        ]
      ]
    },
    {
      "file_path": "/media/NFS/ttao/scannet/posed_images/scene0082_00/00098.jpg",
      "transform_matrix": [
        [
          -0.939168,
          0.057716,
          -0.338573,
          2.825959
        ],
        [
          0.30282,
          0.604283,
          -0.736982,
          7.715809
        ],
        [
          0.162058,
          -0.794677,
          -0.585001,
          2.025912
        ],
        [
          0.0,
          0.0,
          0.0,
          1.0
        ]
      ]
    },
    {
      "file_path": "/media/NFS/ttao/scannet/posed_images/scene0082_00/00100.jpg",
      "transform_matrix": [
        [
          -0.928461,
          0.061165,
          -0.36636,
          2.828562
        ],
        [
          0.327046,
          0.602194,
          -0.728288,
          7.710189
        ],
        [
          0.176074,
          -0.796003,
          -0.579117,
          2.02267
        ],
        [
          0.0,
          0.0,
          0.0,
          1.0
        ]
      ]
    },
    {
      "file_path": "/media/NFS/ttao/scannet/posed_images/scene0082_00/00105.jpg",
      "transform_matrix": [
        [
          -0.90218,
          0.090382,
          -0.421784,
          2.823737
        ],
        [
          0.393519,
          0.572934,
          -0.718951,
          7.684246
        ],
        [
          0.176674,
          -0.814603,
          -0.552457,
          2.025189
        ],
        [
          0.0,
          0.0,
          0.0,
          1.0
        ]
      ]
    },
    {
      "file_path": "/media/NFS/ttao/scannet/posed_images/scene0082_00/00108.jpg",
      "transform_matrix": [
        [
          -0.884699,
          0.103908,
          -0.454435,
          2.817525
        ],
        [
          0.429411,
          0.561046,
          -0.707696,
          7.677391
        ],
        [
          0.181424,
          -0.821237,
          -0.540976,
          2.021149
        ],
        [
          0.0,
          0.0,
          0.0,
          1.0
        ]
      ]
    },
    {
      "file_path": "/media/NFS/ttao/scannet/posed_images/scene0082_00/00110.jpg",
      "transform_matrix": [
        [
          -0.871999,
          0.110968,
          -0.476764,
          2.81872
        ],
        [
          0.452035,
          0.556279,
          -0.697294,
          7.673187
        ],
        [
          0.187836,
          -0.823554,
          -0.535236,
          2.019382
        ],
        [
          0.0,
          0.0,
          0.0,
          1.0
        ]
      ]
    },
    {
      "file_path": "/media/NFS/ttao/scannet/posed_images/scene0082_00/00113.jpg",
      "transform_matrix": [
        [
          -0.854169,
          0.129134,
          -0.503706,
          2.811454
        ],
        [
          0.486558,
          0.540237,
          -0.68659,
          7.660639
        ],
        [
          0.183459,
          -0.831546,
          -0.524285,
          2.014544
        ],
        [
          0.0,
          0.0,
          0.0,
          1.0
        ]
      ]
    },
    {
      "file_path": "/media/NFS/ttao/scannet/posed_images/scene0082_00/00116.jpg",
      "transform_matrix": [
        [
          -0.847648,
          0.145612,
          -0.510186,
          2.790789
        ],
        [
          0.500814,
          0.537044,
          -0.678799,
          7.651115
        ],
        [
          0.175151,
          -0.830891,
          -0.528149,
          2.009456
        ],
        [
          0.0,
          0.0,
          0.0,
          1.0
        ]
      ]
    },
    {
      "file_path": "/media/NFS/ttao/scannet/posed_images/scene0082_00/00117.jpg",
      "transform_matrix": [
        [
          -0.846445,
          0.150991,
          -0.51062,
          2.78407
        ],
        [
          0.50346,
          0.539181,
          -0.675139,
          7.644778
        ],
        [
          0.173377,
          -0.828544,
          -0.532405,
          2.009683
        ],
        [
          0.0,
          0.0,
          0.0,
          1.0
        ]
      ]
    },
    {
      "file_path": "/media/NFS/ttao/scannet/posed_images/scene0082_00/00122.jpg",
      "transform_matrix": [
        [
          -0.837009,
          0.15966,
          -0.523377,
          2.715821
        ],
        [
          0.516177,
          0.54781,
          -0.658381,
          7.625669
        ],
        [
          0.181595,
          -0.821226,
          -0.540935,
          2.02278
        ],
        [
          0.0,
          0.0,
          0.0,
          1.0
        ]
      ]
    },
    {
      "file_path": "/media/NFS/ttao/scannet/posed_images/scene0082_00/00123.jpg",
      "transform_matrix": [
        [
          -0.836468,
          0.152903,
          -0.526254,
          2.70316
        ],
        [
          0.514816,
          0.548409,
          -0.658948,
          7.624309
        ],
        [
          0.187847,
          -0.822112,
          -0.537443,
          2.024216
        ],
        [
          0.0,
          0.0,
          0.0,
          1.0
        ]
      ]
    },
    {
      "file_path": "/media/NFS/ttao/scannet/posed_images/scene0082_00/00128.jpg",
      "transform_matrix": [
        [
          -0.837657,
          0.129701,
          -0.530574,
          2.637774
        ],
        [
          0.506729,
          0.547089,
          -0.666273,
          7.610656
        ],
        [
          0.203854,
          -0.826965,
          -0.523996,
          2.037173
        ],
        [
          0.0,
          0.0,
          0.0,
          1.0
        ]
      ]
    },
    {
      "file_path": "/media/NFS/ttao/scannet/posed_images/scene0082_00/00129.jpg",
      "transform_matrix": [
        [
          -0.84017,
          0.129872,
          -0.526543,
          2.627437
        ],
        [
          0.50242,
          0.551931,
          -0.665543,
          7.60306
        ],
        [
          0.20418,
          -0.823715,
          -0.528966,
          2.043758
        ],
        [
          0.0,
          0.0,
          0.0,
          1.0
        ]
      ]
    },
    {
      "file_path": "/media/NFS/ttao/scannet/posed_images/scene0082_00/00133.jpg",
      "transform_matrix": [
        [
          -0.856748,
          0.090529,
          -0.507728,
          2.569892
        ],
        [
          0.466525,
          0.555717,
          -0.688137,
          7.598154
        ],
        [
          0.219857,
          -0.826428,
          -0.518344,
          2.063869
        ],
        [
          0.0,
          0.0,
          0.0,
          1.0
        ]
      ]
    },
    {
      "file_path": "/media/NFS/ttao/scannet/posed_images/scene0082_00/00136.jpg",
      "transform_matrix": [
        [
          -0.854178,
          0.074861,
          -0.514563,
          2.549052
        ],
        [
          0.462594,
          0.561316,
          -0.686245,
          7.590447
        ],
        [
          0.237459,
          -0.824209,
          -0.514094,
          2.064308
        ],
        [
          0.0,
          0.0,
          0.0,
          1.0
        ]
      ]
    },
    {
      "file_path": "/media/NFS/ttao/scannet/posed_images/scene0082_00/00137.jpg",
      "transform_matrix": [
        [
          -0.855807,
          0.079231,
          -0.511192,
          2.544441
        ],
        [
          0.46166,
          0.562806,
          -0.685653,
          7.581912
        ],
        [
          0.233377,
          -0.822783,
          -0.518231,
          2.067858
        ],
        [
          0.0,
          0.0,
          0.0,
          1.0
        ]
      ]
    },
    {
      "file_path": "/media/NFS/ttao/scannet/posed_images/scene0082_00/00142.jpg",
      "transform_matrix": [
        [
          -0.870371,
          0.056033,
          -0.489197,
          2.506911
        ],
        [
          0.434668,
          0.554203,
          -0.709875,
          7.555304
        ],
        [
          0.231338,
          -0.830494,
          -0.506718,
          2.087913
        ],
        [
          0.0,
          0.0,
          0.0,
          1.0
        ]
      ]
    },
    {
      "file_path": "/media/NFS/ttao/scannet/posed_images/scene0082_00/00143.jpg",
      "transform_matrix": [
        [
          -0.870489,
          0.047611,
          -0.48988,
          2.502932
        ],
        [
          0.430533,
          0.55599,
          -0.710997,
          7.547935
        ],
        [
          0.238518,
          -0.829824,
          -0.504481,
          2.087076
        ],
        [
          0.0,
          0.0,
          0.0,
          1.0
        ]
      ]
    },
    {
      "file_path": "/media/NFS/ttao/scannet/posed_images/scene0082_00/00146.jpg",
      "transform_matrix": [
        [
          -0.876596,
          0.031825,
          -0.480174,
          2.498934
        ],
        [
          0.413263,
          0.561027,
          -0.717261,
          7.518582
        ],
        [
          0.246564,
          -0.827186,
          -0.504946,
          2.085644
        ],
        [
          0.0,
          0.0,
          0.0,
          1.0
        ]
      ]
    },
    {
      "file_path": "/media/NFS/ttao/scannet/posed_images/scene0082_00/00149.jpg",
      "transform_matrix": [
        [
          -0.888154,
          0.010674,
          -0.459422,
          2.487444
        ],
        [
          0.384002,
          0.566411,
          -0.729192,
          7.485016
        ],
        [
          0.252439,
          -0.824054,
          -0.507159,
          2.083942
        ],
        [
          0.0,
          0.0,
          0.0,
          1.0
        ]
      ]
    },
    {
      "file_path": "/media/NFS/ttao/scannet/posed_images/scene0082_00/00153.jpg",
      "transform_matrix": [
        [
          -0.902904,
          -0.018019,
          -0.429465,
          2.47674
        ],
        [
          0.346809,
          0.559731,
          -0.752612,
          7.435978
        ],
        [
          0.253946,
          -0.828479,
          -0.499134,
          2.073573
        ],
        [
          0.0,
          0.0,
          0.0,
          1.0
        ]
      ]
    },
    {
      "file_path": "/media/NFS/ttao/scannet/posed_images/scene0082_00/00155.jpg",
      "transform_matrix": [
        [
          -0.910855,
          -0.033825,
          -0.411338,
          2.472204
        ],
        [
          0.321594,
          0.566511,
          -0.758711,
          7.408351
        ],
        [
          0.258691,
          -0.82336,
          -0.505132,
          2.071417
        ],
        [
          0.0,
          0.0,
          0.0,
          1.0
        ]
      ]
    },
    {
      "file_path": "/media/NFS/ttao/scannet/posed_images/scene0082_00/00157.jpg",
      "transform_matrix": [
        [
          -0.91514,
          -0.04516,
          -0.400598,
          2.474777
        ],
        [
          0.303269,
          0.577581,
          -0.757911,
          7.37728
        ],
        [
          0.265605,
          -0.815084,
          -0.514872,
          2.06836
        ],
        [
          0.0,
          0.0,
          0.0,
          1.0
        ]
      ]
    },
    {
      "file_path": "/media/NFS/ttao/scannet/posed_images/scene0082_00/00160.jpg",
      "transform_matrix": [
        [
          -0.925241,
          -0.049809,
          -0.376097,
          2.473359
        ],
        [
          0.278127,
          0.585172,
          -0.761721,
          7.329955
        ],
        [
          0.258022,
          -0.809378,
          -0.527572,
          2.069274
        ],
        [
          0.0,
          0.0,
          0.0,
          1.0
        ]
      ]
    },
    {
      "file_path": "/media/NFS/ttao/scannet/posed_images/scene0082_00/00165.jpg",
      "transform_matrix": [
        [
          -0.938099,
          -0.052241,
          -0.342405,
          2.465417
        ],
        [
          0.255177,
          0.564219,
          -0.785202,
          7.278366
        ],
        [
          0.234211,
          -0.823971,
          -0.515962,
          2.057995
        ],
        [
          0.0,
          0.0,
          0.0,
          1.0
        ]
      ]
    },
    {
      "file_path": "/media/NFS/ttao/scannet/posed_images/scene0082_00/00166.jpg",
      "transform_matrix": [
        [
          -0.939165,
          -0.054881,
          -0.339054,
          2.462804
        ],
        [
          0.250449,
          0.566107,
          -0.785365,
          7.272879
        ],
        [
          0.235042,
          -0.822503,
          -0.517923,
          2.051517
        ],
        [
          0.0,
          0.0,
          0.0,
          1.0
        ]
      ]
    },
    {
      "file_path": "/media/NFS/ttao/scannet/posed_images/scene0082_00/00170.jpg",
      "transform_matrix": [
        [
          -0.949032,
          -0.064251,
          -0.308561,
          2.46249
        ],
        [
          0.212155,
          0.593772,
          -0.77616,
          7.233317
        ],
        [
          0.233084,
          -0.802064,
          -0.549878,
          2.045134
        ],
        [
          0.0,
          0.0,
          0.0,
          1.0
        ]
      ]
    },
    {
      "file_path": "/media/NFS/ttao/scannet/posed_images/scene0082_00/00172.jpg",
      "transform_matrix": [
        [
          -0.954376,
          -0.074172,
          -0.289248,
          2.458342
        ],
        [
          0.189034,
          0.599775,
          -0.777519,
          7.218176
        ],
        [
          0.231154,
          -0.796724,
          -0.55839,
          2.044647
        ],
        [
          0.0,
          0.0,
          0.0,
          1.0
        ]
      ]
    },
    {
      "file_path": "/media/NFS/ttao/scannet/posed_images/scene0082_00/00176.jpg",
      "transform_matrix": [
        [
          -0.964834,
          -0.10371,
          -0.241535,
          2.455232
        ],
        [
          0.134714,
          0.593939,
          -0.793151,
          7.183295
        ],
        [
          0.225715,
          -0.797797,
          -0.559082,
          2.049813
        ],
        [
          0.0,
          0.0,
          0.0,
          1.0
        ]
      ]
    },
    {
      "file_path": "/media/NFS/ttao/scannet/posed_images/scene0082_00/00178.jpg",
      "transform_matrix": [
        [
          -0.969156,
          -0.121028,
          -0.214683,
          2.449109
        ],
        [
          0.103853,
          0.589428,
          -0.801118,
          7.169233
        ],
        [
          0.223498,
          -0.798703,
          -0.558678,
          2.051154
        ],
        [
          0.0,
          0.0,
          0.0,
          1.0
        ]
      ]
    },
    {
      "file_path": "/media/NFS/ttao/scannet/posed_images/scene0082_00/00182.jpg",
      "transform_matrix": [
        [
          -0.975881,
          -0.146961,
          -0.161426,
          2.426437
        ],
        [
          0.047993,
          0.576941,
          -0.815374,
          7.144903
        ],
        [
          0.212961,
          -0.803456,
          -0.555973,
          2.073786
        ],
        [
          0.0,
          0.0,
          0.0,
          1.0
        ]
      ]
    },
    {
      "file_path": "/media/NFS/ttao/scannet/posed_images/scene0082_00/00184.jpg",
      "transform_matrix": [
        [
          -0.977147,
          -0.164781,
          -0.134278,
          2.414513
        ],
        [
          0.016858,
          0.569642,
          -0.82172,
          7.134256
        ],
        [
          0.211894,
          -0.805205,
          -0.553846,
          2.076257
        ],
        [
          0.0,
          0.0,
          0.0,
          1.0
        ]
      ]
    },
    {
      "file_path": "/media/NFS/ttao/scannet/posed_images/scene0082_00/00188.jpg",
      "transform_matrix": [
        [
          -0.978545,
          -0.186853,
          -0.086806,
          2.390853
        ],
        [
          -0.028457,
          0.539861,
          -0.841273,
          7.112972
        ],
        [
          0.204057,
          -0.820753,
          -0.533596,
          2.09077
        ],
        [
          0.0,
          0.0,
          0.0,
          1.0
        ]
      ]
    },
    {
      "file_path": "/media/NFS/ttao/scannet/posed_images/scene0082_00/00191.jpg",
      "transform_matrix": [
        [
          -0.978931,
          -0.195308,
          -0.059567,
          2.367412
        ],
        [
          -0.052274,
          0.521715,
          -0.851517,
          7.112697
        ],
        [
          0.197385,
          -0.830463,
          -0.520933,
          2.088257
        ],
        [
          0.0,
          0.0,
          0.0,
          1.0
        ]
      ]
    },
    {
      "file_path": "/media/NFS/ttao/scannet/posed_images/scene0082_00/00194.jpg",
      "transform_matrix": [
        [
          -0.977169,
          -0.209015,
          -0.038127,
          2.349898
        ],
        [
          -0.078671,
          0.522647,
          -0.848912,
          7.101653
        ],
        [
          0.197362,
          -0.826531,
          -0.527158,
          2.086082
        ],
        [
          0.0,
          0.0,
          0.0,
          1.0
        ]
      ]
    },
    {
      "file_path": "/media/NFS/ttao/scannet/posed_images/scene0082_00/00195.jpg",
      "transform_matrix": [
        [
          -0.975582,
          -0.216811,
          -0.03511,
          2.343445
        ],
        [
          -0.086306,
          0.525421,
          -0.846454,
          7.099012
        ],
        [
          0.201968,
          -0.822755,
          -0.531303,
          2.085316
        ],
        [
          0.0,
          0.0,
          0.0,
          1.0
        ]
      ]
    },
    {
      "file_path": "/media/NFS/ttao/scannet/posed_images/scene0082_00/00199.jpg",
      "transform_matrix": [
        [
          -0.973261,
          -0.228639,
          -0.022063,
          2.330807
        ],
        [
          -0.111521,
          0.554309,
          -0.824806,
          7.071806
        ],
        [
          0.200812,
          -0.800291,
          -0.564986,
          2.08419
        ],
        [
          0.0,
          0.0,
          0.0,
          1.0
        ]
      ]
    },
    {
      "file_path": "/media/NFS/ttao/scannet/posed_images/scene0082_00/00202.jpg",
      "transform_matrix": [
        [
          -0.972097,
          -0.23443,
          0.008388,
          2.315332
        ],
        [
          -0.14082,
          0.554585,
          -0.820125,
          7.046791
        ],
        [
          0.18761,
          -0.798422,
          -0.572123,
          2.080934
        ],
        [
          0.0,
          0.0,
          0.0,
          1.0
        ]
      ]
    },
    {
      "file_path": "/media/NFS/ttao/scannet/posed_images/scene0082_00/00203.jpg",
      "transform_matrix": [
        [
          -0.970795,
          -0.239625,
          0.011709,
          2.311843
        ],
        [
          -0.147025,
          0.555657,
          -0.818308,
          7.037416
        ],
        [
          0.189581,
          -0.796131,
          -0.57466,
          2.0773
        ],
        [
          0.0,
          0.0,
          0.0,
          1.0
        ]
      ]
    },
    {
      "file_path": "/media/NFS/ttao/scannet/posed_images/scene0082_00/00206.jpg",
      "transform_matrix": [
        [
          -0.966727,
          -0.254895,
          0.021594,
          2.316009
        ],
        [
          -0.166866,
          0.564373,
          -0.808479,
          7.004484
        ],
        [
          0.19389,
          -0.785183,
          -0.588128,
          2.066946
        ],
        [
          0.0,
          0.0,
          0.0,
          1.0
        ]
      ]
    },
    {
      "file_path": "/media/NFS/ttao/scannet/posed_images/scene0082_00/00209.jpg",
      "transform_matrix": [
        [
          -0.964983,
          -0.259648,
          0.037284,
          2.322749
        ],
        [
          -0.185068,
          0.573179,
          -0.798258,
          6.963363
        ],
        [
          0.185896,
          -0.777206,
          -0.601161,
          2.05718
        ],
        [
          0.0,
          0.0,
          0.0,
          1.0
        ]
      ]
    },
    {
      "file_path": "/media/NFS/ttao/scannet/posed_images/scene0082_00/00214.jpg",
      "transform_matrix": [
        [
          -0.966324,
          -0.247174,
          0.071578,
          2.32441
        ],
        [
          -0.202689,
          0.559728,
          -0.803506,
          6.87443
        ],
        [
          0.158541,
          -0.790955,
          -0.590978,
          2.054796
        ],
        [
          0.0,
          0.0,
          0.0,
          1.0
        ]
      ]
    },
    {
      "file_path": "/media/NFS/ttao/scannet/posed_images/scene0082_00/00215.jpg",
      "transform_matrix": [
        [
          -0.967117,
          -0.244792,
          0.069009,
          2.326872
        ],
        [
          -0.198382,
          0.556269,
          -0.806975,
          6.862905
        ],
        [
          0.159153,
          -0.794129,
          -0.58654,
          2.046635
        ],
        [
          0.0,
          0.0,
          0.0,
          1.0
        ]
      ]
    },
    {
      "file_path": "/media/NFS/ttao/scannet/posed_images/scene0082_00/00219.jpg",
      "transform_matrix": [
        [
          -0.970068,
          -0.234035,
          0.064778,
          2.341496
        ],
        [
          -0.190181,
          0.566328,
          -0.801937,
          6.791628
        ],
        [
          0.150996,
          -0.790253,
          -0.593886,
          2.037557
        ],
        [
          0.0,
          0.0,
          0.0,
          1.0
        ]
      ]
    },
    {
      "file_path": "/media/NFS/ttao/scannet/posed_images/scene0082_00/00220.jpg",
      "transform_matrix": [
        [
          -0.970877,
          -0.229782,
          0.06781,
          2.345308
        ],
        [
          -0.190628,
          0.56948,
          -0.799596,
          6.77529
        ],
        [
