{
  "frames": [
    {
      "file_path": "/media/NFS/ttao/scannet/posed_images/scene0662_02/00000.jpg",
      "transform_matrix": [
        [
          -0.907112,
          0.224956,
          -0.355727,
          2.137507
        ],
        [
          0.420152,
          0.533981,
          -0.733715,
          0.834527
        ],
        [
          0.024898,
          -0.815021,
          -0.578896,
          1.378502
        ],
        [
          0.0,
          0.0,
          0.0,
          1.0
        ]
      ]
    },
    {
      "file_path": "/media/NFS/ttao/scannet/posed_images/scene0662_02/00005.jpg",
      "transform_matrix": [
        [
          -0.906604,
          0.237585,
          -0.348746,
          2.136673
        ],
        [
          0.421634,
          0.543626,
          -0.725738,
          0.839719
        ],
        [
          0.017163,
          -0.805,
          -0.593027,
          1.369349
        ],
        [
          0.0,
          0.0,
          0.0,
          1.0
        ]
      ]
    },
    {
      "file_path": "/media/NFS/ttao/scannet/posed_images/scene0662_02/00014.jpg",
      "transform_matrix": [
        [
          -0.913163,
          0.241071,
          -0.32866,
          2.146293
        ],
        [
          0.40689,
          0.586533,
          -0.7003,
          0.845833
        ],
        [
          0.023948,
          -0.773217,
          -0.63369,
          1.348927
        ],
        [
          0.0,
          0.0,
          0.0,
          1.0
        ]
      ]
    },
    {
      "file_path": "/media/NFS/ttao/scannet/posed_images/scene0662_02/00016.jpg",
      "transform_matrix": [
        [
          -0.916506,
          0.236337,
          -0.322741,
          2.149977
        ],
        [
          0.398918,
          0.599867,
          -0.693559,
          0.848485
        ],
        [
          0.029688,
          -0.764398,
          -0.644061,
          1.341529
        ],
        [
          0.0,
          0.0,
          0.0,
          1.0
        ]
      ]
    },
    {
      "file_path": "/media/NFS/ttao/scannet/posed_images/scene0662_02/00026.jpg",
      "transform_matrix": [
        [
          -0.928473,
          0.250296,
          -0.27439,
          2.145616
        ],
        [
          0.370737,
          0.668727,
          -0.644483,
          0.860711
        ],
        [
          0.022181,
          -0.700112,
          -0.713689,
          1.308276
        ],
        [
          0.0,
          0.0,
          0.0,
          1.0
        ]
      ]
    },
    {
      "file_path": "/media/NFS/ttao/scannet/posed_images/scene0662_02/00028.jpg",
      "transform_matrix": [
        [
          -0.92682,
          0.251781,
          -0.278586,
          2.14496
        ],
        [
          0.374706,
          0.668485,
          -0.642435,
          0.863827
        ],
        [
          0.024478,
          -0.69981,
          -0.71391,
          1.306471
        ],
        [
          0.0,
          0.0,
          0.0,
          1.0
        ]
      ]
    },
    {
      "file_path": "/media/NFS/ttao/scannet/posed_images/scene0662_02/00033.jpg",
      "transform_matrix": [
        [
          -0.919063,
          0.252809,
          -0.302343,
          2.137877
        ],
        [
          0.392785,
          0.650454,
          -0.6501,
          0.868195
        ],
        [
          0.03231,
          -0.716238,
          -0.697107,
          1.315587
        ],
        [
          0.0,
          0.0,
          0.0,
          1.0
        ]
      ]
    },
    {
      "file_path": "/media/NFS/ttao/scannet/posed_images/scene0662_02/00042.jpg",
      "transform_matrix": [
        [
          -0.90004,
          0.22945,
          -0.370514,
          2.131098
        ],
        [
          0.433075,
          0.565936,
          -0.701543,
          0.875656
        ],
        [
          0.048718,
          -0.791877,
          -0.608734,
          1.342904
        ],
        [
          0.0,
          0.0,
          0.0,
          1.0
        ]
      ]
    },
    {
      "file_path": "/media/NFS/ttao/scannet/posed_images/scene0662_02/00049.jpg",
      "transform_matrix": [
        [
          -0.883989,
          0.232228,
          -0.405751,
          2.116754
        ],
        [
          0.466087,
          0.505398,
          -0.726179,
          0.877824
        ],
        [
          0.036427,
          -0.831049,
          -0.555005,
          1.371557
        ],
        [
          0.0,
          0.0,
          0.0,
          1.0
        ]
      ]
    },
    {
      "file_path": "/media/NFS/ttao/scannet/posed_images/scene0662_02/00051.jpg",
      "transform_matrix": [
        [
          -0.878806,
          0.230085,
          -0.418044,
          2.117758
        ],
        [
          0.475813,
          0.488781,
          -0.731229,
          0.87815
        ],
        [
          0.036087,
          -0.841519,
          -0.53902,
          1.374278
        ],
        [
          0.0,
          0.0,
          0.0,
          1.0
        ]
      ]
    },
    {
      "file_path": "/media/NFS/ttao/scannet/posed_images/scene0662_02/00061.jpg",
      "transform_matrix": [
        [
          -0.84553,
          0.24743,
          -0.473135,
          2.09354
        ],
        [
          0.533923,
          0.395608,
          -0.747275,
          0.876396
        ],
        [
          0.002278,
          -0.884462,
          -0.466607,
          1.422271
        ],
        [
          0.0,
          0.0,
          0.0,
          1.0
        ]
      ]
    },
    {
      "file_path": "/media/NFS/ttao/scannet/posed_images/scene0662_02/00067.jpg",
      "transform_matrix": [
        [
          -0.836131,
          0.219435,
          -0.502725,
          2.091632
        ],
        [
          0.548507,
          0.342658,
          -0.762709,
          0.873632
        ],
        [
          0.004897,
          -0.913473,
          -0.406869,
          1.439923
        ],
        [
          0.0,
          0.0,
          0.0,
          1.0
        ]
      ]
    },
    {
      "file_path": "/media/NFS/ttao/scannet/posed_images/scene0662_02/00074.jpg",
      "transform_matrix": [
        [
          -0.833595,
          0.199629,
          -0.515042,
          2.079497
        ],
        [
          0.552337,
          0.290114,
          -0.78151,
          0.871985
        ],
        [
          -0.006591,
          -0.935939,
          -0.352099,
          1.48419
        ],
        [
          0.0,
          0.0,
          0.0,
          1.0
        ]
      ]
    },
    {
      "file_path": "/media/NFS/ttao/scannet/posed_images/scene0662_02/00076.jpg",
      "transform_matrix": [
        [
          -0.834255,
          0.191467,
          -0.517068,
          2.080041
        ],
        [
          0.551323,
          0.276276,
          -0.787219,
          0.870881
        ],
        [
          -0.007873,
          -0.941813,
          -0.336045,
          1.490614
        ],
        [
          0.0,
          0.0,
          0.0,
          1.0
        ]
      ]
    },
    {
      "file_path": "/media/NFS/ttao/scannet/posed_images/scene0662_02/00081.jpg",
      "transform_matrix": [
        [
          -0.839623,
          0.186944,
          -0.509986,
          2.076369
        ],
        [
          0.542356,
          0.237152,
          -0.805983,
          0.868456
        ],
        [
          -0.02973,
          -0.953316,
          -0.300508,
          1.52366
        ],
        [
          0.0,
          0.0,
          0.0,
          1.0
        ]
      ]
    },
    {
      "file_path": "/media/NFS/ttao/scannet/posed_images/scene0662_02/00091.jpg",
      "transform_matrix": [
        [
          -0.850912,
          0.129905,
          -0.508992,
          2.090044
        ],
        [
          0.524854,
          0.169974,
          -0.834049,
          0.857099
        ],
        [
          -0.021832,
          -0.976849,
          -0.212815,
          1.565247
        ],
        [
          0.0,
          0.0,
          0.0,
          1.0
        ]
      ]
    },
    {
      "file_path": "/media/NFS/ttao/scannet/posed_images/scene0662_02/00095.jpg",
      "transform_matrix": [
        [
          -0.848919,
          0.102707,
          -0.518448,
          2.095917
        ],
        [
          0.528412,
          0.144814,
          -0.836546,
          0.854989
        ],
        [
          -0.010841,
          -0.984114,
          -0.177207,
          1.572678
        ],
        [
          0.0,
          0.0,
          0.0,
          1.0
        ]
      ]
    },
    {
      "file_path": "/media/NFS/ttao/scannet/posed_images/scene0662_02/00100.jpg",
      "transform_matrix": [
        [
          -0.847844,
          0.079513,
          -0.52425,
          2.095676
        ],
        [
          0.530213,
          0.116262,
          -0.839855,
          0.855626
        ],
        [
          -0.005829,
          -0.990031,
          -0.140731,
          1.591927
        ],
        [
          0.0,
          0.0,
          0.0,
          1.0
        ]
      ]
    },
    {
      "file_path": "/media/NFS/ttao/scannet/posed_images/scene0662_02/00109.jpg",
      "transform_matrix": [
        [
          -0.853551,
          0.00992,
          -0.520915,
          2.106042
        ],
        [
          0.520773,
          0.046375,
          -0.852435,
          0.857981
        ],
        [
          0.015702,
          -0.998875,
          -0.044749,
          1.612323
        ],
        [
          0.0,
          0.0,
          0.0,
          1.0
        ]
      ]
    },
    {
      "file_path": "/media/NFS/ttao/scannet/posed_images/scene0662_02/00114.jpg",
      "transform_matrix": [
        [
          -0.848417,
          0.007085,
          -0.529281,
          2.103791
        ],
        [
          0.529267,
          0.02655,
          -0.84804,
          0.856404
        ],
        [
          0.008044,
          -0.999622,
          -0.026275,
          1.644568
        ],
        [
          0.0,
          0.0,
          0.0,
          1.0
        ]
      ]
    },
    {
      "file_path": "/media/NFS/ttao/scannet/posed_images/scene0662_02/00116.jpg",
      "transform_matrix": [
        [
          -0.847314,
          0.01204,
          -0.530956,
          2.102427
        ],
        [
          0.531082,
          0.025225,
          -0.846944,
          0.85491
        ],
        [
          0.003196,
          -0.999609,
          -0.027768,
          1.64741
        ],
        [
          0.0,
          0.0,
          0.0,
          1.0
        ]
      ]
    },
    {
      "file_path": "/media/NFS/ttao/scannet/posed_images/scene0662_02/00125.jpg",
      "transform_matrix": [
        [
          -0.832594,
          -0.004127,
          -0.553869,
          2.095963
        ],
        [
          0.55388,
          -0.002232,
          -0.832593,
          0.83958
        ],
        [
          0.0022,
          -0.999989,
          0.004144,
          1.663155
        ],
        [
          0.0,
          0.0,
          0.0,
          1.0
        ]
      ]
    },
    {
      "file_path": "/media/NFS/ttao/scannet/posed_images/scene0662_02/00130.jpg",
      "transform_matrix": [
        [
          -0.814779,
          -0.019913,
          -0.57943,
          2.09112
        ],
        [
          0.579699,
          -0.012116,
          -0.81474,
          0.818074
        ],
        [
          0.009204,
          -0.999728,
          0.021416,
          1.664117
        ],
        [
          0.0,
          0.0,
          0.0,
          1.0
        ]
      ]
    },
    {
      "file_path": "/media/NFS/ttao/scannet/posed_images/scene0662_02/00137.jpg",
      "transform_matrix": [
        [
          -0.779063,
          0.009003,
          -0.626881,
          2.074384
        ],
        [
          0.626921,
          0.002279,
          -0.779079,
          0.762468
        ],
        [
          -0.005585,
          -0.999957,
          -0.007419,
          1.647163
        ],
        [
          0.0,
          0.0,
          0.0,
          1.0
        ]
      ]
    },
    {
      "file_path": "/media/NFS/ttao/scannet/posed_images/scene0662_02/00144.jpg",
      "transform_matrix": [
        [
          -0.71219,
          0.093666,
          -0.695709,
          2.033541
        ],
        [
          0.701953,
          0.085349,
          -0.707091,
          0.657052
        ],
        [
          -0.006852,
          -0.991938,
          -0.126534,
          1.601404
        ],
        [
          0.0,
          0.0,
          0.0,
          1.0
        ]
      ]
    },
    {
      "file_path": "/media/NFS/ttao/scannet/posed_images/scene0662_02/00146.jpg",
      "transform_matrix": [
        [
          -0.698704,
          0.114604,
          -0.706172,
          2.023467
        ],
        [
          0.715224,
          0.089343,
          -0.693161,
          0.632364
        ],
        [
          -0.016348,
          -0.989385,
          -0.144392,
          1.592892
        ],
        [
          0.0,
          0.0,
          0.0,
          1.0
        ]
      ]
    },
    {
      "file_path": "/media/NFS/ttao/scannet/posed_images/scene0662_02/00153.jpg",
      "transform_matrix": [
        [
          -0.673451,
          0.185641,
          -0.715542,
          2.003324
        ],
        [
          0.737899,
          0.110734,
          -0.665765,
          0.549292
        ],
        [
          -0.044359,
          -0.976358,
          -0.211559,
          1.565144
        ],
        [
          0.0,
          0.0,
          0.0,
          1.0
        ]
      ]
    },
    {
      "file_path": "/media/NFS/ttao/scannet/posed_images/scene0662_02/00158.jpg",
      "transform_matrix": [
        [
          -0.660881,
          0.225041,
          -0.715956,
          1.997456
        ],
        [
          0.748321,
          0.125103,
          -0.651433,
          0.5024
        ],
        [
          -0.057031,
          -0.966284,
          -0.251081,
          1.547809
        ],
        [
          0.0,
          0.0,
          0.0,
          1.0
        ]
      ]
    },
    {
      "file_path": "/media/NFS/ttao/scannet/posed_images/scene0662_02/00165.jpg",
      "transform_matrix": [
        [
          -0.654144,
          0.293908,
          -0.696931,
          1.989666
        ],
        [
          0.752932,
          0.165274,
          -0.637007,
          0.458774
        ],
        [
          -0.072037,
          -0.941436,
          -0.329406,
          1.515405
        ],
        [
          0.0,
          0.0,
          0.0,
          1.0
        ]
      ]
    },
    {
      "file_path": "/media/NFS/ttao/scannet/posed_images/scene0662_02/00172.jpg",
      "transform_matrix": [
        [
          -0.639732,
          0.361638,
          -0.678205,
          1.969128
        ],
        [
          0.763906,
          0.201813,
          -0.612959,
          0.439306
        ],
        [
          -0.084799,
          -0.910214,
          -0.405364,
          1.485141
        ],
        [
          0.0,
          0.0,
          0.0,
          1.0
        ]
      ]
    },
    {
      "file_path": "/media/NFS/ttao/scannet/posed_images/scene0662_02/00179.jpg",
      "transform_matrix": [
        [
          -0.610132,
          0.38971,
          -0.689829,
          1.941038
        ],
        [
          0.786502,
          0.192775,
          -0.586731,
          0.440426
        ],
        [
          -0.095674,
          -0.900535,
          -0.424126,
          1.470943
        ],
        [
          0.0,
          0.0,
          0.0,
          1.0
        ]
      ]
    },
    {
      "file_path": "/media/NFS/ttao/scannet/posed_images/scene0662_02/00184.jpg",
      "transform_matrix": [
        [
          -0.603726,
          0.405571,
          -0.686314,
          1.919228
        ],
        [
          0.791047,
          0.198089,
          -0.578797,
          0.437445
        ],
        [
          -0.098792,
          -0.892341,
          -0.440417,
          1.456083
        ],
        [
          0.0,
          0.0,
          0.0,
          1.0
        ]
      ]
    },
    {
      "file_path": "/media/NFS/ttao/scannet/posed_images/scene0662_02/00188.jpg",
      "transform_matrix": [
        [
          -0.604164,
          0.407264,
          -0.684925,
          1.897511
        ],
        [
          0.790338,
          0.196503,
          -0.580304,
          0.43376
        ],
        [
          -0.101748,
          -0.891921,
          -0.440596,
          1.450408
        ],
        [
          0.0,
          0.0,
          0.0,
          1.0
        ]
      ]
    },
    {
      "file_path": "/media/NFS/ttao/scannet/posed_images/scene0662_02/00192.jpg",
      "transform_matrix": [
        [
          -0.617299,
          0.426692,
          -0.660966,
          1.866064
        ],
        [
          0.77866,
          0.211351,
          -0.590778,
          0.425036
        ],
        [
          -0.112385,
          -0.879355,
          -0.462715,
          1.442247
        ],
        [
          0.0,
          0.0,
          0.0,
          1.0
        ]
      ]
    },
    {
      "file_path": "/media/NFS/ttao/scannet/posed_images/scene0662_02/00200.jpg",
      "transform_matrix": [
        [
          -0.626765,
          0.475298,
          -0.61746,
          1.832287
        ],
        [
          0.770536,
          0.260161,
          -0.581886,
          0.39865
        ],
        [
          -0.11593,
          -0.840481,
          -0.529294,
          1.412197
        ],
        [
          0.0,
          0.0,
          0.0,
          1.0
        ]
      ]
    },
    {
      "file_path": "/media/NFS/ttao/scannet/posed_images/scene0662_02/00206.jpg",
      "transform_matrix": [
        [
          -0.56647,
          0.523136,
          -0.636743,
          1.804903
        ],
        [
          0.81699,
          0.255354,
          -0.517031,
          0.365809
        ],
        [
          -0.107883,
          -0.813095,
          -0.572047,
          1.389782
        ],
        [
          0.0,
          0.0,
          0.0,
          1.0
        ]
      ]
    },
    {
      "file_path": "/media/NFS/ttao/scannet/posed_images/scene0662_02/00211.jpg",
      "transform_matrix": [
        [
          -0.432663,
          0.578801,
          -0.691225,
          1.773615
        ],
        [
          0.896421,
          0.194476,
          -0.398258,
          0.333252
        ],
        [
          -0.096086,
          -0.79194,
          -0.602991,
          1.374797
        ],
        [
          0.0,
          0.0,
          0.0,
          1.0
        ]
      ]
    },
    {
      "file_path": "/media/NFS/ttao/scannet/posed_images/scene0662_02/00220.jpg",
      "transform_matrix": [
        [
          -0.19273,
          0.626523,
          -0.755198,
          1.742622
        ],
        [
          0.978721,
          0.067501,
          -0.193774,
          0.308694
        ],
        [
          -0.070428,
          -0.776475,
          -0.6262,
          1.3629
        ],
        [
          0.0,
          0.0,
          0.0,
          1.0
        ]
      ]
    },
    {
      "file_path": "/media/NFS/ttao/scannet/posed_images/scene0662_02/00225.jpg",
      "transform_matrix": [
        [
          -0.101793,
          0.635113,
          -0.765682,
          1.739243
        ],
        [
          0.992433,
          0.011707,
          -0.122228,
          0.3132
        ],
        [
          -0.068665,
          -0.77233,
          -0.631499,
          1.351315
        ],
        [
          0.0,
          0.0,
          0.0,
          1.0
        ]
      ]
    },
    {
      "file_path": "/media/NFS/ttao/scannet/posed_images/scene0662_02/00228.jpg",
      "transform_matrix": [
        [
          -0.082562,
          0.640198,
          -0.76376,
          1.73919
        ],
        [
          0.994816,
          0.007284,
          -0.101434,
          0.31446
        ],
        [
          -0.059374,
          -0.768175,
          -0.637481,
          1.347183
        ],
        [
          0.0,
          0.0,
          0.0,
          1.0
        ]
      ]
    },
    {
      "file_path": "/media/NFS/ttao/scannet/posed_images/scene0662_02/00234.jpg",
      "transform_matrix": [
        [
          -0.055569,
          0.632081,
          -0.772907,
          1.737609
        ],
        [
          0.99792,
          0.009823,
          -0.063714,
          0.330436
        ],
        [
          -0.03268,
          -0.77484,
          -0.631312,
          1.345338
        ],
        [
          0.0,
          0.0,
          0.0,
          1.0
        ]
      ]
    },
    {
      "file_path": "/media/NFS/ttao/scannet/posed_images/scene0662_02/00241.jpg",
      "transform_matrix": [
        [
          0.000724,
          0.61588,
          -0.78784,
          1.735533
        ],
        [
          0.999984,
          -0.004831,
          -0.002857,
          0.376757
        ],
        [
          -0.005566,
          -0.787825,
          -0.615874,
          1.340204
        ],
        [
          0.0,
          0.0,
          0.0,
          1.0
        ]
      ]
    },
    {
      "file_path": "/media/NFS/ttao/scannet/posed_images/scene0662_02/00246.jpg",
      "transform_matrix": [
        [
          0.038908,
          0.623554,
          -0.780811,
          1.732282
        ],
        [
          0.999097,
          -0.010919,
          0.041065,
          0.420766
        ],
        [
          0.01708,
          -0.781704,
          -0.623416,
          1.331767
        ],
        [
          0.0,
          0.0,
          0.0,
          1.0
        ]
      ]
    },
    {
      "file_path": "/media/NFS/ttao/scannet/posed_images/scene0662_02/00255.jpg",
      "transform_matrix": [
        [
          0.061454,
          0.665507,
          -0.743857,
          1.709099
        ],
        [
          0.996994,
          -0.005693,
          0.077274,
          0.489924
        ],
        [
          0.047191,
          -0.74637,
          -0.663856,
          1.321374
        ],
        [
          0.0,
          0.0,
          0.0,
          1.0
        ]
      ]
    },
    {
      "file_path": "/media/NFS/ttao/scannet/posed_images/scene0662_02/00260.jpg",
      "transform_matrix": [
        [
          0.067729,
          0.688397,
          -0.722165,
          1.684225
        ],
        [
          0.995683,
          -0.000589,
          0.09282,
          0.50879
        ],
        [
          0.063472,
          -0.725334,
          -0.685465,
          1.32294
        ],
        [
          0.0,
          0.0,
          0.0,
          1.0
        ]
      ]
    },
    {
      "file_path": "/media/NFS/ttao/scannet/posed_images/scene0662_02/00264.jpg",
      "transform_matrix": [
        [
          0.090252,
          0.70528,
          -0.703161,
          1.653447
        ],
        [
          0.993093,
          -0.01058,
          0.116852,
          0.513552
        ],
        [
          0.074974,
          -0.70885,
          -0.701363,
          1.323979
        ],
        [
          0.0,
          0.0,
          0.0,
          1.0
        ]
      ]
    },
    {
      "file_path": "/media/NFS/ttao/scannet/posed_images/scene0662_02/00269.jpg",
      "transform_matrix": [
        [
          0.133644,
          0.726422,
          -0.674129,
          1.588673
        ],
        [
          0.988235,
          -0.046641,
          0.145656,
          0.510594
        ],
        [
          0.074365,
          -0.685665,
          -0.724109,
          1.322151
        ],
        [
          0.0,
          0.0,
          0.0,
          1.0
        ]
      ]
    },
    {
      "file_path": "/media/NFS/ttao/scannet/posed_images/scene0662_02/00278.jpg",
      "transform_matrix": [
        [
          0.227538,
          0.737248,
          -0.636153,
          1.419247
        ],
        [
          0.970139,
          -0.115272,
          0.213407,
          0.496828
        ],
        [
          0.084003,
          -0.665716,
          -0.741462,
          1.328847
        ],
        [
          0.0,
          0.0,
          0.0,
          1.0
        ]
      ]
    },
    {
      "file_path": "/media/NFS/ttao/scannet/posed_images/scene0662_02/00279.jpg",
      "transform_matrix": [
        [
          0.238204,
          0.747484,
          -0.620102,
          1.398605
        ],
        [
          0.96739,
          -0.125996,
          0.219732,
          0.497219
        ],
        [
          0.086116,
          -0.652222,
          -0.753121,
          1.332969
        ],
        [
          0.0,
          0.0,
          0.0,
          1.0
        ]
      ]
    },
    {
      "file_path": "/media/NFS/ttao/scannet/posed_images/scene0662_02/00290.jpg",
      "transform_matrix": [
        [
          0.401437,
          0.745885,
          -0.531512,
          1.251761
        ],
        [
          0.906373,
          -0.240102,
          0.347619,
          0.511553
        ],
        [
          0.131666,
          -0.621295,
          -0.772436,
          1.354286
        ],
        [
          0.0,
          0.0,
          0.0,
          1.0
        ]
      ]
    },
    {
      "file_path": "/media/NFS/ttao/scannet/posed_images/scene0662_02/00295.jpg",
      "transform_matrix": [
        [
          0.432039,
          0.75282,
          -0.496593,
          1.211468
        ],
        [
          0.890305,
          -0.268182,
          0.368016,
          0.526618
        ],
        [
          0.143872,
          -0.601116,
          -0.786105,
          1.360308
        ],
        [
          0.0,
          0.0,
          0.0,
          1.0
        ]
      ]
    },
    {
      "file_path": "/media/NFS/ttao/scannet/posed_images/scene0662_02/00300.jpg",
      "transform_matrix": [
        [
          0.457034,
          0.747919,
          -0.48139,
          1.186181
        ],
        [
          0.878914,
          -0.296702,
          0.373469,
          0.542379
        ],
        [
          0.136495,
          -0.593788,
          -0.792959,
          1.370511
        ],
        [
          0.0,
          0.0,
          0.0,
          1.0
        ]
      ]
    },
    {
      "file_path": "/media/NFS/ttao/scannet/posed_images/scene0662_02/00306.jpg",
      "transform_matrix": [
        [
          0.488013,
          0.7371,
          -0.467469,
          1.180529
        ],
        [
          0.864092,
          -0.332371,
          0.377989,
          0.567601
        ],
        [
          0.123243,
          -0.588399,
          -0.799123,
          1.377205
        ],
        [
          0.0,
          0.0,
          0.0,
          1.0
        ]
      ]
    },
    {
      "file_path": "/media/NFS/ttao/scannet/posed_images/scene0662_02/00309.jpg",
      "transform_matrix": [
        [
          0.504857,
          0.730126,
          -0.460472,
          1.185865
        ],
        [
          0.855307,
          -0.351132,
          0.380994,
          0.581139
        ],
        [
          0.116487,
          -0.586192,
          -0.801754,
          1.379623
        ],
        [
          0.0,
          0.0,
          0.0,
          1.0
        ]
      ]
    },
    {
      "file_path": "/media/NFS/ttao/scannet/posed_images/scene0662_02/00315.jpg",
      "transform_matrix": [
        [
          0.53357,
          0.723591,
          -0.437857,
          1.210971
        ],
        [
          0.834764,
          -0.367372,
          0.41013,
          0.609489
        ],
        [
          0.135911,
          -0.58434,
          -0.800047,
          1.374873
        ],
        [
          0.0,
          0.0,
          0.0,
          1.0
        ]
      ]
    },
    {
      "file_path": "/media/NFS/ttao/scannet/posed_images/scene0662_02/00325.jpg",
      "transform_matrix": [
        [
          0.619616,
          0.683086,
          -0.386612,
          1.258595
        ],
        [
          0.770365,
          -0.434882,
          0.466278,
          0.659981
        ],
        [
          0.150378,
          -0.586746,
          -0.795686,
          1.384086
        ],
        [
          0.0,
          0.0,
          0.0,
          1.0
        ]
      ]
    },
    {
      "file_path": "/media/NFS/ttao/scannet/posed_images/scene0662_02/00330.jpg",
      "transform_matrix": [
        [
          0.657738,
          0.644809,
          -0.389361,
          1.285108
        ],
        [
          0.741095,
          -0.461494,
          0.487648,
          0.678339
        ],
        [
          0.134752,
          -0.609299,
          -0.781407,
          1.399397
        ],
        [
          0.0,
          0.0,
          0.0,
          1.0
        ]
      ]
    },
    {
      "file_path": "/media/NFS/ttao/scannet/posed_images/scene0662_02/00332.jpg",
      "transform_matrix": [
        [
          0.667926,
          0.630919,
          -0.394735,
          1.295371
        ],
        [
          0.733435,
          -0.468023,
          0.492978,
          0.685611
        ],
        [
          0.126284,
          -0.618785,
          -0.775343,
          1.406385
        ],
        [
          0.0,
          0.0,
          0.0,
          1.0
        ]
      ]
    },
    {
      "file_path": "/media/NFS/ttao/scannet/posed_images/scene0662_02/00343.jpg",
      "transform_matrix": [
        [
          0.722543,
          0.545876,
          -0.424206,
          1.348424
        ],
        [
          0.680267,
          -0.452086,
          0.576936,
          0.700443
        ],
        [
          0.123158,
          -0.705435,
          -0.697993,
          1.439931
        ],
        [
          0.0,
          0.0,
          0.0,
          1.0
        ]
      ]
    },
    {
      "file_path": "/media/NFS/ttao/scannet/posed_images/scene0662_02/00348.jpg",
      "transform_matrix": [
        [
          0.732257,
          0.522189,
          -0.437171,
          1.377595
        ],
        [
          0.671006,
          -0.44348,
          0.594202,
          0.700331
        ],
        [
          0.116409,
          -0.728453,
          -0.675133,
          1.448819
        ],
        [
          0.0,
          0.0,
          0.0,
          1.0
        ]
      ]
    },
    {
      "file_path": "/media/NFS/ttao/scannet/posed_images/scene0662_02/00353.jpg",
      "transform_matrix": [
        [
          0.725288,
          0.521234,
          -0.449747,
          1.415305
        ],
        [
          0.679017,
          -0.433861,
          0.592199,
          0.701777
        ],
        [
          0.113547,
          -0.734901,
          -0.668601,
          1.452635
        ],
        [
          0.0,
          0.0,
          0.0,
          1.0
        ]
      ]
    },
    {
      "file_path": "/media/NFS/ttao/scannet/posed_images/scene0662_02/00357.jpg",
      "transform_matrix": [
        [
          0.709235,
          0.526672,
          -0.468617,
          1.452284
        ],
        [
          0.696333,
          -0.419623,
          0.582268,
          0.70234
        ],
        [
          0.110022,
          -0.739279,
          -0.664351,
          1.449652
        ],
        [
          0.0,
          0.0,
          0.0,
          1.0
        ]
      ]
    },
    {
      "file_path": "/media/NFS/ttao/scannet/posed_images/scene0662_02/00362.jpg",
      "transform_matrix": [
        [
          0.659662,
          0.557922,
          -0.503556,
          1.501895
        ],
        [
          0.742296,
          -0.378775,
          0.552744,
          0.690845
        ],
        [
          0.117653,
          -0.738412,
          -0.664007,
          1.439981
        ],
        [
          0.0,
          0.0,
          0.0,
          1.0
        ]
      ]
    },
    {
      "file_path": "/media/NFS/ttao/scannet/posed_images/scene0662_02/00367.jpg",
      "transform_matrix": [
        [
          0.585415,
          0.593885,
          -0.551897,
          1.555835
        ],
        [
          0.802381,
          -0.326949,
          0.499288,
          0.663812
        ],
        [
          0.116078,
          -0.735123,
          -0.667922,
          1.430786
        ],
        [
          0.0,
          0.0,
          0.0,
          1.0
        ]
      ]
    },
    {
      "file_path": "/media/NFS/ttao/scannet/posed_images/scene0662_02/00378.jpg",
      "transform_matrix": [
        [
          0.463133,
          0.612133,
          -0.640938,
          1.675095
        ],
        [
          0.879843,
          -0.230487,
          0.415634,
          0.597512
        ],
        [
          0.106695,
          -0.756419,
          -0.645327,
          1.406164
        ],
        [
          0.0,
          0.0,
          0.0,
          1.0
        ]
      ]
    },
    {
      "file_path": "/media/NFS/ttao/scannet/posed_images/scene0662_02/00380.jpg",
      "transform_matrix": [
        [
          0.459883,
          0.603213,
          -0.651646,
          1.692174
        ],
        [
          0.881972,
          -0.22507,
          0.414088,
          0.590758
        ],
        [
          0.103117,
          -0.765165,
          -0.635523,
          1.404397
        ],
        [
          0.0,
          0.0,
          0.0,
          1.0
        ]
      ]
    },
    {
      "file_path": "/media/NFS/ttao/scannet/posed_images/scene0662_02/00388.jpg",
      "transform_matrix": [
        [
          0.460626,
          0.586993,
          -0.665779,
          1.742685
        ],
        [
          0.880337,
          -0.20641,
          0.427086,
          0.545393
        ],
        [
          0.113273,
          -0.782837,
          -0.61183,
          1.361032
        ],
        [
          0.0,
          0.0,
          0.0,
          1.0
        ]
      ]
    },
    {
      "file_path": "/media/NFS/ttao/scannet/posed_images/scene0662_02/00395.jpg",
      "transform_matrix": [
        [
          0.446199,
          0.615275,
          -0.649879,
          1.778383
        ],
        [
          0.889668,
          -0.226301,
          0.396584,
          0.503003
        ],
        [
          0.09694,
          -0.755132,
          -0.648366,
          1.322466
        ],
        [
          0.0,
          0.0,
          0.0,
          1.0
        ]
      ]
    },
    {
      "file_path": "/media/NFS/ttao/scannet/posed_images/scene0662_02/00397.jpg",
      "transform_matrix": [
        [
          0.443414,
          0.607335,
          -0.659187,
          1.789127
        ],
        [
          0.8915,
          -0.222692,
          0.394507,
          0.49033
        ],
        [
          0.092802,
          -0.762595,
          -0.640184,
          1.311811
        ],
        [
          0.0,
          0.0,
          0.0,
          1.0
        ]
      ]
    },
    {
      "file_path": "/media/NFS/ttao/scannet/posed_images/scene0662_02/00404.jpg",
      "transform_matrix": [
        [
          0.405151,
          0.645269,
          -0.647674,
          1.821344
        ],
        [
          0.909971,
          -0.216158,
          0.353875,
          0.461312
        ],
        [
          0.088344,
          -0.732737,
          -0.674753,
          1.252554
        ],
        [
          0.0,
          0.0,
          0.0,
          1.0
        ]
      ]
    },
    {
      "file_path": "/media/NFS/ttao/scannet/posed_images/scene0662_02/00409.jpg",
      "transform_matrix": [
        [
          0.350355,
          0.641425,
          -0.682514,
          1.843106
        ],
        [
          0.936452,
          -0.226239,
          0.268091,
          0.461255
        ],
        [
          0.017548,
          -0.733069,
          -0.679928,
          1.229931
        ],
        [
          0.0,
          0.0,
          0.0,
          1.0
        ]
      ]
    },
    {
      "file_path": "/media/NFS/ttao/scannet/posed_images/scene0662_02/00416.jpg",
      "transform_matrix": [
        [
          0.33364,
          0.677933,
          -0.655051,
          1.865518
        ],
        [
          0.942632,
          -0.248271,
          0.223172,
          0.475361
        ],
        [
          -0.011334,
          -0.691931,
          -0.721874,
          1.196345
        ],
        [
          0.0,
          0.0,
          0.0,
          1.0
        ]
      ]
    },
    {
      "file_path": "/media/NFS/ttao/scannet/posed_images/scene0662_02/00420.jpg",
      "transform_matrix": [
        [
          0.309187,
          0.651249,
          -0.693021,
          1.879954
        ],
        [
          0.950886,
          -0.200339,
          0.235969,
          0.476364
        ],
        [
          0.014835,
          -0.731942,
          -0.681206,
          1.161171
        ],
        [
          0.0,
          0.0,
          0.0,
          1.0
        ]
      ]
    },
    {
      "file_path": "/media/NFS/ttao/scannet/posed_images/scene0662_02/00427.jpg",
      "transform_matrix": [
        [
          0.237341,
          0.654086,
          -0.718221,
          1.874538
        ],
        [
          0.971246,
          -0.145512,
          0.188436,
          0.469517
        ],
        [
          0.018744,
          -0.742292,
          -0.669814,
          1.076824
        ],
        [
          0.0,
          0.0,
          0.0,
          1.0
        ]
      ]
    },
    {
      "file_path": "/media/NFS/ttao/scannet/posed_images/scene0662_02/00432.jpg",
      "transform_matrix": [
        [
          0.171207,
          0.652055,
          -0.738588,
          1.852388
        ],
        [
          0.985189,
          -0.120555,
          0.121939,
          0.456733
        ],
        [
          -0.009529,
          -0.748526,
          -0.663037,
          1.015821
        ],
        [
          0.0,
          0.0,
          0.0,
          1.0
        ]
      ]
    },
    {
      "file_path": "/media/NFS/ttao/scannet/posed_images/scene0662_02/00443.jpg",
      "transform_matrix": [
        [
          0.093418,
          0.541478,
          -0.835509,
          1.783731
        ],
        [
          0.995411,
          -0.033302,
          0.089714,
          0.423412
        ],
        [
          0.020754,
          -0.840055,
          -0.542104,
          0.902193
        ],
        [
          0.0,
          0.0,
          0.0,
          1.0
        ]
      ]
    },
    {
      "file_path": "/media/NFS/ttao/scannet/posed_images/scene0662_02/00448.jpg",
      "transform_matrix": [
        [
          0.052013,
          0.521592,
          -0.851608,
          1.773955
        ],
        [
          0.998632,
          -0.022568,
          0.047171,
          0.410606
        ],
        [
          0.005385,
          -0.852896,
          -0.522053,
          0.870188
        ],
        [
          0.0,
          0.0,
          0.0,
          1.0
        ]
      ]
    },
    {
      "file_path": "/media/NFS/ttao/scannet/posed_images/scene0662_02/00452.jpg",
      "transform_matrix": [
        [
          0.024076,
          0.508693,
          -0.860611,
          1.779816
        ],
        [
          0.999706,
          -0.009925,
          0.022101,
          0.40921
        ],
        [
          0.002701,
          -0.860891,
          -0.508783,
          0.858699
        ],
        [
