{
  "frames": [
    {
      "file_path": "/media/NFS/ttao/scannet/posed_images/scene0588_03/00000.jpg",
      "transform_matrix": [
        [
          -0.532294,
          -0.157168,
          0.831842,
          8.348282
        ],
        [
          -0.84481,
          0.035482,
          -0.533888,
          11.203337
        ],
        [
          0.054395,
          -0.986934,
          -0.151663,
          1.562078
        ],
        [
          0.0,
          0.0,
          0.0,
          1.0
        ]
      ]
    },
    {
      "file_path": "/media/NFS/ttao/scannet/posed_images/scene0588_03/00017.jpg",
      "transform_matrix": [
        [
          -0.479379,
          -0.24757,
          0.841965,
          8.373264
        ],
        [
          -0.87715,
          0.104168,
          -0.468782,
          11.187665
        ],
        [
          0.028351,
          -0.963254,
          -0.267092,
          1.511404
        ],
        [
          0.0,
          0.0,
          0.0,
          1.0
        ]
      ]
    },
    {
      "file_path": "/media/NFS/ttao/scannet/posed_images/scene0588_03/00021.jpg",
      "transform_matrix": [
        [
          -0.48237,
          -0.299054,
          0.823338,
          8.366113
        ],
        [
          -0.875563,
          0.136061,
          -0.463547,
          11.176878
        ],
        [
          0.026602,
          -0.944486,
          -0.327473,
          1.488069
        ],
        [
          0.0,
          0.0,
          0.0,
          1.0
        ]
      ]
    },
    {
      "file_path": "/media/NFS/ttao/scannet/posed_images/scene0588_03/00035.jpg",
      "transform_matrix": [
        [
          -0.561881,
          -0.257547,
          0.786104,
          8.357176
        ],
        [
          -0.822636,
          0.074081,
          -0.563722,
          11.1299
        ],
        [
          0.08695,
          -0.963422,
          -0.253492,
          1.585192
        ],
        [
          0.0,
          0.0,
          0.0,
          1.0
        ]
      ]
    },
    {
      "file_path": "/media/NFS/ttao/scannet/posed_images/scene0588_03/00049.jpg",
      "transform_matrix": [
        [
          -0.649516,
          -0.170735,
          0.740931,
          8.332508
        ],
        [
          -0.757739,
          0.06469,
          -0.649344,
          11.019993
        ],
        [
          0.062936,
          -0.983191,
          -0.17139,
          1.649477
        ],
        [
          0.0,
          0.0,
          0.0,
          1.0
        ]
      ]
    },
    {
      "file_path": "/media/NFS/ttao/scannet/posed_images/scene0588_03/00056.jpg",
      "transform_matrix": [
        [
          -0.707244,
          -0.159449,
          0.688754,
          8.308358
        ],
        [
          -0.706037,
          0.109278,
          -0.699693,
          10.975811
        ],
        [
          0.0363,
          -0.981139,
          -0.189863,
          1.597996
        ],
        [
          0.0,
          0.0,
          0.0,
          1.0
        ]
      ]
    },
    {
      "file_path": "/media/NFS/ttao/scannet/posed_images/scene0588_03/00073.jpg",
      "transform_matrix": [
        [
          -0.784605,
          -0.21225,
          0.582533,
          8.354047
        ],
        [
          -0.619035,
          0.215921,
          -0.755098,
          11.024888
        ],
        [
          0.034488,
          -0.953062,
          -0.300803,
          1.516021
        ],
        [
          0.0,
          0.0,
          0.0,
          1.0
        ]
      ]
    },
    {
      "file_path": "/media/NFS/ttao/scannet/posed_images/scene0588_03/00087.jpg",
      "transform_matrix": [
        [
          -0.897236,
          -0.160959,
          0.411169,
          8.442841
        ],
        [
          -0.441539,
          0.334094,
          -0.832721,
          11.158437
        ],
        [
          -0.003335,
          -0.928695,
          -0.37083,
          1.482128
        ],
        [
          0.0,
          0.0,
          0.0,
          1.0
        ]
      ]
    },
    {
      "file_path": "/media/NFS/ttao/scannet/posed_images/scene0588_03/00094.jpg",
      "transform_matrix": [
        [
          -0.922789,
          -0.158796,
          0.351061,
          8.509106
        ],
        [
          -0.384609,
          0.324883,
          -0.864018,
          11.175007
        ],
        [
          0.023149,
          -0.932328,
          -0.360873,
          1.470923
        ],
        [
          0.0,
          0.0,
          0.0,
          1.0
        ]
      ]
    },
    {
      "file_path": "/media/NFS/ttao/scannet/posed_images/scene0588_03/00111.jpg",
      "transform_matrix": [
        [
          -0.961258,
          -0.107222,
          0.253942,
          8.696521
        ],
        [
          -0.275162,
          0.318447,
          -0.907126,
          11.116781
        ],
        [
          0.016397,
          -0.941857,
          -0.335613,
          1.502759
        ],
        [
          0.0,
          0.0,
          0.0,
          1.0
        ]
      ]
    },
    {
      "file_path": "/media/NFS/ttao/scannet/posed_images/scene0588_03/00118.jpg",
      "transform_matrix": [
        [
          -0.969092,
          -0.085458,
          0.231426,
          8.770569
        ],
        [
          -0.246534,
          0.300974,
          -0.921214,
          11.129241
        ],
        [
          0.009072,
          -0.949795,
          -0.31274,
          1.530125
        ],
        [
          0.0,
          0.0,
          0.0,
          1.0
        ]
      ]
    },
    {
      "file_path": "/media/NFS/ttao/scannet/posed_images/scene0588_03/00132.jpg",
      "transform_matrix": [
        [
          -0.985961,
          -0.026371,
          0.164879,
          8.891031
        ],
        [
          -0.166243,
          0.247368,
          -0.954553,
          11.184649
        ],
        [
          -0.015613,
          -0.968563,
          -0.248279,
          1.558161
        ],
        [
          0.0,
          0.0,
          0.0,
          1.0
        ]
      ]
    },
    {
      "file_path": "/media/NFS/ttao/scannet/posed_images/scene0588_03/00146.jpg",
      "transform_matrix": [
        [
          -0.994915,
          -0.002354,
          0.100687,
          8.944145
        ],
        [
          -0.098996,
          0.206783,
          -0.973365,
          11.098399
        ],
        [
          -0.018529,
          -0.978384,
          -0.205965,
          1.589259
        ],
        [
          0.0,
          0.0,
          0.0,
          1.0
        ]
      ]
    },
    {
      "file_path": "/media/NFS/ttao/scannet/posed_images/scene0588_03/00149.jpg",
      "transform_matrix": [
        [
          -0.99434,
          0.013076,
          0.105436,
          8.950101
        ],
        [
          -0.10113,
          0.187714,
          -0.977004,
          11.069671
        ],
        [
          -0.032567,
          -0.982137,
          -0.185329,
          1.592126
        ],
        [
          0.0,
          0.0,
          0.0,
          1.0
        ]
      ]
    },
    {
      "file_path": "/media/NFS/ttao/scannet/posed_images/scene0588_03/00163.jpg",
      "transform_matrix": [
        [
          -0.998502,
          0.053053,
          0.013425,
          8.95077
        ],
        [
          -0.001858,
          0.212317,
          -0.977199,
          10.901353
        ],
        [
          -0.054694,
          -0.975759,
          -0.211901,
          1.576495
        ],
        [
          0.0,
          0.0,
          0.0,
          1.0
        ]
      ]
    },
    {
      "file_path": "/media/NFS/ttao/scannet/posed_images/scene0588_03/00170.jpg",
      "transform_matrix": [
        [
          -0.997546,
          0.058977,
          -0.037722,
          9.02649
        ],
        [
          0.050364,
          0.230271,
          -0.971822,
          10.83656
        ],
        [
          -0.048629,
          -0.971338,
          -0.232677,
          1.564074
        ],
        [
          0.0,
          0.0,
          0.0,
          1.0
        ]
      ]
    },
    {
      "file_path": "/media/NFS/ttao/scannet/posed_images/scene0588_03/00191.jpg",
      "transform_matrix": [
        [
          -0.950301,
          0.132408,
          -0.281774,
          9.259063
        ],
        [
          0.307369,
          0.255036,
          -0.916777,
          10.650885
        ],
        [
          -0.049526,
          -0.957823,
          -0.283059,
          1.537967
        ],
        [
          0.0,
          0.0,
          0.0,
          1.0
        ]
      ]
    },
    {
      "file_path": "/media/NFS/ttao/scannet/posed_images/scene0588_03/00195.jpg",
      "transform_matrix": [
        [
          -0.941305,
          0.138066,
          -0.308029,
          9.29513
        ],
        [
          0.334487,
          0.258736,
          -0.906187,
          10.600992
        ],
        [
          -0.045415,
          -0.95603,
          -0.289731,
          1.528754
        ],
        [
          0.0,
          0.0,
          0.0,
          1.0
        ]
      ]
    },
    {
      "file_path": "/media/NFS/ttao/scannet/posed_images/scene0588_03/00215.jpg",
      "transform_matrix": [
        [
          -0.795389,
          0.255213,
          -0.549748,
          9.423764
        ],
        [
          0.599733,
          0.200284,
          -0.77473,
          10.368406
        ],
        [
          -0.087616,
          -0.945914,
          -0.312363,
          1.500456
        ],
        [
          0.0,
          0.0,
          0.0,
          1.0
        ]
      ]
    },
    {
      "file_path": "/media/NFS/ttao/scannet/posed_images/scene0588_03/00219.jpg",
      "transform_matrix": [
        [
          -0.728958,
          0.30839,
          -0.61116,
          9.478476
        ],
        [
          0.676638,
          0.189175,
          -0.7116,
          10.324609
        ],
        [
          -0.103834,
          -0.93226,
          -0.346568,
          1.493983
        ],
        [
          0.0,
          0.0,
          0.0,
          1.0
        ]
      ]
    },
    {
      "file_path": "/media/NFS/ttao/scannet/posed_images/scene0588_03/00229.jpg",
      "transform_matrix": [
        [
          -0.585569,
          0.402707,
          -0.703517,
          9.547091
        ],
        [
          0.799709,
          0.145059,
          -0.582601,
          10.211137
        ],
        [
          -0.132566,
          -0.903762,
          -0.40699,
          1.496799
        ],
        [
          0.0,
          0.0,
          0.0,
          1.0
        ]
      ]
    },
    {
      "file_path": "/media/NFS/ttao/scannet/posed_images/scene0588_03/00250.jpg",
      "transform_matrix": [
        [
          -0.469862,
          0.458202,
          -0.754507,
          9.416075
        ],
        [
          0.876036,
          0.136903,
          -0.462404,
          9.954211
        ],
        [
          -0.10858,
          -0.878242,
          -0.465727,
          1.506464
        ],
        [
          0.0,
          0.0,
          0.0,
          1.0
        ]
      ]
    },
    {
      "file_path": "/media/NFS/ttao/scannet/posed_images/scene0588_03/00257.jpg",
      "transform_matrix": [
        [
          -0.485524,
          0.436655,
          -0.757363,
          9.399232
        ],
        [
          0.868104,
          0.138491,
          -0.476671,
          9.860022
        ],
        [
          -0.103253,
          -0.888906,
          -0.446302,
          1.527235
        ],
        [
          0.0,
          0.0,
          0.0,
          1.0
        ]
      ]
    },
    {
      "file_path": "/media/NFS/ttao/scannet/posed_images/scene0588_03/00271.jpg",
      "transform_matrix": [
        [
          -0.524398,
          0.394443,
          -0.754601,
          9.423214
        ],
        [
          0.846083,
          0.14182,
          -0.51384,
          9.66412
        ],
        [
          -0.095663,
          -0.907911,
          -0.408101,
          1.567916
        ],
        [
          0.0,
          0.0,
          0.0,
          1.0
        ]
      ]
    },
    {
      "file_path": "/media/NFS/ttao/scannet/posed_images/scene0588_03/00278.jpg",
      "transform_matrix": [
        [
          -0.507902,
          0.398524,
          -0.763685,
          9.387388
        ],
        [
          0.85655,
          0.139561,
          -0.496835,
          9.587677
        ],
        [
          -0.09142,
          -0.906478,
          -0.412239,
          1.571187
        ],
        [
          0.0,
          0.0,
          0.0,
          1.0
        ]
      ]
    },
    {
      "file_path": "/media/NFS/ttao/scannet/posed_images/scene0588_03/00295.jpg",
      "transform_matrix": [
        [
          -0.54606,
          0.380631,
          -0.746283,
          9.213685
        ],
        [
          0.832546,
          0.147468,
          -0.533966,
          9.386545
        ],
        [
          -0.093191,
          -0.912893,
          -0.397419,
          1.605455
        ],
        [
          0.0,
          0.0,
          0.0,
          1.0
        ]
      ]
    },
    {
      "file_path": "/media/NFS/ttao/scannet/posed_images/scene0588_03/00299.jpg",
      "transform_matrix": [
        [
          -0.536165,
          0.380009,
          -0.753738,
          9.183585
        ],
        [
          0.839536,
          0.147205,
          -0.522981,
          9.343007
        ],
        [
          -0.087784,
          -0.913195,
          -0.397957,
          1.603783
        ],
        [
          0.0,
          0.0,
          0.0,
          1.0
        ]
      ]
    },
    {
      "file_path": "/media/NFS/ttao/scannet/posed_images/scene0588_03/00320.jpg",
      "transform_matrix": [
        [
          -0.420894,
          0.392806,
          -0.81765,
          9.090066
        ],
        [
          0.904745,
          0.116743,
          -0.409643,
          8.919058
        ],
        [
          -0.065455,
          -0.912181,
          -0.404526,
          1.641307
        ],
        [
          0.0,
          0.0,
          0.0,
          1.0
        ]
      ]
    },
    {
      "file_path": "/media/NFS/ttao/scannet/posed_images/scene0588_03/00323.jpg",
      "transform_matrix": [
        [
          -0.414851,
          0.387138,
          -0.823421,
          9.069977
        ],
        [
          0.908691,
          0.129853,
          -0.39676,
          8.841709
        ],
        [
          -0.046677,
          -0.912832,
          -0.405658,
          1.635782
        ],
        [
          0.0,
          0.0,
          0.0,
          1.0
        ]
      ]
    },
    {
      "file_path": "/media/NFS/ttao/scannet/posed_images/scene0588_03/00340.jpg",
      "transform_matrix": [
        [
          -0.449415,
          0.369373,
          -0.813382,
          8.968703
        ],
        [
          0.893168,
          0.168795,
          -0.416845,
          8.47905
        ],
        [
          -0.016676,
          -0.913823,
          -0.405771,
          1.666538
        ],
        [
          0.0,
          0.0,
          0.0,
          1.0
        ]
      ]
    },
    {
      "file_path": "/media/NFS/ttao/scannet/posed_images/scene0588_03/00344.jpg",
      "transform_matrix": [
        [
          -0.433314,
          0.369115,
          -0.822188,
          8.946667
        ],
        [
          0.901005,
          0.156444,
          -0.404618,
          8.383064
        ],
        [
          -0.020724,
          -0.916122,
          -0.400363,
          1.670397
        ],
        [
          0.0,
          0.0,
          0.0,
          1.0
        ]
      ]
    },
    {
      "file_path": "/media/NFS/ttao/scannet/posed_images/scene0588_03/00358.jpg",
      "transform_matrix": [
        [
          -0.410989,
          0.363295,
          -0.836125,
          8.877435
        ],
        [
          0.911089,
          0.131791,
          -0.390574,
          8.090096
        ],
        [
          -0.031699,
          -0.922306,
          -0.385159,
          1.699664
        ],
        [
          0.0,
          0.0,
          0.0,
          1.0
        ]
      ]
    },
    {
      "file_path": "/media/NFS/ttao/scannet/posed_images/scene0588_03/00368.jpg",
      "transform_matrix": [
        [
          -0.36495,
          0.390474,
          -0.845187,
          8.802699
        ],
        [
          0.930306,
          0.117225,
          -0.347546,
          7.978851
        ],
        [
          -0.036631,
          -0.91312,
          -0.406042,
          1.713718
        ],
        [
          0.0,
          0.0,
          0.0,
          1.0
        ]
      ]
    },
    {
      "file_path": "/media/NFS/ttao/scannet/posed_images/scene0588_03/00389.jpg",
      "transform_matrix": [
        [
          -0.396086,
          0.386706,
          -0.832811,
          8.602802
        ],
        [
          0.917737,
          0.137507,
          -0.372627,
          7.839835
        ],
        [
          -0.02958,
          -0.911894,
          -0.409359,
          1.735579
        ],
        [
          0.0,
          0.0,
          0.0,
          1.0
        ]
      ]
    },
    {
      "file_path": "/media/NFS/ttao/scannet/posed_images/scene0588_03/00400.jpg",
      "transform_matrix": [
        [
          -0.322451,
          0.402837,
          -0.856591,
          8.502919
        ],
        [
          0.945306,
          0.089989,
          -0.313526,
          7.766052
        ],
        [
          -0.049216,
          -0.910837,
          -0.409822,
          1.752331
        ],
        [
          0.0,
          0.0,
          0.0,
          1.0
        ]
      ]
    },
    {
      "file_path": "/media/NFS/ttao/scannet/posed_images/scene0588_03/00406.jpg",
      "transform_matrix": [
        [
          -0.256531,
          0.389755,
          -0.884468,
          8.443582
        ],
        [
          0.963402,
          0.029481,
          -0.266434,
          7.751623
        ],
        [
          -0.077769,
          -0.920447,
          -0.383053,
          1.771153
        ],
        [
          0.0,
          0.0,
          0.0,
          1.0
        ]
      ]
    },
    {
      "file_path": "/media/NFS/ttao/scannet/posed_images/scene0588_03/00413.jpg",
      "transform_matrix": [
        [
          -0.213191,
          0.374443,
          -0.902409,
          8.382587
        ],
        [
          0.972434,
          -0.007973,
          -0.233043,
          7.786487
        ],
        [
          -0.094456,
          -0.927216,
          -0.362421,
          1.787155
        ],
        [
          0.0,
          0.0,
          0.0,
          1.0
        ]
      ]
    },
    {
      "file_path": "/media/NFS/ttao/scannet/posed_images/scene0588_03/00427.jpg",
      "transform_matrix": [
        [
          -0.318577,
          0.369611,
          -0.872867,
          8.317044
        ],
        [
          0.937787,
          -0.011238,
          -0.34703,
          8.025307
        ],
        [
          -0.138075,
          -0.929119,
          -0.343036,
          1.81156
        ],
        [
          0.0,
          0.0,
          0.0,
          1.0
        ]
      ]
    },
    {
      "file_path": "/media/NFS/ttao/scannet/posed_images/scene0588_03/00445.jpg",
      "transform_matrix": [
        [
          -0.302628,
          0.379413,
          -0.874335,
          8.213376
        ],
        [
          0.952247,
          0.08137,
          -0.294285,
          8.362436
        ],
        [
          -0.040511,
          -0.921643,
          -0.385919,
          1.73891
        ],
        [
          0.0,
          0.0,
          0.0,
          1.0
        ]
      ]
    },
    {
      "file_path": "/media/NFS/ttao/scannet/posed_images/scene0588_03/00448.jpg",
      "transform_matrix": [
        [
          -0.347669,
          0.373921,
          -0.859831,
          8.208306
        ],
        [
          0.936494,
          0.093624,
          -0.337953,
          8.409005
        ],
        [
          -0.045867,
          -0.922723,
          -0.382725,
          1.725191
        ],
        [
          0.0,
          0.0,
          0.0,
          1.0
        ]
      ]
    },
    {
      "file_path": "/media/NFS/ttao/scannet/posed_images/scene0588_03/00462.jpg",
      "transform_matrix": [
        [
          -0.396771,
          0.431526,
          -0.810159,
          8.157046
        ],
        [
          0.915812,
          0.126349,
          -0.381215,
          8.612057
        ],
        [
          -0.062142,
          -0.893208,
          -0.445328,
          1.69229
        ],
        [
          0.0,
          0.0,
          0.0,
          1.0
        ]
      ]
    },
    {
      "file_path": "/media/NFS/ttao/scannet/posed_images/scene0588_03/00479.jpg",
      "transform_matrix": [
        [
          -0.385016,
          0.446391,
          -0.807773,
          8.069697
        ],
        [
          0.916093,
          0.078663,
          -0.393174,
          8.898794
        ],
        [
          -0.111967,
          -0.891374,
          -0.439223,
          1.680734
        ],
        [
          0.0,
          0.0,
          0.0,
          1.0
        ]
      ]
    },
    {
      "file_path": "/media/NFS/ttao/scannet/posed_images/scene0588_03/00483.jpg",
      "transform_matrix": [
        [
          -0.371405,
          0.444355,
          -0.815235,
          8.043507
        ],
        [
          0.920725,
          0.063081,
          -0.385081,
          8.920584
        ],
        [
          -0.119686,
          -0.893627,
          -0.432557,
          1.6837
        ],
        [
          0.0,
          0.0,
          0.0,
          1.0
        ]
      ]
    },
    {
      "file_path": "/media/NFS/ttao/scannet/posed_images/scene0588_03/00500.jpg",
      "transform_matrix": [
        [
          -0.225489,
          0.477068,
          -0.849448,
          7.834771
        ],
        [
          0.969551,
          0.024391,
          -0.243672,
          9.090448
        ],
        [
          -0.095529,
          -0.878528,
          -0.468041,
          1.630452
        ],
        [
          0.0,
          0.0,
          0.0,
          1.0
        ]
      ]
    },
    {
      "file_path": "/media/NFS/ttao/scannet/posed_images/scene0588_03/00507.jpg",
      "transform_matrix": [
        [
          -0.228304,
          0.48655,
          -0.843295,
          7.760647
        ],
        [
          0.966375,
          0.007991,
          -0.257014,
          9.118435
        ],
        [
          -0.118312,
          -0.873616,
          -0.472014,
          1.63377
        ],
        [
          0.0,
          0.0,
          0.0,
          1.0
        ]
      ]
    },
    {
      "file_path": "/media/NFS/ttao/scannet/posed_images/scene0588_03/00528.jpg",
      "transform_matrix": [
        [
          -0.388087,
          0.425691,
          -0.81742,
          7.545542
        ],
        [
          0.915645,
          0.07724,
          -0.394497,
          9.137731
        ],
        [
          -0.104796,
          -0.901566,
          -0.419758,
          1.685391
        ],
        [
          0.0,
          0.0,
          0.0,
          1.0
        ]
      ]
    },
    {
      "file_path": "/media/NFS/ttao/scannet/posed_images/scene0588_03/00535.jpg",
      "transform_matrix": [
        [
          -0.468889,
          0.386065,
          -0.794416,
          7.476377
        ],
        [
          0.880197,
          0.12944,
          -0.456616,
          9.065004
        ],
        [
          -0.073455,
          -0.913345,
          -0.400506,
          1.686739
        ],
        [
          0.0,
          0.0,
          0.0,
          1.0
        ]
      ]
    },
    {
      "file_path": "/media/NFS/ttao/scannet/posed_images/scene0588_03/00545.jpg",
      "transform_matrix": [
        [
          -0.536765,
          0.385587,
          -0.75047,
          7.346294
        ],
        [
          0.842682,
          0.200646,
          -0.499628,
          8.939613
        ],
        [
          -0.042072,
          -0.900591,
          -0.432627,
          1.679375
        ],
        [
          0.0,
          0.0,
          0.0,
          1.0
        ]
      ]
    },
    {
      "file_path": "/media/NFS/ttao/scannet/posed_images/scene0588_03/00563.jpg",
      "transform_matrix": [
        [
          -0.441271,
          0.396073,
          -0.805237,
          7.114534
        ],
        [
          0.895872,
          0.142549,
          -0.420824,
          8.804986
        ],
        [
          -0.051892,
          -0.907086,
          -0.417733,
          1.7078
        ],
        [
          0.0,
          0.0,
          0.0,
          1.0
        ]
      ]
    },
    {
      "file_path": "/media/NFS/ttao/scannet/posed_images/scene0588_03/00566.jpg",
      "transform_matrix": [
        [
          -0.388074,
          0.414653,
          -0.82308,
          7.075805
        ],
        [
          0.920435,
          0.12894,
          -0.369018,
          8.78163
        ],
        [
          -0.046886,
          -0.900798,
          -0.4317,
          1.712276
        ],
        [
          0.0,
          0.0,
          0.0,
          1.0
        ]
      ]
    },
    {
      "file_path": "/media/NFS/ttao/scannet/posed_images/scene0588_03/00577.jpg",
      "transform_matrix": [
        [
          -0.243545,
          0.442325,
          -0.863154,
          6.993316
        ],
        [
          0.969621,
          0.090086,
          -0.22742,
          8.639976
        ],
        [
          -0.022836,
          -0.892319,
          -0.450828,
          1.71492
        ],
        [
          0.0,
          0.0,
          0.0,
          1.0
        ]
      ]
    },
    {
      "file_path": "/media/NFS/ttao/scannet/posed_images/scene0588_03/00587.jpg",
      "transform_matrix": [
        [
          -0.077446,
          0.4677,
          -0.880488,
          6.970078
        ],
        [
          0.995834,
          -0.00635,
          -0.090965,
          8.478855
        ],
        [
          -0.048136,
          -0.883865,
          -0.465259,
          1.741328
        ],
        [
          0.0,
          0.0,
          0.0,
          1.0
        ]
      ]
    },
    {
      "file_path": "/media/NFS/ttao/scannet/posed_images/scene0588_03/00604.jpg",
      "transform_matrix": [
        [
          0.150957,
          0.453931,
          -0.878156,
          6.841487
        ],
        [
          0.987117,
          -0.11687,
          0.109275,
          8.277939
        ],
        [
          -0.053027,
          -0.883339,
          -0.465726,
          1.743181
        ],
        [
          0.0,
          0.0,
          0.0,
          1.0
        ]
      ]
    },
    {
      "file_path": "/media/NFS/ttao/scannet/posed_images/scene0588_03/00618.jpg",
      "transform_matrix": [
        [
          0.465124,
          0.406973,
          -0.786151,
          6.687045
        ],
        [
          0.879002,
          -0.31761,
          0.35564,
          8.182614
        ],
        [
          -0.104953,
          -0.856444,
          -0.505458,
          1.763326
        ],
        [
          0.0,
          0.0,
          0.0,
          1.0
        ]
      ]
    },
    {
      "file_path": "/media/NFS/ttao/scannet/posed_images/scene0588_03/00629.jpg",
      "transform_matrix": [
        [
          0.672519,
          0.309011,
          -0.67248,
          6.645141
        ],
        [
          0.732298,
          -0.409272,
          0.544275,
          8.021885
        ],
        [
          -0.10704,
          -0.858492,
          -0.501532,
          1.762751
        ],
        [
          0.0,
          0.0,
          0.0,
          1.0
        ]
      ]
    },
    {
      "file_path": "/media/NFS/ttao/scannet/posed_images/scene0588_03/00639.jpg",
      "transform_matrix": [
        [
          0.759036,
          0.280484,
          -0.587531,
          6.604211
        ],
        [
          0.64231,
          -0.469973,
          0.605444,
          7.883659
        ],
        [
          -0.106306,
          -0.836931,
          -0.536885,
          1.792169
        ],
        [
          0.0,
          0.0,
          0.0,
          1.0
        ]
      ]
    },
    {
      "file_path": "/media/NFS/ttao/scannet/posed_images/scene0588_03/00653.jpg",
      "transform_matrix": [
        [
          0.786821,
          0.285597,
          -0.547126,
          6.574811
        ],
        [
          0.612037,
          -0.475275,
          0.632079,
          7.897448
        ],
        [
          -0.079516,
          -0.832195,
          -0.548753,
          1.770176
        ],
        [
          0.0,
          0.0,
          0.0,
          1.0
        ]
      ]
    },
    {
      "file_path": "/media/NFS/ttao/scannet/posed_images/scene0588_03/00664.jpg",
      "transform_matrix": [
        [
          0.810929,
          0.27695,
          -0.515455,
          6.490676
        ],
        [
          0.579227,
          -0.504903,
          0.639976,
          7.937934
        ],
        [
          -0.083013,
          -0.81754,
          -0.569858,
          1.770101
        ],
        [
          0.0,
          0.0,
          0.0,
          1.0
        ]
      ]
    },
    {
      "file_path": "/media/NFS/ttao/scannet/posed_images/scene0588_03/00670.jpg",
      "transform_matrix": [
        [
          0.853971,
          0.225752,
          -0.468796,
          6.412803
        ],
        [
          0.513112,
          -0.514834,
          0.686776,
          7.953492
        ],
        [
          -0.086311,
          -0.827032,
          -0.55549,
          1.769115
        ],
        [
          0.0,
          0.0,
          0.0,
          1.0
        ]
      ]
    },
    {
      "file_path": "/media/NFS/ttao/scannet/posed_images/scene0588_03/00688.jpg",
      "transform_matrix": [
        [
          0.945545,
          0.146444,
          -0.290687,
          6.153975
        ],
        [
          0.320596,
          -0.573336,
          0.753992,
          7.982575
        ],
        [
          -0.056244,
          -0.806127,
          -0.589064,
          1.784933
        ],
        [
          0.0,
          0.0,
          0.0,
          1.0
        ]
      ]
    },
    {
      "file_path": "/media/NFS/ttao/scannet/posed_images/scene0588_03/00698.jpg",
      "transform_matrix": [
        [
          0.964775,
          0.106396,
          -0.240602,
          5.996677
        ],
        [
          0.258022,
          -0.561116,
          0.786494,
          8.06404
        ],
        [
          -0.051326,
          -0.820871,
          -0.568803,
          1.798815
        ],
        [
          0.0,
          0.0,
          0.0,
          1.0
        ]
      ]
    },
    {
      "file_path": "/media/NFS/ttao/scannet/posed_images/scene0588_03/00705.jpg",
      "transform_matrix": [
        [
          0.98818,
          0.053718,
          -0.143579,
          5.916511
        ],
        [
          0.149123,
          -0.553956,
          0.819082,
          8.139526
        ],
        [
          -0.035537,
          -0.830811,
          -0.555419,
          1.805793
        ],
        [
          0.0,
          0.0,
          0.0,
          1.0
        ]
      ]
    },
    {
      "file_path": "/media/NFS/ttao/scannet/posed_images/scene0588_03/00723.jpg",
      "transform_matrix": [
        [
          0.974514,
          -0.134586,
          0.179467,
          5.720555
        ],
        [
          -0.224122,
          -0.55012,
          0.804448,
          8.263367
        ],
        [
          -0.009539,
          -0.824169,
          -0.566263,
          1.815851
        ],
        [
          0.0,
          0.0,
          0.0,
          1.0
        ]
      ]
    },
    {
      "file_path": "/media/NFS/ttao/scannet/posed_images/scene0588_03/00726.jpg",
      "transform_matrix": [
        [
          0.951262,
          -0.165278,
          0.260352,
          5.694315
        ],
        [
          -0.308275,
          -0.531944,
          0.788671,
          8.278186
        ],
        [
          0.008143,
          -0.830493,
          -0.55697,
          1.814468
        ],
        [
          0.0,
          0.0,
          0.0,
          1.0
        ]
      ]
    },
    {
      "file_path": "/media/NFS/ttao/scannet/posed_images/scene0588_03/00740.jpg",
      "transform_matrix": [
        [
          0.822507,
          -0.322881,
          0.468221,
          5.681613
        ],
        [
          -0.56875,
          -0.470757,
          0.674472,
          8.382684
        ],
        [
          0.002644,
          -0.821058,
          -0.570839,
          1.790527
        ],
        [
          0.0,
          0.0,
          0.0,
          1.0
        ]
      ]
    },
    {
      "file_path": "/media/NFS/ttao/scannet/posed_images/scene0588_03/00757.jpg",
      "transform_matrix": [
        [
          0.533574,
          -0.472461,
          0.701484,
          5.66428
        ],
        [
          -0.845742,
          -0.293665,
          0.445513,
          8.496012
        ],
        [
          -0.004486,
          -0.830988,
          -0.556272,
          1.78808
        ],
        [
          0.0,
          0.0,
          0.0,
          1.0
        ]
      ]
    },
    {
      "file_path": "/media/NFS/ttao/scannet/posed_images/scene0588_03/00768.jpg",
      "transform_matrix": [
        [
          0.349406,
          -0.507607,
          0.78756,
          5.731859
        ],
        [
          -0.936332,
          -0.220217,
          0.273473,
          8.544313
        ],
        [
          0.034617,
          -0.83297,
          -0.552234,
          1.78688
        ],
        [
          0.0,
          0.0,
          0.0,
          1.0
        ]
      ]
    },
    {
      "file_path": "/media/NFS/ttao/scannet/posed_images/scene0588_03/00778.jpg",
      "transform_matrix": [
        [
          0.225204,
          -0.477882,
          0.849065,
          5.926083
        ],
        [
          -0.973723,
          -0.140671,
          0.179094,
          8.535301
        ],
        [
          0.033853,
          -0.867087,
          -0.497004,
          1.805799
        ],
        [
          0.0,
          0.0,
          0.0,
          1.0
        ]
      ]
    },
    {
      "file_path": "/media/NFS/ttao/scannet/posed_images/scene0588_03/00785.jpg",
      "transform_matrix": [
        [
          0.186264,
          -0.417908,
          0.88919,
          6.056585
        ],
        [
          -0.98098,
          -0.129419,
          0.144667,
          8.535799
        ],
        [
          0.05462,
          -0.899224,
          -0.434065,
          1.82601
        ],
        [
          0.0,
          0.0,
          0.0,
          1.0
        ]
      ]
    },
    {
      "file_path": "/media/NFS/ttao/scannet/posed_images/scene0588_03/00802.jpg",
      "transform_matrix": [
        [
          0.116641,
          -0.329469,
          0.936934,
          6.274024
        ],
        [
          -0.991688,
          -0.090221,
          0.091731,
          8.59817
        ],
        [
          0.054308,
          -0.939846,
          -0.337254,
          1.845805
        ],
        [
          0.0,
          0.0,
          0.0,
          1.0
        ]
      ]
    },
    {
      "file_path": "/media/NFS/ttao/scannet/posed_images/scene0588_03/00813.jpg",
      "transform_matrix": [
        [
          0.105495,
          -0.283808,
          0.95306,
          6.34539
        ],
        [
          -0.992526,
          -0.089166,
          0.083311,
          8.63889
        ],
        [
          0.061336,
          -0.954726,
          -0.291093,
          1.854418
        ],
        [
          0.0,
          0.0,
          0.0,
          1.0
        ]
      ]
    },
    {
      "file_path": "/media/NFS/ttao/scannet/posed_images/scene0588_03/00823.jpg",
      "transform_matrix": [
        [
          0.083372,
          -0.343368,
          0.935493,
          6.334136
        ],
        [
          -0.99261,
          -0.111677,
          0.047472,
          8.604239
        ],
        [
          0.088173,
          -0.932538,
          -0.350141,
          1.804854
        ],
        [
          0.0,
          0.0,
          0.0,
          1.0
        ]
      ]
    },
    {
      "file_path": "/media/NFS/ttao/scannet/posed_images/scene0588_03/00841.jpg",
      "transform_matrix": [
        [
          0.15739,
          -0.536503,
          0.829092,
          6.107212
        ],
        [
          -0.985648,
          -0.13724,
          0.098303,
          8.438605
        ],
        [
          0.061044,
          -0.832664,
          -0.550403,
          1.71189
        ],
        [
          0.0,
          0.0,
          0.0,
          1.0
        ]
      ]
    },
    {
      "file_path": "/media/NFS/ttao/scannet/posed_images/scene0588_03/00851.jpg",
      "transform_matrix": [
        [
          0.144084,
          -0.576644,
          0.80419,
          6.011369
        ],
        [
          -0.987536,
          -0.135807,
          0.079552,
          8.383042
        ],
        [
          0.063341,
          -0.805629,
          -0.589025,
          1.725317
        ],
        [
          0.0,
          0.0,
          0.0,
          1.0
        ]
      ]
    },
    {
      "file_path": "/media/NFS/ttao/scannet/posed_images/scene0588_03/00855.jpg",
      "transform_matrix": [
        [
          0.140638,
          -0.578665,
          0.803348,
          5.954388
        ],
        [
          -0.988242,
          -0.131218,
          0.078488,
          8.38359
        ],
        [
          0.059995,
          -0.80494,
          -0.590315,
          1.719902
        ],
        [
          0.0,
          0.0,
          0.0,
          1.0
        ]
      ]
    },
    {
      "file_path": "/media/NFS/ttao/scannet/posed_images/scene0588_03/00875.jpg",
      "transform_matrix": [
        [
          -0.031169,
          -0.562473,
          0.826228,
          5.597187
        ],
        [
          -0.992416,
          -0.080925,
          -0.09253,
          8.421553
        ],
        [
          0.118909,
          -0.822846,
          -0.555685,
          1.746688
        ],
        [
          0.0,
          0.0,
          0.0,
          1.0
        ]
      ]
    },
    {
      "file_path": "/media/NFS/ttao/scannet/posed_images/scene0588_03/00886.jpg",
      "transform_matrix": [
        [
          -0.03499,
          -0.53246,
          0.845732,
          5.478781
        ],
        [
          -0.995789,
          -0.053177,
          -0.074678,
          8.407696
        ],
        [
          0.084736,
          -0.844783,
          -0.528357,
          1.759767
        ],
        [
          0.0,
          0.0,
          0.0,
          1.0
        ]
      ]
    },
    {
      "file_path": "/media/NFS/ttao/scannet/posed_images/scene0588_03/00889.jpg",
      "transform_matrix": [
        [
          -0.015867,
          -0.534816,
          0.844819,
          5.439678
        ],
        [
          -0.996585,
          -0.060015,
          -0.05671,
          8.399232
        ],
        [
