{
  "frames": [
    {
      "file_path": "/media/NFS/ttao/scannet/posed_images/scene0365_00/00000.jpg",
      "transform_matrix": [
        [
          0.253441,
          0.407468,
          -0.877347,
          4.598309
        ],
        [
          0.967346,
          -0.10376,
          0.23125,
          2.626239
        ],
        [
          0.003193,
          -0.907305,
          -0.42046,
          1.306838
        ],
        [
          0.0,
          0.0,
          0.0,
          1.0
        ]
      ]
    },
    {
      "file_path": "/media/NFS/ttao/scannet/posed_images/scene0365_00/00008.jpg",
      "transform_matrix": [
        [
          0.243856,
          0.418079,
          -0.875068,
          4.597874
        ],
        [
          0.969806,
          -0.108281,
          0.218524,
          2.621545
        ],
        [
          -0.003393,
          -0.901934,
          -0.431861,
          1.304333
        ],
        [
          0.0,
          0.0,
          0.0,
          1.0
        ]
      ]
    },
    {
      "file_path": "/media/NFS/ttao/scannet/posed_images/scene0365_00/00012.jpg",
      "transform_matrix": [
        [
          0.246162,
          0.411485,
          -0.877544,
          4.59957
        ],
        [
          0.969145,
          -0.116421,
          0.217266,
          2.621713
        ],
        [
          -0.012763,
          -0.90395,
          -0.427447,
          1.307296
        ],
        [
          0.0,
          0.0,
          0.0,
          1.0
        ]
      ]
    },
    {
      "file_path": "/media/NFS/ttao/scannet/posed_images/scene0365_00/00014.jpg",
      "transform_matrix": [
        [
          0.251347,
          0.41183,
          -0.875911,
          4.601004
        ],
        [
          0.967804,
          -0.119496,
          0.221533,
          2.622927
        ],
        [
          -0.013434,
          -0.903392,
          -0.428605,
          1.306543
        ],
        [
          0.0,
          0.0,
          0.0,
          1.0
        ]
      ]
    },
    {
      "file_path": "/media/NFS/ttao/scannet/posed_images/scene0365_00/00023.jpg",
      "transform_matrix": [
        [
          0.293182,
          0.430232,
          -0.853782,
          4.607852
        ],
        [
          0.956056,
          -0.130546,
          0.262518,
          2.633157
        ],
        [
          0.001485,
          -0.893229,
          -0.4496,
          1.295336
        ],
        [
          0.0,
          0.0,
          0.0,
          1.0
        ]
      ]
    },
    {
      "file_path": "/media/NFS/ttao/scannet/posed_images/scene0365_00/00027.jpg",
      "transform_matrix": [
        [
          0.31012,
          0.443195,
          -0.841073,
          4.614525
        ],
        [
          0.950697,
          -0.14334,
          0.275008,
          2.636866
        ],
        [
          0.001323,
          -0.884891,
          -0.465797,
          1.288155
        ],
        [
          0.0,
          0.0,
          0.0,
          1.0
        ]
      ]
    },
    {
      "file_path": "/media/NFS/ttao/scannet/posed_images/scene0365_00/00029.jpg",
      "transform_matrix": [
        [
          0.323892,
          0.440891,
          -0.837084,
          4.618948
        ],
        [
          0.946087,
          -0.147578,
          0.28834,
          2.640578
        ],
        [
          0.003592,
          -0.885345,
          -0.464921,
          1.286477
        ],
        [
          0.0,
          0.0,
          0.0,
          1.0
        ]
      ]
    },
    {
      "file_path": "/media/NFS/ttao/scannet/posed_images/scene0365_00/00038.jpg",
      "transform_matrix": [
        [
          0.376613,
          0.398477,
          -0.836289,
          4.632223
        ],
        [
          0.926272,
          -0.148812,
          0.34623,
          2.666555
        ],
        [
          0.013514,
          -0.905025,
          -0.425142,
          1.305859
        ],
        [
          0.0,
          0.0,
          0.0,
          1.0
        ]
      ]
    },
    {
      "file_path": "/media/NFS/ttao/scannet/posed_images/scene0365_00/00040.jpg",
      "transform_matrix": [
        [
          0.386228,
          0.397169,
          -0.832517,
          4.635276
        ],
        [
          0.922173,
          -0.146104,
          0.35812,
          2.672961
        ],
        [
          0.0206,
          -0.906041,
          -0.422687,
          1.303295
        ],
        [
          0.0,
          0.0,
          0.0,
          1.0
        ]
      ]
    },
    {
      "file_path": "/media/NFS/ttao/scannet/posed_images/scene0365_00/00044.jpg",
      "transform_matrix": [
        [
          0.405817,
          0.384575,
          -0.829105,
          4.638144
        ],
        [
          0.913608,
          -0.145706,
          0.379594,
          2.677056
        ],
        [
          0.025177,
          -0.911522,
          -0.41048,
          1.30758
        ],
        [
          0.0,
          0.0,
          0.0,
          1.0
        ]
      ]
    },
    {
      "file_path": "/media/NFS/ttao/scannet/posed_images/scene0365_00/00050.jpg",
      "transform_matrix": [
        [
          0.421872,
          0.35566,
          -0.833984,
          4.639458
        ],
        [
          0.906396,
          -0.143436,
          0.397331,
          2.682775
        ],
        [
          0.021692,
          -0.923543,
          -0.382881,
          1.322446
        ],
        [
          0.0,
          0.0,
          0.0,
          1.0
        ]
      ]
    },
    {
      "file_path": "/media/NFS/ttao/scannet/posed_images/scene0365_00/00058.jpg",
      "transform_matrix": [
        [
          0.445192,
          0.286098,
          -0.848499,
          4.64847
        ],
        [
          0.89543,
          -0.139141,
          0.4229,
          2.702416
        ],
        [
          0.00293,
          -0.948044,
          -0.318126,
          1.364705
        ],
        [
          0.0,
          0.0,
          0.0,
          1.0
        ]
      ]
    },
    {
      "file_path": "/media/NFS/ttao/scannet/posed_images/scene0365_00/00063.jpg",
      "transform_matrix": [
        [
          0.469031,
          0.257351,
          -0.844855,
          4.661949
        ],
        [
          0.883181,
          -0.137584,
          0.448399,
          2.718292
        ],
        [
          -0.000843,
          -0.956473,
          -0.291819,
          1.375571
        ],
        [
          0.0,
          0.0,
          0.0,
          1.0
        ]
      ]
    },
    {
      "file_path": "/media/NFS/ttao/scannet/posed_images/scene0365_00/00069.jpg",
      "transform_matrix": [
        [
          0.511741,
          0.227711,
          -0.828413,
          4.669755
        ],
        [
          0.858967,
          -0.154952,
          0.488022,
          2.729333
        ],
        [
          -0.017236,
          -0.961321,
          -0.274891,
          1.380079
        ],
        [
          0.0,
          0.0,
          0.0,
          1.0
        ]
      ]
    },
    {
      "file_path": "/media/NFS/ttao/scannet/posed_images/scene0365_00/00070.jpg",
      "transform_matrix": [
        [
          0.520262,
          0.2304,
          -0.82234,
          4.667747
        ],
        [
          0.853918,
          -0.1542,
          0.497038,
          2.73615
        ],
        [
          -0.012288,
          -0.960801,
          -0.276968,
          1.383514
        ],
        [
          0.0,
          0.0,
          0.0,
          1.0
        ]
      ]
    },
    {
      "file_path": "/media/NFS/ttao/scannet/posed_images/scene0365_00/00075.jpg",
      "transform_matrix": [
        [
          0.561536,
          0.20302,
          -0.80216,
          4.673187
        ],
        [
          0.82717,
          -0.163078,
          0.53777,
          2.743972
        ],
        [
          -0.021637,
          -0.965499,
          -0.259506,
          1.392983
        ],
        [
          0.0,
          0.0,
          0.0,
          1.0
        ]
      ]
    },
    {
      "file_path": "/media/NFS/ttao/scannet/posed_images/scene0365_00/00084.jpg",
      "transform_matrix": [
        [
          0.612691,
          0.146965,
          -0.776538,
          4.688832
        ],
        [
          0.789717,
          -0.152293,
          0.594267,
          2.758509
        ],
        [
          -0.030925,
          -0.977347,
          -0.20937,
          1.418665
        ],
        [
          0.0,
          0.0,
          0.0,
          1.0
        ]
      ]
    },
    {
      "file_path": "/media/NFS/ttao/scannet/posed_images/scene0365_00/00087.jpg",
      "transform_matrix": [
        [
          0.627815,
          0.138264,
          -0.765984,
          4.69004
        ],
        [
          0.777791,
          -0.14916,
          0.610568,
          2.756967
        ],
        [
          -0.029835,
          -0.979099,
          -0.201185,
          1.426962
        ],
        [
          0.0,
          0.0,
          0.0,
          1.0
        ]
      ]
    },
    {
      "file_path": "/media/NFS/ttao/scannet/posed_images/scene0365_00/00093.jpg",
      "transform_matrix": [
        [
          0.660531,
          0.124978,
          -0.740323,
          4.696439
        ],
        [
          0.750372,
          -0.143127,
          0.645335,
          2.765129
        ],
        [
          -0.025307,
          -0.981782,
          -0.18832,
          1.426979
        ],
        [
          0.0,
          0.0,
          0.0,
          1.0
        ]
      ]
    },
    {
      "file_path": "/media/NFS/ttao/scannet/posed_images/scene0365_00/00098.jpg",
      "transform_matrix": [
        [
          0.693863,
          0.116074,
          -0.710691,
          4.697001
        ],
        [
          0.719561,
          -0.1502,
          0.677991,
          2.766491
        ],
        [
          -0.028049,
          -0.981818,
          -0.187741,
          1.434726
        ],
        [
          0.0,
          0.0,
          0.0,
          1.0
        ]
      ]
    },
    {
      "file_path": "/media/NFS/ttao/scannet/posed_images/scene0365_00/00101.jpg",
      "transform_matrix": [
        [
          0.708506,
          0.109697,
          -0.697127,
          4.697993
        ],
        [
          0.705025,
          -0.153379,
          0.692398,
          2.767561
        ],
        [
          -0.030971,
          -0.98206,
          -0.186009,
          1.421651
        ],
        [
          0.0,
          0.0,
          0.0,
          1.0
        ]
      ]
    },
    {
      "file_path": "/media/NFS/ttao/scannet/posed_images/scene0365_00/00105.jpg",
      "transform_matrix": [
        [
          0.726804,
          0.119653,
          -0.676342,
          4.698171
        ],
        [
          0.686074,
          -0.173098,
          0.70664,
          2.77225
        ],
        [
          -0.032522,
          -0.977609,
          -0.207899,
          1.418981
        ],
        [
          0.0,
          0.0,
          0.0,
          1.0
        ]
      ]
    },
    {
      "file_path": "/media/NFS/ttao/scannet/posed_images/scene0365_00/00113.jpg",
      "transform_matrix": [
        [
          0.750414,
          0.142084,
          -0.645515,
          4.689459
        ],
        [
          0.658921,
          -0.237601,
          0.713701,
          2.790016
        ],
        [
          -0.05197,
          -0.960915,
          -0.271921,
          1.387483
        ],
        [
          0.0,
          0.0,
          0.0,
          1.0
        ]
      ]
    },
    {
      "file_path": "/media/NFS/ttao/scannet/posed_images/scene0365_00/00116.jpg",
      "transform_matrix": [
        [
          0.75694,
          0.159542,
          -0.633709,
          4.679348
        ],
        [
          0.651722,
          -0.25547,
          0.714139,
          2.792316
        ],
        [
          -0.047958,
          -0.953562,
          -0.297352,
          1.381166
        ],
        [
          0.0,
          0.0,
          0.0,
          1.0
        ]
      ]
    },
    {
      "file_path": "/media/NFS/ttao/scannet/posed_images/scene0365_00/00125.jpg",
      "transform_matrix": [
        [
          0.794369,
          0.199575,
          -0.573713,
          4.613032
        ],
        [
          0.607294,
          -0.281317,
          0.743004,
          2.789405
        ],
        [
          -0.013111,
          -0.938632,
          -0.34467,
          1.352275
        ],
        [
          0.0,
          0.0,
          0.0,
          1.0
        ]
      ]
    },
    {
      "file_path": "/media/NFS/ttao/scannet/posed_images/scene0365_00/00130.jpg",
      "transform_matrix": [
        [
          0.79888,
          0.222558,
          -0.5588,
          4.554176
        ],
        [
          0.601397,
          -0.279253,
          0.748558,
          2.785839
        ],
        [
          0.010551,
          -0.934069,
          -0.356935,
          1.342101
        ],
        [
          0.0,
          0.0,
          0.0,
          1.0
        ]
      ]
    },
    {
      "file_path": "/media/NFS/ttao/scannet/posed_images/scene0365_00/00131.jpg",
      "transform_matrix": [
        [
          0.803341,
          0.219699,
          -0.553511,
          4.543134
        ],
        [
          0.595396,
          -0.277431,
          0.754013,
          2.784539
        ],
        [
          0.012094,
          -0.935288,
          -0.35368,
          1.341258
        ],
        [
          0.0,
          0.0,
          0.0,
          1.0
        ]
      ]
    },
    {
      "file_path": "/media/NFS/ttao/scannet/posed_images/scene0365_00/00139.jpg",
      "transform_matrix": [
        [
          0.849227,
          0.13092,
          -0.511539,
          4.437417
        ],
        [
          0.527865,
          -0.234495,
          0.816315,
          2.7671
        ],
        [
          -0.013081,
          -0.963261,
          -0.268248,
          1.377616
        ],
        [
          0.0,
          0.0,
          0.0,
          1.0
        ]
      ]
    },
    {
      "file_path": "/media/NFS/ttao/scannet/posed_images/scene0365_00/00142.jpg",
      "transform_matrix": [
        [
          0.861058,
          0.08815,
          -0.500808,
          4.406214
        ],
        [
          0.50718,
          -0.219975,
          0.833295,
          2.762724
        ],
        [
          -0.03671,
          -0.971515,
          -0.234119,
          1.383217
        ],
        [
          0.0,
          0.0,
          0.0,
          1.0
        ]
      ]
    },
    {
      "file_path": "/media/NFS/ttao/scannet/posed_images/scene0365_00/00147.jpg",
      "transform_matrix": [
        [
          0.878676,
          0.033768,
          -0.476222,
          4.359474
        ],
        [
          0.472463,
          -0.204838,
          0.857216,
          2.75569
        ],
        [
          -0.068602,
          -0.978213,
          -0.19594,
          1.422593
        ],
        [
          0.0,
          0.0,
          0.0,
          1.0
        ]
      ]
    },
    {
      "file_path": "/media/NFS/ttao/scannet/posed_images/scene0365_00/00154.jpg",
      "transform_matrix": [
        [
          0.882966,
          0.030537,
          -0.468442,
          4.32374
        ],
        [
          0.465651,
          -0.183432,
          0.865749,
          2.755839
        ],
        [
          -0.05949,
          -0.982558,
          -0.176184,
          1.432873
        ],
        [
          0.0,
          0.0,
          0.0,
          1.0
        ]
      ]
    },
    {
      "file_path": "/media/NFS/ttao/scannet/posed_images/scene0365_00/00157.jpg",
      "transform_matrix": [
        [
          0.885072,
          0.02547,
          -0.464756,
          4.315848
        ],
        [
          0.461201,
          -0.182648,
          0.868293,
          2.756847
        ],
        [
          -0.062771,
          -0.982848,
          -0.173404,
          1.436993
        ],
        [
          0.0,
          0.0,
          0.0,
          1.0
        ]
      ]
    },
    {
      "file_path": "/media/NFS/ttao/scannet/posed_images/scene0365_00/00163.jpg",
      "transform_matrix": [
        [
          0.891538,
          0.00054,
          -0.452946,
          4.309497
        ],
        [
          0.44188,
          -0.220733,
          0.869494,
          2.783116
        ],
        [
          -0.099511,
          -0.975334,
          -0.19703,
          1.431654
        ],
        [
          0.0,
          0.0,
          0.0,
          1.0
        ]
      ]
    },
    {
      "file_path": "/media/NFS/ttao/scannet/posed_images/scene0365_00/00168.jpg",
      "transform_matrix": [
        [
          0.906637,
          -0.005137,
          -0.42188,
          4.304165
        ],
        [
          0.409533,
          -0.229719,
          0.8829,
          2.810432
        ],
        [
          -0.10145,
          -0.973243,
          -0.206168,
          1.423348
        ],
        [
          0.0,
          0.0,
          0.0,
          1.0
        ]
      ]
    },
    {
      "file_path": "/media/NFS/ttao/scannet/posed_images/scene0365_00/00173.jpg",
      "transform_matrix": [
        [
          0.917834,
          0.000275,
          -0.396964,
          4.291419
        ],
        [
          0.388236,
          -0.209174,
          0.897507,
          2.835558
        ],
        [
          -0.082788,
          -0.977878,
          -0.192094,
          1.405431
        ],
        [
          0.0,
          0.0,
          0.0,
          1.0
        ]
      ]
    },
    {
      "file_path": "/media/NFS/ttao/scannet/posed_images/scene0365_00/00179.jpg",
      "transform_matrix": [
        [
          0.929689,
          1.1e-05,
          -0.368344,
          4.290602
        ],
        [
          0.360539,
          -0.204801,
          0.909983,
          2.895808
        ],
        [
          -0.075427,
          -0.978804,
          -0.190405,
          1.409198
        ],
        [
          0.0,
          0.0,
          0.0,
          1.0
        ]
      ]
    },
    {
      "file_path": "/media/NFS/ttao/scannet/posed_images/scene0365_00/00186.jpg",
      "transform_matrix": [
        [
          0.948374,
          0.016262,
          -0.316737,
          4.28086
        ],
        [
          0.31346,
          -0.200062,
          0.928288,
          2.960842
        ],
        [
          -0.048272,
          -0.979648,
          -0.194831,
          1.391683
        ],
        [
          0.0,
          0.0,
          0.0,
          1.0
        ]
      ]
    },
    {
      "file_path": "/media/NFS/ttao/scannet/posed_images/scene0365_00/00189.jpg",
      "transform_matrix": [
        [
          0.945245,
          0.02722,
          -0.325224,
          4.273327
        ],
        [
          0.323596,
          -0.207621,
          0.923136,
          2.990534
        ],
        [
          -0.042396,
          -0.977831,
          -0.205061,
          1.394773
        ],
        [
          0.0,
          0.0,
          0.0,
          1.0
        ]
      ]
    },
    {
      "file_path": "/media/NFS/ttao/scannet/posed_images/scene0365_00/00192.jpg",
      "transform_matrix": [
        [
          0.948419,
          0.036498,
          -0.314911,
          4.260452
        ],
        [
          0.315872,
          -0.193244,
          0.928914,
          3.019798
        ],
        [
          -0.026951,
          -0.980472,
          -0.194805,
          1.375901
        ],
        [
          0.0,
          0.0,
          0.0,
          1.0
        ]
      ]
    },
    {
      "file_path": "/media/NFS/ttao/scannet/posed_images/scene0365_00/00200.jpg",
      "transform_matrix": [
        [
          0.937726,
          0.04796,
          -0.344048,
          4.228916
        ],
        [
          0.346741,
          -0.189015,
          0.918719,
          3.093773
        ],
        [
          -0.020968,
          -0.980802,
          -0.193874,
          1.393038
        ],
        [
          0.0,
          0.0,
          0.0,
          1.0
        ]
      ]
    },
    {
      "file_path": "/media/NFS/ttao/scannet/posed_images/scene0365_00/00206.jpg",
      "transform_matrix": [
        [
          0.961976,
          0.01783,
          -0.272552,
          4.212741
        ],
        [
          0.27098,
          -0.187403,
          0.944166,
          3.133163
        ],
        [
          -0.034243,
          -0.982121,
          -0.185109,
          1.416677
        ],
        [
          0.0,
          0.0,
          0.0,
          1.0
        ]
      ]
    },
    {
      "file_path": "/media/NFS/ttao/scannet/posed_images/scene0365_00/00208.jpg",
      "transform_matrix": [
        [
          0.966422,
          0.010317,
          -0.256753,
          4.211912
        ],
        [
          0.254051,
          -0.188277,
          0.948688,
          3.145317
        ],
        [
          -0.038554,
          -0.982062,
          -0.184577,
          1.412691
        ],
        [
          0.0,
          0.0,
          0.0,
          1.0
        ]
      ]
    },
    {
      "file_path": "/media/NFS/ttao/scannet/posed_images/scene0365_00/00212.jpg",
      "transform_matrix": [
        [
          0.975477,
          0.007362,
          -0.219976,
          4.214334
        ],
        [
          0.217544,
          -0.184095,
          0.958532,
          3.177778
        ],
        [
          -0.03344,
          -0.982881,
          -0.181182,
          1.394938
        ],
        [
          0.0,
          0.0,
          0.0,
          1.0
        ]
      ]
    },
    {
      "file_path": "/media/NFS/ttao/scannet/posed_images/scene0365_00/00221.jpg",
      "transform_matrix": [
        [
          0.982494,
          0.009714,
          -0.186038,
          4.246834
        ],
        [
          0.18394,
          -0.208762,
          0.960513,
          3.258555
        ],
        [
          -0.029508,
          -0.977918,
          -0.206894,
          1.393272
        ],
        [
          0.0,
          0.0,
          0.0,
          1.0
        ]
      ]
    },
    {
      "file_path": "/media/NFS/ttao/scannet/posed_images/scene0365_00/00224.jpg",
      "transform_matrix": [
        [
          0.984324,
          0.004928,
          -0.176301,
          4.259359
        ],
        [
          0.173435,
          -0.208653,
          0.962489,
          3.280816
        ],
        [
          -0.032042,
          -0.977977,
          -0.206236,
          1.390426
        ],
        [
          0.0,
          0.0,
          0.0,
          1.0
        ]
      ]
    },
    {
      "file_path": "/media/NFS/ttao/scannet/posed_images/scene0365_00/00232.jpg",
      "transform_matrix": [
        [
          0.993252,
          -0.020806,
          -0.114092,
          4.255799
        ],
        [
          0.106919,
          -0.216797,
          0.970344,
          3.324883
        ],
        [
          -0.044923,
          -0.975995,
          -0.21311,
          1.404215
        ],
        [
          0.0,
          0.0,
          0.0,
          1.0
        ]
      ]
    },
    {
      "file_path": "/media/NFS/ttao/scannet/posed_images/scene0365_00/00234.jpg",
      "transform_matrix": [
        [
          0.994702,
          -0.016259,
          -0.10151,
          4.245892
        ],
        [
          0.09559,
          -0.217076,
          0.971463,
          3.330409
        ],
        [
          -0.03783,
          -0.976019,
          -0.214372,
          1.399804
        ],
        [
          0.0,
          0.0,
          0.0,
          1.0
        ]
      ]
    },
    {
      "file_path": "/media/NFS/ttao/scannet/posed_images/scene0365_00/00238.jpg",
      "transform_matrix": [
        [
          0.99742,
          -0.00645,
          -0.071501,
          4.221375
        ],
        [
          0.068203,
          -0.225782,
          0.971788,
          3.338135
        ],
        [
          -0.022412,
          -0.974157,
          -0.224759,
          1.405425
        ],
        [
          0.0,
          0.0,
          0.0,
          1.0
        ]
      ]
    },
    {
      "file_path": "/media/NFS/ttao/scannet/posed_images/scene0365_00/00247.jpg",
      "transform_matrix": [
        [
          0.997716,
          -0.061941,
          0.026947,
          4.140083
        ],
        [
          -0.043073,
          -0.276091,
          0.960166,
          3.347289
        ],
        [
          -0.052034,
          -0.959134,
          -0.278128,
          1.368843
        ],
        [
          0.0,
          0.0,
          0.0,
          1.0
        ]
      ]
    },
    {
      "file_path": "/media/NFS/ttao/scannet/posed_images/scene0365_00/00250.jpg",
      "transform_matrix": [
        [
          0.996106,
          -0.071278,
          0.05188,
          4.109565
        ],
        [
          -0.070197,
          -0.285266,
          0.955875,
          3.349695
        ],
        [
          -0.053333,
          -0.955794,
          -0.289158,
          1.369218
        ],
        [
          0.0,
          0.0,
          0.0,
          1.0
        ]
      ]
    },
    {
      "file_path": "/media/NFS/ttao/scannet/posed_images/scene0365_00/00255.jpg",
      "transform_matrix": [
        [
          0.991547,
          -0.08549,
          0.097602,
          4.053041
        ],
        [
          -0.119496,
          -0.308604,
          0.943655,
          3.345155
        ],
        [
          -0.050553,
          -0.947341,
          -0.316211,
          1.367512
        ],
        [
          0.0,
          0.0,
          0.0,
          1.0
        ]
      ]
    },
    {
      "file_path": "/media/NFS/ttao/scannet/posed_images/scene0365_00/00263.jpg",
      "transform_matrix": [
        [
          0.98526,
          -0.099335,
          0.139269,
          4.023181
        ],
        [
          -0.165454,
          -0.346542,
          0.923328,
          3.326279
        ],
        [
          -0.043456,
          -0.93276,
          -0.357869,
          1.350654
        ],
        [
          0.0,
          0.0,
          0.0,
          1.0
        ]
      ]
    },
    {
      "file_path": "/media/NFS/ttao/scannet/posed_images/scene0365_00/00264.jpg",
      "transform_matrix": [
        [
          0.984118,
          -0.097176,
          0.148555,
          4.021309
        ],
        [
          -0.173298,
          -0.344597,
          0.922616,
          3.323149
        ],
        [
          -0.038464,
          -0.933707,
          -0.355965,
          1.347951
        ],
        [
          0.0,
          0.0,
          0.0,
          1.0
        ]
      ]
    },
    {
      "file_path": "/media/NFS/ttao/scannet/posed_images/scene0365_00/00269.jpg",
      "transform_matrix": [
        [
          0.98025,
          -0.094102,
          0.173938,
          4.023291
        ],
        [
          -0.195943,
          -0.343167,
          0.918609,
          3.314431
        ],
        [
          -0.026753,
          -0.934549,
          -0.354828,
          1.34492
        ],
        [
          0.0,
          0.0,
          0.0,
          1.0
        ]
      ]
    },
    {
      "file_path": "/media/NFS/ttao/scannet/posed_images/scene0365_00/00278.jpg",
      "transform_matrix": [
        [
          0.975528,
          -0.102922,
          0.194301,
          4.038129
        ],
        [
          -0.219352,
          -0.394502,
          0.89233,
          3.299188
        ],
        [
          -0.015188,
          -0.913113,
          -0.407424,
          1.321629
        ],
        [
          0.0,
          0.0,
          0.0,
          1.0
        ]
      ]
    },
    {
      "file_path": "/media/NFS/ttao/scannet/posed_images/scene0365_00/00279.jpg",
      "transform_matrix": [
        [
          0.974708,
          -0.104137,
          0.197738,
          4.037333
        ],
        [
          -0.222998,
          -0.394944,
          0.89123,
          3.300004
        ],
        [
          -0.014715,
          -0.912784,
          -0.408177,
          1.320799
        ],
        [
          0.0,
          0.0,
          0.0,
          1.0
        ]
      ]
    },
    {
      "file_path": "/media/NFS/ttao/scannet/posed_images/scene0365_00/00284.jpg",
      "transform_matrix": [
        [
          0.970505,
          -0.108025,
          0.215522,
          4.042561
        ],
        [
          -0.240835,
          -0.3942,
          0.886907,
          3.304411
        ],
        [
          -0.010849,
          -0.912654,
          -0.40859,
          1.318482
        ],
        [
          0.0,
          0.0,
          0.0,
          1.0
        ]
      ]
    },
    {
      "file_path": "/media/NFS/ttao/scannet/posed_images/scene0365_00/00292.jpg",
      "transform_matrix": [
        [
          0.934065,
          -0.1193,
          0.336587,
          4.025187
        ],
        [
          -0.356391,
          -0.370977,
          0.857533,
          3.326851
        ],
        [
          0.022562,
          -0.920947,
          -0.389034,
          1.323636
        ],
        [
          0.0,
          0.0,
          0.0,
          1.0
        ]
      ]
    },
    {
      "file_path": "/media/NFS/ttao/scannet/posed_images/scene0365_00/00298.jpg",
      "transform_matrix": [
        [
          0.891074,
          -0.146641,
          0.429515,
          3.995225
        ],
        [
          -0.452764,
          -0.352869,
          0.818834,
          3.376866
        ],
        [
          0.031488,
          -0.924111,
          -0.380826,
          1.334244
        ],
        [
          0.0,
          0.0,
          0.0,
          1.0
        ]
      ]
    },
    {
      "file_path": "/media/NFS/ttao/scannet/posed_images/scene0365_00/00299.jpg",
      "transform_matrix": [
        [
          0.886194,
          -0.148373,
          0.438915,
          3.987486
        ],
        [
          -0.462003,
          -0.354243,
          0.813059,
          3.386455
        ],
        [
          0.034846,
          -0.923308,
          -0.382477,
          1.334047
        ],
        [
          0.0,
          0.0,
          0.0,
          1.0
        ]
      ]
    },
    {
      "file_path": "/media/NFS/ttao/scannet/posed_images/scene0365_00/00308.jpg",
      "transform_matrix": [
        [
          0.855374,
          -0.163576,
          0.491505,
          3.923284
        ],
        [
          -0.516752,
          -0.335552,
          0.787637,
          3.467958
        ],
        [
          0.036087,
          -0.927711,
          -0.371551,
          1.329901
        ],
        [
          0.0,
          0.0,
          0.0,
          1.0
        ]
      ]
    },
    {
      "file_path": "/media/NFS/ttao/scannet/posed_images/scene0365_00/00313.jpg",
      "transform_matrix": [
        [
          0.843294,
          -0.183694,
          0.505086,
          3.904758
        ],
        [
          -0.536994,
          -0.326812,
          0.777709,
          3.511521
        ],
        [
          0.022208,
          -0.927065,
          -0.374241,
          1.324768
        ],
        [
          0.0,
          0.0,
          0.0,
          1.0
        ]
      ]
    },
    {
      "file_path": "/media/NFS/ttao/scannet/posed_images/scene0365_00/00318.jpg",
      "transform_matrix": [
        [
          0.827091,
          -0.207241,
          0.522466,
          3.905724
        ],
        [
          -0.561895,
          -0.327907,
          0.759441,
          3.554716
        ],
        [
          0.013933,
          -0.921698,
          -0.387657,
          1.325367
        ],
        [
          0.0,
          0.0,
          0.0,
          1.0
        ]
      ]
    },
    {
      "file_path": "/media/NFS/ttao/scannet/posed_images/scene0365_00/00319.jpg",
      "transform_matrix": [
        [
          0.824756,
          -0.210685,
          0.524775,
          3.906192
        ],
        [
          -0.565344,
          -0.328123,
          0.756784,
          3.563516
        ],
        [
          0.012747,
          -0.920841,
          -0.389731,
          1.326511
        ],
        [
          0.0,
          0.0,
          0.0,
          1.0
        ]
      ]
    },
    {
      "file_path": "/media/NFS/ttao/scannet/posed_images/scene0365_00/00328.jpg",
      "transform_matrix": [
        [
          0.818581,
          -0.245791,
          0.519145,
          3.909629
        ],
        [
          -0.574213,
          -0.327691,
          0.750266,
          3.639441
        ],
        [
          -0.01429,
          -0.912253,
          -0.409378,
          1.31558
        ],
        [
          0.0,
          0.0,
          0.0,
          1.0
        ]
      ]
    },
    {
      "file_path": "/media/NFS/ttao/scannet/posed_images/scene0365_00/00330.jpg",
      "transform_matrix": [
        [
          0.812946,
          -0.252331,
          0.524832,
          3.908051
        ],
        [
          -0.582119,
          -0.327306,
          0.744318,
          3.660787
        ],
        [
          -0.016034,
          -0.910604,
          -0.412969,
          1.31767
        ],
        [
          0.0,
          0.0,
          0.0,
          1.0
        ]
      ]
    },
    {
      "file_path": "/media/NFS/ttao/scannet/posed_images/scene0365_00/00336.jpg",
      "transform_matrix": [
        [
          0.776117,
          -0.278037,
          0.565984,
          3.906019
        ],
        [
          -0.630423,
          -0.321521,
          0.706535,
          3.712579
        ],
        [
          -0.014467,
          -0.905163,
          -0.424819,
          1.332828
        ],
        [
          0.0,
          0.0,
          0.0,
          1.0
        ]
      ]
    },
    {
      "file_path": "/media/NFS/ttao/scannet/posed_images/scene0365_00/00344.jpg",
      "transform_matrix": [
        [
          0.693036,
          -0.321741,
          0.645123,
          3.897066
        ],
        [
          -0.7209,
          -0.306642,
          0.62151,
          3.756942
        ],
        [
          -0.002144,
          -0.895798,
          -0.444457,
          1.341664
        ],
        [
          0.0,
          0.0,
          0.0,
          1.0
        ]
      ]
    },
    {
      "file_path": "/media/NFS/ttao/scannet/posed_images/scene0365_00/00348.jpg",
      "transform_matrix": [
        [
          0.638197,
          -0.357429,
          0.681871,
          3.884405
        ],
        [
          -0.769703,
          -0.277633,
          0.574871,
          3.775595
        ],
        [
          -0.016166,
          -0.89172,
          -0.452299,
          1.350164
        ],
        [
          0.0,
          0.0,
          0.0,
          1.0
        ]
      ]
    },
    {
      "file_path": "/media/NFS/ttao/scannet/posed_images/scene0365_00/00354.jpg",
      "transform_matrix": [
        [
          0.556238,
          -0.406416,
          0.724862,
          3.862839
        ],
        [
          -0.829132,
          -0.212597,
          0.517052,
          3.787684
        ],
        [
          -0.056035,
          -0.88861,
          -0.455227,
          1.359529
        ],
        [
          0.0,
          0.0,
          0.0,
          1.0
        ]
      ]
    },
    {
      "file_path": "/media/NFS/ttao/scannet/posed_images/scene0365_00/00356.jpg",
      "transform_matrix": [
        [
          0.536462,
          -0.413298,
          0.735794,
          3.854671
        ],
        [
          -0.842184,
          -0.206214,
          0.498199,
          3.792363
        ],
        [
          -0.054174,
          -0.886939,
          -0.458698,
          1.362563
        ],
        [
          0.0,
          0.0,
          0.0,
          1.0
        ]
      ]
    },
    {
      "file_path": "/media/NFS/ttao/scannet/posed_images/scene0365_00/00360.jpg",
      "transform_matrix": [
        [
          0.501099,
          -0.431093,
          0.750372,
          3.840658
        ],
        [
          -0.863203,
          -0.187381,
          0.468796,
          3.79337
        ],
        [
          -0.061489,
          -0.882636,
          -0.466017,
          1.354632
        ],
        [
          0.0,
          0.0,
          0.0,
          1.0
        ]
      ]
    },
    {
      "file_path": "/media/NFS/ttao/scannet/posed_images/scene0365_00/00368.jpg",
      "transform_matrix": [
        [
          0.496351,
          -0.461403,
          0.735352,
          3.828026
        ],
        [
          -0.863561,
          -0.175703,
          0.472643,
          3.798283
        ],
        [
          -0.088875,
          -0.869618,
          -0.485659,
          1.344795
        ],
        [
          0.0,
          0.0,
          0.0,
          1.0
        ]
      ]
    },
    {
      "file_path": "/media/NFS/ttao/scannet/posed_images/scene0365_00/00371.jpg",
      "transform_matrix": [
        [
          0.484637,
          -0.465905,
          0.740311,
          3.832783
        ],
        [
          -0.870242,
          -0.171328,
          0.461872,
          3.794611
        ],
        [
          -0.088353,
          -0.86809,
          -0.488482,
          1.341968
        ],
        [
          0.0,
          0.0,
          0.0,
          1.0
        ]
      ]
    },
    {
      "file_path": "/media/NFS/ttao/scannet/posed_images/scene0365_00/00376.jpg",
      "transform_matrix": [
        [
          0.439353,
          -0.466349,
          0.76778,
          3.85013
        ],
        [
          -0.895415,
          -0.158743,
          0.415971,
          3.787673
        ],
        [
          -0.072108,
          -0.870241,
          -0.487321,
          1.355197
        ],
        [
          0.0,
          0.0,
          0.0,
          1.0
        ]
      ]
    },
    {
      "file_path": "/media/NFS/ttao/scannet/posed_images/scene0365_00/00385.jpg",
      "transform_matrix": [
        [
          0.375901,
          -0.469564,
          0.79888,
          3.880724
        ],
        [
          -0.924169,
          -0.126797,
          0.360325,
          3.737268
        ],
        [
          -0.0679,
          -0.873746,
          -0.481619,
          1.356985
        ],
        [
          0.0,
          0.0,
          0.0,
          1.0
        ]
      ]
    },
    {
      "file_path": "/media/NFS/ttao/scannet/posed_images/scene0365_00/00386.jpg",
      "transform_matrix": [
        [
          0.368604,
          -0.471841,
          0.800936,
          3.883209
        ],
        [
          -0.927044,
          -0.122902,
          0.354238,
          3.733172
        ],
        [
          -0.068707,
          -0.873076,
          -0.482719,
          1.358617
        ],
        [
          0.0,
          0.0,
          0.0,
          1.0
        ]
      ]
    },
    {
      "file_path": "/media/NFS/ttao/scannet/posed_images/scene0365_00/00391.jpg",
      "transform_matrix": [
        [
          0.34829,
          -0.47237,
          0.809667,
          3.899113
        ],
        [
          -0.934446,
          -0.106599,
          0.339774,
          3.699136
        ],
        [
          -0.074189,
          -0.87493,
          -0.478532,
          1.362406
        ],
