{
  "frames": [
    {
      "file_path": "/media/NFS/ttao/scannet/posed_images/scene0056_01/00000.jpg",
      "transform_matrix": [
        [
          0.486688,
          0.282361,
          -0.826684,
          4.557586
        ],
        [
          0.873143,
          -0.187002,
          0.450168,
          4.872987
        ],
        [
          -0.027481,
          -0.940905,
          -0.337553,
          1.590652
        ],
        [
          0.0,
          0.0,
          0.0,
          1.0
        ]
      ]
    },
    {
      "file_path": "/media/NFS/ttao/scannet/posed_images/scene0056_01/00002.jpg",
      "transform_matrix": [
        [
          0.48604,
          0.282707,
          -0.826948,
          4.571998
        ],
        [
          0.873461,
          -0.188348,
          0.448988,
          4.900397
        ],
        [
          -0.028822,
          -0.940533,
          -0.338477,
          1.599106
        ],
        [
          0.0,
          0.0,
          0.0,
          1.0
        ]
      ]
    },
    {
      "file_path": "/media/NFS/ttao/scannet/posed_images/scene0056_01/00005.jpg",
      "transform_matrix": [
        [
          0.497373,
          0.277657,
          -0.821905,
          4.569916
        ],
        [
          0.86722,
          -0.184753,
          0.462381,
          4.901262
        ],
        [
          -0.023465,
          -0.942748,
          -0.332681,
          1.606295
        ],
        [
          0.0,
          0.0,
          0.0,
          1.0
        ]
      ]
    },
    {
      "file_path": "/media/NFS/ttao/scannet/posed_images/scene0056_01/00008.jpg",
      "transform_matrix": [
        [
          0.510749,
          0.270598,
          -0.816035,
          4.564171
        ],
        [
          0.859524,
          -0.181512,
          0.477779,
          4.903052
        ],
        [
          -0.018834,
          -0.945426,
          -0.325292,
          1.616807
        ],
        [
          0.0,
          0.0,
          0.0,
          1.0
        ]
      ]
    },
    {
      "file_path": "/media/NFS/ttao/scannet/posed_images/scene0056_01/00012.jpg",
      "transform_matrix": [
        [
          0.532886,
          0.259845,
          -0.805303,
          4.556343
        ],
        [
          0.846187,
          -0.164492,
          0.506863,
          4.876814
        ],
        [
          -0.00076,
          -0.951537,
          -0.307533,
          1.625891
        ],
        [
          0.0,
          0.0,
          0.0,
          1.0
        ]
      ]
    },
    {
      "file_path": "/media/NFS/ttao/scannet/posed_images/scene0056_01/00015.jpg",
      "transform_matrix": [
        [
          0.541365,
          0.250858,
          -0.802493,
          4.556424
        ],
        [
          0.840767,
          -0.154774,
          0.518803,
          4.878724
        ],
        [
          0.005941,
          -0.955571,
          -0.294702,
          1.631079
        ],
        [
          0.0,
          0.0,
          0.0,
          1.0
        ]
      ]
    },
    {
      "file_path": "/media/NFS/ttao/scannet/posed_images/scene0056_01/00018.jpg",
      "transform_matrix": [
        [
          0.549176,
          0.234288,
          -0.802193,
          4.556547
        ],
        [
          0.835683,
          -0.146782,
          0.529234,
          4.879267
        ],
        [
          0.006246,
          -0.961022,
          -0.2764,
          1.637467
        ],
        [
          0.0,
          0.0,
          0.0,
          1.0
        ]
      ]
    },
    {
      "file_path": "/media/NFS/ttao/scannet/posed_images/scene0056_01/00021.jpg",
      "transform_matrix": [
        [
          0.554177,
          0.221817,
          -0.8023,
          4.549433
        ],
        [
          0.832328,
          -0.135068,
          0.537575,
          4.874188
        ],
        [
          0.010878,
          -0.965688,
          -0.259476,
          1.641521
        ],
        [
          0.0,
          0.0,
          0.0,
          1.0
        ]
      ]
    },
    {
      "file_path": "/media/NFS/ttao/scannet/posed_images/scene0056_01/00023.jpg",
      "transform_matrix": [
        [
          0.558271,
          0.211831,
          -0.802161,
          4.537617
        ],
        [
          0.829572,
          -0.128567,
          0.543397,
          4.869436
        ],
        [
          0.011977,
          -0.968813,
          -0.247505,
          1.64672
        ],
        [
          0.0,
          0.0,
          0.0,
          1.0
        ]
      ]
    },
    {
      "file_path": "/media/NFS/ttao/scannet/posed_images/scene0056_01/00024.jpg",
      "transform_matrix": [
        [
          0.557836,
          0.205712,
          -0.804053,
          4.540603
        ],
        [
          0.82986,
          -0.123898,
          0.544042,
          4.871192
        ],
        [
          0.012295,
          -0.970738,
          -0.239827,
          1.646276
        ],
        [
          0.0,
          0.0,
          0.0,
          1.0
        ]
      ]
    },
    {
      "file_path": "/media/NFS/ttao/scannet/posed_images/scene0056_01/00027.jpg",
      "transform_matrix": [
        [
          0.557856,
          0.191533,
          -0.807535,
          4.532042
        ],
        [
          0.829842,
          -0.113926,
          0.546245,
          4.865603
        ],
        [
          0.012625,
          -0.974852,
          -0.222496,
          1.658312
        ],
        [
          0.0,
          0.0,
          0.0,
          1.0
        ]
      ]
    },
    {
      "file_path": "/media/NFS/ttao/scannet/posed_images/scene0056_01/00030.jpg",
      "transform_matrix": [
        [
          0.554202,
          0.181265,
          -0.812406,
          4.510869
        ],
        [
          0.832286,
          -0.105838,
          0.544149,
          4.855005
        ],
        [
          0.012652,
          -0.977723,
          -0.20952,
          1.678264
        ],
        [
          0.0,
          0.0,
          0.0,
          1.0
        ]
      ]
    },
    {
      "file_path": "/media/NFS/ttao/scannet/posed_images/scene0056_01/00033.jpg",
      "transform_matrix": [
        [
          0.54231,
          0.163487,
          -0.824119,
          4.503223
        ],
        [
          0.840087,
          -0.091034,
          0.534759,
          4.846539
        ],
        [
          0.012404,
          -0.982336,
          -0.186712,
          1.665059
        ],
        [
          0.0,
          0.0,
          0.0,
          1.0
        ]
      ]
    },
    {
      "file_path": "/media/NFS/ttao/scannet/posed_images/scene0056_01/00036.jpg",
      "transform_matrix": [
        [
          0.533335,
          0.1526,
          -0.832026,
          4.48021
        ],
        [
          0.845805,
          -0.081185,
          0.527278,
          4.83361
        ],
        [
          0.012915,
          -0.984948,
          -0.172369,
          1.673497
        ],
        [
          0.0,
          0.0,
          0.0,
          1.0
        ]
      ]
    },
    {
      "file_path": "/media/NFS/ttao/scannet/posed_images/scene0056_01/00038.jpg",
      "transform_matrix": [
        [
          0.528548,
          0.135091,
          -0.838085,
          4.470922
        ],
        [
          0.848868,
          -0.075152,
          0.523235,
          4.826522
        ],
        [
          0.007701,
          -0.987979,
          -0.154395,
          1.673499
        ],
        [
          0.0,
          0.0,
          0.0,
          1.0
        ]
      ]
    },
    {
      "file_path": "/media/NFS/ttao/scannet/posed_images/scene0056_01/00041.jpg",
      "transform_matrix": [
        [
          0.51872,
          0.121731,
          -0.846234,
          4.46023
        ],
        [
          0.854942,
          -0.07615,
          0.513104,
          4.813759
        ],
        [
          -0.00198,
          -0.989638,
          -0.143573,
          1.696502
        ],
        [
          0.0,
          0.0,
          0.0,
          1.0
        ]
      ]
    },
    {
      "file_path": "/media/NFS/ttao/scannet/posed_images/scene0056_01/00044.jpg",
      "transform_matrix": [
        [
          0.503165,
          0.110686,
          -0.857073,
          4.435704
        ],
        [
          0.864158,
          -0.072992,
          0.497899,
          4.803287
        ],
        [
          -0.007449,
          -0.991171,
          -0.132377,
          1.704757
        ],
        [
          0.0,
          0.0,
          0.0,
          1.0
        ]
      ]
    },
    {
      "file_path": "/media/NFS/ttao/scannet/posed_images/scene0056_01/00048.jpg",
      "transform_matrix": [
        [
          0.471997,
          0.097029,
          -0.876244,
          4.423491
        ],
        [
          0.881487,
          -0.067877,
          0.467305,
          4.786618
        ],
        [
          -0.014135,
          -0.992964,
          -0.117567,
          1.69235
        ],
        [
          0.0,
          0.0,
          0.0,
          1.0
        ]
      ]
    },
    {
      "file_path": "/media/NFS/ttao/scannet/posed_images/scene0056_01/00050.jpg",
      "transform_matrix": [
        [
          0.464213,
          0.09527,
          -0.880585,
          4.39496
        ],
        [
          0.8855,
          -0.072244,
          0.458988,
          4.754487
        ],
        [
          -0.019889,
          -0.992826,
          -0.117899,
          1.689908
        ],
        [
          0.0,
          0.0,
          0.0,
          1.0
        ]
      ]
    },
    {
      "file_path": "/media/NFS/ttao/scannet/posed_images/scene0056_01/00052.jpg",
      "transform_matrix": [
        [
          0.445221,
          0.092444,
          -0.890636,
          4.394838
        ],
        [
          0.895054,
          -0.074421,
          0.439705,
          4.755919
        ],
        [
          -0.025634,
          -0.992933,
          -0.115876,
          1.685773
        ],
        [
          0.0,
          0.0,
          0.0,
          1.0
        ]
      ]
    },
    {
      "file_path": "/media/NFS/ttao/scannet/posed_images/scene0056_01/00055.jpg",
      "transform_matrix": [
        [
          0.413513,
          0.098206,
          -0.905187,
          4.380949
        ],
        [
          0.909991,
          -0.077755,
          0.407272,
          4.752492
        ],
        [
          -0.030387,
          -0.992124,
          -0.12152,
          1.68661
        ],
        [
          0.0,
          0.0,
          0.0,
          1.0
        ]
      ]
    },
    {
      "file_path": "/media/NFS/ttao/scannet/posed_images/scene0056_01/00059.jpg",
      "transform_matrix": [
        [
          0.366779,
          0.098544,
          -0.925074,
          4.363283
        ],
        [
          0.929472,
          -0.080964,
          0.359898,
          4.744784
        ],
        [
          -0.039432,
          -0.991834,
          -0.12129,
          1.677837
        ],
        [
          0.0,
          0.0,
          0.0,
          1.0
        ]
      ]
    },
    {
      "file_path": "/media/NFS/ttao/scannet/posed_images/scene0056_01/00060.jpg",
      "transform_matrix": [
        [
          0.355848,
          0.10168,
          -0.928996,
          4.347079
        ],
        [
          0.933758,
          -0.079429,
          0.348979,
          4.73623
        ],
        [
          -0.038305,
          -0.991641,
          -0.123209,
          1.675149
        ],
        [
          0.0,
          0.0,
          0.0,
          1.0
        ]
      ]
    },
    {
      "file_path": "/media/NFS/ttao/scannet/posed_images/scene0056_01/00064.jpg",
      "transform_matrix": [
        [
          0.29582,
          0.111137,
          -0.948757,
          4.332785
        ],
        [
          0.95429,
          -0.078747,
          0.288321,
          4.741292
        ],
        [
          -0.042668,
          -0.99068,
          -0.129352,
          1.662811
        ],
        [
          0.0,
          0.0,
          0.0,
          1.0
        ]
      ]
    },
    {
      "file_path": "/media/NFS/ttao/scannet/posed_images/scene0056_01/00067.jpg",
      "transform_matrix": [
        [
          0.247675,
          0.122808,
          -0.961028,
          4.315366
        ],
        [
          0.968169,
          -0.068372,
          0.240778,
          4.745444
        ],
        [
          -0.036138,
          -0.990072,
          -0.135833,
          1.652066
        ],
        [
          0.0,
          0.0,
          0.0,
          1.0
        ]
      ]
    },
    {
      "file_path": "/media/NFS/ttao/scannet/posed_images/scene0056_01/00069.jpg",
      "transform_matrix": [
        [
          0.21872,
          0.11925,
          -0.968474,
          4.313238
        ],
        [
          0.975258,
          -0.05943,
          0.212934,
          4.752127
        ],
        [
          -0.032164,
          -0.991084,
          -0.129298,
          1.648325
        ],
        [
          0.0,
          0.0,
          0.0,
          1.0
        ]
      ]
    },
    {
      "file_path": "/media/NFS/ttao/scannet/posed_images/scene0056_01/00073.jpg",
      "transform_matrix": [
        [
          0.139837,
          0.149856,
          -0.978769,
          4.30453
        ],
        [
          0.990042,
          -0.037328,
          0.135732,
          4.752988
        ],
        [
          -0.016195,
          -0.988003,
          -0.153583,
          1.652374
        ],
        [
          0.0,
          0.0,
          0.0,
          1.0
        ]
      ]
    },
    {
      "file_path": "/media/NFS/ttao/scannet/posed_images/scene0056_01/00074.jpg",
      "transform_matrix": [
        [
          0.122394,
          0.150963,
          -0.980933,
          4.300991
        ],
        [
          0.992353,
          -0.034512,
          0.118508,
          4.75863
        ],
        [
          -0.015963,
          -0.987937,
          -0.154033,
          1.647087
        ],
        [
          0.0,
          0.0,
          0.0,
          1.0
        ]
      ]
    },
    {
      "file_path": "/media/NFS/ttao/scannet/posed_images/scene0056_01/00079.jpg",
      "transform_matrix": [
        [
          0.059397,
          0.175059,
          -0.982765,
          4.2885
        ],
        [
          0.998189,
          -0.000981,
          0.060154,
          4.775201
        ],
        [
          0.009566,
          -0.984558,
          -0.1748,
          1.645346
        ],
        [
          0.0,
          0.0,
          0.0,
          1.0
        ]
      ]
    },
    {
      "file_path": "/media/NFS/ttao/scannet/posed_images/scene0056_01/00081.jpg",
      "transform_matrix": [
        [
          0.040583,
          0.181382,
          -0.982575,
          4.276384
        ],
        [
          0.998809,
          0.019306,
          0.044818,
          4.764139
        ],
        [
          0.027099,
          -0.983223,
          -0.180383,
          1.65318
        ],
        [
          0.0,
          0.0,
          0.0,
          1.0
        ]
      ]
    },
    {
      "file_path": "/media/NFS/ttao/scannet/posed_images/scene0056_01/00084.jpg",
      "transform_matrix": [
        [
          0.003186,
          0.179673,
          -0.983721,
          4.277987
        ],
        [
          0.999373,
          0.034112,
          0.009468,
          4.777234
        ],
        [
          0.035258,
          -0.983135,
          -0.179451,
          1.643834
        ],
        [
          0.0,
          0.0,
          0.0,
          1.0
        ]
      ]
    },
    {
      "file_path": "/media/NFS/ttao/scannet/posed_images/scene0056_01/00085.jpg",
      "transform_matrix": [
        [
          -0.010475,
          0.18059,
          -0.983503,
          4.274668
        ],
        [
          0.999458,
          0.032575,
          -0.004663,
          4.776924
        ],
        [
          0.031195,
          -0.983019,
          -0.180834,
          1.642849
        ],
        [
          0.0,
          0.0,
          0.0,
          1.0
        ]
      ]
    },
    {
      "file_path": "/media/NFS/ttao/scannet/posed_images/scene0056_01/00090.jpg",
      "transform_matrix": [
        [
          -0.155614,
          0.20636,
          -0.966023,
          4.272206
        ],
        [
          0.987723,
          0.046081,
          -0.149266,
          4.887753
        ],
        [
          0.013713,
          -0.977391,
          -0.210997,
          1.6398
        ],
        [
          0.0,
          0.0,
          0.0,
          1.0
        ]
      ]
    },
    {
      "file_path": "/media/NFS/ttao/scannet/posed_images/scene0056_01/00092.jpg",
      "transform_matrix": [
        [
          -0.183533,
          0.211128,
          -0.960073,
          4.262078
        ],
        [
          0.982984,
          0.047009,
          -0.177575,
          4.889418
        ],
        [
          0.007641,
          -0.976327,
          -0.216163,
          1.644367
        ],
        [
          0.0,
          0.0,
          0.0,
          1.0
        ]
      ]
    },
    {
      "file_path": "/media/NFS/ttao/scannet/posed_images/scene0056_01/00093.jpg",
      "transform_matrix": [
        [
          -0.194974,
          0.210159,
          -0.958028,
          4.258597
        ],
        [
          0.980798,
          0.046326,
          -0.189445,
          4.886405
        ],
        [
          0.004568,
          -0.976569,
          -0.215156,
          1.636574
        ],
        [
          0.0,
          0.0,
          0.0,
          1.0
        ]
      ]
    },
    {
      "file_path": "/media/NFS/ttao/scannet/posed_images/scene0056_01/00098.jpg",
      "transform_matrix": [
        [
          -0.264144,
          0.214481,
          -0.940333,
          4.229681
        ],
        [
          0.964206,
          0.035333,
          -0.262791,
          4.887722
        ],
        [
          -0.023138,
          -0.976089,
          -0.216137,
          1.624536
        ],
        [
          0.0,
          0.0,
          0.0,
          1.0
        ]
      ]
    },
    {
      "file_path": "/media/NFS/ttao/scannet/posed_images/scene0056_01/00101.jpg",
      "transform_matrix": [
        [
          -0.29098,
          0.205321,
          -0.934438,
          4.203416
        ],
        [
          0.956415,
          0.037406,
          -0.289605,
          4.872731
        ],
        [
          -0.024508,
          -0.97798,
          -0.207256,
          1.622023
        ],
        [
          0.0,
          0.0,
          0.0,
          1.0
        ]
      ]
    },
    {
      "file_path": "/media/NFS/ttao/scannet/posed_images/scene0056_01/00102.jpg",
      "transform_matrix": [
        [
          -0.296158,
          0.203,
          -0.933317,
          4.200888
        ],
        [
          0.954819,
          0.037632,
          -0.294796,
          4.863244
        ],
        [
          -0.024721,
          -0.978455,
          -0.204974,
          1.616077
        ],
        [
          0.0,
          0.0,
          0.0,
          1.0
        ]
      ]
    },
    {
      "file_path": "/media/NFS/ttao/scannet/posed_images/scene0056_01/00106.jpg",
      "transform_matrix": [
        [
          -0.334497,
          0.208417,
          -0.919061,
          4.156544
        ],
        [
          0.94228,
          0.05862,
          -0.329654,
          4.862165
        ],
        [
          -0.01483,
          -0.976282,
          -0.215996,
          1.605378
        ],
        [
          0.0,
          0.0,
          0.0,
          1.0
        ]
      ]
    },
    {
      "file_path": "/media/NFS/ttao/scannet/posed_images/scene0056_01/00107.jpg",
      "transform_matrix": [
        [
          -0.342257,
          0.207961,
          -0.916304,
          4.145444
        ],
        [
          0.939538,
          0.063926,
          -0.336426,
          4.859595
        ],
        [
          -0.011388,
          -0.976046,
          -0.217266,
          1.603482
        ],
        [
          0.0,
          0.0,
          0.0,
          1.0
        ]
      ]
    },
    {
      "file_path": "/media/NFS/ttao/scannet/posed_images/scene0056_01/00111.jpg",
      "transform_matrix": [
        [
          -0.375138,
          0.214247,
          -0.90187,
          4.101451
        ],
        [
          0.926968,
          0.087968,
          -0.36468,
          4.830945
        ],
        [
          0.001204,
          -0.97281,
          -0.2316,
          1.594409
        ],
        [
          0.0,
          0.0,
          0.0,
          1.0
        ]
      ]
    },
    {
      "file_path": "/media/NFS/ttao/scannet/posed_images/scene0056_01/00113.jpg",
      "transform_matrix": [
        [
          -0.397724,
          0.211537,
          -0.892786,
          4.080428
        ],
        [
          0.917486,
          0.097894,
          -0.385533,
          4.82022
        ],
        [
          0.005844,
          -0.972455,
          -0.233017,
          1.586263
        ],
        [
          0.0,
          0.0,
          0.0,
          1.0
        ]
      ]
    },
    {
      "file_path": "/media/NFS/ttao/scannet/posed_images/scene0056_01/00115.jpg",
      "transform_matrix": [
        [
          -0.416958,
          0.211447,
          -0.883989,
          4.060333
        ],
        [
          0.908818,
          0.111972,
          -0.401885,
          4.802472
        ],
        [
          0.014005,
          -0.970954,
          -0.238854,
          1.57921
        ],
        [
          0.0,
          0.0,
          0.0,
          1.0
        ]
      ]
    },
    {
      "file_path": "/media/NFS/ttao/scannet/posed_images/scene0056_01/00118.jpg",
      "transform_matrix": [
        [
          -0.447258,
          0.212397,
          -0.86882,
          4.032789
        ],
        [
          0.894199,
          0.127006,
          -0.429275,
          4.777496
        ],
        [
          0.019168,
          -0.968895,
          -0.24673,
          1.572997
        ],
        [
          0.0,
          0.0,
          0.0,
          1.0
        ]
      ]
    },
    {
      "file_path": "/media/NFS/ttao/scannet/posed_images/scene0056_01/00123.jpg",
      "transform_matrix": [
        [
          -0.511788,
          0.211416,
          -0.832692,
          3.994269
        ],
        [
          0.85898,
          0.142875,
          -0.49167,
          4.742743
        ],
        [
          0.015024,
          -0.966897,
          -0.254724,
          1.565433
        ],
        [
          0.0,
          0.0,
          0.0,
          1.0
        ]
      ]
    },
    {
      "file_path": "/media/NFS/ttao/scannet/posed_images/scene0056_01/00124.jpg",
      "transform_matrix": [
        [
          -0.522153,
          0.211315,
          -0.826258,
          3.992545
        ],
        [
          0.852775,
          0.142313,
          -0.502515,
          4.73471
        ],
        [
          0.011398,
          -0.967002,
          -0.254513,
          1.565304
        ],
        [
          0.0,
          0.0,
          0.0,
          1.0
        ]
      ]
    },
    {
      "file_path": "/media/NFS/ttao/scannet/posed_images/scene0056_01/00128.jpg",
      "transform_matrix": [
        [
          -0.567345,
          0.213174,
          -0.79541,
          3.970769
        ],
        [
          0.82347,
          0.141925,
          -0.549322,
          4.717123
        ],
        [
          -0.004212,
          -0.966651,
          -0.256063,
          1.555901
        ],
        [
          0.0,
          0.0,
          0.0,
          1.0
        ]
      ]
    },
    {
      "file_path": "/media/NFS/ttao/scannet/posed_images/scene0056_01/00130.jpg",
      "transform_matrix": [
        [
          -0.595426,
          0.213797,
          -0.774441,
          3.951744
        ],
        [
          0.80335,
          0.14661,
          -0.577178,
          4.719914
        ],
        [
          -0.009858,
          -0.965814,
          -0.25905,
          1.561343
        ],
        [
          0.0,
          0.0,
          0.0,
          1.0
        ]
      ]
    },
    {
      "file_path": "/media/NFS/ttao/scannet/posed_images/scene0056_01/00134.jpg",
      "transform_matrix": [
        [
          -0.637863,
          0.21722,
          -0.738881,
          3.934669
        ],
        [
          0.769776,
          0.149965,
          -0.620447,
          4.70549
        ],
        [
          -0.023967,
          -0.964534,
          -0.262868,
          1.55854
        ],
        [
          0.0,
          0.0,
          0.0,
          1.0
        ]
      ]
    },
    {
      "file_path": "/media/NFS/ttao/scannet/posed_images/scene0056_01/00137.jpg",
      "transform_matrix": [
        [
          -0.675145,
          0.209964,
          -0.707173,
          3.924483
        ],
        [
          0.73719,
          0.156931,
          -0.657208,
          4.701191
        ],
        [
          -0.027013,
          -0.965033,
          -0.260735,
          1.554621
        ],
        [
          0.0,
          0.0,
          0.0,
          1.0
        ]
      ]
    },
    {
      "file_path": "/media/NFS/ttao/scannet/posed_images/scene0056_01/00139.jpg",
      "transform_matrix": [
        [
          -0.699866,
          0.206082,
          -0.683899,
          3.912379
        ],
        [
          0.713784,
          0.166306,
          -0.680334,
          4.701731
        ],
        [
          -0.026468,
          -0.964299,
          -0.263489,
          1.55081
        ],
        [
          0.0,
          0.0,
          0.0,
          1.0
        ]
      ]
    },
    {
      "file_path": "/media/NFS/ttao/scannet/posed_images/scene0056_01/00142.jpg",
      "transform_matrix": [
        [
          -0.737325,
          0.192485,
          -0.647535,
          3.896837
        ],
        [
          0.675301,
          0.184617,
          -0.714063,
          4.717801
        ],
        [
          -0.0179,
          -0.963777,
          -0.266108,
          1.553792
        ],
        [
          0.0,
          0.0,
          0.0,
          1.0
        ]
      ]
    },
    {
      "file_path": "/media/NFS/ttao/scannet/posed_images/scene0056_01/00144.jpg",
      "transform_matrix": [
        [
          -0.753808,
          0.17927,
          -0.632168,
          3.884682
        ],
        [
          0.657071,
          0.197338,
          -0.727541,
          4.725942
        ],
        [
          -0.005675,
          -0.963805,
          -0.266548,
          1.551909
        ],
        [
          0.0,
          0.0,
          0.0,
          1.0
        ]
      ]
    },
    {
      "file_path": "/media/NFS/ttao/scannet/posed_images/scene0056_01/00148.jpg",
      "transform_matrix": [
        [
          -0.789633,
          0.178984,
          -0.586894,
          3.864807
        ],
        [
          0.613552,
          0.221174,
          -0.758048,
          4.742297
        ],
        [
          -0.005873,
          -0.958669,
          -0.284462,
          1.546053
        ],
        [
          0.0,
          0.0,
          0.0,
          1.0
        ]
      ]
    },
    {
      "file_path": "/media/NFS/ttao/scannet/posed_images/scene0056_01/00150.jpg",
      "transform_matrix": [
        [
          -0.807748,
          0.164289,
          -0.566174,
          3.850103
        ],
        [
          0.589527,
          0.227353,
          -0.775093,
          4.758259
        ],
        [
          0.001382,
          -0.959854,
          -0.280497,
          1.549152
        ],
        [
          0.0,
          0.0,
          0.0,
          1.0
        ]
      ]
    },
    {
      "file_path": "/media/NFS/ttao/scannet/posed_images/scene0056_01/00151.jpg",
      "transform_matrix": [
        [
          -0.814593,
          0.158881,
          -0.55785,
          3.849646
        ],
        [
          0.580025,
          0.228573,
          -0.781874,
          4.765102
        ],
        [
          0.003284,
          -0.960474,
          -0.278349,
          1.547351
        ],
        [
          0.0,
          0.0,
          0.0,
          1.0
        ]
      ]
    },
    {
      "file_path": "/media/NFS/ttao/scannet/posed_images/scene0056_01/00154.jpg",
      "transform_matrix": [
        [
          -0.838274,
          0.155144,
          -0.522712,
          3.833999
        ],
        [
          0.545248,
          0.240886,
          -0.802919,
          4.78061
        ],
        [
          0.001346,
          -0.958073,
          -0.286521,
          1.543127
        ],
        [
          0.0,
          0.0,
          0.0,
          1.0
        ]
      ]
    },
    {
      "file_path": "/media/NFS/ttao/scannet/posed_images/scene0056_01/00159.jpg",
      "transform_matrix": [
        [
          -0.87151,
          0.126251,
          -0.473848,
          3.807197
        ],
        [
          0.489852,
          0.268887,
          -0.829304,
          4.81053
        ],
        [
          0.022711,
          -0.954862,
          -0.296182,
          1.53739
        ],
        [
          0.0,
          0.0,
          0.0,
          1.0
        ]
      ]
    },
    {
      "file_path": "/media/NFS/ttao/scannet/posed_images/scene0056_01/00161.jpg",
      "transform_matrix": [
        [
          -0.884224,
          0.123436,
          -0.450459,
          3.791685
        ],
        [
          0.466619,
          0.275596,
          -0.840425,
          4.818728
        ],
        [
          0.020406,
          -0.953316,
          -0.301286,
          1.53897
        ],
        [
          0.0,
          0.0,
          0.0,
          1.0
        ]
      ]
    },
    {
      "file_path": "/media/NFS/ttao/scannet/posed_images/scene0056_01/00164.jpg",
      "transform_matrix": [
        [
          -0.89949,
          0.115321,
          -0.42145,
          3.775377
        ],
        [
          0.436574,
          0.276784,
          -0.856034,
          4.82903
        ],
        [
          0.017932,
          -0.953987,
          -0.299311,
          1.538005
        ],
        [
          0.0,
          0.0,
          0.0,
          1.0
        ]
      ]
    },
    {
      "file_path": "/media/NFS/ttao/scannet/posed_images/scene0056_01/00167.jpg",
      "transform_matrix": [
        [
          -0.913756,
          0.11607,
          -0.38933,
          3.747779
        ],
        [
          0.406129,
          0.285596,
          -0.868041,
          4.838024
        ],
        [
          0.010438,
          -0.951295,
          -0.308105,
          1.533585
        ],
        [
          0.0,
          0.0,
          0.0,
          1.0
        ]
      ]
    },
    {
      "file_path": "/media/NFS/ttao/scannet/posed_images/scene0056_01/00169.jpg",
      "transform_matrix": [
        [
          -0.91929,
          0.117662,
          -0.375581,
          3.73446
        ],
        [
          0.393531,
          0.289985,
          -0.872378,
          4.835044
        ],
        [
          0.006267,
          -0.949771,
          -0.312883,
          1.534381
        ],
        [
          0.0,
          0.0,
          0.0,
          1.0
        ]
      ]
    },
    {
      "file_path": "/media/NFS/ttao/scannet/posed_images/scene0056_01/00172.jpg",
      "transform_matrix": [
        [
          -0.929016,
          0.125191,
          -0.348218,
          3.708746
        ],
        [
          0.36993,
          0.291345,
          -0.882196,
          4.831138
        ],
        [
          -0.008991,
          -0.948391,
          -0.316976,
          1.531255
        ],
        [
          0.0,
          0.0,
          0.0,
          1.0
        ]
      ]
    },
    {
      "file_path": "/media/NFS/ttao/scannet/posed_images/scene0056_01/00174.jpg",
      "transform_matrix": [
        [
          -0.936701,
          0.119424,
          -0.329133,
          3.68474
        ],
        [
          0.34999,
          0.292804,
          -0.889816,
          4.829881
        ],
        [
          -0.009894,
          -0.948685,
          -0.316067,
          1.52847
        ],
        [
          0.0,
          0.0,
          0.0,
          1.0
        ]
      ]
    },
    {
      "file_path": "/media/NFS/ttao/scannet/posed_images/scene0056_01/00178.jpg",
      "transform_matrix": [
        [
          -0.944133,
          0.091237,
          -0.316684,
          3.64012
        ],
        [
          0.329254,
          0.302835,
          -0.894362,
          4.816748
        ],
        [
          0.014304,
          -0.948666,
          -0.315956,
          1.519434
        ],
        [
          0.0,
          0.0,
          0.0,
          1.0
        ]
      ]
    },
    {
      "file_path": "/media/NFS/ttao/scannet/posed_images/scene0056_01/00181.jpg",
      "transform_matrix": [
        [
          -0.954888,
          0.082792,
          -0.285192,
          3.614412
        ],
        [
          0.296516,
          0.318684,
          -0.900288,
          4.806066
        ],
        [
          0.016349,
          -0.944239,
          -0.328857,
          1.513125
        ],
        [
          0.0,
          0.0,
          0.0,
          1.0
        ]
      ]
    },
    {
      "file_path": "/media/NFS/ttao/scannet/posed_images/scene0056_01/00183.jpg",
      "transform_matrix": [
        [
          -0.960073,
          0.058383,
          -0.27359,
          3.599211
        ],
        [
          0.277578,
          0.320445,
          -0.905685,
          4.799807
        ],
        [
          0.034794,
          -0.945466,
          -0.323857,
          1.510645
        ],
        [
          0.0,
          0.0,
          0.0,
          1.0
        ]
      ]
    },
    {
      "file_path": "/media/NFS/ttao/scannet/posed_images/scene0056_01/00184.jpg",
      "transform_matrix": [
        [
          -0.962934,
          0.049577,
          -0.265144,
          3.591288
        ],
        [
          0.266647,
          0.32335,
          -0.907934,
          4.80073
        ],
        [
          0.040722,
          -0.94498,
          -0.324584,
          1.502346
        ],
        [
          0.0,
          0.0,
          0.0,
          1.0
        ]
      ]
    },
    {
      "file_path": "/media/NFS/ttao/scannet/posed_images/scene0056_01/00189.jpg",
      "transform_matrix": [
        [
          -0.978516,
          0.028612,
          -0.204178,
          3.555583
        ],
        [
          0.201533,
          0.341673,
          -0.917957,
          4.791881
        ],
        [
          0.043498,
          -0.939383,
          -0.340098,
          1.503158
        ],
        [
          0.0,
          0.0,
          0.0,
          1.0
        ]
      ]
    },
    {
      "file_path": "/media/NFS/ttao/scannet/posed_images/scene0056_01/00190.jpg",
      "transform_matrix": [
        [
          -0.97999,
          0.03021,
          -0.196741,
          3.553247
        ],
        [
          0.195026,
          0.343383,
          -0.918723,
          4.791206
        ],
        [
          0.039803,
          -0.93871,
          -0.342404,
          1.506751
        ],
        [
          0.0,
          0.0,
          0.0,
          1.0
        ]
      ]
    },
    {
      "file_path": "/media/NFS/ttao/scannet/posed_images/scene0056_01/00193.jpg",
      "transform_matrix": [
        [
          -0.986319,
          0.027472,
          -0.162543,
          3.540683
        ],
        [
          0.162103,
          0.340845,
          -0.926038,
          4.794409
        ],
        [
          0.029962,
          -0.939718,
          -0.340635,
          1.503047
        ],
        [
          0.0,
          0.0,
          0.0,
          1.0
        ]
      ]
    },
    {
      "file_path": "/media/NFS/ttao/scannet/posed_images/scene0056_01/00197.jpg",
      "transform_matrix": [
        [
          -0.992877,
          0.021156,
          -0.117253,
          3.51303
        ],
        [
          0.117145,
          0.352923,
          -0.92829,
          4.805491
        ],
        [
          0.021742,
          -0.935413,
          -0.352887,
          1.498865
        ],
        [
          0.0,
          0.0,
          0.0,
          1.0
        ]
      ]
    },
    {
      "file_path": "/media/NFS/ttao/scannet/posed_images/scene0056_01/00198.jpg",
      "transform_matrix": [
        [
          -0.993899,
          0.017445,
          -0.108903,
          3.508695
        ],
        [
          0.108119,
          0.349106,
          -0.930825,
          4.810072
        ],
        [
          0.02178,
          -0.936921,
          -0.348863,
          1.497922
        ],
        [
          0.0,
          0.0,
          0.0,
          1.0
        ]
      ]
    },
    {
      "file_path": "/media/NFS/ttao/scannet/posed_images/scene0056_01/00202.jpg",
      "transform_matrix": [
        [
          -0.997971,
          0.011257,
          -0.062673,
          3.483047
        ],
        [
          0.062662,
          0.348604,
          -0.935173,
          4.835342
        ],
        [
          0.01132,
          -0.937203,
          -0.348602,
          1.495208
        ],
        [
          0.0,
          0.0,
          0.0,
          1.0
        ]
      ]
    },
    {
      "file_path": "/media/NFS/ttao/scannet/posed_images/scene0056_01/00204.jpg",
      "transform_matrix": [
        [
          -0.999054,
          0.002111,
          -0.043425,
          3.469528
        ],
        [
          0.04146,
          0.346915,
          -0.93698,
          4.851874
        ],
        [
          0.013087,
          -0.937894,
          -0.346675,
          1.488704
        ],
        [
          0.0,
          0.0,
          0.0,
          1.0
        ]
      ]
    },
    {
      "file_path": "/media/NFS/ttao/scannet/posed_images/scene0056_01/00207.jpg",
      "transform_matrix": [
        [
          -0.999618,
          -0.020685,
          -0.018301,
          3.451223
        ],
        [
          0.009796,
          0.353998,
          -0.935195,
          4.873151
        ],
        [
          0.025823,
          -0.935018,
          -0.35366,
          1.487782
        ],
        [
          0.0,
          0.0,
          0.0,
          1.0
        ]
      ]
    },
    {
      "file_path": "/media/NFS/ttao/scannet/posed_images/scene0056_01/00211.jpg",
      "transform_matrix": [
        [
          -0.998649,
          -0.047832,
          0.020327,
          3.432246
        ],
        [
          -0.036074,
          0.356404,
          -0.933635,
          4.898692
        ],
        [
          0.037413,
          -0.933107,
          -0.357648,
          1.483018
        ],
        [
          0.0,
          0.0,
          0.0,
          1.0
        ]
      ]
    },
    {
      "file_path": "/media/NFS/ttao/scannet/posed_images/scene0056_01/00214.jpg",
      "transform_matrix": [
        [
          -0.996485,
          -0.06528,
          0.052501,
          3.43176
        ],
        [
          -0.072275,
          0.353071,
          -0.932801,
          4.916277
        ],
        [
          0.042356,
          -0.933316,
          -0.356548,
          1.481042
        ],
        [
