{
  "frames": [
    {
      "file_path": "/media/NFS/ttao/scannet/posed_images/scene0192_00/00000.jpg",
      "transform_matrix": [
        [
          -0.711391,
          -0.463973,
          0.527875,
          2.53321
        ],
        [
          -0.700286,
          0.531398,
          -0.476672,
          4.394931
        ],
        [
          -0.059349,
          -0.708763,
          -0.702945,
          1.530427
        ],
        [
          0.0,
          0.0,
          0.0,
          1.0
        ]
      ]
    },
    {
      "file_path": "/media/NFS/ttao/scannet/posed_images/scene0192_00/00003.jpg",
      "transform_matrix": [
        [
          -0.711906,
          -0.467075,
          0.524433,
          2.530244
        ],
        [
          -0.700166,
          0.529878,
          -0.478536,
          4.39346
        ],
        [
          -0.054374,
          -0.707863,
          -0.704254,
          1.526741
        ],
        [
          0.0,
          0.0,
          0.0,
          1.0
        ]
      ]
    },
    {
      "file_path": "/media/NFS/ttao/scannet/posed_images/scene0192_00/00006.jpg",
      "transform_matrix": [
        [
          -0.711743,
          -0.468248,
          0.523608,
          2.532814
        ],
        [
          -0.700387,
          0.530011,
          -0.478065,
          4.392231
        ],
        [
          -0.053665,
          -0.706988,
          -0.705186,
          1.525863
        ],
        [
          0.0,
          0.0,
          0.0,
          1.0
        ]
      ]
    },
    {
      "file_path": "/media/NFS/ttao/scannet/posed_images/scene0192_00/00009.jpg",
      "transform_matrix": [
        [
          -0.710832,
          -0.469663,
          0.523579,
          2.532494
        ],
        [
          -0.701381,
          0.52914,
          -0.477573,
          4.391185
        ],
        [
          -0.052748,
          -0.706702,
          -0.705542,
          1.524071
        ],
        [
          0.0,
          0.0,
          0.0,
          1.0
        ]
      ]
    },
    {
      "file_path": "/media/NFS/ttao/scannet/posed_images/scene0192_00/00012.jpg",
      "transform_matrix": [
        [
          -0.71182,
          -0.471012,
          0.521018,
          2.537681
        ],
        [
          -0.700372,
          0.531799,
          -0.476097,
          4.391904
        ],
        [
          -0.052829,
          -0.703802,
          -0.708429,
          1.522647
        ],
        [
          0.0,
          0.0,
          0.0,
          1.0
        ]
      ]
    },
    {
      "file_path": "/media/NFS/ttao/scannet/posed_images/scene0192_00/00015.jpg",
      "transform_matrix": [
        [
          -0.710758,
          -0.476293,
          0.517656,
          2.539772
        ],
        [
          -0.701542,
          0.533922,
          -0.47198,
          4.390481
        ],
        [
          -0.051587,
          -0.698621,
          -0.71363,
          1.519837
        ],
        [
          0.0,
          0.0,
          0.0,
          1.0
        ]
      ]
    },
    {
      "file_path": "/media/NFS/ttao/scannet/posed_images/scene0192_00/00020.jpg",
      "transform_matrix": [
        [
          -0.703019,
          -0.487765,
          0.517542,
          2.557817
        ],
        [
          -0.709139,
          0.535772,
          -0.458335,
          4.390578
        ],
        [
          -0.053724,
          -0.689227,
          -0.722551,
          1.517623
        ],
        [
          0.0,
          0.0,
          0.0,
          1.0
        ]
      ]
    },
    {
      "file_path": "/media/NFS/ttao/scannet/posed_images/scene0192_00/00021.jpg",
      "transform_matrix": [
        [
          -0.699815,
          -0.488206,
          0.521454,
          2.556866
        ],
        [
          -0.712142,
          0.533851,
          -0.455914,
          4.390128
        ],
        [
          -0.055799,
          -0.690404,
          -0.721269,
          1.514466
        ],
        [
          0.0,
          0.0,
          0.0,
          1.0
        ]
      ]
    },
    {
      "file_path": "/media/NFS/ttao/scannet/posed_images/scene0192_00/00027.jpg",
      "transform_matrix": [
        [
          -0.703287,
          -0.474401,
          0.529463,
          2.587228
        ],
        [
          -0.707533,
          0.539557,
          -0.456372,
          4.375997
        ],
        [
          -0.069172,
          -0.695573,
          -0.715118,
          1.522205
        ],
        [
          0.0,
          0.0,
          0.0,
          1.0
        ]
      ]
    },
    {
      "file_path": "/media/NFS/ttao/scannet/posed_images/scene0192_00/00028.jpg",
      "transform_matrix": [
        [
          -0.706541,
          -0.472267,
          0.527033,
          2.594568
        ],
        [
          -0.704515,
          0.539685,
          -0.460868,
          4.376389
        ],
        [
          -0.066778,
          -0.696925,
          -0.714028,
          1.522546
        ],
        [
          0.0,
          0.0,
          0.0,
          1.0
        ]
      ]
    },
    {
      "file_path": "/media/NFS/ttao/scannet/posed_images/scene0192_00/00033.jpg",
      "transform_matrix": [
        [
          -0.72498,
          -0.451775,
          0.519907,
          2.63834
        ],
        [
          -0.686313,
          0.537534,
          -0.489931,
          4.369367
        ],
        [
          -0.058128,
          -0.712009,
          -0.69976,
          1.537598
        ],
        [
          0.0,
          0.0,
          0.0,
          1.0
        ]
      ]
    },
    {
      "file_path": "/media/NFS/ttao/scannet/posed_images/scene0192_00/00034.jpg",
      "transform_matrix": [
        [
          -0.729651,
          -0.444878,
          0.51932,
          2.64849
        ],
        [
          -0.681265,
          0.538514,
          -0.495865,
          4.369457
        ],
        [
          -0.059062,
          -0.715602,
          -0.696007,
          1.541175
        ],
        [
          0.0,
          0.0,
          0.0,
          1.0
        ]
      ]
    },
    {
      "file_path": "/media/NFS/ttao/scannet/posed_images/scene0192_00/00039.jpg",
      "transform_matrix": [
        [
          -0.758889,
          -0.402199,
          0.512175,
          2.701068
        ],
        [
          -0.648335,
          0.540574,
          -0.536136,
          4.369803
        ],
        [
          -0.061235,
          -0.738928,
          -0.670996,
          1.567179
        ],
        [
          0.0,
          0.0,
          0.0,
          1.0
        ]
      ]
    },
    {
      "file_path": "/media/NFS/ttao/scannet/posed_images/scene0192_00/00040.jpg",
      "transform_matrix": [
        [
          -0.76271,
          -0.394062,
          0.512824,
          2.705884
        ],
        [
          -0.643418,
          0.542612,
          -0.539987,
          4.364049
        ],
        [
          -0.065476,
          -0.741813,
          -0.667402,
          1.575501
        ],
        [
          0.0,
          0.0,
          0.0,
          1.0
        ]
      ]
    },
    {
      "file_path": "/media/NFS/ttao/scannet/posed_images/scene0192_00/00044.jpg",
      "transform_matrix": [
        [
          -0.77637,
          -0.368025,
          0.511671,
          2.7377
        ],
        [
          -0.626898,
          0.534856,
          -0.566505,
          4.368375
        ],
        [
          -0.065183,
          -0.760583,
          -0.64596,
          1.594958
        ],
        [
          0.0,
          0.0,
          0.0,
          1.0
        ]
      ]
    },
    {
      "file_path": "/media/NFS/ttao/scannet/posed_images/scene0192_00/00048.jpg",
      "transform_matrix": [
        [
          -0.7875,
          -0.351341,
          0.506363,
          2.770058
        ],
        [
          -0.613566,
          0.524441,
          -0.590338,
          4.370931
        ],
        [
          -0.058147,
          -0.775578,
          -0.628568,
          1.614975
        ],
        [
          0.0,
          0.0,
          0.0,
          1.0
        ]
      ]
    },
    {
      "file_path": "/media/NFS/ttao/scannet/posed_images/scene0192_00/00050.jpg",
      "transform_matrix": [
        [
          -0.791229,
          -0.346141,
          0.504125,
          2.776227
        ],
        [
          -0.609209,
          0.517763,
          -0.600654,
          4.370005
        ],
        [
          -0.053107,
          -0.782373,
          -0.620542,
          1.621481
        ],
        [
          0.0,
          0.0,
          0.0,
          1.0
        ]
      ]
    },
    {
      "file_path": "/media/NFS/ttao/scannet/posed_images/scene0192_00/00055.jpg",
      "transform_matrix": [
        [
          -0.805397,
          -0.31846,
          0.499918,
          2.800574
        ],
        [
          -0.590752,
          0.500211,
          -0.633089,
          4.375639
        ],
        [
          -0.048451,
          -0.805216,
          -0.590999,
          1.646894
        ],
        [
          0.0,
          0.0,
          0.0,
          1.0
        ]
      ]
    },
    {
      "file_path": "/media/NFS/ttao/scannet/posed_images/scene0192_00/00057.jpg",
      "transform_matrix": [
        [
          -0.812804,
          -0.302711,
          0.49771,
          2.807615
        ],
        [
          -0.580197,
          0.497172,
          -0.645128,
          4.377404
        ],
        [
          -0.052161,
          -0.813133,
          -0.579736,
          1.654605
        ],
        [
          0.0,
          0.0,
          0.0,
          1.0
        ]
      ]
    },
    {
      "file_path": "/media/NFS/ttao/scannet/posed_images/scene0192_00/00059.jpg",
      "transform_matrix": [
        [
          -0.819076,
          -0.286234,
          0.497177,
          2.810368
        ],
        [
          -0.5708,
          0.493421,
          -0.656295,
          4.378957
        ],
        [
          -0.057463,
          -0.821344,
          -0.567532,
          1.663046
        ],
        [
          0.0,
          0.0,
          0.0,
          1.0
        ]
      ]
    },
    {
      "file_path": "/media/NFS/ttao/scannet/posed_images/scene0192_00/00063.jpg",
      "transform_matrix": [
        [
          -0.835559,
          -0.259183,
          0.484422,
          2.810346
        ],
        [
          -0.546528,
          0.48217,
          -0.684704,
          4.38435
        ],
        [
          -0.05611,
          -0.836861,
          -0.544533,
          1.668632
        ],
        [
          0.0,
          0.0,
          0.0,
          1.0
        ]
      ]
    },
    {
      "file_path": "/media/NFS/ttao/scannet/posed_images/scene0192_00/00066.jpg",
      "transform_matrix": [
        [
          -0.851321,
          -0.24039,
          0.466332,
          2.803303
        ],
        [
          -0.521935,
          0.478299,
          -0.706268,
          4.383924
        ],
        [
          -0.053267,
          -0.844655,
          -0.532654,
          1.674761
        ],
        [
          0.0,
          0.0,
          0.0,
          1.0
        ]
      ]
    },
    {
      "file_path": "/media/NFS/ttao/scannet/posed_images/scene0192_00/00068.jpg",
      "transform_matrix": [
        [
          -0.864263,
          -0.230013,
          0.447374,
          2.803937
        ],
        [
          -0.500683,
          0.479329,
          -0.720806,
          4.384605
        ],
        [
          -0.048644,
          -0.846958,
          -0.529429,
          1.679353
        ],
        [
          0.0,
          0.0,
          0.0,
          1.0
        ]
      ]
    },
    {
      "file_path": "/media/NFS/ttao/scannet/posed_images/scene0192_00/00073.jpg",
      "transform_matrix": [
        [
          -0.895593,
          -0.205073,
          0.394789,
          2.789031
        ],
        [
          -0.443757,
          0.474653,
          -0.760121,
          4.38307
        ],
        [
          -0.031507,
          -0.85595,
          -0.516098,
          1.689249
        ],
        [
          0.0,
          0.0,
          0.0,
          1.0
        ]
      ]
    },
    {
      "file_path": "/media/NFS/ttao/scannet/posed_images/scene0192_00/00074.jpg",
      "transform_matrix": [
        [
          -0.90174,
          -0.199508,
          0.383485,
          2.782505
        ],
        [
          -0.431365,
          0.472916,
          -0.768293,
          4.38526
        ],
        [
          -0.028076,
          -0.858223,
          -0.512509,
          1.690139
        ],
        [
          0.0,
          0.0,
          0.0,
          1.0
        ]
      ]
    },
    {
      "file_path": "/media/NFS/ttao/scannet/posed_images/scene0192_00/00078.jpg",
      "transform_matrix": [
        [
          -0.926932,
          -0.176458,
          0.331148,
          2.780239
        ],
        [
          -0.374965,
          0.46867,
          -0.799844,
          4.386604
        ],
        [
          -0.014061,
          -0.86557,
          -0.500591,
          1.702529
        ],
        [
          0.0,
          0.0,
          0.0,
          1.0
        ]
      ]
    },
    {
      "file_path": "/media/NFS/ttao/scannet/posed_images/scene0192_00/00083.jpg",
      "transform_matrix": [
        [
          -0.944236,
          -0.13503,
          0.300309,
          2.744518
        ],
        [
          -0.328865,
          0.43195,
          -0.839801,
          4.399095
        ],
        [
          -0.01632,
          -0.891732,
          -0.45227,
          1.716052
        ],
        [
          0.0,
          0.0,
          0.0,
          1.0
        ]
      ]
    },
    {
      "file_path": "/media/NFS/ttao/scannet/posed_images/scene0192_00/00086.jpg",
      "transform_matrix": [
        [
          -0.951579,
          -0.120168,
          0.282943,
          2.732941
        ],
        [
          -0.307121,
          0.411151,
          -0.858273,
          4.404194
        ],
        [
          -0.013196,
          -0.903612,
          -0.428149,
          1.730365
        ],
        [
          0.0,
          0.0,
          0.0,
          1.0
        ]
      ]
    },
    {
      "file_path": "/media/NFS/ttao/scannet/posed_images/scene0192_00/00089.jpg",
      "transform_matrix": [
        [
          -0.957621,
          -0.10963,
          0.266351,
          2.725994
        ],
        [
          -0.287923,
          0.389581,
          -0.87483,
          4.418734
        ],
        [
          -0.007858,
          -0.914444,
          -0.404636,
          1.748049
        ],
        [
          0.0,
          0.0,
          0.0,
          1.0
        ]
      ]
    },
    {
      "file_path": "/media/NFS/ttao/scannet/posed_images/scene0192_00/00092.jpg",
      "transform_matrix": [
        [
          -0.957819,
          -0.094239,
          0.271482,
          2.68594
        ],
        [
          -0.287032,
          0.35977,
          -0.887794,
          4.45601
        ],
        [
          -0.014006,
          -0.92827,
          -0.371645,
          1.73225
        ],
        [
          0.0,
          0.0,
          0.0,
          1.0
        ]
      ]
    },
    {
      "file_path": "/media/NFS/ttao/scannet/posed_images/scene0192_00/00095.jpg",
      "transform_matrix": [
        [
          -0.957951,
          -0.085794,
          0.273805,
          2.659817
        ],
        [
          -0.286277,
          0.35023,
          -0.891843,
          4.471326
        ],
        [
          -0.01938,
          -0.932726,
          -0.360064,
          1.743281
        ],
        [
          0.0,
          0.0,
          0.0,
          1.0
        ]
      ]
    },
    {
      "file_path": "/media/NFS/ttao/scannet/posed_images/scene0192_00/00098.jpg",
      "transform_matrix": [
        [
          -0.95833,
          -0.079254,
          0.274447,
          2.633772
        ],
        [
          -0.284649,
          0.345767,
          -0.894103,
          4.488282
        ],
        [
          -0.024033,
          -0.934967,
          -0.353919,
          1.74451
        ],
        [
          0.0,
          0.0,
          0.0,
          1.0
        ]
      ]
    },
    {
      "file_path": "/media/NFS/ttao/scannet/posed_images/scene0192_00/00100.jpg",
      "transform_matrix": [
        [
          -0.957854,
          -0.073481,
          0.277698,
          2.604886
        ],
        [
          -0.285841,
          0.339609,
          -0.896081,
          4.501639
        ],
        [
          -0.028464,
          -0.937692,
          -0.3463,
          1.740475
        ],
        [
          0.0,
          0.0,
          0.0,
          1.0
        ]
      ]
    },
    {
      "file_path": "/media/NFS/ttao/scannet/posed_images/scene0192_00/00103.jpg",
      "transform_matrix": [
        [
          -0.958567,
          -0.071586,
          0.275727,
          2.573529
        ],
        [
          -0.283636,
          0.329755,
          -0.900451,
          4.523269
        ],
        [
          -0.026463,
          -0.941349,
          -0.336396,
          1.742058
        ],
        [
          0.0,
          0.0,
          0.0,
          1.0
        ]
      ]
    },
    {
      "file_path": "/media/NFS/ttao/scannet/posed_images/scene0192_00/00108.jpg",
      "transform_matrix": [
        [
          -0.960827,
          -0.072609,
          0.267469,
          2.510491
        ],
        [
          -0.276568,
          0.313648,
          -0.908369,
          4.55539
        ],
        [
          -0.017936,
          -0.946759,
          -0.321443,
          1.764
        ],
        [
          0.0,
          0.0,
          0.0,
          1.0
        ]
      ]
    },
    {
      "file_path": "/media/NFS/ttao/scannet/posed_images/scene0192_00/00109.jpg",
      "transform_matrix": [
        [
          -0.961971,
          -0.072038,
          0.263482,
          2.502481
        ],
        [
          -0.272643,
          0.312084,
          -0.910093,
          4.56416
        ],
        [
          -0.016668,
          -0.947319,
          -0.319857,
          1.763686
        ],
        [
          0.0,
          0.0,
          0.0,
          1.0
        ]
      ]
    },
    {
      "file_path": "/media/NFS/ttao/scannet/posed_images/scene0192_00/00114.jpg",
      "transform_matrix": [
        [
          -0.967474,
          -0.065194,
          0.244427,
          2.457245
        ],
        [
          -0.252513,
          0.307022,
          -0.917592,
          4.618184
        ],
        [
          -0.015223,
          -0.949467,
          -0.313498,
          1.764281
        ],
        [
          0.0,
          0.0,
          0.0,
          1.0
        ]
      ]
    },
    {
      "file_path": "/media/NFS/ttao/scannet/posed_images/scene0192_00/00115.jpg",
      "transform_matrix": [
        [
          -0.968772,
          -0.066674,
          0.23882,
          2.452417
        ],
        [
          -0.247692,
          0.304358,
          -0.919791,
          4.632946
        ],
        [
          -0.011361,
          -0.950222,
          -0.311368,
          1.764873
        ],
        [
          0.0,
          0.0,
          0.0,
          1.0
        ]
      ]
    },
    {
      "file_path": "/media/NFS/ttao/scannet/posed_images/scene0192_00/00118.jpg",
      "transform_matrix": [
        [
          -0.975314,
          -0.061006,
          0.212226,
          2.439071
        ],
        [
          -0.220667,
          0.305102,
          -0.926401,
          4.661317
        ],
        [
          -0.008234,
          -0.950364,
          -0.311033,
          1.76492
        ],
        [
          0.0,
          0.0,
          0.0,
          1.0
        ]
      ]
    },
    {
      "file_path": "/media/NFS/ttao/scannet/posed_images/scene0192_00/00123.jpg",
      "transform_matrix": [
        [
          -0.986223,
          -0.035624,
          0.161542,
          2.415698
        ],
        [
          -0.164603,
          0.308458,
          -0.936888,
          4.721401
        ],
        [
          -0.016453,
          -0.950571,
          -0.310072,
          1.747633
        ],
        [
          0.0,
          0.0,
          0.0,
          1.0
        ]
      ]
    },
    {
      "file_path": "/media/NFS/ttao/scannet/posed_images/scene0192_00/00124.jpg",
      "transform_matrix": [
        [
          -0.988005,
          -0.033347,
          0.150775,
          2.41653
        ],
        [
          -0.153607,
          0.312227,
          -0.937507,
          4.722437
        ],
        [
          -0.015813,
          -0.949422,
          -0.313604,
          1.760869
        ],
        [
          0.0,
          0.0,
          0.0,
          1.0
        ]
      ]
    },
    {
      "file_path": "/media/NFS/ttao/scannet/posed_images/scene0192_00/00129.jpg",
      "transform_matrix": [
        [
          -0.996013,
          -0.0135,
          0.08818,
          2.399733
        ],
        [
          -0.087988,
          0.311549,
          -0.946148,
          4.755301
        ],
        [
          -0.0147,
          -0.950134,
          -0.311494,
          1.763125
        ],
        [
          0.0,
          0.0,
          0.0,
          1.0
        ]
      ]
    },
    {
      "file_path": "/media/NFS/ttao/scannet/posed_images/scene0192_00/00132.jpg",
      "transform_matrix": [
        [
          -0.999272,
          0.00032,
          0.038157,
          2.430312
        ],
        [
          -0.036278,
          0.302023,
          -0.95261,
          4.791098
        ],
        [
          -0.011829,
          -0.9533,
          -0.301792,
          1.740323
        ],
        [
          0.0,
          0.0,
          0.0,
          1.0
        ]
      ]
    },
    {
      "file_path": "/media/NFS/ttao/scannet/posed_images/scene0192_00/00134.jpg",
      "transform_matrix": [
        [
          -0.999766,
          0.010081,
          0.019103,
          2.424329
        ],
        [
          -0.015121,
          0.304916,
          -0.952259,
          4.800504
        ],
        [
          -0.015425,
          -0.952326,
          -0.304693,
          1.735579
        ],
        [
          0.0,
          0.0,
          0.0,
          1.0
        ]
      ]
    },
    {
      "file_path": "/media/NFS/ttao/scannet/posed_images/scene0192_00/00137.jpg",
      "transform_matrix": [
        [
          -0.999757,
          0.016174,
          -0.014983,
          2.439239
        ],
        [
          0.019316,
          0.31496,
          -0.948908,
          4.819596
        ],
        [
          -0.010628,
          -0.948967,
          -0.315196,
          1.728205
        ],
        [
          0.0,
          0.0,
          0.0,
          1.0
        ]
      ]
    },
    {
      "file_path": "/media/NFS/ttao/scannet/posed_images/scene0192_00/00140.jpg",
      "transform_matrix": [
        [
          -0.998464,
          0.017301,
          -0.052627,
          2.455147
        ],
        [
          0.055375,
          0.338747,
          -0.939247,
          4.823284
        ],
        [
          0.001577,
          -0.940718,
          -0.339185,
          1.738207
        ],
        [
          0.0,
          0.0,
          0.0,
          1.0
        ]
      ]
    },
    {
      "file_path": "/media/NFS/ttao/scannet/posed_images/scene0192_00/00143.jpg",
      "transform_matrix": [
        [
          -0.996486,
          0.029888,
          -0.078246,
          2.471193
        ],
        [
          0.08376,
          0.357404,
          -0.930186,
          4.842179
        ],
        [
          0.000164,
          -0.933472,
          -0.358651,
          1.72281
        ],
        [
          0.0,
          0.0,
          0.0,
          1.0
        ]
      ]
    },
    {
      "file_path": "/media/NFS/ttao/scannet/posed_images/scene0192_00/00146.jpg",
      "transform_matrix": [
        [
          -0.995051,
          0.044095,
          -0.089046,
          2.481834
        ],
        [
          0.099148,
          0.38133,
          -0.919107,
          4.862516
        ],
        [
          -0.006572,
          -0.923387,
          -0.383815,
          1.708481
        ],
        [
          0.0,
          0.0,
          0.0,
          1.0
        ]
      ]
    },
    {
      "file_path": "/media/NFS/ttao/scannet/posed_images/scene0192_00/00151.jpg",
      "transform_matrix": [
        [
          -0.99313,
          0.054668,
          -0.103457,
          2.481208
        ],
        [
          0.116929,
          0.430227,
          -0.895116,
          4.868622
        ],
        [
          -0.004424,
          -0.901064,
          -0.433664,
          1.710792
        ],
        [
          0.0,
          0.0,
          0.0,
          1.0
        ]
      ]
    },
    {
      "file_path": "/media/NFS/ttao/scannet/posed_images/scene0192_00/00155.jpg",
      "transform_matrix": [
        [
          -0.991499,
          0.05629,
          -0.117307,
          2.484381
        ],
        [
          0.130059,
          0.454912,
          -0.880988,
          4.887869
        ],
        [
          0.003773,
          -0.888756,
          -0.458366,
          1.703239
        ],
        [
          0.0,
          0.0,
          0.0,
          1.0
        ]
      ]
    },
    {
      "file_path": "/media/NFS/ttao/scannet/posed_images/scene0192_00/00156.jpg",
      "transform_matrix": [
        [
          -0.991278,
          0.055096,
          -0.119713,
          2.483607
        ],
        [
          0.131623,
          0.458652,
          -0.878814,
          4.890725
        ],
        [
          0.006488,
          -0.886906,
          -0.461904,
          1.698007
        ],
        [
          0.0,
          0.0,
          0.0,
          1.0
        ]
      ]
    },
    {
      "file_path": "/media/NFS/ttao/scannet/posed_images/scene0192_00/00160.jpg",
      "transform_matrix": [
        [
          -0.990997,
          0.051091,
          -0.123751,
          2.47368
        ],
        [
          0.132905,
          0.486938,
          -0.863266,
          4.905565
        ],
        [
          0.016154,
          -0.871941,
          -0.489345,
          1.691105
        ],
        [
          0.0,
          0.0,
          0.0,
          1.0
        ]
      ]
    },
    {
      "file_path": "/media/NFS/ttao/scannet/posed_images/scene0192_00/00164.jpg",
      "transform_matrix": [
        [
          -0.990398,
          0.051081,
          -0.128465,
          2.47536
        ],
        [
          0.136554,
          0.50647,
          -0.851376,
          4.934961
        ],
        [
          0.021574,
          -0.860743,
          -0.508582,
          1.653533
        ],
        [
          0.0,
          0.0,
          0.0,
          1.0
        ]
      ]
    },
    {
      "file_path": "/media/NFS/ttao/scannet/posed_images/scene0192_00/00166.jpg",
      "transform_matrix": [
        [
          -0.991018,
          0.053738,
          -0.122452,
          2.471553
        ],
        [
          0.132499,
          0.518278,
          -0.844886,
          4.935781
        ],
        [
          0.018062,
          -0.853522,
          -0.520744,
          1.650099
        ],
        [
          0.0,
          0.0,
          0.0,
          1.0
        ]
      ]
    },
    {
      "file_path": "/media/NFS/ttao/scannet/posed_images/scene0192_00/00169.jpg",
      "transform_matrix": [
        [
          -0.99275,
          0.056561,
          -0.106056,
          2.4542
        ],
        [
          0.119872,
          0.530613,
          -0.839095,
          4.941812
        ],
        [
          0.008815,
          -0.845725,
          -0.533546,
          1.63443
        ],
        [
          0.0,
          0.0,
          0.0,
          1.0
        ]
      ]
    },
    {
      "file_path": "/media/NFS/ttao/scannet/posed_images/scene0192_00/00173.jpg",
      "transform_matrix": [
        [
          -0.99362,
          0.049195,
          -0.101486,
          2.410688
        ],
        [
          0.111337,
          0.571398,
          -0.813085,
          4.921325
        ],
        [
          0.017989,
          -0.819197,
          -0.57323,
          1.635312
        ],
        [
          0.0,
          0.0,
          0.0,
          1.0
        ]
      ]
    },
    {
      "file_path": "/media/NFS/ttao/scannet/posed_images/scene0192_00/00177.jpg",
      "transform_matrix": [
        [
          -0.993798,
          0.042902,
          -0.102589,
          2.36449
        ],
        [
          0.107861,
          0.596256,
          -0.795515,
          4.912894
        ],
        [
          0.027041,
          -0.801647,
          -0.597185,
          1.625095
        ],
        [
          0.0,
          0.0,
          0.0,
          1.0
        ]
      ]
    },
    {
      "file_path": "/media/NFS/ttao/scannet/posed_images/scene0192_00/00179.jpg",
      "transform_matrix": [
        [
          -0.994195,
          0.036578,
          -0.101179,
          2.336328
        ],
        [
          0.102655,
          0.604007,
          -0.79034,
          4.907303
        ],
        [
          0.032204,
          -0.796139,
          -0.604256,
          1.6239
        ],
        [
          0.0,
          0.0,
          0.0,
          1.0
        ]
      ]
    },
    {
      "file_path": "/media/NFS/ttao/scannet/posed_images/scene0192_00/00182.jpg",
      "transform_matrix": [
        [
          -0.99487,
          0.00578,
          -0.100995,
          2.287172
        ],
        [
          0.083501,
          0.610506,
          -0.787597,
          4.90733
        ],
        [
          0.057105,
          -0.79199,
          -0.607857,
          1.615112
        ],
        [
          0.0,
          0.0,
          0.0,
          1.0
        ]
      ]
    },
    {
      "file_path": "/media/NFS/ttao/scannet/posed_images/scene0192_00/00186.jpg",
      "transform_matrix": [
        [
          -0.995506,
          -0.039594,
          -0.086018,
          2.230618
        ],
        [
          0.042296,
          0.626812,
          -0.778021,
          4.903545
        ],
        [
          0.084723,
          -0.778163,
          -0.622321,
          1.610012
        ],
        [
          0.0,
          0.0,
          0.0,
          1.0
        ]
      ]
    },
    {
      "file_path": "/media/NFS/ttao/scannet/posed_images/scene0192_00/00189.jpg",
      "transform_matrix": [
        [
          -0.996511,
          -0.06226,
          -0.055578,
          2.184444
        ],
        [
          0.003743,
          0.631924,
          -0.775021,
          4.896277
        ],
        [
          0.083374,
          -0.772526,
          -0.629486,
          1.614712
        ],
        [
          0.0,
          0.0,
          0.0,
          1.0
        ]
      ]
    },
    {
      "file_path": "/media/NFS/ttao/scannet/posed_images/scene0192_00/00190.jpg",
      "transform_matrix": [
        [
          -0.99672,
          -0.073429,
          -0.034004,
          2.157655
        ],
        [
          -0.020283,
          0.633507,
          -0.773471,
          4.889703
        ],
        [
          0.078337,
          -0.770245,
          -0.632919,
          1.615446
        ],
        [
          0.0,
          0.0,
          0.0,
          1.0
        ]
      ]
    },
    {
      "file_path": "/media/NFS/ttao/scannet/posed_images/scene0192_00/00193.jpg",
      "transform_matrix": [
        [
          -0.995743,
          -0.091962,
          0.006179,
          2.117608
        ],
        [
          -0.064612,
          0.648645,
          -0.758343,
          4.877123
        ],
        [
          0.065731,
          -0.755515,
          -0.651826,
          1.616248
        ],
        [
          0.0,
          0.0,
          0.0,
          1.0
        ]
      ]
    },
    {
      "file_path": "/media/NFS/ttao/scannet/posed_images/scene0192_00/00198.jpg",
      "transform_matrix": [
        [
          -0.994014,
          -0.095725,
          0.052656,
          2.053891
        ],
        [
          -0.101888,
          0.638288,
          -0.763025,
          4.837192
        ],
        [
          0.039431,
          -0.763823,
          -0.64422,
          1.622734
        ],
        [
          0.0,
          0.0,
          0.0,
          1.0
        ]
      ]
    },
    {
      "file_path": "/media/NFS/ttao/scannet/posed_images/scene0192_00/00200.jpg",
      "transform_matrix": [
        [
          -0.992904,
          -0.097158,
          0.068573,
          2.014744
        ],
        [
          -0.115055,
          0.639026,
          -0.760531,
          4.816587
        ],
        [
          0.030072,
          -0.763024,
          -0.64567,
          1.618843
        ],
        [
          0.0,
          0.0,
          0.0,
          1.0
        ]
      ]
    },
    {
      "file_path": "/media/NFS/ttao/scannet/posed_images/scene0192_00/00203.jpg",
      "transform_matrix": [
        [
          -0.991904,
          -0.104867,
          0.071617,
          1.981624
        ],
        [
          -0.122542,
          0.642513,
          -0.756413,
          4.778649
        ],
        [
          0.033308,
          -0.759066,
          -0.650162,
          1.608675
        ],
        [
          0.0,
          0.0,
          0.0,
          1.0
        ]
      ]
    },
    {
      "file_path": "/media/NFS/ttao/scannet/posed_images/scene0192_00/00207.jpg",
      "transform_matrix": [
        [
          -0.987665,
          -0.126002,
          0.092956,
          1.919024
        ],
        [
          -0.152395,
          0.637197,
          -0.755484,
          4.712987
        ],
        [
          0.035962,
          -0.760331,
          -0.64854,
          1.599278
        ],
        [
          0.0,
          0.0,
          0.0,
          1.0
        ]
      ]
    },
    {
      "file_path": "/media/NFS/ttao/scannet/posed_images/scene0192_00/00209.jpg",
      "transform_matrix": [
        [
          -0.984689,
          -0.143849,
          0.098461,
          1.892022
        ],
        [
          -0.168194,
          0.635619,
          -0.753458,
          4.684084
        ],
        [
          0.0458,
          -0.758483,
          -0.650082,
          1.591443
        ],
        [
          0.0,
          0.0,
          0.0,
          1.0
        ]
      ]
    },
    {
      "file_path": "/media/NFS/ttao/scannet/posed_images/scene0192_00/00214.jpg",
      "transform_matrix": [
        [
          -0.974441,
          -0.19248,
          0.115826,
          1.820334
        ],
        [
          -0.215634,
          0.656901,
          -0.722484,
          4.591124
        ],
        [
          0.062978,
          -0.728994,
          -0.681617,
          1.5935
        ],
        [
          0.0,
          0.0,
          0.0,
          1.0
        ]
      ]
    },
    {
      "file_path": "/media/NFS/ttao/scannet/posed_images/scene0192_00/00217.jpg",
      "transform_matrix": [
        [
          -0.971226,
          -0.199841,
          0.129555,
          1.782181
        ],
        [
          -0.230212,
          0.648378,
          -0.725678,
          4.547111
        ],
        [
          0.061019,
          -0.734622,
          -0.675727,
          1.603354
        ],
        [
          0.0,
          0.0,
          0.0,
          1.0
        ]
      ]
    },
    {
      "file_path": "/media/NFS/ttao/scannet/posed_images/scene0192_00/00218.jpg",
      "transform_matrix": [
        [
          -0.969862,
          -0.200264,
          0.138784,
          1.765319
        ],
        [
          -0.237318,
          0.64738,
          -0.724279,
          4.533824
        ],
        [
          0.055201,
          -0.735387,
          -0.675395,
          1.604553
        ],
        [
          0.0,
          0.0,
          0.0,
          1.0
        ]
      ]
    },
    {
      "file_path": "/media/NFS/ttao/scannet/posed_images/scene0192_00/00222.jpg",
      "transform_matrix": [
        [
          -0.961432,
          -0.215658,
          0.170706,
          1.692471
        ],
        [
          -0.271059,
          0.637661,
          -0.721052,
          4.479754
        ],
        [
          0.046648,
          -0.739513,
          -0.671524,
          1.602897
        ],
        [
          0.0,
          0.0,
          0.0,
          1.0
        ]
      ]
    },
    {
      "file_path": "/media/NFS/ttao/scannet/posed_images/scene0192_00/00224.jpg",
      "transform_matrix": [
        [
          -0.957466,
          -0.224476,
          0.181301,
          1.66205
        ],
        [
          -0.284848,
          0.635019,
          -0.718062,
          4.4532
        ],
        [
          0.046058,
          -0.739163,
          -0.67195,
          1.60341
        ],
        [
          0.0,
          0.0,
          0.0,
          1.0
        ]
      ]
    },
    {
      "file_path": "/media/NFS/ttao/scannet/posed_images/scene0192_00/00229.jpg",
      "transform_matrix": [
        [
          -0.937607,
          -0.250353,
          0.24128,
          1.574549
        ],
        [
          -0.346284,
          0.609893,
          -0.712824,
          4.395717
        ],
        [
          0.031302,
          -0.7519,
          -0.658534,
          1.595189
        ],
        [
          0.0,
          0.0,
          0.0,
          1.0
        ]
      ]
    },
    {
      "file_path": "/media/NFS/ttao/scannet/posed_images/scene0192_00/00232.jpg",
      "transform_matrix": [
        [
          -0.917465,
          -0.280189,
          0.282405,
          1.509681
        ],
        [
          -0.396739,
          0.59221,
          -0.701345,
          4.356079
        ],
        [
          0.029266,
          -0.755501,
          -0.654494,
          1.591853
        ],
        [
          0.0,
          0.0,
          0.0,
          1.0
        ]
      ]
    },
    {
      "file_path": "/media/NFS/ttao/scannet/posed_images/scene0192_00/00235.jpg",
      "transform_matrix": [
        [
          -0.898785,
          -0.310897,
          0.309076,
          1.451226
        ],
        [
          -0.438038,
          0.608665,
          -0.661552,
          4.317523
        ],
        [
          0.01755,
          -0.72998,
          -0.683243,
          1.589217
        ],
        [
          0.0,
          0.0,
          0.0,
          1.0
        ]
      ]
    },
    {
      "file_path": "/media/NFS/ttao/scannet/posed_images/scene0192_00/00238.jpg",
      "transform_matrix": [
        [
          -0.875509,
          -0.325447,
          0.357168,
          1.402012
        ],
        [
          -0.483195,
          0.585786,
          -0.650674,
          4.290225
        ],
        [
          0.002536,
          -0.742253,
          -0.670115,
          1.592171
        ],
        [
          0.0,
          0.0,
          0.0,
          1.0
        ]
      ]
    },
    {
      "file_path": "/media/NFS/ttao/scannet/posed_images/scene0192_00/00241.jpg",
      "transform_matrix": [
        [
          -0.847137,
          -0.367707,
          0.383601,
          1.338633
        ],
        [
          -0.531372,
          0.588471,
          -0.609382,
          4.229695
        ],
        [
