{
  "frames": [
    {
      "file_path": "/media/NFS/ttao/scannet/posed_images/scene0048_00/00000.jpg",
      "transform_matrix": [
        [
          0.752445,
          0.275595,
          -0.598225,
          2.633805
        ],
        [
          0.657828,
          -0.35994,
          0.661593,
          2.70906
        ],
        [
          -0.032994,
          -0.891342,
          -0.452129,
          1.31733
        ],
        [
          0.0,
          0.0,
          0.0,
          1.0
        ]
      ]
    },
    {
      "file_path": "/media/NFS/ttao/scannet/posed_images/scene0048_00/00005.jpg",
      "transform_matrix": [
        [
          0.750081,
          0.267098,
          -0.60501,
          2.70621
        ],
        [
          0.660139,
          -0.357623,
          0.660547,
          2.649114
        ],
        [
          -0.039934,
          -0.894855,
          -0.444568,
          1.318599
        ],
        [
          0.0,
          0.0,
          0.0,
          1.0
        ]
      ]
    },
    {
      "file_path": "/media/NFS/ttao/scannet/posed_images/scene0048_00/00007.jpg",
      "transform_matrix": [
        [
          0.744619,
          0.255049,
          -0.616841,
          2.72629
        ],
        [
          0.665547,
          -0.354156,
          0.656979,
          2.627595
        ],
        [
          -0.050897,
          -0.899735,
          -0.433458,
          1.322196
        ],
        [
          0.0,
          0.0,
          0.0,
          1.0
        ]
      ]
    },
    {
      "file_path": "/media/NFS/ttao/scannet/posed_images/scene0048_00/00010.jpg",
      "transform_matrix": [
        [
          0.721181,
          0.258816,
          -0.642582,
          2.779884
        ],
        [
          0.689233,
          -0.361378,
          0.627984,
          2.630695
        ],
        [
          -0.069683,
          -0.895779,
          -0.439004,
          1.318771
        ],
        [
          0.0,
          0.0,
          0.0,
          1.0
        ]
      ]
    },
    {
      "file_path": "/media/NFS/ttao/scannet/posed_images/scene0048_00/00015.jpg",
      "transform_matrix": [
        [
          0.719559,
          0.241573,
          -0.651059,
          2.795826
        ],
        [
          0.692005,
          -0.327739,
          0.643207,
          2.598041
        ],
        [
          -0.057996,
          -0.913362,
          -0.402997,
          1.354409
        ],
        [
          0.0,
          0.0,
          0.0,
          1.0
        ]
      ]
    },
    {
      "file_path": "/media/NFS/ttao/scannet/posed_images/scene0048_00/00018.jpg",
      "transform_matrix": [
        [
          0.723744,
          0.2308,
          -0.650327,
          2.800319
        ],
        [
          0.688751,
          -0.299809,
          0.660104,
          2.578322
        ],
        [
          -0.042621,
          -0.92566,
          -0.375949,
          1.367483
        ],
        [
          0.0,
          0.0,
          0.0,
          1.0
        ]
      ]
    },
    {
      "file_path": "/media/NFS/ttao/scannet/posed_images/scene0048_00/00021.jpg",
      "transform_matrix": [
        [
          0.745199,
          0.19442,
          -0.637871,
          2.797994
        ],
        [
          0.665622,
          -0.274688,
          0.693897,
          2.56116
        ],
        [
          -0.040309,
          -0.941673,
          -0.334108,
          1.397293
        ],
        [
          0.0,
          0.0,
          0.0,
          1.0
        ]
      ]
    },
    {
      "file_path": "/media/NFS/ttao/scannet/posed_images/scene0048_00/00027.jpg",
      "transform_matrix": [
        [
          0.777204,
          0.129798,
          -0.615716,
          2.783798
        ],
        [
          0.627786,
          -0.226611,
          0.744669,
          2.52677
        ],
        [
          -0.042872,
          -0.965298,
          -0.257608,
          1.442126
        ],
        [
          0.0,
          0.0,
          0.0,
          1.0
        ]
      ]
    },
    {
      "file_path": "/media/NFS/ttao/scannet/posed_images/scene0048_00/00030.jpg",
      "transform_matrix": [
        [
          0.778233,
          0.106434,
          -0.618891,
          2.782206
        ],
        [
          0.625969,
          -0.210211,
          0.750982,
          2.513644
        ],
        [
          -0.050168,
          -0.971845,
          -0.230217,
          1.440395
        ],
        [
          0.0,
          0.0,
          0.0,
          1.0
        ]
      ]
    },
    {
      "file_path": "/media/NFS/ttao/scannet/posed_images/scene0048_00/00036.jpg",
      "transform_matrix": [
        [
          0.794977,
          0.066196,
          -0.603017,
          2.775206
        ],
        [
          0.605786,
          -0.139329,
          0.783333,
          2.488799
        ],
        [
          -0.032165,
          -0.988031,
          -0.150864,
          1.484543
        ],
        [
          0.0,
          0.0,
          0.0,
          1.0
        ]
      ]
    },
    {
      "file_path": "/media/NFS/ttao/scannet/posed_images/scene0048_00/00037.jpg",
      "transform_matrix": [
        [
          0.794814,
          0.058595,
          -0.604017,
          2.776234
        ],
        [
          0.605944,
          -0.131082,
          0.784633,
          2.486895
        ],
        [
          -0.0332,
          -0.989638,
          -0.139691,
          1.489593
        ],
        [
          0.0,
          0.0,
          0.0,
          1.0
        ]
      ]
    },
    {
      "file_path": "/media/NFS/ttao/scannet/posed_images/scene0048_00/00041.jpg",
      "transform_matrix": [
        [
          0.797711,
          0.023615,
          -0.602577,
          2.793357
        ],
        [
          0.601691,
          -0.097944,
          0.792701,
          2.490204
        ],
        [
          -0.040299,
          -0.994912,
          -0.09234,
          1.50362
        ],
        [
          0.0,
          0.0,
          0.0,
          1.0
        ]
      ]
    },
    {
      "file_path": "/media/NFS/ttao/scannet/posed_images/scene0048_00/00047.jpg",
      "transform_matrix": [
        [
          0.815208,
          0.006533,
          -0.579131,
          2.801092
        ],
        [
          0.578136,
          -0.068853,
          0.81303,
          2.484172
        ],
        [
          -0.034563,
          -0.997605,
          -0.059907,
          1.536367
        ],
        [
          0.0,
          0.0,
          0.0,
          1.0
        ]
      ]
    },
    {
      "file_path": "/media/NFS/ttao/scannet/posed_images/scene0048_00/00051.jpg",
      "transform_matrix": [
        [
          0.827218,
          0.002505,
          -0.561875,
          2.799241
        ],
        [
          0.56092,
          -0.062129,
          0.825535,
          2.475204
        ],
        [
          -0.032841,
          -0.998065,
          -0.0528,
          1.5267
        ],
        [
          0.0,
          0.0,
          0.0,
          1.0
        ]
      ]
    },
    {
      "file_path": "/media/NFS/ttao/scannet/posed_images/scene0048_00/00052.jpg",
      "transform_matrix": [
        [
          0.829696,
          0.002882,
          -0.558208,
          2.800819
        ],
        [
          0.557278,
          -0.062214,
          0.827992,
          2.475896
        ],
        [
          -0.032342,
          -0.998059,
          -0.053225,
          1.524488
        ],
        [
          0.0,
          0.0,
          0.0,
          1.0
        ]
      ]
    },
    {
      "file_path": "/media/NFS/ttao/scannet/posed_images/scene0048_00/00055.jpg",
      "transform_matrix": [
        [
          0.840016,
          0.006729,
          -0.54252,
          2.804923
        ],
        [
          0.541692,
          -0.06699,
          0.837903,
          2.481689
        ],
        [
          -0.030705,
          -0.997731,
          -0.059918,
          1.517682
        ],
        [
          0.0,
          0.0,
          0.0,
          1.0
        ]
      ]
    },
    {
      "file_path": "/media/NFS/ttao/scannet/posed_images/scene0048_00/00061.jpg",
      "transform_matrix": [
        [
          0.864257,
          0.009529,
          -0.50296,
          2.807771
        ],
        [
          0.501336,
          -0.098777,
          0.859596,
          2.485201
        ],
        [
          -0.04149,
          -0.995064,
          -0.090146,
          1.510533
        ],
        [
          0.0,
          0.0,
          0.0,
          1.0
        ]
      ]
    },
    {
      "file_path": "/media/NFS/ttao/scannet/posed_images/scene0048_00/00065.jpg",
      "transform_matrix": [
        [
          0.874529,
          0.017048,
          -0.484673,
          2.816172
        ],
        [
          0.483042,
          -0.119705,
          0.867376,
          2.5005
        ],
        [
          -0.043231,
          -0.992663,
          -0.11292,
          1.504946
        ],
        [
          0.0,
          0.0,
          0.0,
          1.0
        ]
      ]
    },
    {
      "file_path": "/media/NFS/ttao/scannet/posed_images/scene0048_00/00066.jpg",
      "transform_matrix": [
        [
          0.878718,
          0.019096,
          -0.47696,
          2.812739
        ],
        [
          0.475431,
          -0.124325,
          0.870924,
          2.496388
        ],
        [
          -0.042667,
          -0.992058,
          -0.118325,
          1.505518
        ],
        [
          0.0,
          0.0,
          0.0,
          1.0
        ]
      ]
    },
    {
      "file_path": "/media/NFS/ttao/scannet/posed_images/scene0048_00/00073.jpg",
      "transform_matrix": [
        [
          0.898442,
          0.036065,
          -0.437609,
          2.813073
        ],
        [
          0.437424,
          -0.160296,
          0.884853,
          2.515298
        ],
        [
          -0.038235,
          -0.98641,
          -0.159793,
          1.477025
        ],
        [
          0.0,
          0.0,
          0.0,
          1.0
        ]
      ]
    },
    {
      "file_path": "/media/NFS/ttao/scannet/posed_images/scene0048_00/00074.jpg",
      "transform_matrix": [
        [
          0.901183,
          0.040358,
          -0.431556,
          2.810725
        ],
        [
          0.432027,
          -0.163927,
          0.886837,
          2.518093
        ],
        [
          -0.034953,
          -0.985647,
          -0.165164,
          1.480454
        ],
        [
          0.0,
          0.0,
          0.0,
          1.0
        ]
      ]
    },
    {
      "file_path": "/media/NFS/ttao/scannet/posed_images/scene0048_00/00081.jpg",
      "transform_matrix": [
        [
          0.916471,
          0.047925,
          -0.397221,
          2.814448
        ],
        [
          0.398346,
          -0.202195,
          0.894672,
          2.518739
        ],
        [
          -0.037439,
          -0.978172,
          -0.204397,
          1.434119
        ],
        [
          0.0,
          0.0,
          0.0,
          1.0
        ]
      ]
    },
    {
      "file_path": "/media/NFS/ttao/scannet/posed_images/scene0048_00/00084.jpg",
      "transform_matrix": [
        [
          0.91998,
          0.03669,
          -0.390244,
          2.824541
        ],
        [
          0.388324,
          -0.220694,
          0.894706,
          2.524339
        ],
        [
          -0.053298,
          -0.974653,
          -0.217282,
          1.412534
        ],
        [
          0.0,
          0.0,
          0.0,
          1.0
        ]
      ]
    },
    {
      "file_path": "/media/NFS/ttao/scannet/posed_images/scene0048_00/00088.jpg",
      "transform_matrix": [
        [
          0.919808,
          0.023037,
          -0.391693,
          2.835282
        ],
        [
          0.383769,
          -0.260689,
          0.885868,
          2.529921
        ],
        [
          -0.081702,
          -0.965148,
          -0.248625,
          1.374631
        ],
        [
          0.0,
          0.0,
          0.0,
          1.0
        ]
      ]
    },
    {
      "file_path": "/media/NFS/ttao/scannet/posed_images/scene0048_00/00089.jpg",
      "transform_matrix": [
        [
          0.920346,
          0.027032,
          -0.39017,
          2.83492
        ],
        [
          0.382707,
          -0.267882,
          0.88418,
          2.529583
        ],
        [
          -0.080618,
          -0.963073,
          -0.256889,
          1.36777
        ],
        [
          0.0,
          0.0,
          0.0,
          1.0
        ]
      ]
    },
    {
      "file_path": "/media/NFS/ttao/scannet/posed_images/scene0048_00/00093.jpg",
      "transform_matrix": [
        [
          0.92653,
          0.046118,
          -0.373383,
          2.843561
        ],
        [
          0.370041,
          -0.290851,
          0.882313,
          2.540616
        ],
        [
          -0.067908,
          -0.955656,
          -0.286548,
          1.367534
        ],
        [
          0.0,
          0.0,
          0.0,
          1.0
        ]
      ]
    },
    {
      "file_path": "/media/NFS/ttao/scannet/posed_images/scene0048_00/00099.jpg",
      "transform_matrix": [
        [
          0.94312,
          0.073867,
          -0.324143,
          2.838369
        ],
        [
          0.330485,
          -0.31426,
          0.889955,
          2.548031
        ],
        [
          -0.036127,
          -0.946459,
          -0.320797,
          1.329221
        ],
        [
          0.0,
          0.0,
          0.0,
          1.0
        ]
      ]
    },
    {
      "file_path": "/media/NFS/ttao/scannet/posed_images/scene0048_00/00104.jpg",
      "transform_matrix": [
        [
          0.963658,
          0.070963,
          -0.257541,
          2.830565
        ],
        [
          0.266561,
          -0.318812,
          0.909562,
          2.55865
        ],
        [
          -0.017562,
          -0.945158,
          -0.326142,
          1.337519
        ],
        [
          0.0,
          0.0,
          0.0,
          1.0
        ]
      ]
    },
    {
      "file_path": "/media/NFS/ttao/scannet/posed_images/scene0048_00/00107.jpg",
      "transform_matrix": [
        [
          0.975761,
          0.051337,
          -0.212733,
          2.80544
        ],
        [
          0.21765,
          -0.328869,
          0.918952,
          2.56077
        ],
        [
          -0.022785,
          -0.942979,
          -0.332071,
          1.323609
        ],
        [
          0.0,
          0.0,
          0.0,
          1.0
        ]
      ]
    },
    {
      "file_path": "/media/NFS/ttao/scannet/posed_images/scene0048_00/00109.jpg",
      "transform_matrix": [
        [
          0.982059,
          0.033477,
          -0.185577,
          2.794831
        ],
        [
          0.185813,
          -0.339533,
          0.922058,
          2.556682
        ],
        [
          -0.032142,
          -0.939998,
          -0.339662,
          1.324382
        ],
        [
          0.0,
          0.0,
          0.0,
          1.0
        ]
      ]
    },
    {
      "file_path": "/media/NFS/ttao/scannet/posed_images/scene0048_00/00115.jpg",
      "transform_matrix": [
        [
          0.99666,
          0.001325,
          -0.081652,
          2.700282
        ],
        [
          0.076592,
          -0.362014,
          0.92902,
          2.547368
        ],
        [
          -0.028328,
          -0.932172,
          -0.360907,
          1.336221
        ],
        [
          0.0,
          0.0,
          0.0,
          1.0
        ]
      ]
    },
    {
      "file_path": "/media/NFS/ttao/scannet/posed_images/scene0048_00/00118.jpg",
      "transform_matrix": [
        [
          0.999722,
          -0.018156,
          -0.015051,
          2.62462
        ],
        [
          0.007516,
          -0.359616,
          0.93307,
          2.544574
        ],
        [
          -0.022353,
          -0.932924,
          -0.35938,
          1.3375
        ],
        [
          0.0,
          0.0,
          0.0,
          1.0
        ]
      ]
    },
    {
      "file_path": "/media/NFS/ttao/scannet/posed_images/scene0048_00/00122.jpg",
      "transform_matrix": [
        [
          0.999024,
          -0.018101,
          0.040282,
          2.693911
        ],
        [
          -0.044103,
          -0.361778,
          0.93122,
          2.554881
        ],
        [
          -0.002283,
          -0.932088,
          -0.362224,
          1.341731
        ],
        [
          0.0,
          0.0,
          0.0,
          1.0
        ]
      ]
    },
    {
      "file_path": "/media/NFS/ttao/scannet/posed_images/scene0048_00/00126.jpg",
      "transform_matrix": [
        [
          0.991443,
          -0.040869,
          0.123973,
          2.664531
        ],
        [
          -0.130361,
          -0.359075,
          0.92416,
          2.549768
        ],
        [
          0.006747,
          -0.932413,
          -0.36133,
          1.343922
        ],
        [
          0.0,
          0.0,
          0.0,
          1.0
        ]
      ]
    },
    {
      "file_path": "/media/NFS/ttao/scannet/posed_images/scene0048_00/00129.jpg",
      "transform_matrix": [
        [
          0.980678,
          -0.059656,
          0.18631,
          2.641298
        ],
        [
          -0.195309,
          -0.352925,
          0.91504,
          2.550829
        ],
        [
          0.011166,
          -0.933748,
          -0.357757,
          1.345863
        ],
        [
          0.0,
          0.0,
          0.0,
          1.0
        ]
      ]
    },
    {
      "file_path": "/media/NFS/ttao/scannet/posed_images/scene0048_00/00133.jpg",
      "transform_matrix": [
        [
          0.964422,
          -0.085675,
          0.250098,
          2.63772
        ],
        [
          -0.26414,
          -0.351372,
          0.898202,
          2.55545
        ],
        [
          0.010924,
          -0.932307,
          -0.361502,
          1.341043
        ],
        [
          0.0,
          0.0,
          0.0,
          1.0
        ]
      ]
    },
    {
      "file_path": "/media/NFS/ttao/scannet/posed_images/scene0048_00/00135.jpg",
      "transform_matrix": [
        [
          0.95411,
          -0.101768,
          0.281634,
          2.63245
        ],
        [
          -0.299329,
          -0.351665,
          0.88698,
          2.561049
        ],
        [
          0.008775,
          -0.930578,
          -0.365989,
          1.333035
        ],
        [
          0.0,
          0.0,
          0.0,
          1.0
        ]
      ]
    },
    {
      "file_path": "/media/NFS/ttao/scannet/posed_images/scene0048_00/00140.jpg",
      "transform_matrix": [
        [
          0.930913,
          -0.132756,
          0.34026,
          2.668267
        ],
        [
          -0.364963,
          -0.374441,
          0.852406,
          2.553157
        ],
        [
          0.014245,
          -0.917698,
          -0.397024,
          1.315722
        ],
        [
          0.0,
          0.0,
          0.0,
          1.0
        ]
      ]
    },
    {
      "file_path": "/media/NFS/ttao/scannet/posed_images/scene0048_00/00143.jpg",
      "transform_matrix": [
        [
          0.91434,
          -0.1528,
          0.375013,
          2.682345
        ],
        [
          -0.404685,
          -0.378185,
          0.83259,
          2.565117
        ],
        [
          0.014604,
          -0.913032,
          -0.407626,
          1.312364
        ],
        [
          0.0,
          0.0,
          0.0,
          1.0
        ]
      ]
    },
    {
      "file_path": "/media/NFS/ttao/scannet/posed_images/scene0048_00/00149.jpg",
      "transform_matrix": [
        [
          0.888953,
          -0.164627,
          0.427387,
          2.72821
        ],
        [
          -0.457765,
          -0.349099,
          0.817668,
          2.560145
        ],
        [
          0.01459,
          -0.922512,
          -0.385693,
          1.303977
        ],
        [
          0.0,
          0.0,
          0.0,
          1.0
        ]
      ]
    },
    {
      "file_path": "/media/NFS/ttao/scannet/posed_images/scene0048_00/00152.jpg",
      "transform_matrix": [
        [
          0.88004,
          -0.168234,
          0.444103,
          2.765826
        ],
        [
          -0.474466,
          -0.351448,
          0.807073,
          2.558123
        ],
        [
          0.020302,
          -0.920968,
          -0.389109,
          1.304796
        ],
        [
          0.0,
          0.0,
          0.0,
          1.0
        ]
      ]
    },
    {
      "file_path": "/media/NFS/ttao/scannet/posed_images/scene0048_00/00155.jpg",
      "transform_matrix": [
        [
          0.872351,
          -0.174313,
          0.456747,
          2.789956
        ],
        [
          -0.488444,
          -0.350184,
          0.799245,
          2.556494
        ],
        [
          0.020627,
          -0.920318,
          -0.390626,
          1.297417
        ],
        [
          0.0,
          0.0,
          0.0,
          1.0
        ]
      ]
    },
    {
      "file_path": "/media/NFS/ttao/scannet/posed_images/scene0048_00/00160.jpg",
      "transform_matrix": [
        [
          0.861971,
          -0.184495,
          0.472195,
          2.840437
        ],
        [
          -0.50619,
          -0.36447,
          0.781622,
          2.551106
        ],
        [
          0.027895,
          -0.912756,
          -0.407552,
          1.278988
        ],
        [
          0.0,
          0.0,
          0.0,
          1.0
        ]
      ]
    },
    {
      "file_path": "/media/NFS/ttao/scannet/posed_images/scene0048_00/00163.jpg",
      "transform_matrix": [
        [
          0.856091,
          -0.192899,
          0.479477,
          2.866747
        ],
        [
          -0.516032,
          -0.370412,
          0.772338,
          2.550656
        ],
        [
          0.028621,
          -0.908617,
          -0.416649,
          1.270872
        ],
        [
          0.0,
          0.0,
          0.0,
          1.0
        ]
      ]
    },
    {
      "file_path": "/media/NFS/ttao/scannet/posed_images/scene0048_00/00167.jpg",
      "transform_matrix": [
        [
          0.851758,
          -0.201102,
          0.483805,
          2.892409
        ],
        [
          -0.52245,
          -0.395511,
          0.755392,
          2.553253
        ],
        [
          0.03944,
          -0.896175,
          -0.441945,
          1.259219
        ],
        [
          0.0,
          0.0,
          0.0,
          1.0
        ]
      ]
    },
    {
      "file_path": "/media/NFS/ttao/scannet/posed_images/scene0048_00/00171.jpg",
      "transform_matrix": [
        [
          0.851896,
          -0.216269,
          0.47697,
          2.915737
        ],
        [
          -0.522567,
          -0.411163,
          0.746906,
          2.554564
        ],
        [
          0.03458,
          -0.885535,
          -0.463283,
          1.26086
        ],
        [
          0.0,
          0.0,
          0.0,
          1.0
        ]
      ]
    },
    {
      "file_path": "/media/NFS/ttao/scannet/posed_images/scene0048_00/00175.jpg",
      "transform_matrix": [
        [
          0.85009,
          -0.227691,
          0.474872,
          2.92593
        ],
        [
          -0.52642,
          -0.393245,
          0.753817,
          2.558284
        ],
        [
          0.015104,
          -0.890795,
          -0.454154,
          1.273223
        ],
        [
          0.0,
          0.0,
          0.0,
          1.0
        ]
      ]
    },
    {
      "file_path": "/media/NFS/ttao/scannet/posed_images/scene0048_00/00176.jpg",
      "transform_matrix": [
        [
          0.850108,
          -0.227466,
          0.474947,
          2.925897
        ],
        [
          -0.526448,
          -0.389349,
          0.755818,
          2.560183
        ],
        [
          0.012997,
          -0.892562,
          -0.450738,
          1.275708
        ],
        [
          0.0,
          0.0,
          0.0,
          1.0
        ]
      ]
    },
    {
      "file_path": "/media/NFS/ttao/scannet/posed_images/scene0048_00/00179.jpg",
      "transform_matrix": [
        [
          0.853436,
          -0.219365,
          0.472786,
          2.916926
        ],
        [
          -0.520922,
          -0.388528,
          0.760057,
          2.57115
        ],
        [
          0.016961,
          -0.894944,
          -0.445856,
          1.280949
        ],
        [
          0.0,
          0.0,
          0.0,
          1.0
        ]
      ]
    },
    {
      "file_path": "/media/NFS/ttao/scannet/posed_images/scene0048_00/00184.jpg",
      "transform_matrix": [
        [
          0.865635,
          -0.190871,
          0.462865,
          2.88094
        ],
        [
          -0.499537,
          -0.391559,
          0.772751,
          2.598837
        ],
        [
          0.033744,
          -0.900139,
          -0.434295,
          1.286423
        ],
        [
          0.0,
          0.0,
          0.0,
          1.0
        ]
      ]
    },
    {
      "file_path": "/media/NFS/ttao/scannet/posed_images/scene0048_00/00188.jpg",
      "transform_matrix": [
        [
          0.879132,
          -0.170148,
          0.445171,
          2.830225
        ],
        [
          -0.47476,
          -0.394203,
          0.786897,
          2.632076
        ],
        [
          0.041599,
          -0.903136,
          -0.427336,
          1.288745
        ],
        [
          0.0,
          0.0,
          0.0,
          1.0
        ]
      ]
    },
    {
      "file_path": "/media/NFS/ttao/scannet/posed_images/scene0048_00/00194.jpg",
      "transform_matrix": [
        [
          0.891945,
          -0.157644,
          0.423772,
          2.728596
        ],
        [
          -0.450482,
          -0.390142,
          0.803029,
          2.696609
        ],
        [
          0.038739,
          -0.907159,
          -0.419001,
          1.303836
        ],
        [
          0.0,
          0.0,
          0.0,
          1.0
        ]
      ]
    },
    {
      "file_path": "/media/NFS/ttao/scannet/posed_images/scene0048_00/00196.jpg",
      "transform_matrix": [
        [
          0.893493,
          -0.157264,
          0.42064,
          2.70126
        ],
        [
          -0.448005,
          -0.376818,
          0.81074,
          2.717007
        ],
        [
          0.031004,
          -0.91284,
          -0.40714,
          1.310774
        ],
        [
          0.0,
          0.0,
          0.0,
          1.0
        ]
      ]
    },
    {
      "file_path": "/media/NFS/ttao/scannet/posed_images/scene0048_00/00200.jpg",
      "transform_matrix": [
        [
          0.889154,
          -0.185397,
          0.41837,
          2.628216
        ],
        [
          -0.457586,
          -0.369386,
          0.808807,
          2.761181
        ],
        [
          0.004589,
          -0.910594,
          -0.413276,
          1.30501
        ],
        [
          0.0,
          0.0,
          0.0,
          1.0
        ]
      ]
    },
    {
      "file_path": "/media/NFS/ttao/scannet/posed_images/scene0048_00/00204.jpg",
      "transform_matrix": [
        [
          0.889797,
          -0.185081,
          0.417142,
          2.593473
        ],
        [
          -0.456092,
          -0.391829,
          0.799031,
          2.801582
        ],
        [
          0.015563,
          -0.90123,
          -0.433062,
          1.314603
        ],
        [
          0.0,
          0.0,
          0.0,
          1.0
        ]
      ]
    },
    {
      "file_path": "/media/NFS/ttao/scannet/posed_images/scene0048_00/00208.jpg",
      "transform_matrix": [
        [
          0.890286,
          -0.170605,
          0.422238,
          2.562079
        ],
        [
          -0.454258,
          -0.398377,
          0.796835,
          2.847948
        ],
        [
          0.032266,
          -0.901216,
          -0.432168,
          1.310644
        ],
        [
          0.0,
          0.0,
          0.0,
          1.0
        ]
      ]
    },
    {
      "file_path": "/media/NFS/ttao/scannet/posed_images/scene0048_00/00211.jpg",
      "transform_matrix": [
        [
          0.887548,
          -0.164404,
          0.430383,
          2.554495
        ],
        [
          -0.458448,
          -0.407703,
          0.789686,
          2.886533
        ],
        [
          0.045641,
          -0.898193,
          -0.437227,
          1.307405
        ],
        [
          0.0,
          0.0,
          0.0,
          1.0
        ]
      ]
    },
    {
      "file_path": "/media/NFS/ttao/scannet/posed_images/scene0048_00/00216.jpg",
      "transform_matrix": [
        [
          0.885679,
          -0.172524,
          0.431055,
          2.546866
        ],
        [
          -0.461664,
          -0.425985,
          0.778076,
          2.955385
        ],
        [
          0.049386,
          -0.888129,
          -0.456934,
          1.299715
        ],
        [
          0.0,
          0.0,
          0.0,
          1.0
        ]
      ]
    },
    {
      "file_path": "/media/NFS/ttao/scannet/posed_images/scene0048_00/00220.jpg",
      "transform_matrix": [
        [
          0.881683,
          -0.188523,
          0.432544,
          2.546442
        ],
        [
          -0.470425,
          -0.422219,
          0.774875,
          3.023854
        ],
        [
          0.036547,
          -0.886674,
          -0.460949,
          1.312452
        ],
        [
          0.0,
          0.0,
          0.0,
          1.0
        ]
      ]
    },
    {
      "file_path": "/media/NFS/ttao/scannet/posed_images/scene0048_00/00221.jpg",
      "transform_matrix": [
        [
          0.881384,
          -0.189646,
          0.432662,
          2.547926
        ],
        [
          -0.471143,
          -0.419669,
          0.775823,
          3.037678
        ],
        [
          0.034443,
          -0.887644,
          -0.45924,
          1.318592
        ],
        [
          0.0,
          0.0,
          0.0,
          1.0
        ]
      ]
    },
    {
      "file_path": "/media/NFS/ttao/scannet/posed_images/scene0048_00/00225.jpg",
      "transform_matrix": [
        [
          0.879138,
          -0.170431,
          0.44505,
          2.549439
        ],
        [
          -0.474678,
          -0.39622,
          0.785933,
          3.08426
        ],
        [
          0.04239,
          -0.902199,
          -0.429232,
          1.325628
        ],
        [
          0.0,
          0.0,
          0.0,
          1.0
        ]
      ]
    },
    {
      "file_path": "/media/NFS/ttao/scannet/posed_images/scene0048_00/00230.jpg",
      "transform_matrix": [
        [
          0.865955,
          -0.157708,
          0.474606,
          2.529868
        ],
        [
          -0.494524,
          -0.411611,
          0.765521,
          3.150092
        ],
        [
          0.074624,
          -0.897611,
          -0.434427,
          1.322094
        ],
        [
          0.0,
          0.0,
          0.0,
          1.0
        ]
      ]
    },
    {
      "file_path": "/media/NFS/ttao/scannet/posed_images/scene0048_00/00234.jpg",
      "transform_matrix": [
        [
          0.844758,
          -0.165341,
          0.508966,
          2.515011
        ],
        [
          -0.529668,
          -0.394098,
          0.751091,
          3.195599
        ],
        [
          0.076396,
          -0.904073,
          -0.420494,
          1.321467
        ],
        [
          0.0,
          0.0,
          0.0,
          1.0
        ]
      ]
    },
    {
      "file_path": "/media/NFS/ttao/scannet/posed_images/scene0048_00/00239.jpg",
      "transform_matrix": [
        [
          0.797838,
          -0.199309,
          0.568973,
          2.491239
        ],
        [
          -0.59917,
          -0.36658,
          0.711769,
          3.248159
        ],
        [
          0.066712,
          -0.908788,
          -0.411891,
          1.331926
        ],
        [
          0.0,
          0.0,
          0.0,
          1.0
        ]
      ]
    },
    {
      "file_path": "/media/NFS/ttao/scannet/posed_images/scene0048_00/00240.jpg",
      "transform_matrix": [
        [
          0.785675,
          -0.208851,
          0.582319,
          2.481483
        ],
        [
          -0.615627,
          -0.356723,
          0.702675,
          3.269715
        ],
        [
          0.060973,
          -0.910566,
          -0.408843,
          1.331856
        ],
        [
          0.0,
          0.0,
          0.0,
          1.0
        ]
      ]
    },
    {
      "file_path": "/media/NFS/ttao/scannet/posed_images/scene0048_00/00245.jpg",
      "transform_matrix": [
        [
          0.74102,
          -0.228744,
          0.631321,
          2.446536
        ],
        [
          -0.67037,
          -0.306133,
          0.675934,
          3.321917
        ],
        [
          0.038653,
          -0.924099,
          -0.380194,
          1.351981
        ],
        [
          0.0,
          0.0,
          0.0,
          1.0
        ]
      ]
    },
    {
      "file_path": "/media/NFS/ttao/scannet/posed_images/scene0048_00/00249.jpg",
      "transform_matrix": [
        [
          0.71925,
          -0.229829,
          0.655635,
          2.422142
        ],
        [
          -0.693153,
          -0.301353,
          0.654771,
          3.346564
        ],
        [
          0.047092,
          -0.9254,
          -0.376055,
          1.353419
        ],
        [
          0.0,
          0.0,
          0.0,
          1.0
        ]
      ]
    },
    {
      "file_path": "/media/NFS/ttao/scannet/posed_images/scene0048_00/00251.jpg",
      "transform_matrix": [
        [
          0.708026,
          -0.232661,
          0.66676,
          2.411818
        ],
        [
          -0.704141,
          -0.304397,
          0.641504,
          3.363406
        ],
        [
          0.053707,
          -0.923694,
          -0.379347,
          1.349959
        ],
        [
          0.0,
          0.0,
          0.0,
          1.0
        ]
      ]
    },
    {
      "file_path": "/media/NFS/ttao/scannet/posed_images/scene0048_00/00254.jpg",
      "transform_matrix": [
        [
          0.692074,
          -0.239225,
          0.681033,
          2.404797
        ],
        [
          -0.72092,
          -0.27635,
          0.635535,
          3.382041
        ],
        [
          0.036168,
          -0.930807,
          -0.363716,
          1.369377
        ],
        [
          0.0,
          0.0,
          0.0,
          1.0
        ]
      ]
    },
    {
      "file_path": "/media/NFS/ttao/scannet/posed_images/scene0048_00/00258.jpg",
      "transform_matrix": [
        [
          0.679241,
          -0.220271,
          0.70008,
          2.400204
        ],
        [
          -0.733327,
          -0.241873,
          0.635396,
          3.397611
        ],
        [
          0.029372,
          -0.944975,
          -0.325821,
          1.396013
        ],
        [
          0.0,
          0.0,
          0.0,
          1.0
        ]
      ]
    },
    {
      "file_path": "/media/NFS/ttao/scannet/posed_images/scene0048_00/00263.jpg",
      "transform_matrix": [
        [
          0.655775,
          -0.189745,
          0.730723,
          2.405661
        ],
        [
          -0.75409,
          -0.211,
          0.621955,
          3.40116
        ],
        [
          0.03617,
          -0.958893,
          -0.281454,
          1.440568
        ],
        [
          0.0,
          0.0,
          0.0,
          1.0
        ]
      ]
    },
    {
      "file_path": "/media/NFS/ttao/scannet/posed_images/scene0048_00/00268.jpg",
      "transform_matrix": [
        [
          0.627494,
          -0.175326,
          0.758625,
          2.410944
        ],
        [
          -0.777893,
          -0.18331,
          0.601066,
          3.407272
        ],
        [
          0.033681,
          -0.967294,
          -0.251411,
          1.478876
        ],
        [
          0.0,
          0.0,
          0.0,
          1.0
        ]
      ]
    },
    {
      "file_path": "/media/NFS/ttao/scannet/posed_images/scene0048_00/00271.jpg",
      "transform_matrix": [
        [
          0.618675,
          -0.181585,
          0.764374,
          2.426205
        ],
        [
          -0.785029,
          -0.181446,
          0.592289,
          3.401979
        ],
        [
          0.031142,
          -0.966491,
          -0.254806,
          1.503639
        ],
        [
          0.0,
          0.0,
          0.0,
          1.0
        ]
      ]
    },
    {
      "file_path": "/media/NFS/ttao/scannet/posed_images/scene0048_00/00275.jpg",
      "transform_matrix": [
        [
          0.624361,
          -0.188986,
          0.75793,
          2.440825
        ],
        [
          -0.780203,
          -0.198278,
          0.593269,
          3.400633
        ],
        [
          0.038161,
          -0.961754,
          -0.271245,
          1.523034
        ],
        [
          0.0,
          0.0,
          0.0,
          1.0
        ]
      ]
    },
    {
      "file_path": "/media/NFS/ttao/scannet/posed_images/scene0048_00/00277.jpg",
      "transform_matrix": [
        [
          0.626903,
          -0.185693,
          0.756644,
          2.445182
        ],
        [
          -0.778096,
          -0.198444,
          0.595975,
          3.400991
        ],
        [
          0.039483,
          -0.962361,
          -0.268892,
          1.539281
        ],
        [
          0.0,
          0.0,
          0.0,
          1.0
        ]
      ]
    },
    {
      "file_path": "/media/NFS/ttao/scannet/posed_images/scene0048_00/00280.jpg",
      "transform_matrix": [
        [
          0.626467,
          -0.1753,
          0.759479,
          2.450654
        ],
        [
          -0.77869,
          -0.183719,
          0.599908,
          3.398597
        ],
        [
          0.034367,
          -0.967221,
          -0.251598,
          1.565477
        ],
        [
          0.0,
          0.0,
          0.0,
          1.0
        ]
      ]
    },
    {
      "file_path": "/media/NFS/ttao/scannet/posed_images/scene0048_00/00287.jpg",
      "transform_matrix": [
        [
          0.615412,
          -0.153003,
          0.773213,
          2.474416
        ],
        [
          -0.787711,
          -0.154123,
          0.596453,
          3.370823
        ],
        [
          0.027911,
          -0.976133,
          -0.215371,
          1.61539
        ],
        [
          0.0,
          0.0,
          0.0,
          1.0
        ]
      ]
    },
    {
      "file_path": "/media/NFS/ttao/scannet/posed_images/scene0048_00/00288.jpg",
      "transform_matrix": [
        [
          0.612708,
          -0.151375,
          0.775677,
          2.480808
        ],
        [
          -0.789708,
          -0.155568,
          0.593431,
          3.36706
        ],
        [
          0.03084,
          -0.976158,
          -0.21486,
          1.622869
        ],
        [
          0.0,
