{
  "frames": [
    {
      "file_path": "/media/NFS/ttao/scannet/posed_images/scene0697_01/00000.jpg",
      "transform_matrix": [
        [
          0.611234,
          0.421129,
          -0.670106,
          4.167294
        ],
        [
          0.79115,
          -0.301812,
          0.53197,
          4.402728
        ],
        [
          0.021782,
          -0.855312,
          -0.517654,
          1.342853
        ],
        [
          0.0,
          0.0,
          0.0,
          1.0
        ]
      ]
    },
    {
      "file_path": "/media/NFS/ttao/scannet/posed_images/scene0697_01/00015.jpg",
      "transform_matrix": [
        [
          0.601164,
          0.443867,
          -0.664518,
          4.162047
        ],
        [
          0.798407,
          -0.298361,
          0.522998,
          4.403914
        ],
        [
          0.033876,
          -0.844963,
          -0.53375,
          1.353303
        ],
        [
          0.0,
          0.0,
          0.0,
          1.0
        ]
      ]
    },
    {
      "file_path": "/media/NFS/ttao/scannet/posed_images/scene0697_01/00019.jpg",
      "transform_matrix": [
        [
          0.600002,
          0.4392,
          -0.668656,
          4.163585
        ],
        [
          0.799425,
          -0.297517,
          0.521923,
          4.402468
        ],
        [
          0.030293,
          -0.847695,
          -0.529618,
          1.352874
        ],
        [
          0.0,
          0.0,
          0.0,
          1.0
        ]
      ]
    },
    {
      "file_path": "/media/NFS/ttao/scannet/posed_images/scene0697_01/00037.jpg",
      "transform_matrix": [
        [
          0.584196,
          0.468814,
          -0.662517,
          4.161323
        ],
        [
          0.81136,
          -0.31696,
          0.491154,
          4.397964
        ],
        [
          0.020268,
          -0.824469,
          -0.565544,
          1.346261
        ],
        [
          0.0,
          0.0,
          0.0,
          1.0
        ]
      ]
    },
    {
      "file_path": "/media/NFS/ttao/scannet/posed_images/scene0697_01/00046.jpg",
      "transform_matrix": [
        [
          0.58761,
          0.473238,
          -0.656322,
          4.15833
        ],
        [
          0.808764,
          -0.318654,
          0.494329,
          4.399611
        ],
        [
          0.024796,
          -0.821283,
          -0.569982,
          1.347499
        ],
        [
          0.0,
          0.0,
          0.0,
          1.0
        ]
      ]
    },
    {
      "file_path": "/media/NFS/ttao/scannet/posed_images/scene0697_01/00049.jpg",
      "transform_matrix": [
        [
          0.586753,
          0.473145,
          -0.657156,
          4.158326
        ],
        [
          0.809409,
          -0.318608,
          0.493301,
          4.401937
        ],
        [
          0.024028,
          -0.821354,
          -0.569912,
          1.346084
        ],
        [
          0.0,
          0.0,
          0.0,
          1.0
        ]
      ]
    },
    {
      "file_path": "/media/NFS/ttao/scannet/posed_images/scene0697_01/00059.jpg",
      "transform_matrix": [
        [
          0.577994,
          0.473903,
          -0.664334,
          4.157577
        ],
        [
          0.815981,
          -0.325708,
          0.477588,
          4.427475
        ],
        [
          0.009951,
          -0.818126,
          -0.574953,
          1.334521
        ],
        [
          0.0,
          0.0,
          0.0,
          1.0
        ]
      ]
    },
    {
      "file_path": "/media/NFS/ttao/scannet/posed_images/scene0697_01/00071.jpg",
      "transform_matrix": [
        [
          0.484826,
          0.513194,
          -0.70822,
          4.161516
        ],
        [
          0.874605,
          -0.281568,
          0.394697,
          4.484508
        ],
        [
          0.003144,
          -0.810772,
          -0.585353,
          1.320428
        ],
        [
          0.0,
          0.0,
          0.0,
          1.0
        ]
      ]
    },
    {
      "file_path": "/media/NFS/ttao/scannet/posed_images/scene0697_01/00087.jpg",
      "transform_matrix": [
        [
          0.255219,
          0.567099,
          -0.78311,
          4.188182
        ],
        [
          0.966844,
          -0.156927,
          0.201458,
          4.51957
        ],
        [
          -0.008645,
          -0.808562,
          -0.588347,
          1.304409
        ],
        [
          0.0,
          0.0,
          0.0,
          1.0
        ]
      ]
    },
    {
      "file_path": "/media/NFS/ttao/scannet/posed_images/scene0697_01/00093.jpg",
      "transform_matrix": [
        [
          0.198763,
          0.575998,
          -0.792918,
          4.210687
        ],
        [
          0.980004,
          -0.109226,
          0.166315,
          4.517354
        ],
        [
          0.00919,
          -0.810121,
          -0.586191,
          1.295245
        ],
        [
          0.0,
          0.0,
          0.0,
          1.0
        ]
      ]
    },
    {
      "file_path": "/media/NFS/ttao/scannet/posed_images/scene0697_01/00108.jpg",
      "transform_matrix": [
        [
          0.019916,
          0.631429,
          -0.775178,
          4.267096
        ],
        [
          0.999772,
          -0.018567,
          0.010563,
          4.508098
        ],
        [
          -0.007723,
          -0.775212,
          -0.631654,
          1.276252
        ],
        [
          0.0,
          0.0,
          0.0,
          1.0
        ]
      ]
    },
    {
      "file_path": "/media/NFS/ttao/scannet/posed_images/scene0697_01/00111.jpg",
      "transform_matrix": [
        [
          -0.031596,
          0.642057,
          -0.766006,
          4.277655
        ],
        [
          0.999318,
          0.005648,
          -0.036486,
          4.512633
        ],
        [
          -0.019099,
          -0.766636,
          -0.641797,
          1.272313
        ],
        [
          0.0,
          0.0,
          0.0,
          1.0
        ]
      ]
    },
    {
      "file_path": "/media/NFS/ttao/scannet/posed_images/scene0697_01/00130.jpg",
      "transform_matrix": [
        [
          -0.330206,
          0.700968,
          -0.632145,
          4.349793
        ],
        [
          0.941809,
          0.200022,
          -0.270163,
          4.524969
        ],
        [
          -0.062932,
          -0.684569,
          -0.726227,
          1.288992
        ],
        [
          0.0,
          0.0,
          0.0,
          1.0
        ]
      ]
    },
    {
      "file_path": "/media/NFS/ttao/scannet/posed_images/scene0697_01/00133.jpg",
      "transform_matrix": [
        [
          -0.346584,
          0.693303,
          -0.63183,
          4.359522
        ],
        [
          0.936131,
          0.212936,
          -0.279852,
          4.523074
        ],
        [
          -0.059483,
          -0.688468,
          -0.722823,
          1.292932
        ],
        [
          0.0,
          0.0,
          0.0,
          1.0
        ]
      ]
    },
    {
      "file_path": "/media/NFS/ttao/scannet/posed_images/scene0697_01/00145.jpg",
      "transform_matrix": [
        [
          -0.405731,
          0.686146,
          -0.60381,
          4.398278
        ],
        [
          0.910706,
          0.247517,
          -0.330683,
          4.506624
        ],
        [
          -0.077444,
          -0.684061,
          -0.725302,
          1.303626
        ],
        [
          0.0,
          0.0,
          0.0,
          1.0
        ]
      ]
    },
    {
      "file_path": "/media/NFS/ttao/scannet/posed_images/scene0697_01/00161.jpg",
      "transform_matrix": [
        [
          -0.455959,
          0.689491,
          -0.562763,
          4.442872
        ],
        [
          0.887072,
          0.300817,
          -0.350161,
          4.459225
        ],
        [
          -0.072144,
          -0.658871,
          -0.748789,
          1.299857
        ],
        [
          0.0,
          0.0,
          0.0,
          1.0
        ]
      ]
    },
    {
      "file_path": "/media/NFS/ttao/scannet/posed_images/scene0697_01/00167.jpg",
      "transform_matrix": [
        [
          -0.463137,
          0.690911,
          -0.555109,
          4.457744
        ],
        [
          0.883741,
          0.312569,
          -0.348286,
          4.435662
        ],
        [
          -0.067125,
          -0.651876,
          -0.755349,
          1.299959
        ],
        [
          0.0,
          0.0,
          0.0,
          1.0
        ]
      ]
    },
    {
      "file_path": "/media/NFS/ttao/scannet/posed_images/scene0697_01/00179.jpg",
      "transform_matrix": [
        [
          -0.459266,
          0.714016,
          -0.528446,
          4.486254
        ],
        [
          0.887224,
          0.339449,
          -0.312424,
          4.404407
        ],
        [
          -0.043695,
          -0.612335,
          -0.78939,
          1.2944
        ],
        [
          0.0,
          0.0,
          0.0,
          1.0
        ]
      ]
    },
    {
      "file_path": "/media/NFS/ttao/scannet/posed_images/scene0697_01/00188.jpg",
      "transform_matrix": [
        [
          -0.475819,
          0.725827,
          -0.496762,
          4.497386
        ],
        [
          0.879247,
          0.377865,
          -0.290074,
          4.390587
        ],
        [
          -0.022835,
          -0.574799,
          -0.817976,
          1.291979
        ],
        [
          0.0,
          0.0,
          0.0,
          1.0
        ]
      ]
    },
    {
      "file_path": "/media/NFS/ttao/scannet/posed_images/scene0697_01/00195.jpg",
      "transform_matrix": [
        [
          -0.487883,
          0.728548,
          -0.480819,
          4.49896
        ],
        [
          0.872745,
          0.396447,
          -0.284862,
          4.383728
        ],
        [
          -0.016917,
          -0.558612,
          -0.829257,
          1.291072
        ],
        [
          0.0,
          0.0,
          0.0,
          1.0
        ]
      ]
    },
    {
      "file_path": "/media/NFS/ttao/scannet/posed_images/scene0697_01/00207.jpg",
      "transform_matrix": [
        [
          -0.495726,
          0.683043,
          -0.536384,
          4.486545
        ],
        [
          0.868473,
          0.392105,
          -0.303329,
          4.370818
        ],
        [
          0.003132,
          -0.616203,
          -0.787581,
          1.310328
        ],
        [
          0.0,
          0.0,
          0.0,
          1.0
        ]
      ]
    },
    {
      "file_path": "/media/NFS/ttao/scannet/posed_images/scene0697_01/00213.jpg",
      "transform_matrix": [
        [
          -0.510071,
          0.645638,
          -0.568313,
          4.468629
        ],
        [
          0.859976,
          0.395404,
          -0.322642,
          4.356713
        ],
        [
          0.016403,
          -0.653305,
          -0.756917,
          1.326202
        ],
        [
          0.0,
          0.0,
          0.0,
          1.0
        ]
      ]
    },
    {
      "file_path": "/media/NFS/ttao/scannet/posed_images/scene0697_01/00229.jpg",
      "transform_matrix": [
        [
          -0.62222,
          0.538757,
          -0.567963,
          4.435811
        ],
        [
          0.782571,
          0.447174,
          -0.43315,
          4.300261
        ],
        [
          0.020615,
          -0.713986,
          -0.699856,
          1.357559
        ],
        [
          0.0,
          0.0,
          0.0,
          1.0
        ]
      ]
    },
    {
      "file_path": "/media/NFS/ttao/scannet/posed_images/scene0697_01/00238.jpg",
      "transform_matrix": [
        [
          -0.616097,
          0.515723,
          -0.595361,
          4.414074
        ],
        [
          0.786602,
          0.4422,
          -0.430949,
          4.281443
        ],
        [
          0.041019,
          -0.733818,
          -0.678107,
          1.368143
        ],
        [
          0.0,
          0.0,
          0.0,
          1.0
        ]
      ]
    },
    {
      "file_path": "/media/NFS/ttao/scannet/posed_images/scene0697_01/00244.jpg",
      "transform_matrix": [
        [
          -0.585164,
          0.509307,
          -0.631022,
          4.395907
        ],
        [
          0.809453,
          0.413565,
          -0.416833,
          4.275863
        ],
        [
          0.048673,
          -0.754699,
          -0.654264,
          1.3754
        ],
        [
          0.0,
          0.0,
          0.0,
          1.0
        ]
      ]
    },
    {
      "file_path": "/media/NFS/ttao/scannet/posed_images/scene0697_01/00260.jpg",
      "transform_matrix": [
        [
          -0.500181,
          0.497798,
          -0.708531,
          4.356411
        ],
        [
          0.863293,
          0.350371,
          -0.363271,
          4.214817
        ],
        [
          0.067413,
          -0.793371,
          -0.604994,
          1.399681
        ],
        [
          0.0,
          0.0,
          0.0,
          1.0
        ]
      ]
    },
    {
      "file_path": "/media/NFS/ttao/scannet/posed_images/scene0697_01/00272.jpg",
      "transform_matrix": [
        [
          -0.340556,
          0.503604,
          -0.79398,
          4.339754
        ],
        [
          0.937115,
          0.250428,
          -0.243109,
          4.104232
        ],
        [
          0.076405,
          -0.826843,
          -0.557219,
          1.414692
        ],
        [
          0.0,
          0.0,
          0.0,
          1.0
        ]
      ]
    },
    {
      "file_path": "/media/NFS/ttao/scannet/posed_images/scene0697_01/00284.jpg",
      "transform_matrix": [
        [
          -0.258588,
          0.480746,
          -0.837864,
          4.341396
        ],
        [
          0.964179,
          0.181508,
          -0.193427,
          4.005739
        ],
        [
          0.05909,
          -0.857869,
          -0.510461,
          1.428153
        ],
        [
          0.0,
          0.0,
          0.0,
          1.0
        ]
      ]
    },
    {
      "file_path": "/media/NFS/ttao/scannet/posed_images/scene0697_01/00290.jpg",
      "transform_matrix": [
        [
          -0.231925,
          0.46596,
          -0.853869,
          4.334589
        ],
        [
          0.969734,
          0.179638,
          -0.165366,
          3.969912
        ],
        [
          0.076333,
          -0.866379,
          -0.493519,
          1.43411
        ],
        [
          0.0,
          0.0,
          0.0,
          1.0
        ]
      ]
    },
    {
      "file_path": "/media/NFS/ttao/scannet/posed_images/scene0697_01/00303.jpg",
      "transform_matrix": [
        [
          -0.155966,
          0.442459,
          -0.883122,
          4.269136
        ],
        [
          0.983288,
          0.15455,
          -0.096224,
          3.898487
        ],
        [
          0.093912,
          -0.883371,
          -0.459169,
          1.450307
        ],
        [
          0.0,
          0.0,
          0.0,
          1.0
        ]
      ]
    },
    {
      "file_path": "/media/NFS/ttao/scannet/posed_images/scene0697_01/00315.jpg",
      "transform_matrix": [
        [
          -0.048305,
          0.396563,
          -0.916735,
          4.179647
        ],
        [
          0.996051,
          0.087577,
          -0.0146,
          3.838879
        ],
        [
          0.074495,
          -0.91382,
          -0.399228,
          1.476251
        ],
        [
          0.0,
          0.0,
          0.0,
          1.0
        ]
      ]
    },
    {
      "file_path": "/media/NFS/ttao/scannet/posed_images/scene0697_01/00324.jpg",
      "transform_matrix": [
        [
          0.043588,
          0.358578,
          -0.932481,
          4.135884
        ],
        [
          0.994655,
          0.071872,
          0.074132,
          3.803617
        ],
        [
          0.093601,
          -0.930729,
          -0.353529,
          1.484113
        ],
        [
          0.0,
          0.0,
          0.0,
          1.0
        ]
      ]
    },
    {
      "file_path": "/media/NFS/ttao/scannet/posed_images/scene0697_01/00334.jpg",
      "transform_matrix": [
        [
          0.187482,
          0.335713,
          -0.923118,
          4.089329
        ],
        [
          0.978437,
          0.019098,
          0.205662,
          3.753001
        ],
        [
          0.086673,
          -0.941771,
          -0.324893,
          1.483354
        ],
        [
          0.0,
          0.0,
          0.0,
          1.0
        ]
      ]
    },
    {
      "file_path": "/media/NFS/ttao/scannet/posed_images/scene0697_01/00343.jpg",
      "transform_matrix": [
        [
          0.278459,
          0.332805,
          -0.900945,
          4.052476
        ],
        [
          0.957671,
          -0.024922,
          0.286785,
          3.683694
        ],
        [
          0.072991,
          -0.942666,
          -0.325658,
          1.477758
        ],
        [
          0.0,
          0.0,
          0.0,
          1.0
        ]
      ]
    },
    {
      "file_path": "/media/NFS/ttao/scannet/posed_images/scene0697_01/00349.jpg",
      "transform_matrix": [
        [
          0.314357,
          0.331338,
          -0.889604,
          4.031687
        ],
        [
          0.946816,
          -0.041615,
          0.319074,
          3.630431
        ],
        [
          0.0687,
          -0.942594,
          -0.326798,
          1.478649
        ],
        [
          0.0,
          0.0,
          0.0,
          1.0
        ]
      ]
    },
    {
      "file_path": "/media/NFS/ttao/scannet/posed_images/scene0697_01/00358.jpg",
      "transform_matrix": [
        [
          0.267821,
          0.334821,
          -0.903419,
          3.998841
        ],
        [
          0.961502,
          -0.033008,
          0.272807,
          3.554446
        ],
        [
          0.061521,
          -0.941704,
          -0.330771,
          1.478364
        ],
        [
          0.0,
          0.0,
          0.0,
          1.0
        ]
      ]
    },
    {
      "file_path": "/media/NFS/ttao/scannet/posed_images/scene0697_01/00377.jpg",
      "transform_matrix": [
        [
          0.133972,
          0.342519,
          -0.92991,
          3.845718
        ],
        [
          0.989956,
          -0.003506,
          0.141331,
          3.378466
        ],
        [
          0.045148,
          -0.939504,
          -0.339549,
          1.498482
        ],
        [
          0.0,
          0.0,
          0.0,
          1.0
        ]
      ]
    },
    {
      "file_path": "/media/NFS/ttao/scannet/posed_images/scene0697_01/00380.jpg",
      "transform_matrix": [
        [
          0.124533,
          0.348817,
          -0.92888,
          3.813815
        ],
        [
          0.991264,
          -0.002756,
          0.131862,
          3.3491
        ],
        [
          0.043436,
          -0.937187,
          -0.346113,
          1.507989
        ],
        [
          0.0,
          0.0,
          0.0,
          1.0
        ]
      ]
    },
    {
      "file_path": "/media/NFS/ttao/scannet/posed_images/scene0697_01/00396.jpg",
      "transform_matrix": [
        [
          -0.017265,
          0.37807,
          -0.925616,
          3.723561
        ],
        [
          0.998894,
          0.047021,
          0.000574,
          3.234563
        ],
        [
          0.04374,
          -0.924582,
          -0.378464,
          1.503939
        ],
        [
          0.0,
          0.0,
          0.0,
          1.0
        ]
      ]
    },
    {
      "file_path": "/media/NFS/ttao/scannet/posed_images/scene0697_01/00399.jpg",
      "transform_matrix": [
        [
          -0.018509,
          0.384442,
          -0.922963,
          3.709272
        ],
        [
          0.998447,
          0.055622,
          0.003146,
          3.205501
        ],
        [
          0.052547,
          -0.921472,
          -0.384875,
          1.504495
        ],
        [
          0.0,
          0.0,
          0.0,
          1.0
        ]
      ]
    },
    {
      "file_path": "/media/NFS/ttao/scannet/posed_images/scene0697_01/00414.jpg",
      "transform_matrix": [
        [
          -0.030978,
          0.408044,
          -0.912436,
          3.671495
        ],
        [
          0.99876,
          0.048227,
          -0.012342,
          2.990697
        ],
        [
          0.038968,
          -0.911688,
          -0.409032,
          1.525237
        ],
        [
          0.0,
          0.0,
          0.0,
          1.0
        ]
      ]
    },
    {
      "file_path": "/media/NFS/ttao/scannet/posed_images/scene0697_01/00423.jpg",
      "transform_matrix": [
        [
          -0.037589,
          0.412295,
          -0.910275,
          3.63984
        ],
        [
          0.998577,
          0.049986,
          -0.018595,
          2.886243
        ],
        [
          0.037834,
          -0.909678,
          -0.413587,
          1.523429
        ],
        [
          0.0,
          0.0,
          0.0,
          1.0
        ]
      ]
    },
    {
      "file_path": "/media/NFS/ttao/scannet/posed_images/scene0697_01/00439.jpg",
      "transform_matrix": [
        [
          -0.181494,
          0.384507,
          -0.905104,
          3.518942
        ],
        [
          0.983272,
          0.056557,
          -0.173142,
          2.769649
        ],
        [
          -0.015384,
          -0.921388,
          -0.38834,
          1.520574
        ],
        [
          0.0,
          0.0,
          0.0,
          1.0
        ]
      ]
    },
    {
      "file_path": "/media/NFS/ttao/scannet/posed_images/scene0697_01/00442.jpg",
      "transform_matrix": [
        [
          -0.209093,
          0.372734,
          -0.904073,
          3.505759
        ],
        [
          0.977652,
          0.059056,
          -0.201763,
          2.759697
        ],
        [
          -0.021813,
          -0.926057,
          -0.376753,
          1.520639
        ],
        [
          0.0,
          0.0,
          0.0,
          1.0
        ]
      ]
    },
    {
      "file_path": "/media/NFS/ttao/scannet/posed_images/scene0697_01/00457.jpg",
      "transform_matrix": [
        [
          -0.354174,
          0.387415,
          -0.851158,
          3.458297
        ],
        [
          0.934305,
          0.107227,
          -0.339967,
          2.680604
        ],
        [
          -0.040441,
          -0.915648,
          -0.39994,
          1.529936
        ],
        [
          0.0,
          0.0,
          0.0,
          1.0
        ]
      ]
    },
    {
      "file_path": "/media/NFS/ttao/scannet/posed_images/scene0697_01/00464.jpg",
      "transform_matrix": [
        [
          -0.39066,
          0.398659,
          -0.829732,
          3.454654
        ],
        [
          0.919851,
          0.134326,
          -0.368551,
          2.644637
        ],
        [
          -0.035472,
          -0.907208,
          -0.419183,
          1.537018
        ],
        [
          0.0,
          0.0,
          0.0,
          1.0
        ]
      ]
    },
    {
      "file_path": "/media/NFS/ttao/scannet/posed_images/scene0697_01/00473.jpg",
      "transform_matrix": [
        [
          -0.432044,
          0.407491,
          -0.804543,
          3.463047
        ],
        [
          0.901102,
          0.158653,
          -0.403541,
          2.621121
        ],
        [
          -0.036796,
          -0.899322,
          -0.435735,
          1.540103
        ],
        [
          0.0,
          0.0,
          0.0,
          1.0
        ]
      ]
    },
    {
      "file_path": "/media/NFS/ttao/scannet/posed_images/scene0697_01/00482.jpg",
      "transform_matrix": [
        [
          -0.493706,
          0.396626,
          -0.773914,
          3.475127
        ],
        [
          0.868273,
          0.175146,
          -0.464139,
          2.610674
        ],
        [
          -0.048542,
          -0.901117,
          -0.430851,
          1.542278
        ],
        [
          0.0,
          0.0,
          0.0,
          1.0
        ]
      ]
    },
    {
      "file_path": "/media/NFS/ttao/scannet/posed_images/scene0697_01/00491.jpg",
      "transform_matrix": [
        [
          -0.559991,
          0.376141,
          -0.738192,
          3.501208
        ],
        [
          0.826769,
          0.196165,
          -0.527231,
          2.599998
        ],
        [
          -0.053505,
          -0.905559,
          -0.420832,
          1.535154
        ],
        [
          0.0,
          0.0,
          0.0,
          1.0
        ]
      ]
    },
    {
      "file_path": "/media/NFS/ttao/scannet/posed_images/scene0697_01/00510.jpg",
      "transform_matrix": [
        [
          -0.703103,
          0.34618,
          -0.621133,
          3.545331
        ],
        [
          0.709582,
          0.28474,
          -0.644528,
          2.581787
        ],
        [
          -0.046262,
          -0.893914,
          -0.445845,
          1.525326
        ],
        [
          0.0,
          0.0,
          0.0,
          1.0
        ]
      ]
    },
    {
      "file_path": "/media/NFS/ttao/scannet/posed_images/scene0697_01/00513.jpg",
      "transform_matrix": [
        [
          -0.715897,
          0.3378,
          -0.611051,
          3.549455
        ],
        [
          0.696711,
          0.288376,
          -0.656835,
          2.58004
        ],
        [
          -0.045667,
          -0.895952,
          -0.441797,
          1.521798
        ],
        [
          0.0,
          0.0,
          0.0,
          1.0
        ]
      ]
    },
    {
      "file_path": "/media/NFS/ttao/scannet/posed_images/scene0697_01/00522.jpg",
      "transform_matrix": [
        [
          -0.763671,
          0.306647,
          -0.568132,
          3.574391
        ],
        [
          0.643923,
          0.298293,
          -0.704546,
          2.573628
        ],
        [
          -0.046577,
          -0.903874,
          -0.425255,
          1.516025
        ],
        [
          0.0,
          0.0,
          0.0,
          1.0
        ]
      ]
    },
    {
      "file_path": "/media/NFS/ttao/scannet/posed_images/scene0697_01/00541.jpg",
      "transform_matrix": [
        [
          -0.863165,
          0.221973,
          -0.453514,
          3.642336
        ],
        [
          0.5038,
          0.318774,
          -0.80285,
          2.548307
        ],
        [
          -0.033642,
          -0.921472,
          -0.386985,
          1.525466
        ],
        [
          0.0,
          0.0,
          0.0,
          1.0
        ]
      ]
    },
    {
      "file_path": "/media/NFS/ttao/scannet/posed_images/scene0697_01/00550.jpg",
      "transform_matrix": [
        [
          -0.888522,
          0.205532,
          -0.410224,
          3.665727
        ],
        [
          0.457847,
          0.338562,
          -0.822041,
          2.537513
        ],
        [
          -0.030069,
          -0.918222,
          -0.394922,
          1.529049
        ],
        [
          0.0,
          0.0,
          0.0,
          1.0
        ]
      ]
    },
    {
      "file_path": "/media/NFS/ttao/scannet/posed_images/scene0697_01/00553.jpg",
      "transform_matrix": [
        [
          -0.896041,
          0.202898,
          -0.394896,
          3.66828
        ],
        [
          0.442916,
          0.347246,
          -0.826587,
          2.535822
        ],
        [
          -0.030587,
          -0.915562,
          -0.401013,
          1.530078
        ],
        [
          0.0,
          0.0,
          0.0,
          1.0
        ]
      ]
    },
    {
      "file_path": "/media/NFS/ttao/scannet/posed_images/scene0697_01/00572.jpg",
      "transform_matrix": [
        [
          -0.953372,
          0.169649,
          -0.249601,
          3.751595
        ],
        [
          0.298215,
          0.402496,
          -0.865485,
          2.523458
        ],
        [
          -0.046365,
          -0.899564,
          -0.434321,
          1.525566
        ],
        [
          0.0,
          0.0,
          0.0,
          1.0
        ]
      ]
    },
    {
      "file_path": "/media/NFS/ttao/scannet/posed_images/scene0697_01/00581.jpg",
      "transform_matrix": [
        [
          -0.973849,
          0.134585,
          -0.183041,
          3.786165
        ],
        [
          0.224586,
          0.448544,
          -0.865083,
          2.520905
        ],
        [
          -0.034325,
          -0.883569,
          -0.467041,
          1.514607
        ],
        [
          0.0,
          0.0,
          0.0,
          1.0
        ]
      ]
    },
    {
      "file_path": "/media/NFS/ttao/scannet/posed_images/scene0697_01/00584.jpg",
      "transform_matrix": [
        [
          -0.976236,
          0.124619,
          -0.177291,
          3.799158
        ],
        [
          0.214938,
          0.45247,
          -0.86549,
          2.515781
        ],
        [
          -0.027638,
          -0.88303,
          -0.468503,
          1.519026
        ],
        [
          0.0,
          0.0,
          0.0,
          1.0
        ]
      ]
    },
    {
      "file_path": "/media/NFS/ttao/scannet/posed_images/scene0697_01/00596.jpg",
      "transform_matrix": [
        [
          -0.985343,
          0.097419,
          -0.140029,
          3.862682
        ],
        [
          0.169459,
          0.464918,
          -0.868985,
          2.510114
        ],
        [
          -0.019554,
          -0.879978,
          -0.474613,
          1.512486
        ],
        [
          0.0,
          0.0,
          0.0,
          1.0
        ]
      ]
    },
    {
      "file_path": "/media/NFS/ttao/scannet/posed_images/scene0697_01/00612.jpg",
      "transform_matrix": [
        [
          -0.999741,
          -0.001338,
          0.02273,
          3.908917
        ],
        [
          -0.021226,
          0.415978,
          -0.909127,
          2.504057
        ],
        [
          -0.008239,
          -0.909374,
          -0.415898,
          1.538733
        ],
        [
          0.0,
          0.0,
          0.0,
          1.0
        ]
      ]
    },
    {
      "file_path": "/media/NFS/ttao/scannet/posed_images/scene0697_01/00615.jpg",
      "transform_matrix": [
        [
          -0.998338,
          -0.018562,
          0.054561,
          3.912513
        ],
        [
          -0.057407,
          0.403975,
          -0.912967,
          2.501873
        ],
        [
          -0.005095,
          -0.914582,
          -0.404369,
          1.542186
        ],
        [
          0.0,
          0.0,
          0.0,
          1.0
        ]
      ]
    },
    {
      "file_path": "/media/NFS/ttao/scannet/posed_images/scene0697_01/00633.jpg",
      "transform_matrix": [
        [
          -0.963127,
          -0.09044,
          0.253391,
          3.937831
        ],
        [
          -0.268968,
          0.346456,
          -0.898679,
          2.511004
        ],
        [
          -0.006513,
          -0.933696,
          -0.358007,
          1.549483
        ],
        [
          0.0,
          0.0,
          0.0,
          1.0
        ]
      ]
    },
    {
      "file_path": "/media/NFS/ttao/scannet/posed_images/scene0697_01/00640.jpg",
      "transform_matrix": [
        [
          -0.945815,
          -0.1097,
          0.305613,
          3.938926
        ],
        [
          -0.324588,
          0.344668,
          -0.880821,
          2.520519
        ],
        [
          -0.008709,
          -0.932293,
          -0.3616,
          1.54898
        ],
        [
          0.0,
          0.0,
          0.0,
          1.0
        ]
      ]
    },
    {
      "file_path": "/media/NFS/ttao/scannet/posed_images/scene0697_01/00655.jpg",
      "transform_matrix": [
        [
          -0.887098,
          -0.201302,
          0.415373,
          3.957134
        ],
        [
          -0.461578,
          0.383419,
          -0.79996,
          2.592194
        ],
        [
          0.001772,
          -0.901369,
          -0.433047,
          1.558448
        ],
        [
          0.0,
          0.0,
          0.0,
          1.0
        ]
      ]
    },
    {
      "file_path": "/media/NFS/ttao/scannet/posed_images/scene0697_01/00664.jpg",
      "transform_matrix": [
        [
          -0.868226,
          -0.21523,
          0.447057,
          4.001859
        ],
        [
          -0.4961,
          0.361492,
          -0.789436,
          2.669331
        ],
        [
          0.008303,
          -0.907193,
          -0.420632,
          1.560675
        ],
        [
          0.0,
          0.0,
          0.0,
          1.0
        ]
      ]
    },
    {
      "file_path": "/media/NFS/ttao/scannet/posed_images/scene0697_01/00671.jpg",
      "transform_matrix": [
        [
          -0.841367,
          -0.231699,
          0.48828,
          4.043226
        ],
        [
          -0.540254,
          0.33529,
          -0.771821,
          2.750593
        ],
        [
          0.015115,
          -0.913179,
          -0.407278,
          1.559577
        ],
        [
          0.0,
          0.0,
          0.0,
          1.0
        ]
      ]
    },
    {
      "file_path": "/media/NFS/ttao/scannet/posed_images/scene0697_01/00686.jpg",
      "transform_matrix": [
        [
          -0.831874,
          -0.257173,
          0.491781,
          4.075058
        ],
        [
          -0.553201,
          0.313673,
          -0.771737,
          2.831061
        ],
        [
          0.044211,
          -0.914042,
          -0.403204,
          1.557669
        ],
        [
          0.0,
          0.0,
          0.0,
          1.0
        ]
      ]
    },
    {
      "file_path": "/media/NFS/ttao/scannet/posed_images/scene0697_01/00689.jpg",
      "transform_matrix": [
        [
          -0.83786,
          -0.254478,
          0.48294,
          4.073356
        ],
        [
          -0.543777,
          0.311419,
          -0.77931,
          2.835298
        ],
        [
          0.047921,
          -0.915565,
          -0.399305,
          1.558176
        ],
        [
          0.0,
          0.0,
          0.0,
          1.0
        ]
      ]
    },
    {
      "file_path": "/media/NFS/ttao/scannet/posed_images/scene0697_01/00705.jpg",
      "transform_matrix": [
        [
          -0.85405,
          -0.239205,
          0.461929,
          4.057693
        ],
        [
          -0.517173,
          0.29495,
          -0.803453,
          2.864661
        ],
        [
          0.055945,
          -0.925087,
          -0.375612,
          1.565819
        ],
        [
          0.0,
          0.0,
          0.0,
          1.0
        ]
      ]
    },
    {
      "file_path": "/media/NFS/ttao/scannet/posed_images/scene0697_01/00708.jpg",
      "transform_matrix": [
        [
          -0.852466,
          -0.24216,
          0.463315,
          4.057107
        ],
        [
          -0.519437,
          0.292231,
          -0.802986,
          2.869818
        ],
        [
          0.059056,
          -0.925181,
          -0.374903,
          1.564759
        ],
        [
          0.0,
          0.0,
          0.0,
          1.0
        ]
      ]
    },
    {
      "file_path": "/media/NFS/ttao/scannet/posed_images/scene0697_01/00726.jpg",
      "transform_matrix": [
        [
          -0.702272,
          -0.320679,
          0.635593,
          4.090551
        ],
        [
          -0.704925,
          0.188488,
          -0.683779,
          2.896884
        ],
        [
          0.099472,
          -0.928244,
          -0.358425,
          1.547936
        ],
        [
          0.0,
          0.0,
          0.0,
          1.0
        ]
      ]
    },
    {
      "file_path": "/media/NFS/ttao/scannet/posed_images/scene0697_01/00732.jpg",
      "transform_matrix": [
        [
          -0.657402,
          -0.348023,
          0.668358,
          4.102564
        ],
        [
          -0.746365,
          0.178624,
          -0.641118,
          2.903936
        ],
        [
          0.103739,
          -0.920312,
          -0.37718,
          1.549972
        ],
        [
          0.0,
          0.0,
          0.0,
          1.0
        ]
      ]
    },
    {
      "file_path": "/media/NFS/ttao/scannet/posed_images/scene0697_01/00742.jpg",
      "transform_matrix": [
        [
          -0.579349,
          -0.369364,
          0.726584,
          4.123218
        ],
        [
          -0.810057,
          0.162116,
          -0.563494,
          2.930271
        ],
        [
          0.090344,
          -0.915035,
          -0.393128,
          1.549686
        ],
        [
          0.0,
          0.0,
          0.0,
          1.0
        ]
      ]
    },
    {
      "file_path": "/media/NFS/ttao/scannet/posed_images/scene0697_01/00754.jpg",
      "transform_matrix": [
        [
          -0.526457,
          -0.382825,
          0.759136,
          4.158277
        ],
        [
          -0.846241,
          0.149868,
          -0.511288,
          2.985084
        ],
        [
          0.081964,
          -0.911584,
          -0.402861,
          1.540958
        ],
        [
          0.0,
          0.0,
          0.0,
          1.0
        ]
      ]
    },
    {
      "file_path": "/media/NFS/ttao/scannet/posed_images/scene0697_01/00766.jpg",
      "transform_matrix": [
        [
          -0.478106,
          -0.370027,
          0.796552,
          4.189568
        ],
        [
          -0.87555,
          0.129053,
          -0.465573,
          3.042501
        ],
        [
          0.069477,
          -0.920014,
          -0.385678,
          1.542137
        ],
        [
          0.0,
          0.0,
          0.0,
          1.0
        ]
      ]
    },
    {
      "file_path": "/media/NFS/ttao/scannet/posed_images/scene0697_01/00776.jpg",
      "transform_matrix": [
        [
          -0.427407,
          -0.373246,
          0.823414,
          4.212743
        ],
        [
          -0.901299,
          0.104796,
          -0.420331,
          3.089051
        ],
        [
          0.070596,
          -0.921795,
          -0.381197,
          1.53873
        ],
        [
          0.0,
          0.0,
          0.0,
          1.0
        ]
      ]
    },
    {
      "file_path": "/media/NFS/ttao/scannet/posed_images/scene0697_01/00788.jpg",
      "transform_matrix": [
        [
          -0.378047,
          -0.349047,
          0.857465,
          4.24249
        ],
        [
          -0.922854,
          0.068421,
          -0.379025,
          3.136802
        ],
        [
          0.073629,
          -0.934604,
          -0.347986,
          1.539525
        ],
        [
          0.0,
          0.0,
          0.0,
          1.0
        ]
      ]
    },
    {
      "file_path": "/media/NFS/ttao/scannet/posed_images/scene0697_01/00797.jpg",
      "transform_matrix": [
        [
          -0.363816,
          -0.314734,
          0.876687,
          4.267458
        ],
        [
          -0.928038,
          0.041748,
          -0.370139,
          3.172529
        ],
        [
          0.079895,
          -0.948262,
