{
  "frames": [
    {
      "file_path": "/media/NFS/ttao/scannet/posed_images/scene0157_00/00000.jpg",
      "transform_matrix": [
        [
          -0.610102,
          0.375008,
          -0.697958,
          2.349929
        ],
        [
          0.791763,
          0.255448,
          -0.554849,
          1.419923
        ],
        [
          -0.029781,
          -0.891132,
          -0.452767,
          1.358478
        ],
        [
          0.0,
          0.0,
          0.0,
          1.0
        ]
      ]
    },
    {
      "file_path": "/media/NFS/ttao/scannet/posed_images/scene0157_00/00004.jpg",
      "transform_matrix": [
        [
          -0.595396,
          0.37569,
          -0.710183,
          2.35612
        ],
        [
          0.803242,
          0.259116,
          -0.536341,
          1.420569
        ],
        [
          -0.017478,
          -0.889784,
          -0.456047,
          1.361782
        ],
        [
          0.0,
          0.0,
          0.0,
          1.0
        ]
      ]
    },
    {
      "file_path": "/media/NFS/ttao/scannet/posed_images/scene0157_00/00010.jpg",
      "transform_matrix": [
        [
          -0.57054,
          0.372805,
          -0.731779,
          2.356882
        ],
        [
          0.821113,
          0.241518,
          -0.517148,
          1.415344
        ],
        [
          -0.016057,
          -0.895927,
          -0.443911,
          1.369818
        ],
        [
          0.0,
          0.0,
          0.0,
          1.0
        ]
      ]
    },
    {
      "file_path": "/media/NFS/ttao/scannet/posed_images/scene0157_00/00015.jpg",
      "transform_matrix": [
        [
          -0.549636,
          0.377631,
          -0.745182,
          2.360239
        ],
        [
          0.835151,
          0.226415,
          -0.501257,
          1.421674
        ],
        [
          -0.02057,
          -0.897848,
          -0.439825,
          1.369778
        ],
        [
          0.0,
          0.0,
          0.0,
          1.0
        ]
      ]
    },
    {
      "file_path": "/media/NFS/ttao/scannet/posed_images/scene0157_00/00018.jpg",
      "transform_matrix": [
        [
          -0.5373,
          0.38223,
          -0.751804,
          2.359595
        ],
        [
          0.84306,
          0.218437,
          -0.491462,
          1.419134
        ],
        [
          -0.02363,
          -0.897878,
          -0.439609,
          1.373956
        ],
        [
          0.0,
          0.0,
          0.0,
          1.0
        ]
      ]
    },
    {
      "file_path": "/media/NFS/ttao/scannet/posed_images/scene0157_00/00022.jpg",
      "transform_matrix": [
        [
          -0.5233,
          0.388824,
          -0.75827,
          2.364932
        ],
        [
          0.851345,
          0.199903,
          -0.485027,
          1.424984
        ],
        [
          -0.037009,
          -0.899364,
          -0.435633,
          1.37146
        ],
        [
          0.0,
          0.0,
          0.0,
          1.0
        ]
      ]
    },
    {
      "file_path": "/media/NFS/ttao/scannet/posed_images/scene0157_00/00023.jpg",
      "transform_matrix": [
        [
          -0.519355,
          0.391309,
          -0.759702,
          2.365975
        ],
        [
          0.853735,
          0.198565,
          -0.481362,
          1.423682
        ],
        [
          -0.037511,
          -0.898582,
          -0.4372,
          1.371567
        ],
        [
          0.0,
          0.0,
          0.0,
          1.0
        ]
      ]
    },
    {
      "file_path": "/media/NFS/ttao/scannet/posed_images/scene0157_00/00028.jpg",
      "transform_matrix": [
        [
          -0.489745,
          0.406876,
          -0.771104,
          2.368184
        ],
        [
          0.870931,
          0.187356,
          -0.454288,
          1.41967
        ],
        [
          -0.040368,
          -0.894064,
          -0.446117,
          1.373697
        ],
        [
          0.0,
          0.0,
          0.0,
          1.0
        ]
      ]
    },
    {
      "file_path": "/media/NFS/ttao/scannet/posed_images/scene0157_00/00034.jpg",
      "transform_matrix": [
        [
          -0.455537,
          0.420452,
          -0.78467,
          2.380479
        ],
        [
          0.889003,
          0.168836,
          -0.425639,
          1.413245
        ],
        [
          -0.04648,
          -0.891468,
          -0.450694,
          1.371176
        ],
        [
          0.0,
          0.0,
          0.0,
          1.0
        ]
      ]
    },
    {
      "file_path": "/media/NFS/ttao/scannet/posed_images/scene0157_00/00036.jpg",
      "transform_matrix": [
        [
          -0.450532,
          0.423144,
          -0.786111,
          2.384225
        ],
        [
          0.891745,
          0.171317,
          -0.418857,
          1.414865
        ],
        [
          -0.042563,
          -0.889719,
          -0.45452,
          1.368894
        ],
        [
          0.0,
          0.0,
          0.0,
          1.0
        ]
      ]
    },
    {
      "file_path": "/media/NFS/ttao/scannet/posed_images/scene0157_00/00042.jpg",
      "transform_matrix": [
        [
          -0.400499,
          0.438126,
          -0.804765,
          2.391182
        ],
        [
          0.915875,
          0.164732,
          -0.366111,
          1.41793
        ],
        [
          -0.027832,
          -0.88369,
          -0.467244,
          1.357563
        ],
        [
          0.0,
          0.0,
          0.0,
          1.0
        ]
      ]
    },
    {
      "file_path": "/media/NFS/ttao/scannet/posed_images/scene0157_00/00047.jpg",
      "transform_matrix": [
        [
          -0.364851,
          0.459989,
          -0.809502,
          2.386762
        ],
        [
          0.930182,
          0.142199,
          -0.338439,
          1.423095
        ],
        [
          -0.040568,
          -0.876464,
          -0.479755,
          1.357643
        ],
        [
          0.0,
          0.0,
          0.0,
          1.0
        ]
      ]
    },
    {
      "file_path": "/media/NFS/ttao/scannet/posed_images/scene0157_00/00048.jpg",
      "transform_matrix": [
        [
          -0.356724,
          0.461566,
          -0.812222,
          2.382964
        ],
        [
          0.93343,
          0.140587,
          -0.330065,
          1.425818
        ],
        [
          -0.038159,
          -0.875895,
          -0.480991,
          1.357891
        ],
        [
          0.0,
          0.0,
          0.0,
          1.0
        ]
      ]
    },
    {
      "file_path": "/media/NFS/ttao/scannet/posed_images/scene0157_00/00053.jpg",
      "transform_matrix": [
        [
          -0.291498,
          0.469251,
          -0.833567,
          2.362425
        ],
        [
          0.956176,
          0.117882,
          -0.268013,
          1.435665
        ],
        [
          -0.027503,
          -0.875162,
          -0.483049,
          1.357808
        ],
        [
          0.0,
          0.0,
          0.0,
          1.0
        ]
      ]
    },
    {
      "file_path": "/media/NFS/ttao/scannet/posed_images/scene0157_00/00057.jpg",
      "transform_matrix": [
        [
          -0.231048,
          0.477992,
          -0.847432,
          2.337489
        ],
        [
          0.972432,
          0.08525,
          -0.217044,
          1.446966
        ],
        [
          -0.031501,
          -0.874217,
          -0.484512,
          1.365373
        ],
        [
          0.0,
          0.0,
          0.0,
          1.0
        ]
      ]
    },
    {
      "file_path": "/media/NFS/ttao/scannet/posed_images/scene0157_00/00063.jpg",
      "transform_matrix": [
        [
          -0.143877,
          0.481812,
          -0.864383,
          2.302546
        ],
        [
          0.988631,
          0.031434,
          -0.147037,
          1.455478
        ],
        [
          -0.043673,
          -0.875711,
          -0.480857,
          1.375533
        ],
        [
          0.0,
          0.0,
          0.0,
          1.0
        ]
      ]
    },
    {
      "file_path": "/media/NFS/ttao/scannet/posed_images/scene0157_00/00065.jpg",
      "transform_matrix": [
        [
          -0.119849,
          0.486833,
          -0.865234,
          2.290815
        ],
        [
          0.99156,
          0.015294,
          -0.128741,
          1.460081
        ],
        [
          -0.049443,
          -0.873361,
          -0.484557,
          1.375313
        ],
        [
          0.0,
          0.0,
          0.0,
          1.0
        ]
      ]
    },
    {
      "file_path": "/media/NFS/ttao/scannet/posed_images/scene0157_00/00071.jpg",
      "transform_matrix": [
        [
          -0.068704,
          0.498275,
          -0.864293,
          2.243232
        ],
        [
          0.996389,
          -0.009041,
          -0.084417,
          1.462111
        ],
        [
          -0.049877,
          -0.866972,
          -0.495855,
          1.383142
        ],
        [
          0.0,
          0.0,
          0.0,
          1.0
        ]
      ]
    },
    {
      "file_path": "/media/NFS/ttao/scannet/posed_images/scene0157_00/00074.jpg",
      "transform_matrix": [
        [
          -0.044258,
          0.486804,
          -0.872389,
          2.214914
        ],
        [
          0.997892,
          -0.019953,
          -0.061758,
          1.471348
        ],
        [
          -0.047471,
          -0.873283,
          -0.484895,
          1.389985
        ],
        [
          0.0,
          0.0,
          0.0,
          1.0
        ]
      ]
    },
    {
      "file_path": "/media/NFS/ttao/scannet/posed_images/scene0157_00/00080.jpg",
      "transform_matrix": [
        [
          -0.003651,
          0.488103,
          -0.872778,
          2.160322
        ],
        [
          0.998783,
          -0.041147,
          -0.027189,
          1.477492
        ],
        [
          -0.049183,
          -0.871815,
          -0.487359,
          1.388544
        ],
        [
          0.0,
          0.0,
          0.0,
          1.0
        ]
      ]
    },
    {
      "file_path": "/media/NFS/ttao/scannet/posed_images/scene0157_00/00084.jpg",
      "transform_matrix": [
        [
          0.016748,
          0.494505,
          -0.869013,
          2.123446
        ],
        [
          0.99812,
          -0.059519,
          -0.014632,
          1.48173
        ],
        [
          -0.058958,
          -0.867135,
          -0.494572,
          1.387441
        ],
        [
          0.0,
          0.0,
          0.0,
          1.0
        ]
      ]
    },
    {
      "file_path": "/media/NFS/ttao/scannet/posed_images/scene0157_00/00087.jpg",
      "transform_matrix": [
        [
          0.013868,
          0.498326,
          -0.866879,
          2.100573
        ],
        [
          0.997342,
          -0.068913,
          -0.023659,
          1.48684
        ],
        [
          -0.071529,
          -0.864247,
          -0.497957,
          1.388648
        ],
        [
          0.0,
          0.0,
          0.0,
          1.0
        ]
      ]
    },
    {
      "file_path": "/media/NFS/ttao/scannet/posed_images/scene0157_00/00090.jpg",
      "transform_matrix": [
        [
          0.022474,
          0.50208,
          -0.864529,
          2.081008
        ],
        [
          0.996443,
          -0.081496,
          -0.021426,
          1.495793
        ],
        [
          -0.081213,
          -0.860973,
          -0.502126,
          1.382905
        ],
        [
          0.0,
          0.0,
          0.0,
          1.0
        ]
      ]
    },
    {
      "file_path": "/media/NFS/ttao/scannet/posed_images/scene0157_00/00094.jpg",
      "transform_matrix": [
        [
          0.044498,
          0.513614,
          -0.856867,
          2.059996
        ],
        [
          0.995823,
          -0.091258,
          -0.002986,
          1.505576
        ],
        [
          -0.07973,
          -0.853155,
          -0.515529,
          1.370323
        ],
        [
          0.0,
          0.0,
          0.0,
          1.0
        ]
      ]
    },
    {
      "file_path": "/media/NFS/ttao/scannet/posed_images/scene0157_00/00100.jpg",
      "transform_matrix": [
        [
          0.076798,
          0.535135,
          -0.841268,
          2.029506
        ],
        [
          0.994932,
          -0.096051,
          0.029727,
          1.513003
        ],
        [
          -0.064897,
          -0.839288,
          -0.5398,
          1.365125
        ],
        [
          0.0,
          0.0,
          0.0,
          1.0
        ]
      ]
    },
    {
      "file_path": "/media/NFS/ttao/scannet/posed_images/scene0157_00/00103.jpg",
      "transform_matrix": [
        [
          0.097046,
          0.538492,
          -0.837024,
          2.021571
        ],
        [
          0.993638,
          -0.100707,
          0.050415,
          1.509194
        ],
        [
          -0.057146,
          -0.836591,
          -0.544839,
          1.360253
        ],
        [
          0.0,
          0.0,
          0.0,
          1.0
        ]
      ]
    },
    {
      "file_path": "/media/NFS/ttao/scannet/posed_images/scene0157_00/00106.jpg",
      "transform_matrix": [
        [
          0.126321,
          0.541875,
          -0.830911,
          2.014604
        ],
        [
          0.990082,
          -0.120791,
          0.071746,
          1.507096
        ],
        [
          -0.06149,
          -0.831733,
          -0.55176,
          1.357311
        ],
        [
          0.0,
          0.0,
          0.0,
          1.0
        ]
      ]
    },
    {
      "file_path": "/media/NFS/ttao/scannet/posed_images/scene0157_00/00112.jpg",
      "transform_matrix": [
        [
          0.18328,
          0.550162,
          -0.814696,
          2.004763
        ],
        [
          0.980567,
          -0.161306,
          0.111666,
          1.493791
        ],
        [
          -0.069981,
          -0.81933,
          -0.569034,
          1.369802
        ],
        [
          0.0,
          0.0,
          0.0,
          1.0
        ]
      ]
    },
    {
      "file_path": "/media/NFS/ttao/scannet/posed_images/scene0157_00/00117.jpg",
      "transform_matrix": [
        [
          0.235714,
          0.527645,
          -0.816107,
          2.004705
        ],
        [
          0.968492,
          -0.197006,
          0.152355,
          1.478287
        ],
        [
          -0.080389,
          -0.826305,
          -0.557457,
          1.38144
        ],
        [
          0.0,
          0.0,
          0.0,
          1.0
        ]
      ]
    },
    {
      "file_path": "/media/NFS/ttao/scannet/posed_images/scene0157_00/00120.jpg",
      "transform_matrix": [
        [
          0.274521,
          0.518666,
          -0.809706,
          2.002891
        ],
        [
          0.958362,
          -0.216419,
          0.186292,
          1.459408
        ],
        [
          -0.078612,
          -0.827133,
          -0.556481,
          1.384516
        ],
        [
          0.0,
          0.0,
          0.0,
          1.0
        ]
      ]
    },
    {
      "file_path": "/media/NFS/ttao/scannet/posed_images/scene0157_00/00126.jpg",
      "transform_matrix": [
        [
          0.352629,
          0.500932,
          -0.790392,
          1.994755
        ],
        [
          0.933873,
          -0.24205,
          0.263236,
          1.441702
        ],
        [
          -0.059451,
          -0.83095,
          -0.553161,
          1.398688
        ],
        [
          0.0,
          0.0,
          0.0,
          1.0
        ]
      ]
    },
    {
      "file_path": "/media/NFS/ttao/scannet/posed_images/scene0157_00/00128.jpg",
      "transform_matrix": [
        [
          0.37171,
          0.489786,
          -0.788633,
          1.994714
        ],
        [
          0.926734,
          -0.245858,
          0.284109,
          1.436146
        ],
        [
          -0.054739,
          -0.836459,
          -0.545289,
          1.404205
        ],
        [
          0.0,
          0.0,
          0.0,
          1.0
        ]
      ]
    },
    {
      "file_path": "/media/NFS/ttao/scannet/posed_images/scene0157_00/00133.jpg",
      "transform_matrix": [
        [
          0.40448,
          0.465979,
          -0.786931,
          2.001577
        ],
        [
          0.913417,
          -0.248595,
          0.322289,
          1.410591
        ],
        [
          -0.045448,
          -0.849155,
          -0.526185,
          1.40659
        ],
        [
          0.0,
          0.0,
          0.0,
          1.0
        ]
      ]
    },
    {
      "file_path": "/media/NFS/ttao/scannet/posed_images/scene0157_00/00137.jpg",
      "transform_matrix": [
        [
          0.428981,
          0.463328,
          -0.775437,
          2.003134
        ],
        [
          0.90218,
          -0.262755,
          0.342099,
          1.398685
        ],
        [
          -0.045246,
          -0.846338,
          -0.530721,
          1.4079
        ],
        [
          0.0,
          0.0,
          0.0,
          1.0
        ]
      ]
    },
    {
      "file_path": "/media/NFS/ttao/scannet/posed_images/scene0157_00/00142.jpg",
      "transform_matrix": [
        [
          0.45569,
          0.461332,
          -0.761262,
          1.998742
        ],
        [
          0.888733,
          -0.283832,
          0.359989,
          1.397176
        ],
        [
          -0.049996,
          -0.840603,
          -0.53934,
          1.412836
        ],
        [
          0.0,
          0.0,
          0.0,
          1.0
        ]
      ]
    },
    {
      "file_path": "/media/NFS/ttao/scannet/posed_images/scene0157_00/00144.jpg",
      "transform_matrix": [
        [
          0.467108,
          0.45718,
          -0.756833,
          1.995569
        ],
        [
          0.88266,
          -0.291597,
          0.368622,
          1.396818
        ],
        [
          -0.052164,
          -0.840213,
          -0.539742,
          1.413488
        ],
        [
          0.0,
          0.0,
          0.0,
          1.0
        ]
      ]
    },
    {
      "file_path": "/media/NFS/ttao/scannet/posed_images/scene0157_00/00150.jpg",
      "transform_matrix": [
        [
          0.493101,
          0.445814,
          -0.747062,
          1.98007
        ],
        [
          0.869045,
          -0.292046,
          0.399336,
          1.393704
        ],
        [
          -0.040147,
          -0.846143,
          -0.531441,
          1.41274
        ],
        [
          0.0,
          0.0,
          0.0,
          1.0
        ]
      ]
    },
    {
      "file_path": "/media/NFS/ttao/scannet/posed_images/scene0157_00/00154.jpg",
      "transform_matrix": [
        [
          0.50176,
          0.443625,
          -0.742586,
          1.963037
        ],
        [
          0.863923,
          -0.299966,
          0.404545,
          1.39109
        ],
        [
          -0.043284,
          -0.844522,
          -0.533769,
          1.411389
        ],
        [
          0.0,
          0.0,
          0.0,
          1.0
        ]
      ]
    },
    {
      "file_path": "/media/NFS/ttao/scannet/posed_images/scene0157_00/00155.jpg",
      "transform_matrix": [
        [
          0.50446,
          0.442601,
          -0.741367,
          1.956673
        ],
        [
          0.862296,
          -0.302348,
          0.406242,
          1.390218
        ],
        [
          -0.044347,
          -0.84421,
          -0.534175,
          1.410917
        ],
        [
          0.0,
          0.0,
          0.0,
          1.0
        ]
      ]
    },
    {
      "file_path": "/media/NFS/ttao/scannet/posed_images/scene0157_00/00163.jpg",
      "transform_matrix": [
        [
          0.527277,
          0.432662,
          -0.731288,
          1.892398
        ],
        [
          0.847905,
          -0.323736,
          0.419824,
          1.398523
        ],
        [
          -0.055102,
          -0.841427,
          -0.537555,
          1.409254
        ],
        [
          0.0,
          0.0,
          0.0,
          1.0
        ]
      ]
    },
    {
      "file_path": "/media/NFS/ttao/scannet/posed_images/scene0157_00/00165.jpg",
      "transform_matrix": [
        [
          0.53206,
          0.434881,
          -0.726492,
          1.870341
        ],
        [
          0.844927,
          -0.328297,
          0.422278,
          1.401151
        ],
        [
          -0.054864,
          -0.83851,
          -0.542117,
          1.407727
        ],
        [
          0.0,
          0.0,
          0.0,
          1.0
        ]
      ]
    },
    {
      "file_path": "/media/NFS/ttao/scannet/posed_images/scene0157_00/00169.jpg",
      "transform_matrix": [
        [
          0.542167,
          0.434447,
          -0.719243,
          1.822429
        ],
        [
          0.838801,
          -0.330427,
          0.432701,
          1.410862
        ],
        [
          -0.049671,
          -0.837898,
          -0.543562,
          1.406362
        ],
        [
          0.0,
          0.0,
          0.0,
          1.0
        ]
      ]
    },
    {
      "file_path": "/media/NFS/ttao/scannet/posed_images/scene0157_00/00175.jpg",
      "transform_matrix": [
        [
          0.551333,
          0.434648,
          -0.712119,
          1.751493
        ],
        [
          0.832428,
          -0.343523,
          0.434805,
          1.436246
        ],
        [
          -0.055642,
          -0.83251,
          -0.551209,
          1.407005
        ],
        [
          0.0,
          0.0,
          0.0,
          1.0
        ]
      ]
    },
    {
      "file_path": "/media/NFS/ttao/scannet/posed_images/scene0157_00/00179.jpg",
      "transform_matrix": [
        [
          0.57132,
          0.431225,
          -0.698311,
          1.704168
        ],
        [
          0.819213,
          -0.351285,
          0.453309,
          1.451707
        ],
        [
          -0.049828,
          -0.83105,
          -0.553961,
          1.404972
        ],
        [
          0.0,
          0.0,
          0.0,
          1.0
        ]
      ]
    },
    {
      "file_path": "/media/NFS/ttao/scannet/posed_images/scene0157_00/00181.jpg",
      "transform_matrix": [
        [
          0.587785,
          0.433428,
          -0.683117,
          1.680909
        ],
        [
          0.807869,
          -0.359426,
          0.467076,
          1.459581
        ],
        [
          -0.043086,
          -0.82641,
          -0.561418,
          1.401874
        ],
        [
          0.0,
          0.0,
          0.0,
          1.0
        ]
      ]
    },
    {
      "file_path": "/media/NFS/ttao/scannet/posed_images/scene0157_00/00184.jpg",
      "transform_matrix": [
        [
          0.606104,
          0.444088,
          -0.659866,
          1.653054
        ],
        [
          0.794516,
          -0.37682,
          0.476184,
          1.467382
        ],
        [
          -0.037183,
          -0.812891,
          -0.581227,
          1.393001
        ],
        [
          0.0,
          0.0,
          0.0,
          1.0
        ]
      ]
    },
    {
      "file_path": "/media/NFS/ttao/scannet/posed_images/scene0157_00/00190.jpg",
      "transform_matrix": [
        [
          0.633871,
          0.459023,
          -0.622499,
          1.5947
        ],
        [
          0.773258,
          -0.393493,
          0.497227,
          1.470579
        ],
        [
          -0.016711,
          -0.796531,
          -0.604367,
          1.37838
        ],
        [
          0.0,
          0.0,
          0.0,
          1.0
        ]
      ]
    },
    {
      "file_path": "/media/NFS/ttao/scannet/posed_images/scene0157_00/00195.jpg",
      "transform_matrix": [
        [
          0.661594,
          0.448871,
          -0.600674,
          1.534966
        ],
        [
          0.749842,
          -0.401932,
          0.525535,
          1.458659
        ],
        [
          -0.005532,
          -0.798101,
          -0.602498,
          1.374351
        ],
        [
          0.0,
          0.0,
          0.0,
          1.0
        ]
      ]
    },
    {
      "file_path": "/media/NFS/ttao/scannet/posed_images/scene0157_00/00200.jpg",
      "transform_matrix": [
        [
          0.728899,
          0.422611,
          -0.538616,
          1.444499
        ],
        [
          0.684547,
          -0.438294,
          0.582489,
          1.452286
        ],
        [
          0.010094,
          -0.793283,
          -0.608769,
          1.385309
        ],
        [
          0.0,
          0.0,
          0.0,
          1.0
        ]
      ]
    },
    {
      "file_path": "/media/NFS/ttao/scannet/posed_images/scene0157_00/00203.jpg",
      "transform_matrix": [
        [
          0.766018,
          0.397279,
          -0.505357,
          1.410755
        ],
        [
          0.642686,
          -0.457302,
          0.614679,
          1.45512
        ],
        [
          0.013098,
          -0.795641,
          -0.605627,
          1.386467
        ],
        [
          0.0,
          0.0,
          0.0,
          1.0
        ]
      ]
    },
    {
      "file_path": "/media/NFS/ttao/scannet/posed_images/scene0157_00/00205.jpg",
      "transform_matrix": [
        [
          0.781939,
          0.387643,
          -0.488164,
          1.391384
        ],
        [
          0.623193,
          -0.468261,
          0.626389,
          1.456948
        ],
        [
          0.014227,
          -0.794018,
          -0.607728,
          1.388533
        ],
        [
          0.0,
          0.0,
          0.0,
          1.0
        ]
      ]
    },
    {
      "file_path": "/media/NFS/ttao/scannet/posed_images/scene0157_00/00208.jpg",
      "transform_matrix": [
        [
          0.804293,
          0.371295,
          -0.463954,
          1.366679
        ],
        [
          0.593953,
          -0.478335,
          0.646851,
          1.462647
        ],
        [
          0.018247,
          -0.795824,
          -0.605253,
          1.390342
        ],
        [
          0.0,
          0.0,
          0.0,
          1.0
        ]
      ]
    },
    {
      "file_path": "/media/NFS/ttao/scannet/posed_images/scene0157_00/00214.jpg",
      "transform_matrix": [
        [
          0.833115,
          0.347787,
          -0.430075,
          1.317378
        ],
        [
          0.552749,
          -0.495818,
          0.669801,
          1.482008
        ],
        [
          0.019709,
          -0.795744,
          -0.605312,
          1.389933
        ],
        [
          0.0,
          0.0,
          0.0,
          1.0
        ]
      ]
    },
    {
      "file_path": "/media/NFS/ttao/scannet/posed_images/scene0157_00/00218.jpg",
      "transform_matrix": [
        [
          0.852324,
          0.32416,
          -0.410444,
          1.286644
        ],
        [
          0.523014,
          -0.527903,
          0.66916,
          1.505711
        ],
        [
          0.00024,
          -0.785009,
          -0.619484,
          1.386199
        ],
        [
          0.0,
          0.0,
          0.0,
          1.0
        ]
      ]
    },
    {
      "file_path": "/media/NFS/ttao/scannet/posed_images/scene0157_00/00222.jpg",
      "transform_matrix": [
        [
          0.881811,
          0.285305,
          -0.375514,
          1.240917
        ],
        [
          0.47112,
          -0.568944,
          0.674054,
          1.539503
        ],
        [
          -0.021335,
          -0.7713,
          -0.636114,
          1.393281
        ],
        [
          0.0,
          0.0,
          0.0,
          1.0
        ]
      ]
    },
    {
      "file_path": "/media/NFS/ttao/scannet/posed_images/scene0157_00/00225.jpg",
      "transform_matrix": [
        [
          0.897487,
          0.259261,
          -0.356793,
          1.219039
        ],
        [
          0.440052,
          -0.580549,
          0.685068,
          1.556005
        ],
        [
          -0.029524,
          -0.771847,
          -0.635123,
          1.394986
        ],
        [
          0.0,
          0.0,
          0.0,
          1.0
        ]
      ]
    },
    {
      "file_path": "/media/NFS/ttao/scannet/posed_images/scene0157_00/00229.jpg",
      "transform_matrix": [
        [
          0.913267,
          0.241575,
          -0.328003,
          1.194811
        ],
        [
          0.406697,
          -0.586734,
          0.700244,
          1.577835
        ],
        [
          -0.023289,
          -0.772907,
          -0.634092,
          1.397828
        ],
        [
          0.0,
          0.0,
          0.0,
          1.0
        ]
      ]
    },
    {
      "file_path": "/media/NFS/ttao/scannet/posed_images/scene0157_00/00233.jpg",
      "transform_matrix": [
        [
          0.930572,
          0.220804,
          -0.292031,
          1.177422
        ],
        [
          0.365726,
          -0.597131,
          0.713918,
          1.595255
        ],
        [
          -0.016745,
          -0.771155,
          -0.636427,
          1.392912
        ],
        [
          0.0,
          0.0,
          0.0,
          1.0
        ]
      ]
    },
    {
      "file_path": "/media/NFS/ttao/scannet/posed_images/scene0157_00/00238.jpg",
      "transform_matrix": [
        [
          0.953147,
          0.193068,
          -0.232884,
          1.153111
        ],
        [
          0.302502,
          -0.604264,
          0.737128,
          1.615529
        ],
        [
          0.001592,
          -0.773039,
          -0.634356,
          1.39096
        ],
        [
          0.0,
          0.0,
          0.0,
          1.0
        ]
      ]
    },
    {
      "file_path": "/media/NFS/ttao/scannet/posed_images/scene0157_00/00241.jpg",
      "transform_matrix": [
        [
          0.968433,
          0.163553,
          -0.188116,
          1.140286
        ],
        [
          0.249131,
          -0.609607,
          0.752538,
          1.631868
        ],
        [
          0.008403,
          -0.775648,
          -0.63111,
          1.388675
        ],
        [
          0.0,
          0.0,
          0.0,
          1.0
        ]
      ]
    },
    {
      "file_path": "/media/NFS/ttao/scannet/posed_images/scene0157_00/00249.jpg",
      "transform_matrix": [
        [
          0.99485,
          0.071097,
          -0.072244,
          1.097154
        ],
        [
          0.101071,
          -0.642015,
          0.760001,
          1.660404
        ],
        [
          0.007652,
          -0.763388,
          -0.645895,
          1.397863
        ],
        [
          0.0,
          0.0,
          0.0,
          1.0
        ]
      ]
    },
    {
      "file_path": "/media/NFS/ttao/scannet/posed_images/scene0157_00/00253.jpg",
      "transform_matrix": [
        [
          0.998738,
          0.004355,
          -0.050031,
          1.086908
        ],
        [
          0.040904,
          -0.648536,
          0.760084,
          1.674572
        ],
        [
          -0.029137,
          -0.761172,
          -0.647895,
          1.417429
        ],
        [
          0.0,
          0.0,
          0.0,
          1.0
        ]
      ]
    },
    {
      "file_path": "/media/NFS/ttao/scannet/posed_images/scene0157_00/00254.jpg",
      "transform_matrix": [
        [
          0.998998,
          -0.006313,
          -0.044307,
          1.084681
        ],
        [
          0.029572,
          -0.649966,
          0.759388,
          1.676064
        ],
        [
          -0.033593,
          -0.759937,
          -0.649128,
          1.420368
        ],
        [
          0.0,
          0.0,
          0.0,
          1.0
        ]
      ]
    },
    {
      "file_path": "/media/NFS/ttao/scannet/posed_images/scene0157_00/00261.jpg",
      "transform_matrix": [
        [
          0.997101,
          -0.072407,
          0.023376,
          1.089969
        ],
        [
          -0.064314,
          -0.637898,
          0.767431,
          1.685505
        ],
        [
          -0.040656,
          -0.76671,
          -0.640705,
          1.427727
        ],
        [
          0.0,
          0.0,
          0.0,
          1.0
        ]
      ]
    },
    {
      "file_path": "/media/NFS/ttao/scannet/posed_images/scene0157_00/00265.jpg",
      "transform_matrix": [
        [
          0.993378,
          -0.10254,
          0.051821,
          1.09649
        ],
        [
          -0.105134,
          -0.629409,
          0.769929,
          1.690929
        ],
        [
          -0.046332,
          -0.770279,
          -0.636022,
          1.431249
        ],
        [
          0.0,
          0.0,
          0.0,
          1.0
        ]
      ]
    },
    {
      "file_path": "/media/NFS/ttao/scannet/posed_images/scene0157_00/00266.jpg",
      "transform_matrix": [
        [
          0.992301,
          -0.10776,
          0.061043,
          1.097163
        ],
        [
          -0.115306,
          -0.623972,
          0.772893,
          1.690217
        ],
        [
          -0.045198,
          -0.773981,
          -0.631593,
          1.430623
        ],
        [
          0.0,
          0.0,
          0.0,
          1.0
        ]
      ]
    },
    {
      "file_path": "/media/NFS/ttao/scannet/posed_images/scene0157_00/00270.jpg",
      "transform_matrix": [
        [
          0.98769,
          -0.133126,
          0.082129,
          1.115705
        ],
        [
          -0.146992,
          -0.610386,
          0.778345,
          1.695326
        ],
        [
          -0.053488,
          -0.780837,
          -0.622441,
          1.437005
        ],
        [
          0.0,
          0.0,
          0.0,
          1.0
        ]
      ]
    },
    {
      "file_path": "/media/NFS/ttao/scannet/posed_images/scene0157_00/00275.jpg",
      "transform_matrix": [
        [
          0.979989,
          -0.15877,
          0.12005,
          1.131947
        ],
        [
          -0.192453,
          -0.601829,
          0.775089,
          1.702057
        ],
        [
          -0.050811,
          -0.782684,
          -0.620342,
          1.437563
        ],
        [
          0.0,
          0.0,
          0.0,
          1.0
        ]
      ]
    },
    {
      "file_path": "/media/NFS/ttao/scannet/posed_images/scene0157_00/00278.jpg",
      "transform_matrix": [
        [
          0.974904,
          -0.171108,
          0.142422,
          1.139204
        ],
        [
          -0.21751,
          -0.595733,
          0.77317,
          1.705277
        ],
        [
          -0.04745,
          -0.784745,
          -0.618,
          1.437795
        ],
        [
          0.0,
          0.0,
          0.0,
          1.0
        ]
      ]
    },
    {
      "file_path": "/media/NFS/ttao/scannet/posed_images/scene0157_00/00286.jpg",
      "transform_matrix": [
        [
          0.95914,
          -0.207222,
          0.192639,
          1.16312
        ],
        [
          -0.279193,
          -0.582874,
          0.763092,
          1.714128
        ],
        [
          -0.045845,
          -0.785695,
          -0.616913,
          1.438997
        ],
        [
          0.0,
          0.0,
          0.0,
          1.0
        ]
      ]
    },
    {
      "file_path": "/media/NFS/ttao/scannet/posed_images/scene0157_00/00290.jpg",
      "transform_matrix": [
        [
          0.950834,
          -0.230513,
          0.206829,
          1.175343
        ],
        [
          -0.30462,
          -0.575626,
          0.758855,
          1.718718
        ],
        [
          -0.05587,
          -0.784549,
          -0.617544,
          1.446588
        ],
        [
          0.0,
          0.0,
          0.0,
          1.0
        ]
      ]
    },
    {
      "file_path": "/media/NFS/ttao/scannet/posed_images/scene0157_00/00292.jpg",
      "transform_matrix": [
        [
          0.947121,
          -0.240561,
          0.212351,
          1.180097
        ],
        [
          -0.314943,
          -0.570232,
          0.758714,
          1.719899
        ],
        [
          -0.061428,
          -0.785472,
          -0.615842,
          1.449268
        ],
        [
          0.0,
          0.0,
          0.0,
          1.0
        ]
      ]
    },
    {
      "file_path": "/media/NFS/ttao/scannet/posed_images/scene0157_00/00294.jpg",
      "transform_matrix": [
        [
          0.94347,
          -0.248609,
          0.219222,
          1.183753
        ],
        [
          -0.32524,
          -0.566859,
          0.756895,
          1.722587
        ],
        [
          -0.063903,
          -0.785407,
          -0.615672,
          1.451102
        ],
        [
          0.0,
          0.0,
          0.0,
          1.0
        ]
      ]
    },
    {
      "file_path": "/media/NFS/ttao/scannet/posed_images/scene0157_00/00299.jpg",
      "transform_matrix": [
        [
          0.92676,
          -0.277948,
          0.252707,
          1.202493
        ],
        [
          -0.368678,
          -0.543936,
          0.753798,
          1.729248
        ],
        [
          -0.072059,
          -0.791757,
          -0.606571,
          1.454365
        ],
        [
          0.0,
          0.0,
          0.0,
          1.0
        ]
      ]
    },
    {
      "file_path": "/media/NFS/ttao/scannet/posed_images/scene0157_00/00303.jpg",
      "transform_matrix": [
        [
          0.906545,
          -0.314623,
          0.281406,
          1.23103
        ],
        [
          -0.412724,
          -0.520872,
          0.747229,
          1.737566
        ],
        [
          -0.088519,
          -0.793539,
          -0.602046,
          1.464905
        ],
        [
          0.0,
          0.0,
          0.0,
          1.0
        ]
      ]
    },
    {
      "file_path": "/media/NFS/ttao/scannet/posed_images/scene0157_00/00309.jpg",
      "transform_matrix": [
        [
          0.887929,
          -0.327502,
          0.322995,
          1.27246
        ],
        [
          -0.45333,
          -0.50407,
          0.735123,
          1.75038
        ],
        [
          -0.077942,
          -0.79916,
          -0.596044,
          1.464186
        ],
        [
          0.0,
          0.0,
          0.0,
          1.0
        ]
      ]
    },
    {
      "file_path": "/media/NFS/ttao/scannet/posed_images/scene0157_00/00313.jpg",
      "transform_matrix": [
        [
          0.876893,
          -0.345541,
          0.334155,
          1.304747
        ],
        [
          -0.472475,
          -0.491653,
          0.731468,
          1.755907
        ],
        [
          -0.088464,
          -0.799299,
          -0.594387,
          1.45856
        ],
        [
          0.0,
          0.0,
          0.0,
          1.0
        ]
      ]
    },
    {
      "file_path": "/media/NFS/ttao/scannet/posed_images/scene0157_00/00318.jpg",
      "transform_matrix": [
        [
          0.858947,
          -0.375153,
          0.348527,
          1.354366
        ],
        [
          -0.501931,
          -0.482094,
          0.718088,
          1.773278
        ],
        [
          -0.10137,
          -0.791736,
          -0.602394,
