{
  "frames": [
    {
      "file_path": "/media/NFS/ttao/scannet/posed_images/scene0596_01/00000.jpg",
      "transform_matrix": [
        [
          -0.982097,
          0.025546,
          -0.186636,
          4.725256
        ],
        [
          0.181948,
          0.385253,
          -0.904696,
          2.703707
        ],
        [
          0.048791,
          -0.922457,
          -0.383004,
          1.402482
        ],
        [
          0.0,
          0.0,
          0.0,
          1.0
        ]
      ]
    },
    {
      "file_path": "/media/NFS/ttao/scannet/posed_images/scene0596_01/00003.jpg",
      "transform_matrix": [
        [
          -0.980926,
          0.03092,
          -0.191907,
          4.732358
        ],
        [
          0.188937,
          0.383694,
          -0.903926,
          2.705552
        ],
        [
          0.045684,
          -0.922943,
          -0.382217,
          1.389754
        ],
        [
          0.0,
          0.0,
          0.0,
          1.0
        ]
      ]
    },
    {
      "file_path": "/media/NFS/ttao/scannet/posed_images/scene0596_01/00008.jpg",
      "transform_matrix": [
        [
          -0.978804,
          0.04133,
          -0.200587,
          4.733849
        ],
        [
          0.200223,
          0.399044,
          -0.894805,
          2.706595
        ],
        [
          0.04306,
          -0.916,
          -0.398861,
          1.371112
        ],
        [
          0.0,
          0.0,
          0.0,
          1.0
        ]
      ]
    },
    {
      "file_path": "/media/NFS/ttao/scannet/posed_images/scene0596_01/00009.jpg",
      "transform_matrix": [
        [
          -0.978866,
          0.043034,
          -0.199925,
          4.733843
        ],
        [
          0.199958,
          0.406391,
          -0.891551,
          2.705931
        ],
        [
          0.04288,
          -0.912685,
          -0.406407,
          1.369201
        ],
        [
          0.0,
          0.0,
          0.0,
          1.0
        ]
      ]
    },
    {
      "file_path": "/media/NFS/ttao/scannet/posed_images/scene0596_01/00013.jpg",
      "transform_matrix": [
        [
          -0.97805,
          0.047006,
          -0.203,
          4.736467
        ],
        [
          0.203267,
          0.429536,
          -0.879876,
          2.704341
        ],
        [
          0.045837,
          -0.901826,
          -0.429662,
          1.357496
        ],
        [
          0.0,
          0.0,
          0.0,
          1.0
        ]
      ]
    },
    {
      "file_path": "/media/NFS/ttao/scannet/posed_images/scene0596_01/00016.jpg",
      "transform_matrix": [
        [
          -0.979011,
          0.044614,
          -0.198866,
          4.738002
        ],
        [
          0.197969,
          0.440089,
          -0.87586,
          2.703993
        ],
        [
          0.048443,
          -0.896846,
          -0.439684,
          1.357431
        ],
        [
          0.0,
          0.0,
          0.0,
          1.0
        ]
      ]
    },
    {
      "file_path": "/media/NFS/ttao/scannet/posed_images/scene0596_01/00020.jpg",
      "transform_matrix": [
        [
          -0.977536,
          0.031639,
          -0.208382,
          4.730054
        ],
        [
          0.200863,
          0.439388,
          -0.875553,
          2.696791
        ],
        [
          0.063859,
          -0.89774,
          -0.435872,
          1.386818
        ],
        [
          0.0,
          0.0,
          0.0,
          1.0
        ]
      ]
    },
    {
      "file_path": "/media/NFS/ttao/scannet/posed_images/scene0596_01/00021.jpg",
      "transform_matrix": [
        [
          -0.977439,
          0.033871,
          -0.208486,
          4.726785
        ],
        [
          0.202144,
          0.436234,
          -0.876834,
          2.694817
        ],
        [
          0.06125,
          -0.899196,
          -0.433238,
          1.397639
        ],
        [
          0.0,
          0.0,
          0.0,
          1.0
        ]
      ]
    },
    {
      "file_path": "/media/NFS/ttao/scannet/posed_images/scene0596_01/00026.jpg",
      "transform_matrix": [
        [
          -0.976418,
          0.039822,
          -0.212186,
          4.705124
        ],
        [
          0.210833,
          0.387365,
          -0.897495,
          2.699693
        ],
        [
          0.046453,
          -0.921066,
          -0.386626,
          1.434243
        ],
        [
          0.0,
          0.0,
          0.0,
          1.0
        ]
      ]
    },
    {
      "file_path": "/media/NFS/ttao/scannet/posed_images/scene0596_01/00029.jpg",
      "transform_matrix": [
        [
          -0.977833,
          0.046448,
          -0.204169,
          4.690295
        ],
        [
          0.207254,
          0.353491,
          -0.91219,
          2.706806
        ],
        [
          0.029803,
          -0.934284,
          -0.355282,
          1.456299
        ],
        [
          0.0,
          0.0,
          0.0,
          1.0
        ]
      ]
    },
    {
      "file_path": "/media/NFS/ttao/scannet/posed_images/scene0596_01/00032.jpg",
      "transform_matrix": [
        [
          -0.974921,
          0.0575,
          -0.214995,
          4.6924
        ],
        [
          0.221792,
          0.33075,
          -0.917286,
          2.708489
        ],
        [
          0.018366,
          -0.941965,
          -0.335208,
          1.463797
        ],
        [
          0.0,
          0.0,
          0.0,
          1.0
        ]
      ]
    },
    {
      "file_path": "/media/NFS/ttao/scannet/posed_images/scene0596_01/00035.jpg",
      "transform_matrix": [
        [
          -0.974287,
          0.076513,
          -0.211922,
          4.682901
        ],
        [
          0.225295,
          0.319366,
          -0.920461,
          2.710578
        ],
        [
          -0.002747,
          -0.944537,
          -0.328393,
          1.478534
        ],
        [
          0.0,
          0.0,
          0.0,
          1.0
        ]
      ]
    },
    {
      "file_path": "/media/NFS/ttao/scannet/posed_images/scene0596_01/00038.jpg",
      "transform_matrix": [
        [
          -0.97579,
          0.079878,
          -0.203601,
          4.672446
        ],
        [
          0.218434,
          0.309216,
          -0.925566,
          2.719368
        ],
        [
          -0.010975,
          -0.947631,
          -0.319178,
          1.489236
        ],
        [
          0.0,
          0.0,
          0.0,
          1.0
        ]
      ]
    },
    {
      "file_path": "/media/NFS/ttao/scannet/posed_images/scene0596_01/00039.jpg",
      "transform_matrix": [
        [
          -0.976222,
          0.079667,
          -0.201605,
          4.666843
        ],
        [
          0.216431,
          0.305786,
          -0.927175,
          2.722885
        ],
        [
          -0.012218,
          -0.948761,
          -0.315757,
          1.493089
        ],
        [
          0.0,
          0.0,
          0.0,
          1.0
        ]
      ]
    },
    {
      "file_path": "/media/NFS/ttao/scannet/posed_images/scene0596_01/00044.jpg",
      "transform_matrix": [
        [
          -0.982218,
          0.091039,
          -0.164197,
          4.627691
        ],
        [
          0.183343,
          0.276804,
          -0.943274,
          2.755425
        ],
        [
          -0.040424,
          -0.956604,
          -0.288573,
          1.513047
        ],
        [
          0.0,
          0.0,
          0.0,
          1.0
        ]
      ]
    },
    {
      "file_path": "/media/NFS/ttao/scannet/posed_images/scene0596_01/00046.jpg",
      "transform_matrix": [
        [
          -0.983939,
          0.096892,
          -0.149918,
          4.606568
        ],
        [
          0.170935,
          0.269482,
          -0.947714,
          2.770301
        ],
        [
          -0.051426,
          -0.958119,
          -0.281716,
          1.521806
        ],
        [
          0.0,
          0.0,
          0.0,
          1.0
        ]
      ]
    },
    {
      "file_path": "/media/NFS/ttao/scannet/posed_images/scene0596_01/00050.jpg",
      "transform_matrix": [
        [
          -0.988046,
          0.093354,
          -0.122683,
          4.53367
        ],
        [
          0.140695,
          0.22075,
          -0.965129,
          2.811222
        ],
        [
          -0.063017,
          -0.970852,
          -0.231245,
          1.529642
        ],
        [
          0.0,
          0.0,
          0.0,
          1.0
        ]
      ]
    },
    {
      "file_path": "/media/NFS/ttao/scannet/posed_images/scene0596_01/00052.jpg",
      "transform_matrix": [
        [
          -0.989709,
          0.084392,
          -0.11556,
          4.507607
        ],
        [
          0.13115,
          0.211961,
          -0.968438,
          2.826619
        ],
        [
          -0.057234,
          -0.973628,
          -0.220848,
          1.529019
        ],
        [
          0.0,
          0.0,
          0.0,
          1.0
        ]
      ]
    },
    {
      "file_path": "/media/NFS/ttao/scannet/posed_images/scene0596_01/00056.jpg",
      "transform_matrix": [
        [
          -0.992687,
          0.076504,
          -0.093377,
          4.453079
        ],
        [
          0.108632,
          0.228833,
          -0.967386,
          2.851702
        ],
        [
          -0.052641,
          -0.970455,
          -0.23547,
          1.534241
        ],
        [
          0.0,
          0.0,
          0.0,
          1.0
        ]
      ]
    },
    {
      "file_path": "/media/NFS/ttao/scannet/posed_images/scene0596_01/00058.jpg",
      "transform_matrix": [
        [
          -0.992676,
          0.078812,
          -0.091554,
          4.43095
        ],
        [
          0.107443,
          0.229543,
          -0.96735,
          2.864522
        ],
        [
          -0.055224,
          -0.970102,
          -0.23633,
          1.533301
        ],
        [
          0.0,
          0.0,
          0.0,
          1.0
        ]
      ]
    },
    {
      "file_path": "/media/NFS/ttao/scannet/posed_images/scene0596_01/00061.jpg",
      "transform_matrix": [
        [
          -0.991915,
          0.087838,
          -0.091594,
          4.394825
        ],
        [
          0.109213,
          0.223253,
          -0.968623,
          2.882473
        ],
        [
          -0.064634,
          -0.970795,
          -0.231041,
          1.54472
        ],
        [
          0.0,
          0.0,
          0.0,
          1.0
        ]
      ]
    },
    {
      "file_path": "/media/NFS/ttao/scannet/posed_images/scene0596_01/00065.jpg",
      "transform_matrix": [
        [
          -0.989587,
          0.095637,
          -0.107574,
          4.365491
        ],
        [
          0.126144,
          0.216259,
          -0.968153,
          2.90395
        ],
        [
          -0.069327,
          -0.971641,
          -0.226071,
          1.556418
        ],
        [
          0.0,
          0.0,
          0.0,
          1.0
        ]
      ]
    },
    {
      "file_path": "/media/NFS/ttao/scannet/posed_images/scene0596_01/00067.jpg",
      "transform_matrix": [
        [
          -0.988202,
          0.100743,
          -0.11536,
          4.362699
        ],
        [
          0.134796,
          0.214504,
          -0.967377,
          2.912146
        ],
        [
          -0.072711,
          -0.971514,
          -0.225553,
          1.560295
        ],
        [
          0.0,
          0.0,
          0.0,
          1.0
        ]
      ]
    },
    {
      "file_path": "/media/NFS/ttao/scannet/posed_images/scene0596_01/00071.jpg",
      "transform_matrix": [
        [
          -0.987429,
          0.086895,
          -0.132034,
          4.343982
        ],
        [
          0.148069,
          0.216218,
          -0.965052,
          2.933646
        ],
        [
          -0.05531,
          -0.972471,
          -0.226366,
          1.541504
        ],
        [
          0.0,
          0.0,
          0.0,
          1.0
        ]
      ]
    },
    {
      "file_path": "/media/NFS/ttao/scannet/posed_images/scene0596_01/00075.jpg",
      "transform_matrix": [
        [
          -0.982782,
          0.084803,
          -0.164156,
          4.339847
        ],
        [
          0.179898,
          0.236571,
          -0.954815,
          2.949344
        ],
        [
          -0.042137,
          -0.967906,
          -0.247753,
          1.520203
        ],
        [
          0.0,
          0.0,
          0.0,
          1.0
        ]
      ]
    },
    {
      "file_path": "/media/NFS/ttao/scannet/posed_images/scene0596_01/00076.jpg",
      "transform_matrix": [
        [
          -0.982531,
          0.081317,
          -0.167394,
          4.333233
        ],
        [
          0.182712,
          0.250664,
          -0.950676,
          2.94834
        ],
        [
          -0.035346,
          -0.964653,
          -0.261143,
          1.532257
        ],
        [
          0.0,
          0.0,
          0.0,
          1.0
        ]
      ]
    },
    {
      "file_path": "/media/NFS/ttao/scannet/posed_images/scene0596_01/00081.jpg",
      "transform_matrix": [
        [
          -0.971121,
          0.084906,
          -0.222968,
          4.309004
        ],
        [
          0.237915,
          0.274534,
          -0.93168,
          2.947467
        ],
        [
          -0.017892,
          -0.957822,
          -0.286806,
          1.530344
        ],
        [
          0.0,
          0.0,
          0.0,
          1.0
        ]
      ]
    },
    {
      "file_path": "/media/NFS/ttao/scannet/posed_images/scene0596_01/00082.jpg",
      "transform_matrix": [
        [
          -0.968636,
          0.087531,
          -0.232557,
          4.300368
        ],
        [
          0.247838,
          0.27287,
          -0.92958,
          2.947726
        ],
        [
          -0.017909,
          -0.958061,
          -0.286005,
          1.528855
        ],
        [
          0.0,
          0.0,
          0.0,
          1.0
        ]
      ]
    },
    {
      "file_path": "/media/NFS/ttao/scannet/posed_images/scene0596_01/00087.jpg",
      "transform_matrix": [
        [
          -0.950698,
          0.121606,
          -0.285281,
          4.249906
        ],
        [
          0.308357,
          0.272757,
          -0.911329,
          2.937372
        ],
        [
          -0.033011,
          -0.954366,
          -0.296808,
          1.520385
        ],
        [
          0.0,
          0.0,
          0.0,
          1.0
        ]
      ]
    },
    {
      "file_path": "/media/NFS/ttao/scannet/posed_images/scene0596_01/00088.jpg",
      "transform_matrix": [
        [
          -0.947785,
          0.127867,
          -0.292154,
          4.23412
        ],
        [
          0.317053,
          0.279067,
          -0.906421,
          2.931225
        ],
        [
          -0.034371,
          -0.95172,
          -0.305036,
          1.533391
        ],
        [
          0.0,
          0.0,
          0.0,
          1.0
        ]
      ]
    },
    {
      "file_path": "/media/NFS/ttao/scannet/posed_images/scene0596_01/00091.jpg",
      "transform_matrix": [
        [
          -0.938782,
          0.12433,
          -0.321294,
          4.209573
        ],
        [
          0.343715,
          0.274635,
          -0.898018,
          2.91559
        ],
        [
          -0.023412,
          -0.953477,
          -0.300557,
          1.556252
        ],
        [
          0.0,
          0.0,
          0.0,
          1.0
        ]
      ]
    },
    {
      "file_path": "/media/NFS/ttao/scannet/posed_images/scene0596_01/00095.jpg",
      "transform_matrix": [
        [
          -0.928681,
          0.118032,
          -0.351597,
          4.147877
        ],
        [
          0.370624,
          0.260125,
          -0.891613,
          2.905514
        ],
        [
          -0.01378,
          -0.958334,
          -0.285318,
          1.583817
        ],
        [
          0.0,
          0.0,
          0.0,
          1.0
        ]
      ]
    },
    {
      "file_path": "/media/NFS/ttao/scannet/posed_images/scene0596_01/00099.jpg",
      "transform_matrix": [
        [
          -0.917214,
          0.123628,
          -0.378728,
          4.089098
        ],
        [
          0.398083,
          0.246813,
          -0.883523,
          2.899783
        ],
        [
          -0.015753,
          -0.961145,
          -0.275594,
          1.592262
        ],
        [
          0.0,
          0.0,
          0.0,
          1.0
        ]
      ]
    },
    {
      "file_path": "/media/NFS/ttao/scannet/posed_images/scene0596_01/00102.jpg",
      "transform_matrix": [
        [
          -0.907826,
          0.128108,
          -0.399301,
          4.062858
        ],
        [
          0.419048,
          0.241134,
          -0.875359,
          2.888414
        ],
        [
          -0.015855,
          -0.961999,
          -0.272591,
          1.600684
        ],
        [
          0.0,
          0.0,
          0.0,
          1.0
        ]
      ]
    },
    {
      "file_path": "/media/NFS/ttao/scannet/posed_images/scene0596_01/00104.jpg",
      "transform_matrix": [
        [
          -0.902316,
          0.13713,
          -0.408682,
          4.039443
        ],
        [
          0.430499,
          0.237672,
          -0.870737,
          2.885818
        ],
        [
          -0.022272,
          -0.961617,
          -0.273489,
          1.601751
        ],
        [
          0.0,
          0.0,
          0.0,
          1.0
        ]
      ]
    },
    {
      "file_path": "/media/NFS/ttao/scannet/posed_images/scene0596_01/00108.jpg",
      "transform_matrix": [
        [
          -0.898014,
          0.152697,
          -0.412618,
          3.989313
        ],
        [
          0.438451,
          0.232817,
          -0.868077,
          2.883257
        ],
        [
          -0.036488,
          -0.960458,
          -0.276024,
          1.598191
        ],
        [
          0.0,
          0.0,
          0.0,
          1.0
        ]
      ]
    },
    {
      "file_path": "/media/NFS/ttao/scannet/posed_images/scene0596_01/00109.jpg",
      "transform_matrix": [
        [
          -0.89729,
          0.156091,
          -0.412924,
          3.978037
        ],
        [
          0.439638,
          0.231507,
          -0.867827,
          2.879991
        ],
        [
          -0.039865,
          -0.960229,
          -0.276352,
          1.599123
        ],
        [
          0.0,
          0.0,
          0.0,
          1.0
        ]
      ]
    },
    {
      "file_path": "/media/NFS/ttao/scannet/posed_images/scene0596_01/00113.jpg",
      "transform_matrix": [
        [
          -0.893655,
          0.164615,
          -0.417472,
          3.939714
        ],
        [
          0.446469,
          0.232372,
          -0.8641,
          2.865791
        ],
        [
          -0.045235,
          -0.958596,
          -0.281156,
          1.601706
        ],
        [
          0.0,
          0.0,
          0.0,
          1.0
        ]
      ]
    },
    {
      "file_path": "/media/NFS/ttao/scannet/posed_images/scene0596_01/00118.jpg",
      "transform_matrix": [
        [
          -0.880247,
          0.167343,
          -0.44403,
          3.886806
        ],
        [
          0.473096,
          0.23714,
          -0.848496,
          2.839348
        ],
        [
          -0.036693,
          -0.956954,
          -0.287911,
          1.617739
        ],
        [
          0.0,
          0.0,
          0.0,
          1.0
        ]
      ]
    },
    {
      "file_path": "/media/NFS/ttao/scannet/posed_images/scene0596_01/00121.jpg",
      "transform_matrix": [
        [
          -0.866984,
          0.177487,
          -0.465659,
          3.846117
        ],
        [
          0.497176,
          0.244301,
          -0.832547,
          2.813636
        ],
        [
          -0.034005,
          -0.953318,
          -0.300047,
          1.618606
        ],
        [
          0.0,
          0.0,
          0.0,
          1.0
        ]
      ]
    },
    {
      "file_path": "/media/NFS/ttao/scannet/posed_images/scene0596_01/00123.jpg",
      "transform_matrix": [
        [
          -0.858839,
          0.182097,
          -0.478786,
          3.813672
        ],
        [
          0.511366,
          0.250037,
          -0.822184,
          2.793377
        ],
        [
          -0.030003,
          -0.950959,
          -0.30786,
          1.628608
        ],
        [
          0.0,
          0.0,
          0.0,
          1.0
        ]
      ]
    },
    {
      "file_path": "/media/NFS/ttao/scannet/posed_images/scene0596_01/00125.jpg",
      "transform_matrix": [
        [
          -0.8536,
          0.178959,
          -0.489226,
          3.793782
        ],
        [
          0.520138,
          0.241046,
          -0.819361,
          2.775046
        ],
        [
          -0.028706,
          -0.953871,
          -0.29884,
          1.616158
        ],
        [
          0.0,
          0.0,
          0.0,
          1.0
        ]
      ]
    },
    {
      "file_path": "/media/NFS/ttao/scannet/posed_images/scene0596_01/00129.jpg",
      "transform_matrix": [
        [
          -0.840112,
          0.19506,
          -0.506126,
          3.73882
        ],
        [
          0.541621,
          0.251285,
          -0.802186,
          2.723382
        ],
        [
          -0.029293,
          -0.948055,
          -0.316756,
          1.635735
        ],
        [
          0.0,
          0.0,
          0.0,
          1.0
        ]
      ]
    },
    {
      "file_path": "/media/NFS/ttao/scannet/posed_images/scene0596_01/00131.jpg",
      "transform_matrix": [
        [
          -0.824404,
          0.183102,
          -0.535566,
          3.628862
        ],
        [
          0.565766,
          0.239289,
          -0.789082,
          2.703395
        ],
        [
          -0.016327,
          -0.953527,
          -0.300864,
          1.591468
        ],
        [
          0.0,
          0.0,
          0.0,
          1.0
        ]
      ]
    },
    {
      "file_path": "/media/NFS/ttao/scannet/posed_images/scene0596_01/00134.jpg",
      "transform_matrix": [
        [
          -0.789601,
          0.184943,
          -0.585087,
          3.618009
        ],
        [
          0.61362,
          0.239394,
          -0.752437,
          2.663311
        ],
        [
          0.000908,
          -0.953146,
          -0.30251,
          1.590453
        ],
        [
          0.0,
          0.0,
          0.0,
          1.0
        ]
      ]
    },
    {
      "file_path": "/media/NFS/ttao/scannet/posed_images/scene0596_01/00138.jpg",
      "transform_matrix": [
        [
          -0.769675,
          0.196094,
          -0.607576,
          3.569673
        ],
        [
          0.638435,
          0.234197,
          -0.73318,
          2.613894
        ],
        [
          -0.001479,
          -0.952208,
          -0.305449,
          1.587838
        ],
        [
          0.0,
          0.0,
          0.0,
          1.0
        ]
      ]
    },
    {
      "file_path": "/media/NFS/ttao/scannet/posed_images/scene0596_01/00142.jpg",
      "transform_matrix": [
        [
          -0.743177,
          0.19809,
          -0.6391,
          3.541695
        ],
        [
          0.669085,
          0.225305,
          -0.708211,
          2.581163
        ],
        [
          0.003703,
          -0.953938,
          -0.29998,
          1.525315
        ],
        [
          0.0,
          0.0,
          0.0,
          1.0
        ]
      ]
    },
    {
      "file_path": "/media/NFS/ttao/scannet/posed_images/scene0596_01/00145.jpg",
      "transform_matrix": [
        [
          -0.724778,
          0.216145,
          -0.654201,
          3.509477
        ],
        [
          0.688982,
          0.228388,
          -0.687853,
          2.551815
        ],
        [
          0.000736,
          -0.949274,
          -0.31445,
          1.524618
        ],
        [
          0.0,
          0.0,
          0.0,
          1.0
        ]
      ]
    },
    {
      "file_path": "/media/NFS/ttao/scannet/posed_images/scene0596_01/00148.jpg",
      "transform_matrix": [
        [
          -0.704181,
          0.234362,
          -0.670226,
          3.463742
        ],
        [
          0.709965,
          0.244168,
          -0.660554,
          2.51548
        ],
        [
          0.008839,
          -0.940987,
          -0.338328,
          1.528932
        ],
        [
          0.0,
          0.0,
          0.0,
          1.0
        ]
      ]
    },
    {
      "file_path": "/media/NFS/ttao/scannet/posed_images/scene0596_01/00151.jpg",
      "transform_matrix": [
        [
          -0.683602,
          0.246473,
          -0.686979,
          3.451371
        ],
        [
          0.729844,
          0.236146,
          -0.641532,
          2.485843
        ],
        [
          0.004107,
          -0.93994,
          -0.341317,
          1.509671
        ],
        [
          0.0,
          0.0,
          0.0,
          1.0
        ]
      ]
    },
    {
      "file_path": "/media/NFS/ttao/scannet/posed_images/scene0596_01/00153.jpg",
      "transform_matrix": [
        [
          -0.668997,
          0.26394,
          -0.694823,
          3.401304
        ],
        [
          0.743248,
          0.243902,
          -0.622972,
          2.457011
        ],
        [
          0.005042,
          -0.933192,
          -0.359343,
          1.528982
        ],
        [
          0.0,
          0.0,
          0.0,
          1.0
        ]
      ]
    },
    {
      "file_path": "/media/NFS/ttao/scannet/posed_images/scene0596_01/00155.jpg",
      "transform_matrix": [
        [
          -0.659363,
          0.270783,
          -0.701368,
          3.374406
        ],
        [
          0.751818,
          0.241278,
          -0.61364,
          2.443407
        ],
        [
          0.003062,
          -0.931913,
          -0.36267,
          1.546389
        ],
        [
          0.0,
          0.0,
          0.0,
          1.0
        ]
      ]
    },
    {
      "file_path": "/media/NFS/ttao/scannet/posed_images/scene0596_01/00158.jpg",
      "transform_matrix": [
        [
          -0.648556,
          0.26382,
          -0.713984,
          3.346862
        ],
        [
          0.76112,
          0.235186,
          -0.60447,
          2.423786
        ],
        [
          0.008448,
          -0.935461,
          -0.35333,
          1.556064
        ],
        [
          0.0,
          0.0,
          0.0,
          1.0
        ]
      ]
    },
    {
      "file_path": "/media/NFS/ttao/scannet/posed_images/scene0596_01/00163.jpg",
      "transform_matrix": [
        [
          -0.616656,
          0.220913,
          -0.755601,
          3.344199
        ],
        [
          0.786498,
          0.214348,
          -0.579203,
          2.386859
        ],
        [
          0.034008,
          -0.951448,
          -0.305926,
          1.53568
        ],
        [
          0.0,
          0.0,
          0.0,
          1.0
        ]
      ]
    },
    {
      "file_path": "/media/NFS/ttao/scannet/posed_images/scene0596_01/00164.jpg",
      "transform_matrix": [
        [
          -0.613958,
          0.213403,
          -0.759944,
          3.338945
        ],
        [
          0.788422,
          0.212194,
          -0.577378,
          2.383809
        ],
        [
          0.038041,
          -0.953642,
          -0.29853,
          1.541185
        ],
        [
          0.0,
          0.0,
          0.0,
          1.0
        ]
      ]
    },
    {
      "file_path": "/media/NFS/ttao/scannet/posed_images/scene0596_01/00167.jpg",
      "transform_matrix": [
        [
          -0.595831,
          0.203015,
          -0.777027,
          3.34318
        ],
        [
          0.802194,
          0.196655,
          -0.563748,
          2.3617
        ],
        [
          0.038357,
          -0.959225,
          -0.280031,
          1.541762
        ],
        [
          0.0,
          0.0,
          0.0,
          1.0
        ]
      ]
    },
    {
      "file_path": "/media/NFS/ttao/scannet/posed_images/scene0596_01/00171.jpg",
      "transform_matrix": [
        [
          -0.550528,
          0.179925,
          -0.815197,
          3.399958
        ],
        [
          0.834751,
          0.130936,
          -0.534834,
          2.314655
        ],
        [
          0.010509,
          -0.974927,
          -0.222276,
          1.487474
        ],
        [
          0.0,
          0.0,
          0.0,
          1.0
        ]
      ]
    },
    {
      "file_path": "/media/NFS/ttao/scannet/posed_images/scene0596_01/00174.jpg",
      "transform_matrix": [
        [
          -0.527867,
          0.192352,
          -0.827259,
          3.409753
        ],
        [
          0.849231,
          0.104879,
          -0.517501,
          2.296036
        ],
        [
          -0.012781,
          -0.975705,
          -0.218714,
          1.495953
        ],
        [
          0.0,
          0.0,
          0.0,
          1.0
        ]
      ]
    },
    {
      "file_path": "/media/NFS/ttao/scannet/posed_images/scene0596_01/00177.jpg",
      "transform_matrix": [
        [
          -0.500928,
          0.210501,
          -0.8395,
          3.417231
        ],
        [
          0.864995,
          0.089007,
          -0.493823,
          2.278034
        ],
        [
          -0.029229,
          -0.973533,
          -0.226668,
          1.506125
        ],
        [
          0.0,
          0.0,
          0.0,
          1.0
        ]
      ]
    },
    {
      "file_path": "/media/NFS/ttao/scannet/posed_images/scene0596_01/00180.jpg",
      "transform_matrix": [
        [
          -0.441726,
          0.204503,
          -0.873531,
          3.472004
        ],
        [
          0.896144,
          0.054487,
          -0.440405,
          2.204462
        ],
        [
          -0.042468,
          -0.977348,
          -0.207332,
          1.444553
        ],
        [
          0.0,
          0.0,
          0.0,
          1.0
        ]
      ]
    },
    {
      "file_path": "/media/NFS/ttao/scannet/posed_images/scene0596_01/00183.jpg",
      "transform_matrix": [
        [
          -0.416565,
          0.220762,
          -0.881894,
          3.478409
        ],
        [
          0.907487,
          0.043102,
          -0.417864,
          2.215599
        ],
        [
          -0.054237,
          -0.974375,
          -0.218293,
          1.43994
        ],
        [
          0.0,
          0.0,
          0.0,
          1.0
        ]
      ]
    },
    {
      "file_path": "/media/NFS/ttao/scannet/posed_images/scene0596_01/00186.jpg",
      "transform_matrix": [
        [
          -0.376982,
          0.236906,
          -0.895411,
          3.459678
        ],
        [
          0.924852,
          0.043747,
          -0.377802,
          2.227724
        ],
        [
          -0.050332,
          -0.970547,
          -0.235595,
          1.437856
        ],
        [
          0.0,
          0.0,
          0.0,
          1.0
        ]
      ]
    },
    {
      "file_path": "/media/NFS/ttao/scannet/posed_images/scene0596_01/00191.jpg",
      "transform_matrix": [
        [
          -0.230727,
          0.262597,
          -0.936914,
          3.462497
        ],
        [
          0.971995,
          0.018036,
          -0.234311,
          2.097107
        ],
        [
          -0.044631,
          -0.964737,
          -0.259404,
          1.379286
        ],
        [
          0.0,
          0.0,
          0.0,
          1.0
        ]
      ]
    },
    {
      "file_path": "/media/NFS/ttao/scannet/posed_images/scene0596_01/00193.jpg",
      "transform_matrix": [
        [
          -0.201193,
          0.268341,
          -0.94208,
          3.446192
        ],
        [
          0.978543,
          0.011429,
          -0.205725,
          2.082434
        ],
        [
          -0.044437,
          -0.963256,
          -0.264883,
          1.377806
        ],
        [
          0.0,
          0.0,
          0.0,
          1.0
        ]
      ]
    },
    {
      "file_path": "/media/NFS/ttao/scannet/posed_images/scene0596_01/00195.jpg",
      "transform_matrix": [
        [
          -0.193577,
          0.271097,
          -0.942886,
          3.429235
        ],
        [
          0.980137,
          0.011194,
          -0.198006,
          2.1266
        ],
        [
          -0.043124,
          -0.962487,
          -0.267879,
          1.391006
        ],
        [
          0.0,
          0.0,
          0.0,
          1.0
        ]
      ]
    },
    {
      "file_path": "/media/NFS/ttao/scannet/posed_images/scene0596_01/00200.jpg",
      "transform_matrix": [
        [
          -0.123791,
          0.280763,
          -0.951761,
          3.375574
        ],
        [
          0.991184,
          -0.010663,
          -0.132064,
          2.126801
        ],
        [
          -0.047228,
          -0.959718,
          -0.276967,
          1.418204
        ],
        [
          0.0,
          0.0,
          0.0,
          1.0
        ]
      ]
    },
    {
      "file_path": "/media/NFS/ttao/scannet/posed_images/scene0596_01/00203.jpg",
      "transform_matrix": [
        [
          -0.106521,
          0.286299,
          -0.952201,
          3.350163
        ],
        [
          0.99341,
          -0.010103,
          -0.114169,
          2.152499
        ],
        [
          -0.042307,
          -0.958087,
          -0.283336,
          1.403347
        ],
        [
          0.0,
          0.0,
          0.0,
          1.0
        ]
      ]
    },
    {
      "file_path": "/media/NFS/ttao/scannet/posed_images/scene0596_01/00204.jpg",
      "transform_matrix": [
        [
          -0.084538,
          0.292305,
          -0.952581,
          3.33632
        ],
        [
          0.995603,
          -0.013942,
          -0.092635,
          2.113208
        ],
        [
          -0.040359,
          -0.956224,
          -0.289841,
          1.421447
        ],
        [
          0.0,
          0.0,
          0.0,
          1.0
        ]
      ]
    },
    {
      "file_path": "/media/NFS/ttao/scannet/posed_images/scene0596_01/00207.jpg",
      "transform_matrix": [
        [
          -0.037223,
          0.292678,
          -0.955486,
          3.280231
        ],
        [
          0.999076,
          -0.00965,
          -0.041877,
          2.086387
        ],
        [
          -0.021477,
          -0.956163,
          -0.292048,
          1.44852
        ],
        [
          0.0,
          0.0,
          0.0,
          1.0
        ]
      ]
    },
    {
      "file_path": "/media/NFS/ttao/scannet/posed_images/scene0596_01/00212.jpg",
      "transform_matrix": [
        [
          0.044378,
          0.271811,
          -0.961327,
          3.211957
        ],
        [
          0.998766,
          -0.033566,
          0.036616,
          2.086023
        ],
        [
          -0.022315,
          -0.961765,
          -0.272965,
          1.456784
        ],
        [
          0.0,
          0.0,
          0.0,
          1.0
        ]
      ]
    },
    {
      "file_path": "/media/NFS/ttao/scannet/posed_images/scene0596_01/00213.jpg",
      "transform_matrix": [
        [
          0.067936,
          0.269493,
          -0.960603,
          3.206182
        ],
        [
          0.997481,
          -0.03804,
          0.059872,
          2.069922
        ],
        [
          -0.020406,
          -0.962251,
          -0.271398,
          1.447707
        ],
        [
          0.0,
          0.0,
          0.0,
          1.0
        ]
      ]
    },
    {
      "file_path": "/media/NFS/ttao/scannet/posed_images/scene0596_01/00217.jpg",
      "transform_matrix": [
        [
          0.120637,
          0.279564,
          -0.952518,
          3.142187
        ],
        [
          0.992552,
          -0.050346,
          0.110931,
          2.019515
        ],
        [
          -0.016943,
          -0.958806,
          -0.283556,
          1.441901
        ],
        [
          0.0,
          0.0,
          0.0,
          1.0
        ]
      ]
    },
    {
      "file_path": "/media/NFS/ttao/scannet/posed_images/scene0596_01/00221.jpg",
      "transform_matrix": [
        [
          0.152903,
          0.300329,
          -0.9415,
          3.082538
        ],
        [
          0.988241,
          -0.047209,
          0.145435,
          1.993086
        ],
        [
          -0.000769,
          -0.952667,
          -0.304016,
          1.458231
        ],
        [
          0.0,
          0.0,
          0.0,
          1.0
        ]
      ]
    },
    {
      "file_path": "/media/NFS/ttao/scannet/posed_images/scene0596_01/00222.jpg",
      "transform_matrix": [
        [
          0.17309,
          0.293656,
          -0.94011,
          3.072033
        ],
        [
          0.984904,
          -0.049472,
          0.165885,
          1.953596
        ],
        [
          0.002204,
          -0.95463,
          -0.297786,
          1.443705
        ],
        [
          0.0,
          0.0,
          0.0,
          1.0
        ]
      ]
    },
    {
      "file_path": "/media/NFS/ttao/scannet/posed_images/scene0596_01/00227.jpg",
      "transform_matrix": [
        [
          0.278339,
          0.276575,
          -0.919801,
          2.99465
        ],
        [
          0.960438,
          -0.070884,
          0.269322,
          1.930135
        ],
        [
          0.009288,
          -0.958375,
          -0.285363,
          1.4879
        ],
        [
          0.0,
          0.0,
          0.0,
          1.0
        ]
      ]
    },
    {
      "file_path": "/media/NFS/ttao/scannet/posed_images/scene0596_01/00229.jpg",
      "transform_matrix": [
        [
          0.320294,
          0.280072,
          -0.90497,
          2.971673
        ],
        [
          0.947318,
          -0.094361,
          0.306079,
          1.914813
        ],
        [
          0.000331,
          -0.95533,
          -0.29554,
          1.505154
        ],
        [
          0.0,
          0.0,
          0.0,
          1.0
        ]
      ]
    },
    {
      "file_path": "/media/NFS/ttao/scannet/posed_images/scene0596_01/00232.jpg",
      "transform_matrix": [
        [
          0.376651,
          0.266161,
          -0.887295,
          2.951767
        ],
        [
          0.925967,
          -0.135893,
          0.352304,
          1.886894
        ],
        [
          -0.026807,
          -0.954302,
          -0.297641,
          1.48444
        ],
        [
          0.0,
          0.0,
          0.0,
          1.0
        ]
      ]
    },
    {
      "file_path": "/media/NFS/ttao/scannet/posed_images/scene0596_01/00236.jpg",
      "transform_matrix": [
        [
          0.408619,
          0.263491,
          -0.873844,
          2.923732
        ],
        [
          0.912345,
          -0.14481,
          0.382958,
          1.841163
        ],
        [
          -0.025635,
          -0.953731,
