{
  "frames": [
    {
      "file_path": "/media/NFS/ttao/scannet/posed_images/scene0571_01/00002.jpg",
      "transform_matrix": [
        [
          0.97489,
          0.071097,
          -0.211034,
          3.288244
        ],
        [
          0.219419,
          -0.46848,
          0.855793,
          4.055297
        ],
        [
          -0.038021,
          -0.880609,
          -0.472316,
          1.38364
        ],
        [
          0.0,
          0.0,
          0.0,
          1.0
        ]
      ]
    },
    {
      "file_path": "/media/NFS/ttao/scannet/posed_images/scene0571_01/00005.jpg",
      "transform_matrix": [
        [
          0.974594,
          0.072875,
          -0.211793,
          3.288483
        ],
        [
          0.220901,
          -0.468979,
          0.855139,
          4.055943
        ],
        [
          -0.037008,
          -0.880198,
          -0.473162,
          1.383734
        ],
        [
          0.0,
          0.0,
          0.0,
          1.0
        ]
      ]
    },
    {
      "file_path": "/media/NFS/ttao/scannet/posed_images/scene0571_01/00011.jpg",
      "transform_matrix": [
        [
          0.972385,
          0.075646,
          -0.220784,
          3.275856
        ],
        [
          0.2297,
          -0.477615,
          0.848011,
          4.061079
        ],
        [
          -0.041301,
          -0.875307,
          -0.481801,
          1.393702
        ],
        [
          0.0,
          0.0,
          0.0,
          1.0
        ]
      ]
    },
    {
      "file_path": "/media/NFS/ttao/scannet/posed_images/scene0571_01/00016.jpg",
      "transform_matrix": [
        [
          0.956306,
          0.085126,
          -0.279699,
          3.274443
        ],
        [
          0.286333,
          -0.466043,
          0.837149,
          4.058134
        ],
        [
          -0.059089,
          -0.880658,
          -0.470054,
          1.394874
        ],
        [
          0.0,
          0.0,
          0.0,
          1.0
        ]
      ]
    },
    {
      "file_path": "/media/NFS/ttao/scannet/posed_images/scene0571_01/00027.jpg",
      "transform_matrix": [
        [
          0.901365,
          0.151876,
          -0.405555,
          3.241387
        ],
        [
          0.428948,
          -0.441868,
          0.787881,
          4.04062
        ],
        [
          -0.059542,
          -0.88413,
          -0.463431,
          1.396035
        ],
        [
          0.0,
          0.0,
          0.0,
          1.0
        ]
      ]
    },
    {
      "file_path": "/media/NFS/ttao/scannet/posed_images/scene0571_01/00031.jpg",
      "transform_matrix": [
        [
          0.884412,
          0.168419,
          -0.435258,
          3.239502
        ],
        [
          0.463746,
          -0.422011,
          0.779004,
          4.029646
        ],
        [
          -0.052485,
          -0.89081,
          -0.451335,
          1.385846
        ],
        [
          0.0,
          0.0,
          0.0,
          1.0
        ]
      ]
    },
    {
      "file_path": "/media/NFS/ttao/scannet/posed_images/scene0571_01/00040.jpg",
      "transform_matrix": [
        [
          0.865675,
          0.181666,
          -0.466481,
          3.228183
        ],
        [
          0.498301,
          -0.402017,
          0.768165,
          4.01922
        ],
        [
          -0.047984,
          -0.897429,
          -0.438541,
          1.384708
        ],
        [
          0.0,
          0.0,
          0.0,
          1.0
        ]
      ]
    },
    {
      "file_path": "/media/NFS/ttao/scannet/posed_images/scene0571_01/00042.jpg",
      "transform_matrix": [
        [
          0.866585,
          0.18323,
          -0.464172,
          3.228384
        ],
        [
          0.496776,
          -0.405026,
          0.767572,
          4.019996
        ],
        [
          -0.047359,
          -0.895757,
          -0.442015,
          1.385002
        ],
        [
          0.0,
          0.0,
          0.0,
          1.0
        ]
      ]
    },
    {
      "file_path": "/media/NFS/ttao/scannet/posed_images/scene0571_01/00047.jpg",
      "transform_matrix": [
        [
          0.868925,
          0.183373,
          -0.459722,
          3.222234
        ],
        [
          0.493235,
          -0.397941,
          0.773539,
          4.018901
        ],
        [
          -0.041096,
          -0.898898,
          -0.436227,
          1.389307
        ],
        [
          0.0,
          0.0,
          0.0,
          1.0
        ]
      ]
    },
    {
      "file_path": "/media/NFS/ttao/scannet/posed_images/scene0571_01/00056.jpg",
      "transform_matrix": [
        [
          0.844981,
          0.177061,
          -0.504635,
          3.21323
        ],
        [
          0.532212,
          -0.371066,
          0.76096,
          4.004201
        ],
        [
          -0.052517,
          -0.91157,
          -0.407778,
          1.393318
        ],
        [
          0.0,
          0.0,
          0.0,
          1.0
        ]
      ]
    },
    {
      "file_path": "/media/NFS/ttao/scannet/posed_images/scene0571_01/00064.jpg",
      "transform_matrix": [
        [
          0.82865,
          0.182958,
          -0.529022,
          3.200248
        ],
        [
          0.557711,
          -0.350766,
          0.752277,
          3.995615
        ],
        [
          -0.047928,
          -0.918417,
          -0.3927,
          1.399802
        ],
        [
          0.0,
          0.0,
          0.0,
          1.0
        ]
      ]
    },
    {
      "file_path": "/media/NFS/ttao/scannet/posed_images/scene0571_01/00065.jpg",
      "transform_matrix": [
        [
          0.827133,
          0.184753,
          -0.53077,
          3.199153
        ],
        [
          0.560085,
          -0.348997,
          0.751337,
          3.9948
        ],
        [
          -0.046425,
          -0.918732,
          -0.392144,
          1.400793
        ],
        [
          0.0,
          0.0,
          0.0,
          1.0
        ]
      ]
    },
    {
      "file_path": "/media/NFS/ttao/scannet/posed_images/scene0571_01/00073.jpg",
      "transform_matrix": [
        [
          0.814304,
          0.184197,
          -0.550436,
          3.193456
        ],
        [
          0.578509,
          -0.334817,
          0.743791,
          3.988879
        ],
        [
          -0.047291,
          -0.924105,
          -0.379202,
          1.403985
        ],
        [
          0.0,
          0.0,
          0.0,
          1.0
        ]
      ]
    },
    {
      "file_path": "/media/NFS/ttao/scannet/posed_images/scene0571_01/00082.jpg",
      "transform_matrix": [
        [
          0.780854,
          0.185151,
          -0.596646,
          3.194339
        ],
        [
          0.62171,
          -0.323866,
          0.713153,
          3.982225
        ],
        [
          -0.061192,
          -0.927809,
          -0.368003,
          1.401499
        ],
        [
          0.0,
          0.0,
          0.0,
          1.0
        ]
      ]
    },
    {
      "file_path": "/media/NFS/ttao/scannet/posed_images/scene0571_01/00087.jpg",
      "transform_matrix": [
        [
          0.764412,
          0.190151,
          -0.616049,
          3.197001
        ],
        [
          0.642037,
          -0.311708,
          0.700447,
          3.977861
        ],
        [
          -0.058836,
          -0.930957,
          -0.360357,
          1.40573
        ],
        [
          0.0,
          0.0,
          0.0,
          1.0
        ]
      ]
    },
    {
      "file_path": "/media/NFS/ttao/scannet/posed_images/scene0571_01/00093.jpg",
      "transform_matrix": [
        [
          0.75666,
          0.191972,
          -0.62499,
          3.190873
        ],
        [
          0.651318,
          -0.304681,
          0.694949,
          3.973382
        ],
        [
          -0.057012,
          -0.932908,
          -0.355574,
          1.411977
        ],
        [
          0.0,
          0.0,
          0.0,
          1.0
        ]
      ]
    },
    {
      "file_path": "/media/NFS/ttao/scannet/posed_images/scene0571_01/00100.jpg",
      "transform_matrix": [
        [
          0.741233,
          0.194774,
          -0.642367,
          3.186693
        ],
        [
          0.668709,
          -0.297403,
          0.681454,
          3.96664
        ],
        [
          -0.058312,
          -0.934674,
          -0.350692,
          1.416829
        ],
        [
          0.0,
          0.0,
          0.0,
          1.0
        ]
      ]
    },
    {
      "file_path": "/media/NFS/ttao/scannet/posed_images/scene0571_01/00102.jpg",
      "transform_matrix": [
        [
          0.730833,
          0.189533,
          -0.655713,
          3.189961
        ],
        [
          0.679597,
          -0.291418,
          0.673219,
          3.963712
        ],
        [
          -0.063489,
          -0.937632,
          -0.341784,
          1.413756
        ],
        [
          0.0,
          0.0,
          0.0,
          1.0
        ]
      ]
    },
    {
      "file_path": "/media/NFS/ttao/scannet/posed_images/scene0571_01/00107.jpg",
      "transform_matrix": [
        [
          0.707274,
          0.189366,
          -0.681105,
          3.187485
        ],
        [
          0.703955,
          -0.277085,
          0.653965,
          3.962186
        ],
        [
          -0.064886,
          -0.942,
          -0.329281,
          1.409674
        ],
        [
          0.0,
          0.0,
          0.0,
          1.0
        ]
      ]
    },
    {
      "file_path": "/media/NFS/ttao/scannet/posed_images/scene0571_01/00116.jpg",
      "transform_matrix": [
        [
          0.611496,
          0.261349,
          -0.746839,
          3.144754
        ],
        [
          0.788612,
          -0.278271,
          0.548321,
          3.977702
        ],
        [
          -0.064521,
          -0.924263,
          -0.376265,
          1.407285
        ],
        [
          0.0,
          0.0,
          0.0,
          1.0
        ]
      ]
    },
    {
      "file_path": "/media/NFS/ttao/scannet/posed_images/scene0571_01/00122.jpg",
      "transform_matrix": [
        [
          0.587723,
          0.295712,
          -0.753084,
          3.094649
        ],
        [
          0.808539,
          -0.248139,
          0.533565,
          4.007243
        ],
        [
          -0.029088,
          -0.922487,
          -0.384932,
          1.387062
        ],
        [
          0.0,
          0.0,
          0.0,
          1.0
        ]
      ]
    },
    {
      "file_path": "/media/NFS/ttao/scannet/posed_images/scene0571_01/00125.jpg",
      "transform_matrix": [
        [
          0.578299,
          0.304494,
          -0.756871,
          3.066187
        ],
        [
          0.81572,
          -0.230708,
          0.530448,
          4.021819
        ],
        [
          -0.013097,
          -0.924152,
          -0.3818,
          1.382342
        ],
        [
          0.0,
          0.0,
          0.0,
          1.0
        ]
      ]
    },
    {
      "file_path": "/media/NFS/ttao/scannet/posed_images/scene0571_01/00134.jpg",
      "transform_matrix": [
        [
          0.509651,
          0.350197,
          -0.785887,
          2.949491
        ],
        [
          0.860055,
          -0.232522,
          0.454135,
          4.07693
        ],
        [
          -0.023699,
          -0.907356,
          -0.419694,
          1.381671
        ],
        [
          0.0,
          0.0,
          0.0,
          1.0
        ]
      ]
    },
    {
      "file_path": "/media/NFS/ttao/scannet/posed_images/scene0571_01/00142.jpg",
      "transform_matrix": [
        [
          0.456014,
          0.360256,
          -0.813798,
          2.844965
        ],
        [
          0.889718,
          -0.206405,
          0.407184,
          4.12791
        ],
        [
          -0.021281,
          -0.909732,
          -0.41465,
          1.380471
        ],
        [
          0.0,
          0.0,
          0.0,
          1.0
        ]
      ]
    },
    {
      "file_path": "/media/NFS/ttao/scannet/posed_images/scene0571_01/00149.jpg",
      "transform_matrix": [
        [
          0.415504,
          0.354344,
          -0.837733,
          2.749415
        ],
        [
          0.909591,
          -0.160778,
          0.383139,
          4.178755
        ],
        [
          0.001074,
          -0.92119,
          -0.389112,
          1.397693
        ],
        [
          0.0,
          0.0,
          0.0,
          1.0
        ]
      ]
    },
    {
      "file_path": "/media/NFS/ttao/scannet/posed_images/scene0571_01/00154.jpg",
      "transform_matrix": [
        [
          0.382073,
          0.350324,
          -0.855156,
          2.674378
        ],
        [
          0.924073,
          -0.134378,
          0.357815,
          4.206112
        ],
        [
          0.010437,
          -0.926939,
          -0.375068,
          1.427725
        ],
        [
          0.0,
          0.0,
          0.0,
          1.0
        ]
      ]
    },
    {
      "file_path": "/media/NFS/ttao/scannet/posed_images/scene0571_01/00160.jpg",
      "transform_matrix": [
        [
          0.373271,
          0.33379,
          -0.865594,
          2.592417
        ],
        [
          0.927515,
          -0.114555,
          0.355798,
          4.216287
        ],
        [
          0.019604,
          -0.935661,
          -0.352356,
          1.426316
        ],
        [
          0.0,
          0.0,
          0.0,
          1.0
        ]
      ]
    },
    {
      "file_path": "/media/NFS/ttao/scannet/posed_images/scene0571_01/00167.jpg",
      "transform_matrix": [
        [
          0.405383,
          0.321441,
          -0.855769,
          2.45437
        ],
        [
          0.913936,
          -0.122394,
          0.386964,
          4.203219
        ],
        [
          0.019645,
          -0.938986,
          -0.343393,
          1.440375
        ],
        [
          0.0,
          0.0,
          0.0,
          1.0
        ]
      ]
    },
    {
      "file_path": "/media/NFS/ttao/scannet/posed_images/scene0571_01/00169.jpg",
      "transform_matrix": [
        [
          0.410253,
          0.325546,
          -0.851888,
          2.42242
        ],
        [
          0.911714,
          -0.124214,
          0.391596,
          4.199354
        ],
        [
          0.021666,
          -0.937332,
          -0.347764,
          1.441452
        ],
        [
          0.0,
          0.0,
          0.0,
          1.0
        ]
      ]
    },
    {
      "file_path": "/media/NFS/ttao/scannet/posed_images/scene0571_01/00178.jpg",
      "transform_matrix": [
        [
          0.369786,
          0.43231,
          -0.822415,
          2.298967
        ],
        [
          0.927347,
          -0.117122,
          0.355401,
          4.198824
        ],
        [
          0.057321,
          -0.894087,
          -0.444211,
          1.398994
        ],
        [
          0.0,
          0.0,
          0.0,
          1.0
        ]
      ]
    },
    {
      "file_path": "/media/NFS/ttao/scannet/posed_images/scene0571_01/00180.jpg",
      "transform_matrix": [
        [
          0.361231,
          0.461735,
          -0.810132,
          2.281106
        ],
        [
          0.929216,
          -0.105662,
          0.354108,
          4.206841
        ],
        [
          0.077904,
          -0.880702,
          -0.46722,
          1.389651
        ],
        [
          0.0,
          0.0,
          0.0,
          1.0
        ]
      ]
    },
    {
      "file_path": "/media/NFS/ttao/scannet/posed_images/scene0571_01/00187.jpg",
      "transform_matrix": [
        [
          0.246584,
          0.496268,
          -0.832415,
          2.252786
        ],
        [
          0.967098,
          -0.070528,
          0.244433,
          4.267066
        ],
        [
          0.062596,
          -0.8653,
          -0.49733,
          1.385298
        ],
        [
          0.0,
          0.0,
          0.0,
          1.0
        ]
      ]
    },
    {
      "file_path": "/media/NFS/ttao/scannet/posed_images/scene0571_01/00192.jpg",
      "transform_matrix": [
        [
          0.098155,
          0.492733,
          -0.864627,
          2.25455
        ],
        [
          0.993219,
          0.00588,
          0.116104,
          4.316995
        ],
        [
          0.062293,
          -0.870161,
          -0.488815,
          1.398978
        ],
        [
          0.0,
          0.0,
          0.0,
          1.0
        ]
      ]
    },
    {
      "file_path": "/media/NFS/ttao/scannet/posed_images/scene0571_01/00200.jpg",
      "transform_matrix": [
        [
          -0.06115,
          0.490667,
          -0.869199,
          2.236914
        ],
        [
          0.997015,
          0.071149,
          -0.029978,
          4.374146
        ],
        [
          0.047133,
          -0.868438,
          -0.493553,
          1.403028
        ],
        [
          0.0,
          0.0,
          0.0,
          1.0
        ]
      ]
    },
    {
      "file_path": "/media/NFS/ttao/scannet/posed_images/scene0571_01/00205.jpg",
      "transform_matrix": [
        [
          -0.162693,
          0.49077,
          -0.855965,
          2.204964
        ],
        [
          0.985778,
          0.117859,
          -0.119792,
          4.382793
        ],
        [
          0.042093,
          -0.863281,
          -0.502965,
          1.40189
        ],
        [
          0.0,
          0.0,
          0.0,
          1.0
        ]
      ]
    },
    {
      "file_path": "/media/NFS/ttao/scannet/posed_images/scene0571_01/00214.jpg",
      "transform_matrix": [
        [
          -0.314194,
          0.435876,
          -0.843382,
          2.136089
        ],
        [
          0.944646,
          0.231948,
          -0.232044,
          4.371489
        ],
        [
          0.094478,
          -0.869604,
          -0.484626,
          1.410856
        ],
        [
          0.0,
          0.0,
          0.0,
          1.0
        ]
      ]
    },
    {
      "file_path": "/media/NFS/ttao/scannet/posed_images/scene0571_01/00218.jpg",
      "transform_matrix": [
        [
          -0.380713,
          0.437761,
          -0.814508,
          2.115558
        ],
        [
          0.919186,
          0.275152,
          -0.281759,
          4.359841
        ],
        [
          0.10077,
          -0.855954,
          -0.507138,
          1.402979
        ],
        [
          0.0,
          0.0,
          0.0,
          1.0
        ]
      ]
    },
    {
      "file_path": "/media/NFS/ttao/scannet/posed_images/scene0571_01/00227.jpg",
      "transform_matrix": [
        [
          -0.529484,
          0.441104,
          -0.72462,
          2.078002
        ],
        [
          0.843559,
          0.364139,
          -0.394728,
          4.381718
        ],
        [
          0.089746,
          -0.820262,
          -0.564903,
          1.38309
        ],
        [
          0.0,
          0.0,
          0.0,
          1.0
        ]
      ]
    },
    {
      "file_path": "/media/NFS/ttao/scannet/posed_images/scene0571_01/00231.jpg",
      "transform_matrix": [
        [
          -0.596612,
          0.415446,
          -0.686628,
          2.049416
        ],
        [
          0.797267,
          0.404643,
          -0.447917,
          4.41543
        ],
        [
          0.091753,
          -0.814659,
          -0.572637,
          1.37759
        ],
        [
          0.0,
          0.0,
          0.0,
          1.0
        ]
      ]
    },
    {
      "file_path": "/media/NFS/ttao/scannet/posed_images/scene0571_01/00238.jpg",
      "transform_matrix": [
        [
          -0.687606,
          0.389133,
          -0.613003,
          2.005592
        ],
        [
          0.719412,
          0.479313,
          -0.502698,
          4.454101
        ],
        [
          0.098204,
          -0.78666,
          -0.609526,
          1.36518
        ],
        [
          0.0,
          0.0,
          0.0,
          1.0
        ]
      ]
    },
    {
      "file_path": "/media/NFS/ttao/scannet/posed_images/scene0571_01/00241.jpg",
      "transform_matrix": [
        [
          -0.723982,
          0.387721,
          -0.570546,
          1.991955
        ],
        [
          0.682633,
          0.521755,
          -0.511648,
          4.454355
        ],
        [
          0.099308,
          -0.759898,
          -0.642412,
          1.346157
        ],
        [
          0.0,
          0.0,
          0.0,
          1.0
        ]
      ]
    },
    {
      "file_path": "/media/NFS/ttao/scannet/posed_images/scene0571_01/00250.jpg",
      "transform_matrix": [
        [
          -0.814981,
          0.353221,
          -0.459391,
          1.986495
        ],
        [
          0.576051,
          0.58001,
          -0.57598,
          4.449867
        ],
        [
          0.063003,
          -0.734046,
          -0.676171,
          1.33186
        ],
        [
          0.0,
          0.0,
          0.0,
          1.0
        ]
      ]
    },
    {
      "file_path": "/media/NFS/ttao/scannet/posed_images/scene0571_01/00252.jpg",
      "transform_matrix": [
        [
          -0.840251,
          0.322428,
          -0.435911,
          1.991936
        ],
        [
          0.539473,
          0.577658,
          -0.6126,
          4.45241
        ],
        [
          0.054288,
          -0.7499,
          -0.65932,
          1.335925
        ],
        [
          0.0,
          0.0,
          0.0,
          1.0
        ]
      ]
    },
    {
      "file_path": "/media/NFS/ttao/scannet/posed_images/scene0571_01/00261.jpg",
      "transform_matrix": [
        [
          -0.918167,
          0.212761,
          -0.334218,
          2.037323
        ],
        [
          0.394647,
          0.565588,
          -0.724129,
          4.44131
        ],
        [
          0.034963,
          -0.79677,
          -0.60327,
          1.364426
        ],
        [
          0.0,
          0.0,
          0.0,
          1.0
        ]
      ]
    },
    {
      "file_path": "/media/NFS/ttao/scannet/posed_images/scene0571_01/00267.jpg",
      "transform_matrix": [
        [
          -0.936645,
          0.156312,
          -0.313469,
          2.08164
        ],
        [
          0.341241,
          0.60918,
          -0.715859,
          4.435093
        ],
        [
          0.079062,
          -0.777475,
          -0.623925,
          1.350174
        ],
        [
          0.0,
          0.0,
          0.0,
          1.0
        ]
      ]
    },
    {
      "file_path": "/media/NFS/ttao/scannet/posed_images/scene0571_01/00276.jpg",
      "transform_matrix": [
        [
          -0.969152,
          0.038065,
          -0.243506,
          2.171287
        ],
        [
          0.220818,
          0.572935,
          -0.789294,
          4.430932
        ],
        [
          0.109468,
          -0.818717,
          -0.563666,
          1.364066
        ],
        [
          0.0,
          0.0,
          0.0,
          1.0
        ]
      ]
    },
    {
      "file_path": "/media/NFS/ttao/scannet/posed_images/scene0571_01/00281.jpg",
      "transform_matrix": [
        [
          -0.973173,
          0.027816,
          -0.228388,
          2.218335
        ],
        [
          0.203685,
          0.565776,
          -0.799005,
          4.427785
        ],
        [
          0.106992,
          -0.82409,
          -0.556264,
          1.37486
        ],
        [
          0.0,
          0.0,
          0.0,
          1.0
        ]
      ]
    },
    {
      "file_path": "/media/NFS/ttao/scannet/posed_images/scene0571_01/00287.jpg",
      "transform_matrix": [
        [
          -0.977802,
          0.021447,
          -0.20843,
          2.25831
        ],
        [
          0.188583,
          0.523622,
          -0.830817,
          4.423977
        ],
        [
          0.09132,
          -0.851681,
          -0.516043,
          1.393307
        ],
        [
          0.0,
          0.0,
          0.0,
          1.0
        ]
      ]
    },
    {
      "file_path": "/media/NFS/ttao/scannet/posed_images/scene0571_01/00294.jpg",
      "transform_matrix": [
        [
          -0.984927,
          0.001971,
          -0.172961,
          2.302225
        ],
        [
          0.150647,
          0.501143,
          -0.852151,
          4.411128
        ],
        [
          0.084999,
          -0.865363,
          -0.493886,
          1.404865
        ],
        [
          0.0,
          0.0,
          0.0,
          1.0
        ]
      ]
    },
    {
      "file_path": "/media/NFS/ttao/scannet/posed_images/scene0571_01/00296.jpg",
      "transform_matrix": [
        [
          -0.98687,
          -0.003897,
          -0.161467,
          2.31563
        ],
        [
          0.13814,
          0.497649,
          -0.856308,
          4.407178
        ],
        [
          0.083691,
          -0.86737,
          -0.490577,
          1.405193
        ],
        [
          0.0,
          0.0,
          0.0,
          1.0
        ]
      ]
    },
    {
      "file_path": "/media/NFS/ttao/scannet/posed_images/scene0571_01/00301.jpg",
      "transform_matrix": [
        [
          -0.988142,
          -0.024547,
          -0.151569,
          2.345098
        ],
        [
          0.118388,
          0.506799,
          -0.853896,
          4.398319
        ],
        [
          0.097775,
          -0.861715,
          -0.497883,
          1.402152
        ],
        [
          0.0,
          0.0,
          0.0,
          1.0
        ]
      ]
    },
    {
      "file_path": "/media/NFS/ttao/scannet/posed_images/scene0571_01/00312.jpg",
      "transform_matrix": [
        [
          -0.995065,
          -0.065006,
          -0.074961,
          2.415318
        ],
        [
          0.031554,
          0.508948,
          -0.860218,
          4.392488
        ],
        [
          0.094071,
          -0.858339,
          -0.504386,
          1.397641
        ],
        [
          0.0,
          0.0,
          0.0,
          1.0
        ]
      ]
    },
    {
      "file_path": "/media/NFS/ttao/scannet/posed_images/scene0571_01/00314.jpg",
      "transform_matrix": [
        [
          -0.995598,
          -0.071249,
          -0.060895,
          2.425813
        ],
        [
          0.016478,
          0.506535,
          -0.862062,
          4.391323
        ],
        [
          0.092266,
          -0.859271,
          -0.503131,
          1.398197
        ],
        [
          0.0,
          0.0,
          0.0,
          1.0
        ]
      ]
    },
    {
      "file_path": "/media/NFS/ttao/scannet/posed_images/scene0571_01/00321.jpg",
      "transform_matrix": [
        [
          -0.99074,
          -0.133184,
          0.02637,
          2.46605
        ],
        [
          -0.090908,
          0.506487,
          -0.857442,
          4.396661
        ],
        [
          0.100842,
          -0.8519,
          -0.513905,
          1.396117
        ],
        [
          0.0,
          0.0,
          0.0,
          1.0
        ]
      ]
    },
    {
      "file_path": "/media/NFS/ttao/scannet/posed_images/scene0571_01/00327.jpg",
      "transform_matrix": [
        [
          -0.970322,
          -0.207328,
          0.124458,
          2.477197
        ],
        [
          -0.213896,
          0.495801,
          -0.841682,
          4.398923
        ],
        [
          0.112798,
          -0.843324,
          -0.525434,
          1.392487
        ],
        [
          0.0,
          0.0,
          0.0,
          1.0
        ]
      ]
    },
    {
      "file_path": "/media/NFS/ttao/scannet/posed_images/scene0571_01/00336.jpg",
      "transform_matrix": [
        [
          -0.903969,
          -0.2759,
          0.326678,
          2.397892
        ],
        [
          -0.420894,
          0.439374,
          -0.793599,
          4.385448
        ],
        [
          0.07542,
          -0.854886,
          -0.513305,
          1.398651
        ],
        [
          0.0,
          0.0,
          0.0,
          1.0
        ]
      ]
    },
    {
      "file_path": "/media/NFS/ttao/scannet/posed_images/scene0571_01/00338.jpg",
      "transform_matrix": [
        [
          -0.884132,
          -0.3027,
          0.355926,
          2.370362
        ],
        [
          -0.459839,
          0.428693,
          -0.77767,
          4.382253
        ],
        [
          0.082818,
          -0.851232,
          -0.518214,
          1.395992
        ],
        [
          0.0,
          0.0,
          0.0,
          1.0
        ]
      ]
    },
    {
      "file_path": "/media/NFS/ttao/scannet/posed_images/scene0571_01/00343.jpg",
      "transform_matrix": [
        [
          -0.837426,
          -0.388107,
          0.384825,
          2.313825
        ],
        [
          -0.533678,
          0.428739,
          -0.728952,
          4.377039
        ],
        [
          0.117922,
          -0.815816,
          -0.566161,
          1.389938
        ],
        [
          0.0,
          0.0,
          0.0,
          1.0
        ]
      ]
    },
    {
      "file_path": "/media/NFS/ttao/scannet/posed_images/scene0571_01/00350.jpg",
      "transform_matrix": [
        [
          -0.825538,
          -0.413106,
          0.384487,
          2.26626
        ],
        [
          -0.552098,
          0.450012,
          -0.701909,
          4.385669
        ],
        [
          0.116939,
          -0.791727,
          -0.599577,
          1.37701
        ],
        [
          0.0,
          0.0,
          0.0,
          1.0
        ]
      ]
    },
    {
      "file_path": "/media/NFS/ttao/scannet/posed_images/scene0571_01/00356.jpg",
      "transform_matrix": [
        [
          -0.818182,
          -0.435042,
          0.37592,
          2.24573
        ],
        [
          -0.560714,
          0.4591,
          -0.689077,
          4.413445
        ],
        [
          0.127193,
          -0.774575,
          -0.619561,
          1.3635
        ],
        [
          0.0,
          0.0,
          0.0,
          1.0
        ]
      ]
    },
    {
      "file_path": "/media/NFS/ttao/scannet/posed_images/scene0571_01/00365.jpg",
      "transform_matrix": [
        [
          -0.827879,
          -0.442344,
          0.344888,
          2.233584
        ],
        [
          -0.542908,
          0.477424,
          -0.690881,
          4.463599
        ],
        [
          0.14095,
          -0.759209,
          -0.635402,
          1.357304
        ],
        [
          0.0,
          0.0,
          0.0,
          1.0
        ]
      ]
    },
    {
      "file_path": "/media/NFS/ttao/scannet/posed_images/scene0571_01/00368.jpg",
      "transform_matrix": [
        [
          -0.827924,
          -0.429989,
          0.36007,
          2.225839
        ],
        [
          -0.548491,
          0.486798,
          -0.679843,
          4.481847
        ],
        [
          0.117044,
          -0.760353,
          -0.638877,
          1.365943
        ],
        [
          0.0,
          0.0,
          0.0,
          1.0
        ]
      ]
    },
    {
      "file_path": "/media/NFS/ttao/scannet/posed_images/scene0571_01/00378.jpg",
      "transform_matrix": [
        [
          -0.702492,
          -0.477314,
          0.527898,
          2.139908
        ],
        [
          -0.706364,
          0.37703,
          -0.599081,
          4.505795
        ],
        [
          0.086916,
          -0.793738,
          -0.602018,
          1.385833
        ],
        [
          0.0,
          0.0,
          0.0,
          1.0
        ]
      ]
    },
    {
      "file_path": "/media/NFS/ttao/scannet/posed_images/scene0571_01/00381.jpg",
      "transform_matrix": [
        [
          -0.689492,
          -0.478776,
          0.543484,
          2.112156
        ],
        [
          -0.718746,
          0.359587,
          -0.595064,
          4.49428
        ],
        [
          0.089472,
          -0.800919,
          -0.59205,
          1.388587
        ],
        [
          0.0,
          0.0,
          0.0,
          1.0
        ]
      ]
    },
    {
      "file_path": "/media/NFS/ttao/scannet/posed_images/scene0571_01/00388.jpg",
      "transform_matrix": [
        [
          -0.621257,
          -0.485187,
          0.615332,
          2.086288
        ],
        [
          -0.779239,
          0.29972,
          -0.550413,
          4.489881
        ],
        [
          0.082626,
          -0.821439,
          -0.564279,
          1.408276
        ],
        [
          0.0,
          0.0,
          0.0,
          1.0
        ]
      ]
    },
    {
      "file_path": "/media/NFS/ttao/scannet/posed_images/scene0571_01/00394.jpg",
      "transform_matrix": [
        [
          -0.560762,
          -0.480004,
          0.674641,
          2.094167
        ],
        [
          -0.826151,
          0.270304,
          -0.494378,
          4.482209
        ],
        [
          0.054946,
          -0.834585,
          -0.548133,
          1.426578
        ],
        [
          0.0,
          0.0,
          0.0,
          1.0
        ]
      ]
    },
    {
      "file_path": "/media/NFS/ttao/scannet/posed_images/scene0571_01/00401.jpg",
      "transform_matrix": [
        [
          -0.493317,
          -0.489283,
          0.719194,
          2.158544
        ],
        [
          -0.865542,
          0.19393,
          -0.461766,
          4.470231
        ],
        [
          0.086461,
          -0.85029,
          -0.519164,
          1.430423
        ],
        [
          0.0,
          0.0,
          0.0,
          1.0
        ]
      ]
    },
    {
      "file_path": "/media/NFS/ttao/scannet/posed_images/scene0571_01/00405.jpg",
      "transform_matrix": [
        [
          -0.47087,
          -0.492416,
          0.731989,
          2.193448
        ],
        [
          -0.878062,
          0.181294,
          -0.442877,
          4.462122
        ],
        [
          0.085374,
          -0.851269,
          -0.517737,
          1.436363
        ],
        [
          0.0,
          0.0,
          0.0,
          1.0
        ]
      ]
    },
    {
      "file_path": "/media/NFS/ttao/scannet/posed_images/scene0571_01/00412.jpg",
      "transform_matrix": [
        [
          -0.442543,
          -0.448595,
          0.776478,
          2.245701
        ],
        [
          -0.894103,
          0.154276,
          -0.420451,
          4.432283
        ],
        [
          0.06882,
          -0.880319,
          -0.469364,
          1.449949
        ],
        [
          0.0,
          0.0,
          0.0,
          1.0
        ]
      ]
    },
    {
      "file_path": "/media/NFS/ttao/scannet/posed_images/scene0571_01/00416.jpg",
      "transform_matrix": [
        [
          -0.424701,
          -0.436428,
          0.793195,
          2.273823
        ],
        [
          -0.903138,
          0.143264,
          -0.404742,
          4.399891
        ],
        [
          0.063005,
          -0.88826,
          -0.455,
          1.456588
        ],
        [
          0.0,
          0.0,
          0.0,
          1.0
        ]
      ]
    },
    {
      "file_path": "/media/NFS/ttao/scannet/posed_images/scene0571_01/00423.jpg",
      "transform_matrix": [
        [
          -0.280137,
          -0.464859,
          0.839898,
          2.300591
        ],
        [
          -0.95791,
          0.078223,
          -0.276205,
          4.341941
        ],
        [
          0.062697,
          -0.881923,
          -0.467206,
          1.46239
        ],
        [
          0.0,
          0.0,
          0.0,
          1.0
        ]
      ]
    },
    {
      "file_path": "/media/NFS/ttao/scannet/posed_images/scene0571_01/00432.jpg",
      "transform_matrix": [
        [
          -0.097899,
          -0.451317,
          0.886977,
          2.321209
        ],
        [
          -0.994583,
          0.01307,
          -0.103125,
          4.284588
        ],
        [
          0.034949,
          -0.892268,
          -0.450151,
          1.4708
        ],
        [
          0.0,
          0.0,
          0.0,
          1.0
        ]
      ]
    },
    {
      "file_path": "/media/NFS/ttao/scannet/posed_images/scene0571_01/00434.jpg",
      "transform_matrix": [
        [
          -0.082881,
          -0.452811,
          0.887746,
          2.331577
        ],
        [
          -0.996151,
          0.012142,
          -0.086808,
          4.277983
        ],
        [
          0.028528,
          -0.891524,
          -0.452074,
          1.471325
        ],
        [
          0.0,
          0.0,
          0.0,
          1.0
        ]
      ]
    },
    {
      "file_path": "/media/NFS/ttao/scannet/posed_images/scene0571_01/00441.jpg",
      "transform_matrix": [
        [
          -0.022277,
          -0.447079,
          0.894217,
          2.398299
        ],
        [
          -0.999372,
          -0.014708,
          -0.032249,
          4.259406
        ],
        [
          0.02757,
          -0.894374,
          -0.446471,
          1.456199
        ],
        [
          0.0,
          0.0,
          0.0,
          1.0
        ]
      ]
    },
    {
      "file_path": "/media/NFS/ttao/scannet/posed_images/scene0571_01/00446.jpg",
      "transform_matrix": [
        [
          0.017472,
          -0.449374,
          0.893173,
          2.465497
        ],
        [
          -0.998887,
          -0.046992,
          -0.004103,
          4.255719
        ],
        [
          0.043816,
          -0.892107,
          -0.449695,
          1.444032
        ],
        [
          0.0,
          0.0,
          0.0,
          1.0
        ]
      ]
    },
    {
      "file_path": "/media/NFS/ttao/scannet/posed_images/scene0571_01/00457.jpg",
      "transform_matrix": [
        [
          0.22283,
          -0.437442,
          0.871201,
          2.602161
        ],
        [
          -0.973502,
          -0.14696,
          0.175205,
          4.228355
        ],
        [
          0.05139,
          -0.887157,
          -0.458597,
          1.445274
        ],
        [
          0.0,
          0.0,
          0.0,
          1.0
        ]
      ]
    },
    {
      "file_path": "/media/NFS/ttao/scannet/posed_images/scene0571_01/00461.jpg",
      "transform_matrix": [
        [
          0.236202,
          -0.436484,
          0.868153,
          2.629966
        ],
        [
          -0.970717,
          -0.146244,
          0.190579,
          4.230038
        ],
        [
          0.043777,
          -0.887747,
          -0.458246,
          1.445974
        ],
        [
          0.0,
          0.0,
          0.0,
          1.0
        ]
      ]
    },
    {
      "file_path": "/media/NFS/ttao/scannet/posed_images/scene0571_01/00468.jpg",
      "transform_matrix": [
        [
          0.284539,
          -0.530495,
          0.798506,
          2.67907
        ],
        [
          -0.957788,
          -0.192926,
          0.213126,
          4.197692
        ],
        [
          0.040991,
          -0.825442,
          -0.562996,
          1.438458
        ],
        [
