{
  "frames": [
    {
      "file_path": "/media/NFS/ttao/scannet/posed_images/scene0264_01/00000.jpg",
      "transform_matrix": [
        [
          -0.501534,
          0.490291,
          -0.712797,
          2.036965
        ],
        [
          0.859306,
          0.186804,
          -0.476128,
          4.141443
        ],
        [
          -0.100288,
          -0.851305,
          -0.514998,
          1.302621
        ],
        [
          0.0,
          0.0,
          0.0,
          1.0
        ]
      ]
    },
    {
      "file_path": "/media/NFS/ttao/scannet/posed_images/scene0264_01/00009.jpg",
      "transform_matrix": [
        [
          -0.480072,
          0.547578,
          -0.685338,
          2.122544
        ],
        [
          0.864888,
          0.164869,
          -0.474117,
          4.184999
        ],
        [
          -0.146625,
          -0.820351,
          -0.552743,
          1.299709
        ],
        [
          0.0,
          0.0,
          0.0,
          1.0
        ]
      ]
    },
    {
      "file_path": "/media/NFS/ttao/scannet/posed_images/scene0264_01/00014.jpg",
      "transform_matrix": [
        [
          -0.479975,
          0.535242,
          -0.695083,
          2.163267
        ],
        [
          0.868845,
          0.180402,
          -0.461046,
          4.190839
        ],
        [
          -0.121377,
          -0.825209,
          -0.551631,
          1.292569
        ],
        [
          0.0,
          0.0,
          0.0,
          1.0
        ]
      ]
    },
    {
      "file_path": "/media/NFS/ttao/scannet/posed_images/scene0264_01/00019.jpg",
      "transform_matrix": [
        [
          -0.481298,
          0.515219,
          -0.709155,
          2.168773
        ],
        [
          0.869476,
          0.177987,
          -0.460795,
          4.174678
        ],
        [
          -0.111189,
          -0.838373,
          -0.533636,
          1.303442
        ],
        [
          0.0,
          0.0,
          0.0,
          1.0
        ]
      ]
    },
    {
      "file_path": "/media/NFS/ttao/scannet/posed_images/scene0264_01/00026.jpg",
      "transform_matrix": [
        [
          -0.465936,
          0.475641,
          -0.746103,
          2.172019
        ],
        [
          0.882253,
          0.18557,
          -0.432659,
          4.13535
        ],
        [
          -0.067336,
          -0.859843,
          -0.506099,
          1.332214
        ],
        [
          0.0,
          0.0,
          0.0,
          1.0
        ]
      ]
    },
    {
      "file_path": "/media/NFS/ttao/scannet/posed_images/scene0264_01/00028.jpg",
      "transform_matrix": [
        [
          -0.456648,
          0.473756,
          -0.753013,
          2.173461
        ],
        [
          0.888088,
          0.192652,
          -0.417355,
          4.1252
        ],
        [
          -0.052655,
          -0.859326,
          -0.508711,
          1.338913
        ],
        [
          0.0,
          0.0,
          0.0,
          1.0
        ]
      ]
    },
    {
      "file_path": "/media/NFS/ttao/scannet/posed_images/scene0264_01/00033.jpg",
      "transform_matrix": [
        [
          -0.417345,
          0.471382,
          -0.776931,
          2.172724
        ],
        [
          0.908336,
          0.190629,
          -0.372273,
          4.103426
        ],
        [
          -0.027377,
          -0.86108,
          -0.507731,
          1.354552
        ],
        [
          0.0,
          0.0,
          0.0,
          1.0
        ]
      ]
    },
    {
      "file_path": "/media/NFS/ttao/scannet/posed_images/scene0264_01/00040.jpg",
      "transform_matrix": [
        [
          -0.347077,
          0.50279,
          -0.791669,
          2.170123
        ],
        [
          0.937667,
          0.169966,
          -0.303138,
          4.087674
        ],
        [
          -0.017858,
          -0.847534,
          -0.530441,
          1.353307
        ],
        [
          0.0,
          0.0,
          0.0,
          1.0
        ]
      ]
    },
    {
      "file_path": "/media/NFS/ttao/scannet/posed_images/scene0264_01/00047.jpg",
      "transform_matrix": [
        [
          -0.301058,
          0.478573,
          -0.824823,
          2.158008
        ],
        [
          0.953138,
          0.123918,
          -0.275994,
          4.093136
        ],
        [
          -0.029873,
          -0.86926,
          -0.493452,
          1.37278
        ],
        [
          0.0,
          0.0,
          0.0,
          1.0
        ]
      ]
    },
    {
      "file_path": "/media/NFS/ttao/scannet/posed_images/scene0264_01/00056.jpg",
      "transform_matrix": [
        [
          -0.256379,
          0.396727,
          -0.881406,
          2.161963
        ],
        [
          0.96642,
          0.088798,
          -0.241139,
          4.082061
        ],
        [
          -0.0174,
          -0.913632,
          -0.406171,
          1.411944
        ],
        [
          0.0,
          0.0,
          0.0,
          1.0
        ]
      ]
    },
    {
      "file_path": "/media/NFS/ttao/scannet/posed_images/scene0264_01/00057.jpg",
      "transform_matrix": [
        [
          -0.252569,
          0.390868,
          -0.885117,
          2.162851
        ],
        [
          0.967483,
          0.089128,
          -0.236713,
          4.076962
        ],
        [
          -0.013635,
          -0.916122,
          -0.400669,
          1.415317
        ],
        [
          0.0,
          0.0,
          0.0,
          1.0
        ]
      ]
    },
    {
      "file_path": "/media/NFS/ttao/scannet/posed_images/scene0264_01/00064.jpg",
      "transform_matrix": [
        [
          -0.269546,
          0.340192,
          -0.900896,
          2.153641
        ],
        [
          0.962929,
          0.084941,
          -0.256031,
          4.076063
        ],
        [
          -0.010577,
          -0.936512,
          -0.350476,
          1.457841
        ],
        [
          0.0,
          0.0,
          0.0,
          1.0
        ]
      ]
    },
    {
      "file_path": "/media/NFS/ttao/scannet/posed_images/scene0264_01/00073.jpg",
      "transform_matrix": [
        [
          -0.302229,
          0.222835,
          -0.926823,
          2.160818
        ],
        [
          0.952176,
          0.024747,
          -0.304547,
          4.084404
        ],
        [
          -0.044928,
          -0.974542,
          -0.219658,
          1.486702
        ],
        [
          0.0,
          0.0,
          0.0,
          1.0
        ]
      ]
    },
    {
      "file_path": "/media/NFS/ttao/scannet/posed_images/scene0264_01/00078.jpg",
      "transform_matrix": [
        [
          -0.28665,
          0.216939,
          -0.93315,
          2.165163
        ],
        [
          0.957168,
          0.023424,
          -0.288583,
          4.080351
        ],
        [
          -0.040747,
          -0.975904,
          -0.214361,
          1.490294
        ],
        [
          0.0,
          0.0,
          0.0,
          1.0
        ]
      ]
    },
    {
      "file_path": "/media/NFS/ttao/scannet/posed_images/scene0264_01/00082.jpg",
      "transform_matrix": [
        [
          -0.274958,
          0.213958,
          -0.937347,
          2.168539
        ],
        [
          0.960873,
          0.027202,
          -0.27565,
          4.082595
        ],
        [
          -0.03348,
          -0.976464,
          -0.213066,
          1.49064
        ],
        [
          0.0,
          0.0,
          0.0,
          1.0
        ]
      ]
    },
    {
      "file_path": "/media/NFS/ttao/scannet/posed_images/scene0264_01/00090.jpg",
      "transform_matrix": [
        [
          -0.288724,
          0.189009,
          -0.93857,
          2.181546
        ],
        [
          0.95707,
          0.03078,
          -0.288217,
          4.08351
        ],
        [
          -0.025587,
          -0.981493,
          -0.189782,
          1.499908
        ],
        [
          0.0,
          0.0,
          0.0,
          1.0
        ]
      ]
    },
    {
      "file_path": "/media/NFS/ttao/scannet/posed_images/scene0264_01/00092.jpg",
      "transform_matrix": [
        [
          -0.288397,
          0.179285,
          -0.940576,
          2.184035
        ],
        [
          0.957354,
          0.036191,
          -0.286643,
          4.081834
        ],
        [
          -0.01735,
          -0.983131,
          -0.182077,
          1.502383
        ],
        [
          0.0,
          0.0,
          0.0,
          1.0
        ]
      ]
    },
    {
      "file_path": "/media/NFS/ttao/scannet/posed_images/scene0264_01/00097.jpg",
      "transform_matrix": [
        [
          -0.277707,
          0.157097,
          -0.947734,
          2.189896
        ],
        [
          0.960388,
          0.021681,
          -0.277821,
          4.076804
        ],
        [
          -0.023097,
          -0.987345,
          -0.156896,
          1.509272
        ],
        [
          0.0,
          0.0,
          0.0,
          1.0
        ]
      ]
    },
    {
      "file_path": "/media/NFS/ttao/scannet/posed_images/scene0264_01/00106.jpg",
      "transform_matrix": [
        [
          -0.226529,
          0.116729,
          -0.966985,
          2.200515
        ],
        [
          0.973624,
          -0.000594,
          -0.228156,
          4.074832
        ],
        [
          -0.027207,
          -0.993164,
          -0.113515,
          1.512218
        ],
        [
          0.0,
          0.0,
          0.0,
          1.0
        ]
      ]
    },
    {
      "file_path": "/media/NFS/ttao/scannet/posed_images/scene0264_01/00111.jpg",
      "transform_matrix": [
        [
          -0.183588,
          0.113954,
          -0.976376,
          2.197339
        ],
        [
          0.982306,
          -0.016134,
          -0.186586,
          4.082004
        ],
        [
          -0.037015,
          -0.993355,
          -0.108976,
          1.504397
        ],
        [
          0.0,
          0.0,
          0.0,
          1.0
        ]
      ]
    },
    {
      "file_path": "/media/NFS/ttao/scannet/posed_images/scene0264_01/00115.jpg",
      "transform_matrix": [
        [
          -0.133477,
          0.12211,
          -0.9835,
          2.19568
        ],
        [
          0.990314,
          -0.021856,
          -0.137116,
          4.083903
        ],
        [
          -0.038239,
          -0.992276,
          -0.11801,
          1.504555
        ],
        [
          0.0,
          0.0,
          0.0,
          1.0
        ]
      ]
    },
    {
      "file_path": "/media/NFS/ttao/scannet/posed_images/scene0264_01/00122.jpg",
      "transform_matrix": [
        [
          -0.036275,
          0.142127,
          -0.989184,
          2.186996
        ],
        [
          0.998714,
          -0.029933,
          -0.040925,
          4.092934
        ],
        [
          -0.035426,
          -0.989396,
          -0.140858,
          1.501967
        ],
        [
          0.0,
          0.0,
          0.0,
          1.0
        ]
      ]
    },
    {
      "file_path": "/media/NFS/ttao/scannet/posed_images/scene0264_01/00127.jpg",
      "transform_matrix": [
        [
          0.025627,
          0.138363,
          -0.99005,
          2.187917
        ],
        [
          0.998966,
          -0.04076,
          0.020161,
          4.099015
        ],
        [
          -0.037565,
          -0.989543,
          -0.139264,
          1.502245
        ],
        [
          0.0,
          0.0,
          0.0,
          1.0
        ]
      ]
    },
    {
      "file_path": "/media/NFS/ttao/scannet/posed_images/scene0264_01/00136.jpg",
      "transform_matrix": [
        [
          0.14295,
          0.177541,
          -0.973676,
          2.178051
        ],
        [
          0.989622,
          -0.040166,
          0.137967,
          4.087545
        ],
        [
          -0.014614,
          -0.983293,
          -0.181441,
          1.499194
        ],
        [
          0.0,
          0.0,
          0.0,
          1.0
        ]
      ]
    },
    {
      "file_path": "/media/NFS/ttao/scannet/posed_images/scene0264_01/00137.jpg",
      "transform_matrix": [
        [
          0.154197,
          0.177347,
          -0.971993,
          2.178014
        ],
        [
          0.987936,
          -0.041938,
          0.149074,
          4.088034
        ],
        [
          -0.014325,
          -0.983255,
          -0.181674,
          1.499082
        ],
        [
          0.0,
          0.0,
          0.0,
          1.0
        ]
      ]
    },
    {
      "file_path": "/media/NFS/ttao/scannet/posed_images/scene0264_01/00144.jpg",
      "transform_matrix": [
        [
          0.240693,
          0.169787,
          -0.955635,
          2.177129
        ],
        [
          0.970135,
          -0.072584,
          0.23145,
          4.0766
        ],
        [
          -0.030066,
          -0.982804,
          -0.182187,
          1.489264
        ],
        [
          0.0,
          0.0,
          0.0,
          1.0
        ]
      ]
    },
    {
      "file_path": "/media/NFS/ttao/scannet/posed_images/scene0264_01/00153.jpg",
      "transform_matrix": [
        [
          0.339509,
          0.189603,
          -0.921295,
          2.175385
        ],
        [
          0.939636,
          -0.112778,
          0.323058,
          4.059289
        ],
        [
          -0.042649,
          -0.975363,
          -0.216447,
          1.464244
        ],
        [
          0.0,
          0.0,
          0.0,
          1.0
        ]
      ]
    },
    {
      "file_path": "/media/NFS/ttao/scannet/posed_images/scene0264_01/00160.jpg",
      "transform_matrix": [
        [
          0.388414,
          0.217533,
          -0.89544,
          2.182348
        ],
        [
          0.920459,
          -0.137425,
          0.365882,
          4.054566
        ],
        [
          -0.043464,
          -0.96633,
          -0.253608,
          1.446369
        ],
        [
          0.0,
          0.0,
          0.0,
          1.0
        ]
      ]
    },
    {
      "file_path": "/media/NFS/ttao/scannet/posed_images/scene0264_01/00163.jpg",
      "transform_matrix": [
        [
          0.395451,
          0.219561,
          -0.891859,
          2.19559
        ],
        [
          0.917385,
          -0.141982,
          0.371816,
          4.051856
        ],
        [
          -0.044992,
          -0.965212,
          -0.257569,
          1.444361
        ],
        [
          0.0,
          0.0,
          0.0,
          1.0
        ]
      ]
    },
    {
      "file_path": "/media/NFS/ttao/scannet/posed_images/scene0264_01/00167.jpg",
      "transform_matrix": [
        [
          0.392467,
          0.214553,
          -0.894392,
          2.222797
        ],
        [
          0.917918,
          -0.152974,
          0.366095,
          4.046044
        ],
        [
          -0.058272,
          -0.964659,
          -0.25698,
          1.425475
        ],
        [
          0.0,
          0.0,
          0.0,
          1.0
        ]
      ]
    },
    {
      "file_path": "/media/NFS/ttao/scannet/posed_images/scene0264_01/00172.jpg",
      "transform_matrix": [
        [
          0.374187,
          0.262559,
          -0.889408,
          2.2595
        ],
        [
          0.92555,
          -0.165511,
          0.340532,
          4.038275
        ],
        [
          -0.057797,
          -0.950615,
          -0.304944,
          1.397942
        ],
        [
          0.0,
          0.0,
          0.0,
          1.0
        ]
      ]
    },
    {
      "file_path": "/media/NFS/ttao/scannet/posed_images/scene0264_01/00182.jpg",
      "transform_matrix": [
        [
          0.392126,
          0.392507,
          -0.831971,
          2.339025
        ],
        [
          0.917365,
          -0.234096,
          0.321932,
          4.033114
        ],
        [
          -0.0684,
          -0.889459,
          -0.451867,
          1.350643
        ],
        [
          0.0,
          0.0,
          0.0,
          1.0
        ]
      ]
    },
    {
      "file_path": "/media/NFS/ttao/scannet/posed_images/scene0264_01/00184.jpg",
      "transform_matrix": [
        [
          0.39178,
          0.403012,
          -0.827097,
          2.354381
        ],
        [
          0.916997,
          -0.244319,
          0.315316,
          4.02832
        ],
        [
          -0.075,
          -0.88198,
          -0.46528,
          1.348411
        ],
        [
          0.0,
          0.0,
          0.0,
          1.0
        ]
      ]
    },
    {
      "file_path": "/media/NFS/ttao/scannet/posed_images/scene0264_01/00195.jpg",
      "transform_matrix": [
        [
          0.423301,
          0.452155,
          -0.785094,
          2.403893
        ],
        [
          0.904952,
          -0.252472,
          0.34252,
          3.997221
        ],
        [
          -0.043342,
          -0.855461,
          -0.51605,
          1.340962
        ],
        [
          0.0,
          0.0,
          0.0,
          1.0
        ]
      ]
    },
    {
      "file_path": "/media/NFS/ttao/scannet/posed_images/scene0264_01/00200.jpg",
      "transform_matrix": [
        [
          0.391857,
          0.441782,
          -0.807017,
          2.41231
        ],
        [
          0.918223,
          -0.242686,
          0.313002,
          3.989288
        ],
        [
          -0.057573,
          -0.863674,
          -0.500753,
          1.330403
        ],
        [
          0.0,
          0.0,
          0.0,
          1.0
        ]
      ]
    },
    {
      "file_path": "/media/NFS/ttao/scannet/posed_images/scene0264_01/00202.jpg",
      "transform_matrix": [
        [
          0.387451,
          0.452452,
          -0.803224,
          2.408102
        ],
        [
          0.92028,
          -0.241294,
          0.307996,
          3.990334
        ],
        [
          -0.05446,
          -0.858525,
          -0.509872,
          1.334125
        ],
        [
          0.0,
          0.0,
          0.0,
          1.0
        ]
      ]
    },
    {
      "file_path": "/media/NFS/ttao/scannet/posed_images/scene0264_01/00212.jpg",
      "transform_matrix": [
        [
          0.465824,
          0.4225,
          -0.777497,
          2.374815
        ],
        [
          0.884624,
          -0.2434,
          0.397741,
          3.993198
        ],
        [
          -0.021197,
          -0.87307,
          -0.487135,
          1.354519
        ],
        [
          0.0,
          0.0,
          0.0,
          1.0
        ]
      ]
    },
    {
      "file_path": "/media/NFS/ttao/scannet/posed_images/scene0264_01/00214.jpg",
      "transform_matrix": [
        [
          0.471479,
          0.422514,
          -0.774073,
          2.369381
        ],
        [
          0.881596,
          -0.24799,
          0.401609,
          3.995113
        ],
        [
          -0.022277,
          -0.87177,
          -0.489409,
          1.355856
        ],
        [
          0.0,
          0.0,
          0.0,
          1.0
        ]
      ]
    },
    {
      "file_path": "/media/NFS/ttao/scannet/posed_images/scene0264_01/00219.jpg",
      "transform_matrix": [
        [
          0.516554,
          0.41585,
          -0.748493,
          2.351484
        ],
        [
          0.856254,
          -0.252104,
          0.450858,
          3.995369
        ],
        [
          -0.001208,
          -0.873792,
          -0.486298,
          1.367682
        ],
        [
          0.0,
          0.0,
          0.0,
          1.0
        ]
      ]
    },
    {
      "file_path": "/media/NFS/ttao/scannet/posed_images/scene0264_01/00226.jpg",
      "transform_matrix": [
        [
          0.572044,
          0.382077,
          -0.725798,
          2.334922
        ],
        [
          0.820135,
          -0.253479,
          0.512959,
          3.998405
        ],
        [
          0.012015,
          -0.888688,
          -0.458356,
          1.369409
        ],
        [
          0.0,
          0.0,
          0.0,
          1.0
        ]
      ]
    },
    {
      "file_path": "/media/NFS/ttao/scannet/posed_images/scene0264_01/00231.jpg",
      "transform_matrix": [
        [
          0.626052,
          0.36562,
          -0.688753,
          2.33584
        ],
        [
          0.779753,
          -0.285952,
          0.556971,
          4.01422
        ],
        [
          0.006689,
          -0.88575,
          -0.464114,
          1.371111
        ],
        [
          0.0,
          0.0,
          0.0,
          1.0
        ]
      ]
    },
    {
      "file_path": "/media/NFS/ttao/scannet/posed_images/scene0264_01/00238.jpg",
      "transform_matrix": [
        [
          0.698459,
          0.337117,
          -0.631274,
          2.334219
        ],
        [
          0.715646,
          -0.326116,
          0.617656,
          4.022542
        ],
        [
          0.002354,
          -0.883176,
          -0.469035,
          1.367755
        ],
        [
          0.0,
          0.0,
          0.0,
          1.0
        ]
      ]
    },
    {
      "file_path": "/media/NFS/ttao/scannet/posed_images/scene0264_01/00242.jpg",
      "transform_matrix": [
        [
          0.717244,
          0.327818,
          -0.614895,
          2.336255
        ],
        [
          0.696795,
          -0.329736,
          0.636985,
          4.032045
        ],
        [
          0.006062,
          -0.88533,
          -0.464923,
          1.363258
        ],
        [
          0.0,
          0.0,
          0.0,
          1.0
        ]
      ]
    },
    {
      "file_path": "/media/NFS/ttao/scannet/posed_images/scene0264_01/00249.jpg",
      "transform_matrix": [
        [
          0.755549,
          0.302153,
          -0.581248,
          2.3324
        ],
        [
          0.654632,
          -0.315023,
          0.68718,
          4.042687
        ],
        [
          0.024527,
          -0.899702,
          -0.435815,
          1.377839
        ],
        [
          0.0,
          0.0,
          0.0,
          1.0
        ]
      ]
    },
    {
      "file_path": "/media/NFS/ttao/scannet/posed_images/scene0264_01/00257.jpg",
      "transform_matrix": [
        [
          0.781488,
          0.24795,
          -0.572536,
          2.339977
        ],
        [
          0.623326,
          -0.270243,
          0.73378,
          4.05663
        ],
        [
          0.027217,
          -0.930317,
          -0.365745,
          1.411363
        ],
        [
          0.0,
          0.0,
          0.0,
          1.0
        ]
      ]
    },
    {
      "file_path": "/media/NFS/ttao/scannet/posed_images/scene0264_01/00262.jpg",
      "transform_matrix": [
        [
          0.789768,
          0.240154,
          -0.56444,
          2.344301
        ],
        [
          0.6121,
          -0.248528,
          0.750712,
          4.064192
        ],
        [
          0.040007,
          -0.938381,
          -0.343278,
          1.423349
        ],
        [
          0.0,
          0.0,
          0.0,
          1.0
        ]
      ]
    },
    {
      "file_path": "/media/NFS/ttao/scannet/posed_images/scene0264_01/00266.jpg",
      "transform_matrix": [
        [
          0.779722,
          0.236993,
          -0.579542,
          2.343851
        ],
        [
          0.624834,
          -0.235077,
          0.744527,
          4.07065
        ],
        [
          0.040211,
          -0.942642,
          -0.331376,
          1.43283
        ],
        [
          0.0,
          0.0,
          0.0,
          1.0
        ]
      ]
    },
    {
      "file_path": "/media/NFS/ttao/scannet/posed_images/scene0264_01/00275.jpg",
      "transform_matrix": [
        [
          0.763262,
          0.228992,
          -0.604147,
          2.335221
        ],
        [
          0.6436,
          -0.187482,
          0.742044,
          4.080342
        ],
        [
          0.056655,
          -0.955203,
          -0.290477,
          1.459092
        ],
        [
          0.0,
          0.0,
          0.0,
          1.0
        ]
      ]
    },
    {
      "file_path": "/media/NFS/ttao/scannet/posed_images/scene0264_01/00280.jpg",
      "transform_matrix": [
        [
          0.757004,
          0.2222,
          -0.614468,
          2.336903
        ],
        [
          0.650765,
          -0.171865,
          0.739572,
          4.087013
        ],
        [
          0.058728,
          -0.959734,
          -0.274702,
          1.470427
        ],
        [
          0.0,
          0.0,
          0.0,
          1.0
        ]
      ]
    },
    {
      "file_path": "/media/NFS/ttao/scannet/posed_images/scene0264_01/00283.jpg",
      "transform_matrix": [
        [
          0.760605,
          0.202979,
          -0.616669,
          2.339486
        ],
        [
          0.647117,
          -0.160729,
          0.745255,
          4.09148
        ],
        [
          0.052155,
          -0.965902,
          -0.253603,
          1.480208
        ],
        [
          0.0,
          0.0,
          0.0,
          1.0
        ]
      ]
    },
    {
      "file_path": "/media/NFS/ttao/scannet/posed_images/scene0264_01/00292.jpg",
      "transform_matrix": [
        [
          0.791573,
          0.156313,
          -0.590744,
          2.351253
        ],
        [
          0.608891,
          -0.120105,
          0.784109,
          4.108196
        ],
        [
          0.051615,
          -0.980378,
          -0.19025,
          1.513715
        ],
        [
          0.0,
          0.0,
          0.0,
          1.0
        ]
      ]
    },
    {
      "file_path": "/media/NFS/ttao/scannet/posed_images/scene0264_01/00297.jpg",
      "transform_matrix": [
        [
          0.812843,
          0.17571,
          -0.555349,
          2.342282
        ],
        [
          0.577556,
          -0.119377,
          0.807575,
          4.11351
        ],
        [
          0.075604,
          -0.977177,
          -0.198517,
          1.539983
        ],
        [
          0.0,
          0.0,
          0.0,
          1.0
        ]
      ]
    },
    {
      "file_path": "/media/NFS/ttao/scannet/posed_images/scene0264_01/00301.jpg",
      "transform_matrix": [
        [
          0.808502,
          0.158967,
          -0.566617,
          2.353781
        ],
        [
          0.584264,
          -0.1016,
          0.805179,
          4.122004
        ],
        [
          0.070429,
          -0.982042,
          -0.175023,
          1.547855
        ],
        [
          0.0,
          0.0,
          0.0,
          1.0
        ]
      ]
    },
    {
      "file_path": "/media/NFS/ttao/scannet/posed_images/scene0264_01/00309.jpg",
      "transform_matrix": [
        [
          0.844905,
          0.135819,
          -0.517386,
          2.353251
        ],
        [
          0.531784,
          -0.108763,
          0.839867,
          4.128223
        ],
        [
          0.057798,
          -0.984746,
          -0.164121,
          1.560533
        ],
        [
          0.0,
          0.0,
          0.0,
          1.0
        ]
      ]
    },
    {
      "file_path": "/media/NFS/ttao/scannet/posed_images/scene0264_01/00311.jpg",
      "transform_matrix": [
        [
          0.857804,
          0.125533,
          -0.498412,
          2.360803
        ],
        [
          0.511279,
          -0.10916,
          0.852454,
          4.127815
        ],
        [
          0.052605,
          -0.986066,
          -0.15782,
          1.550298
        ],
        [
          0.0,
          0.0,
          0.0,
          1.0
        ]
      ]
    },
    {
      "file_path": "/media/NFS/ttao/scannet/posed_images/scene0264_01/00318.jpg",
      "transform_matrix": [
        [
          0.922547,
          0.115096,
          -0.368321,
          2.334211
        ],
        [
          0.382819,
          -0.152888,
          0.911084,
          4.121535
        ],
        [
          0.04855,
          -0.981518,
          -0.185107,
          1.541379
        ],
        [
          0.0,
          0.0,
          0.0,
          1.0
        ]
      ]
    },
    {
      "file_path": "/media/NFS/ttao/scannet/posed_images/scene0264_01/00323.jpg",
      "transform_matrix": [
        [
          0.947759,
          0.098714,
          -0.303329,
          2.350008
        ],
        [
          0.315366,
          -0.147076,
          0.937504,
          4.126045
        ],
        [
          0.047933,
          -0.984187,
          -0.170523,
          1.539243
        ],
        [
          0.0,
          0.0,
          0.0,
          1.0
        ]
      ]
    },
    {
      "file_path": "/media/NFS/ttao/scannet/posed_images/scene0264_01/00328.jpg",
      "transform_matrix": [
        [
          0.972576,
          0.100664,
          -0.209674,
          2.332104
        ],
        [
          0.224081,
          -0.163972,
          0.960677,
          4.120925
        ],
        [
          0.062325,
          -0.981315,
          -0.182032,
          1.538468
        ],
        [
          0.0,
          0.0,
          0.0,
          1.0
        ]
      ]
    },
    {
      "file_path": "/media/NFS/ttao/scannet/posed_images/scene0264_01/00337.jpg",
      "transform_matrix": [
        [
          0.996305,
          0.064859,
          -0.056307,
          2.344664
        ],
        [
          0.0669,
          -0.174851,
          0.98232,
          4.122947
        ],
        [
          0.053867,
          -0.982457,
          -0.178544,
          1.530739
        ],
        [
          0.0,
          0.0,
          0.0,
          1.0
        ]
      ]
    },
    {
      "file_path": "/media/NFS/ttao/scannet/posed_images/scene0264_01/00342.jpg",
      "transform_matrix": [
        [
          0.997797,
          0.066176,
          -0.004679,
          2.391782
        ],
        [
          0.016501,
          -0.179261,
          0.983663,
          4.132213
        ],
        [
          0.064256,
          -0.981574,
          -0.179958,
          1.52167
        ],
        [
          0.0,
          0.0,
          0.0,
          1.0
        ]
      ]
    },
    {
      "file_path": "/media/NFS/ttao/scannet/posed_images/scene0264_01/00346.jpg",
      "transform_matrix": [
        [
          0.996888,
          0.053768,
          0.057646,
          2.392792
        ],
        [
          -0.046531,
          -0.18892,
          0.980889,
          4.139697
        ],
        [
          0.063631,
          -0.98052,
          -0.18583,
          1.52076
        ],
        [
          0.0,
          0.0,
          0.0,
          1.0
        ]
      ]
    },
    {
      "file_path": "/media/NFS/ttao/scannet/posed_images/scene0264_01/00355.jpg",
      "transform_matrix": [
        [
          0.994777,
          0.05234,
          0.087631,
          2.454001
        ],
        [
          -0.074262,
          -0.217875,
          0.973147,
          4.166936
        ],
        [
          0.070028,
          -0.974572,
          -0.21285,
          1.489597
        ],
        [
          0.0,
          0.0,
          0.0,
          1.0
        ]
      ]
    },
    {
      "file_path": "/media/NFS/ttao/scannet/posed_images/scene0264_01/00362.jpg",
      "transform_matrix": [
        [
          0.997394,
          0.03827,
          0.06117,
          2.475205
        ],
        [
          -0.049082,
          -0.261549,
          0.963941,
          4.191752
        ],
        [
          0.052889,
          -0.964431,
          -0.258989,
          1.455726
        ],
        [
          0.0,
          0.0,
          0.0,
          1.0
        ]
      ]
    },
    {
      "file_path": "/media/NFS/ttao/scannet/posed_images/scene0264_01/00368.jpg",
      "transform_matrix": [
        [
          0.994906,
          0.016501,
          0.099447,
          2.478018
        ],
        [
          -0.09037,
          -0.29115,
          0.952399,
          4.227556
        ],
        [
          0.044669,
          -0.956535,
          -0.288176,
          1.437537
        ],
        [
          0.0,
          0.0,
          0.0,
          1.0
        ]
      ]
    },
    {
      "file_path": "/media/NFS/ttao/scannet/posed_images/scene0264_01/00370.jpg",
      "transform_matrix": [
        [
          0.991117,
          0.008993,
          0.132692,
          2.485182
        ],
        [
          -0.124256,
          -0.293094,
          0.947975,
          4.249204
        ],
        [
          0.047416,
          -0.956041,
          -0.289373,
          1.441705
        ],
        [
          0.0,
          0.0,
          0.0,
          1.0
        ]
      ]
    },
    {
      "file_path": "/media/NFS/ttao/scannet/posed_images/scene0264_01/00379.jpg",
      "transform_matrix": [
        [
          0.934212,
          -0.064725,
          0.350797,
          2.445626
        ],
        [
          -0.354792,
          -0.270653,
          0.894913,
          4.333076
        ],
        [
          0.037021,
          -0.960499,
          -0.275812,
          1.420334
        ],
        [
          0.0,
          0.0,
          0.0,
          1.0
        ]
      ]
    },
    {
      "file_path": "/media/NFS/ttao/scannet/posed_images/scene0264_01/00381.jpg",
      "transform_matrix": [
        [
          0.915974,
          -0.07225,
          0.394678,
          2.457747
        ],
        [
          -0.398907,
          -0.269819,
          0.876396,
          4.34211
        ],
        [
          0.043172,
          -0.960197,
          -0.275968,
          1.412753
        ],
        [
          0.0,
          0.0,
          0.0,
          1.0
        ]
      ]
    },
    {
      "file_path": "/media/NFS/ttao/scannet/posed_images/scene0264_01/00391.jpg",
      "transform_matrix": [
        [
          0.811069,
          -0.144652,
          0.566783,
          2.435904
        ],
        [
          -0.582808,
          -0.282688,
          0.761854,
          4.368148
        ],
        [
          0.050019,
          -0.948242,
          -0.313584,
          1.394069
        ],
        [
          0.0,
          0.0,
          0.0,
          1.0
        ]
      ]
    },
    {
      "file_path": "/media/NFS/ttao/scannet/posed_images/scene0264_01/00393.jpg",
      "transform_matrix": [
        [
          0.802964,
          -0.143179,
          0.578575,
          2.429991
        ],
        [
          -0.593064,
          -0.288615,
          0.751649,
          4.367167
        ],
        [
          0.059365,
          -0.946679,
          -0.316661,
          1.392053
        ],
        [
          0.0,
          0.0,
          0.0,
          1.0
        ]
      ]
    },
    {
      "file_path": "/media/NFS/ttao/scannet/posed_images/scene0264_01/00400.jpg",
      "transform_matrix": [
        [
          0.755665,
          -0.143066,
          0.639142,
          2.421786
        ],
        [
          -0.65044,
          -0.278346,
          0.706719,
          4.326627
        ],
        [
          0.076795,
          -0.949766,
          -0.303392,
          1.388344
        ],
        [
          0.0,
          0.0,
          0.0,
          1.0
        ]
      ]
    },
    {
      "file_path": "/media/NFS/ttao/scannet/posed_images/scene0264_01/00405.jpg",
      "transform_matrix": [
        [
          0.689923,
          -0.166381,
          0.704502,
          2.398069
        ],
        [
          -0.719172,
          -0.268394,
          0.640903,
          4.295251
        ],
        [
          0.08245,
          -0.948832,
          -0.304827,
          1.386137
        ],
        [
          0.0,
          0.0,
          0.0,
          1.0
        ]
      ]
    },
    {
      "file_path": "/media/NFS/ttao/scannet/posed_images/scene0264_01/00414.jpg",
      "transform_matrix": [
        [
          0.603772,
          -0.232569,
          0.762477,
          2.341995
        ],
        [
          -0.794067,
          -0.259609,
          0.549601,
          4.230038
        ],
        [
          0.070125,
          -0.937291,
          -0.34142,
          1.39121
        ],
        [
          0.0,
          0.0,
          0.0,
          1.0
        ]
      ]
    },
    {
      "file_path": "/media/NFS/ttao/scannet/posed_images/scene0264_01/00415.jpg",
      "transform_matrix": [
        [
          0.601557,
          -0.237029,
          0.762855,
          2.336943
        ],
        [
          -0.79631,
          -0.253731,
          0.549101,
          4.222064
        ],
        [
          0.063408,
          -0.937784,
          -0.341382,
          1.394453
        ],
        [
          0.0,
          0.0,
          0.0,
          1.0
        ]
      ]
    },
    {
      "file_path": "/media/NFS/ttao/scannet/posed_images/scene0264_01/00426.jpg",
      "transform_matrix": [
        [
          0.515876,
          -0.246354,
          0.820476,
          2.272108
        ],
        [
          -0.855717,
          -0.193188,
          0.480028,
          4.207937
        ],
        [
          0.040249,
          -0.949731,
          -0.310471,
          1.420412
        ],
        [
          0.0,
          0.0,
          0.0,
          1.0
        ]
      ]
    },
    {
      "file_path": "/media/NFS/ttao/scannet/posed_images/scene0264_01/00428.jpg",
      "transform_matrix": [
        [
          0.484086,
          -0.247586,
          0.839262,
          2.262685
        ],
        [
          -0.873756,
          -0.188319,
          0.448427,
          4.218698
        ],
        [
          0.047025,
          -0.950388,
          -0.307492,
          1.4199
        ],
        [
          0.0,
          0.0,
          0.0,
          1.0
        ]
      ]
    },
    {
      "file_path": "/media/NFS/ttao/scannet/posed_images/scene0264_01/00438.jpg",
      "transform_matrix": [
        [
          0.403367,
          -0.268066,
          0.874892,
          2.245384
        ],
        [
          -0.914828,
          -0.138641,
          0.3793,
          4.254859
        ],
        [
          0.019618,
          -0.953373,
          -0.301157,
          1.412761
        ],
        [
          0.0,
          0.0,
          0.0,
          1.0
        ]
      ]
    },
    {
      "file_path": "/media/NFS/ttao/scannet/posed_images/scene0264_01/00443.jpg",
      "transform_matrix": [
        [
          0.324687,
          -0.291998,
          0.89962,
          2.243158
        ],
        [
          -0.944458,
          -0.151151,
          0.291809,
          4.27522
        ],
        [
          0.050771,
          -0.9444,
          -0.324857,
          1.413657
        ],
        [
          0.0,
          0.0,
          0.0,
          1.0
        ]
      ]
    },
    {
      "file_path": "/media/NFS/ttao/scannet/posed_images/scene0264_01/00445.jpg",
      "transform_matrix": [
        [
          0.281006,
          -0.296655,
          0.912705,
          2.242802
        ],
        [
          -0.958225,
          -0.139545,
          0.249665,
          4.280231
        ],
        [
          0.053299,
          -0.944734,
          -0.323475,
          1.414373
        ],
        [
          0.0,
