{
  "frames": [
    {
      "file_path": "/media/NFS/ttao/scannet/posed_images/scene0630_06/00000.jpg",
      "transform_matrix": [
        [
          0.393702,
          -0.528455,
          0.752153,
          3.64959
        ],
        [
          -0.916288,
          -0.160102,
          0.367129,
          1.503493
        ],
        [
          -0.07359,
          -0.833728,
          -0.547249,
          1.313467
        ],
        [
          0.0,
          0.0,
          0.0,
          1.0
        ]
      ]
    },
    {
      "file_path": "/media/NFS/ttao/scannet/posed_images/scene0630_06/00003.jpg",
      "transform_matrix": [
        [
          0.388265,
          -0.535332,
          0.750113,
          3.651666
        ],
        [
          -0.918733,
          -0.161287,
          0.360438,
          1.505904
        ],
        [
          -0.071971,
          -0.829099,
          -0.55445,
          1.314462
        ],
        [
          0.0,
          0.0,
          0.0,
          1.0
        ]
      ]
    },
    {
      "file_path": "/media/NFS/ttao/scannet/posed_images/scene0630_06/00005.jpg",
      "transform_matrix": [
        [
          0.391264,
          -0.536142,
          0.747974,
          3.652478
        ],
        [
          -0.917479,
          -0.163893,
          0.362454,
          1.507608
        ],
        [
          -0.071739,
          -0.828065,
          -0.556024,
          1.313851
        ],
        [
          0.0,
          0.0,
          0.0,
          1.0
        ]
      ]
    },
    {
      "file_path": "/media/NFS/ttao/scannet/posed_images/scene0630_06/00008.jpg",
      "transform_matrix": [
        [
          0.400799,
          -0.536491,
          0.742656,
          3.656157
        ],
        [
          -0.914332,
          -0.18296,
          0.361279,
          1.513241
        ],
        [
          -0.057947,
          -0.823834,
          -0.563861,
          1.318187
        ],
        [
          0.0,
          0.0,
          0.0,
          1.0
        ]
      ]
    },
    {
      "file_path": "/media/NFS/ttao/scannet/posed_images/scene0630_06/00011.jpg",
      "transform_matrix": [
        [
          0.418732,
          -0.528163,
          0.73872,
          3.660788
        ],
        [
          -0.907104,
          -0.204987,
          0.367618,
          1.519417
        ],
        [
          -0.042734,
          -0.824029,
          -0.564933,
          1.32988
        ],
        [
          0.0,
          0.0,
          0.0,
          1.0
        ]
      ]
    },
    {
      "file_path": "/media/NFS/ttao/scannet/posed_images/scene0630_06/00016.jpg",
      "transform_matrix": [
        [
          0.472362,
          -0.471157,
          0.744906,
          3.673405
        ],
        [
          -0.879842,
          -0.201739,
          0.430326,
          1.53012
        ],
        [
          -0.052475,
          -0.858669,
          -0.509837,
          1.384479
        ],
        [
          0.0,
          0.0,
          0.0,
          1.0
        ]
      ]
    },
    {
      "file_path": "/media/NFS/ttao/scannet/posed_images/scene0630_06/00018.jpg",
      "transform_matrix": [
        [
          0.495454,
          -0.443817,
          0.746694,
          3.676656
        ],
        [
          -0.866159,
          -0.187565,
          0.463238,
          1.535325
        ],
        [
          -0.065539,
          -0.876268,
          -0.477345,
          1.407777
        ],
        [
          0.0,
          0.0,
          0.0,
          1.0
        ]
      ]
    },
    {
      "file_path": "/media/NFS/ttao/scannet/posed_images/scene0630_06/00021.jpg",
      "transform_matrix": [
        [
          0.542669,
          -0.392169,
          0.742774,
          3.677242
        ],
        [
          -0.836139,
          -0.168117,
          0.522119,
          1.523975
        ],
        [
          -0.079886,
          -0.9044,
          -0.41914,
          1.437682
        ],
        [
          0.0,
          0.0,
          0.0,
          1.0
        ]
      ]
    },
    {
      "file_path": "/media/NFS/ttao/scannet/posed_images/scene0630_06/00024.jpg",
      "transform_matrix": [
        [
          0.586629,
          -0.351969,
          0.729373,
          3.68754
        ],
        [
          -0.804303,
          -0.147921,
          0.575513,
          1.520183
        ],
        [
          -0.094673,
          -0.924249,
          -0.369865,
          1.465312
        ],
        [
          0.0,
          0.0,
          0.0,
          1.0
        ]
      ]
    },
    {
      "file_path": "/media/NFS/ttao/scannet/posed_images/scene0630_06/00026.jpg",
      "transform_matrix": [
        [
          0.609865,
          -0.327794,
          0.721537,
          3.69789
        ],
        [
          -0.785713,
          -0.131135,
          0.604532,
          1.514028
        ],
        [
          -0.103543,
          -0.935604,
          -0.337527,
          1.477633
        ],
        [
          0.0,
          0.0,
          0.0,
          1.0
        ]
      ]
    },
    {
      "file_path": "/media/NFS/ttao/scannet/posed_images/scene0630_06/00030.jpg",
      "transform_matrix": [
        [
          0.661991,
          -0.26519,
          0.70103,
          3.70459
        ],
        [
          -0.743471,
          -0.113819,
          0.659012,
          1.49715
        ],
        [
          -0.094973,
          -0.957455,
          -0.272508,
          1.473411
        ],
        [
          0.0,
          0.0,
          0.0,
          1.0
        ]
      ]
    },
    {
      "file_path": "/media/NFS/ttao/scannet/posed_images/scene0630_06/00033.jpg",
      "transform_matrix": [
        [
          0.722891,
          -0.215482,
          0.656503,
          3.713634
        ],
        [
          -0.688556,
          -0.14543,
          0.710451,
          1.498754
        ],
        [
          -0.057614,
          -0.965618,
          -0.253501,
          1.471621
        ],
        [
          0.0,
          0.0,
          0.0,
          1.0
        ]
      ]
    },
    {
      "file_path": "/media/NFS/ttao/scannet/posed_images/scene0630_06/00034.jpg",
      "transform_matrix": [
        [
          0.745134,
          -0.20462,
          0.634748,
          3.715318
        ],
        [
          -0.6652,
          -0.15983,
          0.729358,
          1.499404
        ],
        [
          -0.047789,
          -0.965704,
          -0.255208,
          1.463655
        ],
        [
          0.0,
          0.0,
          0.0,
          1.0
        ]
      ]
    },
    {
      "file_path": "/media/NFS/ttao/scannet/posed_images/scene0630_06/00037.jpg",
      "transform_matrix": [
        [
          0.809622,
          -0.192323,
          0.554549,
          3.724343
        ],
        [
          -0.58635,
          -0.222241,
          0.778976,
          1.501108
        ],
        [
          -0.026572,
          -0.955835,
          -0.292699,
          1.440792
        ],
        [
          0.0,
          0.0,
          0.0,
          1.0
        ]
      ]
    },
    {
      "file_path": "/media/NFS/ttao/scannet/posed_images/scene0630_06/00040.jpg",
      "transform_matrix": [
        [
          0.849064,
          -0.186909,
          0.494121,
          3.713841
        ],
        [
          -0.528193,
          -0.318309,
          0.787205,
          1.512713
        ],
        [
          0.010148,
          -0.929378,
          -0.368989,
          1.402048
        ],
        [
          0.0,
          0.0,
          0.0,
          1.0
        ]
      ]
    },
    {
      "file_path": "/media/NFS/ttao/scannet/posed_images/scene0630_06/00044.jpg",
      "transform_matrix": [
        [
          0.881326,
          -0.22462,
          0.415705,
          3.722284
        ],
        [
          -0.47248,
          -0.428592,
          0.770111,
          1.510131
        ],
        [
          0.005186,
          -0.875131,
          -0.483858,
          1.330262
        ],
        [
          0.0,
          0.0,
          0.0,
          1.0
        ]
      ]
    },
    {
      "file_path": "/media/NFS/ttao/scannet/posed_images/scene0630_06/00045.jpg",
      "transform_matrix": [
        [
          0.885176,
          -0.236284,
          0.400791,
          3.725588
        ],
        [
          -0.465238,
          -0.457199,
          0.757972,
          1.511201
        ],
        [
          0.004145,
          -0.857402,
          -0.51463,
          1.315923
        ],
        [
          0.0,
          0.0,
          0.0,
          1.0
        ]
      ]
    },
    {
      "file_path": "/media/NFS/ttao/scannet/posed_images/scene0630_06/00049.jpg",
      "transform_matrix": [
        [
          0.896868,
          -0.273316,
          0.347745,
          3.726293
        ],
        [
          -0.442283,
          -0.547381,
          0.710465,
          1.50532
        ],
        [
          -0.003832,
          -0.790994,
          -0.611811,
          1.280692
        ],
        [
          0.0,
          0.0,
          0.0,
          1.0
        ]
      ]
    },
    {
      "file_path": "/media/NFS/ttao/scannet/posed_images/scene0630_06/00052.jpg",
      "transform_matrix": [
        [
          0.910155,
          -0.265043,
          0.318387,
          3.720706
        ],
        [
          -0.414233,
          -0.592317,
          0.691065,
          1.483071
        ],
        [
          0.005424,
          -0.760863,
          -0.64889,
          1.242594
        ],
        [
          0.0,
          0.0,
          0.0,
          1.0
        ]
      ]
    },
    {
      "file_path": "/media/NFS/ttao/scannet/posed_images/scene0630_06/00055.jpg",
      "transform_matrix": [
        [
          0.917472,
          -0.271687,
          0.290572,
          3.713331
        ],
        [
          -0.397792,
          -0.631738,
          0.665334,
          1.475813
        ],
        [
          0.002803,
          -0.726012,
          -0.687676,
          1.228286
        ],
        [
          0.0,
          0.0,
          0.0,
          1.0
        ]
      ]
    },
    {
      "file_path": "/media/NFS/ttao/scannet/posed_images/scene0630_06/00057.jpg",
      "transform_matrix": [
        [
          0.918697,
          -0.274451,
          0.284028,
          3.704605
        ],
        [
          -0.394906,
          -0.650465,
          0.648803,
          1.472613
        ],
        [
          0.006686,
          -0.708218,
          -0.705962,
          1.222957
        ],
        [
          0.0,
          0.0,
          0.0,
          1.0
        ]
      ]
    },
    {
      "file_path": "/media/NFS/ttao/scannet/posed_images/scene0630_06/00061.jpg",
      "transform_matrix": [
        [
          0.927803,
          -0.262114,
          0.265477,
          3.694376
        ],
        [
          -0.372744,
          -0.681081,
          0.63023,
          1.449221
        ],
        [
          0.015619,
          -0.683685,
          -0.729611,
          1.219007
        ],
        [
          0.0,
          0.0,
          0.0,
          1.0
        ]
      ]
    },
    {
      "file_path": "/media/NFS/ttao/scannet/posed_images/scene0630_06/00062.jpg",
      "transform_matrix": [
        [
          0.928607,
          -0.259776,
          0.264964,
          3.684698
        ],
        [
          -0.370647,
          -0.683272,
          0.629095,
          1.450092
        ],
        [
          0.017619,
          -0.68239,
          -0.730776,
          1.218427
        ],
        [
          0.0,
          0.0,
          0.0,
          1.0
        ]
      ]
    },
    {
      "file_path": "/media/NFS/ttao/scannet/posed_images/scene0630_06/00065.jpg",
      "transform_matrix": [
        [
          0.941433,
          -0.232991,
          0.243759,
          3.66261
        ],
        [
          -0.336722,
          -0.688014,
          0.64285,
          1.447115
        ],
        [
          0.017932,
          -0.687279,
          -0.726172,
          1.215037
        ],
        [
          0.0,
          0.0,
          0.0,
          1.0
        ]
      ]
    },
    {
      "file_path": "/media/NFS/ttao/scannet/posed_images/scene0630_06/00068.jpg",
      "transform_matrix": [
        [
          0.948097,
          -0.227362,
          0.222302,
          3.644177
        ],
        [
          -0.317813,
          -0.700228,
          0.639278,
          1.450073
        ],
        [
          0.010314,
          -0.676748,
          -0.736143,
          1.212487
        ],
        [
          0.0,
          0.0,
          0.0,
          1.0
        ]
      ]
    },
    {
      "file_path": "/media/NFS/ttao/scannet/posed_images/scene0630_06/00073.jpg",
      "transform_matrix": [
        [
          0.975221,
          -0.174297,
          0.136252,
          3.671404
        ],
        [
          -0.22013,
          -0.703057,
          0.676206,
          1.442307
        ],
        [
          -0.022068,
          -0.689443,
          -0.724004,
          1.251483
        ],
        [
          0.0,
          0.0,
          0.0,
          1.0
        ]
      ]
    },
    {
      "file_path": "/media/NFS/ttao/scannet/posed_images/scene0630_06/00076.jpg",
      "transform_matrix": [
        [
          0.987576,
          -0.121207,
          0.100014,
          3.678626
        ],
        [
          -0.155785,
          -0.671637,
          0.724317,
          1.43662
        ],
        [
          -0.020619,
          -0.730898,
          -0.682175,
          1.271479
        ],
        [
          0.0,
          0.0,
          0.0,
          1.0
        ]
      ]
    },
    {
      "file_path": "/media/NFS/ttao/scannet/posed_images/scene0630_06/00078.jpg",
      "transform_matrix": [
        [
          0.992475,
          -0.093465,
          0.07911,
          3.687079
        ],
        [
          -0.121242,
          -0.659516,
          0.741849,
          1.428774
        ],
        [
          -0.017162,
          -0.745857,
          -0.665884,
          1.278661
        ],
        [
          0.0,
          0.0,
          0.0,
          1.0
        ]
      ]
    },
    {
      "file_path": "/media/NFS/ttao/scannet/posed_images/scene0630_06/00080.jpg",
      "transform_matrix": [
        [
          0.996619,
          -0.063332,
          0.052342,
          3.701744
        ],
        [
          -0.081127,
          -0.657706,
          0.748894,
          1.435339
        ],
        [
          -0.013004,
          -0.750608,
          -0.66062,
          1.287197
        ],
        [
          0.0,
          0.0,
          0.0,
          1.0
        ]
      ]
    },
    {
      "file_path": "/media/NFS/ttao/scannet/posed_images/scene0630_06/00084.jpg",
      "transform_matrix": [
        [
          0.999569,
          -0.018377,
          0.022898,
          3.720195
        ],
        [
          -0.02936,
          -0.624167,
          0.780739,
          1.420115
        ],
        [
          -5.6e-05,
          -0.781075,
          -0.624438,
          1.303397
        ],
        [
          0.0,
          0.0,
          0.0,
          1.0
        ]
      ]
    },
    {
      "file_path": "/media/NFS/ttao/scannet/posed_images/scene0630_06/00087.jpg",
      "transform_matrix": [
        [
          0.999979,
          -0.00647,
          0.000911,
          3.731009
        ],
        [
          -0.004677,
          -0.611457,
          0.791264,
          1.409129
        ],
        [
          -0.004563,
          -0.791251,
          -0.611474,
          1.308555
        ],
        [
          0.0,
          0.0,
          0.0,
          1.0
        ]
      ]
    },
    {
      "file_path": "/media/NFS/ttao/scannet/posed_images/scene0630_06/00088.jpg",
      "transform_matrix": [
        [
          0.999977,
          -0.004922,
          -0.004685,
          3.732285
        ],
        [
          0.000716,
          -0.609214,
          0.793006,
          1.407783
        ],
        [
          -0.006758,
          -0.79299,
          -0.609197,
          1.312782
        ],
        [
          0.0,
          0.0,
          0.0,
          1.0
        ]
      ]
    },
    {
      "file_path": "/media/NFS/ttao/scannet/posed_images/scene0630_06/00093.jpg",
      "transform_matrix": [
        [
          0.999362,
          -0.007209,
          -0.034978,
          3.745455
        ],
        [
          0.024415,
          -0.576867,
          0.816473,
          1.399386
        ],
        [
          -0.026064,
          -0.816806,
          -0.576323,
          1.331626
        ],
        [
          0.0,
          0.0,
          0.0,
          1.0
        ]
      ]
    },
    {
      "file_path": "/media/NFS/ttao/scannet/posed_images/scene0630_06/00096.jpg",
      "transform_matrix": [
        [
          0.999662,
          -0.01115,
          -0.0235,
          3.745489
        ],
        [
          0.013294,
          -0.557527,
          0.830053,
          1.395441
        ],
        [
          -0.022357,
          -0.830084,
          -0.55719,
          1.332366
        ],
        [
          0.0,
          0.0,
          0.0,
          1.0
        ]
      ]
    },
    {
      "file_path": "/media/NFS/ttao/scannet/posed_images/scene0630_06/00097.jpg",
      "transform_matrix": [
        [
          0.999841,
          -0.013019,
          -0.012203,
          3.74668
        ],
        [
          0.002918,
          -0.555388,
          0.831586,
          1.394715
        ],
        [
          -0.017604,
          -0.831489,
          -0.555262,
          1.331735
        ],
        [
          0.0,
          0.0,
          0.0,
          1.0
        ]
      ]
    },
    {
      "file_path": "/media/NFS/ttao/scannet/posed_images/scene0630_06/00099.jpg",
      "transform_matrix": [
        [
          0.999374,
          -0.026214,
          0.023765,
          3.751342
        ],
        [
          -0.034308,
          -0.553611,
          0.832068,
          1.401034
        ],
        [
          -0.008655,
          -0.832362,
          -0.554164,
          1.341933
        ],
        [
          0.0,
          0.0,
          0.0,
          1.0
        ]
      ]
    },
    {
      "file_path": "/media/NFS/ttao/scannet/posed_images/scene0630_06/00102.jpg",
      "transform_matrix": [
        [
          0.993657,
          -0.055129,
          0.098013,
          3.771764
        ],
        [
          -0.112404,
          -0.512855,
          0.851085,
          1.407688
        ],
        [
          0.003347,
          -0.856704,
          -0.515798,
          1.361421
        ],
        [
          0.0,
          0.0,
          0.0,
          1.0
        ]
      ]
    },
    {
      "file_path": "/media/NFS/ttao/scannet/posed_images/scene0630_06/00107.jpg",
      "transform_matrix": [
        [
          0.964154,
          -0.107343,
          0.242661,
          3.778244
        ],
        [
          -0.265307,
          -0.40518,
          0.874895,
          1.404932
        ],
        [
          0.004407,
          -0.907913,
          -0.419135,
          1.397576
        ],
        [
          0.0,
          0.0,
          0.0,
          1.0
        ]
      ]
    },
    {
      "file_path": "/media/NFS/ttao/scannet/posed_images/scene0630_06/00110.jpg",
      "transform_matrix": [
        [
          0.953084,
          -0.123408,
          0.276408,
          3.787589
        ],
        [
          -0.302445,
          -0.350318,
          0.886456,
          1.396483
        ],
        [
          -0.012564,
          -0.928465,
          -0.371207,
          1.415892
        ],
        [
          0.0,
          0.0,
          0.0,
          1.0
        ]
      ]
    },
    {
      "file_path": "/media/NFS/ttao/scannet/posed_images/scene0630_06/00113.jpg",
      "transform_matrix": [
        [
          0.945571,
          -0.127545,
          0.299379,
          3.787226
        ],
        [
          -0.324694,
          -0.308511,
          0.894089,
          1.388832
        ],
        [
          -0.021675,
          -0.942631,
          -0.333132,
          1.429168
        ],
        [
          0.0,
          0.0,
          0.0,
          1.0
        ]
      ]
    },
    {
      "file_path": "/media/NFS/ttao/scannet/posed_images/scene0630_06/00115.jpg",
      "transform_matrix": [
        [
          0.937944,
          -0.129122,
          0.321851,
          3.78751
        ],
        [
          -0.346076,
          -0.289151,
          0.892538,
          1.385316
        ],
        [
          -0.022183,
          -0.948535,
          -0.315893,
          1.431554
        ],
        [
          0.0,
          0.0,
          0.0,
          1.0
        ]
      ]
    },
    {
      "file_path": "/media/NFS/ttao/scannet/posed_images/scene0630_06/00118.jpg",
      "transform_matrix": [
        [
          0.925501,
          -0.136376,
          0.353342,
          3.788229
        ],
        [
          -0.378087,
          -0.277648,
          0.883154,
          1.381361
        ],
        [
          -0.022337,
          -0.950954,
          -0.308526,
          1.435246
        ],
        [
          0.0,
          0.0,
          0.0,
          1.0
        ]
      ]
    },
    {
      "file_path": "/media/NFS/ttao/scannet/posed_images/scene0630_06/00121.jpg",
      "transform_matrix": [
        [
          0.919999,
          -0.137018,
          0.36719,
          3.788601
        ],
        [
          -0.391395,
          -0.272629,
          0.878911,
          1.381999
        ],
        [
          -0.020319,
          -0.952313,
          -0.304446,
          1.445578
        ],
        [
          0.0,
          0.0,
          0.0,
          1.0
        ]
      ]
    },
    {
      "file_path": "/media/NFS/ttao/scannet/posed_images/scene0630_06/00122.jpg",
      "transform_matrix": [
        [
          0.920496,
          -0.136425,
          0.366164,
          3.784374
        ],
        [
          -0.390189,
          -0.270559,
          0.880086,
          1.381975
        ],
        [
          -0.020997,
          -0.952988,
          -0.30228,
          1.445136
        ],
        [
          0.0,
          0.0,
          0.0,
          1.0
        ]
      ]
    },
    {
      "file_path": "/media/NFS/ttao/scannet/posed_images/scene0630_06/00127.jpg",
      "transform_matrix": [
        [
          0.941827,
          -0.119387,
          0.314179,
          3.757169
        ],
        [
          -0.335513,
          -0.278842,
          0.899821,
          1.390174
        ],
        [
          -0.019821,
          -0.952887,
          -0.302676,
          1.449229
        ],
        [
          0.0,
          0.0,
          0.0,
          1.0
        ]
      ]
    },
    {
      "file_path": "/media/NFS/ttao/scannet/posed_images/scene0630_06/00130.jpg",
      "transform_matrix": [
        [
          0.967388,
          -0.098898,
          0.233196,
          3.749655
        ],
        [
          -0.252038,
          -0.284014,
          0.925101,
          1.381967
        ],
        [
          -0.02526,
          -0.953706,
          -0.299678,
          1.440319
        ],
        [
          0.0,
          0.0,
          0.0,
          1.0
        ]
      ]
    },
    {
      "file_path": "/media/NFS/ttao/scannet/posed_images/scene0630_06/00132.jpg",
      "transform_matrix": [
        [
          0.980118,
          -0.092567,
          0.175501,
          3.732153
        ],
        [
          -0.195156,
          -0.290034,
          0.936907,
          1.38712
        ],
        [
          -0.035825,
          -0.952529,
          -0.302333,
          1.449097
        ],
        [
          0.0,
          0.0,
          0.0,
          1.0
        ]
      ]
    },
    {
      "file_path": "/media/NFS/ttao/scannet/posed_images/scene0630_06/00134.jpg",
      "transform_matrix": [
        [
          0.990829,
          -0.085697,
          0.104469,
          3.721616
        ],
        [
          -0.125575,
          -0.298566,
          0.946092,
          1.396942
        ],
        [
          -0.049886,
          -0.950534,
          -0.306589,
          1.460775
        ],
        [
          0.0,
          0.0,
          0.0,
          1.0
        ]
      ]
    },
    {
      "file_path": "/media/NFS/ttao/scannet/posed_images/scene0630_06/00136.jpg",
      "transform_matrix": [
        [
          0.997072,
          -0.072725,
          0.023616,
          3.710876
        ],
        [
          -0.04434,
          -0.298307,
          0.953439,
          1.402452
        ],
        [
          -0.062294,
          -0.951695,
          -0.300659,
          1.468449
        ],
        [
          0.0,
          0.0,
          0.0,
          1.0
        ]
      ]
    },
    {
      "file_path": "/media/NFS/ttao/scannet/posed_images/scene0630_06/00140.jpg",
      "transform_matrix": [
        [
          0.988636,
          -0.055345,
          -0.139772,
          3.717117
        ],
        [
          0.118831,
          -0.281781,
          0.952092,
          1.401496
        ],
        [
          -0.092079,
          -0.957881,
          -0.272002,
          1.456118
        ],
        [
          0.0,
          0.0,
          0.0,
          1.0
        ]
      ]
    },
    {
      "file_path": "/media/NFS/ttao/scannet/posed_images/scene0630_06/00144.jpg",
      "transform_matrix": [
        [
          0.969715,
          -0.021439,
          -0.243298,
          3.726996
        ],
        [
          0.226864,
          -0.289956,
          0.929763,
          1.417684
        ],
        [
          -0.090479,
          -0.9568,
          -0.276311,
          1.452015
        ],
        [
          0.0,
          0.0,
          0.0,
          1.0
        ]
      ]
    },
    {
      "file_path": "/media/NFS/ttao/scannet/posed_images/scene0630_06/00146.jpg",
      "transform_matrix": [
        [
          0.961359,
          -0.009668,
          -0.275127,
          3.734555
        ],
        [
          0.260855,
          -0.287456,
          0.921588,
          1.427467
        ],
        [
          -0.087997,
          -0.957745,
          -0.273827,
          1.450067
        ],
        [
          0.0,
          0.0,
          0.0,
          1.0
        ]
      ]
    },
    {
      "file_path": "/media/NFS/ttao/scannet/posed_images/scene0630_06/00149.jpg",
      "transform_matrix": [
        [
          0.951786,
          0.00934,
          -0.306619,
          3.740517
        ],
        [
          0.295934,
          -0.291168,
          0.90975,
          1.439004
        ],
        [
          -0.080781,
          -0.956626,
          -0.279894,
          1.442127
        ],
        [
          0.0,
          0.0,
          0.0,
          1.0
        ]
      ]
    },
    {
      "file_path": "/media/NFS/ttao/scannet/posed_images/scene0630_06/00151.jpg",
      "transform_matrix": [
        [
          0.950098,
          0.022747,
          -0.311122,
          3.735973
        ],
        [
          0.303554,
          -0.29729,
          0.905248,
          1.444345
        ],
        [
          -0.071901,
          -0.954516,
          -0.28936,
          1.433904
        ],
        [
          0.0,
          0.0,
          0.0,
          1.0
        ]
      ]
    },
    {
      "file_path": "/media/NFS/ttao/scannet/posed_images/scene0630_06/00154.jpg",
      "transform_matrix": [
        [
          0.944219,
          0.05614,
          -0.324498,
          3.738117
        ],
        [
          0.324961,
          -0.31861,
          0.890443,
          1.452681
        ],
        [
          -0.053399,
          -0.946222,
          -0.319081,
          1.417282
        ],
        [
          0.0,
          0.0,
          0.0,
          1.0
        ]
      ]
    },
    {
      "file_path": "/media/NFS/ttao/scannet/posed_images/scene0630_06/00156.jpg",
      "transform_matrix": [
        [
          0.940348,
          0.076861,
          -0.331418,
          3.73632
        ],
        [
          0.337467,
          -0.334269,
          0.879989,
          1.456396
        ],
        [
          -0.043146,
          -0.939338,
          -0.340267,
          1.404234
        ],
        [
          0.0,
          0.0,
          0.0,
          1.0
        ]
      ]
    },
    {
      "file_path": "/media/NFS/ttao/scannet/posed_images/scene0630_06/00161.jpg",
      "transform_matrix": [
        [
          0.932094,
          0.107851,
          -0.345788,
          3.731142
        ],
        [
          0.358967,
          -0.402644,
          0.842034,
          1.462498
        ],
        [
          -0.048415,
          -0.908981,
          -0.414017,
          1.389004
        ],
        [
          0.0,
          0.0,
          0.0,
          1.0
        ]
      ]
    },
    {
      "file_path": "/media/NFS/ttao/scannet/posed_images/scene0630_06/00164.jpg",
      "transform_matrix": [
        [
          0.929572,
          0.125879,
          -0.346483,
          3.72644
        ],
        [
          0.366004,
          -0.427367,
          0.82668,
          1.453173
        ],
        [
          -0.044014,
          -0.895272,
          -0.44334,
          1.374926
        ],
        [
          0.0,
          0.0,
          0.0,
          1.0
        ]
      ]
    },
    {
      "file_path": "/media/NFS/ttao/scannet/posed_images/scene0630_06/00165.jpg",
      "transform_matrix": [
        [
          0.928467,
          0.133238,
          -0.346693,
          3.72535
        ],
        [
          0.369282,
          -0.431042,
          0.823307,
          1.447764
        ],
        [
          -0.039744,
          -0.892441,
          -0.449411,
          1.368544
        ],
        [
          0.0,
          0.0,
          0.0,
          1.0
        ]
      ]
    },
    {
      "file_path": "/media/NFS/ttao/scannet/posed_images/scene0630_06/00170.jpg",
      "transform_matrix": [
        [
          0.925846,
          0.163381,
          -0.340758,
          3.711048
        ],
        [
          0.37709,
          -0.458456,
          0.804749,
          1.41647
        ],
        [
          -0.024742,
          -0.87357,
          -0.486069,
          1.353473
        ],
        [
          0.0,
          0.0,
          0.0,
          1.0
        ]
      ]
    },
    {
      "file_path": "/media/NFS/ttao/scannet/posed_images/scene0630_06/00171.jpg",
      "transform_matrix": [
        [
          0.924956,
          0.166793,
          -0.34152,
          3.705689
        ],
        [
          0.379359,
          -0.460229,
          0.802668,
          1.409236
        ],
        [
          -0.023298,
          -0.871991,
          -0.488967,
          1.350394
        ],
        [
          0.0,
          0.0,
          0.0,
          1.0
        ]
      ]
    },
    {
      "file_path": "/media/NFS/ttao/scannet/posed_images/scene0630_06/00174.jpg",
      "transform_matrix": [
        [
          0.916738,
          0.182176,
          -0.355533,
          3.706972
        ],
        [
          0.398895,
          -0.465961,
          0.789787,
          1.387026
        ],
        [
          -0.021784,
          -0.865847,
          -0.499834,
          1.337192
        ],
        [
          0.0,
          0.0,
          0.0,
          1.0
        ]
      ]
    },
    {
      "file_path": "/media/NFS/ttao/scannet/posed_images/scene0630_06/00177.jpg",
      "transform_matrix": [
        [
          0.907379,
          0.208307,
          -0.365065,
          3.706435
        ],
        [
          0.419972,
          -0.484387,
          0.767459,
          1.37242
        ],
        [
          -0.016966,
          -0.849692,
          -0.527006,
          1.324874
        ],
        [
          0.0,
          0.0,
          0.0,
          1.0
        ]
      ]
    },
    {
      "file_path": "/media/NFS/ttao/scannet/posed_images/scene0630_06/00180.jpg",
      "transform_matrix": [
        [
          0.898209,
          0.227095,
          -0.376363,
          3.705539
        ],
        [
          0.438982,
          -0.507672,
          0.741326,
          1.365198
        ],
        [
          -0.022718,
          -0.831082,
          -0.555686,
          1.319662
        ],
        [
          0.0,
          0.0,
          0.0,
          1.0
        ]
      ]
    },
    {
      "file_path": "/media/NFS/ttao/scannet/posed_images/scene0630_06/00183.jpg",
      "transform_matrix": [
        [
          0.885295,
          0.241208,
          -0.397581,
          3.711565
        ],
        [
          0.463752,
          -0.521262,
          0.716394,
          1.362508
        ],
        [
          -0.034444,
          -0.818599,
          -0.573331,
          1.311484
        ],
        [
          0.0,
          0.0,
          0.0,
          1.0
        ]
      ]
    },
    {
      "file_path": "/media/NFS/ttao/scannet/posed_images/scene0630_06/00185.jpg",
      "transform_matrix": [
        [
          0.873609,
          0.242372,
          -0.421976,
          3.716857
        ],
        [
          0.48355,
          -0.529751,
          0.696809,
          1.360238
        ],
        [
          -0.054655,
          -0.812785,
          -0.579994,
          1.306476
        ],
        [
          0.0,
          0.0,
          0.0,
          1.0
        ]
      ]
    },
    {
      "file_path": "/media/NFS/ttao/scannet/posed_images/scene0630_06/00190.jpg",
      "transform_matrix": [
        [
          0.811846,
          0.275407,
          -0.514837,
          3.74309
        ],
        [
          0.575219,
          -0.528502,
          0.624347,
          1.355448
        ],
        [
          -0.100143,
          -0.803018,
          -0.587481,
          1.310596
        ],
        [
          0.0,
          0.0,
          0.0,
          1.0
        ]
      ]
    },
    {
      "file_path": "/media/NFS/ttao/scannet/posed_images/scene0630_06/00193.jpg",
      "transform_matrix": [
        [
          0.775212,
          0.308009,
          -0.551522,
          3.78605
        ],
        [
          0.62482,
          -0.502382,
          0.597673,
          1.369878
        ],
        [
          -0.092986,
          -0.807925,
          -0.581902,
          1.30698
        ],
        [
          0.0,
          0.0,
          0.0,
          1.0
        ]
      ]
    },
    {
      "file_path": "/media/NFS/ttao/scannet/posed_images/scene0630_06/00194.jpg",
      "transform_matrix": [
        [
          0.765348,
          0.315857,
          -0.560782,
          3.806063
        ],
        [
          0.637015,
          -0.496215,
          0.589901,
          1.379313
        ],
        [
          -0.091944,
          -0.808706,
          -0.580983,
          1.307255
        ],
        [
          0.0,
          0.0,
          0.0,
          1.0
        ]
      ]
    },
    {
      "file_path": "/media/NFS/ttao/scannet/posed_images/scene0630_06/00197.jpg",
      "transform_matrix": [
        [
          0.728096,
          0.34303,
          -0.593471,
          3.863186
        ],
        [
          0.681545,
          -0.454851,
          0.573242,
          1.403845
        ],
        [
          -0.073302,
          -0.821852,
          -0.564965,
          1.305485
        ],
        [
          0.0,
          0.0,
          0.0,
          1.0
        ]
      ]
    },
    {
      "file_path": "/media/NFS/ttao/scannet/posed_images/scene0630_06/00200.jpg",
      "transform_matrix": [
        [
          0.69873,
          0.386101,
          -0.602248,
          3.921009
        ],
        [
          0.714833,
          -0.409888,
          0.566573,
          1.427097
        ],
        [
          -0.0281,
          -0.826388,
          -0.562399,
          1.310117
        ],
        [
          0.0,
          0.0,
          0.0,
          1.0
        ]
      ]
    },
    {
      "file_path": "/media/NFS/ttao/scannet/posed_images/scene0630_06/00204.jpg",
      "transform_matrix": [
        [
          0.66395,
          0.423602,
          -0.616224,
          3.983821
        ],
        [
          0.747763,
          -0.37117,
          0.55053,
          1.450714
        ],
        [
          0.004482,
          -0.826314,
          -0.563192,
          1.320333
        ],
        [
          0.0,
          0.0,
          0.0,
          1.0
        ]
      ]
    },
    {
      "file_path": "/media/NFS/ttao/scannet/posed_images/scene0630_06/00207.jpg",
      "transform_matrix": [
        [
          0.640009,
          0.450787,
          -0.622238,
          4.011435
        ],
        [
          0.768316,
          -0.366058,
          0.525064,
          1.459455
        ],
        [
          0.008917,
          -0.814121,
          -0.580628,
          1.326104
        ],
        [
          0.0,
          0.0,
          0.0,
          1.0
        ]
      ]
    },
    {
      "file_path": "/media/NFS/ttao/scannet/posed_images/scene0630_06/00210.jpg",
      "transform_matrix": [
        [
          0.621096,
          0.46416,
          -0.631502,
          4.033284
        ],
        [
          0.783688,
          -0.359098,
          0.506835,
          1.46537
        ],
        [
          0.008481,
          -0.809694,
          -0.586791,
          1.329907
        ],
        [
          0.0,
          0.0,
          0.0,
          1.0
        ]
      ]
    },
    {
      "file_path": "/media/NFS/ttao/scannet/posed_images/scene0630_06/00211.jpg",
      "transform_matrix": [
        [
          0.61689,
          0.464023,
          -0.635712,
          4.040669
        ],
        [
          0.787012,
          -0.355842,
          0.503972,
          1.467932
        ],
        [
          0.007642,
          -0.811209,
          -0.584707,
          1.328965
        ],
        [
          0.0,
          0.0,
          0.0,
          1.0
        ]
      ]
    },
    {
      "file_path": "/media/NFS/ttao/scannet/posed_images/scene0630_06/00214.jpg",
      "transform_matrix": [
        [
          0.612502,
          0.465226,
          -0.639067,
          4.056676
        ],
        [
          0.79047,
          -0.360482,
          0.495188,
          1.473552
        ],
        [
          2e-06,
          -0.808466,
          -0.588543,
          1.328863
        ],
        [
          0.0,
          0.0,
          0.0,
          1.0
        ]
      ]
    },
    {
      "file_path": "/media/NFS/ttao/scannet/posed_images/scene0630_06/00216.jpg",
      "transform_matrix": [
        [
          0.626955,
          0.458856,
          -0.629586,
          4.063704
        ],
        [
          0.779049,
          -0.36604,
          0.509016,
          1.473362
        ],
        [
          0.003111,
          -0.809608,
          -0.586963,
          1.323923
        ],
        [
          0.0,
          0.0,
          0.0,
          1.0
        ]
      ]
    },
    {
      "file_path": "/media/NFS/ttao/scannet/posed_images/scene0630_06/00219.jpg",
      "transform_matrix": [
        [
          0.656897,
          0.455118,
          -0.601127,
          4.068051
        ],
        [
          0.753618,
          -0.371627,
          0.542175,
          1.470365
        ],
        [
          0.023359,
          -0.809173,
