{
  "frames": [
    {
      "file_path": "/media/NFS/ttao/scannet/posed_images/scene0392_00/00000.jpg",
      "transform_matrix": [
        [
          0.852531,
          0.200093,
          -0.482861,
          4.526014
        ],
        [
          0.521336,
          -0.391664,
          0.758161,
          4.158288
        ],
        [
          -0.037416,
          -0.898088,
          -0.438221,
          1.336204
        ],
        [
          0.0,
          0.0,
          0.0,
          1.0
        ]
      ]
    },
    {
      "file_path": "/media/NFS/ttao/scannet/posed_images/scene0392_00/00012.jpg",
      "transform_matrix": [
        [
          0.870877,
          0.191933,
          -0.452476,
          4.530413
        ],
        [
          0.490447,
          -0.399591,
          0.77446,
          4.172945
        ],
        [
          -0.032161,
          -0.896375,
          -0.442128,
          1.334761
        ],
        [
          0.0,
          0.0,
          0.0,
          1.0
        ]
      ]
    },
    {
      "file_path": "/media/NFS/ttao/scannet/posed_images/scene0392_00/00017.jpg",
      "transform_matrix": [
        [
          0.864108,
          0.199801,
          -0.461948,
          4.542474
        ],
        [
          0.502427,
          -0.396671,
          0.768258,
          4.180098
        ],
        [
          -0.029743,
          -0.895953,
          -0.443152,
          1.334014
        ],
        [
          0.0,
          0.0,
          0.0,
          1.0
        ]
      ]
    },
    {
      "file_path": "/media/NFS/ttao/scannet/posed_images/scene0392_00/00022.jpg",
      "transform_matrix": [
        [
          0.847998,
          0.215501,
          -0.48421,
          4.5624
        ],
        [
          0.529377,
          -0.388692,
          0.754108,
          4.188881
        ],
        [
          -0.025698,
          -0.895812,
          -0.443691,
          1.336278
        ],
        [
          0.0,
          0.0,
          0.0,
          1.0
        ]
      ]
    },
    {
      "file_path": "/media/NFS/ttao/scannet/posed_images/scene0392_00/00037.jpg",
      "transform_matrix": [
        [
          0.896843,
          0.131292,
          -0.422416,
          4.6953
        ],
        [
          0.441914,
          -0.308286,
          0.84242,
          4.228889
        ],
        [
          -0.019622,
          -0.94219,
          -0.334504,
          1.39269
        ],
        [
          0.0,
          0.0,
          0.0,
          1.0
        ]
      ]
    },
    {
      "file_path": "/media/NFS/ttao/scannet/posed_images/scene0392_00/00042.jpg",
      "transform_matrix": [
        [
          0.918546,
          0.11065,
          -0.379513,
          4.726356
        ],
        [
          0.395164,
          -0.283503,
          0.873768,
          4.224593
        ],
        [
          -0.010911,
          -0.952566,
          -0.304136,
          1.410871
        ],
        [
          0.0,
          0.0,
          0.0,
          1.0
        ]
      ]
    },
    {
      "file_path": "/media/NFS/ttao/scannet/posed_images/scene0392_00/00054.jpg",
      "transform_matrix": [
        [
          0.963949,
          0.060477,
          -0.259121,
          4.758013
        ],
        [
          0.26542,
          -0.149699,
          0.952441,
          4.117829
        ],
        [
          0.018811,
          -0.98688,
          -0.160354,
          1.479902
        ],
        [
          0.0,
          0.0,
          0.0,
          1.0
        ]
      ]
    },
    {
      "file_path": "/media/NFS/ttao/scannet/posed_images/scene0392_00/00057.jpg",
      "transform_matrix": [
        [
          0.969798,
          0.058269,
          -0.236845,
          4.760525
        ],
        [
          0.243015,
          -0.147859,
          0.958687,
          4.088439
        ],
        [
          0.020842,
          -0.987291,
          -0.157553,
          1.476312
        ],
        [
          0.0,
          0.0,
          0.0,
          1.0
        ]
      ]
    },
    {
      "file_path": "/media/NFS/ttao/scannet/posed_images/scene0392_00/00069.jpg",
      "transform_matrix": [
        [
          0.978425,
          0.036617,
          -0.203331,
          4.800222
        ],
        [
          0.206544,
          -0.196682,
          0.958465,
          4.031781
        ],
        [
          -0.004896,
          -0.979783,
          -0.200002,
          1.445788
        ],
        [
          0.0,
          0.0,
          0.0,
          1.0
        ]
      ]
    },
    {
      "file_path": "/media/NFS/ttao/scannet/posed_images/scene0392_00/00072.jpg",
      "transform_matrix": [
        [
          0.978372,
          0.033428,
          -0.204132,
          4.806902
        ],
        [
          0.206508,
          -0.214691,
          0.954601,
          4.031771
        ],
        [
          -0.011915,
          -0.97611,
          -0.216951,
          1.438447
        ],
        [
          0.0,
          0.0,
          0.0,
          1.0
        ]
      ]
    },
    {
      "file_path": "/media/NFS/ttao/scannet/posed_images/scene0392_00/00086.jpg",
      "transform_matrix": [
        [
          0.949637,
          0.115521,
          -0.291281,
          4.89811
        ],
        [
          0.31305,
          -0.308944,
          0.898083,
          4.116754
        ],
        [
          0.013758,
          -0.944038,
          -0.329549,
          1.375466
        ],
        [
          0.0,
          0.0,
          0.0,
          1.0
        ]
      ]
    },
    {
      "file_path": "/media/NFS/ttao/scannet/posed_images/scene0392_00/00091.jpg",
      "transform_matrix": [
        [
          0.942623,
          0.139251,
          -0.303433,
          4.975967
        ],
        [
          0.333349,
          -0.342311,
          0.878466,
          4.16242
        ],
        [
          0.018459,
          -0.929211,
          -0.369089,
          1.34948
        ],
        [
          0.0,
          0.0,
          0.0,
          1.0
        ]
      ]
    },
    {
      "file_path": "/media/NFS/ttao/scannet/posed_images/scene0392_00/00104.jpg",
      "transform_matrix": [
        [
          0.904068,
          0.210763,
          -0.371804,
          5.036951
        ],
        [
          0.42735,
          -0.434299,
          0.792942,
          4.158474
        ],
        [
          0.005649,
          -0.875764,
          -0.482706,
          1.316691
        ],
        [
          0.0,
          0.0,
          0.0,
          1.0
        ]
      ]
    },
    {
      "file_path": "/media/NFS/ttao/scannet/posed_images/scene0392_00/00106.jpg",
      "transform_matrix": [
        [
          0.890033,
          0.234269,
          -0.391099,
          5.031567
        ],
        [
          0.455815,
          -0.44113,
          0.773071,
          4.148555
        ],
        [
          0.008581,
          -0.866327,
          -0.499404,
          1.312037
        ],
        [
          0.0,
          0.0,
          0.0,
          1.0
        ]
      ]
    },
    {
      "file_path": "/media/NFS/ttao/scannet/posed_images/scene0392_00/00119.jpg",
      "transform_matrix": [
        [
          0.752066,
          0.382009,
          -0.537089,
          4.964031
        ],
        [
          0.658057,
          -0.389674,
          0.644294,
          4.055054
        ],
        [
          0.036836,
          -0.837987,
          -0.544445,
          1.287762
        ],
        [
          0.0,
          0.0,
          0.0,
          1.0
        ]
      ]
    },
    {
      "file_path": "/media/NFS/ttao/scannet/posed_images/scene0392_00/00124.jpg",
      "transform_matrix": [
        [
          0.73223,
          0.414122,
          -0.540687,
          4.94909
        ],
        [
          0.679784,
          -0.395872,
          0.617397,
          4.035221
        ],
        [
          0.041635,
          -0.819627,
          -0.571383,
          1.272621
        ],
        [
          0.0,
          0.0,
          0.0,
          1.0
        ]
      ]
    },
    {
      "file_path": "/media/NFS/ttao/scannet/posed_images/scene0392_00/00131.jpg",
      "transform_matrix": [
        [
          0.71885,
          0.439563,
          -0.538552,
          4.909377
        ],
        [
          0.694097,
          -0.410916,
          0.591082,
          4.010375
        ],
        [
          0.038518,
          -0.798707,
          -0.600487,
          1.264386
        ],
        [
          0.0,
          0.0,
          0.0,
          1.0
        ]
      ]
    },
    {
      "file_path": "/media/NFS/ttao/scannet/posed_images/scene0392_00/00141.jpg",
      "transform_matrix": [
        [
          0.672875,
          0.39298,
          -0.626742,
          4.832644
        ],
        [
          0.739707,
          -0.347623,
          0.576188,
          3.976595
        ],
        [
          0.00856,
          -0.851308,
          -0.524597,
          1.307233
        ],
        [
          0.0,
          0.0,
          0.0,
          1.0
        ]
      ]
    },
    {
      "file_path": "/media/NFS/ttao/scannet/posed_images/scene0392_00/00153.jpg",
      "transform_matrix": [
        [
          0.666138,
          0.295105,
          -0.684962,
          4.770605
        ],
        [
          0.74581,
          -0.269914,
          0.609026,
          3.988955
        ],
        [
          -0.005154,
          -0.916547,
          -0.399893,
          1.379117
        ],
        [
          0.0,
          0.0,
          0.0,
          1.0
        ]
      ]
    },
    {
      "file_path": "/media/NFS/ttao/scannet/posed_images/scene0392_00/00161.jpg",
      "transform_matrix": [
        [
          0.650132,
          0.243387,
          -0.719786,
          4.759678
        ],
        [
          0.759652,
          -0.22819,
          0.608981,
          4.019733
        ],
        [
          -0.01603,
          -0.942705,
          -0.333243,
          1.417353
        ],
        [
          0.0,
          0.0,
          0.0,
          1.0
        ]
      ]
    },
    {
      "file_path": "/media/NFS/ttao/scannet/posed_images/scene0392_00/00168.jpg",
      "transform_matrix": [
        [
          0.647086,
          0.215867,
          -0.731219,
          4.773214
        ],
        [
          0.761655,
          -0.225906,
          0.607329,
          4.077236
        ],
        [
          -0.034084,
          -0.949931,
          -0.310597,
          1.424696
        ],
        [
          0.0,
          0.0,
          0.0,
          1.0
        ]
      ]
    },
    {
      "file_path": "/media/NFS/ttao/scannet/posed_images/scene0392_00/00170.jpg",
      "transform_matrix": [
        [
          0.650956,
          0.216326,
          -0.727639,
          4.777768
        ],
        [
          0.758322,
          -0.229114,
          0.610291,
          4.107459
        ],
        [
          -0.03469,
          -0.949057,
          -0.313189,
          1.427547
        ],
        [
          0.0,
          0.0,
          0.0,
          1.0
        ]
      ]
    },
    {
      "file_path": "/media/NFS/ttao/scannet/posed_images/scene0392_00/00185.jpg",
      "transform_matrix": [
        [
          0.707653,
          0.259321,
          -0.657251,
          4.810242
        ],
        [
          0.706196,
          -0.22975,
          0.669703,
          4.305722
        ],
        [
          0.022665,
          -0.938066,
          -0.345715,
          1.416417
        ],
        [
          0.0,
          0.0,
          0.0,
          1.0
        ]
      ]
    },
    {
      "file_path": "/media/NFS/ttao/scannet/posed_images/scene0392_00/00190.jpg",
      "transform_matrix": [
        [
          0.665129,
          0.26901,
          -0.696589,
          4.79549
        ],
        [
          0.746699,
          -0.231229,
          0.623678,
          4.326905
        ],
        [
          0.006704,
          -0.934969,
          -0.354667,
          1.416406
        ],
        [
          0.0,
          0.0,
          0.0,
          1.0
        ]
      ]
    },
    {
      "file_path": "/media/NFS/ttao/scannet/posed_images/scene0392_00/00200.jpg",
      "transform_matrix": [
        [
          0.631537,
          0.355452,
          -0.689068,
          4.75061
        ],
        [
          0.774792,
          -0.255748,
          0.578178,
          4.39312
        ],
        [
          0.029287,
          -0.899026,
          -0.436916,
          1.375375
        ],
        [
          0.0,
          0.0,
          0.0,
          1.0
        ]
      ]
    },
    {
      "file_path": "/media/NFS/ttao/scannet/posed_images/scene0392_00/00210.jpg",
      "transform_matrix": [
        [
          0.582863,
          0.368266,
          -0.724327,
          4.73198
        ],
        [
          0.807558,
          -0.163676,
          0.566622,
          4.472343
        ],
        [
          0.090113,
          -0.9152,
          -0.392797,
          1.367314
        ],
        [
          0.0,
          0.0,
          0.0,
          1.0
        ]
      ]
    },
    {
      "file_path": "/media/NFS/ttao/scannet/posed_images/scene0392_00/00217.jpg",
      "transform_matrix": [
        [
          0.505656,
          0.392381,
          -0.768342,
          4.730107
        ],
        [
          0.858708,
          -0.142955,
          0.492123,
          4.512725
        ],
        [
          0.083262,
          -0.908626,
          -0.409226,
          1.357826
        ],
        [
          0.0,
          0.0,
          0.0,
          1.0
        ]
      ]
    },
    {
      "file_path": "/media/NFS/ttao/scannet/posed_images/scene0392_00/00222.jpg",
      "transform_matrix": [
        [
          0.491458,
          0.411742,
          -0.767423,
          4.742952
        ],
        [
          0.866625,
          -0.143988,
          0.477734,
          4.55192
        ],
        [
          0.086203,
          -0.899854,
          -0.42759,
          1.349585
        ],
        [
          0.0,
          0.0,
          0.0,
          1.0
        ]
      ]
    },
    {
      "file_path": "/media/NFS/ttao/scannet/posed_images/scene0392_00/00230.jpg",
      "transform_matrix": [
        [
          0.301992,
          0.412925,
          -0.85924,
          4.827992
        ],
        [
          0.950419,
          -0.060266,
          0.305076,
          4.613004
        ],
        [
          0.07419,
          -0.908769,
          -0.410651,
          1.348832
        ],
        [
          0.0,
          0.0,
          0.0,
          1.0
        ]
      ]
    },
    {
      "file_path": "/media/NFS/ttao/scannet/posed_images/scene0392_00/00242.jpg",
      "transform_matrix": [
        [
          0.121503,
          0.43798,
          -0.890736,
          4.980688
        ],
        [
          0.990315,
          0.007253,
          0.138653,
          4.688709
        ],
        [
          0.067187,
          -0.898956,
          -0.432857,
          1.355168
        ],
        [
          0.0,
          0.0,
          0.0,
          1.0
        ]
      ]
    },
    {
      "file_path": "/media/NFS/ttao/scannet/posed_images/scene0392_00/00245.jpg",
      "transform_matrix": [
        [
          0.108399,
          0.428996,
          -0.896778,
          5.011903
        ],
        [
          0.992727,
          0.000809,
          0.120384,
          4.70332
        ],
        [
          0.05237,
          -0.903306,
          -0.425789,
          1.358783
        ],
        [
          0.0,
          0.0,
          0.0,
          1.0
        ]
      ]
    },
    {
      "file_path": "/media/NFS/ttao/scannet/posed_images/scene0392_00/00259.jpg",
      "transform_matrix": [
        [
          -0.097904,
          0.383174,
          -0.918473,
          5.145596
        ],
        [
          0.994912,
          0.059729,
          -0.081133,
          4.725096
        ],
        [
          0.023771,
          -0.921743,
          -0.387072,
          1.383322
        ],
        [
          0.0,
          0.0,
          0.0,
          1.0
        ]
      ]
    },
    {
      "file_path": "/media/NFS/ttao/scannet/posed_images/scene0392_00/00262.jpg",
      "transform_matrix": [
        [
          -0.133458,
          0.370979,
          -0.919001,
          5.163949
        ],
        [
          0.990936,
          0.064294,
          -0.11795,
          4.750419
        ],
        [
          0.015329,
          -0.926413,
          -0.376197,
          1.392787
        ],
        [
          0.0,
          0.0,
          0.0,
          1.0
        ]
      ]
    },
    {
      "file_path": "/media/NFS/ttao/scannet/posed_images/scene0392_00/00274.jpg",
      "transform_matrix": [
        [
          -0.213266,
          0.295467,
          -0.931245,
          5.138155
        ],
        [
          0.976598,
          0.037337,
          -0.211806,
          4.844467
        ],
        [
          -0.027812,
          -0.954623,
          -0.296515,
          1.437852
        ],
        [
          0.0,
          0.0,
          0.0,
          1.0
        ]
      ]
    },
    {
      "file_path": "/media/NFS/ttao/scannet/posed_images/scene0392_00/00282.jpg",
      "transform_matrix": [
        [
          -0.297135,
          0.249499,
          -0.921662,
          5.060367
        ],
        [
          0.954773,
          0.066559,
          -0.289792,
          4.893124
        ],
        [
          -0.010957,
          -0.966085,
          -0.257992,
          1.456411
        ],
        [
          0.0,
          0.0,
          0.0,
          1.0
        ]
      ]
    },
    {
      "file_path": "/media/NFS/ttao/scannet/posed_images/scene0392_00/00292.jpg",
      "transform_matrix": [
        [
          -0.400679,
          0.201295,
          -0.893832,
          4.969906
        ],
        [
          0.915775,
          0.057645,
          -0.397534,
          4.872717
        ],
        [
          -0.028496,
          -0.977833,
          -0.207438,
          1.457658
        ],
        [
          0.0,
          0.0,
          0.0,
          1.0
        ]
      ]
    },
    {
      "file_path": "/media/NFS/ttao/scannet/posed_images/scene0392_00/00297.jpg",
      "transform_matrix": [
        [
          -0.430606,
          0.21079,
          -0.877579,
          4.910532
        ],
        [
          0.901978,
          0.066183,
          -0.426681,
          4.82492
        ],
        [
          -0.031859,
          -0.975288,
          -0.218627,
          1.447331
        ],
        [
          0.0,
          0.0,
          0.0,
          1.0
        ]
      ]
    },
    {
      "file_path": "/media/NFS/ttao/scannet/posed_images/scene0392_00/00304.jpg",
      "transform_matrix": [
        [
          -0.369617,
          0.238683,
          -0.898005,
          4.821712
        ],
        [
          0.928203,
          0.050441,
          -0.36864,
          4.714449
        ],
        [
          -0.042692,
          -0.969787,
          -0.24019,
          1.431805
        ],
        [
          0.0,
          0.0,
          0.0,
          1.0
        ]
      ]
    },
    {
      "file_path": "/media/NFS/ttao/scannet/posed_images/scene0392_00/00311.jpg",
      "transform_matrix": [
        [
          -0.36096,
          0.286395,
          -0.887517,
          4.725553
        ],
        [
          0.929109,
          0.02839,
          -0.368714,
          4.625651
        ],
        [
          -0.080401,
          -0.957691,
          -0.27634,
          1.409816
        ],
        [
          0.0,
          0.0,
          0.0,
          1.0
        ]
      ]
    },
    {
      "file_path": "/media/NFS/ttao/scannet/posed_images/scene0392_00/00326.jpg",
      "transform_matrix": [
        [
          -0.278007,
          0.363107,
          -0.889306,
          4.529701
        ],
        [
          0.956702,
          0.021566,
          -0.29027,
          4.565985
        ],
        [
          -0.086221,
          -0.931498,
          -0.35338,
          1.352182
        ],
        [
          0.0,
          0.0,
          0.0,
          1.0
        ]
      ]
    },
    {
      "file_path": "/media/NFS/ttao/scannet/posed_images/scene0392_00/00329.jpg",
      "transform_matrix": [
        [
          -0.280888,
          0.376654,
          -0.882742,
          4.494545
        ],
        [
          0.955432,
          0.022684,
          -0.294339,
          4.567674
        ],
        [
          -0.09084,
          -0.926076,
          -0.366239,
          1.347912
        ],
        [
          0.0,
          0.0,
          0.0,
          1.0
        ]
      ]
    },
    {
      "file_path": "/media/NFS/ttao/scannet/posed_images/scene0392_00/00341.jpg",
      "transform_matrix": [
        [
          -0.028332,
          0.434896,
          -0.900035,
          4.379789
        ],
        [
          0.998923,
          -0.020779,
          -0.041485,
          4.607325
        ],
        [
          -0.036744,
          -0.900241,
          -0.433839,
          1.33176
        ],
        [
          0.0,
          0.0,
          0.0,
          1.0
        ]
      ]
    },
    {
      "file_path": "/media/NFS/ttao/scannet/posed_images/scene0392_00/00343.jpg",
      "transform_matrix": [
        [
          -0.025736,
          0.442496,
          -0.896401,
          4.370809
        ],
        [
          0.999354,
          -0.011115,
          -0.034179,
          4.609294
        ],
        [
          -0.025088,
          -0.896702,
          -0.441924,
          1.331061
        ],
        [
          0.0,
          0.0,
          0.0,
          1.0
        ]
      ]
    },
    {
      "file_path": "/media/NFS/ttao/scannet/posed_images/scene0392_00/00353.jpg",
      "transform_matrix": [
        [
          -0.081769,
          0.470688,
          -0.878502,
          4.317129
        ],
        [
          0.996608,
          0.030353,
          -0.0765,
          4.590031
        ],
        [
          -0.009342,
          -0.881777,
          -0.471574,
          1.312044
        ],
        [
          0.0,
          0.0,
          0.0,
          1.0
        ]
      ]
    },
    {
      "file_path": "/media/NFS/ttao/scannet/posed_images/scene0392_00/00363.jpg",
      "transform_matrix": [
        [
          -0.065505,
          0.501927,
          -0.862426,
          4.178504
        ],
        [
          0.997774,
          0.022101,
          -0.062923,
          4.586665
        ],
        [
          -0.012522,
          -0.864628,
          -0.502257,
          1.296054
        ],
        [
          0.0,
          0.0,
          0.0,
          1.0
        ]
      ]
    },
    {
      "file_path": "/media/NFS/ttao/scannet/posed_images/scene0392_00/00371.jpg",
      "transform_matrix": [
        [
          -0.153004,
          0.500289,
          -0.852233,
          4.072093
        ],
        [
          0.988226,
          0.077012,
          -0.13221,
          4.57127
        ],
        [
          -0.000511,
          -0.862427,
          -0.506181,
          1.306136
        ],
        [
          0.0,
          0.0,
          0.0,
          1.0
        ]
      ]
    },
    {
      "file_path": "/media/NFS/ttao/scannet/posed_images/scene0392_00/00381.jpg",
      "transform_matrix": [
        [
          -0.332319,
          0.432446,
          -0.838185,
          3.938506
        ],
        [
          0.943129,
          0.160354,
          -0.291195,
          4.571867
        ],
        [
          0.00848,
          -0.887286,
          -0.461141,
          1.318428
        ],
        [
          0.0,
          0.0,
          0.0,
          1.0
        ]
      ]
    },
    {
      "file_path": "/media/NFS/ttao/scannet/posed_images/scene0392_00/00390.jpg",
      "transform_matrix": [
        [
          -0.449317,
          0.382965,
          -0.807126,
          3.79425
        ],
        [
          0.893036,
          0.217352,
          -0.394012,
          4.628707
        ],
        [
          0.024538,
          -0.897828,
          -0.439662,
          1.344872
        ],
        [
          0.0,
          0.0,
          0.0,
          1.0
        ]
      ]
    },
    {
      "file_path": "/media/NFS/ttao/scannet/posed_images/scene0392_00/00393.jpg",
      "transform_matrix": [
        [
          -0.48864,
          0.368442,
          -0.790874,
          3.75562
        ],
        [
          0.872442,
          0.215346,
          -0.438715,
          4.640613
        ],
        [
          0.00867,
          -0.904365,
          -0.426671,
          1.355588
        ],
        [
          0.0,
          0.0,
          0.0,
          1.0
        ]
      ]
    },
    {
      "file_path": "/media/NFS/ttao/scannet/posed_images/scene0392_00/00403.jpg",
      "transform_matrix": [
        [
          -0.495569,
          0.374948,
          -0.78347,
          3.697304
        ],
        [
          0.868536,
          0.221799,
          -0.443229,
          4.629272
        ],
        [
          0.007585,
          -0.900122,
          -0.435573,
          1.376268
        ],
        [
          0.0,
          0.0,
          0.0,
          1.0
        ]
      ]
    },
    {
      "file_path": "/media/NFS/ttao/scannet/posed_images/scene0392_00/00413.jpg",
      "transform_matrix": [
        [
          -0.523987,
          0.3926,
          -0.755846,
          3.692868
        ],
        [
          0.851078,
          0.206724,
          -0.48263,
          4.640799
        ],
        [
          -0.033229,
          -0.896175,
          -0.442454,
          1.376477
        ],
        [
          0.0,
          0.0,
          0.0,
          1.0
        ]
      ]
    },
    {
      "file_path": "/media/NFS/ttao/scannet/posed_images/scene0392_00/00425.jpg",
      "transform_matrix": [
        [
          -0.55417,
          0.467971,
          -0.688403,
          3.654985
        ],
        [
          0.831035,
          0.263627,
          -0.489778,
          4.800617
        ],
        [
          -0.04772,
          -0.843507,
          -0.534995,
          1.341715
        ],
        [
          0.0,
          0.0,
          0.0,
          1.0
        ]
      ]
    },
    {
      "file_path": "/media/NFS/ttao/scannet/posed_images/scene0392_00/00427.jpg",
      "transform_matrix": [
        [
          -0.561253,
          0.480271,
          -0.674044,
          3.652849
        ],
        [
          0.826788,
          0.288295,
          -0.483021,
          4.834993
        ],
        [
          -0.037658,
          -0.828387,
          -0.558888,
          1.341113
        ],
        [
          0.0,
          0.0,
          0.0,
          1.0
        ]
      ]
    },
    {
      "file_path": "/media/NFS/ttao/scannet/posed_images/scene0392_00/00440.jpg",
      "transform_matrix": [
        [
          -0.637451,
          0.458135,
          -0.61949,
          3.662597
        ],
        [
          0.768937,
          0.327217,
          -0.549241,
          4.986588
        ],
        [
          -0.048919,
          -0.826463,
          -0.560862,
          1.367543
        ],
        [
          0.0,
          0.0,
          0.0,
          1.0
        ]
      ]
    },
    {
      "file_path": "/media/NFS/ttao/scannet/posed_images/scene0392_00/00450.jpg",
      "transform_matrix": [
        [
          -0.6392,
          0.403357,
          -0.654772,
          3.70578
        ],
        [
          0.765851,
          0.256405,
          -0.589685,
          5.070703
        ],
        [
          -0.069967,
          -0.878385,
          -0.472806,
          1.391633
        ],
        [
          0.0,
          0.0,
          0.0,
          1.0
        ]
      ]
    },
    {
      "file_path": "/media/NFS/ttao/scannet/posed_images/scene0392_00/00457.jpg",
      "transform_matrix": [
        [
          -0.648099,
          0.299332,
          -0.700263,
          3.765024
        ],
        [
          0.761021,
          0.220085,
          -0.610254,
          5.121232
        ],
        [
          -0.028551,
          -0.92842,
          -0.370435,
          1.444235
        ],
        [
          0.0,
          0.0,
          0.0,
          1.0
        ]
      ]
    },
    {
      "file_path": "/media/NFS/ttao/scannet/posed_images/scene0392_00/00465.jpg",
      "transform_matrix": [
        [
          -0.676113,
          0.236423,
          -0.697836,
          3.830989
        ],
        [
          0.736731,
          0.204157,
          -0.64463,
          5.198312
        ],
        [
          -0.009937,
          -0.94996,
          -0.312214,
          1.446036
        ],
        [
          0.0,
          0.0,
          0.0,
          1.0
        ]
      ]
    },
    {
      "file_path": "/media/NFS/ttao/scannet/posed_images/scene0392_00/00469.jpg",
      "transform_matrix": [
        [
          -0.690543,
          0.23474,
          -0.68414,
          3.844602
        ],
        [
          0.723251,
          0.214083,
          -0.656565,
          5.222821
        ],
        [
          -0.007659,
          -0.948191,
          -0.317609,
          1.449281
        ],
        [
          0.0,
          0.0,
          0.0,
          1.0
        ]
      ]
    },
    {
      "file_path": "/media/NFS/ttao/scannet/posed_images/scene0392_00/00482.jpg",
      "transform_matrix": [
        [
          -0.76291,
          0.194512,
          -0.61655,
          3.853555
        ],
        [
          0.646263,
          0.203363,
          -0.735519,
          5.374094
        ],
        [
          -0.017683,
          -0.959588,
          -0.280853,
          1.475905
        ],
        [
          0.0,
          0.0,
          0.0,
          1.0
        ]
      ]
    },
    {
      "file_path": "/media/NFS/ttao/scannet/posed_images/scene0392_00/00487.jpg",
      "transform_matrix": [
        [
          -0.796778,
          0.192582,
          -0.572763,
          3.865788
        ],
        [
          0.602991,
          0.191705,
          -0.774371,
          5.468656
        ],
        [
          -0.039328,
          -0.962373,
          -0.268871,
          1.493819
        ],
        [
          0.0,
          0.0,
          0.0,
          1.0
        ]
      ]
    },
    {
      "file_path": "/media/NFS/ttao/scannet/posed_images/scene0392_00/00499.jpg",
      "transform_matrix": [
        [
          -0.814515,
          0.192629,
          -0.547229,
          3.87587
        ],
        [
          0.577176,
          0.173796,
          -0.797911,
          5.665514
        ],
        [
          -0.058595,
          -0.965758,
          -0.252741,
          1.498492
        ],
        [
          0.0,
          0.0,
          0.0,
          1.0
        ]
      ]
    },
    {
      "file_path": "/media/NFS/ttao/scannet/posed_images/scene0392_00/00504.jpg",
      "transform_matrix": [
        [
          -0.817654,
          0.188366,
          -0.544022,
          3.890827
        ],
        [
          0.573632,
          0.186342,
          -0.797636,
          5.71041
        ],
        [
          -0.048873,
          -0.964259,
          -0.260416,
          1.480592
        ],
        [
          0.0,
          0.0,
          0.0,
          1.0
        ]
      ]
    },
    {
      "file_path": "/media/NFS/ttao/scannet/posed_images/scene0392_00/00509.jpg",
      "transform_matrix": [
        [
          -0.809507,
          0.187567,
          -0.556343,
          3.919203
        ],
        [
          0.585975,
          0.199209,
          -0.785461,
          5.741857
        ],
        [
          -0.036498,
          -0.961839,
          -0.271171,
          1.470228
        ],
        [
          0.0,
          0.0,
          0.0,
          1.0
        ]
      ]
    },
    {
      "file_path": "/media/NFS/ttao/scannet/posed_images/scene0392_00/00521.jpg",
      "transform_matrix": [
        [
          -0.767155,
          0.161975,
          -0.620675,
          3.98425
        ],
        [
          0.641462,
          0.19419,
          -0.742171,
          5.827051
        ],
        [
          0.000316,
          -0.967499,
          -0.252874,
          1.484798
        ],
        [
          0.0,
          0.0,
          0.0,
          1.0
        ]
      ]
    },
    {
      "file_path": "/media/NFS/ttao/scannet/posed_images/scene0392_00/00531.jpg",
      "transform_matrix": [
        [
          -0.79748,
          0.132762,
          -0.588556,
          3.981003
        ],
        [
          0.601967,
          0.109205,
          -0.791018,
          5.911116
        ],
        [
          -0.040744,
          -0.985114,
          -0.167007,
          1.510473
        ],
        [
          0.0,
          0.0,
          0.0,
          1.0
        ]
      ]
    },
    {
      "file_path": "/media/NFS/ttao/scannet/posed_images/scene0392_00/00536.jpg",
      "transform_matrix": [
        [
          -0.803913,
          0.127279,
          -0.580967,
          3.972427
        ],
        [
          0.593497,
          0.108406,
          -0.797502,
          5.947987
        ],
        [
          -0.038525,
          -0.985925,
          -0.162689,
          1.510987
        ],
        [
          0.0,
          0.0,
          0.0,
          1.0
        ]
      ]
    },
    {
      "file_path": "/media/NFS/ttao/scannet/posed_images/scene0392_00/00546.jpg",
      "transform_matrix": [
        [
          -0.822328,
          0.146723,
          -0.549772,
          3.966924
        ],
        [
          0.568553,
          0.172973,
          -0.804256,
          6.003936
        ],
        [
          -0.022908,
          -0.973937,
          -0.22566,
          1.480451
        ],
        [
          0.0,
          0.0,
          0.0,
          1.0
        ]
      ]
    },
    {
      "file_path": "/media/NFS/ttao/scannet/posed_images/scene0392_00/00556.jpg",
      "transform_matrix": [
        [
          -0.82246,
          0.196267,
          -0.533891,
          3.931191
        ],
        [
          0.56881,
          0.290237,
          -0.769557,
          5.995995
        ],
        [
          0.003916,
          -0.936612,
          -0.350347,
          1.431753
        ],
        [
          0.0,
          0.0,
          0.0,
          1.0
        ]
      ]
    },
    {
      "file_path": "/media/NFS/ttao/scannet/posed_images/scene0392_00/00563.jpg",
      "transform_matrix": [
        [
          -0.848656,
          0.19873,
          -0.490193,
          3.913666
        ],
        [
          0.528917,
          0.328373,
          -0.782571,
          5.958943
        ],
        [
          0.005446,
          -0.923406,
          -0.383787,
          1.423578
        ],
        [
          0.0,
          0.0,
          0.0,
          1.0
        ]
      ]
    },
    {
      "file_path": "/media/NFS/ttao/scannet/posed_images/scene0392_00/00566.jpg",
      "transform_matrix": [
        [
          -0.854229,
          0.199529,
          -0.480084,
          3.900758
        ],
        [
          0.519849,
          0.34041,
          -0.783504,
          5.931576
        ],
        [
          0.007094,
          -0.918863,
          -0.394513,
          1.410239
        ],
        [
          0.0,
          0.0,
          0.0,
          1.0
        ]
      ]
    },
    {
      "file_path": "/media/NFS/ttao/scannet/posed_images/scene0392_00/00576.jpg",
      "transform_matrix": [
        [
          -0.867486,
          0.225706,
          -0.443312,
          3.8766
        ],
        [
          0.497348,
          0.412592,
          -0.76316,
          5.825184
        ],
        [
          0.010657,
          -0.882511,
          -0.470172,
          1.382967
        ],
        [
          0.0,
          0.0,
          0.0,
          1.0
        ]
      ]
    },
    {
      "file_path": "/media/NFS/ttao/scannet/posed_images/scene0392_00/00586.jpg",
      "transform_matrix": [
        [
          -0.916033,
          0.203026,
          -0.345924,
          3.867628
        ],
        [
          0.401087,
          0.470955,
          -0.785704,
          5.757314
        ],
        [
          0.003396,
          -0.858477,
          -0.512841,
          1.372857
        ],
        [
          0.0,
          0.0,
          0.0,
          1.0
        ]
      ]
    },
    {
      "file_path": "/media/NFS/ttao/scannet/posed_images/scene0392_00/00598.jpg",
      "transform_matrix": [
        [
          -0.976919,
          0.101752,
          -0.187815,
          3.806101
        ],
        [
          0.213432,
          0.500586,
          -0.838964,
          5.691542
        ],
        [
          0.008651,
          -0.859686,
          -0.510749,
          1.374156
        ],
        [
          0.0,
          0.0,
          0.0,
          1.0
        ]
      ]
    },
    {
      "file_path": "/media/NFS/ttao/scannet/posed_images/scene0392_00/00605.jpg",
      "transform_matrix": [
        [
          -0.988479,
          0.082945,
          -0.126602,
          3.780297
        ],
        [
          0.151246,
          0.509848,
          -0.846865,
          5.655785
        ],
        [
          -0.005695,
          -0.856257,
          -0.516519,
          1.375676
        ],
        [
          0.0,
          0.0,
          0.0,
          1.0
        ]
      ]
    },
    {
      "file_path": "/media/NFS/ttao/scannet/posed_images/scene0392_00/00613.jpg",
      "transform_matrix": [
        [
          -0.992564,
          0.076705,
          -0.094517,
          3.780543
        ],
        [
          0.120236,
          0.4967,
          -0.859554,
          5.62368
        ],
        [
          -0.018986,
          -0.864526,
          -0.502229,
          1.381735
        ],
        [
          0.0,
          0.0,
          0.0,
          1.0
        ]
      ]
    },
    {
      "file_path": "/media/NFS/ttao/scannet/posed_images/scene0392_00/00615.jpg",
      "transform_matrix": [
        [
          -0.99249,
          0.074451,
          -0.097056,
          3.786144
        ],
        [
          0.121146,
          0.488468,
          -0.864132,
          5.611138
        ],
        [
          -0.016927,
          -0.8694,
          -0.493819,
          1.384479
        ],
        [
          0.0,
          0.0,
          0.0,
          1.0
        ]
      ]
    },
    {
      "file_path": "/media/NFS/ttao/scannet/posed_images/scene0392_00/00630.jpg",
      "transform_matrix": [
        [
          -0.999601,
          -0.001766,
          -0.028196,
          3.913162
        ],
        [
          0.024327,
          0.453672,
          -0.890837,
          5.46404
        ],
        [
          0.014365,
          -0.891167,
          -0.453448,
          1.378608
        ],
        [
          0.0,
          0.0,
          0.0,
          1.0
        ]
      ]
    },
    {
      "file_path": "/media/NFS/ttao/scannet/posed_images/scene0392_00/00635.jpg",
      "transform_matrix": [
        [
          -0.999903,
          -0.013947,
          -0.000141,
          3.92487
        ],
        [
          -0.006195,
          0.453118,
          -0.891429,
          5.421126
        ],
        [
          0.012497,
          -0.891341,
          -0.453161,
          1.377884
