{
  "frames": [
    {
      "file_path": "/media/NFS/ttao/scannet/posed_images/scene0645_01/00000.jpg",
      "transform_matrix": [
        [
          -0.962949,
          -0.023144,
          -0.268689,
          4.043031
        ],
        [
          0.265645,
          0.090392,
          -0.959824,
          3.276705
        ],
        [
          0.046502,
          -0.995637,
          -0.080894,
          1.511262
        ],
        [
          0.0,
          0.0,
          0.0,
          1.0
        ]
      ]
    },
    {
      "file_path": "/media/NFS/ttao/scannet/posed_images/scene0645_01/00021.jpg",
      "transform_matrix": [
        [
          -0.974545,
          0.00441,
          -0.224147,
          4.063978
        ],
        [
          0.219631,
          0.219377,
          -0.950598,
          3.294894
        ],
        [
          0.04498,
          -0.97563,
          -0.214762,
          1.445028
        ],
        [
          0.0,
          0.0,
          0.0,
          1.0
        ]
      ]
    },
    {
      "file_path": "/media/NFS/ttao/scannet/posed_images/scene0645_01/00042.jpg",
      "transform_matrix": [
        [
          -0.965609,
          0.047332,
          -0.255652,
          4.352532
        ],
        [
          0.25988,
          0.205143,
          -0.943599,
          3.48639
        ],
        [
          0.007783,
          -0.977587,
          -0.210389,
          1.483891
        ],
        [
          0.0,
          0.0,
          0.0,
          1.0
        ]
      ]
    },
    {
      "file_path": "/media/NFS/ttao/scannet/posed_images/scene0645_01/00047.jpg",
      "transform_matrix": [
        [
          -0.97026,
          0.018057,
          -0.24139,
          4.386431
        ],
        [
          0.241198,
          0.156422,
          -0.957787,
          3.505258
        ],
        [
          0.020464,
          -0.987525,
          -0.156125,
          1.492166
        ],
        [
          0.0,
          0.0,
          0.0,
          1.0
        ]
      ]
    },
    {
      "file_path": "/media/NFS/ttao/scannet/posed_images/scene0645_01/00068.jpg",
      "transform_matrix": [
        [
          -0.979976,
          0.068109,
          -0.187104,
          4.474627
        ],
        [
          0.199103,
          0.345293,
          -0.917132,
          3.581221
        ],
        [
          0.002141,
          -0.93602,
          -0.35194,
          1.355163
        ],
        [
          0.0,
          0.0,
          0.0,
          1.0
        ]
      ]
    },
    {
      "file_path": "/media/NFS/ttao/scannet/posed_images/scene0645_01/00089.jpg",
      "transform_matrix": [
        [
          -0.974654,
          0.10349,
          -0.198342,
          4.624284
        ],
        [
          0.223686,
          0.435839,
          -0.871785,
          3.772078
        ],
        [
          -0.003776,
          -0.894055,
          -0.447942,
          1.307712
        ],
        [
          0.0,
          0.0,
          0.0,
          1.0
        ]
      ]
    },
    {
      "file_path": "/media/NFS/ttao/scannet/posed_images/scene0645_01/00115.jpg",
      "transform_matrix": [
        [
          -0.945403,
          0.188252,
          -0.266036,
          4.206917
        ],
        [
          0.322037,
          0.414218,
          -0.851302,
          4.010497
        ],
        [
          -0.050063,
          -0.890497,
          -0.452227,
          1.318932
        ],
        [
          0.0,
          0.0,
          0.0,
          1.0
        ]
      ]
    },
    {
      "file_path": "/media/NFS/ttao/scannet/posed_images/scene0645_01/00131.jpg",
      "transform_matrix": [
        [
          -0.97777,
          0.072462,
          -0.196761,
          3.890427
        ],
        [
          0.209259,
          0.396637,
          -0.893806,
          3.98773
        ],
        [
          0.013276,
          -0.915111,
          -0.402983,
          1.334445
        ],
        [
          0.0,
          0.0,
          0.0,
          1.0
        ]
      ]
    },
    {
      "file_path": "/media/NFS/ttao/scannet/posed_images/scene0645_01/00141.jpg",
      "transform_matrix": [
        [
          -0.985307,
          0.061247,
          -0.159432,
          3.720501
        ],
        [
          0.170664,
          0.389103,
          -0.905247,
          3.961059
        ],
        [
          0.006592,
          -0.919156,
          -0.393838,
          1.357676
        ],
        [
          0.0,
          0.0,
          0.0,
          1.0
        ]
      ]
    },
    {
      "file_path": "/media/NFS/ttao/scannet/posed_images/scene0645_01/00157.jpg",
      "transform_matrix": [
        [
          -0.989267,
          0.035795,
          -0.141668,
          3.460293
        ],
        [
          0.145362,
          0.339749,
          -0.929215,
          3.897895
        ],
        [
          0.01487,
          -0.939835,
          -0.341305,
          1.387835
        ],
        [
          0.0,
          0.0,
          0.0,
          1.0
        ]
      ]
    },
    {
      "file_path": "/media/NFS/ttao/scannet/posed_images/scene0645_01/00173.jpg",
      "transform_matrix": [
        [
          -0.98485,
          0.03982,
          -0.168776,
          3.393038
        ],
        [
          0.173394,
          0.239213,
          -0.955359,
          3.816418
        ],
        [
          0.002331,
          -0.97015,
          -0.242494,
          1.441714
        ],
        [
          0.0,
          0.0,
          0.0,
          1.0
        ]
      ]
    },
    {
      "file_path": "/media/NFS/ttao/scannet/posed_images/scene0645_01/00188.jpg",
      "transform_matrix": [
        [
          -0.951532,
          0.057084,
          -0.302206,
          3.434737
        ],
        [
          0.306852,
          0.11001,
          -0.945378,
          3.679824
        ],
        [
          -0.020721,
          -0.99229,
          -0.122195,
          1.526197
        ],
        [
          0.0,
          0.0,
          0.0,
          1.0
        ]
      ]
    },
    {
      "file_path": "/media/NFS/ttao/scannet/posed_images/scene0645_01/00214.jpg",
      "transform_matrix": [
        [
          -0.817879,
          0.060004,
          -0.572252,
          3.499667
        ],
        [
          0.575384,
          0.080939,
          -0.813869,
          3.638642
        ],
        [
          -0.002518,
          -0.994911,
          -0.100724,
          1.553198
        ],
        [
          0.0,
          0.0,
          0.0,
          1.0
        ]
      ]
    },
    {
      "file_path": "/media/NFS/ttao/scannet/posed_images/scene0645_01/00230.jpg",
      "transform_matrix": [
        [
          -0.755639,
          0.164915,
          -0.633886,
          3.590072
        ],
        [
          0.65253,
          0.105782,
          -0.750343,
          3.597917
        ],
        [
          -0.056689,
          -0.980619,
          -0.187546,
          1.500551
        ],
        [
          0.0,
          0.0,
          0.0,
          1.0
        ]
      ]
    },
    {
      "file_path": "/media/NFS/ttao/scannet/posed_images/scene0645_01/00241.jpg",
      "transform_matrix": [
        [
          -0.668561,
          0.187823,
          -0.719548,
          3.694873
        ],
        [
          0.743579,
          0.154766,
          -0.650491,
          3.464904
        ],
        [
          -0.010816,
          -0.969933,
          -0.243132,
          1.439577
        ],
        [
          0.0,
          0.0,
          0.0,
          1.0
        ]
      ]
    },
    {
      "file_path": "/media/NFS/ttao/scannet/posed_images/scene0645_01/00267.jpg",
      "transform_matrix": [
        [
          -0.622547,
          0.282399,
          -0.729853,
          3.816193
        ],
        [
          0.782475,
          0.209155,
          -0.586505,
          3.595091
        ],
        [
          -0.012976,
          -0.936218,
          -0.351179,
          1.392436
        ],
        [
          0.0,
          0.0,
          0.0,
          1.0
        ]
      ]
    },
    {
      "file_path": "/media/NFS/ttao/scannet/posed_images/scene0645_01/00288.jpg",
      "transform_matrix": [
        [
          -0.53388,
          0.359591,
          -0.765289,
          3.881323
        ],
        [
          0.843554,
          0.164193,
          -0.511329,
          3.735277
        ],
        [
          -0.058214,
          -0.918551,
          -0.390993,
          1.345703
        ],
        [
          0.0,
          0.0,
          0.0,
          1.0
        ]
      ]
    },
    {
      "file_path": "/media/NFS/ttao/scannet/posed_images/scene0645_01/00303.jpg",
      "transform_matrix": [
        [
          -0.454133,
          0.455287,
          -0.765818,
          3.896312
        ],
        [
          0.889096,
          0.176415,
          -0.422357,
          3.720934
        ],
        [
          -0.057192,
          -0.872692,
          -0.48491,
          1.287535
        ],
        [
          0.0,
          0.0,
          0.0,
          1.0
        ]
      ]
    },
    {
      "file_path": "/media/NFS/ttao/scannet/posed_images/scene0645_01/00324.jpg",
      "transform_matrix": [
        [
          -0.378732,
          0.441323,
          -0.813508,
          3.744342
        ],
        [
          0.923329,
          0.119911,
          -0.364809,
          3.831631
        ],
        [
          -0.06345,
          -0.8893,
          -0.4529,
          1.295712
        ],
        [
          0.0,
          0.0,
          0.0,
          1.0
        ]
      ]
    },
    {
      "file_path": "/media/NFS/ttao/scannet/posed_images/scene0645_01/00340.jpg",
      "transform_matrix": [
        [
          -0.418544,
          0.435426,
          -0.79701,
          3.529694
        ],
        [
          0.90738,
          0.163295,
          -0.387293,
          4.024274
        ],
        [
          -0.038489,
          -0.88529,
          -0.463443,
          1.306179
        ],
        [
          0.0,
          0.0,
          0.0,
          1.0
        ]
      ]
    },
    {
      "file_path": "/media/NFS/ttao/scannet/posed_images/scene0645_01/00350.jpg",
      "transform_matrix": [
        [
          -0.417236,
          0.424397,
          -0.803618,
          3.37869
        ],
        [
          0.908795,
          0.192543,
          -0.37016,
          4.069486
        ],
        [
          -0.002364,
          -0.884768,
          -0.466026,
          1.302905
        ],
        [
          0.0,
          0.0,
          0.0,
          1.0
        ]
      ]
    },
    {
      "file_path": "/media/NFS/ttao/scannet/posed_images/scene0645_01/00371.jpg",
      "transform_matrix": [
        [
          -0.540066,
          0.33722,
          -0.77111,
          3.168341
        ],
        [
          0.841353,
          0.239488,
          -0.484531,
          4.06483
        ],
        [
          0.021278,
          -0.910455,
          -0.41306,
          1.382951
        ],
        [
          0.0,
          0.0,
          0.0,
          1.0
        ]
      ]
    },
    {
      "file_path": "/media/NFS/ttao/scannet/posed_images/scene0645_01/00382.jpg",
      "transform_matrix": [
        [
          -0.626444,
          0.293953,
          -0.721914,
          3.11403
        ],
        [
          0.779283,
          0.25631,
          -0.57186,
          4.054878
        ],
        [
          0.016934,
          -0.920813,
          -0.389637,
          1.406321
        ],
        [
          0.0,
          0.0,
          0.0,
          1.0
        ]
      ]
    },
    {
      "file_path": "/media/NFS/ttao/scannet/posed_images/scene0645_01/00403.jpg",
      "transform_matrix": [
        [
          -0.634028,
          0.258877,
          -0.728691,
          3.101366
        ],
        [
          0.771697,
          0.272642,
          -0.574587,
          3.789208
        ],
        [
          0.049925,
          -0.926633,
          -0.372637,
          1.461363
        ],
        [
          0.0,
          0.0,
          0.0,
          1.0
        ]
      ]
    },
    {
      "file_path": "/media/NFS/ttao/scannet/posed_images/scene0645_01/00424.jpg",
      "transform_matrix": [
        [
          -0.59792,
          0.205337,
          -0.774808,
          3.040032
        ],
        [
          0.794389,
          0.280775,
          -0.538621,
          3.604289
        ],
        [
          0.106948,
          -0.937551,
          -0.330998,
          1.481602
        ],
        [
          0.0,
          0.0,
          0.0,
          1.0
        ]
      ]
    },
    {
      "file_path": "/media/NFS/ttao/scannet/posed_images/scene0645_01/00434.jpg",
      "transform_matrix": [
        [
          -0.49372,
          0.20195,
          -0.845846,
          3.047174
        ],
        [
          0.865356,
          0.210299,
          -0.454898,
          3.502866
        ],
        [
          0.086014,
          -0.956551,
          -0.278588,
          1.499381
        ],
        [
          0.0,
          0.0,
          0.0,
          1.0
        ]
      ]
    },
    {
      "file_path": "/media/NFS/ttao/scannet/posed_images/scene0645_01/00455.jpg",
      "transform_matrix": [
        [
          -0.369704,
          0.129622,
          -0.920064,
          3.247197
        ],
        [
          0.927011,
          0.118598,
          -0.355787,
          3.282
        ],
        [
          0.063,
          -0.984445,
          -0.164007,
          1.552902
        ],
        [
          0.0,
          0.0,
          0.0,
          1.0
        ]
      ]
    },
    {
      "file_path": "/media/NFS/ttao/scannet/posed_images/scene0645_01/00465.jpg",
      "transform_matrix": [
        [
          -0.380446,
          0.088953,
          -0.920515,
          3.358301
        ],
        [
          0.92437,
          0.067018,
          -0.375563,
          3.226105
        ],
        [
          0.028284,
          -0.993779,
          -0.107722,
          1.621272
        ],
        [
          0.0,
          0.0,
          0.0,
          1.0
        ]
      ]
    },
    {
      "file_path": "/media/NFS/ttao/scannet/posed_images/scene0645_01/00486.jpg",
      "transform_matrix": [
        [
          -0.200286,
          -0.006804,
          -0.979714,
          3.47156
        ],
        [
          0.979593,
          0.015784,
          -0.200371,
          3.082282
        ],
        [
          0.016827,
          -0.999852,
          0.003504,
          1.648402
        ],
        [
          0.0,
          0.0,
          0.0,
          1.0
        ]
      ]
    },
    {
      "file_path": "/media/NFS/ttao/scannet/posed_images/scene0645_01/00513.jpg",
      "transform_matrix": [
        [
          -0.149226,
          0.064278,
          -0.986712,
          3.549819
        ],
        [
          0.988801,
          0.011891,
          -0.148767,
          3.35129
        ],
        [
          0.002171,
          -0.997861,
          -0.065332,
          1.517168
        ],
        [
          0.0,
          0.0,
          0.0,
          1.0
        ]
      ]
    },
    {
      "file_path": "/media/NFS/ttao/scannet/posed_images/scene0645_01/00523.jpg",
      "transform_matrix": [
        [
          -0.161159,
          0.206932,
          -0.964991,
          3.580649
        ],
        [
          0.986114,
          -0.005958,
          -0.165965,
          3.456656
        ],
        [
          -0.040093,
          -0.978337,
          -0.203098,
          1.471609
        ],
        [
          0.0,
          0.0,
          0.0,
          1.0
        ]
      ]
    },
    {
      "file_path": "/media/NFS/ttao/scannet/posed_images/scene0645_01/00539.jpg",
      "transform_matrix": [
        [
          -0.203201,
          0.272259,
          -0.940524,
          3.523991
        ],
        [
          0.978741,
          0.02916,
          -0.203016,
          3.661918
        ],
        [
          -0.027848,
          -0.961782,
          -0.272397,
          1.382342
        ],
        [
          0.0,
          0.0,
          0.0,
          1.0
        ]
      ]
    },
    {
      "file_path": "/media/NFS/ttao/scannet/posed_images/scene0645_01/00554.jpg",
      "transform_matrix": [
        [
          -0.105808,
          0.420812,
          -0.900956,
          3.449699
        ],
        [
          0.991537,
          -0.023893,
          -0.127605,
          3.925546
        ],
        [
          -0.075224,
          -0.906833,
          -0.414722,
          1.333842
        ],
        [
          0.0,
          0.0,
          0.0,
          1.0
        ]
      ]
    },
    {
      "file_path": "/media/NFS/ttao/scannet/posed_images/scene0645_01/00575.jpg",
      "transform_matrix": [
        [
          0.034567,
          0.449798,
          -0.892461,
          3.473502
        ],
        [
          0.998687,
          -0.049332,
          0.013818,
          4.01453
        ],
        [
          -0.037812,
          -0.891767,
          -0.450912,
          1.330833
        ],
        [
          0.0,
          0.0,
          0.0,
          1.0
        ]
      ]
    },
    {
      "file_path": "/media/NFS/ttao/scannet/posed_images/scene0645_01/00601.jpg",
      "transform_matrix": [
        [
          0.379534,
          0.411479,
          -0.828637,
          3.432612
        ],
        [
          0.925178,
          -0.168268,
          0.340194,
          3.930131
        ],
        [
          0.00055,
          -0.895752,
          -0.444554,
          1.368617
        ],
        [
          0.0,
          0.0,
          0.0,
          1.0
        ]
      ]
    },
    {
      "file_path": "/media/NFS/ttao/scannet/posed_images/scene0645_01/00607.jpg",
      "transform_matrix": [
        [
          0.449013,
          0.379083,
          -0.809125,
          3.397594
        ],
        [
          0.8934,
          -0.205625,
          0.399443,
          4.031713
        ],
        [
          -0.014955,
          -0.902227,
          -0.431001,
          1.366245
        ],
        [
          0.0,
          0.0,
          0.0,
          1.0
        ]
      ]
    },
    {
      "file_path": "/media/NFS/ttao/scannet/posed_images/scene0645_01/00628.jpg",
      "transform_matrix": [
        [
          0.659971,
          0.318486,
          -0.680444,
          3.214004
        ],
        [
          0.747712,
          -0.190144,
          0.636217,
          4.152407
        ],
        [
          0.073244,
          -0.928661,
          -0.363626,
          1.333843
        ],
        [
          0.0,
          0.0,
          0.0,
          1.0
        ]
      ]
    },
    {
      "file_path": "/media/NFS/ttao/scannet/posed_images/scene0645_01/00649.jpg",
      "transform_matrix": [
        [
          0.770333,
          0.330281,
          -0.545437,
          2.937086
        ],
        [
          0.636659,
          -0.350934,
          0.686666,
          4.052349
        ],
        [
          0.035381,
          -0.876219,
          -0.480612,
          1.315654
        ],
        [
          0.0,
          0.0,
          0.0,
          1.0
        ]
      ]
    },
    {
      "file_path": "/media/NFS/ttao/scannet/posed_images/scene0645_01/00659.jpg",
      "transform_matrix": [
        [
          0.797313,
          0.24892,
          -0.549846,
          2.786168
        ],
        [
          0.603433,
          -0.347884,
          0.717527,
          4.093511
        ],
        [
          -0.012675,
          -0.903889,
          -0.427579,
          1.3604
        ],
        [
          0.0,
          0.0,
          0.0,
          1.0
        ]
      ]
    },
    {
      "file_path": "/media/NFS/ttao/scannet/posed_images/scene0645_01/00675.jpg",
      "transform_matrix": [
        [
          0.805015,
          0.219939,
          -0.550979,
          2.616757
        ],
        [
          0.59325,
          -0.294616,
          0.749171,
          4.166045
        ],
        [
          0.002445,
          -0.929961,
          -0.367649,
          1.410022
        ],
        [
          0.0,
          0.0,
          0.0,
          1.0
        ]
      ]
    },
    {
      "file_path": "/media/NFS/ttao/scannet/posed_images/scene0645_01/00696.jpg",
      "transform_matrix": [
        [
          0.747119,
          0.146843,
          -0.648267,
          2.647083
        ],
        [
          0.664528,
          -0.186563,
          0.7236,
          4.328551
        ],
        [
          -0.014687,
          -0.971407,
          -0.236966,
          1.481059
        ],
        [
          0.0,
          0.0,
          0.0,
          1.0
        ]
      ]
    },
    {
      "file_path": "/media/NFS/ttao/scannet/posed_images/scene0645_01/00711.jpg",
      "transform_matrix": [
        [
          0.640793,
          0.085874,
          -0.762896,
          2.877351
        ],
        [
          0.766216,
          -0.133591,
          0.628544,
          4.476439
        ],
        [
          -0.047941,
          -0.987309,
          -0.151402,
          1.520988
        ],
        [
          0.0,
          0.0,
          0.0,
          1.0
        ]
      ]
    },
    {
      "file_path": "/media/NFS/ttao/scannet/posed_images/scene0645_01/00743.jpg",
      "transform_matrix": [
        [
          0.293485,
          0.031662,
          -0.955439,
          3.227078
        ],
        [
          0.955938,
          -0.017069,
          0.293072,
          4.813385
        ],
        [
          -0.007029,
          -0.999353,
          -0.035276,
          1.61305
        ],
        [
          0.0,
          0.0,
          0.0,
          1.0
        ]
      ]
    },
    {
      "file_path": "/media/NFS/ttao/scannet/posed_images/scene0645_01/00753.jpg",
      "transform_matrix": [
        [
          0.251473,
          0.021187,
          -0.967633,
          3.297878
        ],
        [
          0.967862,
          -0.007941,
          0.251358,
          4.857516
        ],
        [
          -0.002358,
          -0.999744,
          -0.022503,
          1.592592
        ],
        [
          0.0,
          0.0,
          0.0,
          1.0
        ]
      ]
    },
    {
      "file_path": "/media/NFS/ttao/scannet/posed_images/scene0645_01/00774.jpg",
      "transform_matrix": [
        [
          0.395556,
          0.264836,
          -0.87943,
          3.270366
        ],
        [
          0.918096,
          -0.1403,
          0.370696,
          4.917278
        ],
        [
          -0.025211,
          -0.954032,
          -0.298641,
          1.458373
        ],
        [
          0.0,
          0.0,
          0.0,
          1.0
        ]
      ]
    },
    {
      "file_path": "/media/NFS/ttao/scannet/posed_images/scene0645_01/00795.jpg",
      "transform_matrix": [
        [
          0.561363,
          0.377731,
          -0.736336,
          3.221838
        ],
        [
          0.827414,
          -0.238919,
          0.508237,
          4.863405
        ],
        [
          0.016052,
          -0.89456,
          -0.44666,
          1.43209
        ],
        [
          0.0,
          0.0,
          0.0,
          1.0
        ]
      ]
    },
    {
      "file_path": "/media/NFS/ttao/scannet/posed_images/scene0645_01/00800.jpg",
      "transform_matrix": [
        [
          0.594809,
          0.363514,
          -0.71698,
          3.221868
        ],
        [
          0.80372,
          -0.251872,
          0.539068,
          4.82317
        ],
        [
          0.015372,
          -0.896894,
          -0.441979,
          1.410359
        ],
        [
          0.0,
          0.0,
          0.0,
          1.0
        ]
      ]
    },
    {
      "file_path": "/media/NFS/ttao/scannet/posed_images/scene0645_01/00821.jpg",
      "transform_matrix": [
        [
          0.58563,
          0.409445,
          -0.699566,
          3.168629
        ],
        [
          0.80974,
          -0.256274,
          0.527868,
          4.624379
        ],
        [
          0.036853,
          -0.875602,
          -0.481626,
          1.336144
        ],
        [
          0.0,
          0.0,
          0.0,
          1.0
        ]
      ]
    },
    {
      "file_path": "/media/NFS/ttao/scannet/posed_images/scene0645_01/00832.jpg",
      "transform_matrix": [
        [
          0.674324,
          0.409411,
          -0.614548,
          3.065119
        ],
        [
          0.733019,
          -0.270508,
          0.624107,
          4.577343
        ],
        [
          0.089276,
          -0.871326,
          -0.482516,
          1.330429
        ],
        [
          0.0,
          0.0,
          0.0,
          1.0
        ]
      ]
    },
    {
      "file_path": "/media/NFS/ttao/scannet/posed_images/scene0645_01/00852.jpg",
      "transform_matrix": [
        [
          0.818599,
          0.278691,
          -0.502222,
          2.794396
        ],
        [
          0.574226,
          -0.377789,
          0.72632,
          4.437071
        ],
        [
          0.012685,
          -0.882954,
          -0.469289,
          1.330655
        ],
        [
          0.0,
          0.0,
          0.0,
          1.0
        ]
      ]
    },
    {
      "file_path": "/media/NFS/ttao/scannet/posed_images/scene0645_01/00868.jpg",
      "transform_matrix": [
        [
          0.898976,
          0.273712,
          -0.341942,
          2.609566
        ],
        [
          0.432701,
          -0.433947,
          0.790227,
          4.24148
        ],
        [
          0.06791,
          -0.858354,
          -0.508543,
          1.315745
        ],
        [
          0.0,
          0.0,
          0.0,
          1.0
        ]
      ]
    },
    {
      "file_path": "/media/NFS/ttao/scannet/posed_images/scene0645_01/00900.jpg",
      "transform_matrix": [
        [
          0.874213,
          0.146161,
          -0.463022,
          2.874202
        ],
        [
          0.485537,
          -0.268251,
          0.832043,
          4.432687
        ],
        [
          -0.002594,
          -0.952197,
          -0.305475,
          1.456146
        ],
        [
          0.0,
          0.0,
          0.0,
          1.0
        ]
      ]
    },
    {
      "file_path": "/media/NFS/ttao/scannet/posed_images/scene0645_01/00910.jpg",
      "transform_matrix": [
        [
          0.871801,
          0.105342,
          -0.478399,
          2.952167
        ],
        [
          0.489307,
          -0.23367,
          0.840225,
          4.477374
        ],
        [
          -0.023276,
          -0.966593,
          -0.255258,
          1.492813
        ],
        [
          0.0,
          0.0,
          0.0,
          1.0
        ]
      ]
    },
    {
      "file_path": "/media/NFS/ttao/scannet/posed_images/scene0645_01/00920.jpg",
      "transform_matrix": [
        [
          0.883551,
          0.066866,
          -0.463538,
          3.005068
        ],
        [
          0.468025,
          -0.16211,
          0.868719,
          4.540564
        ],
        [
          -0.017057,
          -0.984505,
          -0.174527,
          1.530706
        ],
        [
          0.0,
          0.0,
          0.0,
          1.0
        ]
      ]
    },
    {
      "file_path": "/media/NFS/ttao/scannet/posed_images/scene0645_01/00941.jpg",
      "transform_matrix": [
        [
          0.880632,
          0.02009,
          -0.473376,
          2.936597
        ],
        [
          0.473666,
          -0.013448,
          0.880602,
          4.779675
        ],
        [
          0.011325,
          -0.999708,
          -0.021359,
          1.596349
        ],
        [
          0.0,
          0.0,
          0.0,
          1.0
        ]
      ]
    },
    {
      "file_path": "/media/NFS/ttao/scannet/posed_images/scene0645_01/00968.jpg",
      "transform_matrix": [
        [
          0.839759,
          0.180491,
          -0.512082,
          3.117782
        ],
        [
          0.542138,
          -0.330588,
          0.772527,
          4.982707
        ],
        [
          -0.029854,
          -0.926356,
          -0.375465,
          1.402004
        ],
        [
          0.0,
          0.0,
          0.0,
          1.0
        ]
      ]
    },
    {
      "file_path": "/media/NFS/ttao/scannet/posed_images/scene0645_01/00973.jpg",
      "transform_matrix": [
        [
          0.826024,
          0.219661,
          -0.51907,
          3.125995
        ],
        [
          0.563145,
          -0.360027,
          0.743806,
          4.975715
        ],
        [
          -0.023494,
          -0.906713,
          -0.421092,
          1.379698
        ],
        [
          0.0,
          0.0,
          0.0,
          1.0
        ]
      ]
    },
    {
      "file_path": "/media/NFS/ttao/scannet/posed_images/scene0645_01/00988.jpg",
      "transform_matrix": [
        [
          0.703588,
          0.358481,
          -0.61356,
          3.126823
        ],
        [
          0.710505,
          -0.340205,
          0.615989,
          5.02661
        ],
        [
          0.012084,
          -0.86934,
          -0.494067,
          1.341855
        ],
        [
          0.0,
          0.0,
          0.0,
          1.0
        ]
      ]
    },
    {
      "file_path": "/media/NFS/ttao/scannet/posed_images/scene0645_01/01009.jpg",
      "transform_matrix": [
        [
          0.833428,
          0.293343,
          -0.468346,
          3.102539
        ],
        [
          0.552628,
          -0.441407,
          0.706939,
          5.270167
        ],
        [
          0.000645,
          -0.848004,
          -0.52999,
          1.327846
        ],
        [
          0.0,
          0.0,
          0.0,
          1.0
        ]
      ]
    },
    {
      "file_path": "/media/NFS/ttao/scannet/posed_images/scene0645_01/01025.jpg",
      "transform_matrix": [
        [
          0.896247,
          0.201061,
          -0.395368,
          3.18586
        ],
        [
          0.440667,
          -0.505183,
          0.742027,
          5.210573
        ],
        [
          -0.050541,
          -0.839265,
          -0.541369,
          1.330798
        ],
        [
          0.0,
          0.0,
          0.0,
          1.0
        ]
      ]
    },
    {
      "file_path": "/media/NFS/ttao/scannet/posed_images/scene0645_01/01056.jpg",
      "transform_matrix": [
        [
          0.995847,
          0.075416,
          -0.051005,
          2.880979
        ],
        [
          0.080995,
          -0.47798,
          0.874628,
          4.911784
        ],
        [
          0.041582,
          -0.875127,
          -0.482103,
          1.346386
        ],
        [
          0.0,
          0.0,
          0.0,
          1.0
        ]
      ]
    },
    {
      "file_path": "/media/NFS/ttao/scannet/posed_images/scene0645_01/01067.jpg",
      "transform_matrix": [
        [
          0.999292,
          0.037072,
          0.006406,
          2.728344
        ],
        [
          0.011028,
          -0.451442,
          0.892233,
          4.899676
        ],
        [
          0.035969,
          -0.89153,
          -0.451531,
          1.326799
        ],
        [
          0.0,
          0.0,
          0.0,
          1.0
        ]
      ]
    },
    {
      "file_path": "/media/NFS/ttao/scannet/posed_images/scene0645_01/01077.jpg",
      "transform_matrix": [
        [
          0.994959,
          -0.013182,
          0.099408,
          2.580504
        ],
        [
          -0.093986,
          -0.468204,
          0.878608,
          4.928537
        ],
        [
          0.034961,
          -0.883522,
          -0.467083,
          1.328109
        ],
        [
          0.0,
          0.0,
          0.0,
          1.0
        ]
      ]
    },
    {
      "file_path": "/media/NFS/ttao/scannet/posed_images/scene0645_01/01093.jpg",
      "transform_matrix": [
        [
          0.947805,
          -0.11442,
          0.297614,
          2.328478
        ],
        [
          -0.314389,
          -0.490972,
          0.812469,
          4.935204
        ],
        [
          0.053157,
          -0.863629,
          -0.501318,
          1.330862
        ],
        [
          0.0,
          0.0,
          0.0,
          1.0
        ]
      ]
    },
    {
      "file_path": "/media/NFS/ttao/scannet/posed_images/scene0645_01/01124.jpg",
      "transform_matrix": [
        [
          0.891856,
          -0.228291,
          0.390482,
          2.275342
        ],
        [
          -0.449781,
          -0.356266,
          0.819007,
          4.832469
        ],
        [
          -0.047857,
          -0.906067,
          -0.420418,
          1.419329
        ],
        [
          0.0,
          0.0,
          0.0,
          1.0
        ]
      ]
    },
    {
      "file_path": "/media/NFS/ttao/scannet/posed_images/scene0645_01/01140.jpg",
      "transform_matrix": [
        [
          0.835135,
          -0.155582,
          0.527583,
          2.189613
        ],
        [
          -0.549713,
          -0.269399,
          0.790721,
          4.966671
        ],
        [
          0.019109,
          -0.950378,
          -0.31051,
          1.451765
        ],
        [
          0.0,
          0.0,
          0.0,
          1.0
        ]
      ]
    },
    {
      "file_path": "/media/NFS/ttao/scannet/posed_images/scene0645_01/01151.jpg",
      "transform_matrix": [
        [
          0.803558,
          -0.124202,
          0.582125,
          2.176557
        ],
        [
          -0.592613,
          -0.258487,
          0.762885,
          5.08327
        ],
        [
          0.05572,
          -0.957997,
          -0.281313,
          1.492414
        ],
        [
          0.0,
          0.0,
          0.0,
          1.0
        ]
      ]
    },
    {
      "file_path": "/media/NFS/ttao/scannet/posed_images/scene0645_01/01166.jpg",
      "transform_matrix": [
        [
          0.763377,
          -0.085056,
          0.640329,
          2.22669
        ],
        [
          -0.645743,
          -0.1258,
          0.753121,
          5.235508
        ],
        [
          0.016496,
          -0.988403,
          -0.150957,
          1.524508
        ],
        [
          0.0,
          0.0,
          0.0,
          1.0
        ]
      ]
    },
    {
      "file_path": "/media/NFS/ttao/scannet/posed_images/scene0645_01/01192.jpg",
      "transform_matrix": [
        [
          0.620104,
          -0.243035,
          0.745926,
          2.205586
        ],
        [
          -0.782554,
          -0.258883,
          0.566206,
          5.489563
        ],
        [
          0.055499,
          -0.934834,
          -0.350722,
          1.375674
        ],
        [
          0.0,
          0.0,
          0.0,
          1.0
        ]
      ]
    },
    {
      "file_path": "/media/NFS/ttao/scannet/posed_images/scene0645_01/01198.jpg",
      "transform_matrix": [
        [
          0.602404,
          -0.278973,
          0.747853,
          2.221836
        ],
        [
          -0.795134,
          -0.291668,
          0.531687,
          5.495026
        ],
        [
          0.069798,
          -0.914934,
          -0.397523,
          1.354589
        ],
        [
          0.0,
          0.0,
          0.0,
          1.0
        ]
      ]
    },
    {
      "file_path": "/media/NFS/ttao/scannet/posed_images/scene0645_01/01224.jpg",
      "transform_matrix": [
        [
          0.479552,
          -0.422324,
          0.769203,
          2.285573
        ],
        [
          -0.877514,
          -0.230955,
          0.420273,
          5.268415
        ],
        [
          0.00016,
          -0.876528,
          -0.48135,
          1.317627
        ],
        [
          0.0,
          0.0,
          0.0,
          1.0
        ]
      ]
    },
    {
      "file_path": "/media/NFS/ttao/scannet/posed_images/scene0645_01/01245.jpg",
      "transform_matrix": [
        [
          0.351982,
          -0.532007,
          0.770115,
          2.380033
        ],
        [
          -0.935616,
          -0.176211,
          0.305895,
          5.00861
        ],
        [
          -0.027036,
          -0.828202,
          -0.559778,
          1.274573
        ],
        [
          0.0,
          0.0,
          0.0,
          1.0
        ]
      ]
    },
    {
      "file_path": "/media/NFS/ttao/scannet/posed_images/scene0645_01/01266.jpg",
      "transform_matrix": [
        [
          0.436018,
          -0.484567,
          0.758342,
          2.647674
        ],
        [
          -0.899736,
          -0.216845,
          0.378754,
          4.839391
        ],
        [
          -0.019089,
          -0.847451,
          -0.530531,
          1.312451
        ],
        [
          0.0,
          0.0,
          0.0,
          1.0
        ]
      ]
    },
    {
      "file_path": "/media/NFS/ttao/scannet/posed_images/scene0645_01/01271.jpg",
      "transform_matrix": [
        [
          0.488431,
          -0.462972,
          0.739657,
          2.699799
        ],
        [
          -0.870321,
          -0.197204,
          0.451279,
          4.771566
        ],
        [
          -0.063066,
          -0.864157,
          -0.499254,
          1.316025
        ],
        [
          0.0,
          0.0,
          0.0,
          1.0
        ]
      ]
    },
    {
      "file_path": "/media/NFS/ttao/scannet/posed_images/scene0645_01/01297.jpg",
      "transform_matrix": [
        [
          0.747905,
          -0.334168,
          0.573559,
          3.003143
        ],
        [
          -0.663652,
          -0.357861,
          0.656887,
          4.523045
        ],
        [
          -0.014256,
          -0.871933,
          -0.489417,
          1.313658
        ],
        [
          0.0,
          0.0,
          0.0,
          1.0
        ]
      ]
    },
    {
      "file_path": "/media/NFS/ttao/scannet/posed_images/scene0645_01/01302.jpg",
      "transform_matrix": [
        [
          0.775246,
          -0.283067,
          0.564682,
          3.089131
        ],
        [
          -0.628838,
          -0.430245,
          0.64765,
          4.52318
        ],
        [
          0.059624,
          -0.857183,
          -0.511549,
          1.305823
        ],
        [
          0.0,
          0.0,
          0.0,
          1.0
        ]
      ]
    },
    {
      "file_path": "/media/NFS/ttao/scannet/posed_images/scene0645_01/01323.jpg",
      "transform_matrix": [
        [
          0.924299,
          -0.162629,
          0.345286,
          3.491506
        ],
        [
          -0.379782,
          -0.481733,
          0.789746,
          4.404202
        ],
        [
          0.0379,
          -0.861095,
          -0.50703,
          1.326279
        ],
        [
          0.0,
          0.0,
          0.0,
          1.0
        ]
      ]
    },
    {
      "file_path": "/media/NFS/ttao/scannet/posed_images/scene0645_01/01344.jpg",
      "transform_matrix": [
        [
          0.9542,
          -0.121608,
          0.273339,
          3.861377
        ],
        [
          -0.298237,
          -0.458773,
          0.837008,
          4.493966
        ],
        [
          0.023614,
          -0.880193,
          -0.474029,
          1.347006
        ],
