{
  "frames": [
    {
      "file_path": "/media/NFS/ttao/scannet/posed_images/scene0027_02/00000.jpg",
      "transform_matrix": [
        [
          -0.888525,
          -0.234245,
          0.394529,
          4.81575
        ],
        [
          -0.458828,
          0.451762,
          -0.765107,
          5.054781
        ],
        [
          0.000989,
          -0.860837,
          -0.50888,
          1.5478
        ],
        [
          0.0,
          0.0,
          0.0,
          1.0
        ]
      ]
    },
    {
      "file_path": "/media/NFS/ttao/scannet/posed_images/scene0027_02/00002.jpg",
      "transform_matrix": [
        [
          -0.888439,
          -0.23527,
          0.394113,
          4.818466
        ],
        [
          -0.458995,
          0.454213,
          -0.763554,
          5.050666
        ],
        [
          0.00063,
          -0.859266,
          -0.511528,
          1.551895
        ],
        [
          0.0,
          0.0,
          0.0,
          1.0
        ]
      ]
    },
    {
      "file_path": "/media/NFS/ttao/scannet/posed_images/scene0027_02/00005.jpg",
      "transform_matrix": [
        [
          -0.888137,
          -0.235168,
          0.394853,
          4.817206
        ],
        [
          -0.459567,
          0.448046,
          -0.766846,
          5.051867
        ],
        [
          0.003425,
          -0.862526,
          -0.506002,
          1.553277
        ],
        [
          0.0,
          0.0,
          0.0,
          1.0
        ]
      ]
    },
    {
      "file_path": "/media/NFS/ttao/scannet/posed_images/scene0027_02/00008.jpg",
      "transform_matrix": [
        [
          -0.88813,
          -0.235034,
          0.394948,
          4.81814
        ],
        [
          -0.459541,
          0.441297,
          -0.770765,
          5.051185
        ],
        [
          0.006866,
          -0.866035,
          -0.499937,
          1.559346
        ],
        [
          0.0,
          0.0,
          0.0,
          1.0
        ]
      ]
    },
    {
      "file_path": "/media/NFS/ttao/scannet/posed_images/scene0027_02/00012.jpg",
      "transform_matrix": [
        [
          -0.88888,
          -0.231477,
          0.395363,
          4.842482
        ],
        [
          -0.458016,
          0.428836,
          -0.778666,
          5.034727
        ],
        [
          0.010698,
          -0.873223,
          -0.487204,
          1.600651
        ],
        [
          0.0,
          0.0,
          0.0,
          1.0
        ]
      ]
    },
    {
      "file_path": "/media/NFS/ttao/scannet/posed_images/scene0027_02/00015.jpg",
      "transform_matrix": [
        [
          -0.889046,
          -0.226691,
          0.397753,
          4.846135
        ],
        [
          -0.457609,
          0.413839,
          -0.786976,
          5.037699
        ],
        [
          0.013794,
          -0.881674,
          -0.471658,
          1.611056
        ],
        [
          0.0,
          0.0,
          0.0,
          1.0
        ]
      ]
    },
    {
      "file_path": "/media/NFS/ttao/scannet/posed_images/scene0027_02/00016.jpg",
      "transform_matrix": [
        [
          -0.888688,
          -0.224672,
          0.399695,
          4.845857
        ],
        [
          -0.458336,
          0.411119,
          -0.787978,
          5.033572
        ],
        [
          0.012714,
          -0.883461,
          -0.468332,
          1.61838
        ],
        [
          0.0,
          0.0,
          0.0,
          1.0
        ]
      ]
    },
    {
      "file_path": "/media/NFS/ttao/scannet/posed_images/scene0027_02/00019.jpg",
      "transform_matrix": [
        [
          -0.889431,
          -0.21096,
          0.405472,
          4.844553
        ],
        [
          -0.456975,
          0.392453,
          -0.79822,
          5.037474
        ],
        [
          0.009264,
          -0.895252,
          -0.445464,
          1.617848
        ],
        [
          0.0,
          0.0,
          0.0,
          1.0
        ]
      ]
    },
    {
      "file_path": "/media/NFS/ttao/scannet/posed_images/scene0027_02/00022.jpg",
      "transform_matrix": [
        [
          -0.889604,
          -0.195615,
          0.412721,
          4.845164
        ],
        [
          -0.456732,
          0.381553,
          -0.803625,
          5.034833
        ],
        [
          -0.000274,
          -0.903411,
          -0.428775,
          1.631634
        ],
        [
          0.0,
          0.0,
          0.0,
          1.0
        ]
      ]
    },
    {
      "file_path": "/media/NFS/ttao/scannet/posed_images/scene0027_02/00024.jpg",
      "transform_matrix": [
        [
          -0.890056,
          -0.190832,
          0.413984,
          4.843199
        ],
        [
          -0.455845,
          0.36811,
          -0.810371,
          5.0411
        ],
        [
          0.002252,
          -0.909988,
          -0.414629,
          1.635029
        ],
        [
          0.0,
          0.0,
          0.0,
          1.0
        ]
      ]
    },
    {
      "file_path": "/media/NFS/ttao/scannet/posed_images/scene0027_02/00027.jpg",
      "transform_matrix": [
        [
          -0.895,
          -0.186478,
          0.405217,
          4.84148
        ],
        [
          -0.445981,
          0.356288,
          -0.821073,
          5.035777
        ],
        [
          0.008738,
          -0.915579,
          -0.402043,
          1.645245
        ],
        [
          0.0,
          0.0,
          0.0,
          1.0
        ]
      ]
    },
    {
      "file_path": "/media/NFS/ttao/scannet/posed_images/scene0027_02/00032.jpg",
      "transform_matrix": [
        [
          -0.902238,
          -0.164761,
          0.398524,
          4.84138
        ],
        [
          -0.431157,
          0.326566,
          -0.841105,
          5.036124
        ],
        [
          0.008437,
          -0.930703,
          -0.365678,
          1.661874
        ],
        [
          0.0,
          0.0,
          0.0,
          1.0
        ]
      ]
    },
    {
      "file_path": "/media/NFS/ttao/scannet/posed_images/scene0027_02/00034.jpg",
      "transform_matrix": [
        [
          -0.902004,
          -0.150245,
          0.404741,
          4.83249
        ],
        [
          -0.431719,
          0.307698,
          -0.847904,
          5.035134
        ],
        [
          0.002855,
          -0.939547,
          -0.342408,
          1.664073
        ],
        [
          0.0,
          0.0,
          0.0,
          1.0
        ]
      ]
    },
    {
      "file_path": "/media/NFS/ttao/scannet/posed_images/scene0027_02/00036.jpg",
      "transform_matrix": [
        [
          -0.903061,
          -0.139363,
          0.406274,
          4.833852
        ],
        [
          -0.429513,
          0.293453,
          -0.854052,
          5.039068
        ],
        [
          -0.000199,
          -0.945761,
          -0.324864,
          1.662327
        ],
        [
          0.0,
          0.0,
          0.0,
          1.0
        ]
      ]
    },
    {
      "file_path": "/media/NFS/ttao/scannet/posed_images/scene0027_02/00038.jpg",
      "transform_matrix": [
        [
          -0.905097,
          -0.132589,
          0.404004,
          4.839422
        ],
        [
          -0.4252,
          0.286894,
          -0.858427,
          5.036065
        ],
        [
          -0.002088,
          -0.948743,
          -0.316043,
          1.677325
        ],
        [
          0.0,
          0.0,
          0.0,
          1.0
        ]
      ]
    },
    {
      "file_path": "/media/NFS/ttao/scannet/posed_images/scene0027_02/00042.jpg",
      "transform_matrix": [
        [
          -0.905909,
          -0.120239,
          0.406043,
          4.837022
        ],
        [
          -0.423393,
          0.275723,
          -0.862969,
          5.034564
        ],
        [
          -0.008193,
          -0.953687,
          -0.300689,
          1.697073
        ],
        [
          0.0,
          0.0,
          0.0,
          1.0
        ]
      ]
    },
    {
      "file_path": "/media/NFS/ttao/scannet/posed_images/scene0027_02/00044.jpg",
      "transform_matrix": [
        [
          -0.906133,
          -0.113215,
          0.407559,
          4.839236
        ],
        [
          -0.422878,
          0.264899,
          -0.866605,
          5.033782
        ],
        [
          -0.009849,
          -0.957607,
          -0.28791,
          1.704441
        ],
        [
          0.0,
          0.0,
          0.0,
          1.0
        ]
      ]
    },
    {
      "file_path": "/media/NFS/ttao/scannet/posed_images/scene0027_02/00047.jpg",
      "transform_matrix": [
        [
          -0.906055,
          -0.104322,
          0.4101,
          4.841025
        ],
        [
          -0.423044,
          0.246069,
          -0.872058,
          5.033189
        ],
        [
          -0.009938,
          -0.963622,
          -0.267084,
          1.707466
        ],
        [
          0.0,
          0.0,
          0.0,
          1.0
        ]
      ]
    },
    {
      "file_path": "/media/NFS/ttao/scannet/posed_images/scene0027_02/00049.jpg",
      "transform_matrix": [
        [
          -0.908108,
          -0.10164,
          0.406213,
          4.851727
        ],
        [
          -0.418687,
          0.235244,
          -0.877133,
          5.036597
        ],
        [
          -0.006408,
          -0.966607,
          -0.256182,
          1.724999
        ],
        [
          0.0,
          0.0,
          0.0,
          1.0
        ]
      ]
    },
    {
      "file_path": "/media/NFS/ttao/scannet/posed_images/scene0027_02/00053.jpg",
      "transform_matrix": [
        [
          -0.911797,
          -0.09302,
          0.399967,
          4.832872
        ],
        [
          -0.410628,
          0.214365,
          -0.886246,
          5.027642
        ],
        [
          -0.0033,
          -0.972314,
          -0.233654,
          1.722403
        ],
        [
          0.0,
          0.0,
          0.0,
          1.0
        ]
      ]
    },
    {
      "file_path": "/media/NFS/ttao/scannet/posed_images/scene0027_02/00055.jpg",
      "transform_matrix": [
        [
          -0.913605,
          -0.0953,
          0.395276,
          4.825974
        ],
        [
          -0.406603,
          0.214017,
          -0.888184,
          5.024108
        ],
        [
          4.8e-05,
          -0.97217,
          -0.234277,
          1.721146
        ],
        [
          0.0,
          0.0,
          0.0,
          1.0
        ]
      ]
    },
    {
      "file_path": "/media/NFS/ttao/scannet/posed_images/scene0027_02/00060.jpg",
      "transform_matrix": [
        [
          -0.919989,
          -0.106403,
          0.377224,
          4.835878
        ],
        [
          -0.391834,
          0.226946,
          -0.891606,
          5.028049
        ],
        [
          0.00926,
          -0.968077,
          -0.25048,
          1.714044
        ],
        [
          0.0,
          0.0,
          0.0,
          1.0
        ]
      ]
    },
    {
      "file_path": "/media/NFS/ttao/scannet/posed_images/scene0027_02/00061.jpg",
      "transform_matrix": [
        [
          -0.918278,
          -0.105869,
          0.38152,
          4.816242
        ],
        [
          -0.395829,
          0.222973,
          -0.890844,
          5.021749
        ],
        [
          0.009244,
          -0.969059,
          -0.246658,
          1.702326
        ],
        [
          0.0,
          0.0,
          0.0,
          1.0
        ]
      ]
    },
    {
      "file_path": "/media/NFS/ttao/scannet/posed_images/scene0027_02/00063.jpg",
      "transform_matrix": [
        [
          -0.920556,
          -0.115337,
          0.373196,
          4.803824
        ],
        [
          -0.390193,
          0.227289,
          -0.892238,
          5.018527
        ],
        [
          0.018085,
          -0.966973,
          -0.254236,
          1.694142
        ],
        [
          0.0,
          0.0,
          0.0,
          1.0
        ]
      ]
    },
    {
      "file_path": "/media/NFS/ttao/scannet/posed_images/scene0027_02/00068.jpg",
      "transform_matrix": [
        [
          -0.93396,
          -0.131176,
          0.332432,
          4.792315
        ],
        [
          -0.355491,
          0.245557,
          -0.901847,
          5.013801
        ],
        [
          0.03667,
          -0.960466,
          -0.275972,
          1.682656
        ],
        [
          0.0,
          0.0,
          0.0,
          1.0
        ]
      ]
    },
    {
      "file_path": "/media/NFS/ttao/scannet/posed_images/scene0027_02/00071.jpg",
      "transform_matrix": [
        [
          -0.941638,
          -0.123585,
          0.313121,
          4.770916
        ],
        [
          -0.335293,
          0.261599,
          -0.905066,
          5.002439
        ],
        [
          0.029941,
          -0.957232,
          -0.287769,
          1.676123
        ],
        [
          0.0,
          0.0,
          0.0,
          1.0
        ]
      ]
    },
    {
      "file_path": "/media/NFS/ttao/scannet/posed_images/scene0027_02/00073.jpg",
      "transform_matrix": [
        [
          -0.948529,
          -0.112867,
          0.295894,
          4.769866
        ],
        [
          -0.315825,
          0.268133,
          -0.910143,
          5.00186
        ],
        [
          0.023386,
          -0.956747,
          -0.289979,
          1.670425
        ],
        [
          0.0,
          0.0,
          0.0,
          1.0
        ]
      ]
    },
    {
      "file_path": "/media/NFS/ttao/scannet/posed_images/scene0027_02/00076.jpg",
      "transform_matrix": [
        [
          -0.958401,
          -0.105038,
          0.265394,
          4.763484
        ],
        [
          -0.284581,
          0.280244,
          -0.916775,
          5.00194
        ],
        [
          0.021921,
          -0.954165,
          -0.298478,
          1.66398
        ],
        [
          0.0,
          0.0,
          0.0,
          1.0
        ]
      ]
    },
    {
      "file_path": "/media/NFS/ttao/scannet/posed_images/scene0027_02/00079.jpg",
      "transform_matrix": [
        [
          -0.964034,
          -0.098578,
          0.24682,
          4.732432
        ],
        [
          -0.265266,
          0.299302,
          -0.916544,
          4.989455
        ],
        [
          0.016477,
          -0.949053,
          -0.314687,
          1.659349
        ],
        [
          0.0,
          0.0,
          0.0,
          1.0
        ]
      ]
    },
    {
      "file_path": "/media/NFS/ttao/scannet/posed_images/scene0027_02/00081.jpg",
      "transform_matrix": [
        [
          -0.970241,
          -0.091746,
          0.224087,
          4.743374
        ],
        [
          -0.241662,
          0.308679,
          -0.919955,
          4.993145
        ],
        [
          0.015231,
          -0.946731,
          -0.321664,
          1.646611
        ],
        [
          0.0,
          0.0,
          0.0,
          1.0
        ]
      ]
    },
    {
      "file_path": "/media/NFS/ttao/scannet/posed_images/scene0027_02/00085.jpg",
      "transform_matrix": [
        [
          -0.975566,
          -0.085489,
          0.202391,
          4.710734
        ],
        [
          -0.219373,
          0.32833,
          -0.918736,
          4.980613
        ],
        [
          0.012091,
          -0.940687,
          -0.339061,
          1.629064
        ],
        [
          0.0,
          0.0,
          0.0,
          1.0
        ]
      ]
    },
    {
      "file_path": "/media/NFS/ttao/scannet/posed_images/scene0027_02/00087.jpg",
      "transform_matrix": [
        [
          -0.979734,
          -0.078805,
          0.184147,
          4.714508
        ],
        [
          -0.199996,
          0.334142,
          -0.92106,
          4.983429
        ],
        [
          0.011053,
          -0.939223,
          -0.343131,
          1.625702
        ],
        [
          0.0,
          0.0,
          0.0,
          1.0
        ]
      ]
    },
    {
      "file_path": "/media/NFS/ttao/scannet/posed_images/scene0027_02/00090.jpg",
      "transform_matrix": [
        [
          -0.983749,
          -0.064546,
          0.167547,
          4.704181
        ],
        [
          -0.179521,
          0.336665,
          -0.924354,
          4.974844
        ],
        [
          0.003256,
          -0.93941,
          -0.342781,
          1.624931
        ],
        [
          0.0,
          0.0,
          0.0,
          1.0
        ]
      ]
    },
    {
      "file_path": "/media/NFS/ttao/scannet/posed_images/scene0027_02/00091.jpg",
      "transform_matrix": [
        [
          -0.984505,
          -0.061369,
          0.164265,
          4.694179
        ],
        [
          -0.175352,
          0.339167,
          -0.924239,
          4.971851
        ],
        [
          0.001007,
          -0.938722,
          -0.344673,
          1.628858
        ],
        [
          0.0,
          0.0,
          0.0,
          1.0
        ]
      ]
    },
    {
      "file_path": "/media/NFS/ttao/scannet/posed_images/scene0027_02/00096.jpg",
      "transform_matrix": [
        [
          -0.991006,
          -0.04881,
          0.124598,
          4.680607
        ],
        [
          -0.133816,
          0.356838,
          -0.924532,
          4.964732
        ],
        [
          0.000665,
          -0.93289,
          -0.360161,
          1.60836
        ],
        [
          0.0,
          0.0,
          0.0,
          1.0
        ]
      ]
    },
    {
      "file_path": "/media/NFS/ttao/scannet/posed_images/scene0027_02/00097.jpg",
      "transform_matrix": [
        [
          -0.991905,
          -0.051152,
          0.116222,
          4.675801
        ],
        [
          -0.126885,
          0.363658,
          -0.922851,
          4.961944
        ],
        [
          0.004941,
          -0.930127,
          -0.367205,
          1.614727
        ],
        [
          0.0,
          0.0,
          0.0,
          1.0
        ]
      ]
    },
    {
      "file_path": "/media/NFS/ttao/scannet/posed_images/scene0027_02/00100.jpg",
      "transform_matrix": [
        [
          -0.994345,
          -0.045858,
          0.095782,
          4.662731
        ],
        [
          -0.105939,
          0.365856,
          -0.924622,
          4.958352
        ],
        [
          0.007359,
          -0.929541,
          -0.368645,
          1.603544
        ],
        [
          0.0,
          0.0,
          0.0,
          1.0
        ]
      ]
    },
    {
      "file_path": "/media/NFS/ttao/scannet/posed_images/scene0027_02/00102.jpg",
      "transform_matrix": [
        [
          -0.99567,
          -0.039302,
          0.08424,
          4.663715
        ],
        [
          -0.092777,
          0.363674,
          -0.926895,
          4.958645
        ],
        [
          0.005793,
          -0.930697,
          -0.365745,
          1.598162
        ],
        [
          0.0,
          0.0,
          0.0,
          1.0
        ]
      ]
    },
    {
      "file_path": "/media/NFS/ttao/scannet/posed_images/scene0027_02/00105.jpg",
      "transform_matrix": [
        [
          -0.997164,
          -0.027218,
          0.070159,
          4.664051
        ],
        [
          -0.075254,
          0.359208,
          -0.930219,
          4.953321
        ],
        [
          0.000117,
          -0.932861,
          -0.360237,
          1.604284
        ],
        [
          0.0,
          0.0,
          0.0,
          1.0
        ]
      ]
    },
    {
      "file_path": "/media/NFS/ttao/scannet/posed_images/scene0027_02/00110.jpg",
      "transform_matrix": [
        [
          -0.998075,
          -0.016009,
          0.059923,
          4.66646
        ],
        [
          -0.061801,
          0.338545,
          -0.938919,
          4.95333
        ],
        [
          -0.005256,
          -0.940814,
          -0.338882,
          1.61364
        ],
        [
          0.0,
          0.0,
          0.0,
          1.0
        ]
      ]
    },
    {
      "file_path": "/media/NFS/ttao/scannet/posed_images/scene0027_02/00111.jpg",
      "transform_matrix": [
        [
          -0.998049,
          -0.01704,
          0.060067,
          4.671965
        ],
        [
          -0.062306,
          0.334251,
          -0.940422,
          4.952396
        ],
        [
          -0.004053,
          -0.94233,
          -0.334661,
          1.627332
        ],
        [
          0.0,
          0.0,
          0.0,
          1.0
        ]
      ]
    },
    {
      "file_path": "/media/NFS/ttao/scannet/posed_images/scene0027_02/00115.jpg",
      "transform_matrix": [
        [
          -0.998031,
          -0.012925,
          0.061369,
          4.674434
        ],
        [
          -0.062354,
          0.3095,
          -0.948853,
          4.956888
        ],
        [
          -0.006729,
          -0.950812,
          -0.309696,
          1.624038
        ],
        [
          0.0,
          0.0,
          0.0,
          1.0
        ]
      ]
    },
    {
      "file_path": "/media/NFS/ttao/scannet/posed_images/scene0027_02/00116.jpg",
      "transform_matrix": [
        [
          -0.997859,
          -0.012724,
          0.064151,
          4.667382
        ],
        [
          -0.064954,
          0.307266,
          -0.949404,
          4.953212
        ],
        [
          -0.007632,
          -0.951539,
          -0.307435,
          1.627371
        ],
        [
          0.0,
          0.0,
          0.0,
          1.0
        ]
      ]
    },
    {
      "file_path": "/media/NFS/ttao/scannet/posed_images/scene0027_02/00119.jpg",
      "transform_matrix": [
        [
          -0.99784,
          -0.010535,
          0.064847,
          4.681143
        ],
        [
          -0.065068,
          0.294765,
          -0.953352,
          4.957789
        ],
        [
          -0.00907,
          -0.955512,
          -0.294814,
          1.626751
        ],
        [
          0.0,
          0.0,
          0.0,
          1.0
        ]
      ]
    },
    {
      "file_path": "/media/NFS/ttao/scannet/posed_images/scene0027_02/00122.jpg",
      "transform_matrix": [
        [
          -0.99739,
          -0.00386,
          0.072107,
          4.696071
        ],
        [
          -0.070193,
          0.286252,
          -0.95558,
          4.956957
        ],
        [
          -0.016952,
          -0.958147,
          -0.285776,
          1.637135
        ],
        [
          0.0,
          0.0,
          0.0,
          1.0
        ]
      ]
    },
    {
      "file_path": "/media/NFS/ttao/scannet/posed_images/scene0027_02/00126.jpg",
      "transform_matrix": [
        [
          -0.996592,
          -0.005408,
          0.082307,
          4.696144
        ],
        [
          -0.080514,
          0.280605,
          -0.956441,
          4.961327
        ],
        [
          -0.017923,
          -0.959808,
          -0.280084,
          1.653466
        ],
        [
          0.0,
          0.0,
          0.0,
          1.0
        ]
      ]
    },
    {
      "file_path": "/media/NFS/ttao/scannet/posed_images/scene0027_02/00128.jpg",
      "transform_matrix": [
        [
          -0.996501,
          -0.003142,
          0.083522,
          4.697722
        ],
        [
          -0.081067,
          0.279607,
          -0.956686,
          4.960477
        ],
        [
          -0.020347,
          -0.96011,
          -0.278883,
          1.650855
        ],
        [
          0.0,
          0.0,
          0.0,
          1.0
        ]
      ]
    },
    {
      "file_path": "/media/NFS/ttao/scannet/posed_images/scene0027_02/00130.jpg",
      "transform_matrix": [
        [
          -0.996294,
          0.00444,
          0.0859,
          4.692013
        ],
        [
          -0.081393,
          0.274317,
          -0.958189,
          4.962908
        ],
        [
          -0.027818,
          -0.961629,
          -0.272939,
          1.630577
        ],
        [
          0.0,
          0.0,
          0.0,
          1.0
        ]
      ]
    },
    {
      "file_path": "/media/NFS/ttao/scannet/posed_images/scene0027_02/00135.jpg",
      "transform_matrix": [
        [
          -0.996638,
          -0.000117,
          0.081936,
          4.695215
        ],
        [
          -0.078225,
          0.298938,
          -0.951061,
          4.964432
        ],
        [
          -0.024382,
          -0.954273,
          -0.297942,
          1.619129
        ],
        [
          0.0,
          0.0,
          0.0,
          1.0
        ]
      ]
    },
    {
      "file_path": "/media/NFS/ttao/scannet/posed_images/scene0027_02/00137.jpg",
      "transform_matrix": [
        [
          -0.997428,
          -0.004002,
          0.071559,
          4.702245
        ],
        [
          -0.069146,
          0.31641,
          -0.946099,
          4.971196
        ],
        [
          -0.018855,
          -0.948614,
          -0.315873,
          1.604651
        ],
        [
          0.0,
          0.0,
          0.0,
          1.0
        ]
      ]
    },
    {
      "file_path": "/media/NFS/ttao/scannet/posed_images/scene0027_02/00140.jpg",
      "transform_matrix": [
        [
          -0.996622,
          0.004147,
          0.082014,
          4.677631
        ],
        [
          -0.074936,
          0.362576,
          -0.928937,
          4.956287
        ],
        [
          -0.033589,
          -0.931945,
          -0.361041,
          1.604936
        ],
        [
          0.0,
          0.0,
          0.0,
          1.0
        ]
      ]
    },
    {
      "file_path": "/media/NFS/ttao/scannet/posed_images/scene0027_02/00143.jpg",
      "transform_matrix": [
        [
          -0.996277,
          0.009114,
          0.085723,
          4.674835
        ],
        [
          -0.076417,
          0.366869,
          -0.927129,
          4.961021
        ],
        [
          -0.039899,
          -0.930228,
          -0.364807,
          1.5947
        ],
        [
          0.0,
          0.0,
          0.0,
          1.0
        ]
      ]
    },
    {
      "file_path": "/media/NFS/ttao/scannet/posed_images/scene0027_02/00144.jpg",
      "transform_matrix": [
        [
          -0.996287,
          0.00608,
          0.085875,
          4.67141
        ],
        [
          -0.077509,
          0.370802,
          -0.925472,
          4.958385
        ],
        [
          -0.03747,
          -0.928692,
          -0.368954,
          1.60343
        ],
        [
          0.0,
          0.0,
          0.0,
          1.0
        ]
      ]
    },
    {
      "file_path": "/media/NFS/ttao/scannet/posed_images/scene0027_02/00147.jpg",
      "transform_matrix": [
        [
          -0.997619,
          0.003159,
          0.068889,
          4.671717
        ],
        [
          -0.062626,
          0.37675,
          -0.924196,
          4.962226
        ],
        [
          -0.028873,
          -0.92631,
          -0.375655,
          1.585836
        ],
        [
          0.0,
          0.0,
          0.0,
          1.0
        ]
      ]
    },
    {
      "file_path": "/media/NFS/ttao/scannet/posed_images/scene0027_02/00151.jpg",
      "transform_matrix": [
        [
          -0.999134,
          0.015651,
          0.038563,
          4.655942
        ],
        [
          -0.029022,
          0.402109,
          -0.915132,
          4.960101
        ],
        [
          -0.029829,
          -0.915458,
          -0.401306,
          1.576783
        ],
        [
          0.0,
          0.0,
          0.0,
          1.0
        ]
      ]
    },
    {
      "file_path": "/media/NFS/ttao/scannet/posed_images/scene0027_02/00154.jpg",
      "transform_matrix": [
        [
          -0.999594,
          0.027534,
          0.007312,
          4.654062
        ],
        [
          0.004596,
          0.409182,
          -0.912441,
          4.95711
        ],
        [
          -0.028115,
          -0.912037,
          -0.409143,
          1.571588
        ],
        [
          0.0,
          0.0,
          0.0,
          1.0
        ]
      ]
    },
    {
      "file_path": "/media/NFS/ttao/scannet/posed_images/scene0027_02/00157.jpg",
      "transform_matrix": [
        [
          -0.998705,
          0.041139,
          -0.029922,
          4.644519
        ],
        [
          0.044192,
          0.410326,
          -0.910868,
          4.956748
        ],
        [
          -0.025195,
          -0.911011,
          -0.411613,
          1.562311
        ],
        [
          0.0,
          0.0,
          0.0,
          1.0
        ]
      ]
    },
    {
      "file_path": "/media/NFS/ttao/scannet/posed_images/scene0027_02/00160.jpg",
      "transform_matrix": [
        [
          -0.99498,
          0.066196,
          -0.075054,
          4.635162
        ],
        [
          0.095901,
          0.416361,
          -0.904128,
          4.949749
        ],
        [
          -0.0286,
          -0.906786,
          -0.420619,
          1.570113
        ],
        [
          0.0,
          0.0,
          0.0,
          1.0
        ]
      ]
    },
    {
      "file_path": "/media/NFS/ttao/scannet/posed_images/scene0027_02/00161.jpg",
      "transform_matrix": [
        [
          -0.993457,
          0.077979,
          -0.083445,
          4.616609
        ],
        [
          0.108403,
          0.413815,
          -0.903884,
          4.951667
        ],
        [
          -0.035953,
          -0.907015,
          -0.419561,
          1.564766
        ],
        [
          0.0,
          0.0,
          0.0,
          1.0
        ]
      ]
    },
    {
      "file_path": "/media/NFS/ttao/scannet/posed_images/scene0027_02/00163.jpg",
      "transform_matrix": [
        [
          -0.989209,
          0.094442,
          -0.11201,
          4.620545
        ],
        [
          0.141187,
          0.410252,
          -0.900977,
          4.950891
        ],
        [
          -0.039138,
          -0.907069,
          -0.41916,
          1.559204
        ],
        [
          0.0,
          0.0,
          0.0,
          1.0
        ]
      ]
    },
    {
      "file_path": "/media/NFS/ttao/scannet/posed_images/scene0027_02/00167.jpg",
      "transform_matrix": [
        [
          -0.980181,
          0.116926,
          -0.159916,
          4.603745
        ],
        [
          0.194198,
          0.407639,
          -0.892254,
          4.953915
        ],
        [
          -0.039139,
          -0.905626,
          -0.422267,
          1.546182
        ],
        [
          0.0,
          0.0,
          0.0,
          1.0
        ]
      ]
    },
    {
      "file_path": "/media/NFS/ttao/scannet/posed_images/scene0027_02/00170.jpg",
      "transform_matrix": [
        [
          -0.971304,
          0.137276,
          -0.194225,
          4.593404
        ],
        [
          0.234087,
          0.407264,
          -0.882802,
          4.949948
        ],
        [
          -0.042086,
          -0.902935,
          -0.427712,
          1.54621
        ],
        [
          0.0,
          0.0,
          0.0,
          1.0
        ]
      ]
    },
    {
      "file_path": "/media/NFS/ttao/scannet/posed_images/scene0027_02/00172.jpg",
      "transform_matrix": [
        [
          -0.966404,
          0.156806,
          -0.203656,
          4.57712
        ],
        [
          0.251109,
          0.406922,
          -0.878271,
          4.954387
        ],
        [
          -0.054846,
          -0.899904,
          -0.432626,
          1.536665
        ],
        [
          0.0,
          0.0,
          0.0,
          1.0
        ]
      ]
    },
    {
      "file_path": "/media/NFS/ttao/scannet/posed_images/scene0027_02/00175.jpg",
      "transform_matrix": [
        [
          -0.954646,
          0.179166,
          -0.237804,
          4.568502
        ],
        [
          0.291962,
          0.406666,
          -0.865668,
          4.947126
        ],
        [
          -0.058391,
          -0.895836,
          -0.440532,
          1.525971
        ],
        [
          0.0,
          0.0,
          0.0,
          1.0
        ]
      ]
    },
    {
      "file_path": "/media/NFS/ttao/scannet/posed_images/scene0027_02/00179.jpg",
      "transform_matrix": [
        [
          -0.92549,
          0.214644,
          -0.312084,
          4.539805
        ],
        [
          0.373723,
          0.383384,
          -0.844599,
          4.935798
        ],
        [
          -0.06164,
          -0.898301,
          -0.435035,
          1.526689
        ],
        [
          0.0,
          0.0,
          0.0,
          1.0
        ]
      ]
    },
    {
      "file_path": "/media/NFS/ttao/scannet/posed_images/scene0027_02/00180.jpg",
      "transform_matrix": [
        [
          -0.915133,
          0.22234,
          -0.336298,
          4.552934
        ],
        [
          0.398612,
          0.374179,
          -0.837317,
          4.926504
        ],
        [
          -0.060334,
          -0.900308,
          -0.431051,
          1.535785
        ],
        [
          0.0,
          0.0,
          0.0,
          1.0
        ]
      ]
    },
    {
      "file_path": "/media/NFS/ttao/scannet/posed_images/scene0027_02/00184.jpg",
      "transform_matrix": [
        [
          -0.891852,
          0.225548,
          -0.392083,
          4.532051
        ],
        [
          0.448772,
          0.332735,
          -0.829392,
          4.93155
        ],
        [
          -0.056608,
          -0.91565,
          -0.39797,
          1.5141
        ],
        [
          0.0,
          0.0,
          0.0,
          1.0
        ]
      ]
    },
    {
      "file_path": "/media/NFS/ttao/scannet/posed_images/scene0027_02/00186.jpg",
      "transform_matrix": [
        [
          -0.878096,
          0.226435,
          -0.421514,
          4.526154
        ],
        [
          0.476107,
          0.325781,
          -0.816816,
          4.917893
        ],
        [
          -0.047634,
          -0.917929,
          -0.393875,
          1.509491
        ],
        [
          0.0,
          0.0,
          0.0,
          1.0
        ]
      ]
    },
    {
      "file_path": "/media/NFS/ttao/scannet/posed_images/scene0027_02/00188.jpg",
      "transform_matrix": [
        [
          -0.861285,
          0.237817,
          -0.449034,
          4.518175
        ],
        [
          0.505997,
          0.320676,
          -0.800708,
          4.900383
        ],
        [
          -0.046428,
          -0.916848,
          -0.396528,
          1.511032
        ],
        [
          0.0,
          0.0,
          0.0,
          1.0
        ]
      ]
    },
    {
      "file_path": "/media/NFS/ttao/scannet/posed_images/scene0027_02/00193.jpg",
      "transform_matrix": [
        [
          -0.821173,
          0.273154,
          -0.50106,
          4.475286
        ],
        [
          0.567674,
          0.301001,
          -0.766254,
          4.859007
        ],
        [
          -0.058486,
          -0.913666,
          -0.402236,
          1.497725
        ],
        [
          0.0,
          0.0,
          0.0,
          1.0
        ]
      ]
    },
    {
      "file_path": "/media/NFS/ttao/scannet/posed_images/scene0027_02/00194.jpg",
      "transform_matrix": [
        [
          -0.814036,
          0.277784,
          -0.51008,
          4.464858
        ],
        [
          0.577873,
          0.299089,
          -0.759347,
          4.845094
        ],
        [
          -0.058375,
          -0.912898,
          -0.403993,
          1.495657
        ],
        [
          0.0,
          0.0,
          0.0,
          1.0
        ]
      ]
    },
    {
      "file_path": "/media/NFS/ttao/scannet/posed_images/scene0027_02/00198.jpg",
      "transform_matrix": [
        [
          -0.784219,
          0.289422,
          -0.54885,
          4.421815
        ],
        [
          0.61796,
          0.284597,
          -0.732891,
          4.789773
        ],
        [
          -0.055914,
          -0.913914,
          -0.402038,
          1.500779
        ],
        [
          0.0,
          0.0,
          0.0,
          1.0
        ]
      ]
    },
    {
      "file_path": "/media/NFS/ttao/scannet/posed_images/scene0027_02/00200.jpg",
      "transform_matrix": [
        [
          -0.77096,
          0.290646,
          -0.566697,
          4.395873
        ],
        [
          0.634562,
          0.274653,
          -0.722424,
          4.760484
        ],
        [
          -0.054325,
          -0.916565,
          -0.396179,
          1.507995
        ],
        [
          0.0,
          0.0,
          0.0,
          1.0
        ]
      ]
    },
    {
      "file_path": "/media/NFS/ttao/scannet/posed_images/scene0027_02/00204.jpg",
      "transform_matrix": [
        [
          -0.753661,
          0.28639,
          -0.591588,
          4.368451
        ],
        [
          0.656181,
          0.276219,
          -0.702232,
          4.714993
        ],
        [
          -0.037705,
          -0.917434,
          -0.396099,
          1.506047
        ],
        [
          0.0,
          0.0,
          0.0,
          1.0
        ]
      ]
    },
    {
      "file_path": "/media/NFS/ttao/scannet/posed_images/scene0027_02/00207.jpg",
      "transform_matrix": [
        [
          -0.745399,
          0.283085,
          -0.603526,
          4.354794
        ],
        [
          0.665984,
          0.276725,
          -0.692741,
          4.686684
        ],
        [
          -0.029094,
          -0.918306,
          -0.3948,
          1.5056
        ],
        [
          0.0,
          0.0,
          0.0,
          1.0
        ]
      ]
    },
    {
      "file_path": "/media/NFS/ttao/scannet/posed_images/scene0027_02/00208.jpg",
      "transform_matrix": [
        [
          -0.740417,
          0.283819,
          -0.609286,
          4.352797
        ],
        [
          0.671635,
          0.276985,
          -0.687158,
          4.672976
        ],
        [
          -0.026265,
          -0.918001,
          -0.395707,
          1.499892
        ],
        [
          0.0,
          0.0,
          0.0,
          1.0
        ]
      ]
    },
    {
      "file_path": "/media/NFS/ttao/scannet/posed_images/scene0027_02/00212.jpg",
      "transform_matrix": [
        [
          -0.721859,
          0.291758,
          -0.627533,
          4.331354
        ],
        [
          0.691851,
          0.283027,
          -0.664258,
          4.607618
        ],
        [
          -0.016193,
          -0.913659,
          -0.406158,
          1.506604
        ],
        [
          0.0,
          0.0,
          0.0,
          1.0
        ]
      ]
    },
    {
      "file_path": "/media/NFS/ttao/scannet/posed_images/scene0027_02/00214.jpg",
      "transform_matrix": [
        [
          -0.715269,
          0.289419,
          -0.636103,
          4.328159
        ],
        [
          0.698814,
          0.287054,
          -0.655178,
          4.580719
        ],
        [
