{
  "frames": [
    {
      "file_path": "/media/NFS/ttao/scannet/posed_images/scene0426_00/00000.jpg",
      "transform_matrix": [
        [
          0.784808,
          0.196345,
          -0.587814,
          1.720809
        ],
        [
          0.61969,
          -0.236675,
          0.748311,
          1.545884
        ],
        [
          0.007806,
          -0.951543,
          -0.307417,
          1.462747
        ],
        [
          0.0,
          0.0,
          0.0,
          1.0
        ]
      ]
    },
    {
      "file_path": "/media/NFS/ttao/scannet/posed_images/scene0426_00/00007.jpg",
      "transform_matrix": [
        [
          0.78369,
          0.198725,
          -0.588505,
          1.72228
        ],
        [
          0.621087,
          -0.236935,
          0.74707,
          1.545655
        ],
        [
          0.009024,
          -0.950984,
          -0.30911,
          1.462031
        ],
        [
          0.0,
          0.0,
          0.0,
          1.0
        ]
      ]
    },
    {
      "file_path": "/media/NFS/ttao/scannet/posed_images/scene0426_00/00014.jpg",
      "transform_matrix": [
        [
          0.784357,
          0.202515,
          -0.58632,
          1.7284
        ],
        [
          0.620166,
          -0.235685,
          0.748229,
          1.548341
        ],
        [
          0.01334,
          -0.950495,
          -0.310454,
          1.45478
        ],
        [
          0.0,
          0.0,
          0.0,
          1.0
        ]
      ]
    },
    {
      "file_path": "/media/NFS/ttao/scannet/posed_images/scene0426_00/00023.jpg",
      "transform_matrix": [
        [
          0.785397,
          0.265314,
          -0.55925,
          1.720259
        ],
        [
          0.61895,
          -0.325989,
          0.714585,
          1.567706
        ],
        [
          0.00728,
          -0.907381,
          -0.420246,
          1.388307
        ],
        [
          0.0,
          0.0,
          0.0,
          1.0
        ]
      ]
    },
    {
      "file_path": "/media/NFS/ttao/scannet/posed_images/scene0426_00/00035.jpg",
      "transform_matrix": [
        [
          0.788949,
          0.354993,
          -0.501536,
          1.703134
        ],
        [
          0.614458,
          -0.455229,
          0.644366,
          1.587369
        ],
        [
          0.000431,
          -0.816545,
          -0.577281,
          1.300299
        ],
        [
          0.0,
          0.0,
          0.0,
          1.0
        ]
      ]
    },
    {
      "file_path": "/media/NFS/ttao/scannet/posed_images/scene0426_00/00037.jpg",
      "transform_matrix": [
        [
          0.788455,
          0.346958,
          -0.507896,
          1.705102
        ],
        [
          0.615063,
          -0.452781,
          0.645513,
          1.590925
        ],
        [
          -0.005999,
          -0.821346,
          -0.570399,
          1.306092
        ],
        [
          0.0,
          0.0,
          0.0,
          1.0
        ]
      ]
    },
    {
      "file_path": "/media/NFS/ttao/scannet/posed_images/scene0426_00/00046.jpg",
      "transform_matrix": [
        [
          0.806145,
          0.286474,
          -0.517749,
          1.714716
        ],
        [
          0.591469,
          -0.415535,
          0.69101,
          1.601997
        ],
        [
          -0.017186,
          -0.863286,
          -0.504422,
          1.347722
        ],
        [
          0.0,
          0.0,
          0.0,
          1.0
        ]
      ]
    },
    {
      "file_path": "/media/NFS/ttao/scannet/posed_images/scene0426_00/00058.jpg",
      "transform_matrix": [
        [
          0.82835,
          0.199112,
          -0.523632,
          1.723296
        ],
        [
          0.56004,
          -0.317443,
          0.765235,
          1.600416
        ],
        [
          -0.013856,
          -0.927138,
          -0.374465,
          1.417778
        ],
        [
          0.0,
          0.0,
          0.0,
          1.0
        ]
      ]
    },
    {
      "file_path": "/media/NFS/ttao/scannet/posed_images/scene0426_00/00062.jpg",
      "transform_matrix": [
        [
          0.836122,
          0.17771,
          -0.51896,
          1.729058
        ],
        [
          0.548485,
          -0.284801,
          0.786164,
          1.600985
        ],
        [
          -0.008091,
          -0.94197,
          -0.335599,
          1.440373
        ],
        [
          0.0,
          0.0,
          0.0,
          1.0
        ]
      ]
    },
    {
      "file_path": "/media/NFS/ttao/scannet/posed_images/scene0426_00/00074.jpg",
      "transform_matrix": [
        [
          0.86105,
          0.13478,
          -0.490334,
          1.740873
        ],
        [
          0.508503,
          -0.220192,
          0.83243,
          1.601187
        ],
        [
          0.004227,
          -0.966101,
          -0.258132,
          1.479675
        ],
        [
          0.0,
          0.0,
          0.0,
          1.0
        ]
      ]
    },
    {
      "file_path": "/media/NFS/ttao/scannet/posed_images/scene0426_00/00076.jpg",
      "transform_matrix": [
        [
          0.866555,
          0.13275,
          -0.481103,
          1.744004
        ],
        [
          0.499031,
          -0.216654,
          0.839065,
          1.603658
        ],
        [
          0.007153,
          -0.967181,
          -0.253989,
          1.484977
        ],
        [
          0.0,
          0.0,
          0.0,
          1.0
        ]
      ]
    },
    {
      "file_path": "/media/NFS/ttao/scannet/posed_images/scene0426_00/00083.jpg",
      "transform_matrix": [
        [
          0.877949,
          0.12547,
          -0.46202,
          1.749548
        ],
        [
          0.478658,
          -0.210755,
          0.852332,
          1.60492
        ],
        [
          0.009569,
          -0.969453,
          -0.24509,
          1.475006
        ],
        [
          0.0,
          0.0,
          0.0,
          1.0
        ]
      ]
    },
    {
      "file_path": "/media/NFS/ttao/scannet/posed_images/scene0426_00/00090.jpg",
      "transform_matrix": [
        [
          0.892772,
          0.144501,
          -0.426705,
          1.747351
        ],
        [
          0.450472,
          -0.274293,
          0.849611,
          1.619463
        ],
        [
          0.005727,
          -0.950728,
          -0.309975,
          1.441407
        ],
        [
          0.0,
          0.0,
          0.0,
          1.0
        ]
      ]
    },
    {
      "file_path": "/media/NFS/ttao/scannet/posed_images/scene0426_00/00101.jpg",
      "transform_matrix": [
        [
          0.918853,
          0.161875,
          -0.359869,
          1.758853
        ],
        [
          0.394485,
          -0.398852,
          0.827827,
          1.649478
        ],
        [
          -0.00953,
          -0.902615,
          -0.430344,
          1.382111
        ],
        [
          0.0,
          0.0,
          0.0,
          1.0
        ]
      ]
    },
    {
      "file_path": "/media/NFS/ttao/scannet/posed_images/scene0426_00/00110.jpg",
      "transform_matrix": [
        [
          0.938396,
          0.178969,
          -0.295607,
          1.776068
        ],
        [
          0.345492,
          -0.503257,
          0.792066,
          1.670506
        ],
        [
          -0.007011,
          -0.845401,
          -0.534086,
          1.315427
        ],
        [
          0.0,
          0.0,
          0.0,
          1.0
        ]
      ]
    },
    {
      "file_path": "/media/NFS/ttao/scannet/posed_images/scene0426_00/00120.jpg",
      "transform_matrix": [
        [
          0.952659,
          0.173031,
          -0.250003,
          1.796077
        ],
        [
          0.303432,
          -0.593119,
          0.745748,
          1.685642
        ],
        [
          -0.019244,
          -0.786302,
          -0.617543,
          1.258712
        ],
        [
          0.0,
          0.0,
          0.0,
          1.0
        ]
      ]
    },
    {
      "file_path": "/media/NFS/ttao/scannet/posed_images/scene0426_00/00127.jpg",
      "transform_matrix": [
        [
          0.961672,
          0.16405,
          -0.219715,
          1.803602
        ],
        [
          0.273657,
          -0.624765,
          0.731287,
          1.695866
        ],
        [
          -0.017303,
          -0.763385,
          -0.645713,
          1.245936
        ],
        [
          0.0,
          0.0,
          0.0,
          1.0
        ]
      ]
    },
    {
      "file_path": "/media/NFS/ttao/scannet/posed_images/scene0426_00/00131.jpg",
      "transform_matrix": [
        [
          0.965669,
          0.154246,
          -0.209027,
          1.808088
        ],
        [
          0.259404,
          -0.615655,
          0.744095,
          1.704943
        ],
        [
          -0.013914,
          -0.772772,
          -0.634531,
          1.263158
        ],
        [
          0.0,
          0.0,
          0.0,
          1.0
        ]
      ]
    },
    {
      "file_path": "/media/NFS/ttao/scannet/posed_images/scene0426_00/00143.jpg",
      "transform_matrix": [
        [
          0.975922,
          0.113245,
          -0.186421,
          1.84309
        ],
        [
          0.218122,
          -0.50795,
          0.833312,
          1.717149
        ],
        [
          -0.000324,
          -0.85391,
          -0.520421,
          1.331939
        ],
        [
          0.0,
          0.0,
          0.0,
          1.0
        ]
      ]
    },
    {
      "file_path": "/media/NFS/ttao/scannet/posed_images/scene0426_00/00147.jpg",
      "transform_matrix": [
        [
          0.981018,
          0.087265,
          -0.173172,
          1.854553
        ],
        [
          0.193845,
          -0.465595,
          0.863507,
          1.718888
        ],
        [
          -0.005274,
          -0.880685,
          -0.473673,
          1.363917
        ],
        [
          0.0,
          0.0,
          0.0,
          1.0
        ]
      ]
    },
    {
      "file_path": "/media/NFS/ttao/scannet/posed_images/scene0426_00/00156.jpg",
      "transform_matrix": [
        [
          0.985057,
          0.057376,
          -0.162388,
          1.877727
        ],
        [
          0.171876,
          -0.387533,
          0.905691,
          1.722347
        ],
        [
          -0.010966,
          -0.920069,
          -0.391604,
          1.417591
        ],
        [
          0.0,
          0.0,
          0.0,
          1.0
        ]
      ]
    },
    {
      "file_path": "/media/NFS/ttao/scannet/posed_images/scene0426_00/00159.jpg",
      "transform_matrix": [
        [
          0.986994,
          0.044686,
          -0.154423,
          1.88025
        ],
        [
          0.160255,
          -0.349448,
          0.923149,
          1.721004
        ],
        [
          -0.012711,
          -0.93589,
          -0.352064,
          1.444885
        ],
        [
          0.0,
          0.0,
          0.0,
          1.0
        ]
      ]
    },
    {
      "file_path": "/media/NFS/ttao/scannet/posed_images/scene0426_00/00168.jpg",
      "transform_matrix": [
        [
          0.992034,
          0.013421,
          -0.125257,
          1.896767
        ],
        [
          0.12455,
          -0.253602,
          0.959257,
          1.715547
        ],
        [
          -0.018891,
          -0.967216,
          -0.253253,
          1.499684
        ],
        [
          0.0,
          0.0,
          0.0,
          1.0
        ]
      ]
    },
    {
      "file_path": "/media/NFS/ttao/scannet/posed_images/scene0426_00/00175.jpg",
      "transform_matrix": [
        [
          0.996582,
          -0.005033,
          -0.082454,
          1.919632
        ],
        [
          0.079837,
          -0.197641,
          0.977018,
          1.709189
        ],
        [
          -0.021214,
          -0.980262,
          -0.196564,
          1.535039
        ],
        [
          0.0,
          0.0,
          0.0,
          1.0
        ]
      ]
    },
    {
      "file_path": "/media/NFS/ttao/scannet/posed_images/scene0426_00/00189.jpg",
      "transform_matrix": [
        [
          0.999848,
          -0.008238,
          0.015379,
          1.913585
        ],
        [
          -0.015787,
          -0.051952,
          0.998525,
          1.645957
        ],
        [
          -0.007427,
          -0.998616,
          -0.052074,
          1.596944
        ],
        [
          0.0,
          0.0,
          0.0,
          1.0
        ]
      ]
    },
    {
      "file_path": "/media/NFS/ttao/scannet/posed_images/scene0426_00/00191.jpg",
      "transform_matrix": [
        [
          0.999954,
          0.001879,
          0.009381,
          1.910876
        ],
        [
          -0.00927,
          -0.052145,
          0.998596,
          1.638375
        ],
        [
          0.002365,
          -0.998638,
          -0.052126,
          1.601996
        ],
        [
          0.0,
          0.0,
          0.0,
          1.0
        ]
      ]
    },
    {
      "file_path": "/media/NFS/ttao/scannet/posed_images/scene0426_00/00200.jpg",
      "transform_matrix": [
        [
          0.999946,
          -0.009841,
          -0.003448,
          1.944171
        ],
        [
          0.002186,
          -0.125553,
          0.992084,
          1.643967
        ],
        [
          -0.010197,
          -0.992038,
          -0.125524,
          1.544174
        ],
        [
          0.0,
          0.0,
          0.0,
          1.0
        ]
      ]
    },
    {
      "file_path": "/media/NFS/ttao/scannet/posed_images/scene0426_00/00205.jpg",
      "transform_matrix": [
        [
          0.999949,
          -0.01,
          0.001075,
          1.970403
        ],
        [
          -0.003065,
          -0.201209,
          0.979543,
          1.658451
        ],
        [
          -0.009579,
          -0.979497,
          -0.20123,
          1.485882
        ],
        [
          0.0,
          0.0,
          0.0,
          1.0
        ]
      ]
    },
    {
      "file_path": "/media/NFS/ttao/scannet/posed_images/scene0426_00/00219.jpg",
      "transform_matrix": [
        [
          0.999925,
          -0.005847,
          -0.010758,
          2.00554
        ],
        [
          0.006582,
          -0.484197,
          0.874934,
          1.690142
        ],
        [
          -0.010325,
          -0.87494,
          -0.484122,
          1.34665
        ],
        [
          0.0,
          0.0,
          0.0,
          1.0
        ]
      ]
    },
    {
      "file_path": "/media/NFS/ttao/scannet/posed_images/scene0426_00/00221.jpg",
      "transform_matrix": [
        [
          0.999659,
          -0.013955,
          -0.022062,
          2.030177
        ],
        [
          0.011197,
          -0.534238,
          0.84526,
          1.699697
        ],
        [
          -0.023582,
          -0.845219,
          -0.5339,
          1.309632
        ],
        [
          0.0,
          0.0,
          0.0,
          1.0
        ]
      ]
    },
    {
      "file_path": "/media/NFS/ttao/scannet/posed_images/scene0426_00/00235.jpg",
      "transform_matrix": [
        [
          0.997116,
          -0.064988,
          0.039204,
          2.052236
        ],
        [
          -0.074349,
          -0.732587,
          0.6766,
          1.695978
        ],
        [
          -0.015251,
          -0.677563,
          -0.735306,
          1.168283
        ],
        [
          0.0,
          0.0,
          0.0,
          1.0
        ]
      ]
    },
    {
      "file_path": "/media/NFS/ttao/scannet/posed_images/scene0426_00/00237.jpg",
      "transform_matrix": [
        [
          0.996687,
          -0.06947,
          0.042299,
          2.060071
        ],
        [
          -0.079641,
          -0.728014,
          0.68092,
          1.69787
        ],
        [
          -0.016509,
          -0.682033,
          -0.731135,
          1.170777
        ],
        [
          0.0,
          0.0,
          0.0,
          1.0
        ]
      ]
    },
    {
      "file_path": "/media/NFS/ttao/scannet/posed_images/scene0426_00/00244.jpg",
      "transform_matrix": [
        [
          0.993927,
          -0.091826,
          0.060647,
          2.079885
        ],
        [
          -0.107611,
          -0.695722,
          0.710205,
          1.714904
        ],
        [
          -0.023022,
          -0.712418,
          -0.701378,
          1.204233
        ],
        [
          0.0,
          0.0,
          0.0,
          1.0
        ]
      ]
    },
    {
      "file_path": "/media/NFS/ttao/scannet/posed_images/scene0426_00/00258.jpg",
      "transform_matrix": [
        [
          0.955269,
          -0.180838,
          0.234004,
          2.100237
        ],
        [
          -0.295553,
          -0.555875,
          0.77695,
          1.772313
        ],
        [
          -0.010424,
          -0.811357,
          -0.584458,
          1.286377
        ],
        [
          0.0,
          0.0,
          0.0,
          1.0
        ]
      ]
    },
    {
      "file_path": "/media/NFS/ttao/scannet/posed_images/scene0426_00/00260.jpg",
      "transform_matrix": [
        [
          0.949095,
          -0.189058,
          0.251943,
          2.113459
        ],
        [
          -0.314748,
          -0.537882,
          0.782059,
          1.784232
        ],
        [
          -0.012339,
          -0.821548,
          -0.570007,
          1.305295
        ],
        [
          0.0,
          0.0,
          0.0,
          1.0
        ]
      ]
    },
    {
      "file_path": "/media/NFS/ttao/scannet/posed_images/scene0426_00/00267.jpg",
      "transform_matrix": [
        [
          0.90433,
          -0.209983,
          0.37161,
          2.116401
        ],
        [
          -0.426819,
          -0.437704,
          0.791353,
          1.810706
        ],
        [
          -0.003515,
          -0.874255,
          -0.485454,
          1.366052
        ],
        [
          0.0,
          0.0,
          0.0,
          1.0
        ]
      ]
    },
    {
      "file_path": "/media/NFS/ttao/scannet/posed_images/scene0426_00/00281.jpg",
      "transform_matrix": [
        [
          0.823805,
          -0.209144,
          0.526882,
          2.146502
        ],
        [
          -0.566864,
          -0.298536,
          0.767816,
          1.818456
        ],
        [
          -0.00329,
          -0.931201,
          -0.364491,
          1.456303
        ],
        [
          0.0,
          0.0,
          0.0,
          1.0
        ]
      ]
    },
    {
      "file_path": "/media/NFS/ttao/scannet/posed_images/scene0426_00/00283.jpg",
      "transform_matrix": [
        [
          0.814093,
          -0.20667,
          0.542715,
          2.145952
        ],
        [
          -0.580715,
          -0.282111,
          0.763664,
          1.821376
        ],
        [
          -0.004721,
          -0.936857,
          -0.349681,
          1.466327
        ],
        [
          0.0,
          0.0,
          0.0,
          1.0
        ]
      ]
    },
    {
      "file_path": "/media/NFS/ttao/scannet/posed_images/scene0426_00/00292.jpg",
      "transform_matrix": [
        [
          0.789337,
          -0.184645,
          0.585537,
          2.155726
        ],
        [
          -0.613903,
          -0.250382,
          0.74862,
          1.839191
        ],
        [
          0.008379,
          -0.950377,
          -0.31099,
          1.491372
        ],
        [
          0.0,
          0.0,
          0.0,
          1.0
        ]
      ]
    },
    {
      "file_path": "/media/NFS/ttao/scannet/posed_images/scene0426_00/00301.jpg",
      "transform_matrix": [
        [
          0.801347,
          -0.220239,
          0.556181,
          2.211257
        ],
        [
          -0.598199,
          -0.29409,
          0.745432,
          1.869
        ],
        [
          -0.000606,
          -0.930057,
          -0.367415,
          1.457451
        ],
        [
          0.0,
          0.0,
          0.0,
          1.0
        ]
      ]
    },
    {
      "file_path": "/media/NFS/ttao/scannet/posed_images/scene0426_00/00311.jpg",
      "transform_matrix": [
        [
          0.804442,
          -0.288998,
          0.518993,
          2.254683
        ],
        [
          -0.593957,
          -0.405095,
          0.695063,
          1.914889
        ],
        [
          0.009369,
          -0.867397,
          -0.497528,
          1.359119
        ],
        [
          0.0,
          0.0,
          0.0,
          1.0
        ]
      ]
    },
    {
      "file_path": "/media/NFS/ttao/scannet/posed_images/scene0426_00/00318.jpg",
      "transform_matrix": [
        [
          0.788089,
          -0.349028,
          0.507045,
          2.273242
        ],
        [
          -0.615412,
          -0.464902,
          0.636502,
          1.938859
        ],
        [
          0.013569,
          -0.813662,
          -0.58118,
          1.30163
        ],
        [
          0.0,
          0.0,
          0.0,
          1.0
        ]
      ]
    },
    {
      "file_path": "/media/NFS/ttao/scannet/posed_images/scene0426_00/00322.jpg",
      "transform_matrix": [
        [
          0.773944,
          -0.376076,
          0.509488,
          2.263858
        ],
        [
          -0.63324,
          -0.465092,
          0.618625,
          1.951287
        ],
        [
          0.004309,
          -0.801409,
          -0.598101,
          1.259804
        ],
        [
          0.0,
          0.0,
          0.0,
          1.0
        ]
      ]
    },
    {
      "file_path": "/media/NFS/ttao/scannet/posed_images/scene0426_00/00334.jpg",
      "transform_matrix": [
        [
          0.713861,
          -0.483377,
          0.506705,
          2.230597
        ],
        [
          -0.700141,
          -0.507416,
          0.502325,
          2.01257
        ],
        [
          0.014298,
          -0.713355,
          -0.700657,
          1.171858
        ],
        [
          0.0,
          0.0,
          0.0,
          1.0
        ]
      ]
    },
    {
      "file_path": "/media/NFS/ttao/scannet/posed_images/scene0426_00/00336.jpg",
      "transform_matrix": [
        [
          0.698716,
          -0.50678,
          0.504946,
          2.229388
        ],
        [
          -0.715205,
          -0.511268,
          0.476537,
          2.02211
        ],
        [
          0.016663,
          -0.694104,
          -0.719682,
          1.162922
        ],
        [
          0.0,
          0.0,
          0.0,
          1.0
        ]
      ]
    },
    {
      "file_path": "/media/NFS/ttao/scannet/posed_images/scene0426_00/00343.jpg",
      "transform_matrix": [
        [
          0.649208,
          -0.563316,
          0.511082,
          2.24196
        ],
        [
          -0.76035,
          -0.498261,
          0.416659,
          2.052538
        ],
        [
          0.019942,
          -0.659099,
          -0.751792,
          1.171919
        ],
        [
          0.0,
          0.0,
          0.0,
          1.0
        ]
      ]
    },
    {
      "file_path": "/media/NFS/ttao/scannet/posed_images/scene0426_00/00352.jpg",
      "transform_matrix": [
        [
          0.614594,
          -0.545535,
          0.569794,
          2.288387
        ],
        [
          -0.788254,
          -0.452637,
          0.416864,
          2.054366
        ],
        [
          0.030496,
          -0.705345,
          -0.708209,
          1.223363
        ],
        [
          0.0,
          0.0,
          0.0,
          1.0
        ]
      ]
    },
    {
      "file_path": "/media/NFS/ttao/scannet/posed_images/scene0426_00/00364.jpg",
      "transform_matrix": [
        [
          0.537642,
          -0.506819,
          0.673851,
          2.357924
        ],
        [
          -0.843094,
          -0.334094,
          0.421395,
          2.037119
        ],
        [
          0.011558,
          -0.79468,
          -0.606919,
          1.304941
        ],
        [
          0.0,
          0.0,
          0.0,
          1.0
        ]
      ]
    },
    {
      "file_path": "/media/NFS/ttao/scannet/posed_images/scene0426_00/00366.jpg",
      "transform_matrix": [
        [
          0.515155,
          -0.502354,
          0.694446,
          2.365512
        ],
        [
          -0.85701,
          -0.31342,
          0.409025,
          2.036724
        ],
        [
          0.012178,
          -0.805859,
          -0.591983,
          1.316296
        ],
        [
          0.0,
          0.0,
          0.0,
          1.0
        ]
      ]
    },
    {
      "file_path": "/media/NFS/ttao/scannet/posed_images/scene0426_00/00375.jpg",
      "transform_matrix": [
        [
          0.385583,
          -0.461938,
          0.798711,
          2.389482
        ],
        [
          -0.922111,
          -0.223124,
          0.316112,
          2.033972
        ],
        [
          0.032187,
          -0.858388,
          -0.511991,
          1.362386
        ],
        [
          0.0,
          0.0,
          0.0,
          1.0
        ]
      ]
    },
    {
      "file_path": "/media/NFS/ttao/scannet/posed_images/scene0426_00/00387.jpg",
      "transform_matrix": [
        [
          0.246276,
          -0.385969,
          0.889031,
          2.417477
        ],
        [
          -0.96904,
          -0.114737,
          0.218627,
          2.018095
        ],
        [
          0.017622,
          -0.915349,
          -0.402276,
          1.464015
        ],
        [
          0.0,
          0.0,
          0.0,
          1.0
        ]
      ]
    },
    {
      "file_path": "/media/NFS/ttao/scannet/posed_images/scene0426_00/00396.jpg",
      "transform_matrix": [
        [
          0.186794,
          -0.313453,
          0.93105,
          2.421935
        ],
        [
          -0.981908,
          -0.089511,
          0.166862,
          2.017737
        ],
        [
          0.031036,
          -0.945376,
          -0.324503,
          1.525607
        ],
        [
          0.0,
          0.0,
          0.0,
          1.0
        ]
      ]
    },
    {
      "file_path": "/media/NFS/ttao/scannet/posed_images/scene0426_00/00400.jpg",
      "transform_matrix": [
        [
          0.174026,
          -0.288795,
          0.941442,
          2.423809
        ],
        [
          -0.9843,
          -0.079638,
          0.157519,
          2.014467
        ],
        [
          0.029484,
          -0.954073,
          -0.29812,
          1.561444
        ],
        [
          0.0,
          0.0,
          0.0,
          1.0
        ]
      ]
    },
    {
      "file_path": "/media/NFS/ttao/scannet/posed_images/scene0426_00/00407.jpg",
      "transform_matrix": [
        [
          0.154323,
          -0.257937,
          0.953757,
          2.432017
        ],
        [
          -0.987356,
          -0.075655,
          0.139299,
          2.024801
        ],
        [
          0.036226,
          -0.963195,
          -0.266351,
          1.616333
        ],
        [
          0.0,
          0.0,
          0.0,
          1.0
        ]
      ]
    },
    {
      "file_path": "/media/NFS/ttao/scannet/posed_images/scene0426_00/00414.jpg",
      "transform_matrix": [
        [
          0.161325,
          -0.234527,
          0.95863,
          2.435575
        ],
        [
          -0.986332,
          -0.071303,
          0.148543,
          2.011474
        ],
        [
          0.033515,
          -0.969491,
          -0.242824,
          1.64582
        ],
        [
          0.0,
          0.0,
          0.0,
          1.0
        ]
      ]
    },
    {
      "file_path": "/media/NFS/ttao/scannet/posed_images/scene0426_00/00426.jpg",
      "transform_matrix": [
        [
          0.183472,
          -0.329759,
          0.926065,
          2.44334
        ],
        [
          -0.982682,
          -0.086389,
          0.163927,
          1.992895
        ],
        [
          0.025945,
          -0.940104,
          -0.339898,
          1.545859
        ],
        [
          0.0,
          0.0,
          0.0,
          1.0
        ]
      ]
    },
    {
      "file_path": "/media/NFS/ttao/scannet/posed_images/scene0426_00/00430.jpg",
      "transform_matrix": [
        [
          0.188109,
          -0.385214,
          0.903452,
          2.449646
        ],
        [
          -0.981015,
          -0.117874,
          0.154,
          2.021054
        ],
        [
          0.04717,
          -0.915268,
          -0.400074,
          1.49778
        ],
        [
          0.0,
          0.0,
          0.0,
          1.0
        ]
      ]
    },
    {
      "file_path": "/media/NFS/ttao/scannet/posed_images/scene0426_00/00439.jpg",
      "transform_matrix": [
        [
          0.229667,
          -0.507444,
          0.830514,
          2.455376
        ],
        [
          -0.973064,
          -0.137237,
          0.185235,
          2.009161
        ],
        [
          0.019981,
          -0.850686,
          -0.525294,
          1.391877
        ],
        [
          0.0,
          0.0,
          0.0,
          1.0
        ]
      ]
    },
    {
      "file_path": "/media/NFS/ttao/scannet/posed_images/scene0426_00/00449.jpg",
      "transform_matrix": [
        [
          0.217974,
          -0.626268,
          0.748515,
          2.45906
        ],
        [
          -0.975767,
          -0.154861,
          0.154583,
          2.007146
        ],
        [
          0.019106,
          -0.764072,
          -0.644848,
          1.286245
        ],
        [
          0.0,
          0.0,
          0.0,
          1.0
        ]
      ]
    },
    {
      "file_path": "/media/NFS/ttao/scannet/posed_images/scene0426_00/00451.jpg",
      "transform_matrix": [
        [
          0.215,
          -0.656978,
          0.722603,
          2.456872
        ],
        [
          -0.976222,
          -0.165542,
          0.139953,
          2.004455
        ],
        [
          0.027675,
          -0.735511,
          -0.676948,
          1.250652
        ],
        [
          0.0,
          0.0,
          0.0,
          1.0
        ]
      ]
    },
    {
      "file_path": "/media/NFS/ttao/scannet/posed_images/scene0426_00/00465.jpg",
      "transform_matrix": [
        [
          0.214444,
          -0.803351,
          0.555554,
          2.441364
        ],
        [
          -0.976535,
          -0.187879,
          0.105264,
          1.988639
        ],
        [
          0.019813,
          -0.565092,
          -0.82479,
          1.128793
        ],
        [
          0.0,
          0.0,
          0.0,
          1.0
        ]
      ]
    },
    {
      "file_path": "/media/NFS/ttao/scannet/posed_images/scene0426_00/00472.jpg",
      "transform_matrix": [
        [
          0.195865,
          -0.828517,
          0.524592,
          2.4386
        ],
        [
          -0.980614,
          -0.168575,
          0.099889,
          1.985186
        ],
        [
          0.005674,
          -0.533987,
          -0.845474,
          1.112752
        ],
        [
          0.0,
          0.0,
          0.0,
          1.0
        ]
      ]
    },
    {
      "file_path": "/media/NFS/ttao/scannet/posed_images/scene0426_00/00474.jpg",
      "transform_matrix": [
        [
          0.191496,
          -0.831252,
          0.52187,
          2.437207
        ],
        [
          -0.981488,
          -0.163888,
          0.099104,
          1.983613
        ],
        [
          0.003148,
          -0.531188,
          -0.847248,
          1.108887
        ],
        [
          0.0,
          0.0,
          0.0,
          1.0
        ]
      ]
    },
    {
      "file_path": "/media/NFS/ttao/scannet/posed_images/scene0426_00/00486.jpg",
      "transform_matrix": [
        [
          0.151119,
          -0.809993,
          0.566634,
          2.444822
        ],
        [
          -0.988511,
          -0.125592,
          0.0841,
          1.964002
        ],
        [
          0.003044,
          -0.572833,
          -0.819667,
          1.136519
        ],
        [
          0.0,
          0.0,
          0.0,
          1.0
        ]
      ]
    },
    {
      "file_path": "/media/NFS/ttao/scannet/posed_images/scene0426_00/00490.jpg",
      "transform_matrix": [
        [
          0.124443,
          -0.778681,
          0.614955,
          2.454853
        ],
        [
          -0.992218,
          -0.100174,
          0.073942,
          1.946937
        ],
        [
          0.004026,
          -0.619372,
          -0.785088,
          1.16607
        ],
        [
          0.0,
          0.0,
          0.0,
          1.0
        ]
      ]
    },
    {
      "file_path": "/media/NFS/ttao/scannet/posed_images/scene0426_00/00502.jpg",
      "transform_matrix": [
        [
          0.056995,
          -0.689731,
          0.721819,
          2.465578
        ],
        [
          -0.998324,
          -0.046651,
          0.034251,
          1.896777
        ],
        [
          0.010049,
          -0.722561,
          -0.691234,
          1.233184
        ],
        [
          0.0,
          0.0,
          0.0,
          1.0
        ]
      ]
    },
    {
      "file_path": "/media/NFS/ttao/scannet/posed_images/scene0426_00/00504.jpg",
      "transform_matrix": [
        [
          0.042634,
          -0.672818,
          0.738578,
          2.470593
        ],
        [
          -0.999032,
          -0.036702,
          0.024234,
          1.889782
        ],
        [
          0.010802,
          -0.738897,
          -0.673732,
          1.247695
        ],
        [
          0.0,
          0.0,
          0.0,
          1.0
        ]
      ]
    },
    {
      "file_path": "/media/NFS/ttao/scannet/posed_images/scene0426_00/00513.jpg",
      "transform_matrix": [
        [
          -0.043082,
          -0.54084,
          0.840021,
          2.493502
        ],
        [
          -0.999056,
          0.018731,
          -0.039179,
          1.840819
        ],
        [
          0.005455,
          -0.840917,
          -0.541137,
          1.344074
        ],
        [
          0.0,
          0.0,
          0.0,
          1.0
        ]
      ]
    },
    {
      "file_path": "/media/NFS/ttao/scannet/posed_images/scene0426_00/00525.jpg",
      "transform_matrix": [
        [
          -0.130571,
          -0.354903,
          0.92574,
          2.494232
        ],
        [
          -0.991028,
          0.019836,
          -0.132175,
          1.809584
        ],
        [
          0.028547,
          -0.934693,
          -0.354309,
          1.467355
        ],
        [
          0.0,
          0.0,
          0.0,
          1.0
        ]
      ]
    },
    {
      "file_path": "/media/NFS/ttao/scannet/posed_images/scene0426_00/00534.jpg",
      "transform_matrix": [
        [
          -0.170566,
          -0.279301,
          0.944933,
          2.488839
        ],
        [
          -0.984874,
          0.018653,
          -0.172262,
          1.790411
        ],
        [
          0.030488,
          -0.960022,
          -0.278258,
          1.520415
        ],
        [
          0.0,
          0.0,
          0.0,
          1.0
        ]
      ]
    },
    {
      "file_path": "/media/NFS/ttao/scannet/posed_images/scene0426_00/00536.jpg",
      "transform_matrix": [
        [
          -0.178314,
          -0.263082,
          0.948152,
          2.488005
        ],
        [
          -0.983428,
          0.015558,
          -0.180632,
          1.785987
        ],
        [
          0.032769,
          -0.964648,
          -0.261496,
          1.531141
        ],
        [
          0.0,
          0.0,
          0.0,
          1.0
        ]
      ]
    },
    {
      "file_path": "/media/NFS/ttao/scannet/posed_images/scene0426_00/00543.jpg",
      "transform_matrix": [
        [
          -0.195363,
          -0.216391,
          0.956561,
          2.483873
        ],
        [
          -0.980084,
          0.007645,
          -0.198438,
          1.774953
        ],
        [
          0.035628,
          -0.976277,
          -0.213574,
          1.55637
        ],
        [
          0.0,
          0.0,
          0.0,
          1.0
        ]
      ]
    },
    {
      "file_path": "/media/NFS/ttao/scannet/posed_images/scene0426_00/00555.jpg",
      "transform_matrix": [
        [
          -0.201302,
          -0.361022,
          0.910571,
          2.495861
        ],
        [
          -0.979348,
          0.056303,
          -0.194183,
          1.752131
        ],
        [
          0.018837,
          -0.930856,
          -0.3649,
          1.453584
        ],
        [
          0.0,
          0.0,
          0.0,
          1.0
        ]
      ]
    },
    {
      "file_path": "/media/NFS/ttao/scannet/posed_images/scene0426_00/00559.jpg",
      "transform_matrix": [
        [
          -0.202921,
          -0.434539,
          0.877496,
          2.495832
        ],
        [
          -0.978903,
          0.068127,
          -0.192635,
          1.746924
        ],
        [
          0.023926,
          -0.898073,
          -0.439196,
          1.405296
        ],
        [
          0.0,
          0.0,
          0.0,
          1.0
        ]
      ]
    },
    {
      "file_path": "/media/NFS/ttao/scannet/posed_images/scene0426_00/00571.jpg",
      "transform_matrix": [
        [
          -0.218639,
          -0.557709,
          0.800723,
          2.48488
        ],
        [
          -0.975767,
          0.117618,
          -0.184513,
          1.747159
        ],
        [
          0.008726,
          -0.821661,
          -0.56991,
          1.32472
        ],
        [
          0.0,
          0.0,
          0.0,
          1.0
        ]
      ]
    },
    {
      "file_path": "/media/NFS/ttao/scannet/posed_images/scene0426_00/00573.jpg",
      "transform_matrix": [
        [
          -0.226182,
          -0.581866,
          0.7812,
          2.483065
        ],
        [
          -0.974014,
          0.125389,
          -0.188613,
          1.748492
        ],
        [
          0.011793,
          -0.803561,
          -0.595106,
          1.309308
        ],
        [
          0.0,
          0.0,
          0.0,
          1.0
        ]
      ]
    },
    {
      "file_path": "/media/NFS/ttao/scannet/posed_images/scene0426_00/00587.jpg",
      "transform_matrix": [
        [
          -0.26672,
          -0.683578,
          0.679398,
          2.476578
        ],
        [
          -0.96371,
          0.19727,
          -0.179852,
          1.73582
        ],
        [
          -0.011082,
          -0.702714,
          -0.711387,
          1.213387
        ],
        [
          0.0,
          0.0,
          0.0,
          1.0
        ]
      ]
    },
    {
      "file_path": "/media/NFS/ttao/scannet/posed_images/scene0426_00/00594.jpg",
      "transform_matrix": [
        [
          -0.239706,
          -0.715939,
          0.655723,
          2.4922
        ],
        [
          -0.970651,
          0.190244,
          -0.147117,
          1.711858
        ],
        [
          -0.019421,
          -0.671743,
          -0.74053,
          1.190752
        ],
