{
  "frames": [
    {
      "file_path": "/media/NFS/ttao/scannet/posed_images/scene0012_02/00000.jpg",
      "transform_matrix": [
        [
          0.99881,
          -0.034707,
          0.034271,
          1.946105
        ],
        [
          -0.04448,
          -0.359828,
          0.931958,
          0.787213
        ],
        [
          -0.020014,
          -0.932373,
          -0.360944,
          1.398512
        ],
        [
          0.0,
          0.0,
          0.0,
          1.0
        ]
      ]
    },
    {
      "file_path": "/media/NFS/ttao/scannet/posed_images/scene0012_02/00022.jpg",
      "transform_matrix": [
        [
          0.999219,
          0.020447,
          -0.033817,
          1.947125
        ],
        [
          0.038301,
          -0.290405,
          0.956137,
          0.785972
        ],
        [
          0.00973,
          -0.956685,
          -0.290962,
          1.478971
        ],
        [
          0.0,
          0.0,
          0.0,
          1.0
        ]
      ]
    },
    {
      "file_path": "/media/NFS/ttao/scannet/posed_images/scene0012_02/00036.jpg",
      "transform_matrix": [
        [
          0.999069,
          0.022447,
          -0.036832,
          1.964184
        ],
        [
          0.040818,
          -0.216009,
          0.975538,
          0.78825
        ],
        [
          0.013942,
          -0.976133,
          -0.216724,
          1.501124
        ],
        [
          0.0,
          0.0,
          0.0,
          1.0
        ]
      ]
    },
    {
      "file_path": "/media/NFS/ttao/scannet/posed_images/scene0012_02/00045.jpg",
      "transform_matrix": [
        [
          0.999316,
          0.030951,
          -0.020262,
          1.978457
        ],
        [
          0.026786,
          -0.227628,
          0.973379,
          0.789628
        ],
        [
          0.025515,
          -0.973256,
          -0.228302,
          1.481997
        ],
        [
          0.0,
          0.0,
          0.0,
          1.0
        ]
      ]
    },
    {
      "file_path": "/media/NFS/ttao/scannet/posed_images/scene0012_02/00058.jpg",
      "transform_matrix": [
        [
          0.998942,
          0.025802,
          0.038077,
          1.97656
        ],
        [
          -0.031478,
          -0.220101,
          0.974969,
          0.788968
        ],
        [
          0.033537,
          -0.975136,
          -0.219056,
          1.493569
        ],
        [
          0.0,
          0.0,
          0.0,
          1.0
        ]
      ]
    },
    {
      "file_path": "/media/NFS/ttao/scannet/posed_images/scene0012_02/00081.jpg",
      "transform_matrix": [
        [
          0.983426,
          -0.001361,
          0.181304,
          1.988329
        ],
        [
          -0.177685,
          -0.206174,
          0.962248,
          0.800568
        ],
        [
          0.03607,
          -0.978515,
          -0.202999,
          1.483403
        ],
        [
          0.0,
          0.0,
          0.0,
          1.0
        ]
      ]
    },
    {
      "file_path": "/media/NFS/ttao/scannet/posed_images/scene0012_02/00099.jpg",
      "transform_matrix": [
        [
          0.960766,
          -0.039072,
          0.274595,
          1.932926
        ],
        [
          -0.275333,
          -0.253857,
          0.927226,
          0.853108
        ],
        [
          0.033479,
          -0.966452,
          -0.254654,
          1.471028
        ],
        [
          0.0,
          0.0,
          0.0,
          1.0
        ]
      ]
    },
    {
      "file_path": "/media/NFS/ttao/scannet/posed_images/scene0012_02/00103.jpg",
      "transform_matrix": [
        [
          0.959218,
          -0.05606,
          0.277053,
          1.910008
        ],
        [
          -0.281465,
          -0.27975,
          0.917887,
          0.889045
        ],
        [
          0.026049,
          -0.958435,
          -0.28412,
          1.489129
        ],
        [
          0.0,
          0.0,
          0.0,
          1.0
        ]
      ]
    },
    {
      "file_path": "/media/NFS/ttao/scannet/posed_images/scene0012_02/00121.jpg",
      "transform_matrix": [
        [
          0.9449,
          -0.086476,
          0.315731,
          1.833422
        ],
        [
          -0.325517,
          -0.350375,
          0.878223,
          0.896696
        ],
        [
          0.034679,
          -0.932609,
          -0.359219,
          1.469609
        ],
        [
          0.0,
          0.0,
          0.0,
          1.0
        ]
      ]
    },
    {
      "file_path": "/media/NFS/ttao/scannet/posed_images/scene0012_02/00144.jpg",
      "transform_matrix": [
        [
          0.934359,
          -0.176735,
          0.309417,
          1.733311
        ],
        [
          -0.35602,
          -0.49944,
          0.789816,
          0.847823
        ],
        [
          0.014947,
          -0.84813,
          -0.529578,
          1.402511
        ],
        [
          0.0,
          0.0,
          0.0,
          1.0
        ]
      ]
    },
    {
      "file_path": "/media/NFS/ttao/scannet/posed_images/scene0012_02/00148.jpg",
      "transform_matrix": [
        [
          0.932765,
          -0.18611,
          0.308727,
          1.744079
        ],
        [
          -0.360117,
          -0.51973,
          0.774723,
          0.836171
        ],
        [
          0.016272,
          -0.833813,
          -0.551808,
          1.387871
        ],
        [
          0.0,
          0.0,
          0.0,
          1.0
        ]
      ]
    },
    {
      "file_path": "/media/NFS/ttao/scannet/posed_images/scene0012_02/00171.jpg",
      "transform_matrix": [
        [
          0.882425,
          -0.279892,
          0.378136,
          1.815718
        ],
        [
          -0.468212,
          -0.600863,
          0.647875,
          0.817691
        ],
        [
          0.045873,
          -0.748749,
          -0.661265,
          1.355596
        ],
        [
          0.0,
          0.0,
          0.0,
          1.0
        ]
      ]
    },
    {
      "file_path": "/media/NFS/ttao/scannet/posed_images/scene0012_02/00180.jpg",
      "transform_matrix": [
        [
          0.859313,
          -0.301957,
          0.412799,
          1.829562
        ],
        [
          -0.506729,
          -0.612064,
          0.607127,
          0.822287
        ],
        [
          0.069333,
          -0.730889,
          -0.678965,
          1.354328
        ],
        [
          0.0,
          0.0,
          0.0,
          1.0
        ]
      ]
    },
    {
      "file_path": "/media/NFS/ttao/scannet/posed_images/scene0012_02/00202.jpg",
      "transform_matrix": [
        [
          0.885958,
          -0.234966,
          0.399836,
          1.847686
        ],
        [
          -0.461102,
          -0.538546,
          0.705232,
          0.817563
        ],
        [
          0.049625,
          -0.809172,
          -0.585473,
          1.389324
        ],
        [
          0.0,
          0.0,
          0.0,
          1.0
        ]
      ]
    },
    {
      "file_path": "/media/NFS/ttao/scannet/posed_images/scene0012_02/00207.jpg",
      "transform_matrix": [
        [
          0.883484,
          -0.221656,
          0.412705,
          1.860999
        ],
        [
          -0.466037,
          -0.505384,
          0.726221,
          0.81495
        ],
        [
          0.047603,
          -0.83394,
          -0.549799,
          1.409901
        ],
        [
          0.0,
          0.0,
          0.0,
          1.0
        ]
      ]
    },
    {
      "file_path": "/media/NFS/ttao/scannet/posed_images/scene0012_02/00225.jpg",
      "transform_matrix": [
        [
          0.862128,
          -0.136401,
          0.487985,
          1.895697
        ],
        [
          -0.504872,
          -0.312773,
          0.804535,
          0.795166
        ],
        [
          0.04289,
          -0.939983,
          -0.338516,
          1.48533
        ],
        [
          0.0,
          0.0,
          0.0,
          1.0
        ]
      ]
    },
    {
      "file_path": "/media/NFS/ttao/scannet/posed_images/scene0012_02/00238.jpg",
      "transform_matrix": [
        [
          0.86167,
          -0.077907,
          0.501454,
          1.892581
        ],
        [
          -0.50618,
          -0.202349,
          0.838353,
          0.768321
        ],
        [
          0.036155,
          -0.97621,
          -0.213794,
          1.526508
        ],
        [
          0.0,
          0.0,
          0.0,
          1.0
        ]
      ]
    },
    {
      "file_path": "/media/NFS/ttao/scannet/posed_images/scene0012_02/00256.jpg",
      "transform_matrix": [
        [
          0.963404,
          -0.077904,
          0.256482,
          1.942307
        ],
        [
          -0.266969,
          -0.192914,
          0.944199,
          0.724201
        ],
        [
          -0.024078,
          -0.978118,
          -0.206653,
          1.524658
        ],
        [
          0.0,
          0.0,
          0.0,
          1.0
        ]
      ]
    },
    {
      "file_path": "/media/NFS/ttao/scannet/posed_images/scene0012_02/00265.jpg",
      "transform_matrix": [
        [
          0.993857,
          -0.07254,
          0.083587,
          2.042272
        ],
        [
          -0.096141,
          -0.19174,
          0.976726,
          0.712132
        ],
        [
          -0.054825,
          -0.978761,
          -0.197536,
          1.509128
        ],
        [
          0.0,
          0.0,
          0.0,
          1.0
        ]
      ]
    },
    {
      "file_path": "/media/NFS/ttao/scannet/posed_images/scene0012_02/00288.jpg",
      "transform_matrix": [
        [
          0.985909,
          -0.015988,
          -0.166517,
          1.94596
        ],
        [
          0.155302,
          -0.282449,
          0.946627,
          0.733195
        ],
        [
          -0.062167,
          -0.959149,
          -0.275986,
          1.489485
        ],
        [
          0.0,
          0.0,
          0.0,
          1.0
        ]
      ]
    },
    {
      "file_path": "/media/NFS/ttao/scannet/posed_images/scene0012_02/00306.jpg",
      "transform_matrix": [
        [
          0.954745,
          0.053331,
          -0.292606,
          1.81441
        ],
        [
          0.286492,
          -0.429191,
          0.856573,
          0.746067
        ],
        [
          -0.079902,
          -0.901638,
          -0.425047,
          1.479228
        ],
        [
          0.0,
          0.0,
          0.0,
          1.0
        ]
      ]
    },
    {
      "file_path": "/media/NFS/ttao/scannet/posed_images/scene0012_02/00310.jpg",
      "transform_matrix": [
        [
          0.942126,
          0.086712,
          -0.323852,
          1.813223
        ],
        [
          0.325825,
          -0.464371,
          0.823527,
          0.734012
        ],
        [
          -0.078978,
          -0.881385,
          -0.465749,
          1.481265
        ],
        [
          0.0,
          0.0,
          0.0,
          1.0
        ]
      ]
    },
    {
      "file_path": "/media/NFS/ttao/scannet/posed_images/scene0012_02/00333.jpg",
      "transform_matrix": [
        [
          0.909541,
          0.180585,
          -0.374332,
          1.771343
        ],
        [
          0.402254,
          -0.609026,
          0.683578,
          0.734269
        ],
        [
          -0.104534,
          -0.772319,
          -0.626575,
          1.451069
        ],
        [
          0.0,
          0.0,
          0.0,
          1.0
        ]
      ]
    },
    {
      "file_path": "/media/NFS/ttao/scannet/posed_images/scene0012_02/00351.jpg",
      "transform_matrix": [
        [
          0.811335,
          0.310845,
          -0.495086,
          1.752474
        ],
        [
          0.567344,
          -0.622841,
          0.538693,
          0.682236
        ],
        [
          -0.14091,
          -0.717945,
          -0.681689,
          1.450124
        ],
        [
          0.0,
          0.0,
          0.0,
          1.0
        ]
      ]
    },
    {
      "file_path": "/media/NFS/ttao/scannet/posed_images/scene0012_02/00364.jpg",
      "transform_matrix": [
        [
          0.709022,
          0.475032,
          -0.521184,
          1.725112
        ],
        [
          0.695614,
          -0.592494,
          0.40629,
          0.661022
        ],
        [
          -0.115798,
          -0.650611,
          -0.75053,
          1.441797
        ],
        [
          0.0,
          0.0,
          0.0,
          1.0
        ]
      ]
    },
    {
      "file_path": "/media/NFS/ttao/scannet/posed_images/scene0012_02/00373.jpg",
      "transform_matrix": [
        [
          0.688239,
          0.519887,
          -0.506008,
          1.702153
        ],
        [
          0.713788,
          -0.60998,
          0.344137,
          0.668327
        ],
        [
          -0.129742,
          -0.598031,
          -0.790902,
          1.425999
        ],
        [
          0.0,
          0.0,
          0.0,
          1.0
        ]
      ]
    },
    {
      "file_path": "/media/NFS/ttao/scannet/posed_images/scene0012_02/00396.jpg",
      "transform_matrix": [
        [
          0.573737,
          0.639355,
          -0.511909,
          1.812715
        ],
        [
          0.81036,
          -0.533871,
          0.24145,
          0.620093
        ],
        [
          -0.118921,
          -0.55336,
          -0.824409,
          1.41157
        ],
        [
          0.0,
          0.0,
          0.0,
          1.0
        ]
      ]
    },
    {
      "file_path": "/media/NFS/ttao/scannet/posed_images/scene0012_02/00400.jpg",
      "transform_matrix": [
        [
          0.569881,
          0.643732,
          -0.51073,
          1.820485
        ],
        [
          0.813168,
          -0.531262,
          0.237736,
          0.627612
        ],
        [
          -0.118293,
          -0.55079,
          -0.826218,
          1.407772
        ],
        [
          0.0,
          0.0,
          0.0,
          1.0
        ]
      ]
    },
    {
      "file_path": "/media/NFS/ttao/scannet/posed_images/scene0012_02/00423.jpg",
      "transform_matrix": [
        [
          0.393031,
          0.640233,
          -0.660021,
          1.964284
        ],
        [
          0.913656,
          -0.352879,
          0.201766,
          0.64517
        ],
        [
          -0.10373,
          -0.682333,
          -0.723645,
          1.451013
        ],
        [
          0.0,
          0.0,
          0.0,
          1.0
        ]
      ]
    },
    {
      "file_path": "/media/NFS/ttao/scannet/posed_images/scene0012_02/00432.jpg",
      "transform_matrix": [
        [
          0.372798,
          0.587948,
          -0.717871,
          1.986247
        ],
        [
          0.9254,
          -0.292472,
          0.24103,
          0.649952
        ],
        [
          -0.068244,
          -0.754173,
          -0.65312,
          1.466501
        ],
        [
          0.0,
          0.0,
          0.0,
          1.0
        ]
      ]
    },
    {
      "file_path": "/media/NFS/ttao/scannet/posed_images/scene0012_02/00450.jpg",
      "transform_matrix": [
        [
          0.197297,
          0.504918,
          -0.840316,
          2.0994
        ],
        [
          0.979179,
          -0.143268,
          0.143815,
          0.729115
        ],
        [
          -0.047775,
          -0.851195,
          -0.522671,
          1.4913
        ],
        [
          0.0,
          0.0,
          0.0,
          1.0
        ]
      ]
    },
    {
      "file_path": "/media/NFS/ttao/scannet/posed_images/scene0012_02/00472.jpg",
      "transform_matrix": [
        [
          0.17312,
          0.372757,
          -0.911637,
          2.238688
        ],
        [
          0.983952,
          -0.10609,
          0.143473,
          0.783134
        ],
        [
          -0.043235,
          -0.921844,
          -0.385141,
          1.53026
        ],
        [
          0.0,
          0.0,
          0.0,
          1.0
        ]
      ]
    },
    {
      "file_path": "/media/NFS/ttao/scannet/posed_images/scene0012_02/00486.jpg",
      "transform_matrix": [
        [
          0.102965,
          0.28327,
          -0.953497,
          2.338715
        ],
        [
          0.994198,
          -0.059295,
          0.089745,
          0.83147
        ],
        [
          -0.031116,
          -0.957205,
          -0.287732,
          1.555141
        ],
        [
          0.0,
          0.0,
          0.0,
          1.0
        ]
      ]
    },
    {
      "file_path": "/media/NFS/ttao/scannet/posed_images/scene0012_02/00504.jpg",
      "transform_matrix": [
        [
          0.05042,
          0.211076,
          -0.976169,
          2.45997
        ],
        [
          0.998608,
          -0.025792,
          0.046002,
          0.884015
        ],
        [
          -0.015468,
          -0.977129,
          -0.212083,
          1.564166
        ],
        [
          0.0,
          0.0,
          0.0,
          1.0
        ]
      ]
    },
    {
      "file_path": "/media/NFS/ttao/scannet/posed_images/scene0012_02/00508.jpg",
      "transform_matrix": [
        [
          0.058831,
          0.188771,
          -0.980257,
          2.483251
        ],
        [
          0.99817,
          -0.02487,
          0.055117,
          0.875499
        ],
        [
          -0.013975,
          -0.981706,
          -0.189889,
          1.563939
        ],
        [
          0.0,
          0.0,
          0.0,
          1.0
        ]
      ]
    },
    {
      "file_path": "/media/NFS/ttao/scannet/posed_images/scene0012_02/00526.jpg",
      "transform_matrix": [
        [
          0.158822,
          0.224826,
          -0.961368,
          2.554597
        ],
        [
          0.987222,
          -0.048952,
          0.151645,
          0.828165
        ],
        [
          -0.012967,
          -0.973169,
          -0.229728,
          1.56415
        ],
        [
          0.0,
          0.0,
          0.0,
          1.0
        ]
      ]
    },
    {
      "file_path": "/media/NFS/ttao/scannet/posed_images/scene0012_02/00544.jpg",
      "transform_matrix": [
        [
          0.116864,
          0.322354,
          -0.939378,
          2.622982
        ],
        [
          0.99256,
          -0.070457,
          0.099302,
          0.861275
        ],
        [
          -0.034175,
          -0.943994,
          -0.328189,
          1.518753
        ],
        [
          0.0,
          0.0,
          0.0,
          1.0
        ]
      ]
    },
    {
      "file_path": "/media/NFS/ttao/scannet/posed_images/scene0012_02/00553.jpg",
      "transform_matrix": [
        [
          0.095414,
          0.393387,
          -0.914408,
          2.647788
        ],
        [
          0.994293,
          -0.081705,
          0.068599,
          0.883155
        ],
        [
          -0.047726,
          -0.915735,
          -0.398938,
          1.49738
        ],
        [
          0.0,
          0.0,
          0.0,
          1.0
        ]
      ]
    },
    {
      "file_path": "/media/NFS/ttao/scannet/posed_images/scene0012_02/00576.jpg",
      "transform_matrix": [
        [
          0.123905,
          0.48111,
          -0.86786,
          2.654573
        ],
        [
          0.990488,
          -0.112713,
          0.078928,
          0.861008
        ],
        [
          -0.059846,
          -0.869384,
          -0.490499,
          1.463823
        ],
        [
          0.0,
          0.0,
          0.0,
          1.0
        ]
      ]
    },
    {
      "file_path": "/media/NFS/ttao/scannet/posed_images/scene0012_02/00580.jpg",
      "transform_matrix": [
        [
          0.123416,
          0.472562,
          -0.872613,
          2.651607
        ],
        [
          0.989937,
          -0.119971,
          0.07504,
          0.85413
        ],
        [
          -0.069227,
          -0.873093,
          -0.482613,
          1.467499
        ],
        [
          0.0,
          0.0,
          0.0,
          1.0
        ]
      ]
    },
    {
      "file_path": "/media/NFS/ttao/scannet/posed_images/scene0012_02/00607.jpg",
      "transform_matrix": [
        [
          -0.096982,
          0.255608,
          -0.961904,
          2.717539
        ],
        [
          0.99402,
          -0.023863,
          -0.106562,
          1.000692
        ],
        [
          -0.050192,
          -0.966486,
          -0.251765,
          1.540349
        ],
        [
          0.0,
          0.0,
          0.0,
          1.0
        ]
      ]
    },
    {
      "file_path": "/media/NFS/ttao/scannet/posed_images/scene0012_02/00616.jpg",
      "transform_matrix": [
        [
          -0.165461,
          0.215625,
          -0.962356,
          2.714052
        ],
        [
          0.984815,
          -0.015871,
          -0.172879,
          1.056419
        ],
        [
          -0.05255,
          -0.976347,
          -0.209725,
          1.543362
        ],
        [
          0.0,
          0.0,
          0.0,
          1.0
        ]
      ]
    },
    {
      "file_path": "/media/NFS/ttao/scannet/posed_images/scene0012_02/00625.jpg",
      "transform_matrix": [
        [
          -0.236547,
          0.203821,
          -0.950001,
          2.707735
        ],
        [
          0.969347,
          -0.017326,
          -0.245082,
          1.098074
        ],
        [
          -0.066413,
          -0.978855,
          -0.193475,
          1.542895
        ],
        [
          0.0,
          0.0,
          0.0,
          1.0
        ]
      ]
    },
    {
      "file_path": "/media/NFS/ttao/scannet/posed_images/scene0012_02/00652.jpg",
      "transform_matrix": [
        [
          -0.469508,
          0.175007,
          -0.86541,
          2.807949
        ],
        [
          0.879994,
          0.012911,
          -0.474809,
          1.373768
        ],
        [
          -0.071922,
          -0.984483,
          -0.160067,
          1.562891
        ],
        [
          0.0,
          0.0,
          0.0,
          1.0
        ]
      ]
    },
    {
      "file_path": "/media/NFS/ttao/scannet/posed_images/scene0012_02/00661.jpg",
      "transform_matrix": [
        [
          -0.447513,
          0.178849,
          -0.876211,
          2.811256
        ],
        [
          0.891152,
          0.007342,
          -0.453645,
          1.415165
        ],
        [
          -0.0747,
          -0.983849,
          -0.162667,
          1.559126
        ],
        [
          0.0,
          0.0,
          0.0,
          1.0
        ]
      ]
    },
    {
      "file_path": "/media/NFS/ttao/scannet/posed_images/scene0012_02/00684.jpg",
      "transform_matrix": [
        [
          -0.605751,
          0.077746,
          -0.791847,
          2.90596
        ],
        [
          0.793734,
          -0.010058,
          -0.608182,
          1.618281
        ],
        [
          -0.055248,
          -0.996922,
          -0.055617,
          1.560215
        ],
        [
          0.0,
          0.0,
          0.0,
          1.0
        ]
      ]
    },
    {
      "file_path": "/media/NFS/ttao/scannet/posed_images/scene0012_02/00688.jpg",
      "transform_matrix": [
        [
          -0.615238,
          0.079492,
          -0.784324,
          2.913623
        ],
        [
          0.78589,
          -0.01656,
          -0.618145,
          1.634794
        ],
        [
          -0.062126,
          -0.996698,
          -0.052284,
          1.565894
        ],
        [
          0.0,
          0.0,
          0.0,
          1.0
        ]
      ]
    },
    {
      "file_path": "/media/NFS/ttao/scannet/posed_images/scene0012_02/00711.jpg",
      "transform_matrix": [
        [
          -0.748133,
          0.047505,
          -0.661846,
          2.961299
        ],
        [
          0.66265,
          0.001609,
          -0.748927,
          1.758613
        ],
        [
          -0.034513,
          -0.99887,
          -0.032683,
          1.536089
        ],
        [
          0.0,
          0.0,
          0.0,
          1.0
        ]
      ]
    },
    {
      "file_path": "/media/NFS/ttao/scannet/posed_images/scene0012_02/00724.jpg",
      "transform_matrix": [
        [
          -0.877983,
          0.031764,
          -0.477638,
          2.961507
        ],
        [
          0.47856,
          0.034757,
          -0.877367,
          1.877992
        ],
        [
          -0.011268,
          -0.998891,
          -0.045717,
          1.527684
        ],
        [
          0.0,
          0.0,
          0.0,
          1.0
        ]
      ]
    },
    {
      "file_path": "/media/NFS/ttao/scannet/posed_images/scene0012_02/00738.jpg",
      "transform_matrix": [
        [
          -0.917111,
          0.023292,
          -0.397952,
          3.020792
        ],
        [
          0.398618,
          0.062198,
          -0.915006,
          1.880428
        ],
        [
          0.00344,
          -0.997792,
          -0.066327,
          1.533291
        ],
        [
          0.0,
          0.0,
          0.0,
          1.0
        ]
      ]
    },
    {
      "file_path": "/media/NFS/ttao/scannet/posed_images/scene0012_02/00751.jpg",
      "transform_matrix": [
        [
          -0.940817,
          0.064703,
          -0.332681,
          3.057909
        ],
        [
          0.338667,
          0.141999,
          -0.93013,
          1.911238
        ],
        [
          -0.012942,
          -0.98775,
          -0.155507,
          1.5133
        ],
        [
          0.0,
          0.0,
          0.0,
          1.0
        ]
      ]
    },
    {
      "file_path": "/media/NFS/ttao/scannet/posed_images/scene0012_02/00774.jpg",
      "transform_matrix": [
        [
          -0.976305,
          0.046403,
          -0.211365,
          3.075838
        ],
        [
          0.215916,
          0.274075,
          -0.937157,
          2.062457
        ],
        [
          0.014443,
          -0.960588,
          -0.2776,
          1.477553
        ],
        [
          0.0,
          0.0,
          0.0,
          1.0
        ]
      ]
    },
    {
      "file_path": "/media/NFS/ttao/scannet/posed_images/scene0012_02/00778.jpg",
      "transform_matrix": [
        [
          -0.973748,
          0.060581,
          -0.219419,
          3.090312
        ],
        [
          0.227284,
          0.311796,
          -0.922565,
          2.068682
        ],
        [
          0.012524,
          -0.948216,
          -0.31738,
          1.463077
        ],
        [
          0.0,
          0.0,
          0.0,
          1.0
        ]
      ]
    },
    {
      "file_path": "/media/NFS/ttao/scannet/posed_images/scene0012_02/00801.jpg",
      "transform_matrix": [
        [
          -0.952085,
          0.159069,
          -0.261213,
          3.153697
        ],
        [
          0.305835,
          0.496805,
          -0.812189,
          2.057101
        ],
        [
          0.000577,
          -0.85316,
          -0.521649,
          1.462879
        ],
        [
          0.0,
          0.0,
          0.0,
          1.0
        ]
      ]
    },
    {
      "file_path": "/media/NFS/ttao/scannet/posed_images/scene0012_02/00805.jpg",
      "transform_matrix": [
        [
          -0.95464,
          0.153544,
          -0.255123,
          3.152661
        ],
        [
          0.297725,
          0.505958,
          -0.809548,
          2.077441
        ],
        [
          0.00478,
          -0.848782,
          -0.528721,
          1.461343
        ],
        [
          0.0,
          0.0,
          0.0,
          1.0
        ]
      ]
    },
    {
      "file_path": "/media/NFS/ttao/scannet/posed_images/scene0012_02/00832.jpg",
      "transform_matrix": [
        [
          -0.994631,
          0.038861,
          -0.095909,
          3.135325
        ],
        [
          0.101258,
          0.556635,
          -0.824562,
          2.256679
        ],
        [
          0.021343,
          -0.829847,
          -0.557582,
          1.44699
        ],
        [
          0.0,
          0.0,
          0.0,
          1.0
        ]
      ]
    },
    {
      "file_path": "/media/NFS/ttao/scannet/posed_images/scene0012_02/00837.jpg",
      "transform_matrix": [
        [
          -0.99309,
          0.044726,
          -0.108498,
          3.14999
        ],
        [
          0.114741,
          0.564107,
          -0.81769,
          2.268744
        ],
        [
          0.024633,
          -0.82449,
          -0.565341,
          1.445131
        ],
        [
          0.0,
          0.0,
          0.0,
          1.0
        ]
      ]
    },
    {
      "file_path": "/media/NFS/ttao/scannet/posed_images/scene0012_02/00864.jpg",
      "transform_matrix": [
        [
          -0.919947,
          0.223347,
          -0.322201,
          3.20895
        ],
        [
          0.391,
          0.582595,
          -0.712532,
          2.394844
        ],
        [
          0.028571,
          -0.781472,
          -0.623286,
          1.428503
        ],
        [
          0.0,
          0.0,
          0.0,
          1.0
        ]
      ]
    },
    {
      "file_path": "/media/NFS/ttao/scannet/posed_images/scene0012_02/00868.jpg",
      "transform_matrix": [
        [
          -0.917618,
          0.226093,
          -0.326894,
          3.208318
        ],
        [
          0.396587,
          0.575415,
          -0.715274,
          2.427331
        ],
        [
          0.026381,
          -0.78599,
          -0.617676,
          1.426937
        ],
        [
          0.0,
          0.0,
          0.0,
          1.0
        ]
      ]
    },
    {
      "file_path": "/media/NFS/ttao/scannet/posed_images/scene0012_02/00891.jpg",
      "transform_matrix": [
        [
          -0.948409,
          0.235091,
          -0.212728,
          3.235636
        ],
        [
          0.312478,
          0.579555,
          -0.752645,
          2.608698
        ],
        [
          -0.053653,
          -0.780287,
          -0.623116,
          1.435154
        ],
        [
          0.0,
          0.0,
          0.0,
          1.0
        ]
      ]
    },
    {
      "file_path": "/media/NFS/ttao/scannet/posed_images/scene0012_02/00900.jpg",
      "transform_matrix": [
        [
          -0.950867,
          0.224394,
          -0.213305,
          3.280365
        ],
        [
          0.306319,
          0.58185,
          -0.753406,
          2.646482
        ],
        [
          -0.044948,
          -0.781728,
          -0.621998,
          1.430813
        ],
        [
          0.0,
          0.0,
          0.0,
          1.0
        ]
      ]
    },
    {
      "file_path": "/media/NFS/ttao/scannet/posed_images/scene0012_02/00922.jpg",
      "transform_matrix": [
        [
          -0.985357,
          0.149035,
          -0.08283,
          3.295496
        ],
        [
          0.154924,
          0.579675,
          -0.799984,
          2.763969
        ],
        [
          -0.071211,
          -0.801103,
          -0.594276,
          1.450994
        ],
        [
          0.0,
          0.0,
          0.0,
          1.0
        ]
      ]
    },
    {
      "file_path": "/media/NFS/ttao/scannet/posed_images/scene0012_02/00936.jpg",
      "transform_matrix": [
        [
          -0.994657,
          0.057856,
          0.085504,
          3.215595
        ],
        [
          -0.039305,
          0.553623,
          -0.831839,
          2.882525
        ],
        [
          -0.095464,
          -0.830755,
          -0.548391,
          1.475502
        ],
        [
          0.0,
          0.0,
          0.0,
          1.0
        ]
      ]
    },
    {
      "file_path": "/media/NFS/ttao/scannet/posed_images/scene0012_02/00949.jpg",
      "transform_matrix": [
        [
          -0.985703,
          0.024429,
          0.166715,
          3.22968
        ],
        [
          -0.130793,
          0.512837,
          -0.848464,
          2.952075
        ],
        [
          -0.106225,
          -0.858138,
          -0.50231,
          1.508347
        ],
        [
          0.0,
          0.0,
          0.0,
          1.0
        ]
      ]
    },
    {
      "file_path": "/media/NFS/ttao/scannet/posed_images/scene0012_02/00967.jpg",
      "transform_matrix": [
        [
          -0.987406,
          0.011914,
          0.157757,
          3.28767
        ],
        [
          -0.138417,
          0.417851,
          -0.89791,
          3.07781
        ],
        [
          -0.076617,
          -0.908438,
          -0.410939,
          1.535501
        ],
        [
          0.0,
          0.0,
          0.0,
          1.0
        ]
      ]
    },
    {
      "file_path": "/media/NFS/ttao/scannet/posed_images/scene0012_02/00972.jpg",
      "transform_matrix": [
        [
          -0.987168,
          0.005772,
          0.159578,
          3.296744
        ],
        [
          -0.144736,
          0.389805,
          -0.909452,
          3.107425
        ],
        [
          -0.067454,
          -0.920879,
          -0.383968,
          1.547369
        ],
        [
          0.0,
          0.0,
          0.0,
          1.0
        ]
      ]
    },
    {
      "file_path": "/media/NFS/ttao/scannet/posed_images/scene0012_02/00990.jpg",
      "transform_matrix": [
        [
          -0.971635,
          -0.036363,
          0.233672,
          3.28685
        ],
        [
          -0.235101,
          0.255244,
          -0.937858,
          3.1891
        ],
        [
          -0.02554,
          -0.966193,
          -0.256553,
          1.585904
        ],
        [
          0.0,
          0.0,
          0.0,
          1.0
        ]
      ]
    },
    {
      "file_path": "/media/NFS/ttao/scannet/posed_images/scene0012_02/01003.jpg",
      "transform_matrix": [
        [
          -0.957649,
          -0.042603,
          0.284768,
          3.247875
        ],
        [
          -0.28745,
          0.198926,
          -0.93691,
          3.229456
        ],
        [
          -0.016732,
          -0.979088,
          -0.202748,
          1.571208
        ],
        [
          0.0,
          0.0,
          0.0,
          1.0
        ]
      ]
    },
    {
      "file_path": "/media/NFS/ttao/scannet/posed_images/scene0012_02/01021.jpg",
      "transform_matrix": [
        [
          -0.88595,
          -0.029428,
          0.462846,
          3.204079
        ],
        [
          -0.46169,
          0.150607,
          -0.874162,
          3.302296
        ],
        [
          -0.043983,
          -0.988156,
          -0.147017,
          1.584084
        ],
        [
          0.0,
          0.0,
          0.0,
          1.0
        ]
      ]
    },
    {
      "file_path": "/media/NFS/ttao/scannet/posed_images/scene0012_02/01044.jpg",
      "transform_matrix": [
        [
          -0.914821,
          -0.081817,
          0.395485,
          3.265686
        ],
        [
          -0.403329,
          0.235242,
          -0.8843,
          3.415404
        ],
        [
          -0.020684,
          -0.968487,
          -0.248204,
          1.599606
        ],
        [
          0.0,
          0.0,
          0.0,
          1.0
        ]
      ]
    },
    {
      "file_path": "/media/NFS/ttao/scannet/posed_images/scene0012_02/01048.jpg",
      "transform_matrix": [
        [
          -0.923107,
          -0.102007,
          0.370768,
          3.286117
        ],
        [
          -0.384096,
          0.291125,
          -0.876194,
          3.442394
        ],
        [
          -0.018562,
          -0.951231,
          -0.30792,
          1.608704
        ],
        [
          0.0,
          0.0,
          0.0,
          1.0
        ]
      ]
    },
    {
      "file_path": "/media/NFS/ttao/scannet/posed_images/scene0012_02/01071.jpg",
      "transform_matrix": [
        [
          -0.939507,
          -0.162452,
          0.301558,
          3.308328
        ],
        [
          -0.341843,
          0.500474,
          -0.795405,
          3.480768
        ],
        [
          -0.021706,
          -0.850374,
          -0.525731,
          1.536825
        ],
        [
          0.0,
          0.0,
          0.0,
          1.0
        ]
      ]
    },
    {
      "file_path": "/media/NFS/ttao/scannet/posed_images/scene0012_02/01080.jpg",
      "transform_matrix": [
        [
          -0.926918,
          -0.193045,
          0.321801,
          3.280225
        ],
        [
          -0.374356,
          0.535255,
          -0.757205,
          3.476539
        ],
        [
          -0.026071,
          -0.822336,
          -0.568405,
          1.521584
        ],
        [
          0.0,
          0.0,
          0.0,
          1.0
        ]
      ]
    },
    {
      "file_path": "/media/NFS/ttao/scannet/posed_images/scene0012_02/01098.jpg",
      "transform_matrix": [
        [
          -0.855598,
          -0.267075,
          0.443422,
          3.214091
        ],
        [
          -0.512914,
          0.552917,
          -0.656659,
          3.502851
        ],
        [
          -0.069799,
          -0.789274,
          -0.610061,
          1.505988
        ],
        [
          0.0,
          0.0,
          0.0,
          1.0
        ]
      ]
    },
    {
      "file_path": "/media/NFS/ttao/scannet/posed_images/scene0012_02/01107.jpg",
      "transform_matrix": [
        [
          -0.818693,
          -0.346437,
          0.457955,
          3.197601
        ],
        [
          -0.571327,
          0.571526,
          -0.589018,
          3.53021
        ],
        [
          -0.057676,
          -0.743868,
          -0.665834,
          1.48315
        ],
        [
          0.0,
          0.0,
          0.0,
          1.0
        ]
      ]
    },
    {
      "file_path": "/media/NFS/ttao/scannet/posed_images/scene0012_02/01120.jpg",
      "transform_matrix": [
        [
          -0.789239,
          -0.398684,
          0.467069,
          3.212873
        ],
        [
          -0.611769,
          0.576481,
          -0.541672,
          3.597078
        ],
        [
          -0.053301,
          -0.713247,
          -0.698883,
          1.468106
        ],
        [
          0.0,
          0.0,
          0.0,
          1.0
        ]
      ]
    },
    {
      "file_path": "/media/NFS/ttao/scannet/posed_images/scene0012_02/01143.jpg",
      "transform_matrix": [
        [
          -0.689498,
          -0.535241,
          0.487964,
          3.321924
        ],
        [
          -0.72277,
          0.552046,
          -0.41575,
          3.741035
        ],
        [
          -0.046852,
          -0.639345,
          -0.767492,
          1.430329
        ],
        [
          0.0,
          0.0,
          0.0,
          1.0
        ]
      ]
    },
    {
      "file_path": "/media/NFS/ttao/scannet/posed_images/scene0012_02/01152.jpg",
      "transform_matrix": [
        [
          -0.60977,
          -0.566909,
          0.55389,
          3.303541
        ],
        [
          -0.790681,
          0.483439,
          -0.375647,
          3.778943
        ],
        [
          -0.054814,
          -0.667009,
          -0.743031,
