{
  "frames": [
    {
      "file_path": "/media/NFS/ttao/scannet/posed_images/scene0121_02/00000.jpg",
      "transform_matrix": [
        [
          -0.93842,
          0.084768,
          0.334936,
          2.46779
        ],
        [
          -0.34498,
          -0.1769,
          -0.921789,
          1.712673
        ],
        [
          -0.018889,
          -0.980572,
          0.19525,
          1.604015
        ],
        [
          0.0,
          0.0,
          0.0,
          1.0
        ]
      ]
    },
    {
      "file_path": "/media/NFS/ttao/scannet/posed_images/scene0121_02/00004.jpg",
      "transform_matrix": [
        [
          -0.943451,
          0.083549,
          0.320811,
          2.493451
        ],
        [
          -0.330606,
          -0.16562,
          -0.929123,
          1.73459
        ],
        [
          -0.024494,
          -0.982644,
          0.183876,
          1.609771
        ],
        [
          0.0,
          0.0,
          0.0,
          1.0
        ]
      ]
    },
    {
      "file_path": "/media/NFS/ttao/scannet/posed_images/scene0121_02/00009.jpg",
      "transform_matrix": [
        [
          -0.948304,
          0.071933,
          0.309104,
          2.516798
        ],
        [
          -0.316968,
          -0.166073,
          -0.933783,
          1.749776
        ],
        [
          -0.015836,
          -0.983486,
          0.180288,
          1.603018
        ],
        [
          0.0,
          0.0,
          0.0,
          1.0
        ]
      ]
    },
    {
      "file_path": "/media/NFS/ttao/scannet/posed_images/scene0121_02/00016.jpg",
      "transform_matrix": [
        [
          -0.956428,
          0.042079,
          0.288919,
          2.557445
        ],
        [
          -0.291817,
          -0.106072,
          -0.950574,
          1.759448
        ],
        [
          -0.009353,
          -0.993468,
          0.11373,
          1.582554
        ],
        [
          0.0,
          0.0,
          0.0,
          1.0
        ]
      ]
    },
    {
      "file_path": "/media/NFS/ttao/scannet/posed_images/scene0121_02/00022.jpg",
      "transform_matrix": [
        [
          -0.965143,
          0.008139,
          0.261598,
          2.585804
        ],
        [
          -0.261724,
          -0.031706,
          -0.964622,
          1.760903
        ],
        [
          0.000443,
          -0.999464,
          0.032731,
          1.564719
        ],
        [
          0.0,
          0.0,
          0.0,
          1.0
        ]
      ]
    },
    {
      "file_path": "/media/NFS/ttao/scannet/posed_images/scene0121_02/00026.jpg",
      "transform_matrix": [
        [
          -0.968846,
          -0.005479,
          0.247603,
          2.60287
        ],
        [
          -0.247657,
          0.014302,
          -0.968742,
          1.760251
        ],
        [
          0.001766,
          -0.999883,
          -0.015214,
          1.548176
        ],
        [
          0.0,
          0.0,
          0.0,
          1.0
        ]
      ]
    },
    {
      "file_path": "/media/NFS/ttao/scannet/posed_images/scene0121_02/00030.jpg",
      "transform_matrix": [
        [
          -0.971694,
          -0.024596,
          0.23496,
          2.616668
        ],
        [
          -0.236044,
          0.060225,
          -0.969874,
          1.759268
        ],
        [
          0.009705,
          -0.997882,
          -0.064326,
          1.531377
        ],
        [
          0.0,
          0.0,
          0.0,
          1.0
        ]
      ]
    },
    {
      "file_path": "/media/NFS/ttao/scannet/posed_images/scene0121_02/00036.jpg",
      "transform_matrix": [
        [
          -0.976691,
          -0.040474,
          0.210798,
          2.638732
        ],
        [
          -0.214295,
          0.127487,
          -0.968414,
          1.756183
        ],
        [
          0.012322,
          -0.991014,
          -0.133189,
          1.502344
        ],
        [
          0.0,
          0.0,
          0.0,
          1.0
        ]
      ]
    },
    {
      "file_path": "/media/NFS/ttao/scannet/posed_images/scene0121_02/00037.jpg",
      "transform_matrix": [
        [
          -0.977498,
          -0.041189,
          0.206886,
          2.642018
        ],
        [
          -0.21068,
          0.14138,
          -0.967277,
          1.754935
        ],
        [
          0.010592,
          -0.989098,
          -0.146876,
          1.500164
        ],
        [
          0.0,
          0.0,
          0.0,
          1.0
        ]
      ]
    },
    {
      "file_path": "/media/NFS/ttao/scannet/posed_images/scene0121_02/00042.jpg",
      "transform_matrix": [
        [
          -0.981236,
          -0.038007,
          0.189031,
          2.650449
        ],
        [
          -0.192807,
          0.185435,
          -0.963556,
          1.750822
        ],
        [
          0.001569,
          -0.981921,
          -0.189283,
          1.486292
        ],
        [
          0.0,
          0.0,
          0.0,
          1.0
        ]
      ]
    },
    {
      "file_path": "/media/NFS/ttao/scannet/posed_images/scene0121_02/00049.jpg",
      "transform_matrix": [
        [
          -0.986324,
          -0.02827,
          0.162377,
          2.662404
        ],
        [
          -0.164366,
          0.241755,
          -0.956315,
          1.748213
        ],
        [
          -0.01222,
          -0.969925,
          -0.243095,
          1.462204
        ],
        [
          0.0,
          0.0,
          0.0,
          1.0
        ]
      ]
    },
    {
      "file_path": "/media/NFS/ttao/scannet/posed_images/scene0121_02/00053.jpg",
      "transform_matrix": [
        [
          -0.987682,
          -0.022104,
          0.154905,
          2.662709
        ],
        [
          -0.155249,
          0.262062,
          -0.952482,
          1.747673
        ],
        [
          -0.019541,
          -0.964798,
          -0.262265,
          1.450435
        ],
        [
          0.0,
          0.0,
          0.0,
          1.0
        ]
      ]
    },
    {
      "file_path": "/media/NFS/ttao/scannet/posed_images/scene0121_02/00060.jpg",
      "transform_matrix": [
        [
          -0.989973,
          -0.014426,
          0.140522,
          2.6587
        ],
        [
          -0.137886,
          0.314826,
          -0.93908,
          1.741541
        ],
        [
          -0.030693,
          -0.94904,
          -0.313658,
          1.428624
        ],
        [
          0.0,
          0.0,
          0.0,
          1.0
        ]
      ]
    },
    {
      "file_path": "/media/NFS/ttao/scannet/posed_images/scene0121_02/00062.jpg",
      "transform_matrix": [
        [
          -0.989993,
          -0.014097,
          0.140412,
          2.656227
        ],
        [
          -0.137132,
          0.330914,
          -0.933644,
          1.740857
        ],
        [
          -0.033302,
          -0.943556,
          -0.329536,
          1.42026
        ],
        [
          0.0,
          0.0,
          0.0,
          1.0
        ]
      ]
    },
    {
      "file_path": "/media/NFS/ttao/scannet/posed_images/scene0121_02/00067.jpg",
      "transform_matrix": [
        [
          -0.989859,
          -0.030371,
          0.138771,
          2.654881
        ],
        [
          -0.139746,
          0.383641,
          -0.912848,
          1.73635
        ],
        [
          -0.025515,
          -0.922983,
          -0.383994,
          1.396296
        ],
        [
          0.0,
          0.0,
          0.0,
          1.0
        ]
      ]
    },
    {
      "file_path": "/media/NFS/ttao/scannet/posed_images/scene0121_02/00070.jpg",
      "transform_matrix": [
        [
          -0.989492,
          -0.033916,
          0.140552,
          2.653541
        ],
        [
          -0.14174,
          0.419465,
          -0.896637,
          1.73449
        ],
        [
          -0.028546,
          -0.907137,
          -0.419865,
          1.379544
        ],
        [
          0.0,
          0.0,
          0.0,
          1.0
        ]
      ]
    },
    {
      "file_path": "/media/NFS/ttao/scannet/posed_images/scene0121_02/00079.jpg",
      "transform_matrix": [
        [
          -0.992125,
          -0.031927,
          0.121116,
          2.64623
        ],
        [
          -0.120692,
          0.502259,
          -0.856253,
          1.721875
        ],
        [
          -0.033494,
          -0.864127,
          -0.502157,
          1.338277
        ],
        [
          0.0,
          0.0,
          0.0,
          1.0
        ]
      ]
    },
    {
      "file_path": "/media/NFS/ttao/scannet/posed_images/scene0121_02/00083.jpg",
      "transform_matrix": [
        [
          -0.994834,
          -0.024744,
          0.098456,
          2.635141
        ],
        [
          -0.097084,
          0.515369,
          -0.851451,
          1.711984
        ],
        [
          -0.029673,
          -0.856611,
          -0.515109,
          1.331454
        ],
        [
          0.0,
          0.0,
          0.0,
          1.0
        ]
      ]
    },
    {
      "file_path": "/media/NFS/ttao/scannet/posed_images/scene0121_02/00085.jpg",
      "transform_matrix": [
        [
          -0.996019,
          -0.016906,
          0.087525,
          2.627626
        ],
        [
          -0.08356,
          0.519078,
          -0.850632,
          1.706474
        ],
        [
          -0.031052,
          -0.854559,
          -0.518424,
          1.328528
        ],
        [
          0.0,
          0.0,
          0.0,
          1.0
        ]
      ]
    },
    {
      "file_path": "/media/NFS/ttao/scannet/posed_images/scene0121_02/00093.jpg",
      "transform_matrix": [
        [
          -0.999256,
          0.016663,
          0.034786,
          2.590829
        ],
        [
          -0.019714,
          0.55454,
          -0.831924,
          1.681795
        ],
        [
          -0.033152,
          -0.83199,
          -0.553798,
          1.311554
        ],
        [
          0.0,
          0.0,
          0.0,
          1.0
        ]
      ]
    },
    {
      "file_path": "/media/NFS/ttao/scannet/posed_images/scene0121_02/00095.jpg",
      "transform_matrix": [
        [
          -0.99934,
          0.026778,
          0.024552,
          2.578214
        ],
        [
          -0.005507,
          0.556334,
          -0.83094,
          1.674409
        ],
        [
          -0.03591,
          -0.830527,
          -0.55582,
          1.308861
        ],
        [
          0.0,
          0.0,
          0.0,
          1.0
        ]
      ]
    },
    {
      "file_path": "/media/NFS/ttao/scannet/posed_images/scene0121_02/00100.jpg",
      "transform_matrix": [
        [
          -0.998963,
          0.044893,
          0.007584,
          2.543874
        ],
        [
          0.017697,
          0.536339,
          -0.843817,
          1.655713
        ],
        [
          -0.041949,
          -0.842808,
          -0.536577,
          1.308751
        ],
        [
          0.0,
          0.0,
          0.0,
          1.0
        ]
      ]
    },
    {
      "file_path": "/media/NFS/ttao/scannet/posed_images/scene0121_02/00108.jpg",
      "transform_matrix": [
        [
          -0.998457,
          0.051501,
          -0.020786,
          2.495057
        ],
        [
          0.043053,
          0.481318,
          -0.875488,
          1.62588
        ],
        [
          -0.035083,
          -0.875031,
          -0.482793,
          1.326789
        ],
        [
          0.0,
          0.0,
          0.0,
          1.0
        ]
      ]
    },
    {
      "file_path": "/media/NFS/ttao/scannet/posed_images/scene0121_02/00109.jpg",
      "transform_matrix": [
        [
          -0.998428,
          0.051582,
          -0.021928,
          2.490347
        ],
        [
          0.043738,
          0.472371,
          -0.880314,
          1.622929
        ],
        [
          -0.03505,
          -0.879889,
          -0.473885,
          1.328973
        ],
        [
          0.0,
          0.0,
          0.0,
          1.0
        ]
      ]
    },
    {
      "file_path": "/media/NFS/ttao/scannet/posed_images/scene0121_02/00116.jpg",
      "transform_matrix": [
        [
          -0.998675,
          0.040311,
          -0.032005,
          2.458425
        ],
        [
          0.045897,
          0.415993,
          -0.908209,
          1.601943
        ],
        [
          -0.023297,
          -0.908474,
          -0.417291,
          1.34804
        ],
        [
          0.0,
          0.0,
          0.0,
          1.0
        ]
      ]
    },
    {
      "file_path": "/media/NFS/ttao/scannet/posed_images/scene0121_02/00120.jpg",
      "transform_matrix": [
        [
          -0.998163,
          0.038759,
          -0.046578,
          2.442409
        ],
        [
          0.057748,
          0.375592,
          -0.924984,
          1.584473
        ],
        [
          -0.018357,
          -0.925974,
          -0.37714,
          1.363701
        ],
        [
          0.0,
          0.0,
          0.0,
          1.0
        ]
      ]
    },
    {
      "file_path": "/media/NFS/ttao/scannet/posed_images/scene0121_02/00126.jpg",
      "transform_matrix": [
        [
          -0.992831,
          0.047383,
          -0.109731,
          2.451027
        ],
        [
          0.119264,
          0.332093,
          -0.935676,
          1.558238
        ],
        [
          -0.007894,
          -0.942056,
          -0.335364,
          1.377651
        ],
        [
          0.0,
          0.0,
          0.0,
          1.0
        ]
      ]
    },
    {
      "file_path": "/media/NFS/ttao/scannet/posed_images/scene0121_02/00128.jpg",
      "transform_matrix": [
        [
          -0.989508,
          0.057409,
          -0.13258,
          2.459069
        ],
        [
          0.144076,
          0.323884,
          -0.935062,
          1.548044
        ],
        [
          -0.01074,
          -0.944353,
          -0.328757,
          1.380592
        ],
        [
          0.0,
          0.0,
          0.0,
          1.0
        ]
      ]
    },
    {
      "file_path": "/media/NFS/ttao/scannet/posed_images/scene0121_02/00136.jpg",
      "transform_matrix": [
        [
          -0.972148,
          0.081046,
          -0.21991,
          2.503139
        ],
        [
          0.233764,
          0.267969,
          -0.934637,
          1.508337
        ],
        [
          -0.016819,
          -0.960013,
          -0.279451,
          1.403143
        ],
        [
          0.0,
          0.0,
          0.0,
          1.0
        ]
      ]
    },
    {
      "file_path": "/media/NFS/ttao/scannet/posed_images/scene0121_02/00141.jpg",
      "transform_matrix": [
        [
          -0.959937,
          0.090372,
          -0.265245,
          2.537528
        ],
        [
          0.279971,
          0.269581,
          -0.921381,
          1.487069
        ],
        [
          -0.011762,
          -0.958728,
          -0.284082,
          1.399233
        ],
        [
          0.0,
          0.0,
          0.0,
          1.0
        ]
      ]
    },
    {
      "file_path": "/media/NFS/ttao/scannet/posed_images/scene0121_02/00145.jpg",
      "transform_matrix": [
        [
          -0.949791,
          0.096408,
          -0.297661,
          2.564896
        ],
        [
          0.312824,
          0.273909,
          -0.909459,
          1.471738
        ],
        [
          -0.006147,
          -0.956911,
          -0.290315,
          1.396268
        ],
        [
          0.0,
          0.0,
          0.0,
          1.0
        ]
      ]
    },
    {
      "file_path": "/media/NFS/ttao/scannet/posed_images/scene0121_02/00148.jpg",
      "transform_matrix": [
        [
          -0.939962,
          0.099378,
          -0.326491,
          2.582818
        ],
        [
          0.34128,
          0.273524,
          -0.899284,
          1.46209
        ],
        [
          -6.6e-05,
          -0.956718,
          -0.291018,
          1.395814
        ],
        [
          0.0,
          0.0,
          0.0,
          1.0
        ]
      ]
    },
    {
      "file_path": "/media/NFS/ttao/scannet/posed_images/scene0121_02/00155.jpg",
      "transform_matrix": [
        [
          -0.9143,
          0.086773,
          -0.395634,
          2.606454
        ],
        [
          0.403711,
          0.274243,
          -0.872816,
          1.446091
        ],
        [
          0.032763,
          -0.957738,
          -0.285771,
          1.396421
        ],
        [
          0.0,
          0.0,
          0.0,
          1.0
        ]
      ]
    },
    {
      "file_path": "/media/NFS/ttao/scannet/posed_images/scene0121_02/00156.jpg",
      "transform_matrix": [
        [
          -0.910328,
          0.086483,
          -0.404752,
          2.607604
        ],
        [
          0.412256,
          0.276225,
          -0.868185,
          1.443526
        ],
        [
          0.036719,
          -0.957194,
          -0.287109,
          1.395896
        ],
        [
          0.0,
          0.0,
          0.0,
          1.0
        ]
      ]
    },
    {
      "file_path": "/media/NFS/ttao/scannet/posed_images/scene0121_02/00165.jpg",
      "transform_matrix": [
        [
          -0.880111,
          0.113777,
          -0.460934,
          2.596882
        ],
        [
          0.473182,
          0.289519,
          -0.832032,
          1.418562
        ],
        [
          0.038783,
          -0.950386,
          -0.308646,
          1.390418
        ],
        [
          0.0,
          0.0,
          0.0,
          1.0
        ]
      ]
    },
    {
      "file_path": "/media/NFS/ttao/scannet/posed_images/scene0121_02/00169.jpg",
      "transform_matrix": [
        [
          -0.876924,
          0.126031,
          -0.463811,
          2.590332
        ],
        [
          0.47983,
          0.285199,
          -0.829714,
          1.408014
        ],
        [
          0.027709,
          -0.950146,
          -0.310571,
          1.391638
        ],
        [
          0.0,
          0.0,
          0.0,
          1.0
        ]
      ]
    },
    {
      "file_path": "/media/NFS/ttao/scannet/posed_images/scene0121_02/00172.jpg",
      "transform_matrix": [
        [
          -0.867195,
          0.131522,
          -0.480286,
          2.578761
        ],
        [
          0.497223,
          0.281456,
          -0.820702,
          1.395375
        ],
        [
          0.027239,
          -0.950518,
          -0.309473,
          1.392793
        ],
        [
          0.0,
          0.0,
          0.0,
          1.0
        ]
      ]
    },
    {
      "file_path": "/media/NFS/ttao/scannet/posed_images/scene0121_02/00176.jpg",
      "transform_matrix": [
        [
          -0.85539,
          0.148542,
          -0.496228,
          2.559702
        ],
        [
          0.51768,
          0.277954,
          -0.809165,
          1.37936
        ],
        [
          0.017734,
          -0.94904,
          -0.314656,
          1.396894
        ],
        [
          0.0,
          0.0,
          0.0,
          1.0
        ]
      ]
    },
    {
      "file_path": "/media/NFS/ttao/scannet/posed_images/scene0121_02/00184.jpg",
      "transform_matrix": [
        [
          -0.820014,
          0.149741,
          -0.552409,
          2.512431
        ],
        [
          0.571722,
          0.2593,
          -0.778395,
          1.343359
        ],
        [
          0.026682,
          -0.954118,
          -0.298239,
          1.394345
        ],
        [
          0.0,
          0.0,
          0.0,
          1.0
        ]
      ]
    },
    {
      "file_path": "/media/NFS/ttao/scannet/posed_images/scene0121_02/00185.jpg",
      "transform_matrix": [
        [
          -0.816613,
          0.153491,
          -0.556402,
          2.506299
        ],
        [
          0.576661,
          0.258039,
          -0.775163,
          1.337842
        ],
        [
          0.024593,
          -0.953864,
          -0.299231,
          1.394937
        ],
        [
          0.0,
          0.0,
          0.0,
          1.0
        ]
      ]
    },
    {
      "file_path": "/media/NFS/ttao/scannet/posed_images/scene0121_02/00191.jpg",
      "transform_matrix": [
        [
          -0.793867,
          0.162665,
          -0.585931,
          2.4631
        ],
        [
          0.607799,
          0.24215,
          -0.75627,
          1.308398
        ],
        [
          0.018865,
          -0.956506,
          -0.291103,
          1.403489
        ],
        [
          0.0,
          0.0,
          0.0,
          1.0
        ]
      ]
    },
    {
      "file_path": "/media/NFS/ttao/scannet/posed_images/scene0121_02/00198.jpg",
      "transform_matrix": [
        [
          -0.776489,
          0.144043,
          -0.613446,
          2.4263
        ],
        [
          0.630051,
          0.192949,
          -0.752201,
          1.280649
        ],
        [
          0.010015,
          -0.970578,
          -0.240577,
          1.419886
        ],
        [
          0.0,
          0.0,
          0.0,
          1.0
        ]
      ]
    },
    {
      "file_path": "/media/NFS/ttao/scannet/posed_images/scene0121_02/00199.jpg",
      "transform_matrix": [
        [
          -0.7746,
          0.143077,
          -0.616055,
          2.421498
        ],
        [
          0.632383,
          0.189465,
          -0.751129,
          1.276789
        ],
        [
          0.009251,
          -0.971407,
          -0.237239,
          1.424292
        ],
        [
          0.0,
          0.0,
          0.0,
          1.0
        ]
      ]
    },
    {
      "file_path": "/media/NFS/ttao/scannet/posed_images/scene0121_02/00208.jpg",
      "transform_matrix": [
        [
          -0.707669,
          0.118572,
          -0.696524,
          2.392631
        ],
        [
          0.706528,
          0.125404,
          -0.696485,
          1.245409
        ],
        [
          0.004763,
          -0.984995,
          -0.17252,
          1.455965
        ],
        [
          0.0,
          0.0,
          0.0,
          1.0
        ]
      ]
    },
    {
      "file_path": "/media/NFS/ttao/scannet/posed_images/scene0121_02/00209.jpg",
      "transform_matrix": [
        [
          -0.698987,
          0.116619,
          -0.705561,
          2.392056
        ],
        [
          0.715117,
          0.120846,
          -0.688479,
          1.241543
        ],
        [
          0.004975,
          -0.985797,
          -0.167866,
          1.461516
        ],
        [
          0.0,
          0.0,
          0.0,
          1.0
        ]
      ]
    },
    {
      "file_path": "/media/NFS/ttao/scannet/posed_images/scene0121_02/00218.jpg",
      "transform_matrix": [
        [
          -0.612064,
          0.044881,
          -0.789534,
          2.421026
        ],
        [
          0.790057,
          0.078204,
          -0.608024,
          1.209018
        ],
        [
          0.034456,
          -0.995927,
          -0.083324,
          1.480859
        ],
        [
          0.0,
          0.0,
          0.0,
          1.0
        ]
      ]
    },
    {
      "file_path": "/media/NFS/ttao/scannet/posed_images/scene0121_02/00222.jpg",
      "transform_matrix": [
        [
          -0.578582,
          0.045996,
          -0.814326,
          2.433434
        ],
        [
          0.814836,
          0.076472,
          -0.574625,
          1.192215
        ],
        [
          0.035842,
          -0.99601,
          -0.081725,
          1.49443
        ],
        [
          0.0,
          0.0,
          0.0,
          1.0
        ]
      ]
    },
    {
      "file_path": "/media/NFS/ttao/scannet/posed_images/scene0121_02/00224.jpg",
      "transform_matrix": [
        [
          -0.560424,
          0.046716,
          -0.826887,
          2.442379
        ],
        [
          0.827467,
          0.073736,
          -0.556651,
          1.182792
        ],
        [
          0.034967,
          -0.996183,
          -0.079979,
          1.49773
        ],
        [
          0.0,
          0.0,
          0.0,
          1.0
        ]
      ]
    },
    {
      "file_path": "/media/NFS/ttao/scannet/posed_images/scene0121_02/00231.jpg",
      "transform_matrix": [
        [
          -0.499529,
          0.010658,
          -0.866232,
          2.473233
        ],
        [
          0.86552,
          0.048496,
          -0.498522,
          1.155975
        ],
        [
          0.036696,
          -0.998766,
          -0.03345,
          1.511586
        ],
        [
          0.0,
          0.0,
          0.0,
          1.0
        ]
      ]
    },
    {
      "file_path": "/media/NFS/ttao/scannet/posed_images/scene0121_02/00237.jpg",
      "transform_matrix": [
        [
          -0.46761,
          -0.002564,
          -0.883931,
          2.494597
        ],
        [
          0.883142,
          0.041,
          -0.467311,
          1.136725
        ],
        [
          0.03744,
          -0.999156,
          -0.016908,
          1.527052
        ],
        [
          0.0,
          0.0,
          0.0,
          1.0
        ]
      ]
    },
    {
      "file_path": "/media/NFS/ttao/scannet/posed_images/scene0121_02/00241.jpg",
      "transform_matrix": [
        [
          -0.457119,
          0.003291,
          -0.8894,
          2.495626
        ],
        [
          0.888651,
          0.04289,
          -0.456575,
          1.129263
        ],
        [
          0.036644,
          -0.999074,
          -0.022531,
          1.533763
        ],
        [
          0.0,
          0.0,
          0.0,
          1.0
        ]
      ]
    },
    {
      "file_path": "/media/NFS/ttao/scannet/posed_images/scene0121_02/00242.jpg",
      "transform_matrix": [
        [
          -0.452341,
          0.003913,
          -0.891837,
          2.494946
        ],
        [
          0.89102,
          0.044994,
          -0.451729,
          1.127134
        ],
        [
          0.038359,
          -0.99898,
          -0.023839,
          1.535896
        ],
        [
          0.0,
          0.0,
          0.0,
          1.0
        ]
      ]
    },
    {
      "file_path": "/media/NFS/ttao/scannet/posed_images/scene0121_02/00248.jpg",
      "transform_matrix": [
        [
          -0.409926,
          0.010759,
          -0.912056,
          2.475837
        ],
        [
          0.911685,
          0.035667,
          -0.409338,
          1.117885
        ],
        [
          0.028126,
          -0.999306,
          -0.024429,
          1.552681
        ],
        [
          0.0,
          0.0,
          0.0,
          1.0
        ]
      ]
    },
    {
      "file_path": "/media/NFS/ttao/scannet/posed_images/scene0121_02/00252.jpg",
      "transform_matrix": [
        [
          -0.383819,
          -0.00492,
          -0.923395,
          2.457689
        ],
        [
          0.923292,
          0.013823,
          -0.38385,
          1.11771
        ],
        [
          0.014653,
          -0.999892,
          -0.000763,
          1.558536
        ],
        [
          0.0,
          0.0,
          0.0,
          1.0
        ]
      ]
    },
    {
      "file_path": "/media/NFS/ttao/scannet/posed_images/scene0121_02/00258.jpg",
      "transform_matrix": [
        [
          -0.349077,
          -0.016586,
          -0.936947,
          2.427499
        ],
        [
          0.936962,
          -0.022961,
          -0.348676,
          1.119838
        ],
        [
          -0.01573,
          -0.999599,
          0.023555,
          1.580461
        ],
        [
          0.0,
          0.0,
          0.0,
          1.0
        ]
      ]
    },
    {
      "file_path": "/media/NFS/ttao/scannet/posed_images/scene0121_02/00262.jpg",
      "transform_matrix": [
        [
          -0.322628,
          -0.01766,
          -0.946361,
          2.405344
        ],
        [
          0.946289,
          -0.028382,
          -0.322074,
          1.11888
        ],
        [
          -0.021172,
          -0.999441,
          0.025869,
          1.581733
        ],
        [
          0.0,
          0.0,
          0.0,
          1.0
        ]
      ]
    },
    {
      "file_path": "/media/NFS/ttao/scannet/posed_images/scene0121_02/00270.jpg",
      "transform_matrix": [
        [
          -0.260964,
          0.018005,
          -0.965181,
          2.350296
        ],
        [
          0.965158,
          -0.015011,
          -0.261238,
          1.115021
        ],
        [
          -0.019192,
          -0.999725,
          -0.01346,
          1.553958
        ],
        [
          0.0,
          0.0,
          0.0,
          1.0
        ]
      ]
    },
    {
      "file_path": "/media/NFS/ttao/scannet/posed_images/scene0121_02/00274.jpg",
      "transform_matrix": [
        [
          -0.249927,
          0.05628,
          -0.966628,
          2.321544
        ],
        [
          0.968213,
          0.00426,
          -0.250089,
          1.111573
        ],
        [
          -0.009957,
          -0.998406,
          -0.055556,
          1.531946
        ],
        [
          0.0,
          0.0,
          0.0,
          1.0
        ]
      ]
    },
    {
      "file_path": "/media/NFS/ttao/scannet/posed_images/scene0121_02/00280.jpg",
      "transform_matrix": [
        [
          -0.26538,
          0.122278,
          -0.956359,
          2.291339
        ],
        [
          0.964126,
          0.039742,
          -0.262454,
          1.104009
        ],
        [
          0.005915,
          -0.9917,
          -0.128438,
          1.498938
        ],
        [
          0.0,
          0.0,
          0.0,
          1.0
        ]
      ]
    },
    {
      "file_path": "/media/NFS/ttao/scannet/posed_images/scene0121_02/00281.jpg",
      "transform_matrix": [
        [
          -0.265592,
          0.130055,
          -0.955273,
          2.286848
        ],
        [
          0.964055,
          0.043691,
          -0.262085,
          1.101853
        ],
        [
          0.007651,
          -0.990544,
          -0.136984,
          1.493402
        ],
        [
          0.0,
          0.0,
          0.0,
          1.0
        ]
      ]
    },
    {
      "file_path": "/media/NFS/ttao/scannet/posed_images/scene0121_02/00285.jpg",
      "transform_matrix": [
        [
          -0.276047,
          0.163858,
          -0.947074,
          2.270382
        ],
        [
          0.961125,
          0.053353,
          -0.270911,
          1.097996
        ],
        [
          0.006138,
          -0.98504,
          -0.172215,
          1.47557
        ],
        [
          0.0,
          0.0,
          0.0,
          1.0
        ]
      ]
    },
    {
      "file_path": "/media/NFS/ttao/scannet/posed_images/scene0121_02/00293.jpg",
      "transform_matrix": [
        [
          -0.302375,
          0.227498,
          -0.925643,
          2.237064
        ],
        [
          0.952613,
          0.105885,
          -0.285162,
          1.091135
        ],
        [
          0.033138,
          -0.968005,
          -0.248734,
          1.43378
        ],
        [
          0.0,
          0.0,
          0.0,
          1.0
        ]
      ]
    },
    {
      "file_path": "/media/NFS/ttao/scannet/posed_images/scene0121_02/00295.jpg",
      "transform_matrix": [
        [
          -0.299467,
          0.242036,
          -0.922897,
          2.230509
        ],
        [
          0.953067,
          0.121024,
          -0.277517,
          1.083822
        ],
        [
          0.044524,
          -0.96269,
          -0.26692,
          1.420539
        ],
        [
          0.0,
          0.0,
          0.0,
          1.0
        ]
      ]
    },
    {
      "file_path": "/media/NFS/ttao/scannet/posed_images/scene0121_02/00300.jpg",
      "transform_matrix": [
        [
          -0.301172,
          0.28776,
          -0.909115,
          2.22102
        ],
        [
          0.951404,
          0.154901,
          -0.266151,
          1.06182
        ],
        [
          0.064235,
          -0.945093,
          -0.320427,
          1.382896
        ],
        [
          0.0,
          0.0,
          0.0,
          1.0
        ]
      ]
    },
    {
      "file_path": "/media/NFS/ttao/scannet/posed_images/scene0121_02/00305.jpg",
      "transform_matrix": [
        [
          -0.274139,
          0.310899,
          -0.910049,
          2.221408
        ],
        [
          0.957869,
          0.172544,
          -0.229598,
          1.02051
        ],
        [
          0.085642,
          -0.93465,
          -0.345102,
          1.357294
        ],
        [
          0.0,
          0.0,
          0.0,
          1.0
        ]
      ]
    },
    {
      "file_path": "/media/NFS/ttao/scannet/posed_images/scene0121_02/00311.jpg",
      "transform_matrix": [
        [
          -0.251798,
          0.372772,
          -0.893106,
          2.234518
        ],
        [
          0.965115,
          0.165156,
          -0.203166,
          0.959166
        ],
        [
          0.071767,
          -0.913107,
          -0.401354,
          1.318423
        ],
        [
          0.0,
          0.0,
          0.0,
          1.0
        ]
      ]
    },
    {
      "file_path": "/media/NFS/ttao/scannet/posed_images/scene0121_02/00314.jpg",
      "transform_matrix": [
        [
          -0.230564,
          0.400954,
          -0.886609,
          2.240509
        ],
        [
          0.969445,
          0.173084,
          -0.173832,
          0.935359
        ],
        [
          0.08376,
          -0.899599,
          -0.42861,
          1.296052
        ],
        [
          0.0,
          0.0,
          0.0,
          1.0
        ]
      ]
    },
    {
      "file_path": "/media/NFS/ttao/scannet/posed_images/scene0121_02/00323.jpg",
      "transform_matrix": [
        [
          -0.173574,
          0.476533,
          -0.861852,
          2.25291
        ],
        [
          0.978402,
          0.183196,
          -0.095754,
          0.896766
        ],
        [
          0.112258,
          -0.859858,
          -0.498039,
          1.227432
        ],
        [
          0.0,
          0.0,
          0.0,
          1.0
        ]
      ]
    },
    {
      "file_path": "/media/NFS/ttao/scannet/posed_images/scene0121_02/00327.jpg",
      "transform_matrix": [
        [
          -0.160291,
          0.495555,
          -0.853658,
          2.251691
        ],
        [
          0.978715,
          0.192077,
          -0.072271,
          0.887209
        ],
        [
          0.128154,
          -0.847072,
          -0.515796,
          1.214934
        ],
        [
          0.0,
          0.0,
          0.0,
          1.0
        ]
      ]
    },
    {
      "file_path": "/media/NFS/ttao/scannet/posed_images/scene0121_02/00330.jpg",
      "transform_matrix": [
        [
          -0.152023,
          0.500026,
          -0.852563,
          2.248503
        ],
        [
          0.979414,
          0.192115,
          -0.061967,
          0.889441
        ],
        [
          0.132805,
          -0.844432,
          -0.518938,
          1.202203
        ],
        [
          0.0,
          0.0,
          0.0,
          1.0
        ]
      ]
    },
    {
      "file_path": "/media/NFS/ttao/scannet/posed_images/scene0121_02/00336.jpg",
      "transform_matrix": [
        [
          -0.111466,
          0.507834,
          -0.854213,
          2.212974
        ],
        [
          0.985559,
          0.166744,
          -0.029475,
          0.888076
        ],
        [
          0.127467,
          -0.845163,
          -0.519087,
          1.205987
        ],
        [
          0.0,
          0.0,
          0.0,
          1.0
        ]
      ]
    },
    {
      "file_path": "/media/NFS/ttao/scannet/posed_images/scene0121_02/00338.jpg",
      "transform_matrix": [
        [
          -0.100233,
          0.504893,
          -0.857343,
          2.196753
        ],
        [
          0.988339,
          0.149798,
          -0.027331,
          0.887831
        ],
        [
          0.114629,
          -0.850084,
          -0.51402,
          1.214221
        ],
        [
          0.0,
          0.0,
          0.0,
          1.0
        ]
      ]
    },
    {
      "file_path": "/media/NFS/ttao/scannet/posed_images/scene0121_02/00343.jpg",
      "transform_matrix": [
        [
          -0.060717,
          0.484261,
          -0.872814,
          2.147367
        ],
        [
          0.995053,
          0.098256,
          -0.014706,
          0.890466
        ],
        [
          0.078638,
          -0.869389,
          -0.487831,
          1.238335
        ],
        [
          0.0,
          0.0,
          0.0,
          1.0
        ]
      ]
    },
    {
      "file_path": "/media/NFS/ttao/scannet/posed_images/scene0121_02/00351.jpg",
      "transform_matrix": [
        [
          -0.024851,
          0.427672,
          -0.903592,
          2.06844
        ],
        [
          0.998107,
          0.061482,
          0.001649,
          0.895617
        ],
        [
          0.056259,
          -0.901841,
          -0.42839,
          1.284643
        ],
        [
          0.0,
          0.0,
          0.0,
          1.0
        ]
      ]
    },
    {
      "file_path": "/media/NFS/ttao/scannet/posed_images/scene0121_02/00356.jpg",
      "transform_matrix": [
        [
          -0.00083,
          0.399684,
          -0.916653,
          2.020671
        ],
        [
          0.999362,
          0.033065,
          0.013512,
          0.904169
        ],
        [
          0.035709,
          -0.916057,
          -0.399456,
          1.309164
        ],
        [
          0.0,
          0.0,
          0.0,
          1.0
        ]
      ]
    },
    {
      "file_path": "/media/NFS/ttao/scannet/posed_images/scene0121_02/00357.jpg",
      "transform_matrix": [
        [
          0.000387,
          0.395244,
          -0.918576,
          2.011225
        ],
        [
          0.999504,
          0.028781,
          0.012805,
          0.906037
        ],
        [
          0.031498,
          -0.918125,
          -0.395037,
          1.313635
        ],
        [
          0.0,
          0.0,
          0.0,
          1.0
        ]
      ]
    },
    {
      "file_path": "/media/NFS/ttao/scannet/posed_images/scene0121_02/00366.jpg",
      "transform_matrix": [
        [
          0.052466,
          0.302515,
          -0.9517,
          1.945613
        ],
        [
          0.99795,
          0.019104,
          0.061088,
          0.890926
        ],
        [
          0.036662,
          -0.952953,
          -0.300892,
          1.36234
        ],
        [
          0.0,
          0.0,
          0.0,
          1.0
        ]
      ]
    },
    {
      "file_path": "/media/NFS/ttao/scannet/posed_images/scene0121_02/00367.jpg",
      "transform_matrix": [
        [
          0.058885,
          0.289368,
          -0.955405,
          1.940067
        ],
        [
          0.997591,
          0.018101,
          0.066968,
          0.884752
        ],
        [
          0.036672,
          -0.957047,
          -0.287605,
