{
  "frames": [
    {
      "file_path": "/media/NFS/ttao/scannet/posed_images/scene0359_01/00001.jpg",
      "transform_matrix": [
        [
          -0.789505,
          -0.216077,
          0.574451,
          2.108991
        ],
        [
          -0.613715,
          0.287203,
          -0.735438,
          1.992018
        ],
        [
          -0.006073,
          -0.93318,
          -0.359357,
          1.530389
        ],
        [
          0.0,
          0.0,
          0.0,
          1.0
        ]
      ]
    },
    {
      "file_path": "/media/NFS/ttao/scannet/posed_images/scene0359_01/00003.jpg",
      "transform_matrix": [
        [
          -0.789698,
          -0.21278,
          0.575414,
          2.106443
        ],
        [
          -0.613434,
          0.287104,
          -0.73571,
          1.999822
        ],
        [
          -0.00866,
          -0.933968,
          -0.357252,
          1.533504
        ],
        [
          0.0,
          0.0,
          0.0,
          1.0
        ]
      ]
    },
    {
      "file_path": "/media/NFS/ttao/scannet/posed_images/scene0359_01/00005.jpg",
      "transform_matrix": [
        [
          -0.792715,
          -0.209947,
          0.572298,
          2.106158
        ],
        [
          -0.609554,
          0.283494,
          -0.740321,
          2.00882
        ],
        [
          -0.006815,
          -0.93571,
          -0.352704,
          1.536469
        ],
        [
          0.0,
          0.0,
          0.0,
          1.0
        ]
      ]
    },
    {
      "file_path": "/media/NFS/ttao/scannet/posed_images/scene0359_01/00007.jpg",
      "transform_matrix": [
        [
          -0.79492,
          -0.203826,
          0.571452,
          2.102469
        ],
        [
          -0.606668,
          0.278705,
          -0.744498,
          2.013195
        ],
        [
          -0.007519,
          -0.938498,
          -0.345203,
          1.542226
        ],
        [
          0.0,
          0.0,
          0.0,
          1.0
        ]
      ]
    },
    {
      "file_path": "/media/NFS/ttao/scannet/posed_images/scene0359_01/00009.jpg",
      "transform_matrix": [
        [
          -0.795418,
          -0.195383,
          0.573704,
          2.09839
        ],
        [
          -0.605995,
          0.270455,
          -0.748081,
          2.017224
        ],
        [
          -0.008999,
          -0.942698,
          -0.333526,
          1.546305
        ],
        [
          0.0,
          0.0,
          0.0,
          1.0
        ]
      ]
    },
    {
      "file_path": "/media/NFS/ttao/scannet/posed_images/scene0359_01/00010.jpg",
      "transform_matrix": [
        [
          -0.799997,
          -0.190025,
          0.569118,
          2.104663
        ],
        [
          -0.599926,
          0.268644,
          -0.753604,
          2.026768
        ],
        [
          -0.009686,
          -0.94431,
          -0.328915,
          1.545487
        ],
        [
          0.0,
          0.0,
          0.0,
          1.0
        ]
      ]
    },
    {
      "file_path": "/media/NFS/ttao/scannet/posed_images/scene0359_01/00013.jpg",
      "transform_matrix": [
        [
          -0.798717,
          -0.177151,
          0.575038,
          2.098842
        ],
        [
          -0.601333,
          0.268703,
          -0.752461,
          2.030664
        ],
        [
          -0.021215,
          -0.946793,
          -0.321144,
          1.547126
        ],
        [
          0.0,
          0.0,
          0.0,
          1.0
        ]
      ]
    },
    {
      "file_path": "/media/NFS/ttao/scannet/posed_images/scene0359_01/00014.jpg",
      "transform_matrix": [
        [
          -0.795634,
          -0.175545,
          0.579784,
          2.095434
        ],
        [
          -0.605245,
          0.27047,
          -0.748682,
          2.032039
        ],
        [
          -0.025387,
          -0.946588,
          -0.321443,
          1.543905
        ],
        [
          0.0,
          0.0,
          0.0,
          1.0
        ]
      ]
    },
    {
      "file_path": "/media/NFS/ttao/scannet/posed_images/scene0359_01/00016.jpg",
      "transform_matrix": [
        [
          -0.793604,
          -0.183526,
          0.580095,
          2.093649
        ],
        [
          -0.608013,
          0.274677,
          -0.744898,
          2.032583
        ],
        [
          -0.022631,
          -0.94386,
          -0.329571,
          1.539271
        ],
        [
          0.0,
          0.0,
          0.0,
          1.0
        ]
      ]
    },
    {
      "file_path": "/media/NFS/ttao/scannet/posed_images/scene0359_01/00018.jpg",
      "transform_matrix": [
        [
          -0.792355,
          -0.194315,
          0.578287,
          2.091786
        ],
        [
          -0.609796,
          0.280175,
          -0.741384,
          2.030891
        ],
        [
          -0.017959,
          -0.940076,
          -0.340491,
          1.534631
        ],
        [
          0.0,
          0.0,
          0.0,
          1.0
        ]
      ]
    },
    {
      "file_path": "/media/NFS/ttao/scannet/posed_images/scene0359_01/00020.jpg",
      "transform_matrix": [
        [
          -0.79009,
          -0.205027,
          0.577687,
          2.088751
        ],
        [
          -0.612835,
          0.285459,
          -0.736849,
          2.025729
        ],
        [
          -0.013832,
          -0.936204,
          -0.351186,
          1.5332
        ],
        [
          0.0,
          0.0,
          0.0,
          1.0
        ]
      ]
    },
    {
      "file_path": "/media/NFS/ttao/scannet/posed_images/scene0359_01/00022.jpg",
      "transform_matrix": [
        [
          -0.790537,
          -0.213379,
          0.57404,
          2.088353
        ],
        [
          -0.612383,
          0.285054,
          -0.737382,
          2.024796
        ],
        [
          -0.006291,
          -0.934459,
          -0.356015,
          1.527192
        ],
        [
          0.0,
          0.0,
          0.0,
          1.0
        ]
      ]
    },
    {
      "file_path": "/media/NFS/ttao/scannet/posed_images/scene0359_01/00024.jpg",
      "transform_matrix": [
        [
          -0.791629,
          -0.222507,
          0.569046,
          2.086496
        ],
        [
          -0.611001,
          0.28815,
          -0.737324,
          2.022836
        ],
        [
          8.8e-05,
          -0.931376,
          -0.36406,
          1.519844
        ],
        [
          0.0,
          0.0,
          0.0,
          1.0
        ]
      ]
    },
    {
      "file_path": "/media/NFS/ttao/scannet/posed_images/scene0359_01/00026.jpg",
      "transform_matrix": [
        [
          -0.791588,
          -0.231595,
          0.565466,
          2.084041
        ],
        [
          -0.611054,
          0.298001,
          -0.733355,
          2.019006
        ],
        [
          0.001332,
          -0.926045,
          -0.377411,
          1.512751
        ],
        [
          0.0,
          0.0,
          0.0,
          1.0
        ]
      ]
    },
    {
      "file_path": "/media/NFS/ttao/scannet/posed_images/scene0359_01/00030.jpg",
      "transform_matrix": [
        [
          -0.777969,
          -0.262109,
          0.571019,
          2.074359
        ],
        [
          -0.628238,
          0.311452,
          -0.712962,
          2.00968
        ],
        [
          0.009029,
          -0.913398,
          -0.406966,
          1.49698
        ],
        [
          0.0,
          0.0,
          0.0,
          1.0
        ]
      ]
    },
    {
      "file_path": "/media/NFS/ttao/scannet/posed_images/scene0359_01/00032.jpg",
      "transform_matrix": [
        [
          -0.764498,
          -0.274725,
          0.583154,
          2.071473
        ],
        [
          -0.644599,
          0.317539,
          -0.695457,
          2.006892
        ],
        [
          0.005885,
          -0.907577,
          -0.419846,
          1.489893
        ],
        [
          0.0,
          0.0,
          0.0,
          1.0
        ]
      ]
    },
    {
      "file_path": "/media/NFS/ttao/scannet/posed_images/scene0359_01/00033.jpg",
      "transform_matrix": [
        [
          -0.759559,
          -0.272627,
          0.590546,
          2.06781
        ],
        [
          -0.650438,
          0.319584,
          -0.689055,
          2.004639
        ],
        [
          -0.000874,
          -0.907491,
          -0.42007,
          1.486081
        ],
        [
          0.0,
          0.0,
          0.0,
          1.0
        ]
      ]
    },
    {
      "file_path": "/media/NFS/ttao/scannet/posed_images/scene0359_01/00035.jpg",
      "transform_matrix": [
        [
          -0.753105,
          -0.266528,
          0.601495,
          2.059296
        ],
        [
          -0.657627,
          0.331332,
          -0.676569,
          1.998589
        ],
        [
          -0.01897,
          -0.905087,
          -0.424804,
          1.477474
        ],
        [
          0.0,
          0.0,
          0.0,
          1.0
        ]
      ]
    },
    {
      "file_path": "/media/NFS/ttao/scannet/posed_images/scene0359_01/00037.jpg",
      "transform_matrix": [
        [
          -0.746102,
          -0.274668,
          0.606539,
          2.049679
        ],
        [
          -0.665535,
          0.334834,
          -0.667045,
          1.991724
        ],
        [
          -0.019874,
          -0.901356,
          -0.432621,
          1.469069
        ],
        [
          0.0,
          0.0,
          0.0,
          1.0
        ]
      ]
    },
    {
      "file_path": "/media/NFS/ttao/scannet/posed_images/scene0359_01/00039.jpg",
      "transform_matrix": [
        [
          -0.741723,
          -0.298191,
          0.600773,
          2.040177
        ],
        [
          -0.670623,
          0.343772,
          -0.657332,
          1.98479
        ],
        [
          -0.010519,
          -0.890451,
          -0.454958,
          1.457354
        ],
        [
          0.0,
          0.0,
          0.0,
          1.0
        ]
      ]
    },
    {
      "file_path": "/media/NFS/ttao/scannet/posed_images/scene0359_01/00042.jpg",
      "transform_matrix": [
        [
          -0.730851,
          -0.33982,
          0.591929,
          2.016249
        ],
        [
          -0.682292,
          0.34048,
          -0.646955,
          1.966184
        ],
        [
          0.018308,
          -0.876696,
          -0.480696,
          1.433855
        ],
        [
          0.0,
          0.0,
          0.0,
          1.0
        ]
      ]
    },
    {
      "file_path": "/media/NFS/ttao/scannet/posed_images/scene0359_01/00044.jpg",
      "transform_matrix": [
        [
          -0.719967,
          -0.366608,
          0.589276,
          2.006849
        ],
        [
          -0.693251,
          0.340241,
          -0.635327,
          1.957266
        ],
        [
          0.032421,
          -0.86593,
          -0.499113,
          1.423777
        ],
        [
          0.0,
          0.0,
          0.0,
          1.0
        ]
      ]
    },
    {
      "file_path": "/media/NFS/ttao/scannet/posed_images/scene0359_01/00045.jpg",
      "transform_matrix": [
        [
          -0.711302,
          -0.3798,
          0.59144,
          2.002268
        ],
        [
          -0.701933,
          0.339992,
          -0.625856,
          1.953457
        ],
        [
          0.036615,
          -0.860324,
          -0.508431,
          1.418766
        ],
        [
          0.0,
          0.0,
          0.0,
          1.0
        ]
      ]
    },
    {
      "file_path": "/media/NFS/ttao/scannet/posed_images/scene0359_01/00047.jpg",
      "transform_matrix": [
        [
          -0.693211,
          -0.397153,
          0.601438,
          1.992743
        ],
        [
          -0.719779,
          0.338518,
          -0.606072,
          1.946363
        ],
        [
          0.037105,
          -0.853038,
          -0.520527,
          1.411294
        ],
        [
          0.0,
          0.0,
          0.0,
          1.0
        ]
      ]
    },
    {
      "file_path": "/media/NFS/ttao/scannet/posed_images/scene0359_01/00049.jpg",
      "transform_matrix": [
        [
          -0.677713,
          -0.411776,
          0.609217,
          1.985742
        ],
        [
          -0.734417,
          0.337849,
          -0.588633,
          1.940073
        ],
        [
          0.036561,
          -0.846344,
          -0.53138,
          1.40427
        ],
        [
          0.0,
          0.0,
          0.0,
          1.0
        ]
      ]
    },
    {
      "file_path": "/media/NFS/ttao/scannet/posed_images/scene0359_01/00052.jpg",
      "transform_matrix": [
        [
          -0.6517,
          -0.431182,
          0.623995,
          1.979121
        ],
        [
          -0.757827,
          0.336107,
          -0.559223,
          1.935924
        ],
        [
          0.031398,
          -0.837326,
          -0.545802,
          1.393428
        ],
        [
          0.0,
          0.0,
          0.0,
          1.0
        ]
      ]
    },
    {
      "file_path": "/media/NFS/ttao/scannet/posed_images/scene0359_01/00053.jpg",
      "transform_matrix": [
        [
          -0.643428,
          -0.434578,
          0.630192,
          1.97768
        ],
        [
          -0.764995,
          0.334935,
          -0.550092,
          1.935113
        ],
        [
          0.027984,
          -0.836038,
          -0.547957,
          1.390339
        ],
        [
          0.0,
          0.0,
          0.0,
          1.0
        ]
      ]
    },
    {
      "file_path": "/media/NFS/ttao/scannet/posed_images/scene0359_01/00056.jpg",
      "transform_matrix": [
        [
          -0.623676,
          -0.452704,
          0.63725,
          1.976933
        ],
        [
          -0.781417,
          0.339815,
          -0.523367,
          1.932323
        ],
        [
          0.020384,
          -0.824369,
          -0.565685,
          1.381828
        ],
        [
          0.0,
          0.0,
          0.0,
          1.0
        ]
      ]
    },
    {
      "file_path": "/media/NFS/ttao/scannet/posed_images/scene0359_01/00059.jpg",
      "transform_matrix": [
        [
          -0.604629,
          -0.467164,
          0.645121,
          1.984796
        ],
        [
          -0.796507,
          0.354703,
          -0.489655,
          1.926137
        ],
        [
          -7.7e-05,
          -0.809903,
          -0.586563,
          1.370459
        ],
        [
          0.0,
          0.0,
          0.0,
          1.0
        ]
      ]
    },
    {
      "file_path": "/media/NFS/ttao/scannet/posed_images/scene0359_01/00061.jpg",
      "transform_matrix": [
        [
          -0.601169,
          -0.466745,
          0.648649,
          1.988677
        ],
        [
          -0.799074,
          0.35999,
          -0.481547,
          1.921318
        ],
        [
          -0.008748,
          -0.80781,
          -0.589378,
          1.361425
        ],
        [
          0.0,
          0.0,
          0.0,
          1.0
        ]
      ]
    },
    {
      "file_path": "/media/NFS/ttao/scannet/posed_images/scene0359_01/00062.jpg",
      "transform_matrix": [
        [
          -0.601243,
          -0.468753,
          0.64713,
          1.993142
        ],
        [
          -0.799015,
          0.361873,
          -0.480233,
          1.917885
        ],
        [
          -0.009068,
          -0.805803,
          -0.592114,
          1.358007
        ],
        [
          0.0,
          0.0,
          0.0,
          1.0
        ]
      ]
    },
    {
      "file_path": "/media/NFS/ttao/scannet/posed_images/scene0359_01/00065.jpg",
      "transform_matrix": [
        [
          -0.612374,
          -0.47608,
          0.631147,
          2.009294
        ],
        [
          -0.790567,
          0.370126,
          -0.487863,
          1.906022
        ],
        [
          -0.001342,
          -0.797719,
          -0.603028,
          1.35075
        ],
        [
          0.0,
          0.0,
          0.0,
          1.0
        ]
      ]
    },
    {
      "file_path": "/media/NFS/ttao/scannet/posed_images/scene0359_01/00067.jpg",
      "transform_matrix": [
        [
          -0.620433,
          -0.472534,
          0.625919,
          2.022692
        ],
        [
          -0.784258,
          0.372346,
          -0.496284,
          1.897355
        ],
        [
          0.001453,
          -0.798793,
          -0.601604,
          1.35009
        ],
        [
          0.0,
          0.0,
          0.0,
          1.0
        ]
      ]
    },
    {
      "file_path": "/media/NFS/ttao/scannet/posed_images/scene0359_01/00069.jpg",
      "transform_matrix": [
        [
          -0.628012,
          -0.469575,
          0.620564,
          2.036816
        ],
        [
          -0.778104,
          0.366167,
          -0.510368,
          1.890725
        ],
        [
          0.012426,
          -0.803381,
          -0.595335,
          1.352154
        ],
        [
          0.0,
          0.0,
          0.0,
          1.0
        ]
      ]
    },
    {
      "file_path": "/media/NFS/ttao/scannet/posed_images/scene0359_01/00071.jpg",
      "transform_matrix": [
        [
          -0.631564,
          -0.46945,
          0.617045,
          2.052251
        ],
        [
          -0.774902,
          0.355929,
          -0.522343,
          1.886289
        ],
        [
          0.025589,
          -0.808042,
          -0.588569,
          1.355276
        ],
        [
          0.0,
          0.0,
          0.0,
          1.0
        ]
      ]
    },
    {
      "file_path": "/media/NFS/ttao/scannet/posed_images/scene0359_01/00072.jpg",
      "transform_matrix": [
        [
          -0.629712,
          -0.470564,
          0.618088,
          2.060033
        ],
        [
          -0.77625,
          0.350454,
          -0.524041,
          1.884133
        ],
        [
          0.029984,
          -0.809785,
          -0.58596,
          1.357395
        ],
        [
          0.0,
          0.0,
          0.0,
          1.0
        ]
      ]
    },
    {
      "file_path": "/media/NFS/ttao/scannet/posed_images/scene0359_01/00075.jpg",
      "transform_matrix": [
        [
          -0.608794,
          -0.480431,
          0.631313,
          2.084724
        ],
        [
          -0.792474,
          0.331358,
          -0.512043,
          1.883629
        ],
        [
          0.036811,
          -0.812027,
          -0.582457,
          1.369424
        ],
        [
          0.0,
          0.0,
          0.0,
          1.0
        ]
      ]
    },
    {
      "file_path": "/media/NFS/ttao/scannet/posed_images/scene0359_01/00076.jpg",
      "transform_matrix": [
        [
          -0.586552,
          -0.490811,
          0.644253,
          2.09862
        ],
        [
          -0.808821,
          0.313716,
          -0.497383,
          1.884793
        ],
        [
          0.042008,
          -0.812827,
          -0.580989,
          1.374876
        ],
        [
          0.0,
          0.0,
          0.0,
          1.0
        ]
      ]
    },
    {
      "file_path": "/media/NFS/ttao/scannet/posed_images/scene0359_01/00078.jpg",
      "transform_matrix": [
        [
          -0.561348,
          -0.507464,
          0.653734,
          2.110026
        ],
        [
          -0.825891,
          0.293078,
          -0.481673,
          1.888039
        ],
        [
          0.052837,
          -0.8103,
          -0.583629,
          1.381192
        ],
        [
          0.0,
          0.0,
          0.0,
          1.0
        ]
      ]
    },
    {
      "file_path": "/media/NFS/ttao/scannet/posed_images/scene0359_01/00082.jpg",
      "transform_matrix": [
        [
          -0.503085,
          -0.542169,
          0.673022,
          2.127056
        ],
        [
          -0.862596,
          0.26704,
          -0.429671,
          1.905303
        ],
        [
          0.05323,
          -0.796707,
          -0.602017,
          1.379973
        ],
        [
          0.0,
          0.0,
          0.0,
          1.0
        ]
      ]
    },
    {
      "file_path": "/media/NFS/ttao/scannet/posed_images/scene0359_01/00083.jpg",
      "transform_matrix": [
        [
          -0.482605,
          -0.547132,
          0.683915,
          2.127169
        ],
        [
          -0.874402,
          0.256281,
          -0.411997,
          1.906791
        ],
        [
          0.050143,
          -0.796848,
          -0.602095,
          1.37896
        ],
        [
          0.0,
          0.0,
          0.0,
          1.0
        ]
      ]
    },
    {
      "file_path": "/media/NFS/ttao/scannet/posed_images/scene0359_01/00086.jpg",
      "transform_matrix": [
        [
          -0.430189,
          -0.556629,
          0.710705,
          2.126103
        ],
        [
          -0.901979,
          0.232739,
          -0.363684,
          1.913131
        ],
        [
          0.037029,
          -0.797494,
          -0.602189,
          1.375965
        ],
        [
          0.0,
          0.0,
          0.0,
          1.0
        ]
      ]
    },
    {
      "file_path": "/media/NFS/ttao/scannet/posed_images/scene0359_01/00088.jpg",
      "transform_matrix": [
        [
          -0.400838,
          -0.565165,
          0.721053,
          2.122434
        ],
        [
          -0.91536,
          0.214415,
          -0.340795,
          1.916262
        ],
        [
          0.038001,
          -0.796627,
          -0.603275,
          1.375565
        ],
        [
          0.0,
          0.0,
          0.0,
          1.0
        ]
      ]
    },
    {
      "file_path": "/media/NFS/ttao/scannet/posed_images/scene0359_01/00090.jpg",
      "transform_matrix": [
        [
          -0.368503,
          -0.579791,
          0.726669,
          2.113168
        ],
        [
          -0.92891,
          0.198963,
          -0.312314,
          1.91376
        ],
        [
          0.036496,
          -0.790099,
          -0.611892,
          1.372074
        ],
        [
          0.0,
          0.0,
          0.0,
          1.0
        ]
      ]
    },
    {
      "file_path": "/media/NFS/ttao/scannet/posed_images/scene0359_01/00092.jpg",
      "transform_matrix": [
        [
          -0.315997,
          -0.582769,
          0.748682,
          2.097951
        ],
        [
          -0.948178,
          0.16635,
          -0.270713,
          1.914358
        ],
        [
          0.03322,
          -0.795429,
          -0.605135,
          1.369163
        ],
        [
          0.0,
          0.0,
          0.0,
          1.0
        ]
      ]
    },
    {
      "file_path": "/media/NFS/ttao/scannet/posed_images/scene0359_01/00093.jpg",
      "transform_matrix": [
        [
          -0.300105,
          -0.582636,
          0.755296,
          2.093211
        ],
        [
          -0.953386,
          0.157066,
          -0.257653,
          1.914318
        ],
        [
          0.031487,
          -0.797412,
          -0.602614,
          1.369121
        ],
        [
          0.0,
          0.0,
          0.0,
          1.0
        ]
      ]
    },
    {
      "file_path": "/media/NFS/ttao/scannet/posed_images/scene0359_01/00096.jpg",
      "transform_matrix": [
        [
          -0.258054,
          -0.585306,
          0.768651,
          2.078768
        ],
        [
          -0.965596,
          0.129799,
          -0.225334,
          1.914695
        ],
        [
          0.032119,
          -0.800356,
          -0.598665,
          1.369294
        ],
        [
          0.0,
          0.0,
          0.0,
          1.0
        ]
      ]
    },
    {
      "file_path": "/media/NFS/ttao/scannet/posed_images/scene0359_01/00097.jpg",
      "transform_matrix": [
        [
          -0.243727,
          -0.587485,
          0.771659,
          2.074213
        ],
        [
          -0.969274,
          0.120284,
          -0.214568,
          1.914778
        ],
        [
          0.033237,
          -0.800246,
          -0.59875,
          1.369701
        ],
        [
          0.0,
          0.0,
          0.0,
          1.0
        ]
      ]
    },
    {
      "file_path": "/media/NFS/ttao/scannet/posed_images/scene0359_01/00100.jpg",
      "transform_matrix": [
        [
          -0.18359,
          -0.595915,
          0.78178,
          2.057459
        ],
        [
          -0.982664,
          0.090391,
          -0.161864,
          1.905542
        ],
        [
          0.025791,
          -0.797944,
          -0.602179,
          1.371816
        ],
        [
          0.0,
          0.0,
          0.0,
          1.0
        ]
      ]
    },
    {
      "file_path": "/media/NFS/ttao/scannet/posed_images/scene0359_01/00102.jpg",
      "transform_matrix": [
        [
          -0.147501,
          -0.598584,
          0.787363,
          2.047574
        ],
        [
          -0.988783,
          0.070351,
          -0.13175,
          1.906502
        ],
        [
          0.023472,
          -0.797965,
          -0.602247,
          1.370664
        ],
        [
          0.0,
          0.0,
          0.0,
          1.0
        ]
      ]
    },
    {
      "file_path": "/media/NFS/ttao/scannet/posed_images/scene0359_01/00103.jpg",
      "transform_matrix": [
        [
          -0.129584,
          -0.599255,
          0.790001,
          2.044572
        ],
        [
          -0.991256,
          0.058307,
          -0.118368,
          1.908159
        ],
        [
          0.02487,
          -0.798432,
          -0.601571,
          1.370647
        ],
        [
          0.0,
          0.0,
          0.0,
          1.0
        ]
      ]
    },
    {
      "file_path": "/media/NFS/ttao/scannet/posed_images/scene0359_01/00105.jpg",
      "transform_matrix": [
        [
          -0.090653,
          -0.600313,
          0.794611,
          2.035374
        ],
        [
          -0.995499,
          0.032486,
          -0.089029,
          1.909403
        ],
        [
          0.027632,
          -0.799105,
          -0.600556,
          1.369333
        ],
        [
          0.0,
          0.0,
          0.0,
          1.0
        ]
      ]
    },
    {
      "file_path": "/media/NFS/ttao/scannet/posed_images/scene0359_01/00109.jpg",
      "transform_matrix": [
        [
          -0.005191,
          -0.608991,
          0.79316,
          2.022303
        ],
        [
          -0.999723,
          -0.015044,
          -0.018094,
          1.918674
        ],
        [
          0.022951,
          -0.793034,
          -0.608745,
          1.369346
        ],
        [
          0.0,
          0.0,
          0.0,
          1.0
        ]
      ]
    },
    {
      "file_path": "/media/NFS/ttao/scannet/posed_images/scene0359_01/00111.jpg",
      "transform_matrix": [
        [
          0.031527,
          -0.613164,
          0.789327,
          2.016982
        ],
        [
          -0.999393,
          -0.031033,
          0.01581,
          1.923728
        ],
        [
          0.014802,
          -0.789346,
          -0.61377,
          1.368919
        ],
        [
          0.0,
          0.0,
          0.0,
          1.0
        ]
      ]
    },
    {
      "file_path": "/media/NFS/ttao/scannet/posed_images/scene0359_01/00113.jpg",
      "transform_matrix": [
        [
          0.053013,
          -0.608746,
          0.791592,
          2.015892
        ],
        [
          -0.998522,
          -0.041842,
          0.034694,
          1.930701
        ],
        [
          0.012002,
          -0.792261,
          -0.610064,
          1.369073
        ],
        [
          0.0,
          0.0,
          0.0,
          1.0
        ]
      ]
    },
    {
      "file_path": "/media/NFS/ttao/scannet/posed_images/scene0359_01/00114.jpg",
      "transform_matrix": [
        [
          0.06119,
          -0.607422,
          0.792019,
          2.016504
        ],
        [
          -0.998089,
          -0.0441,
          0.043289,
          1.933276
        ],
        [
          0.008633,
          -0.793155,
          -0.608959,
          1.369401
        ],
        [
          0.0,
          0.0,
          0.0,
          1.0
        ]
      ]
    },
    {
      "file_path": "/media/NFS/ttao/scannet/posed_images/scene0359_01/00116.jpg",
      "transform_matrix": [
        [
          0.083597,
          -0.603283,
          0.793134,
          2.02072
        ],
        [
          -0.996493,
          -0.053601,
          0.064261,
          1.937832
        ],
        [
          0.003745,
          -0.795724,
          -0.605648,
          1.36973
        ],
        [
          0.0,
          0.0,
          0.0,
          1.0
        ]
      ]
    },
    {
      "file_path": "/media/NFS/ttao/scannet/posed_images/scene0359_01/00119.jpg",
      "transform_matrix": [
        [
          0.115233,
          -0.584621,
          0.803082,
          2.043074
        ],
        [
          -0.993119,
          -0.084788,
          0.080778,
          1.953442
        ],
        [
          0.020868,
          -0.806864,
          -0.590368,
          1.370554
        ],
        [
          0.0,
          0.0,
          0.0,
          1.0
        ]
      ]
    },
    {
      "file_path": "/media/NFS/ttao/scannet/posed_images/scene0359_01/00120.jpg",
      "transform_matrix": [
        [
          0.118443,
          -0.578311,
          0.807172,
          2.045411
        ],
        [
          -0.992682,
          -0.088238,
          0.082445,
          1.952704
        ],
        [
          0.023545,
          -0.81103,
          -0.58453,
          1.361409
        ],
        [
          0.0,
          0.0,
          0.0,
          1.0
        ]
      ]
    },
    {
      "file_path": "/media/NFS/ttao/scannet/posed_images/scene0359_01/00122.jpg",
      "transform_matrix": [
        [
          0.119311,
          -0.577261,
          0.807796,
          2.064099
        ],
        [
          -0.992296,
          -0.096673,
          0.077478,
          1.963285
        ],
        [
          0.033367,
          -0.810817,
          -0.584348,
          1.363898
        ],
        [
          0.0,
          0.0,
          0.0,
          1.0
        ]
      ]
    },
    {
      "file_path": "/media/NFS/ttao/scannet/posed_images/scene0359_01/00125.jpg",
      "transform_matrix": [
        [
          0.126087,
          -0.575394,
          0.808099,
          2.093522
        ],
        [
          -0.991173,
          -0.106703,
          0.078676,
          1.980051
        ],
        [
          0.040957,
          -0.810886,
          -0.583769,
          1.364511
        ],
        [
          0.0,
          0.0,
          0.0,
          1.0
        ]
      ]
    },
    {
      "file_path": "/media/NFS/ttao/scannet/posed_images/scene0359_01/00126.jpg",
      "transform_matrix": [
        [
          0.128404,
          -0.574632,
          0.808276,
          2.10355
        ],
        [
          -0.990767,
          -0.110088,
          0.079129,
          1.986585
        ],
        [
          0.043511,
          -0.810974,
          -0.583462,
          1.364891
        ],
        [
          0.0,
          0.0,
          0.0,
          1.0
        ]
      ]
    },
    {
      "file_path": "/media/NFS/ttao/scannet/posed_images/scene0359_01/00129.jpg",
      "transform_matrix": [
        [
          0.130908,
          -0.569448,
          0.811537,
          2.136248
        ],
        [
          -0.990014,
          -0.118271,
          0.076708,
          2.003925
        ],
        [
          0.0523,
          -0.813475,
          -0.579244,
          1.367017
        ],
        [
          0.0,
          0.0,
          0.0,
          1.0
        ]
      ]
    },
    {
      "file_path": "/media/NFS/ttao/scannet/posed_images/scene0359_01/00130.jpg",
      "transform_matrix": [
        [
          0.129068,
          -0.56857,
          0.812447,
          2.146421
        ],
        [
          -0.990177,
          -0.11832,
          0.074499,
          2.010381
        ],
        [
          0.053771,
          -0.814081,
          -0.578256,
          1.365677
        ],
        [
          0.0,
          0.0,
          0.0,
          1.0
        ]
      ]
    },
    {
      "file_path": "/media/NFS/ttao/scannet/posed_images/scene0359_01/00132.jpg",
      "transform_matrix": [
        [
          0.132329,
          -0.570478,
          0.810582,
          2.169628
        ],
        [
          -0.989518,
          -0.123735,
          0.074458,
          2.019805
        ],
        [
          0.05782,
          -0.811939,
          -0.580872,
          1.369859
        ],
        [
          0.0,
          0.0,
          0.0,
          1.0
        ]
      ]
    },
    {
      "file_path": "/media/NFS/ttao/scannet/posed_images/scene0359_01/00135.jpg",
      "transform_matrix": [
        [
          0.142349,
          -0.575005,
          0.805671,
          2.207906
        ],
        [
          -0.987743,
          -0.135174,
          0.078045,
          2.034387
        ],
        [
          0.064029,
          -0.806906,
          -0.587199,
          1.371774
        ],
        [
          0.0,
          0.0,
          0.0,
          1.0
        ]
      ]
    },
    {
      "file_path": "/media/NFS/ttao/scannet/posed_images/scene0359_01/00137.jpg",
      "transform_matrix": [
        [
          0.155135,
          -0.586661,
          0.794835,
          2.221905
        ],
        [
          -0.985426,
          -0.148729,
          0.082558,
          2.037589
        ],
        [
          0.069781,
          -0.796058,
          -0.601184,
          1.368424
        ],
        [
          0.0,
          0.0,
          0.0,
          1.0
        ]
      ]
    },
    {
      "file_path": "/media/NFS/ttao/scannet/posed_images/scene0359_01/00140.jpg",
      "transform_matrix": [
        [
          0.170414,
          -0.601867,
          0.780202,
          2.234616
        ],
        [
          -0.982574,
          -0.163424,
          0.088547,
          2.036551
        ],
        [
          0.07421,
          -0.781696,
          -0.619228,
          1.360286
        ],
        [
          0.0,
          0.0,
          0.0,
          1.0
        ]
      ]
    },
    {
      "file_path": "/media/NFS/ttao/scannet/posed_images/scene0359_01/00141.jpg",
      "transform_matrix": [
        [
          0.175633,
          -0.601661,
          0.779203,
          2.235989
        ],
        [
          -0.98176,
          -0.165583,
          0.093434,
          2.035724
        ],
        [
          0.072807,
          -0.781401,
          -0.619768,
          1.35748
        ],
        [
          0.0,
          0.0,
          0.0,
          1.0
        ]
      ]
    },
    {
      "file_path": "/media/NFS/ttao/scannet/posed_images/scene0359_01/00143.jpg",
      "transform_matrix": [
        [
          0.190089,
          -0.609692,
          0.769507,
          2.23758
        ],
        [
          -0.979388,
          -0.172289,
          0.105428,
          2.032923
        ],
        [
          0.068299,
          -0.773687,
          -0.629876,
          1.353515
        ],
        [
          0.0,
          0.0,
          0.0,
          1.0
        ]
      ]
    },
    {
      "file_path": "/media/NFS/ttao/scannet/posed_images/scene0359_01/00146.jpg",
      "transform_matrix": [
        [
          0.220446,
          -0.618847,
          0.753944,
          2.230637
        ],
        [
          -0.973131,
          -0.192222,
          0.126756,
          2.027221
        ],
        [
          0.066482,
          -0.761629,
          -0.644594,
          1.34469
        ],
        [
          0.0,
          0.0,
          0.0,
          1.0
        ]
      ]
    },
    {
      "file_path": "/media/NFS/ttao/scannet/posed_images/scene0359_01/00148.jpg",
      "transform_matrix": [
        [
          0.222276,
          -0.626232,
          0.74728,
          2.221222
        ],
        [
          -0.974084,
          -0.175554,
          0.142621,
          2.016252
        ],
        [
          0.041874,
          -0.759615,
          -0.649024,
          1.3364
        ],
        [
          0.0,
          0.0,
          0.0,
          1.0
        ]
      ]
    },
    {
      "file_path": "/media/NFS/ttao/scannet/posed_images/scene0359_01/00149.jpg",
      "transform_matrix": [
        [
          0.224452,
          -0.6234,
          0.748995,
          2.216262
        ],
        [
          -0.973817,
          -0.17194,
          0.148715,
          2.012601
        ],
        [
          0.036073,
          -0.762764,
          -0.64567,
          1.332743
        ],
        [
          0.0,
          0.0,
          0.0,
          1.0
        ]
      ]
    },
    {
      "file_path": "/media/NFS/ttao/scannet/posed_images/scene0359_01/00152.jpg",
      "transform_matrix": [
        [
          0.257463,
          -0.630939,
          0.731866,
          2.200675
        ],
        [
          -0.965587,
          -0.196838,
          0.169991,
          1.995293
        ],
        [
          0.036805,
          -0.750447,
          -0.659905,
          1.315827
        ],
        [
          0.0,
          0.0,
          0.0,
          1.0
        ]
      ]
    },
    {
      "file_path": "/media/NFS/ttao/scannet/posed_images/scene0359_01/00154.jpg",
      "transform_matrix": [
        [
          0.288499,
          -0.634601,
          0.716973,
          2.188554
        ],
        [
          -0.956645,
          -0.222323,
          0.188159,
          1.987963
        ],
        [
          0.039993,
          -0.740172,
          -0.671227,
          1.305013
        ],
        [
          0.0,
          0.0,
          0.0,
          1.0
        ]
      ]
    },
    {
      "file_path": "/media/NFS/ttao/scannet/posed_images/scene0359_01/00156.jpg",
      "transform_matrix": [
        [
          0.323886,
          -0.643153,
          0.693868,
          2.177763
        ],
        [
          -0.945614,
          -0.243467,
          0.215726,
          1.98194
        ],
        [
          0.030189,
          -0.726002,
          -0.68703,
          1.296729
        ],
        [
          0.0,
          0.0,
          0.0,
          1.0
        ]
      ]
    },
    {
      "file_path": "/media/NFS/ttao/scannet/posed_images/scene0359_01/00158.jpg",
      "transform_matrix": [
        [
          0.378904,
          -0.640183,
          0.66828,
          2.165597
        ],
        [
          -0.925237,
          -0.277045,
          0.259197,
          1.974644
        ],
        [
          0.01921,
          -0.716528,
          -0.697294,
          1.28835
        ],
        [
          0.0,
          0.0,
          0.0,
          1.0
        ]
      ]
    },
    {
      "file_path": "/media/NFS/ttao/scannet/posed_images/scene0359_01/00159.jpg",
      "transform_matrix": [
        [
          0.405095,
          -0.639951,
          0.652964,
          2.160144
        ],
        [
          -0.914138,
          -0.295877,
          0.277144,
          1.971107
        ],
        [
          0.015838,
